1.18 4.84 5.65 7.77 8.28 9.28 10.66 11.98 12.56 12.84 15.17 17.32 17.19 18.96 21.92 23.00 22.65 25.05 27.37 27.59 27.62 29.38 29.68 27.92 26.97 27.69 27.54 25.53 25.13 26.09 26.13 24.92 24.58 26.58 27.02 27.64 29.40 30.48 29.80 30.63 31.78 31.26 31.41 33.80 34.51 34.03 36.09 36.47 35.46 36.77 37.84 38.15 37.99 37.68 38.37 38.66 36.80 36.04 37.25 35.56 32.63 33.51 34.08 31.58 28.42 28.70 28.15 27.02 25.74 26.31 23.91 22.98 22.38 21.94 18.96 18.78 19.27 18.51 17.07 17.64 17.38 17.09 17.70 17.77 17.13 17.70 19.87 20.58 19.04 19.88 22.79 23.57 22.56 24.28 26.75 28.16 27.76 29.01 29.11 30.26 29.90 30.64 29.58 28.91 29.48 28.63 28.37 28.16 28.50 27.92 27.76 28.09 26.12 26.07 25.48 26.09 25.75 26.28 24.21 24.72 24.71 24.52 20.81 20.90 19.80 18.99 16.22 16.79 15.06 14.34 13.51 14.94 13.64 13.54 13.37 14.73 14.07 15.49 16.77 19.46 19.15 18.97 20.38 23.06 23.56 22.36 23.16 25.79 27.16 26.95 32.58 
4.84 1.15 4.05 5.55 7.24 7.23 8.93 10.70 10.78 10.77 13.22 14.58 14.57 15.96 19.64 19.74 19.22 22.22 24.53 24.21 24.12 26.32 26.80 24.70 23.90 24.63 24.61 22.30 22.34 23.10 23.29 22.10 22.15 24.10 24.39 25.04 26.85 27.93 26.93 28.17 29.63 28.83 28.78 31.59 32.10 31.14 33.37 33.86 32.97 34.29 35.09 35.29 35.14 34.62 35.04 35.23 33.67 32.95 34.69 32.68 29.64 30.84 32.36 28.71 25.85 26.28 26.38 24.35 23.37 23.75 21.71 19.98 19.68 18.91 16.83 15.78 16.69 15.29 14.94 14.80 14.02 13.26 15.28 15.30 14.24 14.46 17.69 17.88 16.16 16.91 20.35 20.72 19.56 21.76 24.85 26.07 25.74 27.26 27.05 28.08 27.69 28.73 26.92 26.12 27.09 26.16 25.29 24.89 25.68 24.57 25.22 24.85 23.45 22.95 23.67 23.74 23.79 23.68 22.57 23.01 23.29 22.09 19.00 18.53 17.59 16.32 13.99 13.90 12.87 12.32 11.22 12.11 9.40 10.51 10.86 12.27 11.39 12.73 14.28 16.35 15.43 16.07 18.01 20.09 19.27 19.54 19.45 23.60 23.62 25.28 30.46 
5.65 4.05 1.13 3.27 5.68 6.18 8.42 9.55 10.08 10.27 11.90 13.77 14.35 16.19 18.83 19.93 19.25 21.97 24.04 24.37 24.45 26.48 26.78 25.15 24.39 24.69 24.82 23.29 23.58 23.99 24.24 23.16 23.34 25.30 25.55 26.09 28.17 28.95 28.01 28.85 30.44 29.38 29.51 32.01 32.80 31.49 33.68 34.19 33.49 34.70 35.58 35.69 35.89 35.27 35.50 35.67 34.42 33.40 35.19 32.99 30.48 31.70 32.55 28.99 25.87 26.78 26.49 24.44 22.58 23.73 21.77 20.43 19.26 18.67 16.79 16.64 16.83 16.13 15.25 15.23 14.19 13.69 15.72 15.99 14.97 15.27 18.10 18.45 17.19 18.18 21.23 21.71 21.13 23.05 25.78 27.25 27.25 28.32 28.17 29.22 29.16 29.81 27.85 26.95 28.58 27.17 26.17 25.79 27.40 26.22 25.92 25.92 24.34 24.16 23.78 24.02 23.32 23.57 22.32 22.82 22.87 21.74 18.88 18.51 17.36 16.86 14.83 14.48 13.71 12.84 12.54 12.50 9.91 10.68 11.67 12.67 11.59 12.96 14.52 16.91 16.22 16.36 18.22 20.49 20.34 20.08 20.87 23.37 24.41 25.38 29.17 
7.77 5.55 3.27 1.02 5.12 6.50 6.79 8.25 10.16 11.14 11.77 13.11 14.74 16.86 19.18 20.68 20.66 23.38 25.16 25.85 25.99 28.00 27.32 26.53 25.98 26.45 25.37 24.56 24.65 25.29 24.70 24.45 24.58 26.59 26.23 27.33 29.20 30.51 28.88 30.55 31.83 31.14 30.88 33.65 33.94 32.91 35.01 35.70 35.01 36.09 36.89 37.15 37.32 36.72 36.85 37.15 36.28 35.17 36.09 34.37 32.15 33.18 32.84 30.18 27.88 28.43 27.59 25.95 24.49 24.99 23.04 21.84 21.22 20.18 18.20 17.09 18.36 17.22 16.30 15.87 15.77 15.15 16.83 16.63 16.56 16.63 20.06 20.22 19.65 20.45 23.59 24.15 23.91 25.19 27.57 29.36 29.24 30.29 29.68 31.36 31.28 31.90 29.42 28.95 30.21 29.03 27.45 27.54 29.20 27.97 26.96 27.54 26.79 26.30 25.72 26.35 26.07 26.27 24.71 25.44 25.11 24.02 20.72 19.91 19.18 18.13 16.35 15.79 15.09 14.03 13.23 13.71 12.41 11.87 12.60 14.08 13.08 13.78 15.70 17.27 16.80 17.49 20.28 21.36 21.24 20.68 22.77 24.64 25.83 25.86 35.51 
8.28 7.24 5.68 5.12 0.98 5.80 6.94 6.97 7.26 9.07 10.88 11.97 12.21 14.84 16.77 18.11 17.73 21.59 23.90 23.92 23.70 26.08 26.34 24.04 23.42 24.13 24.49 21.97 21.86 22.81 23.21 21.96 22.20 24.53 25.03 25.53 27.29 28.89 27.92 29.38 31.03 29.99 30.04 33.01 33.07 32.13 34.80 35.35 34.20 35.56 36.67 36.70 36.43 36.01 36.72 37.06 35.57 34.25 35.66 33.37 30.38 31.09 31.92 28.62 26.32 26.26 25.88 23.86 23.27 23.65 21.32 20.09 20.19 19.68 17.06 16.23 18.16 16.95 15.84 15.62 15.18 14.72 16.73 16.20 15.26 15.83 19.42 20.02 18.39 19.33 23.06 23.87 22.50 24.17 26.63 28.42 27.60 29.19 29.01 30.28 30.12 31.13 29.18 28.18 29.18 28.01 26.92 26.75 27.53 26.16 25.47 25.77 25.28 24.40 23.63 24.33 24.77 24.50 22.42 23.99 24.51 22.80 19.12 19.86 18.76 17.99 15.65 16.01 14.42 12.24 12.41 13.36 11.74 12.03 13.00 14.12 13.73 14.78 16.10 17.88 17.08 17.65 18.85 21.31 21.87 23.52 24.36 24.55 24.05 25.94 31.69 
9.28 7.23 6.18 6.50 5.80 0.00 5.75 7.34 6.18 6.44 9.33 10.87 10.95 12.12 14.80 15.64 14.93 18.59 20.14 20.84 20.47 23.35 23.14 21.08 20.02 21.32 21.07 18.96 19.25 20.43 20.80 19.61 20.08 22.60 22.78 23.27 25.08 26.60 25.42 26.72 28.49 27.19 27.06 30.43 30.69 29.11 31.90 32.69 31.62 33.06 33.70 34.27 34.02 33.47 33.61 34.36 32.87 31.43 32.67 30.62 27.62 28.49 29.54 25.86 23.80 23.85 23.56 21.39 20.71 21.63 19.12 17.87 17.66 16.81 14.99 13.73 15.16 14.40 13.04 13.32 12.30 11.89 14.22 14.12 13.38 13.77 17.26 17.74 16.25 17.37 20.57 21.54 20.75 22.54 24.94 26.79 26.28 27.96 27.06 28.33 28.16 29.22 26.92 25.71 26.97 25.66 24.54 23.84 25.06 23.35 23.22 22.96 22.74 22.25 21.57 21.97 22.78 22.37 20.44 21.56 22.40 19.91 16.81 16.80 16.36 15.94 12.83 12.24 10.93 9.81 10.09 9.16 7.13 8.31 11.02 11.56 11.02 12.70 14.79 16.05 15.33 16.41 17.78 20.07 20.27 21.07 20.89 22.97 22.60 24.94 29.85 
10.66 8.93 8.42 6.79 6.94 5.75 1.10 5.83 6.56 5.94 7.10 9.29 10.09 11.14 12.99 15.04 14.28 17.23 19.07 19.98 19.86 22.31 23.07 21.11 20.05 20.49 21.30 19.63 19.73 20.51 21.52 20.66 21.33 23.68 23.95 24.23 26.00 27.62 26.42 27.36 28.81 27.69 27.46 30.87 30.78 29.32 31.90 32.99 32.12 33.26 33.91 34.47 34.59 33.84 33.88 34.62 33.30 31.80 33.00 30.99 28.17 29.22 30.28 26.51 24.33 24.73 24.29 21.54 20.69 21.49 19.46 18.34 17.89 17.05 15.07 14.03 15.28 14.19 12.99 12.29 12.18 11.99 14.81 14.73 14.05 14.12 17.73 18.23 17.27 18.25 21.39 22.22 21.88 23.74 25.76 27.93 27.63 28.94 28.03 29.52 29.56 30.43 27.68 26.88 28.26 26.86 25.06 25.00 26.37 24.64 23.69 23.93 23.53 22.88 21.96 22.18 22.64 22.53 20.69 21.54 22.03 20.46 17.66 17.62 17.10 16.67 14.31 13.76 12.93 11.50 11.14 12.18 10.03 10.15 11.69 13.82 12.73 14.09 15.42 17.07 15.62 16.49 17.59 20.57 20.01 21.92 22.33 23.28 22.43 24.49 27.52 
11.98 10.70 9.55 8.25 6.97 7.34 5.83 0.04 5.59 7.08 6.45 7.47 9.49 11.58 12.79 14.28 14.94 17.68 19.49 20.26 20.07 23.09 23.37 21.92 20.69 21.34 21.85 20.35 20.23 21.22 22.29 21.65 22.15 24.95 24.95 25.75 27.46 29.31 27.75 29.24 30.38 29.51 29.24 32.68 32.48 31.09 33.50 34.56 33.05 34.74 34.96 35.64 35.15 34.95 34.58 35.34 33.71 32.62 33.52 31.41 28.85 29.97 30.65 26.91 25.22 25.10 24.72 22.24 21.42 21.33 19.87 18.44 18.50 17.47 15.67 14.67 16.32 15.44 14.19 14.40 13.93 13.62 16.69 16.77 15.84 16.44 20.26 20.90 19.39 20.90 24.11 24.86 24.14 26.14 28.02 30.21 29.39 31.10 30.19 31.55 31.06 32.35 29.64 28.61 29.50 28.23 26.63 26.13 27.79 25.91 24.69 24.68 24.78 23.74 22.85 22.84 23.70 23.24 21.58 22.00 23.26 20.85 17.96 17.67 17.80 17.27 13.91 14.63 13.68 12.03 11.22 13.48 12.61 12.24 13.35 15.66 15.07 15.58 17.14 19.25 18.06 19.25 20.65 23.32 22.69 23.41 22.74 25.00 24.07 26.11 31.11 
12.56 10.78 10.08 10.16 7.26 6.18 6.56 5.59 0.00 4.95 6.68 6.01 5.90 8.62 10.76 11.09 10.83 15.22 16.77 16.65 16.36 20.03 20.22 18.12 17.41 18.61 18.92 16.87 17.10 18.57 19.30 19.07 19.67 22.37 22.47 23.60 25.37 26.79 25.57 27.40 28.83 27.73 27.15 30.62 29.83 28.91 31.45 31.98 30.39 32.01 32.44 32.50 31.72 31.22 31.44 31.86 30.59 29.29 30.19 28.34 25.47 26.28 26.67 23.33 21.82 21.41 20.83 19.19 18.04 18.25 16.93 15.86 15.73 15.21 13.11 11.62 14.01 13.25 12.20 13.23 13.40 13.03 15.76 15.60 15.46 15.86 19.69 20.14 19.10 20.56 23.99 24.44 23.57 25.29 26.87 28.65 27.62 29.71 28.81 29.88 29.24 30.49 28.11 26.88 27.38 26.22 24.58 24.28 24.86 23.06 22.20 22.55 22.28 21.05 19.81 20.49 20.63 19.29 17.39 19.38 20.07 17.37 14.49 15.39 14.90 12.83 10.89 12.15 11.07 8.25 9.00 11.76 11.30 10.40 12.73 14.88 14.75 15.03 17.47 19.01 18.37 18.52 20.23 22.14 21.02 21.99 22.67 24.25 23.78 25.48 26.16 
12.84 10.77 10.27 11.14 9.07 6.44 5.94 7.08 4.95 0.00 5.05 6.73 5.31 6.21 8.64 9.45 9.24 12.50 14.76 14.16 14.28 18.02 18.18 15.83 15.00 16.30 16.77 14.69 15.27 16.91 18.10 17.73 18.77 21.54 21.86 22.68 23.97 25.72 24.25 26.03 27.14 26.08 25.49 28.88 28.01 26.92 29.32 30.31 28.52 30.53 30.62 31.12 29.89 29.81 29.49 30.15 28.73 27.51 28.27 26.16 23.62 24.64 25.00 20.92 20.29 20.34 19.32 16.78 16.56 17.36 15.02 13.32 13.18 13.72 11.16 8.95 11.61 11.67 10.63 11.01 12.05 11.85 14.94 14.94 14.60 14.95 18.66 18.87 18.21 19.76 23.02 23.36 22.80 24.78 26.21 27.91 27.03 28.85 27.59 28.58 27.83 29.20 26.68 25.24 25.85 24.62 23.40 22.59 23.09 21.35 21.37 20.79 20.63 19.29 18.93 18.59 18.66 17.44 16.40 17.48 18.38 15.95 13.21 14.23 13.42 13.44 10.40 11.11 10.39 8.51 8.72 10.89 9.82 8.86 11.96 14.19 13.68 14.26 16.70 18.60 17.60 18.04 19.86 21.36 20.47 20.42 21.32 23.61 22.84 24.02 25.78 
15.17 13.22 11.90 11.77 10.88 9.33 7.10 6.45 6.68 5.05 1.10 5.72 6.65 6.12 7.43 9.63 9.56 12.20 13.54 14.79 14.53 17.77 18.07 17.01 15.65 17.16 17.54 16.37 16.36 18.54 19.47 19.58 20.22 23.62 24.00 24.53 26.03 27.59 26.71 27.47 28.50 27.54 27.33 30.34 29.64 28.27 30.69 31.33 30.19 31.65 31.92 32.04 31.31 30.82 31.18 31.49 30.12 28.76 29.94 27.50 24.73 25.76 26.59 22.74 21.33 21.50 20.72 18.26 17.66 18.41 16.46 14.67 14.44 14.38 12.09 10.31 12.42 12.99 11.86 12.21 13.21 13.96 17.44 17.17 16.80 17.24 20.74 21.09 20.21 21.82 24.35 24.84 24.34 26.22 27.69 29.50 28.75 30.17 29.15 30.32 29.96 30.91 28.56 27.22 27.90 26.46 24.94 24.12 24.74 23.15 22.09 21.99 21.52 20.73 19.73 19.54 19.40 19.04 17.61 18.61 19.02 17.36 14.98 14.89 14.80 14.73 12.58 12.56 13.14 11.95 11.85 13.78 13.60 12.86 14.83 16.98 16.76 16.69 19.47 20.60 19.14 19.67 21.15 22.99 21.19 22.45 23.96 24.78 23.90 26.00 26.39 
17.32 14.58 13.77 13.11 11.97 10.87 9.29 7.47 6.01 6.73 5.72 0.00 5.37 7.38 6.75 7.33 8.46 11.89 12.55 13.40 13.83 16.74 17.18 15.97 15.28 16.86 17.48 15.80 16.13 18.32 19.60 19.44 20.56 23.69 24.07 25.03 26.49 28.09 26.79 28.28 29.36 27.99 27.87 30.78 30.41 28.69 31.13 31.40 30.34 31.69 31.93 31.73 31.08 30.67 30.67 31.17 29.93 28.57 29.71 27.30 24.86 25.86 26.26 22.62 21.43 20.86 20.32 17.84 17.27 17.76 15.97 14.90 14.54 14.62 12.88 12.09 14.33 14.04 13.96 14.77 15.34 15.35 18.78 19.03 17.83 18.59 22.52 22.62 21.33 22.97 26.27 26.46 25.74 27.34 29.00 30.45 29.60 30.91 29.84 30.61 30.08 31.25 28.78 27.42 28.29 26.74 25.21 24.69 25.70 23.95 22.08 22.10 22.00 20.82 18.81 19.23 18.99 18.55 16.50 17.45 18.87 16.98 13.84 14.71 14.36 14.99 11.07 12.68 13.14 12.51 11.89 14.93 15.08 14.71 16.12 18.85 18.00 18.57 20.29 22.62 20.99 21.17 22.88 24.93 23.42 23.76 24.37 26.44 25.34 26.90 26.95 
17.19 14.57 14.35 14.74 12.21 10.95 10.09 9.49 5.90 5.31 6.65 5.37 0.00 5.09 6.90 5.96 5.77 9.76 11.24 10.72 10.66 14.68 14.41 12.12 11.95 14.57 15.14 13.07 13.95 16.82 17.38 17.14 18.31 21.88 21.71 22.79 24.30 25.77 24.22 25.98 27.12 25.88 25.27 28.57 27.62 26.33 28.64 28.78 27.26 28.57 28.75 28.81 28.07 27.35 27.39 27.89 26.57 25.31 26.28 24.43 21.76 22.51 22.86 19.26 18.17 17.83 16.84 15.10 14.30 14.70 13.13 11.94 11.51 12.07 10.23 9.42 12.02 12.46 11.68 13.68 14.60 14.29 17.22 17.48 16.71 17.54 21.18 21.65 20.15 21.99 25.01 25.57 24.41 26.19 27.31 28.76 27.65 28.95 28.11 28.89 27.90 29.18 26.69 25.60 25.65 24.57 23.00 22.71 23.18 21.19 19.47 19.49 18.91 17.09 15.16 16.28 16.48 14.79 12.35 14.67 15.83 13.00 10.81 11.51 12.21 11.58 8.27 10.18 12.07 10.17 9.28 13.22 13.87 13.14 14.39 17.28 17.21 17.54 19.48 21.85 20.63 20.45 22.08 23.91 22.13 22.97 24.06 25.54 23.58 25.50 24.72 
18.96 15.96 16.19 16.86 14.84 12.12 11.14 11.58 8.62 6.21 6.12 7.38 5.09 0.00 5.44 6.99 5.30 7.01 9.25 9.79 9.78 13.60 14.09 12.39 11.71 14.04 15.06 13.84 14.25 16.94 18.03 17.74 19.00 22.35 22.60 23.53 24.84 26.13 24.89 26.12 27.04 25.76 25.69 28.13 27.33 25.98 28.60 28.67 26.97 28.37 28.74 28.90 27.93 27.48 27.45 28.01 26.31 24.85 26.13 23.97 20.99 21.75 22.67 18.63 17.13 17.04 16.53 13.87 12.95 14.72 12.58 10.61 9.88 11.90 10.28 8.12 11.18 12.57 12.27 14.21 15.12 15.12 17.98 18.27 17.69 18.22 21.93 22.14 21.31 22.97 26.22 26.21 25.49 27.07 28.45 29.71 28.21 29.67 28.30 29.25 28.29 29.44 26.85 25.55 25.84 24.53 23.03 22.79 23.13 20.89 19.83 19.61 18.70 17.40 15.76 15.80 15.33 14.76 13.20 14.69 14.83 14.18 11.58 12.46 12.34 13.46 10.57 11.72 13.05 12.58 11.80 14.88 14.75 14.09 15.69 18.41 17.88 18.37 20.53 22.73 21.36 21.28 23.28 25.05 23.30 23.53 24.46 26.33 24.67 25.31 25.18 
21.92 19.64 18.83 19.18 16.77 14.80 12.99 12.79 10.76 8.64 7.43 6.75 6.90 5.44 0.63 5.93 6.93 6.78 8.17 10.36 10.37 13.11 13.82 13.76 13.29 14.84 15.90 15.53 16.09 18.54 19.77 19.90 20.84 24.13 24.55 25.50 26.84 28.25 27.00 28.05 28.76 27.97 27.44 29.97 28.80 27.94 29.82 29.92 28.21 29.72 29.82 29.86 28.87 28.34 28.90 29.05 27.16 25.78 27.57 25.00 21.71 22.51 23.94 19.94 17.87 18.18 17.73 15.34 14.65 16.09 14.55 12.94 12.79 14.28 12.63 11.79 14.02 15.53 16.22 17.63 18.07 18.52 21.61 21.49 20.71 21.28 24.58 25.10 23.77 25.17 28.03 28.43 27.26 28.98 30.33 31.64 30.50 31.67 30.59 31.27 30.64 31.72 28.96 27.36 27.90 26.35 24.58 23.47 24.34 22.22 20.93 20.30 19.13 18.03 17.27 16.54 15.91 15.47 14.51 14.69 15.32 13.68 13.25 12.97 13.40 14.69 13.62 14.14 14.82 15.01 15.11 17.39 17.55 17.19 18.97 21.00 20.04 20.54 22.94 24.72 23.08 22.86 24.68 26.53 24.95 25.29 26.65 27.55 26.34 27.54 25.79 
23.00 19.74 19.93 20.68 18.11 15.64 15.04 14.28 11.09 9.45 9.63 7.33 5.96 6.99 5.93 0.00 5.45 7.56 6.67 7.51 9.04 11.92 11.97 11.81 12.34 13.87 14.34 14.29 15.05 17.99 18.74 19.26 20.07 23.72 23.70 25.05 26.24 27.54 26.10 27.46 28.30 26.96 26.40 29.12 28.25 26.67 28.53 28.53 26.82 28.33 28.23 28.13 27.23 27.11 27.07 27.59 25.60 24.53 25.82 23.62 20.41 21.51 22.29 18.66 17.16 16.88 16.41 14.40 13.61 15.37 13.66 12.88 13.13 13.83 12.75 12.67 15.27 16.05 17.06 18.92 19.02 18.90 22.37 22.50 21.25 21.89 25.46 25.75 24.29 25.49 28.72 28.80 27.82 29.04 30.43 31.67 30.17 31.51 30.04 30.50 29.76 31.12 28.32 26.76 27.40 25.88 24.11 23.58 24.37 22.05 20.26 19.67 19.29 17.15 15.46 15.50 15.12 13.61 12.05 13.63 13.67 11.93 10.97 12.40 12.89 14.13 12.02 14.30 15.32 15.59 15.09 18.19 18.42 17.78 19.53 21.71 20.69 20.73 22.93 25.40 23.99 23.40 24.81 27.34 26.10 25.45 25.98 28.20 26.88 27.27 26.87 
22.65 19.22 19.25 20.66 17.73 14.93 14.28 14.94 10.83 9.24 9.56 8.46 5.77 5.30 6.93 5.45 0.00 5.91 7.12 6.23 6.26 9.70 10.29 9.52 9.43 11.77 12.91 12.05 12.89 15.94 17.26 17.39 18.53 21.98 22.17 23.15 24.28 25.52 24.26 25.53 26.24 24.81 24.20 26.90 25.88 24.21 26.08 25.88 24.31 25.45 25.25 25.12 24.46 23.97 23.79 24.13 22.80 21.66 22.80 20.69 17.77 18.51 19.13 15.49 14.61 14.04 13.60 11.69 10.59 12.65 11.45 10.57 10.19 12.17 11.17 10.92 13.80 14.90 15.73 17.90 18.44 17.99 21.28 21.29 20.39 20.73 24.14 24.48 23.09 24.57 27.40 27.50 26.15 27.56 29.14 30.19 28.57 29.63 28.70 29.24 27.83 29.28 26.62 25.49 25.96 24.24 22.57 22.25 22.87 20.14 17.78 17.13 16.84 14.78 12.64 13.17 13.37 11.85 10.43 11.89 13.56 11.90 10.81 11.61 13.47 13.75 11.94 13.35 16.04 15.03 14.49 17.38 17.89 17.11 18.20 20.50 19.64 19.57 21.26 23.90 22.70 22.19 23.28 25.86 24.87 24.68 25.19 27.01 26.24 27.32 26.65 
25.05 22.22 21.97 23.38 21.59 18.59 17.23 17.68 15.22 12.50 12.20 11.89 9.76 7.01 6.78 7.56 5.91 0.00 6.00 7.53 6.67 8.43 10.68 11.10 11.26 12.47 14.84 14.69 15.26 17.51 19.12 19.55 20.62 23.72 24.08 25.13 26.21 27.42 26.12 26.90 27.75 26.61 26.31 28.55 27.46 26.08 28.13 28.25 26.46 27.75 27.56 27.73 26.77 26.40 25.96 26.98 25.08 23.83 24.71 22.93 18.97 20.10 21.06 17.37 15.57 15.95 15.49 13.92 12.89 15.22 13.80 12.68 12.29 14.38 14.17 13.32 16.75 18.38 19.23 20.79 21.21 20.98 24.08 23.90 23.07 23.45 26.75 27.19 26.24 27.55 30.41 30.36 29.32 30.48 32.01 32.99 31.29 32.26 31.10 31.72 30.46 31.95 29.19 27.74 27.97 26.45 24.68 24.22 24.30 21.47 20.24 19.06 18.38 16.71 15.10 14.74 14.67 14.23 13.37 14.53 16.45 15.20 14.01 15.30 16.50 17.81 15.78 17.05 18.72 18.17 17.79 20.45 20.63 19.76 21.23 22.92 22.06 22.47 24.33 26.56 25.61 25.30 26.70 28.92 27.79 27.68 27.80 29.89 28.55 28.86 28.96 
27.37 24.53 24.04 25.16 23.90 20.14 19.07 19.49 16.77 14.76 13.54 12.55 11.24 9.25 8.17 6.67 7.12 6.00 1.88 6.15 7.09 7.27 8.82 10.56 11.41 12.40 14.03 15.06 15.71 17.86 19.44 20.37 21.40 24.05 24.43 25.60 26.81 27.79 26.60 27.61 28.64 27.61 27.28 29.30 28.17 26.83 29.11 29.09 27.26 28.28 28.35 28.36 27.21 26.58 26.74 27.08 25.40 23.87 25.80 23.06 19.24 20.28 21.71 17.74 16.05 15.91 16.07 14.45 13.81 15.57 14.50 13.93 14.47 16.42 15.95 16.21 19.61 20.58 22.02 23.62 23.48 23.67 26.56 26.22 24.72 25.22 28.52 28.98 27.58 28.52 31.20 31.54 30.30 31.33 32.94 34.00 32.55 33.47 32.16 32.72 31.45 32.84 29.98 28.28 28.60 26.89 24.93 23.72 23.50 21.41 20.13 19.10 17.91 15.65 15.65 15.30 14.87 14.02 14.02 15.72 16.97 15.87 16.52 17.21 18.42 19.18 18.77 19.68 20.62 19.77 20.13 22.30 22.45 21.66 22.84 24.57 23.12 23.42 25.79 27.86 26.82 26.39 27.90 30.08 29.75 29.10 30.65 31.22 31.38 31.73 30.21 
27.59 24.21 24.37 25.85 23.92 20.84 19.98 20.26 16.65 14.16 14.79 13.40 10.72 9.79 10.36 7.51 6.23 7.53 6.15 0.00 5.60 7.64 6.84 7.36 9.59 10.95 11.57 12.52 13.96 15.60 17.49 18.13 19.55 21.89 22.39 24.10 25.33 26.13 24.61 26.02 27.09 25.74 25.22 27.61 26.48 25.03 27.12 26.89 25.21 26.77 26.32 26.24 25.36 25.30 24.48 25.55 23.77 22.70 23.74 21.65 18.03 18.81 19.85 16.49 14.43 15.00 14.56 12.90 12.27 14.75 13.44 13.10 13.77 15.59 14.89 15.43 19.68 20.23 21.44 23.43 23.57 23.20 26.26 26.06 24.63 25.02 28.04 28.31 26.91 27.65 30.27 30.36 29.32 30.07 31.72 32.56 30.98 32.16 30.70 31.32 30.27 32.04 29.04 27.70 27.99 26.29 23.83 22.88 23.01 20.21 18.84 17.32 16.57 14.18 13.72 14.07 13.00 12.24 12.64 14.36 15.84 15.49 15.65 17.16 17.74 18.83 17.91 19.46 20.65 19.50 19.61 22.49 22.84 21.26 22.46 24.36 23.15 23.08 24.92 27.55 26.61 26.14 27.17 30.20 29.58 29.24 29.50 31.93 31.51 31.64 30.32 
27.62 24.12 24.45 25.99 23.70 20.47 19.86 20.07 16.36 14.28 14.53 13.83 10.66 9.78 10.37 9.04 6.26 6.67 7.09 5.60 0.00 5.83 6.87 6.04 7.02 9.18 10.34 10.41 11.46 13.80 14.83 15.42 16.80 19.97 20.42 21.77 23.39 24.08 22.87 24.17 25.17 23.74 23.34 25.67 24.91 23.07 24.98 24.68 23.21 24.37 23.78 23.52 23.22 22.54 21.68 22.20 21.37 19.78 20.83 18.56 15.72 15.86 16.96 13.60 12.55 12.19 12.44 10.72 10.54 13.44 12.49 11.87 13.43 15.28 14.75 15.07 19.12 19.91 20.67 22.48 23.30 22.18 24.62 24.59 23.42 23.74 26.48 26.61 25.13 26.29 28.87 28.63 27.23 28.45 30.11 30.87 28.87 29.94 28.74 29.44 28.12 29.73 26.80 25.76 26.06 24.04 21.04 20.99 20.81 18.39 16.19 15.36 14.69 12.66 12.07 11.90 11.76 12.01 12.37 13.60 16.85 16.07 16.39 16.75 19.35 19.49 17.83 18.94 21.07 19.31 19.20 21.85 21.80 20.12 20.69 22.99 22.30 21.67 23.39 25.70 25.47 24.88 25.76 28.39 28.58 28.27 29.79 30.39 30.83 31.26 29.74 
29.38 26.32 26.48 28.00 26.08 23.35 22.31 23.09 20.03 18.02 17.77 16.74 14.68 13.60 13.11 11.92 9.70 8.43 7.27 7.64 5.83 0.00 6.28 7.50 7.21 7.62 10.51 11.46 12.28 13.75 15.97 16.53 18.45 20.82 21.35 22.82 24.78 26.10 24.46 25.12 26.29 25.36 24.89 27.18 26.21 24.82 26.78 26.83 25.12 26.53 25.84 26.02 24.85 24.50 23.67 24.70 22.89 21.24 22.60 20.30 16.75 17.22 18.14 15.63 12.90 13.48 14.16 13.55 13.12 15.50 14.97 15.06 15.78 17.46 17.75 18.47 21.80 22.55 23.84 25.36 25.47 25.00 27.22 27.17 25.65 26.10 29.29 29.39 27.84 28.86 31.54 31.30 29.86 30.57 32.34 33.05 30.96 32.17 30.67 31.49 30.12 32.11 28.79 27.20 27.18 25.95 23.25 22.66 22.44 19.44 18.45 17.59 16.70 15.42 14.60 14.65 14.50 14.87 15.10 17.40 20.40 20.10 18.98 20.27 21.64 22.44 20.48 21.62 22.94 22.54 22.11 24.42 24.20 23.10 23.78 25.63 24.78 25.04 26.49 28.76 28.26 27.96 28.81 31.73 31.49 31.45 31.92 33.62 33.84 33.84 31.70 
29.68 26.80 26.78 27.32 26.34 23.14 23.07 23.37 20.22 18.18 18.07 17.18 14.41 14.09 13.82 11.97 10.29 10.68 8.82 6.84 6.87 6.28 1.31 5.83 7.29 6.75 7.96 10.12 11.42 12.57 14.19 15.77 17.05 19.41 19.90 21.66 23.69 24.53 23.29 24.23 25.75 24.54 24.15 26.36 25.72 23.72 26.27 26.50 24.50 25.09 25.29 25.06 24.08 23.00 23.10 23.08 21.61 20.02 21.75 19.54 16.42 16.88 18.04 14.43 13.19 13.52 14.11 12.71 12.55 15.06 15.03 14.44 15.51 17.62 17.94 18.88 22.13 22.60 24.18 25.39 25.33 24.65 27.40 27.04 24.79 25.36 29.00 28.80 26.68 27.39 30.66 30.31 28.60 29.21 31.06 31.71 29.66 30.70 29.53 29.81 28.36 30.11 26.85 25.10 25.18 23.68 21.08 20.56 20.11 17.90 16.81 16.43 15.27 12.91 13.79 13.64 13.90 13.50 15.33 17.24 20.65 19.55 19.94 20.51 22.27 22.48 21.31 21.80 23.08 22.42 21.79 23.95 23.70 22.71 23.30 25.13 24.03 24.21 26.17 28.73 28.13 27.33 28.41 31.22 31.66 30.59 31.40 32.74 33.61 33.68 31.35 
27.92 24.70 25.15 26.53 24.04 21.08 21.11 21.92 18.12 15.83 17.01 15.97 12.12 12.39 13.76 11.81 9.52 11.10 10.56 7.36 6.04 7.50 5.83 0.00 5.41 7.14 5.83 6.50 8.61 10.69 11.19 11.99 13.92 16.02 16.08 17.96 20.19 20.82 18.97 20.90 22.68 20.81 20.28 23.23 22.25 20.65 22.99 23.02 21.18 22.68 21.81 21.75 20.79 20.32 19.30 19.93 18.93 17.33 18.86 17.08 14.05 15.53 15.82 12.34 11.34 12.80 12.40 10.42 10.71 13.76 12.63 12.38 13.82 15.77 15.80 16.58 20.30 20.61 22.01 24.01 23.53 22.93 25.57 25.16 23.18 23.38 26.70 26.29 24.34 24.88 27.75 27.19 25.76 26.32 27.98 28.39 26.41 28.03 26.24 26.83 25.61 27.23 23.65 22.19 22.94 20.66 17.71 17.35 18.17 14.72 13.33 13.65 12.75 10.03 10.69 12.17 11.94 11.55 13.04 16.04 18.58 18.46 17.83 19.18 20.52 21.16 19.34 21.00 21.96 20.70 19.88 22.59 22.60 20.84 21.39 23.41 22.64 22.51 24.24 26.62 26.17 25.46 26.48 29.98 30.26 29.38 29.54 32.23 32.86 32.22 30.47 
26.97 23.90 24.39 25.98 23.42 20.02 20.05 20.69 17.41 15.00 15.65 15.28 11.95 11.71 13.29 12.34 9.43 11.26 11.41 9.59 7.02 7.21 7.29 5.41 0.00 5.63 7.02 5.80 6.05 8.71 10.13 10.18 11.28 14.24 14.83 16.10 17.69 18.78 17.42 19.44 20.82 18.89 18.58 21.36 20.82 19.06 21.46 21.36 20.00 21.16 20.24 19.93 19.74 18.29 17.27 18.34 17.83 15.49 16.68 15.30 12.54 12.89 14.24 10.24 9.94 10.94 11.54 9.25 10.06 13.08 12.19 11.93 13.55 15.32 15.67 16.48 20.08 20.41 21.52 23.29 23.39 22.41 24.38 24.44 22.82 22.82 25.40 25.31 23.62 24.10 26.40 25.84 23.93 24.69 26.16 26.53 24.37 25.79 23.78 24.54 23.74 25.01 21.28 20.20 21.12 18.73 15.76 16.56 17.25 13.83 12.27 12.63 12.22 10.06 10.67 11.37 12.52 12.69 13.55 15.23 19.67 18.50 17.90 18.59 21.21 21.38 19.51 20.26 21.46 20.53 19.91 22.13 22.00 20.56 20.70 22.55 21.70 21.73 22.89 25.19 25.11 24.85 25.44 28.40 29.12 28.53 29.39 30.85 31.03 31.39 29.75 
27.69 24.63 24.69 26.45 24.13 21.32 20.49 21.34 18.61 16.30 17.16 16.86 14.57 14.04 14.84 13.87 11.77 12.47 12.40 10.95 9.18 7.62 6.75 7.14 5.63 0.12 5.86 7.05 6.27 7.03 9.65 10.86 11.32 13.58 15.11 16.37 18.01 19.54 18.66 19.75 21.17 19.63 19.60 22.25 21.08 19.67 22.07 22.45 20.58 22.02 21.00 21.04 20.07 18.84 17.87 18.84 17.82 16.04 17.33 16.20 12.78 14.15 15.01 12.24 10.87 12.31 13.08 11.76 12.14 15.03 14.32 14.21 15.06 17.10 17.66 18.18 21.12 21.82 23.19 24.60 24.24 23.73 26.10 25.60 23.84 24.19 26.90 26.52 24.55 24.90 27.59 26.75 24.83 25.31 27.07 27.16 25.02 26.65 24.63 25.06 24.12 25.55 22.10 20.31 21.05 18.81 16.75 16.86 17.29 13.85 13.61 14.20 12.74 11.58 11.89 12.86 13.34 14.09 14.78 17.34 20.68 19.92 18.86 19.96 22.12 23.01 20.91 21.71 22.69 22.25 21.76 23.45 23.20 22.03 22.75 23.91 23.42 23.22 25.06 26.89 26.65 26.21 27.37 30.25 30.63 30.15 30.26 32.29 32.49 32.06 30.56 
27.54 24.61 24.82 25.37 24.49 21.07 21.30 21.85 18.92 16.77 17.54 17.48 15.14 15.06 15.90 14.34 12.91 14.84 14.03 11.57 10.34 10.51 7.96 5.83 7.02 5.86 0.34 5.59 6.87 6.28 7.10 9.61 10.72 12.43 13.13 15.49 16.73 18.26 16.95 18.85 20.37 19.17 18.72 21.35 20.38 18.60 21.38 21.70 19.80 20.50 20.48 19.89 19.05 17.44 17.35 17.59 16.62 15.10 17.22 15.47 12.86 13.76 14.92 11.90 11.36 12.43 13.46 11.97 12.36 15.10 14.54 14.55 15.30 17.60 17.98 18.86 21.50 22.03 23.20 24.22 23.68 23.50 25.93 25.19 22.56 23.14 26.63 25.79 22.98 23.40 26.73 25.73 22.99 23.59 25.85 25.77 22.93 24.67 23.31 23.52 21.84 23.79 20.65 18.67 19.23 17.57 15.91 15.07 15.32 12.53 12.12 12.05 10.26 9.62 11.02 11.93 11.84 12.85 14.95 17.06 20.43 19.60 18.94 19.99 21.88 22.68 20.41 21.32 22.71 22.15 21.33 23.03 22.78 21.96 22.33 23.96 22.83 23.03 24.56 27.23 26.59 26.04 26.79 30.08 30.89 29.68 29.95 31.85 32.82 32.72 29.90 
25.53 22.30 23.29 24.56 21.97 18.96 19.63 20.35 16.87 14.69 16.37 15.80 13.07 13.84 15.53 14.29 12.05 14.69 15.06 12.52 10.41 11.46 10.12 6.50 5.80 7.05 5.59 0.00 5.15 7.17 6.09 6.16 8.33 11.11 10.82 12.38 13.96 14.92 12.99 15.88 17.86 15.65 14.77 18.78 17.08 15.54 18.22 18.37 16.22 17.79 16.78 16.56 15.63 14.48 13.76 14.96 14.18 13.14 15.21 13.49 11.18 13.21 13.85 9.18 9.96 11.99 11.96 9.31 11.60 14.10 12.55 12.88 15.08 16.62 15.99 17.53 21.24 21.07 21.76 23.67 23.23 22.23 24.74 24.03 21.63 21.57 24.53 23.69 21.14 21.34 24.37 22.98 20.66 21.55 23.23 23.61 20.90 22.80 20.99 21.25 20.14 21.51 18.17 15.97 17.42 14.37 11.23 12.01 13.73 10.31 9.02 10.75 10.64 9.25 9.61 11.88 12.79 13.47 14.17 16.96 20.05 19.19 18.12 19.33 21.22 21.54 19.19 20.56 21.91 20.58 19.54 22.19 22.23 20.54 20.76 22.76 21.87 21.53 22.97 25.76 25.27 24.65 25.33 29.16 29.47 28.51 27.91 31.01 31.91 31.02 28.88 
25.13 22.34 23.58 24.65 21.86 19.25 19.73 20.23 17.10 15.27 16.36 16.13 13.95 14.25 16.09 15.05 12.89 15.26 15.71 13.96 11.46 12.28 11.42 8.61 6.05 6.27 6.87 5.15 0.00 5.65 6.75 5.78 6.59 9.84 9.87 11.16 12.24 13.33 11.87 14.57 16.04 13.94 13.45 17.25 16.21 13.97 17.01 17.03 15.86 16.75 16.39 16.14 16.34 14.64 13.69 14.51 14.62 12.84 14.22 12.62 10.62 13.05 13.00 8.63 9.70 12.43 11.40 8.85 11.28 14.34 12.25 12.53 15.26 16.80 16.07 17.68 21.43 21.43 21.94 23.69 23.22 22.26 24.17 23.96 21.99 21.62 23.97 23.19 21.05 21.31 23.45 22.32 19.97 20.91 22.19 22.58 20.93 22.05 19.83 20.33 19.79 20.72 16.77 15.58 17.02 13.88 11.14 12.09 13.51 10.31 9.58 10.52 10.67 10.22 10.17 11.92 14.09 14.98 14.69 17.15 20.49 19.79 18.13 19.61 20.94 21.72 19.59 20.71 21.65 20.89 20.03 22.54 22.27 20.77 20.63 22.66 21.60 21.34 22.23 25.15 24.86 24.73 25.37 28.69 29.20 28.42 28.98 30.43 31.36 31.09 28.92 
26.09 23.10 23.99 25.29 22.81 20.43 20.51 21.22 18.57 16.91 18.54 18.32 16.82 16.94 18.54 17.99 15.94 17.51 17.86 15.60 13.80 13.75 12.57 10.69 8.71 7.03 6.28 7.17 5.65 0.00 5.87 7.28 6.41 7.93 9.84 11.80 12.38 14.29 13.93 15.29 16.73 15.95 15.07 18.71 17.06 15.78 18.20 18.26 16.81 18.63 17.63 17.21 16.81 16.17 14.92 15.37 14.94 13.98 15.72 13.68 11.56 13.77 15.41 11.74 11.69 13.41 14.51 12.55 13.94 16.12 15.36 15.51 17.21 18.91 18.62 19.81 22.64 23.32 24.02 25.25 24.45 24.12 25.97 25.18 23.09 23.21 25.33 24.22 22.07 22.10 24.40 23.16 21.04 21.71 22.96 23.43 21.27 22.83 20.93 21.37 20.19 21.07 17.99 16.48 17.32 14.71 12.85 13.86 13.63 11.16 11.45 12.51 11.40 11.92 12.45 13.69 14.87 16.25 16.40 18.59 21.91 20.97 19.44 20.59 22.31 22.99 21.02 21.60 22.76 22.41 22.02 23.70 23.57 22.48 22.55 23.83 23.16 23.11 24.34 26.81 26.79 26.88 27.24 30.79 31.16 30.63 29.82 32.63 33.58 32.78 30.06 
26.13 23.29 24.24 24.70 23.21 20.80 21.52 22.29 19.30 18.10 19.47 19.60 17.38 18.03 19.77 18.74 17.26 19.12 19.44 17.49 14.83 15.97 14.19 11.19 10.13 9.65 7.10 6.09 6.75 5.87 0.00 5.65 6.71 6.87 7.29 9.84 11.28 12.39 11.66 13.83 15.36 14.64 14.40 17.47 16.29 15.12 18.47 18.13 16.11 17.50 17.65 17.21 16.44 15.40 15.50 16.11 15.24 13.91 16.12 14.57 12.00 13.62 15.19 12.32 11.73 13.33 14.47 13.20 13.41 16.08 15.50 15.94 16.95 19.24 19.13 20.15 22.76 23.78 24.40 25.06 24.08 23.82 25.83 24.61 21.87 21.95 24.59 23.38 20.41 20.51 23.66 22.50 19.54 20.16 22.33 22.35 19.07 20.91 19.61 19.52 17.47 18.97 16.58 14.50 15.28 11.88 11.50 11.20 10.95 8.47 9.83 10.58 9.04 10.33 12.36 13.33 14.32 16.24 16.79 19.15 21.90 21.61 19.52 20.67 22.00 23.04 20.55 21.34 22.38 22.25 21.64 23.14 22.67 21.91 22.25 23.42 21.94 22.30 23.80 26.57 26.23 26.01 26.64 30.15 31.25 30.05 29.99 31.68 33.56 33.14 29.92 
24.92 22.10 23.16 24.45 21.96 19.61 20.66 21.65 19.07 17.73 19.58 19.44 17.14 17.74 19.90 19.26 17.39 19.55 20.37 18.13 15.42 16.53 15.77 11.99 10.18 10.86 9.61 6.16 5.78 7.28 5.65 0.00 5.20 7.44 5.90 7.15 9.07 10.27 8.61 11.76 13.63 11.73 10.86 15.38 13.83 12.87 16.03 15.92 14.21 15.88 15.72 15.73 15.40 14.07 13.85 15.26 14.83 13.32 15.95 14.11 11.98 14.32 15.68 11.45 11.88 13.97 14.48 12.38 13.64 16.58 15.18 15.65 17.61 19.35 18.33 20.00 23.30 23.47 23.58 25.20 24.36 23.31 25.22 24.39 21.91 21.18 23.64 22.51 19.65 19.63 22.50 20.93 18.37 19.42 20.99 21.31 18.32 19.67 18.00 17.95 16.85 17.32 14.69 13.05 13.67 9.31 8.24 10.34 10.45 7.75 8.65 10.89 11.06 11.73 12.49 14.59 15.93 17.07 17.35 19.82 22.58 21.88 19.91 21.07 22.33 22.87 20.35 21.56 22.59 21.62 20.74 23.06 22.94 21.28 21.41 23.20 22.22 21.69 23.27 26.33 25.94 25.73 26.30 30.14 30.93 30.08 28.31 32.22 33.75 32.59 29.74 
24.58 22.15 23.34 24.58 22.20 20.08 21.33 22.15 19.67 18.77 20.22 20.56 18.31 19.00 20.84 20.07 18.53 20.62 21.40 19.55 16.80 18.45 17.05 13.92 11.28 11.32 10.72 8.33 6.59 6.41 6.71 5.20 0.00 5.95 6.69 6.58 7.24 9.36 8.33 10.66 12.41 11.19 10.10 14.31 13.56 12.22 15.18 15.99 14.87 16.68 16.13 16.37 16.41 15.38 14.46 15.67 15.10 14.15 16.04 14.71 12.75 15.24 16.62 12.99 14.05 15.93 15.92 14.32 15.87 18.40 16.36 17.16 19.15 20.64 19.41 21.22 24.38 24.18 24.04 25.53 25.16 24.06 25.67 24.86 22.70 21.85 23.93 22.42 19.90 20.23 22.08 20.59 18.18 19.29 20.06 20.61 18.36 19.54 16.41 18.12 17.00 18.03 14.50 13.51 14.51 10.79 9.80 10.47 11.41 9.59 10.36 11.38 12.06 12.79 13.46 15.47 17.70 18.76 18.58 21.06 23.89 22.77 20.88 21.93 22.90 23.64 21.35 22.23 22.98 22.40 21.43 23.77 23.76 22.00 21.71 23.77 22.78 22.32 23.33 26.37 26.41 26.10 26.89 30.39 31.27 30.25 30.42 32.49 34.01 33.46 30.80 
26.58 24.10 25.30 26.59 24.53 22.60 23.68 24.95 22.37 21.54 23.62 23.69 21.88 22.35 24.13 23.72 21.98 23.72 24.05 21.89 19.97 20.82 19.41 16.02 14.24 13.58 12.43 11.11 9.84 7.93 6.87 7.44 5.95 0.00 6.02 7.58 7.69 8.97 9.57 11.79 13.11 13.36 12.79 16.57 15.96 15.25 18.17 18.95 17.68 19.80 19.35 19.38 18.84 18.50 17.80 18.67 18.13 17.11 19.38 17.64 15.38 17.61 19.68 16.81 17.06 18.33 19.10 17.76 18.92 20.89 20.04 20.39 22.05 23.32 22.76 23.82 26.78 26.92 26.95 28.14 27.38 26.47 28.04 26.59 24.53 24.15 25.74 24.01 21.70 21.88 23.76 22.02 19.93 20.60 21.48 21.87 19.36 20.08 18.42 19.20 18.41 18.72 16.16 15.30 15.81 13.26 12.06 13.29 13.35 11.80 13.12 14.26 13.87 15.06 16.08 17.35 19.57 20.66 21.05 23.15 26.04 25.48 23.26 23.86 25.00 26.37 24.10 24.29 25.11 24.91 24.48 25.75 25.85 24.53 24.54 25.58 25.12 24.91 25.99 28.66 28.68 28.97 29.36 33.29 33.96 33.54 31.66 35.21 36.59 35.65 32.43 
27.02 24.39 25.55 26.23 25.03 22.78 23.95 24.95 22.47 21.86 24.00 24.07 21.71 22.60 24.55 23.70 22.17 24.08 24.43 22.39 20.42 21.35 19.90 16.08 14.83 15.11 13.13 10.82 9.87 9.84 7.29 5.90 6.69 6.02 0.00 5.37 7.04 6.97 6.78 9.71 11.27 11.04 11.76 15.28 14.52 14.71 18.43 18.70 16.97 18.95 19.01 19.13 18.37 17.73 17.75 19.37 18.10 17.33 19.72 18.22 15.69 17.80 19.45 16.75 16.61 17.94 18.90 17.57 18.48 20.69 19.69 20.02 21.41 23.18 22.58 23.56 26.36 26.66 27.10 27.81 26.76 26.23 27.93 26.15 23.30 22.97 25.10 23.06 20.04 20.29 22.65 20.95 18.21 18.78 20.39 20.15 15.96 17.94 16.09 17.33 15.22 16.70 14.02 13.16 13.07 9.65 10.74 11.14 10.83 9.11 12.58 13.15 12.63 14.08 16.46 17.94 19.08 20.69 21.16 23.41 25.84 25.42 23.33 24.02 24.74 26.04 23.89 24.00 24.75 24.77 24.20 25.18 24.78 23.80 23.96 25.00 23.62 24.00 25.72 28.34 28.37 28.06 28.87 32.21 33.37 32.28 32.35 33.99 36.16 36.04 32.43 
27.64 25.04 26.09 27.33 25.53 23.27 24.23 25.75 23.60 22.68 24.53 25.03 22.79 23.53 25.50 25.05 23.15 25.13 25.60 24.10 21.77 22.82 21.66 17.96 16.10 16.37 15.49 12.38 11.16 11.80 9.84 7.15 6.58 7.58 5.37 0.00 5.69 7.09 6.03 8.01 10.31 9.93 10.25 14.54 14.24 14.31 17.75 18.31 17.03 19.25 18.67 19.19 18.79 18.00 17.38 19.36 18.79 17.78 20.24 18.66 16.41 18.93 20.42 17.39 17.11 18.62 19.56 18.19 19.35 21.65 20.96 21.22 23.26 24.56 23.72 24.66 27.56 27.95 28.07 29.16 27.94 26.95 28.52 27.00 23.89 23.29 25.09 23.51 20.35 20.23 22.53 21.00 18.06 18.37 19.91 19.90 16.61 17.56 15.97 16.25 15.38 16.54 13.77 12.89 12.61 9.50 10.00 11.83 11.53 10.55 13.14 14.85 14.43 15.81 17.36 18.97 20.62 21.89 22.43 24.80 27.24 26.69 24.73 25.54 26.29 27.25 24.93 25.50 25.99 25.44 24.56 26.20 25.85 24.46 24.48 26.00 24.94 25.03 26.38 29.61 29.11 29.35 29.62 33.74 34.45 33.96 32.11 35.63 37.79 36.88 32.97 
29.40 26.85 28.17 29.20 27.29 25.08 26.00 27.46 25.37 23.97 26.03 26.49 24.30 24.84 26.84 26.24 24.28 26.21 26.81 25.33 23.39 24.78 23.69 20.19 17.69 18.01 16.73 13.96 12.24 12.38 11.28 9.07 7.24 7.69 7.04 5.69 0.00 6.34 6.91 7.25 9.26 10.24 10.09 14.33 14.84 14.58 17.62 18.56 17.89 19.77 19.20 19.30 19.23 18.28 17.55 19.25 19.12 17.97 20.31 19.01 17.30 19.52 21.28 18.45 18.81 20.09 20.56 19.51 20.83 23.30 22.06 22.85 25.06 26.29 24.93 26.11 29.21 29.04 29.03 29.90 29.20 27.99 29.32 27.84 24.75 23.62 25.52 23.62 20.00 19.95 21.67 20.21 17.41 17.67 18.44 19.04 16.58 17.88 14.99 16.25 15.50 16.90 13.51 13.19 14.15 11.74 12.01 13.08 14.02 13.46 15.06 16.02 17.13 17.87 18.89 20.73 22.88 23.82 24.19 26.51 29.21 28.38 26.15 26.81 27.65 28.49 26.11 26.46 26.96 26.32 25.38 27.06 26.76 25.14 24.91 26.96 26.05 25.95 27.34 30.36 30.09 29.84 30.50 34.17 35.10 33.98 34.28 35.86 37.89 37.67 34.23 
30.48 27.93 28.95 30.51 28.89 26.60 27.62 29.31 26.79 25.72 27.59 28.09 25.77 26.13 28.25 27.54 25.52 27.42 27.79 26.13 24.08 26.10 24.53 20.82 18.78 19.54 18.26 14.92 13.33 14.29 12.39 10.27 9.36 8.97 6.97 7.09 6.34 0.00 5.66 7.81 8.38 9.01 9.94 14.33 14.28 14.83 17.92 18.92 17.96 20.06 19.69 20.26 19.50 18.50 18.30 19.87 19.72 18.54 21.12 19.94 17.81 20.11 21.92 19.36 19.62 21.10 21.37 20.37 21.72 24.00 23.19 23.59 26.07 27.09 25.89 27.07 30.14 30.22 30.20 30.72 29.92 28.65 29.98 28.12 25.01 24.30 25.87 24.08 20.11 20.07 21.38 19.94 16.81 17.76 18.01 18.58 15.11 16.95 14.65 15.98 15.08 16.29 13.21 13.38 14.76 12.34 13.01 14.66 16.26 14.82 16.30 17.52 18.73 18.96 20.32 21.78 24.10 25.01 25.47 27.82 30.68 30.31 27.88 28.42 29.35 30.38 27.93 27.82 28.39 27.77 27.07 28.32 28.17 26.59 26.60 28.13 27.44 27.49 28.72 31.93 31.71 32.00 32.26 36.27 36.87 36.47 35.31 38.18 40.14 39.27 35.17 
29.80 26.93 28.01 28.88 27.92 25.42 26.42 27.75 25.57 24.25 26.71 26.79 24.22 24.89 27.00 26.10 24.26 26.12 26.60 24.61 22.87 24.46 23.29 18.97 17.42 18.66 16.95 12.99 11.87 13.93 11.66 8.61 8.33 9.57 6.78 6.03 6.91 5.66 0.00 5.65 6.97 6.59 7.86 11.77 11.81 12.41 15.97 16.65 15.51 17.66 17.53 17.77 17.57 16.39 16.62 18.35 18.00 17.06 19.93 18.36 16.72 18.75 20.71 17.29 17.94 19.42 19.78 18.33 19.84 22.34 21.29 21.64 23.97 25.21 24.15 25.24 28.29 28.61 28.87 29.17 28.14 27.20 28.94 26.62 23.11 22.35 24.61 21.94 17.96 17.90 20.06 17.82 14.14 14.65 16.44 15.31 12.26 14.03 12.85 13.03 11.62 13.26 11.14 10.83 12.05 10.01 11.69 13.40 14.66 12.62 15.31 16.89 17.47 17.62 19.75 21.30 23.02 23.77 24.73 27.11 29.46 28.83 27.06 27.55 28.15 29.00 26.79 26.79 27.12 26.68 25.97 27.15 26.61 25.24 25.50 26.98 25.49 25.65 27.77 30.49 30.18 29.91 31.28 34.37 35.18 34.25 34.88 36.80 38.34 38.29 35.20 
30.63 28.17 28.85 30.55 29.38 26.72 27.36 29.24 27.40 26.03 27.47 28.28 25.98 26.12 28.05 27.46 25.53 26.90 27.61 26.02 24.17 25.12 24.23 20.90 19.44 19.75 18.85 15.88 14.57 15.29 13.83 11.76 10.66 11.79 9.71 8.01 7.25 7.81 5.65 0.00 5.87 6.99 6.84 9.85 10.96 12.14 14.64 15.71 15.61 17.77 16.90 17.63 18.12 17.43 16.93 18.41 18.61 17.81 20.63 19.27 17.42 20.24 21.97 18.75 18.53 20.26 20.86 19.98 21.15 23.63 22.71 23.34 25.23 26.66 25.83 26.86 29.62 29.94 30.32 30.63 29.37 28.20 29.65 27.64 24.01 23.15 24.93 22.59 18.54 18.12 20.15 18.12 14.72 15.15 16.58 16.42 13.13 14.71 13.45 13.84 12.24 14.87 13.03 12.75 13.94 12.86 13.99 15.81 16.90 15.77 17.89 18.99 19.92 20.45 21.86 23.01 25.21 26.21 26.92 29.17 31.58 31.23 29.05 29.77 30.54 30.96 28.75 28.67 29.32 28.39 27.78 28.92 28.72 27.04 27.30 28.57 27.69 27.68 29.23 32.23 31.49 32.01 32.88 36.58 37.15 36.86 36.29 39.02 40.72 39.72 36.30 
31.78 29.63 30.44 31.83 31.03 28.49 28.81 30.38 28.83 27.14 28.50 29.36 27.12 27.04 28.76 28.30 26.24 27.75 28.64 27.09 25.17 26.29 25.75 22.68 20.82 21.17 20.37 17.86 16.04 16.73 15.36 13.63 12.41 13.11 11.27 10.31 9.26 8.38 6.97 5.87 0.00 6.09 7.14 9.13 10.10 11.88 14.68 15.97 15.56 17.93 17.11 18.14 18.73 17.83 17.54 19.25 19.54 18.43 21.12 19.86 18.20 20.51 22.70 19.86 19.64 21.11 21.51 20.82 22.17 24.45 23.51 23.88 25.99 27.75 26.90 28.00 30.57 30.70 31.00 31.54 30.53 28.97 30.18 28.54 25.17 23.47 25.16 23.09 19.39 18.33 19.87 17.91 15.35 14.84 16.26 16.71 14.28 15.66 13.68 14.81 14.10 16.50 13.80 14.10 16.77 15.44 16.46 17.22 19.16 18.98 20.01 20.93 22.62 23.15 23.81 25.23 27.72 29.00 29.00 31.24 34.17 33.16 30.68 31.32 32.39 32.67 29.78 30.07 30.70 29.79 28.59 29.92 29.65 28.10 28.05 29.93 28.81 28.80 30.54 33.24 32.97 32.80 34.23 37.16 38.03 36.94 37.58 39.17 40.55 39.78 36.70 
31.26 28.83 29.38 31.14 29.99 27.19 27.69 29.51 27.73 26.08 27.54 27.99 25.88 25.76 27.97 26.96 24.81 26.61 27.61 25.74 23.74 25.36 24.54 20.81 18.89 19.63 19.17 15.65 13.94 15.95 14.64 11.73 11.19 13.36 11.04 9.93 10.24 9.01 6.59 6.99 6.09 0.00 5.10 8.00 8.56 9.77 12.81 14.06 13.62 16.12 15.76 16.47 16.25 16.05 15.71 17.94 17.75 16.82 19.24 18.12 16.44 19.10 20.57 17.60 18.34 19.85 19.70 18.55 20.41 22.91 21.59 21.97 24.87 26.17 25.43 26.37 29.29 29.22 29.54 29.83 28.56 27.05 28.70 26.56 22.58 21.43 23.62 21.09 16.64 15.87 17.86 15.54 11.95 12.67 13.98 14.26 12.33 13.21 11.41 13.06 13.35 14.44 11.79 12.53 15.66 14.37 14.70 16.17 18.52 17.59 18.64 20.24 21.84 21.94 22.81 24.70 27.08 28.15 28.31 30.95 33.30 32.64 30.14 30.77 31.67 31.66 29.18 29.16 29.81 28.48 27.55 28.88 28.75 26.84 27.06 28.79 28.07 27.70 29.39 32.67 31.99 32.39 33.37 37.04 37.47 37.13 37.52 39.83 40.99 40.27 37.13 
31.41 28.78 29.51 30.88 30.04 27.06 27.46 29.24 27.15 25.49 27.33 27.87 25.27 25.69 27.44 26.40 24.20 26.31 27.28 25.22 23.34 24.89 24.15 20.28 18.58 19.60 18.72 14.77 13.45 15.07 14.40 10.86 10.10 12.79 11.76 10.25 10.09 9.94 7.86 6.84 7.14 5.10 0.00 5.79 7.29 7.34 10.73 11.61 11.77 14.15 14.43 14.96 15.09 14.49 14.88 16.70 16.64 15.87 18.32 17.01 15.57 18.40 19.75 16.21 17.45 19.59 18.90 17.24 19.53 22.30 21.09 21.15 24.05 25.74 24.58 25.46 28.69 28.75 28.97 28.92 27.99 26.86 28.43 25.90 22.12 21.39 23.88 20.55 15.73 15.83 18.19 14.49 10.95 12.03 13.85 13.86 11.18 12.84 11.80 13.27 12.57 14.55 12.91 12.99 15.63 14.40 15.44 16.88 18.80 17.90 18.89 20.46 21.66 21.83 22.98 24.82 26.42 27.37 28.47 30.69 32.72 32.10 30.44 30.72 31.21 31.50 29.32 29.18 29.58 28.42 27.54 29.23 28.89 26.91 27.00 29.01 27.66 27.33 29.04 32.13 31.62 31.51 32.83 35.79 36.55 36.10 36.86 39.64 40.28 40.88 38.15 
33.80 31.59 32.01 33.65 33.01 30.43 30.87 32.68 30.62 28.88 30.34 30.78 28.57 28.13 29.97 29.12 26.90 28.55 29.30 27.61 25.67 27.18 26.36 23.23 21.36 22.25 21.35 18.78 17.25 18.71 17.47 15.38 14.31 16.57 15.28 14.54 14.33 14.33 11.77 9.85 9.13 8.00 5.79 0.00 6.74 7.96 10.15 11.15 13.12 15.32 15.41 16.36 17.12 17.18 16.56 18.32 18.87 18.21 19.94 18.93 17.77 20.58 21.79 18.79 19.79 21.28 21.32 20.28 22.18 24.87 23.67 24.22 26.86 28.30 27.36 28.10 31.31 31.46 31.53 31.41 30.55 29.19 30.43 28.08 24.22 23.57 25.62 22.66 18.18 18.35 20.39 17.38 14.38 15.52 17.42 17.22 14.85 16.53 16.40 16.78 15.79 18.29 17.73 17.36 19.12 18.65 19.40 20.17 22.39 21.88 22.86 24.10 25.41 25.79 26.81 28.34 30.12 31.34 31.84 34.14 36.00 35.63 33.54 33.70 34.30 34.50 32.24 32.19 32.75 31.59 30.69 32.52 32.25 30.38 30.36 32.21 31.21 30.79 32.15 35.46 35.04 35.02 35.75 39.38 40.27 40.06 40.50 42.24 44.12 43.47 40.13 
