0.00 3.39 4.60 9.55 10.40 14.66 19.31 22.87 23.67 26.03 28.92 26.22 23.14 20.30 18.59 16.32 14.10 12.42 13.68 14.29 15.36 15.07 15.02 15.28 16.23 18.14 17.45 18.32 20.19 22.16 21.48 22.19 21.92 23.21 21.69 21.73 21.74 21.47 20.28 20.72 20.99 20.04 19.97 18.96 19.65 20.65 20.51 21.89 22.55 23.55 23.99 25.68 26.63 26.69 27.46 27.24 28.23 28.29 29.50 28.86 28.96 28.89 29.04 27.24 28.14 28.16 27.98 24.53 23.34 23.40 22.61 19.81 18.32 18.08 18.12 18.57 18.62 19.99 21.12 22.29 22.59 23.82 23.25 23.35 22.00 22.21 22.03 22.06 22.03 23.82 25.07 24.22 24.58 24.53 24.71 24.82 29.42 
3.39 0.00 2.19 5.41 9.51 12.81 17.83 20.51 20.90 24.74 27.62 24.50 20.62 18.67 17.77 13.51 11.71 9.57 11.14 13.27 13.81 13.72 13.86 14.16 15.46 17.64 16.90 17.22 19.08 21.35 20.59 21.02 20.11 21.78 19.92 19.95 19.96 19.72 18.06 18.57 18.56 17.60 17.34 15.97 16.94 18.25 17.60 19.61 20.44 21.69 22.04 23.79 25.26 24.98 26.58 26.31 27.58 26.98 28.45 27.61 27.64 27.63 28.08 26.34 27.27 27.69 27.43 24.02 22.74 22.84 22.03 18.84 17.31 16.43 16.14 16.44 16.17 18.16 19.29 20.39 20.55 21.66 21.36 21.55 19.39 19.84 19.67 20.65 20.28 22.06 23.42 22.94 21.20 23.43 22.95 25.72 29.32 
4.60 2.19 0.00 3.70 7.14 10.20 14.42 16.05 17.25 20.37 23.63 19.65 17.13 15.80 14.11 11.07 8.58 6.92 9.51 10.80 12.06 11.58 11.63 11.95 13.22 14.71 14.37 14.48 16.13 18.61 17.90 18.55 17.10 18.87 17.19 17.35 17.13 16.90 15.95 16.30 15.84 14.63 14.71 13.27 13.70 14.95 15.09 16.52 17.57 18.28 19.12 20.59 22.05 21.79 23.60 23.23 24.57 24.07 25.59 24.74 25.03 24.78 25.96 23.83 25.15 25.49 25.95 22.26 20.90 21.39 20.72 17.45 15.15 14.67 13.81 13.82 13.18 15.16 16.52 17.28 16.71 18.34 18.37 18.16 15.70 16.77 17.27 17.68 17.97 20.48 22.67 22.07 19.95 22.06 23.38 24.19 28.31 
9.55 5.41 3.70 0.00 6.01 9.10 12.49 15.01 16.49 19.56 20.86 19.58 16.52 14.48 12.68 9.54 8.80 7.41 11.01 12.09 13.09 13.25 14.01 13.30 13.92 15.19 15.53 15.52 17.19 18.88 18.30 18.73 17.63 19.26 17.57 17.91 17.70 17.90 16.75 17.39 16.64 15.62 16.03 14.58 15.18 15.83 15.87 17.17 17.75 18.25 18.69 20.37 22.14 21.90 24.04 23.47 25.46 25.04 26.87 26.00 26.56 26.25 26.79 25.22 26.38 26.87 26.99 23.75 22.34 22.79 22.03 19.07 17.34 16.29 15.51 14.71 14.28 15.84 16.80 17.13 16.92 17.94 17.40 17.31 15.29 16.32 16.26 17.87 19.28 21.02 22.93 21.63 21.21 23.12 25.02 26.08 33.90 
10.40 9.51 7.14 6.01 0.00 6.45 9.03 11.82 13.18 17.05 18.75 15.82 13.44 10.39 8.45 7.00 8.82 7.61 11.09 13.00 11.77 11.28 11.16 10.03 10.97 12.26 11.71 11.74 14.87 17.02 15.46 16.82 16.17 17.85 15.11 15.74 16.05 15.75 14.10 15.01 14.70 13.81 13.57 12.50 13.77 14.45 13.29 14.80 15.43 16.72 16.60 19.05 20.61 20.81 22.21 22.43 23.71 24.09 25.61 25.54 25.56 25.76 25.60 24.28 25.47 26.46 25.99 22.42 21.27 22.17 21.56 18.17 16.36 15.83 14.58 13.35 12.09 13.90 14.24 15.40 15.20 16.95 15.70 15.23 13.18 13.72 14.02 14.99 15.98 18.25 21.25 21.32 22.26 21.43 21.92 23.10 24.83 
14.66 12.81 10.20 9.10 6.45 0.00 6.88 9.48 11.35 14.50 16.77 13.61 12.11 9.68 8.94 7.43 10.58 9.93 13.78 16.68 14.79 13.92 13.43 11.93 12.57 14.32 13.70 13.04 16.39 18.89 17.68 18.34 17.42 19.38 17.00 17.20 17.65 17.63 16.35 17.21 16.73 15.38 15.57 13.67 14.43 15.78 14.27 15.72 15.95 17.67 17.63 20.06 22.14 22.00 23.97 24.06 25.59 25.33 27.17 26.84 27.34 27.07 27.21 25.66 27.54 28.16 27.93 24.04 23.44 24.21 23.62 19.81 18.54 17.56 16.19 15.13 13.74 15.19 15.23 16.26 16.42 17.66 16.11 16.17 13.52 13.75 14.05 16.04 17.02 20.28 22.34 22.60 21.48 23.59 22.89 25.69 28.36 
19.31 17.83 14.42 12.49 9.03 6.88 0.00 6.80 7.49 11.32 13.33 11.81 10.77 9.66 9.20 7.82 11.42 11.68 15.87 17.78 16.41 14.94 14.03 12.48 13.08 14.60 13.62 12.19 15.10 18.31 17.39 17.45 16.24 18.60 16.62 16.93 17.06 17.41 16.28 17.35 16.20 15.05 14.92 13.64 14.42 15.02 14.07 15.23 15.68 17.08 17.28 19.95 21.74 21.92 23.81 24.07 25.31 25.24 26.54 26.73 26.89 26.92 26.85 25.62 27.22 28.32 27.88 24.60 23.87 25.25 24.32 20.86 19.16 18.63 17.23 15.93 14.06 15.38 15.23 15.56 15.78 16.71 16.13 15.14 12.88 13.65 14.16 15.12 16.69 20.17 22.69 23.94 23.03 23.44 23.48 25.79 28.93 
22.87 20.51 16.05 15.01 11.82 9.48 6.80 0.07 5.73 7.71 10.45 8.79 10.06 8.13 8.68 9.30 12.97 13.62 18.33 20.99 18.73 17.78 17.00 14.30 13.66 14.31 14.76 13.08 15.87 17.92 17.40 17.67 16.96 18.90 16.60 17.15 18.07 18.41 17.64 18.62 17.76 16.60 16.45 15.21 16.17 16.58 15.58 16.66 16.91 17.85 18.22 20.95 22.91 22.68 24.52 24.89 26.31 26.63 28.32 27.72 27.90 27.99 28.20 26.61 27.96 29.12 29.17 25.91 25.25 26.02 25.80 22.69 21.25 20.20 19.12 18.25 16.03 17.25 17.15 16.93 15.82 17.20 15.60 15.36 13.16 14.33 14.21 16.87 18.54 21.85 23.32 24.04 22.49 24.55 23.78 26.66 31.21 
23.67 20.90 17.25 16.49 13.18 11.35 7.49 5.73 0.00 4.67 5.59 7.06 9.74 8.85 8.98 10.72 14.92 15.18 20.28 22.30 21.12 19.78 19.15 15.61 14.29 15.04 13.38 11.82 14.94 17.76 15.63 16.31 16.50 19.45 16.54 17.85 18.63 19.36 18.47 20.07 19.36 18.11 18.15 17.68 18.97 19.49 17.71 19.06 19.03 19.69 19.23 22.12 25.15 24.02 25.74 25.46 27.14 27.24 29.25 28.66 28.29 28.43 28.29 26.75 28.06 29.81 30.10 27.07 26.49 27.71 27.29 24.80 23.22 22.45 21.27 20.55 18.71 19.63 19.18 18.28 16.43 17.75 16.92 17.21 15.66 16.12 16.10 17.49 19.26 22.19 24.02 24.65 24.62 25.15 25.00 27.46 27.83 
26.03 24.74 20.37 19.56 17.05 14.50 11.32 7.71 4.67 0.00 4.54 7.04 9.35 9.59 12.61 12.92 17.71 19.18 23.87 26.61 24.76 24.04 22.92 19.70 17.03 17.82 15.97 14.69 17.27 20.04 18.47 19.29 19.16 21.87 19.87 20.59 21.70 22.34 21.79 22.99 22.22 21.19 21.54 20.98 21.94 22.69 21.01 22.58 21.79 23.30 22.78 25.15 27.38 27.23 28.89 28.96 30.14 30.30 31.91 31.45 30.99 31.14 31.04 29.54 30.93 32.63 32.71 29.69 29.06 30.56 30.20 27.45 25.94 25.17 24.20 23.69 21.37 22.38 21.89 20.85 18.88 20.18 19.67 19.91 18.03 19.17 19.22 20.90 22.15 25.07 27.15 27.14 27.10 28.09 27.42 29.07 30.80 
28.92 27.62 23.63 20.86 18.75 16.77 13.33 10.45 5.59 4.54 0.00 4.68 8.25 10.58 13.67 15.52 19.15 21.43 27.50 29.43 28.14 27.72 26.57 23.54 20.80 21.54 19.59 18.39 21.10 23.18 21.76 23.08 22.27 25.35 23.46 24.39 25.64 26.01 25.49 26.46 25.67 24.64 25.09 24.38 25.14 25.55 24.51 25.57 25.25 26.12 26.52 28.09 30.10 29.87 31.90 31.45 32.97 32.79 34.49 34.07 33.60 33.46 33.50 32.14 34.08 34.91 35.07 32.80 32.47 33.42 32.78 30.81 29.52 28.79 27.26 26.44 24.88 25.34 24.68 23.72 21.75 22.78 22.76 23.32 21.24 22.66 22.57 23.72 24.59 28.28 29.76 30.27 30.12 29.54 29.82 31.51 32.60 
26.22 24.50 19.65 19.58 15.82 13.61 11.81 8.79 7.06 7.04 4.68 0.00 5.72 8.06 10.02 12.64 17.12 19.36 24.17 27.46 25.27 25.23 24.00 21.21 19.14 19.35 17.11 16.42 18.59 19.96 18.13 19.49 19.60 22.29 20.40 21.77 22.76 23.38 22.66 23.67 23.16 22.14 22.45 22.19 23.05 23.69 22.07 23.25 22.69 24.05 24.00 26.37 28.26 28.28 29.68 29.40 30.84 31.21 32.56 31.90 31.48 31.56 31.74 30.33 31.70 32.81 33.11 30.70 30.34 30.95 30.47 28.24 27.15 26.27 24.75 24.01 22.39 23.02 21.95 21.55 19.79 20.99 20.79 21.50 19.75 20.65 20.48 22.44 23.50 26.57 28.33 28.69 28.56 29.53 29.31 30.36 30.70 
23.14 20.62 17.13 16.52 13.44 12.11 10.77 10.06 9.74 9.35 8.25 5.72 0.00 5.91 6.84 9.47 14.91 17.19 22.33 24.50 24.39 23.65 22.55 20.22 19.20 20.25 16.45 16.47 18.35 19.78 17.26 18.78 18.19 21.31 19.48 20.96 22.13 22.84 22.63 24.11 23.80 22.62 22.83 22.89 23.83 24.25 22.78 23.35 23.16 24.09 24.14 26.28 28.65 28.41 29.74 29.47 30.68 30.73 32.09 31.62 31.46 31.93 31.88 30.42 31.64 33.10 33.51 30.56 30.08 31.22 30.98 28.48 26.84 25.88 24.16 23.74 22.18 22.90 21.66 21.82 20.29 22.19 21.35 22.95 20.56 21.86 20.80 22.97 23.59 27.15 28.36 29.14 29.42 29.52 29.48 31.28 29.11 
20.30 18.67 15.80 14.48 10.39 9.68 9.66 8.13 8.85 9.59 10.58 8.06 5.91 0.00 6.25 7.61 10.75 13.68 18.75 21.17 20.27 19.97 19.05 16.56 15.57 16.41 12.88 12.86 14.49 15.75 14.65 15.28 15.85 18.15 16.33 17.68 18.82 19.68 19.52 20.76 20.55 19.77 20.28 20.24 21.08 21.89 20.41 20.52 20.33 21.42 21.38 23.44 25.76 25.35 26.69 26.68 28.00 27.53 29.30 28.80 29.27 29.30 29.83 28.37 29.91 30.98 31.28 28.29 27.86 29.03 28.79 25.89 23.67 22.70 21.39 20.80 18.75 19.71 18.26 18.31 16.96 19.23 18.61 19.53 18.05 19.06 18.77 20.31 21.39 24.54 26.50 26.99 27.65 28.34 28.27 29.21 29.12 
18.59 17.77 14.11 12.68 8.45 8.94 9.20 8.68 8.98 12.61 13.67 10.02 6.84 6.25 0.00 5.72 8.25 11.12 16.56 19.08 18.93 18.97 19.00 16.47 15.63 17.01 13.60 13.84 15.50 17.44 15.41 17.28 17.33 19.68 17.77 19.17 20.78 21.62 21.09 22.17 21.90 21.22 22.11 21.56 21.88 22.72 21.74 21.62 21.28 21.87 22.16 23.71 25.71 25.36 26.71 26.42 28.06 27.91 29.41 29.38 29.74 30.17 30.17 29.39 31.02 31.92 31.79 29.33 29.28 30.05 29.29 26.55 24.58 23.20 21.69 20.60 19.20 19.09 18.36 18.11 17.04 18.80 18.52 20.15 18.12 19.46 19.57 21.47 22.12 25.32 27.04 28.07 29.33 29.17 28.77 30.92 30.01 
16.32 13.51 11.07 9.54 7.00 7.43 7.82 9.30 10.72 12.92 15.52 12.64 9.47 7.61 5.72 0.00 5.35 6.22 10.55 14.06 14.32 13.37 12.80 11.68 11.73 12.85 9.45 9.82 13.11 13.96 12.55 14.61 15.39 17.18 15.19 16.52 17.85 18.64 18.16 19.25 19.46 18.56 19.25 18.73 19.82 20.08 19.48 19.61 19.54 20.42 20.41 22.31 24.01 23.46 24.43 24.12 25.46 25.59 26.80 26.43 26.98 27.45 27.54 26.77 28.64 29.73 29.37 27.01 26.39 27.58 26.77 23.95 21.81 20.88 19.07 18.30 16.18 16.20 15.19 15.09 14.21 16.13 15.94 17.20 15.86 16.54 17.22 19.38 20.35 23.48 25.71 26.58 27.43 28.53 28.37 29.83 29.74 
14.10 11.71 8.58 8.80 8.82 10.58 11.42 12.97 14.92 17.71 19.15 17.12 14.91 10.75 8.25 5.35 2.38 5.81 7.36 11.42 12.04 13.42 12.30 12.40 13.53 15.92 10.90 13.69 16.28 16.58 15.94 18.29 17.35 19.38 16.45 17.90 18.54 19.52 19.14 21.01 21.29 20.74 20.94 20.64 21.69 22.26 20.80 21.20 21.40 21.68 21.64 23.54 25.62 24.34 25.34 24.80 26.14 25.84 26.89 26.54 27.29 27.90 28.18 27.14 28.95 30.28 30.50 27.67 26.74 27.86 27.66 25.15 22.90 21.57 19.91 19.58 17.86 17.75 16.17 15.89 15.05 17.82 16.97 18.53 17.32 19.11 18.71 20.91 21.76 25.13 26.82 27.90 28.71 28.86 28.74 31.37 30.42 
12.42 9.57 6.92 7.41 7.61 9.93 11.68 13.62 15.18 19.18 21.43 19.36 17.19 13.68 11.12 6.22 5.81 0.03 5.20 7.25 8.57 7.58 9.16 8.88 10.70 10.54 7.11 10.19 13.24 12.46 12.86 15.60 14.76 16.48 14.15 15.56 16.68 17.11 16.20 18.12 18.46 17.90 18.23 17.61 18.84 19.71 18.20 18.52 18.84 19.63 19.39 21.38 23.12 21.47 22.00 21.81 22.90 22.00 23.04 23.19 23.94 24.26 25.08 24.26 26.40 27.75 27.97 25.15 24.37 25.62 25.18 22.66 20.21 19.47 17.49 17.04 14.17 14.42 12.69 11.86 11.02 14.34 14.01 15.82 15.48 16.95 16.87 19.21 19.87 23.21 25.28 25.68 26.52 28.07 27.76 30.00 30.34 
13.68 11.14 9.51 11.01 11.09 13.78 15.87 18.33 20.28 23.87 27.50 24.17 22.33 18.75 16.56 10.55 7.36 5.20 1.48 5.68 6.54 7.96 9.65 10.78 10.61 12.63 9.77 13.20 16.28 15.86 16.14 18.15 17.34 19.18 16.64 18.11 19.89 19.84 18.66 20.48 20.77 20.73 21.11 20.44 21.10 22.47 20.91 21.35 21.40 22.48 21.79 23.18 24.64 22.85 23.68 22.57 23.90 23.24 24.63 24.49 25.36 25.87 26.87 26.23 28.46 29.72 30.21 27.59 26.92 27.99 26.87 24.33 22.62 21.28 20.36 19.08 16.85 16.55 15.34 14.54 14.03 16.25 16.53 19.06 18.71 20.46 19.87 22.11 22.12 25.28 26.90 28.00 28.83 28.52 28.80 31.47 31.52 
14.29 13.27 10.80 12.09 13.00 16.68 17.78 20.99 22.30 26.61 29.43 27.46 24.50 21.17 19.08 14.06 11.42 7.25 5.68 0.00 5.70 7.22 8.68 10.08 12.21 13.52 11.55 14.18 16.54 18.13 16.63 19.22 18.29 19.74 16.90 19.05 19.05 19.85 17.94 20.36 20.30 20.47 20.99 20.42 21.12 22.19 20.88 21.75 21.84 22.80 22.44 24.16 25.07 23.58 24.35 22.97 24.15 23.89 25.08 24.88 25.32 25.82 26.63 26.05 28.63 30.08 29.84 27.70 26.81 27.88 26.88 24.14 22.27 21.00 19.42 18.39 16.40 16.28 14.86 14.58 14.33 17.08 17.12 19.38 19.18 21.02 20.84 23.13 23.31 26.36 28.09 28.82 28.78 29.81 29.71 31.13 31.64 
15.36 13.81 12.06 13.09 11.77 14.79 16.41 18.73 21.12 24.76 28.14 25.27 24.39 20.27 18.93 14.32 12.04 8.57 6.54 5.70 0.03 6.05 7.15 7.93 10.67 12.46 9.72 13.03 16.24 13.81 15.09 17.12 17.46 18.42 15.91 15.86 15.96 16.78 15.90 17.05 18.06 17.62 18.27 17.40 18.30 18.98 17.84 19.30 19.92 20.12 20.08 22.21 23.90 22.12 23.34 22.10 23.32 22.61 23.95 23.26 23.84 24.46 25.20 24.09 26.47 27.53 27.87 24.69 23.83 25.04 24.07 21.73 19.98 18.31 16.96 15.96 14.22 13.87 12.80 12.10 13.02 15.93 16.13 17.92 17.39 19.62 19.27 21.19 21.58 25.09 27.02 27.31 27.36 28.35 28.67 30.75 29.98 
15.07 13.72 11.58 13.25 11.28 13.92 14.94 17.78 19.78 24.04 27.72 25.23 23.65 19.97 18.97 13.37 13.42 7.58 7.96 7.22 6.05 0.00 5.22 7.12 6.64 6.81 6.13 10.61 10.19 9.28 12.41 15.50 13.93 15.13 13.53 14.29 13.76 15.11 13.02 14.65 15.44 15.43 16.06 15.76 15.99 17.04 16.41 17.50 17.75 18.38 18.18 20.75 22.60 20.59 21.50 20.01 21.22 20.50 21.40 21.20 21.64 21.92 22.92 21.76 23.89 25.15 24.96 22.23 21.36 22.64 21.49 19.09 17.24 16.64 14.49 13.70 11.99 12.29 11.42 10.39 11.37 15.40 15.55 17.75 16.92 18.20 17.85 20.29 20.26 23.25 25.25 25.39 25.22 26.93 26.81 28.52 28.87 
15.02 13.86 11.63 14.01 11.16 13.43 14.03 17.00 19.15 22.92 26.57 24.00 22.55 19.05 19.00 12.80 12.30 9.16 9.65 8.68 7.15 5.22 0.00 5.20 6.47 6.91 7.33 9.29 11.20 12.04 13.31 14.81 13.75 15.48 12.55 12.83 13.40 14.13 11.96 13.50 14.37 14.39 14.70 14.38 14.92 16.68 15.74 16.89 17.11 18.24 17.90 19.86 21.78 19.80 20.89 19.08 20.80 19.74 21.07 20.55 21.34 21.47 22.57 21.31 23.52 24.34 24.72 21.27 21.21 21.64 21.27 17.80 17.04 14.14 13.82 11.79 11.03 11.55 11.17 11.11 12.31 15.93 15.81 17.95 16.70 18.61 17.90 20.21 20.13 23.09 24.66 24.99 24.81 25.91 26.21 28.13 28.24 
15.28 14.16 11.95 13.30 10.03 11.93 12.48 14.30 15.61 19.70 23.54 21.21 20.22 16.56 16.47 11.68 12.40 8.88 10.78 10.08 7.93 7.12 5.20 0.00 5.45 7.78 6.32 6.66 8.85 12.29 11.47 13.21 10.92 13.40 9.70 11.68 8.43 11.21 9.32 10.89 12.45 12.86 12.03 11.77 13.30 14.50 13.44 14.85 15.87 17.06 16.57 18.97 21.32 18.93 20.48 18.99 20.83 19.64 21.02 20.31 20.94 20.70 21.36 20.32 22.63 23.62 23.38 20.07 19.65 20.03 19.19 15.81 13.70 10.96 10.04 8.86 8.96 10.19 10.62 11.62 12.28 16.29 16.31 18.14 16.05 17.91 17.59 19.81 19.58 22.51 23.94 24.23 23.46 25.26 25.23 26.70 27.49 
16.23 15.46 13.22 13.92 10.97 12.57 13.08 13.66 14.29 17.03 20.80 19.14 19.20 15.57 15.63 11.73 13.53 10.70 10.61 12.21 10.67 6.64 6.47 5.45 0.00 6.34 6.74 6.26 7.95 9.82 11.68 11.36 10.22 12.82 10.30 8.60 6.07 9.39 9.22 8.22 11.20 12.12 12.60 12.31 13.63 14.16 13.68 15.54 16.57 17.08 16.85 19.97 22.20 20.19 21.63 21.20 22.00 21.29 22.19 21.87 22.07 21.77 22.14 20.82 22.74 23.60 23.63 20.35 19.88 20.88 20.08 16.78 14.94 12.88 12.03 11.58 11.15 12.15 13.07 14.24 15.02 17.68 17.49 18.88 16.77 18.41 18.01 19.93 19.66 22.49 24.02 23.87 23.10 24.75 24.87 27.08 26.93 
18.14 17.64 14.71 15.19 12.26 14.32 14.60 14.31 15.04 17.82 21.54 19.35 20.25 16.41 17.01 12.85 15.92 10.54 12.63 13.52 12.46 6.81 6.91 7.78 6.34 0.49 6.19 7.62 7.58 9.47 11.32 13.38 11.84 14.49 12.42 12.34 10.57 12.57 11.55 11.09 14.01 15.09 15.29 15.17 15.86 16.73 16.79 18.13 18.43 19.40 19.23 21.63 23.59 21.60 23.43 22.05 22.70 22.16 23.76 22.91 22.79 22.70 23.54 22.02 23.72 24.67 24.56 21.25 20.97 21.97 21.14 18.24 16.21 15.02 13.74 14.15 13.59 15.21 15.71 16.41 17.19 20.16 19.37 21.00 19.35 20.13 19.80 22.06 21.93 23.88 25.33 25.81 25.27 26.52 26.12 28.04 28.74 
17.45 16.90 14.37 15.53 11.71 13.70 13.62 14.76 13.38 15.97 19.59 17.11 16.45 12.88 13.60 9.45 10.90 7.11 9.77 11.55 9.72 6.13 7.33 6.32 6.74 6.19 0.56 5.60 8.30 9.13 9.01 10.85 9.54 12.43 8.33 9.64 10.99 12.05 10.98 12.49 13.40 13.24 14.00 14.18 15.33 16.38 15.71 17.08 16.98 18.77 18.16 20.52 22.50 21.34 22.50 21.09 21.86 21.89 23.18 22.34 22.20 22.45 22.89 21.22 23.06 23.74 23.73 20.03 19.93 20.61 20.05 16.50 14.62 12.68 12.87 12.22 12.23 14.24 14.77 15.64 16.56 19.62 19.15 20.83 18.94 20.02 19.12 21.83 21.54 23.81 24.81 25.74 25.87 26.44 26.67 28.50 28.47 
18.32 17.22 14.48 15.52 11.74 13.04 12.19 13.08 11.82 14.69 18.39 16.42 16.47 12.86 13.84 9.82 13.69 10.19 13.20 14.18 13.03 10.61 9.29 6.66 6.26 7.62 5.60 0.68 6.20 8.45 6.87 8.75 6.67 8.32 5.66 8.20 7.78 10.16 9.95 9.73 12.95 12.87 13.56 13.68 15.24 16.28 15.39 16.51 16.83 18.49 18.17 20.82 22.74 21.42 22.93 21.68 22.88 21.98 23.36 22.68 22.39 21.93 22.72 21.14 22.90 24.02 23.84 20.17 19.94 20.70 20.59 16.69 14.70 12.35 12.42 12.33 13.08 14.93 15.90 17.56 18.26 20.88 20.54 21.88 19.56 20.51 19.90 21.78 21.56 23.71 24.94 25.74 26.40 27.25 26.56 28.13 28.64 
20.19 19.08 16.13 17.19 14.87 16.39 15.10 15.87 14.94 17.27 21.10 18.59 18.35 14.49 15.50 13.11 16.28 13.24 16.28 16.54 16.24 10.19 11.20 8.85 7.95 7.58 8.30 6.20 4.90 8.36 9.18 9.49 8.31 10.34 7.85 8.26 6.88 11.43 10.76 9.63 12.94 15.52 15.64 15.43 17.30 18.42 18.29 19.24 19.59 20.09 20.62 23.07 24.63 23.51 24.42 24.30 24.97 24.36 25.09 24.74 24.39 24.13 24.40 23.00 24.69 25.44 26.00 22.37 21.82 22.97 22.88 19.91 17.47 15.95 16.24 16.54 16.61 18.05 18.88 20.69 21.22 23.69 23.88 24.47 21.76 22.76 22.01 23.57 23.21 25.15 26.94 27.85 29.06 28.58 27.93 30.21 30.27 
22.16 21.35 18.61 18.88 17.02 18.89 18.31 17.92 17.76 20.04 23.18 19.96 19.78 15.75 17.44 13.96 16.58 12.46 15.86 18.13 13.81 9.28 12.04 12.29 9.82 9.47 9.13 8.45 8.36 5.14 8.14 10.55 9.94 12.06 11.35 12.42 13.56 16.11 16.59 16.24 18.38 18.83 20.10 19.87 20.72 21.23 21.05 21.58 21.89 22.75 22.69 24.88 26.62 25.58 26.80 25.53 26.15 26.15 27.22 26.15 25.82 26.04 26.76 25.28 26.81 27.70 27.73 24.53 24.03 25.32 25.11 22.05 19.33 19.05 18.72 18.79 19.01 20.90 21.87 22.94 23.69 26.19 25.91 26.67 24.45 24.78 24.48 25.89 25.85 27.40 28.73 29.51 31.52 31.31 29.91 31.39 31.53 
21.48 20.59 17.90 18.30 15.46 17.68 17.39 17.40 15.63 18.47 21.76 18.13 17.26 14.65 15.41 12.55 15.94 12.86 16.14 16.63 15.09 12.41 13.31 11.47 11.68 11.32 9.01 6.87 9.18 8.14 3.07 6.50 7.15 10.92 9.03 11.23 13.76 15.60 16.05 18.15 19.22 18.60 18.76 19.33 19.73 20.66 20.09 20.68 21.12 22.25 21.89 24.03 25.88 24.92 26.05 24.74 25.23 25.18 26.64 25.45 24.80 25.22 25.30 23.98 26.08 26.64 26.13 23.10 22.85 24.07 23.02 20.22 17.91 17.58 17.26 16.92 17.40 19.58 20.23 21.86 22.89 25.33 25.11 25.94 23.56 24.06 23.23 25.13 25.29 26.58 27.46 28.19 29.91 29.70 29.14 30.87 30.76 
22.19 21.02 18.55 18.73 16.82 18.34 17.45 17.67 16.31 19.29 23.08 19.49 18.78 15.28 17.28 14.61 18.29 15.60 18.15 19.22 17.12 15.50 14.81 13.21 11.36 13.38 10.85 8.75 9.49 10.55 6.50 3.11 5.55 9.89 8.60 11.13 12.99 15.53 16.66 17.75 19.91 19.08 18.75 19.64 20.06 20.91 20.54 20.62 21.00 21.96 21.93 23.96 26.25 25.19 26.33 25.19 25.97 25.44 26.30 25.35 24.79 24.80 25.49 23.91 26.48 27.03 26.87 23.08 23.49 24.37 24.12 20.62 18.49 17.75 17.13 16.92 18.24 19.54 20.43 22.48 23.40 25.81 25.68 26.28 23.89 24.23 23.10 24.45 24.38 26.24 26.97 27.43 30.28 30.17 28.47 29.29 30.00 
21.92 20.11 17.10 17.63 16.17 17.42 16.24 16.96 16.50 19.16 22.27 19.60 18.19 15.85 17.33 15.39 17.35 14.76 17.34 18.29 17.46 13.93 13.75 10.92 10.22 11.84 9.54 6.67 8.31 9.94 7.15 5.55 3.69 7.62 6.46 8.17 10.50 12.94 14.98 15.06 17.55 18.58 17.31 18.20 19.58 19.30 19.25 18.67 19.50 19.87 20.15 22.08 24.52 22.93 23.88 23.62 24.88 23.98 24.29 23.67 23.48 23.53 23.75 22.51 24.34 25.71 25.73 22.15 21.59 22.69 21.97 18.42 15.61 14.72 14.22 14.46 15.36 16.90 18.68 20.38 21.56 24.02 24.51 24.77 22.25 22.79 21.99 22.78 22.48 24.20 25.28 25.35 27.39 27.93 26.61 28.68 29.50 
23.21 21.78 18.87 19.26 17.85 19.38 18.60 18.90 19.45 21.87 25.35 22.29 21.31 18.15 19.68 17.18 19.38 16.48 19.18 19.74 18.42 15.13 15.48 13.40 12.82 14.49 12.43 8.32 10.34 12.06 10.92 9.89 7.62 5.29 6.77 8.05 10.80 13.13 15.34 16.46 18.55 18.08 18.31 18.69 18.97 19.45 18.98 19.19 19.67 20.67 20.64 22.73 25.04 23.65 24.94 24.11 25.06 24.25 25.25 24.13 23.70 23.68 24.56 23.10 25.31 25.88 26.02 22.59 22.67 23.77 23.04 19.81 16.34 16.15 15.60 15.03 15.95 18.46 19.56 21.61 22.60 25.20 25.34 25.60 23.09 23.41 22.53 23.35 23.29 24.35 25.63 25.70 28.95 28.54 26.71 28.21 29.68 
21.69 19.92 17.19 17.57 15.11 17.00 16.62 16.60 16.54 19.87 23.46 20.40 19.48 16.33 17.77 15.19 16.45 14.15 16.64 16.90 15.91 13.53 12.55 9.70 10.30 12.42 8.33 5.66 7.85 11.35 9.03 8.60 6.46 6.77 0.99 4.80 7.58 9.35 10.78 13.05 14.65 14.12 13.65 13.64 13.39 13.94 13.99 14.42 15.44 16.28 16.50 19.31 21.61 19.71 21.67 20.81 21.80 21.04 22.84 21.57 21.10 20.84 20.96 20.20 22.48 23.45 22.78 19.78 20.15 20.81 19.15 15.42 13.03 13.38 11.91 10.69 11.55 14.07 15.56 17.41 18.83 21.90 22.08 22.52 19.84 20.19 18.97 20.26 20.41 21.60 22.06 22.72 25.30 25.27 23.61 26.48 27.94 
21.73 19.95 17.35 17.91 15.74 17.20 16.93 17.15 17.85 20.59 24.39 21.77 20.96 17.68 19.17 16.52 17.90 15.56 18.11 19.05 15.86 14.29 12.83 11.68 8.60 12.34 9.64 8.20 8.26 12.42 11.23 11.13 8.17 8.05 4.80 2.02 5.78 6.58 9.23 11.23 11.94 11.84 12.15 13.12 12.93 11.86 12.73 13.68 14.70 15.06 16.10 18.78 21.43 19.43 21.09 20.21 21.71 20.57 21.77 20.44 20.22 20.11 20.74 19.41 22.29 23.31 23.26 20.16 20.44 21.67 20.70 17.12 14.58 14.14 12.68 12.71 12.55 14.18 15.47 17.96 19.15 21.76 21.98 22.04 19.58 19.60 18.20 18.82 18.99 20.07 21.02 20.89 23.83 23.97 22.29 24.39 26.30 
21.74 19.96 17.13 17.70 16.05 17.65 17.06 18.07 18.63 21.70 25.64 22.76 22.13 18.82 20.78 17.85 18.54 16.68 19.89 19.05 15.96 13.76 13.40 8.43 6.07 10.57 10.99 7.78 6.88 13.56 13.76 12.99 10.50 10.80 7.58 5.78 4.54 6.56 8.53 8.65 10.21 11.10 10.31 11.66 12.59 10.44 12.31 12.82 14.72 14.85 15.69 18.79 20.96 18.99 20.31 19.62 21.66 20.24 21.11 20.05 19.66 19.76 20.19 19.44 22.05 23.38 23.60 20.55 20.92 22.55 21.33 17.70 14.78 13.52 11.47 12.37 13.52 13.49 14.49 17.61 20.02 22.13 22.03 22.64 20.15 19.94 18.14 18.73 18.49 19.62 20.21 20.20 22.98 22.78 20.95 23.97 25.94 
21.47 19.72 16.90 17.90 15.75 17.63 17.41 18.41 19.36 22.34 26.01 23.38 22.84 19.68 21.62 18.64 19.52 17.11 19.84 19.85 16.78 15.11 14.13 11.21 9.39 12.57 12.05 10.16 11.43 16.11 15.60 15.53 12.94 13.13 9.35 6.58 6.56 4.44 7.00 6.95 8.78 9.21 9.36 9.78 9.67 9.23 9.18 11.21 13.86 14.30 14.84 18.30 20.48 17.53 19.19 18.91 20.36 19.45 20.17 19.19 18.80 19.00 19.44 18.44 21.32 22.66 22.83 19.98 20.61 22.31 21.02 17.51 14.35 14.37 11.43 12.78 11.22 13.89 13.93 17.48 19.26 22.30 21.38 22.20 19.35 19.22 17.36 18.30 18.03 18.48 19.33 19.41 21.37 21.91 19.78 22.30 24.74 
20.28 18.06 15.95 16.75 14.10 16.35 16.28 17.64 18.47 21.79 25.49 22.66 22.63 19.52 21.09 18.16 19.14 16.20 18.66 17.94 15.90 13.02 11.96 9.32 9.22 11.55 10.98 9.95 10.76 16.59 16.05 16.66 14.98 15.34 10.78 9.23 8.53 7.00 4.17 6.88 7.94 9.26 9.09 8.03 9.49 9.60 7.68 10.23 13.12 13.61 13.65 17.45 19.22 15.76 18.35 17.59 19.41 17.63 19.36 18.19 17.45 17.48 18.07 17.73 20.32 21.99 22.21 19.75 19.84 21.43 20.21 16.51 13.57 12.93 11.72 10.85 8.92 11.94 13.62 16.26 17.84 20.79 20.36 20.47 18.28 17.56 15.75 16.51 16.83 17.50 17.57 17.67 20.30 19.98 18.03 21.05 24.41 
20.72 18.57 16.30 17.39 15.01 17.21 17.35 18.62 20.07 22.99 26.46 23.67 24.11 20.76 22.17 19.25 21.01 18.12 20.48 20.36 17.05 14.65 13.50 10.89 8.22 11.09 12.49 9.73 9.63 16.24 18.15 17.75 15.06 16.46 13.05 11.23 8.65 6.95 6.88 3.56 5.67 8.39 9.38 10.39 10.10 10.00 10.25 11.48 13.97 15.47 16.36 19.56 21.02 18.11 19.99 19.29 20.43 18.77 19.62 18.50 17.48 18.00 18.79 18.71 21.07 22.72 23.64 21.41 21.62 22.80 21.89 19.06 16.11 16.38 12.71 13.96 11.99 14.16 15.51 18.03 19.11 22.75 21.76 21.71 19.10 19.03 16.56 17.70 17.62 17.97 18.26 18.81 19.49 20.40 18.09 20.70 23.63 
20.99 18.56 15.84 16.64 14.70 16.73 16.20 17.76 19.36 22.22 25.67 23.16 23.80 20.55 21.90 19.46 21.29 18.46 20.77 20.30 18.06 15.44 14.37 12.45 11.20 14.01 13.40 12.95 12.94 18.38 19.22 19.91 17.55 18.55 14.65 11.94 10.21 8.78 7.94 5.67 3.95 6.47 6.32 8.38 8.57 9.11 9.47 9.59 12.45 15.09 16.22 19.12 21.02 18.43 20.74 18.59 20.37 18.41 19.17 17.64 16.92 16.97 17.92 17.56 20.62 22.32 22.72 20.43 21.43 22.16 20.80 17.37 15.78 13.36 10.53 12.47 11.79 12.92 14.41 17.89 20.19 22.69 22.02 22.24 20.15 19.07 16.73 18.01 17.64 18.38 18.44 18.31 19.59 19.46 17.76 20.66 23.66 
20.04 17.60 14.63 15.62 13.81 15.38 15.05 16.60 18.11 21.19 24.64 22.14 22.62 19.77 21.22 18.56 20.74 17.90 20.73 20.47 17.62 15.43 14.39 12.86 12.12 15.09 13.24 12.87 15.52 18.83 18.60 19.08 18.58 18.08 14.12 11.84 11.10 9.21 9.26 8.39 6.47 3.37 4.99 6.39 8.46 8.50 8.37 9.39 12.33 14.03 15.18 18.27 19.93 16.69 18.62 17.52 18.78 17.07 17.15 15.83 16.12 16.68 16.42 16.19 19.03 20.99 21.11 18.68 19.39 21.48 19.41 16.03 13.76 14.14 10.91 11.84 9.68 12.63 14.60 17.17 18.80 21.47 20.75 20.88 18.16 17.43 15.00 16.12 16.26 16.88 17.07 17.18 17.90 19.06 16.80 19.12 22.59 
19.97 17.34 14.71 16.03 13.57 15.57 14.92 16.45 18.15 21.54 25.09 22.45 22.83 20.28 22.11 19.25 20.94 18.23 21.11 20.99 18.27 16.06 14.70 12.03 12.60 15.29 14.00 13.56 15.64 20.10 18.76 18.75 17.31 18.31 13.65 12.15 10.31 9.36 9.09 9.38 6.32 4.99 3.02 5.71 6.46 9.14 9.06 11.60 13.28 14.77 16.48 19.89 20.75 17.68 19.54 18.17 19.62 17.11 17.60 16.07 15.87 15.42 16.28 15.27 17.88 19.81 21.07 18.01 19.18 19.63 19.00 15.75 14.05 13.26 10.24 12.58 8.96 11.81 14.25 18.13 19.75 22.38 21.32 21.27 18.47 17.36 14.70 16.00 15.68 16.34 15.96 16.10 17.63 17.92 15.16 19.23 22.79 
18.96 15.97 13.27 14.58 12.50 13.67 13.64 15.21 17.68 20.98 24.38 22.19 22.89 20.24 21.56 18.73 20.64 17.61 20.44 20.42 17.40 15.76 14.38 11.77 12.31 15.17 14.18 13.68 15.43 19.87 19.33 19.64 18.20 18.69 13.64 13.12 11.66 9.78 8.03 10.39 8.38 6.39 5.71 1.49 6.30 7.40 6.74 9.70 12.31 13.83 14.38 18.22 20.37 17.49 19.13 18.39 19.15 16.82 16.76 15.19 14.89 14.52 14.74 14.40 17.02 18.80 19.17 16.52 17.45 19.02 18.12 15.39 12.86 11.94 10.26 10.43 8.75 12.15 14.81 16.96 18.85 21.37 20.49 20.07 16.79 16.52 13.82 15.16 14.05 14.13 14.22 15.67 16.55 17.64 15.26 18.76 21.96 
19.65 16.94 13.70 15.18 13.77 14.43 14.42 16.17 18.97 21.94 25.14 23.05 23.83 21.08 21.88 19.82 21.69 18.84 21.10 21.12 18.30 15.99 14.92 13.30 13.63 15.86 15.33 15.24 17.30 20.72 19.73 20.06 19.58 18.97 13.39 12.93 12.59 9.67 9.49 10.10 8.57 8.46 6.46 6.30 1.14 6.30 6.99 8.52 11.27 13.81 14.75 17.33 19.48 17.81 19.41 17.88 18.15 16.11 16.87 14.46 13.76 13.73 13.90 12.60 15.83 17.76 17.68 15.34 17.56 18.35 17.20 14.58 13.01 11.24 8.49 9.85 10.87 12.03 13.69 17.20 19.95 21.76 20.51 20.15 17.35 16.66 14.66 14.93 14.24 14.04 14.87 15.48 16.36 17.65 15.68 20.13 22.10 
20.65 18.25 14.95 15.83 14.45 15.78 15.02 16.58 19.49 22.69 25.55 23.69 24.25 21.89 22.72 20.08 22.26 19.71 22.47 22.19 18.98 17.04 16.68 14.50 14.16 16.73 16.38 16.28 18.42 21.23 20.66 20.91 19.30 19.45 13.94 11.86 10.44 9.23 9.60 10.00 9.11 8.50 9.14 7.40 6.30 1.53 6.38 8.01 11.17 12.92 14.66 16.66 18.93 17.64 19.16 16.97 17.74 16.69 17.42 14.90 14.23 14.54 15.28 13.03 16.19 17.97 18.32 15.96 16.71 18.70 17.03 13.81 11.92 12.00 10.68 11.94 11.44 13.45 14.86 17.92 20.06 22.02 20.64 20.58 16.99 17.31 14.01 13.71 12.99 14.24 14.81 16.12 15.78 18.08 16.43 19.33 21.85 
20.51 17.60 15.09 15.87 13.29 14.27 14.07 15.58 17.71 21.01 24.51 22.07 22.78 20.41 21.74 19.48 20.80 18.20 20.91 20.88 17.84 16.41 15.74 13.44 13.68 16.79 15.71 15.39 18.29 21.05 20.09 20.54 19.25 18.98 13.99 12.73 12.31 9.18 7.68 10.25 9.47 8.37 9.06 6.74 6.99 6.38 1.02 5.99 8.19 10.10 12.44 14.97 17.01 14.85 16.97 15.23 16.23 14.95 16.61 15.21 14.16 14.47 15.63 13.50 15.00 16.78 17.88 15.14 15.94 16.60 15.58 12.60 9.36 9.03 8.02 9.86 9.24 12.32 14.30 15.99 17.00 19.35 18.85 18.27 15.38 14.29 12.20 11.55 11.50 11.51 12.60 13.91 14.69 16.32 14.40 18.83 21.53 
21.89 19.61 16.52 17.17 14.80 15.72 15.23 16.66 19.06 22.58 25.57 23.25 23.35 20.52 21.62 19.61 21.20 18.52 21.35 21.75 19.30 17.50 16.89 14.85 15.54 18.13 17.08 16.51 19.24 21.58 20.68 20.62 18.67 19.19 14.42 13.68 12.82 11.21 10.23 11.48 9.59 9.39 11.60 9.70 8.52 8.01 5.99 1.14 5.79 6.44 9.57 13.13 15.47 14.05 15.74 15.02 16.16 14.87 16.35 15.08 14.89 14.88 15.24 13.17 15.57 16.95 16.53 13.08 14.25 15.68 14.73 10.38 8.44 7.18 7.61 9.14 10.11 12.29 13.32 15.94 18.00 20.26 18.42 18.58 15.36 13.78 10.76 10.81 10.95 11.96 13.76 15.52 16.04 18.03 16.27 19.51 21.64 
22.55 20.44 17.57 17.75 15.43 15.95 15.68 16.91 19.03 21.79 25.25 22.69 23.16 20.33 21.28 19.54 21.40 18.84 21.40 21.84 19.92 17.75 17.11 15.87 16.57 18.43 16.98 16.83 19.59 21.89 21.12 21.00 19.50 19.67 15.44 14.70 14.72 13.86 13.12 13.97 12.45 12.33 13.28 12.31 11.27 11.17 8.19 5.79 2.27 5.84 6.73 9.23 13.18 12.40 13.78 12.22 14.05 13.87 15.93 15.17 14.75 16.14 16.70 14.82 16.32 18.02 17.68 14.78 15.21 16.63 15.10 11.75 8.02 8.47 7.65 7.22 9.74 11.37 11.45 13.79 17.02 17.38 17.52 16.79 13.58 10.32 8.89 8.72 9.84 11.10 13.67 14.91 15.54 17.04 16.06 20.30 21.58 
23.55 21.69 18.28 18.25 16.72 17.67 17.08 17.85 19.69 23.30 26.12 24.05 24.09 21.42 21.87 20.42 21.68 19.63 22.48 22.80 20.12 18.38 18.24 17.06 17.08 19.40 18.77 18.49 20.09 22.75 22.25 21.96 19.87 20.67 16.28 15.06 14.85 14.30 13.61 15.47 15.09 14.03 14.77 13.83 13.81 12.92 10.10 6.44 5.84 1.50 5.38 6.20 10.42 10.86 13.07 10.92 13.71 14.31 17.08 16.57 17.36 18.29 19.09 16.89 17.79 18.96 18.84 15.44 15.03 16.84 15.88 11.40 9.31 10.68 11.38 10.60 10.20 12.43 12.79 14.79 16.60 17.34 16.36 15.07 10.85 10.14 7.79 7.11 9.62 12.35 14.75 15.87 16.95 19.00 17.89 20.97 22.31 
23.99 22.04 19.12 18.69 16.60 17.63 17.28 18.22 19.23 22.78 26.52 24.00 24.14 21.38 22.16 20.41 21.64 19.39 21.79 22.44 20.08 18.18 17.90 16.57 16.85 19.23 18.16 18.17 20.62 22.69 21.89 21.93 20.15 20.64 16.50 16.10 15.69 14.84 13.65 16.36 16.22 15.18 16.48 14.38 14.75 14.66 12.44 9.57 6.73 5.38 1.63 5.54 7.30 8.45 10.33 9.67 11.43 13.12 16.80 16.95 17.62 18.51 20.07 17.93 18.63 19.55 19.77 16.45 15.77 16.39 15.24 12.16 10.19 9.29 10.10 10.93 9.34 10.37 10.51 12.78 14.15 14.14 13.43 12.10 8.26 8.03 8.00 7.77 10.20 12.44 16.00 16.99 17.18 18.78 17.89 21.39 22.63 
25.68 23.79 20.59 20.37 19.05 20.06 19.95 20.95 22.12 25.15 28.09 26.37 26.28 23.44 23.71 22.31 23.54 21.38 23.18 24.16 22.21 20.75 19.86 18.97 19.97 21.63 20.52 20.82 23.07 24.88 24.03 23.96 22.08 22.73 19.31 18.78 18.79 18.30 17.45 19.56 19.12 18.27 19.89 18.22 17.33 16.66 14.97 13.13 9.23 6.20 5.54 0.00 5.67 6.12 10.34 11.14 13.68 14.07 17.62 18.43 19.29 20.06 21.23 19.79 21.30 21.94 21.76 18.17 17.95 19.37 18.92 16.11 14.76 13.55 12.93 13.06 12.22 13.57 12.04 13.46 14.09 13.95 12.59 11.76 8.62 6.85 7.93 8.33 10.63 14.48 18.64 19.64 20.27 22.25 20.90 23.57 24.64 
26.63 25.26 22.05 22.14 20.61 22.14 21.74 22.91 25.15 27.38 30.10 28.26 28.65 25.76 25.71 24.01 25.62 23.12 24.64 25.07 23.90 22.60 21.78 21.32 22.20 23.59 22.50 22.74 24.63 26.62 25.88 26.25 24.52 25.04 21.61 21.43 20.96 20.48 19.22 21.02 21.02 19.93 20.75 20.37 19.48 18.93 17.01 15.47 13.18 10.42 7.30 5.67 0.67 5.68 7.80 9.89 13.48 15.37 17.91 19.48 21.44 21.54 22.39 21.71 23.39 24.08 24.15 20.49 20.41 22.55 22.90 20.72 18.68 18.24 17.97 15.58 14.25 14.41 14.02 13.76 13.05 11.91 11.50 12.25 9.39 7.59 9.68 11.70 13.88 17.34 20.69 21.69 22.00 23.55 22.67 25.72 26.07 
26.69 24.98 21.79 21.90 20.81 22.00 21.92 22.68 24.02 27.23 29.87 28.28 28.41 25.35 25.36 23.46 24.34 21.47 22.85 23.58 22.12 20.59 19.80 18.93 20.19 21.60 21.34 21.42 23.51 25.58 24.92 25.19 22.93 23.65 19.71 19.43 18.99 17.53 15.76 18.11 18.43 16.69 17.68 17.49 17.81 17.64 14.85 14.05 12.40 10.86 8.45 6.12 5.68 0.00 5.90 6.33 9.68 12.35 15.45 17.14 18.66 18.80 19.57 18.84 20.68 21.17 21.49 18.71 18.60 20.41 20.90 19.01 17.34 16.48 16.59 15.28 13.09 12.84 11.04 11.44 10.28 8.52 8.67 10.58 8.87 9.23 10.67 12.83 15.45 18.23 21.34 22.57 23.82 25.29 23.36 25.43 26.83 
27.46 26.58 23.60 24.04 22.21 23.97 23.81 24.52 25.74 28.89 31.90 29.68 29.74 26.69 26.71 24.43 25.34 22.00 23.68 24.35 23.34 21.50 20.89 20.48 21.63 23.43 22.50 22.93 24.42 26.80 26.05 26.33 23.88 24.94 21.67 21.09 20.31 19.19 18.35 19.99 20.74 18.62 19.54 19.13 19.41 19.16 16.97 15.74 13.78 13.07 10.33 10.34 7.80 5.90 0.00 5.05 7.47 9.90 14.07 16.02 17.47 18.99 20.42 18.93 20.73 21.53 21.88 19.64 19.73 21.24 21.70 19.25 19.14 17.94 17.81 16.37 14.68 13.58 11.48 11.46 8.84 8.26 9.46 13.02 11.26 12.82 14.75 17.20 19.71 21.73 23.80 26.39 27.04 25.70 26.39 28.50 28.52 
27.24 26.31 23.23 23.47 22.43 24.06 24.07 24.89 25.46 28.96 31.45 29.40 29.47 26.68 26.42 24.12 24.80 21.81 22.57 22.97 22.10 20.01 19.08 18.99 21.20 22.05 21.09 21.68 24.30 25.53 24.74 25.19 23.62 24.11 20.81 20.21 19.62 18.91 17.59 19.29 18.59 17.52 18.17 18.39 17.88 16.97 15.23 15.02 12.22 10.92 9.67 11.14 9.89 6.33 5.05 0.00 5.16 6.00 9.08 12.13 13.95 14.98 16.21 15.90 18.43 19.37 19.42 17.03 18.03 20.02 20.20 18.03 17.31 15.69 15.51 15.01 12.46 11.32 8.94 8.78 8.61 8.34 9.25 12.11 12.19 13.38 15.26 17.17 18.12 22.07 24.33 26.65 26.23 27.67 25.93 28.61 28.85 
28.23 27.58 24.57 25.46 23.71 25.59 25.31 26.31 27.14 30.14 32.97 30.84 30.68 28.00 28.06 25.46 26.14 22.90 23.90 24.15 23.32 21.22 20.80 20.83 22.00 22.70 21.86 22.88 24.97 26.15 25.23 25.97 24.88 25.06 21.80 21.71 21.66 20.36 19.41 20.43 20.37 18.78 19.62 19.15 18.15 17.74 16.23 16.16 14.05 13.71 11.43 13.68 13.48 9.68 7.47 5.16 0.38 5.65 7.18 9.43 11.67 13.75 14.67 15.38 18.13 20.06 19.76 17.74 18.56 21.65 21.89 19.71 18.70 16.34 15.13 14.08 11.90 10.08 7.86 9.37 9.51 10.87 12.37 15.85 14.70 15.72 17.05 19.57 21.05 24.84 26.62 27.83 30.04 27.72 26.80 28.94 30.27 
28.29 26.98 24.07 25.04 24.09 25.33 25.24 26.63 27.24 30.30 32.79 31.21 30.73 27.53 27.91 25.59 25.84 22.00 23.24 23.89 22.61 20.50 19.74 19.64 21.29 22.16 21.89 21.98 24.36 26.15 25.18 25.44 23.98 24.25 21.04 20.57 20.24 19.45 17.63 18.77 18.41 17.07 17.11 16.82 16.11 16.69 14.95 14.87 13.87 14.31 13.12 14.07 15.37 12.35 9.90 6.00 5.65 0.00 5.15 6.01 8.78 9.84 11.65 12.86 15.54 17.11 17.78 15.68 16.49 19.16 19.86 17.49 15.93 13.31 12.66 12.61 10.09 7.28 6.71 9.20 10.45 12.04 13.92 17.33 15.62 16.77 18.08 21.24 21.70 25.45 27.39 29.25 29.05 29.60 27.74 30.39 31.20 
29.50 28.45 25.59 26.87 25.61 27.17 26.54 28.32 29.25 31.91 34.49 32.56 32.09 29.30 29.41 26.80 26.89 23.04 24.63 25.08 23.95 21.40 21.07 21.02 22.19 23.76 23.18 23.36 25.09 27.22 26.64 26.30 24.29 25.25 22.84 21.77 21.11 20.17 19.36 19.62 19.17 17.15 17.60 16.76 16.87 17.42 16.61 16.35 15.93 17.08 16.80 17.62 17.91 15.45 14.07 9.08 7.18 5.15 1.65 5.62 8.09 9.73 12.26 13.01 15.75 17.29 18.26 16.31 17.14 19.62 19.88 17.63 16.83 15.55 13.84 13.51 11.36 10.50 9.56 11.60 13.12 16.01 17.64 19.52 17.45 20.43 21.63 24.30 24.97 27.64 29.85 30.80 32.52 29.86 29.50 31.84 31.91 
28.86 27.61 24.74 26.00 25.54 26.84 26.73 27.72 28.66 31.45 34.07 31.90 31.62 28.80 29.38 26.43 26.54 23.19 24.49 24.88 23.26 21.20 20.55 20.31 21.87 22.91 22.34 22.68 24.74 26.15 25.45 25.35 23.67 24.13 21.57 20.44 20.05 19.19 18.19 18.50 17.64 15.83 16.07 15.19 14.46 14.90 15.21 15.08 15.17 16.57 16.95 18.43 19.48 17.14 16.02 12.13 9.43 6.01 5.62 0.00 5.63 7.04 8.77 10.87 13.50 15.04 15.13 14.20 15.59 18.06 17.45 15.82 15.09 13.67 12.13 12.32 11.39 11.13 11.51 13.66 15.24 18.14 19.48 20.77 18.86 21.51 22.61 24.71 24.70 28.40 29.85 31.17 31.70 32.06 30.32 32.53 32.64 
28.96 27.64 25.03 26.56 25.56 27.34 26.89 27.90 28.29 30.99 33.60 31.48 31.46 29.27 29.74 26.98 27.29 23.94 25.36 25.32 23.84 21.64 21.34 20.94 22.07 22.79 22.20 22.39 24.39 25.82 24.80 24.79 23.48 23.70 21.10 20.22 19.66 18.80 17.45 17.48 16.92 16.12 15.87 14.89 13.76 14.23 14.16 14.89 14.75 17.36 17.62 19.29 21.44 18.66 17.47 13.95 11.67 8.78 8.09 5.63 0.00 6.22 7.36 8.16 10.99 12.64 12.95 10.95 12.98 14.95 14.18 13.10 13.32 11.38 10.32 11.49 11.27 11.87 13.05 16.08 17.02 19.79 20.82 23.00 20.99 23.07 24.00 25.51 25.80 27.79 29.61 30.74 32.59 32.02 30.26 33.54 32.95 
28.89 27.63 24.78 26.25 25.76 27.07 26.92 27.99 28.43 31.14 33.46 31.56 31.93 29.30 30.17 27.45 27.90 24.26 25.87 25.82 24.46 21.92 21.47 20.70 21.77 22.70 22.45 21.93 24.13 26.04 25.22 24.80 23.53 23.68 20.84 20.11 19.76 19.00 17.48 18.00 16.97 16.68 15.42 14.52 13.73 14.54 14.47 14.88 16.14 18.29 18.51 20.06 21.54 18.80 18.99 14.98 13.75 9.84 9.73 7.04 6.22 0.00 6.21 6.76 8.81 10.56 11.24 9.92 11.73 13.53 13.89 12.56 12.19 11.10 9.79 11.72 11.95 12.46 14.35 17.83 19.40 22.11 23.21 24.95 22.50 24.39 24.84 26.52 25.77 28.87 30.34 31.41 33.18 33.49 32.32 33.78 33.53 
29.04 28.08 25.96 26.79 25.60 27.21 26.85 28.20 28.29 31.04 33.50 31.74 31.88 29.83 30.17 27.54 28.18 25.08 26.87 26.63 25.20 22.92 22.57 21.36 22.14 23.54 22.89 22.72 24.40 26.76 25.30 25.49 23.75 24.56 20.96 20.74 20.19 19.44 18.07 18.79 17.92 16.42 16.28 14.74 13.90 15.28 15.63 15.24 16.70 19.09 20.07 21.23 22.39 19.57 20.42 16.21 14.67 11.65 12.26 8.77 7.36 6.21 0.50 5.85 7.97 8.76 9.93 8.66 9.59 13.08 12.28 10.41 10.40 10.76 9.75 12.01 12.05 14.10 16.11 19.52 20.45 24.36 25.25 27.11 24.68 26.27 26.65 27.67 26.82 29.02 30.57 31.32 32.73 32.54 31.56 34.05 32.62 
27.24 26.34 23.83 25.22 24.28 25.66 25.62 26.61 26.75 29.54 32.14 30.33 30.42 28.37 29.39 26.77 27.14 24.26 26.23 26.05 24.09 21.76 21.31 20.32 20.82 22.02 21.22 21.14 23.00 25.28 23.98 23.91 22.51 23.10 20.20 19.41 19.44 18.44 17.73 18.71 17.56 16.19 15.27 14.40 12.60 13.03 13.50 13.17 14.82 16.89 17.93 19.79 21.71 18.84 18.93 15.90 15.38 12.86 13.01 10.87 8.16 6.76 5.85 0.00 5.57 7.86 7.29 7.35 8.23 10.35 9.97 8.67 9.05 9.83 9.50 11.39 12.27 14.58 16.99 20.00 21.17 24.18 25.34 26.39 23.47 25.14 25.02 26.33 25.20 28.23 29.08 29.88 31.82 32.31 30.90 31.99 31.47 
28.14 27.27 25.15 26.38 25.47 27.54 27.22 27.96 28.06 30.93 34.08 31.70 31.64 29.91 31.02 28.64 28.95 26.40 28.46 28.63 26.47 23.89 23.52 22.63 22.74 23.72 23.06 22.90 24.69 26.81 26.08 26.48 24.34 25.31 22.48 22.29 22.05 21.32 20.32 21.07 20.62 19.03 17.88 17.02 15.83 16.19 15.00 15.57 16.32 17.79 18.63 21.30 23.39 20.68 20.73 18.43 18.13 15.54 15.75 13.50 10.99 8.81 7.97 5.57 1.45 6.61 8.07 6.65 8.89 10.47 10.64 10.66 11.60 11.64 12.38 14.23 14.81 17.63 19.65 22.73 23.57 26.68 27.41 28.31 25.88 26.59 26.36 27.63 27.27 29.29 30.18 30.80 32.38 32.14 30.05 32.63 31.91 
28.16 27.69 25.49 26.87 26.46 28.16 28.32 29.12 29.81 32.63 34.91 32.81 33.10 30.98 31.92 29.73 30.28 27.75 29.72 30.08 27.53 25.15 24.34 23.62 23.60 24.67 23.74 24.02 25.44 27.70 26.64 27.03 25.71 25.88 23.45 23.31 23.38 22.66 21.99 22.72 22.32 20.99 19.81 18.80 17.76 17.97 16.78 16.95 18.02 18.96 19.55 21.94 24.08 21.17 21.53 19.37 20.06 17.11 17.29 15.04 12.64 10.56 8.76 7.86 6.61 0.00 6.69 7.65 7.55 8.79 11.06 11.02 11.77 12.62 13.10 15.63 16.67 19.56 21.61 24.56 25.71 28.21 28.77 29.81 26.84 28.11 27.26 29.11 28.44 30.77 31.40 31.69 34.45 34.18 31.95 33.04 32.71 
27.98 27.43 25.95 26.99 25.99 27.93 27.88 29.17 30.10 32.71 35.07 33.11 33.51 31.28 31.79 29.37 30.50 27.97 30.21 29.84 27.87 24.96 24.72 23.38 23.63 24.56 23.73 23.84 26.00 27.73 26.13 26.87 25.73 26.02 22.78 23.26 23.60 22.83 22.21 23.64 22.72 21.11 21.07 19.17 17.68 18.32 17.88 16.53 17.68 18.84 19.77 21.76 24.15 21.49 21.88 19.42 19.76 17.78 18.26 15.13 12.95 11.24 9.93 7.29 8.07 6.69 0.44 6.04 7.99 7.89 9.55 9.89 10.41 12.88 13.89 15.58 16.96 20.29 22.56 25.77 26.70 29.49 30.26 30.54 27.63 28.58 28.39 29.06 28.59 30.58 31.39 31.21 32.08 32.70 30.90 33.00 32.75 
24.53 24.02 22.26 23.75 22.42 24.04 24.60 25.91 27.07 29.69 32.80 30.70 30.56 28.29 29.33 27.01 27.67 25.15 27.59 27.70 24.69 22.23 21.27 20.07 20.35 21.25 20.03 20.17 22.37 24.53 23.10 23.08 22.15 22.59 19.78 20.16 20.55 19.98 19.75 21.41 20.43 18.68 18.01 16.52 15.34 15.96 15.14 13.08 14.78 15.44 16.45 18.17 20.49 18.71 19.64 17.03 17.74 15.68 16.31 14.20 10.95 9.92 8.66 7.35 6.65 7.65 6.04 0.00 5.94 7.68 7.21 8.29 9.44 11.33 12.06 14.70 15.32 18.58 21.41 24.41 25.26 27.73 27.83 28.70 25.10 26.04 24.90 26.14 25.55 27.21 27.89 28.04 31.09 29.99 27.98 28.88 30.44 
23.34 22.74 20.90 22.34 21.27 23.44 23.87 25.25 26.49 29.06 32.47 30.34 30.08 27.86 29.28 26.39 26.74 24.37 26.92 26.81 23.83 21.36 21.21 19.65 19.88 20.97 19.93 19.94 21.82 24.03 22.85 23.49 21.59 22.67 20.15 20.44 20.92 20.61 19.84 21.62 21.43 19.39 19.18 17.45 17.56 16.71 15.94 14.25 15.21 15.03 15.77 17.95 20.41 18.60 19.73 18.03 18.56 16.49 17.14 15.59 12.98 11.73 9.59 8.23 8.89 7.55 7.99 5.94 0.00 6.19 7.91 8.03 9.02 11.08 13.20 15.33 17.51 19.34 21.91 25.82 26.72 28.79 28.51 28.75 25.78 26.04 24.95 25.58 25.51 26.81 27.24 27.75 29.01 28.78 25.76 29.16 30.80 
