2.04 6.08 6.63 8.56 10.61 12.39 14.80 14.89 16.92 18.36 20.71 19.96 20.30 19.89 21.05 21.12 20.61 19.03 18.80 17.84 17.45 16.31 15.92 15.17 16.91 17.25 17.01 16.27 18.38 16.60 16.76 17.80 17.78 17.44 17.11 17.78 18.35 18.42 17.14 17.06 16.93 16.41 14.80 15.08 15.05 15.91 14.86 15.93 17.77 16.94 15.88 18.77 20.62 18.51 19.44 29.23 
6.08 1.98 4.65 5.88 8.36 11.26 11.75 13.65 14.89 17.50 19.15 18.17 19.15 18.18 20.46 20.23 19.24 17.17 17.54 16.99 14.78 15.10 14.02 14.45 13.74 15.61 15.22 14.43 16.24 14.47 15.66 16.79 16.44 16.43 16.38 17.51 17.36 17.04 15.94 16.29 15.90 15.52 14.27 14.69 14.31 15.48 14.45 15.27 17.72 15.75 14.72 18.07 19.29 18.28 18.59 31.24 
6.63 4.65 1.29 3.78 6.72 8.21 9.83 10.63 12.11 14.32 16.85 16.39 16.94 16.83 19.17 18.39 16.86 15.14 16.04 14.17 13.59 13.01 13.83 12.44 12.27 13.51 14.47 13.43 15.67 14.25 14.85 14.95 14.62 14.69 15.40 15.72 15.34 14.79 14.30 14.45 13.10 12.50 12.55 13.28 11.96 14.71 14.75 15.28 17.04 16.53 14.52 17.32 20.53 18.09 18.51 24.40 
8.56 5.88 3.78 1.28 5.67 6.98 7.66 8.68 9.45 11.33 13.80 13.55 14.21 13.00 15.90 15.86 15.19 13.35 12.87 12.67 11.45 10.96 10.41 10.64 11.53 12.88 13.45 12.62 13.96 11.90 13.26 13.25 12.18 12.91 13.73 13.76 12.96 12.48 11.82 12.31 10.27 9.04 9.09 10.08 8.00 11.73 12.25 13.47 15.30 13.51 11.60 16.17 18.26 15.78 16.48 24.09 
10.61 8.36 6.72 5.67 1.43 4.90 5.66 6.70 7.39 9.04 10.64 10.83 11.79 11.40 13.06 14.46 14.71 12.93 13.02 11.97 10.98 9.55 9.42 9.84 12.17 13.33 14.79 13.94 14.49 12.17 13.40 13.63 12.73 12.05 13.03 13.21 13.76 13.50 12.78 11.48 10.62 10.33 8.49 8.94 8.57 10.26 9.50 11.33 14.27 12.54 10.71 14.41 17.19 13.79 14.13 24.03 
12.39 11.26 8.21 6.98 4.90 2.83 6.30 7.14 8.28 10.68 12.63 13.02 14.45 14.16 15.59 16.94 16.78 15.71 14.74 13.81 12.21 10.81 11.46 11.19 12.24 14.76 16.58 15.29 15.97 13.71 14.66 14.93 14.49 14.02 14.15 15.45 15.98 15.51 13.83 13.55 12.32 12.29 10.98 11.32 10.65 13.62 12.91 14.57 16.31 15.77 13.94 17.33 18.14 17.14 17.05 25.92 
14.80 11.75 9.83 7.66 5.66 6.30 1.16 5.61 7.22 9.13 10.69 11.98 14.03 14.31 15.92 16.32 16.06 14.59 14.18 13.10 11.99 12.23 12.33 12.89 12.92 14.86 17.53 16.12 17.01 14.38 15.44 14.75 14.70 13.92 14.26 14.82 15.95 14.67 14.12 12.43 10.74 10.40 11.20 9.96 9.71 13.67 14.10 14.24 16.35 16.91 15.24 17.58 19.02 17.16 17.81 23.29 
14.89 13.65 10.63 8.68 6.70 7.14 5.61 0.52 5.11 6.92 7.78 9.42 12.43 12.17 13.78 14.89 15.62 13.68 12.94 12.04 12.08 9.71 11.96 13.34 14.66 16.38 18.03 17.55 17.35 14.46 15.84 15.70 13.94 14.09 13.77 14.47 15.07 15.01 13.09 12.94 12.37 12.61 11.74 12.02 11.64 15.32 15.50 16.62 18.64 17.73 15.73 19.37 20.34 18.05 18.25 23.99 
16.92 14.89 12.11 9.45 7.39 8.28 7.22 5.11 0.00 5.24 6.65 7.94 10.58 11.81 12.71 13.93 13.20 12.14 12.41 12.79 10.21 8.99 12.22 15.30 16.47 17.36 19.79 19.29 18.76 15.02 16.44 15.48 14.88 13.54 13.16 12.14 15.27 12.86 13.56 11.45 12.93 14.08 13.31 13.79 14.28 17.06 15.80 17.42 19.97 19.47 16.23 19.84 23.81 20.70 20.24 23.80 
18.36 17.50 14.32 11.33 9.04 10.68 9.13 6.92 5.24 0.00 5.79 6.65 8.93 10.24 12.14 13.25 13.47 12.13 12.04 13.21 12.40 11.84 13.73 16.50 17.38 19.65 21.70 20.10 18.91 16.23 17.17 15.55 13.99 12.22 13.60 11.08 13.54 10.46 10.39 9.26 11.05 14.09 14.21 14.24 14.16 17.68 16.75 17.82 20.56 19.50 17.83 21.69 23.35 21.75 21.15 24.08 
20.71 19.15 16.85 13.80 10.64 12.63 10.69 7.78 6.65 5.79 0.96 5.46 7.39 8.51 10.70 12.14 12.07 11.18 12.29 12.81 13.51 15.06 16.53 18.25 19.02 21.23 23.09 21.01 19.88 16.72 17.60 14.86 13.00 13.24 12.52 10.07 10.62 9.05 11.64 9.32 10.52 14.27 14.27 14.13 15.41 18.32 17.66 18.29 20.65 20.57 18.92 22.26 24.48 23.03 23.06 25.54 
19.96 18.17 16.39 13.55 10.83 13.02 11.98 9.42 7.94 6.65 5.46 0.00 5.28 5.73 7.93 9.31 10.38 9.97 10.58 11.24 12.34 12.86 15.51 16.72 18.21 20.31 21.74 19.68 17.87 15.42 15.99 13.30 10.94 9.88 9.03 4.44 5.49 6.77 5.36 6.42 8.86 13.62 11.86 12.81 13.90 17.73 15.46 17.30 19.62 19.31 17.27 22.04 24.14 23.88 21.44 25.36 
20.30 19.15 16.94 14.21 11.79 14.45 14.03 12.43 10.58 8.93 7.39 5.28 1.53 5.00 6.86 9.00 9.95 10.34 13.08 13.76 14.27 14.49 18.40 19.49 21.48 22.13 24.37 21.63 19.46 16.40 18.01 14.89 15.53 12.64 10.04 4.68 6.85 3.37 7.68 9.68 12.19 15.87 15.33 15.05 16.21 18.43 17.18 18.96 21.36 20.48 17.59 21.78 24.82 23.43 20.90 25.18 
19.89 18.18 16.83 13.00 11.40 14.16 14.31 12.17 11.81 10.24 8.51 5.73 5.00 0.00 4.94 5.89 8.32 8.63 11.02 12.78 13.69 14.77 18.52 19.81 21.99 23.67 24.71 22.25 18.31 16.19 17.16 14.31 12.59 8.44 7.57 4.24 2.17 0.00 6.20 9.69 8.73 12.61 12.48 14.38 13.66 16.31 14.95 17.25 19.41 18.30 15.59 20.44 23.27 21.64 19.55 23.71 
21.05 20.46 19.17 15.90 13.06 15.59 15.92 13.78 12.71 12.14 10.70 7.93 6.86 4.94 0.31 5.20 6.57 7.74 10.59 13.88 15.24 17.62 20.93 22.36 24.27 25.97 27.05 24.17 20.63 16.47 17.66 14.51 14.36 9.53 9.41 6.49 8.95 7.71 12.07 11.15 12.54 13.88 15.36 14.52 16.76 17.59 16.76 18.08 20.01 19.20 16.90 20.95 23.55 22.52 21.51 24.87 
21.12 20.23 18.39 15.86 14.46 16.94 16.32 14.89 13.93 13.25 12.14 9.31 9.00 5.89 5.20 0.00 4.89 5.09 8.46 11.48 13.58 16.09 19.22 22.03 25.03 25.47 26.30 24.11 20.89 17.12 18.00 13.36 11.83 6.59 7.13 6.67 9.35 11.70 10.94 10.54 10.95 14.39 13.39 13.58 15.71 16.23 15.37 16.76 19.90 18.28 16.75 20.71 23.51 22.15 20.76 24.22 
20.61 19.24 16.86 15.19 14.71 16.78 16.06 15.62 13.20 13.47 12.07 10.38 9.95 8.32 6.57 4.89 0.00 4.88 6.24 10.35 13.22 15.92 18.43 21.21 24.29 25.15 24.43 22.78 20.19 15.66 15.24 12.30 10.13 6.17 7.42 7.27 8.96 9.53 11.21 10.27 8.97 12.49 11.78 12.42 14.51 14.47 13.19 14.13 17.57 16.53 14.86 18.26 22.14 21.42 19.86 23.12 
19.03 17.17 15.14 13.35 12.93 15.71 14.59 13.68 12.14 12.13 11.18 9.97 10.34 8.63 7.74 5.09 4.88 0.00 4.28 6.18 10.27 12.79 15.22 17.11 21.07 22.41 22.89 20.31 17.79 13.83 14.13 9.97 8.87 6.28 8.42 8.98 12.06 11.61 11.14 11.88 9.55 11.33 10.68 10.68 10.23 12.49 11.01 12.38 15.27 14.93 12.92 16.26 20.26 19.64 18.41 21.89 
18.80 17.54 16.04 12.87 13.02 14.74 14.18 12.94 12.41 12.04 12.29 10.58 13.08 11.02 10.59 8.46 6.24 4.28 0.00 5.29 7.01 10.84 14.03 15.77 19.29 21.18 21.72 18.42 15.99 13.23 11.55 10.05 9.50 8.69 10.05 11.49 14.92 13.81 15.83 13.81 13.26 14.13 12.65 10.25 12.30 11.21 12.45 13.49 15.90 14.56 13.93 16.70 19.56 18.92 18.56 21.65 
17.84 16.99 14.17 12.67 11.97 13.81 13.10 12.04 12.79 13.21 12.81 11.24 13.76 12.78 13.88 11.48 10.35 6.18 5.29 0.00 5.89 8.12 11.19 13.48 17.53 19.56 19.87 18.01 15.63 11.44 10.75 8.47 8.55 7.50 10.91 12.50 13.75 15.31 13.58 13.34 11.85 12.59 9.63 6.92 8.20 7.96 9.55 10.83 14.59 13.28 12.94 16.85 20.09 19.67 18.11 21.18 
17.45 14.78 13.59 11.45 10.98 12.21 11.99 12.08 10.21 12.40 13.51 12.34 14.27 13.69 15.24 13.58 13.22 10.27 7.01 5.89 2.35 5.69 7.26 9.88 14.62 15.10 15.85 14.87 12.63 9.42 7.19 8.16 8.32 8.63 12.56 14.24 14.20 15.74 15.80 14.99 14.45 14.11 12.42 9.35 9.91 10.92 10.98 10.62 14.88 13.57 12.28 15.15 18.96 18.08 16.55 20.69 
16.31 15.10 13.01 10.96 9.55 10.81 12.23 9.71 8.99 11.84 15.06 12.86 14.49 14.77 17.62 16.09 15.92 12.79 10.84 8.12 5.69 1.46 5.68 6.78 11.53 13.92 14.25 12.14 10.52 8.17 7.03 6.92 8.45 10.95 14.45 16.11 15.31 18.18 16.38 15.78 13.56 15.80 12.90 12.07 11.28 12.33 12.22 12.38 14.58 14.59 13.12 17.37 19.43 19.20 17.94 20.85 
15.92 14.02 13.83 10.41 9.42 11.46 12.33 11.96 12.22 13.73 16.53 15.51 18.40 18.52 20.93 19.22 18.43 15.22 14.03 11.19 7.26 5.68 2.75 5.61 8.71 11.94 12.61 10.97 9.04 8.37 6.66 9.24 10.08 12.18 16.49 18.19 17.00 18.44 18.12 17.58 15.89 16.34 14.41 12.88 14.25 13.88 12.55 13.84 14.57 14.65 12.14 17.43 20.13 19.10 17.74 21.02 
15.17 14.45 12.44 10.64 9.84 11.19 12.89 13.34 15.30 16.50 18.25 16.72 19.49 19.81 22.36 22.03 21.21 17.11 15.77 13.48 9.88 6.78 5.61 2.55 6.82 8.02 8.81 8.09 8.25 6.38 4.16 8.75 12.02 12.25 15.79 19.32 18.99 20.54 19.89 19.47 18.56 18.35 16.25 14.89 15.20 14.73 13.71 12.98 15.86 14.82 13.35 18.32 20.49 20.01 18.24 21.01 
16.91 13.74 12.27 11.53 12.17 12.24 12.92 14.66 16.47 17.38 19.02 18.21 21.48 21.99 24.27 25.03 24.29 21.07 19.29 17.53 14.62 11.53 8.71 6.82 4.53 6.99 8.20 8.47 9.08 9.36 9.43 11.54 12.87 15.19 17.91 21.58 21.57 22.55 21.61 22.13 20.77 20.99 19.17 17.84 17.46 17.23 15.62 15.07 14.97 16.19 14.19 17.17 20.13 20.18 19.15 22.50 
17.25 15.61 13.51 12.88 13.33 14.76 14.86 16.38 17.36 19.65 21.23 20.31 22.13 23.67 25.97 25.47 25.15 22.41 21.18 19.56 15.10 13.92 11.94 8.02 6.99 2.98 6.92 7.33 8.69 11.00 11.09 14.29 14.55 17.19 20.82 23.26 23.24 24.43 23.46 23.17 21.85 22.24 19.97 19.63 17.62 17.88 16.85 15.84 16.76 15.85 14.23 18.21 20.47 19.74 19.53 21.92 
17.01 15.22 14.47 13.45 14.79 16.58 17.53 18.03 19.79 21.70 23.09 21.74 24.37 24.71 27.05 26.30 24.43 22.89 21.72 19.87 15.85 14.25 12.61 8.81 8.20 6.92 3.34 5.44 7.18 8.66 8.33 13.42 15.26 15.77 19.70 22.57 23.21 22.99 22.93 23.44 22.75 22.66 20.49 20.05 17.82 18.56 16.81 16.66 17.41 16.57 14.20 18.16 20.76 19.89 19.53 22.15 
16.27 14.43 13.43 12.62 13.94 15.29 16.12 17.55 19.29 20.10 21.01 19.68 21.63 22.25 24.17 24.11 22.78 20.31 18.42 18.01 14.87 12.14 10.97 8.09 8.47 7.33 5.44 1.77 6.79 8.20 7.91 11.91 13.49 15.02 18.23 21.79 21.46 21.46 21.27 21.61 20.60 20.61 18.64 17.64 16.20 17.09 15.42 14.31 16.19 16.03 13.63 16.46 19.30 18.54 18.10 20.62 
18.38 16.24 15.67 13.96 14.49 15.97 17.01 17.35 18.76 18.91 19.88 17.87 19.46 18.31 20.63 20.89 20.19 17.79 15.99 15.63 12.63 10.52 9.04 8.25 9.08 8.69 7.18 6.79 3.42 7.01 6.99 10.35 11.56 13.39 17.13 18.33 19.17 20.14 19.50 19.58 18.74 19.34 16.59 15.90 14.42 15.65 14.15 14.43 16.52 16.26 13.21 14.65 18.25 18.14 16.26 20.31 
16.60 14.47 14.25 11.90 12.17 13.71 14.38 14.46 15.02 16.23 16.72 15.42 16.40 16.19 16.47 17.12 15.66 13.83 13.23 11.44 9.42 8.17 8.37 6.38 9.36 11.00 8.66 8.20 7.01 2.66 6.56 8.60 9.13 11.00 14.66 16.39 15.84 17.14 17.29 15.24 14.24 14.46 12.97 12.09 11.46 12.46 11.42 11.67 14.35 12.76 9.46 12.54 17.49 14.99 13.38 16.70 
16.76 15.66 14.85 13.26 13.40 14.66 15.44 15.84 16.44 17.17 17.60 15.99 18.01 17.16 17.66 18.00 15.24 14.13 11.55 10.75 7.19 7.03 6.66 4.16 9.43 11.09 8.33 7.91 6.99 6.56 0.99 7.52 9.27 10.42 13.36 15.72 15.76 17.05 16.27 15.37 14.44 15.98 14.17 13.93 12.73 15.08 13.43 14.59 17.08 15.89 13.19 15.50 18.90 17.20 15.21 18.93 
17.80 16.79 14.95 13.25 13.63 14.93 14.75 15.70 15.48 15.55 14.86 13.30 14.89 14.31 14.51 13.36 12.30 9.97 10.05 8.47 8.16 6.92 9.24 8.75 11.54 14.29 13.42 11.91 10.35 8.60 7.52 3.68 7.16 7.55 10.40 12.45 13.20 14.77 14.16 13.12 12.94 14.62 13.27 12.76 13.14 15.11 13.48 14.16 16.89 16.00 13.23 16.13 19.11 17.67 16.44 19.01 
17.78 16.44 14.62 12.18 12.73 14.49 14.70 13.94 14.88 13.99 13.00 10.94 15.53 12.59 14.36 11.83 10.13 8.87 9.50 8.55 8.32 8.45 10.08 12.02 12.87 14.55 15.26 13.49 11.56 9.13 9.27 7.16 4.33 6.03 6.56 7.56 9.26 11.12 10.05 7.94 7.43 11.29 9.21 8.59 9.89 13.09 12.54 13.19 16.83 14.47 11.74 14.09 18.65 17.05 14.92 19.02 
17.44 16.43 14.69 12.91 12.05 14.02 13.92 14.09 13.54 12.22 13.24 9.88 12.64 8.44 9.53 6.59 6.17 6.28 8.69 7.50 8.63 10.95 12.18 12.25 15.19 17.19 15.77 15.02 13.39 11.00 10.42 7.55 6.03 4.16 6.65 7.76 9.00 11.51 12.20 9.63 10.68 13.50 11.67 11.85 13.12 15.94 14.97 16.62 18.51 16.42 13.11 16.48 20.85 18.00 16.59 19.28 
17.11 16.38 15.40 13.73 13.03 14.15 14.26 13.77 13.16 13.60 12.52 9.03 10.04 7.57 9.41 7.13 7.42 8.42 10.05 10.91 12.56 14.45 16.49 15.79 17.91 20.82 19.70 18.23 17.13 14.66 13.36 10.40 6.56 6.65 4.40 6.38 6.35 9.44 8.99 7.87 8.38 12.72 10.86 11.50 13.39 16.53 15.97 16.86 18.92 17.30 14.57 18.19 21.24 19.36 18.79 21.02 
17.78 17.51 15.72 13.76 13.21 15.45 14.82 14.47 12.14 11.08 10.07 4.44 4.68 4.24 6.49 6.67 7.27 8.98 11.49 12.50 14.24 16.11 18.19 19.32 21.58 23.26 22.57 21.79 18.33 16.39 15.72 12.45 7.56 7.76 6.38 3.53 5.70 7.01 8.78 9.91 10.60 13.55 11.82 12.73 15.30 17.81 16.20 18.64 20.92 18.51 14.88 18.97 22.03 20.98 18.42 21.01 
18.35 17.36 15.34 12.96 13.76 15.98 15.95 15.07 15.27 13.54 10.62 5.49 6.85 2.17 8.95 9.35 8.96 12.06 14.92 13.75 14.20 15.31 17.00 18.99 21.57 23.24 23.21 21.46 19.17 15.84 15.76 13.20 9.26 9.00 6.35 5.70 3.13 6.07 6.60 7.45 8.73 13.09 11.16 12.09 14.13 16.63 15.73 18.82 20.44 18.31 14.25 17.99 22.11 20.20 18.02 21.80 
18.42 17.04 14.79 12.48 13.50 15.51 14.67 15.01 12.86 10.46 9.05 6.77 3.37 0.00 7.71 11.70 9.53 11.61 13.81 15.31 15.74 18.18 18.44 20.54 22.55 24.43 22.99 21.46 20.14 17.14 17.05 14.77 11.12 11.51 9.44 7.01 6.07 3.22 6.37 7.56 9.68 12.01 11.84 14.00 15.39 17.35 16.60 19.13 20.82 19.01 14.95 19.50 22.49 21.23 18.72 21.22 
17.14 15.94 14.30 11.82 12.78 13.83 14.12 13.09 13.56 10.39 11.64 5.36 7.68 6.20 12.07 10.94 11.21 11.14 15.83 13.58 15.80 16.38 18.12 19.89 21.61 23.46 22.93 21.27 19.50 17.29 16.27 14.16 10.05 12.20 8.99 8.78 6.60 6.37 3.27 6.69 7.68 10.74 11.26 12.04 14.41 16.20 16.39 18.90 20.18 17.82 13.89 19.30 22.56 20.46 18.58 21.63 
17.06 16.29 14.45 12.31 11.48 13.55 12.43 12.94 11.45 9.26 9.32 6.42 9.68 9.69 11.15 10.54 10.27 11.88 13.81 13.34 14.99 15.78 17.58 19.47 22.13 23.17 23.44 21.61 19.58 15.24 15.37 13.12 7.94 9.63 7.87 9.91 7.45 7.56 6.69 2.52 4.90 8.50 7.25 9.21 11.48 15.09 14.57 17.29 18.97 17.83 13.47 19.13 21.75 20.75 18.17 20.20 
16.93 15.90 13.10 10.27 10.62 12.32 10.74 12.37 12.93 11.05 10.52 8.86 12.19 8.73 12.54 10.95 8.97 9.55 13.26 11.85 14.45 13.56 15.89 18.56 20.77 21.85 22.75 20.60 18.74 14.24 14.44 12.94 7.43 10.68 8.38 10.60 8.73 9.68 7.68 4.90 2.86 6.87 4.96 6.66 9.49 12.88 12.67 15.22 17.21 15.80 12.42 17.53 20.08 19.53 17.36 20.97 
16.41 15.52 12.50 9.04 10.33 12.29 10.40 12.61 14.08 14.09 14.27 13.62 15.87 12.61 13.88 14.39 12.49 11.33 14.13 12.59 14.11 15.80 16.34 18.35 20.99 22.24 22.66 20.61 19.34 14.46 15.98 14.62 11.29 13.50 12.72 13.55 13.09 12.01 10.74 8.50 6.87 4.97 5.86 7.42 9.76 13.24 13.06 15.66 16.85 15.45 12.75 18.62 20.03 19.38 18.28 19.79 
14.80 14.27 12.55 9.09 8.49 10.98 11.20 11.74 13.31 14.21 14.27 11.86 15.33 12.48 15.36 13.39 11.78 10.68 12.65 9.63 12.42 12.90 14.41 16.25 19.17 19.97 20.49 18.64 16.59 12.97 14.17 13.27 9.21 11.67 10.86 11.82 11.16 11.84 11.26 7.25 4.96 5.86 3.38 4.58 6.45 8.69 10.74 12.00 13.37 10.44 9.06 13.69 18.27 16.14 15.06 18.59 
15.08 14.69 13.28 10.08 8.94 11.32 9.96 12.02 13.79 14.24 14.13 12.81 15.05 14.38 14.52 13.58 12.42 10.68 10.25 6.92 9.35 12.07 12.88 14.89 17.84 19.63 20.05 17.64 15.90 12.09 13.93 12.76 8.59 11.85 11.50 12.73 12.09 14.00 12.04 9.21 6.66 7.42 4.58 2.83 5.93 8.15 8.16 10.60 12.60 12.26 8.63 14.92 17.17 16.43 15.69 18.43 
15.05 14.31 11.96 8.00 8.57 10.65 9.71 11.64 14.28 14.16 15.41 13.90 16.21 13.66 16.76 15.71 14.51 10.23 12.30 8.20 9.91 11.28 14.25 15.20 17.46 17.62 17.82 16.20 14.42 11.46 12.73 13.14 9.89 13.12 13.39 15.30 14.13 15.39 14.41 11.48 9.49 9.76 6.45 5.93 2.61 5.80 6.12 8.09 9.20 8.51 7.59 10.95 16.04 14.49 14.40 17.99 
15.91 15.48 14.71 11.73 10.26 13.62 13.67 15.32 17.06 17.68 18.32 17.73 18.43 16.31 17.59 16.23 14.47 12.49 11.21 7.96 10.92 12.33 13.88 14.73 17.23 17.88 18.56 17.09 15.65 12.46 15.08 15.11 13.09 15.94 16.53 17.81 16.63 17.35 16.20 15.09 12.88 13.24 8.69 8.15 5.80 2.53 5.73 7.07 7.38 7.33 8.12 13.53 14.04 14.13 13.82 17.51 
14.86 14.45 14.75 12.25 9.50 12.91 14.10 15.50 15.80 16.75 17.66 15.46 17.18 14.95 16.76 15.37 13.19 11.01 12.45 9.55 10.98 12.22 12.55 13.71 15.62 16.85 16.81 15.42 14.15 11.42 13.43 13.48 12.54 14.97 15.97 16.20 15.73 16.60 16.39 14.57 12.67 13.06 10.74 8.16 6.12 5.73 3.35 6.26 6.69 5.99 7.50 8.30 13.77 11.11 11.81 14.77 
15.93 15.27 15.28 13.47 11.33 14.57 14.24 16.62 17.42 17.82 18.29 17.30 18.96 17.25 18.08 16.76 14.13 12.38 13.49 10.83 10.62 12.38 13.84 12.98 15.07 15.84 16.66 14.31 14.43 11.67 14.59 14.16 13.19 16.62 16.86 18.64 18.82 19.13 18.90 17.29 15.22 15.66 12.00 10.60 8.09 7.07 6.26 0.86 5.84 6.87 6.75 6.10 11.37 12.60 10.27 14.84 
17.77 17.72 17.04 15.30 14.27 16.31 16.35 18.64 19.97 20.56 20.65 19.62 21.36 19.41 20.01 19.90 17.57 15.27 15.90 14.59 14.88 14.58 14.57 15.86 14.97 16.76 17.41 16.19 16.52 14.35 17.08 16.89 16.83 18.51 18.92 20.92 20.44 20.82 20.18 18.97 17.21 16.85 13.37 12.60 9.20 7.38 6.69 5.84 2.98 6.59 8.04 7.28 8.97 10.04 10.68 16.00 
16.94 15.75 16.53 13.51 12.54 15.77 16.91 17.73 19.47 19.50 20.57 19.31 20.48 18.30 19.20 18.28 16.53 14.93 14.56 13.28 13.57 14.59 14.65 14.82 16.19 15.85 16.57 16.03 16.26 12.76 15.89 16.00 14.47 16.42 17.30 18.51 18.31 19.01 17.82 17.83 15.80 15.45 10.44 12.26 8.51 7.33 5.99 6.87 6.59 0.95 6.23 7.97 7.86 9.28 7.30 15.59 
15.88 14.72 14.52 11.60 10.71 13.94 15.24 15.73 16.23 17.83 18.92 17.27 17.59 15.59 16.90 16.75 14.86 12.92 13.93 12.94 12.28 13.12 12.14 13.35 14.19 14.23 14.20 13.63 13.21 9.46 13.19 13.23 11.74 13.11 14.57 14.88 14.25 14.95 13.89 13.47 12.42 12.75 9.06 8.63 7.59 8.12 7.50 6.75 8.04 6.23 2.82 2.66 4.45 5.03 2.16 9.37 
18.77 18.07 17.32 16.17 14.41 17.33 17.58 19.37 19.84 21.69 22.26 22.04 21.78 20.44 20.95 20.71 18.26 16.26 16.70 16.85 15.15 17.37 17.43 18.32 17.17 18.21 18.16 16.46 14.65 12.54 15.50 16.13 14.09 16.48 18.19 18.97 17.99 19.50 19.30 19.13 17.53 18.62 13.69 14.92 10.95 13.53 8.30 6.10 7.28 7.97 2.66 0.00 5.52 7.09 3.51 9.13 
20.62 19.29 20.53 18.26 17.19 18.14 19.02 20.34 23.81 23.35 24.48 24.14 24.82 23.27 23.55 23.51 22.14 20.26 19.56 20.09 18.96 19.43 20.13 20.49 20.13 20.47 20.76 19.30 18.25 17.49 18.90 19.11 18.65 20.85 21.24 22.03 22.11 22.49 22.56 21.75 20.08 20.03 18.27 17.17 16.04 14.04 13.77 11.37 8.97 7.86 4.45 5.52 0.00 0.49 1.21 10.10 
18.51 18.28 18.09 15.78 13.79 17.14 17.16 18.05 20.70 21.75 23.03 23.88 23.43 21.64 22.52 22.15 21.42 19.64 18.92 19.67 18.08 19.20 19.10 20.01 20.18 19.74 19.89 18.54 18.14 14.99 17.20 17.67 17.05 18.00 19.36 20.98 20.20 21.23 20.46 20.75 19.53 19.38 16.14 16.43 14.49 14.13 11.11 12.60 10.04 9.28 5.03 7.09 0.49 0.00 0.00 5.84 
19.44 18.59 18.51 16.48 14.13 17.05 17.81 18.25 20.24 21.15 23.06 21.44 20.90 19.55 21.51 20.76 19.86 18.41 18.56 18.11 16.55 17.94 17.74 18.24 19.15 19.53 19.53 18.10 16.26 13.38 15.21 16.44 14.92 16.59 18.79 18.42 18.02 18.72 18.58 18.17 17.36 18.28 15.06 15.69 14.40 13.82 11.81 10.27 10.68 7.30 2.16 3.51 1.21 0.00 0.00 5.93 
29.23 31.24 24.40 24.09 24.03 25.92 23.29 23.99 23.80 24.08 25.54 25.36 25.18 23.71 24.87 24.22 23.12 21.89 21.65 21.18 20.69 20.85 21.02 21.01 22.50 21.92 22.15 20.62 20.31 16.70 18.93 19.01 19.02 19.28 21.02 21.01 21.80 21.22 21.63 20.20 20.97 19.79 18.59 18.43 17.99 17.51 14.77 14.84 16.00 15.59 9.37 9.13 10.10 5.84 5.93 16.34 
