0.00 4.49 6.19 9.77 11.21 14.52 18.85 21.28 23.38 24.35 24.06 23.00 22.08 19.92 19.50 19.06 18.49 18.80 18.62 17.13 16.33 16.79 15.00 14.72 16.20 15.87 14.61 14.76 11.73 12.89 13.17 14.69 14.01 15.97 17.32 18.91 20.81 23.66 25.01 25.01 24.11 24.30 24.20 23.75 23.91 22.97 20.97 19.58 20.85 19.33 17.61 17.21 18.74 18.16 18.23 19.81 21.42 21.54 21.16 21.13 20.17 19.38 18.13 16.70 15.92 14.55 14.58 14.26 13.47 13.82 16.07 17.85 18.14 18.91 19.18 19.44 19.63 19.87 20.92 21.47 20.70 20.31 21.68 22.28 22.22 21.83 24.02 
4.49 0.00 2.48 5.25 9.00 11.59 14.95 16.95 19.85 21.53 21.00 19.54 18.47 16.45 16.80 15.08 14.89 15.14 15.04 12.76 12.77 13.07 11.37 10.94 13.56 13.24 12.25 11.62 9.06 9.99 9.91 10.51 9.99 11.47 13.85 14.85 17.01 19.93 22.19 21.26 20.34 20.40 20.66 20.07 19.92 19.45 17.60 16.06 17.44 16.40 14.12 14.10 15.95 14.35 15.18 17.06 18.34 18.41 18.51 18.93 17.10 16.58 14.85 14.18 11.80 10.73 10.41 10.48 9.38 9.78 12.30 14.58 14.71 15.50 15.61 15.91 15.54 16.31 18.19 18.95 17.75 16.12 17.49 20.97 19.15 19.12 21.49 
6.19 2.48 0.60 5.02 7.39 10.34 13.07 14.84 17.59 19.79 19.56 17.48 16.24 14.87 15.33 13.20 13.62 14.03 14.01 11.57 12.53 13.44 12.43 11.61 14.79 14.61 13.66 13.56 11.18 10.46 9.16 10.09 9.20 10.12 12.08 13.30 14.54 17.71 20.90 20.26 18.59 19.08 19.82 18.96 18.04 17.76 16.76 14.96 15.63 14.52 13.50 13.92 14.58 13.04 15.03 17.38 17.70 17.84 18.40 18.68 16.95 16.35 14.99 13.40 11.11 10.47 10.94 9.79 9.72 10.23 12.79 14.10 14.58 15.19 15.90 15.31 15.07 15.90 17.87 19.29 18.56 17.54 17.79 20.66 20.60 20.47 21.83 
9.77 5.25 5.02 0.00 5.34 6.79 9.00 9.80 13.95 15.71 14.68 13.14 12.69 11.42 12.69 11.24 10.84 11.70 11.89 9.24 10.55 11.68 10.71 9.70 13.53 14.58 13.05 13.65 11.72 10.91 9.20 9.37 9.52 9.15 10.65 11.77 12.87 14.90 17.99 17.32 15.83 15.99 16.85 16.24 15.60 16.03 14.78 13.07 13.90 13.42 12.35 12.23 13.93 12.98 14.14 15.70 16.62 16.21 16.40 16.54 14.93 14.23 12.42 11.17 8.95 8.13 8.63 8.12 9.01 10.20 12.78 14.36 15.06 15.51 15.02 14.11 13.97 15.16 17.18 17.07 16.64 14.44 17.24 19.90 20.13 18.59 25.82 
11.21 9.00 7.39 5.34 0.00 5.70 7.09 10.10 12.85 14.66 12.86 11.95 11.78 9.29 10.56 11.32 10.21 11.71 12.53 11.08 11.04 13.04 11.87 11.46 15.00 16.20 16.06 16.81 13.38 13.64 10.74 11.58 7.55 9.68 10.26 11.90 13.39 16.33 17.20 17.20 16.41 16.64 16.71 16.35 17.11 17.51 15.82 14.02 15.96 15.22 13.68 13.82 16.02 15.15 15.08 16.45 17.29 17.06 16.68 17.08 15.73 14.25 12.62 11.20 9.44 8.19 9.51 9.66 10.00 11.88 15.43 16.75 16.50 16.86 16.09 15.29 14.79 15.57 16.73 18.15 17.23 17.15 20.14 19.74 17.51 18.19 22.85 
14.52 11.59 10.34 6.79 5.70 0.00 6.49 7.78 12.16 14.42 12.85 11.23 10.36 9.00 11.42 9.61 8.68 11.28 12.63 9.87 10.17 13.81 13.61 13.07 16.03 18.15 18.04 18.66 14.50 14.51 11.89 9.57 6.42 7.84 10.30 10.25 11.47 15.39 17.11 17.15 15.80 16.32 16.54 16.33 16.96 17.53 15.68 13.83 16.15 15.71 13.57 14.03 16.63 15.52 15.20 16.91 17.41 17.71 17.41 18.23 15.48 14.87 12.78 11.48 8.67 9.24 10.19 11.32 12.31 14.72 17.09 19.50 18.43 19.32 17.66 16.60 15.42 16.88 17.62 19.62 18.21 17.38 19.97 21.68 18.50 19.25 22.74 
18.85 14.95 13.07 9.00 7.09 6.49 1.64 6.61 10.12 11.93 12.72 9.74 9.41 9.52 11.42 10.46 10.37 13.77 14.06 12.52 13.66 17.49 17.44 17.28 19.74 21.36 21.55 23.07 18.30 17.60 14.51 13.58 9.80 9.68 9.64 10.58 11.10 14.74 17.21 17.12 15.77 16.34 16.60 16.30 16.84 17.68 15.85 13.75 16.24 16.20 14.43 14.61 17.21 16.17 16.04 17.52 18.39 18.99 18.69 17.86 15.27 14.81 12.34 9.50 8.19 9.91 11.50 12.35 14.93 17.08 19.47 21.17 21.35 21.58 20.16 18.22 16.88 17.28 18.01 20.46 19.68 18.93 20.48 20.74 19.29 19.41 22.86 
21.28 16.95 14.84 9.80 10.10 7.78 6.61 0.73 6.58 8.71 8.56 7.44 9.31 9.44 11.68 11.77 11.70 14.96 16.06 15.00 16.95 19.31 19.01 19.20 21.86 23.50 23.56 24.96 20.34 19.76 16.50 16.19 13.83 10.67 10.08 10.40 11.45 14.08 16.84 17.54 17.09 17.29 17.48 17.78 18.71 19.70 17.34 16.08 18.10 18.52 17.00 17.31 19.43 18.75 18.55 19.91 20.43 20.56 20.06 19.77 17.05 16.32 13.51 12.52 11.19 12.64 14.77 16.29 18.18 20.64 22.34 24.14 24.33 24.45 22.46 20.49 19.65 20.61 20.62 21.86 20.53 19.23 21.10 22.45 19.90 20.33 24.64 
23.38 19.85 17.59 13.95 12.85 12.16 10.12 6.58 2.00 6.79 6.46 8.81 11.68 10.51 12.95 13.89 13.17 16.53 17.50 17.15 18.35 21.33 20.76 20.88 24.10 25.37 26.03 27.29 22.81 22.27 20.10 19.07 15.31 14.12 12.94 12.76 12.94 15.20 17.87 19.38 19.79 20.56 20.43 21.36 21.68 22.74 21.03 20.01 22.02 22.01 20.07 20.74 22.77 21.53 20.94 22.33 22.35 22.07 20.70 19.82 17.33 17.01 15.67 14.74 14.18 15.37 18.54 19.16 20.62 22.69 25.52 26.72 27.02 26.67 25.30 23.21 22.61 21.92 22.23 23.18 21.71 20.25 22.03 23.30 21.65 22.12 24.48 
24.35 21.53 19.79 15.71 14.66 14.42 11.93 8.71 6.79 0.55 5.66 7.77 9.53 11.46 13.60 14.03 13.32 16.80 17.78 16.67 18.34 21.67 21.25 21.44 25.03 26.46 26.91 28.30 24.89 24.47 21.81 20.72 16.53 15.92 15.79 14.20 14.48 17.06 19.50 20.44 20.85 21.74 22.60 22.80 22.97 24.30 22.71 21.73 23.14 23.20 21.37 21.95 24.09 23.05 22.15 23.41 23.30 23.20 21.74 20.46 17.57 18.52 17.17 16.01 14.73 16.71 19.32 19.87 21.32 23.55 26.55 27.69 27.54 27.77 26.03 23.54 22.43 22.39 22.93 23.34 21.85 19.63 22.02 23.98 21.60 21.44 24.38 
24.06 21.00 19.56 14.68 12.86 12.85 12.72 8.56 6.46 5.66 2.13 5.87 8.13 8.51 11.70 11.16 10.90 14.48 15.48 14.62 16.59 19.37 19.13 19.68 23.52 24.52 25.45 26.75 23.64 22.34 20.01 19.33 15.94 14.57 14.00 13.29 13.05 15.07 17.82 18.63 18.50 20.04 20.56 21.07 20.78 22.26 21.25 19.68 21.03 21.20 19.49 20.16 22.11 21.17 20.26 21.24 21.03 21.13 19.36 17.93 15.42 15.75 14.73 13.48 12.70 14.36 16.88 17.63 19.33 21.47 24.60 25.73 25.63 25.56 24.05 21.31 19.68 19.94 19.84 21.20 19.91 18.54 20.06 22.25 20.71 21.92 24.06 
23.00 19.54 17.48 13.14 11.95 11.23 9.74 7.44 8.81 7.77 5.87 0.00 7.11 8.48 9.00 9.91 10.21 13.28 14.37 13.74 15.43 17.50 17.54 18.17 21.34 22.93 24.03 25.35 21.49 20.93 19.19 18.76 15.68 14.14 12.95 12.27 11.92 14.38 17.31 18.56 18.40 19.38 20.00 20.65 20.47 21.90 20.39 19.37 20.71 20.90 19.39 19.74 21.69 20.77 19.71 20.78 20.48 20.01 18.29 17.66 14.88 13.70 12.32 12.48 11.53 13.32 15.14 16.19 18.24 20.14 23.04 24.42 24.03 24.08 21.58 19.81 18.23 18.74 18.26 19.70 18.50 17.42 19.42 22.01 20.48 20.96 23.54 
22.08 18.47 16.24 12.69 11.78 10.36 9.41 9.31 11.68 9.53 8.13 7.11 0.00 6.06 7.65 8.19 8.29 11.46 13.61 12.91 15.04 17.08 17.10 17.41 20.54 22.23 23.92 25.46 21.68 20.94 19.79 18.84 15.37 13.46 13.46 11.88 12.15 14.81 17.09 18.86 19.18 20.01 19.83 21.17 21.92 22.67 21.20 20.26 22.38 22.50 20.19 20.80 22.83 21.77 20.24 21.50 21.16 20.51 18.77 18.34 15.62 14.40 13.24 12.32 11.62 12.42 15.22 16.16 17.74 19.93 22.86 24.13 23.78 22.98 21.13 19.41 18.56 18.47 18.34 19.65 18.51 17.54 19.48 21.04 18.92 21.09 23.17 
19.92 16.45 14.87 11.42 9.29 9.00 9.52 9.44 10.51 11.46 8.51 8.48 6.06 0.00 5.98 6.66 6.13 8.57 9.80 9.96 12.10 13.92 13.95 14.43 17.71 19.44 20.56 22.36 19.79 19.30 17.57 16.28 13.17 12.49 12.66 10.48 11.66 14.20 16.97 17.73 18.24 18.67 18.77 19.51 20.54 21.21 19.87 18.80 20.81 20.77 18.95 19.16 21.40 20.02 18.86 19.60 19.41 18.88 17.20 16.36 13.82 12.52 11.25 10.85 9.54 9.94 12.49 13.99 15.42 17.12 19.88 21.45 20.53 20.73 18.46 16.62 15.73 15.82 15.67 17.01 15.85 14.59 16.69 19.57 18.36 18.23 21.25 
19.50 16.80 15.33 12.69 10.56 11.42 11.42 11.68 12.95 13.60 11.70 9.00 7.65 5.98 0.00 5.45 6.91 7.52 7.98 8.88 12.46 12.98 12.96 14.80 18.16 19.36 20.53 22.91 20.80 20.29 18.31 17.02 14.36 13.47 13.62 12.66 13.62 16.64 18.98 19.31 18.76 19.91 19.64 20.44 20.84 22.18 21.10 19.80 21.18 21.45 19.77 20.11 21.76 20.86 19.27 20.06 19.37 19.01 17.53 17.07 14.25 12.84 11.75 10.11 9.91 10.45 13.05 13.93 16.27 17.34 20.02 21.44 20.60 20.76 18.49 16.15 15.01 15.63 14.23 16.50 15.13 14.52 16.90 19.77 17.94 19.70 21.89 
19.06 15.08 13.20 11.24 11.32 9.61 10.46 11.77 13.89 14.03 11.16 9.91 8.19 6.66 5.45 0.00 5.43 7.64 7.15 6.92 10.37 11.95 11.11 13.18 16.69 17.58 18.72 21.28 18.68 18.41 16.65 16.75 12.81 12.93 13.04 11.52 12.58 16.47 18.75 18.72 18.51 19.58 19.32 20.14 21.03 22.05 20.51 19.55 21.15 21.39 19.24 19.70 21.68 20.51 18.88 20.15 19.63 19.02 17.39 16.79 13.85 13.08 10.75 8.48 7.81 9.64 11.57 11.04 13.47 15.67 18.09 19.82 19.12 18.64 15.91 14.06 13.04 13.16 12.18 14.51 13.42 13.15 15.42 18.80 17.85 17.97 20.82 
18.49 14.89 13.62 10.84 10.21 8.68 10.37 11.70 13.17 13.32 10.90 10.21 8.29 6.13 6.91 5.43 1.76 6.16 8.16 6.34 8.32 10.25 10.86 11.31 14.50 16.22 17.02 19.62 16.86 16.96 14.80 14.35 10.66 11.23 11.43 10.57 12.70 16.17 17.66 18.15 18.68 19.24 18.73 20.05 21.45 21.74 20.33 19.13 21.60 21.15 19.07 19.61 21.65 20.54 18.93 20.39 20.17 19.51 17.94 18.05 15.16 14.26 12.52 11.08 9.09 9.98 12.12 11.73 12.93 14.40 16.74 18.32 18.35 17.18 14.86 13.20 12.98 12.49 12.44 13.61 12.90 12.58 15.01 17.38 16.12 17.86 21.30 
18.80 15.14 14.03 11.70 11.71 11.28 13.77 14.96 16.53 16.80 14.48 13.28 11.46 8.57 7.52 7.64 6.16 1.71 6.44 7.62 6.93 8.02 9.80 11.57 13.05 14.54 16.43 18.83 16.70 16.69 14.50 14.11 11.62 11.84 13.10 12.55 15.69 18.72 20.32 20.54 21.27 21.61 21.00 21.93 23.04 23.17 21.78 21.14 22.83 22.70 20.91 21.20 22.86 21.89 20.90 22.61 21.97 21.82 20.53 20.62 17.59 17.33 15.16 14.34 12.94 12.14 13.12 13.72 14.13 15.85 18.48 19.74 18.91 18.81 15.89 14.20 13.77 14.23 12.07 14.80 14.29 13.91 14.34 17.89 17.64 17.82 20.65 
18.62 15.04 14.01 11.89 12.53 12.63 14.06 16.06 17.50 17.78 15.48 14.37 13.61 9.80 7.98 7.15 8.16 6.44 2.09 6.11 8.57 6.89 7.05 10.27 13.23 13.23 14.60 17.71 15.34 15.68 14.31 14.29 12.39 12.31 14.34 14.45 16.93 19.68 21.67 21.94 21.67 21.90 22.01 22.82 23.37 23.51 22.42 21.65 23.06 22.86 21.03 21.66 23.33 22.37 21.00 22.43 22.03 21.83 20.66 20.43 18.24 17.53 16.03 13.22 12.87 12.52 12.92 11.75 13.45 14.63 17.53 18.83 18.55 17.84 14.37 12.19 13.19 12.01 8.73 12.31 13.82 10.99 12.49 16.37 16.26 17.65 20.79 
17.13 12.76 11.57 9.24 11.08 9.87 12.52 15.00 17.15 16.67 14.62 13.74 12.91 9.96 8.88 6.92 6.34 7.62 6.11 0.00 5.62 7.47 6.30 6.83 10.08 11.76 11.90 14.77 12.50 13.70 11.21 12.80 9.06 10.77 12.40 12.84 15.09 18.52 19.97 20.63 20.39 21.28 20.93 21.91 22.70 23.04 21.33 20.85 22.46 22.19 19.95 20.88 22.72 21.55 19.90 21.47 21.34 20.82 19.49 19.35 16.95 16.97 14.46 11.12 10.47 11.52 10.61 8.10 10.41 12.99 14.70 15.92 15.79 15.81 12.18 9.87 10.04 9.72 7.75 11.33 10.74 9.34 12.04 16.27 15.22 15.04 18.73 
16.33 12.77 12.53 10.55 11.04 10.17 13.66 16.95 18.35 18.34 16.59 15.43 15.04 12.10 12.46 10.37 8.32 6.93 8.57 5.62 0.36 6.21 7.96 6.69 8.31 10.81 12.64 14.38 11.62 12.96 10.72 11.12 8.80 10.70 13.00 13.71 16.35 19.54 21.10 22.07 22.82 23.28 22.68 23.69 24.72 25.02 23.07 22.20 24.06 23.94 21.47 22.39 24.19 23.50 21.81 23.59 23.37 23.10 21.55 22.04 19.57 19.07 17.64 15.97 14.58 13.79 14.23 12.61 13.27 14.35 16.83 17.62 18.10 17.16 14.40 12.33 12.73 12.58 12.50 13.53 12.55 12.11 13.78 16.15 15.24 16.91 20.03 
16.79 13.07 13.44 11.68 13.04 13.81 17.49 19.31 21.33 21.67 19.37 17.50 17.08 13.92 12.98 11.95 10.25 8.02 6.89 7.47 6.21 0.30 6.18 7.59 6.89 7.64 10.71 13.73 11.41 12.32 11.28 12.54 11.08 12.67 15.77 16.55 18.61 21.77 23.33 24.09 24.37 25.20 24.75 25.69 26.65 26.65 24.63 23.97 25.48 25.43 23.22 23.73 25.24 24.37 23.31 25.04 25.04 24.43 23.18 23.65 21.55 21.01 18.70 17.83 16.62 15.70 15.35 15.03 15.34 15.55 17.67 18.79 18.42 18.34 15.37 13.50 13.70 13.77 12.67 15.47 14.23 14.09 15.05 17.56 16.96 17.20 20.11 
15.00 11.37 12.43 10.71 11.87 13.61 17.44 19.01 20.76 21.25 19.13 17.54 17.10 13.95 12.96 11.11 10.86 9.80 7.05 6.30 7.96 6.18 1.55 5.78 8.01 6.84 7.13 11.17 9.33 9.69 9.39 10.96 10.73 11.56 15.78 16.41 18.33 20.80 23.22 23.88 24.05 24.24 24.06 25.50 25.74 25.86 23.78 23.29 24.21 24.23 21.92 22.81 24.12 23.25 21.94 23.95 23.56 23.51 22.35 22.40 20.17 19.74 17.23 14.50 13.70 13.47 12.79 11.55 13.19 14.01 15.20 16.17 16.49 16.24 12.61 10.92 12.39 11.00 9.96 12.81 12.65 10.65 12.10 16.17 15.27 16.36 19.46 
14.72 10.94 11.61 9.70 11.46 13.07 17.28 19.20 20.88 21.44 19.68 18.17 17.41 14.43 14.80 13.18 11.31 11.57 10.27 6.83 6.69 7.59 5.78 0.11 6.10 7.77 6.85 9.01 7.73 8.96 7.60 11.04 9.96 12.16 15.49 17.15 18.81 20.81 22.65 23.80 23.87 24.32 24.08 25.26 26.33 26.14 24.40 23.76 24.56 24.27 22.40 23.39 24.25 23.09 21.98 24.22 23.72 23.41 22.50 22.88 20.58 20.48 18.23 15.98 14.82 14.81 14.35 12.62 13.88 15.23 16.99 17.55 17.68 17.37 15.15 12.38 12.46 11.93 11.92 15.00 13.50 11.37 13.49 17.52 16.01 15.20 18.95 
16.20 13.56 14.79 13.53 15.00 16.03 19.74 21.86 24.10 25.03 23.52 21.34 20.54 17.71 18.16 16.69 14.50 13.05 13.23 10.08 8.31 6.89 8.01 6.10 2.96 6.95 7.87 8.97 8.87 9.46 7.48 11.23 12.64 14.21 17.72 20.50 22.69 24.80 26.37 27.18 27.45 27.42 26.63 28.24 29.05 29.42 26.97 26.36 27.03 27.06 24.72 25.52 26.73 26.00 25.17 26.91 26.72 26.65 25.87 26.31 24.53 24.11 22.28 21.03 19.72 18.85 19.14 17.52 18.37 18.84 20.56 21.36 20.92 20.60 18.71 16.54 16.45 15.87 16.50 17.47 16.09 14.82 15.34 18.39 16.93 18.50 20.61 
15.87 13.24 14.61 14.58 16.20 18.15 21.36 23.50 25.37 26.46 24.52 22.93 22.23 19.44 19.36 17.58 16.22 14.54 13.23 11.76 10.81 7.64 6.84 7.77 6.95 0.13 6.49 8.41 8.19 9.82 9.77 12.41 13.18 16.32 19.75 21.54 23.49 25.37 27.30 28.16 27.85 27.89 27.55 28.90 30.08 29.38 27.00 26.82 28.10 27.32 25.16 25.91 27.06 26.10 25.84 27.72 27.59 27.66 26.79 27.24 25.38 25.11 22.76 21.65 20.58 19.69 19.03 18.28 19.00 19.66 21.43 21.58 21.57 21.44 19.40 16.95 17.48 16.39 16.21 18.13 17.18 16.26 16.87 19.47 18.58 18.24 21.00 
14.61 12.25 13.66 13.05 16.06 18.04 21.55 23.56 26.03 26.91 25.45 24.03 23.92 20.56 20.53 18.72 17.02 16.43 14.60 11.90 12.64 10.71 7.13 6.85 7.87 6.49 1.07 6.17 7.19 8.43 9.46 12.16 13.24 15.49 19.57 21.36 22.96 25.83 27.88 28.67 28.37 27.57 27.06 28.69 29.53 28.77 26.24 26.23 27.22 26.66 24.24 25.57 26.62 25.54 25.04 27.15 27.01 27.29 26.99 27.18 25.33 25.30 22.99 21.17 20.10 19.52 18.99 17.72 18.91 19.75 21.08 21.34 21.40 21.90 19.59 17.71 17.74 16.44 16.51 18.19 17.22 15.19 16.42 19.49 17.64 19.19 21.41 
14.76 11.62 13.56 13.65 16.81 18.66 23.07 24.96 27.29 28.30 26.75 25.35 25.46 22.36 22.91 21.28 19.62 18.83 17.71 14.77 14.38 13.73 11.17 9.01 8.97 8.41 6.17 0.30 5.98 8.15 9.10 12.59 14.17 16.53 20.40 22.48 24.19 26.63 28.40 29.35 28.85 28.39 27.77 28.66 29.70 29.05 27.13 26.47 27.68 26.96 25.15 26.10 27.51 26.26 26.09 28.13 28.52 28.57 28.05 28.90 27.31 27.24 25.03 23.49 21.85 21.50 21.01 20.61 20.59 21.57 23.03 22.62 22.61 23.48 21.93 19.50 19.91 19.10 19.40 20.88 20.11 17.81 18.88 21.40 20.10 19.29 21.50 
11.73 9.06 11.18 11.72 13.38 14.50 18.30 20.34 22.81 24.89 23.64 21.49 21.68 19.79 20.80 18.68 16.86 16.70 15.34 12.50 11.62 11.41 9.33 7.73 8.87 8.19 7.19 5.98 0.00 6.50 7.03 9.35 11.56 14.33 18.48 19.93 21.49 24.17 25.56 26.78 26.26 26.24 26.17 26.69 27.40 27.23 25.14 24.80 25.76 24.92 23.07 24.24 25.28 24.63 24.45 26.24 26.75 26.74 25.98 26.78 25.45 25.20 22.65 21.23 19.58 18.88 18.94 17.80 18.06 18.59 20.16 20.72 20.82 20.73 19.14 17.72 18.26 17.48 17.66 18.73 18.09 16.15 16.87 19.91 17.67 19.19 21.06 
12.89 9.99 10.46 10.91 13.64 14.51 17.60 19.76 22.27 24.47 22.34 20.93 20.94 19.30 20.29 18.41 16.96 16.69 15.68 13.70 12.96 12.32 9.69 8.96 9.46 9.82 8.43 8.15 6.50 1.12 6.35 8.53 10.09 13.40 16.87 19.25 20.37 23.58 25.27 25.89 25.30 25.37 24.95 25.84 26.45 25.52 23.32 23.20 24.66 23.20 21.95 23.08 24.46 23.37 23.81 25.52 26.04 26.06 25.55 26.24 25.07 24.72 22.15 21.29 19.85 19.12 18.60 17.69 18.20 18.67 20.37 20.57 20.91 20.84 19.54 17.88 18.06 17.17 17.66 19.08 18.66 17.53 17.68 20.91 19.30 19.01 21.58 
13.17 9.91 9.16 9.20 10.74 11.89 14.51 16.50 20.10 21.81 20.01 19.19 19.79 17.57 18.31 16.65 14.80 14.50 14.31 11.21 10.72 11.28 9.39 7.60 7.48 9.77 9.46 9.10 7.03 6.35 0.00 5.52 6.35 8.86 12.01 14.70 16.32 19.85 21.50 23.01 22.27 22.65 22.51 23.38 24.22 23.44 20.71 20.89 22.57 21.82 20.06 21.62 22.88 22.02 21.94 23.65 24.01 24.18 23.64 24.08 22.65 22.24 20.15 18.75 17.27 16.43 16.09 14.92 15.59 16.20 18.18 18.24 18.32 17.90 17.47 15.91 16.22 14.94 15.94 17.78 17.19 15.45 16.02 20.20 18.54 19.80 22.01 
14.69 10.51 10.09 9.37 11.58 9.57 13.58 16.19 19.07 20.72 19.33 18.76 18.84 16.28 17.02 16.75 14.35 14.11 14.29 12.80 11.12 12.54 10.96 11.04 11.23 12.41 12.16 12.59 9.35 8.53 5.52 0.75 5.55 6.80 10.08 13.05 14.39 17.60 19.09 21.04 20.81 20.79 20.05 21.37 22.78 22.65 20.20 19.64 21.77 21.38 19.60 20.50 22.47 21.83 21.48 23.16 23.76 23.98 23.41 23.81 22.60 22.62 20.30 19.17 16.74 16.47 16.21 15.51 15.88 16.86 19.22 19.66 19.41 19.53 18.19 16.43 16.84 16.56 17.53 19.43 18.98 17.41 17.69 21.61 19.67 20.16 22.21 
14.01 9.99 9.20 9.52 7.55 6.42 9.80 13.83 15.31 16.53 15.94 15.68 15.37 13.17 14.36 12.81 10.66 11.62 12.39 9.06 8.80 11.08 10.73 9.96 12.64 13.18 13.24 14.17 11.56 10.09 6.35 5.55 1.25 5.78 6.37 9.55 10.92 13.89 15.36 17.76 17.43 17.69 16.98 19.04 20.61 20.48 17.99 18.16 19.75 19.39 17.72 18.62 20.55 20.23 20.08 21.51 22.21 22.27 21.66 22.05 20.88 20.37 18.49 16.81 14.75 14.34 14.40 13.43 14.19 15.52 18.22 19.02 19.21 19.04 17.64 16.28 16.77 16.61 17.58 19.12 18.14 16.63 17.32 20.82 19.14 20.06 22.62 
15.97 11.47 10.12 9.15 9.68 7.84 9.68 10.67 14.12 15.92 14.57 14.14 13.46 12.49 13.47 12.93 11.23 11.84 12.31 10.77 10.70 12.67 11.56 12.16 14.21 16.32 15.49 16.53 14.33 13.40 8.86 6.80 5.78 2.27 6.10 7.58 8.94 11.32 13.53 15.87 15.13 15.42 15.36 16.83 17.67 17.88 15.87 16.14 17.90 17.38 15.87 17.08 18.47 18.59 18.64 20.70 21.09 21.23 20.34 20.99 19.70 19.15 17.16 16.06 14.72 14.13 13.74 13.10 14.24 15.61 17.51 18.29 18.46 18.22 16.86 15.75 15.98 15.64 16.88 18.61 18.29 17.37 17.64 20.99 19.45 19.92 22.54 
17.32 13.85 12.08 10.65 10.26 10.30 9.64 10.08 12.94 15.79 14.00 12.95 13.46 12.66 13.62 13.04 11.43 13.10 14.34 12.40 13.00 15.77 15.78 15.49 17.72 19.75 19.57 20.40 18.48 16.87 12.01 10.08 6.37 6.10 0.85 5.55 5.94 8.63 11.09 13.53 13.28 14.15 13.84 15.49 16.63 17.51 15.46 16.17 18.61 18.23 16.59 17.69 19.59 19.59 19.41 21.06 21.85 21.67 20.84 21.58 20.45 19.77 17.61 17.03 15.56 15.06 15.19 14.90 16.19 17.19 19.51 20.29 20.21 20.02 18.53 17.40 17.55 17.66 18.83 19.80 18.91 17.67 18.93 21.43 19.87 20.91 23.83 
18.91 14.85 13.30 11.77 11.90 10.25 10.58 10.40 12.76 14.20 13.29 12.27 11.88 10.48 12.66 11.52 10.57 12.55 14.45 12.84 13.71 16.55 16.41 17.15 20.50 21.54 21.36 22.48 19.93 19.25 14.70 13.05 9.55 7.58 5.55 0.00 5.00 6.52 8.47 10.91 11.97 12.34 11.10 13.07 14.79 15.62 13.33 14.03 16.58 16.54 14.60 16.44 18.86 18.62 18.17 20.39 21.14 21.02 20.09 20.74 19.05 18.64 16.43 15.10 13.45 13.25 14.08 14.21 14.76 15.45 18.16 19.20 18.76 18.89 17.80 16.64 16.59 17.12 18.69 19.99 19.14 18.21 18.90 21.92 20.11 20.67 23.49 
20.81 17.01 14.54 12.87 13.39 11.47 11.10 11.45 12.94 14.48 13.05 11.92 12.15 11.66 13.62 12.58 12.70 15.69 16.93 15.09 16.35 18.61 18.33 18.81 22.69 23.49 22.96 24.19 21.49 20.37 16.32 14.39 10.92 8.94 5.94 5.00 0.00 5.37 7.06 9.50 10.94 12.04 11.02 12.94 14.01 15.47 13.97 14.37 16.14 16.38 15.47 16.89 19.28 19.24 18.85 21.22 22.31 22.07 21.41 22.23 20.68 20.30 17.93 16.90 15.99 15.62 16.36 15.89 16.64 17.37 19.48 20.05 19.66 19.67 19.12 17.73 17.87 18.59 20.24 21.41 20.66 19.13 20.59 22.65 21.48 21.62 23.85 
23.66 19.93 17.71 14.90 16.33 15.39 14.74 14.08 15.20 17.06 15.07 14.38 14.81 14.20 16.64 16.47 16.17 18.72 19.68 18.52 19.54 21.77 20.80 20.81 24.80 25.37 25.83 26.63 24.17 23.58 19.85 17.60 13.89 11.32 8.63 6.52 5.37 0.73 5.99 8.72 9.38 11.11 11.91 12.41 13.45 15.32 14.22 14.88 16.70 16.82 16.25 18.03 19.69 19.78 19.44 22.19 23.27 23.30 22.65 24.09 22.59 22.37 20.48 19.99 19.04 18.84 18.80 18.37 18.72 20.11 21.54 21.69 21.19 21.80 21.02 19.76 19.79 20.27 21.44 23.17 22.19 21.36 22.23 24.66 22.43 22.18 24.88 
25.01 22.19 20.90 17.99 17.20 17.11 17.21 16.84 17.87 19.50 17.82 17.31 17.09 16.97 18.98 18.75 17.66 20.32 21.67 19.97 21.10 23.33 23.22 22.65 26.37 27.30 27.88 28.40 25.56 25.27 21.50 19.09 15.36 13.53 11.09 8.47 7.06 5.99 1.12 6.12 7.88 8.97 10.08 11.22 12.42 13.89 13.54 14.83 17.02 16.81 16.46 18.57 20.64 20.63 20.84 23.59 24.70 24.52 23.88 25.56 24.58 23.95 22.32 22.01 21.28 20.45 20.86 20.20 20.25 21.15 23.24 23.79 23.09 23.49 23.17 22.00 22.60 22.62 23.99 24.86 24.33 23.26 25.38 25.78 24.65 25.02 26.82 
25.01 21.26 20.26 17.32 17.20 17.15 17.12 17.54 19.38 20.44 18.63 18.56 18.86 17.73 19.31 18.72 18.15 20.54 21.94 20.63 22.07 24.09 23.88 23.80 27.18 28.16 28.67 29.35 26.78 25.89 23.01 21.04 17.76 15.87 13.53 10.91 9.50 8.72 6.12 0.52 6.34 7.60 7.89 9.92 11.38 13.04 12.81 14.23 16.04 16.35 15.90 18.41 20.42 20.20 20.79 23.44 24.12 23.80 23.33 25.08 23.84 23.46 21.55 22.02 21.06 20.43 20.54 20.40 20.42 21.13 23.33 23.98 23.08 23.56 22.78 21.75 22.18 22.71 23.80 25.33 24.32 23.79 24.88 27.22 25.58 24.90 26.86 
24.11 20.34 18.59 15.83 16.41 15.80 15.77 17.09 19.79 20.85 18.50 18.40 19.18 18.24 18.76 18.51 18.68 21.27 21.67 20.39 22.82 24.37 24.05 23.87 27.45 27.85 28.37 28.85 26.26 25.30 22.27 20.81 17.43 15.13 13.28 11.97 10.94 9.38 7.88 6.34 1.36 5.75 6.69 7.68 9.23 11.36 11.39 12.35 14.23 15.15 14.54 16.24 19.01 19.11 19.35 21.92 23.01 22.96 22.66 23.62 22.90 22.83 21.52 21.27 20.73 20.17 20.27 19.75 20.29 20.85 22.82 23.03 22.48 23.00 22.30 21.28 22.19 22.74 23.59 24.86 24.33 23.90 25.93 26.69 25.55 25.74 27.25 
24.30 20.40 19.08 15.99 16.64 16.32 16.34 17.29 20.56 21.74 20.04 19.38 20.01 18.67 19.91 19.58 19.24 21.61 21.90 21.28 23.28 25.20 24.24 24.32 27.42 27.89 27.57 28.39 26.24 25.37 22.65 20.79 17.69 15.42 14.15 12.34 12.04 11.11 8.97 7.60 5.75 0.00 5.21 7.20 7.56 9.64 10.17 11.14 12.88 13.50 13.31 15.27 17.39 17.85 18.19 20.68 22.00 22.41 22.07 23.27 21.93 22.34 21.57 21.15 20.64 20.20 20.20 19.68 20.31 21.07 22.91 23.11 22.73 23.09 22.53 21.47 22.52 22.59 23.66 25.31 24.81 24.26 25.82 28.23 26.58 25.89 27.47 
24.20 20.66 19.82 16.85 16.71 16.54 16.60 17.48 20.43 22.60 20.56 20.00 19.83 18.77 19.64 19.32 18.73 21.00 22.01 20.93 22.68 24.75 24.06 24.08 26.63 27.55 27.06 27.77 26.17 24.95 22.51 20.05 16.98 15.36 13.84 11.10 11.02 11.91 10.08 7.89 6.69 5.21 0.37 5.41 7.87 7.81 9.62 9.55 11.11 11.45 12.09 13.93 15.81 15.73 16.73 19.83 21.05 21.32 21.59 22.43 21.78 21.97 21.24 20.94 20.64 20.02 20.15 19.81 19.80 20.72 22.29 22.69 22.57 22.96 22.39 21.90 22.44 22.51 23.62 24.75 24.20 23.36 25.92 27.11 25.61 25.79 27.47 
23.75 20.07 18.96 16.24 16.35 16.33 16.30 17.78 21.36 22.80 21.07 20.65 21.17 19.51 20.44 20.14 20.05 21.93 22.82 21.91 23.69 25.69 25.50 25.26 28.24 28.90 28.69 28.66 26.69 25.84 23.38 21.37 19.04 16.83 15.49 13.07 12.94 12.41 11.22 9.92 7.68 7.20 5.41 0.00 5.91 8.31 7.33 8.29 9.69 11.48 11.29 12.63 14.48 15.30 16.40 18.73 20.17 20.68 21.06 22.30 21.68 22.00 20.78 20.65 20.81 20.04 20.16 19.84 19.86 20.82 22.23 23.02 22.75 23.56 22.67 21.79 22.16 22.40 23.80 25.53 24.58 23.88 26.26 28.49 26.88 25.90 27.81 
23.91 19.92 18.04 15.60 17.11 16.96 16.84 18.71 21.68 22.97 20.78 20.47 21.92 20.54 20.84 21.03 21.45 23.04 23.37 22.70 24.72 26.65 25.74 26.33 29.05 30.08 29.53 29.70 27.40 26.45 24.22 22.78 20.61 17.67 16.63 14.79 14.01 13.45 12.42 11.38 9.23 7.56 7.87 5.91 0.00 6.07 7.45 6.61 8.09 9.64 10.01 11.34 13.92 14.85 15.39 17.88 19.17 20.87 21.22 22.42 22.05 22.49 21.35 21.08 21.33 20.43 20.65 20.16 20.41 21.25 22.76 23.07 23.03 23.58 23.02 22.29 22.84 23.29 24.55 25.79 25.09 24.52 27.26 28.37 26.93 26.77 28.35 
22.97 19.45 17.76 16.03 17.51 17.53 17.68 19.70 22.74 24.30 22.26 21.90 22.67 21.21 22.18 22.05 21.74 23.17 23.51 23.04 25.02 26.65 25.86 26.14 29.42 29.38 28.77 29.05 27.23 25.52 23.44 22.65 20.48 17.88 17.51 15.62 15.47 15.32 13.89 13.04 11.36 9.64 7.81 8.31 6.07 0.83 5.82 7.67 7.03 7.95 9.15 12.16 13.17 14.01 15.10 17.73 18.53 20.21 20.66 22.14 21.56 22.12 21.03 20.89 21.04 20.42 20.41 19.78 20.46 21.40 22.62 22.89 22.67 23.59 22.79 21.89 22.68 23.35 24.74 26.20 25.58 24.95 27.09 29.00 27.55 26.44 28.32 
20.97 17.60 16.76 14.78 15.82 15.68 15.85 17.34 21.03 22.71 21.25 20.39 21.20 19.87 21.10 20.51 20.33 21.78 22.42 21.33 23.07 24.63 23.78 24.40 26.97 27.00 26.24 27.13 25.14 23.32 20.71 20.20 17.99 15.87 15.46 13.33 13.97 14.22 13.54 12.81 11.39 10.17 9.62 7.33 7.45 5.82 1.65 5.47 7.35 6.02 6.85 9.18 11.18 10.71 11.80 15.04 16.03 17.30 17.76 19.14 19.03 19.64 18.90 18.36 18.17 17.99 18.28 17.90 18.42 19.35 20.52 20.77 20.78 21.55 20.66 20.19 20.81 21.28 22.71 24.02 23.35 22.66 25.08 26.69 25.10 25.02 26.87 
19.58 16.06 14.96 13.07 14.02 13.83 13.75 16.08 20.01 21.73 19.68 19.37 20.26 18.80 19.80 19.55 19.13 21.14 21.65 20.85 22.20 23.97 23.29 23.76 26.36 26.82 26.23 26.47 24.80 23.20 20.89 19.64 18.16 16.14 16.17 14.03 14.37 14.88 14.83 14.23 12.35 11.14 9.55 8.29 6.61 7.67 5.47 0.00 5.04 7.06 5.34 6.21 8.48 9.47 9.55 11.50 14.01 15.24 15.36 17.06 16.90 18.34 16.55 16.60 16.31 16.50 16.76 16.97 16.99 18.32 19.71 20.55 19.95 20.76 19.71 18.88 19.26 19.69 21.43 22.98 22.40 22.10 24.16 26.52 24.92 24.25 26.06 
20.85 17.44 15.63 13.90 15.96 16.15 16.24 18.10 22.02 23.14 21.03 20.71 22.38 20.81 21.18 21.15 21.60 22.83 23.06 22.46 24.06 25.48 24.21 24.56 27.03 28.10 27.22 27.68 25.76 24.66 22.57 21.77 19.75 17.90 18.61 16.58 16.14 16.70 17.02 16.04 14.23 12.88 11.11 9.69 8.09 7.03 7.35 5.04 1.29 5.55 6.84 6.00 7.40 9.05 9.88 11.53 13.22 15.97 16.44 18.01 18.37 19.23 18.03 17.95 17.99 17.54 18.22 18.20 18.46 19.33 21.02 21.93 21.57 22.05 21.22 20.79 21.39 21.66 23.12 24.32 23.38 23.11 26.31 27.16 25.09 24.94 26.69 
19.33 16.40 14.52 13.42 15.22 15.71 16.20 18.52 22.01 23.20 21.20 20.90 22.50 20.77 21.45 21.39 21.15 22.70 22.86 22.19 23.94 25.43 24.23 24.27 27.06 27.32 26.66 26.96 24.92 23.20 21.82 21.38 19.39 17.38 18.23 16.54 16.38 16.82 16.81 16.35 15.15 13.50 11.45 11.48 9.64 7.95 6.02 7.06 5.55 0.00 4.87 7.60 6.35 6.90 8.62 11.21 12.24 14.07 15.12 17.14 17.02 18.20 17.11 17.56 17.38 17.01 17.36 17.29 17.45 18.71 19.81 20.15 20.54 21.65 20.08 19.46 20.45 20.93 22.54 23.70 22.91 22.30 24.84 26.73 24.74 24.19 26.08 
17.61 14.12 13.50 12.35 13.68 13.57 14.43 17.00 20.07 21.37 19.49 19.39 20.19 18.95 19.77 19.24 19.07 20.91 21.03 19.95 21.47 23.22 21.92 22.40 24.72 25.16 24.24 25.15 23.07 21.95 20.06 19.60 17.72 15.87 16.59 14.60 15.47 16.25 16.46 15.90 14.54 13.31 12.09 11.29 10.01 9.15 6.85 5.34 6.84 4.87 0.00 4.91 7.26 5.59 6.53 8.50 10.31 11.75 12.67 13.28 13.90 16.01 15.63 15.55 14.70 14.71 14.89 15.52 15.26 16.49 17.75 18.71 18.77 19.12 17.49 17.61 18.24 18.93 20.24 21.55 20.69 20.14 22.98 24.54 22.52 22.59 24.73 
17.21 14.10 13.92 12.23 13.82 14.03 14.61 17.31 20.74 21.95 20.16 19.74 20.80 19.16 20.11 19.70 19.61 21.20 21.66 20.88 22.39 23.73 22.81 23.39 25.52 25.91 25.57 26.10 24.24 23.08 21.62 20.50 18.62 17.08 17.69 16.44 16.89 18.03 18.57 18.41 16.24 15.27 13.93 12.63 11.34 12.16 9.18 6.21 6.00 7.60 4.91 0.00 5.59 7.27 5.99 7.67 9.96 11.97 11.97 13.24 13.68 15.64 14.96 15.32 14.92 15.16 15.43 15.55 15.61 17.00 19.00 20.06 19.68 19.95 18.37 17.74 18.16 18.94 20.57 21.83 20.92 20.96 23.10 25.17 23.21 23.05 24.72 
18.74 15.95 14.58 13.93 16.02 16.63 17.21 19.43 22.77 24.09 22.11 21.69 22.83 21.40 21.76 21.68 21.65 22.86 23.33 22.72 24.19 25.24 24.12 24.25 26.73 27.06 26.62 27.51 25.28 24.46 22.88 22.47 20.55 18.47 19.59 18.86 19.28 19.69 20.64 20.42 19.01 17.39 15.81 14.48 13.92 13.17 11.18 8.48 7.40 6.35 7.26 5.59 0.27 6.13 7.66 7.98 8.95 12.01 13.50 15.09 15.51 16.67 16.26 17.46 17.70 17.71 17.70 17.96 17.98 19.15 21.07 21.66 21.91 21.88 20.23 19.80 20.28 20.93 22.00 23.18 21.99 22.21 25.20 25.60 24.20 24.09 25.91 
18.16 14.35 13.04 12.98 15.15 15.52 16.17 18.75 21.53 23.05 21.17 20.77 21.77 20.02 20.86 20.51 20.54 21.89 22.37 21.55 23.50 24.37 23.25 23.09 26.00 26.10 25.54 26.26 24.63 23.37 22.02 21.83 20.23 18.59 19.59 18.62 19.24 19.78 20.63 20.20 19.11 17.85 15.73 15.30 14.85 14.01 10.71 9.47 9.05 6.90 5.59 7.27 6.13 0.00 5.46 7.52 7.77 9.26 10.85 12.57 13.89 15.14 15.00 15.78 16.29 16.14 16.63 16.51 16.27 18.14 19.77 20.48 20.64 21.32 18.96 18.51 19.70 20.27 21.17 22.27 21.52 20.69 23.15 25.35 23.41 22.91 24.83 
18.23 15.18 15.03 14.14 15.08 15.20 16.04 18.55 20.94 22.15 20.26 19.71 20.24 18.86 19.27 18.88 18.93 20.90 21.00 19.90 21.81 23.31 21.94 21.98 25.17 25.84 25.04 26.09 24.45 23.81 21.94 21.48 20.08 18.64 19.41 18.17 18.85 19.44 20.84 20.79 19.35 18.19 16.73 16.40 15.39 15.10 11.80 9.55 9.88 8.62 6.53 5.99 7.66 5.46 0.59 5.63 7.38 7.92 9.63 9.88 10.68 13.33 13.53 14.44 14.13 14.09 14.02 15.06 15.19 16.70 18.82 19.98 20.35 19.93 17.31 17.62 18.52 18.90 19.73 21.00 20.03 19.41 22.18 23.46 22.15 22.15 24.55 
19.81 17.06 17.38 15.70 16.45 16.91 17.52 19.91 22.33 23.41 21.24 20.78 21.50 19.60 20.06 20.15 20.39 22.61 22.43 21.47 23.59 25.04 23.95 24.22 26.91 27.72 27.15 28.13 26.24 25.52 23.65 23.16 21.51 20.70 21.06 20.39 21.22 22.19 23.59 23.44 21.92 20.68 19.83 18.73 17.88 17.73 15.04 11.50 11.53 11.21 8.50 7.67 7.98 7.52 5.63 0.00 6.54 8.15 7.99 9.26 10.67 12.22 13.29 14.59 14.73 14.79 15.60 16.78 17.19 18.90 20.46 22.19 22.02 21.71 18.85 18.83 19.45 19.75 20.63 22.04 21.13 20.83 23.25 25.17 23.40 23.27 24.74 
21.42 18.34 17.70 16.62 17.29 17.41 18.39 20.43 22.35 23.30 21.03 20.48 21.16 19.41 19.37 19.63 20.17 21.97 22.03 21.34 23.37 25.04 23.56 23.72 26.72 27.59 27.01 28.52 26.75 26.04 24.01 23.76 22.21 21.09 21.85 21.14 22.31 23.27 24.70 24.12 23.01 22.00 21.05 20.17 19.17 18.53 16.03 14.01 13.22 12.24 10.31 9.96 8.95 7.77 7.38 6.54 0.54 6.56 7.46 8.67 9.52 11.89 12.31 14.72 15.11 15.66 16.08 17.88 18.42 19.67 22.16 22.69 22.79 21.74 19.41 18.90 19.64 19.42 20.51 21.41 19.91 20.37 23.22 24.22 22.96 23.04 25.22 
21.54 18.41 17.84 16.21 17.06 17.71 18.99 20.56 22.07 23.20 21.13 20.01 20.51 18.88 19.01 19.02 19.51 21.82 21.83 20.82 23.10 24.43 23.51 23.41 26.65 27.66 27.29 28.57 26.74 26.06 24.18 23.98 22.27 21.23 21.67 21.02 22.07 23.30 24.52 23.80 22.96 22.41 21.32 20.68 20.87 20.21 17.30 15.24 15.97 14.07 11.75 11.97 12.01 9.26 7.92 8.15 6.56 0.00 6.03 6.94 8.83 10.96 12.35 14.08 14.97 15.05 15.98 17.39 18.84 20.33 22.67 23.58 23.04 22.13 19.40 18.63 19.20 19.64 20.53 21.01 20.11 19.96 23.02 24.44 22.82 22.84 24.71 
21.16 18.51 18.40 16.40 16.68 17.41 18.69 20.06 20.70 21.74 19.36 18.29 18.77 17.20 17.53 17.39 17.94 20.53 20.66 19.49 21.55 23.18 22.35 22.50 25.87 26.79 26.99 28.05 25.98 25.55 23.64 23.41 21.66 20.34 20.84 20.09 21.41 22.65 23.88 23.33 22.66 22.07 21.59 21.06 21.22 20.66 17.76 15.36 16.44 15.12 12.67 11.97 13.50 10.85 9.63 7.99 7.46 6.03 0.00 5.75 7.45 9.43 11.26 12.91 14.06 14.25 15.35 17.56 18.31 20.33 24.14 23.96 23.09 21.74 19.05 18.47 18.92 18.96 19.83 20.06 18.52 18.64 20.87 22.45 20.96 21.78 24.33 
21.13 18.93 18.68 16.54 17.08 18.23 17.86 19.77 19.82 20.46 17.93 17.66 18.34 16.36 17.07 16.79 18.05 20.62 20.43 19.35 22.04 23.65 22.40 22.88 26.31 27.24 27.18 28.90 26.78 26.24 24.08 23.81 22.05 20.99 21.58 20.74 22.23 24.09 25.56 25.08 23.62 23.27 22.43 22.30 22.42 22.14 19.14 17.06 18.01 17.14 13.28 13.24 15.09 12.57 9.88 9.26 8.67 6.94 5.75 0.08 5.64 7.99 9.57 12.16 13.24 13.73 15.75 17.58 19.62 21.59 24.45 24.52 23.02 21.97 19.37 17.61 17.73 17.51 18.70 19.83 18.85 18.25 20.64 22.60 21.52 21.45 23.54 
20.17 17.10 16.95 14.93 15.73 15.48 15.27 17.05 17.33 17.57 15.42 14.88 15.62 13.82 14.25 13.85 15.16 17.59 18.24 16.95 19.57 21.55 20.17 20.58 24.53 25.38 25.33 27.31 25.45 25.07 22.65 22.60 20.88 19.70 20.45 19.05 20.68 22.59 24.58 23.84 22.90 21.93 21.78 21.68 22.05 21.56 19.03 16.90 18.37 17.02 13.90 13.68 15.51 13.89 10.68 10.67 9.52 8.83 7.45 5.64 0.00 6.66 7.59 9.52 10.29 13.52 14.03 16.79 18.28 20.39 23.18 23.67 21.63 20.31 16.81 16.13 15.58 14.81 15.88 16.95 15.43 15.86 18.61 20.46 19.33 20.11 22.90 
19.38 16.58 16.35 14.23 14.25 14.87 14.81 16.32 17.01 18.52 15.75 13.70 14.40 12.52 12.84 13.08 14.26 17.33 17.53 16.97 19.07 21.01 19.74 20.48 24.11 25.11 25.30 27.24 25.20 24.72 22.24 22.62 20.37 19.15 19.77 18.64 20.30 22.37 23.95 23.46 22.83 22.34 21.97 22.00 22.49 22.12 19.64 18.34 19.23 18.20 16.01 15.64 16.67 15.14 13.33 12.22 11.89 10.96 9.43 7.99 6.66 0.69 5.57 7.01 9.87 10.76 12.37 14.87 17.91 19.74 22.10 22.72 21.13 19.87 16.00 15.46 14.34 14.29 14.82 15.48 14.91 15.46 18.22 20.02 19.41 19.46 22.35 
18.13 14.85 14.99 12.42 12.62 12.78 12.34 13.51 15.67 17.17 14.73 12.32 13.24 11.25 11.75 10.75 12.52 15.16 16.03 14.46 17.64 18.70 17.23 18.23 22.28 22.76 22.99 25.03 22.65 22.15 20.15 20.30 18.49 17.16 17.61 16.43 17.93 20.48 22.32 21.55 21.52 21.57 21.24 20.78 21.35 21.03 18.90 16.55 18.03 17.11 15.63 14.96 16.26 15.00 13.53 13.29 12.31 12.35 11.26 9.57 7.59 5.57 0.00 4.98 6.62 9.12 11.38 14.48 16.13 18.54 21.38 22.75 19.61 19.24 15.09 14.34 12.66 12.37 13.75 14.50 13.65 14.14 17.13 19.32 18.53 19.43 22.57 
16.70 14.18 13.40 11.17 11.20 11.48 9.50 12.52 14.74 16.01 13.48 12.48 12.32 10.85 10.11 8.48 11.08 14.34 13.22 11.12 15.97 17.83 14.50 15.98 21.03 21.65 21.17 23.49 21.23 21.29 18.75 19.17 16.81 16.06 17.03 15.10 16.90 19.99 22.01 22.02 21.27 21.15 20.94 20.65 21.08 20.89 18.36 16.60 17.95 17.56 15.55 15.32 17.46 15.78 14.44 14.59 14.72 14.08 12.91 12.16 9.52 7.01 4.98 0.00 5.73 6.27 9.47 11.48 14.17 15.97 19.09 19.18 16.69 16.16 11.57 11.72 8.69 9.48 11.44 13.06 12.98 12.94 15.40 19.00 18.09 18.22 20.71 
15.92 11.80 11.11 8.95 9.44 8.67 8.19 11.19 14.18 14.73 12.70 11.53 11.62 9.54 9.91 7.81 9.09 12.94 12.87 10.47 14.58 16.62 13.70 14.82 19.72 20.58 20.10 21.85 19.58 19.85 17.27 16.74 14.75 14.72 15.56 13.45 15.99 19.04 21.28 21.06 20.73 20.64 20.64 20.81 21.33 21.04 18.17 16.31 17.99 17.38 14.70 14.92 17.70 16.29 14.13 14.73 15.11 14.97 14.06 13.24 10.29 9.87 6.62 5.73 0.00 6.13 7.75 10.66 12.68 14.32 16.87 17.33 15.73 14.43 10.04 10.43 9.84 9.43 10.84 13.11 13.06 12.75 13.88 17.33 16.78 16.70 20.24 
14.55 10.73 10.47 8.13 8.19 9.24 9.91 12.64 15.37 16.71 14.36 13.32 12.42 9.94 10.45 9.64 9.98 12.14 12.52 11.52 13.79 15.70 13.47 14.81 18.85 19.69 19.52 21.50 18.88 19.12 16.43 16.47 14.34 14.13 15.06 13.25 15.62 18.84 20.45 20.43 20.17 20.20 20.02 20.04 20.43 20.42 17.99 16.50 17.54 17.01 14.71 15.16 17.71 16.14 14.09 14.79 15.66 15.05 14.25 13.73 13.52 10.76 9.12 6.27 6.13 0.00 5.69 7.07 10.01 11.92 15.19 15.60 13.69 14.01 8.50 9.45 8.24 9.86 11.43 12.96 12.61 12.69 14.31 17.44 16.90 16.83 19.19 
14.58 10.41 10.94 8.63 9.51 10.19 11.50 14.77 18.54 19.32 16.88 15.14 15.22 12.49 13.05 11.57 12.12 13.12 12.92 10.61 14.23 15.35 12.79 14.35 19.14 19.03 18.99 21.01 18.94 18.60 16.09 16.21 14.40 13.74 15.19 14.08 16.36 18.80 20.86 20.54 20.27 20.20 20.15 20.16 20.65 20.41 18.28 16.76 18.22 17.36 14.89 15.43 17.70 16.63 14.02 15.60 16.08 15.98 15.35 15.75 14.03 12.37 11.38 9.47 7.75 5.69 0.43 6.49 7.37 9.86 12.68 13.89 12.11 11.08 6.45 7.54 7.70 8.67 11.45 12.86 12.90 12.24 13.85 17.20 17.60 17.47 21.06 
14.26 10.48 9.79 8.12 9.66 11.32 12.35 16.29 19.16 19.87 17.63 16.19 16.16 13.99 13.93 11.04 11.73 13.72 11.75 8.10 12.61 15.03 11.55 12.62 17.52 18.28 17.72 20.61 17.80 17.69 14.92 15.51 13.43 13.10 14.90 14.21 15.89 18.37 20.20 20.40 19.75 19.68 19.81 19.84 20.16 19.78 17.90 16.97 18.20 17.29 15.52 15.55 17.96 16.51 15.06 16.78 17.88 17.39 17.56 17.58 16.79 14.87 14.48 11.48 10.66 7.07 6.49 0.80 6.01 7.08 11.46 12.18 10.45 10.88 7.16 8.60 7.48 9.60 12.11 15.33 13.54 11.95 14.49 18.51 17.77 17.53 19.74 
13.47 9.38 9.72 9.01 10.00 12.31 14.93 18.18 20.62 21.32 19.33 18.24 17.74 15.42 16.27 13.47 12.93 14.13 13.45 10.41 13.27 15.34 13.19 13.88 18.37 19.00 18.91 20.59 18.06 18.20 15.59 15.88 14.19 14.24 16.19 14.76 16.64 18.72 20.25 20.42 20.29 20.31 19.80 19.86 20.41 20.46 18.42 16.99 18.46 17.45 15.26 15.61 17.98 16.27 15.19 17.19 18.42 18.84 18.31 19.62 18.28 17.91 16.13 14.17 12.68 10.01 7.37 6.01 2.82 5.39 7.35 8.55 8.17 8.30 6.12 7.36 9.36 10.74 13.90 16.09 15.03 13.89 15.53 18.38 18.65 18.21 21.36 
13.82 9.78 10.23 10.20 11.88 14.72 17.08 20.64 22.69 23.55 21.47 20.14 19.93 17.12 17.34 15.67 14.40 15.85 14.63 12.99 14.35 15.55 14.01 15.23 18.84 19.66 19.75 21.57 18.59 18.67 16.20 16.86 15.52 15.61 17.19 15.45 17.37 20.11 21.15 21.13 20.85 21.07 20.72 20.82 21.25 21.40 19.35 18.32 19.33 18.71 16.49 17.00 19.15 18.14 16.70 18.90 19.67 20.33 20.33 21.59 20.39 19.74 18.54 15.97 14.32 11.92 9.86 7.08 5.39 2.16 5.76 6.90 7.29 8.90 7.33 8.40 9.81 13.04 15.24 17.05 16.53 15.26 18.09 20.67 19.85 19.04 20.48 
16.07 12.30 12.79 12.78 15.43 17.09 19.47 22.34 25.52 26.55 24.60 23.04 22.86 19.88 20.02 18.09 16.74 18.48 17.53 14.70 16.83 17.67 15.20 16.99 20.56 21.43 21.08 23.03 20.16 20.37 18.18 19.22 18.22 17.51 19.51 18.16 19.48 21.54 23.24 23.33 22.82 22.91 22.29 22.23 22.76 22.62 20.52 19.71 21.02 19.81 17.75 19.00 21.07 19.77 18.82 20.46 22.16 22.67 24.14 24.45 23.18 22.10 21.38 19.09 16.87 15.19 12.68 11.46 7.35 5.76 2.21 6.66 7.22 11.20 9.85 12.04 13.87 16.19 18.81 20.23 18.55 17.36 19.02 21.69 21.27 20.89 23.32 
17.85 14.58 14.10 14.36 16.75 19.50 21.17 24.14 26.72 27.69 25.73 24.42 24.13 21.45 21.44 19.82 18.32 19.74 18.83 15.92 17.62 18.79 16.17 17.55 21.36 21.58 21.34 22.62 20.72 20.57 18.24 19.66 19.02 18.29 20.29 19.20 20.05 21.69 23.79 23.98 23.03 23.11 22.69 23.02 23.07 22.89 20.77 20.55 21.93 20.15 18.71 20.06 21.66 20.48 19.98 22.19 22.69 23.58 23.96 24.52 23.67 22.72 22.75 19.18 17.33 15.60 13.89 12.18 8.55 6.90 6.66 0.00 5.43 9.07 10.61 14.05 14.40 16.05 19.38 21.55 19.81 17.68 21.25 22.83 21.99 20.39 22.49 
18.14 14.71 14.58 15.06 16.50 18.43 21.35 24.33 27.02 27.54 25.63 24.03 23.78 20.53 20.60 19.12 18.35 18.91 18.55 15.79 18.10 18.42 16.49 17.68 20.92 21.57 21.40 22.61 20.82 20.91 18.32 19.41 19.21 18.46 20.21 18.76 19.66 21.19 23.09 23.08 22.48 22.73 22.57 22.75 23.03 22.67 20.78 19.95 21.57 20.54 18.77 19.68 21.91 20.64 20.35 22.02 22.79 23.04 23.09 23.02 21.63 21.13 19.61 16.69 15.73 13.69 12.11 10.45 8.17 7.29 7.22 5.43 0.71 7.14 7.52 10.30 12.53 14.76 17.09 19.12 17.62 17.32 19.35 19.72 19.27 21.00 22.68 
18.91 15.50 15.19 15.51 16.86 19.32 21.58 24.45 26.67 27.77 25.56 24.08 22.98 20.73 20.76 18.64 17.18 18.81 17.84 15.81 17.16 18.34 16.24 17.37 20.60 21.44 21.90 23.48 20.73 20.84 17.90 19.53 19.04 18.22 20.02 18.89 19.67 21.80 23.49 23.56 23.00 23.09 22.96 23.56 23.58 23.59 21.55 20.76 22.05 21.65 19.12 19.95 21.88 21.32 19.93 21.71 21.74 22.13 21.74 21.97 20.31 19.87 19.24 16.16 14.43 14.01 11.08 10.88 8.30 8.90 11.20 9.07 7.14 0.48 6.61 8.10 10.29 13.26 15.38 17.12 16.02 16.51 19.06 19.21 19.13 17.75 21.29 
19.18 15.61 15.90 15.02 16.09 17.66 20.16 22.46 25.30 26.03 24.05 21.58 21.13 18.46 18.49 15.91 14.86 15.89 14.37 12.18 14.40 15.37 12.61 15.15 18.71 19.40 19.59 21.93 19.14 19.54 17.47 18.19 17.64 16.86 18.53 17.80 19.12 21.02 23.17 22.78 22.30 22.53 22.39 22.67 23.02 22.79 20.66 19.71 21.22 20.08 17.49 18.37 20.23 18.96 17.31 18.85 19.41 19.40 19.05 19.37 16.81 16.00 15.09 11.57 10.04 8.50 6.45 7.16 6.12 7.33 9.85 10.61 7.52 6.61 0.00 4.93 7.37 9.77 12.59 13.80 12.56 13.05 15.59 16.20 15.80 17.54 20.21 
19.44 15.91 15.31 14.11 15.29 16.60 18.22 20.49 23.21 23.54 21.31 19.81 19.41 16.62 16.15 14.06 13.20 14.20 12.19 9.87 12.33 13.50 10.92 12.38 16.54 16.95 17.71 19.50 17.72 17.88 15.91 16.43 16.28 15.75 17.40 16.64 17.73 19.76 22.00 21.75 21.28 21.47 21.90 21.79 22.29 21.89 20.19 18.88 20.79 19.46 17.61 17.74 19.80 18.51 17.62 18.83 18.90 18.63 18.47 17.61 16.13 15.46 14.34 11.72 10.43 9.45 7.54 8.60 7.36 8.40 12.04 14.05 10.30 8.10 4.93 0.00 5.76 6.76 8.98 9.94 9.80 10.78 12.61 15.12 14.83 14.65 17.82 
19.63 15.54 15.07 13.97 14.79 15.42 16.88 19.65 22.61 22.43 19.68 18.23 18.56 15.73 15.01 13.04 12.98 13.77 13.19 10.04 12.73 13.70 12.39 12.46 16.45 17.48 17.74 19.91 18.26 18.06 16.22 16.84 16.77 15.98 17.55 16.59 17.87 19.79 22.60 22.18 22.19 22.52 22.44 22.16 22.84 22.68 20.81 19.26 21.39 20.45 18.24 18.16 20.28 19.70 18.52 19.45 19.64 19.20 18.92 17.73 15.58 14.34 12.66 8.69 9.84 8.24 7.70 7.48 9.36 9.81 13.87 14.40 12.53 10.29 7.37 5.76 1.94 5.54 7.46 8.49 9.10 9.04 12.46 12.17 13.33 14.23 17.28 
19.87 16.31 15.90 15.16 15.57 16.88 17.28 20.61 21.92 22.39 19.94 18.74 18.47 15.82 15.63 13.16 12.49 14.23 12.01 9.72 12.58 13.77 11.00 11.93 15.87 16.39 16.44 19.10 17.48 17.17 14.94 16.56 16.61 15.64 17.66 17.12 18.59 20.27 22.62 22.71 22.74 22.59 22.51 22.40 23.29 23.35 21.28 19.69 21.66 20.93 18.93 18.94 20.93 20.27 18.90 19.75 19.42 19.64 18.96 17.51 14.81 14.29 12.37 9.48 9.43 9.86 8.67 9.60 10.74 13.04 16.19 16.05 14.76 13.26 9.77 6.76 5.54 0.68 5.71 7.28 7.70 8.61 8.54 12.63 11.93 11.68 14.73 
