0.00 4.52 5.72 9.63 11.52 13.74 16.50 18.71 20.51 19.28 19.57 18.60 16.80 16.68 16.36 16.20 17.82 18.13 16.91 17.31 17.89 19.19 19.71 18.57 17.27 16.65 14.70 15.85 16.07 16.96 17.21 19.42 20.30 20.67 19.98 20.13 18.68 18.80 18.60 19.11 19.00 20.62 23.26 24.70 24.60 24.57 26.07 27.29 27.24 27.11 28.41 27.73 27.37 27.82 27.94 27.34 27.21 26.99 27.55 27.39 26.99 25.65 25.94 25.79 25.72 25.24 25.32 24.14 23.54 22.20 23.26 21.97 22.31 21.58 24.21 24.09 23.61 21.29 21.46 19.78 19.38 17.77 19.05 18.95 20.04 20.40 20.83 21.68 21.20 20.10 19.14 17.80 17.00 15.63 15.41 16.02 17.75 17.47 19.39 
4.52 1.51 4.21 6.84 10.07 13.03 14.68 17.95 19.52 18.64 18.05 17.16 15.99 15.27 16.39 15.83 17.88 18.06 16.91 17.63 17.98 19.91 20.51 20.06 18.58 17.13 15.10 16.01 15.64 16.75 16.75 19.58 20.43 20.46 19.70 20.01 18.52 18.67 18.32 19.23 19.30 20.91 23.77 25.46 25.28 24.55 26.44 27.85 27.47 26.98 28.22 27.63 27.11 27.43 27.15 27.03 26.84 26.71 26.77 27.17 26.75 25.22 25.15 25.49 25.23 25.03 25.27 23.78 23.18 21.74 23.53 22.32 22.63 21.91 24.99 24.84 24.91 21.69 21.74 19.70 19.72 17.51 18.56 17.94 19.53 19.69 20.49 21.02 20.62 19.57 19.83 17.48 17.48 15.08 15.77 16.35 17.84 17.49 19.24 
5.72 4.21 0.29 4.90 7.20 10.11 12.67 14.30 16.83 15.48 15.61 13.30 11.62 12.37 14.26 15.09 15.68 17.38 16.84 17.96 17.45 20.00 21.03 20.22 17.94 17.03 13.91 14.71 13.83 15.08 15.06 17.33 18.26 18.85 18.06 18.44 16.11 16.82 16.83 17.86 17.69 19.80 22.98 24.78 24.15 23.12 25.01 26.25 25.95 24.86 26.20 25.39 25.07 24.93 24.73 24.42 24.71 24.08 24.10 24.31 24.28 22.48 22.57 22.60 22.86 22.79 23.05 21.71 20.69 19.44 21.25 20.36 21.24 20.43 23.21 23.52 23.97 20.43 19.42 17.14 17.01 14.67 15.21 14.53 16.28 16.16 17.29 18.23 17.70 16.53 16.85 16.19 15.97 13.68 13.68 15.24 17.47 17.16 18.38 
9.63 6.84 4.90 1.30 5.84 7.62 10.00 12.35 13.88 14.05 14.60 13.29 12.13 12.48 15.63 15.63 17.92 19.07 18.61 19.29 19.26 21.29 22.31 21.65 19.91 18.44 15.63 15.35 14.91 15.14 14.53 16.65 18.02 18.71 18.13 18.25 16.41 17.17 17.55 18.53 18.64 20.52 23.98 25.57 24.85 23.82 25.64 27.04 26.45 25.78 26.77 26.26 25.60 25.74 25.40 25.69 25.42 25.05 24.70 25.38 24.94 23.43 23.10 23.72 23.47 23.26 23.33 22.35 21.73 20.29 21.87 21.14 22.21 21.13 23.45 23.77 24.37 20.96 19.90 18.03 18.05 15.06 15.59 15.24 16.63 16.59 17.14 18.37 18.18 17.76 17.89 15.98 16.72 13.84 15.90 15.86 18.27 17.55 23.20 
11.52 10.07 7.20 5.84 0.00 5.46 6.32 10.16 13.59 11.91 11.69 10.33 10.74 10.22 12.83 13.72 17.70 19.59 17.60 18.72 18.15 21.63 22.69 22.21 20.42 18.77 15.78 15.59 14.54 14.92 13.97 16.50 18.20 18.87 17.07 17.18 14.96 15.65 15.87 17.41 17.47 19.85 23.12 25.05 23.96 23.13 24.70 26.41 25.66 25.06 26.63 25.76 24.91 25.41 25.68 25.55 25.44 25.00 25.24 25.51 25.00 23.09 23.10 23.73 23.89 23.73 23.89 23.29 22.61 21.19 22.70 22.38 22.95 22.39 25.04 25.73 25.63 22.39 21.87 19.49 18.93 15.67 16.31 15.59 16.57 16.16 16.78 18.19 17.85 16.49 16.37 15.20 15.39 14.26 16.25 14.69 15.06 15.41 19.80 
13.74 13.03 10.11 7.62 5.46 0.00 5.26 7.57 11.10 10.82 12.02 10.29 10.37 12.02 14.42 15.84 19.99 22.11 20.39 22.02 21.17 24.11 25.17 25.14 23.62 21.57 17.53 17.91 16.15 15.90 14.74 17.03 18.60 18.92 17.09 17.58 15.49 16.37 16.38 18.27 18.93 21.25 23.99 26.33 25.21 23.96 25.43 27.09 26.34 25.29 26.69 25.84 25.05 25.41 25.11 25.37 25.08 25.00 24.66 25.35 24.77 23.06 22.58 23.70 23.67 23.37 24.03 23.06 23.13 21.42 24.00 23.59 24.34 23.78 26.90 27.63 28.22 24.78 23.68 21.04 20.41 16.70 16.39 15.56 16.55 16.78 16.70 18.57 17.04 16.69 16.97 15.87 16.53 14.06 17.29 16.97 16.46 16.87 19.96 
16.50 14.68 12.67 10.00 6.32 5.26 0.00 5.42 7.01 8.62 11.68 10.62 10.12 11.79 15.69 16.55 20.27 23.26 22.38 24.23 23.43 26.13 26.95 26.94 25.10 23.28 19.37 19.60 17.88 17.75 14.85 17.02 17.85 18.13 16.41 17.12 15.57 17.07 17.27 19.45 20.07 22.48 25.41 27.42 26.55 24.93 26.06 27.81 27.26 25.85 27.10 26.19 26.00 25.77 25.66 25.25 25.73 24.84 24.88 25.08 25.34 22.76 22.76 23.31 24.16 24.04 24.55 23.94 23.88 22.78 25.22 24.71 25.60 25.17 28.29 29.45 30.24 26.60 24.60 21.91 21.44 17.44 16.91 15.65 16.76 16.10 16.32 17.66 17.34 16.10 16.55 16.15 16.96 15.58 17.29 15.73 17.27 17.24 20.39 
18.71 17.95 14.30 12.35 10.16 7.57 5.42 0.00 5.73 7.45 11.05 12.73 13.58 14.68 17.91 19.55 22.97 26.09 25.18 26.62 25.81 28.69 29.49 29.15 27.29 25.83 22.07 22.19 20.44 19.59 16.42 17.97 19.32 19.61 17.95 19.01 17.58 19.56 20.29 22.12 22.59 25.23 28.25 30.00 28.66 27.32 28.35 30.04 29.18 28.13 28.95 28.44 27.71 28.25 27.59 28.17 27.63 27.52 26.92 27.93 27.22 25.60 24.80 26.02 25.84 26.78 26.88 26.32 26.18 25.32 27.70 27.06 27.95 27.83 30.70 31.58 32.51 29.38 27.28 24.76 24.12 20.60 19.50 18.27 18.77 18.23 18.18 19.91 19.58 19.16 19.44 18.27 20.39 18.29 20.62 19.69 19.80 20.12 23.39 
20.51 19.52 16.83 13.88 13.59 11.10 7.01 5.73 0.00 4.70 7.54 10.43 13.33 15.16 18.13 18.71 22.79 24.40 23.73 25.78 25.06 28.39 29.02 28.38 26.78 25.28 21.99 21.96 20.23 19.75 16.45 18.17 18.72 18.59 17.47 18.46 17.04 19.29 20.07 21.96 22.26 25.10 28.21 29.68 28.24 26.88 28.13 28.96 28.37 27.13 28.51 27.59 26.99 27.24 27.21 27.46 27.47 26.95 27.02 27.36 26.88 24.83 24.79 25.16 25.72 26.29 26.81 26.07 25.89 24.91 27.25 26.00 27.26 26.80 30.10 30.55 31.40 28.15 27.12 24.07 23.47 20.27 19.75 18.02 18.47 17.72 17.07 18.89 19.62 18.47 18.75 18.38 19.94 18.38 19.57 19.92 22.27 22.49 24.95 
19.28 18.64 15.48 14.05 11.91 10.82 8.62 7.45 4.70 0.00 5.56 6.88 9.11 12.73 15.94 17.00 19.54 21.76 20.70 23.11 22.92 25.19 25.69 25.67 24.35 22.48 19.03 19.34 17.66 17.64 14.35 16.04 15.69 15.11 14.09 14.94 13.40 15.70 16.70 18.59 19.11 21.97 24.99 26.58 25.01 23.63 24.48 25.94 24.96 23.85 24.98 24.36 23.56 24.02 23.45 24.19 23.71 23.93 23.48 24.21 23.23 21.60 20.90 21.91 21.89 22.74 23.02 22.52 22.42 21.46 23.98 22.98 24.00 24.09 27.70 28.34 29.07 25.96 24.72 21.99 20.92 17.49 15.76 14.29 14.11 13.60 12.38 14.76 15.36 14.65 15.71 15.04 17.06 14.52 18.01 19.05 20.15 19.40 23.15 
19.57 18.05 15.61 14.60 11.69 12.02 11.68 11.05 7.54 5.56 0.00 5.54 7.78 10.55 14.90 16.01 19.39 21.12 20.90 22.32 21.93 24.69 25.31 25.30 23.44 21.42 18.02 17.92 16.16 15.44 13.14 14.19 14.50 13.43 12.41 13.44 12.09 14.19 15.20 16.83 17.53 20.74 23.52 25.39 23.68 22.28 23.11 24.88 24.37 22.99 23.94 23.48 22.86 22.79 22.33 22.58 22.74 22.46 22.09 22.62 22.24 19.65 19.70 20.11 20.66 20.88 21.19 20.94 20.87 19.64 22.21 21.27 22.81 23.16 26.92 27.72 28.14 25.02 23.18 20.05 18.99 15.11 14.46 12.36 13.02 11.92 12.08 13.95 15.25 14.31 15.33 14.92 16.04 14.22 16.59 17.17 19.20 19.96 22.89 
18.60 17.16 13.30 13.29 10.33 10.29 10.62 12.73 10.43 6.88 5.54 0.00 5.71 7.54 10.07 12.68 15.90 18.37 18.04 20.32 19.06 22.86 23.49 24.07 22.34 20.25 16.12 16.48 14.38 13.92 10.69 12.77 12.96 12.01 10.73 11.46 10.48 11.54 12.47 14.34 14.84 18.40 21.69 23.68 21.93 20.59 21.76 23.75 23.13 22.00 22.93 22.42 21.95 22.27 21.78 22.19 21.80 21.66 21.45 21.88 20.99 19.25 18.86 19.44 19.54 19.68 20.36 19.60 19.34 18.34 20.61 20.14 21.17 21.47 24.77 25.69 26.46 22.72 20.31 17.29 16.49 12.71 11.57 10.23 10.29 9.90 10.48 12.70 13.42 13.16 13.47 12.23 13.56 13.00 15.92 17.08 18.96 19.16 22.24 
16.80 15.99 11.62 12.13 10.74 10.37 10.12 13.58 13.33 9.11 7.78 5.71 0.00 6.09 7.71 9.72 13.08 15.68 16.09 18.44 18.84 21.53 23.07 23.41 22.20 19.97 16.35 16.12 14.47 13.60 11.53 13.15 14.40 13.76 12.45 12.50 10.78 11.97 12.44 13.84 14.63 17.68 21.16 23.27 21.39 20.39 21.72 23.54 23.01 22.01 23.30 22.90 22.22 22.70 22.60 23.00 22.68 22.58 22.64 22.89 22.10 20.19 20.36 20.46 20.66 20.95 21.40 20.14 20.00 18.32 20.37 19.13 20.67 20.05 23.57 24.46 25.18 21.01 19.54 16.65 16.00 12.09 11.70 10.01 10.72 10.50 11.09 13.58 15.06 13.91 13.96 12.60 12.25 12.14 14.91 15.85 17.25 18.90 20.88 
16.68 15.27 12.37 12.48 10.22 12.02 11.79 14.68 15.16 12.73 10.55 7.54 6.09 0.00 5.31 5.89 10.15 12.56 13.01 15.54 16.21 19.29 20.03 20.85 19.33 18.02 14.63 14.82 12.61 12.26 10.11 12.61 13.40 13.37 12.42 12.41 9.62 10.44 11.22 12.48 13.16 16.29 19.40 21.53 20.00 18.59 19.99 21.96 21.48 20.72 22.16 21.78 21.23 21.87 21.64 22.27 21.58 21.74 21.77 22.39 21.23 19.43 18.87 19.73 19.62 19.55 19.29 18.20 17.88 16.57 17.69 16.87 18.02 18.41 21.34 22.43 22.92 19.73 17.44 14.62 13.35 9.94 8.61 7.53 9.19 9.45 9.83 13.03 14.26 13.70 12.92 10.36 11.00 10.61 13.41 14.75 15.82 16.53 18.71 
16.36 16.39 14.26 15.63 12.83 14.42 15.69 17.91 18.13 15.94 14.90 10.07 7.71 5.31 0.00 5.21 7.63 12.07 12.89 15.93 16.24 18.73 19.87 20.62 19.55 18.35 15.29 15.48 13.37 13.69 12.40 14.69 16.17 16.10 15.15 14.74 12.53 13.18 12.79 14.47 15.09 17.79 20.63 22.73 21.54 20.34 21.18 23.50 23.20 22.40 23.37 23.20 22.67 23.30 22.78 23.24 22.92 23.24 23.01 23.88 22.95 20.75 20.55 21.30 21.31 21.01 20.54 19.72 18.81 16.77 18.40 17.21 18.95 18.79 22.16 22.30 22.97 19.87 18.63 14.91 14.26 11.60 12.19 10.91 12.67 13.54 15.01 17.47 18.21 16.50 16.27 13.55 13.13 10.81 13.37 14.36 15.51 17.19 18.87 
16.20 15.83 15.09 15.63 13.72 15.84 16.55 19.55 18.71 17.00 16.01 12.68 9.72 5.89 5.21 0.00 5.80 7.72 10.77 13.02 14.49 16.96 17.41 18.65 17.77 16.11 12.91 14.38 12.41 13.20 11.90 15.05 16.77 17.68 15.99 15.91 13.81 13.66 13.06 14.00 14.23 16.32 19.16 21.58 20.56 19.21 20.28 22.64 22.52 21.65 22.73 22.35 22.07 23.12 22.35 23.19 22.77 23.32 23.31 24.20 22.97 21.63 21.15 21.91 21.57 21.81 21.08 19.66 17.99 15.40 17.02 15.56 17.02 16.74 19.93 20.43 20.50 17.52 16.35 13.45 13.53 10.69 12.01 11.60 13.25 14.05 15.97 18.36 17.98 16.79 16.57 13.11 11.86 10.31 13.49 14.49 16.00 15.76 17.88 
17.82 17.88 15.68 17.92 17.70 19.99 20.27 22.97 22.79 19.54 19.39 15.90 13.08 10.15 7.63 5.80 0.00 6.05 7.65 10.41 12.39 15.73 16.37 17.45 16.81 15.67 12.43 13.86 12.86 14.25 14.23 17.86 20.15 21.06 20.01 19.35 16.64 16.80 15.34 15.84 15.08 16.81 19.75 21.87 20.96 19.94 21.37 23.46 23.14 22.25 23.77 23.28 23.01 23.69 23.57 24.31 24.16 24.55 25.04 25.61 24.67 23.08 23.31 23.68 23.20 23.57 23.43 21.16 19.23 16.50 17.65 15.39 16.51 15.50 19.06 18.89 19.62 16.22 15.58 13.73 14.46 11.80 13.93 14.19 15.91 16.76 18.76 20.65 21.10 19.61 19.73 15.85 14.40 11.78 13.35 15.20 14.30 16.75 19.00 
18.13 18.06 17.38 19.07 19.59 22.11 23.26 26.09 24.40 21.76 21.12 18.37 15.68 12.56 12.07 7.72 6.05 0.00 5.53 7.33 9.32 13.18 15.19 15.77 14.27 14.75 11.94 12.93 12.28 14.70 15.45 19.57 21.82 22.56 21.24 20.63 17.09 17.26 16.02 15.54 14.98 16.50 19.04 21.02 20.17 19.40 20.86 22.96 22.53 22.37 24.01 23.79 23.18 24.56 24.13 25.16 24.71 25.37 25.51 26.64 25.41 24.01 23.61 24.54 23.80 24.20 23.71 22.00 19.34 16.35 16.69 14.28 15.11 14.20 16.45 17.25 17.63 15.10 14.21 12.84 14.27 12.41 14.92 15.43 17.49 18.96 21.21 23.29 23.00 21.91 21.07 17.27 15.25 12.60 14.02 14.30 14.45 14.39 16.85 
16.91 16.91 16.84 18.61 17.60 20.39 22.38 25.18 23.73 20.70 20.90 18.04 16.09 13.01 12.89 10.77 7.65 5.53 0.00 5.65 6.48 8.90 11.21 12.20 10.54 10.77 9.07 9.69 9.70 12.20 14.29 18.14 20.89 21.34 19.91 18.69 15.55 15.29 14.57 13.82 12.97 14.08 16.10 17.85 16.66 16.26 17.58 19.86 19.91 19.70 21.57 21.24 21.01 22.24 21.86 22.78 22.66 23.42 23.48 24.82 23.98 22.12 21.83 22.69 22.30 22.11 21.47 19.53 17.22 14.06 14.44 12.00 11.72 10.99 13.67 13.00 13.34 11.67 11.65 9.94 11.69 11.14 14.01 14.84 17.56 18.89 21.18 23.09 23.09 21.69 21.15 17.10 15.33 11.72 11.96 13.51 11.98 13.83 14.52 
17.31 17.63 17.96 19.29 18.72 22.02 24.23 26.62 25.78 23.11 22.32 20.32 18.44 15.54 15.93 13.02 10.41 7.33 5.65 0.00 5.35 7.60 9.48 10.86 10.40 10.89 9.19 11.16 11.51 14.97 16.47 20.80 23.52 24.19 22.06 20.93 17.45 17.04 15.57 15.65 14.06 15.29 17.75 18.95 17.47 16.40 17.90 20.24 19.80 19.75 21.42 21.40 21.21 22.63 22.65 23.69 23.53 24.56 25.07 25.97 24.82 23.80 23.73 24.35 23.99 24.56 23.63 21.53 18.88 15.68 15.25 12.81 12.36 10.57 13.32 12.86 13.02 11.28 11.86 10.34 12.70 12.10 15.53 16.28 19.76 21.01 22.72 24.72 24.70 23.27 22.72 18.41 17.37 14.08 14.99 13.05 14.26 12.39 15.07 
17.89 17.98 17.45 19.26 18.15 21.17 23.43 25.81 25.06 22.92 21.93 19.06 18.84 16.21 16.24 14.49 12.39 9.32 6.48 5.35 0.00 5.30 6.28 8.21 7.80 8.79 8.14 9.87 11.67 14.39 16.23 20.65 23.90 24.09 22.30 21.02 17.64 16.90 15.64 15.19 14.08 14.52 16.25 17.52 15.40 14.77 16.40 18.73 18.44 17.81 20.21 20.28 20.02 21.55 21.80 22.91 22.47 23.60 24.19 24.98 23.82 22.81 23.22 23.56 22.68 23.46 23.03 20.80 18.13 14.85 14.93 12.15 10.72 8.28 11.10 10.78 11.57 9.56 10.16 9.26 12.33 11.55 14.62 15.86 18.77 20.58 22.57 24.28 24.52 23.48 21.99 18.58 17.41 13.92 14.46 14.23 12.72 13.54 13.91 
19.19 19.91 20.00 21.29 21.63 24.11 26.13 28.69 28.39 25.19 24.69 22.86 21.53 19.29 18.73 16.96 15.73 13.18 8.90 7.60 5.30 0.00 5.36 6.84 7.31 9.32 10.04 11.60 12.62 17.45 19.19 23.79 26.57 27.00 24.54 23.49 19.91 19.69 17.75 17.35 15.85 17.26 18.46 19.21 17.60 16.71 18.34 21.05 20.57 20.81 22.72 22.93 22.34 24.08 23.94 24.83 24.42 25.80 25.75 26.85 25.82 24.82 24.64 25.33 24.59 25.51 24.80 23.17 20.30 17.89 17.08 14.31 11.85 10.30 11.79 12.50 13.52 12.22 12.00 12.02 15.75 14.83 18.40 19.30 22.06 23.25 25.37 27.53 27.24 26.29 25.31 21.64 20.44 17.07 17.65 15.24 15.97 14.09 15.67 
19.71 20.51 21.03 22.31 22.69 25.17 26.95 29.49 29.02 25.69 25.31 23.49 23.07 20.03 19.87 17.41 16.37 15.19 11.21 9.48 6.28 5.36 0.00 5.15 6.87 10.12 9.98 13.08 14.52 18.95 20.70 25.11 27.86 28.53 26.22 24.66 21.00 20.60 19.09 17.62 15.70 16.70 18.29 18.71 17.37 17.37 18.51 21.51 21.27 21.50 23.40 23.27 22.95 24.64 24.16 24.86 24.73 25.93 26.12 27.09 26.53 25.12 25.04 25.67 25.96 26.13 25.28 22.88 20.74 17.66 17.66 13.77 12.15 10.50 13.51 12.32 13.31 12.18 12.93 12.86 16.40 16.34 19.29 20.11 23.09 24.50 26.91 28.85 28.58 27.45 25.69 22.34 21.41 18.16 18.01 17.99 17.28 17.83 17.67 
18.57 20.06 20.22 21.65 22.21 25.14 26.94 29.15 28.38 25.67 25.30 24.07 23.41 20.85 20.62 18.65 17.45 15.77 12.20 10.86 8.21 6.84 5.15 0.00 5.18 7.99 8.94 12.22 14.62 18.71 20.13 24.81 27.92 28.68 26.17 24.98 21.05 20.25 18.29 17.61 15.30 16.23 17.75 18.77 17.90 16.60 18.83 21.01 21.03 21.15 22.94 23.01 22.64 24.60 24.14 25.38 24.76 26.37 26.33 27.50 26.18 25.38 25.30 25.97 25.68 26.37 25.04 22.58 19.83 16.90 15.94 13.43 12.23 10.08 13.48 13.62 13.71 12.05 13.11 13.55 15.88 15.57 18.50 19.82 23.31 24.89 26.51 28.41 27.91 26.78 25.59 21.82 20.89 18.51 20.47 18.49 19.11 17.03 18.67 
17.27 18.58 17.94 19.91 20.42 23.62 25.10 27.29 26.78 24.35 23.44 22.34 22.20 19.33 19.55 17.77 16.81 14.27 10.54 10.40 7.80 7.31 6.87 5.18 0.00 5.93 6.14 10.05 12.58 16.71 19.29 23.14 26.03 26.91 24.29 23.75 19.70 19.00 16.56 15.79 14.20 14.69 16.59 17.47 16.27 15.06 16.89 19.46 18.88 18.68 20.78 20.97 20.94 22.41 22.40 23.34 23.19 24.13 24.74 25.37 24.25 23.08 23.75 23.93 23.41 23.81 23.61 20.64 18.36 14.80 14.16 12.04 11.68 9.75 13.51 13.25 14.56 12.55 13.68 12.87 14.50 13.15 16.98 18.52 22.19 23.20 25.43 26.91 26.80 25.30 23.85 20.44 20.02 17.54 18.74 18.30 17.73 18.56 19.76 
16.65 17.13 17.03 18.44 18.77 21.57 23.28 25.83 25.28 22.48 21.42 20.25 19.97 18.02 18.35 16.11 15.67 14.75 10.77 10.89 8.79 9.32 10.12 7.99 5.93 0.00 5.80 7.87 10.32 13.90 16.12 20.87 23.39 24.36 22.40 20.90 17.07 16.98 14.32 13.89 12.14 14.09 15.88 16.86 15.51 14.46 16.45 18.67 18.30 17.91 19.71 19.82 19.67 20.98 20.86 21.35 21.31 22.35 22.27 23.52 22.17 21.23 21.15 21.84 21.09 21.76 20.65 18.00 15.33 11.77 12.64 9.93 9.86 8.96 13.13 14.64 15.74 13.88 13.72 12.54 14.23 11.83 15.55 16.93 20.41 21.67 23.68 25.31 24.83 23.68 22.67 18.96 18.97 17.34 19.18 18.23 18.92 18.33 19.42 
14.70 15.10 13.91 15.63 15.78 17.53 19.37 22.07 21.99 19.03 18.02 16.12 16.35 14.63 15.29 12.91 12.43 11.94 9.07 9.19 8.14 10.04 9.98 8.94 6.14 5.80 0.00 5.50 7.12 9.97 12.65 16.73 19.14 20.05 18.60 17.16 12.79 12.03 11.05 10.98 9.93 11.11 14.05 15.13 14.61 13.72 14.92 16.94 16.74 16.27 17.96 17.61 17.44 18.66 18.17 18.26 18.15 18.78 18.66 19.21 18.76 17.48 17.26 17.57 18.22 18.83 17.41 14.23 11.98 9.58 10.14 9.20 9.22 8.79 14.14 16.03 16.48 13.46 12.70 11.53 12.21 10.14 11.88 12.79 16.14 17.43 19.86 21.45 21.12 19.62 19.56 17.02 16.43 14.56 16.17 17.44 17.18 18.22 19.86 
15.85 16.01 14.71 15.35 15.59 17.91 19.60 22.19 21.96 19.34 17.92 16.48 16.12 14.82 15.48 14.38 13.86 12.93 9.69 11.16 9.87 11.60 13.08 12.22 10.05 7.87 5.50 0.00 5.82 7.09 9.79 14.43 16.87 18.61 16.27 16.25 12.59 12.38 10.46 11.81 11.25 13.62 16.07 18.64 17.47 16.10 17.12 18.86 18.48 18.00 19.52 18.98 18.74 19.65 19.22 19.37 18.89 19.70 19.33 19.93 18.63 17.85 17.60 18.25 18.05 18.10 16.32 13.07 11.97 8.11 9.49 8.80 11.61 11.26 15.95 17.90 19.34 15.96 15.42 12.98 14.07 10.36 12.39 12.55 15.89 17.33 19.25 21.11 20.40 19.09 18.96 16.76 17.53 15.68 17.56 18.04 18.80 19.06 20.03 
16.07 15.64 13.83 14.91 14.54 16.15 17.88 20.44 20.23 17.66 16.16 14.38 14.47 12.61 13.37 12.41 12.86 12.28 9.70 11.51 11.67 12.62 14.52 14.62 12.58 10.32 7.12 5.82 0.00 6.05 6.50 9.99 12.91 14.28 12.77 12.57 9.61 9.15 7.90 9.64 10.40 12.07 15.27 17.88 16.65 15.17 16.70 18.90 18.22 17.32 19.12 18.85 18.18 18.76 18.55 18.81 18.18 18.27 17.98 18.22 17.35 15.93 16.02 16.09 15.23 15.00 13.83 12.15 10.28 8.14 9.54 9.61 11.19 11.85 16.63 18.14 19.14 16.85 16.38 13.85 13.03 9.71 11.14 11.34 13.54 13.99 16.10 18.49 18.57 16.81 15.89 14.77 14.54 14.02 15.47 16.35 17.36 18.23 20.22 
16.96 16.75 15.08 15.14 14.92 15.90 17.75 19.59 19.75 17.64 15.44 13.92 13.60 12.26 13.69 13.20 14.25 14.70 12.20 14.97 14.39 17.45 18.95 18.71 16.71 13.90 9.97 7.09 6.05 0.00 5.37 7.77 10.84 12.52 11.67 11.19 9.30 10.35 9.73 11.44 12.34 16.30 19.38 21.37 19.14 17.75 18.95 20.81 19.93 19.42 20.69 20.10 19.50 20.29 19.26 19.55 18.55 19.01 18.14 18.69 17.35 16.20 15.56 15.71 14.92 14.69 13.91 11.65 10.99 9.14 12.60 11.84 13.87 14.59 19.63 21.09 22.70 20.18 19.71 16.31 16.11 11.50 12.60 11.92 14.25 14.45 16.09 18.02 17.86 16.76 16.81 15.00 15.97 15.21 16.63 18.10 19.16 19.64 20.55 
17.21 16.75 15.06 14.53 13.97 14.74 14.85 16.42 16.45 14.35 13.14 10.69 11.53 10.11 12.40 11.90 14.23 15.45 14.29 16.47 16.23 19.19 20.70 20.13 19.29 16.12 12.65 9.79 6.50 5.37 0.00 5.32 6.91 8.46 8.85 9.03 6.96 7.79 8.72 11.33 11.92 15.93 19.57 21.27 19.50 18.28 18.85 20.38 19.56 18.79 20.10 19.07 18.33 19.00 17.75 17.26 16.58 16.69 15.91 15.80 15.19 13.45 12.90 11.82 11.94 11.76 11.20 8.96 9.92 9.74 12.67 12.80 15.52 16.11 20.60 21.12 23.46 21.07 20.48 16.69 17.00 13.01 12.52 10.83 12.71 12.79 13.45 15.03 14.52 13.81 14.35 13.98 14.22 13.62 14.83 16.98 18.75 19.23 21.27 
19.42 19.58 17.33 16.65 16.50 17.03 17.02 17.97 18.17 16.04 14.19 12.77 13.15 12.61 14.69 15.05 17.86 19.57 18.14 20.80 20.65 23.79 25.11 24.81 23.14 20.87 16.73 14.43 9.99 7.77 5.32 0.00 5.52 7.59 9.47 10.52 9.68 10.30 11.45 14.94 15.45 19.07 22.81 24.60 23.10 21.23 22.32 23.42 22.56 21.35 22.79 21.90 21.18 21.78 20.52 20.40 19.52 19.31 17.96 18.27 16.97 15.65 14.25 14.47 13.27 13.75 13.34 12.64 13.07 12.61 16.47 16.73 19.41 19.76 24.00 25.01 26.59 24.70 24.43 20.71 20.07 16.54 15.82 12.99 13.92 14.19 14.27 15.73 15.45 15.34 15.48 15.61 17.42 16.53 17.55 19.34 21.01 21.22 21.62 
20.30 20.43 18.26 18.02 18.20 18.60 17.85 19.32 18.72 15.69 14.50 12.96 14.40 13.40 16.17 16.77 20.15 21.82 20.89 23.52 23.90 26.57 27.86 27.92 26.03 23.39 19.14 16.87 12.91 10.84 6.91 5.52 0.24 5.92 7.42 10.32 10.01 12.41 12.76 15.12 17.08 20.37 23.60 26.32 24.97 23.76 24.81 26.00 25.18 23.55 24.51 23.73 23.21 23.40 22.17 22.28 21.50 20.80 19.52 19.03 17.87 15.55 14.97 14.60 14.11 14.60 15.73 15.16 16.37 16.06 20.26 20.32 21.41 21.55 26.78 27.77 28.85 26.91 26.91 23.14 23.23 19.11 17.85 14.41 15.08 14.84 14.12 15.27 16.62 15.94 16.00 15.75 17.66 17.24 17.72 18.96 21.96 21.97 23.54 
20.67 20.46 18.85 18.71 18.87 18.92 18.13 19.61 18.59 15.11 13.43 12.01 13.76 13.37 16.10 17.68 21.06 22.56 21.34 24.19 24.09 27.00 28.53 28.68 26.91 24.36 20.05 18.61 14.28 12.52 8.46 7.59 5.92 0.00 5.77 8.29 9.81 12.39 14.08 15.74 17.40 21.82 24.20 26.34 25.34 23.76 24.56 25.87 24.88 23.38 24.15 23.28 22.69 23.18 22.01 22.04 21.09 20.66 19.33 19.30 17.05 15.29 13.77 13.39 13.28 15.14 15.37 15.87 17.35 17.11 21.22 20.71 22.86 22.83 27.15 28.37 29.72 27.35 26.55 23.52 22.99 18.81 17.13 14.55 14.67 13.82 12.58 14.69 14.84 14.88 16.47 15.64 17.93 17.93 18.82 20.42 22.53 22.30 23.21 
19.98 19.70 18.06 18.13 17.07 17.09 16.41 17.95 17.47 14.09 12.41 10.73 12.45 12.42 15.15 15.99 20.01 21.24 19.91 22.06 22.30 24.54 26.22 26.17 24.29 22.40 18.60 16.27 12.77 11.67 8.85 9.47 7.42 5.77 0.00 5.63 7.11 9.85 11.30 13.75 15.34 18.66 22.06 24.06 22.67 21.64 22.33 23.46 22.43 20.75 21.99 20.65 20.00 20.66 19.72 19.42 18.27 17.98 17.02 16.62 15.19 12.77 11.25 10.87 11.93 13.12 14.58 14.19 16.24 15.56 19.02 19.11 21.59 22.18 25.64 26.04 27.88 25.19 24.13 20.39 20.54 16.47 14.67 12.83 12.07 10.55 11.26 12.15 13.15 13.52 15.47 14.78 16.72 16.65 17.33 18.12 21.01 21.80 23.86 
20.13 20.01 18.44 18.25 17.18 17.58 17.12 19.01 18.46 14.94 13.44 11.46 12.50 12.41 14.74 15.91 19.35 20.63 18.69 20.93 21.02 23.49 24.66 24.98 23.75 20.90 17.16 16.25 12.57 11.19 9.03 10.52 10.32 8.29 5.63 0.00 6.39 8.05 9.85 12.42 14.60 17.75 21.40 24.01 21.97 20.66 21.90 23.19 21.82 20.48 21.74 20.88 20.05 20.52 19.39 19.32 18.30 17.51 16.84 16.87 15.55 13.18 11.53 12.23 12.88 14.53 14.86 14.79 16.21 15.84 19.29 18.90 21.28 21.63 24.94 25.38 26.28 24.25 23.84 20.12 19.29 15.88 14.37 11.19 11.30 10.93 9.56 12.46 13.53 14.24 16.33 15.44 17.30 17.60 17.70 19.19 21.61 21.39 22.62 
18.68 18.52 16.11 16.41 14.96 15.49 15.57 17.58 17.04 13.40 12.09 10.48 10.78 9.62 12.53 13.81 16.64 17.09 15.55 17.45 17.64 19.91 21.00 21.05 19.70 17.07 12.79 12.59 9.61 9.30 6.96 9.68 10.01 9.81 7.11 6.39 0.00 5.25 6.63 8.89 11.33 14.80 17.75 20.22 19.03 17.90 18.78 20.62 19.37 18.21 19.04 18.54 17.97 18.12 17.03 17.20 16.36 16.17 15.06 15.56 13.96 12.09 11.38 11.86 12.61 13.51 13.86 13.66 14.73 13.78 16.70 16.67 19.30 18.80 22.77 23.31 23.79 20.93 21.30 16.92 16.14 12.91 9.68 7.54 8.94 8.03 7.30 9.93 12.92 13.40 14.22 13.63 15.27 15.42 15.09 16.80 19.55 19.64 21.87 
18.80 18.67 16.82 17.17 15.65 16.37 17.07 19.56 19.29 15.70 14.19 11.54 11.97 10.44 13.18 13.66 16.80 17.26 15.29 17.04 16.90 19.69 20.60 20.25 19.00 16.98 12.03 12.38 9.15 10.35 7.79 10.30 12.41 12.39 9.85 8.05 5.25 0.00 5.23 6.22 9.54 13.44 15.96 18.53 17.85 17.01 17.20 18.70 18.24 17.54 18.42 17.67 16.86 17.65 16.58 16.78 15.77 16.18 15.72 16.15 14.37 13.25 12.62 13.86 14.35 15.22 14.96 14.34 15.27 13.16 16.37 16.23 18.62 17.90 21.92 22.78 23.48 20.86 20.20 16.48 15.30 11.33 9.79 8.34 8.65 8.68 9.41 11.62 13.26 14.43 15.33 14.32 15.85 16.18 16.23 17.83 20.16 20.08 21.93 
18.60 18.32 16.83 17.55 15.87 16.38 17.27 20.29 20.07 16.70 15.20 12.47 12.44 11.22 12.79 13.06 15.34 16.02 14.57 15.57 15.64 17.75 19.09 18.29 16.56 14.32 11.05 10.46 7.90 9.73 8.72 11.45 12.76 14.08 11.30 9.85 6.63 5.23 0.00 5.30 6.77 10.25 13.61 15.64 15.78 14.34 15.06 16.35 16.04 15.14 16.79 15.75 14.94 15.77 15.21 15.15 14.07 15.06 14.86 15.71 14.39 13.36 13.33 14.37 14.95 15.75 15.42 14.69 14.18 12.15 15.15 15.02 17.07 16.08 19.93 20.73 22.54 19.32 17.92 14.09 13.53 10.39 8.68 8.97 9.22 9.79 11.12 13.38 14.91 15.14 16.05 15.01 15.72 15.60 15.84 17.26 19.69 20.36 22.51 
19.11 19.23 17.86 18.53 17.41 18.27 19.45 22.12 21.96 18.59 16.83 14.34 13.84 12.48 14.47 14.00 15.84 15.54 13.82 15.65 15.19 17.35 17.62 17.61 15.79 13.89 10.98 11.81 9.64 11.44 11.33 14.94 15.12 15.74 13.75 12.42 8.89 6.22 5.30 0.00 5.39 7.22 10.80 13.68 13.39 12.92 14.10 16.14 15.48 15.06 16.18 16.14 15.45 16.28 15.81 16.03 15.04 15.85 16.27 17.32 16.09 15.36 15.21 16.73 16.85 18.03 17.68 16.29 15.65 13.39 15.72 15.45 17.27 16.49 19.76 20.49 21.09 17.56 16.65 12.88 12.69 9.24 9.35 8.95 10.75 11.30 12.54 16.19 17.06 17.56 18.03 17.02 17.85 17.41 17.86 19.27 20.56 20.88 22.56 
19.00 19.30 17.69 18.64 17.47 18.93 20.07 22.59 22.26 19.11 17.53 14.84 14.63 13.16 15.09 14.23 15.08 14.98 12.97 14.06 14.08 15.85 15.70 15.30 14.20 12.14 9.93 11.25 10.40 12.34 11.92 15.45 17.08 17.40 15.34 14.60 11.33 9.54 6.77 5.39 0.00 5.37 6.91 9.82 10.43 11.02 11.39 13.61 13.26 12.88 13.89 13.77 13.92 15.09 14.51 15.03 14.66 15.39 15.80 16.83 16.00 14.95 15.21 16.71 17.12 18.38 18.57 16.68 16.05 13.91 15.46 14.58 16.50 15.50 18.68 18.87 18.89 15.12 14.82 11.89 11.13 9.52 9.27 9.61 11.40 13.42 14.53 17.39 19.29 19.16 19.44 17.75 18.92 17.71 17.90 18.42 20.46 20.27 21.83 
20.62 20.91 19.80 20.52 19.85 21.25 22.48 25.23 25.10 21.97 20.74 18.40 17.68 16.29 17.79 16.32 16.81 16.50 14.08 15.29 14.52 17.26 16.70 16.23 14.69 14.09 11.11 13.62 12.07 16.30 15.93 19.07 20.37 21.82 18.66 17.75 14.80 13.44 10.25 7.22 5.37 0.00 5.53 7.77 9.80 10.75 11.58 13.24 13.55 13.43 14.34 14.57 14.30 16.26 15.97 16.71 16.40 17.57 17.99 19.04 17.83 16.88 17.60 19.41 19.88 21.08 21.37 19.86 18.84 16.20 18.03 16.33 18.21 16.64 19.39 19.30 19.91 15.64 14.69 11.35 11.91 9.63 10.70 11.15 14.13 15.88 17.21 20.16 20.79 21.19 21.95 19.68 20.27 19.36 19.76 20.53 21.83 20.66 22.26 
23.26 23.77 22.98 23.98 23.12 23.99 25.41 28.25 28.21 24.99 23.52 21.69 21.16 19.40 20.63 19.16 19.75 19.04 16.10 17.75 16.25 18.46 18.29 17.75 16.59 15.88 14.05 16.07 15.27 19.38 19.57 22.81 23.60 24.20 22.06 21.40 17.75 15.96 13.61 10.80 6.91 5.53 0.00 6.00 7.60 9.53 11.57 13.25 13.41 14.27 15.03 15.43 15.64 17.38 17.43 18.33 18.47 19.54 20.29 21.22 20.30 19.31 20.49 22.09 22.20 23.57 24.30 22.76 21.55 19.04 21.17 19.52 20.40 18.70 20.81 20.80 21.63 17.76 16.39 13.67 15.16 13.02 14.03 15.29 17.92 19.15 21.07 23.60 25.10 24.66 25.48 23.26 23.73 21.86 23.53 22.06 23.74 23.14 24.23 
24.70 25.46 24.78 25.57 25.05 26.33 27.42 30.00 29.68 26.58 25.39 23.68 23.27 21.53 22.73 21.58 21.87 21.02 17.85 18.95 17.52 19.21 18.71 18.77 17.47 16.86 15.13 18.64 17.88 21.37 21.27 24.60 26.32 26.34 24.06 24.01 20.22 18.53 15.64 13.68 9.82 7.77 6.00 0.00 5.97 7.64 9.41 12.27 13.41 13.61 15.17 15.87 16.74 18.00 17.99 18.91 19.48 20.68 21.51 22.65 21.89 20.90 21.73 23.34 23.41 24.93 25.57 24.02 22.67 20.52 22.95 20.77 21.23 20.22 22.29 21.66 21.90 18.23 17.86 15.27 16.61 15.03 16.97 17.72 20.00 21.16 23.17 25.50 26.48 26.52 26.97 25.01 24.45 23.55 25.74 24.76 25.38 24.41 25.85 
24.60 25.28 24.15 24.85 23.96 25.21 26.55 28.66 28.24 25.01 23.68 21.93 21.39 20.00 21.54 20.56 20.96 20.17 16.66 17.47 15.40 17.60 17.37 17.90 16.27 15.51 14.61 17.47 16.65 19.14 19.50 23.10 24.97 25.34 22.67 21.97 19.03 17.85 15.78 13.39 10.43 9.80 7.60 5.97 0.00 5.44 7.62 9.56 11.33 11.83 12.90 13.96 14.21 15.86 15.71 16.77 17.50 18.74 19.52 21.21 20.48 19.26 19.54 21.06 21.35 23.32 24.02 22.66 21.44 19.60 21.98 19.55 19.94 19.33 21.37 20.93 20.32 17.16 17.25 14.51 16.24 15.26 16.60 16.72 18.73 20.00 21.80 24.04 25.98 25.61 26.23 23.49 23.49 22.67 24.82 22.98 23.45 23.37 25.45 
24.57 24.55 23.12 23.82 23.13 23.96 24.93 27.32 26.88 23.63 22.28 20.59 20.39 18.59 20.34 19.21 19.94 19.40 16.26 16.40 14.77 16.71 17.37 16.60 15.06 14.46 13.72 16.10 15.17 17.75 18.28 21.23 23.76 23.76 21.64 20.66 17.90 17.01 14.34 12.92 11.02 10.75 9.53 7.64 5.44 0.00 5.53 7.89 8.40 9.76 10.94 11.66 11.90 13.81 13.54 15.01 15.19 16.35 17.50 18.90 17.92 16.68 17.33 18.98 19.54 21.34 22.28 21.03 20.33 18.59 20.90 18.67 19.26 18.44 21.15 20.06 19.99 16.73 16.57 13.89 15.71 14.63 15.72 16.22 18.40 19.57 21.12 23.28 24.35 24.21 24.69 22.13 22.18 21.22 23.42 22.21 22.51 21.50 24.04 
26.07 26.44 25.01 25.64 24.70 25.43 26.06 28.35 28.13 24.48 23.11 21.76 21.72 19.99 21.18 20.28 21.37 20.86 17.58 17.90 16.40 18.34 18.51 18.83 16.89 16.45 14.92 17.12 16.70 18.95 18.85 22.32 24.81 24.56 22.33 21.90 18.78 17.20 15.06 14.10 11.39 11.58 11.57 9.41 7.62 5.53 0.00 6.22 7.26 8.29 9.78 10.44 10.78 13.19 13.20 14.09 14.33 15.79 16.88 18.18 17.65 16.90 17.97 19.50 20.02 21.84 22.73 21.78 21.07 19.27 21.71 19.86 19.93 19.03 21.72 21.52 21.30 18.90 18.70 16.43 17.18 15.75 17.15 17.72 19.90 20.77 22.83 24.99 25.93 25.21 25.80 23.37 23.55 22.23 23.92 22.68 23.12 23.20 25.16 
27.29 27.85 26.25 27.04 26.41 27.09 27.81 30.04 28.96 25.94 24.88 23.75 23.54 21.96 23.50 22.64 23.46 22.96 19.86 20.24 18.73 21.05 21.51 21.01 19.46 18.67 16.94 18.86 18.90 20.81 20.38 23.42 26.00 25.87 23.46 23.19 20.62 18.70 16.35 16.14 13.61 13.24 13.25 12.27 9.56 7.89 6.22 0.00 6.36 8.15 8.77 10.10 11.26 13.50 13.78 15.01 15.68 16.91 17.96 19.47 19.58 18.54 19.47 21.06 22.09 23.60 24.64 23.59 22.75 21.03 23.48 21.57 21.78 21.19 24.53 24.06 23.42 21.20 21.30 18.70 19.42 17.92 19.91 19.44 21.40 22.34 24.14 26.06 26.42 26.37 26.94 25.00 24.67 23.30 26.45 24.39 24.10 23.76 25.97 
27.24 27.47 25.95 26.45 25.66 26.34 27.26 29.18 28.37 24.96 24.37 23.13 23.01 21.48 23.20 22.52 23.14 22.53 19.91 19.80 18.44 20.57 21.27 21.03 18.88 18.30 16.74 18.48 18.22 19.93 19.56 22.56 25.18 24.88 22.43 21.82 19.37 18.24 16.04 15.48 13.26 13.55 13.41 13.41 11.33 8.40 7.26 6.36 0.00 5.73 7.78 8.10 9.66 11.69 12.13 13.76 14.85 15.37 16.35 18.33 18.91 17.69 17.93 19.98 21.23 22.97 23.90 22.88 22.34 20.93 23.31 21.30 21.30 20.70 24.02 23.89 23.81 21.04 21.06 18.97 19.54 17.67 19.29 19.06 20.87 21.26 23.27 25.26 26.08 25.55 26.37 23.65 23.15 22.31 24.56 22.67 22.19 22.87 25.48 
27.11 26.98 24.86 25.78 25.06 25.29 25.85 28.13 27.13 23.85 22.99 22.00 22.01 20.72 22.40 21.65 22.25 22.37 19.70 19.75 17.81 20.81 21.50 21.15 18.68 17.91 16.27 18.00 17.32 19.42 18.79 21.35 23.55 23.38 20.75 20.48 18.21 17.54 15.14 15.06 12.88 13.43 14.27 13.61 11.83 9.76 8.29 8.15 5.73 0.00 6.17 7.67 7.60 9.47 10.19 11.97 12.72 13.41 13.85 16.03 16.44 15.37 16.18 17.76 19.22 21.14 22.08 20.95 20.33 19.09 22.15 19.88 20.35 19.95 23.35 23.61 23.98 21.10 20.38 18.33 19.21 17.10 18.31 18.08 19.65 20.25 21.53 23.77 24.36 24.11 24.62 22.05 22.00 20.73 23.91 21.94 21.55 21.41 24.38 
28.41 28.22 26.20 26.77 26.63 26.69 27.10 28.95 28.51 24.98 23.94 22.93 23.30 22.16 23.37 22.73 23.77 24.01 21.57 21.42 20.21 22.72 23.40 22.94 20.78 19.71 17.96 19.52 19.12 20.69 20.10 22.79 24.51 24.15 21.99 21.74 19.04 18.42 16.79 16.18 13.89 14.34 15.03 15.17 12.90 10.94 9.78 8.77 7.78 6.17 0.00 6.14 7.42 8.71 9.43 11.06 12.37 13.16 13.66 15.42 16.53 15.92 16.66 18.60 20.28 22.30 23.14 21.85 21.49 20.42 23.40 21.86 22.04 21.85 25.39 25.67 26.36 23.37 22.88 20.34 20.95 18.52 19.64 19.05 20.89 21.22 22.62 24.79 25.41 24.75 25.34 23.23 22.61 21.48 23.49 22.62 22.68 23.03 25.54 
27.73 27.63 25.39 26.26 25.76 25.84 26.19 28.44 27.59 24.36 23.48 22.42 22.90 21.78 23.20 22.35 23.28 23.79 21.24 21.40 20.28 22.93 23.27 23.01 20.97 19.82 17.61 18.98 18.85 20.10 19.07 21.90 23.73 23.28 20.65 20.88 18.54 17.67 15.75 16.14 13.77 14.57 15.43 15.87 13.96 11.66 10.44 10.10 8.10 7.67 6.14 0.00 6.06 8.06 7.66 9.68 10.59 12.18 12.55 15.12 15.32 14.89 15.96 18.21 19.58 21.86 22.28 21.45 20.88 19.89 22.88 21.45 22.02 21.75 25.72 25.93 25.92 23.48 23.43 20.64 20.81 18.21 19.36 18.58 19.61 20.17 21.26 23.23 23.58 23.49 24.15 22.15 22.32 20.60 24.03 22.28 22.07 22.00 24.45 
27.37 27.11 25.07 25.60 24.91 25.05 26.00 27.71 26.99 23.56 22.86 21.95 22.22 21.23 22.67 22.07 23.01 23.18 21.01 21.21 20.02 22.34 22.95 22.64 20.94 19.67 17.44 18.74 18.18 19.50 18.33 21.18 23.21 22.69 20.00 20.05 17.97 16.86 14.94 15.45 13.92 14.30 15.64 16.74 14.21 11.90 10.78 11.26 9.66 7.60 7.42 6.06 0.00 6.37 7.47 8.20 9.33 10.66 11.68 13.85 14.11 13.64 15.14 17.26 19.11 20.87 21.77 20.95 20.67 19.39 21.87 20.80 21.88 21.79 25.23 25.59 26.09 23.22 23.19 21.05 21.08 18.12 19.18 18.28 19.03 19.08 20.56 22.77 23.75 23.04 23.28 21.49 20.75 19.92 22.16 20.54 20.20 20.75 24.04 
27.82 27.43 24.93 25.74 25.41 25.41 25.77 28.25 27.24 24.02 22.79 22.27 22.70 21.87 23.30 23.12 23.69 24.56 22.24 22.63 21.55 24.08 24.64 24.60 22.41 20.98 18.66 19.65 18.76 20.29 19.00 21.78 23.40 23.18 20.66 20.52 18.12 17.65 15.77 16.28 15.09 16.26 17.38 18.00 15.86 13.81 13.19 13.50 11.69 9.47 8.71 8.06 6.37 0.00 6.41 8.08 8.15 9.70 11.09 13.19 13.85 13.94 14.99 17.29 19.04 21.14 21.77 21.02 20.08 18.92 21.70 20.99 22.35 22.19 25.56 26.91 27.73 24.72 23.97 21.97 22.35 19.31 19.69 18.59 19.15 19.53 20.55 22.57 23.46 23.05 23.56 21.23 21.59 20.13 23.30 21.01 20.53 20.85 23.83 
27.94 27.15 24.73 25.40 25.68 25.11 25.66 27.59 27.21 23.45 22.33 21.78 22.60 21.64 22.78 22.35 23.57 24.13 21.86 22.65 21.80 23.94 24.16 24.14 22.40 20.86 18.17 19.22 18.55 19.26 17.75 20.52 22.17 22.01 19.72 19.39 17.03 16.58 15.21 15.81 14.51 15.97 17.43 17.99 15.71 13.54 13.20 13.78 12.13 10.19 9.43 7.66 7.47 6.41 0.00 6.10 7.38 8.02 9.72 11.28 12.22 12.48 13.75 15.62 17.74 19.72 20.55 19.48 18.92 18.08 21.10 20.25 21.70 21.78 24.91 26.03 27.40 24.47 23.61 21.67 22.30 19.00 19.01 17.64 18.35 18.27 19.51 21.56 22.15 21.62 22.22 20.35 19.87 18.78 21.17 19.93 19.62 20.62 23.78 
27.34 27.03 24.42 25.69 25.55 25.37 25.25 28.17 27.46 24.19 22.58 22.19 23.00 22.27 23.24 23.19 24.31 25.16 22.78 23.69 22.91 24.83 24.86 25.38 23.34 21.35 18.26 19.37 18.81 19.55 17.26 20.40 22.28 22.04 19.42 19.32 17.20 16.78 15.15 16.03 15.03 16.71 18.33 18.91 16.77 15.01 14.09 15.01 13.76 11.97 11.06 9.68 8.20 8.08 6.10 0.00 6.19 8.35 8.03 10.51 11.32 11.42 13.10 15.82 17.23 19.24 20.65 20.09 19.36 18.54 21.39 20.88 22.26 22.16 25.72 26.58 27.31 24.79 24.32 21.80 22.16 18.84 18.95 17.30 17.90 17.94 18.68 20.79 21.43 20.72 21.66 19.46 20.17 18.65 21.48 20.17 20.15 20.44 23.30 
27.21 26.84 24.71 25.42 25.44 25.08 25.73 27.63 27.47 23.71 22.74 21.80 22.68 21.58 22.92 22.77 24.16 24.71 22.66 23.53 22.47 24.42 24.73 24.76 23.19 21.31 18.15 18.89 18.18 18.55 16.58 19.52 21.50 21.09 18.27 18.30 16.36 15.77 14.07 15.04 14.66 16.40 18.47 19.48 17.50 15.19 14.33 15.68 14.85 12.72 12.37 10.59 9.33 8.15 7.38 6.19 0.00 6.39 7.32 8.57 9.51 10.32 11.93 14.09 16.19 17.73 18.97 18.86 19.02 17.66 20.39 20.12 21.53 21.28 24.62 25.34 26.09 23.63 23.69 21.20 21.38 18.01 18.42 16.61 16.74 16.37 17.65 19.48 20.34 19.66 20.17 18.65 18.45 17.39 19.75 18.64 19.03 19.70 22.98 
26.99 26.71 24.08 25.05 25.00 25.00 24.84 27.52 26.95 23.93 22.46 21.66 22.58 21.74 23.24 23.32 24.55 25.37 23.42 24.56 23.60 25.80 25.93 26.37 24.13 22.35 18.78 19.70 18.27 19.01 16.69 19.31 20.80 20.66 17.98 17.51 16.17 16.18 15.06 15.85 15.39 17.57 19.54 20.68 18.74 16.35 15.79 16.91 15.37 13.41 13.16 12.18 10.66 9.70 8.02 8.35 6.39 0.00 6.36 8.24 8.50 9.46 11.43 13.38 15.34 17.38 18.18 18.12 18.12 16.91 20.14 19.91 21.18 20.88 24.31 25.63 26.68 23.87 23.58 20.91 21.56 18.10 18.23 15.96 15.85 16.09 17.14 18.81 19.36 18.83 20.31 17.99 19.19 17.75 20.29 18.98 19.44 19.40 22.36 
27.55 26.77 24.10 24.70 25.24 24.66 24.88 26.92 27.02 23.48 22.09 21.45 22.64 21.77 23.01 23.31 25.04 25.51 23.48 25.07 24.19 25.75 26.12 26.33 24.74 22.27 18.66 19.33 17.98 18.14 15.91 17.96 19.52 19.33 17.02 16.84 15.06 15.72 14.86 16.27 15.80 17.99 20.29 21.51 19.52 17.50 16.88 17.96 16.35 13.85 13.66 12.55 11.68 11.09 9.72 8.03 7.32 6.36 0.00 6.04 7.50 8.01 10.25 12.20 14.47 16.17 17.99 16.89 17.15 16.59 20.07 19.73 20.96 20.56 24.02 25.44 26.85 23.83 23.27 21.08 21.86 18.42 18.19 16.20 15.87 15.64 16.89 18.91 19.12 18.78 19.69 18.23 18.21 17.38 19.75 18.53 19.17 19.98 22.85 
27.39 27.17 24.31 25.38 25.51 25.35 25.08 27.93 27.36 24.21 22.62 21.88 22.89 22.39 23.88 24.20 25.61 26.64 24.82 25.97 24.98 26.85 27.09 27.50 25.37 23.52 19.21 19.93 18.22 18.69 15.80 18.27 19.03 19.30 16.62 16.87 15.56 16.15 15.71 17.32 16.83 19.04 21.22 22.65 21.21 18.90 18.18 19.47 18.33 16.03 15.42 15.12 13.85 13.19 11.28 10.51 8.57 8.24 6.04 0.00 6.69 8.11 8.46 10.74 13.14 15.64 17.24 16.44 17.14 16.75 20.59 20.01 21.54 21.41 24.77 26.12 27.15 24.58 24.10 21.26 22.28 19.18 18.55 16.81 16.56 15.80 16.54 18.71 19.21 18.61 19.67 18.14 19.41 18.18 20.60 19.80 20.43 20.35 22.57 
26.99 26.75 24.28 24.94 25.00 24.77 25.34 27.22 26.88 23.23 22.24 20.99 22.10 21.23 22.95 22.97 24.67 25.41 23.98 24.82 23.82 25.82 26.53 26.18 24.25 22.17 18.76 18.63 17.35 17.35 15.19 16.97 17.87 17.05 15.19 15.55 13.96 14.37 14.39 16.09 16.00 17.83 20.30 21.89 20.48 17.92 17.65 19.58 18.91 16.44 16.53 15.32 14.11 13.85 12.22 11.32 9.51 8.50 7.50 6.69 0.00 6.47 8.01 8.43 10.87 13.37 15.50 15.44 16.49 15.21 18.92 18.84 20.98 20.58 23.85 24.23 25.52 23.22 22.89 20.09 20.74 17.60 17.66 15.62 15.40 14.45 15.42 17.54 18.77 17.98 18.71 17.49 17.61 17.15 19.30 18.34 19.14 19.84 22.51 
25.65 25.22 22.48 23.43 23.09 23.06 22.76 25.60 24.83 21.60 19.65 19.25 20.19 19.43 20.75 21.63 23.08 24.01 22.12 23.80 22.81 24.82 25.12 25.38 23.08 21.23 17.48 17.85 15.93 16.20 13.45 15.65 15.55 15.29 12.77 13.18 12.09 13.25 13.36 15.36 14.95 16.88 19.31 20.90 19.26 16.68 16.90 18.54 17.69 15.37 15.92 14.89 13.64 13.94 12.48 11.42 10.32 9.46 8.01 8.11 6.47 0.00 5.99 7.54 7.97 10.64 12.48 12.73 13.74 13.33 16.91 17.01 19.36 19.12 22.14 23.35 24.29 21.76 21.08 18.22 19.27 15.91 15.78 14.20 14.06 13.27 14.31 15.71 16.46 15.87 17.09 15.48 17.09 16.12 18.64 18.21 18.78 18.65 21.19 
25.94 25.15 22.57 23.10 23.10 22.58 22.76 24.80 24.79 20.90 19.70 18.86 20.36 18.87 20.55 21.15 23.31 23.61 21.83 23.73 23.22 24.64 25.04 25.30 23.75 21.15 17.26 17.60 16.02 15.56 12.90 14.25 14.97 13.77 11.25 11.53 11.38 12.62 13.33 15.21 15.21 17.60 20.49 21.73 19.54 17.33 17.97 19.47 17.93 16.18 16.66 15.96 15.14 14.99 13.75 13.10 11.93 11.43 10.25 8.46 8.01 5.99 0.00 6.02 7.41 8.56 11.04 11.53 12.47 12.54 16.33 16.44 18.84 18.30 21.67 22.84 24.02 21.27 20.43 17.89 19.04 15.93 15.81 13.93 14.26 13.49 14.42 15.85 16.18 15.63 16.12 15.49 15.76 14.96 17.40 17.01 17.70 18.72 21.12 
25.79 25.49 22.60 23.72 23.73 23.70 23.31 26.02 25.16 21.91 20.11 19.44 20.46 19.73 21.30 21.91 23.68 24.54 22.69 24.35 23.56 25.33 25.67 25.97 23.93 21.84 17.57 18.25 16.09 15.71 11.82 14.47 14.60 13.39 10.87 12.23 11.86 13.86 14.37 16.73 16.71 19.41 22.09 23.34 21.06 18.98 19.50 21.06 19.98 17.76 18.60 18.21 17.26 17.29 15.62 15.82 14.09 13.38 12.20 10.74 8.43 7.54 6.02 0.00 5.50 7.74 9.01 10.05 12.26 12.35 16.03 16.11 19.26 19.37 23.01 23.86 25.06 22.72 21.72 18.99 20.05 17.29 16.45 15.13 15.34 14.71 15.53 16.92 17.01 15.64 16.60 15.37 17.09 15.98 18.74 18.25 18.93 19.27 21.35 
25.72 25.23 22.86 23.47 23.89 23.67 24.16 25.84 25.72 21.89 20.66 19.54 20.66 19.62 21.31 21.57 23.20 23.80 22.30 23.99 22.68 24.59 25.96 25.68 23.41 21.09 18.22 18.05 15.23 14.92 11.94 13.27 14.11 13.28 11.93 12.88 12.61 14.35 14.95 16.85 17.12 19.88 22.20 23.41 21.35 19.54 20.02 22.09 21.23 19.22 20.28 19.58 19.11 19.04 17.74 17.23 16.19 15.34 14.47 13.14 10.87 7.97 7.41 5.50 0.00 5.83 7.78 8.96 11.70 12.96 15.74 16.25 20.00 20.07 23.33 24.22 25.45 23.28 22.10 19.51 20.12 17.27 16.97 15.07 16.04 15.56 16.30 17.68 18.43 17.24 17.19 16.23 16.33 15.69 18.25 17.44 18.31 19.56 21.49 
25.24 25.03 22.79 23.26 23.73 23.37 24.04 26.78 26.29 22.74 20.88 19.68 20.95 19.55 21.01 21.81 23.57 24.20 22.11 24.56 23.46 25.51 26.13 26.37 23.81 21.76 18.83 18.10 15.00 14.69 11.76 13.75 14.60 15.14 13.12 14.53 13.51 15.22 15.75 18.03 18.38 21.08 23.57 24.93 23.32 21.34 21.84 23.60 22.97 21.14 22.30 21.86 20.87 21.14 19.72 19.24 17.73 17.38 16.17 15.64 13.37 10.64 8.56 7.74 5.83 0.00 6.20 7.92 10.20 11.48 15.99 16.60 19.53 19.94 23.68 24.92 26.58 24.09 22.84 20.50 20.97 18.18 17.40 16.02 16.84 17.03 18.38 19.73 19.23 17.45 18.09 15.64 17.38 16.51 19.27 18.41 19.17 18.85 20.92 
25.32 25.27 23.05 23.33 23.89 24.03 24.55 26.88 26.81 23.02 21.19 20.36 21.40 19.29 20.54 21.08 23.43 23.71 21.47 23.63 23.03 24.80 25.28 25.04 23.61 20.65 17.41 16.32 13.83 13.91 11.20 13.34 15.73 15.37 14.58 14.86 13.86 14.96 15.42 17.68 18.57 21.37 24.30 25.57 24.02 22.28 22.73 24.64 23.90 22.08 23.14 22.28 21.77 21.77 20.55 20.65 18.97 18.18 17.99 17.24 15.50 12.48 11.04 9.01 7.78 6.20 0.00 6.33 8.17 9.63 13.98 15.36 18.51 18.90 23.21 24.58 25.87 23.40 22.63 19.91 20.52 17.41 17.03 16.25 17.42 17.86 19.41 20.95 20.38 18.84 18.56 17.16 16.77 15.39 18.11 18.11 18.15 19.26 21.25 
24.14 23.78 21.71 22.35 23.29 23.06 23.94 26.32 26.07 22.52 20.94 19.60 20.14 18.20 19.72 19.66 21.16 22.00 19.53 21.53 20.80 23.17 22.88 22.58 20.64 18.00 14.23 13.07 12.15 11.65 8.96 12.64 15.16 15.87 14.19 14.79 13.66 14.34 14.69 16.29 16.68 19.86 22.76 24.02 22.66 21.03 21.78 23.59 22.88 20.95 21.85 21.45 20.95 21.02 19.48 20.09 18.86 18.12 16.89 16.44 15.44 12.73 11.53 10.05 8.96 7.92 6.33 0.00 6.35 7.59 11.25 12.54 16.01 17.26 21.01 22.21 23.51 21.29 20.63 18.38 18.44 15.67 16.10 15.44 17.17 17.57 18.91 20.63 19.62 18.17 18.44 15.20 16.06 15.10 18.25 17.62 18.43 18.05 19.47 
