0.15 3.83 6.68 9.24 12.28 12.79 14.54 16.97 19.34 19.89 22.77 25.36 28.37 30.42 32.65 32.25 31.51 30.43 28.99 28.22 28.79 29.53 28.27 28.19 26.83 27.17 27.31 28.02 28.34 29.62 29.49 27.63 27.87 29.55 28.93 27.16 28.59 29.39 28.29 26.61 27.90 28.20 28.43 27.44 27.61 27.50 27.93 26.43 25.02 24.55 24.94 24.75 25.26 25.29 26.15 27.39 28.64 27.98 29.07 29.81 30.13 29.45 30.83 31.37 31.09 29.50 29.22 27.79 27.10 27.98 27.76 25.20 24.95 24.84 25.02 25.23 26.61 27.55 29.66 30.50 30.88 31.39 32.23 32.06 30.82 30.62 32.02 31.56 29.83 28.32 27.99 27.49 27.60 28.43 28.47 27.96 29.15 28.24 26.04 25.90 27.41 25.10 24.47 25.10 24.86 23.14 23.41 22.52 21.33 21.10 21.89 22.86 22.60 23.48 24.96 25.15 22.95 22.18 23.79 22.40 20.18 19.52 20.67 19.39 18.20 17.75 17.31 17.76 18.11 19.07 20.34 22.71 24.43 28.17 30.15 32.85 35.21 36.57 36.86 37.51 37.28 35.74 33.36 32.76 30.25 29.16 28.18 27.97 27.32 28.25 27.33 28.11 28.78 29.76 28.29 27.37 28.24 29.06 28.87 29.29 31.23 32.03 31.86 31.57 33.77 34.33 33.08 33.01 34.59 35.01 34.86 33.62 33.94 34.68 34.80 33.39 32.49 32.86 33.50 33.05 32.32 31.03 30.42 28.29 26.35 25.66 27.01 26.70 27.96 26.34 27.81 30.80 
3.83 1.50 3.76 6.83 9.84 12.42 13.55 15.79 18.10 19.42 22.70 24.88 28.18 30.04 33.85 32.72 31.97 29.92 28.92 28.12 28.93 28.67 27.64 27.73 26.49 26.73 27.25 27.67 28.05 29.34 29.61 27.24 27.54 29.35 28.68 26.41 28.21 28.71 27.23 25.61 27.00 27.35 27.13 26.11 25.83 25.84 26.49 24.86 23.16 23.05 23.96 23.83 24.31 24.44 25.95 27.07 28.48 27.67 28.73 29.65 29.78 28.48 29.91 30.80 30.40 28.38 27.97 26.79 25.93 26.72 26.79 23.91 23.81 23.64 24.04 24.48 25.78 26.74 28.83 29.94 30.24 30.70 31.28 31.45 29.87 29.29 30.89 30.80 28.86 26.84 26.42 26.40 26.62 27.28 27.13 26.90 28.86 27.43 24.96 24.95 27.06 23.93 23.27 23.98 23.81 21.06 22.27 21.44 20.66 20.48 21.81 22.43 22.57 23.55 25.00 24.94 22.45 21.46 23.39 21.93 19.53 18.11 19.56 18.05 17.46 16.14 16.15 17.26 18.07 18.68 20.53 22.85 25.12 28.38 30.49 33.05 35.45 36.39 36.74 37.36 37.49 35.48 33.26 32.59 30.27 28.37 27.45 26.90 26.72 27.06 26.38 27.10 28.57 29.37 27.40 26.32 27.76 28.33 27.91 28.25 30.72 31.62 30.96 30.32 32.87 33.66 32.04 31.80 33.86 34.36 33.77 32.30 33.01 34.01 34.34 32.78 32.22 32.47 33.44 32.25 32.38 30.06 30.18 26.90 26.09 24.37 25.16 24.33 24.47 25.63 25.05 28.06 
6.68 3.76 0.40 4.09 8.03 10.13 11.07 13.58 16.11 18.04 21.34 23.69 25.99 29.52 33.50 32.57 30.98 29.17 27.98 27.63 28.10 28.09 26.90 27.27 25.70 26.00 26.69 27.32 27.29 28.61 28.94 26.54 26.67 28.24 27.77 25.29 26.77 27.10 25.57 23.74 25.41 25.16 24.88 23.70 23.74 23.51 23.58 21.95 20.72 20.93 22.24 21.95 22.66 23.44 25.26 26.25 27.68 27.03 28.34 28.80 28.93 27.28 28.41 29.03 28.42 25.92 25.54 24.10 23.48 24.15 24.58 21.74 21.96 22.08 22.92 22.91 24.25 25.26 27.55 28.18 28.52 29.02 29.83 29.46 28.09 27.43 28.98 28.65 26.85 24.79 24.64 24.41 24.62 25.19 25.36 25.09 27.06 25.73 23.55 23.60 25.27 22.23 21.79 22.26 21.59 19.14 20.38 19.62 19.44 19.83 21.55 21.88 21.41 23.02 24.26 24.22 21.35 20.28 22.26 20.97 18.55 16.74 17.40 16.58 16.17 14.97 14.89 16.08 17.55 18.55 19.81 22.93 24.76 28.14 29.88 32.37 34.64 35.71 36.23 36.79 36.79 35.01 32.71 31.87 28.96 27.49 26.50 25.97 25.47 26.06 25.33 26.08 27.58 28.47 26.19 25.27 26.83 27.28 26.71 27.14 29.86 30.29 29.62 28.77 31.43 31.87 30.56 30.13 32.39 32.49 32.06 30.28 31.26 31.98 32.69 30.95 30.65 30.62 31.54 30.47 30.71 28.11 28.69 26.66 25.86 24.61 24.95 24.51 26.21 26.21 26.17 26.29 
9.24 6.83 4.09 0.00 4.67 7.13 9.47 11.34 14.00 16.33 20.26 22.81 25.56 28.46 32.17 31.29 29.94 28.02 26.81 25.47 25.61 25.62 24.96 25.17 23.34 23.80 24.77 25.29 25.41 26.78 26.98 24.73 24.53 26.34 25.62 23.15 24.49 25.25 23.48 21.59 23.07 23.26 22.75 21.58 22.00 21.66 21.66 19.99 19.21 18.97 19.86 19.92 20.91 21.51 23.24 24.20 25.49 25.20 26.23 26.96 26.93 25.72 26.54 27.23 26.38 24.14 23.58 21.86 20.97 21.71 22.40 19.19 19.02 19.69 20.78 20.83 21.93 23.18 25.64 26.41 26.25 27.20 28.01 27.84 26.17 25.77 27.22 26.71 24.61 23.10 22.84 22.44 22.13 23.07 23.17 23.09 24.92 23.87 21.64 22.02 23.82 20.76 20.15 20.43 20.04 16.89 18.40 16.72 16.61 17.10 19.33 19.95 19.54 20.82 22.45 22.55 19.90 18.56 20.60 19.69 17.23 15.63 16.89 14.13 14.22 12.38 12.36 13.96 14.62 15.41 16.65 20.20 22.40 25.67 27.50 30.54 33.07 33.91 34.33 35.10 35.18 33.38 31.07 30.34 27.55 25.80 24.61 24.08 23.34 24.18 23.05 23.53 25.01 26.03 23.60 22.52 24.08 24.36 23.68 24.33 27.19 27.96 26.98 26.60 29.28 29.84 28.14 28.14 30.42 30.47 29.75 28.30 29.16 29.83 30.20 28.89 28.57 28.83 29.39 28.32 28.30 25.85 26.48 24.12 23.70 21.17 22.43 21.44 24.17 23.49 23.05 24.72 
12.28 9.84 8.03 4.67 0.00 5.03 6.80 9.73 12.79 16.42 20.50 22.16 26.00 28.49 31.83 31.35 30.04 27.79 25.21 24.45 24.88 25.51 24.51 24.31 21.91 22.55 23.14 24.08 24.51 26.39 26.53 23.94 24.33 26.64 25.60 22.93 25.05 26.03 23.80 21.78 23.68 24.05 23.86 23.03 23.91 23.95 23.81 21.99 20.82 20.10 20.19 20.10 21.26 21.28 22.41 23.89 25.43 24.35 25.19 26.42 26.59 25.38 26.82 27.72 27.01 24.88 24.77 22.81 21.90 23.25 23.44 20.05 19.58 19.42 20.09 20.21 21.70 22.78 25.41 26.42 26.25 27.19 28.42 28.59 27.53 26.77 28.42 27.51 25.55 23.38 23.75 22.77 22.93 23.44 23.51 22.95 25.32 24.03 21.22 21.65 24.50 21.25 20.31 21.72 20.96 18.17 18.43 16.96 15.78 15.64 17.22 18.65 18.96 20.55 21.93 22.50 19.85 18.50 20.41 18.92 17.06 15.86 18.19 15.98 13.99 11.91 11.07 11.69 12.47 13.35 15.29 17.72 20.05 24.30 26.35 29.75 31.96 33.58 33.63 34.62 34.37 32.68 29.76 28.95 26.10 24.50 23.04 22.34 21.43 22.77 21.90 22.23 23.60 24.95 23.09 21.61 24.34 24.44 23.85 23.67 27.08 27.92 27.28 26.50 29.81 30.31 28.56 28.08 30.71 30.85 30.67 28.83 29.71 30.47 30.97 29.16 28.97 28.98 29.95 28.26 27.56 25.54 25.40 23.26 22.14 21.84 23.85 23.88 22.35 22.08 24.21 27.98 
12.79 12.42 10.13 7.13 5.03 0.00 5.44 7.06 10.50 12.27 17.42 20.53 23.35 26.65 29.52 29.61 27.66 25.14 22.44 21.34 22.57 23.10 22.11 21.77 19.05 19.53 20.35 21.35 21.55 24.05 24.10 21.52 22.04 24.39 23.08 20.54 22.84 23.77 21.37 19.17 21.33 21.23 21.51 20.53 21.33 21.63 21.39 19.21 17.47 16.67 16.92 17.17 17.89 18.71 20.01 22.03 23.00 22.00 22.72 24.30 24.14 22.82 24.20 25.65 24.71 22.79 22.38 20.77 19.67 21.30 21.12 17.18 16.75 16.46 16.82 17.52 19.33 20.57 23.05 24.26 24.41 25.31 26.12 26.32 24.98 24.40 25.82 25.27 22.62 20.67 20.35 20.23 19.75 21.00 20.89 20.34 23.19 21.60 18.60 18.67 21.98 18.67 18.20 19.58 19.16 15.27 16.03 14.09 12.98 12.92 14.47 15.93 16.34 18.89 19.45 20.26 17.61 15.98 17.54 16.34 14.46 13.59 15.51 13.40 12.15 9.28 8.27 9.46 9.93 10.41 12.49 15.67 17.67 21.86 23.75 27.32 29.63 31.16 31.52 32.69 32.39 30.44 27.02 26.91 23.39 21.58 19.88 19.63 18.34 19.85 18.28 19.36 20.57 22.90 20.29 18.67 21.45 22.07 20.65 21.34 24.37 25.71 24.60 23.92 27.17 28.09 25.85 25.65 28.18 28.57 27.85 26.17 27.34 28.53 28.78 27.17 26.99 27.46 28.19 26.58 26.23 23.43 23.64 20.71 20.12 19.01 20.41 20.20 19.15 21.26 21.58 25.54 
14.54 13.55 11.07 9.47 6.80 5.44 0.00 5.44 7.23 11.45 14.58 18.51 21.17 24.53 27.57 27.03 25.02 22.91 20.37 19.90 21.03 21.93 20.33 20.54 17.91 18.54 18.90 19.61 19.83 22.00 22.65 19.89 20.68 22.70 21.86 19.00 21.17 21.90 19.62 17.78 19.93 20.02 19.86 19.39 20.26 20.38 19.84 17.73 16.23 15.00 14.79 14.51 15.75 16.36 17.96 19.82 21.21 20.13 20.92 22.27 22.35 20.81 22.06 23.59 23.06 20.40 20.20 18.66 18.39 19.57 19.55 15.35 15.26 14.74 15.26 15.14 17.25 18.57 20.64 21.89 22.27 23.55 24.17 24.43 23.67 22.94 24.20 23.75 21.59 18.90 18.58 18.23 18.21 19.40 19.29 18.91 21.81 20.41 17.48 17.69 20.61 17.42 17.49 18.91 18.82 14.87 15.34 12.80 12.35 11.75 13.72 14.33 15.60 17.25 18.26 18.50 16.14 13.77 15.88 14.96 13.40 12.20 14.45 13.27 12.74 9.50 7.67 8.91 9.21 9.57 10.24 14.13 16.67 20.25 21.53 25.07 27.01 28.67 29.32 30.57 30.33 28.26 25.32 24.34 21.43 19.62 18.18 17.47 16.17 17.43 16.57 17.55 19.22 21.44 19.02 17.72 20.52 20.75 19.94 20.29 23.20 23.80 23.00 21.98 25.22 25.72 23.82 23.52 26.24 26.49 26.02 24.19 25.73 26.77 27.32 25.73 25.79 26.17 26.76 25.06 24.57 21.33 21.45 19.88 19.01 18.01 18.87 20.12 18.97 19.67 20.12 23.17 
16.97 15.79 13.58 11.34 9.73 7.06 5.44 0.00 5.99 7.47 12.07 15.19 19.43 21.75 24.72 25.22 22.00 19.97 16.72 16.64 17.17 18.69 17.20 18.22 15.22 15.92 16.57 18.04 17.95 20.42 20.76 18.33 18.68 20.74 19.78 17.26 19.28 20.06 17.99 16.07 18.38 18.62 18.72 18.67 19.84 20.04 19.71 18.14 16.58 14.76 14.00 14.04 14.69 15.27 16.56 18.18 19.73 19.19 19.21 20.51 20.48 18.92 19.96 21.59 21.05 18.24 18.05 16.70 16.40 18.39 18.99 14.48 13.79 13.14 13.41 13.79 15.35 17.06 19.75 20.82 20.90 21.86 22.61 23.13 22.34 22.04 22.93 22.81 20.41 18.11 17.32 16.90 16.48 17.72 17.65 17.36 20.50 18.80 15.58 16.27 19.28 16.10 15.93 17.90 18.34 14.71 14.49 11.15 10.20 9.74 11.51 12.37 13.08 15.29 16.06 16.26 14.49 12.08 14.19 13.62 12.31 11.57 14.16 13.06 12.86 10.63 7.70 7.95 7.98 7.17 8.34 11.78 14.19 17.57 19.09 22.91 25.17 26.85 27.35 28.82 28.22 26.75 23.29 23.03 19.67 17.99 16.15 15.46 13.78 15.33 14.31 15.82 17.72 20.08 17.48 15.94 18.34 19.08 17.99 18.96 21.35 22.71 21.29 20.78 23.29 24.63 22.19 22.49 24.59 25.28 24.38 23.02 23.88 25.52 25.75 24.39 23.99 24.63 24.92 23.46 23.03 20.33 20.12 17.72 17.26 16.07 16.87 17.46 16.82 18.86 18.67 22.42 
19.34 18.10 16.11 14.00 12.79 10.50 7.23 5.99 0.00 6.30 7.87 12.23 15.08 17.71 20.11 20.10 18.32 15.07 12.48 12.30 13.66 15.32 14.93 15.93 12.64 13.81 14.42 15.87 15.99 18.58 19.13 16.50 16.93 18.97 17.67 15.55 17.76 18.56 16.19 15.58 17.67 18.36 18.42 19.53 20.68 21.60 21.48 19.43 17.97 16.20 14.64 14.11 14.49 14.30 15.20 16.50 18.35 17.20 17.43 18.92 18.42 17.31 18.68 20.79 20.15 17.72 17.75 16.69 15.98 18.66 19.78 15.06 14.44 12.74 12.62 13.06 14.48 15.83 18.63 19.96 20.03 21.21 21.91 22.93 22.19 21.69 22.73 22.33 20.28 17.49 17.07 16.31 15.78 16.90 16.69 16.27 19.58 18.29 14.89 16.18 19.47 16.71 16.81 19.68 20.28 16.83 17.27 13.45 10.77 9.28 10.90 11.33 12.07 13.42 15.07 14.39 12.21 10.09 13.06 12.67 11.14 10.79 14.08 13.74 13.82 11.69 9.04 10.20 8.50 8.11 7.89 10.51 12.37 16.50 17.92 21.12 22.34 24.86 25.37 26.66 26.03 24.78 21.30 21.29 17.04 16.02 14.09 12.96 10.98 13.33 13.20 14.34 16.50 18.96 16.94 15.24 17.77 18.14 17.37 18.07 20.58 21.39 20.61 19.45 22.15 22.90 20.76 21.11 23.07 23.61 23.21 21.69 22.57 23.78 24.08 22.83 22.56 22.78 23.03 21.87 22.46 18.69 18.98 16.29 15.19 14.12 15.61 15.75 16.44 18.57 19.45 22.04 
19.89 19.42 18.04 16.33 16.42 12.27 11.45 7.47 6.30 0.00 5.71 7.62 11.77 13.29 16.54 16.53 14.55 11.87 9.50 9.78 12.51 14.74 14.62 15.80 12.29 13.01 13.09 15.23 15.08 17.47 17.91 15.65 16.04 17.90 16.44 14.24 16.70 17.45 15.32 14.82 17.42 18.03 18.47 19.46 20.36 21.07 21.66 19.56 17.77 15.72 14.35 13.45 13.40 12.50 13.86 15.22 16.95 15.51 16.27 17.79 17.43 16.49 18.19 20.24 19.71 17.52 17.59 16.27 15.72 18.25 19.40 14.64 14.72 12.74 12.26 12.26 13.87 15.16 17.89 19.60 20.23 20.98 21.75 22.38 21.91 21.37 22.79 22.39 20.16 17.32 16.60 15.70 15.01 16.25 16.12 15.60 18.85 18.11 15.24 16.09 19.25 17.20 17.90 20.60 21.05 17.81 18.59 15.52 11.76 9.62 10.63 10.98 11.38 12.87 13.48 14.09 12.05 10.08 13.15 13.24 12.36 12.53 16.20 15.24 14.95 13.65 11.73 11.61 10.40 7.58 8.88 8.18 10.53 13.15 15.68 17.70 20.08 21.52 22.77 24.03 24.05 21.52 18.56 18.82 15.29 13.60 11.82 11.50 9.27 12.29 11.53 13.95 16.05 18.72 16.34 14.70 17.25 17.59 16.76 17.84 19.83 20.86 19.98 18.74 20.92 21.95 19.73 20.49 22.12 22.73 21.97 20.89 21.72 23.22 23.27 22.35 22.16 22.91 23.16 22.17 22.29 18.30 19.01 15.07 14.70 13.04 15.02 14.59 16.33 18.11 19.65 21.91 
22.77 22.70 21.34 20.26 20.50 17.42 14.58 12.07 7.87 5.71 0.00 5.96 6.65 10.68 13.25 12.80 11.08 9.50 8.69 9.31 12.91 15.62 15.28 16.59 13.46 13.64 13.97 15.73 15.44 17.92 18.88 15.97 16.32 18.62 17.58 14.75 16.65 18.31 16.62 16.02 18.13 19.71 20.12 21.07 21.72 22.61 22.76 21.42 19.62 17.48 15.60 14.41 14.16 13.41 14.10 15.02 16.80 15.79 16.47 17.99 17.34 16.96 18.76 21.14 20.21 18.03 18.16 17.36 16.91 19.50 20.39 15.90 16.17 14.40 14.00 13.33 14.58 15.57 18.24 19.78 21.12 22.41 22.72 23.51 23.01 22.72 23.82 23.59 21.35 18.19 17.68 16.77 15.56 16.72 16.78 16.52 19.43 19.37 16.81 18.03 20.87 19.41 20.35 23.17 23.19 20.34 21.02 17.47 13.99 11.75 11.87 11.80 11.59 12.39 13.10 14.08 12.63 10.96 14.05 15.01 13.98 14.95 18.68 17.86 17.12 15.62 14.01 13.40 11.40 9.55 6.92 7.72 8.31 11.26 11.46 14.45 17.48 19.32 20.27 22.09 21.97 19.71 16.87 16.61 12.92 11.56 10.90 9.57 8.53 11.02 12.10 13.23 15.69 18.81 17.04 15.60 17.79 18.55 18.12 18.75 20.71 21.40 20.73 19.11 21.37 22.22 20.07 20.50 22.54 22.92 22.28 21.01 22.19 23.63 23.97 22.91 22.82 23.60 24.24 22.65 22.93 18.61 19.39 16.02 14.93 12.98 14.05 15.50 16.63 18.19 19.35 22.11 
25.36 24.88 23.69 22.81 22.16 20.53 18.51 15.19 12.23 7.62 5.96 0.00 7.36 8.05 11.04 10.89 8.45 8.95 6.40 8.22 12.25 15.68 14.62 16.65 12.93 13.43 13.43 15.11 14.51 17.55 18.62 15.81 15.46 18.08 17.38 14.63 16.22 18.03 16.82 15.97 18.19 19.78 20.71 21.65 22.73 23.68 24.00 22.71 21.15 19.06 17.44 15.96 15.33 14.23 14.37 14.92 16.36 15.33 15.99 17.22 16.70 16.15 18.10 20.77 19.90 17.65 18.10 17.69 17.12 19.43 20.84 16.95 16.75 15.13 14.74 14.58 15.22 16.10 18.20 20.10 21.03 22.36 22.76 23.57 23.24 22.92 23.99 23.80 21.68 18.65 18.22 17.40 16.42 17.71 17.21 17.15 20.13 19.78 16.87 18.84 22.04 20.22 21.08 24.13 24.70 21.79 22.34 19.32 15.83 13.77 13.43 12.35 11.61 12.54 13.14 14.06 12.90 12.16 15.07 16.27 15.53 16.45 20.31 19.55 18.88 17.86 16.54 16.28 13.98 10.53 9.93 7.45 8.46 8.24 10.14 11.92 15.03 16.31 17.69 19.06 19.24 17.10 14.65 15.48 12.52 11.49 10.13 10.67 9.16 12.72 12.29 14.77 16.75 20.21 18.20 16.30 18.06 19.16 18.53 19.40 20.91 22.03 20.99 19.30 21.42 22.44 20.10 20.39 22.27 22.79 22.21 20.85 21.90 23.41 23.69 22.53 22.39 23.37 23.54 22.43 22.57 18.65 18.79 15.46 15.40 13.91 15.18 15.01 16.12 18.67 19.14 21.94 
28.37 28.18 25.99 25.56 26.00 23.35 21.17 19.43 15.08 11.77 6.65 7.36 1.66 6.94 7.90 8.54 7.92 7.89 7.41 9.51 14.07 17.40 17.33 19.28 15.60 15.55 15.06 17.20 16.71 19.07 20.14 17.51 17.31 19.44 17.94 16.21 18.13 19.37 17.42 17.44 19.71 21.19 22.11 23.58 25.19 26.06 26.04 24.67 23.69 21.24 19.32 18.01 17.29 15.75 15.56 15.89 17.29 15.94 16.36 17.77 17.28 17.01 18.79 21.39 20.81 19.19 19.68 19.03 18.51 21.21 22.56 18.67 18.41 17.36 16.86 16.49 17.14 17.38 19.37 21.30 22.14 23.53 23.77 25.12 24.75 24.37 25.14 25.35 23.35 20.59 19.80 19.37 18.65 20.12 19.13 18.94 21.85 21.32 18.37 20.56 23.98 22.22 22.67 26.24 27.16 24.56 24.78 21.45 18.31 16.19 15.50 13.90 12.74 13.63 14.50 15.17 14.48 13.93 17.12 18.38 18.13 19.18 22.83 22.64 21.88 21.15 19.02 18.85 16.36 12.91 11.28 9.52 7.67 8.13 8.44 11.13 11.83 13.99 15.54 18.16 17.70 15.80 12.55 14.87 10.76 11.45 10.81 10.37 9.87 13.02 13.76 14.83 16.90 20.30 19.06 17.44 18.98 20.22 19.72 20.56 22.45 23.06 21.79 20.19 22.18 23.00 20.43 20.78 22.67 23.34 22.67 21.42 22.12 23.72 23.81 22.70 22.45 23.21 23.48 22.23 23.45 19.06 19.36 15.79 15.93 13.71 15.71 14.04 13.97 17.16 18.49 21.25 
30.42 30.04 29.52 28.46 28.49 26.65 24.53 21.75 17.71 13.29 10.68 8.05 6.94 0.00 5.89 6.24 7.88 7.45 8.71 10.63 15.11 18.98 18.42 20.27 16.93 16.80 16.38 18.26 17.55 19.59 20.81 18.35 18.07 20.38 18.82 17.14 18.88 20.30 18.14 18.36 20.77 22.48 23.40 25.08 26.43 27.66 27.50 26.03 24.77 23.01 20.95 19.69 18.59 17.20 16.70 16.81 17.91 16.62 17.06 18.82 18.56 18.67 20.29 22.79 22.28 21.11 21.10 20.19 19.56 22.42 23.76 20.03 20.34 18.78 18.31 18.02 18.58 19.22 20.99 22.62 23.70 25.13 25.57 26.84 26.56 26.34 27.14 27.29 25.50 23.02 22.03 21.45 20.93 21.92 20.76 20.34 23.29 22.93 20.47 22.37 25.67 24.51 25.03 28.32 29.10 26.79 27.28 24.47 20.89 18.89 17.91 16.25 14.55 14.49 15.02 16.88 16.00 15.02 19.28 20.59 19.94 21.03 25.36 25.05 24.36 23.43 21.99 21.56 19.81 16.67 15.11 11.67 10.67 8.88 9.43 8.38 10.87 12.26 13.94 16.38 16.23 13.78 10.94 13.07 9.86 11.14 10.88 11.33 11.13 15.29 15.23 17.33 19.15 22.10 20.80 19.46 21.28 21.88 21.22 22.10 23.74 24.39 23.18 21.37 23.19 23.81 21.26 22.04 23.68 23.98 23.19 22.19 23.08 24.54 24.57 23.86 23.57 24.70 24.70 24.13 24.48 19.98 19.87 16.89 16.84 15.15 16.45 15.44 15.96 17.43 19.22 22.02 
32.65 33.85 33.50 32.17 31.83 29.52 27.57 24.72 20.11 16.54 13.25 11.04 7.90 5.89 0.00 5.41 7.61 10.08 10.65 13.01 17.95 20.65 20.10 21.25 19.12 19.93 19.64 21.05 20.43 22.73 23.51 20.40 20.25 22.52 21.51 19.32 21.08 22.44 20.59 20.36 23.10 24.99 26.01 27.32 28.96 30.09 30.48 28.88 27.75 25.88 24.09 22.27 21.05 19.72 19.59 19.12 19.98 18.61 19.11 21.03 20.84 21.12 22.66 25.13 24.64 23.11 23.43 22.74 22.33 25.16 26.35 23.06 23.96 22.27 21.26 20.99 22.08 22.41 23.61 25.02 26.22 28.01 28.35 29.59 29.43 29.28 30.26 30.24 28.55 26.14 25.53 24.63 24.03 25.09 23.97 23.70 26.54 26.17 24.08 25.80 29.05 27.85 29.34 32.14 32.86 30.70 31.26 28.16 24.52 22.45 21.70 19.69 17.67 17.70 18.13 19.71 18.85 18.26 22.50 23.59 22.65 23.91 28.35 27.98 27.58 26.57 24.70 24.22 22.32 19.86 17.64 14.58 11.98 11.81 8.79 8.23 9.83 12.19 13.20 14.71 15.88 13.12 12.28 14.14 11.46 13.18 13.52 13.47 14.42 17.63 18.19 20.08 22.01 24.63 23.25 22.11 24.13 24.71 23.99 24.60 26.37 26.88 25.83 23.79 25.54 26.14 23.52 24.25 26.28 26.10 25.15 24.31 25.52 26.72 26.44 26.01 26.26 26.84 27.23 26.35 27.03 22.29 22.87 20.01 19.76 17.12 18.26 17.40 18.29 20.05 20.55 22.60 
32.25 32.72 32.57 31.29 31.35 29.61 27.03 25.22 20.10 16.53 12.80 10.89 8.54 6.24 5.41 0.00 6.28 7.94 8.51 10.97 15.75 18.75 18.45 20.49 17.84 18.13 18.46 19.49 19.08 21.28 22.53 19.73 19.59 21.84 20.42 18.40 20.27 21.48 19.93 19.36 22.17 24.28 25.21 26.77 28.21 29.52 29.30 28.29 27.00 25.59 23.62 22.65 21.53 19.80 18.59 18.37 19.28 18.09 18.01 20.19 19.83 20.11 21.50 24.04 23.54 22.12 22.10 21.97 20.98 23.69 25.26 21.94 22.71 21.58 20.82 20.92 22.10 22.46 23.97 25.56 26.80 28.29 28.63 29.85 29.44 29.34 30.05 30.06 28.18 26.04 25.34 24.87 24.24 25.29 24.30 24.47 27.14 26.51 24.25 26.50 29.53 28.24 28.91 32.00 32.32 30.28 31.17 28.41 24.70 22.88 21.49 19.87 16.86 17.54 17.79 19.57 18.80 18.78 22.44 23.24 22.42 24.13 28.25 27.84 27.56 26.92 25.74 25.27 23.49 20.80 19.86 16.84 13.92 12.65 11.42 10.23 10.97 12.48 14.01 15.31 15.40 13.81 12.09 13.41 12.07 12.74 13.29 14.21 14.63 18.60 18.99 20.37 21.86 25.20 23.92 22.37 23.91 24.99 24.32 25.09 26.19 27.25 25.89 24.11 25.59 26.55 23.38 24.32 25.61 26.02 24.76 24.22 24.78 26.52 25.90 25.73 25.54 26.78 26.65 25.97 26.68 22.23 22.43 19.93 20.66 18.41 19.23 18.63 19.29 20.90 21.34 23.34 
31.51 31.97 30.98 29.94 30.04 27.66 25.02 22.00 18.32 14.55 11.08 8.45 7.92 7.88 7.61 6.28 0.00 7.16 5.78 9.31 12.75 15.74 15.95 17.67 15.91 14.86 14.87 17.02 17.01 19.03 20.14 17.68 17.71 19.23 18.02 16.47 18.77 19.55 17.99 18.29 21.02 22.81 23.93 25.50 26.93 27.69 27.94 26.80 25.83 23.48 21.28 20.66 20.05 18.24 17.10 17.08 17.99 16.24 16.52 18.27 17.85 18.07 19.84 22.44 21.94 20.27 20.91 20.03 19.07 22.00 23.74 19.97 20.89 19.90 19.67 19.61 20.49 21.43 23.16 25.14 25.89 27.42 27.61 28.95 28.48 28.10 28.90 28.99 27.27 24.86 24.57 24.13 23.57 24.73 23.87 23.76 26.58 25.63 23.54 25.51 28.84 26.75 27.79 30.56 31.33 29.05 29.77 26.70 22.96 21.05 19.64 18.17 16.50 16.55 16.56 18.24 17.50 17.29 20.79 21.81 21.50 22.80 27.37 26.86 27.08 26.32 25.37 24.76 22.87 19.96 18.20 16.33 13.62 12.90 12.15 12.73 11.65 12.61 13.06 15.28 15.92 14.32 11.85 13.30 10.34 12.78 13.19 12.85 15.02 18.77 19.21 20.27 21.25 24.29 23.72 21.88 23.60 24.44 24.24 24.74 26.14 26.48 25.25 23.12 25.11 25.42 22.60 22.67 24.40 24.66 24.03 22.48 23.09 24.70 24.96 24.08 23.69 24.86 25.30 24.48 25.42 21.48 22.10 19.24 19.82 17.89 19.03 18.00 19.15 20.96 21.82 24.25 
30.43 29.92 29.17 28.02 27.79 25.14 22.91 19.97 15.07 11.87 9.50 8.95 7.89 7.45 10.08 7.94 7.16 0.00 5.54 6.61 9.71 12.60 13.16 15.06 12.86 12.59 12.94 15.36 14.89 17.27 18.57 16.17 15.60 17.75 16.48 14.72 16.96 17.96 16.66 16.95 20.02 21.98 23.16 25.03 26.01 27.05 26.92 25.71 24.38 22.11 20.10 19.03 18.23 16.73 15.76 15.36 15.74 14.10 14.56 16.14 15.51 15.93 18.32 20.65 20.06 18.73 19.50 18.28 17.99 20.34 21.96 18.81 19.41 17.64 17.77 17.63 19.13 19.63 22.03 23.98 24.85 26.42 26.70 28.08 27.40 27.36 28.39 28.54 26.77 24.35 23.92 23.43 22.99 23.94 23.00 22.80 25.50 24.93 22.69 24.78 27.79 26.49 26.79 29.94 30.33 28.14 28.69 26.07 22.10 20.11 18.50 17.41 16.12 15.99 15.97 17.67 16.58 16.18 19.94 21.07 20.28 21.84 26.09 26.24 25.79 25.24 24.30 24.18 22.74 19.80 18.47 15.97 14.22 13.50 11.78 12.25 12.49 12.89 12.40 13.14 13.89 12.29 9.96 8.88 6.58 10.02 10.91 10.81 13.45 18.67 18.88 20.17 21.71 24.43 23.33 21.80 23.57 24.35 23.57 24.47 26.11 26.43 24.78 22.95 24.67 25.13 22.15 22.53 24.02 24.15 23.02 21.68 22.19 23.77 23.72 22.89 22.56 23.66 23.99 23.30 23.88 19.94 20.45 17.48 18.67 16.68 18.53 17.90 18.47 20.90 21.42 24.41 
28.99 28.92 27.98 26.81 25.21 22.44 20.37 16.72 12.48 9.50 8.69 6.40 7.41 8.71 10.65 8.51 5.78 5.54 0.00 5.10 7.39 10.89 10.98 13.26 11.13 10.99 12.99 14.62 13.88 16.59 17.98 14.39 13.74 16.43 15.76 13.01 15.54 17.45 15.99 15.55 19.06 21.56 22.44 23.73 25.31 26.44 26.56 25.21 24.15 22.09 19.88 17.85 17.21 15.66 14.61 13.30 14.03 12.65 12.96 14.22 13.56 14.27 16.36 18.87 18.48 17.40 18.31 17.57 17.30 19.91 21.29 18.13 18.83 17.23 16.90 17.19 18.50 19.17 21.18 23.19 23.77 25.53 26.04 27.46 26.90 27.15 28.24 28.48 26.49 24.32 23.97 23.48 22.99 23.91 23.01 22.87 25.30 24.78 22.69 24.50 27.62 26.43 27.14 30.12 30.77 28.62 28.80 26.11 22.52 20.12 18.75 16.74 15.12 15.11 15.68 16.82 15.55 14.99 19.28 20.77 19.71 21.02 25.46 25.73 25.65 24.76 23.94 23.73 22.05 19.63 17.64 15.96 13.79 14.28 12.20 12.78 13.34 14.00 13.15 15.00 14.42 13.11 10.47 12.15 9.42 11.68 12.26 13.29 15.09 19.74 19.78 20.95 22.57 25.00 23.61 21.92 23.83 24.81 23.80 24.29 26.06 26.57 24.86 23.07 24.75 25.02 22.09 22.20 24.15 23.95 22.45 21.13 22.11 23.23 22.83 22.04 22.08 22.78 23.20 22.44 23.28 19.62 20.57 17.72 18.18 16.63 17.60 17.54 18.97 20.52 21.16 23.51 
28.22 28.12 27.63 25.47 24.45 21.34 19.90 16.64 12.30 9.78 9.31 8.22 9.51 10.63 13.01 10.97 9.31 6.61 5.10 0.07 6.58 7.12 8.50 10.50 9.14 9.11 11.65 13.01 12.40 15.09 17.00 13.87 12.62 16.00 15.33 12.59 14.89 17.35 15.79 14.67 18.17 21.10 22.03 23.26 24.52 26.15 25.84 24.39 23.25 21.76 19.63 17.87 17.35 16.20 14.36 13.45 13.55 12.58 12.39 12.98 12.43 13.47 15.44 17.91 17.63 16.31 17.51 16.50 16.42 19.31 20.89 17.39 17.84 17.10 17.12 17.09 18.55 18.95 21.48 23.29 24.33 25.88 26.51 27.30 27.01 26.95 28.05 27.84 25.98 23.92 23.76 23.30 22.64 23.64 23.09 23.08 25.45 24.82 23.09 25.04 28.37 26.86 27.41 30.11 30.65 28.13 28.29 25.94 22.00 19.65 17.97 16.51 14.59 14.87 15.37 16.91 15.63 14.90 19.46 20.70 20.23 21.46 25.68 25.75 25.47 25.05 23.95 24.12 22.54 20.31 18.55 17.33 14.93 14.89 13.51 14.92 15.54 16.36 16.22 16.55 16.30 13.98 12.04 11.94 11.62 11.51 12.83 14.46 16.29 19.42 20.41 21.38 23.50 25.58 24.04 22.45 24.43 25.58 24.87 25.13 26.60 27.31 25.61 23.60 25.24 25.76 22.80 22.80 24.29 24.36 22.96 21.42 21.97 23.26 22.83 21.66 21.57 22.66 23.05 22.44 23.24 19.33 20.11 17.49 18.88 16.99 18.34 18.82 19.22 22.14 21.37 24.68 
28.79 28.93 28.10 25.61 24.88 22.57 21.03 17.17 13.66 12.51 12.91 12.25 14.07 15.11 17.95 15.75 12.75 9.71 7.39 6.58 2.51 5.63 6.32 9.81 9.05 10.54 12.07 14.13 13.76 16.63 17.94 15.06 13.86 17.14 16.60 14.38 17.04 18.81 17.64 17.34 20.24 22.89 24.06 25.18 26.48 27.49 27.22 25.55 24.55 22.60 20.60 19.25 18.76 17.35 15.95 15.33 15.52 14.08 13.96 15.01 14.10 15.32 17.45 20.00 19.47 18.81 19.66 18.75 18.41 21.32 22.84 19.19 19.38 18.47 18.89 18.86 19.73 20.44 22.86 25.26 25.89 27.35 27.56 28.72 28.16 28.42 29.35 29.30 27.33 25.18 25.20 24.58 24.02 24.94 24.57 24.40 26.98 26.32 24.30 26.27 29.54 27.86 28.55 31.23 31.57 28.95 29.22 26.59 22.67 20.33 18.72 17.53 16.58 16.63 16.73 18.62 17.48 17.37 20.60 21.91 21.54 22.87 27.05 26.62 26.77 26.33 25.25 25.33 23.67 21.66 19.55 18.71 16.96 17.06 14.97 16.87 17.28 18.84 18.14 19.39 18.87 16.78 13.39 13.32 12.56 14.09 13.68 15.05 18.56 21.10 21.42 23.09 24.96 27.10 25.45 23.96 25.83 26.93 26.02 26.49 27.96 28.29 26.83 24.88 26.55 27.00 24.38 23.88 25.50 25.57 24.78 22.74 23.00 24.27 24.11 22.61 22.46 23.40 23.84 22.91 24.12 20.69 21.44 19.02 20.14 18.41 19.77 19.26 20.84 22.02 22.99 25.45 
29.53 28.67 28.09 25.62 25.51 23.10 21.93 18.69 15.32 14.74 15.62 15.68 17.40 18.98 20.65 18.75 15.74 12.60 10.89 7.12 5.63 1.72 5.31 8.38 9.59 12.01 12.99 14.92 14.67 17.76 18.54 15.86 15.02 18.49 17.52 15.81 18.53 20.60 19.66 19.63 22.34 24.91 26.14 27.93 28.87 30.07 29.01 27.69 26.10 24.53 22.11 21.21 20.56 19.39 17.30 16.97 16.90 15.62 15.23 16.47 15.32 17.15 19.80 22.16 21.79 21.13 22.01 21.28 20.69 23.26 24.59 21.73 21.83 20.04 19.95 20.64 21.44 21.95 24.63 26.87 27.88 29.16 29.60 31.00 30.16 30.45 31.14 31.63 29.36 27.57 26.88 26.40 25.67 27.27 26.27 25.96 28.28 28.10 26.00 27.78 30.53 29.46 29.85 32.95 32.55 30.44 30.83 28.42 24.11 21.94 20.30 20.00 18.48 18.49 18.60 20.50 19.18 19.25 22.91 23.96 23.20 25.07 28.71 28.81 28.32 28.11 27.33 27.40 25.96 24.03 21.98 21.28 19.61 19.78 17.00 18.72 19.03 20.83 20.33 20.82 20.92 19.29 15.86 16.28 14.30 15.81 16.29 17.77 20.24 23.38 23.89 25.54 27.57 29.48 28.00 26.76 28.35 29.04 27.93 29.07 30.13 30.61 28.76 27.02 28.29 28.62 25.76 26.21 27.13 27.17 25.57 24.21 24.18 25.61 24.75 24.24 23.30 24.68 24.56 24.22 24.59 21.33 22.05 19.48 21.03 19.18 20.75 20.66 20.64 23.18 23.04 25.68 
28.27 27.64 26.90 24.96 24.51 22.11 20.33 17.20 14.93 14.62 15.28 14.62 17.33 18.42 20.10 18.45 15.95 13.16 10.98 8.50 6.32 5.31 0.00 5.88 7.17 9.00 10.69 12.58 12.31 14.76 16.04 12.80 12.71 15.73 15.30 13.71 17.10 19.51 18.48 18.60 21.74 24.31 25.39 26.81 27.97 28.59 28.04 26.20 25.15 23.19 20.83 19.45 18.85 17.25 15.82 14.63 14.65 13.15 13.53 13.29 12.92 15.30 18.56 20.69 20.61 20.13 21.03 20.24 20.11 22.51 23.80 20.75 21.51 19.37 19.08 19.38 20.46 21.22 23.62 25.78 26.70 28.11 28.76 29.89 29.38 29.26 30.33 30.55 28.91 26.78 26.40 25.78 25.28 26.26 25.81 25.19 27.73 26.91 24.78 26.52 29.68 27.98 29.01 31.74 32.65 29.97 30.05 27.20 23.65 21.21 19.57 18.25 16.26 16.42 16.98 18.55 17.66 17.89 21.90 23.21 22.26 23.78 28.01 27.81 27.76 27.28 26.46 26.50 24.72 22.35 20.37 19.54 17.78 17.93 14.88 16.53 16.53 18.09 17.63 19.23 19.17 17.44 15.00 16.82 14.17 15.74 16.00 17.34 19.66 22.11 23.28 25.03 26.75 28.92 27.75 26.16 27.97 28.59 27.50 27.88 29.37 29.55 28.00 26.21 27.53 27.49 24.63 24.70 26.37 25.72 24.11 22.54 23.12 23.85 23.04 22.00 21.67 22.14 22.51 21.40 22.29 18.85 20.26 17.82 18.86 17.46 18.60 18.58 20.20 21.51 21.74 24.07 
28.19 27.73 27.27 25.17 24.31 21.77 20.54 18.22 15.93 15.80 16.59 16.65 19.28 20.27 21.25 20.49 17.67 15.06 13.26 10.50 9.81 8.38 5.88 0.19 6.85 7.88 9.62 11.06 12.04 14.80 15.96 14.02 13.09 16.15 15.81 14.56 17.79 20.18 18.82 18.70 21.98 24.44 25.21 27.01 28.18 29.16 27.73 26.26 24.87 23.57 21.39 20.11 19.55 18.36 16.79 15.45 15.43 14.36 14.01 14.76 13.81 16.42 18.83 21.02 21.79 21.16 21.63 21.00 20.91 23.55 24.86 21.57 21.89 20.69 20.14 20.37 20.99 21.75 24.16 26.10 27.20 28.85 29.24 30.44 29.82 30.06 30.64 31.09 29.20 27.22 26.68 26.30 25.40 26.89 26.14 25.83 27.93 27.60 25.58 27.35 30.57 28.84 29.11 32.03 32.61 29.90 30.10 27.61 24.03 21.73 19.47 18.46 16.76 17.16 17.29 19.28 18.86 18.73 22.98 23.63 23.13 24.84 28.75 28.76 28.28 27.54 26.49 26.35 24.78 22.39 20.49 19.99 17.91 18.32 15.18 17.53 17.90 19.40 19.63 20.67 20.76 18.75 16.57 17.37 16.11 16.25 17.45 18.79 20.44 23.00 23.91 25.28 27.34 29.47 28.05 26.92 28.79 29.67 28.36 28.88 30.02 30.59 28.73 27.02 28.15 28.55 25.40 25.68 26.66 26.56 24.85 23.15 23.20 24.40 23.35 22.10 21.03 22.18 22.08 20.90 21.77 18.33 19.47 17.10 19.47 18.10 19.06 19.82 20.37 23.03 22.04 24.89 
26.83 26.49 25.70 23.34 21.91 19.05 17.91 15.22 12.64 12.29 13.46 12.93 15.60 16.93 19.12 17.84 15.91 12.86 11.13 9.14 9.05 9.59 7.17 6.85 0.00 5.45 6.01 8.01 8.33 11.27 12.98 9.83 8.84 12.53 12.22 10.21 13.89 17.15 15.29 15.24 18.84 21.94 22.28 23.83 25.21 25.96 24.57 22.98 21.96 20.16 17.98 16.34 16.23 14.85 13.51 12.43 12.46 11.02 11.70 11.94 11.34 13.01 16.25 18.63 18.82 18.25 19.21 18.40 18.04 21.19 22.44 18.71 19.05 17.87 17.82 17.75 18.21 19.19 21.78 23.98 24.51 26.23 26.85 27.83 27.24 27.41 28.44 28.65 26.88 24.80 24.49 23.76 23.24 24.04 23.23 22.73 25.59 25.12 22.65 24.43 27.94 25.87 26.19 28.71 29.21 26.47 26.49 24.05 20.83 18.42 16.30 14.79 13.63 14.05 14.53 16.14 15.46 15.86 20.03 20.93 19.90 21.59 25.96 25.71 25.26 24.46 23.09 23.11 20.57 18.44 16.33 15.85 13.76 13.72 11.38 13.90 14.57 16.14 16.03 17.64 18.14 16.36 13.53 14.26 13.63 13.96 15.01 16.47 18.67 21.22 21.42 22.87 25.02 27.16 25.53 24.53 26.77 27.47 26.24 26.39 27.89 28.14 26.10 24.34 25.94 26.28 23.29 22.81 23.99 23.99 22.75 20.30 20.12 20.94 20.65 18.40 17.81 18.33 18.45 16.97 18.79 15.30 16.49 14.21 16.00 15.27 16.78 16.77 18.36 20.59 21.02 23.75 
27.17 26.73 26.00 23.80 22.55 19.53 18.54 15.92 13.81 13.01 13.64 13.43 15.55 16.80 19.93 18.13 14.86 12.59 10.99 9.11 10.54 12.01 9.00 7.88 5.45 0.00 4.84 7.16 7.25 9.72 11.61 9.49 9.66 12.21 12.45 10.82 14.38 17.24 16.10 15.53 19.21 21.75 22.41 23.85 25.02 26.27 24.62 22.90 21.54 19.82 17.40 16.07 15.95 14.70 13.03 12.80 13.01 11.76 11.86 12.91 12.59 14.33 17.10 19.51 19.06 18.60 19.51 18.78 18.60 21.07 22.10 18.80 18.97 17.92 18.11 17.89 18.81 19.57 22.32 24.32 25.07 26.66 27.51 28.43 27.92 27.80 28.96 28.92 27.49 25.23 24.85 24.28 23.57 24.48 23.66 23.09 25.99 25.33 22.98 24.66 28.00 26.14 26.37 28.84 29.25 26.44 26.63 24.06 20.84 18.43 16.93 15.63 14.18 14.71 15.48 16.97 15.83 16.41 20.34 21.14 20.51 21.84 25.86 25.65 24.98 24.07 22.89 22.75 20.60 18.18 16.22 15.64 13.05 13.50 10.79 13.45 14.03 15.62 15.88 17.32 18.16 16.26 13.91 13.99 12.80 13.73 15.45 17.02 18.63 21.21 21.91 23.74 26.17 28.24 26.52 25.56 28.08 28.68 27.50 27.53 29.36 29.35 27.42 25.49 27.27 27.39 24.25 23.66 25.03 24.67 23.16 20.80 20.57 21.07 20.43 18.60 17.68 17.82 17.90 15.88 17.44 14.31 15.87 13.14 15.85 14.67 16.74 16.79 18.12 20.64 20.56 23.63 
27.31 27.25 26.69 24.77 23.14 20.35 18.90 16.57 14.42 13.09 13.97 13.43 15.06 16.38 19.64 18.46 14.87 12.94 12.99 11.65 12.07 12.99 10.69 9.62 6.01 4.84 0.00 6.00 6.57 8.21 9.89 9.02 9.31 11.44 11.41 11.29 14.25 16.28 14.98 15.46 18.86 21.17 22.02 23.58 24.62 25.49 24.68 22.91 21.60 19.65 17.40 16.09 15.67 14.05 12.82 12.56 13.49 11.93 12.38 13.85 14.14 15.13 17.92 20.08 19.94 19.38 20.27 19.52 19.29 21.40 22.64 19.49 19.99 18.74 18.68 18.42 19.41 20.29 22.29 24.47 25.31 26.81 27.20 28.53 28.04 28.10 28.85 29.13 27.72 25.39 24.76 24.20 23.96 24.66 24.10 23.68 26.37 25.39 22.80 24.60 28.00 25.93 26.16 28.85 29.66 26.96 26.83 24.15 20.98 18.70 17.24 15.79 14.28 14.54 15.68 17.23 16.52 17.28 20.50 21.40 20.54 22.01 25.86 25.22 24.79 23.78 22.45 22.00 19.93 16.93 15.01 14.18 12.10 11.90 10.10 12.24 13.27 14.85 15.36 17.54 18.74 17.16 14.67 15.43 14.40 15.40 16.50 17.91 19.14 21.97 22.45 24.52 26.99 29.19 27.32 26.46 28.77 29.64 28.23 28.31 29.89 30.08 27.94 26.01 27.55 27.61 24.25 23.75 25.26 24.56 22.67 20.44 20.63 20.66 19.61 17.63 17.15 16.92 16.09 14.12 15.45 12.70 14.79 12.24 13.97 13.15 14.73 15.05 16.83 18.79 19.28 21.83 
28.02 27.67 27.32 25.29 24.08 21.35 19.61 18.04 15.87 15.23 15.73 15.11 17.20 18.26 21.05 19.49 17.02 15.36 14.62 13.01 14.13 14.92 12.58 11.06 8.01 7.16 6.00 0.00 5.70 7.30 8.17 7.54 8.87 10.70 10.93 11.09 13.82 15.45 14.41 14.54 18.38 20.45 21.46 23.26 24.60 25.52 24.16 22.95 21.26 19.53 17.62 16.56 16.33 15.23 14.21 14.41 14.51 13.83 14.47 16.09 15.84 17.31 19.32 21.78 21.51 20.45 21.19 20.55 19.79 22.28 23.22 20.46 20.44 19.28 19.30 19.04 20.08 20.82 22.92 25.18 26.37 27.90 28.02 29.32 28.79 28.89 29.39 29.66 28.01 25.86 25.47 25.17 24.33 25.36 24.61 24.40 26.72 25.94 23.72 25.41 28.56 26.26 26.24 29.15 29.55 26.64 26.47 24.19 20.87 18.65 17.10 16.08 15.16 15.37 16.23 18.68 17.81 17.90 21.45 22.68 21.59 23.03 26.06 26.03 25.43 24.07 22.08 22.01 20.07 17.69 15.51 14.88 12.30 13.32 11.09 13.96 14.96 16.98 17.62 19.86 20.62 18.98 16.21 17.50 16.52 17.06 18.24 19.36 20.41 23.22 23.63 25.50 28.33 30.49 28.52 27.26 29.67 30.45 29.27 29.40 30.75 30.98 29.03 27.07 28.40 28.59 25.31 24.74 25.86 25.38 23.52 21.14 20.67 21.16 20.02 18.09 16.55 16.69 15.91 13.65 14.81 12.12 13.93 11.95 15.08 13.90 14.94 16.27 17.18 19.48 19.31 22.07 
28.34 28.05 27.29 25.41 24.51 21.55 19.83 17.95 15.99 15.08 15.44 14.51 16.71 17.55 20.43 19.08 17.01 14.89 13.88 12.40 13.76 14.67 12.31 12.04 8.33 7.25 6.57 5.70 0.00 5.44 7.22 6.31 7.55 9.02 9.43 9.16 11.88 13.78 12.63 12.65 16.20 19.22 19.78 21.56 23.43 24.12 22.89 20.88 20.06 18.00 16.14 14.96 15.07 13.61 13.40 13.77 14.02 13.30 14.84 16.56 15.53 16.46 19.48 21.76 20.97 19.89 20.90 20.05 19.28 21.73 23.19 19.18 19.50 18.40 18.28 18.26 18.99 20.18 22.77 24.93 25.53 27.32 27.62 28.61 27.89 28.27 29.22 29.20 27.36 25.25 25.04 24.17 23.67 24.45 23.85 23.21 26.33 25.31 22.65 24.51 27.79 25.04 25.16 28.25 28.68 25.56 25.50 23.04 19.71 17.36 16.02 14.86 14.63 14.97 15.54 17.70 16.98 17.28 20.38 21.41 20.39 21.59 25.45 24.98 24.62 23.01 21.33 21.13 19.22 15.80 14.08 13.09 11.47 11.48 9.40 12.51 14.28 15.83 16.38 18.90 19.88 18.51 15.83 17.54 16.68 17.26 18.05 19.27 20.32 23.32 23.66 25.60 28.22 30.55 28.51 27.02 29.20 30.29 28.97 28.99 30.31 30.43 28.40 26.50 27.93 28.19 25.03 24.28 25.33 24.92 23.55 20.75 20.21 20.57 19.92 17.42 16.27 15.87 15.71 13.02 14.15 10.98 12.57 10.77 13.50 12.18 14.55 14.45 15.67 18.30 19.10 21.83 
29.62 29.34 28.61 26.78 26.39 24.05 22.00 20.42 18.58 17.47 17.92 17.55 19.07 19.59 22.73 21.28 19.03 17.27 16.59 15.09 16.63 17.76 14.76 14.80 11.27 9.72 8.21 7.30 5.44 0.00 6.41 7.11 7.08 7.61 9.11 9.83 12.28 13.20 13.45 13.94 16.98 19.10 21.10 22.39 24.19 25.37 24.51 22.56 20.59 19.39 18.10 17.02 16.76 16.15 16.11 16.88 17.69 16.35 18.02 19.55 18.15 19.65 22.29 24.48 23.30 22.25 23.07 22.22 20.97 23.78 24.52 20.96 21.24 19.99 20.15 19.49 20.62 22.00 24.87 26.64 27.39 29.07 29.69 30.65 30.00 30.04 30.70 30.94 29.27 26.99 26.39 26.02 25.54 26.62 25.43 25.36 27.90 26.86 24.24 25.92 28.95 26.75 26.41 29.51 29.62 27.07 26.75 24.33 20.61 19.01 17.61 17.06 16.40 17.35 17.79 19.30 18.75 19.02 21.90 22.65 21.82 23.24 26.37 26.22 25.79 24.39 22.54 22.62 20.64 17.95 15.21 15.56 13.45 14.28 12.49 15.85 17.80 19.64 19.59 21.77 22.87 21.31 18.63 19.75 18.80 19.17 20.14 21.32 22.34 25.11 25.81 27.75 30.31 32.68 30.64 29.35 31.57 32.55 31.28 31.51 32.81 32.84 30.81 28.88 30.30 30.51 27.14 26.42 27.38 26.98 25.07 22.68 21.98 22.49 21.44 19.56 17.52 17.74 17.20 14.27 15.43 11.66 13.66 10.52 13.56 13.25 15.80 15.64 16.92 18.56 19.80 22.39 
29.49 29.61 28.94 26.98 26.53 24.10 22.65 20.76 19.13 17.91 18.88 18.62 20.14 20.81 23.51 22.53 20.14 18.57 17.98 17.00 17.94 18.54 16.04 15.96 12.98 11.61 9.89 8.17 7.22 6.41 0.87 5.77 7.34 7.20 7.62 9.04 11.86 12.49 12.57 13.94 16.34 17.77 20.34 22.31 23.50 24.32 25.07 22.90 20.90 19.62 18.53 17.68 17.01 16.60 17.39 18.23 19.40 18.55 19.24 20.27 19.86 20.58 23.17 25.10 24.45 23.14 23.64 22.35 21.85 23.99 24.75 21.24 22.15 20.84 20.50 19.99 21.20 22.63 24.98 27.03 28.00 29.52 29.71 30.98 30.43 30.41 30.93 31.25 30.00 27.59 26.81 26.36 26.10 26.88 26.36 25.95 28.29 27.07 24.35 25.79 28.70 26.23 26.22 28.77 29.26 26.42 26.66 23.43 20.30 18.43 17.97 16.63 16.87 17.61 18.91 19.82 18.97 19.80 22.66 22.67 21.80 22.79 26.26 25.35 25.31 23.74 22.37 22.18 20.46 17.25 15.59 15.45 13.81 15.30 14.94 18.24 19.75 22.00 22.13 24.04 24.63 23.31 20.61 21.57 20.27 20.73 21.40 22.51 23.29 25.93 26.47 28.44 30.81 33.00 31.26 30.06 32.20 32.96 31.65 31.64 33.36 33.40 31.24 29.32 30.80 30.79 27.43 26.62 27.88 27.04 25.12 22.70 22.45 22.49 21.18 18.81 17.62 17.68 16.54 13.73 14.81 12.01 12.40 9.36 12.02 12.05 14.06 13.31 15.41 18.08 19.12 21.35 
27.63 27.24 26.54 24.73 23.94 21.52 19.89 18.33 16.50 15.65 15.97 15.81 17.51 18.35 20.40 19.73 17.68 16.17 14.39 13.87 15.06 15.86 12.80 14.02 9.83 9.49 9.02 7.54 6.31 7.11 5.77 0.00 5.09 6.96 5.63 6.03 8.74 10.31 9.72 10.12 13.01 14.78 16.35 17.63 19.35 20.44 20.48 18.95 17.20 15.32 14.39 13.63 13.77 12.90 13.75 15.13 16.40 15.50 16.64 17.90 16.60 17.33 19.99 22.27 20.92 19.57 20.02 18.94 17.95 20.16 21.02 17.42 18.26 17.04 17.15 16.63 18.42 19.64 22.02 24.32 25.43 26.92 27.28 28.51 27.93 27.92 28.57 28.57 27.02 24.88 24.57 24.08 23.38 24.39 23.67 23.28 25.56 24.22 21.85 23.07 25.55 23.04 22.74 25.51 25.58 22.73 22.68 20.14 17.02 15.13 13.80 12.50 12.57 13.47 14.89 16.91 16.22 16.25 19.37 19.66 18.69 19.69 22.55 21.95 21.51 19.98 18.08 17.78 16.17 13.88 12.16 11.82 10.38 12.77 13.02 16.24 17.71 19.74 20.23 22.04 22.41 20.87 18.06 19.09 17.79 18.21 18.91 20.07 20.84 23.70 24.14 25.75 28.06 30.93 28.82 27.66 29.92 30.72 29.37 29.41 31.12 31.27 29.31 27.55 28.87 28.89 25.62 24.79 25.96 25.32 23.48 21.08 20.85 21.12 20.18 17.88 16.34 16.36 16.37 13.84 14.69 10.80 11.48 7.90 10.46 9.55 12.80 12.68 14.18 16.27 17.09 19.94 
27.87 27.54 26.67 24.53 24.33 22.04 20.68 18.68 16.93 16.04 16.32 15.46 17.31 18.07 20.25 19.59 17.71 15.60 13.74 12.62 13.86 15.02 12.71 13.09 8.84 9.66 9.31 8.87 7.55 7.08 7.34 5.09 0.05 5.46 6.34 5.34 6.65 8.29 8.85 8.60 11.51 13.77 15.25 16.53 18.27 20.00 19.78 17.69 16.45 15.32 14.02 13.56 13.63 12.67 14.04 15.99 16.72 15.49 17.07 18.13 16.75 16.95 20.15 22.22 20.77 19.06 20.03 18.88 17.43 19.13 20.67 17.03 17.72 16.61 16.76 16.90 18.30 19.66 22.19 24.55 25.32 27.04 27.47 28.66 27.94 28.07 28.99 28.84 26.95 24.87 24.82 23.87 23.34 24.13 23.78 23.27 25.69 24.57 22.00 23.02 25.59 22.73 22.58 24.89 24.84 21.57 22.03 19.40 16.53 14.28 13.64 11.84 12.61 13.16 14.71 16.11 15.90 16.11 18.97 19.41 18.36 19.05 22.49 21.46 20.87 19.15 17.76 17.45 15.57 12.98 12.07 12.22 11.21 13.37 13.29 16.90 18.54 20.47 20.43 22.27 22.85 21.28 18.62 19.60 18.85 18.76 19.28 20.35 21.52 24.55 24.92 26.20 28.59 31.27 29.43 28.29 30.38 31.33 29.98 30.02 31.54 31.71 29.91 28.21 29.70 29.71 26.60 25.83 26.86 26.53 24.90 22.66 22.32 22.79 22.12 19.91 18.66 18.17 17.88 16.05 16.85 12.44 13.52 10.06 10.25 10.01 12.28 12.20 13.31 16.09 17.69 20.37 
29.55 29.35 28.24 26.34 26.64 24.39 22.70 20.74 18.97 17.90 18.62 18.08 19.44 20.38 22.52 21.84 19.23 17.75 16.43 16.00 17.14 18.49 15.73 16.15 12.53 12.21 11.44 10.70 9.02 7.61 7.20 6.96 5.46 0.46 5.77 7.12 6.75 7.66 8.50 10.04 12.04 14.01 16.84 18.36 19.87 21.95 22.35 20.06 18.29 17.15 16.88 16.05 16.21 16.05 17.56 18.92 19.72 18.94 19.94 20.85 19.83 20.62 22.80 24.74 23.22 21.86 22.25 20.80 19.69 21.26 22.48 19.08 19.43 17.92 18.57 18.40 19.90 21.49 24.45 26.51 27.36 29.26 29.99 30.80 30.13 30.06 30.76 30.66 28.99 26.96 26.54 26.02 25.18 26.42 25.90 25.39 27.18 26.18 23.74 24.72 26.76 24.40 24.04 26.22 26.16 23.00 23.49 20.51 17.69 15.33 15.28 14.07 13.97 15.40 16.89 18.07 17.75 17.51 20.32 20.85 19.92 20.19 23.58 23.27 22.48 20.98 19.09 19.15 17.08 14.92 12.74 14.12 13.71 16.42 16.59 20.00 21.99 23.34 23.43 24.87 25.59 24.32 21.61 22.28 21.67 21.54 21.41 22.61 23.75 26.91 27.24 28.71 30.68 33.52 31.81 30.38 32.47 33.56 32.23 32.12 33.80 34.02 32.25 30.56 32.02 32.14 28.97 28.35 29.33 29.01 27.18 25.18 24.93 25.50 24.59 22.81 21.60 21.40 20.65 18.62 19.20 15.25 15.57 12.34 13.57 11.24 14.93 12.77 14.49 16.46 18.90 21.05 
28.93 28.68 27.77 25.62 25.60 23.08 21.86 19.78 17.67 16.44 17.58 17.38 17.94 18.82 21.51 20.42 18.02 16.48 15.76 15.33 16.60 17.52 15.30 15.81 12.22 12.45 11.41 10.93 9.43 9.11 7.62 5.63 6.34 5.77 0.73 5.35 7.28 6.85 6.82 8.16 11.47 12.06 14.38 16.67 18.25 19.49 20.60 18.61 16.86 15.13 15.32 14.91 15.05 14.60 16.79 18.04 18.93 17.45 18.85 20.02 19.12 18.98 21.34 23.33 22.37 20.49 20.88 19.26 18.12 19.84 20.74 16.65 17.89 16.18 16.49 16.66 18.15 19.67 22.26 24.71 25.67 27.55 27.99 29.41 28.63 28.65 29.37 29.43 27.59 25.58 25.45 24.64 23.89 24.94 24.64 24.13 25.87 24.51 21.80 22.76 25.03 22.30 21.97 24.14 23.95 20.50 21.59 18.36 15.69 13.00 13.78 11.69 12.86 13.65 16.24 17.27 16.80 16.77 19.65 19.71 18.62 18.81 22.00 21.06 20.83 18.47 16.87 16.65 15.23 11.97 10.10 11.81 12.26 14.83 15.88 19.35 21.14 22.96 23.27 24.65 25.34 23.97 21.83 22.38 21.23 21.25 21.16 22.00 22.79 25.97 26.48 27.83 29.64 32.34 30.60 29.37 31.26 32.40 30.75 30.79 32.60 32.98 30.80 29.00 30.75 30.99 27.65 26.96 28.37 27.85 26.06 24.03 24.25 24.61 23.60 21.85 21.04 20.94 20.13 18.06 18.66 14.44 14.98 11.77 11.84 10.22 10.97 10.15 11.66 14.91 15.81 18.46 
