0.00 3.19 5.72 9.03 11.30 14.05 17.98 20.46 23.67 26.86 30.41 32.44 34.89 34.55 33.37 33.38 32.75 31.84 29.27 27.55 27.42 26.05 23.55 23.17 22.26 20.02 18.46 20.12 19.28 16.88 16.37 17.64 16.38 14.49 15.40 14.52 13.93 14.08 14.13 14.58 14.14 15.64 17.26 18.74 21.58 23.48 24.88 25.66 27.10 27.87 27.08 24.96 23.85 21.89 20.95 19.04 19.63 18.08 19.54 20.18 21.16 22.09 22.33 23.20 23.72 22.81 20.97 21.68 21.62 20.39 20.68 21.73 23.30 22.02 22.92 
3.19 0.00 2.77 5.73 9.13 12.62 15.14 18.06 22.04 26.06 29.65 31.16 34.72 33.83 32.92 31.55 30.85 29.58 28.08 24.41 24.20 22.75 21.68 20.21 20.00 17.96 17.30 18.61 18.30 15.18 15.40 16.29 14.91 11.97 13.54 12.73 12.41 12.22 12.58 12.01 11.35 13.38 15.20 16.90 19.51 21.60 23.65 24.48 25.41 26.16 25.59 23.64 21.67 19.00 18.43 17.07 17.42 15.38 16.71 17.77 19.63 20.28 21.44 21.42 22.43 21.52 19.87 20.28 20.65 18.62 17.58 21.13 21.83 20.22 21.22 
5.72 2.77 0.00 4.30 7.06 10.16 12.06 14.21 18.38 22.55 26.04 27.11 30.19 30.62 29.44 27.37 25.53 25.42 23.63 20.07 19.04 17.90 17.26 16.50 15.70 13.84 13.64 15.49 14.48 11.99 12.19 13.91 11.67 9.45 11.25 10.79 10.61 10.83 10.90 10.51 10.02 10.52 12.31 13.23 15.61 17.01 19.54 19.97 20.68 21.49 22.28 20.30 17.80 14.92 14.44 12.99 13.77 10.91 13.25 14.34 16.19 17.55 19.01 19.00 19.64 18.84 17.20 18.59 18.81 16.78 14.89 19.43 21.19 19.68 19.61 
9.03 5.73 4.30 0.22 4.91 7.18 9.67 11.88 15.97 18.85 23.10 24.32 27.82 28.45 27.21 26.33 25.41 25.16 22.70 19.64 19.64 18.14 16.20 15.56 15.72 13.83 12.26 14.18 14.18 11.37 11.58 12.92 11.55 9.66 11.07 10.39 10.91 11.63 11.56 10.60 9.28 9.43 11.01 12.11 13.56 15.66 17.15 18.18 18.63 20.69 20.63 19.54 16.97 14.73 13.34 11.97 11.92 9.26 11.69 13.28 14.85 15.96 17.86 18.23 18.71 18.33 17.43 17.66 18.44 15.69 15.61 19.29 21.14 17.91 22.75 
11.30 9.13 7.06 4.91 0.00 5.29 6.16 9.95 12.87 17.00 20.63 22.01 24.73 24.38 23.11 23.67 23.47 23.01 20.19 18.28 19.27 17.84 14.47 14.95 15.60 12.12 10.74 13.54 13.37 10.25 11.04 12.22 11.86 9.64 11.86 10.35 12.09 13.05 12.94 10.84 9.14 9.11 8.75 10.69 12.69 14.60 16.24 17.43 18.55 19.73 19.64 17.40 16.88 13.84 13.56 11.53 12.85 9.74 13.02 14.26 15.21 16.40 17.29 17.61 18.51 17.55 15.74 17.13 18.12 16.80 17.98 18.66 17.91 17.10 20.52 
14.05 12.62 10.16 7.18 5.29 0.00 5.23 6.11 11.33 13.88 18.02 19.42 22.83 22.23 21.35 20.79 20.37 19.62 18.65 14.68 16.95 15.80 14.12 13.63 13.99 11.51 10.00 12.68 12.70 9.18 10.84 12.98 12.02 10.24 12.46 12.15 12.92 15.01 14.17 12.21 9.75 9.23 8.41 8.59 10.98 13.44 14.45 16.60 17.33 18.82 18.49 16.73 15.14 12.05 11.25 10.46 10.84 8.75 12.13 14.45 15.22 16.44 17.32 17.59 18.26 17.81 15.97 17.48 18.14 16.92 16.49 19.46 18.09 17.80 20.12 
17.98 15.14 12.06 9.67 6.16 5.23 0.00 4.48 6.46 10.36 13.75 15.36 18.52 18.95 17.73 16.93 16.58 17.35 15.70 12.38 15.09 14.07 12.23 12.40 12.85 9.16 8.07 11.93 11.90 8.55 10.40 14.01 13.30 11.32 14.52 14.12 15.40 16.56 16.93 14.94 12.54 11.34 9.83 9.50 10.36 11.52 12.54 14.59 15.96 17.19 17.70 16.09 14.86 11.80 11.04 10.10 12.15 9.96 13.54 14.46 15.64 16.71 18.20 17.57 18.10 17.30 15.94 17.63 17.93 16.50 16.12 18.02 17.77 16.98 19.64 
20.46 18.06 14.21 11.88 9.95 6.11 4.48 0.00 5.62 5.76 10.10 12.02 15.82 15.41 14.69 14.34 15.29 15.88 14.24 11.19 14.83 14.41 10.99 11.65 13.04 10.05 8.70 12.69 13.15 11.09 12.67 16.77 15.81 15.10 17.25 17.03 17.46 19.18 18.61 17.12 14.05 12.94 11.45 9.52 9.01 9.81 10.62 12.24 13.23 15.88 16.61 14.84 14.43 12.38 11.38 10.89 12.74 11.82 15.07 16.72 16.50 18.05 18.97 18.91 18.96 18.68 16.69 17.99 18.83 17.00 15.75 18.93 18.10 17.43 20.33 
23.67 22.04 18.38 15.97 12.87 11.33 6.46 5.62 0.81 5.44 7.87 9.48 12.87 12.69 12.19 13.65 14.53 15.32 12.60 11.18 14.42 13.05 9.42 11.33 13.63 9.81 8.00 12.93 14.49 12.81 14.75 18.42 18.79 17.91 20.10 19.68 20.70 22.47 21.67 19.78 16.95 15.37 13.41 11.25 8.95 9.83 10.46 10.73 11.68 14.31 15.89 15.07 15.08 13.76 13.10 12.65 15.18 14.55 18.26 19.03 18.06 19.47 20.45 20.08 20.67 19.57 17.25 18.53 18.35 17.20 16.18 19.82 19.44 18.63 20.66 
26.86 26.06 22.55 18.85 17.00 13.88 10.36 5.76 5.44 1.74 5.83 6.22 10.16 10.29 10.28 11.25 14.17 15.11 12.56 9.79 14.66 14.50 10.93 12.18 14.12 11.97 10.34 15.47 16.12 15.21 17.55 21.85 21.07 20.71 23.42 23.29 23.68 25.10 24.91 22.97 19.36 18.11 15.16 12.79 10.93 10.73 9.65 11.07 11.36 14.54 15.67 16.01 16.13 14.93 13.65 14.68 16.89 16.92 19.38 20.67 19.64 20.92 21.86 21.20 21.29 20.79 18.73 19.59 19.67 17.97 17.70 21.29 20.76 19.27 21.20 
30.41 29.65 26.04 23.10 20.63 18.02 13.75 10.10 7.87 5.83 3.04 5.71 8.66 10.36 10.11 11.23 13.55 15.69 12.06 9.66 14.28 14.30 10.71 12.63 14.36 11.79 11.49 16.74 17.69 16.71 19.33 23.83 23.57 23.31 26.26 25.95 26.58 28.26 28.13 25.82 21.89 20.11 17.06 14.31 12.66 10.81 8.52 9.30 11.41 13.51 14.37 15.21 16.94 16.39 15.14 15.87 19.01 18.98 21.21 21.66 20.98 22.71 23.68 22.80 22.92 22.24 20.43 21.37 20.75 19.02 19.39 21.68 21.36 20.99 22.68 
32.44 31.16 27.11 24.32 22.01 19.42 15.36 12.02 9.48 6.22 5.71 0.38 6.05 6.21 7.90 10.03 12.43 14.03 11.50 10.67 14.76 14.92 11.89 14.09 15.82 14.41 13.92 19.02 19.36 18.92 21.39 24.62 24.61 25.10 27.47 26.96 27.35 28.83 28.67 26.26 22.96 21.84 18.79 16.30 13.57 13.13 10.81 10.10 11.37 14.62 15.82 16.52 18.09 17.81 16.82 17.33 19.25 19.80 21.94 22.66 21.73 23.54 24.33 23.71 23.31 22.97 20.59 21.56 21.49 19.98 19.91 22.96 22.15 21.45 22.60 
34.89 34.72 30.19 27.82 24.73 22.83 18.52 15.82 12.87 10.16 8.66 6.05 1.74 5.66 6.62 8.83 11.47 13.42 11.76 12.49 15.63 15.39 13.91 16.13 18.12 16.60 17.01 21.07 21.20 21.24 23.38 26.42 26.61 26.65 29.21 28.54 29.24 30.60 30.31 27.91 24.99 23.61 20.55 17.99 15.68 15.17 14.17 12.74 13.14 16.08 17.79 19.27 20.43 20.20 19.65 19.75 21.41 21.61 23.87 24.71 24.48 25.46 26.30 25.89 26.08 24.91 22.92 23.77 23.35 22.52 22.45 23.82 23.06 23.37 23.67 
34.55 33.83 30.62 28.45 24.38 22.23 18.95 15.41 12.69 10.29 10.36 6.21 5.66 0.00 5.51 7.78 9.68 12.70 11.13 10.50 14.40 14.75 12.86 15.92 17.72 16.63 16.99 21.66 22.03 21.66 23.79 27.33 27.59 27.17 29.43 29.12 29.45 31.13 30.76 28.16 25.06 23.86 21.03 18.19 16.05 16.20 13.31 12.86 14.13 16.30 17.80 18.65 20.47 19.94 19.00 19.70 21.69 21.67 24.19 24.63 24.24 25.26 25.69 25.42 25.38 24.71 22.84 23.67 23.65 21.97 22.90 24.43 23.42 22.30 22.77 
33.37 32.92 29.44 27.21 23.11 21.35 17.73 14.69 12.19 10.28 10.11 7.90 6.62 5.51 0.97 5.77 8.06 9.25 8.15 7.96 12.10 11.29 10.11 13.26 16.31 14.34 14.78 19.95 21.02 20.68 22.40 26.28 26.69 26.04 28.22 27.56 28.33 30.06 30.05 27.37 23.54 22.99 20.48 17.81 15.34 15.43 12.92 13.25 14.21 16.93 16.46 17.44 18.90 18.72 17.45 18.08 20.32 20.84 23.21 23.47 22.99 24.13 24.85 24.13 24.43 23.60 21.55 22.57 21.94 20.41 19.84 22.94 21.52 21.85 22.39 
33.38 31.55 27.37 26.33 23.67 20.79 16.93 14.34 13.65 11.25 11.23 10.03 8.83 7.78 5.77 0.10 6.67 7.51 6.71 8.43 11.47 11.10 10.41 13.34 16.08 14.85 15.64 19.71 20.50 20.66 22.50 25.90 26.23 26.77 28.82 28.75 28.81 30.88 30.39 28.27 25.13 24.39 22.02 19.37 17.13 17.00 14.93 15.82 16.85 18.66 19.15 19.34 20.65 20.04 18.89 19.71 20.99 21.57 24.16 24.49 23.69 25.29 25.65 25.01 24.83 24.33 22.37 22.81 23.04 21.31 22.37 23.95 22.91 22.16 22.76 
32.75 30.85 25.53 25.41 23.47 20.37 16.58 15.29 14.53 14.17 13.55 12.43 11.47 9.68 8.06 6.67 2.16 7.01 7.96 7.50 9.89 10.43 11.09 12.39 14.57 14.52 15.18 18.38 19.54 19.98 22.30 25.32 26.01 26.73 29.59 29.22 29.80 30.97 30.71 28.59 26.37 25.30 22.49 20.22 18.04 17.53 16.75 17.51 18.43 20.27 20.33 21.02 21.41 20.82 20.58 20.69 21.96 21.92 24.34 24.72 24.39 25.63 26.23 25.84 25.95 25.21 23.49 23.94 23.26 22.31 22.70 24.29 23.07 23.79 24.70 
31.84 29.58 25.42 25.16 23.01 19.62 17.35 15.88 15.32 15.11 15.69 14.03 13.42 12.70 9.25 7.51 7.01 2.52 6.72 8.02 8.49 8.78 9.66 11.47 13.54 13.31 15.02 17.66 19.07 19.74 21.84 25.47 26.57 26.72 29.55 29.55 29.80 31.61 30.94 28.79 26.50 25.88 23.30 21.61 19.27 19.25 18.13 19.03 20.31 21.89 21.88 21.92 22.16 21.13 20.81 21.06 22.33 22.62 25.00 25.51 25.12 26.77 26.82 25.86 26.00 25.58 23.53 23.89 23.91 22.22 23.43 24.70 23.64 23.32 23.83 
29.27 28.08 23.63 22.70 20.19 18.65 15.70 14.24 12.60 12.56 12.06 11.50 11.76 11.13 8.15 6.71 7.96 6.72 2.04 5.34 8.10 6.08 6.10 8.73 11.45 9.93 11.15 15.59 16.62 16.28 18.24 22.92 23.58 23.26 26.23 26.43 26.91 28.18 28.46 26.79 23.72 23.10 20.85 19.13 16.88 16.68 15.92 16.58 17.97 19.95 19.78 19.84 20.05 18.91 18.64 18.66 20.22 20.28 22.60 22.99 22.94 24.20 24.21 23.45 23.89 22.99 20.84 21.87 21.35 19.63 19.04 22.24 21.21 21.47 22.70 
27.55 24.41 20.07 19.64 18.28 14.68 12.38 11.19 11.18 9.79 9.66 10.67 12.49 10.50 7.96 8.43 7.50 8.02 5.34 1.12 6.17 6.96 5.38 6.09 8.77 9.30 10.13 13.12 14.52 14.47 17.35 20.73 22.05 21.52 25.12 24.93 25.52 26.20 26.95 24.81 22.39 20.69 19.18 17.40 15.81 15.61 14.90 15.76 17.56 19.42 19.40 19.22 19.11 18.53 17.98 17.62 18.52 19.00 21.39 21.93 21.23 22.83 23.07 21.99 21.94 21.58 19.72 20.43 20.48 18.51 19.54 21.34 21.13 20.11 21.30 
27.42 24.20 19.04 19.64 19.27 16.95 15.09 14.83 14.42 14.66 14.28 14.76 15.63 14.40 12.10 11.47 9.89 8.49 8.10 6.17 3.14 6.45 7.89 6.21 8.43 10.38 12.05 12.99 14.47 16.14 18.21 21.18 22.03 22.79 25.50 25.32 25.91 26.99 26.80 25.38 23.59 22.49 20.69 19.83 18.45 18.52 18.27 19.44 20.71 22.73 22.38 22.32 21.82 21.63 21.55 20.72 20.85 21.24 23.38 23.62 22.79 23.95 24.46 23.38 23.18 22.57 21.05 21.55 21.05 20.37 20.23 21.31 20.72 21.76 22.73 
26.05 22.75 17.90 18.14 17.84 15.80 14.07 14.41 13.05 14.50 14.30 14.92 15.39 14.75 11.29 11.10 10.43 8.78 6.08 6.96 6.45 1.42 5.50 7.10 6.72 6.98 9.25 11.67 11.97 13.04 15.44 18.47 19.20 19.38 22.50 22.88 23.80 24.79 24.61 22.78 21.76 20.86 19.17 18.57 17.38 17.73 17.34 18.26 19.78 21.10 21.24 20.55 20.47 19.93 19.88 19.03 19.59 19.28 21.86 22.00 21.53 22.66 23.02 21.62 21.80 21.41 19.42 20.15 20.69 18.79 18.84 20.56 20.36 19.54 20.75 
23.55 21.68 17.26 16.20 14.47 14.12 12.23 10.99 9.42 10.93 10.71 11.89 13.91 12.86 10.11 10.41 11.09 9.66 6.10 5.38 7.89 5.50 0.23 5.49 7.73 5.84 5.98 9.81 10.91 10.74 11.35 15.84 16.02 15.53 17.84 19.00 19.95 21.34 20.95 20.03 17.92 18.12 15.90 15.04 13.70 14.95 14.56 15.79 17.60 19.15 18.82 18.64 18.80 17.31 16.85 16.60 17.59 17.07 19.18 19.27 18.95 19.88 19.93 18.87 19.49 18.58 16.67 17.61 17.64 15.55 15.60 17.67 17.64 17.93 19.39 
23.17 20.21 16.50 15.56 14.95 13.63 12.40 11.65 11.33 12.18 12.63 14.09 16.13 15.92 13.26 13.34 12.39 11.47 8.73 6.09 6.21 7.10 5.49 0.38 5.79 7.09 5.82 6.93 9.51 10.88 11.62 14.71 16.39 16.04 18.43 18.98 20.23 21.45 21.92 20.10 18.64 17.68 16.91 15.76 14.74 15.92 16.14 16.80 18.90 20.93 20.70 20.20 19.85 18.80 18.04 17.45 17.87 18.30 20.27 20.76 19.20 20.40 20.18 18.80 18.91 18.48 16.35 16.39 17.53 15.64 15.13 16.70 17.98 17.18 18.20 
22.26 20.00 15.70 15.72 15.60 13.99 12.85 13.04 13.63 14.12 14.36 15.82 18.12 17.72 16.31 16.08 14.57 13.54 11.45 8.77 8.43 6.72 7.73 5.79 2.19 6.07 7.27 6.59 7.71 10.00 11.41 13.83 14.73 16.02 18.01 18.17 19.73 21.42 21.45 20.16 19.05 18.51 17.72 17.18 16.56 17.61 17.88 19.01 19.94 22.30 22.20 21.26 20.96 20.62 19.93 18.75 19.26 19.26 21.18 20.89 19.74 20.38 20.18 18.92 19.06 18.25 16.68 16.94 16.83 16.09 16.66 17.06 17.41 18.15 18.43 
20.02 17.96 13.84 13.83 12.12 11.51 9.16 10.05 9.81 11.97 11.79 14.41 16.60 16.63 14.34 14.85 14.52 13.31 9.93 9.30 10.38 6.98 5.84 7.09 6.07 0.00 5.35 7.50 6.17 6.31 8.86 11.99 11.79 12.33 15.28 14.68 15.74 18.01 18.30 16.54 15.87 15.56 14.16 13.86 13.09 14.77 15.00 16.20 17.69 19.96 19.70 18.43 18.67 17.89 17.09 15.76 17.08 16.40 18.21 18.63 17.39 18.09 17.95 16.59 17.04 16.69 14.09 15.28 15.59 14.19 13.41 16.33 16.46 15.47 16.71 
18.46 17.30 13.64 12.26 10.74 10.00 8.07 8.70 8.00 10.34 11.49 13.92 17.01 16.99 14.78 15.64 15.18 15.02 11.15 10.13 12.05 9.25 5.98 5.82 7.27 5.35 0.69 5.96 7.03 6.14 7.09 10.20 10.44 11.09 14.20 13.94 14.61 17.37 18.23 17.10 15.21 15.28 13.62 13.56 12.73 14.70 15.26 16.43 17.66 19.79 19.28 18.67 18.65 17.43 16.81 15.57 16.50 15.69 17.88 17.56 16.24 16.84 17.69 15.90 16.44 15.01 13.58 12.94 15.18 12.25 12.83 14.70 15.01 15.17 16.62 
20.12 18.61 15.49 14.18 13.54 12.68 11.93 12.69 12.93 15.47 16.74 19.02 21.07 21.66 19.95 19.71 18.38 17.66 15.59 13.12 12.99 11.67 9.81 6.93 6.59 7.50 5.96 1.30 6.37 7.80 7.05 9.16 11.27 12.24 15.19 15.70 17.03 19.14 20.75 18.86 18.38 17.46 16.61 16.28 16.02 17.19 18.24 19.10 20.39 22.54 22.49 21.50 20.63 19.84 19.32 18.22 18.19 18.01 20.01 19.80 18.01 18.43 18.77 16.54 16.84 16.60 13.50 12.22 14.10 14.37 11.70 13.01 15.35 15.94 16.20 
19.28 18.30 14.48 14.18 13.37 12.70 11.90 13.15 14.49 16.12 17.69 19.36 21.20 22.03 21.02 20.50 19.54 19.07 16.62 14.52 14.47 11.97 10.91 9.51 7.71 6.17 7.03 6.37 1.14 6.26 7.48 7.64 8.59 10.25 13.56 13.46 15.56 17.54 18.61 17.38 16.63 16.37 15.74 15.97 16.16 16.90 18.02 18.78 20.18 21.86 22.14 20.54 20.54 19.51 19.50 17.46 17.91 17.21 19.40 18.88 17.48 17.60 17.96 16.24 16.05 15.58 14.45 12.59 14.11 13.75 12.94 13.76 14.27 15.91 16.95 
16.88 15.18 11.99 11.37 10.25 9.18 8.55 11.09 12.81 15.21 16.71 18.92 21.24 21.66 20.68 20.66 19.98 19.74 16.28 14.47 16.14 13.04 10.74 10.88 10.00 6.31 6.14 7.80 6.26 0.00 5.96 7.84 7.45 7.58 11.05 11.39 12.82 15.20 16.25 14.43 13.48 14.11 12.60 13.44 13.08 15.15 16.05 17.32 18.80 20.81 20.55 19.05 18.97 17.85 17.04 15.05 16.16 14.85 17.51 17.34 15.61 16.04 16.79 14.12 14.58 14.06 11.66 12.28 13.12 12.25 11.01 13.76 14.67 13.45 15.68 
16.37 15.40 12.19 11.58 11.04 10.84 10.40 12.67 14.75 17.55 19.33 21.39 23.38 23.79 22.40 22.50 22.30 21.84 18.24 17.35 18.21 15.44 11.35 11.62 11.41 8.86 7.09 7.05 7.48 5.96 0.00 6.94 7.82 7.51 9.81 11.32 12.90 15.14 15.69 14.73 13.39 13.55 11.63 13.27 13.62 15.43 16.55 18.13 19.49 21.53 20.80 19.43 19.74 18.47 17.80 16.30 16.61 15.74 18.02 17.48 15.87 15.84 16.51 13.20 14.67 13.85 12.07 10.36 13.77 12.24 10.57 13.15 14.78 15.88 16.32 
17.64 16.29 13.91 12.92 12.22 12.98 14.01 16.77 18.42 21.85 23.83 24.62 26.42 27.33 26.28 25.90 25.32 25.47 22.92 20.73 21.18 18.47 15.84 14.71 13.83 11.99 10.20 9.16 7.64 7.84 6.94 0.00 6.87 8.10 10.23 11.06 12.91 15.64 16.31 14.93 14.57 14.45 13.85 15.31 16.25 17.74 19.24 20.72 22.12 23.47 23.00 22.19 21.66 20.69 19.84 18.61 18.54 18.06 19.86 19.72 17.78 18.08 17.55 14.09 14.97 15.59 12.63 11.27 14.43 15.00 12.90 14.05 17.48 17.70 18.36 
16.38 14.91 11.67 11.55 11.86 12.02 13.30 15.81 18.79 21.07 23.57 24.61 26.61 27.59 26.69 26.23 26.01 26.57 23.58 22.05 22.03 19.20 16.02 16.39 14.73 11.79 10.44 11.27 8.59 7.45 7.82 6.87 0.00 6.44 8.90 8.52 10.85 13.93 13.95 12.66 11.94 12.48 12.44 14.26 15.54 17.09 18.48 20.34 21.31 22.48 22.88 21.71 21.29 20.28 19.77 18.23 18.15 17.23 19.30 19.20 17.29 17.26 17.81 15.34 15.38 15.17 14.24 13.71 15.27 15.19 13.60 15.70 16.92 18.36 19.02 
14.49 11.97 9.45 9.66 9.64 10.24 11.32 15.10 17.91 20.71 23.31 25.10 26.65 27.17 26.04 26.77 26.73 26.72 23.26 21.52 22.79 19.38 15.53 16.04 16.02 12.33 11.09 12.24 10.25 7.58 7.51 8.10 6.44 0.00 7.31 7.14 8.46 10.95 11.62 9.59 9.37 10.18 10.46 12.49 14.15 16.32 18.39 19.70 21.07 22.32 22.27 20.95 20.93 19.58 18.46 16.81 17.13 15.72 17.35 17.78 16.00 16.18 16.53 14.28 15.00 14.70 13.01 14.50 16.01 14.76 13.90 17.15 18.52 17.38 18.85 
15.40 13.54 11.25 11.07 11.86 12.46 14.52 17.25 20.10 23.42 26.26 27.47 29.21 29.43 28.22 28.82 29.59 29.55 26.23 25.12 25.50 22.50 17.84 18.43 18.01 15.28 14.20 15.19 13.56 11.05 9.81 10.23 8.90 7.31 2.34 6.92 7.19 10.51 10.07 9.99 10.21 11.51 11.31 14.03 16.41 19.47 21.09 22.62 23.87 25.10 24.77 23.11 23.86 21.84 20.26 18.54 19.08 17.38 18.66 18.84 17.98 18.13 18.17 16.32 17.38 17.53 14.95 15.99 17.85 16.91 15.57 18.97 19.66 20.11 21.03 
14.52 12.73 10.79 10.39 10.35 12.15 14.12 17.03 19.68 23.29 25.95 26.96 28.54 29.12 27.56 28.75 29.22 29.55 26.43 24.93 25.32 22.88 19.00 18.98 18.17 14.68 13.94 15.70 13.46 11.39 11.32 11.06 8.52 7.14 6.92 0.22 4.56 6.90 8.37 8.58 8.93 9.39 10.04 13.23 16.11 18.31 20.87 22.38 24.12 25.25 24.36 22.53 22.49 21.19 19.23 17.11 17.38 16.39 17.45 17.42 16.33 16.80 17.22 15.42 16.95 16.51 14.54 15.63 17.99 17.03 16.90 20.13 20.51 19.87 20.48 
13.93 12.41 10.61 10.91 12.09 12.92 15.40 17.46 20.70 23.68 26.58 27.35 29.24 29.45 28.33 28.81 29.80 29.80 26.91 25.52 25.91 23.80 19.95 20.23 19.73 15.74 14.61 17.03 15.56 12.82 12.90 12.91 10.85 8.46 7.19 4.56 0.76 6.25 6.67 8.16 8.89 10.48 11.38 14.28 16.72 19.20 21.71 23.57 24.73 26.08 26.18 23.30 22.53 21.20 19.90 17.51 17.81 16.23 17.63 17.49 16.46 16.33 16.93 16.37 17.77 16.87 14.91 16.36 18.05 17.02 16.35 19.51 19.56 19.74 21.17 
14.08 12.22 10.83 11.63 13.05 15.01 16.56 19.18 22.47 25.10 28.26 28.83 30.60 31.13 30.06 30.88 30.97 31.61 28.18 26.20 26.99 24.79 21.34 21.45 21.42 18.01 17.37 19.14 17.54 15.20 15.14 15.64 13.93 10.95 10.51 6.90 6.25 0.00 5.67 7.43 8.88 10.75 13.10 15.23 17.34 21.14 24.59 25.28 26.70 28.18 28.43 25.70 24.62 23.62 21.98 19.57 19.19 17.90 18.72 18.63 17.26 17.49 18.66 17.34 19.00 18.21 15.97 18.09 19.46 18.18 17.98 22.18 21.57 20.14 21.32 
14.13 12.58 10.90 11.56 12.94 14.17 16.93 18.61 21.67 24.91 28.13 28.67 30.31 30.76 30.05 30.39 30.71 30.94 28.46 26.95 26.80 24.61 20.95 21.92 21.45 18.30 18.23 20.75 18.61 16.25 15.69 16.31 13.95 11.62 10.07 8.37 6.67 5.67 0.00 6.18 7.01 9.85 12.27 15.43 17.74 21.48 24.71 26.43 27.75 29.72 29.32 27.03 25.92 24.65 22.50 20.19 19.73 17.71 18.55 17.97 16.82 17.90 19.22 18.26 19.10 18.75 16.59 18.86 19.71 18.21 18.18 21.76 21.83 22.11 23.48 
14.58 12.01 10.51 10.60 10.84 12.21 14.94 17.12 19.78 22.97 25.82 26.26 27.91 28.16 27.37 28.27 28.59 28.79 26.79 24.81 25.38 22.78 20.03 20.10 20.16 16.54 17.10 18.86 17.38 14.43 14.73 14.93 12.66 9.59 9.99 8.58 8.16 7.43 6.18 0.00 5.88 8.09 10.40 12.85 16.04 19.71 23.00 25.29 26.91 28.31 27.39 25.33 23.85 22.57 20.73 16.95 16.54 14.53 15.84 15.90 15.16 16.79 17.89 16.38 17.40 17.26 15.03 17.50 18.51 17.20 17.13 21.71 21.42 20.12 21.40 
14.14 11.35 10.02 9.28 9.14 9.75 12.54 14.05 16.95 19.36 21.89 22.96 24.99 25.06 23.54 25.13 26.37 26.50 23.72 22.39 23.59 21.76 17.92 18.64 19.05 15.87 15.21 18.38 16.63 13.48 13.39 14.57 11.94 9.37 10.21 8.93 8.89 8.88 7.01 5.88 0.00 5.69 6.15 10.31 13.04 17.13 20.04 22.04 23.71 25.87 24.75 22.30 21.70 20.36 17.76 14.07 14.07 12.02 13.60 13.45 13.40 13.67 14.92 13.92 15.88 14.95 13.05 15.81 16.81 15.19 15.55 19.45 19.71 19.36 21.08 
15.64 13.38 10.52 9.43 9.11 9.23 11.34 12.94 15.37 18.11 20.11 21.84 23.61 23.86 22.99 24.39 25.30 25.88 23.10 20.69 22.49 20.86 18.12 17.68 18.51 15.56 15.28 17.46 16.37 14.11 13.55 14.45 12.48 10.18 11.51 9.39 10.48 10.75 9.85 8.09 5.69 0.00 5.61 6.80 10.98 14.56 17.48 19.80 21.58 23.46 22.66 20.18 18.98 18.09 14.44 12.18 11.63 9.95 11.72 13.00 12.60 13.47 14.56 13.89 15.10 14.78 13.14 15.73 17.22 16.09 15.43 19.97 20.18 18.64 20.16 
17.26 15.20 12.31 11.01 8.75 8.41 9.83 11.45 13.41 15.16 17.06 18.79 20.55 21.03 20.48 22.02 22.49 23.30 20.85 19.18 20.69 19.17 15.90 16.91 17.72 14.16 13.62 16.61 15.74 12.60 11.63 13.85 12.44 10.46 11.31 10.04 11.38 13.10 12.27 10.40 6.15 5.61 0.00 5.74 6.61 11.86 14.17 16.83 18.41 20.83 20.39 18.08 16.54 14.89 11.82 10.48 10.71 9.44 11.89 12.97 13.66 14.84 15.81 14.87 15.43 14.80 13.17 15.81 16.05 15.04 14.90 19.08 18.37 18.51 19.74 
18.74 16.90 13.23 12.11 10.69 8.59 9.50 9.52 11.25 12.79 14.31 16.30 17.99 18.19 17.81 19.37 20.22 21.61 19.13 17.40 19.83 18.57 15.04 15.76 17.18 13.86 13.56 16.28 15.97 13.44 13.27 15.31 14.26 12.49 14.03 13.23 14.28 15.23 15.43 12.85 10.31 6.80 5.74 0.00 5.76 7.42 11.46 13.53 15.27 17.59 17.75 15.58 13.31 11.87 10.40 8.60 9.62 8.17 12.11 14.77 14.96 15.78 16.01 15.57 15.70 15.10 13.16 15.41 16.25 15.19 14.51 18.75 18.41 16.73 18.37 
21.58 19.51 15.61 13.56 12.69 10.98 10.36 9.01 8.95 10.93 12.66 13.57 15.68 16.05 15.34 17.13 18.04 19.27 16.88 15.81 18.45 17.38 13.70 14.74 16.56 13.09 12.73 16.02 16.16 13.08 13.62 16.25 15.54 14.15 16.41 16.11 16.72 17.34 17.74 16.04 13.04 10.98 6.61 5.76 0.56 6.21 7.44 10.08 12.34 14.65 14.05 11.71 11.60 10.66 8.15 7.14 10.02 10.09 13.39 15.33 15.86 16.16 16.37 15.75 16.85 15.60 13.45 15.36 15.23 13.99 13.65 17.48 15.80 15.44 17.35 
23.48 21.60 17.01 15.66 14.60 13.44 11.52 9.81 9.83 10.73 10.81 13.13 15.17 16.20 15.43 17.00 17.53 19.25 16.68 15.61 18.52 17.73 14.95 15.92 17.61 14.77 14.70 17.19 16.90 15.15 15.43 17.74 17.09 16.32 19.47 18.31 19.20 21.14 21.48 19.71 17.13 14.56 11.86 7.42 6.21 0.65 6.16 7.06 9.50 12.50 12.04 9.52 9.39 9.88 7.34 8.05 10.01 12.13 16.68 18.91 17.77 18.39 18.65 18.06 17.84 16.95 14.93 16.58 17.02 15.50 15.21 18.81 17.98 15.94 17.91 
24.88 23.65 19.54 17.15 16.24 14.45 12.54 10.62 10.46 9.65 8.52 10.81 14.17 13.31 12.92 14.93 16.75 18.13 15.92 14.90 18.27 17.34 14.56 16.14 17.88 15.00 15.26 18.24 18.02 16.05 16.55 19.24 18.48 18.39 21.09 20.87 21.71 24.59 24.71 23.00 20.04 17.48 14.17 11.46 7.44 6.16 1.92 5.85 6.37 10.64 10.91 9.50 8.68 8.52 7.41 9.80 12.84 13.81 18.73 20.65 19.25 19.98 20.99 20.02 19.91 18.80 16.59 18.21 17.84 16.09 15.33 18.82 17.29 17.29 18.37 
25.66 24.48 19.97 18.18 17.43 16.60 14.59 12.24 10.73 11.07 9.30 10.10 12.74 12.86 13.25 15.82 17.51 19.03 16.58 15.76 19.44 18.26 15.79 16.80 19.01 16.20 16.43 19.10 18.78 17.32 18.13 20.72 20.34 19.70 22.62 22.38 23.57 25.28 26.43 25.29 22.04 19.80 16.83 13.53 10.08 7.06 5.85 0.21 4.84 7.35 10.55 9.98 9.88 9.91 10.42 12.70 15.61 16.56 20.18 22.74 20.96 21.46 22.04 21.28 20.84 19.44 17.03 18.69 19.00 17.09 16.26 19.13 18.53 16.60 18.34 
27.10 25.41 20.68 18.63 18.55 17.33 15.96 13.23 11.68 11.36 11.41 11.37 13.14 14.13 14.21 16.85 18.43 20.31 17.97 17.56 20.71 19.78 17.60 18.90 19.94 17.69 17.66 20.39 20.18 18.80 19.49 22.12 21.31 21.07 23.87 24.12 24.73 26.70 27.75 26.91 23.71 21.58 18.41 15.27 12.34 9.50 6.37 4.84 0.97 5.24 6.80 9.36 10.56 11.31 11.73 14.18 17.31 18.86 22.37 23.76 23.12 23.87 24.22 23.15 23.16 21.38 18.43 19.72 19.41 17.61 17.14 19.07 17.84 18.53 19.41 
27.87 26.16 21.49 20.69 19.73 18.82 17.19 15.88 14.31 14.54 13.51 14.62 16.08 16.30 16.93 18.66 20.27 21.89 19.95 19.42 22.73 21.10 19.15 20.93 22.30 19.96 19.79 22.54 21.86 20.81 21.53 23.47 22.48 22.32 25.10 25.25 26.08 28.18 29.72 28.31 25.87 23.46 20.83 17.59 14.65 12.50 10.64 7.35 5.24 0.00 5.94 7.20 10.00 12.16 13.44 16.22 17.82 20.95 24.78 25.90 24.86 26.19 26.24 25.36 24.49 22.88 20.41 21.11 21.27 19.13 19.71 21.06 20.63 18.97 20.72 
27.08 25.59 22.28 20.63 19.64 18.49 17.70 16.61 15.89 15.67 14.37 15.82 17.79 17.80 16.46 19.15 20.33 21.88 19.78 19.40 22.38 21.24 18.82 20.70 22.20 19.70 19.28 22.49 22.14 20.55 20.80 23.00 22.88 22.27 24.77 24.36 26.18 28.43 29.32 27.39 24.75 22.66 20.39 17.75 14.05 12.04 10.91 10.55 6.80 5.94 0.31 5.75 7.66 9.87 11.96 15.12 17.37 19.57 23.73 25.50 23.70 24.99 25.46 24.58 23.41 22.14 20.06 20.83 20.61 19.07 19.67 21.50 20.38 20.74 21.51 
24.96 23.64 20.30 19.54 17.40 16.73 16.09 14.84 15.07 16.01 15.21 16.52 19.27 18.65 17.44 19.34 21.02 21.92 19.84 19.22 22.32 20.55 18.64 20.20 21.26 18.43 18.67 21.50 20.54 19.05 19.43 22.19 21.71 20.95 23.11 22.53 23.30 25.70 27.03 25.33 22.30 20.18 18.08 15.58 11.71 9.52 9.50 9.98 9.36 7.20 5.75 0.00 5.39 6.77 9.29 12.88 15.07 16.89 21.06 23.22 21.25 22.40 23.25 22.63 21.52 19.78 18.08 19.22 19.62 17.34 18.20 21.04 20.24 18.70 20.42 
23.85 21.67 17.80 16.97 16.88 15.14 14.86 14.43 15.08 16.13 16.94 18.09 20.43 20.47 18.90 20.65 21.41 22.16 20.05 19.11 21.82 20.47 18.80 19.85 20.96 18.67 18.65 20.63 20.54 18.97 19.74 21.66 21.29 20.93 23.86 22.49 22.53 24.62 25.92 23.85 21.70 18.98 16.54 13.31 11.60 9.39 8.68 9.88 10.56 10.00 7.66 5.39 0.00 5.54 6.22 10.10 13.49 15.58 19.00 19.83 19.88 21.15 21.26 20.79 21.04 19.15 17.41 18.82 18.50 17.28 17.68 19.86 19.54 20.09 21.18 
21.89 19.00 14.92 14.73 13.84 12.05 11.80 12.38 13.76 14.93 16.39 17.81 20.20 19.94 18.72 20.04 20.82 21.13 18.91 18.53 21.63 19.93 17.31 18.80 20.62 17.89 17.43 19.84 19.51 17.85 18.47 20.69 20.28 19.58 21.84 21.19 21.20 23.62 24.65 22.57 20.36 18.09 14.89 11.87 10.66 9.88 8.52 9.91 11.31 12.16 9.87 6.77 5.54 0.00 5.55 6.80 10.23 13.35 16.62 18.11 17.81 19.48 19.35 19.08 19.15 17.94 16.85 18.14 18.67 16.28 17.27 20.67 20.02 19.41 20.94 
20.95 18.43 14.44 13.34 13.56 11.25 11.04 11.38 13.10 13.65 15.14 16.82 19.65 19.00 17.45 18.89 20.58 20.81 18.64 17.98 21.55 19.88 16.85 18.04 19.93 17.09 16.81 19.32 19.50 17.04 17.80 19.84 19.77 18.46 20.26 19.23 19.90 21.98 22.50 20.73 17.76 14.44 11.82 10.40 8.15 7.34 7.41 10.42 11.73 13.44 11.96 9.29 6.22 5.55 0.41 5.35 7.41 9.86 12.92 15.79 15.02 17.60 17.91 17.86 18.03 17.26 15.79 17.79 17.46 16.06 17.03 20.55 20.24 20.25 22.00 
19.04 17.07 12.99 11.97 11.53 10.46 10.10 10.89 12.65 14.68 15.87 17.33 19.75 19.70 18.08 19.71 20.69 21.06 18.66 17.62 20.72 19.03 16.60 17.45 18.75 15.76 15.57 18.22 17.46 15.05 16.30 18.61 18.23 16.81 18.54 17.11 17.51 19.57 20.19 16.95 14.07 12.18 10.48 8.60 7.14 8.05 9.80 12.70 14.18 16.22 15.12 12.88 10.10 6.80 5.35 1.12 5.57 6.32 9.83 12.04 11.77 13.77 14.57 15.13 15.97 14.56 12.83 15.38 16.72 14.07 15.45 20.07 20.24 19.46 21.01 
19.63 17.42 13.77 11.92 12.85 10.84 12.15 12.74 15.18 16.89 19.01 19.25 21.41 21.69 20.32 20.99 21.96 22.33 20.22 18.52 20.85 19.59 17.59 17.87 19.26 17.08 16.50 18.19 17.91 16.16 16.61 18.54 18.15 17.13 19.08 17.38 17.81 19.19 19.73 16.54 14.07 11.63 10.71 9.62 10.02 10.01 12.84 15.61 17.31 17.82 17.37 15.07 13.49 10.23 7.41 5.57 2.86 5.67 6.72 9.19 11.18 13.37 13.11 14.54 16.02 15.09 12.69 15.35 15.88 14.84 15.62 19.18 20.56 20.78 21.95 
18.08 15.38 10.91 9.26 9.74 8.75 9.96 11.82 14.55 16.92 18.98 19.80 21.61 21.67 20.84 21.57 21.92 22.62 20.28 19.00 21.24 19.28 17.07 18.30 19.26 16.40 15.69 18.01 17.21 14.85 15.74 18.06 17.23 15.72 17.38 16.39 16.23 17.90 17.71 14.53 12.02 9.95 9.44 8.17 10.09 12.13 13.81 16.56 18.86 20.95 19.57 16.89 15.58 13.35 9.86 6.32 5.67 1.54 5.36 6.70 9.15 11.76 12.13 12.70 14.16 13.87 12.89 14.98 16.24 14.20 15.56 19.26 20.50 19.76 21.14 
19.54 16.71 13.25 11.69 13.02 12.13 13.54 15.07 18.26 19.38 21.21 21.94 23.87 24.19 23.21 24.16 24.34 25.00 22.60 21.39 23.38 21.86 19.18 20.27 21.18 18.21 17.88 20.01 19.40 17.51 18.02 19.86 19.30 17.35 18.66 17.45 17.63 18.72 18.55 15.84 13.60 11.72 11.89 12.11 13.39 16.68 18.73 20.18 22.37 24.78 23.73 21.06 19.00 16.62 12.92 9.83 6.72 5.36 1.67 6.29 7.64 10.11 11.68 13.02 13.75 13.33 12.88 15.59 16.27 14.87 16.51 19.44 20.67 20.84 22.33 
20.18 17.77 14.34 13.28 14.26 14.45 14.46 16.72 19.03 20.67 21.66 22.66 24.71 24.63 23.47 24.49 24.72 25.51 22.99 21.93 23.62 22.00 19.27 20.76 20.89 18.63 17.56 19.80 18.88 17.34 17.48 19.72 19.20 17.78 18.84 17.42 17.49 18.63 17.97 15.90 13.45 13.00 12.97 14.77 15.33 18.91 20.65 22.74 23.76 25.90 25.50 23.22 19.83 18.11 15.79 12.04 9.19 6.70 6.29 0.92 5.43 7.86 9.09 10.99 12.57 12.24 11.12 14.05 15.14 14.23 16.07 19.40 21.23 19.74 21.29 
21.16 19.63 16.19 14.85 15.21 15.22 15.64 16.50 18.06 19.64 20.98 21.73 24.48 24.24 22.99 23.69 24.39 25.12 22.94 21.23 22.79 21.53 18.95 19.20 19.74 17.39 16.24 18.01 17.48 15.61 15.87 17.78 17.29 16.00 17.98 16.33 16.46 17.26 16.82 15.16 13.40 12.60 13.66 14.96 15.86 17.77 19.25 20.96 23.12 24.86 23.70 21.25 19.88 17.81 15.02 11.77 11.18 9.15 7.64 5.43 0.97 5.95 7.05 8.28 10.51 10.24 9.19 12.04 12.55 11.46 14.01 17.03 18.47 19.20 21.22 
22.09 20.28 17.55 15.96 16.40 16.44 16.71 18.05 19.47 20.92 22.71 23.54 25.46 25.26 24.13 25.29 25.63 26.77 24.20 22.83 23.95 22.66 19.88 20.40 20.38 18.09 16.84 18.43 17.60 16.04 15.84 18.08 17.26 16.18 18.13 16.80 16.33 17.49 17.90 16.79 13.67 13.47 14.84 15.78 16.16 18.39 19.98 21.46 23.87 26.19 24.99 22.40 21.15 19.48 17.60 13.77 13.37 11.76 10.11 7.86 5.95 0.00 5.83 7.70 8.21 9.38 9.52 11.73 12.23 12.87 14.07 17.06 19.09 17.99 20.13 
22.33 21.44 19.01 17.86 17.29 17.32 18.20 18.97 20.45 21.86 23.68 24.33 26.30 25.69 24.85 25.65 26.23 26.82 24.21 23.07 24.46 23.02 19.93 20.18 20.18 17.95 17.69 18.77 17.96 16.79 16.51 17.55 17.81 16.53 18.17 17.22 16.93 18.66 19.22 17.89 14.92 14.56 15.81 16.01 16.37 18.65 20.99 22.04 24.22 26.24 25.46 23.25 21.26 19.35 17.91 14.57 13.11 12.13 11.68 9.09 7.05 5.83 0.00 5.96 7.46 6.96 8.83 9.97 11.62 10.83 12.72 15.72 18.26 18.16 19.84 
23.20 21.42 19.00 18.23 17.61 17.59 17.57 18.91 20.08 21.20 22.80 23.71 25.89 25.42 24.13 25.01 25.84 25.86 23.45 21.99 23.38 21.62 18.87 18.80 18.92 16.59 15.90 16.54 16.24 14.12 13.20 14.09 15.34 14.28 16.32 15.42 16.37 17.34 18.26 16.38 13.92 13.89 14.87 15.57 15.75 18.06 20.02 21.28 23.15 25.36 24.58 22.63 20.79 19.08 17.86 15.13 14.54 12.70 13.02 10.99 8.28 7.70 5.96 0.00 6.01 7.75 6.73 7.56 9.34 11.60 12.49 15.67 16.66 16.42 17.98 
23.72 22.43 19.64 18.71 18.51 18.26 18.10 18.96 20.67 21.29 22.92 23.31 26.08 25.38 24.43 24.83 25.95 26.00 23.89 21.94 23.18 21.80 19.49 18.91 19.06 17.04 16.44 16.84 16.05 14.58 14.67 14.97 15.38 15.00 17.38 16.95 17.77 19.00 19.10 17.40 15.88 15.10 15.43 15.70 16.85 17.84 19.91 20.84 23.16 24.49 23.41 21.52 21.04 19.15 18.03 15.97 16.02 14.16 13.75 12.57 10.51 8.21 7.46 6.01 0.54 6.12 7.02 6.89 8.08 10.00 11.88 12.88 14.60 15.84 17.87 
22.81 21.52 18.84 18.33 17.55 17.81 17.30 18.68 19.57 20.79 22.24 22.97 24.91 24.71 23.60 24.33 25.21 25.58 22.99 21.58 22.57 21.41 18.58 18.48 18.25 16.69 15.01 16.60 15.58 14.06 13.85 15.59 15.17 14.70 17.53 16.51 16.87 18.21 18.75 17.26 14.95 14.78 14.80 15.10 15.60 16.95 18.80 19.44 21.38 22.88 22.14 19.78 19.15 17.94 17.26 14.56 15.09 13.87 13.33 12.24 10.24 9.38 6.96 7.75 6.12 0.34 5.61 7.81 7.45 9.31 10.16 13.45 13.84 14.14 14.83 
20.97 19.87 17.20 17.43 15.74 15.97 15.94 16.69 17.25 18.73 20.43 20.59 22.92 22.84 21.55 22.37 23.49 23.53 20.84 19.72 21.05 19.42 16.67 16.35 16.68 14.09 13.58 13.50 14.45 11.66 12.07 12.63 14.24 13.01 14.95 14.54 14.91 15.97 16.59 15.03 13.05 13.14 13.17 13.16 13.45 14.93 16.59 17.03 18.43 20.41 20.06 18.08 17.41 16.85 15.79 12.83 12.69 12.89 12.88 11.12 9.19 9.52 8.83 6.73 7.02 5.61 0.58 5.52 7.59 7.04 6.49 9.67 12.14 11.21 13.53 
21.68 20.28 18.59 17.66 17.13 17.48 17.63 17.99 18.53 19.59 21.37 21.56 23.77 23.67 22.57 22.81 23.94 23.89 21.87 20.43 21.55 20.15 17.61 16.39 16.94 15.28 12.94 12.22 12.59 12.28 10.36 11.27 13.71 14.50 15.99 15.63 16.36 18.09 18.86 17.50 15.81 15.73 15.81 15.41 15.36 16.58 18.21 18.69 19.72 21.11 20.83 19.22 18.82 18.14 17.79 15.38 15.35 14.98 15.59 14.05 12.04 11.73 9.97 7.56 6.89 7.81 5.52 0.00 6.50 8.85 6.19 8.77 9.59 12.77 12.69 
21.62 20.65 18.81 18.44 18.12 18.14 17.93 18.83 18.35 19.67 20.75 21.49 23.35 23.65 21.94 23.04 23.26 23.91 21.35 20.48 21.05 20.69 17.64 17.53 16.83 15.59 15.18 14.10 14.11 13.12 13.77 14.43 15.27 16.01 17.85 17.99 18.05 19.46 19.71 18.51 16.81 17.22 16.05 16.25 15.23 17.02 17.84 19.00 19.41 21.27 20.61 19.62 18.50 18.67 17.46 16.72 15.88 16.24 16.27 15.14 12.55 12.23 11.62 9.34 8.08 7.45 7.59 6.50 0.50 5.86 4.65 7.65 7.07 8.91 12.63 
20.39 18.62 16.78 15.69 16.80 16.92 16.50 17.00 17.20 17.97 19.02 19.98 22.52 21.97 20.41 21.31 22.31 22.22 19.63 18.51 20.37 18.79 15.55 15.64 16.09 14.19 12.25 14.37 13.75 12.25 12.24 15.00 15.19 14.76 16.91 17.03 17.02 18.18 18.21 17.20 15.19 16.09 15.04 15.19 13.99 15.50 16.09 17.09 17.61 19.13 19.07 17.34 17.28 16.28 16.06 14.07 14.84 14.20 14.87 14.23 11.46 12.87 10.83 11.60 10.00 9.31 7.04 8.85 5.86 0.00 3.15 7.49 6.70 8.53 11.14 
20.68 17.58 14.89 15.61 17.98 16.49 16.12 15.75 16.18 17.70 19.39 19.91 22.45 22.90 19.84 22.37 22.70 23.43 19.04 19.54 20.23 18.84 15.60 15.13 16.66 13.41 12.83 11.70 12.94 11.01 10.57 12.90 13.60 13.90 15.57 16.90 16.35 17.98 18.18 17.13 15.55 15.43 14.90 14.51 13.65 15.21 15.33 16.26 17.14 19.71 19.67 18.20 17.68 17.27 17.03 15.45 15.62 15.56 16.51 16.07 14.01 14.07 12.72 12.49 11.88 10.16 6.49 6.19 4.65 3.15 0.00 3.96 2.92 6.16 8.75 
21.73 21.13 19.43 19.29 18.66 19.46 18.02 18.93 19.82 21.29 21.68 22.96 23.82 24.43 22.94 23.95 24.29 24.70 22.24 21.34 21.31 20.56 17.67 16.70 17.06 16.33 14.70 13.01 13.76 13.76 13.15 14.05 15.70 17.15 18.97 20.13 19.51 22.18 21.76 21.71 19.45 19.97 19.08 18.75 17.48 18.81 18.82 19.13 19.07 21.06 21.50 21.04 19.86 20.67 20.55 20.07 19.18 19.26 19.44 19.40 17.03 17.06 15.72 15.67 12.88 13.45 9.67 8.77 7.65 7.49 3.96 0.00 0.00 2.68 8.82 
23.30 21.83 21.19 21.14 17.91 18.09 17.77 18.10 19.44 20.76 21.36 22.15 23.06 23.42 21.52 22.91 23.07 23.64 21.21 21.13 20.72 20.36 17.64 17.98 17.41 16.46 15.01 15.35 14.27 14.67 14.78 17.48 16.92 18.52 19.66 20.51 19.56 21.57 21.83 21.42 19.71 20.18 18.37 18.41 15.80 17.98 17.29 18.53 17.84 20.63 20.38 20.24 19.54 20.02 20.24 20.24 20.56 20.50 20.67 21.23 18.47 19.09 18.26 16.66 14.60 13.84 12.14 9.59 7.07 6.70 2.92 0.00 0.00 0.00 8.40 
22.02 20.22 19.68 17.91 17.10 17.80 16.98 17.43 18.63 19.27 20.99 21.45 23.37 22.30 21.85 22.16 23.79 23.32 21.47 20.11 21.76 19.54 17.93 17.18 18.15 15.47 15.17 15.94 15.91 13.45 15.88 17.70 18.36 17.38 20.11 19.87 19.74 20.14 22.11 20.12 19.36 18.64 18.51 16.73 15.44 15.94 17.29 16.60 18.53 18.97 20.74 18.70 20.09 19.41 20.25 19.46 20.78 19.76 20.84 19.74 19.20 17.99 18.16 16.42 15.84 14.14 11.21 12.77 8.91 8.53 6.16 2.68 0.00 0.00 9.85 
22.92 21.22 19.61 22.75 20.52 20.12 19.64 20.33 20.66 21.20 22.68 22.60 23.67 22.77 22.39 22.76 24.70 23.83 22.70 21.30 22.73 20.75 19.39 18.20 18.43 16.71 16.62 16.20 16.95 15.68 16.32 18.36 19.02 18.85 21.03 20.48 21.17 21.32 23.48 21.40 21.08 20.16 19.74 18.37 17.35 17.91 18.37 18.34 19.41 20.72 21.51 20.42 21.18 20.94 22.00 21.01 21.95 21.14 22.33 21.29 21.22 20.13 19.84 17.98 17.87 14.83 13.53 12.69 12.63 11.14 8.75 8.82 8.40 9.85 6.57 
