0.00 3.82 5.26 7.46 9.04 12.01 15.16 16.01 18.96 21.51 24.71 26.34 27.37 28.08 28.26 29.68 31.00 32.63 34.01 35.19 36.03 36.59 35.02 35.61 32.60 30.96 29.55 29.78 27.80 26.69 26.00 25.42 23.08 23.22 23.47 23.04 21.62 21.47 21.34 22.10 23.55 23.82 25.84 25.77 26.86 27.17 27.11 25.79 25.23 24.36 23.76 22.83 21.01 20.40 20.04 19.75 18.50 18.76 19.17 20.48 20.98 21.48 22.22 24.27 27.04 27.26 27.46 27.14 27.35 25.45 24.28 22.10 22.06 20.86 19.67 19.23 19.56 18.21 18.76 25.21 
3.82 0.00 2.08 3.87 7.72 10.09 12.49 14.03 16.89 20.17 21.68 24.02 25.38 26.66 27.15 27.80 29.24 30.50 32.16 33.01 34.41 34.25 33.19 33.58 30.93 29.35 27.93 28.07 26.15 24.86 24.89 24.50 21.96 21.98 22.67 21.86 20.13 18.81 19.53 19.86 21.53 21.65 23.94 23.67 24.96 24.98 24.33 23.27 22.43 21.91 20.14 19.70 17.64 18.20 18.07 18.24 15.94 16.96 17.20 18.93 19.32 19.72 21.05 22.51 25.59 25.32 26.00 25.02 24.87 22.57 22.31 20.10 20.28 17.53 16.64 16.11 16.29 15.80 16.31 23.79 
5.26 2.08 0.00 2.39 6.22 9.59 12.18 13.87 16.19 18.11 20.62 21.59 23.36 25.62 26.59 27.25 27.84 29.49 31.24 31.88 32.72 33.28 31.84 32.82 30.10 28.66 27.73 28.00 25.39 25.14 26.10 25.60 22.95 23.17 23.26 22.57 20.62 19.59 19.00 19.49 20.93 21.20 22.69 22.39 23.35 23.09 22.66 21.41 21.01 19.78 18.86 17.94 15.90 16.69 16.66 17.04 15.00 16.04 16.73 18.29 18.52 19.22 20.79 21.85 24.06 24.10 25.48 24.17 23.29 20.79 21.76 19.51 19.50 18.01 15.46 16.44 17.89 16.15 16.45 22.84 
7.46 3.87 2.39 0.00 4.43 8.01 10.21 13.39 15.04 17.77 19.55 21.40 21.83 23.81 24.93 26.48 27.72 28.78 30.28 31.03 32.14 32.24 30.65 31.73 29.48 27.93 26.52 27.21 25.08 24.62 25.20 25.09 22.19 22.99 22.93 22.27 20.78 19.49 18.58 19.21 20.51 20.27 21.82 21.65 22.33 22.23 21.41 20.62 19.78 19.50 17.78 17.84 16.28 15.98 15.27 15.45 15.03 15.66 16.02 17.65 17.93 18.24 19.83 20.78 23.28 23.51 24.00 23.13 22.11 20.39 19.84 18.35 18.36 15.81 14.45 15.32 16.42 16.05 16.47 24.78 
9.04 7.72 6.22 4.43 0.00 5.86 7.59 10.02 12.49 15.48 18.10 18.86 20.10 20.56 22.13 23.46 26.02 27.76 29.25 30.57 31.28 32.03 29.40 31.01 28.39 26.87 24.79 26.72 24.26 23.72 22.99 23.33 20.89 21.66 21.12 21.23 19.57 18.25 16.85 17.51 18.95 18.73 21.53 21.59 22.23 22.52 21.86 21.35 20.51 18.93 17.09 17.56 15.96 15.11 14.15 15.26 14.79 15.17 14.72 16.35 17.11 17.80 18.50 20.35 23.82 23.81 23.56 22.29 22.60 19.67 18.89 16.90 17.30 15.27 12.56 14.85 14.43 13.45 15.20 26.27 
12.01 10.09 9.59 8.01 5.86 0.00 5.91 7.59 10.90 13.03 16.01 17.57 18.65 20.14 20.39 22.15 24.58 26.87 28.17 29.04 30.27 30.64 28.10 29.30 26.63 24.93 23.21 24.14 22.76 21.39 21.64 21.63 19.36 20.57 20.88 20.68 18.36 16.33 15.29 15.73 16.59 16.62 19.77 20.42 20.89 20.91 20.15 19.87 18.75 17.46 15.14 15.84 14.15 14.88 15.30 15.24 13.46 15.47 14.38 16.24 15.97 16.31 16.95 19.02 22.35 22.36 22.17 21.43 20.30 17.62 16.45 15.28 15.66 12.33 10.23 12.09 11.97 12.67 13.17 23.12 
15.16 12.49 12.18 10.21 7.59 5.91 0.00 5.86 7.26 10.61 12.31 14.04 15.72 16.87 18.57 18.85 21.81 23.66 25.67 25.74 26.02 26.72 24.49 26.28 23.33 21.79 20.79 22.53 20.02 19.82 20.43 20.80 18.54 19.78 20.21 19.69 17.26 15.06 13.67 13.77 14.81 14.54 16.93 17.03 17.68 17.59 17.11 16.64 15.15 14.29 13.65 14.01 12.05 13.52 14.82 14.48 13.10 13.82 13.50 14.80 14.96 15.14 16.19 17.13 20.51 20.82 21.47 20.36 18.46 16.03 15.79 13.89 13.35 12.61 8.83 10.86 12.92 12.64 13.07 21.51 
16.01 14.03 13.87 13.39 10.02 7.59 5.86 0.00 6.15 7.82 10.87 12.99 15.02 16.48 17.78 20.30 22.12 23.94 25.69 26.64 27.05 27.17 24.55 26.57 23.28 21.31 20.66 22.35 20.54 19.93 21.03 21.72 19.34 21.66 21.42 20.87 19.10 16.41 14.43 15.68 16.33 15.02 17.48 17.95 18.61 18.35 17.68 16.68 15.02 15.54 14.30 15.30 13.46 15.28 16.63 16.83 15.72 16.54 15.76 17.18 16.84 16.53 17.70 18.25 20.99 21.21 21.26 19.96 17.99 15.00 13.91 11.60 12.55 11.16 9.62 11.55 12.26 14.05 14.02 22.53 
18.96 16.89 16.19 15.04 12.49 10.90 7.26 6.15 0.00 5.41 5.87 9.74 10.88 13.99 14.34 16.94 18.79 20.63 22.24 23.15 23.25 23.54 20.38 21.97 18.86 17.57 17.42 19.42 17.79 17.89 18.94 20.61 18.56 20.41 19.80 19.58 18.07 15.12 13.06 13.19 13.64 9.82 14.04 14.09 15.28 15.52 15.20 14.97 14.32 14.33 12.65 14.66 13.02 15.46 16.30 16.66 15.70 16.36 15.18 16.65 16.29 15.81 16.06 16.74 19.04 18.75 19.21 18.23 15.63 13.44 12.98 10.93 11.68 10.80 9.83 12.31 13.23 15.22 16.31 25.59 
21.51 20.17 18.11 17.77 15.48 13.03 10.61 7.82 5.41 0.00 4.83 7.04 10.23 12.67 14.31 15.74 18.64 20.93 21.77 22.09 23.24 22.75 19.86 21.30 18.13 17.19 16.33 17.91 16.55 16.78 18.92 20.09 17.88 20.28 20.51 19.48 17.63 14.32 13.23 13.15 13.28 9.92 13.42 13.93 15.12 14.85 14.68 14.87 13.91 13.78 12.39 14.78 13.89 16.22 17.66 18.05 16.16 17.10 15.71 16.82 16.61 15.77 15.91 16.35 18.63 18.54 17.93 16.41 13.63 12.04 11.92 10.94 13.01 11.93 12.00 13.81 14.95 16.21 18.07 25.13 
24.71 21.68 20.62 19.55 18.10 16.01 12.31 10.87 5.87 4.83 0.00 4.68 7.71 10.43 11.15 13.50 15.72 18.76 19.66 19.52 19.68 21.50 18.12 20.45 16.71 15.92 14.83 16.86 15.12 16.43 18.34 19.57 17.75 20.53 20.85 19.29 17.30 14.12 12.89 10.78 12.69 10.27 12.45 10.39 12.73 13.36 13.63 12.72 11.45 13.15 13.48 15.46 13.96 16.62 18.22 18.44 16.99 17.47 16.24 17.11 16.77 16.18 16.30 16.03 18.78 17.37 16.88 15.13 11.69 10.55 11.14 10.11 13.44 13.69 13.22 14.23 15.40 17.82 18.81 23.92 
26.34 24.02 21.59 21.40 18.86 17.57 14.04 12.99 9.74 7.04 4.68 0.00 6.55 7.95 9.49 12.40 15.03 17.10 17.47 18.83 18.66 19.25 16.04 18.05 15.08 13.97 13.72 16.06 15.40 15.99 18.01 19.25 17.53 20.77 21.27 19.45 16.88 14.57 12.81 12.03 12.41 11.01 13.11 11.70 13.17 14.44 14.12 12.51 11.61 13.42 13.49 16.28 14.70 17.68 18.89 19.05 17.26 17.86 16.45 17.21 16.42 15.79 16.27 15.74 17.30 16.74 15.33 13.54 10.69 9.90 10.03 8.86 13.32 14.23 13.15 14.64 16.86 19.00 19.04 24.29 
27.37 25.38 23.36 21.83 20.10 18.65 15.72 15.02 10.88 10.23 7.71 6.55 0.00 6.71 7.26 10.74 12.59 14.60 15.61 16.08 16.75 16.51 12.87 14.65 12.44 11.00 11.31 14.02 13.99 15.17 16.55 18.27 16.73 19.07 19.90 18.59 16.14 13.43 11.80 11.13 11.68 9.39 12.45 12.24 13.11 13.97 14.12 13.49 13.23 13.78 13.40 16.21 15.35 17.49 18.97 18.92 17.17 17.38 15.96 16.52 15.81 14.74 15.31 14.75 16.36 15.42 14.77 13.59 10.39 10.31 11.62 11.02 14.74 14.30 14.72 13.92 14.77 17.62 17.80 23.74 
28.08 26.66 25.62 23.81 20.56 20.14 16.87 16.48 13.99 12.67 10.43 7.95 6.71 0.00 5.74 7.92 10.95 13.17 13.56 15.10 14.45 14.61 11.80 13.82 11.34 11.41 10.93 14.22 14.47 16.14 17.56 19.30 16.81 19.82 20.85 19.74 17.14 14.38 12.87 11.13 12.27 10.60 12.58 13.13 14.48 15.11 14.87 14.57 13.83 14.99 14.46 17.50 16.13 18.78 20.08 20.41 18.44 18.30 16.16 17.03 15.94 14.77 14.84 13.73 14.61 14.58 14.38 12.01 9.90 10.13 12.43 12.35 16.63 15.91 16.31 15.28 17.76 18.22 19.22 24.14 
28.26 27.15 26.59 24.93 22.13 20.39 18.57 17.78 14.34 14.31 11.15 9.49 7.26 5.74 0.00 6.48 7.28 10.74 12.69 13.23 11.73 13.82 11.38 12.92 9.48 10.73 11.72 14.72 13.74 15.89 17.74 18.74 16.79 19.69 20.34 18.71 16.10 13.59 11.19 8.38 10.23 9.71 11.90 11.14 12.46 13.73 14.22 13.88 14.22 15.92 15.86 18.62 17.37 19.77 20.89 20.79 19.26 18.87 15.97 16.32 15.88 14.47 14.67 13.07 15.12 14.25 14.32 13.33 11.40 11.98 13.84 14.23 18.93 17.87 17.54 15.83 18.36 19.79 20.78 23.94 
29.68 27.80 27.25 26.48 23.46 22.15 18.85 20.30 16.94 15.74 13.50 12.40 10.74 7.92 6.48 0.00 6.74 9.07 10.19 11.62 11.04 11.22 9.34 10.60 10.18 10.45 10.95 14.55 15.87 17.21 18.51 20.02 17.20 20.21 21.45 19.61 16.89 14.27 12.69 10.55 10.26 10.77 12.47 11.67 11.99 13.68 14.17 13.04 14.14 16.58 16.57 19.21 18.31 20.81 21.83 21.61 19.81 19.57 16.56 16.81 15.72 13.94 14.30 13.56 14.42 13.90 13.93 14.20 13.05 13.41 15.18 15.98 19.86 19.31 17.74 17.77 19.90 21.81 20.60 24.90 
31.00 29.24 27.84 27.72 26.02 24.58 21.81 22.12 18.79 18.64 15.72 15.03 12.59 10.95 7.28 6.74 0.00 6.63 8.01 9.77 10.56 11.95 10.10 11.18 10.38 11.96 12.36 14.94 17.04 19.24 20.21 20.79 18.45 20.55 21.93 20.30 17.84 15.61 14.11 12.41 12.35 11.56 13.20 13.06 14.02 15.05 15.43 15.02 17.19 18.93 18.53 20.95 20.03 22.67 23.65 23.06 21.24 20.42 17.68 17.52 16.84 14.09 14.52 13.87 15.43 14.55 15.10 15.97 15.46 15.82 18.04 18.36 21.89 20.74 20.47 19.28 20.76 22.36 22.34 26.62 
32.63 30.50 29.49 28.78 27.76 26.87 23.66 23.94 20.63 20.93 18.76 17.10 14.60 13.17 10.74 9.07 6.63 0.00 5.70 7.65 8.68 9.00 9.30 10.46 9.50 10.68 12.94 15.61 17.54 19.49 21.25 21.88 18.72 20.81 21.74 20.39 18.07 16.56 14.86 13.49 13.11 13.17 13.16 13.61 13.92 15.87 15.63 15.82 18.39 20.16 19.81 22.16 21.48 23.84 24.61 24.31 22.58 21.64 18.15 18.88 17.49 14.71 14.46 14.53 15.36 15.26 16.09 16.98 16.56 16.65 18.26 19.75 22.94 21.84 20.35 20.37 21.67 23.96 22.71 26.49 
34.01 32.16 31.24 30.28 29.25 28.17 25.67 25.69 22.24 21.77 19.66 17.47 15.61 13.56 12.69 10.19 8.01 5.70 0.00 5.79 6.08 8.75 9.16 11.98 9.67 11.20 13.26 16.51 17.20 20.10 21.98 22.28 19.49 20.57 21.47 20.14 18.16 16.18 15.34 13.52 12.55 13.02 13.52 13.19 12.32 14.45 15.64 16.26 18.86 20.49 20.36 23.24 22.78 24.74 25.60 25.27 23.69 22.33 19.19 19.35 18.65 16.04 15.84 15.57 17.27 16.11 17.18 18.15 17.52 17.86 18.96 20.09 23.11 22.22 21.53 20.73 21.75 23.12 23.98 26.31 
35.19 33.01 31.88 31.03 30.57 29.04 25.74 26.64 23.15 22.09 19.52 18.83 16.08 15.10 13.23 11.62 9.77 7.65 5.79 0.00 4.55 7.84 8.51 11.23 11.49 11.74 12.95 16.88 18.72 20.87 22.28 23.03 20.14 21.68 22.17 21.05 18.58 16.89 15.22 13.53 12.47 12.72 13.51 12.62 12.34 14.18 15.59 16.16 18.34 19.96 20.42 23.58 22.85 25.29 25.88 26.03 23.82 23.27 19.53 20.06 18.90 16.13 15.85 15.21 16.59 15.57 16.69 17.96 18.27 18.08 19.36 20.84 23.81 22.60 20.31 21.17 22.49 24.35 23.00 26.22 
36.03 34.41 32.72 32.14 31.28 30.27 26.02 27.05 23.25 23.24 19.68 18.66 16.75 14.45 11.73 11.04 10.56 8.68 6.08 4.55 0.00 5.92 8.37 9.83 11.71 12.49 14.24 17.09 19.63 22.01 23.30 24.53 21.36 22.86 23.52 22.02 19.84 16.57 15.13 13.20 12.77 12.68 12.81 12.36 13.91 15.26 15.07 15.31 18.88 20.41 20.53 23.43 22.85 25.55 26.73 25.97 23.99 22.67 19.95 19.89 19.16 15.47 15.11 13.89 16.03 14.64 16.28 17.17 18.22 17.50 19.58 20.57 23.41 22.00 20.90 20.79 21.94 22.93 23.14 26.55 
36.59 34.25 33.28 32.24 32.03 30.64 26.72 27.17 23.54 22.75 21.50 19.25 16.51 14.61 13.82 11.22 11.95 9.00 8.75 7.84 5.92 0.00 6.86 9.68 9.67 12.19 15.12 18.71 19.79 23.37 24.49 25.49 21.78 22.80 23.76 22.42 18.80 16.75 14.76 13.32 12.38 13.77 14.29 14.64 16.53 17.70 17.41 18.03 20.82 22.15 22.05 25.48 24.54 26.99 27.72 27.08 24.52 23.77 20.07 21.02 19.66 16.51 15.71 15.17 16.36 16.76 17.39 19.04 19.28 18.73 20.05 22.09 24.98 22.87 21.29 22.06 22.10 23.74 23.80 26.01 
35.02 33.19 31.84 30.65 29.40 28.10 24.49 24.55 20.38 19.86 18.12 16.04 12.87 11.80 11.38 9.34 10.10 9.30 9.16 8.51 8.37 6.86 0.00 6.71 6.81 9.09 12.30 15.98 17.64 20.80 21.79 22.53 18.91 20.90 19.84 18.83 14.99 13.11 12.08 10.58 8.84 10.62 11.96 12.26 13.68 15.03 15.41 15.59 19.29 20.24 20.34 23.06 22.55 24.24 25.40 24.43 21.84 20.28 17.96 18.27 17.52 13.81 12.88 12.37 14.48 12.46 14.64 15.66 17.51 16.75 17.93 19.05 22.20 20.66 19.59 20.48 20.58 22.08 22.67 24.82 
35.61 33.58 32.82 31.73 31.01 29.30 26.28 26.57 21.97 21.30 20.45 18.05 14.65 13.82 12.92 10.60 11.18 10.46 11.98 11.23 9.83 9.68 6.71 0.00 5.35 7.06 10.02 14.60 16.30 19.13 20.17 22.45 19.55 20.65 20.29 18.63 14.41 13.74 12.84 10.47 10.27 12.59 14.32 15.26 16.16 17.93 17.68 18.01 20.86 21.73 20.95 23.79 23.45 25.09 25.71 24.94 22.75 21.71 19.04 19.40 16.96 12.82 13.11 13.06 13.30 11.75 14.78 17.07 17.22 16.99 18.34 20.13 23.52 21.52 19.89 21.32 21.45 23.18 22.77 24.77 
32.60 30.93 30.10 29.48 28.39 26.63 23.33 23.28 18.86 18.13 16.71 15.08 12.44 11.34 9.48 10.18 10.38 9.50 9.67 11.49 11.71 9.67 6.81 5.35 0.00 4.92 7.29 9.75 12.65 15.35 16.16 17.90 16.10 16.52 16.16 14.60 12.75 9.27 8.86 8.41 8.75 11.33 12.39 12.78 14.39 16.23 15.73 15.63 18.37 18.90 17.93 20.57 19.99 21.59 21.62 20.61 19.01 17.99 15.12 14.51 12.22 8.40 8.56 8.97 11.44 10.47 13.25 13.87 15.61 14.53 16.27 16.81 20.84 18.98 17.41 17.41 18.67 20.29 20.32 23.39 
30.96 29.35 28.66 27.93 26.87 24.93 21.79 21.31 17.57 17.19 15.92 13.97 11.00 11.41 10.73 10.45 11.96 10.68 11.20 11.74 12.49 12.19 9.09 7.06 4.92 0.00 5.50 7.47 9.64 12.72 13.41 15.40 12.20 13.46 13.44 13.52 6.59 6.29 8.37 8.42 8.23 10.83 13.27 13.54 14.20 15.08 15.83 15.91 17.54 17.34 16.19 18.53 17.83 19.86 19.55 19.30 17.57 16.73 12.73 13.31 12.05 8.94 9.33 9.80 12.34 13.28 14.47 15.15 15.45 14.33 15.46 16.81 20.66 18.23 16.54 17.26 18.53 19.57 19.04 21.93 
29.55 27.93 27.73 26.52 24.79 23.21 20.79 20.66 17.42 16.33 14.83 13.72 11.31 10.93 11.72 10.95 12.36 12.94 13.26 12.95 14.24 15.12 12.30 10.02 7.29 5.50 0.97 5.79 6.55 8.98 8.07 10.84 8.39 10.86 12.08 10.81 5.55 8.24 10.63 10.18 9.74 12.39 14.12 13.96 14.08 15.44 16.48 15.90 17.17 16.86 16.24 17.85 17.53 18.38 18.59 17.76 17.00 13.02 9.50 11.11 11.05 7.89 8.77 10.16 12.76 13.08 14.95 14.81 15.43 14.57 15.32 16.57 19.72 17.64 16.21 16.27 17.58 18.71 19.19 21.31 
29.78 28.07 28.00 27.21 26.72 24.14 22.53 22.35 19.42 17.91 16.86 16.06 14.02 14.22 14.72 14.55 14.94 15.61 16.51 16.88 17.09 18.71 15.98 14.60 9.75 7.47 5.79 0.79 5.33 7.02 7.64 10.02 10.34 10.50 11.71 13.77 11.12 12.63 13.50 14.74 14.51 16.87 17.50 18.28 18.51 19.56 20.12 19.37 19.56 18.97 17.27 18.94 17.89 19.15 19.34 18.57 16.63 14.26 11.46 10.95 9.26 8.79 10.82 12.51 15.02 16.40 17.20 17.71 17.60 16.88 17.61 19.22 22.30 19.83 17.48 18.26 19.60 20.50 19.07 21.66 
27.80 26.15 25.39 25.08 24.26 22.76 20.02 20.54 17.79 16.55 15.12 15.40 13.99 14.47 13.74 15.87 17.04 17.54 17.20 18.72 19.63 19.79 17.64 16.30 12.65 9.64 6.55 5.33 0.21 5.65 7.12 8.99 9.21 10.95 10.92 13.32 12.30 11.72 13.14 13.91 14.89 15.62 16.74 16.46 17.56 18.05 18.88 17.51 17.34 16.49 15.37 16.50 14.81 16.30 16.74 13.51 12.14 10.58 8.14 5.43 5.09 6.59 9.65 10.34 14.81 16.52 18.05 17.31 17.26 16.00 17.43 17.97 20.62 18.07 16.30 14.94 16.98 17.10 16.92 19.85 
26.69 24.86 25.14 24.62 23.72 21.39 19.82 19.93 17.89 16.78 16.43 15.99 15.17 16.14 15.89 17.21 19.24 19.49 20.10 20.87 22.01 23.37 20.80 19.13 15.35 12.72 8.98 7.02 5.65 0.00 6.43 8.15 8.22 11.10 11.92 12.38 10.05 13.50 14.29 15.35 15.08 16.98 17.55 18.29 18.51 18.70 19.02 18.02 17.54 16.93 15.27 16.55 15.10 15.92 16.49 12.86 12.41 11.45 9.25 10.28 10.51 10.51 13.50 15.48 18.47 20.33 19.92 20.06 18.56 17.68 18.34 19.11 22.25 19.20 16.90 16.56 18.79 18.88 17.30 20.07 
26.00 24.89 26.10 25.20 22.99 21.64 20.43 21.03 18.94 18.92 18.34 18.01 16.55 17.56 17.74 18.51 20.21 21.25 21.98 22.28 23.30 24.49 21.79 20.17 16.16 13.41 8.07 7.64 7.12 6.43 0.39 6.33 6.69 8.83 11.65 13.27 10.60 14.75 17.77 17.12 16.84 18.95 19.51 19.82 19.59 19.69 20.36 18.77 18.63 18.15 17.26 17.22 16.15 15.32 15.02 11.60 12.03 8.16 9.28 12.01 12.96 12.32 16.10 17.75 20.08 21.23 22.21 21.59 21.19 19.43 19.98 20.94 23.94 21.68 19.67 17.86 20.23 20.37 20.25 21.11 
25.42 24.50 25.60 25.09 23.33 21.63 20.80 21.72 20.61 20.09 19.57 19.25 18.27 19.30 18.74 20.02 20.79 21.88 22.28 23.03 24.53 25.49 22.53 22.45 17.90 15.40 10.84 10.02 8.99 8.15 6.33 0.63 6.16 7.09 10.13 12.89 12.57 14.35 15.71 17.03 18.06 19.02 19.14 20.00 19.64 20.17 19.26 18.59 17.99 17.89 14.51 14.97 11.74 11.41 10.64 8.88 7.18 5.63 7.56 11.44 11.53 12.89 16.09 18.01 20.85 22.28 22.76 22.18 21.32 19.62 20.11 21.25 24.54 21.82 19.02 18.61 20.69 21.42 19.67 21.54 
23.08 21.96 22.95 22.19 20.89 19.36 18.54 19.34 18.56 17.88 17.75 17.53 16.73 16.81 16.79 17.20 18.45 18.72 19.49 20.14 21.36 21.78 18.91 19.55 16.10 12.20 8.39 10.34 9.21 8.22 6.69 6.16 0.71 6.04 7.71 9.06 9.50 11.58 12.24 13.10 14.47 15.77 15.43 15.76 15.88 15.44 15.84 15.48 15.59 13.40 13.67 11.56 8.81 8.77 10.01 5.81 6.80 7.44 7.98 10.90 13.02 13.22 15.68 17.31 20.64 21.67 22.07 20.98 19.76 17.73 18.29 18.97 21.58 19.20 17.93 16.67 18.66 18.83 18.75 21.68 
23.22 21.98 23.17 22.99 21.66 20.57 19.78 21.66 20.41 20.28 20.53 20.77 19.07 19.82 19.69 20.21 20.55 20.81 20.57 21.68 22.86 22.80 20.90 20.65 16.52 13.46 10.86 10.50 10.95 11.10 8.83 7.09 6.04 0.58 6.98 6.91 7.20 11.69 13.72 13.72 14.80 16.95 17.75 18.45 18.29 18.25 17.87 17.40 16.78 15.15 13.14 12.13 9.46 10.18 8.47 5.19 9.99 12.71 11.08 14.49 16.64 17.35 18.51 20.50 23.35 24.39 24.49 23.50 21.15 19.33 19.46 20.36 23.45 21.06 18.44 18.43 20.57 20.97 19.67 21.86 
23.47 22.67 23.26 22.93 21.12 20.88 20.21 21.42 19.80 20.51 20.85 21.27 19.90 20.85 20.34 21.45 21.93 21.74 21.47 22.17 23.52 23.76 19.84 20.29 16.16 13.44 12.08 11.71 10.92 11.92 11.65 10.13 7.71 6.98 0.00 5.99 6.81 11.09 13.00 14.72 15.27 17.13 16.85 17.21 17.03 18.27 16.94 16.48 15.92 14.83 12.63 10.23 8.44 7.74 8.00 6.64 11.16 12.35 12.21 13.93 16.71 17.05 19.77 21.11 24.62 25.80 25.92 24.21 22.47 19.95 20.13 20.69 23.38 20.86 19.55 18.82 20.87 21.68 20.82 23.27 
23.04 21.86 22.57 22.27 21.23 20.68 19.69 20.87 19.58 19.48 19.29 19.45 18.59 19.74 18.71 19.61 20.30 20.39 20.14 21.05 22.02 22.42 18.83 18.63 14.60 13.52 10.81 13.77 13.32 12.38 13.27 12.89 9.06 6.91 5.99 1.61 5.90 7.79 10.96 12.65 13.96 14.43 14.12 15.19 15.45 16.78 15.57 13.53 14.49 13.87 10.18 8.86 7.72 9.00 10.87 10.71 13.21 13.40 12.86 15.73 17.31 17.68 20.14 21.38 25.11 25.96 25.57 24.41 22.30 19.91 20.12 20.57 23.11 20.81 17.45 17.50 20.70 21.83 19.68 22.47 
21.62 20.13 20.62 20.78 19.57 18.36 17.26 19.10 18.07 17.63 17.30 16.88 16.14 17.14 16.10 16.89 17.84 18.07 18.16 18.58 19.84 18.80 14.99 14.41 12.75 6.59 5.55 11.12 12.30 10.05 10.60 12.57 9.50 7.20 6.81 5.90 2.93 6.23 8.54 10.43 11.63 13.38 13.56 14.09 15.37 15.29 15.22 13.46 14.00 10.22 10.44 9.37 8.92 11.31 13.66 12.41 12.35 13.28 12.12 13.95 16.02 16.55 18.60 20.47 23.91 23.51 23.90 23.02 21.50 18.87 18.87 18.82 21.37 17.92 16.44 16.05 19.15 19.96 18.47 22.79 
21.47 18.81 19.59 19.49 18.25 16.33 15.06 16.41 15.12 14.32 14.12 14.57 13.43 14.38 13.59 14.27 15.61 16.56 16.18 16.89 16.57 16.75 13.11 13.74 9.27 6.29 8.24 12.63 11.72 13.50 14.75 14.35 11.58 11.69 11.09 7.79 6.23 3.45 7.17 7.02 8.39 11.05 12.28 13.47 13.25 13.43 13.45 11.14 9.06 6.28 7.38 8.27 6.53 10.80 13.68 12.73 12.49 14.10 11.87 14.41 15.78 15.41 17.07 18.31 21.46 21.74 21.60 20.97 18.23 15.92 16.13 15.50 16.77 14.72 13.43 14.23 17.20 18.62 17.21 21.25 
21.34 19.53 19.00 18.58 16.85 15.29 13.67 14.43 13.06 13.23 12.89 12.81 11.80 12.87 11.19 12.69 14.11 14.86 15.34 15.22 15.13 14.76 12.08 12.84 8.86 8.37 10.63 13.50 13.14 14.29 17.77 15.71 12.24 13.72 13.00 10.96 8.54 7.17 3.51 5.68 6.90 8.76 10.84 11.53 11.88 12.46 12.05 9.84 8.83 8.87 7.78 8.64 7.63 10.92 15.53 13.59 13.11 13.58 13.25 14.73 15.79 14.23 15.72 16.88 19.85 20.17 19.96 18.53 16.48 13.46 15.59 14.55 15.74 13.27 12.78 12.66 14.73 16.69 16.55 20.62 
22.10 19.86 19.49 19.21 17.51 15.73 13.77 15.68 13.19 13.15 10.78 12.03 11.13 11.13 8.38 10.55 12.41 13.49 13.52 13.53 13.20 13.32 10.58 10.47 8.41 8.42 10.18 14.74 13.91 15.35 17.12 17.03 13.10 13.72 14.72 12.65 10.43 7.02 5.68 2.28 6.25 9.08 9.08 10.65 11.12 12.40 11.66 9.05 10.30 10.95 9.18 10.97 10.38 13.88 15.99 16.67 14.87 15.59 13.63 15.35 15.69 13.39 14.69 15.82 18.38 18.03 18.44 17.66 14.79 12.31 13.88 13.09 15.08 13.99 11.43 10.45 14.21 17.48 15.75 20.57 
23.55 21.53 20.93 20.51 18.95 16.59 14.81 16.33 13.64 13.28 12.69 12.41 11.68 12.27 10.23 10.26 12.35 13.11 12.55 12.47 12.77 12.38 8.84 10.27 8.75 8.23 9.74 14.51 14.89 15.08 16.84 18.06 14.47 14.80 15.27 13.96 11.63 8.39 6.90 6.25 3.77 7.03 7.63 7.24 7.87 8.86 7.83 6.35 7.91 7.64 8.26 10.40 11.45 14.28 15.93 17.03 16.06 16.41 14.40 15.31 16.12 13.15 13.43 14.62 17.91 16.43 16.80 15.99 14.00 11.13 13.22 12.68 16.11 13.59 12.75 11.80 14.34 16.46 16.29 21.81 
23.82 21.65 21.20 20.27 18.73 16.62 14.54 15.02 9.82 9.92 10.27 11.01 9.39 10.60 9.71 10.77 11.56 13.17 13.02 12.72 12.68 13.77 10.62 12.59 11.33 10.83 12.39 16.87 15.62 16.98 18.95 19.02 15.77 16.95 17.13 14.43 13.38 11.05 8.76 9.08 7.03 3.97 7.26 8.94 8.36 9.37 9.26 8.37 9.22 9.46 9.70 12.20 12.86 15.89 17.92 18.65 17.17 17.81 16.03 16.96 16.45 14.40 14.59 15.08 18.35 17.36 16.15 15.66 12.68 10.10 11.41 11.42 13.56 12.41 12.14 12.76 15.96 17.02 16.99 21.40 
25.84 23.94 22.69 21.82 21.53 19.77 16.93 17.48 14.04 13.42 12.45 13.11 12.45 12.58 11.90 12.47 13.20 13.16 13.52 13.51 12.81 14.29 11.96 14.32 12.39 13.27 14.12 17.50 16.74 17.55 19.51 19.14 15.43 17.75 16.85 14.12 13.56 12.28 10.84 9.08 7.63 7.26 4.25 6.37 5.90 6.97 5.94 5.41 7.35 10.65 10.77 12.90 14.05 18.10 19.65 20.73 19.10 19.27 17.50 17.85 17.55 15.40 15.86 15.91 18.89 17.51 15.51 15.82 13.42 10.40 12.99 12.83 15.35 13.63 14.08 13.94 16.06 18.59 17.12 20.71 
25.77 23.67 22.39 21.65 21.59 20.42 17.03 17.95 14.09 13.93 10.39 11.70 12.24 13.13 11.14 11.67 13.06 13.61 13.19 12.62 12.36 14.64 12.26 15.26 12.78 13.54 13.96 18.28 16.46 18.29 19.82 20.00 15.76 18.45 17.21 15.19 14.09 13.47 11.53 10.65 7.24 8.94 6.37 3.14 4.53 6.42 5.31 4.92 6.96 10.43 10.73 14.15 14.20 18.23 19.82 21.41 19.72 19.60 17.38 18.65 18.32 16.19 16.96 16.52 18.91 16.95 16.48 16.45 13.45 10.47 13.07 13.11 17.21 15.21 14.18 14.87 18.00 19.60 18.07 21.23 
26.86 24.96 23.35 22.33 22.23 20.89 17.68 18.61 15.28 15.12 12.73 13.17 13.11 14.48 12.46 11.99 14.02 13.92 12.32 12.34 13.91 16.53 13.68 16.16 14.39 14.20 14.08 18.51 17.56 18.51 19.59 19.64 15.88 18.29 17.03 15.45 15.37 13.25 11.88 11.12 7.87 8.36 5.90 4.53 2.86 4.90 4.48 5.26 6.75 8.20 9.19 12.57 14.04 17.34 19.45 21.04 19.37 19.51 18.24 18.93 18.89 15.38 16.75 15.94 18.51 16.98 16.46 16.22 14.58 11.84 13.97 13.54 19.02 16.86 15.77 16.09 19.47 20.69 18.87 23.74 
27.17 24.98 23.09 22.23 22.52 20.91 17.59 18.35 15.52 14.85 13.36 14.44 13.97 15.11 13.73 13.68 15.05 15.87 14.45 14.18 15.26 17.70 15.03 17.93 16.23 15.08 15.44 19.56 18.05 18.70 19.69 20.17 15.44 18.25 18.27 16.78 15.29 13.43 12.46 12.40 8.86 9.37 6.97 6.42 4.90 4.90 6.85 7.72 7.79 10.41 10.63 13.72 14.95 18.17 19.98 21.14 19.25 20.23 18.51 19.82 18.49 16.40 16.75 16.81 19.32 18.82 18.04 18.00 15.59 13.96 14.54 14.99 19.07 18.07 15.97 16.86 20.45 21.35 20.18 22.52 
27.11 24.33 22.66 21.41 21.86 20.15 17.11 17.68 15.20 14.68 13.63 14.12 14.12 14.87 14.22 14.17 15.43 15.63 15.64 15.59 15.07 17.41 15.41 17.68 15.73 15.83 16.48 20.12 18.88 19.02 20.36 19.26 15.84 17.87 16.94 15.57 15.22 13.45 12.05 11.66 7.83 9.26 5.94 5.31 4.48 6.85 3.89 5.27 6.33 8.55 8.40 10.51 12.72 16.28 17.48 18.82 17.42 18.52 17.18 18.02 17.78 15.43 15.55 16.00 17.95 17.20 17.39 17.27 14.95 13.36 14.75 14.19 17.80 16.96 15.34 16.02 18.84 20.17 19.30 21.83 
25.79 23.27 21.41 20.62 21.35 19.87 16.64 16.68 14.97 14.87 12.72 12.51 13.49 14.57 13.88 13.04 15.02 15.82 16.26 16.16 15.31 18.03 15.59 18.01 15.63 15.91 15.90 19.37 17.51 18.02 18.77 18.59 15.48 17.40 16.48 13.53 13.46 11.14 9.84 9.05 6.35 8.37 5.41 4.92 5.26 7.72 5.27 4.18 6.34 8.33 7.18 10.89 12.37 15.74 16.82 18.08 16.99 18.13 16.05 17.44 16.85 15.33 16.32 16.23 18.37 18.42 18.14 18.45 15.96 14.38 14.14 13.73 18.43 17.18 14.79 16.22 19.17 21.12 19.31 21.50 
25.23 22.43 21.01 19.78 20.51 18.75 15.15 15.02 14.32 13.91 11.45 11.61 13.23 13.83 14.22 14.14 17.19 18.39 18.86 18.34 18.88 20.82 19.29 20.86 18.37 17.54 17.17 19.56 17.34 17.54 18.63 17.99 15.59 16.78 15.92 14.49 14.00 9.06 8.83 10.30 7.91 9.22 7.35 6.96 6.75 7.79 6.33 6.34 3.48 6.38 6.56 9.06 11.09 13.85 14.74 16.61 15.31 16.37 14.69 15.67 16.06 15.18 15.91 15.62 17.88 18.71 19.16 18.04 16.86 15.12 15.64 13.65 18.30 17.82 15.91 16.13 18.91 20.02 19.07 23.86 
24.36 21.91 19.78 19.50 18.93 17.46 14.29 15.54 14.33 13.78 13.15 13.42 13.78 14.99 15.92 16.58 18.93 20.16 20.49 19.96 20.41 22.15 20.24 21.73 18.90 17.34 16.86 18.97 16.49 16.93 18.15 17.89 13.40 15.15 14.83 13.87 10.22 6.28 8.87 10.95 7.64 9.46 10.65 10.43 8.20 10.41 8.55 8.33 6.38 3.73 5.95 7.04 8.68 12.16 13.07 15.06 13.74 15.96 14.31 15.27 15.42 15.60 16.80 16.69 19.54 20.82 21.01 19.90 17.94 17.10 16.45 15.09 19.33 18.25 15.59 16.71 19.19 21.24 19.44 22.13 
23.76 20.14 18.86 17.78 17.09 15.14 13.65 14.30 12.65 12.39 13.48 13.49 13.40 14.46 15.86 16.57 18.53 19.81 20.36 20.42 20.53 22.05 20.34 20.95 17.93 16.19 16.24 17.27 15.37 15.27 17.26 14.51 13.67 13.14 12.63 10.18 10.44 7.38 7.78 9.18 8.26 9.70 10.77 10.73 9.19 10.63 8.40 7.18 6.56 5.95 2.89 6.36 6.56 8.07 9.59 11.00 9.83 11.07 10.74 11.37 12.75 13.08 14.33 15.74 18.58 19.62 19.87 19.02 16.93 15.58 16.22 14.56 18.00 16.58 13.26 15.13 17.68 18.42 17.17 20.56 
22.83 19.70 17.94 17.84 17.56 15.84 14.01 15.30 14.66 14.78 15.46 16.28 16.21 17.50 18.62 19.21 20.95 22.16 23.24 23.58 23.43 25.48 23.06 23.79 20.57 18.53 17.85 18.94 16.50 16.55 17.22 14.97 11.56 12.13 10.23 8.86 9.37 8.27 8.64 10.97 10.40 12.20 12.90 14.15 12.57 13.72 10.51 10.89 9.06 7.04 6.36 3.72 6.19 7.26 9.18 11.15 10.45 12.24 11.78 13.29 15.19 15.76 17.46 18.84 22.79 22.63 22.10 21.92 20.42 18.27 17.35 16.76 20.77 17.79 14.26 15.69 17.58 19.44 17.27 19.57 
21.01 17.64 15.90 16.28 15.96 14.15 12.05 13.46 13.02 13.89 13.96 14.70 15.35 16.13 17.37 18.31 20.03 21.48 22.78 22.85 22.85 24.54 22.55 23.45 19.99 17.83 17.53 17.89 14.81 15.10 16.15 11.74 8.81 9.46 8.44 7.72 8.92 6.53 7.63 10.38 11.45 12.86 14.05 14.20 14.04 14.95 12.72 12.37 11.09 8.68 6.56 6.19 2.13 5.71 6.37 8.10 8.13 9.93 10.78 12.15 14.06 14.65 17.51 19.04 23.45 24.09 24.11 23.68 22.58 19.70 19.83 18.47 21.87 19.14 16.29 15.69 17.87 17.05 16.76 19.59 
20.40 18.20 16.69 15.98 15.11 14.88 13.52 15.28 15.46 16.22 16.62 17.68 17.49 18.78 19.77 20.81 22.67 23.84 24.74 25.29 25.55 26.99 24.24 25.09 21.59 19.86 18.38 19.15 16.30 15.92 15.32 11.41 8.77 10.18 7.74 9.00 11.31 10.80 10.92 13.88 14.28 15.89 18.10 18.23 17.34 18.17 16.28 15.74 13.85 12.16 8.07 7.26 5.71 2.30 5.61 7.25 8.61 10.37 11.96 13.56 15.33 15.97 18.94 20.70 25.60 26.39 26.15 25.39 24.38 22.30 21.27 20.97 22.76 20.05 15.69 16.09 17.02 18.12 15.08 17.36 
20.04 18.07 16.66 15.27 14.15 15.30 14.82 16.63 16.30 17.66 18.22 18.89 18.97 20.08 20.89 21.83 23.65 24.61 25.60 25.88 26.73 27.72 25.40 25.71 21.62 19.55 18.59 19.34 16.74 16.49 15.02 10.64 10.01 8.47 8.00 10.87 13.66 13.68 15.53 15.99 15.93 17.92 19.65 19.82 19.45 19.98 17.48 16.82 14.74 13.07 9.59 9.18 6.37 5.61 2.47 6.93 7.26 8.76 10.73 13.09 15.83 16.14 18.31 21.41 25.28 26.21 26.52 25.81 24.11 21.66 22.06 20.71 22.38 18.82 14.80 14.89 18.46 15.32 14.27 15.83 
19.75 18.24 17.04 15.45 15.26 15.24 14.48 16.83 16.66 18.05 18.44 19.05 18.92 20.41 20.79 21.61 23.06 24.31 25.27 26.03 25.97 27.08 24.43 24.94 20.61 19.30 17.76 18.57 13.51 12.86 11.60 8.88 5.81 5.19 6.64 10.71 12.41 12.73 13.59 16.67 17.03 18.65 20.73 21.41 21.04 21.14 18.82 18.08 16.61 15.06 11.00 11.15 8.10 7.25 6.93 0.38 5.87 7.33 9.26 11.32 14.40 16.57 18.66 21.94 26.29 27.24 26.83 26.56 25.71 22.86 22.18 22.27 23.86 20.51 15.14 15.70 17.56 15.43 12.82 14.50 
18.50 15.94 15.00 15.03 14.79 13.46 13.10 15.72 15.70 16.16 16.99 17.26 17.17 18.44 19.26 19.81 21.24 22.58 23.69 23.82 23.99 24.52 21.84 22.75 19.01 17.57 17.00 16.63 12.14 12.41 12.03 7.18 6.80 9.99 11.16 13.21 12.35 12.49 13.11 14.87 16.06 17.17 19.10 19.72 19.37 19.25 17.42 16.99 15.31 13.74 9.83 10.45 8.13 8.61 7.26 5.87 0.25 5.79 7.13 8.71 11.65 14.59 16.23 20.15 24.59 25.54 25.50 25.70 25.60 22.45 21.73 21.30 23.22 18.88 14.66 13.23 17.55 13.36 12.81 14.37 
18.76 16.96 16.04 15.66 15.17 15.47 13.82 16.54 16.36 17.10 17.47 17.86 17.38 18.30 18.87 19.57 20.42 21.64 22.33 23.27 22.67 23.77 20.28 21.71 17.99 16.73 13.02 14.26 10.58 11.45 8.16 5.63 7.44 12.71 12.35 13.40 13.28 14.10 13.58 15.59 16.41 17.81 19.27 19.60 19.51 20.23 18.52 18.13 16.37 15.96 11.07 12.24 9.93 10.37 8.76 7.33 5.79 0.20 5.48 5.55 9.14 11.81 13.90 17.57 22.37 24.20 24.81 23.75 24.00 21.72 21.24 21.13 22.08 19.41 12.27 11.83 14.61 13.57 9.82 11.61 
19.17 17.20 16.73 16.02 14.72 14.38 13.50 15.76 15.18 15.71 16.24 16.45 15.96 16.16 15.97 16.56 17.68 18.15 19.19 19.53 19.95 20.07 17.96 19.04 15.12 12.73 9.50 11.46 8.14 9.25 9.28 7.56 7.98 11.08 12.21 12.86 12.12 11.87 13.25 13.63 14.40 16.03 17.50 17.38 18.24 18.51 17.18 16.05 14.69 14.31 10.74 11.78 10.78 11.96 10.73 9.26 7.13 5.48 0.00 5.98 6.81 8.67 11.32 15.00 19.60 21.22 21.97 20.90 20.88 19.11 19.31 18.59 19.97 14.58 11.30 10.47 11.77 10.85 11.04 11.94 
20.48 18.93 18.29 17.65 16.35 16.24 14.80 17.18 16.65 16.82 17.11 17.21 16.52 17.03 16.32 16.81 17.52 18.88 19.35 20.06 19.89 21.02 18.27 19.40 14.51 13.31 11.11 10.95 5.43 10.28 12.01 11.44 10.90 14.49 13.93 15.73 13.95 14.41 14.73 15.35 15.31 16.96 17.85 18.65 18.93 19.82 18.02 17.44 15.67 15.27 11.37 13.29 12.15 13.56 13.09 11.32 8.71 5.55 5.98 0.00 5.71 7.22 9.05 13.29 17.22 19.48 20.52 19.17 19.21 17.22 18.50 18.19 19.82 14.74 9.84 10.67 13.25 10.42 8.47 10.68 
20.98 19.32 18.52 17.93 17.11 15.97 14.96 16.84 16.29 16.61 16.77 16.42 15.81 15.94 15.88 15.72 16.84 17.49 18.65 18.90 19.16 19.66 17.52 16.96 12.22 12.05 11.05 9.26 5.09 10.51 12.96 11.53 13.02 16.64 16.71 17.31 16.02 15.78 15.79 15.69 16.12 16.45 17.55 18.32 18.89 18.49 17.78 16.85 16.06 15.42 12.75 15.19 14.06 15.33 15.83 14.40 11.65 9.14 6.81 5.71 0.00 5.62 5.53 9.80 14.08 15.45 15.52 15.24 15.48 12.85 13.65 15.19 16.68 10.55 8.88 9.46 11.84 8.25 10.41 14.35 
21.48 19.72 19.22 18.24 17.80 16.31 15.14 16.53 15.81 15.77 16.18 15.79 14.74 14.77 14.47 13.94 14.09 14.71 16.04 16.13 15.47 16.51 13.81 12.82 8.40 8.94 7.89 8.79 6.59 10.51 12.32 12.89 13.22 17.35 17.05 17.68 16.55 15.41 14.23 13.39 13.15 14.40 15.40 16.19 15.38 16.40 15.43 15.33 15.18 15.60 13.08 15.76 14.65 15.97 16.14 16.57 14.59 11.81 8.67 7.22 5.62 0.19 5.36 6.61 10.77 13.18 13.62 12.57 12.20 11.63 11.96 12.97 15.69 12.21 8.79 9.63 11.84 11.21 11.01 14.04 
22.22 21.05 20.79 19.83 18.50 16.95 16.19 17.70 16.06 15.91 16.30 16.27 15.31 14.84 14.67 14.30 14.52 14.46 15.84 15.85 15.11 15.71 12.88 13.11 8.56 9.33 8.77 10.82 9.65 13.50 16.10 16.09 15.68 18.51 19.77 20.14 18.60 17.07 15.72 14.69 13.43 14.59 15.86 16.96 16.75 16.75 15.55 16.32 15.91 16.80 14.33 17.46 17.51 18.94 18.31 18.66 16.23 13.90 11.32 9.05 5.53 5.36 1.12 5.57 6.88 10.33 11.86 10.99 10.27 9.51 10.52 11.43 14.47 8.36 6.31 8.33 11.36 9.26 11.63 15.89 
24.27 22.51 21.85 20.78 20.35 19.02 17.13 18.25 16.74 16.35 16.03 15.74 14.75 13.73 13.07 13.56 13.87 14.53 15.57 15.21 13.89 15.17 12.37 13.06 8.97 9.80 10.16 12.51 10.34 15.48 17.75 18.01 17.31 20.50 21.11 21.38 20.47 18.31 16.88 15.82 14.62 15.08 15.91 16.52 15.94 16.81 16.00 16.23 15.62 16.69 15.74 18.84 19.04 20.70 21.41 21.94 20.15 17.57 15.00 13.29 9.80 6.61 5.57 3.26 6.10 7.49 8.94 7.38 8.27 7.55 9.99 11.78 13.99 8.23 9.05 11.24 14.48 15.15 15.75 17.13 
27.04 25.59 24.06 23.28 23.82 22.35 20.51 20.99 19.04 18.63 18.78 17.30 16.36 14.61 15.12 14.42 15.43 15.36 17.27 16.59 16.03 16.36 14.48 13.30 11.44 12.34 12.76 15.02 14.81 18.47 20.08 20.85 20.64 23.35 24.62 25.11 23.91 21.46 19.85 18.38 17.91 18.35 18.89 18.91 18.51 19.32 17.95 18.37 17.88 19.54 18.58 22.79 23.45 25.60 25.28 26.29 24.59 22.37 19.60 17.22 14.08 10.77 6.88 6.10 3.57 6.37 5.71 5.93 9.50 10.19 11.53 13.36 17.00 13.91 13.32 15.22 17.85 18.26 18.63 26.42 
27.26 25.32 24.10 23.51 23.81 22.36 20.82 21.21 18.75 18.54 17.37 16.74 15.42 14.58 14.25 13.90 14.55 15.26 16.11 15.57 14.64 16.76 12.46 11.75 10.47 13.28 13.08 16.40 16.52 20.33 21.23 22.28 21.67 24.39 25.80 25.96 23.51 21.74 20.17 18.03 16.43 17.36 17.51 16.95 16.98 18.82 17.20 18.42 18.71 20.82 19.62 22.63 24.09 26.39 26.21 27.24 25.54 24.20 21.22 19.48 15.45 13.18 10.33 7.49 6.37 1.46 5.56 5.96 8.69 11.10 13.11 14.16 18.19 15.65 16.15 18.74 20.59 20.94 22.42 26.01 
27.46 26.00 25.48 24.00 23.56 22.17 21.47 21.26 19.21 17.93 16.88 15.33 14.77 14.38 14.32 13.93 15.10 16.09 17.18 16.69 16.28 17.39 14.64 14.78 13.25 14.47 14.95 17.20 18.05 19.92 22.21 22.76 22.07 24.49 25.92 25.57 23.90 21.60 19.96 18.44 16.80 16.15 15.51 16.48 16.46 18.04 17.39 18.14 19.16 21.01 19.87 22.10 24.11 26.15 26.52 26.83 25.50 24.81 21.97 20.52 15.52 13.62 11.86 8.94 5.71 5.56 3.49 6.12 8.02 9.46 12.43 14.07 16.09 14.64 14.60 19.22 20.06 21.05 22.40 27.05 
27.14 25.02 24.17 23.13 22.29 21.43 20.36 19.96 18.23 16.41 15.13 13.54 13.59 12.01 13.33 14.20 15.97 16.98 18.15 17.96 17.17 19.04 15.66 17.07 13.87 15.15 14.81 17.71 17.31 20.06 21.59 22.18 20.98 23.50 24.21 24.41 23.02 20.97 18.53 17.66 15.99 15.66 15.82 16.45 16.22 18.00 17.27 18.45 18.04 19.90 19.02 21.92 23.68 25.39 25.81 26.56 25.70 23.75 20.90 19.17 15.24 12.57 10.99 7.38 5.93 5.96 6.12 0.98 6.55 7.48 9.31 11.75 15.15 13.41 15.40 19.07 20.88 21.14 23.46 26.36 
27.35 24.87 23.29 22.11 22.60 20.30 18.46 17.99 15.63 13.63 11.69 10.69 10.39 9.90 11.40 13.05 15.46 16.56 17.52 18.27 18.22 19.28 17.51 17.22 15.61 15.45 15.43 17.60 17.26 18.56 21.19 21.32 19.76 21.15 22.47 22.30 21.50 18.23 16.48 14.79 14.00 12.68 13.42 13.45 14.58 15.59 14.95 15.96 16.86 17.94 16.93 20.42 22.58 24.38 24.11 25.71 25.60 24.00 20.88 19.21 15.48 12.20 10.27 8.27 9.50 8.69 8.02 6.55 4.47 6.67 8.08 9.50 11.59 11.74 12.88 15.62 17.47 19.19 19.75 30.20 
25.45 22.57 20.79 20.39 19.67 17.62 16.03 15.00 13.44 12.04 10.55 9.90 10.31 10.13 11.98 13.41 15.82 16.65 17.86 18.08 17.50 18.73 16.75 16.99 14.53 14.33 14.57 16.88 16.00 17.68 19.43 19.62 17.73 19.33 19.95 19.91 18.87 15.92 13.46 12.31 11.13 10.10 10.40 10.47 11.84 13.96 13.36 14.38 15.12 17.10 15.58 18.27 19.70 22.30 21.66 22.86 22.45 21.72 19.11 17.22 12.85 11.63 9.51 7.55 10.19 11.10 9.46 7.48 6.67 1.32 5.57 5.59 7.51 8.15 9.92 11.86 14.46 15.96 18.47 24.23 
24.28 22.31 21.76 19.84 18.89 16.45 15.79 13.91 12.98 11.92 11.14 10.03 11.62 12.43 13.84 15.18 18.04 18.26 18.96 19.36 19.58 20.05 17.93 18.34 16.27 15.46 15.32 17.61 17.43 18.34 19.98 20.11 18.29 19.46 20.13 20.12 18.87 16.13 15.59 13.88 13.22 11.41 12.99 13.07 13.97 14.54 14.75 14.14 15.64 16.45 16.22 17.35 19.83 21.27 22.06 22.18 21.73 21.24 19.31 18.50 13.65 11.96 10.52 9.99 11.53 13.11 12.43 9.31 8.08 5.57 3.58 4.51 5.65 5.66 9.85 11.32 14.97 15.51 18.15 23.32 
22.10 20.10 19.51 18.35 16.90 15.28 13.89 11.60 10.93 10.94 10.11 8.86 11.02 12.35 14.23 15.98 18.36 19.75 20.09 20.84 20.57 22.09 19.05 20.13 16.81 16.81 16.57 19.22 17.97 19.11 20.94 21.25 18.97 20.36 20.69 20.57 18.82 15.50 14.55 13.09 12.68 11.42 12.83 13.11 13.54 14.99 14.19 13.73 13.65 15.09 14.56 16.76 18.47 20.97 20.71 22.27 21.30 21.13 18.59 18.19 15.19 12.97 11.43 11.78 13.36 14.16 14.07 11.75 9.50 5.59 4.51 1.04 4.11 4.68 7.41 12.10 14.00 15.41 16.36 21.46 
22.06 20.28 19.50 18.36 17.30 15.66 13.35 12.55 11.68 13.01 13.44 13.32 14.74 16.63 18.93 19.86 21.89 22.94 23.11 23.81 23.41 24.98 22.20 23.52 20.84 20.66 19.72 22.30 20.62 22.25 23.94 24.54 21.58 23.45 23.38 23.11 21.37 16.77 15.74 15.08 16.11 13.56 15.35 17.21 19.02 19.07 17.80 18.43 18.30 19.33 18.00 20.77 21.87 22.76 22.38 23.86 23.22 22.08 19.97 19.82 16.68 15.69 14.47 13.99 17.00 18.19 16.09 15.15 11.59 7.51 5.65 4.11 1.93 4.88 7.42 10.13 13.19 15.41 16.35 27.15 
20.86 17.53 18.01 15.81 15.27 12.33 12.61 11.16 10.80 11.93 13.69 14.23 14.30 15.91 17.87 19.31 20.74 21.84 22.22 22.60 22.00 22.87 20.66 21.52 18.98 18.23 17.64 19.83 18.07 19.20 21.68 21.82 19.20 21.06 20.86 20.81 17.92 14.72 13.27 13.99 13.59 12.41 13.63 15.21 16.86 18.07 16.96 17.18 17.82 18.25 16.58 17.79 19.14 20.05 18.82 20.51 18.88 19.41 14.58 14.74 10.55 12.21 8.36 8.23 13.91 15.65 14.64 13.41 11.74 8.15 5.66 4.68 4.88 0.02 4.75 7.85 10.42 12.15 13.32 21.98 
19.67 16.64 15.46 14.45 12.56 10.23 8.83 9.62 9.83 12.00 13.22 13.15 14.72 16.31 17.54 17.74 20.47 20.35 21.53 20.31 20.90 21.29 19.59 19.89 17.41 16.54 16.21 17.48 16.30 16.90 19.67 19.02 17.93 18.44 19.55 17.45 16.44 13.43 12.78 11.43 12.75 12.14 14.08 14.18 15.77 15.97 15.34 14.79 15.91 15.59 13.26 14.26 16.29 15.69 14.80 15.14 14.66 12.27 11.30 9.84 8.88 8.79 6.31 9.05 13.32 16.15 14.60 15.40 12.88 9.92 9.85 7.41 7.42 4.75 2.92 5.13 7.64 9.16 12.03 18.71 
19.23 16.11 16.44 15.32 14.85 12.09 10.86 11.55 12.31 13.81 14.23 14.64 13.92 15.28 15.83 17.77 19.28 20.37 20.73 21.17 20.79 22.06 20.48 21.32 17.41 17.26 16.27 18.26 14.94 16.56 17.86 18.61 16.67 18.43 18.82 17.50 16.05 14.23 12.66 10.45 11.80 12.76 13.94 14.87 16.09 16.86 16.02 16.22 16.13 16.71 15.13 15.69 15.69 16.09 14.89 15.70 13.23 11.83 10.47 10.67 9.46 9.63 8.33 11.24 15.22 18.74 19.22 19.07 15.62 11.86 11.32 12.10 10.13 7.85 5.13 1.01 5.99 6.67 7.76 14.45 
19.56 16.29 17.89 16.42 14.43 11.97 12.92 12.26 13.23 14.95 15.40 16.86 14.77 17.76 18.36 19.90 20.76 21.67 21.75 22.49 21.94 22.10 20.58 21.45 18.67 18.53 17.58 19.60 16.98 18.79 20.23 20.69 18.66 20.57 20.87 20.70 19.15 17.20 14.73 14.21 14.34 15.96 16.06 18.00 19.47 20.45 18.84 19.17 18.91 19.19 17.68 17.58 17.87 17.02 18.46 17.56 17.55 14.61 11.77 13.25 11.84 11.84 11.36 14.48 17.85 20.59 20.06 20.88 17.47 14.46 14.97 14.00 13.19 10.42 7.64 5.99 0.00 4.07 2.57 14.18 
18.21 15.80 16.15 16.05 13.45 12.67 12.64 14.05 15.22 16.21 17.82 19.00 17.62 18.22 19.79 21.81 22.36 23.96 23.12 24.35 22.93 23.74 22.08 23.18 20.29 19.57 18.71 20.50 17.10 18.88 20.37 21.42 18.83 20.97 21.68 21.83 19.96 18.62 16.69 17.48 16.46 17.02 18.59 19.60 20.69 21.35 20.17 21.12 20.02 21.24 18.42 19.44 17.05 18.12 15.32 15.43 13.36 13.57 10.85 10.42 8.25 11.21 9.26 15.15 18.26 20.94 21.05 21.14 19.19 15.96 15.51 15.41 15.41 12.15 9.16 6.67 4.07 0.00 0.17 5.33 
18.76 16.31 16.45 16.47 15.20 13.17 13.07 14.02 16.31 18.07 18.81 19.04 17.80 19.22 20.78 20.60 22.34 22.71 23.98 23.00 23.14 23.80 22.67 22.77 20.32 19.04 19.19 19.07 16.92 17.30 20.25 19.67 18.75 19.67 20.82 19.68 18.47 17.21 16.55 15.75 16.29 16.99 17.12 18.07 18.87 20.18 19.30 19.31 19.07 19.44 17.17 17.27 16.76 15.08 14.27 12.82 12.81 9.82 11.04 8.47 10.41 11.01 11.63 15.75 18.63 22.42 22.40 23.46 19.75 18.47 18.15 16.36 16.35 13.32 12.03 7.76 2.57 0.17 0.00 6.66 
25.21 23.79 22.84 24.78 26.27 23.12 21.51 22.53 25.59 25.13 23.92 24.29 23.74 24.14 23.94 24.90 26.62 26.49 26.31 26.22 26.55 26.01 24.82 24.77 23.39 21.93 21.31 21.66 19.85 20.07 21.11 21.54 21.68 21.86 23.27 22.47 22.79 21.25 20.62 20.57 21.81 21.40 20.71 21.23 23.74 22.52 21.83 21.50 23.86 22.13 20.56 19.57 19.59 17.36 15.83 14.50 14.37 11.61 11.94 10.68 14.35 14.04 15.89 17.13 26.42 26.01 27.05 26.36 30.20 24.23 23.32 21.46 27.15 21.98 18.71 14.45 14.18 5.33 6.66 13.86 
