1.55 6.25 6.98 9.38 10.96 12.18 14.76 16.48 17.72 17.85 17.81 19.09 19.46 20.66 20.25 21.86 23.54 24.73 25.52 26.92 28.62 30.36 32.55 33.72 35.14 36.19 36.42 36.13 36.91 37.08 37.38 36.89 34.28 32.75 29.99 29.12 25.86 24.82 23.53 23.40 22.23 20.84 20.99 19.95 20.19 21.63 22.14 20.29 19.06 18.26 18.95 18.47 18.90 19.77 22.02 22.31 23.00 25.09 27.94 27.42 26.86 26.02 27.01 26.90 26.62 27.10 27.49 26.66 26.36 27.58 28.60 28.04 29.69 29.33 29.20 27.67 27.21 26.44 27.74 27.25 28.10 28.22 29.50 29.08 28.00 27.18 26.99 25.13 23.87 23.39 24.43 24.80 24.67 25.18 24.92 25.12 23.45 22.35 22.16 23.24 24.21 24.65 25.46 26.94 28.72 29.85 31.63 32.60 33.56 32.23 29.96 28.30 26.21 25.32 24.78 24.50 23.71 23.91 24.35 24.39 24.58 25.55 26.49 25.44 25.73 26.92 26.08 24.28 25.00 26.81 26.07 24.98 26.88 28.32 26.54 26.59 28.79 29.70 28.93 29.42 28.36 28.90 28.29 27.14 24.38 24.54 24.31 23.02 21.62 23.49 25.01 24.68 25.86 26.19 28.00 28.65 
6.25 1.10 4.53 6.50 9.62 10.90 12.36 15.18 16.30 16.07 16.06 17.86 18.36 19.62 18.94 20.76 22.41 23.43 24.53 26.16 27.77 29.46 32.05 33.79 35.19 36.30 36.48 36.40 37.28 37.46 37.59 37.30 34.71 32.89 29.99 28.89 25.55 23.88 22.75 22.33 20.94 19.23 19.55 18.83 18.83 20.65 21.52 19.26 17.78 17.18 18.61 17.91 18.43 19.23 21.89 22.19 22.98 24.82 28.06 27.64 27.15 25.67 26.71 26.91 26.81 27.05 26.87 26.40 26.14 27.07 27.54 27.10 29.77 28.67 28.05 26.50 26.78 25.28 26.76 26.16 27.66 27.21 29.02 28.41 27.84 26.33 26.06 24.11 22.86 22.33 23.16 23.68 23.33 24.17 24.01 24.20 22.51 21.21 21.30 21.97 23.00 23.18 24.48 26.31 28.49 29.40 30.89 32.44 33.42 31.51 29.33 27.72 26.01 24.77 24.26 24.13 23.41 23.01 23.82 23.86 24.38 25.09 26.33 24.63 25.53 26.49 26.22 23.58 24.69 26.90 25.89 23.76 26.38 27.91 25.87 25.71 28.81 29.86 28.73 29.35 28.42 28.94 28.46 27.39 24.46 24.06 24.04 23.32 22.29 23.03 24.18 23.68 24.91 26.59 26.81 28.15 
6.98 4.53 1.60 4.19 7.27 8.03 11.46 12.84 14.05 14.02 14.22 15.65 16.02 17.46 17.43 19.81 21.21 22.56 23.84 25.86 27.44 29.49 31.98 33.86 35.42 36.49 36.52 36.31 37.46 37.24 37.01 36.46 34.24 32.53 29.21 27.62 23.85 22.08 20.90 19.95 18.64 16.55 17.16 16.06 16.64 18.46 19.71 17.35 15.99 15.12 17.07 16.71 17.29 18.34 21.60 22.14 22.82 24.52 27.44 27.30 27.01 25.39 26.05 26.24 26.35 26.30 25.97 25.18 25.40 26.20 26.63 25.77 28.92 27.68 27.39 25.69 26.39 24.63 25.98 25.35 27.02 26.44 28.25 27.83 27.49 25.74 25.16 23.19 22.40 21.02 21.30 21.73 22.31 22.87 22.50 22.62 21.24 19.90 19.95 20.60 20.98 21.76 23.19 25.40 27.53 28.11 29.97 31.51 32.96 30.74 28.23 26.72 24.83 23.78 23.07 23.13 22.15 21.79 22.18 22.73 23.43 23.98 24.99 23.59 24.72 25.86 25.16 22.45 23.78 25.98 24.88 22.96 25.49 27.15 25.30 24.96 28.15 29.11 28.55 28.69 27.85 28.30 28.30 27.01 24.02 23.88 23.77 23.22 22.02 23.29 23.31 23.40 25.94 26.62 27.32 26.25 
9.38 6.50 4.19 1.61 5.97 7.31 9.52 12.19 12.89 13.61 14.47 16.33 16.94 18.31 19.15 21.28 22.72 24.02 25.40 27.05 28.88 30.78 33.22 34.78 36.60 37.55 37.48 37.34 38.27 38.03 37.21 36.72 35.25 33.45 29.74 28.44 24.59 23.14 21.42 20.47 19.08 17.62 17.53 16.23 17.32 18.83 19.91 17.51 16.95 15.29 17.34 16.88 18.37 18.72 21.85 22.65 23.17 24.62 27.56 27.30 27.09 25.56 26.44 26.85 27.02 27.08 26.39 25.73 25.43 26.32 26.20 25.65 28.53 27.68 27.29 25.92 26.99 25.48 26.90 26.65 28.66 27.92 29.50 29.26 28.83 26.74 25.84 24.06 23.03 21.42 21.43 21.80 22.13 22.29 21.86 22.08 21.07 19.37 19.69 20.55 21.45 22.00 23.86 26.15 28.54 29.38 30.97 32.50 33.62 31.55 29.40 27.84 26.39 24.87 24.30 23.95 22.68 22.17 22.54 22.31 22.68 23.08 23.92 22.32 23.63 24.46 23.87 21.86 23.55 25.46 24.46 23.28 26.59 28.01 26.13 26.24 29.50 30.34 29.35 29.61 28.74 29.29 29.03 27.59 24.42 24.40 24.34 23.46 22.41 22.24 23.87 23.27 26.08 25.91 26.83 26.61 
10.96 9.62 7.27 5.97 0.78 5.62 7.46 10.26 12.12 13.08 13.67 15.83 15.95 17.38 17.60 20.43 22.59 24.51 25.40 27.25 29.02 31.28 33.69 35.40 36.96 38.65 37.81 38.19 39.34 39.57 38.44 38.22 36.04 34.18 30.05 28.94 25.46 23.70 21.68 21.25 20.27 18.34 18.66 17.07 18.13 20.01 20.60 17.58 16.78 14.87 16.57 15.84 17.16 18.35 21.39 22.06 22.47 25.05 28.36 27.91 26.57 25.49 26.69 26.75 26.49 26.68 26.21 25.08 24.38 25.87 26.23 25.16 27.84 27.11 26.97 24.81 25.69 24.59 26.42 25.88 27.34 27.45 29.21 28.87 27.67 26.12 25.74 23.35 21.91 20.69 21.86 21.51 21.31 21.53 21.15 21.04 20.47 18.37 18.40 19.40 21.23 22.25 23.52 26.53 29.26 31.02 32.92 34.26 35.04 33.66 31.34 29.25 26.95 25.37 24.47 23.61 21.79 21.50 21.57 20.72 20.90 21.50 22.88 20.31 21.80 23.18 23.12 19.73 21.99 24.95 24.43 22.62 26.27 28.52 26.15 26.13 29.71 31.05 29.61 30.07 29.07 29.55 28.72 27.06 23.24 23.24 22.90 22.17 20.66 23.75 24.16 25.33 23.90 23.73 26.35 27.39 
12.18 10.90 8.03 7.31 5.62 0.00 5.04 7.03 8.82 10.09 10.58 13.42 13.63 15.49 14.87 17.83 20.46 22.92 23.77 25.74 27.51 30.20 32.80 34.69 36.42 37.93 37.70 36.92 38.99 38.65 37.96 37.15 35.49 33.62 29.08 27.60 24.00 22.03 19.72 19.29 18.27 15.55 15.92 14.53 15.71 17.45 17.53 14.89 14.28 12.86 14.78 14.05 15.90 16.99 20.19 20.61 22.03 24.67 27.97 26.89 25.90 24.24 25.23 25.28 25.25 25.25 24.42 23.30 22.89 24.15 24.09 23.22 26.44 25.41 24.53 22.45 23.52 22.13 23.93 23.54 25.42 25.29 27.47 27.06 25.87 23.82 23.39 20.64 19.32 18.01 18.97 19.13 18.72 19.21 18.49 18.64 17.76 15.47 15.71 16.29 18.85 20.06 22.14 24.53 28.05 29.54 31.76 32.82 34.17 31.93 29.65 27.14 25.09 23.34 21.91 21.42 19.67 19.31 18.80 18.56 18.55 19.73 20.38 18.40 19.83 21.51 21.02 18.00 20.25 23.82 22.78 21.05 25.10 27.59 24.87 24.86 28.99 30.05 28.69 29.11 28.31 28.38 27.77 26.12 22.87 22.07 21.71 21.62 20.30 22.46 22.98 23.59 21.76 23.97 24.71 26.01 
14.76 12.36 11.46 9.52 7.46 5.04 0.47 5.85 7.25 9.09 10.62 13.01 13.87 15.77 16.01 18.57 20.86 23.48 25.05 27.07 28.91 31.65 34.89 36.38 37.93 39.65 38.39 38.77 39.59 40.15 38.88 38.67 36.09 34.76 30.38 28.98 24.37 22.38 20.72 19.38 18.39 15.42 15.91 14.37 15.58 17.38 18.37 15.23 14.74 12.64 16.00 15.49 17.42 18.23 21.49 22.69 24.02 25.99 29.24 28.47 27.67 25.80 26.26 26.27 26.19 26.16 24.81 23.76 23.59 24.71 24.49 23.60 27.23 26.04 25.21 23.29 24.63 22.66 24.10 23.65 25.95 25.49 27.18 27.22 26.78 24.45 23.88 21.53 20.68 19.00 19.36 19.45 20.00 19.92 18.61 19.43 18.81 16.78 16.67 17.45 19.09 20.58 22.46 25.41 28.38 29.98 32.15 33.65 34.69 32.66 29.95 28.05 25.99 23.67 22.22 21.50 20.35 19.21 18.79 18.28 19.06 19.44 20.61 18.51 20.67 22.09 21.83 18.52 20.99 24.45 23.76 21.70 25.79 28.21 25.78 25.97 29.94 31.19 29.78 30.39 29.49 29.78 29.10 27.81 24.33 23.51 22.83 22.86 21.58 23.70 22.62 24.35 23.63 23.20 24.23 24.58 
16.48 15.18 12.84 12.19 10.26 7.03 5.85 0.00 6.03 6.98 8.84 11.42 13.37 16.17 16.97 20.11 21.96 24.52 26.22 28.34 29.55 32.42 34.70 37.30 38.19 39.70 38.62 38.76 40.01 39.88 38.52 38.72 36.91 35.78 30.64 29.55 24.85 22.84 20.17 18.66 17.43 14.61 14.34 12.54 14.15 16.29 17.36 14.69 13.96 12.05 15.23 15.61 18.12 18.88 22.23 23.99 24.95 27.36 30.08 29.47 28.18 26.23 26.67 26.85 26.67 27.09 25.45 24.55 23.92 25.60 24.96 24.58 27.40 26.34 25.09 23.76 24.83 23.31 24.33 24.45 26.75 26.18 27.86 28.12 27.51 25.15 24.07 21.59 21.31 19.32 19.62 20.48 21.03 21.13 19.40 19.45 18.87 16.60 16.41 18.04 19.93 21.16 23.29 26.35 29.44 31.21 33.41 35.02 35.62 33.60 30.63 28.42 26.09 24.03 22.74 22.46 20.32 19.99 19.24 19.14 18.74 19.84 20.54 18.72 20.13 22.05 21.28 18.97 20.81 24.54 23.34 22.01 26.19 28.81 26.29 26.68 30.78 32.03 30.27 30.92 29.82 30.46 29.68 28.17 24.52 24.34 23.19 23.14 21.64 23.70 23.70 24.37 22.57 23.64 23.41 24.37 
17.72 16.30 14.05 12.89 12.12 8.82 7.25 6.03 0.00 5.74 7.05 10.20 11.65 15.22 17.26 19.70 22.33 24.85 26.47 28.79 30.57 33.11 35.82 37.23 38.86 39.53 37.98 38.38 39.45 39.02 37.99 38.34 36.34 34.70 29.58 28.36 24.09 22.30 19.95 18.78 17.15 14.46 14.48 12.88 14.49 16.64 17.79 15.50 16.02 14.11 16.24 16.68 19.20 20.61 23.69 24.87 26.09 29.21 32.31 30.94 29.61 27.24 27.65 27.44 27.34 27.73 26.37 25.50 24.54 26.11 26.06 25.45 28.85 27.34 26.27 24.32 25.35 23.78 24.63 24.68 27.32 27.33 28.92 29.03 28.72 26.26 24.89 22.95 22.17 20.91 21.34 22.08 22.53 22.77 20.93 20.70 19.72 17.79 17.09 18.87 21.46 22.68 24.05 27.29 30.84 32.62 35.03 36.04 36.97 34.54 31.74 28.73 26.27 24.53 23.21 22.62 20.34 19.89 19.40 18.21 18.06 19.43 20.60 18.71 19.66 21.72 21.11 18.99 20.23 23.96 23.59 22.24 26.03 28.65 26.39 26.67 30.59 32.06 30.23 31.23 30.08 30.67 29.89 28.09 25.15 23.89 22.81 22.40 21.71 23.18 22.85 23.45 24.15 23.08 23.65 22.81 
17.85 16.07 14.02 13.61 13.08 10.09 9.09 6.98 5.74 0.00 4.70 6.73 8.80 11.65 13.32 16.54 19.28 22.39 24.14 26.29 28.30 31.19 33.79 35.19 36.65 37.88 36.81 36.03 37.57 37.27 36.69 36.94 35.14 33.19 28.58 26.68 22.31 20.17 17.49 15.72 13.32 10.39 11.13 11.43 12.80 15.52 16.52 14.51 14.47 13.39 14.80 14.99 18.05 19.20 22.22 23.00 24.44 27.89 31.14 29.59 27.84 25.79 25.93 25.70 25.14 25.91 24.38 23.17 22.39 23.62 24.32 24.09 27.36 25.82 24.64 22.45 22.97 21.27 22.21 22.32 24.87 25.13 27.00 27.13 26.46 24.05 22.89 20.25 19.74 18.34 19.00 19.95 20.15 20.97 19.32 18.39 17.69 15.13 14.82 16.30 18.32 20.09 22.28 25.01 28.52 30.29 32.98 34.37 34.93 32.59 29.99 26.96 23.75 22.13 20.73 20.41 17.88 17.23 16.57 15.15 15.61 16.78 18.27 16.43 18.20 19.99 19.27 17.17 18.35 22.22 21.37 20.39 24.08 26.91 24.41 24.87 28.78 30.46 28.28 29.75 28.16 29.23 27.97 26.73 23.47 22.44 21.30 20.97 20.23 21.55 21.68 22.34 21.45 21.94 22.31 21.76 
17.81 16.06 14.22 14.47 13.67 10.58 10.62 8.84 7.05 4.70 0.00 5.21 6.03 9.34 10.03 13.26 15.00 18.47 20.68 22.44 24.00 27.83 31.06 32.15 33.13 35.10 34.06 33.24 34.25 34.55 34.49 34.59 31.70 29.99 25.92 24.44 19.89 17.58 14.48 11.85 9.51 7.42 8.77 8.61 11.21 13.65 15.43 12.60 13.13 10.69 13.26 13.09 15.51 16.97 20.43 21.86 23.07 26.20 29.71 28.18 26.32 24.17 24.45 23.70 22.90 23.21 21.53 20.67 20.07 21.67 22.10 22.17 25.15 23.56 22.77 20.39 20.72 18.69 19.49 19.50 22.11 21.62 23.58 23.73 23.40 21.15 20.57 17.97 17.23 16.29 16.94 18.07 18.57 19.22 18.11 18.54 16.49 13.59 12.96 14.14 15.07 17.39 19.84 22.39 25.21 27.88 30.81 32.11 32.92 30.59 27.94 25.00 21.60 19.34 18.32 17.52 16.15 14.41 12.99 11.55 12.80 14.05 15.67 14.14 16.00 18.19 17.19 14.89 16.42 20.03 19.62 18.23 22.19 24.58 22.23 22.75 26.69 27.99 26.32 27.13 25.79 26.31 25.86 24.35 21.08 20.01 19.36 19.43 18.36 19.62 18.90 20.09 20.90 20.80 20.51 20.46 
19.09 17.86 15.65 16.33 15.83 13.42 13.01 11.42 10.20 6.73 5.21 0.00 5.67 7.69 9.53 13.10 15.19 18.40 20.60 23.40 24.88 27.51 30.69 32.49 33.99 34.59 34.18 33.39 34.54 34.12 34.17 34.21 31.69 29.87 26.04 25.29 20.24 17.22 13.94 11.82 10.79 8.62 9.71 9.73 13.06 16.70 17.08 14.39 13.95 12.13 14.13 14.40 17.09 18.72 22.10 23.41 24.80 27.63 30.92 29.47 27.33 25.40 25.33 24.57 23.77 23.78 22.33 21.36 21.08 22.53 23.31 23.21 26.68 24.74 23.89 21.41 21.59 19.15 19.98 19.83 22.32 22.01 23.89 24.39 23.95 21.74 21.15 18.79 18.60 17.50 17.99 19.33 20.39 21.52 20.35 20.66 18.63 15.02 13.83 14.33 15.06 17.47 19.88 22.35 25.40 28.08 31.14 32.37 33.06 31.32 28.92 26.23 22.28 20.47 18.91 18.25 15.24 13.92 13.16 11.73 12.91 14.83 16.87 15.61 17.53 19.60 18.36 15.72 16.56 20.70 19.65 18.10 21.85 24.78 22.25 22.81 26.75 28.45 26.59 27.29 25.96 26.99 26.08 24.91 21.24 20.19 19.29 19.43 18.61 20.50 20.17 20.52 20.43 21.57 20.80 20.87 
19.46 18.36 16.02 16.94 15.95 13.63 13.87 13.37 11.65 8.80 6.03 5.67 0.00 5.70 5.82 9.76 11.61 15.33 17.06 20.28 22.29 25.37 27.85 30.76 32.42 33.51 32.05 32.25 32.75 32.41 31.60 31.85 28.90 27.10 23.18 22.01 17.90 15.09 11.79 10.87 9.79 9.24 11.36 11.36 14.43 17.22 17.97 15.11 14.96 13.06 14.19 14.10 16.59 17.96 20.88 22.93 24.25 27.41 30.35 28.82 26.70 25.22 24.96 24.02 22.95 23.21 21.70 21.41 20.74 22.76 23.38 23.54 26.83 25.37 23.94 21.50 21.90 19.63 19.70 19.48 21.25 20.69 22.42 23.07 22.99 20.69 19.63 18.34 18.24 17.91 18.10 19.25 19.98 21.51 20.31 20.58 18.66 15.50 13.82 14.03 14.61 15.97 17.46 20.84 23.53 26.13 29.17 30.53 31.29 29.70 27.23 23.96 21.07 19.08 17.41 14.74 12.42 12.10 11.19 10.48 11.64 14.13 16.23 14.88 16.76 18.91 18.11 15.24 16.17 19.56 19.11 17.21 20.58 23.14 21.20 21.18 25.17 26.86 25.11 25.68 24.81 25.26 24.31 22.91 19.64 18.73 17.92 18.33 17.24 19.09 18.88 18.50 19.69 20.18 19.57 19.58 
20.66 19.62 17.46 18.31 17.38 15.49 15.77 16.17 15.22 11.65 9.34 7.69 5.70 0.00 5.82 7.37 11.62 14.43 16.16 19.49 21.74 25.00 27.70 30.12 32.01 33.37 31.48 31.29 31.83 31.82 30.96 31.00 28.43 27.16 21.81 19.74 15.99 13.21 10.65 9.43 9.67 9.50 12.54 13.34 16.47 19.49 19.59 16.29 15.58 13.55 14.53 13.81 16.34 17.48 20.52 22.32 23.72 26.65 29.61 28.17 26.07 24.32 24.19 23.06 21.89 22.20 21.15 20.76 20.54 22.21 23.39 23.23 27.11 25.51 24.04 21.10 21.23 19.03 19.09 18.60 20.45 20.25 21.88 22.75 22.77 20.92 19.63 18.11 18.40 17.84 18.66 19.98 21.14 22.35 21.62 21.71 19.97 16.53 14.64 14.24 14.54 15.32 16.86 19.91 22.74 25.36 28.43 30.42 31.10 29.56 26.90 24.31 20.90 18.96 16.73 14.73 11.82 11.56 10.93 10.37 11.89 14.71 17.90 16.60 18.11 19.70 18.60 16.09 16.22 19.23 18.65 17.28 20.31 22.81 20.39 21.05 25.12 26.67 24.33 25.44 24.46 25.27 23.75 22.76 19.64 18.07 17.35 17.74 17.23 19.42 19.52 18.64 19.63 20.63 20.20 20.08 
20.25 18.94 17.43 19.15 17.60 14.87 16.01 16.97 17.26 13.32 10.03 9.53 5.82 5.82 0.00 5.10 6.23 10.26 11.37 14.91 16.69 20.66 23.24 25.38 26.16 28.76 27.25 26.94 26.83 27.20 26.99 27.11 24.34 22.51 18.29 16.57 13.00 11.20 10.16 9.51 10.63 10.47 13.65 14.75 17.43 19.74 19.66 16.26 14.87 12.60 13.14 12.54 14.07 15.26 17.94 20.01 21.36 24.82 27.61 26.35 24.37 22.43 22.46 21.11 19.53 19.91 18.50 18.84 18.56 20.77 21.63 22.15 25.36 24.27 22.64 19.98 19.49 17.28 17.13 16.60 18.22 17.58 19.69 20.31 20.33 18.40 18.24 16.61 16.68 16.32 17.10 19.55 20.52 21.62 21.08 21.96 19.50 16.32 14.07 13.90 12.96 13.76 14.48 16.91 19.17 22.49 25.79 27.56 28.68 27.00 24.37 21.81 19.52 16.12 14.07 11.98 10.53 9.47 9.05 8.50 10.85 13.61 16.91 15.79 16.84 18.74 17.65 14.82 14.94 17.92 17.28 15.55 18.79 20.80 18.55 19.07 23.19 24.54 22.34 23.26 22.32 22.82 21.76 20.55 17.20 15.84 15.33 16.12 15.23 17.42 16.99 16.78 19.18 19.64 18.98 18.67 
21.86 20.76 19.81 21.28 20.43 17.83 18.57 20.11 19.70 16.54 13.26 13.10 9.76 7.37 5.10 0.00 6.11 8.18 10.62 13.33 16.24 18.98 21.17 24.25 25.11 26.41 25.34 24.88 24.72 24.44 25.01 25.07 22.34 19.79 16.09 15.25 11.91 9.39 9.85 10.00 12.25 12.62 15.97 17.10 19.13 22.65 22.29 18.10 17.09 14.16 14.52 12.93 14.62 14.73 17.11 19.02 21.21 24.28 26.88 25.88 24.17 21.91 21.40 20.64 18.76 19.26 17.66 18.02 18.48 20.58 22.02 22.19 26.04 24.32 23.44 20.75 20.26 17.46 17.28 16.38 17.98 17.02 18.92 20.12 20.27 18.02 17.97 16.64 17.07 16.95 17.98 19.96 21.63 22.91 22.90 23.49 21.42 18.50 16.03 15.08 13.49 13.70 14.26 15.88 17.51 20.53 23.73 25.93 27.10 25.71 22.87 21.18 18.53 15.78 13.60 11.34 9.97 8.99 9.99 9.79 12.00 15.05 18.87 17.41 18.12 19.71 18.95 15.72 15.59 18.20 17.32 15.04 18.07 20.21 17.72 18.44 22.33 23.71 21.49 22.59 21.14 22.15 21.15 19.92 15.81 14.96 14.51 15.07 14.66 17.80 18.46 17.14 19.32 20.56 20.11 19.99 
23.54 22.41 21.21 22.72 22.59 20.46 20.86 21.96 22.33 19.28 15.00 15.19 11.61 11.62 6.23 6.11 0.00 6.20 6.24 9.56 11.77 15.01 16.67 19.85 20.77 22.75 20.64 21.07 20.36 20.97 20.92 21.24 18.41 16.06 12.03 11.99 10.12 8.33 9.19 10.47 13.23 14.58 18.47 19.10 21.21 23.86 24.11 19.90 18.27 14.73 14.22 12.47 13.33 12.57 14.48 16.67 19.36 22.43 24.97 23.97 22.61 19.75 19.30 18.51 17.41 17.61 16.15 17.10 17.25 20.07 21.93 22.61 26.16 24.47 23.17 20.38 19.94 17.02 16.65 15.94 16.72 15.51 18.26 19.28 19.62 17.21 17.69 16.84 17.20 17.48 18.47 20.87 22.45 24.12 24.11 24.88 22.70 19.44 17.42 16.29 14.55 13.75 13.12 14.68 15.80 18.01 21.54 23.48 24.56 23.28 21.05 18.77 17.02 14.33 12.18 10.11 9.64 9.62 10.37 11.61 13.83 16.76 19.99 18.22 19.08 20.78 19.95 16.50 16.32 18.65 17.64 14.70 17.05 19.09 16.90 17.31 20.76 22.20 20.12 21.36 19.44 20.52 19.46 17.47 14.36 13.20 13.66 14.02 13.52 17.21 18.87 16.01 19.57 20.38 21.72 21.15 
24.73 23.43 22.56 24.02 24.51 22.92 23.48 24.52 24.85 22.39 18.47 18.40 15.33 14.43 10.26 8.18 6.20 0.00 5.50 6.79 9.38 12.34 14.83 17.49 18.21 20.57 19.22 18.32 18.94 19.43 19.67 19.33 16.86 15.28 11.88 11.09 9.76 8.83 10.62 12.59 14.63 16.96 20.92 21.38 23.18 26.43 26.53 21.77 19.82 16.33 16.05 13.13 13.58 13.20 14.82 16.16 18.33 21.64 24.11 22.80 21.17 18.72 17.98 17.90 16.25 17.16 15.73 16.54 16.86 19.83 21.74 22.06 25.97 24.27 23.05 19.86 19.57 16.45 16.31 14.91 15.50 14.67 17.43 18.08 18.49 16.89 17.25 16.61 17.08 17.68 18.93 21.38 22.92 24.93 25.12 25.82 23.42 20.42 18.56 17.42 15.22 13.74 13.01 14.14 15.11 16.63 20.06 22.36 23.30 22.09 19.80 17.37 15.28 12.52 10.73 9.47 9.16 9.18 10.61 12.53 15.88 18.92 20.81 19.11 20.31 22.12 20.99 16.85 16.60 18.73 17.53 14.36 16.43 18.03 15.79 16.18 20.03 21.10 18.80 20.00 18.76 19.09 17.55 16.57 13.05 12.47 12.92 14.01 14.08 17.72 18.45 17.54 20.03 21.25 22.39 22.84 
25.52 24.53 23.84 25.40 25.40 23.77 25.05 26.22 26.47 24.14 20.68 20.60 17.06 16.16 11.37 10.62 6.24 5.50 0.00 5.52 6.73 9.72 11.46 14.68 14.97 17.39 15.55 15.53 15.68 16.81 16.36 16.07 14.10 12.72 10.35 10.35 9.89 9.24 11.95 13.99 16.15 18.22 22.45 22.11 23.72 26.84 27.49 22.79 20.05 16.60 15.56 12.89 12.14 11.75 13.36 14.15 15.98 19.61 22.21 20.81 19.08 17.03 16.78 16.36 15.07 16.11 14.94 15.93 16.08 19.24 21.05 21.92 25.13 23.72 22.32 19.56 19.03 15.85 15.45 14.37 15.12 14.00 16.40 16.88 17.63 16.07 16.67 15.77 16.60 17.41 18.98 21.68 23.48 25.19 25.60 26.14 23.59 20.74 19.30 17.82 15.35 14.20 12.89 13.70 14.00 15.40 17.97 20.13 21.22 19.76 17.29 14.88 13.22 10.95 10.16 9.47 10.04 11.33 13.36 15.25 17.62 20.36 23.23 21.65 22.00 23.36 22.34 18.05 17.21 19.13 17.90 14.91 16.24 17.49 14.96 14.99 18.67 19.66 17.39 18.76 17.50 17.61 16.29 14.92 12.13 11.83 12.48 13.77 14.26 17.49 19.00 16.92 20.81 21.51 22.67 21.51 
26.92 26.16 25.86 27.05 27.25 25.74 27.07 28.34 28.79 26.29 22.44 23.40 20.28 19.49 14.91 13.33 9.56 6.79 5.52 0.00 5.47 7.00 9.13 11.42 12.53 14.29 13.21 13.06 13.73 14.71 14.34 14.45 11.91 10.55 8.71 10.04 9.00 8.88 12.40 15.90 18.20 19.84 23.79 23.88 25.89 29.03 29.02 24.35 22.50 18.57 17.20 14.14 13.42 12.23 13.38 14.37 16.07 19.16 21.93 20.48 19.11 16.36 16.46 16.22 15.18 16.10 15.44 16.42 16.93 20.04 21.78 22.49 26.11 24.42 23.32 20.46 20.37 17.10 16.80 15.45 16.45 14.74 16.37 17.24 17.85 16.00 16.73 15.88 17.46 18.25 19.49 22.21 24.22 25.84 26.41 27.05 24.92 22.10 20.74 19.29 16.80 15.29 13.92 13.98 14.10 14.56 17.15 18.86 19.36 17.78 14.78 13.37 11.80 10.19 9.26 9.23 10.74 12.56 15.66 17.90 19.39 22.27 25.03 23.66 24.24 25.34 24.43 20.18 19.18 20.93 19.26 15.93 17.42 18.28 15.46 15.10 18.54 19.45 17.66 18.78 16.71 17.04 15.79 14.47 11.78 11.66 12.58 14.34 15.09 18.10 19.25 18.53 21.13 22.51 23.22 23.92 
28.62 27.77 27.44 28.88 29.02 27.51 28.91 29.55 30.57 28.30 24.00 24.88 22.29 21.74 16.69 16.24 11.77 9.38 6.73 5.47 0.20 5.54 6.87 9.84 10.32 12.86 11.25 11.85 11.97 13.53 12.60 13.45 11.46 10.54 9.11 10.38 10.56 10.58 14.30 17.46 19.23 20.90 26.11 26.02 27.42 30.22 30.80 26.00 23.99 20.32 18.97 15.61 14.43 12.74 13.60 14.36 15.90 18.30 20.87 19.89 18.13 15.19 15.56 16.22 15.50 16.55 15.89 17.43 17.81 20.95 22.49 23.29 26.34 25.26 23.65 21.09 20.78 18.20 17.84 16.55 17.42 16.00 17.57 17.86 18.80 17.04 17.53 17.12 18.39 19.30 20.95 23.42 25.33 27.25 27.51 28.20 26.10 23.35 21.61 20.09 17.94 16.57 15.00 14.58 14.24 14.71 16.21 17.29 17.60 15.09 12.50 11.14 11.02 9.42 9.51 10.25 12.25 14.15 17.32 19.59 21.43 23.98 26.56 24.77 25.87 26.87 25.79 21.19 20.44 22.36 20.40 16.53 17.81 19.08 16.11 15.23 18.05 19.23 17.14 18.19 15.69 15.83 14.67 13.70 10.89 11.04 12.87 14.61 14.88 18.81 20.55 18.19 22.20 22.59 24.53 24.82 
30.36 29.46 29.49 30.78 31.28 30.20 31.65 32.42 33.11 31.19 27.83 27.51 25.37 25.00 20.66 18.98 15.01 12.34 9.72 7.00 5.54 0.00 5.26 6.92 7.19 9.74 9.43 9.42 10.76 12.60 12.15 12.87 12.03 11.82 10.18 11.99 12.06 13.90 16.54 20.15 21.29 22.78 27.87 27.89 29.42 32.23 32.79 27.92 25.98 21.96 20.86 17.01 15.32 13.52 14.05 13.90 14.98 17.60 20.37 18.86 17.46 15.35 16.30 16.69 16.31 17.68 17.37 18.87 19.05 22.09 23.76 24.00 27.30 26.15 24.91 22.02 22.01 19.08 18.86 17.40 17.94 16.71 17.87 17.47 18.56 17.92 18.64 18.02 19.11 20.69 22.06 24.66 26.24 28.38 28.82 29.65 27.50 24.45 23.15 21.66 19.32 17.80 15.99 15.74 15.11 14.86 16.04 17.05 16.77 14.73 12.06 10.69 10.48 9.94 10.95 12.90 14.71 17.24 20.19 22.03 23.88 26.55 29.20 27.12 27.87 29.11 27.66 23.06 22.27 23.83 21.99 17.96 18.97 19.85 16.92 15.99 18.87 19.63 17.65 18.28 16.18 16.23 15.39 14.58 12.19 12.58 13.84 16.05 16.86 19.87 21.70 20.29 22.56 23.60 25.09 26.13 
32.55 32.05 31.98 33.22 33.69 32.80 34.89 34.70 35.82 33.79 31.06 30.69 27.85 27.70 23.24 21.17 16.67 14.83 11.46 9.13 6.87 5.26 0.53 6.35 6.22 8.50 8.84 10.07 10.42 13.29 12.21 12.79 12.44 12.80 11.82 13.35 13.99 15.43 18.29 20.68 22.74 25.36 30.06 29.72 30.63 33.26 34.08 29.35 27.16 23.61 22.18 18.30 16.56 14.29 14.70 14.07 14.94 17.60 20.30 18.88 17.55 16.08 17.03 17.53 16.95 19.21 19.25 20.46 19.78 23.36 25.14 25.20 27.97 26.99 25.91 23.38 23.36 20.16 19.90 18.19 19.62 18.01 19.02 19.04 19.58 19.07 19.92 19.25 20.80 21.87 23.45 26.32 28.14 29.64 29.87 30.62 28.55 25.65 24.08 22.71 20.35 18.70 17.31 16.80 16.03 15.36 15.72 16.41 16.27 13.93 12.05 10.54 11.37 11.38 13.19 14.89 17.56 20.62 23.18 25.22 26.42 29.31 31.78 29.64 29.88 31.00 29.39 25.19 24.17 25.81 23.58 20.32 21.03 21.61 18.04 17.37 20.23 21.00 18.17 19.00 16.84 17.05 16.78 16.52 14.48 14.65 15.94 17.77 18.14 21.16 21.82 20.27 24.90 24.63 25.73 24.99 
33.72 33.79 33.86 34.78 35.40 34.69 36.38 37.30 37.23 35.19 32.15 32.49 30.76 30.12 25.38 24.25 19.85 17.49 14.68 11.42 9.84 6.92 6.35 0.00 5.31 8.21 8.30 9.84 11.12 12.81 12.95 13.97 13.45 13.53 13.29 15.74 16.26 17.67 20.90 22.97 24.97 27.04 31.77 30.64 32.09 35.01 35.32 30.73 28.93 25.44 24.16 20.37 18.49 16.19 15.96 15.80 15.92 18.25 20.57 19.45 18.37 17.12 18.40 18.98 18.66 21.27 21.22 22.18 21.91 25.43 27.03 26.80 29.71 29.21 28.00 25.32 25.68 22.78 22.15 20.39 21.33 20.05 20.93 21.13 21.86 21.00 21.69 20.99 22.28 23.54 24.77 27.71 29.51 31.10 31.13 32.00 29.98 27.13 25.72 24.30 22.31 20.66 18.93 18.80 17.75 17.47 17.38 18.21 17.41 15.77 13.56 12.94 13.70 14.37 15.58 17.81 20.21 22.19 25.47 26.77 28.82 31.36 33.61 31.32 31.98 33.22 31.65 27.17 26.36 28.21 25.91 22.49 23.76 23.98 20.29 19.21 22.13 22.44 20.07 20.13 18.26 18.39 18.46 17.53 15.85 16.44 17.56 19.39 19.95 22.52 23.86 23.14 25.55 26.33 27.03 27.26 
35.14 35.19 35.42 36.60 36.96 36.42 37.93 38.19 38.86 36.65 33.13 33.99 32.42 32.01 26.16 25.11 20.77 18.21 14.97 12.53 10.32 7.19 6.22 5.31 0.00 5.41 6.78 7.57 10.22 11.54 11.44 13.67 14.05 13.98 13.94 16.21 16.83 17.94 21.43 24.39 26.50 28.48 32.63 32.49 33.56 35.74 36.40 31.94 30.02 27.28 25.81 21.61 18.98 16.79 17.11 15.97 15.77 17.71 19.60 19.36 18.40 17.02 18.05 19.53 20.06 22.16 21.94 23.24 23.65 26.93 28.10 28.14 31.48 30.44 29.58 27.20 27.30 24.24 23.67 21.67 22.72 21.03 22.04 22.27 23.08 22.17 22.91 22.43 23.49 24.65 26.18 28.99 31.00 32.35 32.48 32.97 31.31 28.56 27.14 25.86 23.79 21.63 20.18 19.58 18.91 18.28 18.46 18.86 18.01 16.07 14.76 14.53 15.41 15.67 17.27 19.68 21.34 23.35 26.21 28.23 30.01 32.70 34.20 31.99 32.80 34.19 32.79 28.36 27.71 29.94 27.53 23.62 24.52 25.53 21.99 20.56 22.70 23.53 21.07 21.47 19.12 20.18 19.53 18.93 17.35 17.81 18.79 20.32 20.28 23.73 24.94 23.64 27.48 27.13 28.73 29.08 
36.19 36.30 36.49 37.55 38.65 37.93 39.65 39.70 39.53 37.88 35.10 34.59 33.51 33.37 28.76 26.41 22.75 20.57 17.39 14.29 12.86 9.74 8.50 8.21 5.41 0.00 6.20 7.83 8.80 10.51 11.77 14.25 14.33 15.38 15.15 17.13 18.19 19.78 22.66 26.03 28.26 29.45 34.04 33.76 35.16 38.00 37.87 33.77 31.99 29.08 27.24 22.68 20.43 18.57 17.93 17.29 16.01 18.28 20.74 20.71 19.25 18.36 19.61 21.32 21.88 23.78 23.93 25.18 25.97 29.24 30.29 30.42 33.53 33.13 31.65 29.54 29.28 26.36 25.66 24.02 24.48 23.15 23.60 23.78 24.48 24.18 24.44 23.74 24.84 26.14 27.53 30.29 31.99 33.68 33.42 34.15 32.24 29.58 28.44 27.14 25.07 23.29 21.84 21.53 20.29 19.85 19.93 20.63 19.55 17.19 16.24 16.24 16.97 17.80 19.03 21.73 23.59 25.36 28.63 29.97 32.11 34.25 35.57 33.65 34.22 35.60 34.35 29.76 29.50 31.30 29.18 25.28 26.27 27.03 23.52 22.30 24.38 24.70 22.48 22.76 20.90 21.60 21.32 20.82 19.22 19.51 20.25 21.95 22.45 25.10 26.42 25.51 27.14 28.66 29.45 29.80 
36.42 36.48 36.52 37.48 37.81 37.70 38.39 38.62 37.98 36.81 34.06 34.18 32.05 31.48 27.25 25.34 20.64 19.22 15.55 13.21 11.25 9.43 8.84 8.30 6.78 6.20 0.00 6.38 7.74 8.45 10.54 11.65 12.75 13.57 13.34 15.23 16.18 18.17 20.90 24.33 26.58 29.27 33.59 33.11 34.61 36.86 37.68 33.21 31.43 28.40 26.97 21.84 19.81 17.05 17.25 15.55 14.90 16.10 18.48 18.75 17.35 16.00 17.70 19.63 19.87 22.63 23.10 24.63 24.81 28.67 29.96 29.99 33.48 32.67 31.53 28.99 28.93 25.80 25.30 23.25 23.96 22.58 23.26 23.46 23.82 23.03 23.30 22.56 23.71 25.13 26.44 29.26 30.91 32.38 32.21 32.82 31.20 28.74 27.34 26.06 24.04 21.94 20.67 19.97 19.36 18.09 18.39 19.40 18.66 16.56 15.28 15.40 16.19 16.61 17.97 21.04 22.70 25.27 27.97 29.78 31.28 33.20 34.73 32.58 33.21 34.99 33.65 29.46 28.97 30.96 28.47 24.89 25.83 26.42 22.47 21.22 23.83 24.04 21.16 21.41 20.19 20.42 20.18 20.21 18.43 18.74 19.17 21.11 21.65 24.54 24.64 24.52 28.06 27.78 28.07 27.58 
36.13 36.40 36.31 37.34 38.19 36.92 38.77 38.76 38.38 36.03 33.24 33.39 32.25 31.29 26.94 24.88 21.07 18.32 15.53 13.06 11.85 9.42 10.07 9.84 7.57 7.83 6.38 0.00 5.60 8.36 8.20 10.21 10.78 12.08 13.06 14.94 15.42 17.16 20.69 23.63 26.55 28.69 32.80 32.21 34.36 37.06 37.29 32.91 31.36 28.14 26.80 21.74 19.86 17.38 16.75 15.46 14.03 16.59 18.29 18.29 16.78 16.12 17.58 19.32 19.82 22.71 23.42 24.74 25.37 29.05 30.38 30.94 34.09 33.81 32.41 29.94 30.02 27.00 26.08 24.21 24.51 23.31 23.88 24.23 24.17 23.36 23.47 22.52 23.60 24.96 26.71 29.30 30.65 32.37 32.13 32.91 31.13 28.65 27.46 26.39 24.22 22.26 20.84 20.63 19.73 19.33 18.98 20.58 19.98 18.12 16.36 16.02 16.77 17.12 18.65 20.98 22.89 25.19 28.24 29.75 31.27 33.68 34.79 32.81 33.67 35.52 34.20 29.75 29.44 31.43 29.08 25.33 26.44 27.16 23.16 21.42 24.10 24.11 21.59 21.40 19.95 20.43 19.94 19.43 17.78 18.35 19.15 21.16 21.58 24.37 25.24 25.46 26.54 28.49 27.89 28.21 
36.91 37.28 37.46 38.27 39.34 38.99 39.59 40.01 39.45 37.57 34.25 34.54 32.75 31.83 26.83 24.72 20.36 18.94 15.68 13.73 11.97 10.76 10.42 11.12 10.22 8.80 7.74 5.60 0.05 6.51 7.90 8.75 10.49 12.34 14.03 15.77 16.73 18.02 21.76 26.06 28.75 31.11 34.40 34.72 36.76 39.02 39.04 35.40 33.81 30.82 29.09 24.00 21.55 19.22 18.96 16.43 15.49 16.98 19.12 18.71 18.10 17.40 18.57 20.76 21.46 24.62 25.19 26.64 27.41 31.42 32.91 33.62 37.68 36.29 35.33 33.35 33.14 29.70 28.82 26.88 27.37 25.78 26.19 26.43 26.62 25.26 25.30 24.90 25.88 26.92 28.48 31.36 32.36 34.05 33.94 34.68 33.26 30.78 29.47 28.51 26.50 24.58 23.40 22.93 22.58 21.74 22.39 23.18 22.56 20.37 18.68 18.50 18.96 19.49 20.47 22.92 24.55 27.23 30.05 31.71 33.90 35.79 37.00 34.58 35.76 37.55 36.11 31.94 31.64 33.86 31.37 27.63 28.57 29.67 26.02 24.23 26.21 26.83 24.43 24.05 22.55 22.90 22.32 21.92 20.62 20.98 21.29 23.05 23.18 26.76 27.45 27.06 28.92 28.78 30.20 30.70 
37.08 37.46 37.24 38.03 39.57 38.65 40.15 39.88 39.02 37.27 34.55 34.12 32.41 31.82 27.20 24.44 20.97 19.43 16.81 14.71 13.53 12.60 13.29 12.81 11.54 10.51 8.45 8.36 6.51 0.00 6.27 8.23 8.94 10.75 12.62 15.08 15.91 18.33 21.44 25.90 28.84 30.44 34.86 35.10 37.48 39.73 39.64 35.77 33.81 30.69 28.67 23.82 21.52 19.32 17.96 16.84 15.10 17.25 18.31 18.78 18.44 17.76 18.56 20.70 22.08 24.95 25.73 26.97 28.68 32.20 33.67 34.38 37.74 37.28 36.14 33.97 33.61 30.41 29.35 27.61 27.63 26.23 26.57 26.63 27.14 26.26 25.87 25.47 26.72 27.70 29.09 31.71 33.05 34.73 34.10 34.90 33.04 30.91 29.81 28.73 26.65 24.97 24.00 23.74 22.99 22.21 22.99 24.48 23.19 20.97 19.30 19.15 19.32 19.85 21.05 23.96 25.39 27.64 30.18 32.04 33.87 35.88 36.89 35.07 36.22 37.71 36.26 31.96 31.81 33.75 31.46 27.93 28.79 29.71 26.24 24.90 27.07 27.43 24.94 25.28 23.22 23.66 22.78 22.70 21.13 21.54 21.97 23.96 24.20 26.91 27.87 28.03 28.05 29.87 29.86 29.87 
37.38 37.59 37.01 37.21 38.44 37.96 38.88 38.52 37.99 36.69 34.49 34.17 31.60 30.96 26.99 25.01 20.92 19.67 16.36 14.34 12.60 12.15 12.21 12.95 11.44 11.77 10.54 8.20 7.90 6.27 0.00 5.58 7.83 8.91 10.43 13.33 15.08 17.14 20.87 23.96 27.17 30.29 34.44 34.82 37.36 39.33 39.58 35.26 32.98 30.02 27.97 23.45 21.07 18.45 17.54 15.50 14.89 15.60 16.95 17.58 17.61 16.60 17.85 19.84 21.07 24.49 25.12 27.12 28.20 32.08 33.45 34.29 38.15 36.94 36.03 33.71 33.12 29.89 29.40 27.23 27.26 25.97 26.76 26.91 27.08 25.86 26.01 25.35 26.46 27.20 28.16 30.88 32.39 33.74 33.73 34.03 32.51 30.24 29.29 28.10 26.16 24.56 23.98 23.33 22.68 21.95 22.91 24.06 23.60 20.95 19.11 18.83 19.36 19.49 20.61 23.70 25.18 27.27 29.63 31.65 33.53 34.86 36.14 34.40 35.44 36.85 35.65 31.41 30.92 32.80 30.45 26.98 28.16 28.88 25.34 24.49 27.17 27.19 24.45 24.84 23.48 23.34 23.06 22.92 21.34 21.23 21.50 23.60 23.95 26.43 26.41 27.27 29.73 28.86 29.12 27.90 
36.89 37.30 36.46 36.72 38.22 37.15 38.67 38.72 38.34 36.94 34.59 34.21 31.85 31.00 27.11 25.07 21.24 19.33 16.07 14.45 13.45 12.87 12.79 13.97 13.67 14.25 11.65 10.21 8.75 8.23 5.58 0.00 5.91 7.77 9.31 11.53 13.91 16.31 20.04 23.79 27.23 29.36 34.59 34.03 37.36 39.39 39.31 34.75 33.03 29.49 27.67 23.49 21.47 19.04 18.10 16.83 14.16 16.14 17.91 18.23 17.33 16.95 18.14 20.22 21.26 24.50 25.60 27.52 28.62 32.02 33.56 34.69 37.98 37.13 35.83 33.47 33.07 30.20 29.60 27.95 27.71 27.11 27.85 28.43 27.89 27.04 26.46 26.02 26.59 27.55 28.51 31.18 31.99 34.11 33.72 34.51 32.48 30.11 29.28 28.34 26.60 25.12 24.21 23.98 24.12 23.81 24.66 26.18 25.95 23.30 21.15 20.36 20.48 20.63 21.22 24.30 25.29 27.28 29.52 31.36 32.90 34.80 35.83 34.27 35.06 36.44 35.26 31.08 31.08 32.78 30.54 27.14 28.62 29.42 25.90 24.94 27.71 27.96 24.94 25.27 23.43 23.73 23.18 22.67 20.96 21.17 21.87 23.55 24.01 25.99 27.16 27.67 28.39 29.08 29.35 28.58 
34.28 34.71 34.24 35.25 36.04 35.49 36.09 36.91 36.34 35.14 31.70 31.69 28.90 28.43 24.34 22.34 18.41 16.86 14.10 11.91 11.46 12.03 12.44 13.45 14.05 14.33 12.75 10.78 10.49 8.94 7.83 5.91 0.00 6.29 7.45 10.37 10.88 13.96 18.40 22.57 25.24 27.05 31.61 32.82 35.87 37.28 37.44 33.67 31.20 27.88 25.83 22.31 20.31 18.04 16.96 14.24 12.31 13.97 16.20 15.61 14.99 14.51 15.88 17.43 18.56 22.00 23.02 24.70 25.97 29.92 31.52 32.51 36.64 35.13 34.24 32.16 32.13 28.79 28.40 26.83 27.12 26.04 26.80 26.96 26.95 25.31 25.17 24.61 25.18 25.91 27.16 29.42 30.51 31.81 31.99 32.56 31.45 28.88 27.72 27.12 25.88 24.33 23.48 23.91 24.21 24.03 25.19 26.22 26.12 23.42 21.12 20.11 19.69 19.32 19.92 22.30 23.26 25.23 27.57 29.27 31.08 32.84 34.05 31.95 33.45 34.90 33.51 29.55 29.84 31.81 29.40 25.97 27.78 28.81 25.55 24.36 27.10 27.40 24.93 24.53 23.26 23.18 22.93 21.72 20.35 20.44 21.13 22.31 22.63 25.49 26.87 26.55 28.08 28.38 29.45 29.44 
32.75 32.89 32.53 33.45 34.18 33.62 34.76 35.78 34.70 33.19 29.99 29.87 27.10 27.16 22.51 19.79 16.06 15.28 12.72 10.55 10.54 11.82 12.80 13.53 13.98 15.38 13.57 12.08 12.34 10.75 8.91 7.77 6.29 0.00 5.67 7.49 9.70 12.32 16.57 20.24 23.52 25.59 31.20 31.22 34.31 36.16 36.75 32.93 29.83 26.18 24.54 21.57 19.31 16.20 14.51 12.27 11.14 13.49 15.36 15.44 15.12 14.24 15.02 16.54 17.67 20.86 21.78 23.55 24.68 28.49 30.32 31.44 35.44 34.04 32.84 30.38 30.52 27.23 26.84 25.22 26.05 24.88 25.70 25.74 26.10 24.88 24.40 23.49 24.51 25.06 26.43 28.37 29.80 31.36 31.28 31.48 30.11 27.27 26.76 25.69 24.64 23.05 22.95 23.20 23.86 23.51 25.17 26.32 26.30 23.25 20.96 19.35 18.54 18.26 18.56 21.19 21.96 23.72 26.03 28.07 30.17 31.90 33.04 30.94 32.19 33.86 32.76 28.15 28.49 30.63 28.62 25.09 26.86 28.09 24.80 23.85 26.66 26.95 24.32 24.31 22.64 22.67 21.95 21.03 19.66 19.48 20.44 21.15 21.94 24.52 26.27 25.48 26.50 27.84 28.77 28.75 
29.99 29.99 29.21 29.74 30.05 29.08 30.38 30.64 29.58 28.58 25.92 26.04 23.18 21.81 18.29 16.09 12.03 11.88 10.35 8.71 9.11 10.18 11.82 13.29 13.94 15.15 13.34 13.06 14.03 12.62 10.43 9.31 7.45 5.67 0.00 5.84 6.55 9.63 12.34 16.63 19.58 22.57 27.73 27.58 30.79 33.48 33.76 29.41 25.74 23.09 21.62 17.96 16.11 12.62 10.89 8.87 9.34 10.86 13.92 13.59 13.51 11.40 12.73 13.59 14.43 17.08 18.43 20.21 21.06 24.73 26.61 28.25 32.15 30.86 29.84 27.60 27.16 24.30 23.84 22.27 22.64 21.82 22.69 23.22 23.14 22.07 21.78 21.09 21.60 22.17 23.10 25.48 26.69 28.59 28.03 28.66 26.97 24.93 23.88 23.36 21.93 20.96 20.67 21.17 21.39 21.57 23.00 24.43 24.22 21.46 18.89 16.87 16.31 15.42 15.93 17.87 18.88 20.68 23.11 25.07 27.20 28.99 30.46 28.33 29.47 31.29 30.00 25.54 25.62 28.09 26.04 22.54 24.49 25.60 22.40 21.74 25.04 25.08 22.15 22.21 21.32 20.89 20.28 19.39 17.84 17.62 18.04 19.33 20.07 22.35 23.36 23.20 25.42 25.99 26.54 25.90 
29.12 28.89 27.62 28.44 28.94 27.60 28.98 29.55 28.36 26.68 24.44 25.29 22.01 19.74 16.57 15.25 11.99 11.09 10.35 10.04 10.38 11.99 13.35 15.74 16.21 17.13 15.23 14.94 15.77 15.08 13.33 11.53 10.37 7.49 5.84 0.00 5.67 7.21 11.33 14.30 17.63 19.96 25.74 26.91 29.76 32.03 32.59 28.90 25.89 22.91 21.72 17.94 14.90 11.69 11.22 10.40 9.35 12.42 15.80 15.22 14.33 11.97 12.79 13.44 14.25 16.52 17.19 19.35 20.41 23.69 25.92 27.28 31.27 30.34 29.11 26.34 25.93 23.36 23.45 21.68 22.33 21.79 23.59 23.96 23.79 22.16 21.83 20.87 21.67 21.83 22.97 25.20 26.55 28.09 28.18 28.64 26.97 24.35 23.93 23.29 22.11 21.03 21.27 21.41 22.64 22.78 24.95 25.94 26.15 23.07 20.31 17.93 16.62 15.63 15.68 17.25 17.81 19.73 22.49 24.07 26.32 28.31 29.76 27.65 28.63 30.35 29.21 25.03 25.29 27.73 26.00 22.81 24.83 26.14 22.84 22.14 25.51 25.66 22.78 22.88 21.52 21.66 20.52 19.28 17.34 17.26 17.81 19.30 19.99 22.52 23.86 22.61 24.36 25.71 26.59 26.46 
25.86 25.55 23.85 24.59 25.46 24.00 24.37 24.85 24.09 22.31 19.89 20.24 17.90 15.99 13.00 11.91 10.12 9.76 9.89 9.00 10.56 12.06 13.99 16.26 16.83 18.19 16.18 15.42 16.73 15.91 15.08 13.91 10.88 9.70 6.55 5.67 0.00 5.67 6.46 11.68 13.52 16.18 21.72 23.36 26.19 27.90 28.24 25.81 23.22 20.04 18.88 14.64 12.97 9.68 9.87 8.96 9.32 12.09 16.36 15.36 14.55 12.30 12.27 12.48 12.89 14.59 14.92 16.36 17.30 21.12 22.94 24.24 28.29 27.65 25.94 23.72 22.90 20.54 20.55 19.35 19.92 19.61 21.32 22.13 21.56 20.11 20.12 19.40 19.70 20.20 21.09 23.19 23.68 25.83 25.57 26.58 24.91 22.77 21.75 21.62 20.29 19.93 19.84 21.05 21.98 22.83 24.56 25.95 25.49 22.95 20.11 17.80 15.91 14.56 14.25 14.97 15.34 17.10 19.67 21.92 23.59 25.72 26.78 24.93 25.90 27.73 26.75 23.12 23.39 25.84 24.43 21.53 23.29 24.81 22.25 21.75 24.70 25.28 22.95 23.21 21.65 21.95 20.90 19.55 17.53 17.55 17.63 18.63 19.06 22.08 23.29 21.05 24.04 24.56 26.32 26.43 
24.82 23.88 22.08 23.14 23.70 22.03 22.38 22.84 22.30 20.17 17.58 17.22 15.09 13.21 11.20 9.39 8.33 8.83 9.24 8.88 10.58 13.90 15.43 17.67 17.94 19.78 18.17 17.16 18.02 18.33 17.14 16.31 13.96 12.32 9.63 7.21 5.67 0.00 5.66 7.13 11.44 13.24 18.28 20.09 23.41 25.67 26.13 23.13 20.65 17.44 15.68 12.25 10.98 7.67 8.39 8.38 10.45 13.92 17.43 17.54 16.31 13.87 13.28 12.88 12.95 13.54 13.90 14.74 15.23 18.74 21.07 22.37 26.39 25.69 24.22 21.63 20.83 18.58 18.76 17.73 18.64 18.77 20.42 20.59 20.52 19.61 19.55 18.52 18.92 19.57 20.57 22.36 23.45 25.41 25.19 25.76 24.43 21.99 21.32 20.49 19.66 19.35 19.85 20.80 21.94 22.58 24.80 25.68 25.59 23.10 20.51 18.16 15.91 14.26 13.70 13.90 14.43 15.85 18.78 20.87 23.14 24.79 25.85 23.91 24.83 26.83 26.10 22.30 22.38 25.01 23.80 21.06 22.69 24.53 21.81 21.72 24.32 24.99 22.59 23.30 21.19 21.54 20.65 19.54 17.50 17.03 17.28 18.13 18.71 21.55 23.25 20.86 22.53 24.10 25.54 26.32 
23.53 22.75 20.90 21.42 21.68 19.72 20.72 20.17 19.95 17.49 14.48 13.94 11.79 10.65 10.16 9.85 9.19 10.62 11.95 12.40 14.30 16.54 18.29 20.90 21.43 22.66 20.90 20.69 21.76 21.44 20.87 20.04 18.40 16.57 12.34 11.33 6.46 5.66 0.00 5.56 6.72 10.26 14.58 16.46 19.78 22.39 23.53 20.19 17.99 14.39 13.06 9.57 10.50 7.49 9.58 10.17 13.76 16.87 20.33 19.31 18.30 15.48 14.74 14.56 13.18 13.44 12.54 13.68 12.93 16.16 19.13 20.37 23.91 23.60 22.06 19.12 17.95 16.03 16.33 15.35 16.54 16.85 19.33 19.85 20.04 18.92 19.37 18.14 17.88 18.61 19.57 21.60 22.49 24.70 24.29 24.95 23.00 20.74 19.92 19.51 18.30 18.95 19.47 20.74 21.71 23.02 25.28 26.14 25.61 23.69 21.37 18.49 16.29 14.39 13.92 13.42 13.42 14.82 17.90 20.09 22.07 23.84 25.22 23.06 24.23 26.03 25.41 21.20 21.86 24.45 22.95 19.91 22.16 23.90 21.39 21.06 24.20 24.84 22.50 23.18 21.34 21.63 21.14 19.93 18.05 17.39 17.20 18.64 18.55 21.50 22.16 20.23 24.22 24.15 25.46 24.47 
23.40 22.33 19.95 20.47 21.25 19.29 19.38 18.66 18.78 15.72 11.85 11.82 10.87 9.43 9.51 10.00 10.47 12.59 13.99 15.90 17.46 20.15 20.68 22.97 24.39 26.03 24.33 23.63 26.06 25.90 23.96 23.79 22.57 20.24 16.63 14.30 11.68 7.13 5.56 0.00 6.49 6.69 11.65 13.44 16.85 19.38 20.58 17.26 14.21 11.55 10.29 7.88 8.45 6.91 10.04 12.47 15.31 19.69 21.97 21.96 21.18 18.45 17.94 16.82 15.57 14.91 13.81 13.43 12.98 15.83 18.50 19.87 23.62 22.64 21.43 18.41 16.77 15.13 15.84 15.50 16.80 17.26 19.97 20.98 21.03 20.00 20.54 19.29 19.07 19.33 20.36 21.97 22.77 24.82 24.96 25.41 23.90 21.09 20.66 20.04 19.47 19.90 20.80 21.87 23.15 24.38 26.69 27.31 27.14 24.91 22.97 19.84 17.28 15.70 14.50 14.21 13.26 14.46 17.55 19.26 21.07 23.20 25.04 23.19 23.61 25.45 25.27 21.34 21.93 25.02 24.12 21.33 23.73 25.68 23.18 22.94 25.98 26.96 24.60 25.20 23.33 23.90 23.23 21.85 19.44 19.02 18.90 19.91 20.09 21.62 22.96 21.35 23.62 24.99 26.05 26.50 
22.23 20.94 18.64 19.08 20.27 18.27 18.39 17.43 17.15 13.32 9.51 10.79 9.79 9.67 10.63 12.25 13.23 14.63 16.15 18.20 19.23 21.29 22.74 24.97 26.50 28.26 26.58 26.55 28.75 28.84 27.17 27.23 25.24 23.52 19.58 17.63 13.52 11.44 6.72 6.49 0.00 5.83 8.38 10.38 13.30 16.16 17.19 14.55 12.06 9.13 9.05 7.48 10.67 9.24 12.63 15.00 17.95 21.19 24.38 23.79 23.06 20.82 19.74 18.79 16.65 16.20 13.93 13.49 12.67 14.78 16.93 17.94 21.41 20.45 19.04 16.39 15.14 13.60 14.75 14.67 16.70 17.09 19.97 21.06 21.44 20.78 21.25 19.70 19.11 19.52 20.59 21.87 22.28 24.42 24.93 25.55 23.80 21.28 20.49 20.67 19.80 20.59 21.19 22.77 23.59 25.20 27.20 28.35 27.95 26.28 23.88 21.03 18.43 16.78 15.57 14.41 13.70 14.30 16.96 18.70 20.16 22.05 24.23 22.06 22.62 24.56 24.57 21.01 21.41 24.89 24.47 21.99 24.12 26.26 24.03 23.82 26.53 28.02 25.91 26.47 24.68 25.44 24.51 23.08 20.65 20.84 20.53 21.15 20.50 23.42 24.82 22.28 25.52 25.80 27.68 28.36 
20.84 19.23 16.55 17.62 18.34 15.55 15.42 14.61 14.46 10.39 7.42 8.62 9.24 9.50 10.47 12.62 14.58 16.96 18.22 19.84 20.90 22.78 25.36 27.04 28.48 29.45 29.27 28.69 31.11 30.44 30.29 29.36 27.05 25.59 22.57 19.96 16.18 13.24 10.26 6.69 5.83 0.00 6.05 6.74 9.82 12.96 12.84 10.58 8.90 6.81 6.74 6.33 9.56 10.46 14.66 18.00 19.45 22.78 25.74 25.03 24.58 22.04 21.00 19.73 18.02 16.66 13.96 12.63 11.93 13.32 15.04 15.99 19.52 18.34 17.07 14.44 13.98 12.75 13.78 14.25 16.69 17.46 19.84 20.76 21.07 20.25 20.70 19.57 19.22 19.74 20.65 21.77 21.64 23.87 24.30 25.00 23.59 20.72 20.61 20.38 20.45 20.74 21.72 22.95 23.85 25.02 26.73 27.52 27.51 25.51 23.50 20.47 18.39 16.99 15.12 13.98 12.98 13.45 15.56 16.79 18.34 20.33 22.15 20.44 20.99 22.79 23.10 19.74 20.88 24.30 24.04 21.79 24.24 26.17 23.94 23.92 26.56 27.52 25.56 25.85 24.57 24.63 23.68 22.58 20.56 19.94 20.17 20.41 20.56 22.74 24.65 22.37 24.11 25.62 27.13 28.44 
20.99 19.55 17.16 17.53 18.66 15.92 15.91 14.34 14.48 11.13 8.77 9.71 11.36 12.54 13.65 15.97 18.47 20.92 22.45 23.79 26.11 27.87 30.06 31.77 32.63 34.04 33.59 32.80 34.40 34.86 34.44 34.59 31.61 31.20 27.73 25.74 21.72 18.28 14.58 11.65 8.38 6.05 0.05 5.52 7.45 10.85 12.01 9.57 9.63 7.31 8.07 8.56 12.89 14.39 18.94 21.63 24.09 27.06 29.69 29.04 28.54 25.36 23.74 22.63 21.72 19.43 16.34 14.57 13.31 14.81 15.39 15.62 19.25 18.46 17.20 14.95 15.05 13.71 15.24 15.91 18.47 19.38 22.50 23.43 23.51 22.44 22.99 21.41 21.11 21.60 22.28 23.29 23.52 25.60 25.60 26.49 25.00 22.77 22.00 22.27 21.77 22.62 22.88 24.56 25.16 26.65 28.24 29.02 28.72 27.47 25.43 22.56 20.56 19.34 18.12 16.42 15.17 15.69 17.20 18.33 19.37 21.10 23.00 20.95 21.84 23.89 24.08 20.81 22.54 26.14 25.28 23.23 25.43 27.71 25.11 25.15 27.92 28.92 26.60 27.43 26.19 26.15 25.10 24.53 22.64 21.90 21.59 22.60 22.18 24.56 25.17 23.17 26.52 26.60 27.74 26.74 
