1.49 5.51 7.21 8.37 9.81 11.42 13.65 14.52 16.20 17.03 18.75 20.26 22.48 22.47 21.80 23.85 25.27 25.74 25.20 27.65 27.42 27.64 26.31 27.93 27.31 28.44 28.96 31.46 32.96 32.71 32.07 31.62 31.62 32.04 32.10 31.60 32.25 32.17 30.64 30.66 30.85 31.98 31.56 30.35 31.54 31.85 31.09 29.58 30.34 29.80 29.03 28.86 28.99 30.47 31.20 31.50 31.05 31.82 31.32 30.07 28.21 27.24 26.53 26.01 26.08 25.85 26.33 26.94 28.42 29.00 29.76 29.94 31.15 32.33 33.59 32.40 32.20 32.33 31.08 30.16 28.69 27.92 26.68 26.11 25.70 25.63 26.05 26.41 27.61 28.07 29.68 29.95 31.08 31.42 31.52 31.68 31.09 30.51 30.58 29.42 28.58 28.50 29.68 28.90 29.39 30.17 30.93 30.58 30.19 31.11 32.75 31.75 30.04 29.46 29.22 27.77 26.14 25.62 25.39 24.54 24.08 24.50 25.29 25.86 26.38 28.62 28.97 28.76 28.02 29.41 29.05 29.50 29.16 29.42 29.35 28.97 29.51 30.45 30.90 30.33 30.60 31.26 30.56 29.32 29.71 30.02 28.97 29.07 28.09 28.86 28.69 27.36 27.79 29.38 29.94 28.87 30.00 29.50 30.07 28.63 26.97 26.12 25.76 25.45 25.07 25.09 25.33 25.67 26.17 26.64 27.15 28.05 29.78 28.73 28.35 28.83 29.51 27.46 29.32 30.49 31.50 29.04 31.53 34.42 
5.51 0.23 4.17 6.86 9.12 9.23 11.54 13.44 14.80 15.12 17.16 18.69 20.92 21.09 20.40 22.39 23.64 24.19 23.89 26.45 25.97 26.25 24.73 26.87 25.93 27.01 27.41 30.36 31.56 31.23 30.29 30.15 29.97 30.77 30.36 30.26 30.52 30.75 28.58 29.34 29.29 30.81 29.74 28.86 30.13 30.53 29.29 28.04 29.12 28.57 27.32 27.71 27.55 29.42 29.71 30.31 29.53 30.39 29.80 28.43 26.19 25.35 24.77 24.46 24.38 24.15 24.57 25.45 26.89 27.59 28.28 28.67 29.67 31.05 32.22 31.20 30.71 30.98 29.65 28.86 27.41 26.43 25.20 24.74 24.45 24.00 24.69 24.98 26.53 26.73 28.56 28.88 30.08 30.17 30.12 30.68 30.24 29.23 29.25 28.10 27.38 27.03 28.50 27.66 28.44 29.15 29.87 29.58 28.99 29.98 31.42 30.86 29.02 28.46 28.03 26.63 25.12 24.43 24.31 23.48 23.15 23.48 24.28 24.85 25.41 27.88 28.10 28.10 27.30 28.67 27.85 28.54 28.31 28.36 28.28 28.01 28.96 29.63 29.97 29.33 29.93 30.43 29.54 28.49 29.13 29.38 27.83 28.23 27.04 28.03 27.50 26.29 27.07 28.69 28.81 27.40 29.33 28.17 28.96 27.46 26.20 25.09 24.64 24.38 24.06 23.92 24.27 24.96 25.62 25.99 26.23 27.12 29.44 27.74 26.69 28.35 29.69 26.69 26.46 28.59 31.28 28.95 29.71 33.38 
7.21 4.17 0.00 3.89 7.80 7.64 9.20 10.81 13.14 12.94 14.59 16.06 17.71 18.47 18.14 20.07 20.76 21.68 21.59 24.22 23.53 24.21 22.65 24.69 23.61 24.87 25.25 28.02 29.28 28.70 28.03 27.50 27.66 27.92 28.03 27.58 28.32 28.11 26.34 26.66 26.99 28.03 27.44 26.39 28.16 28.02 26.89 25.55 27.06 26.27 25.21 25.31 25.54 27.07 27.74 27.96 27.31 27.99 27.49 25.81 23.33 22.38 22.27 21.89 21.86 21.62 22.47 23.20 24.77 25.40 26.70 26.56 27.67 28.77 30.46 28.86 28.54 28.59 28.00 26.93 25.41 24.29 23.19 22.56 22.15 21.89 22.88 23.04 24.68 24.84 27.25 27.19 28.45 28.10 28.50 28.67 28.27 26.99 27.31 25.85 25.25 24.76 26.59 25.54 26.50 26.95 28.12 27.42 27.12 27.73 29.81 28.84 27.17 26.29 26.24 24.69 23.10 22.45 22.63 21.82 21.32 21.69 22.66 23.28 23.82 26.24 26.80 26.62 25.84 27.04 26.25 26.78 26.63 26.59 26.67 26.29 27.37 27.93 28.36 27.46 28.27 28.49 27.91 26.56 27.56 27.53 26.19 26.27 25.50 26.06 25.70 24.21 25.57 26.69 26.80 25.13 27.42 26.05 26.87 25.41 24.49 23.01 22.52 22.21 22.20 22.13 22.51 23.23 24.16 24.14 24.37 25.60 28.47 26.49 25.51 27.66 30.39 27.01 26.60 29.29 32.50 30.34 31.01 33.08 
8.37 6.86 3.89 0.00 5.50 7.58 8.34 9.61 11.63 12.96 14.19 15.79 17.59 18.14 17.79 20.45 21.24 21.93 21.63 24.42 23.80 24.40 22.63 24.97 23.67 25.06 25.24 28.21 29.09 28.83 27.87 27.68 27.43 28.31 28.00 27.87 28.33 28.52 26.54 27.20 27.26 28.66 27.69 26.86 28.21 28.49 27.14 26.08 27.19 26.64 25.31 25.75 25.54 27.29 27.59 28.13 27.12 27.89 27.39 26.04 23.54 22.66 22.26 22.01 21.80 21.70 22.31 23.28 24.59 25.47 26.43 26.89 27.85 29.31 30.72 29.52 29.05 29.27 28.38 27.45 26.03 24.91 23.71 23.08 22.61 22.35 23.17 23.40 24.81 25.18 27.34 27.56 28.55 28.59 28.75 29.19 28.68 27.64 27.90 26.55 25.58 25.36 27.06 26.05 26.68 27.34 28.31 27.79 26.97 28.11 30.03 29.27 27.37 26.96 26.99 25.40 23.69 23.20 23.31 22.31 21.59 21.99 23.06 23.50 23.72 26.26 26.78 26.79 25.87 27.25 26.37 26.99 26.65 26.94 26.86 26.73 27.57 28.43 28.65 27.99 28.55 29.10 28.24 27.27 28.10 28.22 26.45 26.90 25.82 26.75 26.08 25.02 26.12 27.50 27.34 25.96 27.84 26.61 27.26 25.92 25.00 23.58 22.96 22.80 22.52 22.36 22.51 23.36 24.16 24.58 24.61 25.77 28.32 26.75 25.33 27.96 30.68 26.90 25.99 27.87 33.75 29.60 30.17 32.74 
9.81 9.12 7.80 5.50 0.00 5.90 8.23 9.41 10.28 13.33 15.36 17.01 18.47 18.79 17.74 20.77 21.86 22.93 21.83 25.02 24.36 24.76 22.77 25.38 24.77 26.20 26.48 29.76 30.80 30.35 29.43 28.85 29.46 29.74 29.75 29.05 30.30 30.21 28.26 28.41 29.06 30.32 29.45 27.83 29.66 29.95 28.99 27.01 28.66 27.71 26.85 26.61 26.90 28.61 29.03 29.33 28.87 29.71 29.05 27.39 25.76 24.40 23.79 23.16 23.35 22.94 23.37 24.29 26.03 26.64 27.21 27.60 29.12 30.75 32.26 30.90 30.92 31.07 29.67 28.54 27.42 26.09 24.79 24.08 23.91 23.48 23.89 24.12 25.26 25.76 27.57 27.95 29.42 29.55 29.64 30.01 29.99 28.82 29.21 27.61 26.81 26.55 28.22 26.96 27.75 28.55 29.54 28.88 28.25 29.56 31.79 30.61 29.05 28.49 28.66 26.89 25.58 24.87 24.64 23.46 22.80 23.18 23.92 24.22 24.27 27.05 27.16 26.83 26.39 27.81 27.06 27.43 27.44 27.64 27.65 27.05 28.27 29.26 29.91 28.94 29.83 30.53 29.73 28.07 29.09 29.30 27.93 28.15 27.27 28.42 28.21 26.59 27.67 29.52 29.53 27.78 29.43 28.46 29.18 27.36 26.15 24.75 24.48 24.14 23.98 23.77 23.74 24.61 25.37 25.80 25.62 27.08 29.00 27.99 26.55 28.43 29.70 28.26 29.24 32.17 31.59 28.75 31.64 36.28 
11.42 9.23 7.64 7.58 5.90 0.00 5.83 7.09 9.16 10.37 12.32 15.04 16.53 16.89 15.44 18.54 19.25 20.79 19.71 23.38 22.34 23.12 20.97 23.54 22.61 24.17 24.29 27.87 28.88 28.33 26.98 26.54 26.69 27.46 26.97 26.72 27.59 27.87 25.54 26.15 26.42 28.14 26.84 25.53 27.23 27.73 26.23 24.63 26.14 25.56 24.04 24.46 24.44 26.72 26.88 27.39 26.89 27.74 26.89 25.13 23.13 22.17 21.27 20.91 20.92 20.71 20.96 21.99 23.81 24.51 25.19 25.53 27.15 28.76 30.25 29.08 28.92 29.10 27.24 26.43 25.25 23.95 22.35 22.05 21.75 21.42 21.99 22.24 23.66 23.82 25.87 26.08 27.70 27.54 27.51 28.03 27.93 26.71 26.89 25.52 24.51 24.43 26.05 24.87 25.72 26.59 27.54 26.94 26.45 27.64 29.81 28.99 27.36 26.71 26.48 24.95 23.81 23.15 22.77 21.66 20.98 21.34 22.03 22.26 22.50 25.15 25.20 24.97 24.27 25.81 24.61 25.52 25.40 25.72 25.39 25.28 26.29 27.54 27.81 27.21 27.93 28.72 27.57 26.18 27.15 27.41 25.61 26.41 25.22 26.58 26.01 24.64 25.76 27.71 27.35 25.64 27.83 26.37 27.05 25.45 24.26 22.85 22.32 22.32 22.32 22.12 22.14 23.09 24.01 24.37 24.06 25.47 28.10 26.41 24.66 27.64 28.61 26.10 26.53 29.36 29.54 27.81 29.46 33.77 
13.65 11.54 9.20 8.34 8.23 5.83 0.00 5.85 8.60 9.26 12.30 13.50 15.52 15.74 15.85 17.61 17.66 19.28 19.12 22.62 21.53 22.15 20.20 22.68 21.50 23.11 23.30 26.77 28.15 27.37 26.11 25.51 25.80 26.21 26.08 25.43 26.73 26.60 24.68 24.93 25.50 26.81 25.88 24.51 26.71 26.61 25.32 23.42 25.79 24.54 23.38 23.40 23.95 25.76 26.14 26.67 26.29 27.28 26.33 24.40 22.39 21.00 20.40 19.88 20.03 19.68 20.15 21.20 23.08 23.82 24.56 24.94 26.44 27.93 29.47 28.04 28.24 27.95 26.47 25.45 24.73 23.03 21.69 21.14 21.25 20.80 21.47 21.72 23.21 23.44 25.45 25.76 27.32 27.06 27.04 27.42 27.56 25.89 26.19 24.45 24.04 23.59 25.44 24.16 25.49 26.24 27.16 26.77 26.62 27.62 29.62 28.80 27.49 26.40 26.13 24.47 23.84 22.83 22.51 21.36 21.02 21.12 21.71 21.99 22.36 24.80 24.97 24.64 24.30 25.43 24.51 25.06 25.42 25.24 25.35 24.91 26.45 27.20 27.79 26.89 28.12 28.32 27.54 25.73 27.05 26.88 25.42 25.81 25.19 25.95 25.76 24.10 25.54 27.09 26.73 25.01 27.45 25.79 26.45 24.90 24.04 22.26 21.97 21.78 22.19 21.97 22.17 23.10 23.79 24.14 23.93 25.42 28.22 26.11 24.43 27.51 29.55 27.18 26.23 29.96 29.95 27.64 29.20 33.20 
14.52 13.44 10.81 9.61 9.41 7.09 5.85 0.00 6.40 8.16 9.98 11.85 13.94 15.28 14.52 17.79 17.97 19.17 19.43 22.48 21.54 22.66 20.25 22.81 21.48 23.36 23.21 27.09 28.20 27.77 26.16 25.79 25.84 26.59 25.90 25.73 26.79 26.95 24.64 25.43 25.79 27.45 25.96 25.09 26.83 27.26 25.39 24.17 25.73 25.09 23.24 23.82 23.69 26.01 26.03 26.75 26.08 27.16 26.09 24.48 22.37 21.19 20.26 20.14 20.20 20.28 20.35 21.88 23.57 24.68 24.93 25.53 26.98 28.56 29.81 28.58 28.65 28.47 26.76 25.79 25.05 23.35 21.91 21.47 21.37 20.96 21.66 21.98 23.57 23.72 25.84 26.16 27.73 27.59 27.39 27.98 27.94 26.61 26.66 25.33 24.35 24.26 25.81 24.73 25.68 26.81 27.53 27.21 26.64 28.14 30.08 29.36 27.57 26.79 26.46 24.82 23.91 23.01 22.52 21.40 20.81 21.07 21.68 22.11 22.14 25.12 24.77 24.94 24.00 25.78 24.31 25.53 25.22 25.76 25.21 25.55 26.50 27.91 27.83 27.45 28.10 28.99 27.68 26.33 27.15 27.63 25.63 26.50 25.08 26.57 26.01 24.65 25.85 27.74 27.11 25.48 27.91 26.06 26.71 24.99 24.23 22.46 21.99 21.86 22.21 22.07 21.98 22.99 23.84 24.24 24.00 25.56 28.21 26.54 24.59 28.21 29.53 27.01 26.42 29.50 29.73 26.77 28.68 32.71 
16.20 14.80 13.14 11.63 10.28 9.16 8.60 6.40 0.00 6.02 7.90 9.84 11.77 12.94 12.93 16.56 16.70 17.69 17.27 20.15 19.55 20.65 19.00 21.20 20.23 22.30 22.34 26.01 27.40 26.63 25.39 24.85 25.04 25.60 25.04 24.85 26.37 26.27 23.89 24.85 25.46 27.14 25.65 24.72 26.67 27.04 25.54 23.80 25.21 24.56 23.21 23.46 23.00 25.36 25.27 25.79 25.08 26.44 25.16 23.58 21.90 20.84 19.98 19.92 20.04 20.20 20.60 22.08 23.98 24.81 24.90 25.31 26.68 28.40 29.69 28.44 28.46 28.52 26.63 25.74 24.92 23.38 21.96 21.58 21.37 21.07 21.42 21.91 23.10 23.47 25.48 25.87 27.74 27.61 27.10 27.79 27.79 26.66 26.76 25.32 24.33 24.23 25.56 24.54 25.26 26.50 26.95 26.74 26.07 27.59 29.79 28.68 27.28 26.63 26.20 24.55 23.60 22.68 22.30 21.17 20.52 20.82 21.40 21.70 21.63 24.62 24.54 24.28 23.65 25.41 24.07 24.92 24.92 25.24 25.03 24.94 26.15 27.40 27.62 27.04 27.94 28.79 27.51 25.98 26.72 27.19 25.46 26.05 24.79 26.29 26.03 24.52 25.40 27.59 26.87 25.21 27.46 25.88 26.51 24.69 23.58 22.19 21.73 21.63 21.90 21.84 21.58 22.53 23.29 23.86 23.52 25.24 28.35 26.13 24.21 26.58 28.53 25.79 25.82 29.00 30.00 26.56 28.77 31.54 
17.03 15.12 12.94 12.96 13.33 10.37 9.26 8.16 6.02 0.00 5.01 7.14 9.46 10.52 10.45 13.21 14.23 15.03 15.28 17.89 17.83 19.08 17.95 19.78 18.72 20.43 20.88 24.67 25.77 25.15 23.62 22.89 22.83 23.66 23.05 23.23 24.16 24.56 22.42 23.36 23.86 25.90 24.55 23.66 25.16 25.85 24.08 22.44 23.26 22.79 21.14 21.78 21.10 23.82 23.30 24.30 23.55 25.16 23.76 22.09 20.02 19.43 18.54 18.32 18.51 18.77 19.47 20.91 22.80 23.79 23.87 24.47 25.55 27.52 28.62 27.68 27.24 27.31 25.14 24.49 23.33 21.75 20.40 20.19 19.90 19.73 20.29 20.72 21.94 22.09 24.16 24.51 26.27 26.31 25.47 26.44 26.15 25.20 25.18 23.73 22.77 22.80 24.09 23.12 24.10 25.36 25.59 25.71 25.14 26.73 28.32 27.95 26.27 25.65 24.80 23.49 22.53 21.81 20.92 20.08 19.25 19.51 19.96 20.52 20.29 23.25 22.97 23.10 22.11 23.85 22.36 23.77 23.51 24.01 23.61 23.89 25.07 26.41 26.42 26.44 26.87 27.81 26.24 24.86 25.50 25.94 23.79 25.00 23.20 24.67 24.28 22.99 23.68 25.84 25.11 23.64 25.70 23.85 24.55 22.99 21.77 20.36 20.24 20.55 20.95 20.69 21.04 21.82 22.59 23.21 23.01 24.75 27.32 25.65 23.53 26.28 27.19 24.33 24.68 27.45 28.49 25.47 28.18 29.82 
18.75 17.16 14.59 14.19 15.36 12.32 12.30 9.98 7.90 5.01 1.16 6.07 7.97 9.51 10.90 13.05 13.12 14.80 15.26 17.74 16.77 18.25 17.24 19.63 17.98 20.37 20.61 24.57 25.63 24.90 23.39 22.64 22.38 23.15 22.74 22.64 23.45 23.92 21.93 22.69 22.78 24.88 24.00 22.80 24.67 24.95 23.42 21.36 22.73 21.66 20.16 20.51 20.55 22.71 22.82 23.68 23.29 24.78 23.45 21.91 19.83 18.99 18.32 18.17 18.34 18.67 19.39 20.86 22.64 23.64 23.94 24.38 25.52 26.90 28.29 27.03 26.80 26.57 24.55 23.89 22.88 21.24 19.92 19.72 19.36 19.35 19.96 20.39 21.66 21.86 23.82 24.14 25.72 25.47 24.93 25.80 25.74 24.52 24.36 22.95 22.30 22.37 23.54 22.58 24.05 25.27 25.50 25.63 25.47 26.73 28.57 28.06 26.87 25.79 24.73 23.34 22.79 21.55 20.90 19.76 19.24 19.29 19.58 20.18 20.16 22.93 22.66 22.59 21.89 23.37 22.12 23.13 23.35 23.54 23.37 23.40 24.87 26.03 26.27 25.85 26.71 27.27 25.93 24.31 25.34 25.16 23.36 23.93 22.93 23.71 23.48 22.08 23.10 24.81 24.18 22.68 25.17 23.08 24.13 22.57 21.55 19.97 20.12 20.18 20.68 20.94 21.53 22.39 22.96 23.41 23.41 24.79 27.62 25.58 23.92 26.49 27.65 24.89 24.30 28.33 28.61 26.23 28.19 30.03 
20.26 18.69 16.06 15.79 17.01 15.04 13.50 11.85 9.84 7.14 6.07 0.00 6.50 8.27 8.72 11.36 12.51 14.47 15.05 17.22 16.66 17.92 16.73 19.23 18.45 20.89 20.88 24.90 26.18 25.81 24.21 23.65 23.63 24.45 23.59 23.84 24.72 24.90 22.82 23.69 24.12 26.00 24.79 23.90 25.74 26.03 24.26 22.50 23.67 22.58 20.55 21.15 20.60 22.85 22.62 23.77 22.97 24.42 23.19 21.94 19.85 18.72 18.20 18.36 18.68 19.31 20.27 21.89 23.87 25.10 25.14 25.78 26.65 28.61 29.39 28.54 28.14 28.14 25.88 25.08 24.01 22.33 20.77 20.52 20.05 19.79 20.23 20.86 22.16 22.37 24.37 25.11 26.55 26.51 25.99 27.08 27.09 25.73 25.71 24.33 23.46 23.62 24.66 23.84 25.00 26.71 26.99 27.18 26.53 28.50 30.10 29.79 27.77 26.99 26.07 24.54 23.54 22.45 21.38 20.41 19.34 19.48 19.81 20.38 20.04 23.24 22.83 23.18 22.07 24.01 22.46 24.09 23.81 24.48 24.02 24.46 25.71 27.17 27.02 26.95 27.59 28.47 26.92 25.49 26.03 26.52 24.38 25.22 23.76 24.89 24.41 23.37 24.25 26.25 25.19 23.99 25.95 24.37 24.62 23.22 22.33 21.14 20.65 20.75 20.89 21.35 21.72 22.82 23.55 24.28 23.96 26.07 29.03 27.20 24.85 27.84 29.25 26.33 25.63 29.23 31.08 28.89 28.98 30.16 
22.48 20.92 17.71 17.59 18.47 16.53 15.52 13.94 11.77 9.46 7.97 6.50 0.00 6.74 7.53 9.79 11.22 14.18 15.28 17.55 17.04 17.55 16.51 19.65 19.38 22.34 22.45 26.74 27.97 27.61 26.00 25.23 25.11 26.14 25.11 25.38 26.53 26.69 24.09 25.54 26.08 28.04 26.55 25.79 27.66 28.06 26.33 24.40 25.26 24.06 22.45 22.34 21.56 23.78 23.83 24.55 24.11 25.34 23.98 22.55 20.87 19.86 19.40 19.58 20.17 20.83 22.01 23.93 26.01 27.21 27.37 27.81 28.84 30.64 31.60 30.60 30.29 30.48 28.25 27.30 26.16 24.63 22.63 22.13 21.80 21.44 21.81 22.42 23.81 24.14 26.17 26.80 28.42 28.34 27.89 28.89 28.99 27.82 27.53 26.20 25.28 25.13 26.08 25.31 26.50 27.91 28.43 28.66 28.15 30.23 31.87 31.30 29.72 28.98 28.11 26.56 25.33 23.89 22.81 21.55 20.46 20.56 21.06 21.38 21.04 24.14 24.17 24.26 23.49 24.91 23.82 24.96 25.12 25.63 25.42 25.69 27.01 28.23 28.35 28.01 28.76 29.74 28.32 26.62 27.36 27.72 26.02 26.55 25.26 26.55 26.27 24.88 25.88 27.70 26.95 25.34 27.41 26.12 26.50 24.80 23.96 22.51 22.19 22.01 22.20 22.45 22.83 24.05 25.22 25.61 25.51 27.45 30.59 28.43 26.43 29.27 30.73 27.88 27.26 31.12 31.79 29.72 30.29 31.95 
22.47 21.09 18.47 18.14 18.79 16.89 15.74 15.28 12.94 10.52 9.51 8.27 6.74 0.00 5.39 8.00 9.09 11.74 13.23 15.76 15.75 16.41 15.71 18.35 18.61 20.58 21.47 25.51 27.01 26.41 24.87 23.99 23.57 24.46 23.47 24.06 24.90 24.98 22.64 24.29 24.80 27.04 25.87 25.20 26.89 27.68 25.86 23.80 23.98 23.06 20.99 21.10 20.04 22.57 22.02 23.37 22.62 24.27 22.62 21.17 18.99 18.28 18.24 18.56 19.00 19.83 21.33 23.36 25.28 26.54 26.68 27.35 28.12 30.22 31.11 30.14 29.46 29.63 27.37 26.68 25.21 23.82 21.90 21.82 21.23 20.91 21.21 21.69 23.00 23.23 25.09 25.60 27.17 27.47 26.81 27.82 27.66 26.79 26.59 25.20 24.24 24.20 25.20 24.59 25.63 27.33 27.67 28.09 27.74 29.66 31.00 30.69 28.67 28.07 26.92 25.56 24.39 23.07 21.70 20.78 19.56 19.58 19.78 20.44 20.05 23.29 23.04 23.42 22.10 24.15 22.68 24.35 24.09 24.86 24.55 25.09 26.24 27.56 27.43 27.44 28.17 28.92 27.10 25.75 26.32 26.87 24.50 25.62 24.35 25.80 24.92 23.81 24.60 26.69 25.57 24.22 25.87 24.59 24.97 23.40 22.31 21.08 20.71 21.19 21.43 21.93 22.46 23.67 24.49 25.18 25.03 27.26 30.17 28.32 26.35 29.21 30.40 27.46 27.07 30.73 32.26 29.58 29.82 30.82 
21.80 20.40 18.14 17.79 17.74 15.44 15.85 14.52 12.93 10.45 10.90 8.72 7.53 5.39 0.00 5.52 6.81 8.47 10.78 13.11 12.98 13.78 13.84 16.18 16.20 18.51 19.78 24.22 25.35 24.55 23.21 22.12 21.21 21.91 21.39 21.65 22.54 22.52 20.63 21.83 22.22 24.64 23.98 23.29 25.03 25.87 24.36 22.00 22.50 21.03 19.04 18.71 18.27 19.97 19.70 20.73 20.61 21.84 20.35 18.74 16.59 15.79 16.23 16.59 17.04 18.36 20.07 21.84 23.67 24.78 25.39 25.57 26.19 27.94 29.26 28.25 27.53 27.40 25.49 24.74 23.22 21.72 20.25 20.02 19.26 19.01 19.41 19.58 20.90 21.02 23.15 23.39 24.95 24.95 24.54 25.27 25.33 24.50 24.35 22.95 22.22 22.25 23.32 22.72 24.08 25.64 26.21 26.55 26.42 27.96 29.43 28.81 27.17 26.21 25.31 23.85 22.76 21.14 20.15 18.98 17.98 17.77 17.86 18.26 18.32 21.33 21.33 20.99 19.94 21.77 21.30 21.97 22.19 23.04 22.96 23.11 24.63 25.84 25.85 25.58 26.56 27.14 25.54 23.73 24.73 24.61 22.66 23.10 22.40 23.18 22.62 21.22 22.37 24.05 23.29 21.59 23.69 22.25 22.70 21.26 20.29 18.66 18.68 19.08 19.50 20.16 20.94 22.13 22.77 23.19 23.20 25.29 28.43 26.41 24.68 27.55 28.96 26.38 25.69 29.98 30.39 28.59 29.29 30.16 
23.85 22.39 20.07 20.45 20.77 18.54 17.61 17.79 16.56 13.21 13.05 11.36 9.79 8.00 5.52 0.00 5.89 8.02 9.50 12.45 13.11 14.66 14.74 18.08 17.48 20.41 21.80 25.87 27.10 26.55 25.24 23.98 22.84 23.60 23.10 23.70 24.17 24.44 22.61 24.21 24.46 26.93 26.14 25.85 27.21 27.85 26.30 24.40 24.67 22.82 20.40 20.71 19.44 21.15 20.56 22.11 21.81 22.64 21.30 19.99 18.25 17.47 18.01 18.57 19.47 20.92 22.59 24.22 26.21 27.51 27.71 28.15 28.80 30.91 31.84 31.06 30.01 30.34 27.90 27.51 26.00 24.54 22.93 22.86 22.30 21.64 21.55 22.11 23.31 23.60 25.29 25.79 27.28 27.71 26.88 27.91 27.84 27.19 26.86 25.47 24.53 24.82 25.71 25.17 26.43 28.14 28.51 29.20 28.78 30.82 31.96 31.71 29.59 28.83 27.46 26.10 24.98 23.51 22.22 21.18 19.93 19.73 19.57 20.20 19.85 22.73 22.59 22.96 21.39 23.44 22.38 24.14 23.96 24.64 24.41 25.01 26.53 27.98 27.82 28.03 28.65 29.61 27.73 26.32 26.82 27.16 24.87 26.03 24.27 25.17 24.80 23.79 24.56 26.37 25.51 24.27 26.03 24.54 25.00 23.21 22.39 21.05 20.67 21.47 21.90 22.29 22.84 24.23 24.96 25.57 25.29 27.86 30.75 29.20 26.98 29.87 31.13 28.44 27.61 31.05 32.89 30.30 30.65 30.91 
25.27 23.64 20.76 21.24 21.86 19.25 17.66 17.97 16.70 14.23 13.12 12.51 11.22 9.09 6.81 5.89 0.00 5.35 6.73 9.85 10.96 13.06 13.43 16.32 16.97 19.62 21.19 25.52 27.41 27.33 25.90 24.38 23.12 24.17 23.78 23.89 24.86 24.81 23.15 24.53 25.10 27.25 26.68 25.72 27.57 27.71 26.10 24.02 24.45 22.68 20.64 20.01 18.90 20.14 19.82 21.13 20.29 21.56 20.28 19.03 17.53 16.67 17.26 18.16 18.79 20.64 22.63 24.59 26.73 28.01 28.27 28.45 29.55 31.49 32.88 31.37 30.90 30.94 28.66 27.92 26.81 25.08 22.98 22.77 22.38 21.51 21.47 21.87 23.45 23.57 25.50 25.88 27.63 27.57 27.26 28.17 28.44 27.46 27.38 25.81 25.10 24.89 25.92 25.04 26.55 28.11 28.68 28.76 28.94 30.68 32.22 31.30 30.19 29.39 27.90 26.33 25.12 23.45 22.03 20.95 19.76 19.33 19.26 20.03 19.42 22.12 22.22 22.69 21.93 23.33 22.40 24.03 24.21 24.61 24.59 25.11 26.69 27.91 27.94 27.66 28.82 29.40 28.02 26.24 27.08 27.14 25.44 25.87 24.55 25.61 25.50 23.93 24.76 26.64 25.99 24.20 26.21 24.72 25.22 23.59 22.71 21.42 20.65 21.07 22.06 22.19 22.42 24.02 25.17 25.69 25.64 27.74 31.22 28.74 26.94 29.58 30.99 28.19 27.78 31.74 32.74 29.79 31.38 33.20 
25.74 24.19 21.68 21.93 22.93 20.79 19.28 19.17 17.69 15.03 14.80 14.47 14.18 11.74 8.47 8.02 5.35 0.00 5.18 7.70 9.96 11.59 13.33 16.11 17.21 19.96 21.16 25.39 27.56 27.44 26.23 24.37 23.27 23.97 23.16 23.32 24.16 23.93 22.20 23.89 24.52 26.85 26.27 25.53 27.54 28.00 26.30 23.88 24.03 22.56 20.13 19.99 18.35 19.86 19.10 19.98 19.70 20.34 19.08 17.82 16.41 16.23 17.17 18.16 19.17 20.70 22.86 24.80 26.82 27.91 28.60 28.89 29.79 31.84 33.21 31.85 31.00 31.14 28.80 28.00 26.58 25.03 23.44 22.92 22.12 21.28 21.39 21.53 22.79 22.64 25.00 25.22 26.89 27.35 26.98 28.15 28.10 27.16 27.09 25.51 24.58 24.60 25.54 24.85 26.38 27.99 28.51 28.99 28.89 31.10 32.28 31.54 29.96 29.11 27.71 26.11 25.06 23.54 21.95 21.07 19.82 19.11 18.91 19.26 19.06 21.84 22.49 23.09 21.70 23.68 22.67 24.60 24.38 24.96 24.90 25.45 26.83 28.06 28.13 28.43 28.91 29.67 27.59 26.07 26.89 27.32 24.79 26.02 24.65 26.24 25.26 23.90 24.98 27.25 26.09 24.60 26.39 24.72 25.31 23.47 22.56 21.13 20.59 21.44 22.53 22.57 23.06 24.38 25.55 26.29 26.49 28.53 31.55 29.85 27.65 30.29 31.58 28.81 28.56 31.72 32.71 30.50 31.90 32.74 
25.20 23.89 21.59 21.63 21.83 19.71 19.12 19.43 17.27 15.28 15.26 15.05 15.28 13.23 10.78 9.50 6.73 5.18 0.00 5.21 6.85 10.06 10.88 14.30 15.71 17.62 19.08 23.96 25.39 25.53 24.22 22.69 21.10 21.58 20.96 20.92 21.71 21.42 20.12 21.32 21.65 24.06 23.86 23.12 25.10 25.73 24.24 21.65 21.71 20.32 18.15 17.09 15.88 17.24 16.25 17.40 17.36 17.91 16.18 15.18 13.88 13.52 14.81 16.06 16.89 18.81 20.70 22.92 24.70 26.20 26.87 27.31 27.87 29.29 31.14 29.57 28.58 28.29 26.44 25.41 23.69 22.19 21.06 20.52 19.46 18.87 19.03 19.08 19.68 20.10 22.66 22.82 24.37 24.73 24.41 25.39 25.61 24.50 24.69 22.92 22.40 22.37 23.66 22.93 24.58 26.06 26.99 27.03 26.77 28.44 30.20 29.29 27.28 26.15 24.69 23.14 21.99 20.55 19.66 18.46 17.03 16.23 15.86 16.59 16.44 20.20 20.96 21.08 19.89 22.02 21.70 22.93 22.80 23.23 23.47 23.75 25.23 26.31 26.60 26.38 27.25 27.35 25.96 24.06 25.28 25.08 23.21 23.36 22.77 23.96 23.23 21.52 22.99 25.04 24.06 22.27 24.84 22.91 23.47 21.61 20.82 19.30 18.67 19.30 20.47 20.98 21.35 22.60 23.36 24.27 24.52 26.22 29.39 27.22 25.77 28.03 29.25 26.99 26.86 30.53 31.45 29.32 31.20 31.36 
27.65 26.45 24.22 24.42 25.02 23.38 22.62 22.48 20.15 17.89 17.74 17.22 17.55 15.76 13.11 12.45 9.85 7.70 5.21 0.00 6.39 8.02 10.26 13.54 15.43 18.22 19.82 24.97 26.14 26.31 25.33 23.91 21.95 22.71 22.24 22.08 22.80 22.61 21.41 22.77 22.97 25.55 25.08 24.60 26.10 26.46 24.96 22.79 22.92 21.05 18.09 17.69 16.45 17.42 16.70 18.27 18.37 18.39 16.79 15.93 14.74 14.62 15.66 17.57 17.97 20.63 22.74 24.54 26.40 27.84 28.80 29.09 29.74 31.59 33.05 31.51 30.29 30.27 28.27 27.22 25.63 24.16 22.62 22.57 21.68 20.82 20.58 20.72 22.32 22.56 24.89 25.04 26.44 27.14 26.46 27.35 27.47 26.57 26.61 24.88 24.10 24.37 25.70 25.09 26.70 28.38 28.84 29.32 28.53 30.40 31.81 30.97 28.87 27.52 26.01 24.10 22.79 21.40 20.35 19.46 17.88 16.67 16.68 17.72 17.87 21.11 22.01 23.12 21.90 23.55 22.69 24.63 24.27 24.92 24.77 25.44 26.85 28.34 28.33 28.52 29.03 29.72 28.00 26.75 27.31 27.85 25.41 26.25 24.94 26.06 25.62 24.24 25.11 27.43 26.57 25.00 26.56 24.52 25.26 23.51 22.77 21.13 20.08 21.16 21.94 22.40 22.75 24.20 25.41 26.20 26.24 27.89 30.76 29.19 27.22 29.55 31.03 28.72 28.33 31.54 33.16 31.42 31.73 31.98 
27.42 25.97 23.53 23.80 24.36 22.34 21.53 21.54 19.55 17.83 16.77 16.66 17.04 15.75 12.98 13.11 10.96 9.96 6.85 6.39 0.00 5.75 6.86 11.06 11.85 15.69 17.95 21.62 23.41 24.23 22.92 21.54 19.68 21.29 20.72 20.41 20.78 21.03 19.90 20.89 21.29 23.45 22.75 21.82 23.70 23.77 22.27 20.16 20.57 17.97 15.51 14.79 14.03 14.85 14.74 16.09 16.15 16.05 14.86 13.70 12.50 11.75 13.23 14.31 15.36 17.85 20.55 22.54 24.21 26.42 27.03 27.35 28.12 30.06 31.49 29.54 28.79 28.66 27.07 25.61 24.10 22.34 20.71 20.27 19.45 18.58 18.05 18.83 20.28 21.15 23.51 23.79 24.96 25.57 25.13 26.06 25.86 24.81 25.33 23.62 22.88 23.05 24.45 23.54 25.25 26.85 27.37 27.16 26.63 28.17 29.52 28.44 26.54 25.33 23.89 21.35 20.05 18.23 17.52 15.90 14.58 13.74 13.85 15.42 15.67 18.95 19.60 21.26 20.69 22.10 20.64 22.42 22.62 23.09 23.17 23.58 25.17 26.47 26.60 26.42 27.48 28.18 26.72 25.03 25.95 25.96 24.03 24.60 23.25 24.77 24.49 22.73 23.62 25.77 25.29 23.21 24.78 22.90 23.71 21.85 21.56 19.54 18.14 18.87 20.10 20.10 20.33 22.18 23.68 24.43 24.63 26.24 29.21 27.27 25.30 27.77 29.07 27.02 26.80 31.14 31.55 29.55 30.89 32.68 
27.64 26.25 24.21 24.40 24.76 23.12 22.15 22.66 20.65 19.08 18.25 17.92 17.55 16.41 13.78 14.66 13.06 11.59 10.06 8.02 5.75 0.00 5.68 7.65 9.99 13.14 15.22 19.66 21.34 22.29 20.91 19.43 18.20 19.85 18.66 19.10 19.35 19.45 17.71 19.49 19.65 21.98 20.94 20.33 22.26 22.41 20.45 18.32 18.59 16.15 13.83 13.27 12.81 14.94 14.58 16.00 16.43 16.84 15.23 13.86 12.14 11.64 12.21 13.70 14.85 17.45 19.95 21.98 23.66 25.32 26.28 26.43 27.51 29.38 30.80 28.92 28.02 27.75 25.90 24.67 23.07 21.45 20.07 19.60 18.19 17.17 17.46 17.89 19.59 20.02 22.86 22.76 23.91 24.70 24.30 25.21 24.87 24.04 24.30 22.70 21.67 21.96 23.55 22.85 24.46 26.13 26.43 26.40 25.75 27.47 28.43 27.05 25.13 24.44 22.52 20.49 18.95 18.07 16.13 14.90 13.94 12.59 13.24 14.94 15.93 19.35 20.52 21.35 20.59 22.19 20.81 22.59 22.38 22.78 22.90 23.44 24.65 26.07 26.30 26.39 27.09 27.59 25.85 24.53 25.15 25.68 23.25 24.47 23.13 24.86 24.01 22.73 23.47 25.93 24.91 23.32 24.91 23.09 23.58 21.96 21.34 19.71 17.75 18.68 19.62 19.75 19.58 21.47 22.79 24.09 24.34 25.91 28.83 27.05 25.22 27.82 29.48 26.86 26.86 30.35 31.67 29.65 30.55 31.31 
26.31 24.73 22.65 22.63 22.77 20.97 20.20 20.25 19.00 17.95 17.24 16.73 16.51 15.71 13.84 14.74 13.43 13.33 10.88 10.26 6.86 5.68 0.00 5.67 6.18 9.70 11.46 15.77 17.46 17.61 16.94 15.47 14.19 15.73 15.25 15.32 16.23 16.34 15.09 16.02 16.27 18.29 17.56 16.45 18.38 18.34 16.83 13.87 14.83 13.05 11.16 10.25 10.80 12.82 13.57 15.08 15.09 15.96 14.89 12.92 10.80 10.13 10.04 10.38 11.38 14.20 16.74 18.75 20.59 22.62 23.26 23.77 24.67 26.40 27.76 25.98 25.20 24.88 22.92 21.49 20.08 18.45 17.15 16.17 14.94 14.41 15.05 15.67 16.95 17.44 20.27 19.79 21.18 21.52 21.21 21.86 22.06 21.09 21.52 19.50 18.47 18.92 20.77 20.01 21.54 23.36 23.94 23.65 22.79 24.23 25.49 23.99 21.92 20.55 19.62 17.35 15.85 13.68 13.02 11.39 10.65 9.78 11.29 13.18 13.72 18.05 19.09 19.71 18.45 20.31 19.23 20.50 20.45 21.06 20.93 21.20 22.28 23.56 23.90 23.78 24.53 24.99 23.36 21.81 22.65 22.92 20.78 21.41 20.70 22.31 21.22 19.92 21.35 23.64 22.34 20.92 23.37 21.85 22.08 20.13 19.28 17.64 16.26 16.22 16.79 16.80 16.82 18.63 19.59 20.69 21.27 22.62 25.50 23.65 22.31 24.58 26.11 23.91 23.88 27.10 27.98 26.65 28.52 29.29 
27.93 26.87 24.69 24.97 25.38 23.54 22.68 22.81 21.20 19.78 19.63 19.23 19.65 18.35 16.18 18.08 16.32 16.11 14.30 13.54 11.06 7.65 5.67 0.00 5.79 7.57 9.87 14.38 16.18 16.81 16.35 15.46 14.18 15.64 16.26 16.91 17.79 17.69 16.22 17.45 17.28 19.18 18.38 17.63 18.99 18.69 17.42 14.83 15.80 13.69 11.59 11.74 12.45 15.65 16.28 18.24 18.11 18.99 18.14 16.69 13.52 12.43 12.17 12.58 13.16 15.51 18.05 20.09 22.17 24.00 25.20 24.97 26.17 28.16 29.74 27.73 26.71 26.89 24.96 23.56 21.99 20.79 19.26 18.29 17.29 16.60 17.00 17.81 19.42 20.08 22.39 22.35 23.48 23.88 23.49 24.36 24.37 23.23 23.56 21.90 20.74 21.28 23.15 22.52 23.87 25.44 26.27 25.76 24.45 25.96 27.38 25.79 23.45 22.11 21.19 18.45 16.92 14.94 14.20 12.51 12.78 12.49 13.43 15.34 17.12 21.10 21.40 22.17 21.14 22.84 21.64 23.16 23.03 23.36 23.06 23.37 24.45 25.88 26.15 26.12 26.96 27.25 25.72 24.31 25.42 25.78 23.38 24.20 23.49 24.84 23.92 22.86 23.93 26.11 25.24 24.04 26.12 24.12 24.47 22.84 21.92 19.78 18.11 18.44 18.97 18.61 18.28 20.01 21.27 22.39 22.94 23.99 26.66 25.19 23.91 25.95 27.52 25.34 25.72 28.52 29.57 27.98 29.77 30.44 
27.31 25.93 23.61 23.67 24.77 22.61 21.50 21.48 20.23 18.72 17.98 18.45 19.38 18.61 16.20 17.48 16.97 17.21 15.71 15.43 11.85 9.99 6.18 5.79 0.00 5.33 6.02 9.82 12.05 12.89 12.13 11.38 10.95 13.08 13.82 14.22 15.58 15.75 14.90 15.45 15.25 17.12 16.82 15.42 16.74 16.51 15.50 13.35 14.73 12.69 11.14 11.69 12.75 15.29 16.19 18.25 17.88 19.18 18.22 16.78 13.90 12.21 11.50 12.13 12.05 13.92 16.06 18.16 20.22 22.49 23.24 23.37 24.26 26.53 28.07 26.08 25.05 25.46 24.05 22.38 20.64 19.23 17.89 16.87 15.78 15.28 15.40 16.69 18.19 18.67 21.18 21.33 22.42 22.51 22.27 23.11 23.25 21.84 22.23 20.52 19.59 20.04 22.12 21.32 22.53 24.33 25.07 24.29 22.85 24.13 25.52 23.92 21.41 20.05 18.78 15.82 14.15 12.25 11.73 10.61 10.97 11.70 12.15 14.12 16.43 20.32 20.26 21.04 20.32 22.07 20.55 22.06 21.86 22.19 21.74 21.79 22.81 24.30 24.53 24.53 25.62 26.24 24.50 23.18 24.23 24.67 22.29 23.26 22.26 23.69 22.74 21.34 22.27 24.87 24.10 22.80 24.76 23.23 23.82 22.16 21.04 18.88 17.46 17.51 17.89 16.97 16.78 18.59 19.86 20.48 20.89 22.42 25.35 23.53 22.24 24.36 26.06 24.24 24.18 27.34 29.04 27.28 28.44 30.52 
28.44 27.01 24.87 25.06 26.20 24.17 23.11 23.36 22.30 20.43 20.37 20.89 22.34 20.58 18.51 20.41 19.62 19.96 17.62 18.22 15.69 13.14 9.70 7.57 5.33 0.00 5.43 7.99 10.75 12.38 11.81 10.88 10.97 13.36 14.42 14.75 16.62 16.86 15.63 17.19 16.43 17.82 16.70 15.92 17.23 16.87 15.74 13.97 15.53 13.87 13.06 14.21 14.95 18.94 19.53 21.11 20.85 22.34 21.19 19.70 16.77 15.00 13.64 13.59 13.83 14.97 17.09 19.40 21.22 22.99 24.24 24.32 25.41 27.46 28.90 27.19 26.48 26.64 24.87 23.58 22.24 20.79 19.50 18.63 17.43 16.65 17.13 18.08 19.58 20.08 22.20 22.25 23.44 23.69 23.18 24.02 23.99 22.60 23.23 21.70 20.61 21.14 23.07 22.36 23.56 24.87 25.41 24.79 23.61 24.83 25.83 24.23 22.19 20.54 19.34 16.71 15.85 13.94 13.34 11.94 13.18 13.31 14.94 17.42 18.64 22.26 22.24 23.17 22.22 24.02 22.60 23.96 23.36 23.51 23.38 23.51 24.24 25.76 26.18 26.22 27.00 27.52 25.84 24.41 25.38 25.88 23.73 24.61 23.70 25.05 24.16 22.78 23.77 26.10 25.25 24.01 26.31 24.47 24.88 23.58 22.71 20.82 19.16 19.41 19.43 18.57 18.03 19.67 20.99 21.61 22.02 23.41 26.11 24.44 22.94 25.28 26.97 24.91 25.30 27.67 28.75 27.47 29.48 30.94 
28.96 27.41 25.25 25.24 26.48 24.29 23.30 23.21 22.34 20.88 20.61 20.88 22.45 21.47 19.78 21.80 21.19 21.16 19.08 19.82 17.95 15.22 11.46 9.87 6.02 5.43 0.16 5.60 7.51 9.12 9.86 9.59 9.95 12.38 13.26 13.83 15.72 16.60 15.34 16.92 16.58 17.52 16.09 14.64 16.09 15.73 14.77 13.19 15.32 14.59 14.12 15.45 15.74 19.90 20.05 21.92 21.59 23.17 21.52 20.06 17.74 15.96 13.94 13.26 13.37 14.41 15.86 17.68 19.72 21.94 23.20 23.83 24.86 26.66 28.02 26.55 26.05 26.16 24.01 23.04 21.85 20.45 19.06 18.25 17.09 16.38 17.24 17.87 19.16 19.39 21.70 21.28 22.40 22.60 22.45 23.15 23.56 22.40 23.10 21.19 20.39 20.80 22.56 21.58 22.83 24.06 24.41 23.72 22.83 23.66 24.57 23.26 21.21 19.15 17.47 15.56 14.89 13.68 13.05 11.47 12.12 13.33 15.99 17.67 18.15 22.12 22.64 23.28 22.27 24.32 22.66 23.88 23.45 23.78 23.34 23.37 24.19 25.66 26.13 25.82 26.66 27.07 25.41 23.88 24.83 25.23 23.14 23.85 23.23 24.53 23.28 21.80 23.21 25.49 24.36 23.34 26.05 24.43 24.60 23.30 22.47 20.61 18.95 19.18 19.28 18.36 17.65 19.16 20.01 20.73 20.80 22.39 25.16 23.24 21.88 24.19 25.77 23.90 23.74 26.52 28.04 26.58 28.50 29.75 
31.46 30.36 28.02 28.21 29.76 27.87 26.77 27.09 26.01 24.67 24.57 24.90 26.74 25.51 24.22 25.87 25.52 25.39 23.96 24.97 21.62 19.66 15.77 14.38 9.82 7.99 5.60 0.47 6.30 8.06 10.01 11.20 12.63 14.17 15.63 17.04 18.76 19.97 18.75 20.56 19.61 20.58 19.63 18.04 18.45 18.08 18.26 17.39 19.12 18.86 18.62 20.66 20.89 24.61 24.84 26.58 26.57 27.98 26.66 25.12 22.74 21.23 18.87 17.87 17.28 18.33 19.18 20.37 22.95 25.49 26.68 27.14 27.86 30.24 31.37 30.09 28.99 29.63 27.69 26.72 25.50 24.35 23.32 22.22 21.02 20.25 20.82 21.18 22.49 22.84 25.19 24.56 25.29 25.94 25.90 27.05 27.25 26.29 26.68 25.19 24.42 24.67 26.20 25.30 26.54 27.82 27.91 27.51 25.84 27.27 28.03 26.59 24.49 22.60 21.22 19.04 18.46 17.55 17.42 16.79 17.11 19.09 20.82 22.47 23.03 26.83 26.89 27.78 26.90 28.85 27.09 28.24 27.78 28.03 27.36 27.39 28.17 29.86 29.96 29.78 30.21 30.93 28.98 27.65 28.57 29.20 26.75 27.72 27.01 28.06 26.97 25.59 26.87 29.05 28.03 27.17 29.35 27.62 28.04 27.03 26.13 24.40 22.92 23.12 22.80 21.86 21.30 22.68 23.36 24.18 24.57 25.45 27.67 26.48 25.00 26.86 28.11 26.17 26.63 28.73 29.40 28.22 29.84 31.11 
32.96 31.56 29.28 29.09 30.80 28.88 28.15 28.20 27.40 25.77 25.63 26.18 27.97 27.01 25.35 27.10 27.41 27.56 25.39 26.14 23.41 21.34 17.46 16.18 12.05 10.75 7.51 6.30 0.00 5.93 8.22 9.90 11.99 15.00 16.56 17.55 19.19 20.37 19.22 21.17 20.16 21.97 20.85 19.74 20.32 20.03 20.19 19.54 21.55 21.26 20.58 22.42 22.20 25.38 25.79 27.78 27.59 29.25 28.04 26.40 24.04 22.59 20.96 19.90 18.91 19.14 19.80 21.39 23.35 26.10 27.24 27.74 28.57 30.56 32.25 30.32 29.79 30.18 28.72 27.84 26.30 25.24 24.17 23.13 22.05 21.32 21.78 22.13 23.24 23.60 25.90 25.32 26.24 26.73 26.46 27.47 28.08 27.04 27.27 26.02 25.27 25.51 26.90 25.87 27.27 28.59 29.19 28.09 26.30 27.43 29.07 27.26 24.83 23.38 22.22 20.10 19.05 18.50 18.74 18.79 19.39 21.00 22.35 23.84 24.28 28.12 28.16 29.13 28.34 30.09 28.10 29.30 28.58 28.69 28.41 28.20 29.38 30.63 30.84 30.29 30.97 31.62 30.12 28.38 29.87 29.88 27.70 28.67 27.55 28.59 27.56 26.18 27.72 29.47 28.67 27.62 30.01 28.53 29.29 27.97 26.85 25.35 24.05 23.88 23.39 22.65 22.17 23.47 23.95 24.74 25.15 25.84 28.35 26.97 25.86 27.26 28.11 26.47 26.94 29.12 29.98 27.84 30.31 31.81 
32.71 31.23 28.70 28.83 30.35 28.33 27.37 27.77 26.63 25.15 24.90 25.81 27.61 26.41 24.55 26.55 27.33 27.44 25.53 26.31 24.23 22.29 17.61 16.81 12.89 12.38 9.12 8.06 5.93 0.00 5.84 7.17 9.04 12.04 14.71 16.22 17.51 18.81 18.22 20.44 19.83 21.18 19.92 19.21 20.52 20.00 19.73 19.27 21.30 20.64 19.98 21.74 21.78 25.02 25.60 27.35 27.28 28.66 27.58 26.28 24.22 22.61 20.97 19.90 18.89 18.77 19.78 21.19 23.26 25.28 26.40 26.96 27.98 30.12 31.17 30.11 29.19 29.92 28.02 27.33 25.79 24.76 23.82 22.96 21.91 21.19 21.57 22.16 23.56 23.51 25.25 25.03 26.23 26.60 25.84 27.37 27.86 26.80 26.78 25.60 24.93 25.19 26.49 25.65 26.93 28.03 28.19 27.21 25.61 26.84 27.74 25.94 23.68 22.16 21.30 19.35 18.79 18.30 19.11 18.67 19.54 21.06 22.59 24.17 24.38 28.03 28.16 28.81 27.86 29.63 27.91 29.29 28.52 28.66 28.14 28.15 28.90 30.29 30.32 30.19 30.91 31.58 29.67 28.36 29.28 29.66 27.22 28.48 27.45 28.37 27.40 26.10 27.28 29.50 28.57 27.43 29.78 28.39 28.83 27.52 26.54 25.24 23.75 23.52 23.39 22.79 22.14 23.21 23.86 24.75 24.84 25.66 28.08 26.92 25.35 27.29 28.21 26.48 27.22 29.56 29.88 28.79 30.01 31.56 
32.07 30.29 28.03 27.87 29.43 26.98 26.11 26.16 25.39 23.62 23.39 24.21 26.00 24.87 23.21 25.24 25.90 26.23 24.22 25.33 22.92 20.91 16.94 16.35 12.13 11.81 9.86 10.01 8.22 5.84 0.00 5.46 7.20 9.73 12.01 14.38 16.12 17.06 16.40 19.18 18.71 20.18 18.72 18.03 19.44 19.11 18.37 17.91 19.84 19.66 18.36 19.96 20.20 24.04 24.55 26.08 26.48 27.88 26.54 25.30 23.44 21.57 19.76 18.61 17.84 18.00 18.84 20.20 21.68 23.73 24.57 25.33 26.63 28.29 29.72 28.36 28.07 28.34 26.62 25.75 24.14 23.39 22.19 21.56 20.75 20.13 20.54 21.30 22.53 22.60 24.23 23.68 24.83 24.75 24.61 25.59 26.37 25.23 25.48 24.12 23.73 23.67 25.04 24.14 25.53 26.23 26.10 25.08 24.37 24.74 25.23 23.92 22.05 20.59 19.60 18.24 18.00 18.00 18.61 18.49 18.85 20.69 22.50 23.96 23.85 27.41 27.28 27.54 26.47 28.15 26.43 27.76 27.19 27.42 26.71 26.84 27.49 28.77 28.84 28.62 29.64 30.00 28.14 26.71 27.79 27.82 25.66 26.79 26.02 27.04 25.75 24.45 25.76 27.81 26.98 26.02 28.73 27.19 27.26 26.09 25.61 23.86 22.18 22.09 22.15 21.69 21.15 22.09 22.44 23.32 23.60 24.40 26.63 24.85 23.79 25.80 26.67 25.24 25.18 28.14 29.21 27.86 29.33 29.91 
31.62 30.15 27.50 27.68 28.85 26.54 25.51 25.79 24.85 22.89 22.64 23.65 25.23 23.99 22.12 23.98 24.38 24.37 22.69 23.91 21.54 19.43 15.47 15.46 11.38 10.88 9.59 11.20 9.90 7.17 5.46 0.00 5.10 6.94 9.29 11.88 13.74 15.32 14.29 17.21 17.17 18.95 17.60 17.09 18.29 18.24 18.11 17.36 19.44 19.21 18.18 19.70 20.12 23.72 23.91 25.85 25.51 27.14 25.70 24.48 22.23 20.56 18.61 17.13 16.37 16.50 17.04 18.21 20.09 21.98 22.99 23.56 24.78 26.88 28.32 26.89 26.49 26.62 25.04 24.15 22.83 21.58 20.67 19.89 19.17 18.36 19.12 19.48 21.18 21.38 23.52 22.97 23.84 24.32 24.11 24.95 25.32 24.40 24.46 23.02 22.76 22.66 23.91 22.72 24.23 24.69 25.10 23.56 22.74 23.08 24.04 22.14 20.05 18.58 17.52 16.09 15.95 16.12 17.03 17.28 18.15 19.93 21.71 23.39 23.77 27.27 26.77 27.13 26.21 27.75 26.21 27.15 26.78 26.87 26.36 26.24 27.14 28.22 28.28 27.99 29.01 29.15 27.34 25.88 26.97 27.23 25.01 25.86 25.17 26.03 25.01 23.57 24.99 26.88 26.20 24.83 27.43 25.69 26.04 24.48 23.71 21.98 20.52 20.43 20.63 20.02 19.61 20.42 21.01 21.94 22.29 22.90 25.52 24.24 23.01 24.86 25.84 23.97 24.59 27.71 28.06 26.83 27.92 29.31 
31.62 29.97 27.66 27.43 29.46 26.69 25.80 25.84 25.04 22.83 22.38 23.63 25.11 23.57 21.21 22.84 23.12 23.27 21.10 21.95 19.68 18.20 14.19 14.18 10.95 10.97 9.95 12.63 11.99 9.04 7.20 5.10 0.00 5.68 7.19 9.07 10.83 13.08 12.62 15.11 15.51 17.87 16.95 16.51 18.02 18.97 18.65 17.76 19.88 19.50 18.72 19.75 19.47 22.75 23.71 25.39 25.36 26.64 25.88 24.17 22.22 20.38 18.85 17.48 16.87 16.22 16.73 17.79 19.10 21.05 21.90 22.42 23.40 25.56 27.31 25.76 25.12 25.46 23.98 23.21 22.00 20.63 19.68 18.91 18.54 18.00 18.31 19.13 20.59 21.35 23.67 23.27 24.19 24.63 24.28 24.69 25.10 24.22 24.28 22.88 22.32 22.25 23.36 22.22 23.08 24.37 24.53 23.20 21.75 22.56 23.69 21.33 18.72 17.22 16.47 14.78 14.97 14.90 15.72 16.53 17.72 18.95 20.80 22.72 23.69 27.21 26.75 26.86 26.23 28.09 26.10 26.94 26.56 26.81 26.03 26.01 26.87 28.16 28.14 27.64 28.60 29.11 27.23 25.45 26.40 26.94 24.90 25.48 24.66 25.71 24.69 23.26 24.31 26.52 25.82 24.23 26.57 25.37 25.62 23.77 22.78 21.13 20.07 19.35 19.89 19.11 18.64 19.24 20.24 20.95 21.19 22.30 25.43 23.71 22.52 24.34 25.13 23.73 24.07 27.14 28.08 26.02 27.69 29.80 
32.04 30.77 27.92 28.31 29.74 27.46 26.21 26.59 25.60 23.66 23.15 24.45 26.14 24.46 21.91 23.60 24.17 23.97 21.58 22.71 21.29 19.85 15.73 15.64 13.08 13.36 12.38 14.17 15.00 12.04 9.73 6.94 5.68 0.00 5.99 7.34 10.21 11.92 12.32 14.93 15.32 17.54 17.03 16.07 18.50 19.60 19.40 18.55 20.44 20.08 19.43 20.36 20.08 23.49 24.38 26.44 25.67 26.96 25.87 24.91 22.69 21.03 19.23 18.60 17.30 17.10 17.84 18.92 20.35 22.37 22.92 23.73 24.86 27.03 28.19 26.89 26.08 26.42 24.54 23.79 22.11 21.39 20.17 19.84 19.38 19.02 19.41 20.10 22.03 22.52 24.90 24.66 25.89 26.23 25.10 26.16 25.93 25.09 24.90 23.33 22.57 22.57 23.84 22.24 23.36 24.67 24.94 23.57 22.36 23.49 24.05 21.75 19.11 17.25 16.12 14.75 15.36 15.68 16.44 17.20 18.07 19.68 22.00 23.74 24.57 27.95 27.67 28.29 27.39 29.04 27.08 27.94 27.77 27.91 26.97 26.84 27.99 29.26 29.06 28.62 29.61 30.17 28.10 26.30 27.23 27.72 25.41 26.04 25.15 26.33 25.62 24.03 25.23 27.52 26.89 25.42 27.60 25.82 26.20 24.38 23.36 21.69 20.10 19.78 19.68 18.96 18.64 19.31 19.92 20.86 21.33 22.38 25.44 23.39 22.87 24.73 25.89 23.85 25.06 28.08 28.03 26.80 28.65 30.49 
32.10 30.36 28.03 28.00 29.75 26.97 26.08 25.90 25.04 23.05 22.74 23.59 25.11 23.47 21.39 23.10 23.78 23.16 20.96 22.24 20.72 18.66 15.25 16.26 13.82 14.42 13.26 15.63 16.56 14.71 12.01 9.29 7.19 5.99 0.00 5.27 7.36 10.06 9.96 12.92 13.50 15.70 15.38 14.57 17.18 18.32 18.20 17.05 19.14 19.14 18.27 19.45 19.27 23.14 24.07 25.65 25.70 26.54 25.51 24.19 22.24 20.36 19.03 17.94 16.83 16.81 17.71 18.63 19.58 21.70 22.33 23.52 24.70 26.62 27.79 26.41 25.67 25.64 23.61 22.63 21.07 19.84 18.58 17.79 17.98 18.19 18.80 19.95 21.63 22.33 24.81 24.82 25.97 25.86 24.92 25.84 26.02 24.45 24.46 22.64 21.91 21.76 22.94 21.04 22.35 23.51 23.70 22.59 21.97 22.75 23.44 20.88 18.38 16.19 15.13 13.40 13.75 14.34 15.71 16.00 17.10 19.20 21.53 23.39 23.66 27.20 27.26 27.65 27.01 28.31 26.35 27.40 27.23 27.19 26.30 26.28 27.30 28.50 28.44 27.90 29.04 29.25 27.37 25.57 26.74 26.69 24.39 25.01 24.33 25.61 24.70 23.18 24.42 26.83 26.13 24.88 27.66 25.45 25.60 23.71 22.83 20.64 18.78 18.25 18.01 17.03 16.62 17.68 18.08 18.94 19.83 21.03 23.83 22.13 21.49 23.36 24.08 22.57 23.08 26.30 26.96 25.58 27.55 28.89 
31.60 30.26 27.58 27.87 29.05 26.72 25.43 25.73 24.85 23.23 22.64 23.84 25.38 24.06 21.65 23.70 23.89 23.32 20.92 22.08 20.41 19.10 15.32 16.91 14.22 14.75 13.83 17.04 17.55 16.22 14.38 11.88 9.07 7.34 5.27 0.00 5.38 7.24 8.02 11.17 11.77 13.60 12.92 13.16 15.69 17.25 16.90 16.27 18.84 19.07 18.02 19.49 19.67 23.34 23.74 26.05 25.71 26.97 25.40 24.22 22.12 20.53 18.51 17.81 16.83 16.54 17.13 17.99 18.95 21.02 21.83 22.58 23.56 25.92 27.17 25.79 24.40 24.77 22.41 21.63 19.68 18.81 17.13 16.28 16.53 17.31 18.29 18.93 20.84 21.65 24.45 24.30 25.63 25.65 24.85 25.90 25.70 24.12 23.72 21.84 21.11 20.85 21.93 20.32 21.83 22.76 23.13 22.12 21.33 22.45 23.13 21.01 18.03 15.85 14.49 12.49 11.73 12.74 13.98 14.55 15.70 17.95 20.42 22.07 23.07 26.53 26.58 26.96 26.24 27.97 25.96 26.87 26.55 26.75 26.11 25.79 26.88 28.26 28.16 28.13 28.57 29.28 27.03 25.40 26.11 26.42 24.14 24.85 23.67 24.95 24.36 22.55 23.94 26.59 25.88 24.44 26.73 25.06 25.24 23.28 22.08 20.29 17.96 17.31 16.96 15.67 14.93 15.52 16.62 17.93 18.36 19.17 22.85 21.04 20.00 21.69 23.49 21.60 22.46 25.67 25.69 24.91 26.77 28.98 
