1.69 5.59 5.47 7.57 8.86 9.82 10.61 11.88 13.33 14.04 15.22 17.36 18.62 20.60 21.84 23.74 23.89 24.72 25.79 25.97 23.55 23.47 22.24 22.42 21.26 20.55 20.64 21.39 21.31 21.25 22.08 22.67 22.07 22.11 21.95 22.04 22.34 22.47 21.97 22.01 22.97 23.82 22.85 23.08 23.46 23.77 23.01 23.17 24.26 25.00 26.58 27.14 26.85 27.90 28.39 28.25 27.61 26.48 26.26 25.98 24.95 24.48 25.24 24.67 23.99 24.17 25.29 24.72 24.56 26.10 27.09 26.73 26.90 27.80 27.50 28.10 28.80 28.37 27.93 28.30 27.85 28.25 27.65 26.32 25.95 25.83 26.37 24.53 23.14 22.85 22.18 22.15 21.43 20.83 19.97 20.34 19.98 19.64 19.23 18.56 18.23 18.59 20.43 19.81 20.10 21.56 24.26 25.15 
5.59 0.94 3.44 5.38 7.66 7.89 8.95 11.00 11.65 12.03 13.71 15.66 17.46 18.35 20.66 22.26 22.85 23.48 25.01 25.18 22.24 22.36 20.89 21.33 19.90 19.20 19.47 20.60 20.50 20.42 21.43 21.84 21.21 21.18 21.31 21.15 21.36 21.59 21.30 20.65 22.01 22.84 21.94 21.67 22.60 22.93 22.41 22.05 23.25 23.89 26.33 26.44 26.03 27.01 27.89 27.90 27.07 25.98 25.92 25.26 24.21 23.42 24.53 23.62 22.75 22.89 24.78 23.51 23.15 24.81 26.52 25.73 25.48 26.69 26.37 27.16 27.88 26.96 26.62 27.34 27.14 27.14 26.58 24.79 25.06 24.56 25.70 23.40 22.42 21.85 21.80 21.07 20.29 19.41 18.96 18.83 18.54 17.67 18.16 17.22 17.25 16.76 19.45 18.57 18.68 20.84 23.29 24.70 
5.47 3.44 0.31 3.38 5.85 6.09 7.30 8.70 9.64 9.50 11.45 12.99 14.34 15.40 17.40 19.65 19.74 19.87 21.51 22.12 19.48 19.56 18.67 19.18 17.44 16.58 18.05 19.08 18.43 18.27 20.20 20.38 18.56 18.59 19.20 18.79 18.65 19.10 19.16 18.67 19.46 20.94 19.72 19.71 20.14 21.31 20.44 20.34 21.24 22.17 24.49 24.74 24.18 25.21 26.21 25.99 25.16 23.97 23.87 22.94 21.74 21.11 22.39 21.28 20.15 20.43 22.10 20.97 20.33 22.66 24.18 23.23 23.08 24.21 23.92 24.43 25.39 24.04 23.84 24.54 24.66 24.20 23.70 21.93 22.62 22.03 23.15 21.34 20.43 19.67 18.89 18.74 17.76 16.95 16.39 16.54 15.90 15.87 16.34 15.51 14.60 15.29 16.69 16.29 18.19 19.95 22.05 21.82 
7.57 5.38 3.38 0.40 4.76 6.50 6.48 7.93 9.54 10.33 11.29 12.79 14.29 15.08 17.02 19.11 19.58 19.38 21.11 21.70 19.06 19.11 18.59 18.82 16.98 16.12 18.50 19.22 18.00 18.01 20.42 20.61 18.76 18.72 19.34 19.22 19.16 19.47 19.56 19.12 20.11 21.16 20.46 20.14 20.64 21.38 20.69 20.75 21.83 22.65 24.49 24.99 24.73 25.62 26.29 26.25 25.20 23.87 24.03 23.06 21.59 21.24 22.34 21.20 19.97 20.43 21.78 20.72 20.54 22.82 23.95 23.61 23.82 24.98 24.18 25.13 25.77 24.66 24.32 25.23 25.12 25.00 24.11 22.88 23.28 22.52 23.04 21.93 21.02 20.02 18.90 18.94 18.49 17.67 16.68 16.35 15.90 15.73 16.20 14.61 15.43 14.77 17.06 16.63 18.22 19.37 21.09 23.62 
8.86 7.66 5.85 4.76 0.84 5.42 6.15 6.35 7.66 9.27 10.67 11.90 13.16 15.32 15.86 18.86 18.50 19.39 21.15 21.58 18.38 18.25 17.05 17.91 16.52 15.14 16.71 17.98 17.40 17.71 19.47 20.07 19.35 19.51 19.31 19.01 19.60 19.74 18.71 18.68 19.72 20.65 19.36 19.01 19.74 20.21 19.34 19.27 20.57 21.15 23.25 23.97 23.28 24.31 25.54 25.41 24.21 22.83 23.66 22.79 21.25 20.47 22.33 21.12 19.94 20.17 22.12 21.05 20.89 22.91 24.02 23.72 24.08 25.06 24.03 24.96 25.91 24.88 24.16 24.97 25.14 25.33 24.64 22.96 22.63 22.45 23.41 21.68 20.59 20.15 19.36 19.10 18.21 17.24 16.21 16.36 16.33 15.43 15.77 15.35 15.66 15.74 17.85 16.99 16.47 17.78 21.31 23.63 
9.82 7.89 6.09 6.50 5.42 0.00 5.29 6.97 6.31 6.82 8.94 10.50 11.34 13.30 14.43 16.35 16.26 17.35 19.47 20.15 15.87 16.19 14.59 15.66 14.51 13.11 14.50 16.18 16.02 16.64 18.03 18.52 17.83 18.11 17.30 17.28 17.58 18.03 16.44 16.47 17.52 18.95 17.03 17.39 17.50 18.52 17.34 17.26 18.46 19.11 21.77 22.56 21.40 22.66 23.84 24.22 22.69 21.35 21.77 21.25 19.57 18.53 20.04 19.49 17.83 17.74 20.10 19.23 18.68 21.13 22.35 22.00 21.56 22.97 21.64 23.01 23.86 22.69 21.67 23.21 23.23 23.53 22.67 20.96 21.06 20.98 22.43 19.90 19.11 18.58 18.32 17.67 16.69 15.67 14.95 15.21 14.74 13.46 13.98 14.38 14.18 14.64 16.83 16.17 14.72 18.18 20.54 22.69 
10.61 8.95 7.30 6.48 6.15 5.29 0.03 5.06 6.72 5.69 6.95 9.04 10.41 11.60 12.50 15.20 14.99 15.24 17.73 18.82 14.78 14.94 13.84 15.40 14.26 11.95 14.07 16.16 15.01 14.69 17.26 17.94 16.51 15.90 15.90 15.76 16.01 15.75 14.96 15.37 16.06 17.28 15.66 15.69 16.22 17.28 16.34 16.19 17.24 17.87 20.84 21.28 20.31 21.55 23.24 23.19 22.23 20.56 21.25 20.49 19.06 17.60 19.45 18.59 17.44 16.87 19.18 18.15 17.74 19.92 21.24 20.53 20.37 21.39 20.52 21.50 22.55 20.95 20.17 21.61 22.17 22.10 21.12 19.28 20.03 20.12 21.49 19.51 18.74 18.08 17.76 17.20 16.01 15.00 14.50 14.92 13.84 12.87 14.34 13.86 12.80 13.36 15.57 15.73 14.55 16.29 20.16 20.84 
11.88 11.00 8.70 7.93 6.35 6.97 5.06 0.00 5.51 6.58 6.22 7.12 9.20 9.88 10.78 13.44 14.26 13.51 15.91 17.20 13.30 13.73 12.86 14.32 12.56 10.65 13.61 16.03 14.14 14.20 17.03 17.99 16.05 15.83 15.72 15.88 16.01 15.73 15.13 15.17 15.94 17.50 16.05 16.43 16.30 17.50 16.27 16.77 17.62 18.79 20.75 21.73 20.51 22.09 23.10 23.41 21.82 20.95 21.20 20.50 18.95 18.45 19.49 19.25 17.83 18.15 19.14 18.47 18.68 20.87 21.79 21.71 21.56 22.66 21.53 22.79 23.52 22.09 21.58 22.72 23.15 23.20 22.19 20.75 21.15 20.90 22.15 20.49 19.77 18.85 18.42 18.26 17.24 16.16 15.30 15.29 14.30 13.95 14.20 14.07 14.22 14.74 16.53 17.05 15.14 18.25 19.66 22.39 
13.33 11.65 9.64 9.54 7.66 6.31 6.72 5.51 0.85 5.68 7.34 6.67 8.10 9.94 10.06 12.92 13.65 13.19 15.01 16.46 13.72 13.68 12.23 13.76 13.44 12.13 14.21 15.66 15.12 15.35 17.68 17.46 16.76 16.86 16.30 15.73 16.46 15.87 14.25 14.80 16.02 16.68 15.68 16.34 16.19 16.97 15.87 16.64 17.84 17.93 20.45 21.52 20.29 21.65 22.91 23.07 22.09 21.01 21.55 20.75 19.47 18.63 19.87 19.05 18.51 18.45 19.61 18.76 19.37 21.60 22.13 22.20 22.66 23.72 22.31 23.52 24.57 23.12 22.32 23.64 23.75 23.86 23.16 21.79 21.67 21.24 22.94 21.70 20.59 20.09 19.77 19.44 18.31 17.14 16.16 15.89 15.73 14.46 14.64 14.54 14.78 14.91 16.27 15.52 16.47 18.64 21.19 22.83 
14.04 12.03 9.50 10.33 9.27 6.82 5.69 6.58 5.68 0.00 5.10 6.91 6.51 7.31 8.22 11.10 11.69 12.36 14.28 15.76 12.35 13.43 10.93 13.13 12.27 11.55 13.07 14.66 13.93 14.37 15.81 15.64 15.28 15.20 13.37 13.39 14.05 13.51 11.47 12.77 13.62 14.35 12.60 13.89 14.16 15.28 14.95 15.40 16.77 16.64 19.76 21.10 19.32 21.09 22.33 22.60 21.45 20.39 21.15 20.28 18.73 17.69 19.22 18.57 17.31 17.40 19.59 18.55 18.47 20.90 21.92 21.80 21.73 23.16 21.41 22.77 23.71 22.13 21.19 23.02 22.99 23.56 22.37 20.81 21.02 20.97 22.62 20.90 19.92 19.71 19.33 18.85 17.35 15.98 15.37 15.29 14.55 13.44 14.24 14.03 14.09 14.13 16.70 16.03 16.88 18.57 21.53 22.25 
15.22 13.71 11.45 11.29 10.67 8.94 6.95 6.22 7.34 5.10 0.49 5.77 7.41 6.79 7.10 10.47 10.56 11.12 13.14 14.49 11.18 13.01 10.96 13.63 13.17 12.18 12.97 14.67 13.01 13.14 15.51 15.59 14.47 13.48 12.15 12.69 13.21 12.23 11.08 12.22 13.33 13.60 11.69 12.68 13.12 14.68 13.82 14.93 15.97 16.64 19.71 20.97 19.04 21.19 22.34 22.92 21.48 20.83 21.49 21.27 19.04 18.57 20.12 19.36 17.75 18.18 19.99 19.34 19.18 21.55 22.63 22.22 22.00 23.18 21.89 23.25 23.92 22.23 21.67 23.29 23.17 23.77 22.73 20.95 21.34 21.49 23.22 21.31 20.26 20.12 20.21 19.41 17.63 16.47 16.32 15.77 14.61 14.31 15.16 15.11 14.22 15.09 16.26 16.31 17.29 19.07 21.78 22.19 
17.36 15.66 12.99 12.79 11.90 10.50 9.04 7.12 6.67 6.91 5.77 0.00 5.90 7.33 6.51 8.93 10.21 10.55 12.74 13.98 11.97 13.41 12.38 14.50 13.98 14.01 14.39 14.91 13.09 14.25 16.68 16.26 15.00 14.84 14.11 14.39 14.68 14.04 13.19 13.37 13.75 14.77 13.53 14.36 14.50 16.07 15.52 16.35 17.14 17.63 20.04 21.32 20.00 21.55 22.68 22.98 21.96 21.39 21.82 21.28 19.97 19.94 20.77 20.30 19.24 19.69 21.16 20.50 20.73 22.50 23.56 23.59 23.45 24.65 23.52 24.62 24.90 23.67 23.38 24.85 24.39 25.26 23.87 22.45 22.21 22.45 23.98 22.59 21.42 21.62 21.26 20.85 19.18 18.50 17.77 17.67 16.40 16.77 16.83 16.99 17.09 17.31 18.42 18.03 18.50 20.74 22.73 23.07 
18.62 17.46 14.34 14.29 13.16 11.34 10.41 9.20 8.10 6.51 7.41 5.90 0.53 6.29 7.26 7.90 9.82 10.25 12.49 14.36 12.84 14.26 13.41 15.54 14.71 15.15 16.47 16.12 14.00 15.03 17.08 16.54 15.55 15.39 14.61 14.80 15.82 14.31 12.83 13.58 14.01 13.99 13.07 14.74 15.35 16.04 15.36 16.50 17.45 17.41 19.53 20.93 19.93 21.47 22.25 22.91 22.26 21.54 21.88 21.97 20.71 20.43 21.37 21.02 20.32 20.73 21.94 21.36 21.13 23.75 24.52 24.65 24.61 26.00 24.57 25.57 25.89 25.16 24.31 25.43 25.38 25.77 24.89 23.39 23.12 23.35 24.86 23.55 22.27 22.48 22.35 21.94 20.52 19.65 18.68 18.76 18.39 18.20 18.32 18.18 18.18 18.90 19.25 17.07 19.13 20.99 22.91 23.39 
20.60 18.35 15.40 15.08 15.32 13.30 11.60 9.88 9.94 7.31 6.79 7.33 6.29 0.00 5.85 8.31 8.04 9.26 12.10 13.91 11.91 14.35 14.09 16.21 15.25 15.86 16.85 17.26 14.98 14.34 16.65 16.04 14.92 14.43 13.63 14.24 14.23 12.51 10.93 12.14 11.91 11.54 11.11 14.10 14.86 15.47 14.95 15.98 17.39 17.44 20.09 21.49 20.03 22.10 23.11 23.92 23.05 22.59 22.82 22.87 21.52 21.26 22.49 22.51 21.07 21.63 23.30 22.69 22.37 24.85 25.83 25.75 25.53 27.66 25.60 26.77 27.22 26.38 25.31 26.84 26.67 27.62 25.95 24.43 24.69 24.94 26.13 24.66 23.49 23.74 23.31 22.87 21.29 20.45 19.73 19.86 19.13 18.96 18.98 19.29 19.30 19.92 20.99 19.14 19.31 21.23 23.78 23.96 
21.84 20.66 17.40 17.02 15.86 14.43 12.50 10.78 10.06 8.22 7.10 6.51 7.26 5.85 0.16 6.44 6.98 7.27 10.10 12.30 10.39 13.65 13.51 15.59 15.43 15.91 16.82 17.24 15.53 14.59 16.08 15.78 14.40 13.04 12.66 13.32 13.33 12.09 11.38 12.36 12.03 12.98 12.52 14.12 14.50 15.30 14.79 15.78 16.56 16.37 19.35 20.74 19.52 21.35 22.92 23.79 22.96 22.70 23.17 23.32 21.67 21.77 23.13 22.83 21.26 22.13 23.73 23.34 22.75 25.56 26.18 26.12 26.03 27.84 26.41 27.34 27.94 27.23 26.00 27.23 27.57 28.03 26.65 25.33 25.57 25.77 26.59 25.04 23.97 23.92 23.78 23.31 21.43 20.64 20.05 20.37 19.66 19.44 19.65 19.91 19.75 20.50 20.67 19.63 20.84 22.53 24.15 23.71 
23.74 22.26 19.65 19.11 18.86 16.35 15.20 13.44 12.92 11.10 10.47 8.93 7.90 8.31 6.44 0.07 5.58 6.93 9.56 11.19 11.20 14.24 14.51 16.74 17.16 17.71 18.65 19.14 17.45 17.38 18.45 16.65 15.44 14.80 14.55 14.85 14.59 13.39 13.46 13.77 13.73 15.30 15.52 16.82 16.67 17.29 16.65 17.31 17.90 17.79 20.00 21.50 20.53 22.19 23.40 24.18 23.87 23.83 24.04 24.15 23.03 23.26 24.12 23.97 22.85 23.83 25.55 25.08 24.88 27.09 28.35 28.09 27.82 29.58 28.57 29.45 29.81 28.82 28.06 28.91 28.94 29.53 28.58 27.07 27.02 27.18 28.49 26.79 25.68 25.84 25.53 25.40 23.83 22.98 22.24 22.65 21.98 22.37 22.21 22.55 22.68 23.26 23.50 23.05 22.71 25.39 25.94 25.59 
23.89 22.85 19.74 19.58 18.50 16.26 14.99 14.26 13.65 11.69 10.56 10.21 9.82 8.04 6.98 5.58 0.85 5.10 8.12 9.77 10.61 13.22 13.55 15.63 16.05 17.07 18.41 19.19 17.14 17.33 18.33 16.15 14.02 13.47 13.92 13.38 12.74 10.88 11.60 12.56 11.95 13.97 15.18 16.46 16.04 16.60 15.77 16.28 17.17 16.80 19.51 20.58 19.77 21.55 22.58 23.37 23.23 22.71 23.30 23.80 22.48 22.27 23.35 23.17 22.37 23.07 25.07 24.32 24.25 26.51 28.02 27.67 27.34 28.94 28.46 29.09 29.94 28.55 27.85 28.45 28.62 29.25 28.62 26.76 26.63 26.95 28.70 26.81 25.47 25.51 25.50 25.18 23.74 22.69 22.10 22.27 21.98 22.32 22.52 22.28 22.15 23.40 23.76 22.46 22.77 24.99 26.74 27.45 
24.72 23.48 19.87 19.38 19.39 17.35 15.24 13.51 13.19 12.36 11.12 10.55 10.25 9.26 7.27 6.93 5.10 0.00 6.26 8.24 8.21 11.09 13.33 14.68 14.90 15.93 17.55 17.92 15.90 16.66 18.09 15.83 13.09 12.02 12.02 11.96 10.60 9.38 10.61 11.49 11.89 13.96 14.84 15.98 15.99 16.46 15.86 15.77 16.04 15.81 18.93 20.09 19.08 21.21 22.54 23.54 23.05 22.78 23.26 23.52 22.15 22.20 23.60 23.46 22.08 23.05 25.07 24.35 24.15 26.77 27.75 27.47 27.49 29.30 28.07 28.85 29.27 28.34 27.37 28.37 28.65 29.38 28.26 26.65 26.89 27.07 28.39 26.77 25.34 25.50 25.14 25.02 23.21 22.32 21.64 22.17 21.44 21.65 21.92 22.45 22.59 23.20 23.90 23.41 23.05 25.72 26.77 27.24 
25.79 25.01 21.51 21.11 21.15 19.47 17.73 15.91 15.01 14.28 13.14 12.74 12.49 12.10 10.10 9.56 8.12 6.26 0.00 7.11 7.89 11.66 13.08 16.19 16.75 18.18 18.60 19.85 18.37 19.01 20.57 19.37 16.49 14.73 13.69 13.56 13.54 12.88 13.94 15.07 16.18 18.31 18.98 19.42 19.32 19.49 18.72 18.54 18.39 17.80 20.82 22.24 20.95 22.98 24.29 25.10 24.88 24.70 25.05 25.09 23.64 24.00 25.62 24.96 24.05 24.96 26.98 26.26 26.30 28.86 29.66 29.23 29.41 31.03 29.88 30.25 31.05 29.91 28.90 29.64 30.54 30.88 29.85 28.16 28.90 28.66 29.73 28.27 27.40 27.15 26.99 26.51 24.78 23.63 23.28 23.68 23.11 22.89 23.33 24.07 23.92 24.75 25.04 24.63 24.94 26.54 28.31 27.53 
25.97 25.18 22.12 21.70 21.58 20.15 18.82 17.20 16.46 15.76 14.49 13.98 14.36 13.91 12.30 11.19 9.77 8.24 7.11 0.00 5.87 8.81 11.55 13.91 16.00 17.07 18.67 19.69 17.82 18.85 20.80 18.63 15.84 14.18 13.22 13.49 13.27 13.02 14.78 16.18 17.54 19.83 19.78 20.65 21.14 21.06 19.69 19.33 18.96 18.43 21.33 21.93 20.74 22.76 24.14 25.08 24.80 24.63 25.04 25.08 23.81 24.29 25.55 25.22 24.41 25.63 27.56 27.05 26.76 29.32 30.58 30.23 29.96 31.70 30.30 30.69 31.16 30.01 28.84 29.53 30.34 31.13 29.70 28.06 28.49 28.36 29.55 28.13 27.08 27.18 26.89 26.83 25.20 24.50 23.84 24.13 23.32 23.74 24.07 24.49 24.32 25.57 26.03 25.37 24.60 27.49 28.82 28.45 
23.55 22.24 19.48 19.06 18.38 15.87 14.78 13.30 13.72 12.35 11.18 11.97 12.84 11.91 10.39 11.20 10.61 8.21 7.89 5.87 0.00 5.42 7.17 9.62 11.28 13.07 14.68 14.52 13.00 13.76 15.60 13.69 10.99 9.01 9.53 9.77 9.44 9.37 11.60 13.10 14.27 16.52 17.23 18.03 18.38 18.08 16.88 16.65 16.36 16.43 18.56 18.97 17.50 19.17 20.61 21.47 21.15 20.18 21.02 21.47 20.15 19.62 21.36 21.02 20.92 21.48 23.56 23.21 23.11 25.67 27.01 26.81 26.60 27.95 27.09 27.46 27.67 26.35 25.52 26.01 26.55 27.06 26.46 24.14 24.16 24.22 25.76 23.88 22.60 22.56 22.64 22.45 20.86 20.00 19.75 20.19 19.96 20.08 20.70 20.88 20.57 22.40 23.72 22.97 22.66 24.75 27.22 29.48 
23.47 22.36 19.56 19.11 18.25 16.19 14.94 13.73 13.68 13.43 13.01 13.41 14.26 14.35 13.65 14.24 13.22 11.09 11.66 8.81 5.42 0.12 5.66 7.30 9.93 12.76 13.87 14.92 13.36 15.61 16.82 15.57 12.97 12.63 11.31 12.68 12.56 12.86 13.96 15.46 16.09 18.67 19.06 19.73 19.54 19.73 18.16 17.99 17.33 16.93 19.07 19.81 18.00 19.84 20.79 21.82 21.07 20.47 20.71 21.23 19.31 19.15 20.89 20.93 20.25 21.20 22.93 22.59 22.77 25.33 26.46 26.25 26.48 28.04 26.44 26.91 27.14 25.67 24.91 25.70 25.85 27.05 25.81 23.94 23.80 23.89 25.18 23.41 21.65 21.88 21.29 21.57 20.10 19.40 18.97 19.66 19.38 19.46 20.14 21.39 21.43 22.60 23.67 22.82 22.38 25.44 27.22 28.17 
22.24 20.89 18.67 18.59 17.05 14.59 13.84 12.86 12.23 10.93 10.96 12.38 13.41 14.09 13.51 14.51 13.55 13.33 13.08 11.55 7.17 5.66 0.00 5.95 6.37 9.44 11.26 11.91 10.67 12.11 14.47 13.77 11.62 10.76 9.79 11.12 12.02 12.38 12.75 14.24 16.19 18.51 18.56 19.34 19.53 19.53 18.13 17.81 17.33 16.99 19.29 19.42 17.54 19.36 20.72 21.05 19.83 19.61 20.13 19.52 17.78 17.99 19.90 18.84 18.42 19.49 21.54 21.01 21.34 24.08 24.82 24.77 24.86 25.99 25.00 25.55 25.65 23.91 23.02 23.71 24.34 24.64 23.81 21.63 22.07 21.70 22.49 20.27 19.55 19.44 18.84 18.29 17.48 16.59 16.43 17.03 17.43 17.44 18.55 19.11 19.83 20.77 22.02 21.78 22.01 24.36 26.40 26.73 
22.42 21.33 19.18 18.82 17.91 15.66 15.40 14.32 13.76 13.13 13.63 14.50 15.54 16.21 15.59 16.74 15.63 14.68 16.19 13.91 9.62 7.30 5.95 0.66 5.60 7.85 10.53 11.75 11.02 13.67 15.25 15.57 13.90 13.80 12.64 14.66 14.63 15.03 15.28 16.63 18.07 20.58 20.56 21.41 21.57 21.53 19.78 19.41 18.64 18.49 20.29 20.43 18.21 20.56 21.30 21.43 20.14 20.37 20.41 19.92 18.21 18.83 19.91 19.40 19.37 20.65 22.41 22.19 22.50 24.93 25.95 25.88 25.73 26.79 25.74 25.95 26.24 24.43 23.60 24.07 24.36 24.98 23.69 21.78 21.80 21.35 22.20 20.06 19.46 19.50 19.05 18.84 18.04 17.94 17.43 18.02 18.34 18.94 19.14 20.15 20.76 21.76 22.55 22.68 22.46 25.46 26.68 28.12 
21.26 19.90 17.44 16.98 16.52 14.51 14.26 12.56 13.44 12.27 13.17 13.98 14.71 15.25 15.43 17.16 16.05 14.90 16.75 16.00 11.28 9.93 6.37 5.60 0.65 5.03 5.87 8.52 8.15 10.20 11.77 12.61 11.69 12.76 11.88 12.90 13.99 13.85 14.51 15.80 17.46 19.89 19.84 20.38 20.54 20.77 19.08 18.68 18.09 17.87 19.86 19.70 17.47 19.33 20.03 20.10 19.03 18.26 18.78 18.23 16.67 16.41 18.00 17.65 17.38 18.42 20.70 20.24 20.26 23.12 24.35 23.91 23.58 24.84 23.89 24.11 23.98 22.33 21.51 21.84 21.61 22.23 21.36 19.19 19.12 18.80 20.13 17.94 16.47 16.20 16.39 16.10 15.65 14.49 15.21 15.60 16.55 16.45 17.42 18.30 18.82 19.67 21.41 21.07 22.16 23.90 26.43 29.77 
20.55 19.20 16.58 16.12 15.14 13.11 11.95 10.65 12.13 11.55 12.18 14.01 15.15 15.86 15.91 17.71 17.07 15.93 18.18 17.07 13.07 12.76 9.44 7.85 5.03 0.29 5.26 7.34 8.08 10.03 12.23 12.69 11.75 12.80 11.72 12.58 13.98 13.77 14.32 15.65 17.55 19.31 19.05 19.91 20.41 20.12 18.87 18.61 18.03 18.07 19.88 20.00 17.73 19.39 20.00 20.08 18.35 17.38 18.06 17.96 15.48 15.14 17.63 17.15 16.16 17.53 20.26 19.58 19.44 22.68 23.67 22.96 22.29 23.79 22.35 22.64 22.25 20.49 19.88 20.80 20.39 21.41 20.27 18.45 18.27 17.82 18.74 16.21 14.60 14.05 12.95 14.16 13.22 12.12 13.07 14.96 14.72 14.91 16.18 17.61 18.20 19.00 20.82 21.15 20.82 24.41 26.09 28.14 
20.64 19.47 18.05 18.50 16.71 14.50 14.07 13.61 14.21 13.07 12.97 14.39 16.47 16.85 16.82 18.65 18.41 17.55 18.60 18.67 14.68 13.87 11.26 10.53 5.87 5.26 0.00 5.17 5.98 8.71 11.86 12.61 10.93 13.24 12.74 13.47 14.42 15.39 15.95 17.26 19.10 20.39 20.33 21.05 21.59 21.17 19.65 19.58 19.33 19.12 20.50 20.60 18.66 20.14 20.94 20.48 18.85 17.79 18.44 17.63 15.40 15.59 17.62 16.90 16.38 17.96 20.70 20.05 20.06 22.98 24.10 23.31 22.48 23.25 22.35 22.47 22.09 20.25 19.65 20.41 20.42 20.80 20.13 17.92 18.45 17.83 17.82 15.57 14.87 14.68 13.75 14.25 14.60 13.90 14.57 15.60 16.77 16.28 17.33 18.19 19.13 19.55 20.86 20.96 22.43 24.22 26.14 26.24 
21.39 20.60 19.08 19.22 17.98 16.18 16.16 16.03 15.66 14.66 14.67 14.91 16.12 17.26 17.24 19.14 19.19 17.92 19.85 19.69 14.52 14.92 11.91 11.75 8.52 7.34 5.17 0.00 5.20 7.77 10.43 11.82 11.77 13.33 13.29 14.70 15.37 15.80 16.73 17.94 19.36 21.12 20.72 21.63 22.33 21.86 20.18 20.29 20.18 19.56 20.85 20.81 18.61 20.23 20.82 20.71 18.74 18.26 18.06 17.77 15.67 16.05 17.74 17.63 16.98 18.54 20.90 20.59 20.53 23.26 24.41 24.02 23.03 24.33 22.88 23.22 22.57 21.04 20.33 21.42 20.85 21.63 20.72 18.89 19.52 18.76 19.08 17.03 15.98 16.10 15.92 16.13 15.95 16.38 16.01 17.04 17.17 17.77 17.85 19.17 20.10 20.46 21.11 21.69 22.00 24.78 25.81 26.92 
21.31 20.50 18.43 18.00 17.40 16.02 15.01 14.14 15.12 13.93 13.01 13.09 14.00 14.98 15.53 17.45 17.14 15.90 18.37 17.82 13.00 13.36 10.67 11.02 8.15 8.08 5.98 5.20 0.00 4.26 6.54 8.15 8.58 10.27 9.96 10.61 12.30 12.22 13.18 14.67 16.73 18.20 18.27 19.13 20.01 19.88 18.16 17.89 18.17 17.50 19.05 18.85 16.23 18.12 18.67 18.63 16.91 15.96 16.08 15.64 13.48 13.92 15.87 15.57 14.23 15.75 18.79 18.33 17.84 21.00 22.50 21.94 21.25 22.36 20.98 21.29 20.98 19.10 18.07 19.09 19.07 19.56 18.76 16.95 17.90 17.33 18.95 16.64 14.78 14.73 14.82 14.91 14.16 13.71 14.60 15.00 15.49 16.03 17.03 17.71 17.90 19.13 20.60 19.45 20.50 22.25 25.02 26.87 
21.25 20.42 18.27 18.01 17.71 16.64 14.69 14.20 15.35 14.37 13.14 14.25 15.03 14.34 14.59 17.38 17.33 16.66 19.01 18.85 13.76 15.61 12.11 13.67 10.20 10.03 8.71 7.77 4.26 0.00 5.35 6.91 6.86 8.79 8.95 9.74 10.97 11.16 12.18 14.12 16.07 16.97 16.73 18.34 19.05 18.95 16.36 16.69 17.05 16.82 17.93 18.16 15.60 17.77 17.91 17.96 16.60 14.92 15.62 15.35 13.10 13.04 15.62 14.60 13.36 15.16 18.27 17.17 17.33 20.42 21.91 21.05 20.10 21.70 19.84 20.37 19.82 17.75 17.02 18.48 18.03 18.74 18.01 16.29 17.57 17.29 18.63 16.46 14.85 14.44 14.15 14.81 13.67 13.01 14.16 15.15 15.08 15.42 16.71 17.45 18.09 18.51 20.44 20.19 19.26 22.72 24.73 26.09 
22.08 21.43 20.20 20.42 19.47 18.03 17.26 17.03 17.68 15.81 15.51 16.68 17.08 16.65 16.08 18.45 18.33 18.09 20.57 20.80 15.60 16.82 14.47 15.25 11.77 12.23 11.86 10.43 6.54 5.35 1.97 6.52 7.68 9.44 9.05 10.88 12.88 13.03 13.94 15.99 17.72 18.79 18.88 20.10 20.68 20.08 17.52 17.50 17.99 17.65 18.48 18.38 15.98 17.61 17.86 18.16 16.90 15.02 15.60 15.56 13.34 12.76 15.42 14.59 13.85 15.50 18.43 17.83 17.91 21.57 23.03 21.52 20.84 22.10 21.19 20.91 20.45 18.64 18.30 18.94 18.94 19.21 18.85 17.25 18.39 18.13 19.69 17.86 16.29 15.95 15.60 16.38 15.45 14.62 15.86 16.55 16.96 17.11 17.67 18.64 19.16 19.83 20.60 20.41 21.69 23.14 24.74 24.80 
22.67 21.84 20.38 20.61 20.07 18.52 17.94 17.99 17.46 15.64 15.59 16.26 16.54 16.04 15.78 16.65 16.15 15.83 19.37 18.63 13.69 15.57 13.77 15.57 12.61 12.69 12.61 11.82 8.15 6.91 6.52 0.00 5.29 7.47 7.25 8.71 11.19 11.45 12.22 13.96 16.26 17.65 17.54 18.65 19.87 19.36 17.53 17.61 17.54 17.08 18.48 18.19 15.05 17.44 17.97 18.31 16.65 15.47 16.11 15.76 12.85 12.72 15.36 14.50 12.94 14.86 18.02 17.27 17.33 20.58 22.11 21.00 20.03 21.62 20.74 20.72 20.11 18.39 17.90 19.03 19.04 19.61 19.13 17.84 19.36 18.98 20.66 18.78 17.05 16.72 16.66 16.35 14.46 14.44 15.29 15.81 15.41 16.32 17.34 17.96 19.14 19.48 20.56 20.91 20.43 23.25 24.05 25.14 
22.07 21.21 18.56 18.76 19.35 17.83 16.51 16.05 16.76 15.28 14.47 15.00 15.55 14.92 14.40 15.44 14.02 13.09 16.49 15.84 10.99 12.97 11.62 13.90 11.69 11.75 10.93 11.77 8.58 6.86 7.68 5.29 0.01 5.05 6.46 5.85 7.61 8.53 9.77 11.19 12.53 14.93 14.33 15.46 17.09 16.98 14.64 14.41 15.22 14.28 15.81 15.46 12.22 15.19 15.95 16.30 14.74 14.47 14.59 13.66 11.12 11.43 13.98 11.69 10.05 12.24 15.86 14.87 14.89 18.27 19.80 19.11 18.34 19.60 18.28 19.05 18.87 17.05 16.20 17.62 18.07 18.70 18.16 17.07 18.42 18.60 20.32 18.28 15.90 15.98 15.54 14.69 12.62 12.49 13.92 14.03 13.69 15.03 16.37 16.80 16.72 18.58 20.04 18.94 19.44 21.38 23.73 25.10 
22.11 21.18 18.59 18.72 19.51 18.11 15.90 15.83 16.86 15.20 13.48 14.84 15.39 14.43 13.04 14.80 13.47 12.02 14.73 14.18 9.01 12.63 10.76 13.80 12.76 12.80 13.24 13.33 10.27 8.79 9.44 7.47 5.05 0.00 5.43 6.72 6.82 6.95 9.00 10.38 11.54 14.17 13.22 13.54 14.87 15.39 13.07 12.99 13.31 11.84 13.98 14.41 11.41 13.80 14.98 15.60 14.31 13.47 14.06 14.29 11.26 11.61 13.64 11.86 10.00 12.27 14.70 13.87 14.11 17.25 18.39 18.01 17.11 18.37 16.73 17.81 17.87 16.14 15.56 17.37 17.36 18.13 18.26 17.11 18.36 18.50 20.63 18.75 16.71 16.26 15.80 14.98 13.12 12.85 13.45 14.19 13.81 14.77 15.89 16.38 17.02 17.67 19.52 19.67 18.24 21.59 22.88 24.37 
21.95 21.31 19.20 19.34 19.31 17.30 15.90 15.72 16.30 13.37 12.15 14.11 14.61 13.63 12.66 14.55 13.92 12.02 13.69 13.22 9.53 11.31 9.79 12.64 11.88 11.72 12.74 13.29 9.96 8.95 9.05 7.25 6.46 5.43 0.00 5.43 7.43 6.24 7.25 9.56 11.22 12.56 12.35 13.67 14.07 14.71 11.91 12.61 12.86 12.11 13.67 14.17 11.84 14.25 14.99 16.16 14.95 13.69 14.40 13.99 12.03 10.93 13.72 11.86 10.61 11.41 14.63 13.04 13.46 16.30 17.95 17.12 15.98 17.12 16.39 16.88 16.72 15.19 14.98 16.23 16.47 17.16 17.64 16.46 17.59 17.88 19.91 18.25 16.57 15.71 15.75 14.81 13.36 11.78 13.13 13.37 13.08 13.39 14.88 15.72 15.82 16.77 17.61 18.02 18.86 20.57 21.78 22.39 
22.04 21.15 18.79 19.22 19.01 17.28 15.76 15.88 15.73 13.39 12.69 14.39 14.80 14.24 13.32 14.85 13.38 11.96 13.56 13.49 9.77 12.68 11.12 14.66 12.90 12.58 13.47 14.70 10.61 9.74 10.88 8.71 5.85 6.72 5.43 0.00 5.74 6.79 5.96 7.51 9.78 11.39 11.06 12.73 13.57 13.74 11.98 12.83 12.61 11.86 14.25 14.12 11.84 15.18 16.20 16.92 15.38 14.38 15.24 14.64 11.32 9.88 13.27 11.40 9.81 10.07 13.18 12.36 12.76 15.04 16.99 16.36 15.12 16.46 15.73 16.45 16.38 14.58 14.41 15.93 16.58 17.55 17.65 16.46 17.94 18.10 20.34 18.59 16.26 15.48 15.50 14.88 11.93 10.26 11.61 12.03 11.36 11.75 13.65 14.56 15.77 16.38 17.82 18.63 18.18 20.94 21.55 22.95 
22.34 21.36 18.65 19.16 19.60 17.58 16.01 16.01 16.46 14.05 13.21 14.68 15.82 14.23 13.33 14.59 12.74 10.60 13.54 13.27 9.44 12.56 12.02 14.63 13.99 13.98 14.42 15.37 12.30 10.97 12.88 11.19 7.61 6.82 7.43 5.74 0.00 5.66 7.03 7.10 8.62 11.03 11.10 11.42 12.96 12.72 11.00 10.26 11.83 10.01 13.49 12.60 10.61 14.51 16.80 16.74 16.08 15.39 15.65 14.45 11.85 11.34 13.55 10.50 8.99 10.16 12.95 11.64 12.43 15.07 16.75 16.29 15.31 16.96 16.01 17.02 17.48 15.79 15.63 17.17 17.86 18.45 18.58 17.66 18.71 18.72 21.12 19.29 17.65 16.92 16.46 15.25 13.63 12.04 12.41 12.11 12.24 12.33 14.01 14.67 15.09 16.41 17.80 17.56 17.71 20.37 22.60 23.43 
22.47 21.59 19.10 19.47 19.74 18.03 15.75 15.73 15.87 13.51 12.23 14.04 14.31 12.51 12.09 13.39 10.88 9.38 12.88 13.02 9.37 12.86 12.38 15.03 13.85 13.77 15.39 15.80 12.22 11.16 13.03 11.45 8.53 6.95 6.24 6.79 5.66 0.00 5.64 6.88 7.13 9.70 9.69 10.65 10.35 11.76 10.15 10.73 10.27 9.21 12.66 14.10 11.83 15.20 16.87 17.96 16.48 16.27 16.85 15.89 13.49 12.92 14.65 12.39 10.41 11.22 13.48 12.16 12.49 14.82 15.99 15.67 14.73 16.81 15.76 16.88 17.38 16.04 16.00 17.66 17.44 18.43 19.00 18.21 18.72 18.78 21.60 19.75 18.09 17.40 17.11 16.09 13.97 13.38 12.95 12.53 12.16 12.37 13.58 14.38 15.05 15.66 17.57 17.77 17.18 20.11 22.09 23.43 
21.97 21.30 19.16 19.56 18.71 16.44 14.96 15.13 14.25 11.47 11.08 13.19 12.83 10.93 11.38 13.46 11.60 10.61 13.94 14.78 11.60 13.96 12.75 15.28 14.51 14.32 15.95 16.73 13.18 12.18 13.94 12.22 9.77 9.00 7.25 5.96 7.03 5.64 0.00 5.45 7.42 7.68 7.70 9.53 10.38 11.50 10.03 10.86 11.33 11.33 14.30 15.28 13.60 16.67 18.36 18.41 16.94 16.55 17.44 16.71 13.55 12.75 15.05 13.04 10.62 11.29 13.57 12.23 11.81 14.38 15.57 15.37 14.34 16.56 15.65 17.09 17.27 16.28 16.28 17.61 17.75 18.71 19.21 17.99 18.77 18.72 21.34 19.78 17.98 17.22 16.85 16.15 14.36 12.90 13.06 12.79 11.69 11.58 12.92 13.61 12.91 14.28 15.59 15.79 15.97 18.92 20.88 21.53 
22.01 20.65 18.67 19.12 18.68 16.47 15.37 15.17 14.80 12.77 12.22 13.37 13.58 12.14 12.36 13.77 12.56 11.49 15.07 16.18 13.10 15.46 14.24 16.63 15.80 15.65 17.26 17.94 14.67 14.12 15.99 13.96 11.19 10.38 9.56 7.51 7.10 6.88 5.45 0.00 5.79 7.35 6.82 8.19 9.47 10.09 9.80 10.74 11.42 11.87 14.94 15.42 13.83 17.85 19.15 19.51 17.98 17.69 18.54 17.86 14.69 13.45 15.38 13.00 11.33 11.12 13.00 11.12 10.86 13.78 15.32 14.44 13.25 15.68 15.64 16.76 17.38 16.41 16.39 17.91 18.30 19.68 19.89 18.68 19.58 19.87 22.43 20.68 18.92 18.64 18.52 17.29 14.89 13.53 13.63 13.00 11.48 10.95 12.92 12.93 12.95 14.50 16.28 16.04 16.46 19.89 21.17 22.02 
22.97 22.01 19.46 20.11 19.72 17.52 16.06 15.94 16.02 13.62 13.33 13.75 14.01 11.91 12.03 13.73 11.95 11.89 16.18 17.54 14.27 16.09 16.19 18.07 17.46 17.55 19.10 19.36 16.73 16.07 17.72 16.26 12.53 11.54 11.22 9.78 8.62 7.13 7.42 5.79 1.97 6.31 7.32 7.85 9.41 9.81 9.05 10.43 11.58 12.10 15.31 16.40 14.82 18.65 21.04 21.15 20.12 19.43 19.89 19.30 16.79 15.36 17.05 14.59 12.71 12.14 14.25 13.24 13.29 14.80 16.15 15.35 15.09 17.10 16.70 17.76 18.68 17.85 18.00 19.18 19.90 21.08 21.57 20.30 21.30 21.50 24.24 22.65 20.87 20.77 20.73 19.56 17.36 16.21 16.07 15.01 13.73 13.57 14.62 14.71 14.36 15.45 17.16 16.54 17.04 20.03 22.40 22.98 
23.82 22.84 20.94 21.16 20.65 18.95 17.28 17.50 16.68 14.35 13.60 14.77 13.99 11.54 12.98 15.30 13.97 13.96 18.31 19.83 16.52 18.67 18.51 20.58 19.89 19.31 20.39 21.12 18.20 16.97 18.79 17.65 14.93 14.17 12.56 11.39 11.03 9.70 7.68 7.35 6.31 0.33 6.01 7.58 9.20 10.29 10.70 11.53 13.24 13.21 17.07 18.56 17.67 20.64 22.47 22.47 21.40 20.78 21.25 21.10 18.74 17.23 18.76 16.96 14.84 14.49 16.18 14.83 14.25 15.81 16.95 16.10 15.63 18.16 17.68 18.79 19.54 18.91 19.41 20.58 20.65 22.02 22.71 21.64 22.34 22.44 25.27 23.95 21.91 21.53 21.86 20.95 18.29 17.72 17.38 16.90 14.64 14.26 15.47 15.61 15.15 15.97 18.00 17.24 17.50 20.06 22.78 23.26 
22.85 21.94 19.72 20.46 19.36 17.03 15.66 16.05 15.68 12.60 11.69 13.53 13.07 11.11 12.52 15.52 15.18 14.84 18.98 19.78 17.23 19.06 18.56 20.56 19.84 19.05 20.33 20.72 18.27 16.73 18.88 17.54 14.33 13.22 12.35 11.06 11.10 9.69 7.70 6.82 7.32 6.01 0.71 5.71 7.55 8.53 8.55 10.53 11.96 12.93 16.30 17.81 16.57 20.09 21.26 21.47 20.23 19.60 20.44 19.49 16.90 15.98 17.75 15.92 13.68 13.94 16.05 13.94 13.49 15.18 16.00 14.87 14.05 16.39 15.90 17.32 18.46 17.47 17.90 19.28 19.56 20.88 21.44 20.12 21.02 20.91 23.35 21.77 20.12 20.00 19.73 18.52 16.30 16.09 15.67 15.19 12.90 12.29 14.09 14.11 12.76 13.99 15.65 15.07 14.91 17.95 21.59 21.70 
23.08 21.67 19.71 20.14 19.01 17.39 15.69 16.43 16.34 13.89 12.68 14.36 14.74 14.10 14.12 16.82 16.46 15.98 19.42 20.65 18.03 19.73 19.34 21.41 20.38 19.91 21.05 21.63 19.13 18.34 20.10 18.65 15.46 13.54 13.67 12.73 11.42 10.65 9.53 8.19 7.85 7.58 5.71 0.00 4.82 6.28 7.22 9.06 10.91 12.10 15.51 16.61 16.78 19.07 21.44 21.61 20.33 19.71 20.53 19.81 17.73 16.41 17.83 15.55 13.89 13.58 15.71 12.80 12.74 15.23 15.96 14.27 13.73 15.79 15.57 16.77 18.23 17.36 17.77 18.98 19.77 21.02 21.24 20.04 20.98 21.49 23.78 22.06 20.35 20.48 20.22 19.07 16.74 16.73 16.43 15.61 13.92 13.16 14.36 14.91 14.96 15.33 17.22 15.93 16.50 18.81 21.68 21.71 
23.46 22.60 20.14 20.64 19.74 17.50 16.22 16.30 16.19 14.16 13.12 14.50 15.35 14.86 14.50 16.67 16.04 15.99 19.32 21.14 18.38 19.54 19.53 21.57 20.54 20.41 21.59 22.33 20.01 19.05 20.68 19.87 17.09 14.87 14.07 13.57 12.96 10.35 10.38 9.47 9.41 9.20 7.55 4.82 0.44 6.05 6.75 8.03 9.99 11.91 15.63 16.57 15.84 19.23 21.34 22.13 20.74 19.75 20.16 19.72 17.23 16.03 17.09 14.97 13.07 12.89 14.39 13.18 13.25 15.25 16.07 15.15 14.74 16.52 15.28 16.64 18.19 17.48 17.72 18.82 19.60 20.79 21.21 19.97 20.80 21.10 23.90 22.39 20.63 20.39 20.90 19.71 17.39 17.31 16.87 16.27 15.30 15.03 16.15 16.69 16.73 17.38 18.33 17.06 17.40 20.17 22.78 22.58 
23.77 22.93 21.31 21.38 20.21 18.52 17.28 17.50 16.97 15.28 14.68 16.07 16.04 15.47 15.30 17.29 16.60 16.46 19.49 21.06 18.08 19.73 19.53 21.53 20.77 20.12 21.17 21.86 19.88 18.95 20.08 19.36 16.98 15.39 14.71 13.74 12.72 11.76 11.50 10.09 9.81 10.29 8.53 6.28 6.05 0.00 5.58 7.30 9.41 10.41 14.27 16.06 15.71 18.52 20.74 21.17 19.95 19.49 19.84 19.25 16.83 15.85 16.78 14.91 13.28 13.44 15.42 13.79 14.05 16.09 17.01 15.92 15.89 17.62 16.27 17.27 18.60 17.55 17.65 18.85 19.15 20.27 20.56 20.18 20.49 20.41 23.28 22.55 20.47 20.24 21.02 20.42 17.79 18.00 18.00 17.31 15.97 15.88 16.86 17.26 17.52 17.94 19.61 18.05 17.96 20.13 23.39 22.62 
23.01 22.41 20.44 20.69 19.34 17.34 16.34 16.27 15.87 14.95 13.82 15.52 15.36 14.95 14.79 16.65 15.77 15.86 18.72 19.69 16.88 18.16 18.13 19.78 19.08 18.87 19.65 20.18 18.16 16.36 17.52 17.53 14.64 13.07 11.91 11.98 11.00 10.15 10.03 9.80 9.05 10.70 8.55 7.22 6.75 5.58 0.00 5.29 7.37 7.72 11.13 13.32 13.40 16.04 18.00 18.57 17.48 17.23 18.02 17.02 14.95 13.78 15.23 12.79 11.89 12.49 14.43 12.92 13.13 15.49 16.83 15.43 15.16 17.18 16.00 16.70 17.53 16.46 16.39 17.40 18.00 18.73 19.21 18.80 19.19 19.24 21.82 20.66 19.24 19.33 19.96 19.03 16.46 16.48 16.72 16.66 15.44 15.15 16.17 16.66 16.72 17.16 17.70 16.62 17.55 20.02 22.61 22.15 
23.17 22.05 20.34 20.75 19.27 17.26 16.19 16.77 16.64 15.40 14.93 16.35 16.50 15.98 15.78 17.31 16.28 15.77 18.54 19.33 16.65 17.99 17.81 19.41 18.68 18.61 19.58 20.29 17.89 16.69 17.50 17.61 14.41 12.99 12.61 12.83 10.26 10.73 10.86 10.74 10.43 11.53 10.53 9.06 8.03 7.30 5.29 0.17 5.31 6.78 9.29 10.91 11.33 14.46 16.09 17.23 16.54 16.04 16.39 15.53 13.81 13.69 13.85 10.96 11.05 12.94 14.26 12.35 13.47 16.89 17.60 16.48 16.48 18.47 17.06 17.70 18.37 17.26 16.58 17.42 17.74 19.11 19.24 18.35 19.15 19.84 22.25 20.60 19.53 20.05 20.61 19.65 17.49 17.37 17.42 17.78 16.57 16.44 16.79 17.62 18.21 18.62 19.04 18.70 19.00 21.89 22.91 22.01 
24.26 23.25 21.24 21.83 20.57 18.46 17.24 17.62 17.84 16.77 15.97 17.14 17.45 17.39 16.56 17.90 17.17 16.04 18.39 18.96 16.36 17.33 17.33 18.64 18.09 18.03 19.33 20.18 18.17 17.05 17.99 17.54 15.22 13.31 12.86 12.61 11.83 10.27 11.33 11.42 11.58 13.24 11.96 10.91 9.99 9.41 7.37 5.31 0.58 5.41 8.26 9.01 9.77 12.64 15.05 15.61 15.39 15.24 15.45 14.92 13.05 13.01 14.18 11.65 11.46 12.79 14.22 13.67 15.40 17.79 18.25 17.91 18.43 20.14 18.40 19.03 20.39 18.76 17.85 18.35 18.51 19.54 19.78 18.70 19.57 20.00 22.53 21.37 20.17 20.67 21.31 20.66 18.78 18.41 18.44 18.17 17.65 17.93 18.31 18.31 18.80 19.87 20.12 18.87 19.62 22.08 23.74 23.28 
25.00 23.89 22.17 22.65 21.15 19.11 17.87 18.79 17.93 16.64 16.64 17.63 17.41 17.44 16.37 17.79 16.80 15.81 17.80 18.43 16.43 16.93 16.99 18.49 17.87 18.07 19.12 19.56 17.50 16.82 17.65 17.08 14.28 11.84 12.11 11.86 10.01 9.21 11.33 11.87 12.10 13.21 12.93 12.10 11.91 10.41 7.72 6.78 5.41 0.13 5.87 7.30 7.45 10.60 12.82 13.79 13.65 13.72 14.55 13.90 11.93 12.37 13.34 11.79 11.22 12.72 14.80 14.47 15.57 18.49 19.27 19.08 19.60 21.24 19.33 20.10 20.86 19.11 17.92 18.71 18.75 18.87 19.05 18.67 19.41 19.08 21.62 21.12 20.51 20.65 21.21 20.79 19.06 18.97 18.74 18.76 18.00 18.66 18.20 18.07 19.22 20.30 20.46 19.88 19.83 23.16 23.98 23.16 
26.58 26.33 24.49 24.49 23.25 21.77 20.84 20.75 20.45 19.76 19.71 20.04 19.53 20.09 19.35 20.00 19.51 18.93 20.82 21.33 18.56 19.07 19.29 20.29 19.86 19.88 20.50 20.85 19.05 17.93 18.48 18.48 15.81 13.98 13.67 14.25 13.49 12.66 14.30 14.94 15.31 17.07 16.30 15.51 15.63 14.27 11.13 9.29 8.26 5.87 1.69 6.28 8.12 9.90 11.84 13.26 14.01 14.25 14.43 14.44 13.21 13.77 14.41 13.91 14.40 15.81 17.68 17.74 19.03 21.53 22.54 22.61 22.60 24.19 22.83 23.18 23.51 21.13 20.02 20.74 20.65 20.65 20.51 20.24 21.19 21.07 23.09 22.98 22.64 22.86 22.98 22.95 21.26 20.72 20.73 20.83 20.40 20.62 20.34 20.43 21.31 22.08 21.18 20.42 21.88 23.98 24.93 23.99 
27.14 26.44 24.74 24.99 23.97 22.56 21.28 21.73 21.52 21.10 20.97 21.32 20.93 21.49 20.74 21.50 20.58 20.09 22.24 21.93 18.97 19.81 19.42 20.43 19.70 20.00 20.60 20.81 18.85 18.16 18.38 18.19 15.46 14.41 14.17 14.12 12.60 14.10 15.28 15.42 16.40 18.56 17.81 16.61 16.57 16.06 13.32 10.91 9.01 7.30 6.28 1.70 5.88 8.42 9.89 10.93 12.45 12.86 13.22 12.67 12.84 13.57 14.41 12.69 14.29 16.66 18.58 18.26 19.38 22.29 23.22 23.52 23.52 24.97 23.43 24.16 23.82 21.88 20.39 20.78 20.21 20.90 20.38 19.72 20.27 20.88 23.19 22.85 22.14 22.76 22.98 23.25 21.38 21.24 21.12 21.73 20.76 20.95 20.54 21.14 22.00 22.70 21.94 21.74 21.74 24.93 24.88 23.40 
26.85 26.03 24.18 24.73 23.28 21.40 20.31 20.51 20.29 19.32 19.04 20.00 19.93 20.03 19.52 20.53 19.77 19.08 20.95 20.74 17.50 18.00 17.54 18.21 17.47 17.73 18.66 18.61 16.23 15.60 15.98 15.05 12.22 11.41 11.84 11.84 10.61 11.83 13.60 13.83 14.82 17.67 16.57 16.78 15.84 15.71 13.40 11.33 9.77 7.45 8.12 5.88 1.73 5.97 8.06 7.74 9.13 10.19 10.89 10.50 10.06 11.56 13.21 11.49 12.45 14.86 16.63 16.85 17.93 20.63 21.69 21.86 22.09 23.32 21.89 22.07 22.46 20.52 18.91 18.98 18.28 18.73 18.30 17.00 17.59 18.53 21.04 20.38 19.54 20.27 20.82 20.93 19.35 19.17 19.38 19.32 18.82 19.17 19.22 18.70 19.04 20.69 20.78 20.18 19.21 22.38 23.62 23.26 
27.90 27.01 25.21 25.62 24.31 22.66 21.55 22.09 21.65 21.09 21.19 21.55 21.47 22.10 21.35 22.19 21.55 21.21 22.98 22.76 19.17 19.84 19.36 20.56 19.33 19.39 20.14 20.23 18.12 17.77 17.61 17.44 15.19 13.80 14.25 15.18 14.51 15.20 16.67 17.85 18.65 20.64 20.09 19.07 19.23 18.52 16.04 14.46 12.64 10.60 9.90 8.42 5.97 1.22 5.98 7.38 8.27 9.35 11.37 11.64 11.34 12.50 14.59 14.39 14.75 16.81 18.40 18.70 19.85 22.54 23.59 23.72 24.08 25.36 23.63 24.12 24.13 22.09 20.39 20.45 19.45 19.89 18.94 18.06 18.42 19.20 21.58 21.48 21.15 22.03 21.96 22.34 21.05 21.18 20.87 21.19 20.76 21.19 20.28 20.77 21.71 22.47 21.91 21.73 21.15 23.79 24.34 23.65 
28.39 27.89 26.21 26.29 25.54 23.84 23.24 23.10 22.91 22.33 22.34 22.68 22.25 23.11 22.92 23.40 22.58 22.54 24.29 24.14 20.61 20.79 20.72 21.30 20.03 20.00 20.94 20.82 18.67 17.91 17.86 17.97 15.95 14.98 14.99 16.20 16.80 16.87 18.36 19.15 21.04 22.47 21.26 21.44 21.34 20.74 18.00 16.09 15.05 12.82 11.84 9.89 8.06 5.98 2.19 6.33 8.18 8.20 9.47 11.22 10.92 11.36 13.35 14.72 15.23 16.97 18.21 19.44 20.68 23.21 24.42 24.97 25.29 26.51 25.39 25.32 25.00 22.58 21.27 21.21 20.33 19.85 19.33 18.45 18.92 19.40 21.07 21.40 21.92 22.59 22.19 22.88 21.70 21.45 21.67 21.79 21.75 21.73 21.53 21.68 21.92 23.00 21.90 21.77 22.23 24.21 24.82 24.13 
28.25 27.90 25.99 26.25 25.41 24.22 23.19 23.41 23.07 22.60 22.92 22.98 22.91 23.92 23.79 24.18 23.37 23.54 25.10 25.08 21.47 21.82 21.05 21.43 20.10 20.08 20.48 20.71 18.63 17.96 18.16 18.31 16.30 15.60 16.16 16.92 16.74 17.96 18.41 19.51 21.15 22.47 21.47 21.61 22.13 21.17 18.57 17.23 15.61 13.79 13.26 10.93 7.74 7.38 6.33 0.00 5.90 7.60 7.76 7.80 9.40 11.30 12.29 12.84 14.37 15.51 17.28 18.20 19.91 22.19 23.34 24.15 24.52 25.99 24.33 24.41 23.90 21.89 20.32 20.26 18.78 19.19 18.55 17.17 17.75 17.75 20.64 20.80 20.69 21.49 21.77 22.27 20.88 20.84 21.09 21.72 21.33 21.28 21.02 21.55 22.11 22.63 22.02 22.05 22.14 24.90 24.42 23.41 
27.61 27.07 25.16 25.20 24.21 22.69 22.23 21.82 22.09 21.45 21.48 21.96 22.26 23.05 22.96 23.87 23.23 23.05 24.88 24.80 21.15 21.07 19.83 20.14 19.03 18.35 18.85 18.74 16.91 16.60 16.90 16.65 14.74 14.31 14.95 15.38 16.08 16.48 16.94 17.98 20.12 21.40 20.23 20.33 20.74 19.95 17.48 16.54 15.39 13.65 14.01 12.45 9.13 8.27 8.18 5.90 0.00 6.12 7.56 6.59 7.70 9.50 11.59 10.97 11.70 13.84 15.42 16.23 17.41 20.13 21.27 21.80 22.35 23.43 21.96 21.63 21.99 19.93 18.00 17.68 16.79 17.25 16.75 14.76 14.93 16.29 18.88 18.45 18.10 19.06 19.30 19.57 18.42 18.06 18.75 18.85 19.49 19.38 19.06 19.37 19.55 20.68 20.33 20.76 20.13 22.01 23.12 22.91 
26.48 25.98 23.97 23.87 22.83 21.35 20.56 20.95 21.01 20.39 20.83 21.39 21.54 22.59 22.70 23.83 22.71 22.78 24.70 24.63 20.18 20.47 19.61 20.37 18.26 17.38 17.79 18.26 15.96 14.92 15.02 15.47 14.47 13.47 13.69 14.38 15.39 16.27 16.55 17.69 19.43 20.78 19.60 19.71 19.75 19.49 17.23 16.04 15.24 13.72 14.25 12.86 10.19 9.35 8.20 7.60 6.12 0.00 5.87 7.45 6.78 6.85 10.19 10.99 10.40 12.19 14.81 14.90 15.32 18.65 20.54 20.73 20.70 22.30 20.79 20.91 20.08 18.23 16.26 16.11 14.54 15.47 14.48 11.70 12.55 14.17 16.99 16.25 16.30 17.59 17.14 17.47 16.70 17.11 17.26 17.78 17.60 18.15 18.33 18.24 19.20 19.68 19.92 20.36 19.58 21.70 22.21 22.37 
26.26 25.92 23.87 24.03 23.66 21.77 21.25 21.20 21.55 21.15 21.49 21.82 21.88 22.82 23.17 24.04 23.30 23.26 25.05 25.04 21.02 20.71 20.13 20.41 18.78 18.06 18.44 18.06 16.08 15.62 15.60 16.11 14.59 14.06 14.40 15.24 15.65 16.85 17.44 18.54 19.89 21.25 20.44 20.53 20.16 19.84 18.02 16.39 15.45 14.55 14.43 13.22 10.89 11.37 9.47 7.76 7.56 5.87 0.74 6.07 7.44 6.02 7.35 9.60 10.79 10.87 12.14 14.07 15.31 17.72 19.76 20.48 20.97 22.15 21.38 20.65 19.84 17.57 16.70 16.51 14.66 14.92 15.22 13.55 13.87 15.42 17.53 17.08 17.43 17.93 17.74 17.71 17.40 16.66 17.35 17.56 17.61 17.72 18.49 18.84 18.73 19.82 19.72 20.09 19.88 21.32 22.11 22.38 
25.98 25.26 22.94 23.06 22.79 21.25 20.49 20.50 20.75 20.28 21.27 21.28 21.97 22.87 23.32 24.15 23.80 23.52 25.09 25.08 21.47 21.23 19.52 19.92 18.23 17.96 17.63 17.77 15.64 15.35 15.56 15.76 13.66 14.29 13.99 14.64 14.45 15.89 16.71 17.86 19.30 21.10 19.49 19.81 19.72 19.25 17.02 15.53 14.92 13.90 14.44 12.67 10.50 11.64 11.22 7.80 6.59 7.45 6.07 0.22 5.52 7.25 6.55 7.13 9.20 10.92 11.27 12.48 14.92 16.94 17.88 18.78 19.66 21.04 19.72 19.32 18.74 16.82 15.60 15.84 14.20 14.60 14.89 13.72 14.71 15.31 17.75 17.53 17.04 17.19 17.45 17.27 16.29 15.93 16.58 17.21 16.91 16.64 17.75 18.06 18.87 19.33 19.65 20.10 19.94 22.23 22.00 22.04 
24.95 24.21 21.74 21.59 21.25 19.57 19.06 18.95 19.47 18.73 19.04 19.97 20.71 21.52 21.67 23.03 22.48 22.15 23.64 23.81 20.15 19.31 17.78 18.21 16.67 15.48 15.40 15.67 13.48 13.10 13.34 12.85 11.12 11.26 12.03 11.32 11.85 13.49 13.55 14.69 16.79 18.74 16.90 17.73 17.23 16.83 14.95 13.81 13.05 11.93 13.21 12.84 10.06 11.34 10.92 9.40 7.70 6.78 7.44 5.52 0.23 5.43 7.63 5.79 5.59 8.47 10.84 10.55 11.22 15.05 16.24 16.83 16.85 18.66 16.79 16.43 16.50 14.52 12.30 13.03 12.16 12.87 13.31 11.90 12.90 13.97 16.76 15.83 14.96 14.82 15.13 14.99 13.38 12.63 13.85 14.19 14.61 14.44 14.64 15.64 15.96 16.45 16.79 17.29 17.47 19.49 20.19 20.83 
24.48 23.42 21.11 21.24 20.47 18.53 17.60 18.45 18.63 17.69 18.57 19.94 20.43 21.26 21.77 23.26 22.27 22.20 24.00 24.29 19.62 19.15 17.99 18.83 16.41 15.14 15.59 16.05 13.92 13.04 12.76 12.72 11.43 11.61 10.93 9.88 11.34 12.92 12.75 13.45 15.36 17.23 15.98 16.41 16.03 15.85 13.78 13.69 13.01 12.37 13.77 13.57 11.56 12.50 11.36 11.30 9.50 6.85 6.02 7.25 5.43 0.00 5.92 7.66 5.56 6.28 9.72 10.32 10.08 13.54 15.44 15.40 15.11 16.86 15.58 15.41 14.19 12.44 10.93 11.35 10.28 12.45 12.75 11.09 12.44 13.88 16.87 15.96 15.03 14.93 14.62 14.05 12.49 11.93 13.17 13.66 13.26 13.47 14.90 14.85 15.75 16.26 17.06 17.48 17.52 19.59 20.03 21.16 
