3.96 6.02 8.06 9.91 12.36 13.47 14.92 14.85 16.19 16.83 16.16 18.29 18.99 20.63 22.62 22.80 22.19 22.01 23.80 25.46 25.84 25.18 25.02 26.91 26.52 26.00 25.08 24.78 23.33 23.02 21.55 18.68 17.36 17.88 16.52 15.06 15.43 15.47 16.64 17.88 17.79 19.10 19.32 18.55 19.18 19.65 19.59 17.66 17.38 18.32 19.67 20.13 21.81 
6.02 3.45 6.35 7.76 9.31 11.71 12.72 12.94 12.66 13.14 13.96 15.01 17.05 18.39 21.84 21.70 21.33 21.51 23.20 24.55 25.00 23.87 24.01 25.58 25.56 25.23 23.90 23.62 22.13 21.96 20.55 17.63 16.20 16.58 14.55 12.75 13.21 13.42 15.31 15.77 16.27 17.29 16.23 16.88 17.49 17.48 15.96 14.26 13.71 15.45 17.27 18.27 22.12 
8.06 6.35 2.81 5.18 6.50 9.86 9.37 10.14 9.04 11.03 12.80 13.89 14.91 17.85 20.98 20.03 18.72 18.87 20.64 21.41 21.08 20.58 20.79 22.28 21.07 21.28 20.42 20.72 18.02 18.54 17.55 15.54 14.26 13.30 11.18 10.42 10.76 9.53 10.78 11.97 12.02 12.43 12.36 13.06 14.34 13.52 12.02 12.04 10.61 12.96 14.87 16.52 20.67 
9.91 7.76 5.18 3.46 6.00 7.39 8.71 7.84 9.96 11.00 11.89 12.75 16.05 17.40 19.69 18.22 17.36 17.56 18.87 19.15 19.67 19.55 19.85 21.37 20.76 21.22 20.17 20.46 18.47 19.82 18.66 16.99 15.87 15.78 13.72 12.13 12.13 9.47 9.57 12.59 9.50 12.31 11.57 13.16 14.09 12.86 11.57 9.94 10.91 11.45 13.23 15.41 22.78 
12.36 9.31 6.50 6.00 2.75 6.22 5.92 6.68 9.24 10.83 10.41 11.34 14.29 16.39 18.28 16.82 15.76 15.42 17.45 18.64 18.12 18.05 17.60 19.67 19.43 19.62 18.46 18.48 17.04 17.91 17.24 14.46 14.33 14.51 12.53 9.87 8.97 6.31 8.56 9.91 7.91 10.26 10.08 10.54 10.83 12.81 10.43 10.09 9.83 12.79 13.68 14.26 15.50 
13.47 11.71 9.86 7.39 6.22 3.96 6.26 8.73 9.55 11.25 12.00 13.34 15.27 17.92 19.90 18.03 17.41 17.85 19.16 19.81 19.80 18.63 18.76 20.70 20.39 21.11 19.63 20.12 18.97 20.12 19.11 16.37 16.54 16.51 14.39 11.49 10.67 10.91 10.22 10.05 11.15 12.58 9.20 10.75 12.10 12.92 11.01 9.65 9.28 13.69 14.42 16.59 18.36 
14.92 12.72 9.37 8.71 5.92 6.26 1.80 6.70 8.44 10.34 10.14 12.35 13.61 16.35 18.73 16.45 15.92 16.89 18.20 19.26 17.89 17.79 17.13 19.11 17.90 18.47 17.75 18.63 16.12 18.14 18.36 15.99 15.50 15.53 13.65 10.43 11.64 8.77 8.38 9.55 8.74 9.91 7.76 10.29 12.06 12.80 10.55 10.81 11.17 12.60 13.96 15.91 18.68 
14.85 12.94 10.14 7.84 6.68 8.73 6.70 2.18 6.87 8.93 9.01 10.40 12.76 14.55 16.95 15.20 13.55 13.79 16.77 17.20 17.08 15.57 15.75 17.34 16.75 17.45 16.37 16.54 14.76 16.81 17.56 14.61 14.81 14.17 12.37 10.15 9.12 5.43 7.99 9.55 5.58 9.14 9.19 11.39 12.22 13.92 12.81 11.90 12.29 15.09 14.69 16.86 19.93 
16.19 12.66 9.04 9.96 9.24 9.55 8.44 6.87 2.77 6.29 6.86 9.60 12.64 13.67 15.41 14.05 13.58 13.66 15.56 17.22 16.10 15.43 14.78 16.41 15.59 16.65 16.37 16.33 14.83 16.78 16.92 15.05 14.91 14.79 13.39 10.43 11.90 8.83 8.56 11.44 9.34 10.66 10.20 12.15 13.51 15.36 13.55 12.03 12.13 16.99 16.83 18.55 19.94 
16.83 13.14 11.03 11.00 10.83 11.25 10.34 8.93 6.29 2.88 6.16 8.72 9.84 13.04 14.47 12.93 13.31 14.32 15.76 16.99 16.27 15.41 14.91 16.14 14.85 15.11 14.69 14.44 13.34 15.18 15.20 13.07 13.90 14.31 11.37 8.62 10.29 10.05 8.06 9.93 10.86 11.85 9.67 12.21 15.00 16.18 15.13 14.05 14.56 18.09 17.64 20.24 22.78 
16.16 13.96 12.80 11.89 10.41 12.00 10.14 9.01 6.86 6.16 2.19 5.66 6.89 10.51 12.79 12.38 12.66 14.71 16.36 18.16 17.36 16.64 14.79 15.96 13.43 13.48 12.08 12.55 9.76 12.25 13.63 11.88 12.40 13.65 12.60 9.56 10.55 9.77 10.45 11.94 11.32 13.51 12.42 14.43 16.02 17.52 16.96 15.74 16.28 19.08 19.01 20.43 23.73 
18.29 15.01 13.89 12.75 11.34 13.34 12.35 10.40 9.60 8.72 5.66 1.93 5.92 6.80 10.74 12.26 12.97 14.06 15.40 17.24 17.62 15.98 13.54 14.61 12.29 11.59 9.57 10.15 8.83 11.16 11.71 10.70 12.23 13.64 11.73 9.69 10.81 9.77 11.21 13.20 10.31 13.40 14.17 15.54 15.47 17.82 17.71 16.16 16.26 19.49 18.85 21.19 22.70 
18.99 17.05 14.91 16.05 14.29 15.27 13.61 12.76 12.64 9.84 6.89 5.92 3.22 6.28 7.30 10.55 13.71 13.84 14.66 17.04 17.07 16.84 13.47 15.44 12.79 12.39 10.00 9.64 9.30 12.67 13.94 13.12 15.05 15.82 15.07 12.52 15.38 13.70 14.21 16.23 14.00 17.00 17.69 18.45 18.86 20.43 20.73 18.21 18.42 19.59 20.24 22.57 23.27 
20.63 18.39 17.85 17.40 16.39 17.92 16.35 14.55 13.67 13.04 10.51 6.80 6.28 2.37 6.79 8.64 11.10 13.81 14.38 16.54 16.51 16.10 12.37 13.37 11.23 11.74 8.57 7.55 8.84 13.09 14.24 12.97 14.95 17.16 16.06 14.05 16.16 15.60 15.16 16.99 17.58 19.42 19.79 21.34 22.40 23.26 22.74 20.77 21.60 22.73 21.50 23.39 24.19 
22.62 21.84 20.98 19.69 18.28 19.90 18.73 16.95 15.41 14.47 12.79 10.74 7.30 6.79 1.43 7.31 9.46 11.82 13.30 15.92 15.97 15.82 13.62 14.62 12.82 13.36 12.44 13.06 12.00 14.95 16.12 15.19 15.72 18.29 17.57 15.59 17.51 17.44 16.94 19.07 19.21 20.97 21.00 23.13 23.95 24.35 24.17 21.45 23.23 23.47 22.91 24.91 25.16 
22.80 21.70 20.03 18.22 16.82 18.03 16.45 15.20 14.05 12.93 12.38 12.26 10.55 8.64 7.31 1.20 7.25 8.54 10.36 13.28 14.17 13.83 12.17 13.28 11.52 13.03 11.62 14.63 13.92 15.83 15.95 14.66 15.38 16.84 15.52 14.14 15.36 14.10 15.40 16.93 16.81 18.97 19.64 21.01 21.59 23.00 22.59 21.19 22.58 24.88 23.67 24.77 24.60 
22.19 21.33 18.72 17.36 15.76 17.41 15.92 13.55 13.58 13.31 12.66 12.97 13.71 11.10 9.46 7.25 4.20 5.82 7.55 10.53 10.69 10.00 8.43 10.33 10.42 11.51 11.01 13.60 14.28 15.64 15.18 13.76 14.42 15.43 14.17 11.83 13.93 12.38 14.32 14.59 14.57 17.05 18.42 19.44 20.58 21.70 21.88 20.42 22.79 23.46 23.43 25.79 25.60 
22.01 21.51 18.87 17.56 15.42 17.85 16.89 13.79 13.66 14.32 14.71 14.06 13.84 13.81 11.82 8.54 5.82 3.30 6.48 7.52 7.93 8.77 8.14 9.39 10.38 13.12 12.55 14.87 15.01 17.34 16.50 14.59 15.71 15.74 13.59 11.70 13.81 13.44 13.27 13.55 14.48 17.35 17.21 18.68 19.57 21.89 21.56 19.78 21.48 23.66 23.37 24.18 24.95 
23.80 23.20 20.64 18.87 17.45 19.16 18.20 16.77 15.56 15.76 16.36 15.40 14.66 14.38 13.30 10.36 7.55 6.48 3.07 6.76 7.02 8.66 8.38 10.66 11.70 14.03 14.93 17.25 17.45 18.97 18.46 16.96 16.87 17.47 16.03 13.91 14.72 14.19 14.37 13.87 15.98 16.71 17.03 18.21 20.15 20.65 20.51 19.52 21.58 23.17 22.71 24.72 25.46 
25.46 24.55 21.41 19.15 18.64 19.81 19.26 17.20 17.22 16.99 18.16 17.24 17.04 16.54 15.92 13.28 10.53 7.52 6.76 1.41 6.28 7.36 8.72 11.75 13.62 16.01 17.01 19.14 19.80 20.98 20.67 18.70 18.09 18.68 16.67 14.47 14.74 14.42 14.85 14.53 15.14 17.60 17.38 18.87 20.41 22.41 22.12 21.35 22.23 24.57 23.87 25.67 25.71 
25.84 25.00 21.08 19.67 18.12 19.80 17.89 17.08 16.10 16.27 17.36 17.62 17.07 16.51 15.97 14.17 10.69 7.93 7.02 6.28 2.77 5.71 7.42 9.64 13.38 15.18 15.51 17.97 19.49 20.83 18.92 17.56 17.14 17.76 15.09 12.96 14.60 14.55 14.40 13.53 14.87 17.66 17.33 17.46 19.54 21.78 21.25 20.08 21.00 22.90 23.21 25.34 25.95 
25.18 23.87 20.58 19.55 18.05 18.63 17.79 15.57 15.43 15.41 16.64 15.98 16.84 16.10 15.82 13.83 10.00 8.77 8.66 7.36 5.71 1.43 6.18 8.27 9.92 13.22 13.72 16.28 16.96 18.91 17.14 16.19 15.70 17.02 14.49 13.04 15.02 14.70 14.15 13.55 14.48 17.13 15.77 16.44 17.87 20.49 20.49 19.05 19.72 22.35 22.07 23.57 24.40 
25.02 24.01 20.79 19.85 17.60 18.76 17.13 15.75 14.78 14.91 14.79 13.54 13.47 12.37 13.62 12.17 8.43 8.14 8.38 8.72 7.42 6.18 0.00 6.65 7.49 9.51 11.57 13.62 14.02 15.63 15.36 14.19 14.05 15.56 14.95 13.99 15.39 15.18 15.15 14.54 14.73 16.14 15.51 16.40 17.90 19.20 18.70 18.18 19.40 21.04 21.31 22.88 24.58 
26.91 25.58 22.28 21.37 19.67 20.70 19.11 17.34 16.41 16.14 15.96 14.61 15.44 13.37 14.62 13.28 10.33 9.39 10.66 11.75 9.64 8.27 6.65 1.41 6.34 7.88 10.24 13.80 13.63 15.37 15.55 14.89 14.42 16.24 15.87 14.99 16.54 16.75 16.74 16.05 16.09 17.86 17.32 17.87 18.97 20.87 20.37 19.45 20.52 22.68 22.25 23.95 24.73 
26.52 25.56 21.07 20.76 19.43 20.39 17.90 16.75 15.59 14.85 13.43 12.29 12.79 11.23 12.82 11.52 10.42 10.38 11.70 13.62 13.38 9.92 7.49 6.34 3.28 5.96 7.17 10.52 12.25 12.36 12.26 11.45 11.61 14.62 14.96 13.86 15.17 16.28 16.67 15.68 15.53 17.49 17.54 17.78 18.48 20.35 19.72 18.38 19.84 21.61 21.66 24.07 25.74 
26.00 25.23 21.28 21.22 19.62 21.11 18.47 17.45 16.65 15.11 13.48 11.59 12.39 11.74 13.36 13.03 11.51 13.12 14.03 16.01 15.18 13.22 9.51 7.88 5.96 3.30 6.24 8.76 9.65 11.46 11.40 10.58 11.59 14.52 15.09 14.59 15.92 16.46 17.43 17.25 16.58 17.99 17.27 18.74 18.52 20.33 19.96 19.06 19.88 22.06 21.25 23.03 24.61 
25.08 23.90 20.42 20.17 18.46 19.63 17.75 16.37 16.37 14.69 12.08 9.57 10.00 8.57 12.44 11.62 11.01 12.55 14.93 17.01 15.51 13.72 11.57 10.24 7.17 6.24 3.72 6.59 7.04 9.21 8.89 9.41 10.29 13.66 14.28 13.99 15.42 16.24 17.23 17.34 16.62 17.61 16.74 17.97 18.57 19.92 19.16 18.30 20.02 20.80 20.80 22.95 24.70 
24.78 23.62 20.72 20.46 18.48 20.12 18.63 16.54 16.33 14.44 12.55 10.15 9.64 7.55 13.06 14.63 13.60 14.87 17.25 19.14 17.97 16.28 13.62 13.80 10.52 8.76 6.59 4.27 5.90 7.51 8.53 8.46 11.27 14.24 14.78 13.97 16.63 17.40 18.70 18.14 16.78 17.99 17.70 17.94 17.90 19.84 19.52 17.56 18.48 20.39 20.25 22.63 24.04 
23.33 22.13 18.02 18.47 17.04 18.97 16.12 14.76 14.83 13.34 9.76 8.83 9.30 8.84 12.00 13.92 14.28 15.01 17.45 19.80 19.49 16.96 14.02 13.63 12.25 9.65 7.04 5.90 2.79 6.38 6.71 6.20 8.80 12.71 12.68 11.50 14.10 15.50 16.70 15.88 13.78 15.20 16.11 15.55 14.47 17.14 17.53 15.22 15.91 18.75 18.20 21.52 23.67 
23.02 21.96 18.54 19.82 17.91 20.12 18.14 16.81 16.78 15.18 12.25 11.16 12.67 13.09 14.95 15.83 15.64 17.34 18.97 20.98 20.83 18.91 15.63 15.37 12.36 11.46 9.21 7.51 6.38 1.99 6.48 7.36 8.86 12.04 13.78 13.37 15.89 16.59 17.32 17.47 15.81 17.24 17.23 18.02 16.36 19.19 19.31 17.64 17.83 20.35 19.63 21.75 23.64 
21.55 20.55 17.55 18.66 17.24 19.11 18.36 17.56 16.92 15.20 13.63 11.71 13.94 14.24 16.12 15.95 15.18 16.50 18.46 20.67 18.92 17.14 15.36 15.55 12.26 11.40 8.89 8.53 6.71 6.48 2.10 5.88 7.93 10.77 13.15 12.23 14.25 15.71 16.64 16.87 16.20 17.56 16.88 17.65 18.09 19.79 19.57 17.44 18.57 20.10 20.20 22.85 24.29 
18.68 17.63 15.54 16.99 14.46 16.37 15.99 14.61 15.05 13.07 11.88 10.70 13.12 12.97 15.19 14.66 13.76 14.59 16.96 18.70 17.56 16.19 14.19 14.89 11.45 10.58 9.41 8.46 6.20 7.36 5.88 0.05 5.67 8.46 8.96 9.05 11.83 13.31 14.37 15.31 13.83 14.28 14.39 15.21 14.96 17.56 16.45 14.49 15.67 18.31 18.10 20.54 22.82 
17.36 16.20 14.26 15.87 14.33 16.54 15.50 14.81 14.91 13.90 12.40 12.23 15.05 14.95 15.72 15.38 14.42 15.71 16.87 18.09 17.14 15.70 14.05 14.42 11.61 11.59 10.29 11.27 8.80 8.86 7.93 5.67 1.18 6.97 7.21 8.55 11.08 12.49 13.99 15.24 12.70 13.34 14.79 15.84 14.17 16.93 17.62 15.24 14.89 17.64 17.91 21.38 23.59 
17.88 16.58 13.30 15.78 14.51 16.51 15.53 14.17 14.79 14.31 13.65 13.64 15.82 17.16 18.29 16.84 15.43 15.74 17.47 18.68 17.76 17.02 15.56 16.24 14.62 14.52 13.66 14.24 12.71 12.04 10.77 8.46 6.97 2.89 7.10 7.23 10.50 12.20 13.29 15.19 12.88 14.08 14.58 15.52 14.33 17.87 18.77 15.99 15.79 18.65 19.23 20.50 22.23 
16.52 14.55 11.18 13.72 12.53 14.39 13.65 12.37 13.39 11.37 12.60 11.73 15.07 16.06 17.57 15.52 14.17 13.59 16.03 16.67 15.09 14.49 14.95 15.87 14.96 15.09 14.28 14.78 12.68 13.78 13.15 8.96 7.21 7.10 5.02 5.39 7.84 9.07 10.48 12.77 10.73 13.08 12.85 14.00 15.31 17.68 18.01 15.70 15.70 18.68 19.59 21.33 22.29 
15.06 12.75 10.42 12.13 9.87 11.49 10.43 10.15 10.43 8.62 9.56 9.69 12.52 14.05 15.59 14.14 11.83 11.70 13.91 14.47 12.96 13.04 13.99 14.99 13.86 14.59 13.99 13.97 11.50 13.37 12.23 9.05 8.55 7.23 5.39 2.39 6.31 6.46 8.50 10.43 10.76 10.00 10.59 13.45 15.01 16.78 15.73 14.59 15.31 17.73 18.26 20.09 21.96 
15.43 13.21 10.76 12.13 8.97 10.67 11.64 9.12 11.90 10.29 10.55 10.81 15.38 16.16 17.51 15.36 13.93 13.81 14.72 14.74 14.60 15.02 15.39 16.54 15.17 15.92 15.42 16.63 14.10 15.89 14.25 11.83 11.08 10.50 7.84 6.31 4.74 6.56 7.53 10.84 8.94 10.03 11.18 14.07 14.75 16.16 15.21 14.26 14.29 16.83 17.33 20.51 21.34 
15.47 13.42 9.53 9.47 6.31 10.91 8.77 5.43 8.83 10.05 9.77 9.77 13.70 15.60 17.44 14.10 12.38 13.44 14.19 14.42 14.55 14.70 15.18 16.75 16.28 16.46 16.24 17.40 15.50 16.59 15.71 13.31 12.49 12.20 9.07 6.46 6.56 3.14 5.88 7.25 6.61 9.60 10.72 12.63 13.10 16.43 15.85 13.75 13.84 17.77 17.85 18.59 20.50 
16.64 15.31 10.78 9.57 8.56 10.22 8.38 7.99 8.56 8.06 10.45 11.21 14.21 15.16 16.94 15.40 14.32 13.27 14.37 14.85 14.40 14.15 15.15 16.74 16.67 17.43 17.23 18.70 16.70 17.32 16.64 14.37 13.99 13.29 10.48 8.50 7.53 5.88 3.74 7.17 7.63 9.65 11.03 12.96 13.60 16.44 14.51 13.90 13.76 16.75 17.56 20.45 21.81 
17.88 15.77 11.97 12.59 9.91 10.05 9.55 9.55 11.44 9.93 11.94 13.20 16.23 16.99 19.07 16.93 14.59 13.55 13.87 14.53 13.53 13.55 14.54 16.05 15.68 17.25 17.34 18.14 15.88 17.47 16.87 15.31 15.24 15.19 12.77 10.43 10.84 7.25 7.17 2.55 6.98 8.90 9.26 10.81 13.04 13.78 12.75 13.31 13.97 16.24 18.13 19.58 21.86 
17.79 16.27 12.02 9.50 7.91 11.15 8.74 5.58 9.34 10.86 11.32 10.31 14.00 17.58 19.21 16.81 14.57 14.48 15.98 15.14 14.87 14.48 14.73 16.09 15.53 16.58 16.62 16.78 13.78 15.81 16.20 13.83 12.70 12.88 10.73 10.76 8.94 6.61 7.63 6.98 2.48 6.24 7.19 8.91 11.21 12.01 11.49 11.31 11.82 14.24 15.74 19.23 20.58 
19.10 17.29 12.43 12.31 10.26 12.58 9.91 9.14 10.66 11.85 13.51 13.40 17.00 19.42 20.97 18.97 17.05 17.35 16.71 17.60 17.66 17.13 16.14 17.86 17.49 17.99 17.61 17.99 15.20 17.24 17.56 14.28 13.34 14.08 13.08 10.00 10.03 9.60 9.65 8.90 6.24 2.94 6.38 7.59 9.07 11.32 9.93 11.52 11.84 14.75 15.62 18.03 20.57 
19.32 16.23 12.36 11.57 10.08 9.20 7.76 9.19 10.20 9.67 12.42 14.17 17.69 19.79 21.00 19.64 18.42 17.21 17.03 17.38 17.33 15.77 15.51 17.32 17.54 17.27 16.74 17.70 16.11 17.23 16.88 14.39 14.79 14.58 12.85 10.59 11.18 10.72 11.03 9.26 7.19 6.38 3.77 5.12 7.27 7.03 7.64 8.10 9.27 12.12 14.28 16.99 19.68 
18.55 16.88 13.06 13.16 10.54 10.75 10.29 11.39 12.15 12.21 14.43 15.54 18.45 21.34 23.13 21.01 19.44 18.68 18.21 18.87 17.46 16.44 16.40 17.87 17.78 18.74 17.97 17.94 15.55 18.02 17.65 15.21 15.84 15.52 14.00 13.45 14.07 12.63 12.96 10.81 8.91 7.59 5.12 2.82 6.08 5.96 7.32 10.06 11.41 13.61 14.39 16.81 19.19 
19.18 17.49 14.34 14.09 10.83 12.10 12.06 12.22 13.51 15.00 16.02 15.47 18.86 22.40 23.95 21.59 20.58 19.57 20.15 20.41 19.54 17.87 17.90 18.97 18.48 18.52 18.57 17.90 14.47 16.36 18.09 14.96 14.17 14.33 15.31 15.01 14.75 13.10 13.60 13.04 11.21 9.07 7.27 6.08 2.37 5.90 7.02 9.86 10.49 12.44 14.97 16.51 18.49 
19.65 17.48 13.52 12.86 12.81 12.92 12.80 13.92 15.36 16.18 17.52 17.82 20.43 23.26 24.35 23.00 21.70 21.89 20.65 22.41 21.78 20.49 19.20 20.87 20.35 20.33 19.92 19.84 17.14 19.19 19.79 17.56 16.93 17.87 17.68 16.78 16.16 16.43 16.44 13.78 12.01 11.32 7.03 5.96 5.90 0.97 6.67 9.57 11.22 13.29 12.85 16.72 18.39 
19.59 15.96 12.02 11.57 10.43 11.01 10.55 12.81 13.55 15.13 16.96 17.71 20.73 22.74 24.17 22.59 21.88 21.56 20.51 22.12 21.25 20.49 18.70 20.37 19.72 19.96 19.16 19.52 17.53 19.31 19.57 16.45 17.62 18.77 18.01 15.73 15.21 15.85 14.51 12.75 11.49 9.93 7.64 7.32 7.02 6.67 4.04 6.96 6.71 10.93 12.48 14.06 17.51 
17.66 14.26 12.04 9.94 10.09 9.65 10.81 11.90 12.03 14.05 15.74 16.16 18.21 20.77 21.45 21.19 20.42 19.78 19.52 21.35 20.08 19.05 18.18 19.45 18.38 19.06 18.30 17.56 15.22 17.64 17.44 14.49 15.24 15.99 15.70 14.59 14.26 13.75 13.90 13.31 11.31 11.52 8.10 10.06 9.86 9.57 6.96 1.03 7.26 10.41 9.83 14.13 15.85 
17.38 13.71 10.61 10.91 9.83 9.28 11.17 12.29 12.13 14.56 16.28 16.26 18.42 21.60 23.23 22.58 22.79 21.48 21.58 22.23 21.00 19.72 19.40 20.52 19.84 19.88 20.02 18.48 15.91 17.83 18.57 15.67 14.89 15.79 15.70 15.31 14.29 13.84 13.76 13.97 11.82 11.84 9.27 11.41 10.49 11.22 6.71 7.26 0.00 8.29 6.55 12.59 14.17 
18.32 15.45 12.96 11.45 12.79 13.69 12.60 15.09 16.99 18.09 19.08 19.49 19.59 22.73 23.47 24.88 23.46 23.66 23.17 24.57 22.90 22.35 21.04 22.68 21.61 22.06 20.80 20.39 18.75 20.35 20.10 18.31 17.64 18.65 18.68 17.73 16.83 17.77 16.75 16.24 14.24 14.75 12.12 13.61 12.44 13.29 10.93 10.41 8.29 0.00 3.13 5.16 12.09 
19.67 17.27 14.87 13.23 13.68 14.42 13.96 14.69 16.83 17.64 19.01 18.85 20.24 21.50 22.91 23.67 23.43 23.37 22.71 23.87 23.21 22.07 21.31 22.25 21.66 21.25 20.80 20.25 18.20 19.63 20.20 18.10 17.91 19.23 19.59 18.26 17.33 17.85 17.56 18.13 15.74 15.62 14.28 14.39 14.97 12.85 12.48 9.83 6.55 3.13 0.00 3.63 9.05 
20.13 18.27 16.52 15.41 14.26 16.59 15.91 16.86 18.55 20.24 20.43 21.19 22.57 23.39 24.91 24.77 25.79 24.18 24.72 25.67 25.34 23.57 22.88 23.95 24.07 23.03 22.95 22.63 21.52 21.75 22.85 20.54 21.38 20.50 21.33 20.09 20.51 18.59 20.45 19.58 19.23 18.03 16.99 16.81 16.51 16.72 14.06 14.13 12.59 5.16 3.63 1.58 11.09 
21.81 22.12 20.67 22.78 15.50 18.36 18.68 19.93 19.94 22.78 23.73 22.70 23.27 24.19 25.16 24.60 25.60 24.95 25.46 25.71 25.95 24.40 24.58 24.73 25.74 24.61 24.70 24.04 23.67 23.64 24.29 22.82 23.59 22.23 22.29 21.96 21.34 20.50 21.81 21.86 20.58 20.57 19.68 19.19 18.49 18.39 17.51 15.85 14.17 12.09 9.05 11.09 10.65 
