1.40 5.35 5.03 7.17 9.21 10.31 10.33 12.40 13.98 14.09 15.83 18.34 19.77 20.71 21.97 22.51 22.33 21.40 20.61 19.96 19.57 18.80 18.96 18.20 19.47 19.61 19.68 19.21 18.71 18.20 17.90 19.23 19.69 20.69 21.72 23.09 22.31 22.57 22.99 23.54 23.56 23.58 24.77 25.04 25.27 25.45 26.40 26.94 27.76 28.05 28.91 29.71 30.63 31.37 32.89 33.98 35.53 36.37 36.90 36.90 37.01 36.63 35.73 35.05 36.95 35.80 34.10 32.91 34.04 32.72 33.52 35.23 36.99 35.05 35.33 36.46 36.63 35.52 37.18 36.42 36.01 35.99 36.03 35.79 36.15 36.60 36.95 37.32 36.94 36.35 36.78 36.52 35.96 34.41 34.02 33.54 34.18 33.34 32.23 32.15 33.55 32.52 31.57 32.07 33.50 33.04 32.12 32.67 32.96 32.91 31.76 32.17 32.69 32.90 32.48 33.18 35.03 35.34 34.84 35.49 34.81 34.79 35.30 34.13 33.15 34.21 34.93 33.82 33.14 34.52 35.35 34.55 35.34 35.52 35.80 35.28 34.82 34.39 33.69 34.01 34.01 33.46 33.14 34.03 34.81 34.14 34.55 34.95 34.41 34.51 34.69 34.99 33.65 33.39 31.91 30.53 29.36 28.54 27.89 27.56 28.62 27.43 27.27 27.36 28.87 28.52 29.35 30.10 31.87 32.25 33.84 34.32 35.88 36.98 37.96 37.07 38.97 39.36 39.44 37.21 37.16 37.89 37.43 36.25 37.72 37.99 37.33 36.88 38.41 38.51 38.51 39.27 39.68 38.88 39.27 39.31 37.85 36.75 37.58 37.83 37.68 36.95 38.13 39.18 38.48 36.72 37.19 36.31 35.86 36.04 36.59 36.50 36.15 35.70 35.57 35.86 35.08 33.69 33.59 33.03 32.56 31.41 31.04 29.82 30.19 29.58 30.58 30.23 32.08 32.12 30.57 29.27 26.65 26.18 25.46 24.87 24.16 25.01 26.15 26.94 28.74 29.96 30.63 31.92 32.24 31.37 31.03 31.33 30.53 29.37 30.05 29.10 23.72 24.80 27.83 26.99 
5.35 1.24 4.81 5.91 8.15 8.30 8.75 11.75 12.56 12.54 14.04 16.27 18.75 18.57 20.93 20.74 20.88 19.86 19.88 18.69 18.43 17.32 17.83 17.44 19.20 19.21 19.39 18.73 18.66 17.27 16.78 18.28 19.21 19.75 20.99 22.24 21.78 21.25 21.97 22.53 22.43 22.04 23.30 24.09 24.12 24.28 25.28 25.77 26.27 26.84 27.92 28.77 29.44 30.50 32.06 33.17 34.13 35.66 36.31 36.48 36.08 36.36 35.11 34.44 36.03 35.29 34.02 32.72 34.04 32.31 33.06 34.67 36.51 34.16 34.75 36.25 36.33 35.12 36.88 36.05 35.21 35.44 35.51 35.66 35.64 36.57 36.64 37.24 36.51 36.04 36.91 36.79 35.57 34.31 34.17 33.63 34.18 33.46 32.65 32.47 33.89 32.95 32.00 32.36 33.83 33.07 32.69 33.33 33.72 33.60 32.67 32.88 33.43 33.29 33.20 34.06 36.04 36.34 35.69 36.34 35.66 35.39 36.45 35.12 33.82 34.94 35.90 34.22 33.60 34.78 35.86 34.42 35.61 35.48 35.93 34.86 34.46 33.99 33.59 34.19 34.06 33.32 33.16 34.15 34.90 34.07 34.54 35.37 34.25 34.52 34.53 35.25 33.53 33.25 31.51 30.05 28.94 27.86 27.16 26.62 28.04 26.43 26.33 26.33 28.25 27.24 28.18 29.12 30.97 31.07 32.51 33.38 34.85 36.36 36.84 36.18 37.78 38.90 38.81 36.79 36.32 37.80 36.64 35.53 36.48 37.44 36.15 36.03 36.88 37.45 36.85 38.06 37.66 37.52 37.98 38.53 36.25 35.54 36.45 37.08 36.27 35.81 37.06 38.76 37.46 35.82 36.11 35.65 34.47 34.96 34.99 35.26 33.95 33.93 33.45 34.31 32.93 31.74 31.24 31.21 30.29 29.43 28.84 28.26 28.35 28.29 28.45 29.05 30.86 30.93 28.93 27.74 25.19 24.76 23.91 23.60 22.90 23.62 24.62 25.60 27.54 28.70 28.82 30.59 31.10 30.28 29.24 30.54 30.02 28.41 29.18 28.35 23.27 23.74 26.96 26.67 
5.03 4.81 0.00 2.59 5.75 6.15 6.27 7.94 9.24 10.06 10.26 12.15 13.67 14.01 15.78 15.99 16.05 15.00 15.74 14.95 15.19 14.32 15.44 15.51 18.22 17.68 17.69 17.24 17.19 15.20 13.61 15.33 16.38 16.99 17.88 19.24 18.43 18.43 18.90 19.70 19.43 19.09 20.45 21.15 21.34 21.52 22.37 22.69 22.91 23.89 25.35 25.74 26.51 27.96 29.60 30.44 31.24 33.00 33.65 33.52 32.92 33.27 32.71 31.62 33.29 32.69 32.30 30.57 31.59 29.80 30.99 32.38 34.04 31.69 32.62 33.92 33.72 32.28 34.51 33.47 32.45 32.89 33.21 33.22 33.41 34.25 34.49 34.85 34.13 33.85 34.79 34.47 33.53 32.06 32.56 31.57 32.05 31.63 31.39 31.09 32.41 31.35 30.82 31.06 32.13 31.69 31.40 32.20 32.25 32.18 31.66 31.77 31.88 32.01 32.39 33.41 35.27 35.28 34.73 35.25 34.30 34.29 35.43 34.30 33.04 33.91 34.77 32.85 32.04 33.42 34.36 32.81 33.74 33.52 34.05 32.74 31.82 31.54 31.44 32.16 31.69 30.84 31.30 32.07 32.59 31.83 32.92 33.47 32.06 32.19 32.48 32.97 31.20 30.78 28.77 27.31 26.06 24.89 23.98 23.81 25.32 23.49 23.46 23.56 25.42 24.39 25.55 26.37 28.26 28.34 29.90 30.34 31.97 33.25 33.99 32.91 34.91 35.90 36.33 34.13 33.90 35.00 34.33 32.80 33.89 34.84 33.78 33.18 33.71 34.02 33.48 34.20 33.46 33.60 34.74 34.93 32.31 31.80 33.31 33.57 32.70 32.20 34.09 35.41 34.32 32.32 33.13 32.16 31.06 31.18 31.53 31.41 29.98 29.61 29.35 30.05 28.54 26.94 26.71 26.67 25.84 24.92 24.59 24.20 24.88 24.44 24.95 25.22 27.96 27.48 24.80 23.35 21.44 20.69 19.97 19.90 19.39 20.13 20.79 22.07 24.24 25.16 24.90 26.91 28.21 26.91 25.74 26.96 27.00 25.41 25.74 24.64 21.07 21.47 23.87 23.43 
7.17 5.91 2.59 0.24 4.73 6.06 5.25 7.20 8.99 10.20 10.23 11.94 13.89 14.36 16.34 17.20 17.73 16.90 17.64 17.29 17.45 16.62 17.80 17.39 20.39 19.38 19.45 18.21 18.83 16.13 14.50 16.23 17.71 18.10 19.14 20.40 20.26 20.08 20.66 21.13 21.10 20.57 21.61 22.51 22.60 22.68 23.22 23.63 24.18 25.03 26.10 27.15 28.16 29.40 30.61 31.99 32.91 34.51 34.94 35.14 34.82 35.04 33.90 33.30 34.55 33.99 32.91 31.70 32.84 31.17 31.96 33.76 35.31 33.13 33.87 35.54 35.60 34.21 36.15 35.47 34.57 34.84 34.80 34.94 34.98 35.96 35.96 36.47 36.03 35.69 36.07 36.16 35.31 34.02 33.88 33.54 33.85 33.52 32.86 32.96 33.97 33.26 32.50 33.07 34.21 33.98 33.39 34.22 34.22 34.38 33.59 33.82 33.93 34.29 34.45 35.52 36.99 37.38 36.80 37.49 36.54 36.44 37.15 36.31 34.90 35.58 36.27 34.80 33.91 35.22 35.98 34.68 35.54 35.34 35.70 34.55 33.88 33.60 33.34 33.96 33.54 32.99 33.19 33.67 33.93 33.43 34.21 34.67 33.36 33.75 34.03 34.61 32.76 32.24 30.24 28.92 27.47 26.16 24.99 24.91 26.03 24.35 23.94 24.37 25.95 25.36 26.31 27.46 29.41 29.38 30.54 31.54 33.18 34.26 34.72 34.28 36.47 37.09 37.15 35.29 35.42 36.23 35.20 34.08 35.19 35.75 34.61 34.19 35.10 35.25 34.47 35.53 35.19 35.03 35.84 36.25 34.11 33.47 34.60 35.04 34.28 33.80 35.24 36.68 35.62 33.71 34.06 33.47 32.45 32.65 32.53 32.85 31.63 31.33 30.67 31.56 30.26 28.60 28.03 28.13 27.40 26.32 25.76 25.47 25.75 25.61 25.56 26.38 28.50 28.20 25.29 23.95 22.13 21.25 20.22 20.28 20.28 20.61 21.52 22.67 24.92 25.91 25.42 27.37 28.63 28.06 26.39 27.50 27.89 26.56 27.07 25.45 21.71 22.29 24.58 23.56 
9.21 8.15 5.75 4.73 1.29 6.00 6.42 6.99 7.95 8.83 10.71 12.58 13.77 15.09 16.76 17.42 17.01 16.04 17.11 16.38 16.57 15.84 17.11 16.65 19.39 19.53 19.57 18.28 17.85 15.61 15.03 16.19 17.28 17.56 18.92 20.57 19.92 19.80 20.15 20.93 20.72 20.54 21.81 22.38 22.25 22.63 23.51 23.98 24.24 25.03 26.11 26.94 27.78 28.87 30.61 31.67 32.65 34.19 35.03 35.03 35.41 34.79 33.81 32.23 34.41 32.93 31.71 30.12 32.65 29.95 30.99 32.71 34.77 31.87 32.86 34.68 35.55 33.60 36.01 34.82 33.96 34.13 34.44 34.30 34.86 35.41 35.70 36.13 35.59 34.86 35.65 35.47 35.18 33.14 33.24 32.61 33.91 32.77 31.92 31.88 33.80 32.52 31.57 32.24 33.88 33.31 32.23 33.17 33.53 33.38 32.19 32.73 33.70 34.08 33.66 34.94 36.98 37.41 36.52 37.58 36.97 36.86 37.25 36.22 34.74 35.69 36.46 34.83 34.06 35.43 36.03 34.67 35.66 35.52 35.57 34.56 34.33 33.77 32.94 33.56 33.54 33.00 32.60 33.53 34.13 33.49 34.09 34.78 33.84 34.16 34.61 34.96 32.94 32.36 30.71 28.78 27.53 25.96 25.33 24.59 25.97 24.06 24.29 24.22 26.46 25.46 26.55 27.02 29.03 28.85 30.34 30.72 32.90 33.73 34.87 33.58 36.44 36.82 37.40 34.60 35.61 36.02 35.56 33.50 35.38 35.38 34.42 33.71 35.82 35.29 35.08 35.98 36.50 35.35 36.29 36.78 35.61 33.94 35.34 35.72 35.64 34.42 36.20 37.91 37.35 34.81 35.51 34.66 34.10 33.94 34.18 34.42 33.69 33.05 32.54 33.32 32.58 30.53 30.22 30.02 29.66 28.32 28.18 27.29 27.98 27.27 28.09 27.78 30.25 29.93 27.99 25.84 24.06 22.75 22.02 21.14 20.91 21.67 22.96 23.37 24.98 26.32 26.91 28.16 28.82 27.83 27.43 27.65 26.75 25.17 26.10 23.95 19.66 20.65 23.60 21.30 
10.31 8.30 6.15 6.06 6.00 0.00 5.24 7.24 6.41 7.26 8.61 11.39 12.16 13.23 15.66 15.78 15.47 14.51 15.66 14.98 14.92 14.46 16.54 15.99 18.79 19.41 19.44 18.40 17.41 14.99 14.05 15.16 15.69 16.33 17.45 19.47 18.40 17.77 18.09 19.29 18.81 18.79 20.16 21.23 20.54 21.40 22.31 22.72 22.62 23.97 24.91 25.77 26.50 27.95 29.78 30.79 31.61 33.56 34.55 34.55 34.58 34.46 32.95 31.60 33.56 32.55 31.31 29.78 31.92 29.35 30.37 32.26 34.28 31.14 32.18 34.12 34.75 32.88 35.47 34.05 33.13 33.39 33.93 33.73 34.31 35.12 35.48 35.63 34.89 34.21 35.49 35.25 34.07 32.42 32.80 32.06 33.13 32.22 31.51 31.47 33.16 31.92 31.00 31.47 33.06 32.18 31.58 32.50 32.91 32.59 31.76 32.14 33.22 33.27 33.25 34.43 36.92 37.10 36.24 37.12 36.65 36.28 37.12 35.94 34.24 35.32 36.22 34.22 33.29 34.84 35.36 33.53 34.66 34.42 34.50 33.10 32.82 32.33 31.50 32.35 32.52 31.77 31.62 32.35 33.59 32.77 33.37 34.08 32.89 33.42 33.68 34.14 31.71 31.27 29.27 27.36 25.79 24.61 23.75 23.25 24.66 22.86 22.88 23.13 25.20 24.11 25.02 25.97 27.96 27.47 28.95 29.54 31.74 33.07 33.68 32.61 35.34 36.32 36.63 34.07 34.48 35.61 34.43 32.81 34.13 34.68 33.17 32.82 34.23 34.22 33.53 34.82 34.63 34.05 34.90 35.58 33.77 32.49 33.92 34.46 33.91 33.00 34.88 36.87 35.96 33.31 34.09 33.19 31.92 32.13 32.21 32.40 31.09 30.79 30.09 31.07 29.98 28.15 27.69 27.75 27.32 26.24 26.07 25.45 26.32 25.87 26.57 26.55 29.44 28.99 26.70 24.36 22.51 21.35 19.98 19.36 18.79 19.72 20.24 20.86 22.23 23.90 23.58 25.43 25.89 24.97 23.54 24.84 23.61 22.68 22.27 21.35 16.49 18.34 20.73 19.39 
10.33 8.75 6.27 5.25 6.42 5.24 0.00 5.02 6.39 5.90 6.84 8.66 10.16 10.71 12.57 12.35 12.05 11.04 12.63 12.45 13.06 13.41 16.37 16.00 18.76 19.29 19.69 17.82 17.48 14.49 13.33 13.99 14.49 13.83 15.20 16.79 16.25 15.36 15.93 17.08 16.99 16.62 18.26 19.00 18.62 19.27 20.63 20.62 20.54 21.86 23.45 24.15 24.72 26.42 28.24 29.20 29.66 31.99 32.89 32.82 32.60 32.68 31.73 30.00 31.93 31.32 30.69 28.93 30.64 28.35 29.40 31.09 32.73 29.80 30.85 32.62 33.13 31.28 34.07 32.57 31.50 31.95 32.41 32.52 33.12 33.88 34.07 34.37 33.52 32.83 34.15 33.86 32.94 31.02 31.64 30.78 31.86 30.81 30.35 30.15 31.67 30.18 29.63 29.89 31.16 30.35 29.88 30.72 30.92 30.74 30.38 30.41 31.45 31.49 31.63 32.69 35.06 35.43 34.65 35.31 34.93 34.69 35.80 34.44 32.92 33.75 34.88 32.45 31.78 33.05 33.77 31.55 32.70 32.22 32.62 31.02 30.81 30.09 29.64 30.34 30.59 29.80 30.02 30.58 31.84 30.98 31.82 32.48 31.40 31.82 32.10 32.46 29.96 29.45 27.22 25.50 24.06 22.76 21.93 21.74 23.17 21.07 21.35 21.82 23.91 22.41 23.61 24.59 26.33 25.89 27.33 27.96 30.07 31.42 32.30 30.89 33.83 34.71 35.37 32.58 33.23 33.92 33.22 31.13 32.86 33.14 31.66 30.90 32.31 32.09 31.60 32.40 32.32 31.70 32.94 33.23 31.30 30.16 31.99 32.07 31.65 30.80 33.01 34.74 33.84 31.18 32.20 30.79 29.47 29.45 29.73 29.51 27.78 27.50 26.90 27.89 26.49 24.76 24.50 24.75 24.26 23.57 23.54 23.47 24.29 24.23 24.63 25.05 27.96 27.86 25.05 22.79 20.82 19.29 18.02 16.93 16.85 16.77 17.36 17.66 19.47 20.53 20.49 22.41 23.18 21.61 20.73 22.05 21.60 19.88 19.96 18.99 15.14 15.68 18.37 17.21 
12.40 11.75 7.94 7.20 6.99 7.24 5.02 0.00 5.09 6.80 6.05 7.41 9.12 10.48 12.63 12.78 12.78 11.80 14.01 14.00 15.32 15.39 18.36 17.63 21.53 21.35 21.60 19.58 18.97 16.02 14.44 14.93 15.12 14.87 16.26 18.05 17.56 17.01 17.09 18.15 18.59 17.98 19.53 20.72 20.45 21.24 22.02 22.43 22.41 24.17 25.16 26.41 26.92 28.91 30.07 31.68 32.12 34.45 34.87 35.26 34.75 35.35 33.57 32.83 34.11 33.99 32.33 31.18 32.37 30.74 31.14 33.57 35.07 32.43 33.03 35.21 35.38 34.02 36.41 35.39 34.02 34.48 34.69 34.89 34.90 35.98 35.96 36.74 35.74 35.14 35.90 36.28 35.11 33.52 33.36 33.16 33.87 33.21 32.08 32.31 33.53 32.44 31.43 31.89 33.21 32.69 31.91 32.88 32.83 32.95 32.13 32.45 33.42 33.70 33.45 34.71 36.78 37.39 36.47 37.47 36.93 36.53 37.08 36.42 34.54 35.53 36.16 34.53 33.55 35.03 35.20 33.71 34.60 34.40 34.13 32.94 32.62 32.25 31.36 32.26 32.18 31.64 31.64 32.40 32.95 32.28 32.98 33.87 32.30 33.16 33.26 33.91 31.15 30.83 28.55 26.90 25.10 24.08 22.95 23.14 24.30 22.53 22.64 23.49 25.08 24.66 25.57 26.85 28.45 28.39 29.42 30.53 32.18 33.92 34.27 33.75 36.14 37.21 37.22 35.18 35.21 36.68 35.10 33.95 35.04 35.69 33.76 33.49 34.49 34.83 33.68 35.18 34.89 34.46 35.13 35.74 33.61 32.83 34.06 34.74 34.03 33.51 35.18 37.20 36.17 33.64 33.89 33.11 31.44 31.76 31.16 31.61 29.68 29.46 28.48 29.78 28.23 26.43 26.02 26.63 25.92 25.30 25.25 25.54 26.06 26.33 26.69 27.40 29.76 29.82 26.71 24.52 22.24 21.00 18.96 18.14 17.48 17.93 18.11 18.96 20.24 22.18 21.37 23.82 23.52 22.87 21.40 22.85 21.56 20.65 20.76 19.79 15.23 16.43 19.00 17.51 
13.98 12.56 9.24 8.99 7.95 6.41 6.39 5.09 0.00 4.86 6.44 6.56 7.46 8.95 11.59 11.92 11.58 11.04 13.16 14.04 15.52 16.74 18.77 19.55 22.67 23.30 23.12 21.32 20.38 17.12 15.90 16.06 15.68 15.19 16.66 18.12 17.34 16.84 16.91 18.14 17.97 17.72 19.36 20.62 20.23 21.24 21.76 22.45 22.83 24.46 25.46 26.67 27.38 29.26 30.51 32.01 32.19 34.56 35.15 35.76 35.63 35.77 34.10 32.81 34.44 33.54 32.17 30.84 33.08 30.88 31.09 33.32 35.10 32.36 33.01 35.33 35.92 34.55 36.81 35.58 34.15 34.73 34.87 34.81 34.94 35.93 35.94 36.54 35.50 34.84 35.87 35.92 35.24 33.44 33.56 33.05 34.11 33.04 32.09 32.12 33.58 32.48 31.50 32.06 33.51 32.89 32.02 32.97 33.05 32.92 32.08 32.43 33.49 33.53 33.34 34.50 36.74 37.06 36.31 37.49 37.07 36.50 37.30 36.10 34.57 35.57 36.55 34.43 33.53 34.84 35.36 33.32 34.38 34.23 33.92 32.55 32.39 32.00 31.04 31.68 31.61 31.27 30.88 31.29 31.82 31.13 32.03 32.51 31.32 32.03 32.57 32.57 30.22 29.48 27.80 25.96 24.61 23.43 22.65 22.58 23.60 21.79 22.18 22.78 24.97 24.73 25.79 26.93 28.54 28.67 29.63 30.54 32.34 34.15 34.38 33.89 36.53 37.33 37.25 35.16 35.75 37.01 35.52 34.15 35.29 35.67 33.56 33.49 34.96 35.17 33.97 35.52 35.23 34.67 35.01 35.98 34.12 33.20 34.27 35.07 34.40 33.68 35.25 37.41 36.60 33.82 34.06 33.03 31.67 31.55 30.88 31.22 29.74 29.01 28.16 29.39 28.35 26.37 25.95 26.44 25.96 25.30 25.12 25.34 25.98 26.37 27.04 27.50 29.72 29.82 26.99 24.97 22.73 20.90 19.52 18.31 17.50 17.60 18.00 18.48 19.97 21.56 21.39 22.92 22.17 21.37 20.69 21.31 20.17 19.00 20.21 18.59 13.18 14.26 16.98 16.76 
14.09 12.54 10.06 10.20 8.83 7.26 5.90 6.80 4.86 0.00 4.74 7.23 6.29 7.09 9.55 10.14 10.68 9.56 11.57 11.88 13.87 14.65 18.19 18.37 21.50 22.41 22.88 21.03 18.96 16.38 14.98 14.91 13.62 13.56 14.77 16.11 14.90 14.38 14.40 15.75 15.21 15.28 17.28 18.55 17.95 19.21 20.30 20.66 20.95 22.83 24.02 25.27 25.97 27.81 29.61 30.90 31.05 33.40 34.44 34.76 34.42 34.63 32.92 31.72 33.20 32.66 31.17 29.87 31.62 29.88 30.20 32.27 33.76 31.12 31.83 33.98 34.48 33.16 35.39 34.11 32.75 33.27 33.42 33.51 33.86 34.93 34.74 34.99 33.96 33.43 34.45 34.35 33.29 31.85 31.84 31.39 32.33 31.54 30.42 30.66 31.97 30.81 29.68 30.26 31.31 30.71 30.05 31.12 31.00 30.91 30.14 30.58 31.32 31.39 31.36 32.84 35.01 35.24 34.32 35.42 34.81 34.50 35.41 34.52 32.43 33.84 34.65 32.54 30.97 32.89 33.30 31.23 31.90 31.85 31.58 30.17 29.74 29.50 28.43 29.36 29.44 29.17 28.55 29.09 29.79 29.66 29.92 30.76 29.27 30.35 30.40 30.63 27.52 27.21 25.06 23.01 21.53 20.55 19.70 19.52 21.07 19.57 19.79 20.57 22.86 22.62 23.73 25.10 26.63 26.55 27.44 28.67 30.68 32.55 32.70 32.06 34.58 35.86 35.62 33.63 33.82 35.57 33.68 32.44 33.13 34.10 31.64 31.86 32.84 33.43 32.05 33.72 33.04 32.80 33.19 34.16 32.11 31.19 32.29 33.06 32.14 31.63 33.18 35.46 34.16 31.63 31.64 30.93 28.80 29.17 28.01 28.40 26.08 26.03 24.91 26.28 24.82 23.45 22.96 23.46 23.12 23.01 23.24 23.56 24.35 25.09 25.88 26.49 28.60 29.11 26.15 24.58 21.50 19.73 17.79 16.77 16.11 15.27 15.19 15.56 17.27 18.76 18.33 19.56 18.98 18.37 16.77 17.36 16.19 15.43 16.58 14.69 9.16 11.05 13.94 14.78 
15.83 14.04 10.26 10.23 10.71 8.61 6.84 6.05 6.44 4.74 0.00 5.52 7.31 6.35 8.69 9.36 9.62 9.72 11.52 11.78 13.87 15.95 19.01 19.98 22.77 24.02 24.79 22.33 20.11 17.24 16.41 15.51 14.50 13.65 15.15 16.07 14.90 13.89 14.08 15.57 15.22 15.02 17.13 18.11 17.58 18.91 20.44 20.52 20.83 22.51 24.24 25.27 25.91 27.86 29.74 31.12 30.86 33.59 34.70 35.03 34.29 34.76 33.50 32.19 33.42 33.03 32.06 30.53 31.80 30.09 30.72 32.78 33.97 31.33 32.29 34.35 34.78 33.44 35.80 34.45 33.03 33.61 33.85 34.09 34.45 35.38 35.24 35.59 34.50 33.86 34.97 34.81 33.90 32.13 32.35 31.80 32.87 31.72 30.84 30.66 32.00 30.47 29.83 30.17 31.17 30.64 30.23 31.02 30.98 30.89 30.52 30.60 31.46 31.47 31.62 32.63 34.80 35.02 34.37 35.28 34.70 34.36 35.66 34.55 32.53 33.34 34.46 32.17 31.03 32.33 32.94 30.65 31.34 30.98 31.05 29.60 29.16 28.75 28.20 28.91 29.01 28.49 28.46 28.88 29.68 28.89 29.79 30.40 29.11 29.89 30.29 30.23 27.48 26.90 24.84 22.53 21.02 19.96 19.36 19.08 20.72 19.14 19.92 20.60 23.02 22.39 23.76 24.89 26.42 26.17 27.33 28.48 30.65 32.35 32.71 32.19 34.80 35.74 35.90 33.69 34.11 35.18 33.90 32.13 33.14 33.80 31.89 31.59 32.67 33.05 32.16 33.52 32.93 32.65 33.36 34.10 31.97 31.18 32.33 32.66 31.94 31.49 33.20 35.12 33.94 31.31 31.60 30.19 28.20 28.07 27.68 27.32 25.30 24.96 24.52 25.46 24.14 22.65 22.65 23.26 23.05 23.06 23.50 24.10 25.06 25.99 26.93 27.52 30.52 30.62 28.13 25.93 22.73 20.80 18.56 17.66 16.39 15.59 14.83 15.09 16.83 18.07 17.44 19.11 18.37 17.58 15.79 17.21 16.34 14.99 15.49 14.46 9.95 11.09 13.34 14.31 
18.34 16.27 12.15 11.94 12.58 11.39 8.66 7.41 6.56 7.23 5.52 0.00 6.12 8.20 8.62 9.42 11.04 11.39 14.07 14.17 16.61 18.49 22.18 22.66 26.32 26.94 27.52 25.31 23.35 20.09 18.23 18.00 16.87 16.28 17.04 18.05 16.83 16.05 15.90 17.30 17.31 17.48 19.03 20.26 20.11 21.38 22.45 22.59 23.15 25.03 26.34 27.29 28.22 30.22 31.88 32.91 33.16 35.78 37.08 37.11 36.62 36.95 35.89 34.46 35.83 35.30 34.36 32.58 34.19 32.09 33.07 35.01 36.49 33.59 34.56 36.72 37.32 35.82 38.18 36.97 35.61 35.95 36.23 36.39 36.73 37.41 37.42 37.94 36.89 36.14 37.05 37.23 36.15 34.51 34.43 33.92 34.82 33.87 32.55 32.53 33.91 32.60 31.60 32.01 33.07 32.79 32.22 33.08 32.86 33.09 32.20 32.65 33.51 33.85 33.46 34.81 36.78 37.16 36.36 37.58 37.03 36.60 37.48 36.41 34.56 35.24 36.00 33.74 32.83 34.25 34.57 32.42 33.32 32.91 32.69 31.29 31.02 30.67 30.12 30.92 30.90 30.33 30.44 31.17 31.34 30.56 31.49 32.31 30.66 31.44 31.71 31.78 28.83 28.46 26.35 23.75 22.14 21.30 20.54 20.69 22.07 20.65 21.23 22.46 24.79 24.38 25.50 26.96 28.54 28.34 29.38 30.86 32.96 34.40 34.87 34.44 37.12 37.70 37.75 35.66 36.23 37.14 35.65 34.03 35.13 35.71 33.91 33.66 35.16 35.34 34.54 35.77 35.47 35.00 35.69 36.37 34.60 33.75 34.77 35.21 34.60 34.19 35.69 37.63 36.82 34.12 34.16 32.71 30.84 30.74 29.92 29.67 27.95 27.29 26.67 27.75 26.60 24.73 24.79 25.51 25.61 25.33 25.98 26.63 27.92 28.40 29.75 30.45 33.46 33.45 30.98 29.19 26.09 23.94 21.25 19.67 18.41 17.38 16.38 17.09 18.38 20.09 19.07 20.71 19.99 19.14 17.19 18.35 17.18 16.11 17.21 15.24 10.84 12.34 14.98 15.34 
19.77 18.75 13.67 13.89 13.77 12.16 10.16 9.12 7.46 6.29 7.31 6.12 0.00 5.98 8.00 8.12 9.90 11.53 13.80 15.54 18.22 20.04 22.84 24.35 28.39 29.40 28.81 27.10 25.39 22.07 19.52 19.12 18.45 17.55 17.80 18.27 16.74 16.08 15.96 17.06 16.69 17.11 18.83 20.42 20.29 21.67 22.40 22.96 23.92 25.65 26.63 27.76 28.70 30.74 32.18 33.51 33.52 36.20 37.21 37.50 37.08 37.34 36.10 34.78 36.24 35.63 34.47 33.00 34.75 32.60 33.14 35.32 36.74 33.91 34.72 37.03 37.64 36.14 38.27 37.19 35.91 36.43 36.33 36.47 36.82 37.56 37.31 37.97 37.04 36.33 37.22 37.22 36.26 34.49 34.72 34.13 35.28 34.09 32.64 32.55 34.27 32.69 31.72 32.23 33.64 33.09 32.35 33.16 33.23 33.20 32.45 32.94 34.03 34.14 33.50 34.94 37.29 37.35 36.43 38.04 37.88 37.45 37.85 36.84 35.20 35.93 36.66 34.34 33.43 34.68 34.73 32.33 33.34 32.85 32.69 31.27 31.19 30.86 29.95 30.65 30.78 30.39 30.12 30.77 31.23 30.42 31.19 31.68 30.26 30.75 31.33 31.10 28.67 27.79 25.93 23.22 21.89 20.67 20.31 20.27 22.17 20.39 20.98 22.39 24.85 24.77 25.68 27.17 29.08 28.98 29.86 30.95 33.05 34.65 34.90 34.54 37.45 38.12 38.08 35.86 36.50 37.40 35.90 34.28 35.57 36.07 34.07 34.04 35.68 35.87 34.83 36.20 35.97 35.41 35.90 36.92 35.18 34.23 35.25 35.75 35.36 34.55 36.10 38.24 37.59 34.73 34.83 33.37 31.90 31.28 30.55 30.32 29.10 28.12 27.46 28.36 27.90 26.00 25.87 26.31 26.65 26.43 26.96 27.40 28.49 29.31 30.53 31.55 34.79 35.07 31.95 30.43 27.18 24.86 22.25 20.97 19.10 18.32 17.30 17.06 17.86 19.31 18.73 20.63 19.37 18.81 17.47 18.48 17.14 15.81 17.51 15.99 11.51 12.75 15.01 15.24 
20.71 18.57 14.01 14.36 15.09 13.23 10.71 10.48 8.95 7.09 6.35 8.20 5.98 0.00 6.15 7.44 8.22 8.82 12.78 14.23 16.83 19.51 22.40 23.57 28.19 28.68 28.95 26.41 24.76 21.46 19.23 18.19 16.88 16.41 15.97 15.77 14.41 14.26 13.81 15.29 14.53 15.12 17.00 18.54 18.45 19.76 20.50 21.13 22.30 23.83 25.05 26.33 27.49 29.16 31.14 32.14 32.52 34.74 36.02 36.09 35.74 35.67 34.62 33.07 34.64 33.89 32.85 31.33 33.02 30.91 31.80 33.70 35.27 32.51 33.46 35.37 35.95 34.36 36.58 35.34 34.27 34.60 34.62 34.71 35.33 36.03 35.87 36.27 35.46 34.67 35.51 35.33 34.35 32.68 32.68 32.11 33.30 32.04 30.43 30.39 31.94 30.39 29.50 30.00 31.36 30.71 30.22 31.09 31.14 30.98 30.34 30.85 32.01 31.82 31.52 33.00 35.42 35.41 34.64 35.74 35.59 35.20 35.93 34.61 32.63 33.60 34.36 31.81 30.75 32.24 32.45 30.00 30.64 30.38 30.43 28.98 28.86 28.56 27.83 28.49 28.59 28.11 27.91 28.41 29.12 28.46 29.26 29.58 28.22 28.57 29.26 28.64 25.94 25.27 23.32 20.39 18.98 18.05 17.70 17.19 19.65 18.08 18.87 19.69 22.14 22.08 23.45 24.84 26.57 26.39 27.32 28.73 30.82 32.45 32.60 32.26 35.26 36.12 35.93 33.76 34.20 35.20 33.39 31.82 33.09 33.73 31.54 31.61 33.39 33.43 32.46 33.80 33.51 32.94 33.63 34.63 32.92 31.78 32.96 33.44 32.91 32.11 33.55 35.70 34.99 32.05 32.14 30.59 28.81 28.27 27.36 26.97 25.69 24.73 24.14 25.07 24.40 22.46 22.38 22.68 23.42 23.49 24.07 24.73 26.58 27.20 28.86 29.95 33.64 33.66 30.89 29.25 26.04 23.50 20.98 19.71 18.18 16.58 14.41 14.27 14.89 16.05 15.42 17.41 17.40 16.21 14.55 15.68 14.19 13.03 14.76 13.30 8.76 10.04 13.28 14.22 
21.97 20.93 15.78 16.34 16.76 15.66 12.57 12.63 11.59 9.55 8.69 8.62 8.00 6.15 0.00 6.31 7.71 9.28 11.82 14.86 18.14 21.20 24.54 26.03 29.10 31.24 31.38 28.79 25.66 23.09 21.49 20.16 18.21 17.48 17.13 16.95 15.77 15.03 14.18 16.03 16.23 16.69 18.26 19.90 19.99 21.20 22.08 22.61 23.74 25.16 26.57 27.79 28.80 30.36 32.52 33.32 33.35 35.99 37.45 37.38 36.80 37.00 36.08 34.32 35.48 35.03 34.29 32.47 33.90 32.07 33.08 34.82 36.12 33.77 34.98 36.64 37.05 35.57 37.82 36.43 35.22 35.60 35.76 35.94 36.44 37.12 37.03 37.50 36.66 35.75 36.65 36.47 35.51 33.53 33.67 33.05 34.25 32.91 31.47 31.03 32.53 30.97 30.35 30.52 31.86 31.39 30.90 31.61 31.74 31.64 31.20 31.43 32.40 32.39 32.15 33.40 35.73 35.80 35.29 36.07 35.89 35.59 36.75 34.98 33.17 33.52 34.73 32.00 31.18 32.41 32.96 30.33 31.02 30.61 31.13 29.62 29.25 28.93 28.53 29.22 29.14 28.55 28.64 29.34 29.80 28.78 29.77 30.54 28.87 29.48 29.91 29.42 26.66 25.93 23.89 20.80 19.71 18.49 18.09 17.26 19.92 18.89 19.72 20.71 23.13 22.82 24.00 25.58 26.86 26.53 27.53 29.09 31.33 32.61 32.93 32.78 35.87 36.63 36.58 34.39 34.90 35.47 33.88 31.93 33.50 33.93 31.99 31.81 33.63 33.76 32.96 34.31 34.16 33.49 34.31 35.29 33.51 32.31 33.46 33.75 33.40 32.48 34.10 36.01 35.39 32.35 32.64 30.86 28.82 28.26 27.74 27.17 25.66 25.10 24.69 25.59 24.62 23.19 22.56 23.47 23.83 24.39 24.85 25.62 27.50 28.41 30.37 31.65 35.37 35.44 32.51 30.69 26.99 25.09 22.36 21.46 19.62 17.61 14.72 14.34 15.48 16.32 16.18 18.63 18.88 18.27 16.56 17.79 16.61 15.05 16.48 14.96 10.58 11.62 13.75 15.20 
22.51 20.74 15.99 17.20 17.42 15.78 12.35 12.78 11.92 10.14 9.36 9.42 8.12 7.44 6.31 0.00 5.91 7.55 9.90 12.77 16.08 18.97 22.70 25.24 28.24 29.59 29.32 26.86 24.06 21.42 19.51 17.75 15.39 14.43 13.85 13.51 11.36 11.02 10.57 12.55 12.97 13.93 15.32 16.76 17.28 18.33 19.06 19.65 20.88 22.52 24.01 25.04 26.19 27.98 30.50 31.01 31.35 34.05 35.86 35.54 34.88 35.09 34.26 32.60 33.73 33.34 32.25 30.70 31.94 30.10 31.28 33.08 34.31 31.88 32.92 34.83 35.14 33.60 35.83 34.59 33.28 33.52 33.72 34.00 34.56 35.04 35.03 35.70 34.78 33.78 34.62 34.48 33.37 31.57 31.45 30.81 31.93 30.64 28.96 28.73 30.23 28.78 27.89 28.07 29.48 29.02 28.57 29.24 29.39 29.32 28.66 28.95 30.35 30.22 29.98 31.38 33.81 33.87 33.40 34.28 34.11 33.52 34.60 33.01 30.93 31.53 32.56 29.92 29.00 30.28 30.78 28.49 29.12 28.72 28.99 27.57 27.42 26.92 26.55 27.19 27.46 26.66 26.63 27.81 28.31 27.09 27.93 28.85 27.27 27.59 27.66 27.46 24.52 23.98 21.21 18.40 16.98 15.35 15.78 14.61 16.87 15.46 16.03 17.13 20.28 19.52 20.61 22.38 24.06 23.84 25.05 26.74 28.99 30.47 30.79 30.68 33.65 34.39 34.21 32.12 32.42 33.37 31.37 29.70 30.94 31.70 29.67 29.76 31.51 31.81 30.92 32.37 32.02 31.47 32.23 33.23 31.34 30.25 31.32 31.99 31.49 30.65 32.13 34.43 33.66 30.82 30.79 29.39 27.23 26.84 25.90 25.62 23.99 23.49 22.80 23.90 22.94 20.81 20.47 20.99 21.58 21.90 22.37 23.49 25.23 26.61 28.40 29.89 33.38 33.54 30.11 28.44 25.07 23.55 20.19 18.48 15.98 13.44 10.99 11.26 11.55 13.24 13.92 16.19 16.57 16.25 14.76 16.16 14.31 13.51 14.97 13.89 9.50 10.45 12.61 14.63 
22.33 20.88 16.05 17.73 17.01 15.47 12.05 12.78 11.58 10.68 9.62 11.04 9.90 8.22 7.71 5.91 0.00 5.85 6.99 11.08 14.20 18.39 20.96 23.48 26.65 28.23 27.62 25.99 23.59 20.33 17.81 16.78 14.38 12.83 13.07 12.67 10.17 9.40 10.28 11.60 12.03 12.91 14.62 16.15 16.53 17.69 18.32 18.92 20.51 21.77 23.07 24.35 25.76 27.37 29.49 30.52 30.50 33.34 35.05 34.95 34.22 34.57 33.56 31.72 32.77 32.41 31.59 29.67 31.08 29.26 30.41 32.26 33.35 30.75 32.08 33.72 34.11 32.36 34.79 33.36 32.07 32.31 32.71 32.72 33.43 33.86 33.99 34.50 33.75 32.65 33.78 33.40 32.45 30.37 30.70 29.93 31.22 29.78 28.10 27.75 29.51 27.78 27.02 27.19 28.66 28.06 27.61 28.16 28.51 28.50 27.93 28.24 29.70 29.84 29.44 30.61 33.32 33.49 33.00 33.91 33.94 33.35 34.46 32.55 30.91 31.31 32.52 29.78 28.74 29.72 30.30 27.83 28.46 27.94 28.29 26.84 26.63 26.36 25.64 26.35 26.83 26.13 25.77 26.92 27.64 26.30 26.96 27.83 26.50 26.51 26.58 26.15 23.77 22.71 20.26 17.24 16.13 14.93 14.58 13.87 15.33 14.22 14.89 15.82 19.31 19.07 19.72 21.35 22.89 22.79 24.23 25.19 27.28 29.22 29.72 29.11 32.00 33.26 33.18 30.82 31.39 32.30 30.72 28.71 30.08 30.69 28.79 28.72 30.64 30.84 30.06 31.32 31.05 30.42 31.28 32.18 30.49 29.27 30.60 31.13 30.84 29.81 31.51 33.87 33.57 30.01 30.17 28.81 27.10 26.37 25.63 25.45 24.33 23.49 22.88 23.93 23.15 21.30 20.73 21.17 21.51 21.71 22.00 22.68 24.33 25.42 27.32 28.62 31.48 31.79 27.92 26.62 23.40 21.44 19.70 16.63 14.01 12.28 11.22 10.17 11.07 13.13 14.15 16.72 17.03 17.05 14.99 17.19 16.17 14.49 15.52 15.17 10.69 10.95 12.61 15.06 
21.40 19.86 15.00 16.90 16.04 14.51 11.04 11.80 11.04 9.56 9.72 11.39 11.53 8.82 9.28 7.55 5.85 0.00 6.85 7.71 11.02 13.70 18.28 20.73 23.82 25.11 24.60 22.68 19.64 16.60 14.58 13.58 10.94 10.55 10.75 11.12 9.10 9.43 7.89 10.83 10.99 11.91 12.96 14.48 14.96 15.87 16.52 17.20 18.83 20.05 21.32 22.95 24.16 25.62 27.91 29.07 29.69 31.92 33.35 33.30 32.92 32.75 31.64 30.07 31.08 30.44 29.12 27.69 28.88 26.99 28.22 30.07 31.09 28.58 29.69 31.25 31.57 29.89 32.10 30.80 29.69 29.90 30.15 30.40 31.03 31.60 31.41 32.16 31.20 30.32 31.19 31.20 29.82 28.18 28.12 27.72 28.86 27.48 25.82 25.68 27.18 25.35 24.54 24.95 26.27 25.48 25.11 25.87 25.93 25.67 25.06 25.67 26.98 27.01 26.85 28.31 30.92 31.36 30.82 31.69 31.58 31.35 32.28 30.41 28.46 29.27 30.20 27.39 26.45 27.80 28.35 25.78 26.22 25.94 26.38 24.75 24.36 24.22 23.91 24.51 24.72 24.45 24.23 25.13 25.64 24.73 25.62 26.32 24.70 25.14 25.54 25.14 22.05 21.55 19.46 15.60 14.64 12.84 12.96 10.19 12.79 11.80 12.85 13.05 16.35 15.96 17.27 18.02 19.52 19.62 21.30 22.45 24.33 26.36 26.95 26.41 29.31 30.44 30.50 28.18 28.68 29.63 27.78 26.02 27.38 27.97 25.87 26.03 28.11 28.22 27.24 28.66 28.26 27.66 28.32 29.48 27.65 26.53 27.48 28.14 27.77 26.90 28.42 31.15 30.34 27.34 27.10 25.64 23.68 23.42 22.59 22.46 21.09 20.68 19.91 21.00 20.50 17.85 17.58 17.30 18.03 17.49 18.00 19.16 20.85 22.07 23.71 25.26 28.24 28.69 25.34 23.79 20.46 17.92 15.91 13.02 10.91 9.73 8.89 8.39 10.42 13.29 14.26 16.93 17.61 17.12 15.38 17.01 16.03 14.78 15.62 14.69 10.00 10.28 11.97 15.12 
20.61 19.88 15.74 17.64 17.11 15.66 12.63 14.01 13.16 11.57 11.52 14.07 13.80 12.78 11.82 9.90 6.99 6.85 0.00 6.44 7.89 12.68 14.95 18.73 21.57 23.25 23.36 20.77 17.25 15.02 12.88 11.61 9.62 9.40 10.06 10.78 10.65 9.29 7.82 10.99 12.12 12.07 13.10 14.81 15.82 16.73 17.52 18.11 19.61 20.29 21.81 23.20 24.55 25.75 27.93 29.04 29.90 32.18 33.36 33.01 32.89 32.85 31.71 29.77 31.01 30.10 28.82 27.16 28.56 26.63 27.64 29.37 30.43 28.13 29.31 30.50 30.91 29.22 31.54 29.93 28.95 29.11 29.66 29.80 30.53 30.87 30.96 31.65 30.78 29.63 30.99 30.89 29.69 27.60 28.16 27.62 28.83 27.33 26.04 25.50 26.95 25.12 24.42 24.33 25.71 25.06 24.68 25.00 25.26 25.01 24.72 24.85 26.03 26.29 26.42 27.62 30.12 30.65 30.39 31.11 31.13 30.88 32.03 30.01 28.45 28.87 29.91 27.15 26.42 27.48 28.16 25.70 26.11 25.60 26.29 24.75 24.00 23.74 23.63 24.38 24.36 23.99 23.99 25.26 25.68 24.78 25.84 26.67 25.01 25.65 26.16 25.34 22.24 21.67 19.11 15.55 14.55 13.77 11.91 9.02 11.77 11.39 11.64 11.75 14.63 14.71 16.00 16.54 17.64 18.00 19.64 20.95 22.77 24.69 25.30 24.78 27.49 28.68 28.97 26.81 27.32 27.86 26.29 24.38 25.87 26.17 24.25 24.36 26.51 26.47 25.54 26.87 26.74 25.89 26.69 27.68 26.12 24.60 25.52 26.10 25.95 24.86 26.32 28.63 28.20 25.06 25.21 23.71 21.77 21.49 21.11 20.57 18.94 19.05 18.23 19.47 18.16 16.92 16.01 15.72 15.25 14.93 14.99 15.85 17.40 19.07 20.76 21.91 24.86 25.30 21.94 21.25 18.36 15.99 13.78 11.34 10.28 9.36 9.50 10.25 12.57 15.73 17.10 19.42 18.97 19.15 17.75 19.68 18.53 17.00 18.08 16.36 11.67 11.13 13.17 15.50 
19.96 18.69 14.95 17.29 16.38 14.98 12.45 14.00 14.04 11.88 11.78 14.17 15.54 14.23 14.86 12.77 11.08 7.71 6.44 0.00 5.43 7.41 11.53 15.09 18.02 19.05 18.55 16.52 13.94 11.11 9.87 9.00 8.66 9.46 10.02 11.64 10.84 11.53 10.40 12.03 12.09 12.96 14.01 15.15 15.63 16.17 17.05 17.41 18.57 18.92 20.66 21.98 23.24 24.24 26.70 27.53 28.21 30.87 32.33 31.96 31.65 31.63 30.43 28.68 29.89 29.04 27.55 25.77 27.34 25.01 26.18 27.74 28.96 26.41 27.51 28.79 29.36 27.36 29.65 28.40 27.61 27.43 27.89 28.33 29.34 29.49 29.40 30.29 29.49 28.34 29.29 29.53 28.24 26.31 26.31 26.03 27.10 25.76 24.19 23.91 25.18 23.69 22.55 22.70 24.13 23.70 23.08 23.69 23.73 23.73 23.02 23.47 24.74 25.08 25.18 26.55 28.93 29.60 29.21 30.28 29.85 29.54 30.64 28.96 27.25 27.78 28.74 26.16 25.36 26.33 27.08 24.75 25.37 24.71 25.22 23.76 23.28 22.96 22.63 23.21 23.64 23.23 23.05 24.55 25.12 23.99 24.92 25.87 24.65 25.19 25.24 25.39 22.30 21.84 19.37 16.53 15.01 13.58 12.76 10.40 11.65 10.17 10.86 10.40 13.85 13.19 13.56 14.62 16.44 16.08 17.41 18.94 21.17 22.86 23.20 22.83 25.66 26.73 26.83 24.80 25.25 26.00 24.14 22.51 23.78 24.37 22.37 22.64 24.90 24.92 23.96 25.51 25.19 24.27 24.88 26.11 24.46 22.96 23.59 24.51 24.31 23.27 24.41 27.47 27.05 23.84 23.61 22.47 21.18 20.75 19.98 20.14 19.26 19.10 18.21 19.63 18.88 17.45 16.60 16.07 14.97 14.26 13.95 13.95 14.92 16.43 17.84 19.14 22.40 22.19 18.95 17.50 15.44 13.31 10.22 8.77 8.30 7.67 8.82 10.56 13.23 17.03 18.31 20.76 20.72 20.46 19.51 20.83 19.47 18.24 19.00 17.45 12.21 12.30 12.59 16.19 
19.57 18.43 15.19 17.45 16.57 14.92 13.06 15.32 15.52 13.87 13.87 16.61 18.22 16.83 18.14 16.08 14.20 11.02 7.89 5.43 0.00 6.28 7.95 11.36 13.60 15.44 14.77 14.22 11.83 8.63 7.13 8.92 9.44 9.95 10.91 13.38 12.68 12.74 12.33 13.07 13.70 14.64 15.43 16.46 16.61 17.51 17.99 18.06 19.12 19.60 20.57 22.08 23.13 24.23 26.52 27.80 28.12 30.95 32.60 32.48 32.08 31.92 30.98 28.85 30.15 29.13 28.05 25.95 27.31 25.06 26.31 27.54 28.67 26.11 27.27 28.46 29.22 27.13 29.49 28.32 27.64 27.09 27.58 28.30 29.36 29.27 29.18 30.22 29.76 28.19 29.25 29.43 28.45 26.05 26.15 25.81 27.41 26.02 24.22 23.80 25.51 23.75 22.71 22.75 24.12 23.60 23.07 23.57 23.79 23.68 23.17 23.70 25.04 25.45 25.33 26.75 29.28 29.57 29.21 30.19 30.22 29.89 30.93 29.18 28.00 28.38 29.32 26.72 26.07 27.02 27.46 25.19 25.95 25.27 25.75 24.08 23.66 23.57 22.99 23.63 24.25 23.79 23.61 24.99 25.83 24.84 25.45 26.76 25.52 26.02 25.83 25.93 23.33 22.60 19.71 17.43 15.55 14.33 13.04 10.96 10.89 10.34 9.73 9.00 12.11 12.67 12.39 13.19 15.22 15.38 16.46 17.85 20.29 22.19 22.38 21.97 25.09 26.17 26.43 24.38 25.06 25.64 24.08 22.23 23.68 24.11 22.27 22.56 24.77 24.80 23.86 25.38 25.41 24.27 24.82 25.96 24.90 22.89 23.52 24.25 24.46 23.06 24.26 27.08 27.16 23.89 23.66 23.00 22.27 21.68 20.89 21.61 20.86 20.75 19.81 21.32 20.42 19.39 18.60 18.04 16.61 15.71 14.76 13.68 14.04 14.78 16.44 17.44 20.59 20.14 17.15 15.83 13.54 10.40 9.42 8.02 9.25 10.27 11.82 13.38 16.36 19.52 20.41 23.21 23.17 23.86 22.15 23.90 22.69 20.94 21.21 18.67 14.55 13.11 13.49 17.10 
18.80 17.32 14.32 16.62 15.84 14.46 13.41 15.39 16.74 14.65 15.95 18.49 20.04 19.51 21.20 18.97 18.39 13.70 12.68 7.41 6.28 0.00 6.63 8.00 11.00 11.91 12.58 10.97 9.79 7.66 6.52 8.38 10.48 11.39 12.81 15.26 14.00 14.48 13.23 14.75 15.02 15.67 16.72 17.32 17.72 18.23 18.58 18.61 19.34 20.00 20.87 22.29 23.31 24.64 26.82 28.07 28.87 31.11 32.46 32.72 32.36 31.97 30.82 29.17 30.28 29.23 27.87 26.01 27.06 25.07 26.28 27.49 28.29 25.89 26.80 27.91 28.47 26.79 29.01 27.93 27.28 27.16 27.47 27.91 28.90 29.09 28.96 29.91 29.14 28.07 29.02 29.24 27.91 26.16 26.20 26.04 27.35 26.26 24.51 24.47 25.69 24.13 22.84 23.23 24.31 23.69 22.93 23.83 23.60 23.51 22.79 23.75 24.76 25.11 25.03 26.78 29.06 29.81 29.26 30.45 29.89 29.94 30.91 29.25 27.47 28.39 29.28 26.68 25.84 27.23 27.74 25.44 25.76 25.50 26.03 24.47 23.65 23.78 23.82 24.46 24.45 24.60 24.55 25.93 26.19 25.39 26.32 27.21 25.74 26.62 26.71 26.94 23.70 23.24 20.77 18.46 16.34 15.47 14.30 12.26 12.97 11.03 10.96 9.37 12.29 11.58 12.15 12.11 14.42 14.49 15.98 17.08 19.25 21.30 21.68 21.26 24.17 25.33 25.56 23.57 24.22 24.85 23.17 21.52 23.01 23.29 21.46 21.72 24.10 24.01 23.08 24.36 24.35 23.36 23.89 24.89 23.46 22.05 22.58 23.14 23.03 22.15 23.27 26.10 25.99 23.04 23.01 21.95 21.10 21.18 20.72 21.11 20.42 20.61 19.82 20.98 20.21 19.06 18.36 17.70 16.12 14.36 13.03 11.90 12.03 11.56 13.23 14.33 17.36 17.59 13.86 12.45 9.42 7.05 6.77 6.17 8.85 10.96 12.85 15.19 18.36 21.52 22.19 24.66 25.73 25.14 24.06 25.10 23.92 22.42 22.58 20.89 15.85 15.74 16.21 17.92 
18.96 17.83 15.44 17.80 17.11 16.54 16.37 18.36 18.77 18.19 19.01 22.18 22.84 22.40 24.54 22.70 20.96 18.28 14.95 11.53 7.95 6.63 1.84 6.07 7.06 9.77 10.50 10.06 8.72 8.23 8.02 10.37 11.71 13.91 15.62 18.68 17.41 17.60 16.46 18.20 18.86 19.10 19.46 20.53 20.86 21.02 20.86 21.18 21.97 22.48 23.30 24.51 25.64 26.78 28.88 30.05 30.45 32.80 33.58 33.77 33.77 33.70 32.14 30.55 31.83 30.83 29.06 27.33 28.71 26.63 27.24 28.63 29.27 27.00 27.81 29.01 29.39 27.83 30.19 29.01 28.08 28.31 28.81 29.24 29.58 30.32 30.57 31.54 30.20 29.55 30.76 30.88 29.33 27.84 28.36 28.05 29.25 28.23 26.78 26.43 27.69 26.16 25.09 25.23 26.17 25.58 25.03 25.47 25.43 25.28 24.87 25.23 26.07 26.62 26.63 28.06 30.39 31.08 30.85 31.68 31.18 31.48 32.74 30.92 29.32 30.18 31.23 28.44 27.55 28.91 29.38 27.07 27.46 26.96 27.75 26.07 25.05 25.33 25.68 26.22 26.51 26.53 27.24 27.83 28.32 27.44 28.49 29.40 27.61 28.53 28.98 28.88 25.85 25.52 23.02 20.61 18.67 17.52 16.17 13.62 14.87 12.91 11.52 9.96 11.95 11.87 11.79 11.44 13.52 14.85 17.00 17.51 19.08 21.70 22.57 21.91 24.13 25.58 25.98 24.16 24.52 25.19 23.65 22.14 23.58 23.69 21.73 22.10 24.37 24.29 23.10 24.55 24.31 23.62 24.13 25.15 23.39 22.16 22.93 23.46 22.76 22.23 23.78 26.41 26.12 23.43 23.66 22.82 21.33 22.06 21.61 22.14 21.04 21.64 20.85 22.03 21.04 20.41 19.61 18.86 17.38 14.88 13.22 11.89 11.95 11.15 11.44 12.42 15.41 15.45 11.49 10.88 9.10 7.87 8.67 9.66 11.97 14.13 17.67 19.66 22.60 24.49 25.11 28.01 28.44 28.13 26.83 28.40 27.44 25.30 25.62 23.82 18.67 17.73 18.80 19.40 
18.20 17.44 15.51 17.39 16.65 15.99 16.00 17.63 19.55 18.37 19.98 22.66 24.35 23.57 26.03 25.24 23.48 20.73 18.73 15.09 11.36 8.00 6.07 0.33 5.34 6.37 7.88 8.23 8.41 7.60 8.41 11.67 13.77 15.84 18.01 20.75 19.39 19.55 19.05 20.46 20.36 20.40 21.17 21.67 21.63 21.77 21.72 22.35 22.87 23.33 24.19 25.48 26.14 27.10 29.18 30.28 30.38 33.00 34.29 34.48 33.73 33.89 32.50 30.91 31.94 31.22 29.41 27.68 28.68 26.50 27.35 28.50 29.15 26.69 27.52 29.02 29.33 27.68 30.07 29.08 28.05 28.02 28.78 29.34 29.81 30.64 30.68 31.64 30.59 29.83 30.71 31.06 29.44 28.05 28.10 27.89 28.98 28.36 26.52 26.35 27.32 26.14 24.83 25.24 26.09 25.75 24.76 25.55 25.23 25.53 24.65 25.39 26.06 27.08 26.81 28.42 30.43 31.68 31.06 32.32 31.44 31.66 32.76 31.32 29.60 30.33 31.41 28.83 27.71 28.90 29.47 27.23 27.35 27.02 27.66 26.45 25.42 26.16 25.98 26.98 27.06 27.56 27.24 28.70 28.84 28.33 28.88 30.03 28.52 29.69 29.32 29.78 26.81 26.53 23.82 21.86 19.92 18.52 17.53 15.42 16.11 13.96 12.72 11.17 13.77 12.26 12.52 11.95 14.83 15.03 16.64 17.36 19.69 21.75 22.42 21.90 24.38 25.64 26.17 24.36 24.38 25.13 23.61 22.01 23.46 23.64 21.74 21.97 24.43 24.30 23.13 24.84 24.57 23.77 24.24 25.49 23.73 22.63 22.71 23.46 23.31 22.70 23.50 26.88 26.87 24.22 23.81 22.91 22.14 22.40 21.94 22.57 21.88 22.10 21.54 22.83 22.28 21.26 20.53 19.93 18.57 16.67 14.32 12.50 12.04 10.85 10.56 11.09 13.73 13.12 8.59 8.56 7.99 7.87 8.51 11.03 12.84 15.54 19.18 21.72 24.07 26.10 27.56 30.06 31.01 30.03 28.92 30.06 28.55 26.66 26.81 25.04 19.95 19.65 20.29 20.45 
19.47 19.20 18.22 20.39 19.39 18.79 18.76 21.53 22.67 21.50 22.77 26.32 28.39 28.19 29.10 28.24 26.65 23.82 21.57 18.02 13.60 11.00 7.06 5.34 0.56 4.86 6.25 8.99 9.89 10.20 10.52 14.13 16.26 18.05 19.77 22.68 21.92 22.19 22.01 22.65 23.57 23.90 24.15 24.14 24.37 24.54 24.81 25.00 25.18 25.67 26.55 27.92 28.08 28.80 31.12 32.01 32.11 34.46 36.41 36.31 35.75 35.68 34.36 32.63 33.75 32.95 31.90 29.62 30.55 28.34 29.51 30.24 30.56 28.34 29.34 30.67 31.33 29.56 32.10 30.97 29.91 29.85 30.36 31.17 32.14 32.25 32.41 33.27 32.55 31.37 32.35 32.41 31.49 29.41 29.51 29.43 31.11 30.07 27.91 27.63 29.20 27.79 26.37 26.57 27.97 27.31 26.46 27.15 27.32 27.37 26.71 27.15 28.39 28.80 28.93 30.35 32.99 33.03 32.89 33.81 33.59 33.51 34.73 33.01 32.07 32.42 33.19 30.58 29.59 30.73 30.98 28.76 29.38 28.83 29.58 27.94 27.66 28.04 28.37 29.10 30.38 29.74 30.20 31.14 32.47 30.98 31.97 32.91 32.13 32.74 32.42 32.82 30.29 29.71 27.13 24.96 23.35 21.89 20.11 18.76 18.48 16.40 14.87 13.63 15.34 14.14 12.48 13.62 16.07 16.18 16.66 18.40 21.29 23.55 23.36 23.48 26.17 27.62 27.86 26.00 25.97 27.04 25.20 23.72 25.23 25.79 23.43 24.00 26.35 26.41 25.03 27.03 26.90 26.22 26.18 27.58 26.29 24.47 24.60 25.45 25.60 24.42 25.49 29.07 29.85 26.55 26.11 25.61 24.94 25.34 24.77 25.76 25.17 25.53 24.99 26.39 25.73 24.91 23.85 23.01 21.83 20.06 17.86 15.35 14.73 13.48 12.25 12.21 14.17 12.93 9.41 8.95 9.21 9.33 10.37 12.66 16.00 18.69 21.59 24.36 26.75 29.60 31.01 33.94 34.41 33.89 33.24 33.87 32.19 30.38 30.90 28.91 23.31 22.80 23.68 23.27 
19.61 19.21 17.68 19.38 19.53 19.41 19.29 21.35 23.30 22.41 24.02 26.94 29.40 28.68 31.24 29.59 28.23 25.11 23.25 19.05 15.44 11.91 9.77 6.37 4.86 0.00 4.90 7.08 9.80 11.04 12.30 15.21 17.43 19.98 21.84 24.42 23.52 23.51 23.15 24.12 25.15 25.01 25.24 25.63 25.88 26.20 26.37 27.02 27.22 27.61 28.16 29.50 29.95 30.87 32.40 33.91 33.93 36.18 37.22 37.85 37.21 36.92 35.35 34.07 35.07 34.42 32.90 31.27 31.71 29.97 30.88 31.88 32.10 30.13 30.83 32.44 32.85 31.83 33.98 32.96 31.81 32.38 32.58 33.25 33.52 34.50 34.28 35.37 34.12 33.78 34.25 34.72 32.99 31.71 31.24 31.30 32.72 32.01 29.53 29.60 30.75 29.51 27.90 28.47 29.55 28.83 27.81 28.61 28.61 28.75 27.69 28.61 29.53 30.11 29.79 31.64 33.86 34.66 34.01 35.47 34.77 35.11 36.29 34.65 32.89 33.77 34.61 31.88 30.78 32.13 32.47 30.35 30.64 30.38 30.90 29.75 28.83 29.89 30.13 31.37 31.69 31.92 31.96 33.33 33.42 32.82 33.33 34.57 33.33 34.30 34.17 34.57 31.91 31.19 28.69 26.75 25.17 23.52 22.03 20.65 20.56 18.37 16.94 15.35 17.07 15.12 14.91 15.56 17.93 18.12 18.64 20.21 22.80 24.94 25.12 24.83 27.72 29.02 29.17 27.28 27.33 28.47 26.44 24.90 26.51 27.01 24.84 25.23 27.58 27.80 26.47 28.24 28.17 27.68 28.02 29.25 27.54 26.34 26.43 27.12 26.79 26.02 27.22 30.97 31.04 28.51 28.25 27.61 26.94 27.34 26.81 27.54 26.78 27.21 26.81 28.01 27.57 26.28 25.60 24.79 23.74 21.79 19.73 18.15 16.91 15.29 13.43 13.54 14.98 14.73 10.60 10.94 10.83 12.17 14.08 16.02 18.41 21.50 24.35 26.88 29.47 31.70 33.17 35.92 36.24 35.65 34.50 35.53 33.52 31.65 31.71 29.82 24.35 24.08 24.52 24.09 
