2.52 6.32 9.25 9.80 12.12 13.09 13.92 14.86 15.77 16.59 17.52 17.25 17.94 20.03 20.40 20.55 23.22 24.91 24.52 24.87 27.88 29.53 29.26 29.04 30.64 30.81 29.42 29.56 31.16 30.83 28.79 28.27 26.21 25.33 23.72 23.69 23.03 23.40 23.16 24.38 25.68 25.82 27.11 27.17 26.65 26.50 25.86 24.76 24.71 24.45 24.80 25.18 26.33 26.26 27.34 28.68 29.19 29.61 28.88 29.24 29.26 30.29 31.69 32.22 32.13 32.90 32.61 31.94 29.60 30.20 28.99 27.96 26.60 27.23 26.88 27.14 27.29 28.15 27.41 26.16 26.58 27.39 27.01 26.78 27.96 28.75 28.92 28.20 28.15 28.24 28.86 29.29 28.96 29.19 29.44 30.48 29.98 29.88 29.31 30.02 28.83 29.50 29.28 29.09 27.72 27.85 27.51 27.53 27.82 27.98 27.61 29.51 30.81 29.68 29.57 31.46 31.62 31.03 30.35 31.50 31.37 31.24 33.50 
6.32 2.07 6.14 7.83 10.64 12.10 12.48 14.05 14.50 15.97 16.50 16.11 17.43 19.75 20.34 19.36 22.81 24.93 24.92 24.50 28.33 29.65 29.50 28.96 31.24 31.11 29.27 29.48 31.32 30.83 28.48 27.94 25.92 24.95 23.38 23.21 22.39 22.71 22.23 23.82 25.15 25.28 26.75 26.95 26.44 26.14 25.68 24.53 24.91 24.47 24.99 25.36 26.71 26.10 27.47 29.04 29.80 30.04 28.80 29.58 29.43 30.43 31.83 32.76 32.71 33.32 32.55 32.25 29.80 30.36 28.41 27.92 26.53 27.29 26.42 27.07 27.46 28.00 27.13 25.93 26.72 27.54 26.81 26.44 28.36 28.96 29.29 28.39 28.98 28.78 29.22 29.49 29.47 29.45 29.46 31.09 30.64 30.58 29.31 30.41 28.99 29.73 29.56 29.57 28.11 28.18 27.93 27.40 27.97 27.79 27.42 29.52 31.49 29.94 30.66 32.57 33.04 31.87 29.51 33.29 33.72 32.80 33.37 
9.25 6.14 1.74 5.89 8.59 10.14 10.81 12.25 12.82 14.56 14.51 14.50 15.99 18.17 18.58 18.40 21.54 23.66 23.87 23.64 27.26 28.70 28.82 28.03 30.27 29.79 28.41 28.26 30.33 29.55 27.48 26.89 24.75 24.04 22.46 22.35 21.47 22.01 21.36 22.87 24.30 24.39 26.15 26.07 25.69 25.60 25.30 24.05 24.25 24.00 24.73 24.87 26.18 25.80 27.09 28.60 29.39 29.77 28.73 29.10 29.19 29.85 31.35 32.31 32.63 32.82 31.97 31.60 29.64 29.66 27.64 27.14 26.07 26.53 25.57 26.38 27.09 27.56 26.57 25.42 26.48 27.08 26.18 25.74 28.13 28.67 29.03 28.12 29.13 28.65 29.05 29.02 29.55 29.29 29.33 30.59 30.84 30.21 29.04 29.71 28.72 29.17 29.10 28.80 27.57 27.60 27.42 26.57 27.00 27.08 26.89 28.58 30.71 29.18 29.69 31.84 32.53 31.26 29.81 32.28 32.21 32.42 31.84 
9.80 7.83 5.89 0.62 5.15 7.63 8.01 9.85 10.33 12.07 12.54 13.00 14.16 15.59 16.23 17.10 20.29 21.75 21.91 22.17 25.66 27.17 27.19 26.97 28.71 28.57 26.89 27.38 28.92 28.44 26.11 25.73 23.74 22.88 21.36 21.21 20.60 20.46 19.93 21.06 22.46 22.69 24.09 24.08 23.72 23.61 24.01 23.06 23.54 23.49 24.15 24.43 25.67 25.51 26.69 27.95 28.42 29.04 27.67 28.38 28.07 29.25 30.08 31.42 31.45 32.09 31.08 30.94 28.78 29.31 26.95 26.89 25.50 26.29 25.05 26.02 26.45 27.42 25.98 25.29 25.79 26.99 25.75 25.80 27.63 28.62 28.68 28.21 28.91 28.87 28.74 29.02 29.05 29.30 28.79 30.54 30.33 30.18 28.33 29.52 28.06 28.92 28.10 28.50 27.19 27.39 26.68 26.19 26.38 26.79 26.29 28.31 30.03 29.00 29.22 30.99 31.32 29.85 29.11 30.74 32.44 30.59 36.25 
12.12 10.64 8.59 5.15 1.86 6.09 7.26 8.95 9.93 11.29 12.51 12.63 13.11 14.93 15.76 16.12 18.91 21.44 21.28 21.82 25.60 27.71 26.68 26.51 29.00 29.12 26.80 26.98 29.19 28.57 25.74 25.04 23.64 22.48 20.61 20.31 19.98 20.34 19.42 21.24 22.96 23.04 24.76 25.06 24.80 24.63 24.17 22.65 23.48 23.04 23.55 23.90 25.59 25.31 26.49 28.02 28.62 28.64 27.31 27.47 27.58 28.19 29.76 30.38 30.59 31.11 31.01 30.04 27.97 28.33 26.77 25.77 24.75 25.58 25.01 25.49 26.33 27.46 26.30 24.73 25.69 26.92 26.28 25.75 27.50 28.62 28.89 27.68 28.34 28.09 28.60 28.70 28.47 28.95 29.07 30.50 30.12 29.82 28.62 29.58 28.17 28.97 28.47 28.59 27.42 27.43 26.76 26.58 27.18 27.30 26.33 28.46 29.47 28.41 28.43 31.20 31.04 30.84 30.48 32.22 28.54 30.34 32.73 
13.09 12.10 10.14 7.63 6.09 0.63 5.82 8.16 8.01 10.11 10.85 11.73 12.32 14.33 14.75 15.53 18.03 20.77 20.45 21.50 25.48 27.43 26.11 26.25 29.10 28.93 25.93 26.32 28.92 28.01 24.90 24.44 22.76 21.39 19.40 18.71 18.69 19.04 18.20 20.02 22.34 22.57 24.55 24.72 24.28 24.34 23.08 22.06 22.64 22.90 22.65 23.96 25.25 25.01 26.15 28.17 28.42 28.84 26.76 27.52 27.04 27.95 29.23 30.36 30.37 31.13 30.22 29.74 27.14 28.06 25.61 25.09 23.66 24.97 23.89 24.98 25.76 26.86 25.43 24.22 25.23 26.47 25.35 25.18 27.43 28.45 28.59 27.37 28.37 28.00 28.33 28.41 28.67 28.88 28.74 30.47 30.23 29.88 28.23 29.49 28.14 29.03 28.39 28.79 27.38 27.38 26.47 26.39 27.21 27.36 26.03 28.69 29.77 28.58 29.46 32.46 32.30 30.95 31.54 32.39 30.48 31.27 33.25 
13.92 12.48 10.81 8.01 7.26 5.82 0.91 6.17 7.22 7.46 8.80 8.85 10.29 11.31 11.65 12.33 15.08 16.95 17.41 18.43 22.39 24.58 24.27 24.00 26.53 26.24 23.54 23.76 26.34 25.29 22.54 21.93 20.70 19.15 17.42 16.74 16.78 16.85 16.52 18.16 20.91 21.01 22.97 23.20 23.20 22.71 22.20 20.36 21.36 20.36 21.30 21.39 23.23 22.65 24.46 26.02 26.79 26.94 25.50 25.64 25.66 26.02 27.70 28.56 29.01 29.07 28.58 27.58 25.54 25.38 23.47 22.34 21.58 22.29 21.75 22.47 23.85 24.54 23.38 21.89 23.46 24.38 23.27 22.78 25.65 26.58 26.86 25.50 26.81 26.18 26.52 26.32 26.96 26.87 26.88 28.43 28.61 27.93 26.38 27.38 26.34 26.89 26.65 26.77 25.40 25.41 24.89 24.41 25.09 25.04 24.24 26.46 27.76 25.94 26.67 30.06 30.17 29.41 28.88 31.50 28.57 30.77 30.50 
14.86 14.05 12.25 9.85 8.95 8.16 6.17 0.00 6.01 8.04 7.33 7.75 9.79 11.23 11.48 12.10 14.83 16.54 16.62 17.69 21.12 23.30 23.15 23.23 25.54 25.12 22.11 22.62 25.26 24.53 21.25 21.43 19.84 18.68 16.55 16.88 16.84 17.13 16.52 19.00 21.63 22.24 24.10 24.81 23.68 23.69 23.02 21.76 21.76 21.48 21.67 22.57 23.49 23.34 24.61 26.62 26.54 27.45 25.13 26.17 25.15 26.42 27.09 28.95 28.44 29.24 27.83 27.58 24.87 25.50 22.82 22.74 21.36 22.87 21.71 23.10 23.74 25.31 23.90 22.76 23.62 25.43 24.00 23.90 26.04 27.30 27.55 26.34 27.23 26.96 26.91 26.95 27.07 27.46 27.20 29.07 28.60 28.37 26.65 27.96 26.34 27.41 26.74 27.36 25.82 25.94 25.01 25.15 25.54 25.72 24.57 27.46 28.41 27.03 27.70 31.03 30.74 29.35 29.69 30.45 29.65 29.32 32.92 
15.77 14.50 12.82 10.33 9.93 8.01 7.22 6.01 0.00 5.55 6.88 6.39 6.95 8.47 9.46 9.97 11.71 13.77 14.15 14.71 18.00 20.44 19.90 19.53 22.15 22.37 19.58 19.89 22.56 21.82 18.82 18.54 17.30 16.24 14.54 14.71 15.15 15.72 15.71 18.25 20.81 21.28 23.92 24.25 23.28 23.04 22.63 20.47 20.88 20.10 20.42 20.74 22.31 21.84 23.11 24.87 24.98 25.37 23.27 23.48 23.10 23.62 24.70 25.85 25.97 26.49 25.47 24.81 22.62 22.77 20.66 20.19 19.45 20.65 20.14 21.31 22.03 23.60 22.95 21.58 22.45 24.01 23.29 22.92 24.90 25.92 26.25 24.91 25.52 25.23 25.43 25.23 24.96 25.23 25.34 26.94 26.28 26.27 24.61 25.74 24.07 24.97 24.38 25.06 23.88 23.85 22.77 23.00 23.89 23.71 22.73 25.33 26.45 24.60 24.78 27.35 27.28 25.85 27.18 28.40 27.19 28.40 28.67 
16.59 15.97 14.56 12.07 11.29 10.11 7.46 8.04 5.55 0.00 5.69 7.40 6.44 7.87 8.76 10.15 11.23 13.21 13.84 15.34 17.97 20.06 20.01 20.19 22.59 22.61 19.73 20.33 22.40 21.81 19.38 19.64 17.96 17.17 15.49 15.87 16.42 17.43 17.37 20.22 23.52 24.19 26.27 26.53 25.42 25.26 23.89 21.89 21.81 21.26 21.04 21.73 22.95 22.61 24.11 26.52 26.26 27.09 24.28 24.83 24.01 25.15 25.99 27.63 27.10 28.27 26.70 26.42 23.58 24.28 21.76 21.44 20.20 21.78 21.22 22.90 23.59 25.04 23.85 22.96 23.73 25.37 24.21 24.51 26.44 27.53 27.47 26.62 27.18 26.98 26.82 26.94 26.55 27.02 26.53 28.49 27.87 27.88 25.88 27.12 25.32 26.65 25.82 26.65 25.08 25.27 24.17 24.45 24.97 25.31 24.09 26.90 27.58 26.16 26.82 29.39 28.58 26.98 27.86 29.69 29.34 28.47 29.86 
17.52 16.50 14.51 12.54 12.51 10.85 8.80 7.33 6.88 5.69 0.35 5.48 6.82 6.44 6.94 8.25 10.08 10.75 11.50 13.40 15.72 17.42 17.79 18.41 20.53 20.22 17.51 17.99 20.25 19.39 17.21 17.55 16.49 15.50 14.83 15.51 16.61 17.52 17.45 21.22 24.26 24.61 26.35 26.78 25.86 24.94 23.76 20.96 21.03 19.72 19.95 19.94 21.33 21.10 22.95 25.19 25.21 26.03 23.57 23.74 23.15 24.03 25.45 26.38 26.36 26.97 26.15 25.17 22.33 22.63 20.77 20.07 18.76 20.42 20.13 21.53 22.50 23.75 22.71 21.45 22.78 23.90 22.95 22.86 25.49 26.22 26.81 25.32 26.50 25.50 25.95 25.66 25.74 25.66 25.58 27.19 26.90 26.40 24.63 25.79 24.32 25.19 24.71 25.19 23.59 23.82 23.08 22.93 23.62 23.85 22.88 25.34 26.31 24.60 25.44 28.08 27.70 26.37 27.28 28.61 28.80 29.29 29.11 
17.25 16.11 14.50 13.00 12.63 11.73 8.85 7.75 6.39 7.40 5.48 0.00 5.25 7.27 6.04 6.58 8.49 10.06 10.10 10.64 13.31 15.35 14.99 15.17 17.57 17.51 14.51 14.88 17.62 16.78 13.89 14.75 13.84 13.29 12.01 13.95 14.96 16.30 16.81 20.71 23.42 24.05 25.67 26.67 25.47 24.87 23.37 20.99 20.06 18.75 18.22 18.41 19.30 19.03 20.55 22.84 22.70 23.68 21.15 21.96 21.15 22.22 23.04 24.74 24.17 25.29 23.65 23.20 20.33 20.98 18.13 18.30 16.90 18.67 18.04 19.95 20.83 22.67 21.04 20.42 21.23 23.13 21.69 21.74 23.83 24.91 24.82 23.99 24.50 24.12 24.15 24.17 23.66 24.20 23.89 26.15 24.66 24.93 22.99 24.66 22.62 24.03 22.94 24.05 22.27 22.57 21.36 21.75 22.29 22.38 21.08 24.18 24.67 23.14 24.05 26.86 26.68 25.29 26.01 27.99 27.66 27.55 28.15 
17.94 17.43 15.99 14.16 13.11 12.32 10.29 9.79 6.95 6.44 6.82 5.25 0.00 5.32 6.60 5.79 7.14 8.82 9.76 9.68 12.01 14.48 14.39 13.48 16.19 16.94 14.68 14.82 17.67 16.75 13.78 14.04 13.93 13.31 12.52 14.03 15.58 17.38 18.40 21.98 24.73 25.03 27.24 27.89 27.03 26.58 25.34 22.38 21.29 19.55 18.96 18.77 19.67 19.19 20.58 22.63 22.77 23.11 21.03 21.56 21.34 21.81 22.83 24.24 24.34 24.67 23.59 22.97 20.93 20.82 18.35 18.08 17.26 18.73 18.51 20.22 21.38 23.08 21.84 20.98 22.14 23.45 22.38 22.36 24.38 25.37 25.45 24.21 25.06 24.27 24.68 24.38 23.88 24.09 24.47 25.94 25.00 24.76 23.45 24.50 22.50 23.73 23.09 23.56 22.39 22.41 21.33 21.75 22.87 22.69 21.35 24.01 25.42 23.74 24.06 26.91 27.42 26.31 27.02 27.97 26.95 28.03 27.42 
20.03 19.75 18.17 15.59 14.93 14.33 11.31 11.23 8.47 7.87 6.44 7.27 5.32 0.00 5.51 7.12 6.38 7.83 8.95 10.73 12.28 14.45 15.44 15.66 17.25 18.00 16.01 16.57 19.05 18.28 15.87 16.66 16.17 16.01 15.20 17.11 18.98 21.08 21.75 25.26 27.92 28.49 29.91 30.98 29.88 29.55 27.71 24.67 23.11 21.99 21.01 20.74 21.36 21.15 22.68 24.79 24.68 25.78 23.37 23.79 23.52 24.73 25.62 26.80 26.59 27.68 26.31 25.87 23.41 23.86 21.21 20.83 19.87 21.51 21.07 22.89 24.13 25.87 24.33 23.72 24.75 26.39 25.07 25.52 27.62 28.32 28.18 27.34 28.04 27.38 27.54 27.63 27.24 27.41 27.35 29.15 28.12 28.09 26.41 27.60 25.71 27.03 26.06 26.55 25.01 25.12 23.97 24.31 25.30 25.41 24.16 26.56 27.54 25.79 26.63 29.54 29.33 28.19 28.75 30.26 29.37 29.25 28.73 
20.40 20.34 18.58 16.23 15.76 14.75 11.65 11.48 9.46 8.76 6.94 6.04 6.60 5.51 0.00 5.11 6.85 6.28 7.05 8.68 10.86 11.75 12.74 13.45 15.47 15.42 13.91 14.43 17.05 16.82 15.15 15.93 15.21 15.78 15.03 17.66 19.10 20.89 21.10 24.91 27.61 27.71 29.23 29.90 28.99 28.36 26.76 23.23 22.10 20.33 19.73 18.84 19.58 19.49 21.19 22.96 22.95 24.11 22.23 22.58 21.98 23.45 24.85 25.64 25.23 26.16 25.66 24.73 21.98 22.58 20.43 20.04 18.89 20.56 19.84 21.47 22.82 24.38 22.88 22.20 23.85 24.92 23.74 23.69 26.34 26.85 26.64 25.46 26.57 25.65 25.98 26.08 25.85 25.85 25.78 27.60 26.70 26.47 24.68 26.22 24.50 25.33 24.55 25.08 23.70 23.74 22.55 22.69 23.50 23.66 22.18 24.75 25.74 24.35 24.78 27.62 27.66 26.55 27.65 29.09 27.83 29.16 28.13 
20.55 19.36 18.40 17.10 16.12 15.53 12.33 12.10 9.97 10.15 8.25 6.58 5.79 7.12 5.11 0.00 5.33 6.84 5.68 6.47 8.10 9.86 10.06 10.50 12.48 13.27 11.65 12.72 14.25 14.40 13.03 14.48 13.80 14.26 13.45 16.41 17.85 19.59 19.79 23.30 25.61 26.32 27.80 29.13 27.54 26.56 24.83 22.06 20.60 18.47 17.33 16.61 17.19 16.43 17.79 19.93 19.83 21.10 18.25 18.77 18.51 19.85 21.33 22.72 22.31 23.70 22.33 21.63 18.72 19.31 17.17 17.43 16.63 18.31 17.36 19.46 21.01 22.47 20.78 20.00 21.57 23.07 21.46 21.24 23.72 24.22 24.14 22.87 23.86 23.05 23.33 23.41 22.96 23.04 23.18 25.09 23.75 23.74 22.11 23.71 21.84 22.94 21.96 22.78 21.31 21.25 19.92 20.11 21.19 20.80 19.54 22.29 23.46 21.82 22.65 25.85 26.07 25.22 26.06 28.31 27.49 27.87 27.95 
23.22 22.81 21.54 20.29 18.91 18.03 15.08 14.83 11.71 11.23 10.08 8.49 7.14 6.38 6.85 5.33 0.00 5.69 6.89 6.19 7.92 9.54 10.73 11.24 12.92 14.14 13.56 14.65 16.78 17.08 15.96 17.28 16.90 17.33 16.64 19.37 20.59 22.65 22.81 25.99 28.07 28.62 30.50 30.67 29.80 29.03 27.71 24.44 23.27 20.92 19.63 19.01 19.66 18.52 19.41 21.63 21.68 22.20 19.41 20.09 20.37 21.25 22.64 24.10 24.53 25.29 24.36 23.77 21.26 21.69 19.90 20.00 19.26 20.69 20.23 22.53 23.90 25.36 23.92 22.99 23.92 25.20 24.12 23.92 25.88 26.53 26.75 25.48 26.07 25.39 25.74 25.84 25.46 25.32 25.71 27.23 26.22 26.19 24.98 25.89 24.15 25.09 24.61 24.71 23.53 23.44 22.40 22.55 23.70 23.36 22.27 24.67 25.99 24.38 24.77 27.55 28.23 27.56 28.86 29.67 29.11 30.07 29.65 
24.91 24.93 23.66 21.75 21.44 20.77 16.95 16.54 13.77 13.21 10.75 10.06 8.82 7.83 6.28 6.84 5.69 0.00 5.40 6.78 6.55 8.12 9.29 10.36 12.20 13.78 12.85 14.19 16.29 17.29 16.26 17.75 17.77 18.68 18.13 20.49 22.08 24.51 25.05 28.19 29.86 31.36 32.80 33.19 31.27 31.09 29.54 26.06 24.03 22.48 21.29 20.14 20.43 19.53 20.79 22.61 22.35 23.32 20.67 20.98 21.10 22.32 23.96 25.23 25.14 26.54 25.62 24.97 22.34 23.07 21.36 21.41 20.80 22.48 21.88 23.99 25.37 26.86 25.36 24.65 25.56 26.95 25.52 25.58 27.61 28.11 28.09 27.09 27.69 27.21 27.21 27.49 27.03 27.24 27.22 29.20 28.09 28.10 26.35 27.72 25.73 26.97 25.93 26.36 24.90 24.79 23.62 23.64 24.67 24.67 23.66 25.91 26.98 25.37 26.25 29.09 28.96 27.81 28.98 31.33 30.20 30.34 30.72 
24.52 24.92 23.87 21.91 21.28 20.45 17.41 16.62 14.15 13.84 11.50 10.10 9.76 8.95 7.05 5.68 6.89 5.40 0.32 5.08 6.83 6.39 7.28 8.29 10.56 11.51 10.49 11.87 14.44 15.54 14.41 16.42 16.11 17.08 16.57 19.42 20.64 23.66 23.89 27.42 29.02 30.17 31.75 32.01 30.13 29.86 28.74 24.69 22.88 20.87 20.15 18.52 18.75 17.88 19.22 20.39 20.13 21.33 19.13 19.73 19.19 20.84 22.79 23.63 23.57 24.99 24.37 23.73 20.91 21.94 20.01 20.24 19.42 21.22 20.26 22.51 24.02 25.45 23.63 23.09 24.40 25.33 23.75 23.55 26.05 26.46 26.06 24.79 25.75 24.95 25.02 25.09 24.89 25.16 25.10 26.83 26.07 25.97 24.03 25.45 23.99 24.74 23.94 24.35 23.20 22.95 21.89 21.75 22.77 22.63 21.44 23.88 24.89 23.33 23.81 26.85 26.97 26.24 27.75 29.21 27.98 29.50 29.17 
24.87 24.50 23.64 22.17 21.82 21.50 18.43 17.69 14.71 15.34 13.40 10.64 9.68 10.73 8.68 6.47 6.19 6.78 5.08 0.00 5.18 6.62 5.60 6.53 8.34 9.72 9.26 10.39 12.94 13.58 12.78 14.98 14.90 15.86 15.41 18.42 20.04 22.54 23.02 26.17 28.23 29.37 30.93 31.11 29.45 28.60 26.98 23.49 21.73 19.41 17.93 16.59 16.79 15.32 15.91 17.33 17.77 18.85 15.73 16.10 16.37 17.92 19.86 21.63 21.62 23.12 22.09 21.75 18.92 19.84 18.10 18.57 18.05 19.99 19.11 21.51 22.90 24.41 22.61 21.96 23.06 24.22 22.58 22.14 24.30 24.66 24.56 23.34 24.19 23.27 23.36 23.06 22.82 23.33 23.27 24.86 23.88 24.16 22.39 23.75 21.87 23.09 22.24 22.85 21.33 21.16 20.09 19.98 20.99 20.86 19.75 21.86 22.97 21.45 22.58 25.43 25.66 25.08 26.35 28.18 27.38 27.95 29.33 
27.88 28.33 27.26 25.66 25.60 25.48 22.39 21.12 18.00 17.97 15.72 13.31 12.01 12.28 10.86 8.10 7.92 6.55 6.83 5.18 0.71 5.94 6.77 6.29 8.05 9.27 9.87 11.29 13.61 15.27 14.75 16.88 17.12 18.86 18.72 21.67 22.94 26.00 26.36 29.68 31.31 32.40 33.93 34.42 32.93 32.25 30.35 27.01 25.58 22.63 20.84 20.07 20.52 18.64 18.69 20.19 20.74 21.17 18.38 19.01 19.60 21.09 22.78 24.35 24.71 25.97 25.49 25.22 22.91 23.70 22.13 22.22 21.69 23.60 23.04 25.23 26.35 28.15 26.47 25.77 26.46 27.49 26.38 25.93 27.31 28.07 28.22 27.02 27.47 26.93 27.13 26.89 26.42 26.86 27.07 28.47 27.31 27.56 26.42 27.32 25.57 26.44 26.17 26.45 25.01 24.68 23.85 23.86 24.66 24.73 23.63 25.58 26.29 24.97 25.60 28.02 28.09 27.80 29.19 29.36 28.59 29.87 29.63 
29.53 29.65 28.70 27.17 27.71 27.43 24.58 23.30 20.44 20.06 17.42 15.35 14.48 14.45 11.75 9.86 9.54 8.12 6.39 6.62 5.94 0.00 5.45 7.18 6.71 7.97 8.75 10.55 12.82 14.16 14.61 16.69 16.94 19.21 19.78 22.17 23.74 26.96 28.28 30.99 32.61 34.41 36.51 36.19 33.87 33.34 32.01 28.22 25.89 23.72 22.10 20.81 20.46 18.54 19.20 20.93 20.74 21.86 18.75 19.57 19.86 21.73 23.27 24.78 25.12 27.04 26.10 25.66 23.36 24.57 22.95 22.93 22.65 24.61 24.12 26.32 27.76 29.05 27.56 27.00 27.91 28.70 27.25 27.01 28.83 28.89 28.89 27.54 28.48 27.75 27.95 27.77 27.55 27.81 27.94 29.64 28.64 28.61 27.13 28.51 26.93 27.70 26.96 27.27 25.87 25.48 24.51 24.41 25.36 25.37 24.53 26.13 26.84 25.37 26.61 28.92 28.67 28.22 28.91 30.36 29.41 29.99 30.57 
29.26 29.50 28.82 27.19 26.68 26.11 24.27 23.15 19.90 20.01 17.79 14.99 14.39 15.44 12.74 10.06 10.73 9.29 7.28 5.60 6.77 5.45 0.32 4.95 6.74 6.52 7.21 8.81 11.00 12.03 12.41 14.77 14.95 17.10 17.61 20.77 21.57 25.72 27.19 29.95 31.47 33.21 35.58 34.98 32.29 32.31 31.11 26.81 24.32 22.14 20.94 19.01 18.42 16.65 17.32 18.63 18.36 19.03 16.67 17.73 17.40 19.39 21.56 23.02 23.57 25.53 24.83 24.35 21.88 23.21 21.50 21.75 21.12 23.26 22.29 24.92 26.22 27.64 25.72 25.38 26.51 27.33 25.48 25.25 27.45 27.63 26.98 25.72 26.79 25.92 25.84 25.79 25.78 26.03 25.72 27.73 27.21 26.90 24.93 26.68 25.48 26.07 24.98 25.47 24.30 23.93 22.77 22.73 23.49 23.52 22.48 24.45 25.12 23.89 24.52 27.00 26.82 26.71 28.19 28.89 27.89 29.35 29.17 
29.04 28.96 28.03 26.97 26.51 26.25 24.00 23.23 19.53 20.19 18.41 15.17 13.48 15.66 13.45 10.50 11.24 10.36 8.29 6.53 6.29 7.18 4.95 0.00 5.20 7.09 5.86 6.64 8.95 10.56 11.09 12.85 13.74 15.11 16.15 18.88 20.57 23.61 25.38 28.57 30.60 32.20 33.91 33.94 31.53 31.27 29.34 25.35 22.95 20.77 19.18 17.56 16.45 14.92 15.31 17.17 16.01 17.11 14.17 15.70 15.47 17.74 19.77 22.37 22.44 24.57 23.38 23.26 20.72 21.65 20.11 20.19 19.86 21.90 21.23 23.55 25.03 26.56 24.47 23.89 25.04 25.98 24.27 23.89 25.89 26.13 25.46 23.88 24.87 24.09 24.00 23.66 23.70 24.26 24.13 26.07 25.18 25.22 23.52 24.92 23.49 24.09 23.43 23.93 22.09 21.64 20.89 20.66 21.50 21.49 20.78 22.64 23.51 22.21 23.49 25.90 25.87 25.69 26.79 28.29 27.26 28.09 29.17 
30.64 31.24 30.27 28.71 29.00 29.10 26.53 25.54 22.15 22.59 20.53 17.57 16.19 17.25 15.47 12.48 12.92 12.20 10.56 8.34 8.05 6.71 6.74 5.20 0.33 5.67 6.64 6.52 7.89 9.73 11.14 13.12 13.61 15.99 17.12 19.99 21.79 26.00 27.46 30.99 33.19 34.25 35.73 35.97 34.29 33.53 31.27 27.59 25.35 22.27 20.63 18.92 18.72 16.68 16.91 17.93 17.81 18.50 15.67 16.83 17.23 19.36 21.39 23.91 24.50 26.18 25.79 25.46 23.19 24.15 22.23 21.98 21.39 23.64 23.04 25.02 26.68 28.44 26.50 25.82 26.64 27.89 26.40 26.11 27.88 28.26 28.08 26.44 27.00 26.41 26.40 26.10 25.86 26.21 26.30 27.78 26.88 26.83 25.63 26.59 24.89 25.53 25.39 25.33 23.45 23.04 22.46 22.25 22.97 23.13 22.55 24.57 25.33 24.16 25.33 27.51 27.14 27.38 29.29 29.29 27.89 29.37 29.27 
30.81 31.11 29.79 28.57 29.12 28.93 26.24 25.12 22.37 22.61 20.22 17.51 16.94 18.00 15.42 13.27 14.14 13.78 11.51 9.72 9.27 7.97 6.52 7.09 5.67 0.00 5.34 7.25 6.76 7.50 9.66 12.10 13.00 14.45 16.39 19.01 21.51 25.20 27.60 30.82 33.10 34.67 36.72 36.70 34.21 33.51 31.45 27.49 24.34 21.67 19.73 18.27 17.16 15.60 15.33 17.45 16.61 18.03 15.13 16.38 16.84 18.96 21.26 23.50 23.48 25.82 25.07 24.63 22.35 23.50 21.60 21.46 21.02 23.06 22.59 24.85 26.36 27.85 26.10 25.49 26.38 27.37 25.47 25.19 27.06 27.14 26.62 24.86 25.69 25.09 25.07 24.76 24.66 25.28 25.41 27.19 26.32 26.28 24.69 25.89 24.17 24.81 24.28 24.19 22.32 21.89 21.38 20.91 21.64 21.76 21.60 23.28 24.46 23.13 24.97 26.74 26.55 26.57 27.78 29.08 27.66 28.32 29.26 
29.42 29.27 28.41 26.89 26.80 25.93 23.54 22.11 19.58 19.73 17.51 14.51 14.68 16.01 13.91 11.65 13.56 12.85 10.49 9.26 9.87 8.75 7.21 5.86 6.64 5.34 0.00 5.34 7.13 6.52 7.54 10.14 11.20 12.90 14.37 16.97 18.91 23.04 24.74 28.56 30.61 32.35 34.41 34.27 31.68 31.19 29.06 24.53 22.19 19.39 17.37 15.37 14.68 12.57 12.76 14.01 13.56 14.47 11.99 13.57 13.78 15.99 18.12 20.02 20.93 22.89 22.06 21.57 19.24 20.60 18.43 18.34 17.92 20.32 19.68 22.01 23.32 25.04 23.13 22.42 23.46 24.27 22.09 21.63 23.95 23.84 23.10 21.55 22.49 21.36 21.35 21.31 21.37 21.62 21.93 23.95 23.33 22.85 21.22 22.66 21.37 21.88 21.06 21.08 19.53 19.13 18.47 17.98 18.65 18.58 18.13 20.53 21.31 20.09 21.45 23.52 23.76 24.05 25.72 26.31 25.21 26.84 26.80 
29.56 29.48 28.26 27.38 26.98 26.32 23.76 22.62 19.89 20.33 17.99 14.88 14.82 16.57 14.43 12.72 14.65 14.19 11.87 10.39 11.29 10.55 8.81 6.64 6.52 7.25 5.34 0.00 5.77 7.46 7.44 8.80 10.36 12.36 14.16 16.61 18.69 21.93 24.26 27.85 31.31 32.44 34.74 34.34 32.39 31.34 28.62 24.34 22.19 19.34 17.08 15.36 13.11 11.96 11.04 13.58 12.27 13.63 11.13 13.34 14.12 16.14 17.84 21.17 21.76 23.78 22.43 22.51 19.24 20.61 18.65 18.52 17.69 20.24 19.94 22.20 23.23 24.91 23.10 22.33 23.20 23.87 21.94 21.44 23.56 23.28 22.72 21.40 22.10 21.09 20.93 21.05 20.67 21.04 21.55 23.97 23.12 22.52 21.17 22.34 20.96 21.83 21.00 21.12 19.15 18.94 17.75 17.40 18.28 18.33 18.10 20.05 21.32 19.74 21.59 23.97 24.62 24.48 25.41 26.65 25.81 26.83 27.67 
31.16 31.32 30.33 28.92 29.19 28.92 26.34 25.26 22.56 22.40 20.25 17.62 17.67 19.05 17.05 14.25 16.78 16.29 14.44 12.94 13.61 12.82 11.00 8.95 7.89 6.76 7.13 5.77 0.00 6.45 7.60 8.72 9.31 12.72 15.10 17.86 20.24 23.82 26.02 30.71 33.50 34.65 36.91 37.15 35.02 33.81 30.91 27.05 24.13 20.93 19.36 17.36 15.05 12.89 13.18 14.17 13.96 15.40 13.84 15.97 16.53 18.12 20.20 23.24 24.00 25.62 24.92 24.52 21.16 22.53 21.16 20.57 19.65 21.94 22.36 24.35 25.20 26.74 25.24 24.34 24.99 25.66 24.10 23.73 25.32 25.11 24.85 23.46 24.14 23.04 23.28 23.11 22.66 22.95 23.64 25.49 24.74 24.52 23.19 23.80 22.35 23.24 22.78 22.46 20.35 20.01 19.07 18.70 19.49 19.88 19.63 21.94 23.07 21.87 23.59 25.90 26.07 26.54 28.30 27.66 26.68 28.00 28.42 
30.83 30.83 29.55 28.44 28.57 28.01 25.29 24.53 21.82 21.81 19.39 16.78 16.75 18.28 16.82 14.40 17.08 17.29 15.54 13.58 15.27 14.16 12.03 10.56 9.73 7.50 6.52 7.46 6.45 0.00 6.27 7.69 8.59 9.86 13.07 16.59 19.56 22.92 24.95 28.90 33.15 33.40 35.90 36.06 33.88 32.00 29.08 25.57 22.51 19.71 17.97 16.15 13.01 11.57 10.98 13.64 13.28 16.02 13.89 15.75 16.01 17.96 19.93 22.59 22.92 25.07 23.98 23.37 19.80 21.50 19.81 19.83 18.57 20.92 21.11 23.39 24.17 25.83 24.34 23.19 23.61 24.26 22.62 21.82 23.60 23.38 22.94 21.59 21.95 21.30 21.42 21.68 20.76 21.70 22.17 24.24 23.48 23.70 22.01 22.89 21.22 22.54 21.73 21.28 19.01 18.93 17.70 17.09 17.81 18.21 18.14 20.38 21.61 20.39 22.73 25.02 25.63 25.77 26.73 27.47 26.32 27.51 28.19 
28.79 28.48 27.48 26.11 25.74 24.90 22.54 21.25 18.82 19.38 17.21 13.89 13.78 15.87 15.15 13.03 15.96 16.26 14.41 12.78 14.75 14.61 12.41 11.09 11.14 9.66 7.54 7.44 7.60 6.27 0.00 6.24 6.65 8.89 10.09 13.97 16.40 19.77 21.52 25.69 28.95 30.54 33.30 33.17 30.03 28.50 25.36 21.76 19.46 17.12 14.41 11.93 10.09 8.61 8.77 11.02 12.57 14.39 12.20 13.78 13.87 15.48 17.30 19.76 20.55 22.37 21.17 20.37 16.75 18.38 16.38 16.33 15.78 17.93 17.49 20.41 21.37 22.94 20.92 19.93 20.66 21.43 19.10 18.40 20.38 20.46 19.68 18.31 18.66 17.84 18.27 18.39 17.59 17.71 18.89 21.04 20.35 20.13 18.83 19.90 18.54 19.57 18.60 18.39 16.20 15.64 15.01 14.41 14.89 14.76 15.03 18.11 19.11 17.73 20.01 22.41 22.61 23.28 25.27 25.21 24.79 26.19 26.72 
28.27 27.94 26.89 25.73 25.04 24.44 21.93 21.43 18.54 19.64 17.55 14.75 14.04 16.66 15.93 14.48 17.28 17.75 16.42 14.98 16.88 16.69 14.77 12.85 13.12 12.10 10.14 8.80 8.72 7.69 6.24 0.00 6.25 7.32 9.57 12.35 15.29 18.46 20.82 25.72 29.19 30.42 33.75 32.99 30.51 28.97 25.79 22.01 19.52 15.91 12.94 10.89 9.03 8.05 8.45 12.72 13.78 15.52 12.77 14.00 14.25 16.01 18.15 20.72 21.14 22.22 20.89 20.25 16.27 17.76 15.65 16.67 15.61 17.95 17.56 20.48 21.34 22.86 21.18 20.06 20.65 20.88 19.07 18.93 20.66 20.48 19.80 18.55 18.62 17.60 17.49 18.45 17.09 17.41 18.53 21.15 20.27 19.84 18.67 20.12 18.56 19.82 18.75 18.85 16.08 15.60 14.54 14.63 15.23 15.52 16.09 18.70 19.85 18.66 20.74 22.96 23.93 23.99 24.35 25.84 25.31 26.31 26.98 
26.21 25.92 24.75 23.74 23.64 22.76 20.70 19.84 17.30 17.96 16.49 13.84 13.93 16.17 15.21 13.80 16.90 17.77 16.11 14.90 17.12 16.94 14.95 13.74 13.61 13.00 11.20 10.36 9.31 8.59 6.65 6.25 0.00 6.13 6.70 9.98 11.03 15.55 18.10 23.11 25.71 27.43 30.18 30.99 27.55 25.84 23.32 20.12 16.30 12.35 10.23 9.04 7.54 7.31 9.27 12.55 14.53 15.99 13.18 13.98 13.66 15.31 17.26 19.45 19.75 20.45 19.00 18.23 14.35 15.38 14.34 14.19 13.73 15.60 16.08 18.67 19.67 21.24 19.46 18.32 18.39 18.84 17.29 17.22 18.52 17.84 17.56 16.45 17.19 15.60 15.90 16.04 15.50 15.43 16.69 18.82 18.13 17.99 16.70 17.69 16.63 17.41 16.12 16.29 14.38 13.26 12.04 12.43 13.91 13.88 14.11 17.11 18.50 17.39 19.16 21.74 22.37 22.99 23.85 24.88 24.25 25.84 26.03 
25.33 24.95 24.04 22.88 22.48 21.39 19.15 18.68 16.24 17.17 15.50 13.29 13.31 16.01 15.78 14.26 17.33 18.68 17.08 15.86 18.86 19.21 17.10 15.11 15.99 14.45 12.90 12.36 12.72 9.86 8.89 7.32 6.13 0.00 5.71 6.94 9.33 12.90 14.94 19.58 23.23 25.01 27.31 27.82 25.30 24.32 20.89 17.07 14.03 10.49 9.18 7.73 8.17 8.29 10.46 14.18 15.69 17.02 13.77 14.57 13.95 15.01 16.80 18.84 18.52 19.58 18.29 17.19 12.70 14.07 12.28 13.05 11.89 14.08 13.77 17.10 17.67 20.02 18.42 16.58 16.24 17.30 15.98 15.61 16.77 16.61 16.50 15.61 16.13 14.78 15.10 15.58 14.78 14.81 16.00 17.92 17.63 17.81 16.10 16.93 15.89 17.22 16.06 15.94 13.66 13.13 12.15 12.31 13.52 14.50 14.22 16.86 18.14 17.41 19.36 21.89 22.53 22.81 22.95 25.02 24.19 25.46 26.08 
23.72 23.38 22.46 21.36 20.61 19.40 17.42 16.55 14.54 15.49 14.83 12.01 12.52 15.20 15.03 13.45 16.64 18.13 16.57 15.41 18.72 19.78 17.61 16.15 17.12 16.39 14.37 14.16 15.10 13.07 10.09 9.57 6.70 5.71 0.00 5.12 6.10 9.65 10.60 15.30 18.76 20.56 23.36 24.20 21.56 20.49 17.32 13.40 11.12 9.20 7.66 7.93 8.68 9.54 12.15 16.25 16.97 17.23 14.26 14.58 14.08 14.96 16.17 17.48 17.55 18.42 17.25 15.89 12.03 12.72 10.89 10.94 10.96 11.92 11.79 14.57 16.30 17.73 16.18 14.64 14.85 15.79 14.20 14.16 15.90 16.26 16.57 15.02 15.31 14.04 15.14 14.77 13.57 13.71 15.18 16.77 16.55 16.54 15.04 15.43 14.30 15.45 14.83 14.90 12.77 11.59 11.58 11.60 12.92 13.18 12.82 15.85 16.75 16.17 18.11 20.83 21.14 21.26 22.60 23.80 23.36 24.82 25.17 
23.69 23.21 22.35 21.21 20.31 18.71 16.74 16.88 14.71 15.87 15.51 13.95 14.03 17.11 17.66 16.41 19.37 20.49 19.42 18.42 21.67 22.17 20.77 18.88 19.99 19.01 16.97 16.61 17.86 16.59 13.97 12.35 9.98 6.94 5.12 0.00 5.71 6.63 8.75 13.26 16.27 18.00 21.41 22.33 20.27 18.16 15.21 11.46 10.91 7.18 7.41 8.16 10.28 12.16 15.17 19.40 19.14 20.42 16.62 16.68 15.65 16.81 17.78 18.52 18.22 19.63 18.30 16.86 13.02 14.46 11.74 11.67 10.83 12.71 12.29 14.82 15.37 17.42 15.81 14.61 14.93 15.39 14.70 15.36 16.93 17.16 17.79 16.73 16.51 15.66 16.27 16.64 15.40 15.60 16.80 18.60 18.27 17.90 16.74 16.90 15.70 16.60 16.27 16.24 14.27 13.47 13.00 13.68 14.61 15.12 14.97 17.59 18.36 18.04 19.35 22.29 22.95 22.75 22.60 24.81 24.11 25.23 25.91 
23.03 22.39 21.47 20.60 19.98 18.69 16.78 16.84 15.15 16.42 16.61 14.96 15.58 18.98 19.10 17.85 20.59 22.08 20.64 20.04 22.94 23.74 21.57 20.57 21.79 21.51 18.91 18.69 20.24 19.56 16.40 15.29 11.03 9.33 6.10 5.71 0.00 5.62 6.44 10.66 12.67 14.87 18.21 19.09 16.95 14.92 11.74 9.56 8.44 6.75 7.92 8.86 11.37 13.73 17.40 20.22 19.95 21.39 18.45 18.21 16.44 18.23 19.06 19.98 19.19 20.18 18.89 18.09 14.19 14.87 12.12 11.83 10.82 11.89 11.66 13.48 14.70 16.05 14.80 13.50 14.32 15.28 14.58 14.90 17.34 17.49 18.32 16.78 17.50 16.15 16.99 17.09 16.29 16.05 17.19 19.32 18.56 18.30 16.84 17.84 15.56 17.23 16.42 16.96 15.07 15.40 14.44 14.46 15.09 15.84 15.31 18.18 18.75 17.98 19.19 22.26 22.58 22.57 23.38 24.55 24.43 25.32 25.48 
23.40 22.71 22.01 20.46 20.34 19.04 16.85 17.13 15.72 17.43 17.52 16.30 17.38 21.08 20.89 19.59 22.65 24.51 23.66 22.54 26.00 26.96 25.72 23.61 26.00 25.20 23.04 21.93 23.82 22.92 19.77 18.46 15.55 12.90 9.65 6.63 5.62 0.00 5.56 7.76 10.72 12.44 15.62 17.44 15.11 14.01 11.69 8.27 8.52 8.19 10.49 11.87 14.48 17.41 20.51 23.62 23.12 24.44 21.48 20.94 18.97 20.02 21.20 21.88 21.60 21.96 20.89 19.42 16.18 16.26 13.69 13.39 11.82 12.61 12.08 14.19 14.50 16.56 16.04 14.23 15.00 16.55 16.07 16.60 19.02 19.51 20.39 19.11 20.13 19.18 19.41 19.64 18.87 18.65 19.52 21.36 21.13 20.59 19.23 19.96 18.63 19.51 19.43 19.96 17.99 17.72 17.07 17.33 17.72 18.26 17.41 19.73 20.53 19.79 20.97 23.76 24.14 24.01 24.15 26.08 24.88 26.11 26.55 
23.16 22.23 21.36 19.93 19.42 18.20 16.52 16.52 15.71 17.37 17.45 16.81 18.40 21.75 21.10 19.79 22.81 25.05 23.89 23.02 26.36 28.28 27.19 25.38 27.46 27.60 24.74 24.26 26.02 24.95 21.52 20.82 18.10 14.94 10.60 8.75 6.44 5.56 0.00 5.67 7.21 9.24 12.47 13.75 11.47 11.02 9.46 7.76 8.18 8.71 11.69 14.66 17.16 18.99 22.34 25.11 25.26 25.89 23.35 22.32 20.41 21.05 21.51 22.24 21.93 22.64 20.76 20.11 17.04 17.32 14.25 14.13 12.81 13.16 12.16 13.35 14.22 16.53 14.88 13.63 14.31 16.58 15.27 16.06 18.77 20.08 20.40 19.73 20.43 19.85 20.36 20.41 19.61 19.53 19.85 21.91 21.74 21.17 19.36 20.50 18.90 19.47 18.88 20.07 17.97 17.38 16.67 17.00 17.65 17.91 16.93 19.54 20.05 19.25 20.42 23.34 23.26 23.75 25.11 26.12 25.39 26.35 26.11 
24.38 23.82 22.87 21.06 21.24 20.02 18.16 19.00 18.25 20.22 21.22 20.71 21.98 25.26 24.91 23.30 25.99 28.19 27.42 26.17 29.68 30.99 29.95 28.57 30.99 30.82 28.56 27.85 30.71 28.90 25.69 25.72 23.11 19.58 15.30 13.26 10.66 7.76 5.67 0.60 6.56 8.54 10.57 12.79 10.15 9.92 9.35 8.93 10.82 11.52 14.99 18.23 21.48 23.53 26.15 29.24 29.17 29.93 27.04 26.46 24.57 25.09 25.55 25.91 25.58 26.16 24.94 23.40 20.71 20.45 17.97 17.61 16.10 16.75 15.31 15.97 16.84 19.13 17.94 16.77 17.79 19.81 19.20 19.72 22.01 23.58 24.46 23.26 23.55 23.34 24.05 24.09 23.02 23.43 24.07 25.75 25.02 24.64 23.21 23.79 22.10 23.20 23.21 23.59 21.91 21.51 21.03 20.74 21.32 21.94 21.20 23.16 23.51 22.66 24.04 26.43 26.14 26.19 26.90 28.68 27.20 27.70 28.32 
25.68 25.15 24.30 22.46 22.96 22.34 20.91 21.63 20.81 23.52 24.26 23.42 24.73 27.92 27.61 25.61 28.07 29.86 29.02 28.23 31.31 32.61 31.47 30.60 33.19 33.10 30.61 31.31 33.50 33.15 28.95 29.19 25.71 23.23 18.76 16.27 12.67 10.72 7.21 6.56 1.60 6.16 8.48 9.57 9.78 9.48 10.10 9.52 12.81 14.71 18.13 20.21 23.80 26.34 29.34 31.88 32.29 32.61 29.68 28.49 26.96 27.33 28.05 28.60 27.65 28.63 27.28 26.88 23.29 23.85 20.76 20.16 18.81 19.77 18.48 18.43 18.33 21.28 19.96 18.49 19.65 21.96 21.82 21.86 23.88 25.91 26.96 25.56 25.83 25.64 26.62 26.46 25.43 25.56 26.33 27.92 26.82 26.36 25.27 25.68 23.43 25.05 25.02 25.28 23.15 23.77 23.31 22.60 23.24 23.80 23.09 25.04 25.18 24.12 25.03 27.47 26.90 27.39 29.22 29.20 28.68 29.24 28.53 
25.82 25.28 24.39 22.69 23.04 22.57 21.01 22.24 21.28 24.19 24.61 24.05 25.03 28.49 27.71 26.32 28.62 31.36 30.17 29.37 32.40 34.41 33.21 32.20 34.25 34.67 32.35 32.44 34.65 33.40 30.54 30.42 27.43 25.01 20.56 18.00 14.87 12.44 9.24 8.54 6.16 0.00 6.41 8.24 8.05 10.35 10.23 10.25 14.17 16.12 19.61 21.93 25.74 28.25 30.95 33.03 32.54 32.95 29.90 29.59 27.21 27.72 28.33 28.94 27.47 27.90 27.14 26.31 23.03 23.66 21.11 20.51 19.22 20.96 19.67 19.51 19.44 22.29 21.06 19.38 20.17 22.97 22.46 22.82 24.66 26.74 27.85 26.81 27.23 27.11 27.38 27.80 26.80 26.99 26.80 28.89 27.79 27.29 25.41 26.60 24.34 25.42 25.46 26.10 23.72 23.96 23.35 23.14 24.01 24.45 23.33 25.49 26.40 25.09 26.06 28.22 27.86 27.55 29.46 30.35 28.52 28.75 29.42 
27.11 26.75 26.15 24.09 24.76 24.55 22.97 24.10 23.92 26.27 26.35 25.67 27.24 29.91 29.23 27.80 30.50 32.80 31.75 30.93 33.93 36.51 35.58 33.91 35.73 36.72 34.41 34.74 36.91 35.90 33.30 33.75 30.18 27.31 23.36 21.41 18.21 15.62 12.47 10.57 8.48 6.41 1.67 5.86 8.34 10.06 11.29 12.56 16.87 18.66 22.51 24.61 27.72 31.13 33.74 35.38 34.65 34.72 31.57 30.78 28.64 28.70 29.32 29.75 28.41 28.90 27.68 27.38 24.52 25.30 22.80 22.25 21.41 22.74 22.08 22.47 22.12 24.70 23.08 21.49 22.19 24.76 24.15 24.82 27.11 28.67 29.85 28.85 29.88 29.27 29.78 29.52 29.29 28.94 28.77 30.62 30.35 29.43 27.21 28.03 26.69 27.64 27.04 27.50 26.06 26.05 25.08 24.70 26.12 26.38 25.05 27.31 28.19 26.64 27.19 29.28 28.70 29.02 30.48 30.48 29.25 30.42 29.79 
27.17 26.95 26.07 24.08 25.06 24.72 23.20 24.81 24.25 26.53 26.78 26.67 27.89 30.98 29.90 29.13 30.67 33.19 32.01 31.11 34.42 36.19 34.98 33.94 35.97 36.70 34.27 34.34 37.15 36.06 33.17 32.99 30.99 27.82 24.20 22.33 19.09 17.44 13.75 12.79 9.57 8.24 5.86 0.00 6.11 8.54 9.85 11.75 16.08 17.96 21.91 25.50 29.00 31.99 34.00 35.64 34.63 35.19 31.56 30.33 28.76 28.22 28.66 29.08 28.55 28.51 27.28 26.20 23.78 24.51 22.42 21.62 21.09 22.72 22.18 22.94 23.18 25.29 23.85 22.50 23.06 25.26 24.63 25.17 27.08 29.04 30.06 29.19 29.31 29.47 29.78 29.92 28.86 29.39 29.25 31.05 30.02 29.58 27.55 28.29 26.78 27.95 27.29 27.88 26.65 27.13 25.85 25.39 26.23 27.05 26.23 27.85 28.02 27.24 28.53 30.18 29.55 29.11 31.34 31.29 29.22 29.33 30.06 
26.65 26.44 25.69 23.72 24.80 24.28 23.20 23.68 23.28 25.42 25.86 25.47 27.03 29.88 28.99 27.54 29.80 31.27 30.13 29.45 32.93 33.87 32.29 31.53 34.29 34.21 31.68 32.39 35.02 33.88 30.03 30.51 27.55 25.30 21.56 20.27 16.95 15.11 11.47 10.15 9.78 8.05 8.34 6.11 0.00 6.92 7.44 9.47 13.35 15.53 20.66 23.53 26.90 29.77 32.17 34.08 33.75 33.32 29.65 28.84 27.19 26.63 26.93 27.22 26.70 26.44 25.36 24.46 21.98 22.60 20.41 19.49 19.10 20.77 20.03 21.32 21.50 23.90 22.12 20.69 21.16 23.41 22.84 22.78 24.36 26.42 27.97 26.62 27.04 27.12 28.06 27.77 26.94 27.14 27.36 28.77 27.53 27.02 25.54 26.09 24.43 25.35 25.01 25.41 24.30 24.92 23.90 23.25 24.13 25.03 24.45 26.27 26.38 25.11 26.34 28.59 27.73 27.94 29.50 29.16 27.28 28.73 28.41 
26.50 26.14 25.60 23.61 24.63 24.34 22.71 23.69 23.04 25.26 24.94 24.87 26.58 29.55 28.36 26.56 29.03 31.09 29.86 28.60 32.25 33.34 32.31 31.27 33.53 33.51 31.19 31.34 33.81 32.00 28.50 28.97 25.84 24.32 20.49 18.16 14.92 14.01 11.02 9.92 9.48 10.35 10.06 8.54 6.92 0.00 7.02 8.14 12.15 14.22 18.78 22.03 26.00 28.91 31.01 33.11 32.35 31.59 27.93 26.83 25.39 23.74 25.12 25.35 24.62 24.60 23.91 23.51 20.68 21.76 19.38 19.44 18.70 20.49 19.87 21.01 21.68 23.50 22.47 20.47 20.89 22.61 22.10 22.14 23.79 25.78 26.78 25.93 26.47 26.54 26.78 26.76 26.11 26.30 26.09 27.71 26.61 25.95 24.08 24.39 23.16 23.90 23.87 24.29 22.85 23.60 22.86 22.33 23.62 24.06 23.72 25.57 26.24 24.30 26.47 27.96 27.83 26.97 28.95 28.87 26.92 27.73 28.21 
25.86 25.68 25.30 24.01 24.17 23.08 22.20 23.02 22.63 23.89 23.76 23.37 25.34 27.71 26.76 24.83 27.71 29.54 28.74 26.98 30.35 32.01 31.11 29.34 31.27 31.45 29.06 28.62 30.91 29.08 25.36 25.79 23.32 20.89 17.32 15.21 11.74 11.69 9.46 9.35 10.10 10.23 11.29 9.85 7.44 7.02 0.00 6.69 9.12 11.41 15.09 19.52 22.49 24.77 27.80 29.91 29.14 28.51 25.38 24.65 22.29 21.68 21.97 22.76 22.00 22.55 21.75 20.93 18.31 19.26 17.41 17.14 16.97 18.33 17.83 19.69 19.93 21.92 20.98 19.39 20.09 21.36 20.57 20.40 22.75 23.68 24.48 23.62 24.46 24.17 24.59 24.33 23.99 23.94 23.77 25.06 24.36 23.69 22.01 22.32 20.83 21.79 21.65 21.59 20.59 21.21 21.04 20.45 21.70 21.97 21.55 23.57 24.69 23.01 24.38 26.15 26.05 25.77 27.33 27.43 25.77 27.25 26.76 
24.76 24.53 24.05 23.06 22.65 22.06 20.36 21.76 20.47 21.89 20.96 20.99 22.38 24.67 23.23 22.06 24.44 26.06 24.69 23.49 27.01 28.22 26.81 25.35 27.59 27.49 24.53 24.34 27.05 25.57 21.76 22.01 20.12 17.07 13.40 11.46 9.56 8.27 7.76 8.93 9.52 10.25 12.56 11.75 9.47 8.14 6.69 0.00 6.20 6.40 11.92 14.04 16.95 20.05 22.77 25.35 24.17 23.57 20.26 19.20 18.58 17.29 18.17 18.44 19.04 19.92 18.42 17.61 15.58 16.46 14.19 14.04 13.75 15.38 15.33 16.91 17.41 19.06 18.22 16.89 17.73 18.64 17.73 17.05 19.36 20.35 21.17 19.98 20.96 20.74 21.42 21.07 20.29 20.44 20.49 21.74 20.56 20.08 18.08 18.35 17.02 18.24 18.10 18.39 17.99 18.36 17.90 17.29 18.60 18.92 18.57 19.91 21.28 20.07 21.96 23.31 23.94 23.55 25.09 26.11 24.77 25.59 26.39 
24.71 24.91 24.25 23.54 23.48 22.64 21.36 21.76 20.88 21.81 21.03 20.06 21.29 23.11 22.10 20.60 23.27 24.03 22.88 21.73 25.58 25.89 24.32 22.95 25.35 24.34 22.19 22.19 24.13 22.51 19.46 19.52 16.30 14.03 11.12 10.91 8.44 8.52 8.18 10.82 12.81 14.17 16.87 16.08 13.35 12.15 9.12 6.20 0.00 5.85 7.19 11.14 13.32 16.79 19.76 21.79 21.57 20.78 17.15 17.07 15.68 15.57 16.20 17.48 17.96 19.77 18.31 17.83 15.48 15.61 13.84 13.73 13.65 15.00 14.73 17.18 17.63 19.35 17.96 16.57 17.00 18.27 16.88 16.11 17.63 18.77 19.56 18.27 19.01 19.07 19.94 19.49 18.93 18.91 19.26 20.19 18.94 18.09 16.25 16.35 15.55 16.47 16.16 17.28 17.27 17.63 16.79 16.51 17.66 17.91 17.62 19.49 20.34 19.13 20.90 22.73 22.97 23.18 24.62 25.14 23.94 25.53 25.90 
24.45 24.47 24.00 23.49 23.04 22.90 20.36 21.48 20.10 21.26 19.72 18.75 19.55 21.99 20.33 18.47 20.92 22.48 20.87 19.41 22.63 23.72 22.14 20.77 22.27 21.67 19.39 19.34 20.93 19.71 17.12 15.91 12.35 10.49 9.20 7.18 6.75 8.19 8.71 11.52 14.71 16.12 18.66 17.96 15.53 14.22 11.41 6.40 5.85 0.00 5.75 6.53 10.06 13.06 15.51 17.84 17.05 17.12 13.24 13.74 12.96 12.50 14.16 16.17 17.16 18.78 16.65 16.79 13.99 15.01 12.20 12.57 12.06 13.41 12.64 15.01 15.65 17.72 16.17 14.17 15.27 16.34 15.08 14.59 15.93 16.58 17.09 15.81 17.10 16.55 16.60 17.02 16.67 16.71 16.74 18.33 16.62 16.23 14.12 14.31 13.33 14.59 14.76 15.24 15.32 15.47 15.17 14.91 16.13 15.89 15.79 18.11 18.76 17.07 19.48 21.42 22.20 22.01 23.18 24.70 23.58 24.76 25.90 
24.80 24.99 24.73 24.15 23.55 22.65 21.30 21.67 20.42 21.04 19.95 18.22 18.96 21.01 19.73 17.33 19.63 21.29 20.15 17.93 20.84 22.10 20.94 19.18 20.63 19.73 17.37 17.08 19.36 17.97 14.41 12.94 10.23 9.18 7.66 7.41 7.92 10.49 11.69 14.99 18.13 19.61 22.51 21.91 20.66 18.78 15.09 11.92 7.19 5.75 0.00 6.01 7.14 10.10 12.64 15.49 14.93 14.93 11.81 12.22 10.73 10.99 13.49 16.12 17.20 17.96 16.64 16.31 14.05 13.70 11.53 11.99 11.18 12.54 12.96 15.38 16.22 18.26 17.06 15.15 15.89 16.89 15.35 14.54 16.45 16.65 16.61 15.57 16.59 15.66 16.18 16.25 15.99 16.02 16.01 16.96 16.33 15.48 13.28 13.52 12.53 14.25 14.05 14.96 14.75 14.97 15.19 14.75 15.77 15.43 15.22 17.45 18.53 16.92 19.41 21.46 21.88 22.37 23.95 24.54 23.76 25.37 25.78 
25.18 25.36 24.87 24.43 23.90 23.96 21.39 22.57 20.74 21.73 19.94 18.41 18.77 20.74 18.84 16.61 19.01 20.14 18.52 16.59 20.07 20.81 19.01 17.56 18.92 18.27 15.37 15.36 17.36 16.15 11.93 10.89 9.04 7.73 7.93 8.16 8.86 11.87 14.66 18.23 20.21 21.93 24.61 25.50 23.53 22.03 19.52 14.04 11.14 6.53 6.01 0.00 5.69 7.03 9.78 12.98 12.98 12.62 10.80 11.47 10.22 11.40 14.25 17.23 18.21 19.55 17.34 17.19 14.21 14.18 11.92 12.86 12.13 13.63 13.53 16.15 16.93 18.94 17.70 15.69 16.14 17.39 15.80 14.68 16.36 16.82 16.81 15.32 16.56 15.51 15.81 15.93 15.37 15.24 14.47 15.41 14.88 13.94 11.28 12.34 12.05 13.15 12.84 14.75 15.08 15.18 14.83 14.80 15.76 15.66 15.08 16.59 17.69 16.96 19.33 21.08 22.08 22.17 22.64 24.77 23.93 25.06 26.16 
26.33 26.71 26.18 25.67 25.59 25.25 23.23 23.49 22.31 22.95 21.33 19.30 19.67 21.36 19.58 17.19 19.66 20.43 18.75 16.79 20.52 20.46 18.42 16.45 18.72 17.16 14.68 13.11 15.05 13.01 10.09 9.03 7.54 8.17 8.68 10.28 11.37 14.48 17.16 21.48 23.80 25.74 27.72 29.00 26.90 26.00 22.49 16.95 13.32 10.06 7.14 5.69 0.00 5.47 7.02 10.40 10.69 11.19 8.51 10.71 10.56 12.53 15.62 19.17 20.20 21.54 19.90 19.69 16.24 16.01 13.81 14.33 14.01 15.01 14.60 17.26 18.08 20.26 19.07 17.14 17.59 18.43 17.01 16.00 17.03 17.60 17.71 16.18 17.10 16.17 16.30 16.61 16.01 15.66 15.83 17.12 15.91 14.98 12.66 13.92 13.36 14.64 14.46 16.33 16.68 16.47 16.06 15.86 16.65 16.41 16.00 17.79 18.84 17.74 19.75 22.16 22.59 22.78 23.44 24.78 24.51 25.86 26.10 
26.26 26.10 25.80 25.51 25.31 25.01 22.65 23.34 21.84 22.61 21.10 19.03 19.19 21.15 19.49 16.43 18.52 19.53 17.88 15.32 18.64 18.54 16.65 14.92 16.68 15.60 12.57 11.96 12.89 11.57 8.61 8.05 7.31 8.29 9.54 12.16 13.73 17.41 18.99 23.53 26.34 28.25 31.13 31.99 29.77 28.91 24.77 20.05 16.79 13.06 10.10 7.03 5.47 0.00 5.48 7.01 8.86 9.96 8.00 9.45 10.96 13.07 15.65 19.33 20.83 22.09 20.46 19.92 16.38 16.28 14.12 15.24 14.07 15.37 14.60 17.68 18.23 20.77 19.34 17.83 18.39 19.11 17.44 17.10 18.11 18.46 18.06 16.16 17.60 16.62 16.41 17.29 16.32 16.01 16.07 18.04 16.36 15.09 13.35 14.33 13.30 14.76 15.27 16.07 16.20 16.62 16.32 15.64 16.44 15.92 15.98 18.14 18.59 16.78 19.42 22.23 23.14 22.47 22.73 25.24 24.81 25.94 26.48 
