1.72 5.38 6.06 6.86 9.66 10.99 11.02 11.50 13.79 14.01 12.43 14.70 16.98 16.26 15.38 18.90 20.50 20.51 19.69 21.54 21.39 22.00 22.40 23.11 22.42 22.86 23.18 24.06 24.33 25.78 26.63 26.56 26.33 26.91 27.89 28.42 28.30 28.96 30.11 30.48 29.32 28.40 27.91 27.60 26.06 24.96 24.51 24.65 23.97 23.71 23.84 25.52 26.75 27.08 28.25 27.99 29.08 28.26 29.09 28.40 30.29 30.30 29.65 28.77 28.05 27.70 26.45 25.70 25.12 24.44 22.90 22.25 22.43 20.93 17.81 17.08 16.01 15.15 13.55 12.61 12.65 12.61 12.49 13.46 14.84 15.31 16.89 18.88 20.95 22.16 23.74 25.38 27.03 29.09 30.87 31.28 31.46 32.71 33.09 32.41 32.34 32.12 30.40 30.18 29.78 29.89 27.98 27.32 28.75 29.19 27.74 26.94 28.02 28.36 28.22 26.73 26.52 26.46 27.01 25.85 24.60 25.02 25.79 25.45 25.54 25.97 26.21 26.53 28.81 28.53 31.31 
5.38 1.40 4.55 5.83 7.89 9.04 9.02 10.82 12.28 12.23 11.55 13.72 16.17 14.69 14.59 17.38 20.00 19.52 19.06 20.54 20.65 21.06 22.46 22.52 21.96 22.21 23.46 23.84 24.44 25.27 27.13 26.57 26.73 26.73 28.36 28.26 28.63 28.85 30.34 30.74 30.00 28.70 28.03 27.62 26.50 24.66 23.87 24.10 23.99 23.10 23.48 24.82 26.88 26.52 27.80 27.32 28.71 27.60 28.81 27.73 29.64 29.71 29.44 28.06 26.95 26.60 25.94 24.48 23.77 22.82 21.70 20.99 20.91 19.77 16.10 16.80 15.62 15.36 11.90 12.82 12.14 11.07 11.69 13.66 14.36 14.98 17.08 18.11 20.20 20.84 22.87 24.50 26.34 28.23 30.37 30.82 31.17 32.26 32.63 31.88 32.05 31.41 29.65 29.42 29.63 29.48 27.28 26.41 28.46 28.69 27.31 26.31 27.95 27.91 28.18 26.31 26.32 26.00 27.11 25.37 23.87 24.88 26.46 24.73 25.00 26.22 24.84 26.04 28.69 28.47 29.50 
6.06 4.55 1.23 4.12 6.91 6.76 8.10 9.47 11.33 11.55 10.60 13.35 14.78 13.67 13.64 17.33 18.25 18.65 18.26 20.18 18.84 20.04 21.78 22.21 21.04 21.73 23.13 23.82 23.88 25.21 26.66 26.58 26.47 26.75 27.76 27.80 28.31 28.46 29.84 30.52 30.23 28.62 27.86 27.98 27.19 24.94 23.94 24.51 24.48 23.74 23.92 25.15 26.56 26.26 27.68 26.81 28.00 26.80 28.56 27.11 28.42 28.67 28.80 26.92 24.85 24.87 24.49 22.86 20.84 20.26 19.79 18.89 17.76 16.52 13.45 14.57 13.24 11.60 9.40 11.69 9.93 6.67 9.00 12.98 11.93 12.27 15.01 17.42 17.92 19.25 21.52 23.30 24.87 26.96 29.42 29.68 30.02 30.93 31.40 30.35 30.92 29.90 28.37 28.08 28.44 28.43 26.43 25.47 27.43 27.65 26.46 25.44 26.89 26.85 27.12 25.03 25.10 25.03 26.32 24.74 23.66 24.30 25.48 25.18 25.87 26.34 24.96 25.20 29.03 28.48 28.18 
6.86 5.83 4.12 0.94 4.08 6.52 5.57 7.61 9.35 9.53 8.36 10.96 12.94 10.23 9.97 14.64 16.96 15.90 15.83 18.58 18.32 18.94 20.70 21.06 20.13 20.36 21.54 22.37 22.48 23.63 25.12 25.10 25.19 25.47 26.20 26.87 27.44 27.67 28.54 29.72 29.29 27.73 26.53 26.92 25.45 23.47 22.27 22.92 22.21 21.51 22.08 22.96 24.32 24.24 25.64 24.64 25.91 24.99 26.39 24.96 26.54 26.85 26.54 25.04 23.11 23.22 22.17 20.77 19.16 18.89 18.12 17.64 17.00 16.23 13.65 14.50 13.26 13.42 10.84 11.17 10.74 8.82 8.01 11.63 11.84 10.26 13.02 15.28 16.44 16.66 19.65 21.28 22.67 24.99 27.39 27.86 28.12 29.55 29.65 29.14 29.20 28.66 26.52 26.70 26.82 27.12 24.63 24.00 25.79 26.23 24.69 23.62 25.28 25.23 25.13 23.00 23.07 22.97 24.30 22.73 21.52 22.67 24.21 22.61 23.62 23.75 23.54 23.48 28.06 25.67 31.02 
9.66 7.89 6.91 4.08 1.94 6.67 7.67 7.28 9.17 10.31 9.95 11.81 13.92 13.53 12.68 16.36 17.56 17.59 16.52 19.12 18.22 19.06 19.85 20.51 19.42 19.88 20.83 21.60 21.55 23.60 24.80 24.92 24.65 25.38 26.14 26.79 26.62 27.66 28.82 29.77 28.41 27.21 26.66 26.38 24.46 22.52 21.72 21.86 21.32 20.20 20.46 21.71 23.63 23.60 24.90 24.03 26.09 25.15 26.47 25.30 27.51 27.78 26.58 25.29 24.01 23.73 21.90 20.80 20.27 19.65 17.78 17.13 18.38 17.41 14.37 15.25 14.19 14.27 13.16 12.27 11.94 11.71 11.11 12.22 12.98 12.41 13.59 16.05 16.85 17.48 19.24 21.01 22.23 24.59 26.80 27.09 27.46 29.07 29.61 28.36 28.88 28.33 26.60 26.19 27.00 27.20 25.21 24.19 26.47 27.00 25.37 24.23 26.14 26.30 26.11 23.91 24.31 23.99 24.99 23.01 21.68 22.66 23.88 23.44 24.24 26.46 26.81 24.70 25.64 26.47 29.39 
10.99 9.04 6.76 6.52 6.67 1.01 6.52 7.91 7.88 8.76 9.27 11.62 13.04 13.55 13.72 16.39 17.57 18.19 16.79 19.21 17.76 18.64 19.94 20.29 19.13 19.83 20.93 21.64 21.65 23.37 25.25 24.68 24.78 25.21 26.54 26.55 26.91 27.76 29.44 29.93 28.93 27.62 26.78 26.37 24.38 22.62 21.45 21.79 21.14 20.23 19.97 21.46 23.76 23.55 24.55 23.81 25.83 24.81 26.10 24.76 26.91 27.23 26.45 24.53 22.75 22.47 21.03 19.41 18.79 17.91 16.12 15.44 16.55 16.80 13.05 15.34 14.42 15.68 11.09 13.73 12.34 11.92 10.46 13.65 13.42 13.84 14.28 16.77 17.31 18.14 19.26 21.44 22.44 25.12 26.76 27.28 27.73 29.21 29.14 28.03 28.72 27.98 25.62 25.61 26.41 26.78 24.15 23.49 25.86 26.62 24.75 23.70 25.77 25.92 25.58 23.49 23.87 23.74 24.78 22.82 21.28 22.51 24.34 23.73 24.59 26.39 26.78 25.26 26.44 27.29 28.71 
11.02 9.02 8.10 5.57 7.67 6.52 1.72 5.81 7.80 6.40 7.41 9.43 10.80 9.78 10.33 13.06 14.37 14.91 13.81 16.13 14.62 16.16 17.48 17.87 16.59 17.34 19.06 19.27 19.11 21.16 23.07 22.51 22.29 23.00 24.13 24.06 24.18 25.15 26.81 27.73 26.86 25.32 24.59 24.85 23.12 20.52 19.86 20.27 19.52 18.16 18.63 19.69 21.13 20.76 22.39 21.15 23.10 21.84 23.64 21.88 23.82 24.13 23.61 21.28 19.18 19.11 18.50 16.54 14.95 14.37 13.51 12.96 13.95 13.06 9.59 12.70 12.82 11.64 7.23 9.38 10.60 7.88 5.02 10.13 11.59 10.06 10.39 14.01 14.87 15.46 17.14 18.93 19.90 22.45 24.42 24.70 25.32 26.31 26.14 24.94 26.25 24.78 22.47 22.43 23.82 23.78 21.25 20.09 23.11 23.44 21.84 20.63 22.93 22.73 22.65 20.31 20.97 20.42 22.20 20.00 18.68 19.64 21.51 21.07 22.12 24.32 24.02 22.67 24.25 24.84 25.22 
11.50 10.82 9.47 7.61 7.28 7.91 5.81 0.00 5.62 7.18 5.29 7.18 9.46 8.89 8.47 11.01 12.47 12.99 11.18 13.83 12.92 14.75 16.09 16.44 15.28 16.53 17.72 18.51 18.12 20.29 22.05 21.78 21.33 22.25 23.00 23.61 23.62 24.71 26.09 27.41 26.16 24.95 23.98 24.40 21.96 19.66 18.78 19.42 17.79 16.92 17.29 18.54 19.32 19.65 21.01 20.26 21.64 21.04 22.15 20.89 22.66 23.00 21.97 20.41 18.16 17.59 16.01 14.64 13.77 12.81 12.01 12.59 14.10 13.76 10.98 14.36 13.82 15.53 10.89 12.05 11.35 10.85 6.95 10.09 11.37 10.29 9.17 13.26 14.46 14.64 15.94 18.69 19.55 22.59 24.25 25.15 25.21 26.84 26.11 25.57 25.91 25.13 22.16 22.70 23.26 24.06 20.90 20.41 22.64 23.37 21.54 20.76 22.57 22.68 22.06 19.94 20.21 19.79 21.37 19.59 18.09 19.74 21.18 20.34 21.33 23.46 22.91 21.73 23.34 24.10 26.92 
13.79 12.28 11.33 9.35 9.17 7.88 7.80 5.62 2.00 5.88 7.22 6.93 8.11 10.48 10.70 12.17 12.92 14.72 13.77 16.13 14.87 16.56 17.67 18.05 17.35 18.37 19.72 20.05 20.16 22.50 24.19 23.90 23.69 24.19 24.65 25.12 24.84 26.04 27.29 28.28 27.32 26.31 25.49 25.31 23.27 21.32 20.32 20.16 19.52 18.42 18.46 19.35 21.01 20.81 22.33 20.94 22.90 21.51 22.63 21.49 23.34 23.70 22.16 20.86 19.25 18.53 16.56 15.03 14.87 14.25 13.77 13.82 16.05 15.90 13.81 16.81 16.09 16.81 14.06 13.79 13.92 14.14 11.83 13.23 14.10 13.89 13.44 15.74 16.91 18.03 19.78 21.87 22.72 25.24 26.98 26.89 26.84 28.69 28.36 26.97 27.06 26.32 23.99 23.92 24.14 24.68 22.70 21.83 24.05 24.51 23.00 22.24 24.42 24.24 23.90 21.66 22.41 21.71 23.30 21.30 20.00 20.93 22.29 21.47 22.25 24.43 23.78 23.03 25.18 26.55 26.13 
14.01 12.23 11.55 9.53 10.31 8.76 6.40 7.18 5.88 0.00 5.19 7.64 6.94 7.80 9.22 11.96 12.01 13.45 14.04 16.51 14.59 16.16 17.43 18.24 17.18 18.21 19.30 19.93 19.34 21.80 23.71 23.25 23.05 23.61 24.47 24.57 24.49 25.68 27.36 28.01 26.90 26.14 25.34 24.65 22.19 20.55 19.84 19.49 18.29 17.49 17.80 18.98 20.60 20.40 21.80 20.66 22.70 21.24 22.36 20.79 22.68 23.00 21.30 19.61 16.98 16.81 14.75 12.89 11.94 12.73 11.92 11.98 14.40 15.38 13.04 16.61 16.30 16.87 12.28 13.54 13.83 13.30 9.96 12.97 13.64 12.46 13.35 15.64 17.04 18.41 20.29 21.95 22.79 25.54 26.79 27.26 27.02 28.85 27.99 26.80 26.71 25.79 23.07 23.09 23.24 23.64 21.28 20.36 22.72 23.19 21.50 20.93 23.21 23.04 22.63 20.76 21.42 21.07 22.41 20.85 19.14 20.79 22.25 21.21 21.81 23.84 22.88 23.19 24.91 25.26 25.99 
12.43 11.55 10.60 8.36 9.95 9.27 7.41 5.29 7.22 5.19 0.00 5.19 7.40 5.17 6.35 9.49 11.04 11.17 11.37 14.13 13.57 15.09 16.45 17.09 16.26 16.67 18.05 18.25 17.77 19.86 21.69 21.02 20.56 21.40 22.27 22.31 21.77 23.16 24.82 25.59 24.26 23.60 22.93 23.08 20.38 18.27 17.70 18.04 16.01 15.43 16.00 17.32 17.94 18.24 19.60 18.45 20.07 19.01 20.34 18.97 20.88 21.59 20.02 18.07 15.26 15.27 14.49 12.81 11.02 12.39 12.82 12.86 14.69 16.03 13.77 16.71 16.17 16.46 11.93 11.96 12.18 11.64 7.70 10.72 11.77 10.20 10.75 14.33 15.50 16.26 18.73 20.28 20.80 23.40 25.01 24.94 24.91 25.77 24.74 23.48 23.87 22.41 19.33 19.65 20.21 20.45 17.65 16.59 19.38 20.09 18.13 17.48 19.97 19.80 19.42 17.74 18.57 18.07 19.85 18.17 16.65 18.00 19.70 19.13 19.44 21.95 21.71 20.89 23.19 24.25 24.52 
14.70 13.72 13.35 10.96 11.81 11.62 9.43 7.18 6.93 7.64 5.19 0.00 6.29 7.84 7.25 8.54 10.53 11.51 10.97 12.90 12.83 14.04 16.01 16.14 16.20 16.53 18.17 18.03 18.26 20.32 22.36 21.66 21.72 22.11 23.27 23.17 22.88 24.11 25.97 26.59 25.35 24.59 24.20 23.99 21.84 19.72 19.04 19.16 17.55 16.81 17.04 17.65 18.56 18.81 20.28 18.90 20.62 19.50 21.21 19.86 22.08 22.28 21.11 19.48 16.78 16.15 14.98 14.13 13.30 13.89 14.42 15.15 17.05 18.09 16.82 19.38 18.45 19.07 16.11 15.29 14.15 14.87 12.25 13.50 13.59 12.91 13.40 15.84 17.19 17.68 20.14 21.69 21.87 24.53 26.30 26.49 25.94 27.29 26.41 25.19 25.29 24.13 21.29 21.57 22.09 22.63 20.14 19.50 21.86 22.35 20.66 20.10 22.31 22.01 21.75 20.12 20.68 20.34 21.64 20.41 18.52 20.21 21.84 20.68 21.19 23.50 22.10 22.52 24.59 25.26 25.56 
16.98 16.17 14.78 12.94 13.92 13.04 10.80 9.46 8.11 6.94 7.40 6.29 0.39 6.74 8.18 9.01 10.40 12.46 12.48 14.24 14.37 15.28 16.59 17.23 16.94 17.98 18.97 18.81 19.08 21.53 23.08 22.76 22.71 23.72 24.21 24.20 23.54 25.16 26.55 27.58 26.20 25.90 25.00 25.13 23.09 21.40 20.12 20.24 19.36 18.49 18.29 19.15 20.19 20.13 21.27 20.62 22.28 21.05 22.11 21.71 23.72 23.90 21.91 20.53 18.59 18.17 15.89 14.93 14.75 15.71 15.73 16.47 18.31 19.42 18.33 21.33 20.11 20.53 17.99 17.34 16.41 16.70 14.68 15.42 15.77 15.38 15.46 16.86 18.06 19.13 20.89 22.62 23.36 26.36 28.15 27.96 27.51 29.22 28.53 27.02 26.82 26.06 23.47 23.41 23.65 24.32 21.97 21.28 23.54 24.14 22.45 22.23 24.60 24.70 24.11 22.56 23.17 22.84 23.92 22.38 20.66 22.00 23.29 22.56 22.95 25.31 23.80 23.65 25.04 26.96 25.83 
16.26 14.69 13.67 10.23 13.53 13.55 9.78 8.89 10.48 7.80 5.17 7.84 6.74 0.00 5.48 8.45 9.42 10.06 10.30 12.05 12.89 14.55 16.01 16.78 16.46 17.30 18.22 18.44 17.99 20.06 21.82 21.28 21.42 22.22 23.53 23.10 22.96 24.19 26.41 27.07 26.20 25.17 24.66 24.37 22.42 20.35 19.63 19.60 18.36 17.22 17.61 18.38 19.57 19.20 20.57 19.73 21.86 20.48 22.05 20.98 23.39 23.48 22.12 20.43 18.16 17.87 16.66 15.51 14.74 16.21 16.49 16.92 18.84 20.07 18.69 21.40 20.77 20.85 16.88 16.46 16.18 15.44 12.43 14.15 15.02 13.01 13.55 15.76 17.29 17.97 20.11 21.82 22.85 25.59 27.23 27.24 26.99 28.23 27.48 26.05 26.15 25.09 22.12 21.88 22.47 22.98 20.18 19.09 21.79 22.40 20.31 19.82 22.69 22.70 22.21 20.76 21.48 21.41 22.66 21.21 19.62 21.08 22.72 21.57 22.20 24.60 22.89 23.06 25.07 25.48 25.13 
15.38 14.59 13.64 9.97 12.68 13.72 10.33 8.47 10.70 9.22 6.35 7.25 8.18 5.48 0.00 7.04 8.62 8.58 9.66 11.52 11.99 13.34 15.34 15.71 15.53 16.36 17.64 17.41 17.37 18.82 20.80 20.33 20.31 21.32 22.57 22.50 21.93 23.65 25.52 26.50 24.89 24.68 23.79 24.19 21.55 19.97 19.01 19.44 17.14 16.86 17.11 18.01 18.40 18.61 20.25 19.15 20.92 20.14 21.61 20.76 22.90 23.56 21.95 20.55 17.84 18.24 17.37 16.44 14.93 16.70 17.55 17.92 19.34 20.94 19.48 21.67 21.39 21.56 17.64 16.45 16.04 15.77 12.72 13.92 14.41 12.44 13.43 15.87 16.86 17.85 20.00 22.06 22.09 25.00 26.52 26.76 26.42 27.71 26.72 25.57 25.82 24.59 21.40 21.39 21.98 22.50 19.63 18.31 21.10 21.94 19.80 19.19 22.01 22.25 21.70 20.23 20.80 20.72 22.09 20.77 19.17 20.58 21.82 20.91 21.51 23.75 22.90 22.44 24.30 25.69 24.83 
18.90 17.38 17.33 14.64 16.36 16.39 13.06 11.01 12.17 11.96 9.49 8.54 9.01 8.45 7.04 0.00 7.09 7.34 7.97 9.41 10.35 12.15 14.58 15.25 15.60 16.32 18.14 17.34 18.45 19.86 21.93 21.10 21.69 22.46 24.59 24.02 23.71 24.90 27.65 28.14 27.00 26.42 26.39 26.16 23.99 22.09 21.67 21.70 19.74 19.61 19.95 20.33 20.61 21.15 22.85 21.72 23.34 22.57 24.05 23.07 25.75 25.78 24.27 22.80 20.61 20.02 19.00 18.60 18.22 18.81 19.53 20.18 21.78 23.11 22.23 24.74 23.96 24.27 21.38 20.46 19.00 19.57 17.23 17.56 17.84 16.34 16.56 18.50 19.63 19.54 21.84 23.57 23.88 26.50 28.47 28.59 28.22 29.49 29.00 27.63 27.64 26.71 23.96 24.17 24.65 25.30 22.95 22.17 24.59 25.25 23.49 23.00 25.39 25.52 24.99 23.65 23.98 23.86 25.12 23.87 22.16 23.61 24.80 23.54 23.92 26.27 24.85 24.77 26.94 27.19 26.92 
20.50 20.00 18.25 16.96 17.56 17.57 14.37 12.47 12.92 12.01 11.04 10.53 10.40 9.42 8.62 7.09 1.67 6.69 7.52 8.24 11.10 12.45 14.85 15.50 16.90 17.10 18.11 18.24 19.54 20.73 22.39 21.66 22.08 23.14 24.95 24.72 24.25 25.89 28.36 29.42 28.10 28.01 27.52 27.68 25.33 24.03 22.87 22.85 21.43 21.33 21.52 22.26 22.96 23.14 24.57 23.35 25.44 24.41 25.51 25.11 27.98 28.13 25.91 25.02 23.15 22.56 20.45 20.02 20.53 20.86 20.50 21.69 23.57 24.71 23.84 26.61 25.55 25.64 23.35 22.39 21.00 21.17 19.62 19.84 19.56 18.07 18.15 19.64 20.75 21.10 22.58 24.72 24.93 27.69 29.46 29.44 28.91 30.63 30.23 28.78 28.81 28.24 25.86 25.89 26.37 27.14 24.79 24.05 26.61 27.26 25.40 25.23 27.49 27.81 27.36 25.98 26.28 26.20 27.14 25.72 23.85 25.37 26.57 25.07 25.19 27.76 27.42 26.32 28.54 29.58 29.16 
20.51 19.52 18.65 15.90 17.59 18.19 14.91 12.99 14.72 13.45 11.17 11.51 12.46 10.06 8.58 7.34 6.69 0.00 5.32 5.77 8.09 10.97 12.89 13.72 14.76 16.10 17.01 17.57 18.23 19.71 20.70 20.54 20.65 21.68 23.83 23.54 23.54 25.04 27.76 28.91 28.02 27.77 27.01 26.65 24.97 23.36 22.42 22.31 21.12 20.88 21.15 21.71 22.66 22.53 23.91 22.80 25.10 24.12 25.46 24.84 27.92 28.17 26.34 25.31 23.33 22.89 21.05 20.40 20.35 20.70 20.55 21.33 23.48 24.68 23.63 26.52 25.42 25.84 22.84 21.91 20.49 21.16 19.23 19.19 18.74 17.06 17.26 18.89 19.55 19.69 21.68 23.67 24.34 26.99 28.74 29.12 28.84 30.22 29.90 28.58 28.77 27.93 25.41 25.70 26.31 26.84 24.36 23.64 26.42 26.88 24.88 24.82 27.04 27.42 26.87 25.79 25.89 25.92 26.94 25.42 23.56 25.19 26.50 24.95 25.03 27.66 26.74 26.54 28.48 28.38 28.55 
19.69 19.06 18.26 15.83 16.52 16.79 13.81 11.18 13.77 14.04 11.37 10.97 12.48 10.30 9.66 7.97 7.52 5.32 0.00 5.60 6.57 8.58 11.39 11.90 12.97 14.13 15.70 15.15 16.25 17.35 19.07 18.85 19.09 20.07 21.96 21.94 21.95 23.70 26.11 27.20 26.18 26.31 25.74 25.72 23.31 22.01 21.35 21.08 19.33 19.30 19.93 20.36 20.92 21.02 22.71 21.20 23.55 22.64 24.05 23.47 26.10 26.80 24.91 23.72 21.53 21.53 20.37 19.15 18.38 19.39 19.57 19.96 21.77 23.11 22.43 24.29 24.10 24.53 21.55 20.01 19.48 19.91 17.69 17.07 16.98 15.40 15.87 16.93 17.33 17.54 19.50 21.64 22.34 24.80 27.04 27.61 27.76 29.18 28.83 27.62 28.15 27.11 24.38 24.46 25.43 26.05 23.32 22.41 25.12 25.98 23.77 23.46 25.90 26.36 25.91 24.22 24.36 24.45 25.61 24.12 22.35 23.68 24.99 23.48 23.92 26.39 26.71 25.57 28.22 28.82 28.60 
21.54 20.54 20.18 18.58 19.12 19.21 16.13 13.83 16.13 16.51 14.13 12.90 14.24 12.05 11.52 9.41 8.24 5.77 5.60 0.00 5.04 6.87 9.72 11.50 12.47 13.52 15.07 15.01 16.53 18.02 19.70 19.84 20.33 21.28 23.17 23.32 23.19 24.63 27.05 28.25 27.52 27.40 27.02 27.19 24.95 23.62 22.71 23.05 21.19 21.18 21.59 22.15 22.83 23.09 24.30 22.82 25.12 24.06 25.38 24.39 27.37 27.58 25.75 24.67 22.63 22.16 20.82 19.97 19.62 20.41 20.85 21.18 22.77 24.45 23.80 26.13 25.34 26.30 23.62 22.63 21.72 22.46 20.20 19.99 19.65 18.66 17.88 19.51 19.84 19.48 20.83 22.93 23.53 26.10 28.10 28.66 28.47 30.06 29.70 28.51 28.77 28.13 25.43 25.74 26.52 27.48 25.12 24.29 26.94 27.67 25.72 25.16 27.34 27.74 27.40 25.85 25.90 25.97 27.10 25.66 23.82 25.43 26.68 25.30 25.55 28.00 27.44 26.89 28.72 29.04 29.16 
21.39 20.65 18.84 18.32 18.22 17.76 14.62 12.92 14.87 14.59 13.57 12.83 14.37 12.89 11.99 10.35 11.10 8.09 6.57 5.04 0.30 5.85 7.88 9.00 11.04 11.80 12.68 13.72 15.71 16.51 17.87 18.23 18.87 19.68 21.71 21.84 21.74 22.92 25.23 26.86 26.46 26.03 25.35 25.79 23.73 22.53 21.39 21.39 20.34 20.23 20.42 21.14 22.04 21.94 23.08 21.70 24.11 23.11 23.91 23.30 26.47 26.34 24.50 23.45 22.28 21.47 19.87 18.91 19.30 19.36 19.08 19.72 21.44 22.65 22.38 24.42 24.06 24.68 22.46 21.36 20.66 20.77 18.82 18.70 19.01 17.47 16.63 18.08 19.19 18.99 19.82 22.01 22.68 25.09 27.03 27.14 27.07 28.75 28.61 27.24 27.57 27.07 24.84 24.89 25.70 26.66 24.29 23.61 26.10 26.92 24.79 24.45 26.67 27.14 26.75 25.08 25.29 25.24 26.21 24.63 23.01 24.39 25.66 24.23 24.67 27.13 27.29 25.84 27.72 28.80 28.73 
22.00 21.06 20.04 18.94 19.06 18.64 16.16 14.75 16.56 16.16 15.09 14.04 15.28 14.55 13.34 12.15 12.45 10.97 8.58 6.87 5.85 0.37 6.22 7.45 9.20 10.95 12.27 13.83 14.49 16.76 17.30 17.68 18.24 19.26 20.98 21.20 21.33 22.33 24.86 26.58 26.47 25.86 25.27 25.48 23.92 22.45 21.52 21.54 20.49 20.12 20.34 21.01 21.78 21.63 22.73 21.68 23.79 22.97 23.92 23.31 26.19 26.56 24.59 23.75 22.03 21.53 19.93 19.24 19.34 19.47 19.25 19.80 21.49 22.77 22.18 24.88 24.21 24.81 22.39 21.16 20.32 21.40 19.25 19.02 18.92 18.32 17.08 18.73 18.87 19.20 20.14 22.33 22.62 25.19 27.02 27.45 26.95 28.66 28.49 27.13 27.44 26.90 24.57 24.89 25.47 26.30 24.04 23.32 25.90 26.37 24.36 24.02 26.24 26.51 26.17 24.61 24.81 24.86 26.00 24.48 22.73 24.32 25.64 24.14 24.55 27.16 26.87 26.01 27.51 28.28 28.47 
22.40 22.46 21.78 20.70 19.85 19.94 17.48 16.09 17.67 17.43 16.45 16.01 16.59 16.01 15.34 14.58 14.85 12.89 11.39 9.72 7.88 6.22 0.95 5.93 6.86 9.27 11.54 12.55 14.11 15.86 17.55 17.55 17.66 19.25 20.42 20.93 21.07 22.38 24.85 26.66 26.76 26.12 25.64 25.98 24.27 22.83 22.30 22.26 21.18 20.90 21.37 21.85 22.77 22.74 23.94 22.43 24.30 23.52 24.80 23.67 26.59 27.08 25.68 24.35 22.31 22.35 21.31 20.32 20.15 20.57 20.50 21.04 22.54 23.84 22.99 25.19 24.90 25.48 22.97 21.25 20.74 21.67 19.99 19.31 19.01 18.69 18.83 19.55 19.51 20.28 21.24 23.19 23.47 26.03 27.91 28.04 27.79 29.33 29.21 27.98 28.39 27.54 25.12 25.12 26.05 26.77 24.32 23.61 26.24 26.78 24.55 24.17 26.56 26.95 26.66 24.73 25.03 25.02 26.21 24.62 23.07 24.53 26.00 24.15 24.66 27.29 27.97 25.92 28.10 29.37 29.76 
23.11 22.52 22.21 21.06 20.51 20.29 17.87 16.44 18.05 18.24 17.09 16.14 17.23 16.78 15.71 15.25 15.50 13.72 11.90 11.50 9.00 7.45 5.93 0.44 5.51 6.85 9.56 10.85 12.80 14.41 15.95 16.48 16.80 18.04 19.31 19.85 20.64 21.83 24.03 26.03 25.97 25.80 25.20 25.57 23.99 22.58 22.07 22.38 21.38 21.03 21.34 22.01 23.08 22.94 23.93 22.54 24.63 23.79 24.90 23.70 26.52 27.18 25.40 24.29 22.49 22.07 20.86 19.88 20.10 20.28 20.64 21.12 22.74 24.08 23.49 26.00 25.36 25.44 23.02 22.10 21.55 21.73 20.08 19.74 19.50 18.85 18.22 19.38 19.47 19.94 20.44 22.23 22.96 25.53 26.92 27.61 27.27 28.85 28.57 27.33 27.67 26.96 24.61 24.86 25.74 26.67 24.47 23.76 26.32 26.74 24.76 24.33 26.58 26.83 26.41 25.06 25.12 25.03 26.32 24.96 23.31 24.80 26.11 24.66 24.99 27.46 27.36 26.57 27.99 28.74 29.12 
22.42 21.96 21.04 20.13 19.42 19.13 16.59 15.28 17.35 17.18 16.26 16.20 16.94 16.46 15.53 15.60 16.90 14.76 12.97 12.47 11.04 9.20 6.86 5.51 0.00 4.55 6.43 8.81 9.77 11.42 12.76 13.72 13.48 14.98 16.27 17.25 17.64 19.56 21.97 23.80 23.73 23.43 23.03 23.53 21.95 20.76 20.48 20.71 20.05 19.56 20.09 20.99 21.97 21.23 22.37 21.08 23.08 22.17 22.98 22.16 25.32 25.54 23.53 22.73 21.53 21.07 19.30 18.48 19.10 18.91 18.59 19.23 21.08 22.00 21.19 24.08 23.31 23.39 20.44 19.88 19.89 19.78 17.45 17.81 17.89 16.72 15.64 17.11 17.74 18.20 18.37 20.15 20.53 22.86 24.41 24.78 24.71 26.41 26.26 25.23 25.42 25.01 22.82 23.00 23.74 24.72 22.54 21.79 24.28 24.83 22.78 22.50 24.76 24.95 24.67 23.25 23.58 23.29 24.38 23.22 21.71 22.99 24.30 22.91 23.50 25.72 26.32 24.79 27.10 27.85 28.12 
22.86 22.21 21.73 20.36 19.88 19.83 17.34 16.53 18.37 18.21 16.67 16.53 17.98 17.30 16.36 16.32 17.10 16.10 14.13 13.52 11.80 10.95 9.27 6.85 4.55 0.00 5.12 6.60 7.63 10.14 10.92 11.31 11.90 13.39 14.88 15.11 15.96 18.18 20.76 22.71 22.50 22.82 22.23 22.73 20.99 19.90 19.81 20.30 19.32 18.99 19.46 20.43 21.11 20.36 21.68 20.63 22.47 21.62 22.71 21.61 24.56 25.19 23.20 22.23 20.98 20.52 18.91 18.41 18.80 18.97 18.67 19.35 21.02 22.16 21.31 24.22 23.68 23.94 20.94 19.93 19.82 20.33 18.05 17.63 17.61 16.98 15.80 17.13 17.51 17.64 17.86 19.43 20.22 22.68 24.12 24.50 24.64 26.25 26.17 24.91 25.35 24.83 22.58 22.81 23.61 24.74 22.53 21.78 24.22 24.71 22.75 22.33 24.61 24.92 24.57 23.37 23.31 23.24 24.56 23.27 21.59 23.01 24.29 22.94 23.38 25.61 25.89 25.27 26.56 26.94 27.90 
23.18 23.46 23.13 21.54 20.83 20.93 19.06 17.72 19.72 19.30 18.05 18.17 18.97 18.22 17.64 18.14 18.11 17.01 15.70 15.07 12.68 12.27 11.54 9.56 6.43 5.12 0.47 5.18 6.76 8.15 8.89 9.76 10.09 12.03 12.66 13.53 14.77 17.41 19.36 21.60 22.06 21.98 21.77 22.16 20.41 19.18 19.80 19.83 19.21 18.87 19.54 20.33 20.96 20.64 21.79 20.72 22.39 21.90 22.98 22.00 24.51 25.34 24.19 23.24 21.50 21.43 20.48 19.96 20.04 20.14 20.03 20.58 22.01 22.88 22.20 24.48 24.16 24.49 21.75 20.58 20.23 20.41 18.41 17.79 17.60 16.88 16.50 17.22 17.73 18.07 18.21 19.70 20.60 23.13 24.67 25.06 25.17 26.91 26.53 25.53 25.83 25.42 22.87 23.15 24.08 25.41 22.86 22.16 24.65 25.55 23.15 22.89 25.14 25.71 25.39 23.71 23.86 23.88 25.06 23.72 22.02 23.35 24.81 23.31 23.68 26.09 26.86 25.25 27.36 28.38 28.68 
24.06 23.84 23.82 22.37 21.60 21.64 19.27 18.51 20.05 19.93 18.25 18.03 18.81 18.44 17.41 17.34 18.24 17.57 15.15 15.01 13.72 13.83 12.55 10.85 8.81 6.60 5.18 0.00 5.35 6.08 7.72 8.84 9.81 10.81 11.77 12.46 13.97 15.83 18.67 20.24 20.70 20.90 20.91 21.30 19.39 18.33 18.81 19.12 18.55 18.31 19.29 19.88 20.76 20.36 21.78 20.57 22.56 21.49 22.82 21.72 24.63 25.20 24.05 23.15 21.48 21.09 20.13 19.80 19.83 19.92 20.10 20.79 22.26 23.19 22.20 24.59 24.22 24.21 21.42 20.55 20.49 20.39 17.99 17.81 17.43 16.67 15.52 16.78 16.97 17.55 17.24 19.16 20.06 22.58 23.87 24.71 24.75 26.45 26.02 24.95 25.60 25.22 22.75 23.16 24.24 25.55 23.23 22.34 25.06 25.77 23.65 23.14 25.53 25.91 25.45 23.91 24.09 24.15 25.28 23.94 22.06 23.63 25.12 23.68 24.02 26.37 26.53 25.66 27.05 27.60 28.38 
24.33 24.44 23.88 22.48 21.55 21.65 19.11 18.12 20.16 19.34 17.77 18.26 19.08 17.99 17.37 18.45 19.54 18.23 16.25 16.53 15.71 14.49 14.11 12.80 9.77 7.63 6.76 5.35 0.00 5.24 6.55 7.87 8.94 9.75 11.10 11.24 11.71 14.22 16.90 18.15 18.18 18.83 18.80 19.49 17.40 16.58 17.31 18.12 17.65 17.21 18.54 19.46 20.19 19.94 21.69 20.33 22.17 21.28 22.21 21.53 24.50 25.26 23.70 22.88 21.63 21.58 20.27 19.23 19.69 19.91 19.87 19.93 21.76 22.57 21.55 23.68 23.17 23.58 20.50 19.59 19.80 19.61 17.06 16.79 16.86 15.36 14.12 15.09 15.99 15.62 15.71 17.65 18.87 21.08 22.69 23.50 23.66 25.49 25.11 24.29 24.59 24.47 22.04 22.45 23.43 24.61 22.24 21.49 23.86 24.69 22.49 22.13 24.43 24.80 24.38 22.82 23.08 22.98 24.02 22.80 21.37 22.63 23.96 22.84 23.41 25.57 26.01 24.38 26.47 27.45 27.80 
25.78 25.27 25.21 23.63 23.60 23.37 21.16 20.29 22.50 21.80 19.86 20.32 21.53 20.06 18.82 19.86 20.73 19.71 17.35 18.02 16.51 16.76 15.86 14.41 11.42 10.14 8.15 6.08 5.24 0.00 5.91 7.37 8.17 9.02 10.60 10.68 11.13 13.96 16.97 17.64 17.83 18.74 19.31 19.80 17.68 16.94 17.83 18.97 18.27 18.16 19.59 20.88 21.44 21.08 22.79 21.78 23.36 22.49 23.63 22.79 25.60 26.93 24.93 24.51 22.91 23.38 21.65 20.87 21.12 21.94 21.37 21.58 23.14 24.97 23.34 25.53 25.00 25.66 22.46 20.93 20.99 21.76 19.16 18.11 17.83 17.12 15.65 16.14 16.48 16.48 16.57 18.47 19.78 22.59 23.91 24.91 24.84 27.24 26.67 25.81 26.21 25.99 23.55 24.35 25.01 26.26 23.77 23.16 25.71 26.32 24.20 24.06 26.11 26.75 26.10 24.74 24.83 24.96 26.05 24.49 22.77 24.31 25.67 24.25 24.64 26.89 27.10 25.85 27.20 27.74 28.28 
26.63 27.13 26.66 25.12 24.80 25.25 23.07 22.05 24.19 23.71 21.69 22.36 23.08 21.82 20.80 21.93 22.39 20.70 19.07 19.70 17.87 17.30 17.55 15.95 12.76 10.92 8.89 7.72 6.55 5.91 0.58 6.41 7.82 7.71 8.81 9.82 11.37 13.73 15.91 16.96 17.63 18.47 18.78 19.89 17.61 17.17 18.47 19.28 18.89 19.18 20.41 21.88 22.75 22.58 24.07 23.01 24.81 23.76 24.93 23.96 26.69 27.66 26.86 26.04 24.41 24.52 23.63 22.87 22.93 23.18 23.50 23.23 25.01 26.14 25.04 27.02 26.40 26.57 23.78 22.40 22.21 22.54 20.24 18.96 19.08 18.32 17.49 16.87 17.88 18.22 18.04 19.39 20.85 23.82 25.38 25.67 25.92 28.00 27.77 27.02 27.59 27.18 24.66 25.32 26.42 27.48 24.76 24.30 26.86 27.66 25.24 25.14 27.49 27.86 27.50 25.76 26.02 26.04 27.22 25.66 23.88 25.38 26.78 25.19 25.29 27.59 28.51 26.19 28.02 29.37 29.66 
26.56 26.57 26.58 25.10 24.92 24.68 22.51 21.78 23.90 23.25 21.02 21.66 22.76 21.28 20.33 21.10 21.66 20.54 18.85 19.84 18.23 17.68 17.55 16.48 13.72 11.31 9.76 8.84 7.87 7.37 6.41 0.00 5.80 6.76 6.83 7.30 8.69 11.12 13.24 14.15 14.81 16.03 16.80 17.37 15.49 15.70 16.81 17.75 17.46 18.29 19.32 20.43 21.50 21.61 22.85 21.99 23.81 22.86 23.79 22.96 25.64 27.06 25.61 25.21 23.36 23.39 22.43 21.76 21.59 22.10 22.17 22.18 23.86 25.31 24.04 25.74 25.34 25.54 22.83 21.33 21.38 21.64 19.29 18.26 18.40 17.57 16.19 16.05 17.09 17.49 16.89 18.84 20.02 22.80 24.05 24.93 24.86 27.01 26.32 25.69 26.29 26.00 23.52 24.43 25.35 26.61 24.02 23.53 26.01 26.80 24.71 24.64 26.77 27.24 26.56 25.28 25.20 25.28 26.37 24.78 22.92 24.50 25.90 24.15 24.24 26.71 26.90 25.63 26.73 27.61 28.43 
26.33 26.73 26.47 25.19 24.65 24.78 22.29 21.33 23.69 23.05 20.56 21.72 22.71 21.42 20.31 21.69 22.08 20.65 19.09 20.33 18.87 18.24 17.66 16.80 13.48 11.90 10.09 9.81 8.94 8.17 7.82 5.80 0.00 5.41 7.07 6.68 7.89 9.60 11.82 13.53 14.53 15.15 15.54 16.83 14.93 15.35 16.32 17.22 17.08 17.36 18.82 19.69 21.07 21.16 22.91 21.31 23.42 22.46 23.22 22.36 25.26 26.15 25.09 24.14 22.56 22.93 21.89 21.01 20.88 21.55 21.63 21.69 23.01 24.24 23.11 25.26 24.24 24.87 22.26 20.76 20.78 21.50 19.25 18.66 18.46 17.13 15.74 16.05 17.38 17.41 16.48 18.55 19.62 22.08 22.79 23.86 23.89 25.81 25.10 24.55 25.01 24.96 22.54 23.47 24.35 25.52 23.03 22.63 24.94 25.87 23.73 23.60 25.74 26.26 25.77 24.16 24.64 24.42 25.57 24.08 22.44 23.91 25.26 23.73 23.80 26.19 26.88 24.68 26.54 27.69 28.10 
26.91 26.73 26.75 25.47 25.38 25.21 23.00 22.25 24.19 23.61 21.40 22.11 23.72 22.22 21.32 22.46 23.14 21.68 20.07 21.28 19.68 19.26 19.25 18.04 14.98 13.39 12.03 10.81 9.75 9.02 7.71 6.76 5.41 0.00 5.75 7.16 6.57 7.84 10.28 12.33 13.06 13.93 14.83 16.43 14.36 14.45 15.03 16.51 15.63 16.47 17.97 18.84 19.82 20.11 22.44 20.90 22.88 22.06 23.25 22.65 25.24 26.12 25.19 24.81 23.18 23.21 22.36 21.43 21.39 21.69 21.98 22.00 23.36 24.44 23.39 25.09 23.81 24.59 22.11 20.18 19.53 20.44 18.75 17.48 17.02 16.41 15.37 15.73 16.58 17.34 16.31 18.09 19.03 21.90 22.34 23.25 23.55 25.50 24.95 24.30 25.09 24.93 22.57 23.49 24.54 25.78 23.20 22.94 25.35 26.12 24.06 23.80 26.17 26.52 25.97 24.31 24.76 24.76 25.76 24.14 22.47 24.04 25.33 23.63 23.68 26.09 26.20 25.35 25.99 26.82 28.00 
27.89 28.36 27.76 26.20 26.14 26.54 24.13 23.00 24.65 24.47 22.27 23.27 24.21 23.53 22.57 24.59 24.95 23.83 21.96 23.17 21.71 20.98 20.42 19.31 16.27 14.88 12.66 11.77 11.10 10.60 8.81 6.83 7.07 5.75 0.00 5.84 7.30 7.37 8.86 10.94 11.93 13.28 13.76 15.76 14.43 14.61 15.24 16.36 15.87 17.06 18.28 19.32 19.84 20.58 23.12 21.93 23.38 22.76 24.03 23.39 25.51 26.44 25.87 25.48 23.48 23.76 22.92 22.49 21.40 22.21 22.25 22.85 23.89 24.94 23.62 25.32 24.37 24.45 22.19 20.83 19.92 20.45 18.50 17.48 17.24 16.63 15.83 16.04 16.53 17.38 17.12 18.59 19.21 22.02 22.59 23.48 23.95 25.99 25.32 24.92 25.72 25.48 22.85 23.75 24.78 25.98 23.26 23.05 25.58 26.47 24.13 24.16 26.53 27.09 26.50 24.87 25.29 25.35 26.42 24.77 22.96 24.46 25.95 24.39 24.21 26.65 27.77 25.71 26.95 28.42 28.93 
28.42 28.26 27.80 26.87 26.79 26.55 24.06 23.61 25.12 24.57 22.31 23.17 24.20 23.10 22.50 24.02 24.72 23.54 21.94 23.32 21.84 21.20 20.93 19.85 17.25 15.11 13.53 12.46 11.24 10.68 9.82 7.30 6.68 7.16 5.84 0.00 5.06 7.14 6.91 8.52 9.02 10.57 11.79 13.21 11.23 12.71 14.11 14.94 14.05 16.24 17.93 18.77 18.95 19.73 22.25 21.08 22.66 21.90 23.48 22.74 25.26 26.10 25.52 24.65 23.13 23.23 22.30 21.22 20.51 21.53 21.68 21.69 22.86 24.38 22.73 24.35 23.05 23.39 20.70 19.49 18.93 19.03 17.02 16.66 17.06 16.22 14.90 15.12 16.36 16.93 16.28 18.26 19.07 21.37 22.03 23.00 23.42 25.06 24.37 23.88 24.68 24.14 21.72 22.61 23.67 24.72 22.20 22.03 24.68 25.52 23.47 23.29 25.71 26.13 25.67 24.01 24.25 24.49 25.64 24.09 21.99 23.58 25.21 23.46 23.52 26.22 26.45 25.53 26.36 27.64 28.66 
28.30 28.63 28.31 27.44 26.62 26.91 24.18 23.62 24.84 24.49 21.77 22.88 23.54 22.96 21.93 23.71 24.25 23.54 21.95 23.19 21.74 21.33 21.07 20.64 17.64 15.96 14.77 13.97 11.71 11.13 11.37 8.69 7.89 6.57 7.30 5.06 0.00 5.29 7.74 7.44 8.99 10.15 11.00 12.54 10.57 12.05 13.41 14.38 13.04 14.73 16.78 17.82 18.39 19.01 21.60 20.49 22.05 21.21 22.76 22.26 24.66 25.59 24.82 24.32 22.48 22.76 21.67 21.07 19.93 20.95 21.13 21.54 22.40 23.17 21.87 22.91 21.90 22.06 19.44 18.03 17.34 17.81 15.85 15.82 16.50 15.37 13.57 14.23 15.59 16.53 14.66 17.10 18.17 20.49 20.62 21.60 22.00 23.70 23.12 22.54 23.26 22.97 20.67 21.59 22.63 23.68 21.44 21.14 23.69 24.63 22.74 22.60 24.76 25.38 25.06 23.35 23.60 23.65 24.94 23.44 21.67 23.00 24.51 23.20 23.27 25.79 26.71 24.83 26.31 27.83 28.34 
28.96 28.85 28.46 27.67 27.66 27.76 25.15 24.71 26.04 25.68 23.16 24.11 25.16 24.19 23.65 24.90 25.89 25.04 23.70 24.63 22.92 22.33 22.38 21.83 19.56 18.18 17.41 15.83 14.22 13.96 13.73 11.12 9.60 7.84 7.37 7.14 5.29 0.00 5.59 7.86 7.80 9.26 10.15 11.97 10.84 11.56 12.49 13.79 13.01 14.16 17.06 18.01 18.34 19.22 22.25 20.92 22.35 21.72 23.57 23.03 25.23 26.35 25.69 25.43 23.34 23.34 22.36 21.90 20.86 21.60 21.82 22.37 22.71 23.94 21.95 24.02 21.55 22.28 19.59 17.78 16.21 17.18 16.18 15.67 15.64 15.41 14.69 14.26 16.30 17.12 16.31 18.10 19.08 21.66 21.78 22.66 22.74 24.67 24.08 23.37 24.10 23.73 21.48 22.19 23.25 24.31 22.10 21.79 24.47 25.29 23.65 23.24 25.76 26.01 25.76 24.00 24.60 24.68 25.70 24.08 22.31 23.55 25.14 23.54 23.65 26.40 26.60 25.61 26.45 27.81 28.63 
30.11 30.34 29.84 28.54 28.82 29.44 26.81 26.09 27.29 27.36 24.82 25.97 26.55 26.41 25.52 27.65 28.36 27.76 26.11 27.05 25.23 24.86 24.85 24.03 21.97 20.76 19.36 18.67 16.90 16.97 15.91 13.24 11.82 10.28 8.86 6.91 7.74 5.59 0.00 5.89 7.63 7.65 9.26 11.27 10.63 11.68 12.43 13.64 13.71 15.52 17.81 18.97 19.22 20.76 23.72 22.35 23.65 23.29 25.18 24.37 26.47 27.61 27.31 26.88 24.71 24.91 24.21 24.01 22.76 23.33 23.52 23.92 25.04 25.37 23.86 25.38 23.40 23.03 20.58 18.56 17.05 18.24 16.58 15.74 16.04 16.04 14.85 14.74 16.28 17.67 17.08 19.66 20.29 22.65 23.11 24.00 24.19 25.94 25.32 24.78 25.42 25.17 22.60 23.47 24.32 25.38 23.00 22.86 25.46 26.39 24.56 24.59 26.96 27.38 27.01 25.41 26.08 26.06 27.08 25.54 23.92 25.32 26.62 25.04 25.02 27.49 28.62 26.52 27.90 29.60 30.22 
30.48 30.74 30.52 29.72 29.77 29.93 27.73 27.41 28.28 28.01 25.59 26.59 27.58 27.07 26.50 28.14 29.42 28.91 27.20 28.25 26.86 26.58 26.66 26.03 23.80 22.71 21.60 20.24 18.15 17.64 16.96 14.15 13.53 12.33 10.94 8.52 7.44 7.86 5.89 0.00 6.17 7.86 7.65 9.24 8.88 11.00 12.51 13.18 12.86 15.34 18.28 19.47 19.66 20.97 23.94 22.96 24.46 24.05 25.76 25.38 27.39 29.35 28.23 28.27 25.84 26.43 25.36 24.92 23.77 25.00 24.69 25.41 26.25 27.21 24.54 26.34 24.22 23.80 20.42 19.11 17.80 18.45 16.36 16.52 16.60 16.46 15.02 15.00 16.83 17.21 17.32 19.74 20.92 23.20 23.84 24.79 25.06 26.89 25.97 25.38 25.72 25.21 22.90 23.82 24.56 25.41 23.00 22.89 25.57 26.28 24.72 24.74 27.06 27.53 27.24 25.97 26.18 26.24 27.50 25.97 24.24 25.83 27.14 25.53 25.44 28.28 28.74 27.44 28.12 29.37 30.10 
29.32 30.00 30.23 29.29 28.41 28.93 26.86 26.16 27.32 26.90 24.26 25.35 26.20 26.20 24.89 27.00 28.10 28.02 26.18 27.52 26.46 26.47 26.76 25.97 23.73 22.50 22.06 20.70 18.18 17.83 17.63 14.81 14.53 13.06 11.93 9.02 8.99 7.80 7.63 6.17 0.75 6.11 7.55 7.68 7.40 9.47 11.67 12.38 10.85 13.12 16.44 17.53 17.05 19.42 22.27 21.07 22.92 22.69 24.52 23.73 26.77 28.20 27.75 27.32 25.43 26.16 25.05 24.50 23.60 24.75 24.84 24.96 26.02 26.50 23.63 25.53 23.13 22.47 19.35 18.12 17.05 17.11 15.66 14.61 15.85 14.59 13.23 13.68 15.39 16.32 15.80 18.45 20.45 22.56 22.71 23.63 24.26 25.70 25.13 24.15 24.56 24.28 21.97 22.64 23.55 24.48 22.32 21.87 24.53 25.31 23.85 23.62 25.84 26.28 26.23 24.83 25.39 25.27 26.74 25.19 23.54 25.12 26.45 24.98 24.94 27.57 28.42 26.16 27.73 29.17 29.39 
28.40 28.70 28.62 27.73 27.21 27.62 25.32 24.95 26.31 26.14 23.60 24.59 25.90 25.17 24.68 26.42 28.01 27.77 26.31 27.40 26.03 25.86 26.12 25.80 23.43 22.82 21.98 20.90 18.83 18.74 18.47 16.03 15.15 13.93 13.28 10.57 10.15 9.26 7.65 7.86 6.11 0.19 5.51 7.97 6.50 8.17 9.74 11.57 10.61 12.78 15.57 16.79 16.04 18.29 21.22 19.13 21.17 21.33 23.19 22.25 24.83 27.06 26.59 26.47 24.38 25.42 23.91 23.79 22.56 23.94 23.82 23.86 24.66 25.17 22.76 24.40 21.29 20.81 18.83 17.38 14.74 16.07 14.43 12.30 13.04 13.37 12.37 11.43 14.66 15.01 15.38 17.66 19.37 21.03 21.42 22.47 22.60 24.38 23.71 22.83 23.04 22.75 20.34 21.25 21.69 22.53 20.25 20.26 22.85 23.40 21.98 22.22 24.46 24.60 24.56 23.40 23.94 24.09 25.35 23.76 22.34 24.00 25.34 23.62 23.95 26.63 26.50 25.63 26.42 27.19 28.19 
27.91 28.03 27.86 26.53 26.66 26.78 24.59 23.98 25.49 25.34 22.93 24.20 25.00 24.66 23.79 26.39 27.52 27.01 25.74 27.02 25.35 25.27 25.64 25.20 23.03 22.23 21.77 20.91 18.80 19.31 18.78 16.80 15.54 14.83 13.76 11.79 11.00 10.15 9.26 7.65 7.55 5.51 0.68 6.52 7.66 6.63 7.56 9.73 10.13 11.67 13.32 14.67 15.22 16.71 19.06 18.01 20.01 20.19 22.28 21.21 24.01 25.77 25.97 25.16 23.02 23.92 23.01 22.46 21.29 22.28 22.44 22.43 22.98 23.51 21.08 22.07 19.01 19.74 17.20 13.71 10.49 13.57 11.76 7.32 9.16 11.93 10.51 9.11 12.69 14.63 14.99 16.91 18.38 20.26 21.08 21.61 22.06 23.52 23.08 22.04 22.68 22.14 19.61 20.32 21.28 21.88 19.39 19.38 22.43 22.87 21.04 21.18 23.85 24.16 23.95 22.45 23.31 23.29 24.68 23.14 21.72 23.33 24.78 23.45 23.58 25.94 26.88 25.15 26.42 27.84 28.38 
27.60 27.62 27.98 26.92 26.38 26.37 24.85 24.40 25.31 24.65 23.08 23.99 25.13 24.37 24.19 26.16 27.68 26.65 25.72 27.19 25.79 25.48 25.98 25.57 23.53 22.73 22.16 21.30 19.49 19.80 19.89 17.37 16.83 16.43 15.76 13.21 12.54 11.97 11.27 9.24 7.68 7.97 6.52 0.00 6.20 7.87 6.80 7.86 9.57 11.53 12.95 14.15 14.98 16.13 18.16 17.15 19.92 19.81 21.74 20.91 23.69 25.42 25.37 24.85 22.56 23.48 22.46 22.16 20.94 21.96 21.82 21.84 22.63 22.51 20.12 21.33 19.28 19.10 16.78 14.34 11.01 13.72 12.93 11.23 11.32 12.93 13.44 13.10 14.91 16.29 16.88 18.33 19.36 21.31 22.11 22.62 22.83 24.57 23.83 22.85 23.20 22.70 20.39 20.95 21.45 22.21 19.83 19.64 22.34 22.85 21.18 21.11 23.63 23.84 23.92 22.39 23.24 23.33 24.74 23.27 21.71 23.27 24.90 23.57 24.02 26.72 26.13 25.16 26.34 27.45 28.12 
26.06 26.50 27.19 25.45 24.46 24.38 23.12 21.96 23.27 22.19 20.38 21.84 23.09 22.42 21.55 23.99 25.33 24.97 23.31 24.95 23.73 23.92 24.27 23.99 21.95 20.99 20.41 19.39 17.40 17.68 17.61 15.49 14.93 14.36 14.43 11.23 10.57 10.84 10.63 8.88 7.40 6.50 7.66 6.20 0.00 5.55 7.31 6.79 6.53 8.57 10.94 11.82 10.69 13.22 15.61 14.18 16.31 17.11 19.57 18.13 21.06 22.65 22.50 22.07 20.32 21.10 19.89 19.60 18.69 19.70 18.98 19.27 20.10 20.30 17.39 19.55 17.86 17.15 15.24 12.95 11.75 12.17 11.36 9.36 11.47 11.79 11.49 12.77 14.50 15.11 15.53 17.35 18.65 20.50 21.38 21.88 22.26 23.58 23.09 21.97 22.10 22.07 19.78 20.11 20.69 21.63 19.34 18.75 21.26 21.83 20.21 19.98 22.32 22.49 22.54 21.20 21.86 21.85 23.45 21.87 20.44 21.88 23.52 22.54 22.78 25.42 25.61 23.73 25.06 26.42 26.74 
24.96 24.66 24.94 23.47 22.52 22.62 20.52 19.66 21.32 20.55 18.27 19.72 21.40 20.35 19.97 22.09 24.03 23.36 22.01 23.62 22.53 22.45 22.83 22.58 20.76 19.90 19.18 18.33 16.58 16.94 17.17 15.70 15.35 14.45 14.61 12.71 12.05 11.56 11.68 11.00 9.47 8.17 6.63 7.87 5.55 0.00 5.48 7.85 5.45 6.81 9.29 10.83 9.14 11.95 14.02 12.98 15.00 15.39 17.49 16.96 19.42 21.14 20.57 20.62 18.27 19.43 17.84 17.70 16.11 17.11 16.51 16.54 17.05 18.21 15.96 18.51 15.03 15.80 13.32 10.28 8.82 11.11 8.41 6.12 9.95 11.28 9.74 10.98 14.05 14.64 14.91 17.16 17.96 20.07 20.72 21.40 21.31 22.82 22.20 20.97 21.03 20.75 18.52 18.78 19.07 20.04 17.63 17.14 19.63 20.03 18.48 18.27 20.78 20.68 20.70 19.71 20.47 20.45 21.94 20.54 19.05 20.61 22.21 20.95 21.57 24.34 23.36 22.59 23.72 24.89 25.79 
24.51 23.87 23.94 22.27 21.72 21.45 19.86 18.78 20.32 19.84 17.70 19.04 20.12 19.63 19.01 21.67 22.87 22.42 21.35 22.71 21.39 21.52 22.30 22.07 20.48 19.81 19.80 18.81 17.31 17.83 18.47 16.81 16.32 15.03 15.24 14.11 13.41 12.49 12.43 12.51 11.67 9.74 7.56 6.80 7.31 5.48 0.00 5.89 6.80 6.22 7.17 9.43 9.46 11.25 12.62 12.60 15.52 15.09 17.14 16.52 19.35 20.67 20.24 19.52 17.41 18.12 17.27 16.51 15.03 16.01 15.43 15.27 15.27 16.54 14.27 15.39 11.88 13.68 12.11 7.25 5.32 9.97 10.11 7.52 10.23 12.36 12.75 12.66 15.55 16.19 16.65 18.41 19.35 20.53 21.55 21.88 22.25 23.21 22.66 21.53 21.92 21.55 19.01 19.27 19.84 20.57 17.89 17.19 19.91 20.31 18.31 18.02 20.85 20.88 20.76 19.57 20.83 20.56 22.08 20.57 19.22 20.53 21.97 20.96 21.30 23.62 24.07 22.66 23.86 25.09 26.10 
24.65 24.10 24.51 22.92 21.86 21.79 20.27 19.42 20.16 19.49 18.04 19.16 20.24 19.60 19.44 21.70 22.85 22.31 21.08 23.05 21.39 21.54 22.26 22.38 20.71 20.30 19.83 19.12 18.12 18.97 19.28 17.75 17.22 16.51 16.36 14.94 14.38 13.79 13.64 13.18 12.38 11.57 9.73 7.86 6.79 7.85 5.89 0.00 5.97 7.98 7.09 7.67 9.09 10.51 11.81 11.61 14.45 14.59 16.70 16.80 18.75 20.41 19.46 19.04 16.31 17.90 16.31 16.51 15.00 16.08 14.92 15.62 15.77 16.23 14.07 16.87 13.91 14.51 12.76 10.54 8.31 11.22 12.17 11.96 13.02 14.79 14.91 15.54 17.43 18.50 18.62 20.12 20.49 22.81 23.29 23.72 23.50 24.87 24.00 23.06 23.33 22.64 20.35 20.50 20.70 21.53 19.09 18.34 20.40 20.81 19.37 18.81 21.30 21.19 21.21 20.14 21.05 20.77 22.45 21.26 19.53 21.22 22.55 21.27 21.73 24.53 23.57 23.39 24.36 25.57 26.51 
23.97 23.99 24.48 22.21 21.32 21.14 19.52 17.79 19.52 18.29 16.01 17.55 19.36 18.36 17.14 19.74 21.43 21.12 19.33 21.19 20.34 20.49 21.18 21.38 20.05 19.32 19.21 18.55 17.65 18.27 18.89 17.46 17.08 15.63 15.87 14.05 13.04 13.01 13.71 12.86 10.85 10.61 10.13 9.57 6.53 5.45 6.80 5.97 0.00 4.82 7.50 7.02 5.90 8.58 9.66 9.75 11.39 12.12 15.18 14.67 16.93 18.00 16.93 15.75 14.07 15.08 14.06 13.91 13.38 13.94 12.84 13.25 14.68 15.18 12.59 15.46 13.79 13.53 11.84 10.24 9.86 11.98 11.24 11.21 13.97 14.46 14.28 16.30 18.06 18.92 19.55 20.82 21.96 23.58 24.37 24.33 24.19 25.38 24.48 23.55 23.99 23.36 20.63 20.76 21.40 22.20 19.72 18.72 20.87 21.54 19.91 19.39 21.35 21.41 21.50 20.13 20.98 20.84 22.59 21.02 19.44 20.91 22.12 21.07 21.23 23.91 23.85 22.72 24.18 25.43 25.86 
23.71 23.10 23.74 21.51 20.20 20.23 18.16 16.92 18.42 17.49 15.43 16.81 18.49 17.22 16.86 19.61 21.33 20.88 19.30 21.18 20.23 20.12 20.90 21.03 19.56 18.99 18.87 18.31 17.21 18.16 19.18 18.29 17.36 16.47 17.06 16.24 14.73 14.16 15.52 15.34 13.12 12.78 11.67 11.53 8.57 6.81 6.22 7.98 4.82 0.00 5.92 7.83 5.65 7.76 9.31 9.62 11.38 12.27 14.96 15.89 18.52 19.16 17.71 17.09 14.50 14.94 13.63 13.23 10.99 11.47 10.47 11.88 12.51 14.06 11.86 15.01 11.83 13.74 11.41 9.25 10.17 12.65 11.38 11.01 14.33 14.57 14.93 17.14 19.24 19.68 20.41 21.77 22.29 24.20 24.70 24.99 24.69 25.75 24.95 23.97 24.14 23.32 20.71 20.91 21.32 21.95 19.40 18.31 20.67 20.98 19.45 18.47 20.98 20.88 21.05 19.85 20.73 20.54 22.38 20.92 19.27 20.84 22.05 20.56 21.07 23.68 22.76 22.51 23.74 24.40 25.74 
23.84 23.48 23.92 22.08 20.46 19.97 18.63 17.29 18.46 17.80 16.00 17.04 18.29 17.61 17.11 19.95 21.52 21.15 19.93 21.59 20.42 20.34 21.37 21.34 20.09 19.46 19.54 19.29 18.54 19.59 20.41 19.32 18.82 17.97 18.28 17.93 16.78 17.06 17.81 18.28 16.44 15.57 13.32 12.95 10.94 9.29 7.17 7.09 7.50 5.92 0.42 6.84 7.27 7.64 9.54 10.68 12.46 14.01 16.69 17.10 19.63 21.10 19.62 18.83 16.05 15.86 14.50 13.30 11.05 11.67 11.40 11.28 11.33 13.68 12.01 12.90 10.11 13.61 12.17 9.27 9.40 14.19 15.01 14.08 16.62 17.85 18.70 20.26 21.42 22.36 22.69 23.68 23.93 25.48 26.04 26.22 26.12 27.10 26.35 25.29 25.59 24.72 21.95 22.08 22.60 23.10 20.29 19.28 21.46 22.10 19.77 19.04 21.61 22.18 21.71 20.58 21.71 21.69 23.28 21.86 20.34 21.69 22.81 21.73 22.07 24.25 24.36 23.09 24.99 25.92 26.51 
