0.00 2.08 5.87 8.25 11.30 13.47 17.62 19.53 21.89 24.87 26.63 26.57 24.90 22.96 20.12 15.45 14.63 13.60 13.65 11.88 13.97 15.45 15.51 15.82 16.03 16.16 17.32 18.22 19.33 20.37 22.08 23.55 24.09 25.50 27.38 28.05 26.86 26.31 26.57 24.58 23.02 22.71 21.22 18.30 17.29 17.16 14.82 15.63 14.44 17.35 19.42 21.94 23.34 24.96 27.24 26.73 24.72 24.42 24.07 23.03 22.20 22.03 20.57 23.15 23.88 22.82 
2.08 0.00 4.36 6.02 10.22 13.05 18.03 19.03 21.04 23.70 26.28 26.16 24.99 22.53 19.34 15.85 13.74 13.17 12.07 10.75 11.70 14.38 14.18 14.98 14.63 15.74 16.70 17.73 18.10 20.32 21.86 23.24 23.26 24.34 26.85 27.45 25.75 24.87 25.44 23.86 21.85 21.56 19.99 18.34 16.63 14.68 12.30 13.04 13.86 16.20 18.04 20.23 22.47 23.74 26.84 25.58 23.80 23.66 24.22 22.45 21.45 20.95 21.39 22.90 23.43 22.65 
5.87 4.36 0.19 4.13 8.37 10.72 14.87 15.94 18.17 20.28 23.19 23.19 22.10 20.27 18.43 14.61 12.45 11.02 11.47 10.28 11.38 13.66 14.35 14.31 13.17 13.81 14.86 14.93 16.50 18.48 20.64 21.50 21.02 22.41 24.92 24.86 22.46 21.56 22.65 21.01 18.62 18.36 17.10 15.73 13.29 11.77 9.67 11.54 11.56 14.50 16.32 18.60 20.53 22.21 25.26 24.31 23.02 23.06 22.45 22.23 21.79 20.84 20.67 22.80 23.36 22.69 
8.25 6.02 4.13 0.00 4.15 6.25 10.73 12.62 14.30 16.18 18.77 20.15 17.95 17.17 14.48 12.38 9.77 8.26 8.74 9.41 11.34 12.10 12.32 12.95 11.55 11.26 11.14 11.56 12.51 14.74 16.52 17.38 17.28 19.35 21.23 21.20 18.31 18.61 19.35 18.26 15.58 16.54 14.52 12.95 12.02 9.79 9.33 9.90 9.85 13.01 15.86 17.24 18.43 19.85 23.21 22.00 21.24 21.58 21.34 18.12 19.65 19.14 20.33 19.86 21.40 21.60 
11.30 10.22 8.37 4.15 0.00 5.59 8.34 11.65 13.47 17.12 20.32 20.39 19.10 15.99 14.07 10.60 10.74 8.83 10.16 10.60 13.85 14.40 13.14 13.71 12.18 11.20 11.57 11.59 13.36 14.02 15.74 17.07 17.25 19.50 20.83 21.77 19.15 19.21 19.11 17.14 14.75 16.40 14.74 13.66 12.22 12.13 10.14 12.08 10.60 13.18 14.92 17.87 19.37 20.97 22.95 21.71 20.41 21.24 21.49 19.90 20.54 22.76 21.22 19.58 19.53 20.93 
13.47 13.05 10.72 6.25 5.59 0.00 6.28 6.32 9.44 12.24 15.86 15.78 14.94 12.90 10.89 8.62 8.56 8.28 9.47 11.05 13.42 15.13 13.47 13.54 10.75 10.43 9.31 9.46 10.64 12.93 13.11 14.11 14.11 17.10 18.37 19.02 16.47 16.73 16.75 14.50 12.45 14.35 13.24 12.16 11.78 10.92 8.88 11.29 10.85 12.22 13.47 15.93 18.03 19.48 21.32 20.07 18.80 19.65 19.64 18.06 19.21 20.32 19.51 20.04 19.67 21.07 
17.62 18.03 14.87 10.73 8.34 6.28 0.00 5.69 6.82 10.14 14.11 15.43 14.39 13.00 11.91 10.23 10.10 9.92 12.89 13.93 16.52 17.71 17.27 15.93 11.46 10.89 11.01 9.97 10.98 12.44 13.28 14.36 15.17 17.24 18.51 19.23 16.86 16.38 16.16 14.44 13.31 14.25 12.86 13.67 13.86 12.89 11.39 12.62 11.96 13.76 13.79 16.48 18.85 19.53 21.79 20.47 20.23 20.60 19.97 19.48 20.59 21.22 19.32 19.78 20.59 21.14 
19.53 19.03 15.94 12.62 11.65 6.32 5.69 0.00 4.80 6.09 10.51 12.40 11.41 10.03 10.07 9.09 8.50 9.63 12.10 14.23 17.17 19.58 17.42 15.66 12.14 10.84 9.81 9.26 9.64 10.92 11.66 12.93 13.08 15.80 16.62 17.12 13.62 13.47 13.46 12.47 10.51 12.30 11.16 12.62 13.31 13.15 11.87 13.87 11.77 13.40 13.85 15.96 17.06 17.58 19.55 19.32 18.98 19.42 18.18 17.22 19.63 20.58 18.53 19.49 20.45 21.78 
21.89 21.04 18.17 14.30 13.47 9.44 6.82 4.80 0.41 4.47 6.82 9.99 9.74 9.39 9.14 8.98 9.95 11.35 14.05 16.21 19.26 21.94 19.79 17.90 14.13 11.61 10.00 9.98 9.64 9.35 11.13 11.94 12.26 14.02 14.72 14.49 11.14 11.40 11.63 10.69 9.15 12.70 12.29 14.04 14.54 15.57 13.49 16.26 13.40 15.40 15.27 17.03 17.15 17.51 19.53 18.43 18.28 19.15 18.89 17.31 19.06 21.00 19.19 19.98 21.96 22.74 
24.87 23.70 20.28 16.18 17.12 12.24 10.14 6.09 4.47 0.00 4.70 5.81 8.37 8.74 9.72 9.16 10.68 12.94 15.99 18.93 22.43 24.37 22.17 20.93 16.22 13.99 11.67 12.18 11.52 11.62 12.08 13.53 13.78 15.52 15.92 15.93 12.85 12.98 12.75 11.75 10.35 13.69 14.34 16.16 16.38 17.98 15.71 17.34 15.26 17.03 16.71 17.77 17.55 18.13 19.57 18.29 18.21 19.39 19.01 16.54 19.22 20.73 19.09 19.87 22.22 22.79 
26.63 26.28 23.19 18.77 20.32 15.86 14.11 10.51 6.82 4.70 0.00 4.61 7.14 9.58 10.55 11.44 13.05 14.87 18.43 21.30 25.69 27.67 25.30 24.21 19.37 16.96 15.87 15.25 14.58 13.94 14.69 15.43 15.33 17.11 17.17 17.46 14.97 13.80 13.77 13.61 12.41 14.03 15.62 17.98 18.67 19.73 18.06 19.84 17.99 20.32 19.44 19.71 19.30 19.39 20.54 19.58 19.55 20.69 19.66 18.48 20.18 22.12 20.11 21.14 23.09 23.50 
26.57 26.16 23.19 20.15 20.39 15.78 15.43 12.40 9.99 5.81 4.61 0.00 5.04 7.09 9.63 11.81 13.50 15.54 18.79 23.07 26.88 29.08 26.01 24.59 20.55 19.88 16.45 15.88 14.24 14.99 15.34 16.28 15.79 18.19 18.96 19.76 16.44 16.71 16.20 15.31 13.38 16.45 16.75 18.71 19.01 20.75 19.10 21.02 18.66 20.71 20.58 21.36 19.82 19.82 21.31 19.85 19.52 20.38 19.43 18.30 20.49 21.59 20.40 21.42 23.29 23.32 
24.90 24.99 22.10 17.95 19.10 14.94 14.39 11.41 9.74 8.37 7.14 5.04 0.00 4.61 6.94 8.59 11.19 14.00 19.07 21.12 24.77 27.08 24.61 23.88 19.25 17.62 14.22 14.28 13.47 12.72 13.88 15.07 14.93 17.42 18.47 18.59 16.03 16.46 16.46 15.52 14.01 17.22 16.86 18.24 18.80 20.20 18.51 20.93 18.15 20.48 20.12 21.42 20.88 20.74 22.04 19.29 18.23 20.15 19.53 17.93 19.67 21.80 21.27 21.22 21.79 21.73 
22.96 22.53 20.27 17.17 15.99 12.90 13.00 10.03 9.39 8.74 9.58 7.09 4.61 0.00 5.41 6.39 9.01 11.34 14.99 17.76 22.00 24.65 22.37 21.33 16.88 15.15 11.68 12.36 11.15 11.98 13.26 14.75 15.33 17.93 18.66 19.46 16.92 17.05 16.00 15.53 13.76 16.04 15.11 16.23 16.23 17.72 15.28 17.93 15.55 17.28 17.33 19.04 19.19 18.81 19.62 16.94 16.41 17.75 17.60 15.93 17.67 19.26 19.23 19.78 20.60 21.09 
20.12 19.34 18.43 14.48 14.07 10.89 11.91 10.07 9.14 9.72 10.55 9.63 6.94 5.41 0.00 5.84 7.60 10.68 13.96 15.88 21.20 22.14 21.01 19.26 14.99 12.20 10.99 10.16 10.49 10.97 13.09 14.51 16.03 18.79 19.87 20.48 18.57 17.63 16.81 15.83 14.54 15.59 14.46 14.43 14.77 15.46 12.85 16.04 14.08 16.17 15.32 17.49 18.09 17.71 18.55 15.92 15.79 16.98 16.62 14.97 16.88 18.14 17.65 18.81 19.68 19.79 
15.45 15.85 14.61 12.38 10.60 8.62 10.23 9.09 8.98 9.16 11.44 11.81 8.59 6.39 5.84 0.00 5.83 7.17 10.90 13.61 17.31 18.85 17.33 16.15 12.10 10.24 8.07 8.82 9.09 10.76 13.29 15.61 16.09 19.02 20.04 20.75 18.85 18.45 17.33 15.84 14.50 15.94 13.94 13.01 12.95 13.46 10.99 12.79 11.64 13.82 14.03 16.29 17.19 17.13 17.49 15.29 14.80 16.37 15.21 13.71 16.11 17.01 17.38 18.90 19.72 20.05 
14.63 13.74 12.45 9.77 10.74 8.56 10.10 8.50 9.95 10.68 13.05 13.50 11.19 9.01 7.60 5.83 0.00 6.39 8.26 10.07 13.97 15.26 14.21 12.93 9.99 7.39 5.75 7.36 8.85 10.77 13.78 15.41 16.23 18.73 20.33 20.69 18.86 18.21 17.64 16.49 15.37 16.74 14.87 14.14 13.07 13.33 10.45 13.16 11.23 13.69 14.02 16.36 16.44 17.48 18.09 15.25 14.95 16.81 16.30 14.13 15.96 17.48 16.81 18.36 19.93 20.73 
13.60 13.17 11.02 8.26 8.83 8.28 9.92 9.63 11.35 12.94 14.87 15.54 14.00 11.34 10.68 7.17 6.39 0.00 7.20 7.16 10.87 13.22 11.33 10.67 8.44 7.73 6.36 7.89 10.26 13.41 15.28 17.31 17.39 20.52 21.57 21.62 20.17 19.76 18.79 17.66 16.25 17.10 14.98 13.86 12.98 11.03 8.76 11.55 10.76 12.40 13.63 16.33 16.78 17.65 18.40 16.99 15.82 17.07 16.28 14.92 16.66 18.30 17.76 19.41 20.28 21.25 
13.65 12.07 11.47 8.74 10.16 9.47 12.89 12.10 14.05 15.99 18.43 18.79 19.07 14.99 13.96 10.90 8.26 7.20 2.74 6.17 9.01 10.00 9.14 8.81 8.35 7.34 9.40 10.91 14.12 16.48 19.38 20.48 21.02 23.48 24.87 24.65 23.48 22.38 21.27 19.79 17.95 18.57 16.39 15.30 13.91 13.01 9.37 12.53 11.29 14.13 13.77 17.64 18.49 19.82 20.27 19.10 17.83 18.59 18.07 16.70 18.58 18.90 18.51 19.10 20.41 20.69 
11.88 10.75 10.28 9.41 10.60 11.05 13.93 14.23 16.21 18.93 21.30 23.07 21.12 17.76 15.88 13.61 10.07 7.16 6.17 0.50 5.37 4.63 5.38 7.35 6.79 5.76 8.85 12.29 14.44 16.95 20.59 22.49 22.39 24.58 26.50 26.27 24.40 23.96 23.19 21.62 19.73 20.81 18.94 17.22 14.65 13.25 10.76 11.88 11.22 13.83 14.20 17.53 19.16 20.18 20.96 20.31 18.54 19.50 18.61 17.18 19.28 20.23 19.10 20.43 21.78 21.39 
13.97 11.70 11.38 11.34 13.85 13.42 16.52 17.17 19.26 22.43 25.69 26.88 24.77 22.00 21.20 17.31 13.97 10.87 9.01 5.37 1.76 5.71 6.61 8.88 9.81 10.60 13.16 16.39 18.49 20.77 23.46 25.34 25.12 28.48 30.11 28.95 27.39 26.16 25.80 23.86 22.01 23.05 21.68 20.35 17.87 15.54 13.06 15.06 13.12 15.38 15.88 19.19 20.54 21.47 23.39 22.56 21.07 21.59 20.64 19.43 20.96 22.37 20.94 21.32 22.55 22.35 
15.45 14.38 13.66 12.10 14.40 15.13 17.71 19.58 21.94 24.37 27.67 29.08 27.08 24.65 22.14 18.85 15.26 13.22 10.00 4.63 5.71 0.00 5.47 8.08 9.97 12.61 14.92 18.12 19.51 23.61 25.52 26.93 27.31 30.22 31.45 30.77 29.17 27.91 26.88 25.15 23.45 24.44 22.97 22.06 19.79 17.79 14.79 17.70 15.12 17.30 18.09 21.14 21.66 22.52 25.09 24.62 22.96 22.97 22.12 20.86 22.21 23.69 21.58 22.39 23.87 22.60 
15.51 14.18 14.35 12.32 13.14 13.47 17.27 17.42 19.79 22.17 25.30 26.01 24.61 22.37 21.01 17.33 14.21 11.33 9.14 5.38 6.61 5.47 0.00 6.53 7.87 10.04 12.68 16.09 18.81 21.59 24.08 26.08 25.90 29.34 30.53 29.78 27.88 26.44 25.05 23.70 21.06 22.25 20.81 20.16 18.67 17.09 14.08 16.31 14.29 16.63 15.48 18.46 19.48 20.08 22.40 22.19 20.70 20.64 20.02 19.17 21.23 22.78 20.40 21.42 22.08 22.64 
15.82 14.98 14.31 12.95 13.71 13.54 15.93 15.66 17.90 20.93 24.21 24.59 23.88 21.33 19.26 16.15 12.93 10.67 8.81 7.35 8.88 8.08 6.53 0.00 7.09 8.45 11.20 13.76 16.41 20.13 22.78 25.76 25.10 28.17 30.10 29.01 26.57 25.78 24.39 22.10 19.28 21.53 20.33 19.68 18.39 17.27 13.56 15.69 14.00 15.93 14.86 17.40 19.13 19.41 21.33 21.00 19.43 19.42 18.93 18.40 19.33 20.68 19.02 20.56 22.83 21.59 
16.03 14.63 13.17 11.55 12.18 10.75 11.46 12.14 14.13 16.22 19.37 20.55 19.25 16.88 14.99 12.10 9.99 8.44 8.35 6.79 9.81 9.97 7.87 7.09 0.00 5.78 7.19 9.40 11.82 15.80 18.42 20.50 20.30 25.24 26.63 25.91 23.80 22.61 21.48 19.06 17.08 18.84 17.95 16.38 16.34 15.57 12.56 13.61 12.72 14.28 12.84 15.43 17.50 17.66 18.72 18.15 17.89 17.65 16.17 14.13 16.50 19.67 16.80 18.61 20.27 21.09 
16.16 15.74 13.81 11.26 11.20 10.43 10.89 10.84 11.61 13.99 16.96 19.88 17.62 15.15 12.20 10.24 7.39 7.73 7.34 5.76 10.60 12.61 10.04 8.45 5.78 0.00 5.03 6.14 8.41 13.11 15.00 16.65 17.47 21.79 23.12 22.75 20.30 18.72 17.85 16.21 14.46 16.76 16.04 16.20 14.69 14.60 11.07 13.43 11.31 12.48 11.33 14.22 15.98 15.84 17.38 16.72 15.78 15.11 14.42 13.05 14.69 17.07 15.46 16.79 19.19 19.39 
17.32 16.70 14.86 11.14 11.57 9.31 11.01 9.81 10.00 11.67 15.87 16.45 14.22 11.68 10.99 8.07 5.75 6.36 9.40 8.85 13.16 14.92 12.68 11.20 7.19 5.03 0.00 4.92 5.45 10.19 12.30 14.67 15.17 19.15 20.84 21.19 18.08 16.67 15.83 15.31 12.24 15.51 16.32 16.28 15.31 15.64 11.94 13.27 10.92 12.52 11.87 14.19 15.38 15.87 17.51 16.25 15.24 15.57 13.79 12.55 13.28 16.85 13.64 16.13 17.26 18.88 
18.22 17.73 14.93 11.56 11.59 9.46 9.97 9.26 9.98 12.18 15.25 15.88 14.28 12.36 10.16 8.82 7.36 7.89 10.91 12.29 16.39 18.12 16.09 13.76 9.40 6.14 4.92 0.00 5.16 7.46 10.96 13.44 13.76 17.85 19.82 19.24 15.64 14.77 14.48 12.70 9.56 14.23 15.87 16.25 14.68 16.17 12.08 14.47 11.41 13.55 13.00 14.81 15.65 15.85 17.26 16.07 14.42 14.06 12.25 10.97 12.17 12.14 10.60 14.46 17.49 17.08 
19.33 18.10 16.50 12.51 13.36 10.64 10.98 9.64 9.64 11.52 14.58 14.24 13.47 11.15 10.49 9.09 8.85 10.26 14.12 14.44 18.49 19.51 18.81 16.41 11.82 8.41 5.45 5.16 0.00 5.04 6.26 10.17 10.93 15.18 16.31 17.01 13.53 12.49 11.04 11.58 9.30 14.09 15.76 16.39 15.75 16.67 12.66 14.34 12.33 14.03 12.85 14.22 14.99 14.77 16.17 13.93 13.55 13.73 11.16 9.17 10.91 12.92 11.19 13.32 16.31 17.63 
20.37 20.32 18.48 14.74 14.02 12.93 12.44 10.92 9.35 11.62 13.94 14.99 12.72 11.98 10.97 10.76 10.77 13.41 16.48 16.95 20.77 23.61 21.59 20.13 15.80 13.11 10.19 7.46 5.04 0.00 5.31 6.89 8.85 11.92 13.53 13.64 11.58 8.55 8.48 9.92 9.00 14.17 15.81 16.75 15.67 17.17 13.71 15.43 13.39 15.20 14.00 15.59 16.17 16.00 16.92 15.23 13.57 12.81 10.61 9.98 11.40 12.53 12.01 13.30 16.93 16.98 
22.08 21.86 20.64 16.52 15.74 13.11 13.28 11.66 11.13 12.08 14.69 15.34 13.88 13.26 13.09 13.29 13.78 15.28 19.38 20.59 23.46 25.52 24.08 22.78 18.42 15.00 12.30 10.96 6.26 5.31 0.31 5.31 7.11 10.13 12.11 13.22 10.67 9.52 10.18 11.28 11.20 15.79 17.54 17.86 16.58 17.49 15.15 15.91 13.80 15.48 15.33 16.09 17.05 16.70 17.68 15.79 14.26 14.53 11.43 10.29 11.14 13.15 11.54 14.65 16.10 16.54 
23.55 23.24 21.50 17.38 17.07 14.11 14.36 12.93 11.94 13.53 15.43 16.28 15.07 14.75 14.51 15.61 15.41 17.31 20.48 22.49 25.34 26.93 26.08 25.76 20.50 16.65 14.67 13.44 10.17 6.89 5.31 1.03 6.17 7.72 10.92 11.73 10.72 9.37 10.29 13.06 12.11 17.39 18.94 19.80 18.45 18.67 14.71 16.71 14.03 16.47 14.92 16.13 17.15 16.70 17.51 15.90 14.85 13.86 11.38 10.20 10.82 12.40 11.96 14.07 17.52 16.07 
24.09 23.26 21.02 17.28 17.25 14.11 15.17 13.08 12.26 13.78 15.33 15.79 14.93 15.33 16.03 16.09 16.23 17.39 21.02 22.39 25.12 27.31 25.90 25.10 20.30 17.47 15.17 13.76 10.93 8.85 7.11 6.17 1.83 6.09 6.88 9.43 8.70 7.45 9.09 11.68 12.12 17.55 18.89 19.17 18.30 18.91 15.32 16.93 14.75 16.30 15.57 16.71 17.48 17.74 19.01 17.49 16.07 15.84 13.38 11.01 12.25 14.28 12.64 14.96 17.20 17.46 
25.50 24.34 22.41 19.35 19.50 17.10 17.24 15.80 14.02 15.52 17.11 18.19 17.42 17.93 18.79 19.02 18.73 20.52 23.48 24.58 28.48 30.22 29.34 28.17 25.24 21.79 19.15 17.85 15.18 11.92 10.13 7.72 6.09 1.12 5.25 7.49 9.07 8.63 10.99 12.73 13.70 18.95 20.58 21.18 19.47 20.92 17.51 18.82 17.06 19.14 18.92 20.49 21.23 21.53 23.08 21.28 18.15 17.49 15.97 13.60 13.82 14.75 15.03 15.48 18.88 17.37 
27.38 26.85 24.92 21.23 20.83 18.37 18.51 16.62 14.72 15.92 17.17 18.96 18.47 18.66 19.87 20.04 20.33 21.57 24.87 26.50 30.11 31.45 30.53 30.10 26.63 23.12 20.84 19.82 16.31 13.53 12.11 10.92 6.88 5.25 2.40 6.41 7.31 8.78 12.05 14.32 15.22 18.69 21.52 22.22 20.73 22.09 19.17 20.33 19.09 21.26 21.04 22.09 23.30 24.04 24.92 23.12 20.77 20.12 18.01 16.26 16.31 17.79 16.75 17.00 18.95 18.34 
28.05 27.45 24.86 21.20 21.77 19.02 19.23 17.12 14.49 15.93 17.46 19.76 18.59 19.46 20.48 20.75 20.69 21.62 24.65 26.27 28.95 30.77 29.78 29.01 25.91 22.75 21.19 19.24 17.01 13.64 13.22 11.73 9.43 7.49 6.41 0.27 6.41 7.06 10.44 12.87 13.85 18.04 19.93 21.84 19.97 20.90 17.82 20.30 18.72 21.63 21.49 22.53 24.17 25.00 26.56 25.02 22.41 21.69 19.10 17.58 18.33 19.41 17.18 18.39 20.69 18.70 
26.86 25.75 22.46 18.31 19.15 16.47 16.86 13.62 11.14 12.85 14.97 16.44 16.03 16.92 18.57 18.85 18.86 20.17 23.48 24.40 27.39 29.17 27.88 26.57 23.80 20.30 18.08 15.64 13.53 11.58 10.67 10.72 8.70 9.07 7.31 6.41 0.82 5.78 7.89 9.76 11.18 15.06 16.84 17.82 16.33 17.46 15.22 18.33 16.52 19.70 20.50 22.04 23.24 24.17 26.45 24.67 21.79 21.43 19.54 17.69 17.04 18.65 16.84 17.62 18.94 18.12 
26.31 24.87 21.56 18.61 19.21 16.73 16.38 13.47 11.40 12.98 13.80 16.71 16.46 17.05 17.63 18.45 18.21 19.76 22.38 23.96 26.16 27.91 26.44 25.78 22.61 18.72 16.67 14.77 12.49 8.55 9.52 9.37 7.45 8.63 8.78 7.06 5.78 0.63 5.82 6.93 9.17 13.18 14.52 16.00 15.38 16.81 14.26 16.95 16.24 19.29 19.85 22.06 23.22 24.65 26.73 25.06 22.03 21.63 20.22 17.25 17.79 19.10 17.99 18.30 19.39 18.37 
26.57 25.44 22.65 19.35 19.11 16.75 16.16 13.46 11.63 12.75 13.77 16.20 16.46 16.00 16.81 17.33 17.64 18.79 21.27 23.19 25.80 26.88 25.05 24.39 21.48 17.85 15.83 14.48 11.04 8.48 10.18 10.29 9.09 10.99 12.05 10.44 7.89 5.82 2.78 5.60 7.71 11.16 13.00 14.26 14.73 15.67 13.82 16.19 16.81 19.06 20.12 22.35 24.18 25.19 27.15 25.42 23.18 22.34 20.68 18.54 17.99 19.78 18.12 18.21 19.70 19.35 
24.58 23.86 21.01 18.26 17.14 14.50 14.44 12.47 10.69 11.75 13.61 15.31 15.52 15.53 15.83 15.84 16.49 17.66 19.79 21.62 23.86 25.15 23.70 22.10 19.06 16.21 15.31 12.70 11.58 9.92 11.28 13.06 11.68 12.73 14.32 12.87 9.76 6.93 5.60 1.54 6.14 8.13 9.52 11.67 12.01 13.20 11.16 14.58 15.17 18.10 19.32 22.60 24.48 26.04 27.71 25.56 23.15 22.70 21.49 18.76 18.72 19.75 18.30 18.87 18.99 18.40 
23.02 21.85 18.62 15.58 14.75 12.45 13.31 10.51 9.15 10.35 12.41 13.38 14.01 13.76 14.54 14.50 15.37 16.25 17.95 19.73 22.01 23.45 21.06 19.28 17.08 14.46 12.24 9.56 9.30 9.00 11.20 12.11 12.12 13.70 15.22 13.85 11.18 9.17 7.71 6.14 1.73 5.92 7.16 8.53 8.48 10.38 10.02 12.51 13.51 16.91 18.20 21.38 23.85 25.35 27.27 25.54 23.28 22.59 20.57 18.57 16.74 19.48 18.46 17.25 16.89 17.80 
22.71 21.56 18.36 16.54 16.40 14.35 14.25 12.30 12.70 13.69 14.03 16.45 17.22 16.04 15.59 15.94 16.74 17.10 18.57 20.81 23.05 24.44 22.25 21.53 18.84 16.76 15.51 14.23 14.09 14.17 15.79 17.39 17.55 18.95 18.69 18.04 15.06 13.18 11.16 8.13 5.92 1.52 5.68 7.35 8.70 11.23 11.58 13.85 14.85 19.06 20.22 22.46 26.11 27.86 29.87 27.94 25.74 25.43 22.98 19.76 20.05 20.52 19.13 18.37 18.21 17.52 
21.22 19.99 17.10 14.52 14.74 13.24 12.86 11.16 12.29 14.34 15.62 16.75 16.86 15.11 14.46 13.94 14.87 14.98 16.39 18.94 21.68 22.97 20.81 20.33 17.95 16.04 16.32 15.87 15.76 15.81 17.54 18.94 18.89 20.58 21.52 19.93 16.84 14.52 13.00 9.52 7.16 5.68 1.63 5.33 7.97 10.04 9.92 13.37 14.52 18.41 20.38 22.54 25.89 28.05 30.63 28.40 26.21 25.25 22.63 20.14 19.29 20.23 19.35 17.45 17.42 17.84 
18.30 18.34 15.73 12.95 13.66 12.16 13.67 12.62 14.04 16.16 17.98 18.71 18.24 16.23 14.43 13.01 14.14 13.86 15.30 17.22 20.35 22.06 20.16 19.68 16.38 16.20 16.28 16.25 16.39 16.75 17.86 19.80 19.17 21.18 22.22 21.84 17.82 16.00 14.26 11.67 8.53 7.35 5.33 0.00 6.13 8.23 8.18 11.52 13.99 17.11 19.22 22.61 26.46 28.05 31.10 28.14 25.47 25.11 22.67 18.90 18.68 19.19 18.54 15.49 15.74 15.82 
17.29 16.63 13.29 12.02 12.22 11.78 13.86 13.31 14.54 16.38 18.67 19.01 18.80 16.23 14.77 12.95 13.07 12.98 13.91 14.65 17.87 19.79 18.67 18.39 16.34 14.69 15.31 14.68 15.75 15.67 16.58 18.45 18.30 19.47 20.73 19.97 16.33 15.38 14.73 12.01 8.48 8.70 7.97 6.13 0.00 5.89 7.20 9.76 11.52 15.16 17.72 21.50 25.82 27.58 29.90 27.81 25.62 23.78 21.19 17.36 16.26 17.33 18.38 14.28 12.97 15.28 
17.16 14.68 11.77 9.79 12.13 10.92 12.89 13.15 15.57 17.98 19.73 20.75 20.20 17.72 15.46 13.46 13.33 11.03 13.01 13.25 15.54 17.79 17.09 17.27 15.57 14.60 15.64 16.17 16.67 17.17 17.49 18.67 18.91 20.92 22.09 20.90 17.46 16.81 15.67 13.20 10.38 11.23 10.04 8.23 5.89 0.00 5.51 7.90 9.10 12.97 15.59 18.72 22.77 25.69 28.38 25.98 23.81 23.00 20.75 17.07 15.45 15.41 15.97 14.27 13.65 13.11 
14.82 12.30 9.67 9.33 10.14 8.88 11.39 11.87 13.49 15.71 18.06 19.10 18.51 15.28 12.85 10.99 10.45 8.76 9.37 10.76 13.06 14.79 14.08 13.56 12.56 11.07 11.94 12.08 12.66 13.71 15.15 14.71 15.32 17.51 19.17 17.82 15.22 14.26 13.82 11.16 10.02 11.58 9.92 8.18 7.20 5.51 0.00 5.05 5.79 9.17 11.75 15.03 18.45 20.98 23.82 22.23 20.33 18.94 16.37 13.25 11.83 13.07 11.34 11.32 13.24 12.77 
15.63 13.04 11.54 9.90 12.08 11.29 12.62 13.87 16.26 17.34 19.84 21.02 20.93 17.93 16.04 12.79 13.16 11.55 12.53 11.88 15.06 17.70 16.31 15.69 13.61 13.43 13.27 14.47 14.34 15.43 15.91 16.71 16.93 18.82 20.33 20.30 18.33 16.95 16.19 14.58 12.51 13.85 13.37 11.52 9.76 7.90 5.05 0.00 5.26 7.20 9.92 13.24 16.98 19.99 22.78 21.95 19.51 18.43 15.56 12.69 11.74 12.76 12.82 11.04 13.02 12.84 
14.44 13.86 11.56 9.85 10.60 10.85 11.96 11.77 13.40 15.26 17.99 18.66 18.15 15.55 14.08 11.64 11.23 10.76 11.29 11.22 13.12 15.12 14.29 14.00 12.72 11.31 10.92 11.41 12.33 13.39 13.80 14.03 14.75 17.06 19.09 18.72 16.52 16.24 16.81 15.17 13.51 14.85 14.52 13.99 11.52 9.10 5.79 5.26 0.00 5.06 6.23 10.26 13.74 15.46 18.77 17.30 16.51 14.25 12.09 9.21 9.33 9.92 13.10 11.35 13.01 13.89 
17.35 16.20 14.50 13.01 13.18 12.22 13.76 13.40 15.40 17.03 20.32 20.71 20.48 17.28 16.17 13.82 13.69 12.40 14.13 13.83 15.38 17.30 16.63 15.93 14.28 12.48 12.52 13.55 14.03 15.20 15.48 16.47 16.30 19.14 21.26 21.63 19.70 19.29 19.06 18.10 16.91 19.06 18.41 17.11 15.16 12.97 9.17 7.20 5.06 0.00 5.52 7.91 11.52 14.07 17.16 16.24 12.84 12.02 11.66 9.78 8.76 8.13 12.18 13.28 14.80 14.28 
19.42 18.04 16.32 15.86 14.92 13.47 13.79 13.85 15.27 16.71 19.44 20.58 20.12 17.33 15.32 14.03 14.02 13.63 13.77 14.20 15.88 18.09 15.48 14.86 12.84 11.33 11.87 13.00 12.85 14.00 15.33 14.92 15.57 18.92 21.04 21.49 20.50 19.85 20.12 19.32 18.20 20.22 20.38 19.22 17.72 15.59 11.75 9.92 6.23 5.52 0.00 5.83 7.90 9.62 13.57 13.17 10.93 10.22 10.37 9.93 8.05 9.92 13.51 14.01 15.91 16.53 
21.94 20.23 18.60 17.24 17.87 15.93 16.48 15.96 17.03 17.77 19.71 21.36 21.42 19.04 17.49 16.29 16.36 16.33 17.64 17.53 19.19 21.14 18.46 17.40 15.43 14.22 14.19 14.81 14.22 15.59 16.09 16.13 16.71 20.49 22.09 22.53 22.04 22.06 22.35 22.60 21.38 22.46 22.54 22.61 21.50 18.72 15.03 13.24 10.26 7.91 5.83 0.00 6.87 8.05 11.34 11.08 9.29 8.70 9.82 9.05 9.56 12.62 15.58 16.84 19.02 18.00 
23.34 22.47 20.53 18.43 19.37 18.03 18.85 17.06 17.15 17.55 19.30 19.82 20.88 19.19 18.09 17.19 16.44 16.78 18.49 19.16 20.54 21.66 19.48 19.13 17.50 15.98 15.38 15.65 14.99 16.17 17.05 17.15 17.48 21.23 23.30 24.17 23.24 23.22 24.18 24.48 23.85 26.11 25.89 26.46 25.82 22.77 18.45 16.98 13.74 11.52 7.90 6.87 2.29 5.47 7.66 8.83 8.67 7.83 8.36 9.85 11.66 14.57 17.17 17.91 19.27 20.52 
24.96 23.74 22.21 19.85 20.97 19.48 19.53 17.58 17.51 18.13 19.39 19.82 20.74 18.81 17.71 17.13 17.48 17.65 19.82 20.18 21.47 22.52 20.08 19.41 17.66 15.84 15.87 15.85 14.77 16.00 16.70 16.70 17.74 21.53 24.04 25.00 24.17 24.65 25.19 26.04 25.35 27.86 28.05 28.05 27.58 25.69 20.98 19.99 15.46 14.07 9.62 8.05 5.47 0.12 4.97 4.73 5.81 7.02 7.63 9.76 13.39 16.80 17.58 20.37 22.35 21.34 
27.24 26.84 25.26 23.21 22.95 21.32 21.79 19.55 19.53 19.57 20.54 21.31 22.04 19.62 18.55 17.49 18.09 18.40 20.27 20.96 23.39 25.09 22.40 21.33 18.72 17.38 17.51 17.26 16.17 16.92 17.68 17.51 19.01 23.08 24.92 26.56 26.45 26.73 27.15 27.71 27.27 29.87 30.63 31.10 29.90 28.38 23.82 22.78 18.77 17.16 13.57 11.34 7.66 4.97 1.65 5.21 7.03 8.76 11.34 12.30 15.18 20.99 19.58 19.59 22.98 23.17 
26.73 25.58 24.31 22.00 21.71 20.07 20.47 19.32 18.43 18.29 19.58 19.85 19.29 16.94 15.92 15.29 15.25 16.99 19.10 20.31 22.56 24.62 22.19 21.00 18.15 16.72 16.25 16.07 13.93 15.23 15.79 15.90 17.49 21.28 23.12 25.02 24.67 25.06 25.42 25.56 25.54 27.94 28.40 28.14 27.81 25.98 22.23 21.95 17.30 16.24 13.17 11.08 8.83 4.73 5.21 0.00 4.73 6.99 9.38 12.15 13.12 19.01 18.17 20.27 22.99 22.21 
24.72 23.80 23.02 21.24 20.41 18.80 20.23 18.98 18.28 18.21 19.55 19.52 18.23 16.41 15.79 14.80 14.95 15.82 17.83 18.54 21.07 22.96 20.70 19.43 17.89 15.78 15.24 14.42 13.55 13.57 14.26 14.85 16.07 18.15 20.77 22.41 21.79 22.03 23.18 23.15 23.28 25.74 26.21 25.47 25.62 23.81 20.33 19.51 16.51 12.84 10.93 9.29 8.67 5.81 7.03 4.73 0.00 5.74 8.85 8.44 12.66 17.18 18.70 17.84 22.37 21.30 
24.42 23.66 23.06 21.58 21.24 19.65 20.60 19.42 19.15 19.39 20.69 20.38 20.15 17.75 16.98 16.37 16.81 17.07 18.59 19.50 21.59 22.97 20.64 19.42 17.65 15.11 15.57 14.06 13.73 12.81 14.53 13.86 15.84 17.49 20.12 21.69 21.43 21.63 22.34 22.70 22.59 25.43 25.25 25.11 23.78 23.00 18.94 18.43 14.25 12.02 10.22 8.70 7.83 7.02 8.76 6.99 5.74 0.00 6.93 7.37 10.49 14.58 15.58 16.99 20.83 19.89 
24.07 24.22 22.45 21.34 21.49 19.64 19.97 18.18 18.89 19.01 19.66 19.43 19.53 17.60 16.62 15.21 16.30 16.28 18.07 18.61 20.64 22.12 20.02 18.93 16.17 14.42 13.79 12.25 11.16 10.61 11.43 11.38 13.38 15.97 18.01 19.10 19.54 20.22 20.68 21.49 20.57 22.98 22.63 22.67 21.19 20.75 16.37 15.56 12.09 11.66 10.37 9.82 8.36 7.63 11.34 9.38 8.85 6.93 2.10 6.15 9.20 12.69 14.77 14.40 19.15 19.59 
23.03 22.45 22.23 18.12 19.90 18.06 19.48 17.22 17.31 16.54 18.48 18.30 17.93 15.93 14.97 13.71 14.13 14.92 16.70 17.18 19.43 20.86 19.17 18.40 14.13 13.05 12.55 10.97 9.17 9.98 10.29 10.20 11.01 13.60 16.26 17.58 17.69 17.25 18.54 18.76 18.57 19.76 20.14 18.90 17.36 17.07 13.25 12.69 9.21 9.78 9.93 9.05 9.85 9.76 12.30 12.15 8.44 7.37 6.15 0.00 4.65 9.32 9.26 11.64 14.65 17.00 
22.20 21.45 21.79 19.65 20.54 19.21 20.59 19.63 19.06 19.22 20.18 20.49 19.67 17.67 16.88 16.11 15.96 16.66 18.58 19.28 20.96 22.21 21.23 19.33 16.50 14.69 13.28 12.17 10.91 11.40 11.14 10.82 12.25 13.82 16.31 18.33 17.04 17.79 17.99 18.72 16.74 20.05 19.29 18.68 16.26 15.45 11.83 11.74 9.33 8.76 8.05 9.56 11.66 13.39 15.18 13.12 12.66 10.49 9.20 4.65 1.79 7.72 8.58 9.99 14.64 14.99 
22.03 20.95 20.84 19.14 22.76 20.32 21.22 20.58 21.00 20.73 22.12 21.59 21.80 19.26 18.14 17.01 17.48 18.30 18.90 20.23 22.37 23.69 22.78 20.68 19.67 17.07 16.85 12.14 12.92 12.53 13.15 12.40 14.28 14.75 17.79 19.41 18.65 19.10 19.78 19.75 19.48 20.52 20.23 19.19 17.33 15.41 13.07 12.76 9.92 8.13 9.92 12.62 14.57 16.80 20.99 19.01 17.18 14.58 12.69 9.32 7.72 0.50 7.50 10.10 10.68 13.03 
20.57 21.39 20.67 20.33 21.22 19.51 19.32 18.53 19.19 19.09 20.11 20.40 21.27 19.23 17.65 17.38 16.81 17.76 18.51 19.10 20.94 21.58 20.40 19.02 16.80 15.46 13.64 10.60 11.19 12.01 11.54 11.96 12.64 15.03 16.75 17.18 16.84 17.99 18.12 18.30 18.46 19.13 19.35 18.54 18.38 15.97 11.34 12.82 13.10 12.18 13.51 15.58 17.17 17.58 19.58 18.17 18.70 15.58 14.77 9.26 8.58 7.50 0.00 1.27 3.29 7.88 
23.15 22.90 22.80 19.86 19.58 20.04 19.78 19.49 19.98 19.87 21.14 21.42 21.22 19.78 18.81 18.90 18.36 19.41 19.10 20.43 21.32 22.39 21.42 20.56 18.61 16.79 16.13 14.46 13.32 13.30 14.65 14.07 14.96 15.48 17.00 18.39 17.62 18.30 18.21 18.87 17.25 18.37 17.45 15.49 14.28 14.27 11.32 11.04 11.35 13.28 14.01 16.84 17.91 20.37 19.59 20.27 17.84 16.99 14.40 11.64 9.99 10.10 1.27 0.00 0.14 2.38 
23.88 23.43 23.36 21.40 19.53 19.67 20.59 20.45 21.96 22.22 23.09 23.29 21.79 20.60 19.68 19.72 19.93 20.28 20.41 21.78 22.55 23.87 22.08 22.83 20.27 19.19 17.26 17.49 16.31 16.93 16.10 17.52 17.20 18.88 18.95 20.69 18.94 19.39 19.70 18.99 16.89 18.21 17.42 15.74 12.97 13.65 13.24 13.02 13.01 14.80 15.91 19.02 19.27 22.35 22.98 22.99 22.37 20.83 19.15 14.65 14.64 10.68 3.29 0.14 0.00 0.66 
22.82 22.65 22.69 21.60 20.93 21.07 21.14 21.78 22.74 22.79 23.50 23.32 21.73 21.09 19.79 20.05 20.73 21.25 20.69 21.39 22.35 22.60 22.64 21.59 21.09 19.39 18.88 17.08 17.63 16.98 16.54 16.07 17.46 17.37 18.34 18.70 18.12 18.37 19.35 18.40 17.80 17.52 17.84 15.82 15.28 13.11 12.77 12.84 13.89 14.28 16.53 18.00 20.52 21.34 23.17 22.21 21.30 19.89 19.59 17.00 14.99 13.03 7.88 2.38 0.66 0.00 
