1.03 4.90 6.40 8.70 12.15 13.60 15.96 18.14 22.01 22.89 27.35 29.10 30.32 31.08 33.43 32.14 30.75 31.57 31.90 30.29 28.34 28.90 28.46 26.20 25.67 26.27 25.65 23.60 24.97 24.88 24.65 23.98 25.69 26.11 25.14 26.72 27.73 28.02 26.93 27.15 23.69 21.35 19.86 18.22 16.85 15.39 16.08 15.35 16.55 15.97 17.13 16.17 18.44 17.51 17.51 19.05 21.09 20.87 20.81 23.90 25.18 24.58 24.89 24.32 22.97 22.49 24.07 23.51 21.79 22.30 24.19 30.24 
4.90 0.00 4.60 5.63 10.01 11.86 14.74 16.66 20.84 22.15 26.43 27.53 30.36 30.38 33.72 31.35 29.42 30.20 31.76 29.12 26.57 27.73 28.02 25.34 24.46 25.68 24.94 22.40 23.75 24.17 23.82 22.33 24.15 25.14 24.53 25.70 26.51 26.62 25.77 25.99 21.78 20.01 17.82 17.44 14.75 13.83 13.59 13.28 14.80 14.35 15.11 14.43 16.83 16.91 16.21 18.35 20.21 20.40 19.94 22.61 24.16 23.02 24.47 23.26 22.54 20.84 23.37 22.45 21.19 22.01 23.45 33.44 
6.40 4.60 0.00 2.59 7.28 9.08 11.72 14.42 18.18 19.13 23.39 24.22 26.85 27.86 31.57 28.91 25.69 26.85 28.83 26.37 22.65 24.83 26.27 23.70 22.15 23.77 23.42 20.34 20.89 21.48 21.68 19.70 20.33 21.36 20.72 21.35 21.86 22.35 21.33 20.94 17.85 16.01 14.25 12.87 12.04 10.21 11.42 10.63 12.13 11.33 13.57 12.16 14.74 14.32 14.98 15.69 17.82 17.84 17.55 19.91 20.59 20.13 22.72 21.93 20.76 19.67 22.01 21.14 20.75 21.06 22.82 27.82 
8.70 5.63 2.59 0.00 4.69 6.48 10.13 13.36 17.12 18.52 22.33 24.21 25.26 26.75 30.01 27.86 24.29 25.71 27.58 25.19 21.26 23.93 25.36 23.17 21.39 23.47 23.06 20.07 20.98 21.32 20.70 19.03 19.98 21.06 19.38 20.35 21.27 21.95 20.50 20.38 17.01 15.87 12.87 11.64 9.23 9.33 9.87 9.46 11.79 11.05 12.30 12.04 14.38 14.29 13.94 15.25 16.98 17.26 16.58 18.85 19.48 18.82 20.34 20.07 19.46 17.24 18.39 19.06 19.21 19.59 22.11 28.61 
12.15 10.01 7.28 4.69 0.00 5.62 7.12 9.79 14.04 16.63 20.54 22.74 24.34 23.99 26.91 25.65 22.98 24.17 25.15 23.09 20.78 22.60 22.66 19.63 18.96 20.87 21.21 18.50 20.52 20.68 19.65 17.54 18.72 19.07 17.44 19.81 21.07 21.62 20.37 20.88 18.17 13.96 12.63 9.08 7.64 7.05 10.48 8.65 12.40 12.15 14.92 12.37 15.85 14.59 13.69 14.70 16.99 16.17 15.09 18.17 19.07 17.90 18.03 18.50 17.14 13.94 15.58 17.72 16.82 17.17 20.46 27.93 
13.60 11.86 9.08 6.48 5.62 0.00 5.29 5.74 10.73 13.23 17.16 18.78 20.67 21.86 24.94 22.97 19.85 21.26 23.10 19.98 18.14 19.41 20.20 16.51 16.49 18.42 18.36 15.81 18.18 18.15 17.41 15.18 15.73 16.89 14.51 17.68 18.61 19.77 18.17 19.53 15.71 12.40 8.92 8.02 6.77 6.61 8.93 7.85 10.62 12.42 11.89 9.89 13.85 13.87 11.93 13.64 15.72 15.03 13.37 17.26 17.36 16.53 16.52 17.88 14.26 13.96 14.22 16.48 14.73 17.09 19.63 28.35 
15.96 14.74 11.72 10.13 7.12 5.29 0.00 5.61 7.37 10.53 14.28 16.80 18.91 20.49 24.53 22.25 19.80 20.60 22.55 20.58 17.74 20.02 20.13 17.26 16.20 18.26 18.36 15.73 18.03 17.86 17.73 14.38 14.98 15.23 13.69 16.35 17.44 17.87 15.93 16.82 14.68 9.93 8.14 7.74 10.98 9.65 12.84 11.84 14.65 13.55 15.21 12.69 16.09 14.87 13.73 14.42 17.01 15.99 14.35 16.75 17.68 16.43 17.50 16.41 14.03 12.46 14.16 16.07 15.60 16.96 19.96 24.95 
18.14 16.66 14.42 13.36 9.79 5.74 5.61 0.00 5.41 5.64 10.87 12.74 15.09 16.40 19.66 17.87 14.84 16.37 18.60 16.05 13.67 16.55 17.57 13.92 13.62 16.18 15.63 13.03 16.02 16.01 16.11 13.38 13.39 13.66 11.83 14.51 13.94 15.85 13.72 14.67 12.59 9.36 8.58 7.70 9.78 11.14 12.90 13.35 15.08 14.43 14.66 14.12 15.98 14.95 12.05 12.82 14.75 13.80 11.53 14.77 15.53 14.40 13.49 13.52 10.50 8.51 9.00 13.14 13.16 15.19 18.16 24.38 
22.01 20.84 18.18 17.12 14.04 10.73 7.37 5.41 0.00 5.46 7.03 10.74 14.18 14.42 16.91 16.73 14.87 15.50 16.39 15.26 14.06 16.27 15.65 13.69 14.34 17.24 16.85 15.06 18.22 18.99 18.71 15.31 15.20 14.94 12.59 14.12 13.56 14.29 13.78 15.31 14.63 11.02 12.01 10.86 12.35 12.57 16.33 15.15 18.60 17.32 19.10 17.21 20.25 18.59 15.82 15.56 16.77 16.22 14.44 16.16 16.70 13.92 12.43 11.34 10.56 6.51 7.20 12.15 14.64 16.17 18.87 23.46 
22.89 22.15 19.13 18.52 16.63 13.23 10.53 5.64 5.46 0.00 4.81 5.95 9.57 11.22 13.62 12.78 9.93 12.27 13.73 12.55 10.82 13.75 13.36 11.49 11.83 15.76 15.68 14.30 16.56 17.14 16.69 14.65 14.40 13.27 9.88 12.30 12.31 12.12 10.70 13.31 12.86 10.29 10.77 11.14 12.89 13.78 16.42 15.64 18.42 17.99 19.58 17.61 19.74 17.76 15.33 16.07 16.15 14.51 12.42 16.03 14.85 12.77 10.08 10.76 7.85 7.74 9.10 13.13 14.61 16.85 19.84 24.15 
27.35 26.43 23.39 22.33 20.54 17.16 14.28 10.87 7.03 4.81 0.71 6.20 7.79 9.65 13.71 14.10 12.29 13.61 14.36 14.37 12.30 15.94 16.21 13.99 13.15 17.41 18.07 16.57 18.18 19.29 19.92 17.34 16.88 15.52 12.48 13.45 11.40 11.50 10.76 13.64 12.55 10.10 12.46 13.40 15.75 15.32 19.49 19.08 21.71 20.89 22.94 21.41 22.89 20.52 18.23 18.32 18.44 17.07 15.34 16.33 14.71 12.39 12.19 9.11 7.29 8.38 10.66 14.61 16.37 19.30 20.84 24.22 
29.10 27.53 24.22 24.21 22.74 18.78 16.80 12.74 10.74 5.95 6.20 0.00 5.35 6.35 9.20 9.13 8.25 8.18 10.75 8.95 7.71 12.58 13.93 10.70 10.50 15.71 16.67 15.16 17.38 18.66 18.77 16.47 15.67 15.23 11.78 11.68 7.82 9.74 7.98 11.46 11.66 10.78 12.86 14.28 15.82 15.67 19.69 19.36 22.41 21.21 23.06 21.97 23.44 20.43 17.53 17.52 17.76 15.74 13.24 15.45 13.65 11.34 9.19 8.61 9.52 9.84 12.29 15.50 17.53 20.76 21.24 23.81 
30.32 30.36 26.85 25.26 24.34 20.67 18.91 15.09 14.18 9.57 7.79 5.35 2.43 5.72 7.18 7.98 8.07 10.59 11.46 10.21 10.43 14.34 14.45 12.02 12.65 16.72 17.36 16.37 19.56 20.67 20.50 18.18 18.57 17.39 12.96 13.25 10.47 12.07 9.91 12.99 14.52 13.36 14.73 13.67 17.55 17.64 20.54 20.30 24.36 22.88 24.65 23.89 25.46 22.60 19.05 18.81 19.27 16.95 14.03 16.46 15.87 12.34 11.55 10.92 13.17 12.19 14.63 16.83 17.80 20.44 21.61 24.90 
31.08 30.38 27.86 26.75 23.99 21.86 20.49 16.40 14.42 11.22 9.65 6.35 5.72 0.00 6.52 6.59 5.74 9.16 11.29 10.41 9.88 12.51 14.17 12.86 12.38 16.79 17.64 16.40 19.14 20.41 20.22 18.08 18.22 17.83 13.34 13.68 10.79 10.72 8.44 12.26 13.41 13.76 15.81 15.50 17.00 17.85 20.82 20.99 23.86 22.70 24.06 23.43 25.05 21.73 18.29 18.97 19.00 16.63 13.26 16.53 15.35 11.97 11.08 11.81 13.91 13.74 16.48 18.19 21.73 20.66 22.77 24.88 
33.43 33.72 31.57 30.01 26.91 24.94 24.53 19.66 16.91 13.62 13.71 9.20 7.18 6.52 3.04 6.57 7.87 7.90 9.42 10.98 11.30 13.22 13.92 13.93 15.02 18.01 19.28 19.28 22.11 23.50 24.09 21.01 20.59 18.99 16.55 15.95 11.71 11.37 9.85 13.31 14.95 13.87 17.97 18.27 20.79 20.63 24.27 23.98 27.06 25.95 27.79 26.49 28.05 25.21 22.32 22.34 21.86 19.99 17.21 19.56 18.42 15.15 14.91 16.40 17.68 17.21 18.20 21.10 23.53 24.34 25.11 26.07 
32.14 31.35 28.91 27.86 25.65 22.97 22.25 17.87 16.73 12.78 14.10 9.13 7.98 6.59 6.57 0.00 5.99 7.59 7.29 9.16 8.69 11.41 11.52 12.05 12.37 16.30 17.23 17.08 20.69 21.73 22.06 19.71 19.83 19.01 14.73 14.95 10.26 10.76 9.64 13.34 14.66 14.99 17.33 17.29 20.16 19.71 22.82 22.91 25.40 24.24 25.79 25.19 26.64 23.43 19.99 19.95 20.01 17.70 15.12 16.92 15.65 12.28 12.96 13.64 17.59 17.77 19.72 21.61 24.88 25.76 25.30 26.64 
30.75 29.42 25.69 24.29 22.98 19.85 19.80 14.84 14.87 9.93 12.29 8.25 8.07 5.74 7.87 5.99 2.80 6.41 9.11 7.75 7.95 9.45 11.90 10.45 11.37 13.67 15.71 14.54 18.25 19.23 19.31 17.75 18.53 17.61 12.32 12.73 8.32 10.56 7.00 11.79 13.97 12.91 15.33 14.26 17.83 17.48 20.53 19.72 23.45 21.64 23.64 22.44 24.51 21.01 16.95 17.74 17.95 15.48 11.51 15.07 14.37 10.38 11.28 11.86 15.23 15.56 17.85 19.62 22.28 23.39 24.24 27.28 
31.57 30.20 26.85 25.71 24.17 21.26 20.60 16.37 15.50 12.27 13.61 8.18 10.59 9.16 7.90 7.59 6.41 2.00 7.18 8.38 7.62 8.16 10.48 11.95 11.63 12.84 16.18 16.46 18.94 20.49 21.08 18.60 18.62 16.69 10.90 10.00 7.40 7.41 5.72 11.30 13.54 13.51 15.19 15.88 18.85 18.70 22.12 22.05 24.94 23.78 25.13 24.16 25.19 21.71 18.30 19.00 19.08 16.80 12.96 16.00 15.11 12.71 13.50 14.89 17.66 17.21 20.49 21.92 24.07 25.11 25.94 28.63 
31.90 31.76 28.83 27.58 25.15 23.10 22.55 18.60 16.39 13.73 14.36 10.75 11.46 11.29 9.42 7.29 9.11 7.18 5.50 5.95 8.55 7.08 7.74 9.13 12.09 12.25 14.47 15.70 18.76 19.89 21.54 19.15 18.49 17.08 12.96 13.35 11.17 11.65 10.77 13.99 14.66 14.65 16.55 17.09 18.77 18.60 22.15 22.43 25.20 24.02 25.67 23.90 25.30 22.07 19.30 19.00 19.93 17.22 15.43 16.61 16.42 12.95 15.73 15.81 18.13 17.91 20.12 21.35 23.68 25.41 26.30 27.62 
30.29 29.12 26.37 25.19 23.09 19.98 20.58 16.05 15.26 12.55 14.37 8.95 10.21 10.41 10.98 9.16 7.75 8.38 5.95 3.60 5.94 7.72 6.72 7.08 9.35 11.89 12.23 12.50 17.24 18.54 18.76 16.55 16.54 15.78 11.18 12.33 10.20 11.93 11.72 14.25 14.20 14.08 15.20 14.11 17.36 16.48 20.28 20.08 22.87 21.17 22.87 21.24 22.76 19.84 16.51 16.93 17.35 13.68 11.53 14.21 12.39 9.01 11.60 13.13 16.41 16.53 19.90 20.66 22.35 24.48 24.69 27.37 
28.34 26.57 22.65 21.26 20.78 18.14 17.74 13.67 14.06 10.82 12.30 7.71 10.43 9.88 11.30 8.69 7.95 7.62 8.55 5.94 3.85 6.71 8.54 6.66 7.05 9.23 11.65 10.72 14.61 15.86 16.30 14.43 14.16 13.71 9.23 10.44 8.19 10.91 10.79 13.32 13.92 11.92 12.78 11.66 15.38 14.89 18.08 17.71 20.81 18.77 20.41 18.69 20.31 16.96 12.93 13.72 15.20 10.16 8.56 12.04 12.64 7.39 10.62 11.81 14.89 14.40 18.02 17.79 21.19 22.36 23.64 25.32 
28.90 27.73 24.83 23.93 22.60 19.41 20.02 16.55 16.27 13.75 15.94 12.58 14.34 12.51 13.22 11.41 9.45 8.16 7.08 7.72 6.71 2.97 6.79 7.94 6.89 6.46 10.44 12.10 13.60 14.48 16.12 14.34 14.11 13.09 8.52 10.47 9.60 12.61 12.07 16.58 16.12 15.14 15.61 14.71 16.99 16.22 18.27 18.42 21.18 19.63 21.24 19.75 21.15 18.51 15.58 15.92 16.71 14.62 11.94 14.63 14.26 12.91 13.87 16.32 18.29 18.02 20.90 21.53 22.92 24.35 25.15 27.31 
28.46 28.02 26.27 25.36 22.66 20.20 20.13 17.57 15.65 13.36 16.21 13.93 14.45 14.17 13.92 11.52 11.90 10.48 7.74 6.72 8.54 6.79 5.68 6.55 8.86 7.87 8.52 10.54 13.70 15.16 15.43 14.66 14.25 14.76 11.14 14.36 13.74 16.16 15.88 18.59 18.24 16.71 16.87 15.59 16.27 14.87 17.31 17.04 20.12 17.95 19.91 17.96 20.66 17.29 15.34 15.10 17.39 12.65 13.77 14.81 14.38 11.54 15.74 16.96 18.46 18.08 20.24 20.39 23.34 23.84 25.17 25.06 
26.20 25.34 23.70 23.17 19.63 16.51 17.26 13.92 13.69 11.49 13.99 10.70 12.02 12.86 13.93 12.05 10.45 11.95 9.13 7.08 6.66 7.94 6.55 2.10 5.77 7.67 7.77 7.96 11.40 13.95 11.94 11.16 11.88 12.76 9.44 13.20 13.13 15.23 14.98 17.71 16.88 14.77 14.59 11.88 14.16 12.30 15.11 15.09 17.03 15.27 16.79 16.16 17.89 14.18 11.12 13.09 12.64 6.94 8.03 12.55 9.94 6.33 11.76 15.22 16.25 15.69 18.98 20.02 21.71 23.19 23.43 25.14 
25.67 24.46 22.15 21.39 18.96 16.49 16.20 13.62 14.34 11.83 13.15 10.50 12.65 12.38 15.02 12.37 11.37 11.63 12.09 9.35 7.05 6.89 8.86 5.77 2.51 6.50 8.43 7.51 9.83 12.28 10.20 10.33 10.86 11.09 8.79 12.92 13.27 15.31 15.26 17.31 16.49 13.86 13.14 10.13 12.71 11.94 14.15 13.40 15.36 13.64 15.47 14.61 16.59 12.95 9.82 11.84 14.06 8.39 8.27 12.09 12.99 9.69 13.18 15.09 16.72 16.02 18.34 17.73 20.93 21.94 23.15 23.73 
26.27 25.68 23.77 23.47 20.87 18.42 18.26 16.18 17.24 15.76 17.41 15.71 16.72 16.79 18.01 16.30 13.67 12.84 12.25 11.89 9.23 6.46 7.87 7.67 6.50 1.77 8.38 8.09 9.78 11.44 12.61 10.97 12.10 12.11 11.15 14.80 15.83 18.44 19.46 21.98 20.68 18.02 17.02 13.98 15.28 14.24 16.23 15.39 17.52 16.34 17.87 17.05 18.46 16.30 13.89 14.77 15.45 14.24 12.76 15.66 15.34 15.12 16.51 18.70 20.16 19.32 21.32 21.57 22.66 24.01 25.39 26.17 
25.65 24.94 23.42 23.06 21.21 18.36 18.36 15.63 16.85 15.68 18.07 16.67 17.36 17.64 19.28 17.23 15.71 16.18 14.47 12.23 11.65 10.44 8.52 7.77 8.43 8.38 5.54 6.90 8.96 10.91 10.67 10.78 11.28 13.96 13.05 17.22 17.70 21.00 21.45 23.68 22.55 19.90 18.09 15.33 16.00 14.00 16.08 14.94 17.01 14.01 16.65 15.55 18.11 14.42 13.05 13.87 15.21 11.23 13.37 15.69 15.33 14.43 17.69 18.96 20.16 19.14 20.99 21.00 23.54 23.77 25.05 24.85 
23.60 22.40 20.34 20.07 18.50 15.81 15.73 13.03 15.06 14.30 16.57 15.16 16.37 16.40 19.28 17.08 14.54 16.46 15.70 12.50 10.72 12.10 10.54 7.96 7.51 8.09 6.90 1.36 6.22 8.03 7.18 8.51 9.18 11.24 10.94 16.07 17.05 19.89 21.25 23.57 21.60 18.88 16.83 14.26 14.14 13.03 13.63 12.97 12.62 10.48 13.05 13.48 14.76 10.42 8.40 12.54 12.20 7.09 10.02 15.16 13.98 12.91 16.21 18.93 19.84 18.40 20.76 21.71 22.24 23.19 23.88 24.46 
24.97 23.75 20.89 20.98 20.52 18.18 18.03 16.02 18.22 16.56 18.18 17.38 19.56 19.14 22.11 20.69 18.25 18.94 18.76 17.24 14.61 13.60 13.70 11.40 9.83 9.78 8.96 6.22 4.42 7.22 6.29 7.94 8.90 12.47 12.47 17.82 19.50 22.68 24.54 26.82 24.88 21.65 19.76 16.40 15.77 14.89 14.70 12.61 12.61 11.66 14.34 13.96 16.63 14.37 12.07 13.90 15.98 13.34 14.51 17.67 18.73 17.70 20.26 21.30 22.04 20.40 22.21 21.34 24.13 24.16 25.28 24.56 
24.88 24.17 21.48 21.32 20.68 18.15 17.86 16.01 18.99 17.14 19.29 18.66 20.67 20.41 23.50 21.73 19.23 20.49 19.89 18.54 15.86 14.48 15.16 13.95 12.28 11.44 10.91 8.03 7.22 2.09 6.76 7.61 9.83 12.12 13.75 18.11 19.87 22.54 25.01 27.64 25.17 22.56 20.98 18.24 16.60 14.25 13.93 12.77 13.90 11.88 14.89 15.43 17.93 16.43 13.44 15.78 17.17 16.38 16.06 19.99 20.25 19.79 20.87 22.97 24.14 21.51 23.62 24.14 25.21 25.21 26.14 25.45 
24.65 23.82 21.68 20.70 19.65 17.41 17.73 16.11 18.71 16.69 19.92 18.77 20.50 20.22 24.09 22.06 19.31 21.08 21.54 18.76 16.30 16.12 15.43 11.94 10.20 12.61 10.67 7.18 6.29 6.76 1.76 5.07 6.78 10.61 12.68 16.81 18.64 22.27 23.57 26.33 25.12 22.60 21.21 17.76 16.13 12.46 12.68 12.22 14.00 10.82 14.16 15.75 18.71 15.86 13.38 16.88 18.45 16.14 16.67 20.98 21.39 20.18 21.39 23.49 24.28 21.59 23.10 23.47 25.70 24.73 25.41 24.25 
23.98 22.33 19.70 19.03 17.54 15.18 14.38 13.38 15.31 14.65 17.34 16.47 18.18 18.08 21.01 19.71 17.75 18.60 19.15 16.55 14.43 14.34 14.66 11.16 10.33 10.97 10.78 8.51 7.94 7.61 5.07 1.41 6.08 8.24 9.82 13.10 15.65 18.73 19.94 23.37 21.49 19.60 16.98 14.22 11.69 9.14 8.71 9.56 12.12 10.50 13.53 14.93 18.04 14.89 12.32 15.41 17.36 14.62 14.94 19.16 19.49 18.51 19.68 21.40 22.08 20.12 21.96 22.26 23.21 23.50 24.15 23.24 
25.69 24.15 20.33 19.98 18.72 15.73 14.98 13.39 15.20 14.40 16.88 15.67 18.57 18.22 20.59 19.83 18.53 18.62 18.49 16.54 14.16 14.11 14.25 11.88 10.86 12.10 11.28 9.18 8.90 9.83 6.78 6.08 0.63 7.27 8.78 11.51 14.23 17.39 18.54 21.20 20.63 18.06 14.51 13.01 11.58 9.49 8.16 10.24 13.88 13.55 16.21 16.88 19.09 17.22 14.73 17.07 18.96 17.52 16.78 20.20 21.11 20.66 21.20 21.94 22.75 21.57 23.00 21.51 23.99 24.31 25.43 23.72 
26.11 25.14 21.36 21.06 19.07 16.89 15.23 13.66 14.94 13.27 15.52 15.23 17.39 17.83 18.99 19.01 17.61 16.69 17.08 15.78 13.71 13.09 14.76 12.76 11.09 12.11 13.96 11.24 12.47 12.12 10.61 8.24 7.27 1.08 7.24 8.10 10.09 14.23 15.51 19.16 17.17 15.55 13.29 10.94 10.58 9.25 9.16 11.63 15.45 14.85 16.60 17.70 19.81 17.70 15.12 17.52 19.46 18.25 17.04 20.58 21.23 20.11 20.59 22.27 23.38 21.16 23.10 22.05 23.95 23.97 25.33 23.99 
25.14 24.53 20.72 19.38 17.44 14.51 13.69 11.83 12.59 9.88 12.48 11.78 12.96 13.34 16.55 14.73 12.32 10.90 12.96 11.18 9.23 8.52 11.14 9.44 8.79 11.15 13.05 10.94 12.47 13.75 12.68 9.82 8.78 7.24 1.54 6.93 6.90 9.61 11.08 14.48 14.08 11.93 10.39 8.58 9.20 8.56 10.75 12.26 16.06 14.85 16.10 16.62 19.25 16.80 14.16 16.78 18.67 16.33 14.93 19.31 20.29 18.01 18.27 20.22 21.75 19.03 20.72 21.08 22.90 22.67 23.38 22.65 
26.72 25.70 21.35 20.35 19.81 17.68 16.35 14.51 14.12 12.30 13.45 11.68 13.25 13.68 15.95 14.95 12.73 10.00 13.35 12.33 10.44 10.47 14.36 13.20 12.92 14.80 17.22 16.07 17.82 18.11 16.81 13.10 11.51 8.10 6.93 2.32 6.37 6.82 10.03 12.71 13.07 9.76 10.71 9.23 10.35 11.00 13.99 15.60 20.08 18.70 19.50 19.50 22.01 19.71 16.74 18.57 20.36 18.92 17.42 20.67 21.43 19.54 19.50 20.95 22.47 20.45 22.00 21.88 23.78 24.05 24.69 23.42 
27.73 26.51 21.86 21.27 21.07 18.61 17.44 13.94 13.56 12.31 11.40 7.82 10.47 10.79 11.71 10.26 8.32 7.40 11.17 10.20 8.19 9.60 13.74 13.13 13.27 15.83 17.70 17.05 19.50 19.87 18.64 15.65 14.23 10.09 6.90 6.37 2.33 4.89 6.01 10.11 10.15 8.02 8.68 9.28 10.98 12.11 15.45 16.74 21.27 20.06 22.01 21.13 23.49 20.36 17.74 19.30 21.46 18.98 17.43 20.45 21.80 19.83 19.50 20.36 22.39 20.41 22.21 22.69 24.60 25.01 25.70 24.60 
28.02 26.62 22.35 21.95 21.62 19.77 17.87 15.85 14.29 12.12 11.50 9.74 12.07 10.72 11.37 10.76 10.56 7.41 11.65 11.93 10.91 12.61 16.16 15.23 15.31 18.44 21.00 19.89 22.68 22.54 22.27 18.73 17.39 14.23 9.61 6.82 4.89 1.39 5.22 6.99 8.72 8.49 9.90 8.86 11.84 14.13 17.36 18.78 23.34 22.87 24.02 22.84 24.89 22.60 18.88 20.67 22.42 20.54 18.21 21.47 22.23 19.80 19.30 20.97 22.93 20.42 22.27 22.36 25.40 25.25 25.60 24.29 
26.93 25.77 21.33 20.50 20.37 18.17 15.93 13.72 13.78 10.70 10.76 7.98 9.91 8.44 9.85 9.64 7.00 5.72 10.77 11.72 10.79 12.07 15.88 14.98 15.26 19.46 21.45 21.25 24.54 25.01 23.57 19.94 18.54 15.51 11.08 10.03 6.01 5.22 1.73 6.45 7.71 8.86 10.64 11.25 13.40 15.59 20.19 20.41 23.29 23.75 25.18 24.20 25.87 23.17 19.63 20.82 22.56 20.24 18.29 21.88 22.21 18.59 18.44 20.47 22.48 19.16 21.00 21.89 24.55 24.17 25.01 23.64 
27.15 25.99 20.94 20.38 20.88 19.53 16.82 14.67 15.31 13.31 13.64 11.46 12.99 12.26 13.31 13.34 11.79 11.30 13.99 14.25 13.32 16.58 18.59 17.71 17.31 21.98 23.68 23.57 26.82 27.64 26.33 23.37 21.20 19.16 14.48 12.71 10.11 6.99 6.45 0.00 6.02 5.74 10.19 11.93 13.89 16.09 20.96 22.58 25.67 25.98 27.71 26.89 27.94 25.53 22.43 23.31 24.52 22.31 20.94 23.69 24.15 20.58 20.58 23.06 24.48 22.21 23.50 24.09 26.52 26.44 26.59 24.93 
23.69 21.78 17.85 17.01 18.17 15.71 14.68 12.59 14.63 12.86 12.55 11.66 14.52 13.41 14.95 14.66 13.97 13.54 14.66 14.20 13.92 16.12 18.24 16.88 16.49 20.68 22.55 21.60 24.88 25.17 25.12 21.49 20.63 17.17 14.08 13.07 10.15 8.72 7.71 6.02 0.17 5.22 6.40 10.06 13.37 14.75 20.25 20.47 24.45 24.60 26.59 25.90 27.32 24.95 22.01 22.66 23.74 21.68 20.35 23.21 23.33 20.87 21.15 22.81 23.56 21.56 22.96 23.87 25.29 25.61 26.32 24.77 
21.35 20.01 16.01 15.87 13.96 12.40 9.93 9.36 11.02 10.29 10.10 10.78 13.36 13.76 13.87 14.99 12.91 13.51 14.65 14.08 11.92 15.14 16.71 14.77 13.86 18.02 19.90 18.88 21.65 22.56 22.60 19.60 18.06 15.55 11.93 9.76 8.02 8.49 8.86 5.74 5.22 0.00 6.49 6.81 10.25 12.08 16.11 17.65 21.38 21.78 22.72 22.14 24.45 21.59 17.99 19.45 21.22 18.92 17.31 19.99 20.58 17.98 18.63 20.38 21.61 19.17 20.78 21.21 23.68 23.55 24.29 23.55 
19.86 17.82 14.25 12.87 12.63 8.92 8.14 8.58 12.01 10.77 12.46 12.86 14.73 15.81 17.97 17.33 15.33 15.19 16.55 15.20 12.78 15.61 16.87 14.59 13.14 17.02 18.09 16.83 19.76 20.98 21.21 16.98 14.51 13.29 10.39 10.71 8.68 9.90 10.64 10.19 6.40 6.49 0.00 5.72 8.04 8.76 13.27 14.77 18.38 19.05 20.98 20.14 21.63 20.36 17.35 18.70 20.04 18.24 17.03 20.10 20.47 18.03 18.78 20.18 20.83 18.42 19.43 20.32 22.25 22.85 23.59 22.64 
18.22 17.44 12.87 11.64 9.08 8.02 7.74 7.70 10.86 11.14 13.40 14.28 13.67 15.50 18.27 17.29 14.26 15.88 17.09 14.11 11.66 14.71 15.59 11.88 10.13 13.98 15.33 14.26 16.40 18.24 17.76 14.22 13.01 10.94 8.58 9.23 9.28 8.86 11.25 11.93 10.06 6.81 5.72 0.00 5.69 4.92 9.75 11.75 14.93 15.64 17.73 17.57 19.30 16.50 14.50 16.21 18.14 16.00 15.22 18.36 19.00 16.46 16.89 18.95 19.66 17.56 18.72 19.41 21.70 22.42 22.14 21.99 
16.85 14.75 12.04 9.23 7.64 6.77 10.98 9.78 12.35 12.89 15.75 15.82 17.55 17.00 20.79 20.16 17.83 18.85 18.77 17.36 15.38 16.99 16.27 14.16 12.71 15.28 16.00 14.14 15.77 16.60 16.13 11.69 11.58 10.58 9.20 10.35 10.98 11.84 13.40 13.89 13.37 10.25 8.04 5.69 2.83 5.55 7.53 9.32 12.84 13.88 15.91 16.15 17.72 15.84 13.76 15.86 17.54 16.21 15.56 18.54 19.41 17.63 18.24 19.36 19.97 17.68 19.05 19.25 20.18 21.22 22.28 21.91 
15.39 13.83 10.21 9.33 7.05 6.61 9.65 11.14 12.57 13.78 15.32 15.67 17.64 17.85 20.63 19.71 17.48 18.70 18.60 16.48 14.89 16.22 14.87 12.30 11.94 14.24 14.00 13.03 14.89 14.25 12.46 9.14 9.49 9.25 8.56 11.00 12.11 14.13 15.59 16.09 14.75 12.08 8.76 4.92 5.55 1.07 4.41 5.14 9.57 10.86 11.56 12.03 14.66 12.44 10.74 13.57 15.49 14.26 13.85 17.49 17.92 16.77 17.27 18.90 19.41 16.92 17.73 18.60 20.44 21.16 21.21 21.32 
16.08 13.59 11.42 9.87 10.48 8.93 12.84 12.90 16.33 16.42 19.49 19.69 20.54 20.82 24.27 22.82 20.53 22.12 22.15 20.28 18.08 18.27 17.31 15.11 14.15 16.23 16.08 13.63 14.70 13.93 12.68 8.71 8.16 9.16 10.75 13.99 15.45 17.36 20.19 20.96 20.25 16.11 13.27 9.75 7.53 4.41 2.89 5.38 7.35 9.92 12.37 12.88 13.29 13.63 12.26 14.37 16.47 16.13 16.36 19.49 19.83 18.53 19.68 20.60 20.64 17.86 18.88 19.66 21.21 21.75 22.48 22.19 
15.35 13.28 10.63 9.46 8.65 7.85 11.84 13.35 15.15 15.64 19.08 19.36 20.30 20.99 23.98 22.91 19.72 22.05 22.43 20.08 17.71 18.42 17.04 15.09 13.40 15.39 14.94 12.97 12.61 12.77 12.22 9.56 10.24 11.63 12.26 15.60 16.74 18.78 20.41 22.58 20.47 17.65 14.77 11.75 9.32 5.14 5.38 0.46 6.21 6.75 8.98 10.16 12.31 11.32 10.24 12.73 14.96 15.54 15.04 18.61 18.93 18.23 18.27 19.62 19.63 16.94 17.85 19.01 20.87 22.19 21.82 21.63 
16.55 14.80 12.13 11.79 12.40 10.62 14.65 15.08 18.60 18.42 21.71 22.41 24.36 23.86 27.06 25.40 23.45 24.94 25.20 22.87 20.81 21.18 20.12 17.03 15.36 17.52 17.01 12.62 12.61 13.90 14.00 12.12 13.88 15.45 16.06 20.08 21.27 23.34 23.29 25.67 24.45 21.38 18.38 14.93 12.84 9.57 7.35 6.21 3.11 6.33 7.29 8.72 10.93 10.93 9.91 13.06 14.65 15.24 15.56 18.99 20.11 19.39 19.54 20.57 20.92 18.57 19.61 19.73 21.30 22.62 23.18 22.91 
15.97 14.35 11.33 11.05 12.15 12.42 13.55 14.43 17.32 17.99 20.89 21.21 22.88 22.70 25.95 24.24 21.64 23.78 24.02 21.17 18.77 19.63 17.95 15.27 13.64 16.34 14.01 10.48 11.66 11.88 10.82 10.50 13.55 14.85 14.85 18.70 20.06 22.87 23.75 25.98 24.60 21.78 19.05 15.64 13.88 10.86 9.92 6.75 6.33 1.53 5.30 6.90 7.64 7.32 7.68 10.80 11.43 11.74 13.04 16.92 17.61 17.21 17.81 18.93 19.30 16.85 17.95 18.81 20.37 21.33 21.73 21.55 
17.13 15.11 13.57 12.30 14.92 11.89 15.21 14.66 19.10 19.58 22.94 23.06 24.65 24.06 27.79 25.79 23.64 25.13 25.67 22.87 20.41 21.24 19.91 16.79 15.47 17.87 16.65 13.05 14.34 14.89 14.16 13.53 16.21 16.60 16.10 19.50 22.01 24.02 25.18 27.71 26.59 22.72 20.98 17.73 15.91 11.56 12.37 8.98 7.29 5.30 3.31 5.77 6.23 6.38 7.53 9.44 10.76 11.90 13.61 17.35 19.07 18.01 18.82 19.98 19.97 17.27 18.72 18.65 20.53 21.55 22.32 22.11 
16.17 14.43 12.16 12.04 12.37 9.89 12.69 14.12 17.21 17.61 21.41 21.97 23.89 23.43 26.49 25.19 22.44 24.16 23.90 21.24 18.69 19.75 17.96 16.16 14.61 17.05 15.55 13.48 13.96 15.43 15.75 14.93 16.88 17.70 16.62 19.50 21.13 22.84 24.20 26.89 25.90 22.14 20.14 17.57 16.15 12.03 12.88 10.16 8.72 6.90 5.77 0.32 6.18 7.14 6.28 7.42 9.12 11.02 11.29 14.42 16.21 16.11 17.07 17.58 17.32 13.66 15.77 15.99 18.66 20.19 20.87 20.32 
18.44 16.83 14.74 14.38 15.85 13.85 16.09 15.98 20.25 19.74 22.89 23.44 25.46 25.05 28.05 26.64 24.51 25.19 25.30 22.76 20.31 21.15 20.66 17.89 16.59 18.46 18.11 14.76 16.63 17.93 18.71 18.04 19.09 19.81 19.25 22.01 23.49 24.89 25.87 27.94 27.32 24.45 21.63 19.30 17.72 14.66 13.29 12.31 10.93 7.64 6.23 6.18 2.55 6.45 7.60 7.01 7.60 10.06 11.58 13.84 15.46 16.53 17.90 19.16 19.03 16.24 18.12 17.11 19.29 21.05 22.08 22.18 
17.51 16.91 14.32 14.29 14.59 13.87 14.87 14.95 18.59 17.76 20.52 20.43 22.60 21.73 25.21 23.43 21.01 21.71 22.07 19.84 16.96 18.51 17.29 14.18 12.95 16.30 14.42 10.42 14.37 16.43 15.86 14.89 17.22 17.70 16.80 19.71 20.36 22.60 23.17 25.53 24.95 21.59 20.36 16.50 15.84 12.44 13.63 11.32 10.93 7.32 6.38 7.14 6.45 0.50 5.63 7.47 5.90 7.02 8.78 12.27 12.57 13.08 15.13 17.01 16.08 14.77 16.37 16.60 18.51 19.24 20.05 20.34 
17.51 16.21 14.98 13.94 13.69 11.93 13.73 12.05 15.82 15.33 18.23 17.53 19.05 18.29 22.32 19.99 16.95 18.30 19.30 16.51 12.93 15.58 15.34 11.12 9.82 13.89 13.05 8.40 12.07 13.44 13.38 12.32 14.73 15.12 14.16 16.74 17.74 18.88 19.63 22.43 22.01 17.99 17.35 14.50 13.76 10.74 12.26 10.24 9.91 7.68 7.53 6.28 7.60 5.63 0.90 5.36 7.32 6.53 7.43 10.23 11.89 11.61 12.87 14.44 12.86 10.55 13.54 14.09 16.88 18.07 19.38 19.63 
19.05 18.35 15.69 15.25 14.70 13.64 14.42 12.82 15.56 16.07 18.32 17.52 18.81 18.97 22.34 19.95 17.74 19.00 19.00 16.93 13.72 15.92 15.10 13.09 11.84 14.77 13.87 12.54 13.90 15.78 16.88 15.41 17.07 17.52 16.78 18.57 19.30 20.67 20.82 23.31 22.66 19.45 18.70 16.21 15.86 13.57 14.37 12.73 13.06 10.80 9.44 7.42 7.01 7.47 5.36 0.00 5.56 7.42 5.77 7.72 9.64 11.01 11.65 13.21 11.05 9.54 12.06 14.46 17.33 19.06 19.77 19.63 
21.09 20.21 17.82 16.98 16.99 15.72 17.01 14.75 16.77 16.15 18.44 17.76 19.27 19.00 21.86 20.01 17.95 19.08 19.93 17.35 15.20 16.71 17.39 12.64 14.06 15.45 15.21 12.20 15.98 17.17 18.45 17.36 18.96 19.46 18.67 20.36 21.46 22.42 22.56 24.52 23.74 21.22 20.04 18.14 17.54 15.49 16.47 14.96 14.65 11.43 10.76 9.12 7.60 5.90 7.32 5.56 2.06 5.86 7.39 6.52 7.98 10.01 12.68 13.20 13.88 12.18 15.40 16.02 18.55 20.30 21.49 22.65 
20.87 20.40 17.84 17.26 16.17 15.03 15.99 13.80 16.22 14.51 17.07 15.74 16.95 16.63 19.99 17.70 15.48 16.80 17.22 13.68 10.16 14.62 12.65 6.94 8.39 14.24 11.23 7.09 13.34 16.38 16.14 14.62 17.52 18.25 16.33 18.92 18.98 20.54 20.24 22.31 21.68 18.92 18.24 16.00 16.21 14.26 16.13 15.54 15.24 11.74 11.90 11.02 10.06 7.02 6.53 7.42 5.86 0.99 5.39 7.70 6.61 7.78 10.31 11.64 11.30 11.80 14.11 17.44 18.97 20.14 21.00 21.51 
20.81 19.94 17.55 16.58 15.09 13.37 14.35 11.53 14.44 12.42 15.34 13.24 14.03 13.26 17.21 15.12 11.51 12.96 15.43 11.53 8.56 11.94 13.77 8.03 8.27 12.76 13.37 10.02 14.51 16.06 16.67 14.94 16.78 17.04 14.93 17.42 17.43 18.21 18.29 20.94 20.35 17.31 17.03 15.22 15.56 13.85 16.36 15.04 15.56 13.04 13.61 11.29 11.58 8.78 7.43 5.77 7.39 5.39 3.09 6.29 7.60 6.49 9.66 9.05 7.50 7.98 12.97 15.18 17.08 18.63 19.68 20.79 
23.90 22.61 19.91 18.85 18.17 17.26 16.75 14.77 16.16 16.03 16.33 15.45 16.46 16.53 19.56 16.92 15.07 16.00 16.61 14.21 12.04 14.63 14.81 12.55 12.09 15.66 15.69 15.16 17.67 19.99 20.98 19.16 20.20 20.58 19.31 20.67 20.45 21.47 21.88 23.69 23.21 19.99 20.10 18.36 18.54 17.49 19.49 18.61 18.99 16.92 17.35 14.42 13.84 12.27 10.23 7.72 6.52 7.70 6.29 0.54 6.79 8.41 8.51 10.39 9.05 9.92 13.83 18.65 18.82 21.46 22.21 22.44 
25.18 24.16 20.59 19.48 19.07 17.36 17.68 15.53 16.70 14.85 14.71 13.65 15.87 15.35 18.42 15.65 14.37 15.11 16.42 12.39 12.64 14.26 14.38 9.94 12.99 15.34 15.33 13.98 18.73 20.25 21.39 19.49 21.11 21.23 20.29 21.43 21.80 22.23 22.21 24.15 23.33 20.58 20.47 19.00 19.41 17.92 19.83 18.93 20.11 17.61 19.07 16.21 15.46 12.57 11.89 9.64 7.98 6.61 7.60 6.79 1.38 6.62 8.39 8.74 10.44 10.31 14.41 17.90 19.25 20.61 20.90 25.07 
24.58 23.02 20.13 18.82 17.90 16.53 16.43 14.40 13.92 12.77 12.39 11.34 12.34 11.97 15.15 12.28 10.38 12.71 12.95 9.01 7.39 12.91 11.54 6.33 9.69 15.12 14.43 12.91 17.70 19.79 20.18 18.51 20.66 20.11 18.01 19.54 19.83 19.80 18.59 20.58 20.87 17.98 18.03 16.46 17.63 16.77 18.53 18.23 19.39 17.21 18.01 16.11 16.53 13.08 11.61 11.01 10.01 7.78 6.49 8.41 6.62 0.00 5.65 7.20 8.40 9.35 12.17 18.34 17.67 18.29 20.12 21.83 
24.89 24.47 22.72 20.34 18.03 16.52 17.50 13.49 12.43 10.08 12.19 9.19 11.55 11.08 14.91 12.96 11.28 13.50 15.73 11.60 10.62 13.87 15.74 11.76 13.18 16.51 17.69 16.21 20.26 20.87 21.39 19.68 21.20 20.59 18.27 19.50 19.50 19.30 18.44 20.58 21.15 18.63 18.78 16.89 18.24 17.27 19.68 18.27 19.54 17.81 18.82 17.07 17.90 15.13 12.87 11.65 12.68 10.31 9.66 8.51 8.39 5.65 1.72 6.02 8.85 7.99 13.08 15.64 18.75 17.90 19.82 21.43 
24.32 23.26 21.93 20.07 18.50 17.88 16.41 13.52 11.34 10.76 9.11 8.61 10.92 11.81 16.40 13.64 11.86 14.89 15.81 13.13 11.81 16.32 16.96 15.22 15.09 18.70 18.96 18.93 21.30 22.97 23.49 21.40 21.94 22.27 20.22 20.95 20.36 20.97 20.47 23.06 22.81 20.38 20.18 18.95 19.36 18.90 20.60 19.62 20.57 18.93 19.98 17.58 19.16 17.01 14.44 13.21 13.20 11.64 9.05 10.39 8.74 7.20 6.02 0.98 6.81 7.92 10.71 16.35 16.62 17.08 18.83 21.39 
22.97 22.54 20.76 19.46 17.14 14.26 14.03 10.50 10.56 7.85 7.29 9.52 13.17 13.91 17.68 17.59 15.23 17.66 18.13 16.41 14.89 18.29 18.46 16.25 16.72 20.16 20.16 19.84 22.04 24.14 24.28 22.08 22.75 23.38 21.75 22.47 22.39 22.93 22.48 24.48 23.56 21.61 20.83 19.66 19.97 19.41 20.64 19.63 20.92 19.30 19.97 17.32 19.03 16.08 12.86 11.05 13.88 11.30 7.50 9.05 10.44 8.40 8.85 6.81 2.17 5.88 9.09 11.01 14.52 15.06 17.67 25.99 
22.49 20.84 19.67 17.24 13.94 13.96 12.46 8.51 6.51 7.74 8.38 9.84 12.19 13.74 17.21 17.77 15.56 17.21 17.91 16.53 14.40 18.02 18.08 15.69 16.02 19.32 19.14 18.40 20.40 21.51 21.59 20.12 21.57 21.16 19.03 20.45 20.41 20.42 19.16 22.21 21.56 19.17 18.42 17.56 17.68 16.92 17.86 16.94 18.57 16.85 17.27 13.66 16.24 14.77 10.55 9.54 12.18 11.80 7.98 9.92 10.31 9.35 7.99 7.92 5.88 0.00 4.56 8.09 10.98 12.81 14.11 22.71 
24.07 23.37 22.01 18.39 15.58 14.22 14.16 9.00 7.20 9.10 10.66 12.29 14.63 16.48 18.20 19.72 17.85 20.49 20.12 19.90 18.02 20.90 20.24 18.98 18.34 21.32 20.99 20.76 22.21 23.62 23.10 21.96 23.00 23.10 20.72 22.00 22.21 22.27 21.00 23.50 22.96 20.78 19.43 18.72 19.05 17.73 18.88 17.85 19.61 17.95 18.72 15.77 18.12 16.37 13.54 12.06 15.40 14.11 12.97 13.83 14.41 12.17 13.08 10.71 9.09 4.56 2.74 5.99 10.26 11.40 15.07 20.84 
23.51 22.45 21.14 19.06 17.72 16.48 16.07 13.14 12.15 13.13 14.61 15.50 16.83 18.19 21.10 21.61 19.62 21.92 21.35 20.66 17.79 21.53 20.39 20.02 17.73 21.57 21.00 21.71 21.34 24.14 23.47 22.26 21.51 22.05 21.08 21.88 22.69 22.36 21.89 24.09 23.87 21.21 20.32 19.41 19.25 18.60 19.66 19.01 19.73 18.81 18.65 15.99 17.11 16.60 14.09 14.46 16.02 17.44 15.18 18.65 17.90 18.34 15.64 16.35 11.01 8.09 5.99 2.19 4.02 7.25 10.04 16.73 
21.79 21.19 20.75 19.21 16.82 14.73 15.60 13.16 14.64 14.61 16.37 17.53 17.80 21.73 23.53 24.88 22.28 24.07 23.68 22.35 21.19 22.92 23.34 21.71 20.93 22.66 23.54 22.24 24.13 25.21 25.70 23.21 23.99 23.95 22.90 23.78 24.60 25.40 24.55 26.52 25.29 23.68 22.25 21.70 20.18 20.44 21.21 20.87 21.30 20.37 20.53 18.66 19.29 18.51 16.88 17.33 18.55 18.97 17.08 18.82 19.25 17.67 18.75 16.62 14.52 10.98 10.26 4.02 0.00 0.14 5.68 15.32 
22.30 22.01 21.06 19.59 17.17 17.09 16.96 15.19 16.17 16.85 19.30 20.76 20.44 20.66 24.34 25.76 23.39 25.11 25.41 24.48 22.36 24.35 23.84 23.19 21.94 24.01 23.77 23.19 24.16 25.21 24.73 23.50 24.31 23.97 22.67 24.05 25.01 25.25 24.17 26.44 25.61 23.55 22.85 22.42 21.22 21.16 21.75 22.19 22.62 21.33 21.55 20.19 21.05 19.24 18.07 19.06 20.30 20.14 18.63 21.46 20.61 18.29 17.90 17.08 15.06 12.81 11.40 7.25 0.14 0.00 2.64 9.23 
24.19 23.45 22.82 22.11 20.46 19.63 19.96 18.16 18.87 19.84 20.84 21.24 21.61 22.77 25.11 25.30 24.24 25.94 26.30 24.69 23.64 25.15 25.17 23.43 23.15 25.39 25.05 23.88 25.28 26.14 25.41 24.15 25.43 25.33 23.38 24.69 25.70 25.60 25.01 26.59 26.32 24.29 23.59 22.14 22.28 21.21 22.48 21.82 23.18 21.73 22.32 20.87 22.08 20.05 19.38 19.77 21.49 21.00 19.68 22.21 20.90 20.12 19.82 18.83 17.67 14.11 15.07 10.04 5.68 2.64 0.00 11.73 
30.24 33.44 27.82 28.61 27.93 28.35 24.95 24.38 23.46 24.15 24.22 23.81 24.90 24.88 26.07 26.64 27.28 28.63 27.62 27.37 25.32 27.31 25.06 25.14 23.73 26.17 24.85 24.46 24.56 25.45 24.25 23.24 23.72 23.99 22.65 23.42 24.60 24.29 23.64 24.93 24.77 23.55 22.64 21.99 21.91 21.32 22.19 21.63 22.91 21.55 22.11 20.32 22.18 20.34 19.63 19.63 22.65 21.51 20.79 22.44 25.07 21.83 21.43 21.39 25.99 22.71 20.84 16.73 15.32 9.23 11.73 21.14 
