1.91 5.30 8.01 9.07 10.74 12.29 14.01 15.97 19.01 21.07 23.45 26.54 29.12 30.07 28.78 28.05 27.88 27.81 25.21 24.22 24.87 23.25 20.12 18.83 20.23 18.36 16.05 15.97 15.85 15.93 15.25 14.83 15.67 16.05 17.31 19.73 22.92 25.78 28.17 30.37 32.18 33.87 33.40 32.31 31.96 32.96 31.49 29.84 30.00 30.90 29.55 27.81 28.72 29.02 27.63 26.37 27.59 26.38 26.19 25.12 26.65 25.57 25.84 26.08 26.42 24.90 24.53 22.54 21.67 21.71 23.47 23.03 23.56 23.60 24.69 25.87 27.51 28.48 29.48 29.93 28.73 26.99 25.87 24.77 23.08 21.88 22.48 21.44 21.66 20.75 21.19 20.48 21.86 22.22 23.97 24.79 27.30 28.77 29.50 29.54 28.62 27.93 28.76 28.76 27.35 26.73 25.57 24.48 22.52 22.36 21.37 20.45 19.25 20.03 18.26 16.87 15.76 16.63 15.28 14.34 15.16 16.16 15.77 15.76 17.81 19.78 21.96 24.27 26.98 30.03 32.15 33.43 33.89 35.08 34.12 33.10 32.09 32.74 31.06 30.05 29.90 28.73 27.37 26.96 27.54 26.41 26.40 25.76 26.46 26.38 27.71 28.23 29.91 31.25 32.81 33.62 33.00 32.77 33.15 32.95 33.32 33.84 34.26 34.69 35.77 35.16 34.17 34.23 35.09 34.49 34.17 33.12 31.81 31.81 30.60 29.60 28.35 28.32 27.13 27.74 26.13 23.54 23.09 24.31 22.66 20.77 21.44 23.08 21.93 20.99 22.16 23.00 23.88 23.33 24.35 24.46 26.63 32.60 
5.30 0.07 4.23 6.22 9.54 10.35 12.12 14.14 17.40 19.87 22.40 25.07 28.46 29.22 28.65 27.09 27.39 26.68 24.52 22.57 23.91 22.07 18.93 17.68 19.98 17.44 14.97 14.98 15.70 14.15 12.81 14.32 14.49 15.23 15.92 18.88 22.69 25.11 27.91 29.81 32.09 33.47 33.17 31.46 31.47 32.33 30.96 28.58 29.03 30.13 28.63 26.45 27.58 27.91 26.43 24.79 26.67 25.14 24.87 23.94 25.77 24.41 24.46 25.55 25.67 24.20 23.30 21.77 20.86 20.73 22.33 21.86 22.58 22.55 24.14 24.92 26.92 27.46 29.05 29.44 27.84 25.70 24.66 23.78 21.71 20.35 20.60 20.17 20.06 19.28 19.34 18.79 20.20 20.80 22.66 23.38 26.03 27.65 28.45 28.65 27.54 26.87 28.05 27.76 25.94 25.23 24.73 23.23 21.35 21.20 20.73 19.39 18.10 19.40 17.10 16.21 15.43 16.44 14.08 12.74 13.89 14.93 14.32 14.48 16.68 18.69 21.54 23.52 26.46 29.62 32.06 32.82 33.30 34.46 33.73 32.15 31.55 31.88 29.76 28.52 29.01 27.63 25.56 25.42 26.26 24.90 24.97 24.56 25.47 25.01 26.53 27.33 28.97 30.35 32.15 32.96 32.27 31.87 32.43 32.06 32.39 32.53 33.10 33.32 34.96 33.93 33.40 33.39 35.07 33.53 33.41 31.75 30.96 30.28 29.63 28.38 27.33 26.90 25.75 26.73 24.99 21.75 21.42 23.17 21.46 18.61 19.80 21.55 20.10 19.01 21.32 21.84 22.03 21.98 22.50 23.44 24.22 31.90 
8.01 4.23 0.00 3.90 7.35 9.05 9.88 12.60 15.91 17.82 20.16 23.16 25.60 27.31 26.99 25.72 24.60 24.75 22.53 20.71 21.07 19.77 16.93 15.93 18.08 16.26 13.36 13.82 14.10 12.68 10.83 12.06 12.67 13.51 13.75 16.69 20.39 22.99 25.54 27.52 29.73 31.87 31.77 30.03 29.51 30.66 29.36 26.73 26.80 28.08 26.88 24.26 25.35 25.65 24.48 22.23 23.81 22.24 22.62 21.51 23.61 22.32 22.54 23.62 24.66 23.04 22.18 20.52 19.47 19.38 20.72 20.22 21.06 21.18 23.14 23.58 24.79 25.69 27.51 27.49 25.42 23.47 22.62 21.80 19.48 18.17 18.85 17.77 16.82 16.14 16.46 16.05 17.73 18.47 20.58 20.99 23.74 25.39 26.27 26.15 25.21 24.77 26.05 25.62 23.32 22.66 22.24 20.55 18.59 18.76 18.12 16.50 15.79 16.68 14.51 13.75 14.54 14.78 12.29 10.61 12.55 12.34 12.30 12.11 14.76 16.97 19.42 21.42 23.97 27.23 29.78 30.44 30.85 32.34 31.36 29.83 28.92 29.35 27.23 26.01 26.39 24.66 23.09 22.68 24.00 22.25 22.88 22.07 23.37 22.92 24.70 25.21 27.49 28.55 30.74 31.20 31.17 30.38 31.20 30.49 31.11 30.98 31.78 31.94 33.78 32.72 32.32 32.47 34.15 32.47 31.64 29.82 28.71 28.42 27.41 26.02 24.41 24.40 23.08 24.05 21.85 18.77 18.46 20.34 18.34 16.03 17.52 19.61 18.15 17.59 19.06 20.92 21.17 19.21 22.61 22.79 24.67 29.44 
9.07 6.22 3.90 0.00 4.49 7.43 9.05 12.14 15.09 17.49 20.53 23.60 25.49 27.33 26.93 25.36 24.20 24.26 22.72 20.64 20.79 19.52 16.85 15.89 18.08 15.92 13.68 13.02 13.95 12.12 10.72 9.98 11.07 12.73 13.93 16.26 19.71 22.96 25.33 27.29 29.18 31.43 31.34 29.70 28.57 29.70 28.25 25.82 25.63 26.76 25.16 22.91 23.88 24.11 22.66 20.57 22.24 20.93 21.14 20.33 22.52 21.56 21.68 22.60 23.60 22.15 21.45 19.24 18.55 17.79 19.67 19.00 20.17 20.38 22.49 23.24 24.39 25.34 26.62 26.86 24.65 23.18 21.80 20.66 18.00 16.96 16.92 15.63 14.79 12.90 14.28 13.71 16.13 16.48 18.90 19.19 22.34 23.88 24.57 25.19 24.69 24.28 25.26 25.13 22.59 22.56 21.91 20.60 18.57 18.63 18.65 16.32 15.16 16.95 15.45 13.13 14.01 14.78 12.31 9.95 11.21 11.03 10.75 10.72 13.97 16.18 18.71 21.23 23.70 27.11 29.41 30.41 30.62 31.95 30.57 29.17 27.70 27.88 25.41 24.36 24.12 22.68 20.94 20.96 21.72 20.40 21.20 20.51 22.10 22.05 24.00 24.69 26.81 28.01 30.07 30.62 30.47 29.99 30.51 30.11 30.85 30.62 31.20 31.41 33.32 32.26 31.65 31.62 33.36 31.74 30.71 29.04 27.90 27.98 26.58 25.17 23.35 23.51 22.27 22.79 20.13 17.28 17.22 18.54 16.37 13.63 15.34 17.61 16.66 15.91 18.56 18.71 20.25 19.82 22.84 21.44 23.92 30.91 
10.74 9.54 7.35 4.49 0.00 5.90 7.01 10.29 13.84 17.64 20.50 24.29 26.00 28.35 26.62 26.03 25.07 25.42 22.41 20.36 21.43 19.60 15.67 15.07 17.69 15.93 14.19 14.01 14.81 13.15 11.10 9.72 9.27 10.86 12.64 15.11 18.71 22.27 24.72 27.14 28.44 31.02 30.29 28.86 28.06 29.69 27.93 25.59 25.82 27.04 24.90 22.79 24.35 24.74 22.97 21.24 23.56 21.98 21.65 20.80 23.02 21.78 21.60 22.58 23.30 22.45 22.21 19.99 18.43 18.23 19.12 18.61 19.07 19.20 20.31 21.87 23.56 24.84 25.87 26.49 25.18 22.77 21.04 19.54 17.66 16.61 17.22 16.25 16.00 15.14 15.63 14.70 16.11 16.69 18.61 19.49 22.65 24.78 25.33 25.81 24.33 23.52 23.79 23.80 21.94 21.72 20.41 19.55 18.43 17.99 17.16 15.84 16.15 16.66 14.35 11.91 12.78 14.18 12.11 10.44 11.58 10.81 9.19 9.53 11.58 13.92 17.02 19.64 22.14 26.20 27.84 29.37 29.27 30.92 28.85 27.66 26.68 27.28 24.92 24.04 24.32 23.08 21.35 21.49 22.98 21.63 21.81 21.24 22.56 22.35 23.90 24.54 26.58 28.41 30.49 31.10 29.79 29.16 29.35 29.05 29.20 29.68 30.16 30.87 32.19 31.69 30.60 30.84 32.21 31.23 30.60 28.81 27.44 27.51 26.26 24.72 23.27 23.25 21.72 22.83 21.19 17.92 17.97 19.70 17.78 14.68 16.02 17.63 16.57 16.41 19.02 20.02 20.76 22.11 23.56 21.47 22.89 29.48 
12.29 10.35 9.05 7.43 5.90 0.00 5.96 6.84 11.47 13.79 17.37 21.58 23.82 25.83 24.35 23.74 22.85 22.61 19.75 18.14 19.22 17.15 13.56 12.87 16.07 14.54 13.19 13.59 14.60 12.99 10.51 9.58 8.90 8.97 9.57 13.33 16.71 20.03 22.08 25.54 26.39 28.96 27.59 26.74 25.88 27.69 25.57 23.45 23.74 25.40 23.02 20.71 22.48 22.96 21.27 19.67 22.30 20.10 20.05 19.05 21.59 19.98 20.47 22.05 22.93 21.56 21.01 18.46 17.85 16.78 17.64 16.49 17.38 17.30 17.86 19.72 21.39 23.48 24.01 25.14 23.14 20.80 18.98 17.90 15.74 15.26 16.43 15.16 15.69 14.30 14.68 12.68 14.11 14.11 16.38 17.37 20.39 22.85 22.64 23.92 21.81 21.20 21.51 22.72 19.78 19.59 18.22 19.02 15.33 16.46 15.06 15.09 13.18 14.90 12.13 10.20 11.60 12.53 10.46 9.70 11.44 10.05 8.32 7.37 9.88 11.18 14.20 17.40 19.85 23.79 25.55 27.11 26.52 28.53 26.32 25.49 24.31 25.05 22.58 21.01 22.10 20.61 18.89 19.20 21.02 19.58 19.60 19.17 20.27 19.38 20.85 22.28 24.02 26.63 28.10 29.56 27.64 27.53 27.18 27.14 26.97 27.74 27.96 29.09 30.46 29.83 28.88 29.44 30.98 29.74 28.91 27.38 25.78 25.40 24.14 23.15 21.45 21.25 19.17 21.45 19.56 16.13 15.68 17.81 15.76 12.74 13.60 15.78 14.60 14.74 17.54 18.92 19.57 20.03 21.21 21.43 21.46 28.08 
14.01 12.12 9.88 9.05 7.01 5.96 0.00 5.29 6.61 10.19 12.24 16.80 18.49 20.84 20.13 19.50 19.08 18.74 16.12 14.58 15.95 14.97 10.94 10.78 14.02 13.36 11.79 12.85 14.72 13.23 9.84 9.32 8.07 7.25 4.80 9.63 14.11 15.84 17.58 20.13 21.95 24.64 23.67 22.17 22.18 24.06 22.51 19.80 20.87 22.48 20.22 17.57 19.72 20.48 19.44 17.24 20.27 17.94 18.36 17.33 19.55 18.31 18.67 21.07 22.31 20.98 20.24 18.17 16.95 16.21 16.10 14.69 15.04 14.48 15.05 16.24 17.81 19.30 20.60 21.22 20.12 17.52 16.66 15.60 14.22 13.72 15.92 15.09 15.81 14.67 14.64 12.07 12.95 12.81 14.62 15.05 17.95 20.07 19.58 20.73 18.88 17.91 18.22 18.97 16.89 17.00 15.82 15.39 12.79 14.01 13.15 11.60 11.19 12.46 8.89 8.04 9.25 11.87 10.11 8.88 11.95 11.42 8.51 6.70 8.15 9.94 11.00 14.26 16.61 20.21 21.17 22.97 22.33 24.33 22.19 21.29 20.92 21.97 19.40 18.46 19.38 18.09 16.83 17.17 19.75 17.80 17.69 16.75 18.03 16.74 17.94 18.52 20.45 22.88 24.25 25.33 23.99 23.54 23.28 22.98 23.32 23.58 24.19 25.20 26.89 26.22 25.70 26.42 28.30 26.68 25.87 24.11 23.10 22.54 21.42 19.83 18.76 18.09 16.63 18.53 17.52 13.36 13.94 16.05 14.27 10.66 12.61 14.39 13.51 13.27 16.17 17.91 18.04 17.43 19.40 19.20 20.79 26.18 
15.97 14.14 12.60 12.14 10.29 6.84 5.29 0.00 5.27 5.94 10.41 13.67 15.99 17.65 17.41 16.26 15.80 15.46 13.28 12.66 14.36 12.91 10.34 10.15 14.07 13.22 11.72 13.01 15.36 15.14 11.88 10.61 8.38 7.18 6.56 6.89 10.90 13.76 15.53 18.40 20.04 22.68 22.09 20.46 20.30 21.77 20.28 17.91 19.29 20.92 18.54 16.43 18.73 19.77 18.07 16.58 18.92 17.10 17.31 16.33 18.85 18.01 18.34 20.86 22.29 21.16 20.41 18.05 16.89 16.25 16.77 14.58 15.21 13.19 14.06 14.74 16.91 18.41 19.74 19.87 19.02 16.43 15.34 14.59 13.42 13.82 16.14 16.26 17.26 15.66 15.62 13.30 13.74 13.14 14.88 14.92 18.09 19.94 18.73 19.69 18.25 17.47 17.40 17.47 15.56 15.21 14.79 14.12 11.27 12.95 13.26 10.41 10.96 12.38 11.08 7.50 10.71 12.85 12.41 11.80 14.40 13.39 10.89 7.19 7.57 7.40 9.50 11.57 13.52 16.95 19.46 20.57 20.41 22.72 20.12 18.98 18.01 19.14 16.46 16.07 17.33 16.64 15.25 16.47 18.77 17.07 17.24 16.29 16.90 15.66 16.82 17.46 19.02 21.28 22.89 24.07 22.47 22.03 21.56 21.23 21.54 22.07 22.37 23.48 25.03 24.42 23.68 24.61 26.40 25.19 24.33 22.65 21.53 21.32 20.08 17.84 16.86 16.71 15.20 16.86 15.05 11.23 11.97 14.54 12.11 8.62 10.92 14.42 12.97 13.18 16.26 18.14 18.82 17.85 19.23 19.49 20.23 26.15 
19.01 17.40 15.91 15.09 13.84 11.47 6.61 5.27 0.00 5.36 6.75 11.03 12.02 14.61 13.47 13.02 13.53 13.70 11.60 11.31 13.45 13.51 9.79 11.76 15.31 15.09 13.41 15.13 17.40 17.33 15.05 13.48 11.24 9.54 8.22 8.16 8.65 11.22 12.62 14.88 17.03 19.51 19.19 17.77 17.55 19.66 18.07 15.98 16.60 18.68 16.44 14.95 17.24 18.42 17.46 15.67 18.37 16.36 16.43 15.47 17.60 17.64 18.19 21.05 22.33 22.14 21.29 18.90 17.70 17.47 18.12 16.02 15.16 13.59 13.25 13.70 15.16 16.59 17.70 18.42 17.39 15.33 14.37 14.81 13.39 14.70 17.15 18.05 19.00 18.36 18.07 15.90 15.90 14.92 15.85 15.57 18.58 19.86 18.95 18.90 17.04 16.17 16.08 15.36 13.35 13.33 12.68 10.90 10.29 10.86 9.85 7.16 8.73 12.47 8.72 5.84 9.55 13.49 11.86 12.15 15.80 14.86 12.31 9.66 8.53 8.56 8.43 10.44 10.91 14.75 16.92 17.97 17.55 19.52 17.39 16.41 15.27 17.05 14.20 14.44 15.74 15.71 14.48 16.65 18.51 17.18 17.29 16.37 16.88 15.33 15.87 16.37 17.83 19.86 21.11 22.07 20.35 19.94 19.10 18.97 19.34 20.06 19.95 21.07 22.61 21.95 21.22 22.23 24.55 23.36 22.93 21.34 20.41 20.04 18.84 16.85 15.64 16.13 14.22 16.51 15.77 12.49 12.71 14.95 14.05 11.01 12.63 14.43 13.50 13.85 16.64 18.26 18.20 17.56 20.49 20.08 21.40 24.07 
21.07 19.87 17.82 17.49 17.64 13.79 10.19 5.94 5.36 0.00 5.19 7.48 9.87 11.64 10.81 10.34 10.66 11.35 9.37 9.42 11.92 11.39 9.02 10.97 15.57 15.56 14.14 16.32 18.44 18.84 16.55 15.75 13.16 11.14 9.44 8.37 8.60 8.89 10.38 12.61 14.30 17.18 16.77 15.20 15.92 18.08 16.59 14.94 15.35 17.96 16.19 14.78 16.86 18.37 17.56 16.03 18.81 16.46 16.87 15.94 18.05 17.95 19.07 22.19 23.33 22.86 21.85 19.83 18.21 18.35 18.63 16.25 15.20 12.67 12.28 11.92 12.88 14.18 14.97 16.30 15.86 14.33 14.82 15.20 14.24 16.00 18.79 19.59 20.55 20.24 19.85 17.20 17.20 15.91 16.52 15.59 18.24 19.30 17.94 17.77 15.88 14.90 14.59 15.35 11.99 12.42 10.80 11.67 7.60 11.98 11.61 10.97 11.71 15.03 13.45 11.08 13.86 15.93 15.87 15.29 18.55 17.24 15.19 12.23 11.10 8.33 8.83 7.68 9.37 11.33 13.88 14.93 14.40 16.33 14.47 13.81 13.87 16.27 13.80 13.77 15.52 16.30 15.14 16.99 19.15 17.95 18.23 16.97 17.24 14.87 14.96 14.77 15.99 17.44 18.78 19.74 18.00 17.30 16.42 16.27 16.54 17.42 17.29 18.58 20.37 20.03 19.77 20.93 23.35 22.15 21.59 20.03 19.04 18.78 17.46 16.08 14.96 15.51 13.30 16.37 15.90 12.87 12.81 15.28 14.47 12.47 12.93 14.92 14.06 14.41 17.32 18.24 18.66 18.15 19.73 20.01 21.63 24.03 
23.45 22.40 20.16 20.53 20.50 17.37 12.24 10.41 6.75 5.19 1.64 6.57 6.77 9.56 10.02 8.56 9.94 11.29 8.73 9.74 12.45 13.28 10.89 13.11 16.27 18.00 16.75 19.10 20.80 21.28 18.89 18.30 16.01 13.98 11.51 10.04 8.28 7.62 7.80 9.84 11.24 14.45 14.44 12.88 13.98 16.45 14.72 13.18 14.14 17.36 15.27 13.91 16.34 18.52 17.74 16.01 18.99 17.26 17.72 16.65 18.79 18.75 20.00 23.51 24.60 24.02 23.41 21.69 19.74 19.41 19.47 17.16 15.84 13.09 11.90 11.22 11.20 11.59 12.67 14.09 14.45 13.50 15.11 16.24 15.53 17.75 21.24 21.90 22.73 21.92 21.84 19.01 18.88 17.56 18.06 16.46 18.00 18.64 16.95 16.76 15.16 13.20 12.92 11.88 9.35 9.40 9.95 7.75 4.63 9.95 12.07 10.27 9.81 14.27 13.87 13.60 14.29 18.09 18.69 18.16 20.15 20.14 18.81 15.52 13.35 10.99 8.56 7.96 7.47 8.97 10.31 11.74 12.14 14.56 11.83 11.89 12.19 15.71 13.23 13.84 16.10 17.11 16.23 18.06 20.57 19.26 19.23 17.89 17.64 15.26 14.66 14.03 13.87 15.51 16.35 16.91 15.01 14.47 13.83 13.70 13.86 14.44 14.12 15.93 18.45 18.96 18.45 20.12 22.54 21.25 20.81 19.40 18.63 18.60 17.08 15.47 14.93 15.23 13.22 16.19 16.01 13.29 13.67 16.76 15.54 13.28 14.80 16.74 15.77 15.74 18.21 19.57 19.17 18.21 21.24 20.57 21.82 24.36 
26.54 25.07 23.16 23.60 24.29 21.58 16.80 13.67 11.03 7.48 6.57 1.03 5.54 7.62 7.80 6.58 8.68 9.96 7.35 8.97 12.19 13.35 11.61 14.12 18.15 19.68 17.93 20.76 23.37 23.72 21.07 21.03 17.84 16.45 14.10 12.62 9.50 7.49 8.36 8.98 10.48 13.71 14.24 12.89 14.13 16.61 14.13 12.87 14.64 18.08 14.61 14.12 16.88 18.99 17.93 16.41 19.78 18.08 19.12 18.18 20.58 20.61 21.66 24.73 25.81 25.54 25.25 23.73 21.30 21.35 21.32 18.75 17.56 14.59 13.08 11.88 11.89 12.42 13.18 14.91 15.26 15.15 16.81 18.04 17.35 19.67 22.89 23.55 23.86 23.07 23.48 20.64 20.60 18.97 20.10 17.84 19.48 20.11 18.42 18.28 16.47 14.59 13.70 13.33 10.60 11.86 11.00 11.37 9.06 13.91 14.56 13.61 12.94 19.13 17.49 16.25 17.90 21.69 21.68 20.99 22.58 23.09 21.82 18.08 15.19 12.56 10.57 7.97 6.30 7.22 9.63 10.62 10.50 13.63 11.95 11.91 12.39 16.16 13.86 15.16 17.59 18.92 17.85 20.15 22.57 20.77 20.70 19.36 19.20 16.38 15.96 15.00 14.30 15.38 15.86 16.59 14.42 14.13 13.62 13.41 13.50 14.09 13.75 15.76 18.84 18.91 18.52 20.21 22.56 21.34 20.95 19.58 18.77 19.37 17.78 16.21 15.29 16.06 13.82 16.99 16.73 14.54 15.11 18.78 17.23 15.03 16.42 19.25 17.43 17.69 20.52 21.70 21.31 21.00 21.95 22.88 23.07 25.66 
29.12 28.46 25.60 25.49 26.00 23.82 18.49 15.99 12.02 9.87 6.77 5.54 0.40 4.91 5.58 7.61 8.79 10.63 8.80 10.49 13.90 15.40 12.92 16.11 19.81 21.02 18.81 22.02 25.87 26.14 22.59 22.44 20.06 18.00 15.37 13.21 11.13 8.96 7.88 8.24 9.63 12.84 12.77 11.65 13.11 15.68 13.01 11.94 13.31 16.42 13.15 13.34 16.39 18.57 17.97 16.84 19.92 18.81 19.60 19.16 21.87 21.87 22.76 25.75 26.79 26.91 26.77 25.07 22.50 22.35 22.72 20.19 18.56 15.74 13.82 12.76 12.33 12.20 13.23 15.19 15.93 16.03 17.95 19.77 18.94 21.54 24.72 25.27 25.23 24.82 25.29 22.32 22.10 20.60 21.52 19.55 21.00 21.72 20.07 19.75 17.58 15.73 14.50 13.67 11.27 11.65 11.18 11.13 12.09 14.59 14.81 14.54 16.48 20.57 19.94 18.69 20.46 24.55 24.31 23.55 25.62 25.63 23.22 20.17 17.94 15.56 12.92 11.23 8.30 8.15 8.51 9.57 9.92 13.57 12.36 12.69 13.20 17.08 14.99 16.79 19.15 20.18 18.92 21.37 23.86 22.48 22.02 20.54 20.51 17.82 16.80 15.26 14.08 15.21 15.56 15.61 13.21 12.99 12.03 11.36 12.18 12.61 12.61 14.49 18.34 18.56 17.93 19.50 22.16 21.21 20.87 19.63 18.86 19.47 18.29 16.75 15.74 16.52 14.82 17.83 17.55 16.02 16.68 20.00 18.82 17.06 18.93 20.59 19.13 19.36 22.33 23.16 22.28 21.96 24.71 23.40 23.95 25.04 
30.07 29.22 27.31 27.33 28.35 25.83 20.84 17.65 14.61 11.64 9.56 7.62 4.91 0.00 5.32 6.92 8.08 10.57 9.68 11.14 13.62 15.73 13.81 15.85 20.64 21.38 20.13 22.71 27.16 26.94 23.89 23.56 21.72 19.42 16.30 14.59 12.45 11.36 8.76 8.80 9.89 12.53 12.42 11.30 12.84 15.65 13.31 12.16 13.00 16.40 13.89 13.91 16.58 18.46 18.37 17.64 21.34 19.81 20.59 20.07 22.82 22.75 23.40 26.79 27.91 27.84 27.31 25.97 23.28 23.40 23.28 21.38 19.56 16.61 14.23 13.65 12.55 12.30 13.16 16.20 17.50 17.70 19.92 21.56 20.57 23.00 26.22 26.71 26.79 26.42 27.01 23.55 23.53 21.93 22.64 20.65 22.33 23.02 21.37 20.90 19.02 17.32 17.09 16.64 13.54 14.34 14.36 14.96 13.53 17.94 17.80 17.23 18.67 22.48 22.36 21.58 23.40 26.11 25.71 25.25 27.09 27.34 25.02 21.54 20.11 17.28 14.61 13.03 10.52 8.67 9.40 9.32 10.53 14.56 13.90 14.60 15.89 19.40 17.69 18.69 21.00 21.82 20.63 22.69 25.52 23.77 23.68 21.69 21.88 19.23 18.23 16.20 14.68 15.27 15.21 15.20 12.63 11.25 9.23 9.61 11.02 12.12 11.58 14.00 18.15 19.05 18.56 20.11 22.77 21.83 21.61 20.23 19.48 20.42 18.90 17.32 16.25 17.65 15.12 18.74 18.48 16.97 17.41 20.65 19.75 18.15 19.45 21.84 20.31 20.75 24.03 25.03 24.07 24.88 25.36 25.50 24.46 25.82 
28.78 28.65 26.99 26.93 26.62 24.35 20.13 17.41 13.47 10.81 10.02 7.80 5.58 5.32 0.00 5.64 7.61 8.92 7.81 9.15 12.52 13.79 12.38 14.52 18.37 19.68 18.77 21.54 26.33 25.82 23.16 22.07 20.64 18.53 16.07 13.32 12.18 9.71 9.15 8.75 9.53 12.37 11.33 9.99 12.07 14.54 12.61 10.89 12.53 15.15 13.63 12.37 15.38 17.89 17.77 16.72 21.10 19.28 20.05 19.45 22.64 22.03 22.61 25.99 27.61 27.13 26.88 25.19 23.09 22.48 22.37 20.08 18.66 15.81 13.97 12.52 11.72 11.76 13.48 16.44 17.50 17.77 19.65 21.26 20.68 22.85 26.27 26.85 27.36 26.42 26.69 23.34 23.10 21.61 21.82 19.62 21.18 22.08 20.56 20.32 18.74 17.57 17.34 17.54 15.44 16.18 16.24 16.95 15.35 18.15 18.78 18.07 18.76 22.47 21.94 21.24 22.60 25.61 25.71 24.44 27.23 26.97 24.77 21.22 19.54 16.65 14.51 12.71 10.48 8.76 8.49 9.37 10.22 14.79 13.87 14.84 16.38 20.12 17.60 18.78 21.44 21.92 20.67 22.66 25.53 23.68 23.57 21.76 21.72 18.82 17.99 16.05 14.13 14.67 15.26 14.73 12.09 10.81 10.03 9.98 11.15 11.50 11.56 13.56 17.77 18.19 17.70 19.30 22.10 20.77 20.55 19.13 18.52 18.85 17.77 16.16 14.93 15.70 13.59 17.64 17.35 15.71 15.97 20.16 19.08 17.56 18.90 21.51 20.55 20.09 22.49 23.77 22.99 23.15 24.45 23.87 24.36 24.84 
28.05 27.09 25.72 25.36 26.03 23.74 19.50 16.26 13.02 10.34 8.56 6.58 7.61 6.92 5.64 0.00 6.49 8.17 6.19 7.97 11.03 12.88 11.13 13.09 17.44 17.74 16.34 19.55 24.42 23.73 20.49 20.73 19.50 16.32 14.05 12.00 10.40 7.96 8.38 9.02 10.64 13.03 12.17 9.18 11.92 14.38 11.17 10.30 11.81 15.75 11.68 11.29 14.54 17.13 16.40 15.99 20.07 17.90 19.42 18.93 21.65 21.54 21.96 25.73 26.75 26.90 26.10 24.76 22.27 22.51 22.03 19.34 18.07 15.34 13.34 12.10 11.28 12.65 15.02 17.65 17.81 17.87 19.75 20.99 20.04 22.29 25.44 26.10 26.53 25.73 25.78 22.54 22.46 20.83 21.30 18.84 20.93 22.09 20.74 20.84 19.13 18.38 17.95 18.43 16.27 17.24 16.98 18.29 16.90 19.94 19.36 18.81 19.14 22.29 21.60 21.68 22.17 25.47 25.18 24.26 26.56 26.54 24.67 21.40 19.90 17.05 14.65 12.49 10.33 8.80 9.36 9.34 11.26 15.64 14.72 15.82 17.13 20.29 18.26 19.59 22.23 22.50 21.05 23.36 25.96 23.83 23.64 22.34 22.15 19.14 18.09 17.05 15.04 16.30 16.04 15.51 11.86 11.67 11.27 10.65 10.96 12.33 13.10 15.36 17.80 18.11 17.79 19.37 21.80 20.56 20.31 18.73 17.82 18.54 17.41 15.15 13.88 15.07 13.06 16.78 16.09 14.48 15.63 19.04 18.47 16.50 18.01 20.32 19.25 19.05 21.98 23.15 23.00 23.62 24.06 24.60 24.35 25.82 
27.88 27.39 24.60 24.20 25.07 22.85 19.08 15.80 13.53 10.66 9.94 8.68 8.79 8.08 7.61 6.49 0.00 6.23 7.13 6.70 8.69 11.23 11.45 12.74 16.28 17.23 15.20 18.64 23.49 22.37 19.16 19.73 18.17 14.84 12.93 11.09 10.31 8.59 9.03 9.29 11.40 13.97 12.31 10.02 10.75 12.92 10.44 9.09 11.44 13.45 10.80 10.68 14.00 15.52 15.51 15.84 19.97 17.98 19.62 19.03 22.06 21.74 23.17 26.07 27.40 27.28 27.10 25.09 22.74 22.87 22.69 20.21 18.41 15.61 13.74 12.48 12.66 14.19 16.72 18.50 18.53 18.24 19.80 21.05 20.11 22.14 25.54 25.86 26.30 25.61 25.57 22.43 22.47 21.07 21.44 19.43 21.13 22.53 21.66 21.57 19.48 18.82 18.89 18.72 16.05 17.74 18.16 17.57 17.40 19.52 20.24 19.55 20.05 23.15 23.08 22.78 23.04 25.96 26.18 25.16 27.18 27.06 24.83 22.28 20.63 17.22 14.54 12.96 10.68 10.30 10.27 10.70 12.30 16.37 15.94 17.06 18.07 21.56 19.53 21.02 23.47 23.60 22.11 24.06 27.26 25.16 24.81 23.58 23.74 20.38 19.31 17.95 16.54 17.48 17.82 16.60 12.86 13.21 11.83 11.95 12.59 14.03 15.78 17.24 19.71 19.62 19.81 21.06 23.26 21.60 21.50 19.43 18.65 18.68 17.73 14.96 13.78 14.59 13.77 15.52 15.02 14.20 15.20 18.36 17.29 16.31 17.74 19.90 18.97 18.63 21.58 22.94 22.58 23.55 24.49 24.64 25.09 26.50 
27.81 26.68 24.75 24.26 25.42 22.61 18.74 15.46 13.70 11.35 11.29 9.96 10.63 10.57 8.92 8.17 6.23 0.00 5.74 7.29 7.13 8.61 10.02 11.94 14.92 15.63 15.46 18.15 22.84 22.05 19.39 20.08 18.18 14.96 12.98 11.71 11.25 11.39 11.91 12.36 14.07 16.10 14.66 13.08 13.34 14.25 12.29 11.88 12.09 14.46 12.16 12.44 13.94 15.86 16.18 16.36 19.84 18.45 19.64 19.19 22.14 22.45 23.13 26.51 27.39 27.85 26.89 25.39 22.52 22.61 22.33 20.23 18.47 15.40 13.89 13.63 13.98 15.69 18.05 19.52 19.60 19.17 20.27 21.25 20.38 22.61 25.41 26.35 26.70 26.29 26.26 22.88 23.13 21.35 21.94 20.02 22.23 23.73 22.69 22.85 20.94 20.71 20.99 20.80 18.20 19.35 19.74 18.97 18.44 20.52 21.35 20.28 20.48 23.96 23.68 23.47 23.51 26.94 26.43 25.47 27.21 27.14 25.21 22.68 21.10 17.86 15.15 14.37 12.54 11.82 13.41 14.42 15.58 18.71 18.53 18.96 20.18 22.88 21.20 22.44 24.58 25.16 23.23 25.27 28.00 26.44 25.80 24.45 24.21 21.59 20.30 19.10 17.24 18.47 18.58 18.24 15.07 14.32 12.92 13.60 15.21 16.69 17.34 18.95 21.37 21.49 21.15 21.98 23.98 22.66 22.28 20.52 19.28 19.68 17.66 15.55 14.25 15.19 12.26 15.05 14.89 13.92 14.08 17.40 17.14 15.65 16.83 19.26 18.71 18.54 21.90 22.82 23.40 24.40 24.40 24.96 25.46 27.14 
25.21 24.52 22.53 22.72 22.41 19.75 16.12 13.28 11.60 9.37 8.73 7.35 8.80 9.68 7.81 6.19 7.13 5.74 0.00 5.09 7.38 6.69 6.42 9.05 12.19 13.28 12.59 15.96 19.71 19.79 17.75 17.37 15.33 12.98 11.94 9.38 9.97 10.31 11.19 12.12 13.03 15.67 13.95 12.15 12.68 14.24 11.87 9.80 11.14 12.82 11.46 9.72 12.43 13.94 14.21 13.27 17.26 15.47 16.75 16.19 19.70 19.24 20.07 23.33 24.80 24.55 24.21 22.31 20.12 19.62 19.45 16.71 15.04 11.86 11.71 11.36 11.43 13.42 16.35 17.88 17.33 16.91 17.43 19.09 18.63 20.87 23.30 24.05 24.28 23.97 24.09 21.29 21.07 19.74 20.02 18.46 20.40 21.90 20.91 21.49 20.07 19.71 20.22 19.91 17.51 18.08 18.33 17.52 17.14 19.11 19.64 18.62 19.10 22.45 21.56 21.13 21.63 24.99 24.34 22.82 24.78 24.85 22.49 19.38 17.87 15.26 12.39 11.32 9.56 10.21 11.67 13.25 14.39 18.22 16.91 17.71 18.50 21.66 19.52 20.67 22.94 23.46 21.52 23.26 26.03 24.51 24.19 22.52 22.17 19.81 18.90 17.33 15.46 16.62 17.19 17.20 13.94 13.89 12.72 13.49 14.61 15.64 15.60 17.25 19.75 20.04 19.14 20.06 22.28 20.62 20.29 18.29 17.19 16.77 14.82 13.38 12.51 11.29 8.87 12.51 12.91 9.77 10.15 14.56 14.35 12.53 14.37 17.07 16.35 16.04 18.66 20.28 20.68 21.22 21.94 22.48 23.24 24.50 
24.22 22.57 20.71 20.64 20.36 18.14 14.58 12.66 11.31 9.42 9.74 8.97 10.49 11.14 9.15 7.97 6.70 7.29 5.09 0.00 5.74 7.34 6.17 6.76 10.33 12.28 11.29 13.75 17.88 17.71 15.40 14.86 13.47 11.52 9.52 6.79 8.62 9.96 11.20 11.58 13.88 16.74 14.89 12.48 13.36 14.97 11.37 8.37 10.46 13.27 9.65 8.19 11.41 13.23 11.92 12.07 16.06 14.01 15.64 15.63 18.63 18.48 19.34 22.72 23.59 24.17 23.39 21.56 18.97 19.00 18.74 15.30 13.78 11.29 11.64 11.07 11.96 14.49 17.56 18.42 18.36 17.46 18.09 19.05 18.47 20.11 22.72 23.16 23.48 22.83 23.07 20.09 20.68 19.18 19.79 18.13 20.63 22.19 20.97 21.96 20.39 20.22 20.48 20.36 17.84 18.79 18.86 18.39 17.75 19.44 19.90 18.91 19.11 21.76 21.29 21.02 21.55 24.54 23.81 22.20 24.21 23.77 22.02 18.95 18.11 15.41 12.70 11.48 10.28 11.35 12.63 13.54 15.46 18.92 18.10 18.13 19.39 21.79 20.19 21.05 23.56 23.93 22.42 23.88 26.46 24.75 24.28 23.01 22.94 20.33 19.20 18.55 17.12 17.87 18.12 18.16 15.12 14.66 14.27 14.19 14.99 16.05 16.99 18.48 20.33 20.22 19.81 20.80 22.70 21.02 20.42 18.76 17.60 17.80 15.75 14.28 12.64 12.86 10.05 12.26 12.25 10.76 11.14 14.85 13.68 12.17 13.83 16.17 15.58 14.93 18.34 19.59 20.18 20.62 21.43 22.32 23.09 25.40 
24.87 23.91 21.07 20.79 21.43 19.22 15.95 14.36 13.45 11.92 12.45 12.19 13.90 13.62 12.52 11.03 8.69 7.13 7.38 5.74 1.14 6.47 7.56 6.96 9.84 12.25 12.18 14.87 18.31 18.67 16.63 16.41 14.60 12.86 12.00 10.96 11.96 13.12 15.20 16.05 17.84 19.94 18.52 16.41 15.91 15.96 13.75 11.55 12.26 13.28 10.95 9.81 12.47 13.27 12.54 13.07 16.90 15.65 16.74 16.95 19.78 20.27 21.73 23.73 24.62 25.03 24.88 22.73 20.43 20.20 19.70 16.85 15.34 13.52 13.71 13.73 15.13 17.52 20.22 20.91 20.63 19.45 19.87 20.84 20.12 21.23 23.64 24.41 24.68 24.15 23.95 21.74 21.99 21.22 21.32 20.38 22.40 24.03 23.10 23.66 22.18 22.09 22.32 22.23 19.85 20.50 21.22 20.34 19.95 21.28 22.20 21.14 20.84 23.64 23.33 22.72 22.46 25.35 25.03 23.98 24.81 24.43 22.45 20.40 18.91 16.70 14.47 13.79 12.93 13.83 15.10 16.89 18.03 21.02 20.21 20.80 21.25 23.61 22.13 23.26 25.29 25.86 24.73 26.22 28.74 27.34 26.79 25.69 25.88 23.07 22.00 21.07 20.38 20.58 20.89 20.66 17.97 17.74 16.76 17.08 17.92 19.01 20.19 21.64 23.34 23.02 22.64 23.49 24.84 23.46 22.99 20.99 19.70 19.20 18.08 15.37 14.61 14.58 13.35 13.10 12.82 11.97 12.80 14.77 14.34 13.10 14.55 16.60 16.13 16.02 18.89 20.31 20.52 21.07 22.42 22.76 24.20 25.32 
23.25 22.07 19.77 19.52 19.60 17.15 14.97 12.91 13.51 11.39 13.28 13.35 15.40 15.73 13.79 12.88 11.23 8.61 6.69 7.34 6.47 0.13 5.99 7.54 8.07 8.95 10.28 13.32 17.09 16.78 14.41 15.10 13.99 11.52 11.28 11.35 13.19 15.41 17.39 18.62 19.75 21.69 20.41 18.51 17.84 17.69 15.10 13.73 13.44 14.33 12.28 11.59 12.45 13.82 13.20 13.03 16.55 15.30 16.52 16.49 19.54 19.98 20.76 23.24 23.91 24.48 23.71 22.04 19.21 18.48 18.41 15.89 15.06 13.76 14.29 14.76 16.72 19.24 21.24 21.80 21.19 19.89 19.92 20.67 19.81 20.72 22.84 23.32 24.11 23.44 23.67 20.81 21.77 20.81 21.80 20.76 23.21 24.63 24.34 24.80 23.26 23.02 23.87 23.87 21.64 21.86 22.03 21.59 20.83 21.78 22.05 21.06 20.95 23.02 22.48 21.80 21.52 24.40 23.52 22.18 23.49 22.74 20.75 19.04 17.90 16.13 14.06 14.34 13.42 15.47 17.44 18.85 19.74 22.52 21.95 22.30 22.36 24.57 23.51 24.32 26.32 26.60 25.44 26.93 29.42 27.61 27.06 26.13 26.29 23.55 22.40 21.73 20.74 21.32 21.76 21.71 19.18 18.82 18.27 18.28 19.53 20.74 21.70 22.51 24.31 24.28 23.60 23.73 25.47 24.33 23.93 22.00 20.44 20.11 17.73 15.36 14.39 14.50 11.94 12.37 12.58 10.46 10.88 13.60 13.37 11.38 13.74 15.84 15.28 15.05 18.91 20.14 21.12 21.43 22.13 23.47 24.10 25.94 
20.12 18.93 16.93 16.85 15.67 13.56 10.94 10.34 9.79 9.02 10.89 11.61 12.92 13.81 12.38 11.13 11.45 10.02 6.42 6.17 7.56 5.99 0.00 5.30 7.85 7.37 6.94 9.99 13.70 12.96 10.98 11.60 10.34 8.15 9.42 9.09 11.76 13.82 16.12 16.75 17.95 20.31 19.04 16.74 16.90 17.80 15.19 11.75 12.89 13.89 12.05 8.92 11.64 12.41 12.20 10.15 13.93 12.56 13.85 13.37 17.21 16.66 17.22 20.23 21.90 21.34 20.88 18.80 16.37 15.28 15.06 12.39 12.32 10.66 12.28 12.92 15.19 17.51 20.11 20.60 20.16 18.46 18.03 18.68 17.87 19.00 20.58 21.12 21.38 21.06 21.02 18.70 18.86 18.38 18.86 18.63 20.50 22.45 21.83 22.71 21.13 21.34 21.77 22.38 20.56 20.62 20.05 19.57 19.41 20.04 18.93 18.20 18.78 20.79 18.88 18.11 18.70 20.97 19.63 18.08 19.97 19.63 17.32 14.67 13.75 12.85 11.60 11.10 10.19 13.74 16.34 16.75 17.80 21.53 20.97 20.66 21.03 23.43 21.67 22.53 24.53 24.61 22.98 24.65 26.92 25.21 24.58 23.89 24.11 21.50 20.31 19.97 19.19 19.72 20.68 20.51 18.12 17.83 17.32 17.55 18.67 19.56 19.99 20.87 22.97 22.58 21.27 21.78 23.72 22.76 21.88 19.96 18.92 19.06 16.58 14.81 13.32 12.17 10.20 12.47 11.42 7.04 7.84 11.88 11.14 7.90 10.20 13.75 12.60 12.60 15.48 17.29 17.79 18.23 19.70 20.18 21.76 22.80 
18.83 17.68 15.93 15.89 15.07 12.87 10.78 10.15 11.76 10.97 13.11 14.12 16.11 15.85 14.52 13.09 12.74 11.94 9.05 6.76 6.96 7.54 5.30 0.00 6.02 7.49 6.97 8.77 11.80 12.48 10.26 10.65 9.29 7.86 9.42 9.29 12.03 15.39 16.97 18.22 19.76 21.81 20.53 18.68 18.80 19.61 16.01 12.99 13.38 15.27 11.67 8.55 11.08 12.30 10.09 8.34 12.73 12.47 13.74 13.06 16.77 17.24 17.39 20.46 21.67 21.32 20.61 18.69 15.78 14.70 14.98 12.78 11.68 9.82 12.89 14.60 16.73 18.84 21.45 22.07 21.87 19.54 19.05 19.40 18.54 18.82 20.29 20.76 21.56 21.01 20.53 17.96 18.68 18.19 19.19 19.00 21.38 23.26 22.73 23.69 22.42 22.33 23.01 23.27 21.87 21.97 21.31 20.65 20.15 20.94 20.08 18.77 18.76 20.60 19.01 18.10 18.18 20.42 19.21 18.24 20.05 19.06 16.97 15.12 14.45 13.16 11.80 12.68 12.67 16.09 17.45 18.38 19.59 23.18 21.94 21.64 22.48 24.90 23.10 23.28 25.75 25.82 24.33 25.38 28.07 26.49 25.96 24.93 25.45 22.87 21.71 21.47 20.97 21.37 21.89 21.91 19.61 18.69 18.31 18.36 19.71 20.34 20.82 22.05 23.83 23.29 22.23 23.01 25.04 23.50 22.82 21.32 20.31 20.13 18.49 16.36 14.99 14.98 12.80 14.33 13.01 9.56 9.75 12.33 11.91 9.29 10.91 13.66 13.04 12.69 15.83 17.69 18.69 19.38 19.77 21.13 21.97 24.41 
20.23 19.98 18.08 18.08 17.69 16.07 14.02 14.07 15.31 15.57 16.27 18.15 19.81 20.64 18.37 17.44 16.28 14.92 12.19 10.33 9.84 8.07 7.85 6.02 1.03 6.72 7.82 8.96 11.96 12.95 11.78 12.27 11.97 11.65 12.78 13.86 17.15 19.76 21.29 23.24 24.46 26.41 25.14 23.74 23.32 23.23 20.75 18.18 18.22 17.97 15.31 13.22 14.45 14.52 12.49 11.80 15.76 15.38 16.38 16.39 19.92 20.09 21.22 23.28 24.38 23.51 23.47 21.19 18.49 17.96 18.16 15.94 15.05 14.51 16.67 18.38 20.88 22.96 25.55 25.79 25.28 22.71 22.31 22.61 21.41 21.27 22.19 22.90 23.69 23.10 22.28 20.67 21.29 21.13 21.56 21.64 24.09 26.33 25.60 26.96 25.92 26.12 26.52 27.15 25.49 25.71 25.41 24.24 23.22 23.85 23.58 21.83 21.14 23.30 21.81 20.61 20.09 22.32 21.26 20.71 22.38 21.44 19.15 17.77 17.06 15.72 14.82 16.15 17.01 19.80 21.13 22.80 23.74 26.50 25.69 25.87 26.44 28.40 26.65 27.40 29.05 29.36 27.81 29.13 31.53 30.68 29.74 29.00 29.02 27.10 25.99 25.49 25.18 25.61 26.00 25.63 23.26 22.80 22.49 22.63 23.65 24.43 24.98 26.10 27.46 27.14 26.03 26.95 28.43 27.32 26.74 24.97 23.79 23.42 22.12 19.88 18.26 18.31 16.51 16.21 15.05 13.01 12.32 13.93 13.32 12.28 12.33 15.19 14.61 15.27 17.29 19.57 20.06 21.23 22.56 22.91 24.73 25.43 
18.36 17.44 16.26 15.92 15.93 14.54 13.36 13.22 15.09 15.56 18.00 19.68 21.02 21.38 19.68 17.74 17.23 15.63 13.28 12.28 12.25 8.95 7.37 7.49 6.72 0.00 6.72 7.71 9.85 10.85 9.82 10.45 10.83 9.92 12.58 14.61 17.27 20.50 22.36 23.96 25.32 26.71 25.62 24.09 23.52 24.18 21.30 19.39 18.49 19.31 16.42 14.81 15.41 15.37 13.92 12.55 15.48 14.89 16.20 16.29 19.53 19.69 20.26 22.58 23.10 22.83 21.83 19.62 16.81 16.68 16.90 14.41 14.78 15.17 17.16 18.65 21.30 23.61 25.49 26.01 24.78 22.67 22.00 22.22 20.43 20.22 21.22 21.60 22.39 21.78 20.88 18.82 20.04 19.72 20.96 21.24 24.07 26.13 25.90 26.93 25.78 25.85 26.73 27.26 25.85 25.75 25.16 24.37 23.25 23.69 22.99 21.60 20.78 22.19 20.50 19.27 18.76 20.84 19.33 18.85 20.65 19.88 17.81 16.92 16.03 15.34 14.62 16.38 16.97 20.48 21.94 23.17 24.16 26.78 25.85 26.00 26.43 28.52 26.80 27.62 29.28 29.12 27.77 29.32 31.79 30.19 29.67 28.92 29.09 27.00 26.00 25.66 25.47 25.83 26.25 26.12 23.65 23.48 23.29 23.28 24.05 25.06 25.33 26.37 27.74 27.59 26.55 26.88 28.57 27.77 27.27 25.42 23.94 23.80 21.99 20.16 18.85 18.27 15.90 16.43 15.58 12.25 11.25 13.07 12.90 10.14 11.61 14.42 13.97 13.78 16.92 19.03 20.38 21.45 21.64 23.03 23.96 25.68 
16.05 14.97 13.36 13.68 14.19 13.19 11.79 11.72 13.41 14.14 16.75 17.93 18.81 20.13 18.77 16.34 15.20 15.46 12.59 11.29 12.18 10.28 6.94 6.97 7.82 6.72 0.04 5.39 7.37 7.65 7.45 8.20 8.03 7.34 10.69 12.92 15.22 18.24 20.09 22.14 23.56 25.28 23.56 21.77 22.13 23.09 20.65 17.56 17.57 19.13 16.26 13.12 14.47 15.34 13.83 11.09 13.76 12.59 14.28 14.04 17.48 17.46 17.82 19.96 20.73 19.57 18.49 16.55 14.24 13.83 14.55 12.33 13.16 13.00 15.95 17.54 20.05 22.37 24.57 24.94 23.66 21.03 20.33 20.22 18.59 18.58 19.50 19.85 20.24 19.39 18.69 16.78 17.46 17.25 18.73 19.04 21.92 24.14 24.00 24.89 23.49 23.49 24.49 25.09 24.21 23.80 22.40 21.60 20.88 21.14 19.32 18.28 18.23 19.50 16.70 15.95 15.97 17.32 15.65 14.96 17.61 16.68 14.72 13.44 13.79 13.49 12.76 14.30 15.21 18.81 19.99 21.15 22.44 25.53 23.70 23.54 24.62 26.77 24.60 25.38 27.25 27.31 25.45 27.19 29.39 28.01 27.65 26.91 27.03 25.06 23.87 23.88 23.77 24.17 24.68 24.73 22.65 22.02 21.36 21.45 22.58 23.03 23.26 24.39 26.30 25.68 24.57 25.19 27.01 26.22 25.69 23.74 22.73 22.88 20.53 19.14 17.67 17.50 14.96 16.47 14.89 10.75 10.03 12.76 10.78 7.22 8.17 12.47 11.48 11.36 13.97 16.35 17.00 17.94 19.42 19.94 21.73 22.51 
15.97 14.98 13.82 13.02 14.01 13.59 12.85 13.01 15.13 16.32 19.10 20.76 22.02 22.71 21.54 19.55 18.64 18.15 15.96 13.75 14.87 13.32 9.99 8.77 8.96 7.71 5.39 0.00 5.32 6.36 7.83 8.77 9.45 9.48 12.68 14.60 17.66 20.46 22.55 24.06 25.57 26.96 25.64 24.14 23.63 25.21 22.43 20.16 19.73 21.26 18.50 15.53 16.72 17.07 14.80 11.90 14.29 12.98 15.69 14.81 18.62 18.49 18.72 21.49 21.86 20.39 19.48 17.21 14.24 14.10 14.95 13.78 14.02 14.00 17.07 19.18 21.69 23.66 26.14 26.77 25.41 22.48 21.76 21.81 20.40 20.33 20.82 20.90 21.78 20.65 19.75 17.54 17.92 17.79 19.95 20.36 23.13 25.34 25.14 26.08 24.45 24.61 25.53 26.63 25.41 24.96 23.82 22.93 22.12 21.89 20.81 19.70 19.31 20.50 18.71 17.71 17.32 19.24 16.95 16.39 18.39 17.57 15.97 15.03 15.53 15.30 15.36 17.34 18.56 21.61 22.80 23.80 24.89 27.99 26.18 26.31 26.84 29.59 26.60 27.52 28.96 29.75 27.49 29.17 31.42 30.61 29.79 28.90 28.89 27.04 26.02 25.82 25.79 26.32 26.77 26.57 24.24 23.63 22.88 22.88 23.86 24.58 24.63 26.15 27.55 27.43 25.99 27.23 28.66 28.15 27.38 25.96 24.06 24.45 22.73 21.27 19.80 19.77 17.89 18.67 17.02 13.41 12.49 14.70 12.93 8.86 8.65 12.03 12.85 12.32 15.18 17.69 18.92 19.71 20.31 21.02 22.59 24.22 
15.85 15.70 14.10 13.95 14.81 14.60 14.72 15.36 17.40 18.44 20.80 23.37 25.87 27.16 26.33 24.42 23.49 22.84 19.71 17.88 18.31 17.09 13.70 11.80 11.96 9.85 7.37 5.32 2.65 6.42 7.49 10.04 10.76 12.79 15.37 17.42 20.36 23.80 25.26 27.58 28.56 30.12 29.53 27.47 27.03 27.98 25.71 23.38 23.11 24.09 21.24 19.37 20.17 19.87 16.65 14.43 15.99 15.16 16.88 16.83 20.09 20.14 20.57 22.90 23.18 21.67 20.18 18.29 14.57 14.89 16.21 14.57 15.00 15.81 18.65 20.94 23.35 25.56 28.05 28.62 27.21 24.40 23.62 23.66 22.44 21.96 22.12 22.41 23.00 21.97 20.63 18.77 19.72 19.43 21.12 21.47 24.84 27.35 27.21 27.72 26.59 26.56 28.19 28.45 27.47 26.93 26.53 25.10 23.59 23.58 22.97 21.67 21.05 22.87 20.74 19.63 19.46 21.00 19.18 18.31 20.32 19.69 18.43 17.38 17.92 18.04 18.48 20.29 21.46 24.55 26.38 27.63 28.44 31.14 30.19 29.71 30.29 31.94 30.11 30.50 31.85 32.20 30.60 31.88 35.06 33.47 33.32 31.98 31.99 30.27 29.54 28.70 28.97 29.50 30.27 29.33 27.00 26.35 26.04 25.68 26.33 26.80 27.27 28.48 30.31 29.30 28.23 29.21 31.25 30.12 30.01 27.91 26.78 26.93 25.81 24.11 22.84 22.76 20.84 21.66 19.36 16.26 15.05 16.68 14.84 12.09 10.99 13.98 14.16 14.87 16.82 19.21 19.47 20.38 22.51 22.27 23.82 24.24 
15.93 14.15 12.68 12.12 13.15 12.99 13.23 15.14 17.33 18.84 21.28 23.72 26.14 26.94 25.82 23.73 22.37 22.05 19.79 17.71 18.67 16.78 12.96 12.48 12.95 10.85 7.65 6.36 6.42 0.00 5.44 7.39 9.11 10.28 14.07 16.91 19.74 23.03 25.27 26.56 28.17 29.53 28.77 26.65 26.34 27.07 24.83 22.36 22.30 23.58 21.18 18.37 20.25 20.53 17.88 14.56 16.64 14.02 16.38 15.70 19.33 19.08 19.44 21.87 22.20 20.20 18.50 16.32 12.80 13.81 14.05 12.38 14.06 15.54 17.90 19.72 22.87 25.20 27.16 27.70 26.16 23.86 22.70 22.91 21.55 20.91 21.20 20.95 21.63 19.47 18.12 16.33 18.10 17.26 19.90 19.67 23.53 26.01 26.28 26.62 25.24 25.21 26.86 26.85 25.98 25.55 24.80 23.35 22.31 22.48 21.62 19.77 19.81 21.21 19.12 17.76 17.73 19.84 17.53 16.15 18.58 17.97 16.86 16.26 16.97 17.47 17.99 19.57 20.95 23.72 25.55 26.45 27.45 30.15 29.22 28.99 29.25 31.38 29.08 29.80 31.19 31.34 29.69 31.47 33.84 32.45 32.01 30.95 31.01 28.93 28.16 27.34 27.76 28.19 28.77 28.35 26.04 25.29 24.93 24.46 25.01 25.73 26.02 27.29 28.90 28.71 27.49 28.30 30.04 29.58 29.20 27.39 26.13 26.72 24.93 23.54 22.62 22.63 20.51 21.86 20.14 16.24 14.36 16.53 14.61 10.51 10.63 13.80 13.96 13.15 16.46 18.79 19.83 20.05 21.17 22.12 23.25 24.52 
15.25 12.81 10.83 10.72 11.10 10.51 9.84 11.88 15.05 16.55 18.89 21.07 22.59 23.89 23.16 20.49 19.16 19.39 17.75 15.40 16.63 14.41 10.98 10.26 11.78 9.82 7.45 7.83 7.49 5.44 0.00 5.04 5.27 7.23 10.89 13.96 16.83 19.36 21.34 23.59 24.97 26.88 25.45 23.35 23.06 24.35 21.81 18.95 18.98 20.89 18.19 15.69 17.21 18.78 16.78 13.69 15.17 12.41 14.28 14.26 16.64 16.08 16.40 18.82 19.10 17.03 15.41 13.05 10.45 10.55 10.73 9.54 12.67 12.99 15.49 17.31 20.74 22.80 24.34 25.11 23.78 21.28 19.51 20.03 18.59 18.29 18.43 18.30 18.66 16.84 15.36 13.36 14.82 14.71 16.99 16.81 20.17 23.26 23.33 23.85 22.22 21.92 22.88 23.31 22.33 22.04 20.59 19.79 19.42 19.66 17.82 16.18 16.48 17.91 14.72 14.06 14.20 16.23 14.08 13.09 15.52 15.03 13.95 13.19 14.55 14.98 15.19 16.72 18.24 20.87 21.96 23.19 24.23 27.03 25.94 25.47 26.49 28.09 26.25 26.58 28.16 28.38 26.86 27.87 30.62 28.95 29.21 27.88 28.34 26.24 25.21 24.89 25.14 25.56 25.88 25.89 23.74 22.57 21.79 21.66 22.41 22.74 23.07 24.34 26.70 25.90 25.13 25.43 27.54 26.76 26.71 24.51 24.12 24.55 22.57 21.01 20.31 20.24 17.71 19.59 17.83 13.98 12.34 14.35 12.50 8.12 8.92 12.77 12.15 11.97 14.08 16.73 17.19 17.36 19.85 19.98 21.11 21.86 
14.83 14.32 12.06 9.98 9.72 9.58 9.32 10.61 13.48 15.75 18.30 21.03 22.44 23.56 22.07 20.73 19.73 20.08 17.37 14.86 16.41 15.10 11.60 10.65 12.27 10.45 8.20 8.77 10.04 7.39 5.04 0.00 5.25 6.30 10.31 12.38 15.60 18.61 20.63 22.26 23.59 25.52 24.65 22.66 22.08 24.16 21.71 18.91 18.73 20.79 18.45 16.38 18.22 18.78 17.13 14.38 16.07 13.16 15.11 14.14 16.47 15.85 16.50 18.46 17.97 16.32 14.73 12.80 9.41 10.62 10.27 9.60 11.35 12.44 14.10 16.73 19.48 21.94 23.45 24.64 23.13 20.59 19.01 19.03 17.70 17.51 17.71 17.69 18.46 16.69 15.37 13.00 14.49 13.62 16.61 16.47 20.51 22.80 22.70 23.39 22.08 21.22 22.13 22.81 21.26 20.93 19.88 19.32 18.48 18.39 17.43 15.50 15.54 16.37 14.35 13.72 13.86 16.00 14.27 13.28 15.62 15.53 13.85 12.91 13.63 14.02 15.07 16.56 17.84 20.35 21.81 22.82 23.44 26.40 25.34 25.31 25.47 27.79 25.62 26.33 28.06 28.17 26.62 27.90 30.78 29.28 28.95 28.15 28.65 26.36 25.50 24.66 24.91 25.25 25.59 25.63 23.42 22.30 21.45 21.41 22.00 22.51 22.55 24.19 26.24 25.92 24.86 25.55 27.40 26.81 26.41 24.57 23.62 24.00 22.45 20.89 20.09 20.11 18.30 20.17 18.62 14.33 13.37 15.84 13.92 10.20 10.21 13.35 13.22 12.49 15.83 17.21 18.30 17.87 19.42 19.81 21.15 23.08 
15.67 14.49 12.67 11.07 9.27 8.90 8.07 8.38 11.24 13.16 16.01 17.84 20.06 21.72 20.64 19.50 18.17 18.18 15.33 13.47 14.60 13.99 10.34 9.29 11.97 10.83 8.03 9.45 10.76 9.11 5.27 5.25 0.00 5.33 7.07 10.19 12.86 16.46 18.05 19.96 21.09 23.53 22.92 21.48 21.55 23.38 21.17 18.38 18.86 20.33 17.46 16.11 17.87 18.29 16.80 14.56 16.64 13.11 14.28 13.48 15.46 14.78 15.46 17.33 16.78 14.88 14.01 11.71 8.71 9.92 11.20 9.29 9.80 10.13 12.50 14.28 16.96 19.07 21.06 22.16 20.88 18.46 17.36 17.44 15.56 16.04 16.50 16.36 17.28 15.44 14.69 11.93 13.38 12.75 14.46 14.87 19.50 21.79 21.31 22.31 20.81 20.26 20.81 21.18 19.08 18.97 18.46 17.60 16.59 16.42 15.55 13.51 13.59 15.40 13.15 12.77 13.44 15.70 13.72 13.56 16.77 16.01 13.85 12.49 12.96 12.89 13.37 14.98 16.15 18.81 20.49 21.23 22.23 25.13 24.15 23.81 24.85 26.88 25.21 25.88 27.74 27.57 25.92 27.63 30.94 29.32 28.78 27.72 28.29 26.22 25.27 24.17 24.32 24.68 25.32 25.05 22.55 21.90 21.09 20.79 21.30 21.58 21.61 23.23 25.75 24.80 23.59 24.74 27.29 26.15 25.67 23.86 23.39 23.86 22.59 21.11 20.35 20.16 18.19 20.19 18.37 14.75 13.99 16.16 14.07 11.29 11.16 14.19 13.47 13.55 15.96 17.17 17.69 16.54 19.60 19.66 20.46 21.56 
16.05 15.23 13.51 12.73 10.86 8.97 7.25 7.18 9.54 11.14 13.98 16.45 18.00 19.42 18.53 16.32 14.84 14.96 12.98 11.52 12.86 11.52 8.15 7.86 11.65 9.92 7.34 9.48 12.79 10.28 7.23 6.30 5.33 0.00 5.17 6.56 10.22 12.80 14.56 16.71 18.36 20.77 20.32 18.19 18.65 20.70 18.10 15.79 16.05 18.16 15.90 14.58 16.51 17.48 16.42 14.79 16.29 12.76 13.71 13.16 14.77 13.75 13.93 17.23 17.25 15.00 13.43 12.69 9.43 11.25 11.85 10.00 10.23 9.85 10.82 12.38 15.29 18.24 19.77 20.73 19.00 16.47 14.86 15.30 13.94 14.71 15.74 16.60 17.56 15.90 14.46 11.60 12.69 11.21 13.63 13.70 18.02 20.75 20.30 20.90 19.45 18.80 18.73 19.06 17.01 17.37 16.20 15.12 13.88 14.70 14.20 11.31 12.30 14.65 12.66 12.19 13.01 15.65 14.50 14.44 17.45 17.33 14.88 12.94 12.88 11.79 11.81 12.67 14.38 16.53 17.72 18.57 19.63 22.67 21.43 21.78 22.91 25.20 23.52 24.29 25.97 26.21 24.71 26.20 29.24 27.81 27.29 26.34 26.62 24.10 22.97 22.18 22.21 22.53 22.84 23.14 20.47 19.91 18.85 18.52 19.13 20.11 19.74 21.66 23.90 23.29 22.31 23.31 25.61 24.65 24.12 22.43 22.01 22.41 21.09 19.66 19.39 19.62 17.39 19.47 18.23 14.61 13.64 16.23 14.14 11.16 11.29 13.97 13.37 12.49 14.79 15.83 17.22 16.51 18.68 19.21 20.01 21.87 
