1.86 5.36 9.18 10.92 11.61 14.28 19.14 20.78 23.02 25.48 27.86 29.54 29.43 29.03 27.51 27.71 26.44 24.98 22.65 21.66 22.15 19.22 16.59 16.15 16.69 14.96 13.71 15.91 15.59 16.64 17.58 19.61 22.05 23.69 24.62 25.45 25.35 25.62 25.83 25.88 25.76 26.27 27.05 26.92 27.01 27.63 29.55 30.07 31.00 29.81 31.30 30.98 30.80 29.63 30.38 30.65 28.19 26.98 28.18 28.63 26.31 25.63 27.02 27.12 24.94 25.24 24.62 24.96 24.31 25.21 25.80 26.53 27.38 26.80 26.69 25.43 26.08 25.88 27.06 27.18 29.30 30.41 31.26 30.42 29.78 30.98 32.92 32.53 31.26 31.01 32.36 32.22 31.66 29.61 30.09 30.56 29.41 28.03 28.71 29.17 28.24 27.86 28.31 27.81 27.74 26.98 25.14 25.14 26.32 24.67 22.28 22.86 23.71 21.75 20.35 20.82 20.39 18.08 17.90 18.34 17.98 17.50 16.73 17.40 18.57 19.12 19.74 20.97 22.37 21.49 19.64 18.44 17.83 15.98 14.82 13.62 14.86 14.97 15.13 16.53 18.08 20.44 22.96 24.79 26.68 29.10 30.27 31.32 30.70 32.06 32.04 31.06 30.55 32.05 31.36 30.33 30.67 31.81 31.16 30.57 31.94 33.55 33.56 33.42 33.16 34.29 33.40 33.39 32.71 34.22 33.56 31.63 32.11 33.14 33.03 31.15 31.54 31.97 33.12 32.81 32.34 33.85 33.39 31.09 29.37 29.21 28.55 27.65 27.71 28.34 28.93 27.18 26.22 26.01 27.15 26.10 23.34 22.84 23.93 22.96 20.74 20.86 22.48 20.41 19.05 20.81 23.59 21.67 21.44 23.31 26.11 27.09 
5.36 0.54 5.58 7.35 9.75 11.68 16.31 19.06 21.30 23.53 26.73 27.92 28.24 27.07 26.74 25.89 24.92 22.65 21.14 19.51 19.88 17.02 14.64 14.65 15.32 12.93 11.24 14.45 13.53 15.17 15.63 18.26 20.79 22.12 23.03 23.78 23.96 24.00 24.39 23.92 23.93 24.00 25.00 24.73 25.24 25.48 27.57 27.94 29.75 27.70 29.67 28.97 29.48 27.69 28.67 28.87 26.45 24.84 26.39 27.08 24.39 23.69 25.33 25.75 23.14 23.41 22.52 23.55 22.75 23.81 24.22 25.23 26.23 25.50 25.33 23.80 24.82 24.24 25.42 25.34 27.97 28.83 29.72 28.63 27.82 29.12 31.23 30.71 29.27 29.04 30.77 30.66 29.98 27.45 28.33 28.95 27.42 25.95 26.56 27.38 26.14 25.86 26.21 25.94 25.90 25.26 23.01 23.13 24.81 22.74 20.54 21.04 22.23 19.75 18.43 19.21 19.05 16.22 16.36 16.82 16.43 15.18 14.82 14.81 16.61 17.95 18.55 18.98 20.95 20.42 17.54 17.28 15.84 14.49 12.54 11.64 12.19 13.01 11.96 14.93 15.64 19.11 21.33 23.23 25.19 27.52 28.62 29.75 29.14 30.51 30.39 29.37 28.49 30.01 29.38 28.28 28.88 29.97 29.06 28.73 30.46 32.10 31.73 31.93 31.23 32.77 31.44 31.64 30.76 32.47 31.65 29.57 30.07 31.24 31.32 29.30 29.92 30.14 31.37 30.88 30.26 31.95 31.67 29.07 27.65 27.47 26.73 25.41 25.81 26.05 27.24 24.95 24.39 23.52 25.51 24.12 21.22 20.09 21.88 20.42 18.16 18.24 20.12 17.46 16.24 17.97 20.73 18.24 18.50 21.68 23.95 25.40 
9.18 5.58 0.00 4.23 6.88 9.81 12.76 14.66 17.40 20.28 22.53 23.68 23.68 23.59 23.15 22.36 20.34 18.99 17.91 15.31 15.58 13.57 11.92 11.36 12.67 10.49 9.18 11.47 10.41 11.80 12.02 14.00 16.89 18.11 19.23 19.93 20.09 20.27 20.78 20.44 20.22 20.54 21.65 21.45 22.10 22.23 24.48 24.94 26.99 24.65 26.72 25.64 26.68 24.79 26.00 25.41 23.40 21.87 23.34 23.53 21.36 20.74 22.34 22.70 20.28 20.47 19.31 20.05 19.89 20.95 21.52 22.63 24.10 23.37 22.96 21.00 22.29 21.53 22.29 22.15 25.04 25.77 26.80 25.20 24.79 25.87 28.16 27.22 26.20 25.87 28.00 27.34 26.97 24.30 25.32 25.47 24.19 22.22 23.31 23.62 22.72 22.18 23.14 22.53 22.56 21.58 19.65 19.38 21.05 19.33 17.55 18.14 18.70 16.26 15.02 16.25 16.14 13.68 13.95 14.87 14.03 12.71 10.99 11.39 12.59 13.43 14.89 15.48 16.68 15.72 13.59 12.90 12.60 11.41 10.17 8.99 9.78 10.35 9.18 10.88 12.50 15.50 16.69 18.61 21.11 23.08 24.08 25.49 25.28 26.44 26.66 25.73 25.09 26.29 25.99 25.25 25.69 26.43 25.82 25.63 27.49 28.92 28.66 28.51 28.16 29.47 28.34 28.51 27.85 29.36 28.73 26.32 27.11 27.68 28.14 26.15 26.94 26.77 28.33 27.65 27.26 28.68 28.52 25.86 24.33 23.91 22.85 21.31 21.79 22.26 23.59 21.16 20.08 19.47 21.56 20.11 17.25 15.98 18.08 16.89 14.55 14.55 16.81 14.68 13.28 15.93 17.76 15.43 17.10 20.69 22.59 22.60 
10.92 7.35 4.23 0.78 5.10 7.90 11.05 13.20 16.33 18.85 21.18 22.52 22.13 22.54 21.92 21.54 19.73 18.85 16.88 14.81 14.61 13.42 11.24 10.67 12.65 10.84 10.01 11.45 10.74 11.78 11.90 13.02 15.83 17.92 18.40 19.28 19.05 19.43 19.82 19.54 18.97 19.43 20.32 20.47 20.63 21.32 23.64 24.25 25.96 23.98 26.09 25.27 26.06 24.28 25.17 25.21 23.10 21.54 22.82 23.48 21.13 20.54 21.81 22.55 20.32 20.43 18.79 20.11 19.42 20.86 21.03 22.68 24.28 23.52 22.29 20.96 21.86 21.12 21.34 21.62 24.22 24.97 25.39 24.59 23.98 25.14 26.82 26.41 25.41 25.27 26.69 26.41 26.14 23.67 24.11 24.69 23.70 21.72 22.04 22.73 21.77 21.54 21.84 21.88 22.06 21.03 18.36 19.07 20.66 18.86 16.94 18.31 18.86 16.40 15.19 16.47 16.45 13.39 14.00 15.25 15.33 12.30 10.88 10.97 12.39 12.29 13.50 14.50 15.62 15.23 13.37 12.71 11.94 10.72 10.23 7.44 10.79 11.78 9.67 10.54 13.06 15.00 15.51 17.38 19.99 22.44 22.88 24.82 24.55 26.01 25.63 24.93 24.41 25.84 24.96 24.46 24.91 26.03 24.81 25.01 26.83 28.54 27.59 27.90 27.39 29.02 27.17 27.81 27.23 29.15 27.55 25.47 25.88 27.10 27.17 25.21 26.25 25.98 27.35 26.97 26.44 28.19 27.64 25.31 23.95 23.64 22.16 21.14 21.31 21.83 22.82 20.61 19.88 19.36 21.48 19.98 16.94 16.35 18.34 16.64 13.78 13.86 16.64 14.09 13.77 15.01 17.98 14.99 16.76 20.05 22.21 24.44 
11.61 9.75 6.88 5.10 0.00 5.79 7.61 10.12 11.99 15.83 18.30 19.40 18.59 19.10 17.89 17.46 16.52 14.95 13.71 12.25 13.61 10.82 8.45 9.02 11.39 10.22 9.48 11.36 9.00 9.60 9.28 10.39 12.67 14.96 15.92 17.05 16.81 16.88 17.10 17.65 17.44 18.00 19.41 19.76 19.89 20.95 23.68 24.50 25.58 23.82 26.20 25.69 25.94 23.96 25.42 25.83 23.43 21.28 22.86 23.93 21.06 20.25 22.21 22.96 20.12 20.21 18.84 19.65 18.24 19.79 20.46 22.22 23.75 22.75 21.59 19.08 19.37 18.70 19.70 19.34 21.87 23.04 24.24 22.54 21.94 23.27 26.01 25.37 23.99 23.82 26.18 26.20 25.67 22.83 23.71 24.74 23.20 20.96 21.53 22.87 21.95 21.39 21.74 21.99 22.67 21.60 18.80 18.83 21.01 18.88 16.48 17.55 19.21 16.02 14.56 15.71 15.87 13.19 14.16 16.11 15.58 13.20 11.51 10.59 10.01 10.09 11.20 12.57 14.34 12.45 11.15 9.68 9.43 8.81 6.75 6.15 10.17 11.79 9.23 9.59 8.92 10.74 11.63 13.61 15.99 19.37 19.62 21.55 21.69 23.45 23.00 21.81 22.35 24.63 23.85 22.99 24.06 25.48 24.35 24.13 26.36 28.27 27.94 28.02 27.83 29.32 27.96 28.27 27.54 29.63 28.37 25.63 26.07 28.07 27.74 25.49 26.22 26.92 27.85 27.28 26.48 29.12 28.30 25.42 24.06 23.88 22.28 20.63 21.25 22.14 22.90 20.34 19.95 19.43 21.54 19.95 17.27 16.12 18.44 16.54 13.11 14.11 17.23 14.85 13.56 17.12 19.66 17.40 15.32 18.43 22.55 24.74 
14.28 11.68 9.81 7.90 5.79 0.00 6.11 7.01 10.05 12.40 15.01 16.64 15.76 16.14 14.61 14.09 13.24 12.15 11.05 10.44 11.78 9.60 7.10 8.15 11.27 10.66 9.76 12.40 9.10 9.37 9.10 9.80 11.64 12.95 14.23 16.34 15.78 15.63 15.84 16.26 16.62 16.75 18.06 18.73 19.11 19.99 22.65 23.55 25.06 22.86 25.15 24.56 24.98 22.98 24.07 24.90 22.36 20.49 21.66 23.28 20.32 19.83 21.73 22.80 19.84 20.43 17.69 19.26 18.05 19.82 20.60 22.75 24.26 23.55 21.81 19.27 18.84 18.11 18.85 18.85 21.18 22.67 23.23 21.61 20.36 22.17 24.90 24.52 22.80 22.94 25.24 25.43 24.78 21.91 22.90 23.84 22.23 20.12 20.83 22.12 20.93 20.70 21.21 21.24 21.87 21.31 18.37 18.23 20.86 18.63 16.33 17.21 19.04 16.14 14.99 16.30 16.51 13.93 15.94 17.78 17.12 15.66 13.67 10.61 10.22 10.67 11.23 11.71 13.15 12.30 9.81 9.51 9.09 9.13 8.79 8.72 10.78 12.90 10.30 10.83 8.94 9.58 10.84 12.22 14.56 17.94 18.09 20.43 20.42 21.96 20.93 20.15 20.73 23.13 21.92 21.33 22.83 24.30 22.81 23.04 25.62 27.42 26.80 27.34 26.99 28.52 26.66 27.62 26.41 28.87 27.13 24.78 25.14 27.12 26.53 24.22 25.20 25.51 26.73 26.23 25.37 28.15 27.13 24.11 22.44 22.46 20.43 19.21 19.78 20.79 21.86 19.24 19.17 17.64 19.95 18.66 16.09 15.13 17.30 15.18 12.18 13.36 15.97 13.17 12.43 16.62 19.08 16.46 15.06 19.35 21.76 24.09 
19.14 16.31 12.76 11.05 7.61 6.11 0.36 5.91 6.72 10.35 12.35 14.28 13.61 14.23 13.40 12.73 12.27 11.88 11.82 10.00 11.86 10.98 9.12 10.08 13.39 13.75 12.52 14.17 11.06 11.19 8.97 9.85 10.52 11.25 11.96 14.11 14.17 13.25 13.37 14.63 15.08 15.27 16.37 17.54 18.37 19.10 21.61 22.96 24.79 22.45 24.48 23.84 24.80 22.50 23.87 24.22 22.12 19.81 21.22 22.46 20.00 19.47 21.50 22.50 19.82 20.01 17.65 19.01 18.02 19.79 20.94 23.40 25.31 24.07 22.45 19.78 19.57 18.22 18.92 18.46 20.90 21.83 22.76 20.74 19.41 20.92 24.21 23.72 22.04 21.93 24.60 24.58 24.04 20.75 21.93 22.80 21.27 18.93 19.97 21.04 19.97 19.73 20.45 20.61 21.24 20.74 17.93 17.59 20.42 18.79 16.45 17.29 19.07 16.76 15.67 17.29 17.68 16.14 18.24 20.05 19.12 17.73 14.85 12.25 10.72 10.28 10.28 10.55 12.25 9.88 7.18 7.74 8.96 9.37 9.01 9.83 12.85 14.35 11.73 12.08 10.27 11.11 10.10 11.56 14.15 16.74 16.09 18.52 19.33 20.41 19.26 18.62 19.72 21.81 20.84 20.37 21.85 23.21 21.92 22.19 25.02 26.76 25.94 26.41 26.39 27.72 26.02 26.74 26.01 27.83 26.29 23.52 24.48 25.76 25.00 22.86 23.85 23.92 24.98 24.62 23.95 26.46 25.92 22.67 21.08 20.49 18.97 17.42 18.06 19.08 20.64 18.36 18.05 16.71 19.16 17.63 15.43 14.74 17.46 15.70 12.87 14.14 17.11 14.65 13.67 17.68 19.02 16.51 15.67 18.76 21.62 22.78 
20.78 19.06 14.66 13.20 10.12 7.01 5.91 1.15 6.10 7.91 10.58 12.04 12.12 12.02 11.54 11.11 11.29 11.03 10.52 8.82 11.69 11.78 10.22 10.97 15.13 16.05 14.75 16.97 13.45 13.36 11.49 10.36 11.35 12.04 11.94 13.78 13.90 13.25 13.29 14.57 14.73 15.17 16.09 17.49 17.80 19.09 21.67 23.21 24.93 22.55 24.56 24.06 24.66 22.49 23.56 24.26 21.81 19.74 21.08 22.71 19.93 19.51 21.43 22.78 19.92 20.51 17.92 19.50 18.24 20.34 21.09 23.94 25.53 24.31 22.29 19.96 19.45 18.25 18.85 18.48 20.55 21.60 22.32 20.55 18.92 20.44 23.27 23.31 21.70 21.67 24.11 24.32 23.65 20.79 21.70 22.93 21.42 19.38 20.03 21.19 20.21 20.26 20.92 20.74 21.88 21.22 18.33 17.88 21.11 19.15 17.25 18.32 20.08 17.55 16.90 18.64 18.82 17.08 19.28 21.05 20.12 19.21 16.37 13.05 11.43 11.11 11.41 11.72 11.98 10.96 9.79 9.93 10.85 11.83 11.77 13.05 16.86 17.82 14.14 14.60 12.70 11.56 10.57 10.46 13.11 15.35 14.89 17.81 18.61 20.04 18.44 17.75 18.92 21.62 20.51 20.20 21.57 23.61 22.03 22.56 25.31 27.24 26.05 26.64 26.44 28.00 25.76 26.64 25.87 28.31 25.81 23.29 23.91 25.49 24.30 22.17 23.56 23.66 24.52 24.36 23.90 26.59 25.67 22.62 20.94 20.46 18.52 17.43 17.41 18.54 20.47 17.60 17.82 16.21 18.73 17.18 15.09 14.95 17.51 15.70 13.59 15.03 17.71 15.62 15.45 18.71 20.54 18.69 17.82 20.90 21.78 24.27 
23.02 21.30 17.40 16.33 11.99 10.05 6.72 6.10 1.58 4.97 6.50 9.32 9.01 9.75 9.05 9.38 10.27 10.90 11.01 10.68 14.40 14.70 12.95 14.53 18.55 19.02 17.73 19.89 16.76 16.47 13.52 11.62 10.33 10.00 9.31 10.59 11.02 9.59 10.25 12.55 13.39 13.27 14.85 16.67 17.55 19.05 21.79 23.36 24.96 22.75 24.83 24.39 24.89 22.70 23.68 24.76 22.21 19.97 21.17 23.07 20.60 20.14 22.14 23.52 21.04 21.65 18.79 20.34 19.14 21.01 21.88 24.53 26.77 25.03 23.13 20.33 20.00 18.30 19.13 18.34 20.39 21.54 22.08 20.56 18.69 20.16 22.98 23.04 21.14 21.10 23.65 24.31 23.90 20.68 21.46 23.27 21.91 19.32 19.74 21.91 21.27 20.54 21.08 21.34 22.85 22.58 19.25 18.97 21.97 20.25 17.89 18.88 21.35 19.37 18.27 19.98 20.86 19.15 20.90 22.67 22.23 21.37 19.28 15.81 13.14 12.04 11.74 10.45 11.04 10.62 10.66 10.74 12.66 13.80 14.33 15.63 19.33 20.86 18.08 18.66 15.81 13.80 12.50 11.84 12.12 13.52 13.73 15.98 17.56 19.46 17.77 16.71 17.64 20.84 19.41 19.29 21.26 23.35 22.03 22.63 25.73 27.78 26.62 27.20 26.92 28.27 26.19 27.03 25.89 28.14 26.17 23.35 23.96 25.39 24.44 22.11 23.41 23.56 24.39 24.62 24.22 26.95 25.71 22.50 21.08 20.47 18.58 16.99 16.52 18.20 20.30 17.94 17.62 16.70 18.92 18.01 15.17 15.35 17.86 16.87 15.26 16.03 19.14 16.74 16.99 19.87 20.96 19.86 21.59 21.97 23.79 24.48 
25.48 23.53 20.28 18.85 15.83 12.40 10.35 7.91 4.97 1.84 5.18 7.26 8.02 9.38 9.23 8.92 10.50 10.85 11.60 11.94 15.27 15.32 14.25 16.25 20.39 20.60 19.11 21.91 18.79 18.53 15.63 13.63 11.70 10.97 10.22 11.56 11.65 10.65 11.37 13.39 14.40 14.04 15.84 17.30 18.25 19.49 22.62 23.37 25.45 23.08 25.27 24.38 25.11 23.11 23.78 25.03 22.32 20.25 21.46 23.26 20.62 20.10 22.52 23.72 21.31 21.76 18.98 20.80 19.69 21.42 22.04 24.79 27.01 25.32 23.85 20.81 20.53 18.41 19.48 18.65 20.78 21.54 22.51 20.78 18.90 20.52 23.36 23.25 21.44 21.52 23.98 24.55 24.37 21.36 22.29 23.80 22.39 20.18 21.09 22.88 21.66 21.17 22.28 22.40 23.56 23.52 20.40 20.18 22.89 21.32 19.03 19.95 21.96 20.38 19.50 21.31 21.63 20.17 22.43 24.40 23.44 22.62 21.11 17.24 14.41 13.62 12.28 10.78 11.00 11.18 11.54 13.04 14.49 15.85 17.12 18.63 21.83 22.88 20.16 21.29 16.81 15.28 13.65 12.59 12.13 13.46 13.37 15.69 17.07 19.38 17.94 16.49 17.70 21.28 19.66 19.25 21.22 23.68 22.39 22.76 26.09 28.13 27.02 27.58 27.18 28.63 26.38 27.25 25.73 28.18 25.87 23.16 23.61 25.11 23.70 21.19 22.86 23.02 24.04 24.26 23.93 26.84 25.50 21.97 20.91 20.02 17.43 15.96 15.21 16.52 18.85 16.46 17.13 15.73 18.53 17.83 14.44 15.58 18.63 17.19 15.10 17.15 19.89 17.94 17.62 20.54 22.10 21.21 21.73 23.87 24.49 24.99 
27.86 26.73 22.53 21.18 18.30 15.01 12.35 10.58 6.50 5.18 2.24 5.35 6.63 8.58 10.10 10.48 11.67 12.27 13.29 13.13 16.31 17.06 15.80 17.97 21.68 22.10 20.22 22.84 20.16 19.26 15.88 13.88 12.16 10.90 10.25 11.58 12.13 10.85 11.41 13.70 14.35 14.55 16.25 17.88 18.34 20.13 22.78 24.11 25.95 23.70 25.52 24.88 25.73 23.64 24.31 25.52 22.74 20.64 21.91 23.58 20.86 20.53 22.93 24.32 21.46 22.37 19.46 21.14 20.10 21.59 22.11 25.08 27.51 26.07 24.07 21.21 21.36 19.21 19.71 18.80 20.98 22.29 22.83 21.35 19.31 21.10 24.01 24.15 22.14 22.45 24.99 25.46 25.00 22.12 23.22 24.72 22.82 20.95 22.03 24.00 22.31 22.03 23.39 24.02 24.92 24.75 21.71 21.67 24.22 22.78 20.76 21.72 23.37 21.97 21.22 22.84 23.20 21.96 24.66 26.36 25.10 24.51 22.47 18.35 15.63 14.94 13.58 12.20 12.64 12.99 13.43 14.97 16.66 17.88 18.21 20.35 23.32 24.46 21.86 22.64 19.32 17.53 15.46 14.01 13.30 14.37 13.42 15.91 17.26 19.60 18.43 18.00 18.73 22.18 20.87 20.86 22.57 24.58 23.29 23.87 26.83 28.73 27.69 28.25 27.69 29.01 26.73 27.52 26.01 28.11 25.94 22.76 23.62 24.97 23.31 21.08 22.76 22.89 23.88 24.41 24.22 26.89 25.62 22.10 20.79 19.45 16.92 14.96 14.26 15.50 17.66 15.89 16.35 15.65 18.43 17.56 14.69 16.10 19.71 18.27 16.11 18.25 22.26 19.65 18.87 22.51 24.02 22.98 23.22 24.40 26.32 26.09 
29.54 27.92 23.68 22.52 19.40 16.64 14.28 12.04 9.32 7.26 5.35 0.00 5.01 6.71 8.26 10.03 11.68 12.18 12.73 12.79 15.89 16.76 16.05 17.78 21.93 22.14 21.41 23.81 20.69 19.75 17.01 16.09 14.32 13.78 12.95 13.46 13.00 12.66 13.10 14.06 14.93 15.51 17.27 18.35 18.95 20.77 23.93 25.10 27.23 24.93 26.89 26.31 26.77 24.97 25.45 26.90 23.82 22.04 22.81 24.75 21.68 21.40 23.72 24.98 22.07 22.91 20.14 21.64 20.41 22.03 22.53 25.43 27.88 26.13 23.94 21.66 21.86 19.78 20.46 19.94 22.11 23.07 23.60 22.02 20.11 21.79 24.40 24.99 23.37 23.44 25.60 26.33 26.11 23.43 24.24 26.13 24.67 22.59 23.47 25.43 23.97 23.96 25.03 25.87 26.74 26.61 23.36 23.46 25.78 24.25 21.97 23.40 24.90 22.85 21.65 23.79 23.87 22.18 24.28 26.35 25.69 25.19 22.54 18.95 16.82 16.21 14.87 14.44 15.05 15.95 16.07 17.23 17.93 19.12 19.28 21.44 24.82 25.75 23.21 24.33 21.19 19.38 17.08 16.02 14.74 15.24 13.97 17.10 18.31 20.58 19.37 18.91 19.74 23.13 21.75 21.77 23.14 25.49 24.15 24.66 27.53 29.49 28.11 28.80 28.14 29.82 27.41 28.47 26.92 29.19 26.51 23.73 24.28 25.48 23.90 21.55 23.53 23.44 24.18 24.77 24.42 27.47 26.01 23.00 21.80 20.71 17.79 16.19 15.06 16.21 18.05 16.09 16.58 15.83 18.27 18.05 15.69 16.76 19.71 18.71 16.80 19.27 21.93 20.20 19.81 23.16 24.26 23.77 23.50 26.89 26.08 26.61 
29.43 28.24 23.68 22.13 18.59 15.76 13.61 12.12 9.01 8.02 6.63 5.01 0.00 4.83 6.36 7.41 9.54 10.52 11.34 11.57 14.99 15.33 14.04 16.31 20.18 20.71 19.87 22.26 18.90 17.80 15.12 14.15 13.40 13.93 12.85 13.21 12.96 13.18 13.21 14.36 14.96 15.70 17.17 18.84 19.33 21.25 24.00 25.51 27.23 25.22 27.30 26.88 27.23 24.91 25.77 27.19 24.34 21.83 22.79 24.72 21.69 21.11 23.19 24.50 21.46 22.41 19.89 21.33 19.58 21.38 22.01 24.86 27.08 25.32 23.30 21.18 21.46 19.24 20.07 19.39 21.56 22.97 23.61 21.78 19.85 21.67 24.23 24.83 23.52 23.31 25.37 26.52 26.44 23.63 24.25 26.31 25.01 22.77 23.42 25.75 24.93 24.70 25.65 26.33 27.37 27.06 23.72 23.60 26.02 24.14 21.83 23.42 25.14 22.46 20.86 23.01 23.53 21.01 22.83 25.48 24.87 23.42 21.00 17.77 16.01 14.65 13.14 13.96 16.16 16.00 16.18 16.46 17.86 19.01 19.02 21.31 24.48 25.76 22.81 24.12 20.83 18.68 16.63 16.01 14.40 14.83 14.05 17.00 17.34 19.97 18.58 18.62 19.20 22.75 21.42 21.70 23.09 25.53 24.07 24.32 27.08 29.52 27.79 28.29 28.10 29.86 27.46 28.22 27.03 29.04 26.55 23.80 24.55 25.86 24.13 21.76 23.63 23.58 24.00 24.21 23.80 26.82 25.22 21.70 20.52 19.56 17.33 14.52 13.41 14.76 17.05 15.22 15.17 13.77 17.02 16.61 14.29 15.36 18.17 17.77 16.17 18.35 21.18 19.31 18.33 22.04 23.58 22.98 23.09 24.80 25.36 25.99 
29.03 27.07 23.59 22.54 19.10 16.14 14.23 12.02 9.75 9.38 8.58 6.71 4.83 0.00 5.45 6.96 8.26 8.77 9.86 10.70 13.25 13.13 12.44 14.62 19.47 18.84 18.38 21.48 18.60 17.22 15.27 14.41 13.65 13.55 13.05 14.02 14.02 13.49 13.70 14.75 15.68 15.80 17.51 18.69 19.55 21.15 24.22 25.16 27.31 25.21 27.19 26.86 27.28 25.27 25.67 27.11 24.20 22.18 22.74 24.50 21.40 20.94 23.14 24.43 21.30 22.08 19.32 21.11 19.56 21.03 21.85 25.05 26.73 25.07 23.02 21.09 20.71 18.15 19.74 19.70 21.70 23.03 23.75 22.61 20.52 22.48 24.89 25.46 23.68 23.85 25.70 26.56 26.58 24.18 24.71 26.42 24.89 23.21 24.18 26.21 24.79 25.07 25.79 26.28 26.80 27.05 23.62 23.88 25.92 24.08 21.70 23.34 24.48 22.17 20.78 23.05 23.12 20.57 22.47 25.09 23.99 22.66 20.88 17.48 15.19 13.88 13.28 13.74 15.39 15.98 16.58 16.95 18.22 19.01 19.40 21.40 24.61 25.70 23.17 23.99 20.99 18.83 16.14 15.35 14.40 15.85 14.88 17.44 18.36 20.79 19.71 19.10 19.99 23.47 22.02 22.17 23.45 25.86 24.67 24.82 27.29 29.52 27.89 28.69 28.38 29.92 27.41 28.36 26.71 28.96 26.13 23.03 23.95 25.28 23.43 20.87 22.82 22.96 23.43 23.69 23.18 26.10 24.44 21.51 20.17 19.18 16.10 14.94 13.55 14.21 16.05 14.18 13.92 12.00 15.68 15.90 12.43 13.84 17.40 16.66 14.56 17.06 20.24 18.72 18.58 21.58 23.27 22.61 22.26 24.96 24.55 25.33 
27.51 26.74 23.15 21.92 17.89 14.61 13.40 11.54 9.05 9.23 10.10 8.26 6.36 5.45 0.00 5.30 7.05 6.54 7.76 8.66 11.36 11.35 10.88 13.49 17.44 17.50 16.71 20.17 18.19 16.73 14.37 13.64 12.75 12.62 11.94 13.29 14.40 13.52 13.93 15.43 16.11 16.52 18.18 19.35 19.99 21.75 24.68 25.61 27.41 25.05 27.36 26.85 27.51 25.24 25.99 27.00 24.28 21.82 22.81 24.51 21.36 20.94 23.18 24.39 21.51 22.41 19.77 21.83 20.42 21.91 22.49 25.57 27.75 26.13 24.48 21.97 22.02 19.83 20.88 20.06 22.50 23.79 24.60 22.90 20.91 23.03 25.61 25.54 23.83 24.15 26.62 27.19 26.59 24.35 25.38 26.77 24.93 23.39 24.69 26.51 25.16 25.09 26.27 26.24 27.17 26.98 23.90 23.92 26.04 24.12 21.57 22.85 24.18 21.93 20.82 22.88 22.86 20.81 22.59 24.78 23.41 22.55 20.79 16.76 13.90 14.13 13.40 13.27 14.63 15.82 16.66 17.04 17.88 19.03 19.33 21.02 24.24 24.99 22.47 23.34 20.29 18.27 15.26 14.81 14.43 16.08 15.10 17.51 18.49 21.10 19.80 19.71 20.75 24.05 22.45 22.66 24.57 26.65 24.76 25.33 27.70 29.81 27.99 28.90 28.48 29.98 27.48 28.16 26.53 28.72 26.29 23.33 23.94 25.20 23.61 21.29 22.80 22.53 23.18 23.28 22.84 25.42 23.77 20.45 19.33 18.38 15.58 14.16 13.88 14.21 14.60 12.85 12.99 11.54 14.26 13.98 11.52 12.83 15.65 15.27 13.38 16.14 18.91 17.39 17.04 20.74 21.97 22.00 21.93 23.60 24.01 24.86 
27.71 25.89 22.36 21.54 17.46 14.09 12.73 11.11 9.38 8.92 10.48 10.03 7.41 6.96 5.30 0.00 5.77 6.71 7.04 7.72 10.51 11.61 10.87 12.74 16.97 17.20 16.71 19.71 17.16 15.95 13.41 13.55 12.68 12.59 11.88 13.50 14.17 14.18 14.75 15.95 17.13 17.28 18.91 20.36 21.16 22.65 25.57 26.78 28.44 26.11 28.19 28.00 28.11 26.02 26.63 27.69 24.85 22.56 23.52 24.97 21.99 21.36 23.46 24.96 21.74 22.92 20.27 21.92 20.66 22.58 23.02 26.05 27.85 26.62 24.60 22.26 22.55 20.80 21.70 20.92 23.00 24.81 25.38 23.55 21.78 23.79 26.00 26.02 24.21 24.87 27.14 27.50 26.93 24.61 25.62 26.96 25.55 23.81 25.27 27.24 25.77 25.83 26.47 26.89 27.63 27.44 24.49 24.40 26.29 24.35 21.71 22.87 24.49 21.90 20.72 22.95 23.08 20.60 22.01 24.11 23.25 22.33 20.15 16.35 14.23 13.68 13.47 14.08 15.30 16.18 17.30 17.37 17.80 19.15 19.29 20.99 23.45 24.81 22.51 23.32 20.71 18.39 15.63 15.62 14.99 16.51 16.10 18.44 19.65 21.60 20.60 20.24 21.31 24.67 23.03 22.90 24.66 26.95 25.18 25.48 28.17 29.90 28.39 29.31 28.79 30.08 27.82 28.50 27.03 29.20 26.76 24.07 24.60 25.69 24.39 22.31 23.51 23.00 23.65 23.78 22.94 25.71 23.94 20.73 19.90 18.68 15.96 14.35 14.56 14.64 14.86 12.09 12.82 11.41 13.41 13.35 12.19 12.86 14.95 14.65 13.70 15.32 17.95 16.97 17.40 20.14 21.85 21.39 21.50 23.83 23.57 24.57 
26.44 24.92 20.34 19.73 16.52 13.24 12.27 11.29 10.27 10.50 11.67 11.68 9.54 8.26 7.05 5.77 1.71 5.79 7.43 6.57 8.97 10.40 10.42 11.69 15.11 15.88 15.52 18.09 14.92 14.37 12.13 12.28 10.84 11.72 11.50 12.25 12.35 13.94 14.35 15.48 16.93 17.59 18.73 20.08 21.29 22.65 25.79 26.71 28.40 25.96 28.71 28.07 28.17 25.90 26.83 27.96 25.19 22.76 23.58 25.43 22.26 21.72 23.50 24.81 21.62 22.50 20.18 21.86 20.04 22.08 22.92 25.61 27.45 25.90 24.22 21.83 22.08 20.58 21.64 20.77 23.05 24.76 25.66 23.91 22.26 23.94 26.24 26.29 24.62 24.86 26.83 27.50 26.90 24.38 25.35 26.86 25.25 23.59 25.04 27.06 25.91 25.64 26.38 26.89 27.82 27.61 24.72 24.68 26.52 24.19 21.70 22.88 24.24 21.49 20.03 22.37 22.61 19.61 20.83 23.47 22.38 20.24 18.19 16.39 14.62 12.84 12.67 14.89 16.94 16.55 17.79 18.11 18.83 19.93 20.07 21.15 23.46 24.74 22.55 23.33 20.92 18.97 17.04 16.73 16.02 16.95 16.88 19.24 19.93 22.12 21.20 20.98 21.59 24.53 23.37 23.28 24.52 26.65 25.04 25.45 27.72 29.94 28.29 28.93 28.55 30.16 27.75 28.52 27.33 29.25 27.00 24.51 25.29 26.21 24.99 22.77 24.05 23.55 23.95 23.91 23.18 25.35 23.70 20.67 19.47 18.65 16.24 14.45 14.76 14.32 14.89 12.40 11.95 9.46 12.83 12.18 10.98 11.16 13.91 13.32 13.10 14.46 16.44 15.67 15.29 18.45 20.33 19.82 20.21 22.49 23.00 24.16 
24.98 22.65 18.99 18.85 14.95 12.15 11.88 11.03 10.90 10.85 12.27 12.18 10.52 8.77 6.54 6.71 5.79 0.00 5.55 6.66 6.75 6.71 7.98 10.74 12.83 13.23 13.69 16.81 13.99 13.89 12.39 12.97 12.01 13.14 13.51 14.44 14.78 15.97 16.76 17.38 18.28 18.85 20.21 20.95 21.98 23.26 26.35 27.02 28.63 26.45 29.03 28.10 28.34 25.85 26.88 27.51 24.68 22.43 23.35 24.79 21.61 21.14 22.91 24.48 20.93 22.28 19.62 21.57 19.86 21.68 22.51 25.75 27.02 25.90 24.25 22.12 22.04 20.36 21.62 21.48 23.75 25.31 26.14 24.78 22.87 24.41 26.49 26.60 24.77 24.60 26.65 27.23 26.69 24.30 25.40 26.72 25.23 23.66 25.31 26.87 25.63 25.59 26.35 26.44 27.22 26.95 24.05 24.09 25.85 23.52 20.97 22.06 23.57 20.73 19.30 21.31 21.90 18.88 20.13 22.77 21.59 19.59 17.89 15.77 14.25 13.47 13.86 15.79 17.44 17.63 18.17 18.41 18.99 19.99 19.69 20.87 22.83 24.56 21.80 22.46 20.09 18.54 15.85 16.12 15.79 17.67 17.76 19.57 20.44 22.92 21.91 21.76 22.24 24.69 24.12 23.87 24.72 26.75 25.79 25.53 27.42 29.47 28.28 28.90 28.29 29.62 27.30 28.00 26.53 28.68 26.36 23.81 24.31 25.54 24.37 22.11 23.26 22.95 23.56 23.69 22.36 24.96 23.00 20.48 19.08 18.30 15.81 15.36 14.31 13.88 14.44 12.32 10.65 6.42 10.91 11.35 8.00 7.93 12.18 11.98 9.71 12.41 15.50 14.40 14.24 17.59 19.16 18.54 18.75 21.94 21.97 23.67 
22.65 21.14 17.91 16.88 13.71 11.05 11.82 10.52 11.01 11.60 13.29 12.73 11.34 9.86 7.76 7.04 7.43 5.55 0.49 5.50 7.45 6.16 6.22 9.33 12.29 11.58 11.69 15.50 13.09 12.59 11.18 12.05 12.00 13.57 13.66 14.58 16.02 16.99 17.60 17.99 18.99 19.53 21.18 21.76 22.35 23.49 26.51 27.43 29.01 26.22 29.27 28.62 28.53 25.93 26.85 27.55 24.45 22.09 22.83 24.25 21.10 20.67 22.39 23.40 20.61 21.76 19.26 21.21 19.89 21.35 22.18 24.83 26.56 25.41 24.36 22.07 22.15 20.80 21.63 21.34 23.85 25.16 26.03 24.78 23.24 24.71 26.87 26.51 24.76 24.88 27.27 27.36 26.61 24.53 25.77 26.60 25.01 23.82 25.31 26.47 25.37 25.47 26.15 25.98 26.84 26.76 23.85 23.61 25.34 22.93 20.41 21.51 22.54 19.76 18.45 20.52 20.63 18.14 19.30 21.71 20.27 18.76 16.86 14.98 12.99 13.81 14.23 15.53 17.69 18.14 18.52 18.72 19.31 20.08 19.62 20.47 22.33 23.23 20.41 21.35 19.31 17.77 14.83 15.71 15.57 17.58 17.51 20.11 20.87 23.43 22.79 22.72 22.89 25.95 24.85 24.89 25.45 27.34 25.94 26.16 27.71 29.61 27.93 28.81 28.15 29.40 26.90 27.72 26.16 28.04 25.85 23.36 24.03 25.00 23.90 21.97 23.24 22.66 23.05 22.92 22.19 24.28 22.48 19.41 18.70 17.86 15.71 14.23 14.51 13.94 14.58 11.86 10.89 7.70 10.57 9.78 6.78 6.35 11.09 9.57 7.09 9.70 13.55 11.80 11.68 15.35 17.15 16.75 16.95 19.84 20.55 22.40 
21.66 19.51 15.31 14.81 12.25 10.44 10.00 8.82 10.68 11.94 13.13 12.79 11.57 10.70 8.66 7.72 6.57 6.66 5.50 0.00 5.33 6.76 5.72 6.49 10.09 10.81 10.33 13.23 11.54 11.22 9.12 10.35 10.76 12.19 12.43 13.11 14.97 16.37 16.55 17.29 19.14 19.63 20.82 21.84 23.08 24.26 26.72 27.89 29.34 26.99 29.47 29.10 28.99 26.52 27.39 27.94 24.78 22.69 23.10 24.15 21.09 20.44 22.04 23.13 20.16 21.16 19.04 20.24 19.21 20.84 21.41 23.69 25.20 24.34 23.33 20.40 21.02 20.20 21.46 20.66 22.89 24.83 25.77 24.13 22.83 24.42 26.47 25.83 24.08 24.45 26.82 26.73 26.13 24.17 25.28 25.98 24.82 23.62 25.02 26.23 25.47 25.52 26.03 25.85 26.72 26.44 23.61 23.37 24.93 22.79 19.98 21.07 21.80 19.32 17.71 19.77 19.45 17.09 18.12 20.35 19.00 17.65 15.59 13.69 12.13 12.83 13.40 15.14 16.94 17.24 17.95 18.22 18.30 19.63 19.38 20.20 21.34 22.86 20.50 21.19 18.57 17.22 15.41 16.21 16.05 18.02 18.37 21.02 21.36 23.56 23.11 23.08 23.37 26.04 25.16 25.00 25.55 27.33 25.90 26.21 28.17 29.58 28.08 28.94 28.39 29.42 27.06 27.83 26.71 28.60 26.10 23.84 24.45 25.48 24.41 22.67 23.68 23.05 23.39 23.66 22.44 24.63 22.53 19.83 18.82 18.16 15.83 14.38 14.65 14.05 14.56 12.30 12.03 10.43 11.31 9.83 8.63 8.14 10.53 9.86 8.28 10.26 12.75 11.93 11.88 15.36 16.50 16.46 16.96 20.25 19.72 22.05 
22.15 19.88 15.58 14.61 13.61 11.78 11.86 11.69 14.40 15.27 16.31 15.89 14.99 13.25 11.36 10.51 8.97 6.75 7.45 5.33 0.20 5.74 7.28 6.32 8.23 10.21 10.45 13.08 11.00 11.58 10.60 12.00 12.45 14.56 15.47 16.04 17.04 18.12 19.14 19.60 21.47 22.09 23.06 24.26 25.13 26.07 28.54 29.44 30.69 28.87 31.25 30.88 30.75 28.60 29.35 29.74 26.68 24.82 24.90 25.94 22.67 22.17 23.70 24.67 21.78 22.61 20.72 21.76 20.17 21.55 22.64 24.62 26.15 25.02 23.99 21.66 21.78 21.78 22.72 22.24 24.38 26.31 27.25 26.06 24.70 26.21 27.89 27.64 25.87 25.99 27.91 28.24 27.43 25.70 26.45 27.32 26.06 25.28 26.35 27.80 27.15 27.26 27.56 27.55 28.41 28.32 25.26 24.92 26.46 24.17 21.46 22.09 23.00 20.47 18.84 20.25 20.12 17.84 19.02 21.02 19.99 18.85 16.94 15.25 14.36 14.97 15.81 17.67 19.63 19.97 21.08 20.71 20.63 21.83 21.96 22.46 23.67 25.09 22.74 23.09 20.55 20.01 18.53 18.83 18.65 20.76 21.04 23.37 23.53 25.38 25.46 25.43 25.37 27.70 26.96 27.07 27.35 28.88 27.46 28.13 29.55 31.61 30.02 30.78 29.80 31.44 29.03 29.91 28.69 30.68 28.31 26.18 26.57 27.79 26.85 25.27 25.88 25.35 25.58 25.98 24.98 26.55 24.85 22.19 21.26 20.34 18.46 16.81 17.56 16.67 16.36 14.16 14.25 11.32 13.00 11.71 9.98 8.92 11.50 10.06 9.51 10.28 12.74 11.44 11.94 14.49 16.73 16.07 16.28 19.71 20.75 21.90 
19.22 17.02 13.57 13.42 10.82 9.60 10.98 11.78 14.70 15.32 17.06 16.76 15.33 13.13 11.35 11.61 10.40 6.71 6.16 6.76 5.74 0.00 4.99 6.92 6.23 6.54 8.85 12.03 9.65 10.48 11.00 12.47 13.48 15.81 16.78 17.36 17.76 18.76 19.42 20.43 21.59 22.22 23.31 24.31 24.83 25.69 28.08 28.73 30.13 28.27 30.80 29.91 29.73 27.68 28.34 28.64 25.39 23.79 24.13 24.93 21.64 21.27 22.64 23.70 20.43 21.32 19.26 20.67 18.69 19.95 20.95 23.65 24.53 23.46 22.81 20.62 21.07 20.41 22.12 21.86 24.34 25.85 26.57 25.63 24.43 25.55 27.32 27.08 25.10 25.12 27.02 27.35 26.60 24.86 25.98 26.80 25.31 24.46 25.85 26.97 25.97 26.50 26.62 26.65 27.24 27.06 23.97 24.16 25.41 23.15 20.06 21.07 21.68 19.37 17.42 18.99 19.23 17.01 17.39 19.43 18.18 17.51 15.80 13.78 13.14 14.60 16.33 17.54 19.04 19.69 20.08 19.70 19.80 20.85 20.42 21.01 22.10 23.81 21.16 21.60 18.90 18.41 16.95 17.64 17.61 20.33 20.73 22.84 22.87 25.13 24.89 25.28 25.20 27.28 26.86 26.96 27.02 28.49 27.66 27.55 28.90 30.57 29.39 29.89 29.02 30.24 27.87 28.77 27.44 29.54 27.33 24.95 25.38 26.74 26.08 24.05 24.94 24.40 25.23 25.34 23.95 25.82 24.21 21.70 20.29 19.74 17.80 16.86 17.00 15.96 15.95 13.77 13.31 8.58 10.87 11.65 7.95 5.39 9.15 8.97 6.31 7.40 11.10 10.01 9.85 12.96 15.36 15.05 15.08 18.59 19.20 21.54 
16.59 14.64 11.92 11.24 8.45 7.10 9.12 10.22 12.95 14.25 15.80 16.05 14.04 12.44 10.88 10.87 10.42 7.98 6.22 5.72 7.28 4.99 0.00 5.28 7.47 6.39 7.14 10.78 8.76 9.59 9.59 11.57 12.32 15.15 15.67 16.32 17.46 18.04 18.49 19.37 20.66 21.36 22.41 23.51 24.33 25.33 27.67 28.78 30.40 27.99 30.35 29.89 29.92 27.13 27.68 28.24 24.78 22.53 22.65 24.09 20.53 20.34 21.69 22.58 19.73 20.57 18.25 19.59 18.16 18.93 19.80 22.27 23.79 22.49 21.69 20.07 20.21 19.66 20.66 20.96 23.57 25.01 25.58 24.37 23.01 24.49 26.40 25.92 23.99 24.22 26.32 26.51 25.48 23.87 25.00 25.74 24.10 23.24 24.37 25.51 24.62 24.82 25.16 25.02 25.84 25.66 22.56 22.55 24.13 21.29 18.34 19.43 20.29 17.49 15.58 17.45 17.81 15.45 16.04 17.28 16.21 15.31 14.26 11.65 10.79 13.33 15.48 16.02 17.93 18.41 18.64 18.41 18.38 18.71 18.09 19.06 20.44 21.22 18.80 19.70 17.34 16.96 15.02 16.45 16.97 19.35 19.65 22.25 22.79 24.72 24.55 24.59 24.81 27.30 26.50 26.30 26.59 27.95 26.57 26.55 27.96 29.66 27.91 28.72 27.94 29.04 26.36 27.66 26.37 28.45 25.95 23.76 24.52 25.92 24.64 23.04 24.07 23.98 24.09 23.87 22.91 25.08 23.44 20.59 19.66 19.27 17.24 16.02 16.75 16.72 16.55 13.73 13.28 10.72 12.27 10.93 7.89 5.91 8.94 7.62 5.82 5.94 9.52 8.32 8.05 10.82 13.12 12.97 13.61 16.51 17.70 19.54 
16.15 14.65 11.36 10.67 9.02 8.15 10.08 10.97 14.53 16.25 17.97 17.78 16.31 14.62 13.49 12.74 11.69 10.74 9.33 6.49 6.32 6.92 5.28 0.00 5.96 7.08 6.31 8.67 8.79 9.27 9.22 10.81 12.21 14.46 15.37 16.13 17.53 18.14 18.77 19.67 21.05 21.80 22.68 23.66 24.95 25.79 27.97 29.21 31.09 28.95 30.74 30.70 30.88 28.39 28.61 29.08 26.14 23.70 24.07 24.76 22.01 21.12 22.74 23.15 20.66 21.10 18.92 19.27 18.16 19.31 20.19 22.42 23.58 22.74 22.19 19.72 20.26 19.78 21.52 21.65 23.98 25.68 26.34 25.00 23.53 24.69 26.74 26.32 24.10 24.50 26.67 26.76 25.89 24.40 25.27 26.07 24.62 23.99 24.77 25.92 24.93 25.27 25.35 25.28 26.17 26.11 22.89 22.84 24.32 21.97 18.73 19.80 20.59 18.13 15.82 17.72 17.51 16.05 15.61 17.16 15.97 16.19 14.13 12.42 11.90 14.33 15.97 17.02 19.01 19.19 19.40 18.58 18.58 19.08 18.90 19.56 20.55 21.58 19.92 20.17 17.74 17.37 16.43 18.02 18.64 20.78 21.08 23.61 24.29 26.06 25.71 25.89 26.10 28.46 27.94 27.44 27.74 29.11 27.71 27.47 29.17 30.60 29.18 29.71 28.95 29.81 27.53 28.51 27.76 29.51 27.30 25.15 25.90 27.06 25.97 24.33 25.47 25.11 25.36 25.51 24.51 26.66 24.78 22.17 21.12 20.75 18.84 17.58 18.31 18.10 18.28 15.15 15.31 13.29 14.05 12.62 10.79 9.46 10.74 8.96 7.52 8.27 10.75 9.32 9.60 12.72 14.67 14.44 14.56 17.99 18.28 20.20 
16.69 15.32 12.67 12.65 11.39 11.27 13.39 15.13 18.55 20.39 21.68 21.93 20.18 19.47 17.44 16.97 15.11 12.83 12.29 10.09 8.23 6.23 7.47 5.96 0.51 6.45 7.53 9.42 9.87 11.30 12.21 14.60 16.27 18.43 19.51 20.10 21.03 22.03 22.76 22.94 23.61 24.11 25.25 25.91 26.85 27.60 29.89 31.28 33.36 30.89 32.99 32.70 33.04 30.96 31.26 31.39 28.21 26.38 26.13 27.21 24.15 23.44 24.59 25.45 22.62 23.16 20.49 21.22 19.68 20.64 21.67 23.87 25.03 23.81 23.36 21.40 21.79 21.70 23.39 23.67 26.54 27.69 28.89 27.69 26.54 27.21 29.05 28.75 27.04 26.98 28.70 28.73 28.25 26.59 27.27 27.68 26.39 26.03 26.93 27.77 26.79 27.14 27.55 27.26 28.25 28.15 25.10 24.90 26.37 23.80 21.07 21.92 22.53 19.94 17.93 19.16 18.76 16.50 16.68 17.96 17.26 17.45 16.27 14.63 15.10 17.11 18.95 20.75 22.86 23.06 23.10 22.15 22.08 22.61 22.73 22.73 23.92 25.26 23.57 23.25 20.95 21.25 20.59 21.37 22.30 24.56 25.23 27.23 27.51 28.93 29.19 28.70 28.42 30.66 30.27 29.89 29.65 31.36 29.96 29.79 31.03 32.89 31.63 32.15 30.84 32.25 30.32 31.44 30.25 32.11 30.19 28.16 28.56 29.79 28.86 27.48 28.26 27.87 28.27 28.50 27.80 29.26 28.18 25.53 24.42 23.84 22.31 20.75 21.78 21.62 21.50 18.84 18.76 16.09 16.04 14.91 13.03 11.25 12.40 10.74 8.70 9.49 11.63 9.98 9.99 13.34 15.29 14.40 15.20 18.59 19.81 20.80 
14.96 12.93 10.49 10.84 10.22 10.66 13.75 16.05 19.02 20.60 22.10 22.14 20.71 18.84 17.50 17.20 15.88 13.23 11.58 10.81 10.21 6.54 6.39 7.08 6.45 0.00 5.37 8.01 7.82 9.20 11.39 13.40 15.56 17.58 19.27 18.82 20.28 20.94 21.49 22.03 22.66 23.12 24.14 25.02 26.14 26.74 29.36 30.49 32.29 30.01 32.42 31.52 31.59 29.24 29.77 29.63 26.29 24.24 24.93 25.39 22.35 21.46 22.89 23.71 20.92 21.72 18.86 19.93 18.31 19.38 20.16 22.92 24.32 22.75 21.95 20.22 20.88 20.18 22.19 22.83 25.74 26.67 27.57 26.90 25.35 25.92 27.49 27.33 25.45 25.35 27.02 27.39 26.71 25.12 25.77 26.57 25.40 24.87 25.77 26.86 25.80 26.49 26.48 26.63 27.38 26.85 23.85 24.08 25.20 22.08 19.58 20.42 20.96 18.62 16.76 17.78 17.75 15.54 15.65 16.33 14.88 15.39 14.97 13.73 13.73 15.93 18.51 19.62 21.86 22.05 21.97 21.03 21.11 21.47 21.20 21.49 22.76 23.83 21.80 21.96 19.80 20.34 19.56 20.54 21.32 23.83 24.37 26.33 26.44 28.29 27.89 27.80 27.47 29.58 29.29 28.75 28.85 30.14 29.15 28.85 30.28 31.64 30.64 31.16 30.05 31.14 28.97 30.08 28.87 31.05 29.05 26.73 27.04 28.65 28.09 26.17 27.07 26.74 27.86 28.32 26.85 29.25 27.73 25.40 23.92 23.78 21.91 21.07 21.67 21.65 21.84 18.60 18.45 15.25 15.90 15.27 12.80 9.13 11.27 10.94 8.19 6.98 10.99 10.03 9.20 11.15 14.97 13.95 14.56 17.06 18.71 20.84 
13.71 11.24 9.18 10.01 9.48 9.76 12.52 14.75 17.73 19.11 20.22 21.41 19.87 18.38 16.71 16.71 15.52 13.69 11.69 10.33 10.45 8.85 7.14 6.31 7.53 5.37 0.00 6.12 6.63 7.64 8.43 11.41 13.13 15.54 16.45 17.29 18.29 18.89 19.23 20.16 21.42 21.39 22.41 23.71 24.96 25.75 28.26 29.67 31.56 29.07 31.32 30.71 31.03 28.16 28.50 28.63 24.91 22.80 23.28 24.15 20.56 20.14 21.68 22.22 19.26 20.53 17.80 19.02 17.62 18.77 19.11 21.76 22.96 22.21 21.14 19.50 20.25 19.78 21.20 21.40 25.11 25.75 26.41 25.15 23.44 24.18 25.67 25.32 23.32 23.32 25.34 25.66 24.81 23.01 23.91 24.99 23.39 22.57 23.85 24.94 24.33 24.59 24.78 24.89 26.07 25.65 22.01 22.35 23.76 20.46 17.37 18.72 19.76 17.07 14.54 16.70 16.84 14.11 14.44 14.58 13.90 13.39 14.16 12.60 13.17 14.73 17.60 18.57 20.74 20.94 20.48 20.19 20.01 19.81 19.06 19.78 21.34 21.93 19.69 20.17 18.74 18.72 18.02 19.04 20.19 22.32 22.69 24.93 25.41 27.13 26.67 26.09 26.09 28.59 27.76 27.02 27.41 29.01 27.64 27.39 29.23 30.92 29.33 29.73 29.24 30.38 27.79 28.95 27.99 30.10 27.81 25.17 26.11 27.94 27.11 25.19 26.44 26.60 27.45 27.15 26.64 28.83 27.70 24.67 23.62 23.35 21.88 20.77 21.30 21.29 22.00 18.92 18.04 15.95 16.85 15.61 12.69 10.31 11.94 10.96 8.04 7.46 10.42 9.88 8.35 10.74 12.97 12.45 13.65 15.87 17.63 19.54 
15.91 14.45 11.47 11.45 11.36 12.40 14.17 16.97 19.89 21.91 22.84 23.81 22.26 21.48 20.17 19.71 18.09 16.81 15.50 13.23 13.08 12.03 10.78 8.67 9.42 8.01 6.12 0.00 6.28 8.40 9.12 11.10 13.73 16.49 17.39 18.01 19.84 20.13 20.90 21.54 22.44 22.83 23.59 24.68 26.04 27.16 29.34 31.03 33.01 30.79 32.30 32.13 32.68 30.33 30.09 30.66 27.22 25.00 25.32 26.19 22.99 22.55 24.25 24.60 21.47 22.41 19.70 20.59 19.00 20.82 20.98 23.18 24.26 23.39 22.74 20.90 21.45 20.77 22.48 23.30 26.77 27.74 28.32 26.95 25.26 25.71 27.13 26.91 24.34 24.37 26.50 27.23 26.50 24.75 25.22 26.55 24.85 24.08 24.87 26.34 25.44 26.04 26.10 26.03 27.80 27.76 23.90 23.50 25.23 22.66 19.23 20.46 21.76 19.34 16.71 18.71 18.46 16.07 15.85 17.05 15.31 15.55 14.18 13.87 14.45 16.31 18.92 20.38 22.26 22.58 22.79 22.15 21.59 21.76 21.55 21.81 22.60 23.51 21.74 21.79 19.57 19.97 19.85 20.93 21.97 23.83 24.75 26.95 27.35 29.28 28.74 28.25 27.71 30.26 29.42 28.61 29.17 30.68 29.39 28.92 31.17 32.91 31.23 31.95 31.24 32.19 29.81 31.14 30.18 32.19 30.01 27.74 28.45 30.31 29.42 28.07 29.32 29.41 29.74 30.33 29.32 31.99 30.35 27.72 26.46 26.00 24.38 23.73 24.26 23.99 24.76 22.03 21.51 19.60 20.38 18.82 16.05 14.50 15.69 14.38 11.54 11.78 13.92 11.72 11.57 13.42 16.06 14.12 15.85 18.63 19.64 20.58 
15.59 13.53 10.41 10.74 9.00 9.10 11.06 13.45 16.76 18.79 20.16 20.69 18.90 18.60 18.19 17.16 14.92 13.99 13.09 11.54 11.00 9.65 8.76 8.79 9.87 7.82 6.63 6.28 0.00 5.15 6.09 7.59 9.79 12.50 14.10 14.21 15.63 16.78 17.64 18.31 19.22 19.77 21.11 21.75 23.33 24.32 26.93 28.25 30.65 28.45 30.62 30.14 30.61 28.00 28.43 28.71 25.27 22.89 23.19 24.28 20.80 19.66 21.21 22.00 18.94 19.39 16.38 17.55 15.56 17.22 17.49 19.92 21.08 19.92 18.97 17.30 18.31 17.79 19.69 20.10 23.51 24.55 25.40 23.65 22.05 22.60 24.49 23.90 21.57 20.84 23.35 24.11 23.73 21.68 22.04 23.27 22.14 20.79 21.96 23.29 22.46 22.71 23.34 23.23 24.26 24.21 20.56 20.29 21.63 19.14 15.58 17.33 17.99 15.35 12.70 15.20 14.79 11.88 12.18 13.26 12.91 11.05 10.23 9.71 11.00 11.53 14.31 16.44 18.80 19.19 19.35 19.09 18.61 19.34 19.25 19.09 19.91 21.29 20.01 18.99 16.74 17.28 17.33 17.74 18.75 21.21 22.14 24.30 24.40 26.36 26.16 25.26 25.36 27.63 26.77 25.98 26.66 28.26 26.68 26.52 28.75 30.41 28.96 29.51 29.09 30.32 28.10 29.45 28.77 30.56 28.48 26.31 27.19 28.78 27.92 26.41 27.78 27.76 28.28 28.18 28.06 30.15 28.87 25.86 25.08 24.49 22.96 21.60 22.18 22.24 23.27 20.31 20.38 18.05 19.08 17.43 14.68 13.44 14.33 12.51 9.85 10.51 13.09 10.78 9.00 13.26 14.57 12.84 13.50 17.56 18.03 19.65 
16.64 15.17 11.80 11.78 9.60 9.37 11.19 13.36 16.47 18.53 19.26 19.75 17.80 17.22 16.73 15.95 14.37 13.89 12.59 11.22 11.58 10.48 9.59 9.27 11.30 9.20 7.64 8.40 5.15 0.00 5.42 6.82 8.21 10.76 12.48 12.40 13.63 14.97 15.62 16.01 17.16 18.20 19.27 20.30 21.95 23.14 25.85 27.20 29.32 27.36 29.58 28.80 28.90 26.46 27.01 27.08 23.52 20.97 21.82 22.79 19.33 18.47 20.11 21.30 17.85 18.46 15.09 16.20 14.02 15.74 16.51 19.20 20.57 19.49 17.94 15.54 16.69 16.14 17.68 18.30 21.97 22.92 23.24 22.32 20.23 20.94 21.94 21.79 19.62 18.91 21.17 21.99 21.88 19.35 19.84 21.27 20.64 19.42 20.20 21.79 21.03 21.57 22.14 22.11 22.77 22.28 18.92 18.49 19.50 16.75 13.70 15.34 16.03 13.92 11.96 14.47 14.29 11.76 12.36 13.84 12.05 11.83 10.76 9.34 9.26 10.05 12.20 14.78 16.91 17.44 17.52 16.85 16.98 17.45 17.72 17.67 19.13 20.70 18.56 18.63 15.88 16.46 15.96 16.79 17.37 20.31 20.56 23.06 23.03 25.05 24.37 23.54 23.51 25.94 25.09 24.53 25.33 26.78 25.45 25.37 27.84 29.20 27.88 28.53 28.22 29.30 26.92 28.25 27.36 29.42 27.37 25.15 25.86 27.51 27.00 25.23 26.58 26.39 27.30 27.64 26.80 29.21 27.60 25.08 23.93 23.74 21.85 21.00 21.56 22.14 23.38 20.22 20.15 17.99 19.47 17.85 15.12 13.51 15.12 13.34 10.65 10.30 13.69 11.99 11.00 11.67 15.09 12.92 14.65 16.57 18.28 19.78 
17.58 15.63 12.02 11.90 9.28 9.10 8.97 11.49 13.52 15.63 15.88 17.01 15.12 15.27 14.37 13.41 12.13 12.39 11.18 9.12 10.60 11.00 9.59 9.22 12.21 11.39 8.43 9.12 6.09 5.42 0.00 5.36 6.57 8.42 9.52 10.62 11.48 11.80 12.85 14.05 15.18 15.09 16.46 18.54 20.27 20.83 23.77 25.36 27.54 25.25 27.71 26.75 27.06 24.59 25.28 25.43 21.76 19.33 20.27 21.47 17.68 17.01 18.81 19.83 16.65 17.15 13.73 15.11 12.48 14.62 15.31 18.29 19.57 18.74 17.17 14.27 15.47 14.95 16.21 16.13 20.16 20.82 21.08 19.91 18.15 18.03 19.14 19.07 17.22 16.30 19.06 19.58 18.85 16.36 17.45 19.18 17.97 16.38 17.79 19.42 18.76 18.94 19.63 19.85 20.68 19.89 16.51 15.96 17.29 14.88 12.08 12.98 14.80 12.67 10.72 12.86 12.90 10.48 12.33 13.65 13.20 12.53 11.71 8.61 8.86 8.36 10.45 11.83 14.85 15.01 14.84 14.52 14.63 15.39 15.03 15.74 17.77 19.44 16.95 17.56 15.34 14.96 14.44 15.19 16.05 17.98 18.37 20.78 20.94 22.75 22.16 21.33 21.55 23.98 23.12 22.59 23.36 25.03 23.63 23.93 26.29 27.94 26.54 27.24 26.86 28.11 25.58 26.85 25.77 28.00 25.87 23.57 24.57 26.27 25.67 24.05 25.31 25.28 26.15 26.02 25.67 27.69 26.70 23.83 23.14 22.38 20.99 19.67 20.44 20.69 22.28 18.99 19.09 16.87 18.81 16.97 14.34 13.49 15.62 13.88 11.20 11.17 14.04 12.56 11.28 13.25 15.07 13.00 14.08 16.88 17.39 19.36 
