0.00 3.63 7.11 10.23 10.91 14.29 19.78 22.54 23.09 25.63 27.28 27.44 24.94 23.93 22.40 21.90 21.50 21.19 20.35 20.14 21.71 21.38 20.78 20.97 22.44 23.10 23.40 23.34 25.12 24.64 23.04 23.43 24.03 21.79 20.25 21.18 20.85 18.19 16.89 17.21 15.40 14.71 15.13 13.92 13.53 12.82 14.33 13.75 16.49 16.90 16.29 18.44 19.54 18.32 20.68 21.56 20.71 19.33 20.09 19.24 18.07 17.11 17.26 18.29 19.25 17.26 17.44 23.28 
3.63 0.00 3.94 6.32 7.81 11.60 16.10 18.31 18.91 21.97 23.89 22.43 20.20 19.81 18.92 17.78 17.44 17.30 16.11 15.53 17.26 17.62 17.18 17.28 18.36 19.21 19.96 19.52 21.37 20.83 19.66 19.97 20.08 16.90 16.58 18.05 16.96 12.92 13.31 14.07 11.81 10.17 10.85 10.31 9.47 9.22 9.76 10.07 12.71 13.40 12.68 14.62 15.00 14.17 16.63 17.08 15.96 13.95 16.66 15.77 14.89 13.55 13.89 15.32 15.25 14.56 15.57 22.18 
7.11 3.94 1.08 4.93 6.08 9.46 13.78 15.19 16.73 19.77 21.42 20.94 18.89 18.48 18.38 17.27 16.40 16.54 16.46 16.22 16.91 17.44 18.88 19.06 18.74 19.24 20.42 19.78 20.68 19.87 19.04 19.08 18.62 15.96 15.83 16.97 15.54 12.19 12.68 12.70 10.28 9.03 10.87 8.92 9.54 9.62 12.24 12.18 14.10 13.69 13.60 15.46 16.36 14.15 16.57 16.89 15.05 13.54 16.37 16.12 15.05 13.44 13.55 14.30 16.66 14.57 15.24 21.53 
10.23 6.32 4.93 1.26 4.90 6.69 9.59 11.88 13.38 16.44 17.09 18.08 16.27 16.18 15.24 15.20 14.85 15.38 14.34 14.78 15.73 15.85 17.10 17.78 18.07 17.85 18.62 18.55 19.31 18.24 16.61 17.24 16.67 14.41 13.55 14.48 14.00 10.48 10.85 11.15 8.84 8.27 10.56 9.83 10.37 9.32 11.65 12.79 13.63 11.79 10.56 14.41 15.00 11.81 14.42 15.09 13.53 12.21 14.77 13.67 12.75 11.56 11.33 12.50 12.90 11.97 13.26 20.31 
10.91 7.81 6.08 4.90 0.00 4.59 5.93 10.37 11.86 14.90 14.95 15.85 14.47 13.16 12.17 12.22 14.20 14.18 13.02 13.34 16.13 16.54 15.96 16.93 18.42 18.51 18.33 18.01 19.91 18.69 16.86 17.08 17.88 14.61 13.74 13.45 13.04 9.68 10.08 9.66 8.10 8.00 11.35 11.06 11.17 10.55 12.62 13.47 15.33 14.31 13.25 15.81 17.29 14.63 16.34 17.10 15.88 13.73 15.61 14.84 12.81 11.94 10.92 12.77 11.47 9.70 12.17 19.70 
14.29 11.60 9.46 6.69 4.59 0.00 6.17 6.27 9.30 12.22 13.29 12.01 10.50 11.62 10.91 10.38 11.66 13.77 12.43 12.48 15.11 16.44 15.64 16.20 17.28 17.62 17.69 17.22 18.84 17.86 15.58 16.50 16.47 12.13 11.65 13.22 12.05 7.14 8.14 10.52 9.36 8.25 11.21 13.46 13.17 13.09 14.40 15.75 16.86 15.47 15.30 17.76 18.13 15.46 17.14 17.12 15.10 13.55 15.59 15.00 13.60 12.87 11.64 11.82 10.55 10.40 10.99 18.04 
19.78 16.10 13.78 9.59 5.93 6.17 2.62 6.64 7.35 11.66 13.26 13.64 12.29 13.12 13.13 13.49 14.37 15.90 15.49 16.44 18.86 19.18 19.26 20.61 20.95 20.32 20.60 20.61 21.48 19.88 17.81 18.57 18.29 14.08 13.36 14.98 13.52 9.37 10.96 13.77 12.67 12.00 15.09 16.90 17.27 16.68 19.12 20.17 20.99 19.02 19.12 21.89 21.56 18.55 20.21 19.56 16.89 15.71 17.40 16.29 13.38 13.09 10.09 9.44 10.90 9.20 11.50 18.04 
22.54 18.31 15.19 11.88 10.37 6.27 6.64 1.49 5.56 6.98 9.59 11.46 11.35 11.38 11.03 12.34 14.19 15.95 15.30 16.66 18.99 19.57 19.26 20.85 21.34 20.79 20.59 20.61 21.51 20.12 17.44 18.27 17.96 15.00 12.72 13.47 14.27 11.22 12.34 14.85 14.32 14.80 18.27 19.48 19.79 18.95 21.02 22.62 22.76 20.88 19.74 22.41 22.42 18.94 20.26 19.91 17.44 15.99 17.37 16.16 13.89 12.88 10.33 10.89 10.48 10.98 11.65 17.57 
23.09 18.91 16.73 13.38 11.86 9.30 7.35 5.56 1.11 4.40 6.06 8.04 9.82 11.06 10.65 12.01 13.04 15.73 14.71 15.43 17.54 19.43 18.44 19.01 20.65 20.06 19.32 18.55 20.24 17.91 15.46 15.34 16.04 11.99 9.77 10.24 12.42 10.06 11.31 14.07 14.56 15.48 18.83 20.21 21.01 20.20 22.37 23.74 24.32 22.79 21.16 23.50 23.45 19.59 20.83 20.51 18.27 15.50 16.44 15.95 12.73 11.63 10.30 12.38 11.52 13.80 14.54 19.15 
25.63 21.97 19.77 16.44 14.90 12.22 11.66 6.98 4.40 1.13 5.39 5.96 8.04 10.26 10.82 10.74 12.03 15.66 14.88 14.26 16.81 19.15 18.55 19.26 20.25 19.87 19.29 19.25 20.24 18.14 15.76 16.27 16.29 12.52 10.89 13.22 14.36 12.18 13.59 16.76 18.13 18.07 20.57 22.01 23.36 22.34 24.06 25.15 25.54 23.91 22.83 25.43 24.44 21.41 22.61 22.82 19.09 16.35 17.97 17.83 14.04 13.28 13.06 13.64 13.58 13.54 17.13 18.93 
27.28 23.89 21.42 17.09 14.95 13.29 13.26 9.59 6.06 5.39 2.11 5.93 7.54 9.14 9.30 11.54 13.02 14.93 14.61 16.17 17.53 18.80 18.74 20.05 20.77 18.93 19.34 19.20 19.54 16.97 15.38 15.78 15.83 11.70 11.71 14.47 15.40 13.62 15.62 18.67 19.06 18.97 21.92 22.86 23.41 22.86 24.62 25.22 25.21 23.18 23.52 25.36 24.58 21.44 23.15 22.28 18.36 16.84 18.09 16.43 12.93 14.83 13.32 14.57 14.65 16.53 17.71 20.94 
27.44 22.43 20.94 18.08 15.85 12.01 13.64 11.46 8.04 5.96 5.93 0.00 6.03 6.96 6.91 8.52 10.82 13.08 12.36 14.00 15.89 17.15 16.85 18.00 18.76 17.70 17.67 16.81 17.96 17.12 14.47 15.41 14.81 13.25 10.46 13.47 14.63 13.82 15.42 18.11 17.71 18.43 22.01 23.02 23.19 22.73 24.17 25.29 25.15 23.82 22.87 24.88 23.95 21.12 22.12 20.86 17.84 16.19 17.62 16.42 13.24 14.02 14.35 13.89 14.95 16.32 17.72 20.03 
24.94 20.20 18.89 16.27 14.47 10.50 12.29 11.35 9.82 8.04 7.54 6.03 0.26 5.52 6.90 6.34 6.82 10.19 10.49 10.72 11.42 15.03 14.23 14.45 15.83 16.21 15.16 14.23 15.74 13.69 10.84 10.75 13.01 8.78 6.73 9.80 12.47 10.90 12.11 15.20 16.70 16.65 20.32 21.57 21.81 20.94 23.16 23.83 24.45 22.53 21.48 23.32 22.75 19.30 19.93 20.11 17.10 14.12 16.16 16.03 12.82 12.52 13.00 13.32 11.91 15.35 15.53 18.79 
23.93 19.81 18.48 16.18 13.16 11.62 13.12 11.38 11.06 10.26 9.14 6.96 5.52 0.00 6.13 6.45 4.99 6.69 8.78 8.83 8.67 11.65 13.02 13.39 13.33 13.08 13.25 12.54 13.75 11.69 9.22 10.30 11.59 9.17 8.59 11.49 13.69 11.98 13.14 16.34 16.96 16.35 20.02 20.78 20.73 19.96 21.81 22.88 23.04 20.72 20.01 22.24 21.44 17.81 18.99 19.61 15.68 13.00 15.66 15.75 12.67 13.17 14.26 14.11 13.39 14.75 16.17 19.28 
22.40 18.92 18.38 15.24 12.17 10.91 13.13 11.03 10.65 10.82 9.30 6.91 6.90 6.13 0.57 6.27 7.16 7.08 7.82 10.32 11.14 11.51 12.62 14.33 14.02 13.30 13.94 14.00 14.88 13.03 11.53 12.23 13.17 10.73 10.62 13.83 14.16 12.35 13.98 16.29 17.04 16.31 19.72 20.12 20.59 19.71 21.41 22.13 22.39 19.73 19.29 21.51 20.02 16.82 18.04 18.10 13.78 12.59 14.43 14.29 11.20 14.07 13.31 14.25 13.49 16.58 16.82 19.69 
21.90 17.78 17.27 15.20 12.22 10.38 13.49 12.34 12.01 10.74 11.54 8.52 6.34 6.45 6.27 0.00 5.73 7.43 6.56 7.41 9.20 11.00 10.52 11.30 12.66 11.90 11.96 11.49 13.45 12.82 9.25 11.79 12.13 10.57 9.13 12.70 12.50 11.41 12.71 14.89 14.75 14.00 17.72 18.45 19.16 18.11 19.69 20.55 21.28 18.80 17.71 19.98 19.00 15.79 17.03 17.02 13.02 11.34 13.87 13.72 11.76 12.59 12.45 13.97 14.35 16.81 15.48 19.98 
21.50 17.44 16.40 14.85 14.20 11.66 14.37 14.19 13.04 12.03 13.02 10.82 6.82 4.99 7.16 5.73 0.79 5.49 7.35 6.41 6.67 9.60 10.54 10.28 11.32 11.62 10.96 10.33 12.98 11.10 8.63 9.80 12.19 10.45 8.81 12.23 13.90 12.76 13.63 16.26 16.57 15.19 18.13 19.02 19.43 18.11 19.93 20.60 21.21 18.47 17.52 18.97 18.12 15.31 16.33 16.52 13.02 11.65 13.66 14.67 12.76 13.49 13.06 14.65 14.63 17.75 17.80 21.12 
21.19 17.30 16.54 15.38 14.18 13.77 15.90 15.95 15.73 15.66 14.93 13.08 10.19 6.69 7.08 7.43 5.49 1.32 6.07 6.94 5.86 7.77 9.79 10.01 10.70 11.86 12.95 12.08 13.30 12.70 11.22 12.64 14.48 13.28 12.43 15.66 16.54 14.66 15.73 18.00 17.59 16.48 18.54 19.87 19.37 18.44 19.98 21.06 21.45 19.10 17.35 19.25 18.01 15.43 16.38 16.03 12.24 12.11 14.83 14.70 13.65 15.85 16.54 17.51 16.43 19.33 19.39 23.60 
20.35 16.11 16.46 14.34 13.02 12.43 15.49 15.30 14.71 14.88 14.61 12.36 10.49 8.78 7.82 6.56 7.35 6.07 1.56 6.21 7.26 6.20 7.38 9.55 10.67 10.60 11.44 12.59 14.12 13.95 12.58 14.70 14.98 13.16 13.03 16.71 16.81 14.61 16.01 18.11 17.49 15.15 18.40 18.90 18.62 17.02 18.74 19.61 19.99 17.08 16.41 17.47 15.84 11.92 14.33 13.84 9.51 10.24 13.44 13.27 11.85 15.28 15.21 16.07 16.38 18.85 19.30 20.99 
20.14 15.53 16.22 14.78 13.34 12.48 16.44 16.66 15.43 14.26 16.17 14.00 10.72 8.83 10.32 7.41 6.41 6.94 6.21 1.03 5.84 6.91 6.33 7.49 10.09 8.81 10.10 10.84 14.02 12.68 10.68 13.20 14.40 12.16 11.86 15.94 16.30 13.75 15.17 16.78 15.89 13.86 16.87 17.48 17.65 15.86 17.51 18.48 18.97 16.58 14.97 17.08 15.56 11.63 13.83 13.68 11.02 10.08 13.84 14.58 13.86 15.59 15.72 17.53 17.22 19.82 18.71 23.23 
21.71 17.26 16.91 15.73 16.13 15.11 18.86 18.99 17.54 16.81 17.53 15.89 11.42 8.67 11.14 9.20 6.67 5.86 7.26 5.84 2.58 5.91 6.80 6.03 8.12 8.46 9.15 10.02 12.86 13.10 11.75 13.08 14.94 14.31 14.81 16.72 18.20 17.46 18.32 19.25 18.56 16.81 18.28 18.97 18.79 17.49 18.44 19.28 20.41 17.30 15.10 16.58 15.84 12.89 13.94 14.43 12.26 12.62 15.36 16.67 16.21 17.93 17.64 17.37 18.33 20.29 20.78 22.81 
21.38 17.62 17.44 15.85 16.54 16.44 19.18 19.57 19.43 19.15 18.80 17.15 15.03 11.65 11.51 11.00 9.60 7.77 6.20 6.91 5.91 2.33 6.25 7.11 8.24 9.14 11.50 12.69 14.57 14.11 14.24 15.86 16.42 15.62 15.91 17.68 18.70 17.35 18.76 19.22 17.73 16.69 18.39 18.28 18.12 16.53 17.75 18.86 19.85 16.66 14.84 16.22 14.75 10.78 14.09 13.07 9.90 11.16 16.13 16.18 16.58 18.29 19.48 20.04 19.28 21.41 21.66 25.07 
20.78 17.18 18.88 17.10 15.96 15.64 19.26 19.26 18.44 18.55 18.74 16.85 14.23 13.02 12.62 10.52 10.54 9.79 7.38 6.33 6.80 6.25 2.08 5.52 7.04 7.06 9.50 10.72 12.35 12.42 13.08 15.02 15.53 13.85 14.80 17.79 18.09 15.64 17.48 18.25 17.06 14.60 16.67 17.29 16.41 14.16 15.69 17.12 17.05 14.05 12.90 15.22 12.50 7.93 11.90 13.81 9.23 9.18 14.44 16.49 15.08 17.27 17.39 18.16 18.82 20.50 20.58 22.94 
20.97 17.28 19.06 17.78 16.93 16.20 20.61 20.85 19.01 19.26 20.05 18.00 14.45 13.39 14.33 11.30 10.28 10.01 9.55 7.49 6.03 7.11 5.52 0.69 5.32 6.00 6.50 8.73 11.34 11.37 10.53 13.66 14.39 13.71 13.94 16.99 18.19 15.82 17.24 17.90 16.93 14.64 16.35 16.85 17.81 15.75 16.89 18.19 19.68 16.14 14.55 16.83 15.50 11.63 13.66 15.05 12.91 11.68 15.57 16.86 16.83 17.60 18.44 19.70 19.48 21.60 21.34 24.53 
22.44 18.36 18.74 18.07 18.42 17.28 20.95 21.34 20.65 20.25 20.77 18.76 15.83 13.33 14.02 12.66 11.32 10.70 10.67 10.09 8.12 8.24 7.04 5.32 3.49 6.48 7.10 8.08 10.41 11.19 11.09 12.70 13.04 13.60 14.19 16.43 17.82 17.02 17.95 18.31 17.73 15.72 16.52 17.19 18.38 17.12 17.41 19.12 20.49 17.65 15.21 17.47 16.33 13.42 14.82 16.13 14.31 14.00 16.88 18.21 17.37 19.30 19.45 19.73 20.30 22.27 22.36 24.67 
23.10 19.21 19.24 17.85 18.51 17.62 20.32 20.79 20.06 19.87 18.93 17.70 16.21 13.08 13.30 11.90 11.62 11.86 10.60 8.81 8.46 9.14 7.06 6.00 6.48 3.06 5.92 7.26 8.21 7.38 8.96 11.87 11.72 11.16 12.96 14.89 16.09 15.06 17.20 17.56 16.69 14.75 16.65 16.60 17.16 16.24 17.91 19.01 20.40 17.49 15.51 17.87 16.52 13.05 15.58 16.52 13.97 14.01 17.41 18.85 18.35 19.33 20.52 21.94 20.50 22.45 23.02 25.78 
23.40 19.96 20.42 18.62 18.33 17.69 20.60 20.59 19.32 19.29 19.34 17.67 15.16 13.25 13.94 11.96 10.96 12.95 11.44 10.10 9.15 11.50 9.50 6.50 7.10 5.92 3.82 5.92 6.66 6.59 7.66 10.31 10.65 9.90 11.65 14.58 16.06 14.59 16.66 17.34 16.49 14.92 17.51 17.67 17.64 16.39 18.23 19.75 20.35 18.24 16.10 18.74 17.90 14.19 15.88 17.71 14.98 14.49 17.73 19.32 17.98 19.19 19.46 20.12 20.89 22.01 22.38 24.14 
23.34 19.52 19.78 18.55 18.01 17.22 20.61 20.61 18.55 19.25 19.20 16.81 14.23 12.54 14.00 11.49 10.33 12.08 12.59 10.84 10.02 12.69 10.72 8.73 8.08 7.26 5.92 2.88 6.76 7.56 6.30 9.02 9.62 10.50 10.44 12.37 15.02 14.67 15.11 15.82 15.90 14.80 17.00 17.58 18.41 17.22 18.76 20.00 20.81 18.12 16.53 19.04 18.62 14.91 16.57 17.81 15.80 14.48 17.45 19.28 17.97 18.97 19.53 20.83 20.24 22.34 21.92 24.77 
25.12 21.37 20.68 19.31 19.91 18.84 21.48 21.51 20.24 20.24 19.54 17.96 15.74 13.75 14.88 13.45 12.98 13.30 14.12 14.02 12.86 14.57 12.35 11.34 10.41 8.21 6.66 6.76 3.52 6.39 7.16 7.27 6.49 9.14 11.39 11.95 13.29 14.85 15.99 16.71 17.01 16.42 17.89 18.77 20.37 19.18 20.29 21.56 23.22 20.88 19.13 21.32 21.43 17.97 19.28 20.28 19.17 17.55 20.32 21.39 20.29 21.46 21.82 21.72 21.73 23.29 23.38 25.25 
24.64 20.83 19.87 18.24 18.69 17.86 19.88 20.12 17.91 18.14 16.97 17.12 13.69 11.69 13.03 12.82 11.10 12.70 13.95 12.68 13.10 14.11 12.42 11.37 11.19 7.38 6.59 7.56 6.39 2.52 5.88 8.08 6.73 7.00 10.02 12.33 12.74 13.53 14.86 15.54 15.56 14.29 16.56 17.69 18.30 17.80 19.04 20.22 21.36 19.98 18.32 20.71 20.39 17.52 18.93 20.24 18.17 17.69 20.45 21.75 20.12 20.92 21.67 22.42 20.59 22.64 22.92 25.66 
23.04 19.66 19.04 16.61 16.86 15.58 17.81 17.44 15.46 15.76 15.38 14.47 10.84 9.22 11.53 9.25 8.63 11.22 12.58 10.68 11.75 14.24 13.08 10.53 11.09 8.96 7.66 6.30 7.16 5.88 1.75 6.34 7.70 6.23 7.48 10.15 11.90 10.66 12.05 14.06 13.88 12.27 15.48 16.63 17.14 15.49 17.71 18.78 19.77 17.57 16.34 19.02 19.24 15.98 17.41 18.62 16.99 16.31 19.09 20.27 18.48 19.42 19.67 20.08 19.63 21.22 21.57 23.38 
23.43 19.97 19.08 17.24 17.08 16.50 18.57 18.27 15.34 16.27 15.78 15.41 10.75 10.30 12.23 11.79 9.80 12.64 14.70 13.20 13.08 15.86 15.02 13.66 12.70 11.87 10.31 9.02 7.27 8.08 6.34 1.28 6.78 7.89 6.79 6.76 10.48 11.79 11.79 13.15 14.91 15.14 17.22 18.58 19.15 18.36 19.54 20.74 21.59 19.44 18.07 20.69 20.99 17.87 18.37 20.00 18.90 17.82 20.15 21.93 20.52 21.43 21.61 21.93 20.89 22.89 23.06 24.67 
24.03 20.08 18.62 16.67 17.88 16.47 18.29 17.96 16.04 16.29 15.83 14.81 13.01 11.59 13.17 12.13 12.19 14.48 14.98 14.40 14.94 16.42 15.53 14.39 13.04 11.72 10.65 9.62 6.49 6.73 7.70 6.78 3.06 6.32 7.67 6.94 8.17 10.90 10.21 11.46 13.91 14.54 16.14 17.41 19.59 18.63 20.16 21.31 22.91 21.06 19.68 21.72 22.44 19.30 20.57 21.54 20.45 19.49 22.29 22.80 21.26 22.80 23.11 21.88 21.02 23.40 23.84 25.04 
21.79 16.90 15.96 14.41 14.61 12.13 14.08 15.00 11.99 12.52 11.70 13.25 8.78 9.17 10.73 10.57 10.45 13.28 13.16 12.16 14.31 15.62 13.85 13.71 13.60 11.16 9.90 10.50 9.14 7.00 6.23 7.89 6.32 1.86 5.64 7.15 7.23 7.70 8.75 10.41 11.05 11.60 14.15 15.65 16.22 15.62 17.28 19.37 20.32 18.32 17.35 20.11 19.87 16.72 19.09 20.38 18.20 17.46 21.13 21.73 19.64 20.79 21.54 21.42 19.64 21.96 22.84 24.78 
20.25 16.58 15.83 13.55 13.74 11.65 13.36 12.72 9.77 10.89 11.71 10.46 6.73 8.59 10.62 9.13 8.81 12.43 13.03 11.86 14.81 15.91 14.80 13.94 14.19 12.96 11.65 10.44 11.39 10.02 7.48 6.79 7.67 5.64 1.55 6.23 7.61 6.66 7.60 10.11 11.27 11.03 14.31 15.50 16.72 15.36 17.09 18.66 19.79 17.47 16.85 19.39 19.75 16.80 18.61 19.94 18.35 17.92 20.60 21.42 19.63 20.69 20.47 20.96 20.34 21.95 22.75 23.91 
21.18 18.05 16.97 14.48 13.45 13.22 14.98 13.47 10.24 13.22 14.47 13.47 9.80 11.49 13.83 12.70 12.23 15.66 16.71 15.94 16.72 17.68 17.79 16.99 16.43 14.89 14.58 12.37 11.95 12.33 10.15 6.76 6.94 7.15 6.23 1.39 6.73 7.74 7.61 9.69 12.38 13.42 15.62 17.02 19.20 18.24 19.76 21.07 21.84 20.30 19.13 21.69 21.84 19.58 20.68 21.93 20.92 20.42 22.96 24.18 22.90 23.66 23.31 23.99 22.43 24.43 24.86 25.35 
20.85 16.96 15.54 14.00 13.04 12.05 13.52 14.27 12.42 14.36 15.40 14.63 12.47 13.69 14.16 12.50 13.90 16.54 16.81 16.30 18.20 18.70 18.09 18.19 17.82 16.09 16.06 15.02 13.29 12.74 11.90 10.48 8.17 7.23 7.61 6.73 2.53 6.28 6.37 8.05 9.93 11.77 14.86 16.20 18.13 17.70 19.50 20.80 22.30 20.28 19.51 21.85 22.18 19.35 21.40 22.75 21.60 20.73 23.89 23.99 22.57 23.74 23.49 23.18 21.89 23.70 25.02 25.21 
18.19 12.92 12.19 10.48 9.68 7.14 9.37 11.22 10.06 12.18 13.62 13.82 10.90 11.98 12.35 11.41 12.76 14.66 14.61 13.75 17.46 17.35 15.64 15.82 17.02 15.06 14.59 14.67 14.85 13.53 10.66 11.79 10.90 7.70 6.66 7.74 6.28 1.41 4.94 6.75 7.24 8.55 11.69 13.39 14.87 13.97 16.07 18.15 19.43 16.90 16.06 19.31 19.94 15.87 18.74 19.94 18.30 17.81 21.40 21.34 19.89 21.62 21.60 21.96 20.22 22.75 23.36 24.41 
16.89 13.31 12.68 10.85 10.08 8.14 10.96 12.34 11.31 13.59 15.62 15.42 12.11 13.14 13.98 12.71 13.63 15.73 16.01 15.17 18.32 18.76 17.48 17.24 17.95 17.20 16.66 15.11 15.99 14.86 12.05 11.79 10.21 8.75 7.60 7.61 6.37 4.94 2.14 6.21 7.12 7.22 10.37 12.97 14.56 13.35 15.49 17.59 19.03 15.94 15.71 18.72 19.16 15.94 18.76 19.81 18.69 18.39 22.00 22.00 20.82 22.07 21.59 22.58 22.23 23.36 24.10 24.70 
17.21 14.07 12.70 11.15 9.66 10.52 13.77 14.85 14.07 16.76 18.67 18.11 15.20 16.34 16.29 14.89 16.26 18.00 18.11 16.78 19.25 19.22 18.25 17.90 18.31 17.56 17.34 15.82 16.71 15.54 14.06 13.15 11.46 10.41 10.11 9.69 8.05 6.75 6.21 2.44 6.82 7.79 9.88 11.09 14.43 13.91 15.41 17.30 18.23 16.48 16.18 18.48 18.70 16.37 19.25 19.98 18.62 18.67 22.07 23.17 22.10 23.23 23.31 24.63 23.00 24.95 25.01 25.79 
15.40 11.81 10.28 8.84 8.10 9.36 12.67 14.32 14.56 18.13 19.06 17.71 16.70 16.96 17.04 14.75 16.57 17.59 17.49 15.89 18.56 17.73 17.06 16.93 17.73 16.69 16.49 15.90 17.01 15.56 13.88 14.91 13.91 11.05 11.27 12.38 9.93 7.24 7.12 6.82 2.63 5.87 7.87 8.68 11.31 11.19 13.55 14.65 16.34 14.99 14.49 16.31 16.92 14.99 17.97 18.68 17.66 17.12 21.40 21.30 20.12 21.92 22.21 22.88 21.38 22.88 23.85 25.36 
14.71 10.17 9.03 8.27 8.00 8.25 12.00 14.80 15.48 18.07 18.97 18.43 16.65 16.35 16.31 14.00 15.19 16.48 15.15 13.86 16.81 16.69 14.60 14.64 15.72 14.75 14.92 14.80 16.42 14.29 12.27 15.14 14.54 11.60 11.03 13.42 11.77 8.55 7.22 7.79 5.87 1.63 6.14 6.73 8.34 8.69 10.87 12.93 14.30 11.57 13.01 15.39 15.49 12.35 16.34 17.94 16.13 15.78 19.66 20.03 18.73 20.79 21.21 22.38 20.44 22.83 22.69 24.43 
15.13 10.85 10.87 10.56 11.35 11.21 15.09 18.27 18.83 20.57 21.92 22.01 20.32 20.02 19.72 17.72 18.13 18.54 18.40 16.87 18.28 18.39 16.67 16.35 16.52 16.65 17.51 17.00 17.89 16.56 15.48 17.22 16.14 14.15 14.31 15.62 14.86 11.69 10.37 9.88 7.87 6.14 3.81 6.67 7.88 7.62 9.95 12.36 13.25 10.39 12.14 15.34 15.03 12.38 16.76 18.71 18.20 17.61 20.74 22.03 21.01 22.60 21.87 23.55 23.73 24.14 24.40 25.39 
13.92 10.31 8.92 9.83 11.06 13.46 16.90 19.48 20.21 22.01 22.86 23.02 21.57 20.78 20.12 18.45 19.02 19.87 18.90 17.48 18.97 18.28 17.29 16.85 17.19 16.60 17.67 17.58 18.77 17.69 16.63 18.58 17.41 15.65 15.50 17.02 16.20 13.39 12.97 11.09 8.68 6.73 6.67 2.80 6.51 7.19 8.44 10.02 12.25 11.49 11.91 13.72 14.45 13.84 15.88 17.92 17.61 17.95 20.46 21.73 21.56 23.04 22.09 24.31 23.75 25.92 24.42 25.30 
13.53 9.47 9.54 10.37 11.17 13.17 17.27 19.79 21.01 23.36 23.41 23.19 21.81 20.73 20.59 19.16 19.43 19.37 18.62 17.65 18.79 18.12 16.41 17.81 18.38 17.16 17.64 18.41 20.37 18.30 17.14 19.15 19.59 16.22 16.72 19.20 18.13 14.87 14.56 14.43 11.31 8.34 7.88 6.51 3.58 5.97 7.50 8.55 10.68 10.52 10.53 12.92 13.47 12.84 15.75 16.76 16.90 17.13 20.87 21.09 20.32 22.50 21.92 22.92 22.73 23.86 24.20 25.52 
12.82 9.22 9.62 9.32 10.55 13.09 16.68 18.95 20.20 22.34 22.86 22.73 20.94 19.96 19.71 18.11 18.11 18.44 17.02 15.86 17.49 16.53 14.16 15.75 17.12 16.24 16.39 17.22 19.18 17.80 15.49 18.36 18.63 15.62 15.36 18.24 17.70 13.97 13.35 13.91 11.19 8.69 7.62 7.19 5.97 2.19 5.77 6.78 7.31 6.74 8.20 10.90 10.47 9.45 13.05 15.61 13.95 14.59 17.67 18.84 18.15 20.03 19.22 21.11 20.36 22.41 21.32 23.00 
14.33 9.76 12.24 11.65 12.62 14.40 19.12 21.02 22.37 24.06 24.62 24.17 23.16 21.81 21.41 19.69 19.93 19.98 18.74 17.51 18.44 17.75 15.69 16.89 17.41 17.91 18.23 18.76 20.29 19.04 17.71 19.54 20.16 17.28 17.09 19.76 19.50 16.07 15.49 15.41 13.55 10.87 9.95 8.44 7.50 5.77 2.89 5.96 6.94 5.97 6.97 8.47 10.25 9.44 11.97 14.03 14.77 14.88 17.02 18.72 17.94 19.50 18.46 20.31 21.04 21.72 20.78 22.80 
13.75 10.07 12.18 12.79 13.47 15.75 20.17 22.62 23.74 25.15 25.22 25.29 23.83 22.88 22.13 20.55 20.60 21.06 19.61 18.48 19.28 18.86 17.12 18.19 19.12 19.01 19.75 20.00 21.56 20.22 18.78 20.74 21.31 19.37 18.66 21.07 20.80 18.15 17.59 17.30 14.65 12.93 12.36 10.02 8.55 6.78 5.96 1.83 6.76 7.38 6.33 7.20 9.35 10.83 11.86 12.35 13.54 15.00 16.19 17.85 18.58 19.72 18.31 20.44 21.42 22.66 20.76 22.27 
16.49 12.71 14.10 13.63 15.33 16.86 20.99 22.76 24.32 25.54 25.21 25.15 24.45 23.04 22.39 21.28 21.21 21.45 19.99 18.97 20.41 19.85 17.05 19.68 20.49 20.40 20.35 20.81 23.22 21.36 19.77 21.59 22.91 20.32 19.79 21.84 22.30 19.43 19.03 18.23 16.34 14.30 13.25 12.25 10.68 7.31 6.94 6.76 2.41 6.26 7.35 7.09 7.88 9.48 12.42 12.20 12.26 14.78 17.17 17.50 17.57 19.85 19.07 20.07 20.27 22.11 21.84 23.77 
16.90 13.40 13.69 11.79 14.31 15.47 19.02 20.88 22.79 23.91 23.18 23.82 22.53 20.72 19.73 18.80 18.47 19.10 17.08 16.58 17.30 16.66 14.05 16.14 17.65 17.49 18.24 18.12 20.88 19.98 17.57 19.44 21.06 18.32 17.47 20.30 20.28 16.90 15.94 16.48 14.99 11.57 10.39 11.49 10.52 6.74 5.97 7.38 6.26 1.40 5.45 7.05 5.57 5.75 9.37 10.98 9.68 11.79 14.85 16.25 15.24 17.59 16.28 17.71 17.63 20.02 18.82 21.15 
16.29 12.68 13.60 10.56 13.25 15.30 19.12 19.74 21.16 22.83 23.52 22.87 21.48 20.01 19.29 17.71 17.52 17.35 16.41 14.97 15.10 14.84 12.90 14.55 15.21 15.51 16.10 16.53 19.13 18.32 16.34 18.07 19.68 17.35 16.85 19.13 19.51 16.06 15.71 16.18 14.49 13.01 12.14 11.91 10.53 8.20 6.97 6.33 7.35 5.45 2.50 5.43 6.83 5.57 6.19 8.56 9.61 9.71 10.69 13.89 12.83 13.15 12.92 15.58 15.82 17.23 16.83 20.39 
18.44 14.62 15.46 14.41 15.81 17.76 21.89 22.41 23.50 25.43 25.36 24.88 23.32 22.24 21.51 19.98 18.97 19.25 17.47 17.08 16.58 16.22 15.22 16.83 17.47 17.87 18.74 19.04 21.32 20.71 19.02 20.69 21.72 20.11 19.39 21.69 21.85 19.31 18.72 18.48 16.31 15.39 15.34 13.72 12.92 10.90 8.47 7.20 7.09 7.05 5.43 2.21 6.06 7.33 6.15 6.26 9.00 11.00 10.99 12.96 14.28 15.19 13.96 17.13 17.68 18.83 17.84 20.28 
19.54 15.00 16.36 15.00 17.29 18.13 21.56 22.42 23.45 24.44 24.58 23.95 22.75 21.44 20.02 19.00 18.12 18.01 15.84 15.56 15.84 14.75 12.50 15.50 16.33 16.52 17.90 18.62 21.43 20.39 19.24 20.99 22.44 19.87 19.75 21.84 22.18 19.94 19.16 18.70 16.92 15.49 15.03 14.45 13.47 10.47 10.25 9.35 7.88 5.57 6.83 6.06 2.23 5.48 7.21 6.01 6.18 8.74 11.24 11.33 11.77 13.71 13.61 16.13 15.66 17.76 17.80 20.86 
18.32 14.17 14.15 11.81 14.63 15.46 18.55 18.94 19.59 21.41 21.44 21.12 19.30 17.81 16.82 15.79 15.31 15.43 11.92 11.63 12.89 10.78 7.93 11.63 13.42 13.05 14.19 14.91 17.97 17.52 15.98 17.87 19.30 16.72 16.80 19.58 19.35 15.87 15.94 16.37 14.99 12.35 12.38 13.84 12.84 9.45 9.44 10.83 9.48 5.75 5.57 7.33 5.48 1.42 5.40 7.21 5.54 6.18 8.01 10.80 9.34 11.80 10.05 13.70 13.24 15.40 14.60 18.38 
20.68 16.63 16.57 14.42 16.34 17.14 20.21 20.26 20.83 22.61 23.15 22.12 19.93 18.99 18.04 17.03 16.33 16.38 14.33 13.83 13.94 14.09 11.90 13.66 14.82 15.58 15.88 16.57 19.28 18.93 17.41 18.37 20.57 19.09 18.61 20.68 21.40 18.74 18.76 19.25 17.97 16.34 16.76 15.88 15.75 13.05 11.97 11.86 12.42 9.37 6.19 6.15 7.21 5.40 3.46 6.03 7.44 5.80 6.43 8.53 10.06 10.03 10.06 12.61 14.03 14.19 14.00 17.50 
21.56 17.08 16.89 15.09 17.10 17.12 19.56 19.91 20.51 22.82 22.28 20.86 20.11 19.61 18.10 17.02 16.52 16.03 13.84 13.68 14.43 13.07 13.81 15.05 16.13 16.52 17.71 17.81 20.28 20.24 18.62 20.00 21.54 20.38 19.94 21.93 22.75 19.94 19.81 19.98 18.68 17.94 18.71 17.92 16.76 15.61 14.03 12.35 12.20 10.98 8.56 6.26 6.01 7.21 6.03 2.99 5.86 7.71 6.71 6.84 8.74 11.48 10.77 13.74 14.68 16.07 15.80 18.84 
20.71 15.96 15.05 13.53 15.88 15.10 16.89 17.44 18.27 19.09 18.36 17.84 17.10 15.68 13.78 13.02 13.02 12.24 9.51 11.02 12.26 9.90 9.23 12.91 14.31 13.97 14.98 15.80 19.17 18.17 16.99 18.90 20.45 18.20 18.35 20.92 21.60 18.30 18.69 18.62 17.66 16.13 18.20 17.61 16.90 13.95 14.77 13.54 12.26 9.68 9.61 9.00 6.18 5.54 7.44 5.86 2.74 5.60 7.93 6.78 7.03 8.94 9.33 12.41 12.83 14.48 15.42 18.94 
19.33 13.95 13.54 12.21 13.73 13.55 15.71 15.99 15.50 16.35 16.84 16.19 14.12 13.00 12.59 11.34 11.65 12.11 10.24 10.08 12.62 11.16 9.18 11.68 14.00 14.01 14.49 14.48 17.55 17.69 16.31 17.82 19.49 17.46 17.92 20.42 20.73 17.81 18.39 18.67 17.12 15.78 17.61 17.95 17.13 14.59 14.88 15.00 14.78 11.79 9.71 11.00 8.74 6.18 5.80 7.71 5.60 2.68 6.19 7.34 6.01 7.42 7.03 10.14 9.21 11.88 11.42 16.70 
20.09 16.66 16.37 14.77 15.61 15.59 17.40 17.37 16.44 17.97 18.09 17.62 16.16 15.66 14.43 13.87 13.66 14.83 13.44 13.84 15.36 16.13 14.44 15.57 16.88 17.41 17.73 17.45 20.32 20.45 19.09 20.15 22.29 21.13 20.60 22.96 23.89 21.40 22.00 22.07 21.40 19.66 20.74 20.46 20.87 17.67 17.02 16.19 17.17 14.85 10.69 10.99 11.24 8.01 6.43 6.71 7.93 6.19 5.40 7.39 8.31 8.50 9.59 10.00 11.31 12.00 13.77 17.24 
19.24 15.77 16.12 13.67 14.84 15.00 16.29 16.16 15.95 17.83 16.43 16.42 16.03 15.75 14.29 13.72 14.67 14.70 13.27 14.58 16.67 16.18 16.49 16.86 18.21 18.85 19.32 19.28 21.39 21.75 20.27 21.93 22.80 21.73 21.42 24.18 23.99 21.34 22.00 23.17 21.30 20.03 22.03 21.73 21.09 18.84 18.72 17.85 17.50 16.25 13.89 12.96 11.33 10.80 8.53 6.84 6.78 7.34 7.39 2.28 6.37 7.77 8.95 6.63 9.55 12.92 13.08 17.37 
18.07 14.89 15.05 12.75 12.81 13.60 13.38 13.89 12.73 14.04 12.93 13.24 12.82 12.67 11.20 11.76 12.76 13.65 11.85 13.86 16.21 16.58 15.08 16.83 17.37 18.35 17.98 17.97 20.29 20.12 18.48 20.52 21.26 19.64 19.63 22.90 22.57 19.89 20.82 22.10 20.12 18.73 21.01 21.56 20.32 18.15 17.94 18.58 17.57 15.24 12.83 14.28 11.77 9.34 10.06 8.74 7.03 6.01 8.31 6.37 2.02 6.09 8.13 7.26 6.37 9.25 13.12 16.76 
17.11 13.55 13.44 11.56 11.94 12.87 13.09 12.88 11.63 13.28 14.83 14.02 12.52 13.17 14.07 12.59 13.49 15.85 15.28 15.59 17.93 18.29 17.27 17.60 19.30 19.33 19.19 18.97 21.46 20.92 19.42 21.43 22.80 20.79 20.69 23.66 23.74 21.62 22.07 23.23 21.92 20.79 22.60 23.04 22.50 20.03 19.50 19.72 19.85 17.59 13.15 15.19 13.71 11.80 10.03 11.48 8.94 7.42 8.50 7.77 6.09 0.27 5.50 5.80 6.07 7.74 9.76 17.03 
17.26 13.89 13.55 11.33 10.92 11.64 10.09 10.33 10.30 13.06 13.32 14.35 13.00 14.26 13.31 12.45 13.06 16.54 15.21 15.72 17.64 19.48 17.39 18.44 19.45 20.52 19.46 19.53 21.82 21.67 19.67 21.61 23.11 21.54 20.47 23.31 23.49 21.60 21.59 23.31 22.21 21.21 21.87 22.09 21.92 19.22 18.46 18.31 19.07 16.28 12.92 13.96 13.61 10.05 10.06 10.77 9.33 7.03 9.59 8.95 8.13 5.50 3.33 5.58 6.76 7.92 10.64 14.92 
18.29 15.32 14.30 12.50 12.77 11.82 9.44 10.89 12.38 13.64 14.57 13.89 13.32 14.11 14.25 13.97 14.65 17.51 16.07 17.53 17.37 20.04 18.16 19.70 19.73 21.94 20.12 20.83 21.72 22.42 20.08 21.93 21.88 21.42 20.96 23.99 23.18 21.96 22.58 24.63 22.88 22.38 23.55 24.31 22.92 21.11 20.31 20.44 20.07 17.71 15.58 17.13 16.13 13.70 12.61 13.74 12.41 10.14 10.00 6.63 7.26 5.80 5.58 0.26 3.68 5.76 7.97 11.28 
19.25 15.25 16.66 12.90 11.47 10.55 10.90 10.48 11.52 13.58 14.65 14.95 11.91 13.39 13.49 14.35 14.63 16.43 16.38 17.22 18.33 19.28 18.82 19.48 20.30 20.50 20.89 20.24 21.73 20.59 19.63 20.89 21.02 19.64 20.34 22.43 21.89 20.22 22.23 23.00 21.38 20.44 23.73 23.75 22.73 20.36 21.04 21.42 20.27 17.63 15.82 17.68 15.66 13.24 14.03 14.68 12.83 9.21 11.31 9.55 6.37 6.07 6.76 3.68 0.00 0.54 3.76 9.99 
17.26 14.56 14.57 11.97 9.70 10.40 9.20 10.98 13.80 13.54 16.53 16.32 15.35 14.75 16.58 16.81 17.75 19.33 18.85 19.82 20.29 21.41 20.50 21.60 22.27 22.45 22.01 22.34 23.29 22.64 21.22 22.89 23.40 21.96 21.95 24.43 23.70 22.75 23.36 24.95 22.88 22.83 24.14 25.92 23.86 22.41 21.72 22.66 22.11 20.02 17.23 18.83 17.76 15.40 14.19 16.07 14.48 11.88 12.00 12.92 9.25 7.74 7.92 5.76 0.54 0.00 2.49 6.18 
17.44 15.57 15.24 13.26 12.17 10.99 11.50 11.65 14.54 17.13 17.71 17.72 15.53 16.17 16.82 15.48 17.80 19.39 19.30 18.71 20.78 21.66 20.58 21.34 22.36 23.02 22.38 21.92 23.38 22.92 21.57 23.06 23.84 22.84 22.75 24.86 25.02 23.36 24.10 25.01 23.85 22.69 24.40 24.42 24.20 21.32 20.78 20.76 21.84 18.82 16.83 17.84 17.80 14.60 14.00 15.80 15.42 11.42 13.77 13.08 13.12 9.76 10.64 7.97 3.76 2.49 0.06 10.46 
23.28 22.18 21.53 20.31 19.70 18.04 18.04 17.57 19.15 18.93 20.94 20.03 18.79 19.28 19.69 19.98 21.12 23.60 20.99 23.23 22.81 25.07 22.94 24.53 24.67 25.78 24.14 24.77 25.25 25.66 23.38 24.67 25.04 24.78 23.91 25.35 25.21 24.41 24.70 25.79 25.36 24.43 25.39 25.30 25.52 23.00 22.80 22.27 23.77 21.15 20.39 20.28 20.86 18.38 17.50 18.84 18.94 16.70 17.24 17.37 16.76 17.03 14.92 11.28 9.99 6.18 10.46 19.63 
