1.36 3.87 6.59 9.15 10.80 12.43 14.65 16.11 15.88 15.54 18.71 20.29 20.00 21.36 22.42 23.73 24.03 22.19 19.29 18.76 18.62 17.41 16.69 18.22 19.27 18.73 17.01 18.67 19.05 19.58 20.64 22.39 20.92 21.70 23.27 24.22 23.52 23.57 23.35 23.53 24.11 23.54 22.70 21.70 22.52 23.55 23.37 22.65 24.21 25.81 24.78 23.74 25.15 26.57 26.74 25.86 27.79 28.67 29.31 29.37 29.42 29.65 30.49 29.58 26.86 26.99 28.84 27.03 23.75 24.49 25.42 22.06 19.85 21.76 21.91 19.57 18.00 18.58 19.88 19.74 22.09 
3.87 1.59 3.58 6.04 7.75 10.63 11.87 13.16 12.23 13.42 15.88 17.32 17.39 18.87 20.76 21.67 22.16 19.89 17.37 16.68 16.10 14.14 13.80 15.50 16.44 15.53 14.34 15.76 16.32 16.45 18.66 20.67 19.14 19.22 21.40 22.60 21.86 21.03 20.76 20.91 22.51 21.29 20.10 19.16 20.41 21.49 21.01 20.01 21.90 23.30 22.06 21.03 22.65 24.06 24.14 23.53 25.78 26.38 27.03 27.12 27.70 27.77 28.12 27.38 24.55 24.76 26.90 24.74 21.22 22.10 23.26 19.26 17.90 19.28 19.73 16.05 14.57 17.06 17.11 17.95 19.60 
6.59 3.58 1.22 3.97 6.25 7.83 9.85 10.55 9.43 11.29 13.98 15.34 15.15 17.16 19.02 20.20 19.77 17.69 16.14 15.08 13.86 11.97 12.59 13.73 14.22 13.86 12.78 14.16 14.37 15.51 17.62 19.65 18.16 18.00 20.14 21.40 20.40 19.87 19.48 19.59 20.89 20.00 18.93 17.71 18.55 19.61 19.45 18.81 20.23 21.50 20.58 19.79 21.12 22.30 22.65 22.03 24.48 24.62 24.84 25.06 26.07 25.78 26.08 25.02 22.85 22.98 24.69 22.91 19.54 20.24 21.77 18.65 17.08 18.81 18.25 15.80 14.07 16.77 17.72 16.99 18.79 
9.15 6.04 3.97 0.61 5.23 7.17 7.36 8.88 9.24 10.17 12.19 13.66 14.08 15.39 18.11 19.10 19.33 17.40 15.00 14.46 13.45 12.43 12.17 13.55 14.31 13.96 13.10 14.04 14.94 15.53 17.25 19.66 18.16 17.98 19.74 20.59 19.71 19.40 19.57 19.21 20.04 19.68 18.93 17.89 18.02 18.90 19.02 18.12 19.52 20.86 20.00 19.21 20.92 21.86 21.86 21.33 24.07 24.38 24.26 24.75 25.82 25.87 25.64 25.19 22.91 23.29 24.53 23.06 19.52 20.57 21.45 19.14 18.27 18.80 18.61 15.32 15.77 17.16 17.13 16.49 23.08 
10.80 7.75 6.25 5.23 0.67 5.07 6.76 7.96 7.58 7.77 10.46 12.29 12.70 13.84 15.20 16.71 18.12 15.33 12.38 11.21 13.16 10.34 10.51 11.40 12.94 12.10 10.21 11.90 12.43 12.89 14.22 17.14 15.53 15.95 17.90 19.27 18.20 18.59 18.39 18.54 19.40 18.60 17.42 16.21 16.74 18.40 17.57 16.24 17.68 19.94 18.88 17.68 19.65 21.22 20.97 19.87 22.69 23.44 23.85 23.79 24.64 24.84 25.58 24.57 21.87 22.31 24.58 22.13 18.41 19.56 20.80 17.16 15.61 18.32 18.15 15.25 15.26 15.44 15.20 16.26 16.28 
12.43 10.63 7.83 7.17 5.07 0.55 5.42 7.27 6.91 8.01 9.77 11.31 12.08 14.72 16.48 17.46 18.70 16.54 14.30 12.43 12.16 9.52 10.31 12.03 13.09 13.86 11.46 13.03 13.50 14.35 15.26 18.64 16.73 16.29 18.39 19.52 19.04 18.77 18.00 18.62 20.22 19.09 16.97 16.48 17.57 19.18 17.92 16.95 18.56 20.73 19.11 18.16 20.21 21.41 21.14 20.40 23.13 23.43 23.89 24.17 25.21 25.32 25.57 24.69 22.43 22.83 24.83 22.80 19.05 20.59 21.24 17.79 16.84 19.70 18.79 16.06 15.36 16.19 15.21 17.47 18.35 
14.65 11.87 9.85 7.36 6.76 5.42 0.48 6.38 6.85 7.69 9.54 11.62 13.09 15.51 16.66 18.08 19.22 17.00 14.45 13.13 12.15 8.66 9.96 11.80 12.92 13.08 12.34 13.58 14.09 14.47 16.04 19.14 18.24 17.60 19.23 20.93 20.12 19.95 19.32 19.76 21.50 20.04 18.17 17.34 18.47 19.43 18.62 17.54 19.09 20.83 19.33 18.84 21.05 21.73 21.85 21.32 24.07 23.84 24.37 25.00 26.67 26.27 26.41 25.61 23.62 23.83 25.59 23.41 20.14 20.92 21.77 18.70 17.59 19.98 18.76 16.91 16.56 16.29 15.83 17.11 18.48 
16.11 13.16 10.55 8.88 7.96 7.27 6.38 0.00 6.28 8.12 8.41 9.55 12.31 14.34 16.24 17.91 19.72 16.85 15.57 12.73 13.10 10.43 10.48 12.46 14.59 15.26 14.11 14.85 14.95 16.22 16.89 20.14 19.50 19.33 20.80 21.83 21.31 21.31 20.99 21.38 22.62 21.64 19.80 19.53 19.52 20.80 19.68 19.28 20.71 22.41 20.81 20.65 22.41 23.72 23.35 23.15 25.60 26.18 25.99 26.99 27.86 28.15 27.87 27.35 25.01 25.58 26.89 24.96 21.34 22.91 23.48 20.73 20.15 21.62 21.09 18.81 17.94 18.37 17.69 19.82 21.81 
15.88 12.23 9.43 9.24 7.58 6.91 6.85 6.28 0.00 6.00 7.72 7.13 9.07 11.08 13.55 13.98 16.28 12.75 12.17 9.25 10.90 7.26 9.69 10.91 13.15 13.43 11.95 12.34 12.52 13.14 14.83 17.53 17.01 17.40 19.45 19.91 19.18 19.71 19.19 19.26 20.82 19.10 17.48 16.69 17.20 18.38 17.29 16.11 17.58 20.07 19.25 18.68 20.72 21.99 21.96 20.79 23.49 24.01 24.29 24.38 25.34 25.50 25.72 24.78 22.07 22.69 24.54 22.54 19.30 20.61 21.22 18.26 17.32 20.11 18.78 17.62 16.26 17.54 16.49 19.29 19.50 
15.54 13.42 11.29 10.17 7.77 8.01 7.69 8.12 6.00 0.00 6.36 7.72 7.62 9.68 11.40 13.03 13.41 10.57 9.96 9.02 7.75 4.80 8.07 11.97 12.63 12.95 10.35 11.82 12.06 12.25 12.64 16.26 15.60 16.44 18.61 19.84 18.70 19.41 18.48 18.97 20.21 19.33 16.88 16.56 16.51 18.28 16.40 15.21 16.77 19.62 18.33 18.21 20.08 21.58 21.18 20.51 22.80 23.39 23.51 24.29 24.90 25.42 25.11 24.48 22.21 22.95 24.75 23.11 19.58 21.14 21.42 18.69 17.94 19.33 19.33 16.87 16.17 17.05 16.40 19.04 19.45 
18.71 15.88 13.98 12.19 10.46 9.77 9.54 8.41 7.72 6.36 1.39 6.48 7.86 8.72 11.08 12.28 13.07 11.31 10.23 9.85 10.84 9.37 11.94 15.07 17.05 15.91 13.74 13.57 13.60 13.62 14.07 16.81 16.86 16.69 18.75 20.55 19.32 20.01 19.44 19.78 20.89 19.98 18.56 17.46 17.51 19.32 17.75 16.55 17.84 20.62 19.56 19.53 21.33 22.37 22.29 21.95 24.27 24.58 24.94 25.84 26.93 27.11 26.67 26.35 24.10 24.76 26.24 24.56 21.19 21.92 22.53 20.16 18.86 21.09 19.99 18.72 18.41 18.75 18.47 20.30 21.19 
20.29 17.32 15.34 13.66 12.29 11.31 11.62 9.55 7.13 7.72 6.48 0.50 6.44 8.23 9.34 10.60 12.41 8.97 10.63 9.13 11.63 12.08 14.28 17.29 18.47 17.71 14.88 14.76 14.64 14.89 14.85 17.25 16.70 17.12 18.77 20.06 19.17 19.79 19.60 19.87 20.73 20.32 18.87 18.29 18.11 19.88 18.62 17.67 19.36 21.73 20.96 20.76 22.75 24.30 24.00 23.38 25.78 26.73 27.02 27.57 28.59 29.08 28.84 28.02 25.93 26.76 28.26 26.40 22.72 24.15 24.40 21.82 20.88 22.36 21.93 20.37 20.44 20.85 19.57 22.17 22.27 
20.00 17.39 15.15 14.08 12.70 12.08 13.09 12.31 9.07 7.62 7.86 6.44 2.76 5.99 6.00 7.41 8.04 4.96 5.93 5.58 8.58 9.70 13.17 15.73 16.44 15.46 12.46 13.08 12.83 12.99 12.66 14.46 14.46 14.78 16.32 17.33 16.88 17.84 17.27 17.67 18.78 17.41 16.03 15.47 15.71 17.04 15.95 14.87 16.88 19.78 19.18 19.23 21.17 23.08 22.78 22.05 24.28 25.38 25.72 26.14 27.01 27.65 27.67 27.03 24.25 25.34 26.96 25.05 21.11 22.72 23.20 20.50 18.94 21.59 20.20 18.57 18.64 19.04 17.99 20.40 20.21 
21.36 18.87 17.16 15.39 13.84 14.72 15.51 14.34 11.08 9.68 8.72 8.23 5.99 0.43 5.21 6.60 8.65 7.60 9.12 8.56 12.27 13.62 17.76 19.84 20.88 19.87 16.20 15.68 14.78 13.91 12.67 15.13 14.88 15.14 17.10 18.39 17.77 18.70 17.94 18.48 19.28 18.28 16.53 16.08 15.93 17.68 16.46 15.11 17.49 19.98 19.59 19.51 21.68 23.10 23.12 22.44 24.48 25.53 26.01 27.24 27.76 28.54 28.07 27.78 25.22 26.36 27.90 25.99 21.96 24.11 24.44 21.69 20.61 22.69 21.73 19.44 19.99 19.56 17.89 19.73 20.13 
22.42 20.76 19.02 18.11 15.20 16.48 16.66 16.24 13.55 11.40 11.08 9.34 6.00 5.21 1.47 4.84 5.39 7.25 9.48 11.03 14.00 16.37 20.27 22.82 23.49 22.97 19.33 18.25 16.30 14.49 13.53 15.37 14.15 12.84 15.29 16.76 16.39 17.16 16.73 16.94 18.05 17.05 15.47 14.33 15.06 16.64 15.62 14.55 17.47 19.84 19.28 19.70 21.42 23.14 23.13 22.42 24.59 25.33 25.94 26.80 28.14 28.00 27.81 27.55 25.35 25.98 27.68 25.64 22.03 23.12 24.03 21.64 19.82 22.47 21.10 18.88 19.94 19.19 18.05 20.50 21.28 
23.73 21.67 20.20 19.10 16.71 17.46 18.08 17.91 13.98 13.03 12.28 10.60 7.41 6.60 4.84 0.00 6.33 7.39 9.99 11.08 13.78 17.42 20.54 24.00 24.47 24.47 20.08 19.12 16.54 14.48 12.55 14.39 12.94 11.91 14.26 16.12 16.06 17.18 16.69 16.73 17.77 17.33 15.69 14.33 14.41 16.50 15.70 14.95 17.52 19.93 19.49 19.59 21.71 23.23 23.38 22.69 24.82 25.92 26.53 27.72 28.74 29.24 28.86 28.79 26.37 27.19 28.68 27.20 23.31 24.35 25.19 22.65 21.56 22.82 22.04 19.81 20.28 20.72 18.88 20.59 21.49 
24.03 22.16 19.77 19.33 18.12 18.70 19.22 19.72 16.28 13.41 13.07 12.41 8.04 8.65 5.39 6.33 2.28 6.70 8.56 9.58 12.95 16.14 19.95 23.23 24.09 22.81 18.75 17.76 15.11 12.90 11.09 12.60 12.69 12.31 14.98 16.16 16.59 17.46 17.11 17.62 19.24 17.30 15.45 14.69 14.72 15.71 14.66 13.36 15.92 18.51 18.40 18.32 20.69 22.45 22.93 22.20 23.94 24.87 26.11 27.20 28.33 28.71 29.03 28.48 25.91 26.48 28.80 26.56 23.29 23.65 24.71 22.24 20.76 23.32 22.25 19.48 19.68 19.75 19.32 21.64 22.20 
22.19 19.89 17.69 17.40 15.33 16.54 17.00 16.85 12.75 10.57 11.31 8.97 4.96 7.60 7.25 7.39 6.70 0.70 6.91 7.62 10.22 13.53 16.01 19.92 20.40 20.44 15.71 14.58 12.12 9.26 8.38 10.30 10.68 9.89 14.16 15.81 15.05 15.72 15.36 16.09 17.51 16.20 13.86 12.62 12.58 14.06 12.11 9.47 12.31 15.03 15.17 14.69 17.09 19.02 19.52 18.61 20.71 22.22 23.21 24.02 25.00 26.06 25.78 25.62 23.11 24.33 26.01 24.10 20.15 21.44 22.55 19.48 18.43 20.44 19.94 17.28 17.23 18.19 17.30 18.95 19.93 
19.29 17.37 16.14 15.00 12.38 14.30 14.45 15.57 12.17 9.96 10.23 10.63 5.93 9.12 9.48 9.99 8.56 6.91 0.00 6.17 8.17 10.87 14.10 16.99 17.89 16.13 12.26 11.82 8.20 6.06 6.93 10.67 8.58 8.05 13.08 15.17 12.84 13.52 13.83 14.22 15.57 14.50 11.90 9.89 10.73 12.05 9.13 6.65 10.17 13.00 11.82 11.63 14.02 15.99 16.11 15.12 17.78 19.48 19.81 20.57 22.23 22.69 22.95 22.46 20.65 21.40 23.60 21.04 17.72 18.64 19.93 16.84 15.45 18.35 17.66 14.47 15.28 15.54 15.04 17.61 18.72 
18.76 16.68 15.08 14.46 11.21 12.43 13.13 12.73 9.25 9.02 9.85 9.13 5.58 8.56 11.03 11.08 9.58 7.62 6.17 0.00 6.36 7.72 10.47 13.79 14.84 14.09 9.55 8.98 8.14 5.81 7.45 10.20 10.19 11.17 14.17 15.28 13.88 14.97 15.37 15.13 16.37 15.64 13.32 11.13 11.94 13.47 10.80 8.89 11.14 12.80 11.76 10.56 12.57 14.62 14.01 12.97 15.32 17.34 18.17 19.05 21.05 22.07 22.39 21.76 20.14 20.66 22.79 20.60 17.27 17.74 19.60 16.49 15.58 17.16 17.20 14.58 14.10 14.66 14.88 16.84 18.61 
18.62 16.10 13.86 13.45 13.16 12.16 12.15 13.10 10.90 7.75 10.84 11.63 8.58 12.27 14.00 13.78 12.95 10.22 8.17 6.36 2.81 6.13 7.26 10.44 10.24 10.29 7.33 7.90 6.41 5.75 8.22 12.62 11.79 12.61 15.17 16.32 14.83 15.87 15.99 16.14 17.71 15.83 12.77 12.11 12.92 13.19 10.78 9.39 11.22 12.57 10.30 9.27 11.56 13.43 13.32 12.45 14.00 15.81 17.28 18.50 20.23 21.07 21.91 21.11 19.04 19.41 21.77 19.30 16.08 16.75 18.31 15.78 15.21 17.00 16.79 14.56 13.08 14.77 14.66 17.34 17.58 
17.41 14.14 11.97 12.43 10.34 9.52 8.66 10.43 7.26 4.80 9.37 12.08 9.70 13.62 16.37 17.42 16.14 13.53 10.87 7.72 6.13 2.35 5.55 7.07 9.32 9.16 7.81 7.75 8.58 8.45 10.85 14.76 14.68 14.79 18.30 18.59 16.48 17.09 17.14 17.12 18.54 16.80 14.68 13.70 13.73 14.99 12.62 10.32 10.85 11.89 10.52 8.22 10.65 12.45 12.72 10.79 13.66 15.03 16.25 17.14 18.81 19.77 20.48 20.05 17.78 18.81 21.06 18.99 15.42 16.39 17.70 15.51 14.35 16.37 15.70 13.27 11.77 13.43 14.31 15.38 16.75 
16.69 13.80 12.59 12.17 10.51 10.31 9.96 10.48 9.69 8.07 11.94 14.28 13.17 17.76 20.27 20.54 19.95 16.01 14.10 10.47 7.26 5.55 2.10 5.28 6.57 7.88 7.61 8.23 8.85 10.68 13.15 16.72 15.45 16.98 20.49 20.70 18.36 19.12 19.48 18.65 19.75 18.48 16.21 15.19 15.21 16.30 13.68 10.46 10.89 12.51 9.64 7.48 9.08 12.29 10.70 8.84 11.31 14.63 14.90 15.48 17.56 18.93 19.20 19.14 17.57 18.06 20.67 18.34 15.12 15.23 17.12 14.09 13.42 14.68 14.46 12.42 11.43 13.50 13.14 15.57 16.93 
18.22 15.50 13.73 13.55 11.40 12.03 11.80 12.46 10.91 11.97 15.07 17.29 15.73 19.84 22.82 24.00 23.23 19.92 16.99 13.79 10.44 7.07 5.28 1.84 5.93 7.78 8.52 10.01 12.42 13.44 15.79 19.37 18.33 20.21 23.07 23.14 20.31 21.44 21.42 20.57 21.37 20.58 18.77 17.79 17.58 18.92 16.40 14.05 13.94 15.01 12.29 10.79 10.46 12.97 13.01 10.28 11.09 14.33 17.01 17.48 18.91 20.18 20.70 20.87 18.68 19.26 21.89 20.12 16.69 16.96 18.32 16.09 14.54 16.11 14.91 13.83 13.58 14.82 14.85 16.91 18.26 
19.27 16.44 14.22 14.31 12.94 13.09 12.92 14.59 13.15 12.63 17.05 18.47 16.44 20.88 23.49 24.47 24.09 20.40 17.89 14.84 10.24 9.32 6.57 5.93 2.04 6.58 7.64 10.72 12.21 14.25 16.53 20.28 19.83 21.35 23.95 24.54 22.23 22.81 22.88 21.75 22.52 21.42 20.04 18.53 18.05 19.25 17.19 15.49 15.37 16.22 13.59 13.12 13.64 14.75 14.05 12.94 13.40 15.35 17.58 18.99 20.36 20.85 21.76 21.10 18.94 18.87 22.02 20.01 17.46 16.98 18.41 16.20 15.68 15.38 14.78 13.59 10.84 14.75 14.42 16.97 18.00 
18.73 15.53 13.86 13.96 12.10 13.86 13.08 15.26 13.43 12.95 15.91 17.71 15.46 19.87 22.97 24.47 22.81 20.44 16.13 14.09 10.29 9.16 7.88 7.78 6.58 0.48 5.62 7.58 10.22 12.02 14.76 18.83 18.49 20.35 22.82 23.31 21.63 22.12 21.90 21.36 22.46 21.30 19.45 18.40 18.01 19.87 18.34 15.79 15.35 17.26 15.45 14.27 15.19 16.37 14.72 13.38 15.10 16.02 17.36 18.45 20.08 20.54 20.68 20.40 18.26 18.86 21.08 19.01 15.79 16.91 17.20 13.79 12.33 13.60 13.43 10.33 8.55 12.38 13.19 14.99 16.49 
17.01 14.34 12.78 13.10 10.21 11.46 12.34 14.11 11.95 10.35 13.74 14.88 12.46 16.20 19.33 20.08 18.75 15.71 12.26 9.55 7.33 7.81 7.61 8.52 7.64 5.62 0.00 5.87 7.17 8.79 11.07 14.85 14.76 16.43 18.99 19.98 17.96 19.32 19.02 18.46 19.90 18.35 15.73 14.59 14.91 16.74 14.43 12.52 13.04 16.09 13.89 12.64 13.70 15.16 13.59 12.22 13.73 15.37 15.18 16.30 17.97 18.35 18.13 18.07 16.19 16.46 18.44 16.87 13.83 13.96 14.64 12.34 11.14 12.28 11.35 11.45 9.51 12.00 10.67 14.98 16.82 
18.67 15.76 14.16 14.04 11.90 13.03 13.58 14.85 12.34 11.82 13.57 14.76 13.08 15.68 18.25 19.12 17.76 14.58 11.82 8.98 7.90 7.75 8.23 10.01 10.72 7.58 5.87 0.00 5.44 6.84 9.18 13.26 12.84 14.86 17.48 18.60 16.51 17.88 18.17 17.72 18.84 17.95 16.70 15.83 15.68 17.17 15.95 14.82 15.36 17.34 15.80 15.28 15.66 16.30 14.85 13.41 14.97 16.18 16.72 16.83 18.75 19.08 18.65 18.54 16.32 16.42 18.66 17.33 13.97 14.43 15.47 12.33 11.05 13.31 13.52 12.12 11.68 12.76 13.09 15.60 17.58 
19.05 16.32 14.37 14.94 12.43 13.50 14.09 14.95 12.52 12.06 13.60 14.64 12.83 14.78 16.30 16.54 15.11 12.12 8.20 8.14 6.41 8.58 8.85 12.42 12.21 10.22 7.17 5.44 0.74 4.82 5.62 10.02 10.72 12.35 14.80 15.79 14.87 16.25 16.70 16.22 17.46 16.72 15.63 14.04 13.71 15.85 14.71 14.46 15.09 17.11 15.35 15.37 15.81 16.74 15.11 13.92 15.32 16.83 16.57 17.44 18.38 18.61 18.42 18.04 15.31 15.35 18.03 17.26 14.04 14.79 15.49 13.32 12.27 14.20 13.77 12.36 10.48 13.99 12.95 16.59 16.36 
19.58 16.45 15.51 15.53 12.89 14.35 14.47 16.22 13.14 12.25 13.62 14.89 12.99 13.91 14.49 14.48 12.90 9.26 6.06 5.81 5.75 8.45 10.68 13.44 14.25 12.02 8.79 6.84 4.82 1.54 5.17 7.98 8.83 10.87 13.43 15.19 13.37 15.06 15.32 14.67 15.56 15.13 13.52 11.75 12.60 15.32 14.43 12.94 14.51 17.02 15.54 14.99 15.76 16.72 15.78 14.05 15.53 16.16 17.13 17.39 18.99 18.17 18.07 17.38 15.20 15.20 17.64 16.44 13.79 15.11 15.96 13.05 12.90 14.83 14.93 13.50 12.72 14.15 15.88 16.60 18.25 
20.64 18.66 17.62 17.25 14.22 15.26 16.04 16.89 14.83 12.64 14.07 14.85 12.66 12.67 13.53 12.55 11.09 8.38 6.93 7.45 8.22 10.85 13.15 15.79 16.53 14.76 11.07 9.18 5.62 5.17 2.32 5.92 6.74 8.53 11.41 12.74 12.43 13.98 15.17 14.86 14.42 14.65 13.24 13.13 13.05 16.10 15.17 14.45 15.38 17.96 16.46 15.84 16.44 17.35 16.61 15.33 16.75 17.31 17.94 18.47 19.70 19.29 18.46 18.13 16.30 16.22 17.85 16.94 14.63 15.79 16.42 13.45 13.97 15.96 16.04 15.56 14.54 17.01 16.63 19.05 20.52 
22.39 20.67 19.65 19.66 17.14 18.64 19.14 20.14 17.53 16.26 16.81 17.25 14.46 15.13 15.37 14.39 12.60 10.30 10.67 10.20 12.62 14.76 16.72 19.37 20.28 18.83 14.85 13.26 10.02 7.98 5.92 3.19 5.95 7.71 10.10 11.52 12.29 14.13 15.16 14.47 15.70 15.29 14.69 14.94 15.38 17.00 16.91 17.16 18.16 20.35 18.65 18.32 18.76 19.47 18.54 17.72 19.43 19.61 19.93 20.67 21.71 21.23 19.91 20.31 18.52 18.38 19.59 18.67 17.03 17.99 18.02 15.06 16.25 18.48 18.32 16.92 17.54 19.72 19.78 20.92 21.98 
20.92 19.14 18.16 18.16 15.53 16.73 18.24 19.50 17.01 15.60 16.86 16.70 14.46 14.88 14.15 12.94 12.69 10.68 8.58 10.19 11.79 14.68 15.45 18.33 19.83 18.49 14.76 12.84 10.72 8.83 6.74 5.95 1.66 4.72 7.24 8.76 8.79 9.90 10.80 10.30 11.24 11.67 10.48 10.22 11.63 14.49 14.15 14.64 16.05 17.81 16.74 15.96 16.83 17.27 16.35 15.61 17.67 17.29 17.26 18.24 19.74 18.82 18.23 18.19 16.41 16.42 18.42 17.31 14.88 16.38 17.30 13.97 14.56 17.80 17.31 15.30 14.84 17.36 18.07 20.99 21.49 
21.70 19.22 18.00 17.98 15.95 16.29 17.60 19.33 17.40 16.44 16.69 17.12 14.78 15.14 12.84 11.91 12.31 9.89 8.05 11.17 12.61 14.79 16.98 20.21 21.35 20.35 16.43 14.86 12.35 10.87 8.53 7.71 4.72 1.50 5.97 8.16 7.19 9.97 10.39 9.12 10.79 11.63 10.59 9.21 10.76 15.23 15.14 15.24 16.63 18.92 17.40 16.58 17.27 18.38 17.31 16.19 18.15 18.13 18.17 18.62 20.08 19.79 18.72 18.70 17.06 17.29 19.33 18.13 15.66 17.55 18.46 15.33 15.91 18.50 18.63 16.73 17.21 19.12 19.01 21.10 22.61 
23.27 21.40 20.14 19.74 17.90 18.39 19.23 20.80 19.45 18.61 18.75 18.77 16.32 17.10 15.29 14.26 14.98 14.16 13.08 14.17 15.17 18.30 20.49 23.07 23.95 22.82 18.99 17.48 14.80 13.43 11.41 10.10 7.24 5.97 2.80 7.32 7.49 10.00 11.05 10.11 10.00 11.95 12.12 12.39 13.33 16.98 17.36 17.84 19.20 20.84 19.31 18.47 19.52 20.16 19.32 18.71 20.34 20.45 20.26 20.59 22.00 21.84 20.92 20.85 19.39 19.73 21.11 20.02 18.07 19.37 20.01 17.31 18.01 20.04 19.70 18.26 18.84 19.62 20.41 22.86 24.16 
24.22 22.60 21.40 20.59 19.27 19.52 20.93 21.83 19.91 19.84 20.55 20.06 17.33 18.39 16.76 16.12 16.16 15.81 15.17 15.28 16.32 18.59 20.70 23.14 24.54 23.31 19.98 18.60 15.79 15.19 12.74 11.52 8.76 8.16 7.32 2.66 6.80 8.23 9.78 8.89 11.36 11.77 12.24 13.55 14.90 16.95 16.76 18.23 19.97 20.62 18.72 18.39 19.39 19.71 18.79 18.67 20.71 20.00 19.97 20.88 22.33 21.88 21.07 21.27 19.91 20.19 21.52 20.14 18.42 20.05 20.32 17.77 18.54 21.20 20.56 19.03 19.67 21.86 21.11 22.98 24.05 
23.52 21.86 20.40 19.71 18.20 19.04 20.12 21.31 19.18 18.70 19.32 19.17 16.88 17.77 16.39 16.06 16.59 15.05 12.84 13.88 14.83 16.48 18.36 20.31 22.23 21.63 17.96 16.51 14.87 13.37 12.43 12.29 8.79 7.19 7.49 6.80 0.36 4.10 5.72 6.17 8.93 10.20 9.09 9.92 12.84 15.05 14.68 15.97 18.22 19.31 18.04 16.69 17.90 18.10 17.52 17.13 19.43 19.04 18.88 19.66 21.32 21.36 20.64 20.75 18.82 19.61 21.63 20.17 17.09 19.30 20.46 17.36 17.63 20.55 20.04 18.30 18.29 19.47 20.61 23.20 23.57 
23.57 21.03 19.87 19.40 18.59 18.77 19.95 21.31 19.71 19.41 20.01 19.79 17.84 18.70 17.16 17.18 17.46 15.72 13.52 14.97 15.87 17.09 19.12 21.44 22.81 22.12 19.32 17.88 16.25 15.06 13.98 14.13 9.90 9.97 10.00 8.23 4.10 0.00 5.29 5.64 8.47 10.80 10.70 10.50 12.65 15.07 15.34 15.45 18.08 19.78 18.28 16.43 17.82 19.11 17.82 16.77 19.11 19.66 19.03 19.58 21.67 22.43 21.67 21.67 19.43 20.47 22.65 21.51 18.38 20.50 21.84 18.96 18.80 21.59 21.35 19.76 19.35 20.94 20.64 22.48 23.39 
23.35 20.76 19.48 19.57 18.39 18.00 19.32 20.99 19.19 18.48 19.44 19.60 17.27 17.94 16.73 16.69 17.11 15.36 13.83 15.37 15.99 17.14 19.48 21.42 22.88 21.90 19.02 18.17 16.70 15.32 15.17 15.16 10.80 10.39 11.05 9.78 5.72 5.29 0.00 5.49 8.28 8.98 9.45 10.37 12.41 13.87 14.55 14.84 17.04 18.70 17.00 15.38 17.17 17.89 16.44 15.51 18.22 18.16 17.65 18.14 20.37 21.41 21.08 21.00 19.30 20.03 22.35 20.82 18.36 20.20 21.43 18.46 18.23 20.90 20.18 18.67 19.68 19.81 19.91 21.99 22.85 
23.53 20.91 19.59 19.21 18.54 18.62 19.76 21.38 19.26 18.97 19.78 19.87 17.67 18.48 16.94 16.73 17.62 16.09 14.22 15.13 16.14 17.12 18.65 20.57 21.75 21.36 18.46 17.72 16.22 14.67 14.86 14.47 10.30 9.12 10.11 8.89 6.17 5.64 5.49 0.00 6.54 7.91 6.49 7.66 10.48 13.12 13.12 14.25 16.66 17.77 16.24 14.96 16.55 17.02 15.52 14.36 17.29 16.23 16.44 17.22 19.33 20.17 20.30 20.23 18.60 19.72 21.80 20.14 17.75 19.48 20.57 17.93 17.97 20.38 20.08 18.40 18.84 20.30 19.20 21.42 22.12 
24.11 22.51 20.89 20.04 19.40 20.22 21.50 22.62 20.82 20.21 20.89 20.73 18.78 19.28 18.05 17.77 19.24 17.51 15.57 16.37 17.71 18.54 19.75 21.37 22.52 22.46 19.90 18.84 17.46 15.56 14.42 15.70 11.24 10.79 10.00 11.36 8.93 8.47 8.28 6.54 0.80 6.77 7.62 7.17 9.89 12.63 13.64 14.81 17.51 18.65 17.49 17.05 17.78 17.19 16.58 16.26 17.74 17.08 17.94 18.97 20.54 20.98 21.53 21.30 19.50 20.11 22.72 20.91 18.04 19.65 21.17 18.45 18.41 20.93 20.50 19.06 18.88 19.50 19.36 21.95 22.47 
23.54 21.29 20.00 19.68 18.60 19.09 20.04 21.64 19.10 19.33 19.98 20.32 17.41 18.28 17.05 17.33 17.30 16.20 14.50 15.64 15.83 16.80 18.48 20.58 21.42 21.30 18.35 17.95 16.72 15.13 14.65 15.29 11.67 11.63 11.95 11.77 10.20 10.80 8.98 7.91 6.77 0.09 5.18 6.96 7.39 8.40 10.25 12.64 14.73 15.64 15.73 14.51 15.72 15.45 14.10 13.99 16.02 15.03 16.28 17.46 19.51 20.26 20.31 20.24 18.76 19.12 21.85 20.13 17.25 18.74 20.35 17.69 17.57 19.67 20.14 17.86 17.86 18.91 18.56 20.59 21.16 
22.70 20.10 18.93 18.93 17.42 16.97 18.17 19.80 17.48 16.88 18.56 18.87 16.03 16.53 15.47 15.69 15.45 13.86 11.90 13.32 12.77 14.68 16.21 18.77 20.04 19.45 15.73 16.70 15.63 13.52 13.24 14.69 10.48 10.59 12.12 12.24 9.09 10.70 9.45 6.49 7.62 5.18 0.86 4.92 6.35 6.11 7.25 9.48 11.35 12.69 12.13 11.01 12.59 12.60 10.24 10.94 13.86 13.24 13.89 16.01 18.40 18.97 18.58 18.78 17.98 18.62 20.62 18.50 16.24 17.60 18.93 15.96 15.85 18.65 18.23 16.29 16.42 17.15 16.78 19.32 20.06 
21.70 19.16 17.71 17.89 16.21 16.48 17.34 19.53 16.69 16.56 17.46 18.29 15.47 16.08 14.33 14.33 14.69 12.62 9.89 11.13 12.11 13.70 15.19 17.79 18.53 18.40 14.59 15.83 14.04 11.75 13.13 14.94 10.22 9.21 12.39 13.55 9.92 10.50 10.37 7.66 7.17 6.96 4.92 0.00 5.31 7.28 7.01 8.10 11.02 12.87 11.91 10.80 12.64 13.46 10.90 11.14 13.56 13.76 14.11 16.14 17.86 18.66 18.01 18.55 17.25 18.31 19.86 18.44 15.84 17.60 18.17 15.40 15.33 17.90 17.69 15.64 15.64 16.75 15.67 18.20 19.51 
22.52 20.41 18.55 18.02 16.74 17.57 18.47 19.52 17.20 16.51 17.51 18.11 15.71 15.93 15.06 14.41 14.72 12.58 10.73 11.94 12.92 13.73 15.21 17.58 18.05 18.01 14.91 15.68 13.71 12.60 13.05 15.38 11.63 10.76 13.33 14.90 12.84 12.65 12.41 10.48 9.89 7.39 6.35 5.31 0.00 6.62 7.23 7.55 10.54 12.46 10.88 11.25 12.52 12.47 12.43 12.18 14.58 14.75 16.48 17.44 19.39 19.72 20.04 19.63 18.51 18.86 21.10 19.17 16.56 17.80 18.75 16.16 15.99 18.72 18.09 16.43 16.16 16.88 16.00 18.92 20.18 
23.55 21.49 19.61 18.90 18.40 19.18 19.43 20.80 18.38 18.28 19.32 19.88 17.04 17.68 16.64 16.50 15.71 14.06 12.05 13.47 13.19 14.99 16.30 18.92 19.25 19.87 16.74 17.17 15.85 15.32 16.10 17.00 14.49 15.23 16.98 16.95 15.05 15.07 13.87 13.12 12.63 8.40 6.11 7.28 6.62 0.00 5.69 7.88 9.18 9.54 10.35 11.00 11.44 12.17 10.72 12.59 14.32 14.97 16.55 18.45 19.75 20.81 20.67 20.55 19.08 19.90 22.04 20.28 17.77 18.89 19.97 17.11 17.25 19.07 19.40 17.13 17.07 17.93 17.31 19.46 20.67 
23.37 21.01 19.45 19.02 17.57 17.92 18.62 19.68 17.29 16.40 17.75 18.62 15.95 16.46 15.62 15.70 14.66 12.11 9.13 10.80 10.78 12.62 13.68 16.40 17.19 18.34 14.43 15.95 14.71 14.43 15.17 16.91 14.15 15.14 17.36 16.76 14.68 15.34 14.55 13.12 13.64 10.25 7.25 7.01 7.23 5.69 0.28 6.18 6.58 7.40 7.92 8.64 8.71 9.61 8.26 10.15 14.41 14.80 15.73 17.41 19.31 19.96 20.09 19.22 18.04 18.84 20.88 18.61 16.40 17.59 18.42 15.68 15.54 17.89 17.34 15.66 15.46 16.21 15.53 18.22 19.71 
22.65 20.01 18.81 18.12 16.24 16.95 17.54 19.28 16.11 15.21 16.55 17.67 14.87 15.11 14.55 14.95 13.36 9.47 6.65 8.89 9.39 10.32 10.46 14.05 15.49 15.79 12.52 14.82 14.46 12.94 14.45 17.16 14.64 15.24 17.84 18.23 15.97 15.45 14.84 14.25 14.81 12.64 9.48 8.10 7.55 7.88 6.18 0.00 5.67 7.76 7.63 8.27 8.96 11.20 9.71 11.76 15.07 15.67 16.20 17.61 19.14 19.35 19.16 18.86 17.37 18.57 20.55 18.39 15.72 17.38 18.07 15.17 15.11 17.31 16.79 15.19 15.02 15.78 14.62 17.26 19.14 
24.21 21.90 20.23 19.52 17.68 18.56 19.09 20.71 17.58 16.77 17.84 19.36 16.88 17.49 17.47 17.52 15.92 12.31 10.17 11.14 11.22 10.85 10.89 13.94 15.37 15.35 13.04 15.36 15.09 14.51 15.38 18.16 16.05 16.63 19.20 19.97 18.22 18.08 17.04 16.66 17.51 14.73 11.35 11.02 10.54 9.18 6.58 5.67 1.17 6.13 5.88 7.35 7.93 10.29 10.70 12.09 14.76 15.97 17.20 18.88 19.97 20.83 20.83 20.22 18.23 19.06 21.38 19.26 16.35 17.45 18.27 16.16 15.52 18.08 17.55 16.11 15.41 15.97 15.33 18.62 20.45 
25.81 23.30 21.50 20.86 19.94 20.73 20.83 22.41 20.07 19.62 20.62 21.73 19.78 19.98 19.84 19.93 18.51 15.03 13.00 12.80 12.57 11.89 12.51 15.01 16.22 17.26 16.09 17.34 17.11 17.02 17.96 20.35 17.81 18.92 20.84 20.62 19.31 19.78 18.70 17.77 18.65 15.64 12.69 12.87 12.46 9.54 7.40 7.76 6.13 0.00 5.41 7.54 7.71 10.09 10.21 12.01 14.31 15.90 16.80 18.20 20.38 21.45 21.42 21.02 18.79 19.63 21.58 20.14 17.34 18.68 19.49 17.05 16.56 18.59 18.67 17.04 16.90 17.62 17.17 19.76 21.42 
24.78 22.06 20.58 20.00 18.88 19.11 19.33 20.81 19.25 18.33 19.56 20.96 19.18 19.59 19.28 19.49 18.40 15.17 11.82 11.76 10.30 10.52 9.64 12.29 13.59 15.45 13.89 15.80 15.35 15.54 16.46 18.65 16.74 17.40 19.31 18.72 18.04 18.28 17.00 16.24 17.49 15.73 12.13 11.91 10.88 10.35 7.92 7.63 5.88 5.41 0.18 5.09 5.99 8.12 7.95 9.03 12.31 14.01 14.56 15.14 17.25 19.18 19.11 18.01 16.46 17.30 20.23 17.97 15.50 16.08 17.55 14.93 14.81 16.99 15.98 15.00 15.12 15.99 15.32 18.59 20.35 
23.74 21.03 19.79 19.21 17.68 18.16 18.84 20.65 18.68 18.21 19.53 20.76 19.23 19.51 19.70 19.59 18.32 14.69 11.63 10.56 9.27 8.22 7.48 10.79 13.12 14.27 12.64 15.28 15.37 14.99 15.84 18.32 15.96 16.58 18.47 18.39 16.69 16.43 15.38 14.96 17.05 14.51 11.01 10.80 11.25 11.00 8.64 8.27 7.35 7.54 5.09 0.00 5.57 8.03 6.29 8.32 11.61 12.92 12.83 13.89 15.77 16.35 16.61 16.11 14.87 16.26 18.80 16.40 13.62 14.24 15.62 13.01 13.18 15.63 15.85 14.39 14.69 16.15 15.61 17.64 19.55 
25.15 22.65 21.12 20.92 19.65 20.21 21.05 22.41 20.72 20.08 21.33 22.75 21.17 21.68 21.42 21.71 20.69 17.09 14.02 12.57 11.56 10.65 9.08 10.46 13.64 15.19 13.70 15.66 15.81 15.76 16.44 18.76 16.83 17.27 19.52 19.39 17.90 17.82 17.17 16.55 17.78 15.72 12.59 12.64 12.52 11.44 8.71 8.96 7.93 7.71 5.99 5.57 0.00 6.57 6.56 6.88 9.07 11.56 12.62 13.86 15.15 16.24 17.02 16.99 14.85 16.16 18.57 16.49 13.40 13.61 15.36 13.39 13.45 16.31 16.36 15.45 14.67 16.47 16.70 19.51 20.25 
26.57 24.06 22.30 21.86 21.22 21.41 21.73 23.72 21.99 21.58 22.37 24.30 23.08 23.10 23.14 23.23 22.45 19.02 15.99 14.62 13.43 12.45 12.29 12.97 14.75 16.37 15.16 16.30 16.74 16.72 17.35 19.47 17.27 18.38 20.16 19.71 18.10 19.11 17.89 17.02 17.19 15.45 12.60 13.46 12.47 12.17 9.61 11.20 10.29 10.09 8.12 8.03 6.57 0.00 6.42 7.35 8.54 9.89 11.52 13.65 15.31 16.86 16.93 17.10 15.10 15.86 18.08 16.87 13.73 14.57 15.85 14.17 13.94 16.76 17.58 16.56 16.25 17.87 18.24 20.67 21.25 
26.74 24.14 22.65 21.86 20.97 21.14 21.85 23.35 21.96 21.18 22.29 24.00 22.78 23.12 23.13 23.38 22.93 19.52 16.11 14.01 13.32 12.72 10.70 13.01 14.05 14.72 13.59 14.85 15.11 15.78 16.61 18.54 16.35 17.31 19.32 18.79 17.52 17.82 16.44 15.52 16.58 14.10 10.24 10.90 12.43 10.72 8.26 9.71 10.70 10.21 7.95 6.29 6.56 6.42 0.00 5.01 7.47 7.42 9.24 10.41 12.58 14.57 15.51 14.86 13.12 14.17 16.74 15.01 12.41 12.55 14.64 12.49 12.55 15.79 16.28 15.39 15.03 16.70 17.52 19.97 20.92 
25.86 23.53 22.03 21.33 19.87 20.40 21.32 23.15 20.79 20.51 21.95 23.38 22.05 22.44 22.42 22.69 22.20 18.61 15.12 12.97 12.45 10.79 8.84 10.28 12.94 13.38 12.22 13.41 13.92 14.05 15.33 17.72 15.61 16.19 18.71 18.67 17.13 16.77 15.51 14.36 16.26 13.99 10.94 11.14 12.18 12.59 10.15 11.76 12.09 12.01 9.03 8.32 6.88 7.35 5.01 0.00 6.54 7.41 7.64 8.82 10.66 12.05 12.90 12.75 10.89 12.16 15.17 13.86 10.08 9.91 13.05 11.65 11.86 14.77 16.52 15.59 15.60 17.54 17.45 19.69 20.57 
27.79 25.78 24.48 24.07 22.69 23.13 24.07 25.60 23.49 22.80 24.27 25.78 24.28 24.48 24.59 24.82 23.94 20.71 17.78 15.32 14.00 13.66 11.31 11.09 13.40 15.10 13.73 14.97 15.32 15.53 16.75 19.43 17.67 18.15 20.34 20.71 19.43 19.11 18.22 17.29 17.74 16.02 13.86 13.56 14.58 14.32 14.41 15.07 14.76 14.31 12.31 11.61 9.07 8.54 7.47 6.54 1.17 6.37 7.67 8.74 10.18 11.63 12.85 14.41 12.17 13.70 16.54 15.41 12.24 12.44 15.44 13.91 14.75 18.09 19.03 18.19 17.50 18.58 19.85 21.79 22.00 
28.67 26.38 24.62 24.38 23.44 23.43 23.84 26.18 24.01 23.39 24.58 26.73 25.38 25.53 25.33 25.92 24.87 22.22 19.48 17.34 15.81 15.03 14.63 14.33 15.35 16.02 15.37 16.18 16.83 16.16 17.31 19.61 17.29 18.13 20.45 20.00 19.04 19.66 18.16 16.23 17.08 15.03 13.24 13.76 14.75 14.97 14.80 15.67 15.97 15.90 14.01 12.92 11.56 9.89 7.42 7.41 6.37 0.29 5.43 7.36 8.15 10.96 12.01 12.52 11.33 13.02 15.49 15.04 12.58 14.19 16.12 14.90 15.36 19.27 20.15 18.74 19.70 21.12 20.49 22.62 23.18 
29.31 27.03 24.84 24.26 23.85 23.89 24.37 25.99 24.29 23.51 24.94 27.02 25.72 26.01 25.94 26.53 26.11 23.21 19.81 18.17 17.28 16.25 14.90 17.01 17.58 17.36 15.18 16.72 16.57 17.13 17.94 19.93 17.26 18.17 20.26 19.97 18.88 19.03 17.65 16.44 17.94 16.28 13.89 14.11 16.48 16.55 15.73 16.20 17.20 16.80 14.56 12.83 12.62 11.52 9.24 7.64 7.67 5.43 0.59 5.87 8.09 9.29 11.58 11.53 9.38 12.02 14.57 14.06 12.35 14.18 16.34 15.06 15.75 20.13 20.48 19.23 19.84 19.95 21.80 23.35 23.93 
29.37 27.12 25.06 24.75 23.79 24.17 25.00 26.99 24.38 24.29 25.84 27.57 26.14 27.24 26.80 27.72 27.20 24.02 20.57 19.05 18.50 17.14 15.48 17.48 18.99 18.45 16.30 16.83 17.44 17.39 18.47 20.67 18.24 18.62 20.59 20.88 19.66 19.58 18.14 17.22 18.97 17.46 16.01 16.14 17.44 18.45 17.41 17.61 18.88 18.20 15.14 13.89 13.86 13.65 10.41 8.82 8.74 7.36 5.87 0.00 6.16 8.06 8.52 9.87 9.07 10.85 14.36 13.91 11.99 14.57 16.73 15.72 16.70 20.56 21.32 19.57 20.81 22.04 21.25 23.40 23.93 
29.42 27.70 26.07 25.82 24.64 25.21 26.67 27.86 25.34 24.90 26.93 28.59 27.01 27.76 28.14 28.74 28.33 25.00 22.23 21.05 20.23 18.81 17.56 18.91 20.36 20.08 17.97 18.75 18.38 18.99 19.70 21.71 19.74 20.08 22.00 22.33 21.32 21.67 20.37 19.33 20.54 19.51 18.40 17.86 19.39 19.75 19.31 19.14 19.97 20.38 17.25 15.77 15.15 15.31 12.58 10.66 10.18 8.15 8.09 6.16 0.00 6.30 7.79 9.00 9.86 11.87 14.61 13.99 12.37 15.21 17.55 15.83 16.68 21.15 21.50 20.24 20.46 20.70 22.51 24.22 24.64 
29.65 27.77 25.78 25.87 24.84 25.32 26.27 28.15 25.50 25.42 27.11 29.08 27.65 28.54 28.00 29.24 28.71 26.06 22.69 22.07 21.07 19.77 18.93 20.18 20.85 20.54 18.35 19.08 18.61 18.17 19.29 21.23 18.82 19.79 21.84 21.88 21.36 22.43 21.41 20.17 20.98 20.26 18.97 18.66 19.72 20.81 19.96 19.35 20.83 21.45 19.18 16.35 16.24 16.86 14.57 12.05 11.63 10.96 9.29 8.06 6.30 0.00 5.99 7.99 8.28 10.19 12.45 12.91 11.80 14.82 16.16 15.37 16.43 20.35 21.79 19.62 21.27 22.42 22.28 23.55 24.56 
30.49 28.12 26.08 25.64 25.58 25.57 26.41 27.87 25.72 25.11 26.67 28.84 27.67 28.07 27.81 28.86 29.03 25.78 22.95 22.39 21.91 20.48 19.20 20.70 21.76 20.68 18.13 18.65 18.42 18.07 18.46 19.91 18.23 18.72 20.92 21.07 20.64 21.67 21.08 20.30 21.53 20.31 18.58 18.01 20.04 20.67 20.09 19.16 20.83 21.42 19.11 16.61 17.02 16.93 15.51 12.90 12.85 12.01 11.58 8.52 7.79 5.99 0.00 5.98 6.98 7.87 10.61 10.90 10.22 13.08 14.46 14.27 15.23 19.86 20.02 19.49 20.38 21.01 22.48 24.36 24.97 
29.58 27.38 25.02 25.19 24.57 24.69 25.61 27.35 24.78 24.48 26.35 28.02 27.03 27.78 27.55 28.79 28.48 25.62 22.46 21.76 21.11 20.05 19.14 20.87 21.10 20.40 18.07 18.54 18.04 17.38 18.13 20.31 18.19 18.70 20.85 21.27 20.75 21.67 21.00 20.23 21.30 20.24 18.78 18.55 19.63 20.55 19.22 18.86 20.22 21.02 18.01 16.11 16.99 17.10 14.86 12.75 14.41 12.52 11.53 9.87 9.00 7.99 5.98 0.00 6.30 8.13 8.93 10.15 9.22 12.29 13.79 13.25 14.10 18.27 19.96 18.12 19.01 20.07 21.42 22.31 23.59 
26.86 24.55 22.85 22.91 21.87 22.43 23.62 25.01 22.07 22.21 24.10 25.93 24.25 25.22 25.35 26.37 25.91 23.11 20.65 20.14 19.04 17.78 17.57 18.68 18.94 18.26 16.19 16.32 15.31 15.20 16.30 18.52 16.41 17.06 19.39 19.91 18.82 19.43 19.30 18.60 19.50 18.76 17.98 17.25 18.51 19.08 18.04 17.37 18.23 18.79 16.46 14.87 14.85 15.10 13.12 10.89 12.17 11.33 9.38 9.07 9.86 8.28 6.98 6.30 0.00 5.76 8.23 7.85 7.65 9.65 11.75 10.87 12.02 15.06 15.94 14.82 15.28 16.87 18.38 20.60 22.21 
26.99 24.76 22.98 23.29 22.31 22.83 23.83 25.58 22.69 22.95 24.76 26.76 25.34 26.36 25.98 27.19 26.48 24.33 21.40 20.66 19.41 18.81 18.06 19.26 18.87 18.86 16.46 16.42 15.35 15.20 16.22 18.38 16.42 17.29 19.73 20.19 19.61 20.47 20.03 19.72 20.11 19.12 18.62 18.31 18.86 19.90 18.84 18.57 19.06 19.63 17.30 16.26 16.16 15.86 14.17 12.16 13.70 13.02 12.02 10.85 11.87 10.19 7.87 8.13 5.76 0.00 6.05 7.67 6.27 8.28 9.03 10.11 11.01 13.66 15.15 14.42 16.08 16.56 17.92 18.90 21.49 
28.84 26.90 24.69 24.53 24.58 24.83 25.59 26.89 24.54 24.75 26.24 28.26 26.96 27.90 27.68 28.68 28.80 26.01 23.60 22.79 21.77 21.06 20.67 21.89 22.02 21.08 18.44 18.66 18.03 17.64 17.85 19.59 18.42 19.33 21.11 21.52 21.63 22.65 22.35 21.80 22.72 21.85 20.62 19.86 21.10 22.04 20.88 20.55 21.38 21.58 20.23 18.80 18.57 18.08 16.74 15.17 16.54 15.49 14.57 14.36 14.61 12.45 10.61 8.93 8.23 6.05 1.28 6.03 7.04 7.66 9.10 9.27 11.72 13.95 14.41 14.81 16.79 17.22 18.63 20.64 21.76 
27.03 24.74 22.91 23.06 22.13 22.80 23.41 24.96 22.54 23.11 24.56 26.40 25.05 25.99 25.64 27.20 26.56 24.10 21.04 20.60 19.30 18.99 18.34 20.12 20.01 19.01 16.87 17.33 17.26 16.44 16.94 18.67 17.31 18.13 20.02 20.14 20.17 21.51 20.82 20.14 20.91 20.13 18.50 18.44 19.17 20.28 18.61 18.39 19.26 20.14 17.97 16.40 16.49 16.87 15.01 13.86 15.41 15.04 14.06 13.91 13.99 12.91 10.90 10.15 7.85 7.67 6.03 0.00 5.24 8.02 6.92 7.75 9.09 11.86 12.58 12.70 14.99 14.85 16.80 17.53 19.25 
23.75 21.22 19.54 19.52 18.41 19.05 20.14 21.34 19.30 19.58 21.19 22.72 21.11 21.96 22.03 23.31 23.29 20.15 17.72 17.27 16.08 15.42 15.12 16.69 17.46 15.79 13.83 13.97 14.04 13.79 14.63 17.03 14.88 15.66 18.07 18.42 17.09 18.38 18.36 17.75 18.04 17.25 16.24 15.84 16.56 17.77 16.40 15.72 16.35 17.34 15.50 13.62 13.40 13.73 12.41 10.08 12.24 12.58 12.35 11.99 12.37 11.80 10.22 9.22 7.65 6.27 7.04 5.24 0.00 5.63 7.61 5.99 8.27 9.52 11.37 10.56 10.82 11.49 14.46 15.26 16.47 
24.49 22.10 20.24 20.57 19.56 20.59 20.92 22.91 20.61 21.14 21.92 24.15 22.72 24.11 23.12 24.35 23.65 21.44 18.64 17.74 16.75 16.39 15.23 16.96 16.98 16.91 13.96 14.43 14.79 15.11 15.79 17.99 16.38 17.55 19.37 20.05 19.30 20.50 20.20 19.48 19.65 18.74 17.60 17.60 17.80 18.89 17.59 17.38 17.45 18.68 16.08 14.24 13.61 14.57 12.55 9.91 12.44 14.19 14.18 14.57 15.21 14.82 13.08 12.29 9.65 8.28 7.66 8.02 5.63 0.00 5.73 7.02 6.32 7.82 8.88 10.33 12.30 12.17 13.49 14.14 16.54 
25.42 23.26 21.77 21.45 20.80 21.24 21.77 23.48 21.22 21.42 22.53 24.40 23.20 24.44 24.03 25.19 24.71 22.55 19.93 19.60 18.31 17.70 17.12 18.32 18.41 17.20 14.64 15.47 15.49 15.96 16.42 18.02 17.30 18.46 20.01 20.32 20.46 21.84 21.43 20.57 21.17 20.35 18.93 18.17 18.75 19.97 18.42 18.07 18.27 19.49 17.55 15.62 15.36 15.85 14.64 13.05 15.44 16.12 16.34 16.73 17.55 16.16 14.46 13.79 11.75 9.03 9.10 6.92 7.61 5.73 0.00 5.13 7.54 7.22 9.18 9.73 12.84 11.63 14.61 14.90 16.54 
22.06 19.26 18.65 19.14 17.16 17.79 18.70 20.73 18.26 18.69 20.16 21.82 20.50 21.69 21.64 22.65 22.24 19.48 16.84 16.49 15.78 15.51 14.09 16.09 16.20 13.79 12.34 12.33 13.32 13.05 13.45 15.06 13.97 15.33 17.31 17.77 17.36 18.96 18.46 17.93 18.45 17.69 15.96 15.40 16.16 17.11 15.68 15.17 16.16 17.05 14.93 13.01 13.39 14.17 12.49 11.65 13.91 14.90 15.06 15.72 15.83 15.37 14.27 13.25 10.87 10.11 9.27 7.75 5.99 7.02 5.13 0.00 4.55 7.34 6.46 7.88 9.65 10.56 11.27 11.40 13.81 
19.85 17.90 17.08 18.27 15.61 16.84 17.59 20.15 17.32 17.94 18.86 20.88 18.94 20.61 19.82 21.56 20.76 18.43 15.45 15.58 15.21 14.35 13.42 14.54 15.68 12.33 11.14 11.05 12.27 12.90 13.97 16.25 14.56 15.91 18.01 18.54 17.63 18.80 18.23 17.97 18.41 17.57 15.85 15.33 15.99 17.25 15.54 15.11 15.52 16.56 14.81 13.18 13.45 13.94 12.55 11.86 14.75 15.36 15.75 16.70 16.68 16.43 15.23 14.10 12.02 11.01 11.72 9.09 8.27 6.32 7.54 4.55 0.00 5.18 7.52 6.84 6.49 6.91 11.45 10.05 12.97 
21.76 19.28 18.81 18.80 18.32 19.70 19.98 21.62 20.11 19.33 21.09 22.36 21.59 22.69 22.47 22.82 23.32 20.44 18.35 17.16 17.00 16.37 14.68 16.11 15.38 13.60 12.28 13.31 14.20 14.83 15.96 18.48 17.80 18.50 20.04 21.20 20.55 21.59 20.90 20.38 20.93 19.67 18.65 17.90 18.72 19.07 17.89 17.31 18.08 18.59 16.99 15.63 16.31 16.76 15.79 14.77 18.09 19.27 20.13 20.56 21.15 20.35 19.86 18.27 15.06 13.66 13.95 11.86 9.52 7.82 7.22 7.34 5.18 0.00 6.14 8.64 6.88 8.28 9.21 12.41 13.37 
21.91 19.73 18.25 18.61 18.15 18.79 18.76 21.09 18.78 19.33 19.99 21.93 20.20 21.73 21.10 22.04 22.25 19.94 17.66 17.20 16.79 15.70 14.46 14.91 14.78 13.43 11.35 13.52 13.77 14.93 16.04 18.32 17.31 18.63 19.70 20.56 20.04 21.35 20.18 20.08 20.50 20.14 18.23 17.69 18.09 19.40 17.34 16.79 17.55 18.67 15.98 15.85 16.36 17.58 16.28 16.52 19.03 20.15 20.48 21.32 21.50 21.79 20.02 19.96 15.94 15.15 14.41 12.58 11.37 8.88 9.18 6.46 7.52 6.14 0.54 6.07 5.97 7.95 8.86 9.63 13.03 
19.57 16.05 15.80 15.32 15.25 16.06 16.91 18.81 17.62 16.87 18.72 20.37 18.57 19.44 18.88 19.81 19.48 17.28 14.47 14.58 14.56 13.27 12.42 13.83 13.59 10.33 11.45 12.12 12.36 13.50 15.56 16.92 15.30 16.73 18.26 19.03 18.30 19.76 18.67 18.40 19.06 17.86 16.29 15.64 16.43 17.13 15.66 15.19 16.11 17.04 15.00 14.39 15.45 16.56 15.39 15.59 18.19 18.74 19.23 19.57 20.24 19.62 19.49 18.12 14.82 14.42 14.81 12.70 10.56 10.33 9.73 7.88 6.84 8.64 6.07 0.00 1.68 5.57 5.98 8.07 10.92 
18.00 14.57 14.07 15.77 15.26 15.36 16.56 17.94 16.26 16.17 18.41 20.44 18.64 19.99 19.94 20.28 19.68 17.23 15.28 14.10 13.08 11.77 11.43 13.58 10.84 8.55 9.51 11.68 10.48 12.72 14.54 17.54 14.84 17.21 18.84 19.67 18.29 19.35 19.68 18.84 18.88 17.86 16.42 15.64 16.16 17.07 15.46 15.02 15.41 16.90 15.12 14.69 14.67 16.25 15.03 15.60 17.50 19.70 19.84 20.81 20.46 21.27 20.38 19.01 15.28 16.08 16.79 14.99 10.82 12.30 12.84 9.65 6.49 6.88 5.97 1.68 0.00 2.30 2.35 5.11 8.43 
18.58 17.06 16.77 17.16 15.44 16.19 16.29 18.37 17.54 17.05 18.75 20.85 19.04 19.56 19.19 20.72 19.75 18.19 15.54 14.66 14.77 13.43 13.50 14.82 14.75 12.38 12.00 12.76 13.99 14.15 17.01 19.72 17.36 19.12 19.62 21.86 19.47 20.94 19.81 20.30 19.50 18.91 17.15 16.75 16.88 17.93 16.21 15.78 15.97 17.62 15.99 16.15 16.47 17.87 16.70 17.54 18.58 21.12 19.95 22.04 20.70 22.42 21.01 20.07 16.87 16.56 17.22 14.85 11.49 12.17 11.63 10.56 6.91 8.28 7.95 5.57 2.30 0.00 0.00 0.00 7.19 
19.88 17.11 17.72 17.13 15.20 15.21 15.83 17.69 16.49 16.40 18.47 19.57 17.99 17.89 18.05 18.88 19.32 17.30 15.04 14.88 14.66 14.31 13.14 14.85 14.42 13.19 10.67 13.09 12.95 15.88 16.63 19.78 18.07 19.01 20.41 21.11 20.61 20.64 19.91 19.20 19.36 18.56 16.78 15.67 16.00 17.31 15.53 14.62 15.33 17.17 15.32 15.61 16.70 18.24 17.52 17.45 19.85 20.49 21.80 21.25 22.51 22.28 22.48 21.42 18.38 17.92 18.63 16.80 14.46 13.49 14.61 11.27 11.45 9.21 8.86 5.98 2.35 0.00 0.00 0.00 3.93 
19.74 17.95 16.99 16.49 16.26 17.47 17.11 19.82 19.29 19.04 20.30 22.17 20.40 19.73 20.50 20.59 21.64 18.95 17.61 16.84 17.34 15.38 15.57 16.91 16.97 14.99 14.98 15.60 16.59 16.60 19.05 20.92 20.99 21.10 22.86 22.98 23.20 22.48 21.99 21.42 21.95 20.59 19.32 18.20 18.92 19.46 18.22 17.26 18.62 19.76 18.59 17.64 19.51 20.67 19.97 19.69 21.79 22.62 23.35 23.40 24.22 23.55 24.36 22.31 20.60 18.90 20.64 17.53 15.26 14.14 14.90 11.40 10.05 12.41 9.63 8.07 5.11 0.00 0.00 0.00 5.75 
22.09 19.60 18.79 23.08 16.28 18.35 18.48 21.81 19.50 19.45 21.19 22.27 20.21 20.13 21.28 21.49 22.20 19.93 18.72 18.61 17.58 16.75 16.93 18.26 18.00 16.49 16.82 17.58 16.36 18.25 20.52 21.98 21.49 22.61 24.16 24.05 23.57 23.39 22.85 22.12 22.47 21.16 20.06 19.51 20.18 20.67 19.71 19.14 20.45 21.42 20.35 19.55 20.25 21.25 20.92 20.57 22.00 23.18 23.93 23.93 24.64 24.56 24.97 23.59 22.21 21.49 21.76 19.25 16.47 16.54 16.54 13.81 12.97 13.37 13.03 10.92 8.43 7.19 3.93 5.75 3.33 
