0.20 5.10 6.58 10.53 11.59 14.69 19.41 21.84 23.31 26.89 28.11 26.92 24.90 23.87 23.16 22.02 19.92 18.21 19.32 17.33 15.36 15.33 16.45 14.91 12.89 14.47 14.59 14.51 13.35 13.38 13.72 15.09 15.59 16.83 18.09 18.96 21.94 23.21 20.39 20.82 20.49 19.61 16.99 14.42 13.35 12.36 10.06 10.83 11.36 12.64 14.15 16.52 19.73 22.57 25.04 26.29 27.39 28.59 30.21 29.13 27.57 27.06 27.67 26.97 24.66 23.17 23.94 23.16 20.71 21.20 22.30 21.41 19.89 20.98 21.34 19.32 18.68 17.94 19.45 18.41 16.94 17.67 18.53 19.14 21.04 22.80 24.95 26.36 28.11 29.68 30.96 31.35 30.34 29.41 29.52 29.86 27.47 25.83 25.54 25.56 23.58 23.05 23.23 22.49 20.61 21.12 21.93 20.05 18.34 19.50 21.18 19.06 18.09 18.56 20.20 19.49 20.31 21.89 24.32 24.24 25.07 26.51 27.91 27.71 26.72 27.61 27.33 27.42 26.80 25.52 25.85 23.93 22.74 22.63 24.42 23.76 22.46 21.85 22.35 23.42 24.23 24.94 25.62 26.94 29.03 29.78 29.20 29.27 29.71 29.49 27.79 26.73 27.55 26.65 24.16 23.17 24.71 23.87 21.52 21.40 23.46 22.86 21.17 21.89 23.95 22.22 22.41 23.31 29.78 
5.10 0.00 3.51 6.09 10.10 12.34 16.76 19.60 21.96 24.66 25.45 23.84 21.83 21.22 20.49 19.24 16.93 15.64 16.88 15.02 12.48 12.71 14.99 12.99 9.35 12.74 13.14 13.39 10.88 10.68 11.33 12.84 12.13 14.23 15.00 16.41 18.96 20.71 17.53 18.74 18.05 18.24 14.31 12.80 11.46 9.94 7.48 8.07 8.56 10.49 11.33 14.25 17.39 20.61 22.99 24.16 25.06 26.30 28.06 27.03 25.11 24.34 25.20 24.16 21.41 19.67 21.29 20.29 17.72 18.36 20.44 18.68 17.14 19.08 19.92 17.73 16.91 16.08 18.38 16.87 15.22 14.92 15.71 16.75 18.50 20.26 22.71 24.26 25.86 27.17 29.01 29.92 28.29 26.64 27.55 28.66 25.55 23.47 23.63 23.94 21.09 20.74 21.70 20.92 18.54 19.53 20.94 18.69 16.44 17.99 20.09 17.52 16.53 16.29 17.92 16.75 17.76 18.81 21.67 21.71 22.52 24.14 25.31 25.33 23.99 25.12 24.93 25.90 24.89 23.86 24.20 22.76 21.42 21.03 22.99 22.63 21.24 19.72 19.74 20.85 22.29 22.86 23.54 24.76 27.30 28.25 27.19 27.36 28.09 28.12 25.88 24.89 25.99 25.31 22.56 20.95 23.22 22.27 19.87 19.56 22.70 21.24 19.15 20.15 21.08 21.67 19.96 23.09 28.71 
6.58 3.51 0.30 3.97 7.14 9.69 14.38 15.77 16.93 20.20 21.50 19.63 17.00 16.26 16.08 15.20 12.32 11.42 13.14 10.65 8.72 10.02 12.80 10.55 7.74 11.54 12.58 12.11 10.49 9.84 10.13 10.33 10.55 10.79 12.54 13.00 15.14 16.87 14.51 15.55 14.52 15.88 13.32 11.46 11.06 11.36 6.62 7.61 7.42 9.26 9.67 11.83 14.03 17.13 19.75 20.44 20.21 22.31 24.27 22.69 20.63 20.16 20.77 20.04 16.90 15.52 17.76 16.39 13.47 14.50 17.20 15.67 14.05 16.18 17.54 15.56 15.10 14.15 16.73 15.87 13.55 13.04 12.69 13.87 15.33 17.10 19.10 20.85 21.63 23.49 25.76 26.26 23.97 22.73 23.99 25.22 21.68 19.61 20.18 20.12 16.71 16.80 18.55 17.59 14.92 16.46 18.52 16.42 14.82 16.83 19.19 16.26 15.43 14.68 16.05 14.28 15.04 15.34 18.13 17.73 19.03 20.31 21.38 20.84 19.30 20.73 20.82 22.06 21.66 20.53 21.40 20.26 19.53 19.49 21.07 20.85 20.20 18.09 17.02 17.62 19.04 19.67 20.38 21.35 23.96 24.76 23.82 23.60 24.50 24.66 22.88 21.75 22.80 22.17 19.95 18.47 20.15 19.83 18.70 18.32 20.82 20.45 19.09 19.65 18.84 20.53 21.05 22.29 26.45 
10.53 6.09 3.97 0.78 5.57 6.12 10.31 12.56 14.61 16.84 18.15 17.36 15.22 14.08 14.65 14.06 11.54 10.09 12.85 10.67 8.95 9.81 13.20 11.33 9.17 12.66 12.73 12.61 11.37 10.93 9.30 8.99 8.87 9.44 10.32 11.23 13.23 15.30 13.18 14.24 13.46 14.32 11.90 10.82 12.17 11.09 7.11 8.49 8.95 8.12 8.76 11.31 12.46 14.87 17.19 18.28 17.68 18.59 20.07 19.72 17.31 16.83 17.27 17.21 13.90 12.49 14.85 14.78 12.41 12.92 15.91 14.93 13.26 14.87 16.29 14.74 14.65 13.79 16.57 15.50 13.38 12.62 12.14 12.10 12.97 15.32 17.17 18.87 19.03 21.43 23.37 24.31 21.96 21.51 22.19 23.34 20.00 18.22 18.14 18.22 14.90 15.00 16.43 15.74 13.49 14.71 17.03 15.41 14.53 16.32 18.64 16.46 15.88 14.50 15.50 13.99 14.71 14.62 16.97 16.92 18.07 18.87 19.73 19.80 18.74 19.80 19.86 21.54 21.44 20.30 20.74 20.16 19.85 19.55 20.87 21.00 20.43 18.18 16.46 16.97 18.26 18.56 18.63 19.57 22.40 23.34 21.95 22.15 23.22 23.47 21.48 20.74 22.20 21.81 19.08 18.20 20.22 19.44 17.36 17.91 21.57 19.76 18.07 18.40 20.97 20.65 21.06 22.18 32.72 
11.59 10.10 7.14 5.57 0.00 5.28 6.72 10.39 12.04 15.88 16.66 15.52 13.86 11.65 12.43 12.30 10.11 8.47 11.54 10.22 7.23 8.32 11.91 10.85 8.97 12.90 13.69 13.88 12.61 11.66 10.09 9.53 8.44 9.09 10.07 10.77 14.41 16.14 12.65 13.80 13.58 13.98 11.57 10.59 12.05 12.71 9.76 9.82 8.20 7.21 5.99 8.41 10.11 12.68 13.75 15.70 16.24 17.02 17.59 17.61 16.68 16.43 16.27 16.59 14.72 12.97 15.47 15.27 13.18 13.64 16.61 15.19 13.67 15.45 16.24 14.19 14.41 13.65 17.22 16.37 13.76 12.58 11.54 10.96 11.10 12.96 14.22 16.75 17.77 20.17 20.42 21.34 20.14 19.54 19.87 20.94 19.19 17.28 17.67 17.86 15.74 15.30 16.24 15.35 13.63 14.81 16.70 14.55 13.34 15.85 18.52 16.03 15.59 14.31 15.27 13.28 13.09 13.83 16.02 16.10 17.34 18.32 19.42 19.65 19.03 19.96 19.64 21.03 20.82 19.30 19.97 18.82 18.48 18.75 20.84 20.45 18.97 16.67 15.12 15.83 16.41 17.01 16.75 18.25 21.11 22.14 20.57 20.42 22.37 22.65 20.39 19.42 21.93 21.30 18.19 16.78 18.92 18.13 15.43 15.50 18.68 18.21 17.04 18.74 21.28 19.64 19.23 21.19 24.43 
14.69 12.34 9.69 6.12 5.28 0.00 6.08 7.32 11.11 14.10 14.22 13.41 12.16 11.07 11.53 12.13 11.02 9.86 12.85 11.56 9.94 11.78 15.42 13.77 11.39 16.29 17.44 17.53 14.86 13.43 12.04 11.23 8.55 8.98 8.65 9.60 12.86 15.07 10.92 13.22 13.08 14.14 11.71 10.57 13.09 14.09 11.69 12.08 9.34 7.70 7.17 8.00 9.10 11.60 12.19 14.51 15.05 16.34 16.15 16.55 15.44 13.98 14.08 13.74 12.66 11.08 13.99 14.07 12.09 12.81 16.50 15.35 14.29 16.77 17.63 15.57 16.01 15.11 18.74 18.42 15.80 14.06 11.83 10.73 11.09 11.54 12.48 14.70 16.11 18.61 19.33 20.52 18.87 17.77 18.19 20.17 17.67 15.89 16.82 17.60 14.68 15.04 16.64 15.97 13.94 15.79 18.04 15.69 14.20 17.15 20.04 17.30 16.95 15.59 16.25 13.91 13.57 13.89 16.21 15.77 16.95 18.36 19.39 19.44 18.27 19.60 19.45 21.15 21.11 19.85 21.01 20.14 20.02 20.27 22.48 22.55 20.50 18.15 15.23 15.77 16.28 16.62 15.81 17.61 20.68 21.97 19.90 20.26 22.14 22.48 20.03 19.28 22.10 21.75 18.49 17.27 19.81 18.99 16.03 16.73 19.89 19.37 17.55 19.28 20.57 20.83 19.71 23.29 26.94 
19.41 16.76 14.38 10.31 6.72 6.08 2.83 6.21 7.23 10.63 10.58 10.51 8.99 8.15 8.52 9.85 8.48 8.71 11.70 11.03 9.89 13.17 17.24 16.59 13.85 18.53 20.30 20.79 18.36 16.55 14.47 13.13 10.63 10.09 8.53 8.89 11.83 14.60 11.94 13.48 13.40 16.18 14.45 13.16 15.72 17.63 15.38 15.42 12.37 10.50 8.86 9.65 8.71 10.35 10.75 12.83 12.73 14.47 15.01 14.95 13.54 12.66 12.38 12.76 11.06 9.64 13.41 13.35 11.30 12.55 16.76 15.97 15.00 18.17 18.77 17.62 18.55 17.37 20.90 20.96 18.10 16.15 12.71 11.91 10.87 11.06 10.69 13.16 13.62 16.29 17.05 18.21 16.84 15.65 16.00 17.31 15.44 13.95 15.33 15.49 12.63 13.61 16.12 15.16 13.08 15.66 18.54 16.48 15.60 18.76 21.43 18.93 19.15 17.13 17.60 14.95 14.35 14.13 15.71 14.81 15.94 16.98 17.62 17.37 15.83 18.09 18.26 20.14 20.05 19.42 20.81 20.53 20.51 21.12 23.13 23.43 21.82 18.48 15.46 15.55 15.96 15.46 14.68 16.24 18.89 19.99 18.11 18.45 20.51 20.86 18.68 18.17 21.12 20.94 18.25 16.91 19.37 19.04 16.75 16.99 19.90 20.27 18.41 20.50 21.45 20.72 20.28 22.66 25.85 
21.84 19.60 15.77 12.56 10.39 7.32 6.21 1.34 5.52 7.03 8.68 8.66 8.75 7.62 9.45 11.11 10.80 10.66 14.67 14.39 12.85 15.90 20.25 19.15 16.17 21.19 22.25 22.82 20.36 19.25 16.32 15.27 12.09 11.58 9.30 9.36 11.80 14.97 12.93 14.68 14.42 17.27 16.37 15.14 17.92 19.86 17.28 17.65 14.63 12.22 9.86 9.74 8.61 7.57 7.65 9.32 9.30 9.86 10.02 9.58 9.29 8.02 8.14 9.02 7.53 7.48 11.69 12.82 11.19 13.47 17.35 16.55 15.71 19.14 20.24 18.55 19.44 18.19 21.77 21.26 18.94 17.32 13.74 11.69 10.24 9.98 9.54 10.57 10.56 13.03 14.60 16.29 14.70 13.60 13.93 16.41 14.07 12.93 13.50 14.41 11.68 12.58 15.37 15.00 13.23 15.94 18.99 17.37 17.00 19.87 22.76 20.09 20.03 18.18 18.80 16.52 16.41 15.36 16.92 15.47 16.68 17.58 18.13 18.14 17.17 19.31 19.10 21.33 21.53 20.79 22.00 21.61 21.87 22.31 24.39 24.44 22.57 19.70 16.55 16.40 16.11 15.38 14.39 15.14 17.56 18.81 17.21 18.13 19.33 19.86 17.79 17.54 20.61 20.61 17.63 16.60 19.66 18.75 16.16 17.35 20.90 20.32 18.35 20.12 20.53 20.48 19.45 22.94 28.16 
23.31 21.96 16.93 14.61 12.04 11.11 7.23 5.52 1.04 5.02 5.47 7.17 8.24 7.71 10.03 11.98 10.99 11.96 15.64 15.48 13.77 17.88 21.39 20.41 18.28 23.56 24.91 25.27 22.86 22.06 19.58 18.30 15.27 14.43 12.62 12.28 13.45 16.07 14.41 17.81 17.53 20.57 20.15 19.84 21.49 23.20 20.47 21.10 18.31 16.55 14.98 13.99 10.92 11.42 9.50 10.92 9.64 10.42 10.52 11.17 11.35 10.79 10.48 11.46 11.16 11.50 15.78 17.17 15.38 16.83 20.02 19.93 18.61 21.86 22.58 21.88 22.71 21.85 24.17 24.17 21.90 20.65 17.70 15.74 14.08 12.54 10.97 10.97 11.24 12.26 12.97 14.26 13.68 12.26 13.05 16.01 14.33 13.75 14.32 16.10 13.88 14.53 16.39 17.03 15.99 18.47 20.74 19.62 19.34 22.62 24.83 22.21 22.22 20.69 21.47 19.42 19.32 18.34 19.00 17.40 18.11 18.79 19.44 20.43 19.47 21.54 20.57 23.16 23.30 22.45 23.55 23.03 23.57 24.12 25.80 25.67 23.90 20.93 18.71 18.09 17.03 15.83 14.31 14.56 16.39 17.20 15.85 16.60 18.20 19.26 17.13 17.23 20.11 20.56 17.37 16.83 19.35 18.73 15.61 16.50 20.33 19.95 17.57 19.91 22.34 20.95 20.14 23.64 25.16 
26.89 24.66 20.20 16.84 15.88 14.10 10.63 7.03 5.02 0.00 4.59 6.82 8.51 8.74 11.81 13.07 13.06 14.30 17.53 17.09 16.24 20.32 23.69 22.12 20.92 25.70 27.11 27.61 25.49 24.27 22.16 20.81 17.65 17.54 15.13 14.29 15.58 18.79 17.27 20.34 19.93 23.15 21.99 21.63 23.66 25.55 23.26 23.02 20.04 18.38 16.20 14.99 11.28 10.79 8.62 8.55 8.24 8.82 9.22 10.04 11.16 10.34 10.52 11.34 12.13 13.13 17.17 18.82 17.20 18.68 22.05 22.07 21.19 24.15 24.86 24.30 25.32 23.93 26.74 26.33 24.74 23.11 19.92 17.88 15.89 13.27 11.55 10.86 10.65 11.17 12.25 14.53 13.08 11.80 13.18 17.31 15.33 14.75 16.00 17.58 14.81 16.21 18.58 18.90 17.48 20.47 22.88 21.28 21.13 24.52 26.80 24.35 24.22 22.97 23.78 21.64 21.00 20.23 21.31 19.34 19.64 20.50 21.32 22.16 20.83 23.12 23.08 25.34 25.19 24.67 25.88 25.36 25.72 26.05 28.28 27.84 26.04 23.10 21.00 20.21 18.91 17.74 16.08 16.16 17.89 18.66 17.06 17.88 20.42 21.31 19.46 19.44 22.30 22.64 19.82 19.12 21.87 20.72 17.99 19.23 23.33 21.90 20.00 21.88 24.13 23.21 21.96 24.85 26.90 
28.11 25.45 21.50 18.15 16.66 14.22 10.58 8.68 5.47 4.59 1.17 4.97 7.02 7.58 9.61 11.36 11.38 12.19 15.23 15.32 14.20 17.82 21.78 21.84 20.42 24.81 26.58 27.28 25.28 23.34 21.74 20.27 17.59 17.18 15.33 14.38 15.66 18.92 17.25 19.43 19.63 22.79 22.15 21.26 24.08 25.92 23.90 23.56 20.70 17.95 16.41 15.55 11.39 10.08 8.11 8.54 8.17 9.18 10.52 11.39 12.48 12.06 12.63 13.92 13.65 13.86 18.03 18.17 17.00 18.74 22.03 21.95 21.31 24.86 25.59 24.91 25.95 24.97 27.99 27.88 25.81 23.92 20.73 18.45 16.86 14.54 12.44 10.95 10.22 10.99 12.27 13.39 12.99 12.41 13.67 16.93 15.62 15.31 16.60 17.98 15.24 16.48 18.61 18.33 16.81 19.67 22.30 20.71 20.43 24.14 26.75 24.29 24.22 23.12 23.80 21.14 20.24 19.70 20.84 19.17 19.18 20.27 21.10 21.53 19.83 22.74 22.92 25.15 24.93 24.03 25.54 24.74 24.89 25.81 28.22 27.82 25.90 22.58 20.68 19.42 18.15 17.33 16.00 15.80 16.85 17.45 16.16 17.23 19.14 20.55 18.60 18.85 21.46 21.91 19.36 18.74 21.45 20.98 18.51 18.91 22.98 22.42 20.33 21.96 24.88 23.55 22.78 25.56 26.88 
26.92 23.84 19.63 17.36 15.52 13.41 10.51 8.66 7.17 6.82 4.97 0.00 5.51 7.21 7.60 9.01 9.21 10.68 12.77 13.00 12.70 15.41 19.53 19.36 17.94 22.26 24.34 25.32 23.26 22.19 20.07 19.25 16.22 16.57 14.16 14.31 15.81 19.55 17.24 19.25 19.21 22.11 20.07 19.41 22.49 24.63 21.86 21.77 19.42 16.84 14.49 14.17 11.48 11.01 9.13 9.92 9.96 10.96 12.49 13.20 13.90 14.47 14.02 15.77 14.23 15.48 18.46 19.53 17.84 19.84 22.91 22.60 21.72 25.28 25.68 25.03 25.62 24.37 27.36 27.22 24.98 23.71 20.50 18.28 15.94 15.06 13.09 11.76 10.57 11.44 12.26 14.76 14.58 14.38 14.78 18.12 15.76 15.50 16.50 18.26 15.31 16.34 18.00 18.10 16.25 18.64 21.33 19.84 19.39 22.68 25.37 23.02 22.71 21.53 22.34 19.85 18.88 18.41 19.57 18.34 18.53 19.75 20.51 21.42 19.48 22.25 22.00 24.69 24.12 23.62 24.60 24.19 23.96 25.14 27.40 27.20 24.78 21.93 19.50 18.79 16.95 16.47 14.53 14.73 14.99 15.87 15.10 16.23 17.78 19.27 17.58 17.50 20.04 20.91 18.18 17.58 20.72 20.36 17.26 17.50 21.80 21.51 19.38 20.85 23.37 23.38 21.98 24.89 25.48 
24.90 21.83 17.00 15.22 13.86 12.16 8.99 8.75 8.24 8.51 7.02 5.51 0.00 5.59 7.21 7.12 7.35 9.05 11.87 10.90 10.97 14.43 17.36 16.76 15.94 21.06 23.35 24.04 22.63 21.22 19.55 18.44 15.70 16.06 14.13 15.64 17.52 20.09 17.99 20.12 19.85 21.72 19.72 19.69 22.20 23.13 20.09 20.73 18.14 15.87 13.43 13.38 9.36 10.64 9.34 11.55 10.70 13.06 14.12 14.71 14.92 15.31 16.06 18.11 17.01 17.25 20.12 20.96 19.41 20.98 23.46 23.13 21.97 25.31 26.22 25.06 25.54 24.54 27.53 26.83 24.71 22.83 20.19 17.43 16.13 13.80 11.84 9.78 10.99 10.88 12.15 14.64 15.28 14.67 15.30 17.63 15.67 15.38 16.52 18.03 15.75 16.43 18.02 17.97 16.33 18.59 20.81 19.27 18.85 22.05 24.59 22.14 22.09 20.80 21.78 19.10 18.58 17.78 19.14 18.18 18.76 19.76 20.60 21.42 19.72 22.15 21.93 24.74 24.70 23.78 25.09 24.41 24.32 25.20 27.42 26.93 24.90 21.65 19.47 18.42 16.86 16.10 13.99 14.32 15.54 16.43 15.73 16.53 17.53 18.99 17.30 17.65 20.28 21.06 18.54 18.10 20.71 20.88 17.92 18.75 22.36 22.39 19.92 21.95 24.04 23.33 22.11 25.23 23.98 
23.87 21.22 16.26 14.08 11.65 11.07 8.15 7.62 7.71 8.74 7.58 7.21 5.59 0.00 5.71 7.24 6.02 6.71 9.41 9.86 9.10 12.79 15.81 15.08 14.36 19.33 21.21 22.29 20.84 19.98 17.93 16.86 14.03 14.80 13.36 14.46 16.97 19.98 18.03 19.81 18.64 20.46 18.18 18.13 20.15 21.35 18.47 18.53 15.13 13.27 11.89 10.50 5.89 8.08 8.50 9.20 10.45 12.58 14.24 14.80 14.66 14.88 16.67 17.06 15.98 17.03 20.31 20.86 19.10 20.47 23.20 22.85 21.69 24.95 25.41 24.18 24.60 23.55 26.23 25.25 23.29 21.71 18.61 15.65 14.13 11.88 10.08 8.54 9.34 9.92 12.25 15.01 15.05 14.23 14.46 17.24 15.22 14.44 15.42 16.48 14.19 15.03 16.58 16.35 14.74 17.38 19.75 17.70 17.32 20.73 23.07 20.58 20.13 19.21 20.43 17.50 16.61 15.89 17.60 16.72 17.38 18.41 19.80 21.11 19.43 22.06 21.63 24.29 23.81 23.28 24.45 24.09 23.94 24.51 26.47 26.17 23.84 21.05 18.72 17.52 15.83 15.27 13.33 13.72 15.38 16.56 15.61 16.34 18.13 18.84 17.02 17.31 20.06 20.32 17.77 17.71 20.77 20.28 17.60 18.58 22.56 21.65 19.87 21.73 23.57 23.07 21.83 24.32 23.96 
23.16 20.49 16.08 14.65 12.43 11.53 8.52 9.45 10.03 11.81 9.61 7.60 7.21 5.71 0.23 6.06 6.94 6.07 7.29 9.06 9.70 11.47 14.48 16.03 15.15 19.27 21.58 23.03 21.95 20.58 18.96 17.53 14.99 15.41 13.95 15.08 17.38 21.05 19.02 20.28 19.50 21.61 19.16 18.71 20.88 21.99 19.62 19.98 17.11 14.85 13.47 13.51 9.57 12.20 11.43 13.47 14.13 16.83 17.34 17.86 17.93 18.30 19.23 19.10 18.36 18.54 21.28 21.41 19.57 21.36 24.34 23.81 22.55 25.87 26.51 25.23 25.50 25.18 27.59 26.43 23.91 22.41 19.78 16.32 15.21 13.29 12.66 11.55 12.07 13.11 15.62 17.75 17.78 17.40 17.46 19.68 17.63 17.17 18.07 18.63 16.53 16.80 18.56 18.02 16.45 18.58 21.04 19.49 18.90 21.98 24.63 22.26 22.05 21.06 22.37 19.39 18.30 17.42 19.24 18.62 19.07 20.80 22.25 23.20 21.58 24.36 24.09 26.40 25.86 25.03 26.39 25.86 25.58 25.84 27.81 27.11 24.79 21.54 19.93 18.24 16.66 15.88 14.95 15.28 17.35 18.65 17.47 18.32 19.92 20.36 18.31 18.82 21.27 21.60 19.06 18.66 21.73 21.73 18.75 19.63 23.46 23.53 21.09 22.76 24.82 24.43 22.82 25.82 25.05 
22.02 19.24 15.20 14.06 12.30 12.13 9.85 11.11 11.98 13.07 11.36 9.01 7.12 7.24 6.06 0.82 5.74 7.21 6.84 6.90 8.74 11.49 13.36 13.90 14.26 17.53 19.33 20.95 20.28 19.16 17.17 16.66 14.79 15.21 14.14 14.87 18.20 21.28 19.32 20.44 20.04 21.99 18.89 18.06 20.53 21.67 17.54 18.48 15.88 13.64 11.47 12.61 10.14 11.97 12.46 14.07 15.71 17.89 18.79 18.56 19.20 18.63 19.68 19.78 18.88 18.79 21.87 22.21 20.26 21.43 24.43 24.05 23.18 25.96 26.36 25.12 25.56 24.47 26.40 25.21 23.07 21.93 18.98 15.74 14.31 13.11 12.23 11.65 12.76 14.39 16.63 18.89 18.92 18.19 18.42 19.80 17.53 17.09 18.20 18.63 16.11 16.94 18.52 18.03 16.06 18.37 20.72 19.16 18.68 21.42 23.84 21.72 21.27 20.07 21.19 18.23 17.48 16.93 18.88 18.55 19.34 20.94 22.51 23.74 22.11 24.74 24.44 26.97 25.91 25.20 26.42 26.00 25.54 25.97 27.59 27.05 24.48 21.65 19.38 18.50 16.82 16.25 14.38 15.74 17.43 18.90 18.10 18.90 20.56 21.07 18.94 18.61 20.83 21.62 19.15 18.20 21.48 21.37 18.75 19.35 23.51 22.97 20.97 22.94 24.15 24.05 22.62 25.51 24.98 
19.92 16.93 12.32 11.54 10.11 11.02 8.48 10.80 10.99 13.06 11.38 9.21 7.35 6.02 6.94 5.74 0.92 5.26 7.54 5.78 5.70 9.12 11.24 10.58 10.82 14.98 16.01 17.65 16.98 16.53 14.65 15.21 13.13 14.52 13.23 15.00 17.62 20.38 18.20 19.86 19.83 21.23 18.16 17.75 19.49 19.21 15.35 15.80 13.42 11.03 9.34 10.11 6.96 10.21 11.29 12.86 14.55 16.37 18.05 18.22 18.39 17.17 18.76 19.48 18.75 17.71 20.75 21.21 19.43 20.71 23.17 22.44 21.23 24.09 24.66 23.52 23.72 22.82 24.06 22.54 20.76 18.69 15.32 12.60 11.71 9.49 8.22 8.27 10.50 11.85 13.97 16.73 16.87 16.52 16.74 18.24 15.71 14.52 16.14 16.59 14.25 14.62 16.99 15.75 13.27 16.18 18.88 17.08 16.47 19.41 21.70 19.02 18.69 17.69 18.82 16.10 15.86 15.15 17.16 16.75 17.64 19.27 20.81 21.93 20.41 23.06 22.97 24.90 24.01 23.68 24.85 24.22 23.98 24.20 25.60 24.76 22.77 19.82 17.45 16.51 15.97 14.68 12.78 13.94 16.27 17.42 16.62 17.47 19.23 19.76 17.75 17.32 19.77 20.42 18.10 17.15 20.18 20.15 17.48 18.37 22.27 22.08 19.81 21.63 23.34 23.22 21.79 24.71 24.37 
18.21 15.64 11.42 10.09 8.47 9.86 8.71 10.66 11.96 14.30 12.19 10.68 9.05 6.71 6.07 7.21 5.26 0.00 5.67 6.97 5.26 6.27 9.55 9.94 9.54 12.76 15.02 16.42 15.14 14.92 13.16 13.15 11.20 12.93 12.80 14.31 17.28 20.17 17.86 19.87 19.60 20.62 17.48 17.25 18.62 18.62 14.30 15.04 12.16 10.33 9.20 9.76 7.34 10.74 12.42 14.17 16.41 18.51 19.77 19.54 19.20 18.68 19.85 20.50 19.45 19.58 22.09 22.29 20.44 21.53 24.49 23.30 21.71 24.28 25.12 23.52 23.39 22.01 23.80 22.19 19.86 17.80 15.15 12.85 11.86 9.66 10.75 10.94 12.53 13.94 16.63 19.16 19.16 18.29 18.67 20.12 17.85 16.60 17.33 18.00 15.49 15.94 17.43 16.37 13.73 16.24 18.87 16.80 16.00 18.61 21.50 18.49 17.84 16.80 18.24 15.54 15.32 14.46 16.93 16.57 17.91 19.55 20.93 22.10 20.63 23.46 23.21 25.30 24.41 24.00 25.09 24.42 23.99 24.03 25.58 24.87 22.75 19.75 17.59 16.58 15.67 15.22 13.84 14.83 16.95 18.79 17.50 18.04 19.74 20.09 17.56 17.48 20.19 20.27 17.58 17.15 20.26 19.48 16.91 18.12 22.37 21.27 19.36 21.25 23.11 23.40 21.66 25.01 25.14 
19.32 16.88 13.14 12.85 11.54 12.85 11.70 14.67 15.64 17.53 15.23 12.77 11.87 9.41 7.29 6.84 7.54 5.67 0.65 6.12 7.30 6.52 8.66 10.31 10.44 12.95 15.23 16.98 16.16 15.79 14.78 14.87 12.85 15.01 15.07 16.71 19.54 22.31 20.31 21.83 21.88 22.54 19.47 19.26 20.77 20.20 16.60 17.04 14.71 12.79 12.17 13.70 12.18 15.76 17.40 19.15 21.31 23.10 24.51 24.03 24.03 23.40 24.35 24.51 23.44 23.08 25.09 25.19 23.24 24.33 26.93 26.10 24.17 26.56 27.31 25.27 24.82 24.02 25.92 23.84 21.60 19.35 16.92 15.27 14.60 14.11 15.23 16.07 17.45 19.30 21.56 23.46 23.53 23.40 23.33 24.26 22.48 21.55 22.20 22.16 20.22 19.92 21.13 20.20 18.15 19.74 21.94 20.63 19.32 21.77 24.48 22.21 21.15 19.91 21.03 18.54 17.79 17.34 19.73 19.72 20.80 22.63 24.40 25.54 24.31 26.71 26.88 28.90 27.81 27.19 28.67 27.88 27.06 27.10 28.67 27.81 25.46 22.40 20.60 19.60 18.73 18.58 17.82 18.49 21.14 22.44 21.17 21.58 23.35 23.47 21.02 20.91 23.04 23.15 20.43 19.79 22.86 22.75 19.89 20.80 24.77 24.40 22.01 24.31 25.95 25.53 24.41 27.32 27.10 
17.33 15.02 10.65 10.67 10.22 11.56 11.03 14.39 15.48 17.09 15.32 13.00 10.90 9.86 9.06 6.90 5.78 6.97 6.12 0.00 5.22 7.22 6.82 6.67 8.68 11.49 12.28 14.02 14.52 13.79 12.23 12.76 12.18 13.63 14.22 15.21 18.23 21.10 18.67 20.04 19.94 21.29 17.98 17.36 18.95 18.93 13.81 14.86 12.02 10.77 9.65 11.68 10.36 14.39 16.10 18.11 19.58 21.66 22.93 22.73 22.67 22.33 23.63 23.80 22.56 21.61 24.31 24.32 22.32 22.78 25.77 24.71 23.31 25.34 25.39 23.40 23.66 22.36 23.66 21.58 19.78 17.89 14.99 12.87 13.14 13.06 14.11 15.54 16.80 18.87 20.73 22.61 22.85 22.61 22.42 23.05 21.10 20.10 20.81 20.61 18.31 18.56 19.79 18.40 16.68 18.46 20.63 18.87 18.07 20.09 22.96 20.30 19.64 17.72 18.76 15.91 15.81 15.45 18.05 17.80 19.17 21.24 22.90 23.88 22.73 25.13 25.43 27.37 26.53 26.00 27.33 26.53 25.63 25.79 27.62 26.62 24.10 20.96 19.42 18.62 18.18 17.86 16.78 17.83 20.29 21.62 20.39 20.10 21.94 22.25 20.05 18.66 20.86 21.71 19.38 17.66 21.15 21.32 18.62 19.11 23.58 22.87 20.72 23.31 24.99 24.90 23.04 26.76 26.88 
15.36 12.48 8.72 8.95 7.23 9.94 9.89 12.85 13.77 16.24 14.20 12.70 10.97 9.10 9.70 8.74 5.70 5.26 7.30 5.22 0.00 5.50 7.48 5.79 6.27 9.58 11.05 12.16 11.77 11.60 10.07 11.73 10.28 12.68 12.85 14.04 16.73 19.32 16.96 17.93 18.01 19.33 16.19 15.94 17.22 16.43 12.04 12.48 9.80 8.47 7.96 9.71 8.21 12.20 14.43 16.12 17.85 20.04 21.55 21.59 21.76 20.61 22.07 22.58 21.26 20.15 22.91 22.76 20.35 21.48 24.28 22.80 21.12 23.49 23.61 21.78 21.65 20.50 21.51 19.56 17.53 15.25 12.71 11.31 11.30 11.34 12.35 14.32 15.44 17.24 19.48 21.57 21.47 21.21 21.54 22.25 19.88 18.20 19.45 19.39 16.49 16.64 18.20 16.88 14.79 16.93 18.62 17.15 16.49 19.10 21.18 18.68 18.64 16.25 17.05 14.44 14.38 14.01 16.61 16.39 17.81 19.56 21.14 21.89 20.10 22.85 23.19 25.23 24.40 23.76 24.98 24.25 23.21 23.62 25.25 24.38 22.06 19.19 17.68 17.48 17.01 16.98 15.71 16.87 19.50 20.63 19.53 19.44 20.61 21.28 19.03 18.38 20.36 20.83 18.50 17.51 20.15 20.21 17.26 18.13 22.22 21.46 19.19 22.08 24.92 23.56 22.01 25.77 26.29 
15.33 12.71 10.02 9.81 8.32 11.78 13.17 15.90 17.88 20.32 17.82 15.41 14.43 12.79 11.47 11.49 9.12 6.27 6.52 7.22 5.50 0.00 6.26 7.31 6.04 7.51 10.60 12.48 11.46 10.70 10.57 11.88 10.46 12.87 14.44 15.95 18.41 20.62 18.69 20.33 19.97 20.93 17.91 17.77 19.05 18.19 13.96 14.71 12.21 11.19 11.12 13.45 12.65 16.52 18.20 20.14 21.86 23.94 25.10 24.78 24.35 23.88 25.01 25.22 24.17 23.31 25.95 25.75 23.72 24.18 27.36 25.98 23.96 25.36 26.08 24.07 23.11 21.28 23.00 20.90 18.63 16.71 15.34 13.57 14.03 14.97 17.00 18.68 19.58 21.38 23.37 25.37 24.94 25.08 24.90 25.90 23.54 22.38 22.88 23.03 20.51 20.59 21.47 20.31 18.27 19.88 21.76 20.03 19.39 21.27 23.62 21.14 20.76 18.46 19.31 16.87 16.99 16.65 19.17 19.14 20.44 22.46 24.09 24.66 23.17 25.91 26.29 28.05 26.84 26.53 27.79 26.88 25.91 26.15 27.78 26.91 24.38 21.42 20.36 19.78 19.69 19.74 18.95 19.88 22.51 23.64 22.21 21.97 23.81 23.83 21.43 20.99 23.39 23.05 20.41 19.72 22.95 22.12 19.26 20.20 24.34 22.85 21.06 23.89 25.76 25.33 23.58 26.99 27.70 
16.45 14.99 12.80 13.20 11.91 15.42 17.24 20.25 21.39 23.69 21.78 19.53 17.36 15.81 14.48 13.36 11.24 9.55 8.66 6.82 7.48 6.26 1.29 6.46 7.11 7.69 10.33 12.66 12.25 12.94 13.04 14.60 13.47 16.26 17.59 19.52 21.65 23.25 21.29 22.30 22.55 22.81 19.92 19.40 20.47 19.30 15.41 16.15 14.10 13.28 13.98 16.09 16.48 19.59 22.04 24.07 25.98 27.63 28.53 28.52 28.08 27.73 28.54 29.16 27.56 26.60 28.36 28.76 26.45 27.41 29.85 28.95 26.53 28.22 28.48 26.07 25.14 23.82 25.15 22.85 20.26 18.71 17.33 16.31 16.53 18.28 20.64 22.15 22.95 25.47 27.32 28.77 28.45 28.35 28.20 29.30 27.20 26.32 26.40 26.58 24.30 24.36 24.98 24.07 21.96 23.45 25.32 24.02 22.48 24.30 26.57 24.22 23.26 21.49 22.10 19.99 19.65 19.52 21.78 21.98 23.11 25.20 27.06 27.84 26.42 28.78 29.07 30.81 29.58 29.50 30.74 29.94 28.85 29.00 30.44 29.49 26.86 24.37 23.11 23.01 22.54 22.70 22.00 23.13 25.96 26.88 25.18 25.16 27.03 27.06 24.33 23.80 25.97 26.06 22.95 22.20 25.09 24.66 21.39 22.43 26.39 25.64 22.97 25.64 27.89 26.96 25.96 29.09 29.10 
14.91 12.99 10.55 11.33 10.85 13.77 16.59 19.15 20.41 22.12 21.84 19.36 16.76 15.08 16.03 13.90 10.58 9.94 10.31 6.67 5.79 7.31 6.46 0.00 5.41 7.87 7.50 9.37 10.43 10.64 11.19 13.00 13.01 15.39 16.96 18.26 20.84 22.69 20.07 21.17 20.96 22.01 18.73 18.10 19.45 18.74 14.46 15.31 12.63 12.83 12.88 15.77 15.90 19.03 21.05 22.83 24.77 25.93 26.80 27.17 27.18 26.54 27.66 27.95 26.57 25.35 27.53 27.63 25.34 26.18 28.67 27.49 25.63 27.50 27.41 24.69 23.95 22.58 23.81 21.20 19.05 17.34 15.79 14.80 15.35 16.94 19.33 21.02 21.95 24.06 25.90 27.76 27.38 27.24 27.21 28.31 26.48 25.08 25.43 25.58 23.37 23.25 24.08 23.14 21.20 22.72 24.64 22.87 21.41 23.16 25.57 22.90 22.02 19.64 20.44 17.88 18.16 17.97 20.31 20.59 21.67 23.57 25.20 26.21 25.08 27.50 27.60 29.21 28.25 28.11 29.35 28.39 27.33 27.57 29.37 28.38 25.81 23.29 22.29 22.10 21.96 22.00 21.44 22.40 25.02 26.08 24.26 24.36 26.00 26.17 23.52 22.22 24.31 24.48 21.91 20.17 23.28 23.00 20.18 20.86 25.04 23.93 21.76 24.56 26.08 26.04 24.46 27.89 28.23 
12.89 9.35 7.74 9.17 8.97 11.39 13.85 16.17 18.28 20.92 20.42 17.94 15.94 14.36 15.15 14.26 10.82 9.54 10.44 8.68 6.27 6.04 7.11 5.41 0.21 6.24 7.60 7.48 8.30 8.84 8.87 11.20 11.38 13.97 15.45 17.04 19.46 21.63 19.62 19.76 19.53 20.62 18.00 16.64 17.58 17.02 13.29 13.04 11.01 11.20 11.54 13.94 14.51 17.36 19.10 21.06 22.92 24.31 24.86 25.07 25.55 25.00 25.59 25.97 24.31 23.58 25.49 25.30 22.84 24.11 26.46 25.28 23.16 25.09 25.29 22.89 21.95 20.63 21.77 19.63 17.20 15.87 14.40 13.56 14.28 16.07 17.20 19.34 20.16 22.24 23.64 25.60 25.36 24.93 24.80 26.45 24.51 23.05 23.45 24.21 21.54 21.33 22.44 21.80 19.63 21.20 22.72 21.14 19.82 21.99 23.88 21.24 20.52 18.67 19.03 16.83 16.96 16.88 18.81 18.89 20.30 21.87 23.13 24.28 22.98 25.20 25.00 26.77 25.80 25.50 26.69 25.71 24.80 25.25 27.02 26.23 23.52 21.44 20.33 20.59 20.40 20.52 19.84 20.97 23.50 24.49 22.92 22.73 24.46 24.63 22.14 21.18 22.88 23.29 20.39 19.28 22.04 21.62 18.23 19.18 23.14 22.32 19.59 22.21 24.99 24.15 22.58 26.23 26.76 
14.47 12.74 11.54 12.66 12.90 16.29 18.53 21.19 23.56 25.70 24.81 22.26 21.06 19.33 19.27 17.53 14.98 12.76 12.95 11.49 9.58 7.51 7.69 7.87 6.24 0.21 7.04 8.43 8.54 10.12 11.69 13.11 13.59 16.09 18.70 19.70 22.30 23.88 22.06 23.00 22.21 23.09 19.77 18.42 19.53 19.22 15.54 15.64 13.98 14.56 15.63 17.80 18.01 20.99 23.21 24.47 26.75 28.05 28.66 28.73 28.50 28.09 28.61 28.28 27.24 26.34 28.27 28.22 26.07 26.46 29.15 27.93 25.82 26.93 27.05 25.11 23.82 22.23 23.71 21.82 19.24 18.47 17.59 17.20 18.25 19.71 21.10 23.04 24.54 26.47 27.41 29.59 29.68 29.84 29.08 30.55 28.51 27.47 27.47 28.00 25.60 25.56 26.31 25.72 23.46 24.80 26.48 24.67 23.04 25.01 26.92 24.29 23.01 21.23 21.83 19.77 19.63 19.75 22.16 22.46 23.51 25.59 27.09 28.07 26.70 29.18 28.94 30.78 29.38 29.06 30.16 29.11 28.26 28.85 30.28 29.77 26.84 24.54 23.62 23.72 23.65 23.91 23.75 24.86 27.52 28.54 26.94 26.86 28.16 28.38 25.56 25.03 26.87 26.69 23.38 22.87 26.02 25.07 21.62 22.81 26.92 25.06 22.67 25.37 27.36 26.47 24.90 28.28 28.71 
14.59 13.14 12.58 12.73 13.69 17.44 20.30 22.25 24.91 27.11 26.58 24.34 23.35 21.21 21.58 19.33 16.01 15.02 15.23 12.28 11.05 10.60 10.33 7.50 7.60 7.04 1.60 6.33 7.62 9.49 11.15 13.46 14.08 17.19 19.63 20.77 23.29 24.72 23.11 23.88 23.34 23.52 20.46 19.55 20.41 19.18 15.55 16.03 14.79 14.87 16.69 18.51 19.30 21.97 24.62 26.42 28.36 29.38 29.88 29.66 29.44 28.73 29.43 29.50 27.76 26.61 28.25 28.43 26.20 26.99 28.87 28.00 26.11 27.35 27.20 24.94 24.11 22.88 24.38 22.11 19.55 18.75 18.41 17.95 18.88 20.46 22.55 24.56 25.68 28.17 29.45 31.12 31.00 30.78 30.69 31.93 29.97 28.97 28.82 29.27 27.16 27.10 27.05 26.67 24.46 25.77 26.98 25.55 23.77 25.55 27.29 24.62 23.15 21.53 22.35 20.47 19.79 19.90 22.76 23.11 24.14 26.19 28.20 29.11 27.61 29.75 29.87 31.44 30.33 29.99 31.26 30.30 29.35 29.61 31.07 30.28 27.37 25.18 24.45 24.71 24.27 24.74 24.50 25.98 28.82 29.53 27.93 27.58 29.41 29.37 26.48 25.62 27.80 27.74 24.22 23.46 26.37 25.93 22.45 23.46 27.05 25.93 22.95 25.49 28.54 27.12 25.96 29.16 29.39 
14.51 13.39 12.11 12.61 13.88 17.53 20.79 22.82 25.27 27.61 27.28 25.32 24.04 22.29 23.03 20.95 17.65 16.42 16.98 14.02 12.16 12.48 12.66 9.37 7.48 8.43 6.33 0.00 6.04 7.83 9.57 12.32 14.35 16.92 19.33 21.18 24.01 25.34 23.17 24.22 23.88 23.91 20.60 19.20 20.44 18.91 15.46 16.48 15.21 15.29 16.69 19.18 20.17 22.06 24.46 26.35 28.34 29.24 29.45 29.80 29.38 28.48 29.08 29.13 27.41 26.10 27.84 28.11 26.11 26.67 28.74 27.61 26.22 27.68 27.30 24.75 24.53 23.03 24.49 22.28 20.03 19.75 18.79 18.37 19.66 21.04 23.32 24.93 26.25 28.27 30.02 31.86 31.38 31.18 30.82 32.01 30.20 28.75 28.81 29.09 27.11 26.86 27.33 26.63 24.61 25.98 27.49 25.76 24.08 25.97 27.32 25.02 23.83 21.76 22.20 20.40 20.36 20.61 22.86 23.49 24.73 26.78 28.43 29.53 28.09 30.43 29.95 31.88 30.44 30.12 31.19 30.01 29.11 29.61 31.25 30.96 27.63 25.65 24.96 25.07 24.95 25.40 25.40 26.64 29.40 30.47 28.68 28.59 29.77 30.02 27.13 26.57 28.22 28.35 25.01 24.34 27.15 26.51 23.36 24.30 28.06 26.39 23.55 26.42 28.83 27.24 25.19 28.85 29.28 
13.35 10.88 10.49 11.37 12.61 14.86 18.36 20.36 22.86 25.49 25.28 23.26 22.63 20.84 21.95 20.28 16.98 15.14 16.16 14.52 11.77 11.46 12.25 10.43 8.30 8.54 7.62 6.04 0.00 5.28 7.00 9.93 11.64 14.63 16.95 18.88 21.72 23.95 21.69 22.50 22.02 22.70 19.37 17.66 18.20 17.27 14.16 14.64 13.51 13.69 14.64 16.73 18.22 20.15 22.26 23.76 26.09 26.59 27.12 27.42 27.63 26.39 26.55 26.56 25.07 23.80 25.55 25.49 23.26 24.29 26.58 25.43 23.52 25.19 25.09 22.92 22.30 20.99 22.20 20.74 18.81 18.35 17.43 16.69 17.89 19.22 20.94 23.01 24.20 26.24 27.66 29.30 29.06 28.34 28.28 29.80 28.22 26.50 26.85 27.46 25.04 24.87 25.83 25.16 22.69 24.24 25.74 23.92 22.13 24.23 25.93 23.00 22.31 20.34 20.69 18.71 18.75 18.94 21.00 21.40 23.23 25.07 26.43 27.36 25.96 28.00 27.60 29.31 28.74 27.46 28.57 27.32 26.35 26.91 28.68 28.14 25.67 23.40 22.74 23.16 22.70 23.23 23.29 24.67 27.34 28.33 27.05 26.31 27.48 27.73 25.28 24.28 26.34 26.12 23.31 22.54 25.31 24.88 21.35 22.40 26.44 24.91 21.96 24.61 28.31 25.88 24.03 27.89 28.33 
13.38 10.68 9.84 10.93 11.66 13.43 16.55 19.25 22.06 24.27 23.34 22.19 21.22 19.98 20.58 19.16 16.53 14.92 15.79 13.79 11.60 10.70 12.94 10.64 8.84 10.12 9.49 7.83 5.28 0.00 5.93 7.43 9.55 12.32 15.43 16.92 19.40 21.95 20.02 20.67 19.97 21.19 17.37 15.45 16.33 16.05 12.88 13.65 12.85 13.17 14.41 16.20 17.57 19.58 21.52 22.64 24.82 25.78 26.08 26.34 25.94 24.88 24.96 25.04 23.52 22.40 23.95 23.90 21.98 22.74 25.09 23.94 22.12 23.54 23.58 21.41 20.89 19.53 21.02 19.98 17.85 17.58 16.42 16.09 17.09 18.21 19.90 21.86 23.34 24.88 26.37 28.74 28.32 28.08 27.98 29.60 27.65 26.25 26.47 26.94 24.33 24.47 25.13 24.59 22.31 23.83 25.50 23.54 21.58 23.64 25.49 22.77 21.25 19.44 20.53 18.08 17.73 17.93 20.52 20.66 22.20 24.64 26.25 27.27 25.94 28.08 27.73 29.46 28.18 27.51 28.41 27.29 26.41 26.92 28.51 28.12 25.02 22.90 22.19 22.43 22.29 22.72 22.96 24.27 26.71 28.15 26.55 26.44 27.71 28.02 25.42 24.69 26.30 26.40 23.02 22.67 25.61 24.99 21.79 22.62 26.40 24.56 22.16 24.42 27.31 25.86 23.79 26.99 27.74 
13.72 11.33 10.13 9.30 10.09 12.04 14.47 16.32 19.58 22.16 21.74 20.07 19.55 17.93 18.96 17.17 14.65 13.16 14.78 12.23 10.07 10.57 13.04 11.19 8.87 11.69 11.15 9.57 7.00 5.93 0.00 5.56 7.19 10.39 12.93 14.55 16.94 19.07 18.52 19.30 18.23 19.18 15.78 14.89 15.65 15.19 11.75 13.44 12.91 12.52 13.56 15.15 16.34 18.23 20.31 21.29 22.92 23.74 24.30 24.08 23.53 21.94 22.53 22.25 20.87 18.94 20.97 21.15 19.38 20.24 22.23 21.24 20.12 21.58 21.69 19.09 19.16 18.36 20.26 18.41 16.83 16.08 15.77 14.47 15.18 16.54 18.59 20.61 21.73 23.35 25.09 27.04 26.85 26.08 26.81 28.09 26.23 24.82 25.13 25.44 23.04 23.04 23.31 22.95 20.90 22.52 23.73 22.15 20.74 22.46 24.31 21.49 20.55 18.62 19.82 17.43 16.95 17.11 20.05 19.92 21.33 23.60 25.51 26.35 25.06 26.96 26.79 28.36 27.46 26.60 27.45 26.35 25.71 25.92 27.54 26.58 23.98 21.50 20.90 20.98 20.86 21.38 21.63 22.87 25.80 26.62 25.35 24.96 26.93 27.20 24.47 23.25 25.45 25.46 22.06 21.25 24.14 23.79 20.59 21.40 24.81 23.57 20.95 23.18 26.25 24.93 23.79 26.90 27.10 
15.09 12.84 10.33 8.99 9.53 11.23 13.13 15.27 18.30 20.81 20.27 19.25 18.44 16.86 17.53 16.66 15.21 13.15 14.87 12.76 11.73 11.88 14.60 13.00 11.20 13.11 13.46 12.32 9.93 7.43 5.56 0.04 5.57 7.22 10.17 12.34 15.19 17.33 16.24 17.87 17.10 17.97 15.06 14.46 16.15 15.40 11.33 14.24 13.88 12.44 12.99 14.90 16.02 17.01 18.98 20.14 21.66 22.28 22.72 22.55 21.85 20.01 20.41 20.61 18.75 17.20 19.19 19.44 17.78 18.63 21.26 19.99 19.23 20.95 21.32 18.40 18.57 17.76 20.25 18.09 16.06 16.26 15.38 13.82 14.77 15.72 17.71 20.06 21.54 23.12 24.65 26.99 26.48 25.77 26.03 27.82 25.79 24.32 24.60 25.12 22.74 22.66 23.03 22.79 20.97 22.37 23.84 22.19 20.89 22.88 24.43 21.88 20.97 18.78 19.50 17.43 17.23 17.48 20.12 20.50 21.99 24.13 25.80 27.00 25.90 27.64 27.17 28.56 27.78 26.78 27.55 26.45 25.74 25.90 27.52 26.98 24.22 21.63 20.78 20.93 21.13 21.54 21.72 23.04 25.80 27.09 25.59 25.58 27.35 27.74 24.96 24.14 26.31 26.22 22.78 22.28 25.02 24.28 21.22 22.12 25.86 24.05 21.52 23.89 26.25 25.27 23.59 26.68 27.01 
15.59 12.13 10.55 8.87 8.44 8.55 10.63 12.09 15.27 17.65 17.59 16.22 15.70 14.03 14.99 14.79 13.13 11.20 12.85 12.18 10.28 10.46 13.47 13.01 11.38 13.59 14.08 14.35 11.64 9.55 7.19 5.57 0.12 5.50 6.43 9.38 11.42 14.70 13.14 15.07 14.16 15.87 13.21 13.36 14.72 14.61 11.77 13.63 12.52 11.44 12.08 13.22 14.17 14.93 16.57 17.19 18.71 18.96 19.40 19.07 19.02 17.09 17.34 17.26 16.30 14.54 16.44 16.45 14.81 16.23 18.88 18.08 16.92 19.05 19.54 17.21 17.38 16.58 18.48 16.96 15.70 14.43 13.93 12.59 13.04 13.89 15.59 18.18 20.15 21.54 23.19 25.25 25.22 23.91 24.28 26.27 24.64 22.61 23.09 23.78 21.34 21.09 21.71 21.69 19.60 21.10 22.41 20.93 19.60 21.95 23.58 20.60 19.76 18.13 18.51 15.88 16.09 16.34 18.80 19.33 21.00 23.11 24.53 25.61 24.77 26.30 25.67 27.34 26.46 25.18 25.91 24.78 24.29 24.26 25.91 25.22 23.02 20.29 19.08 19.34 19.82 20.00 19.94 21.43 24.24 25.51 24.15 24.10 26.21 26.41 23.74 22.94 25.06 24.97 21.77 20.96 23.57 23.06 19.86 20.74 24.39 23.36 20.76 23.04 25.87 25.00 23.37 26.63 26.28 
16.83 14.23 10.79 9.44 9.09 8.98 10.09 11.58 14.43 17.54 17.18 16.57 16.06 14.80 15.41 15.21 14.52 12.93 15.01 13.63 12.68 12.87 16.26 15.39 13.97 16.09 17.19 16.92 14.63 12.32 10.39 7.22 5.50 1.22 5.41 6.95 9.72 12.41 11.10 13.13 12.80 14.71 11.98 12.18 14.41 15.17 11.90 14.43 13.34 12.73 13.57 14.52 15.37 16.57 17.49 17.81 19.01 19.56 19.17 18.90 18.48 16.87 16.61 16.90 15.43 14.27 15.72 15.70 14.35 15.36 18.27 17.33 16.41 18.44 19.06 17.14 17.27 16.00 17.75 16.97 15.63 14.73 13.74 12.92 13.48 14.25 16.01 18.68 20.31 21.66 23.27 25.44 25.15 24.35 24.50 26.49 24.48 23.05 23.31 23.95 21.41 21.56 22.19 22.02 20.29 21.65 22.98 21.47 20.05 22.09 23.94 21.08 20.30 18.52 19.25 16.53 16.64 17.21 19.85 20.22 21.80 24.10 25.50 26.74 25.72 27.35 26.69 28.27 27.55 26.27 26.66 25.80 25.27 25.21 26.70 26.30 23.95 21.17 19.86 20.12 20.34 20.50 20.57 22.06 24.82 26.13 24.63 24.77 26.54 26.96 24.22 23.65 25.76 25.88 22.71 22.19 24.53 23.90 21.08 22.06 25.35 23.70 21.53 23.79 26.03 25.20 23.70 26.86 26.83 
18.09 15.00 12.54 10.32 10.07 8.65 8.53 9.30 12.62 15.13 15.33 14.16 14.13 13.36 13.95 14.14 13.23 12.80 15.07 14.22 12.85 14.44 17.59 16.96 15.45 18.70 19.63 19.33 16.95 15.43 12.93 10.17 6.43 5.41 2.26 5.41 6.73 8.99 10.25 12.49 11.14 12.83 11.37 12.52 14.43 15.05 12.22 14.96 14.23 12.58 13.44 14.28 15.48 16.41 17.44 16.87 17.87 18.20 18.34 17.03 16.51 14.58 15.43 14.85 13.21 11.36 14.03 14.02 12.18 13.51 16.48 16.02 15.54 17.89 18.35 16.41 17.05 16.07 17.93 16.77 15.62 15.08 13.99 12.70 13.33 14.02 15.82 18.05 18.98 20.38 22.36 24.44 24.00 22.84 23.45 25.22 23.36 21.90 22.29 22.98 20.58 20.73 21.22 21.24 19.34 21.00 22.08 20.66 19.60 21.83 23.58 21.01 20.29 18.70 19.69 17.22 17.12 17.98 20.58 20.71 22.30 24.37 25.94 26.88 25.65 27.15 26.55 28.29 27.58 26.10 26.50 25.54 25.05 25.00 26.48 25.92 23.82 20.88 19.65 19.64 19.74 19.93 20.42 21.52 24.43 25.30 24.17 23.89 25.90 26.27 23.70 22.95 25.16 25.44 22.24 21.49 23.80 23.55 20.63 21.47 24.39 23.32 20.90 23.09 25.64 24.58 23.94 26.82 26.81 
18.96 16.41 13.00 11.23 10.77 9.60 8.89 9.36 12.28 14.29 14.38 14.31 15.64 14.46 15.08 14.87 15.00 14.31 16.71 15.21 14.04 15.95 19.52 18.26 17.04 19.70 20.77 21.18 18.88 16.92 14.55 12.34 9.38 6.95 5.41 0.34 5.12 7.36 8.32 10.72 10.59 12.17 11.38 12.09 14.06 14.90 11.78 14.65 13.55 12.21 13.06 14.01 14.97 15.51 16.66 16.68 17.54 17.94 17.89 17.47 15.96 14.28 14.07 13.80 10.99 8.97 12.68 12.73 10.84 12.67 16.20 15.32 14.41 17.35 18.16 15.90 16.32 15.38 18.40 16.32 15.07 14.98 14.08 12.80 13.52 14.10 15.85 17.65 18.64 19.65 21.85 24.50 23.90 22.69 23.39 25.71 23.77 22.15 22.75 23.28 20.94 21.04 21.96 21.48 19.23 21.08 22.62 21.05 19.69 22.12 23.76 20.99 20.25 18.42 19.35 17.38 17.63 18.31 20.83 21.05 22.68 24.85 26.41 27.41 26.27 27.85 27.27 28.77 27.91 26.54 26.96 26.01 25.25 25.30 26.84 26.56 24.06 21.20 19.99 20.06 19.97 20.04 20.02 21.59 24.17 25.36 23.81 24.18 25.94 26.51 24.00 23.52 25.76 25.90 22.62 21.94 24.50 23.91 20.91 21.68 25.16 23.57 21.10 23.67 26.16 25.01 23.44 26.80 27.12 
21.94 18.96 15.14 13.23 14.41 12.86 11.83 11.80 13.45 15.58 15.66 15.81 17.52 16.97 17.38 18.20 17.62 17.28 19.54 18.23 16.73 18.41 21.65 20.84 19.46 22.30 23.29 24.01 21.72 19.40 16.94 15.19 11.42 9.72 6.73 5.12 0.57 6.53 6.98 9.79 10.62 13.20 12.45 12.96 15.12 15.84 13.95 16.35 15.12 14.33 15.50 16.39 17.34 17.61 18.88 18.72 19.58 19.14 19.19 18.79 17.88 15.87 14.77 14.37 12.79 11.66 14.07 14.54 13.26 14.73 17.84 17.34 16.35 18.86 19.78 18.10 18.84 17.59 20.40 19.58 17.96 17.75 17.37 15.78 16.31 17.40 18.45 20.22 20.58 22.31 23.80 26.19 26.01 24.74 25.02 27.37 25.93 24.16 24.37 25.30 22.83 22.93 23.69 23.31 20.89 22.48 24.22 22.81 21.17 23.55 25.77 23.04 22.09 20.31 21.44 19.78 19.83 20.32 22.97 23.46 25.20 27.31 28.89 29.62 28.05 29.89 29.44 31.02 30.22 28.61 29.30 28.33 27.38 27.35 28.86 28.73 26.64 23.45 22.01 22.07 22.00 21.83 21.67 23.17 26.28 27.06 25.53 25.45 27.52 27.98 25.52 25.13 27.48 27.48 24.44 23.48 25.98 25.64 22.26 23.17 26.94 25.66 22.77 25.47 28.94 26.72 25.07 28.80 28.79 
23.21 20.71 16.87 15.30 16.14 15.07 14.60 14.97 16.07 18.79 18.92 19.55 20.09 19.98 21.05 21.28 20.38 20.17 22.31 21.10 19.32 20.62 23.25 22.69 21.63 23.88 24.72 25.34 23.95 21.95 19.07 17.33 14.70 12.41 8.99 7.36 6.53 1.39 5.05 8.42 9.44 12.25 11.69 12.79 15.45 16.59 14.01 17.21 17.21 16.40 18.00 19.46 20.51 20.85 22.34 22.25 23.14 22.91 22.49 22.15 21.41 19.06 17.80 17.77 15.73 14.07 15.84 16.37 15.29 16.07 18.60 18.46 17.46 20.27 20.12 18.88 20.10 18.82 21.09 20.40 19.56 19.89 19.31 18.03 18.88 20.12 21.75 22.89 23.66 25.15 26.44 28.48 28.45 27.91 27.43 29.52 27.97 26.54 26.54 27.18 24.88 24.93 25.27 24.82 22.85 24.19 25.79 24.24 22.39 24.92 27.12 24.38 23.13 21.75 23.18 21.45 21.47 22.33 24.75 25.42 27.01 29.18 30.80 31.80 30.29 32.16 31.56 33.15 32.02 30.68 31.33 30.16 29.39 29.55 31.05 30.77 28.32 25.64 24.27 24.35 24.10 24.21 23.82 25.24 28.00 29.15 27.10 27.55 29.33 30.01 27.28 27.17 29.15 29.62 26.28 25.58 28.18 27.62 24.52 25.23 28.80 27.08 24.41 27.01 29.61 28.04 26.02 29.17 29.23 
20.39 17.53 14.51 13.18 12.65 10.92 11.94 12.93 14.41 17.27 17.25 17.24 17.99 18.03 19.02 19.32 18.20 17.86 20.31 18.67 16.96 18.69 21.29 20.07 19.62 22.06 23.11 23.17 21.69 20.02 18.52 16.24 13.14 11.10 10.25 8.32 6.98 5.05 0.46 5.86 7.34 7.90 8.58 9.85 12.37 12.23 10.61 13.53 14.00 13.66 15.77 17.47 18.89 19.96 21.29 21.66 22.67 22.15 22.13 21.64 20.36 17.71 17.11 16.99 14.61 12.22 14.00 14.47 12.52 13.65 15.49 15.01 14.81 17.40 17.20 15.83 17.40 16.52 18.28 17.67 16.96 17.28 16.56 15.76 16.67 18.14 19.72 21.75 22.14 23.66 24.88 26.87 26.79 26.10 26.04 28.13 26.48 25.20 24.92 25.65 23.07 23.00 23.48 22.87 20.68 22.44 23.65 21.67 20.34 22.83 24.99 22.25 21.13 19.74 21.30 19.51 19.44 20.57 23.27 23.66 25.03 27.26 28.86 29.71 28.32 30.10 29.53 31.16 29.95 28.77 29.41 28.39 27.18 27.39 29.02 28.59 25.89 23.20 22.25 22.42 22.09 22.25 22.14 23.35 25.99 26.57 24.84 25.00 27.10 27.69 25.02 24.47 26.63 27.09 23.88 23.14 25.65 25.57 22.47 23.04 26.05 25.05 22.24 24.51 27.58 26.00 25.08 28.11 27.81 
