1.62 6.16 7.87 9.69 11.91 12.98 14.68 16.50 19.26 20.42 23.73 26.43 28.79 30.19 30.92 31.36 30.98 30.34 29.34 29.29 27.89 26.72 25.43 24.47 22.09 21.02 21.30 21.21 19.29 18.23 18.16 18.22 16.94 17.36 15.43 16.64 15.72 15.84 15.71 16.41 17.64 18.28 20.17 22.96 26.03 27.92 29.65 31.69 33.72 33.90 33.97 34.16 34.25 34.46 33.16 32.52 33.02 33.67 31.75 30.56 31.49 32.11 31.15 31.05 33.45 34.05 33.46 33.31 31.87 32.49 31.51 31.47 29.72 28.67 26.73 26.47 25.95 23.87 23.72 22.81 21.98 19.66 19.14 19.77 19.87 18.95 20.16 20.98 21.96 23.74 25.92 27.44 29.43 31.80 32.29 30.82 31.06 32.53 32.29 30.89 32.09 32.78 31.45 30.94 32.12 32.92 32.10 31.24 32.63 31.77 30.57 29.88 30.76 30.51 30.87 32.19 33.94 33.79 34.47 35.73 37.08 37.09 37.77 36.92 36.52 37.07 36.97 35.27 33.77 35.11 34.81 35.00 35.65 36.12 35.79 36.44 35.47 35.13 33.45 32.34 31.74 30.99 29.06 28.66 28.65 26.72 24.98 25.42 24.52 21.85 20.07 21.92 21.08 19.15 19.07 22.00 23.30 22.05 26.85 
6.16 0.71 5.84 6.78 10.07 11.16 13.48 15.71 18.88 20.28 22.94 25.34 28.89 30.02 31.80 31.00 31.29 29.69 29.84 28.48 27.75 25.35 25.22 23.42 21.41 19.53 21.30 20.83 19.08 17.53 17.93 18.38 17.13 16.89 14.42 16.23 15.41 14.64 14.58 16.92 17.26 18.28 20.30 22.69 26.39 27.61 29.77 31.20 33.82 33.46 34.11 33.77 34.43 33.85 33.06 31.53 32.63 32.86 31.59 29.88 31.14 31.59 30.76 30.56 33.32 33.81 33.12 33.15 31.71 32.04 31.23 31.55 29.80 28.07 26.63 26.33 25.85 23.13 23.40 22.51 22.01 18.41 17.93 18.65 18.99 17.79 19.06 20.00 21.82 23.36 25.91 27.16 29.77 32.04 32.77 30.56 31.10 32.27 32.30 30.19 31.79 32.57 30.98 30.27 31.38 32.49 31.36 30.05 31.94 30.97 29.91 29.07 30.18 29.74 30.45 31.29 33.39 32.92 33.99 35.40 36.75 37.05 37.44 36.62 35.86 36.52 36.34 34.65 32.92 34.64 33.98 33.90 34.72 34.98 35.28 35.44 35.38 34.60 33.22 31.46 31.84 30.49 28.80 28.03 28.55 26.15 24.60 24.41 23.99 20.51 19.77 21.09 20.73 18.90 17.27 21.41 21.95 21.53 22.68 
7.87 5.84 0.00 3.36 7.44 9.28 10.60 13.40 17.15 18.41 20.31 22.70 26.10 28.49 30.07 29.92 29.13 28.25 27.75 27.09 25.90 24.05 23.44 21.61 19.96 18.03 19.46 18.90 17.45 16.00 16.66 17.41 16.33 16.13 13.82 14.74 14.10 13.38 12.70 14.81 15.69 16.40 18.84 21.04 24.10 25.79 28.05 29.40 31.94 31.99 32.64 31.99 32.10 31.91 31.22 29.72 30.36 31.03 30.14 27.93 28.77 29.59 29.46 28.89 31.44 31.86 31.76 31.65 29.97 30.33 29.63 30.14 27.73 26.41 25.09 24.90 23.94 21.39 22.07 21.22 20.25 16.70 15.27 16.38 16.31 15.30 16.89 18.30 20.10 21.69 23.97 25.31 28.11 30.60 31.49 29.24 29.56 30.72 30.52 28.30 29.58 30.41 28.86 27.72 29.08 30.06 29.28 27.64 30.00 29.17 28.71 27.34 28.29 27.85 29.04 29.57 31.68 31.37 32.98 33.98 35.78 35.64 36.51 35.26 34.56 35.35 35.12 33.25 31.77 33.00 32.21 31.98 32.82 33.28 33.29 33.79 33.65 33.06 31.08 29.74 29.44 28.60 26.84 26.22 26.36 24.21 22.54 23.04 21.93 18.95 17.50 20.34 19.46 17.83 15.94 20.48 22.15 21.04 23.27 
9.69 6.78 3.36 0.00 4.39 7.05 9.13 12.38 15.63 17.54 19.60 22.70 26.07 27.88 29.47 29.81 29.69 27.94 27.14 26.43 25.66 23.72 22.63 20.21 18.90 17.13 18.46 17.17 15.95 14.97 15.89 15.89 15.87 15.87 13.76 13.72 13.52 11.82 11.44 12.52 14.03 15.10 17.16 19.57 22.72 24.66 26.38 28.48 31.38 31.23 31.54 31.09 31.03 30.80 29.78 28.32 29.20 29.61 28.14 26.48 27.50 28.43 27.88 27.52 29.92 30.74 30.48 30.31 28.49 29.22 28.64 28.99 26.68 25.68 24.60 23.99 23.29 20.87 21.83 20.69 20.17 16.25 15.47 14.82 15.89 14.09 15.95 16.33 18.73 20.49 23.15 23.89 26.77 29.52 30.27 27.87 28.11 29.31 28.75 26.53 27.97 28.70 26.72 25.58 27.03 27.98 26.84 25.39 27.66 27.13 26.37 25.32 26.49 26.28 27.13 27.85 29.99 29.87 31.23 32.13 33.61 33.68 34.17 33.05 31.94 33.39 33.15 31.69 30.29 31.89 31.12 30.96 32.10 32.30 32.39 32.75 32.81 31.93 30.08 28.57 28.62 27.50 25.67 25.16 25.35 23.27 21.45 21.52 20.85 18.02 17.41 18.50 19.18 16.31 16.34 19.15 21.72 19.60 26.90 
11.91 10.07 7.44 4.39 0.00 5.58 7.46 10.04 13.23 16.83 19.97 22.95 26.25 27.26 28.14 29.31 29.23 27.59 25.10 25.60 24.69 22.46 21.22 19.57 18.64 15.19 17.14 16.19 14.94 13.54 14.89 15.10 15.00 15.72 13.64 14.23 13.08 10.82 9.65 10.28 10.94 11.66 14.27 16.99 20.19 22.12 23.76 26.49 29.36 29.46 29.29 29.45 29.60 29.91 28.36 27.09 28.19 29.22 27.13 25.42 27.71 28.55 27.20 27.03 30.23 31.22 30.25 30.04 28.83 29.38 27.78 28.07 26.00 24.65 22.49 21.95 21.79 18.76 19.95 19.09 19.40 15.53 15.05 14.98 14.09 12.02 13.71 14.38 15.92 17.71 21.16 22.16 24.87 27.97 28.30 25.70 26.22 28.10 27.67 25.18 27.09 28.09 26.08 24.84 26.92 28.09 27.31 25.24 27.27 26.11 24.94 23.86 25.98 25.01 25.86 27.18 29.68 29.23 30.23 31.78 33.64 33.89 35.04 33.61 32.76 33.70 33.54 31.49 29.81 31.90 31.15 31.17 31.76 32.57 32.35 33.09 32.85 32.17 30.07 28.30 28.78 27.33 24.79 24.26 25.18 22.09 19.83 20.77 20.53 17.89 16.74 18.88 18.19 16.68 17.82 18.64 17.80 17.64 23.47 
12.98 11.16 9.28 7.05 5.58 0.00 5.76 6.79 10.38 12.51 16.63 19.76 23.10 24.76 25.45 26.27 25.68 24.42 22.76 22.55 21.13 18.78 17.88 16.54 14.37 11.82 14.01 13.44 11.98 11.38 12.82 13.24 13.15 14.66 12.14 14.38 12.75 9.80 7.69 8.86 8.29 8.30 10.55 14.71 16.71 19.69 20.65 23.33 25.77 26.30 26.17 26.80 26.67 27.11 25.71 24.14 25.40 26.48 24.39 22.83 24.84 26.09 24.50 24.60 28.04 29.04 27.93 27.79 26.36 26.81 25.34 26.17 23.55 22.31 19.82 19.44 19.00 16.23 17.39 17.00 16.39 12.92 12.07 12.21 11.40 8.42 9.94 10.64 12.40 14.63 16.99 18.89 21.74 25.27 25.40 23.19 23.22 24.92 24.51 21.87 24.32 25.19 23.25 22.06 24.35 26.04 24.54 22.70 24.58 23.53 21.78 21.47 23.06 22.51 23.09 24.72 27.15 26.80 27.82 29.50 31.47 31.53 32.70 31.51 30.59 31.25 30.96 29.02 27.18 29.19 28.32 28.41 29.42 29.82 29.76 30.97 30.68 30.14 27.51 25.87 26.58 25.15 22.39 22.17 22.92 20.03 17.66 18.17 18.07 15.29 14.50 16.93 16.25 14.49 15.66 18.86 16.91 17.00 20.69 
14.68 13.48 10.60 9.13 7.46 5.76 0.00 5.36 7.23 11.00 12.72 16.31 19.65 22.21 22.89 22.89 22.16 21.85 20.17 19.69 18.73 16.54 16.72 14.51 13.59 10.40 13.02 12.56 11.53 10.85 13.42 14.01 13.83 15.55 13.86 14.52 13.37 10.88 7.98 7.79 6.11 6.60 7.95 11.38 13.88 16.14 18.44 20.31 22.44 22.81 23.58 23.56 23.52 24.28 23.76 22.06 22.66 24.01 22.93 20.50 22.20 23.59 22.91 22.54 25.82 26.90 26.12 26.04 24.77 25.16 23.43 23.78 21.48 20.01 17.67 17.45 17.21 14.17 16.14 15.76 15.76 11.57 11.49 12.10 11.14 8.42 9.09 9.88 11.14 12.70 15.15 16.71 19.99 22.80 23.11 20.97 21.12 22.41 21.86 19.44 21.64 22.94 20.65 19.80 22.15 24.02 22.98 20.74 22.87 21.51 20.09 19.06 20.78 19.83 20.81 21.79 24.29 24.11 25.64 27.33 29.47 29.84 30.90 29.81 28.95 29.60 28.89 26.97 24.75 26.65 25.45 25.62 26.36 27.03 26.99 28.19 28.12 27.47 25.40 23.58 24.38 23.18 20.86 20.12 21.23 18.30 16.59 16.39 16.05 13.57 13.26 15.65 15.49 14.21 14.43 16.86 16.65 16.18 19.18 
16.50 15.71 13.40 12.38 10.04 6.79 5.36 0.00 5.68 6.70 10.03 13.24 17.66 19.28 19.78 21.04 20.20 18.41 16.95 16.48 15.85 13.94 13.87 11.54 10.61 7.66 11.08 11.07 10.41 9.75 13.12 14.50 13.97 15.67 14.14 15.93 14.77 12.93 9.56 9.06 8.17 6.92 7.80 9.13 11.37 14.70 15.77 18.03 20.78 20.94 20.95 21.74 21.30 22.09 21.30 20.28 20.63 22.15 20.54 19.08 20.29 21.96 20.43 20.56 23.74 25.19 23.80 23.68 22.51 23.26 21.25 21.57 19.49 18.32 15.86 14.96 15.64 12.74 15.44 15.18 15.72 11.83 11.65 12.75 12.50 9.11 9.80 8.59 9.79 11.14 13.64 14.30 17.26 21.03 21.36 18.33 19.14 20.14 19.24 17.12 19.50 20.28 18.04 17.38 19.67 21.89 21.00 19.28 20.97 19.90 18.10 17.23 18.31 17.99 18.64 20.17 22.36 22.35 23.56 25.41 27.18 28.00 28.53 27.66 25.96 27.60 26.37 24.74 21.96 24.61 23.06 23.40 23.99 24.67 24.94 26.20 25.86 25.45 23.13 21.15 22.53 20.98 18.71 18.19 19.58 16.47 14.28 14.91 14.36 12.05 11.89 14.55 14.55 13.12 12.76 16.92 15.76 16.27 21.02 
19.26 18.88 17.15 15.63 13.23 10.38 7.23 5.68 0.00 6.05 6.86 11.14 15.14 16.64 16.83 17.60 18.05 16.20 14.05 14.35 14.70 12.14 13.04 11.32 11.46 8.31 12.07 12.23 11.44 11.54 15.11 16.07 15.75 17.78 16.11 17.66 17.54 14.74 12.06 11.40 9.53 8.03 7.41 7.68 7.98 11.15 13.04 14.62 17.99 17.84 17.96 19.24 19.29 20.16 18.86 18.23 18.57 20.55 18.68 17.06 18.91 20.01 18.68 18.80 21.97 23.34 21.98 22.38 20.79 21.91 19.42 19.96 17.41 16.39 13.05 13.19 13.42 11.44 14.92 15.61 15.12 11.59 12.75 14.70 13.60 9.74 10.99 10.05 8.47 9.52 11.71 11.33 14.48 17.75 17.81 14.85 15.60 17.53 16.05 14.86 17.09 18.25 16.14 16.52 18.36 20.89 20.90 18.76 20.18 18.28 17.04 15.56 17.42 16.30 17.27 18.84 21.44 20.98 22.05 23.79 25.93 26.23 27.34 25.93 24.32 25.17 24.67 22.36 19.84 22.34 21.29 21.57 22.09 23.09 23.32 24.37 24.24 23.59 21.13 18.93 20.40 19.01 16.60 16.69 18.12 14.99 13.23 13.88 13.77 11.63 11.56 14.05 14.18 12.73 12.65 16.87 16.92 17.49 21.00 
20.42 20.28 18.41 17.54 16.83 12.51 11.00 6.70 6.05 0.00 5.25 7.07 12.27 13.00 14.58 14.78 14.32 13.03 11.89 11.87 11.10 8.10 10.67 10.84 8.73 6.25 11.19 12.71 10.88 12.58 16.40 18.18 17.77 20.25 18.80 20.47 19.54 16.78 14.15 14.33 11.53 9.29 8.41 8.18 9.20 9.41 11.25 13.17 15.95 16.22 16.41 17.40 17.22 17.72 16.96 16.30 17.16 19.18 17.05 15.84 17.41 19.34 17.27 18.11 20.95 22.40 21.03 21.80 19.93 21.10 19.19 19.79 16.95 15.55 12.85 13.17 13.69 12.14 16.76 16.77 16.89 13.26 14.61 16.15 15.33 12.34 12.63 10.78 9.47 8.69 10.35 9.71 12.16 15.52 15.85 12.54 13.78 15.32 14.22 12.71 15.67 17.30 15.47 16.09 18.34 20.98 20.48 18.77 19.88 18.25 16.41 14.92 15.68 15.21 15.44 17.27 19.48 19.47 20.47 22.42 24.54 25.10 25.75 24.96 23.04 24.27 23.19 21.31 18.18 20.93 19.15 19.78 20.40 21.19 21.60 22.76 22.94 22.19 19.59 17.35 18.82 17.67 15.39 15.43 17.08 13.97 12.65 12.70 12.85 10.41 10.25 13.75 13.95 12.02 12.39 17.52 17.85 17.18 20.68 
23.73 22.94 20.31 19.60 19.97 16.63 12.72 10.03 6.86 5.25 0.00 5.41 7.65 11.00 11.93 12.96 11.43 12.31 10.86 11.20 11.00 10.21 11.82 11.93 11.23 9.61 13.74 14.74 13.57 15.07 19.62 21.24 20.87 23.56 22.04 23.94 22.55 20.18 17.14 16.16 13.71 11.10 9.10 8.02 8.52 8.58 9.13 11.30 13.65 14.49 15.08 16.08 15.42 16.82 16.54 15.70 15.84 18.10 16.53 14.87 16.51 18.24 17.07 17.44 20.50 21.94 20.81 21.80 19.84 20.99 18.70 19.24 16.27 14.99 12.18 13.48 13.90 13.21 17.51 18.43 18.52 15.94 16.18 18.04 17.65 15.25 14.94 12.80 10.60 10.27 10.38 9.42 10.54 13.58 13.81 10.89 11.75 13.53 12.19 10.13 13.77 17.01 15.39 16.08 18.60 21.65 21.25 19.26 20.55 18.75 16.86 14.67 15.05 13.87 14.37 15.47 17.79 18.10 19.64 21.82 23.97 24.64 25.47 24.65 22.97 23.88 23.02 20.52 17.19 19.27 17.48 17.61 18.37 19.44 20.02 21.23 21.38 20.96 18.86 16.31 17.93 17.28 15.34 15.37 16.93 14.82 13.40 14.12 13.77 12.07 11.91 15.74 16.39 14.38 13.52 18.54 19.14 18.85 20.80 
26.43 25.34 22.70 22.70 22.95 19.76 16.31 13.24 11.14 7.07 5.41 0.00 7.04 8.39 9.60 10.77 10.20 9.55 9.14 9.94 10.79 10.01 11.69 11.71 11.84 11.22 14.47 16.48 15.28 16.79 20.69 22.72 22.70 24.78 23.28 25.23 24.80 22.23 18.71 17.90 15.69 13.20 11.04 8.47 8.63 7.57 8.45 8.34 11.27 11.30 12.52 13.89 13.55 15.04 15.16 14.12 13.79 16.92 15.68 14.18 15.78 17.96 16.26 16.65 19.66 21.02 19.42 20.39 18.46 20.01 17.16 18.03 15.01 14.48 11.63 13.19 14.63 14.41 18.61 19.89 20.57 17.80 17.76 19.65 19.55 16.83 16.55 14.44 11.64 11.04 10.80 9.05 9.90 12.89 13.05 8.34 10.93 13.06 11.68 10.95 14.85 17.33 15.97 16.94 18.98 22.11 21.61 19.87 20.72 19.35 17.23 15.09 14.69 13.10 13.02 14.04 16.25 16.64 18.28 20.82 23.29 23.59 24.34 23.72 22.45 23.73 22.17 19.87 16.27 18.55 15.73 15.51 16.11 17.43 17.90 18.85 19.36 19.14 16.71 14.28 16.63 16.27 13.83 14.16 16.34 14.17 12.94 14.13 14.10 12.58 13.04 16.43 16.90 15.25 14.92 19.66 19.37 18.65 21.78 
28.79 28.89 26.10 26.07 26.25 23.10 19.65 17.66 15.14 12.27 7.65 7.04 3.48 7.54 8.22 9.88 9.30 10.40 9.87 10.95 11.38 11.59 12.55 13.15 13.18 12.44 16.20 18.00 16.61 18.11 21.98 24.45 24.47 26.33 24.94 27.18 27.14 24.12 20.53 19.70 17.86 13.74 12.17 10.01 9.08 8.44 7.06 7.32 9.80 9.58 9.73 11.90 12.24 12.81 13.38 12.81 12.87 16.23 14.71 13.12 15.68 17.66 15.84 16.84 19.68 20.89 18.72 20.11 18.24 19.50 16.39 17.56 14.80 14.11 11.14 13.93 15.99 15.31 19.63 21.78 22.17 19.28 19.49 21.89 21.57 18.23 17.97 16.21 13.65 12.07 10.53 8.09 8.28 11.62 8.77 5.29 9.50 12.72 10.50 10.39 15.33 18.33 16.75 18.16 20.06 23.46 22.93 21.13 21.83 20.61 18.40 16.07 15.74 13.75 13.36 14.14 16.28 16.51 17.79 20.89 23.03 23.44 23.64 23.38 22.54 23.53 21.83 19.56 16.51 17.86 15.15 14.76 15.07 16.35 16.62 18.09 18.64 18.26 15.68 13.56 16.37 15.92 13.25 14.29 16.89 14.77 13.40 15.44 16.34 14.23 14.89 18.05 18.73 16.89 16.07 19.18 19.27 19.18 21.15 
30.19 30.02 28.49 27.88 27.26 24.76 22.21 19.28 16.64 13.00 11.00 8.39 7.54 1.20 6.87 8.07 8.09 10.56 9.68 10.39 12.06 12.82 13.62 14.92 14.22 13.95 17.05 19.34 18.10 19.35 23.29 25.49 26.11 27.89 26.55 28.49 28.76 25.95 22.97 21.25 19.16 15.50 13.52 10.95 11.38 10.13 8.76 8.16 10.61 9.47 10.40 11.24 10.86 11.87 12.72 12.47 12.72 15.21 14.11 13.12 15.49 17.04 15.28 16.21 19.45 20.30 18.67 19.88 18.18 18.99 16.51 17.35 14.94 14.05 11.85 14.62 16.90 16.19 20.71 22.45 22.97 20.52 20.85 23.02 23.13 20.08 19.51 17.57 14.61 13.40 11.69 9.22 9.45 11.72 11.31 7.49 10.83 13.88 13.26 12.64 16.93 19.65 18.48 19.44 21.59 24.45 24.16 22.10 22.95 21.28 19.24 17.09 16.43 14.70 14.02 14.48 16.31 16.86 18.07 20.67 23.00 23.59 24.01 23.59 22.44 23.67 21.65 19.46 15.87 17.90 14.27 14.58 14.55 15.56 16.24 17.79 18.03 17.98 15.52 13.72 15.94 15.76 13.46 14.50 17.09 15.35 14.92 16.45 16.90 15.80 15.92 19.61 19.68 18.30 18.34 21.82 20.70 19.76 21.56 
30.92 31.80 30.07 29.47 28.14 25.45 22.89 19.78 16.83 14.58 11.93 9.60 8.22 6.87 1.29 6.53 6.41 8.12 8.98 10.67 12.06 12.46 14.13 14.87 15.30 15.23 17.77 19.99 19.46 20.76 24.05 26.36 26.96 28.69 27.49 29.05 29.43 26.75 23.45 21.42 19.25 16.03 13.74 9.78 10.74 10.33 9.50 10.02 10.89 10.92 10.59 11.56 10.61 12.48 13.06 12.31 12.76 15.10 14.87 13.11 15.15 16.62 15.32 15.97 18.75 20.16 18.42 20.01 17.96 19.40 16.87 17.84 15.27 15.60 13.45 15.97 18.43 18.19 22.17 23.70 24.77 22.13 22.44 24.51 24.59 21.64 20.67 18.67 15.31 14.06 12.63 10.12 9.55 12.49 12.94 10.18 12.08 14.97 15.23 13.76 17.48 20.78 20.16 20.99 22.71 25.92 25.24 23.20 23.67 22.15 19.89 17.34 16.98 15.17 14.70 14.99 16.64 17.05 18.03 20.63 22.94 23.78 24.31 23.82 22.59 23.44 21.70 19.27 15.78 16.69 14.02 13.37 13.90 14.62 15.05 16.63 17.08 16.68 14.95 12.56 15.10 15.09 13.31 14.03 16.67 15.76 15.46 17.17 18.15 16.90 17.59 21.01 21.40 20.12 21.47 22.35 22.54 22.99 23.77 
31.36 31.00 29.92 29.81 29.31 26.27 22.89 21.04 17.60 14.78 12.96 10.77 9.88 8.07 6.53 0.00 6.17 7.57 8.78 9.83 10.95 11.71 13.53 14.31 14.03 13.95 17.12 19.08 18.97 19.59 23.75 25.99 26.39 28.26 26.39 28.92 28.91 26.01 23.02 21.76 19.87 15.80 13.86 10.87 11.13 10.22 9.71 10.27 11.75 11.10 10.22 10.23 10.13 12.06 12.59 10.63 10.42 14.41 13.76 11.54 14.15 16.14 14.74 14.16 18.49 19.50 17.38 19.03 17.06 18.75 15.71 17.32 14.99 14.93 12.86 16.13 18.70 18.28 22.19 23.83 24.62 21.74 21.79 23.92 24.09 20.73 20.42 18.26 15.12 13.92 12.47 9.26 8.32 12.60 13.53 9.64 12.73 15.88 15.33 14.35 18.50 21.91 21.10 21.70 23.89 26.85 26.37 24.17 24.96 23.26 20.99 18.70 18.30 16.26 15.64 16.22 17.54 17.36 18.50 21.12 23.28 23.83 24.45 24.15 22.79 24.07 21.92 19.57 15.51 17.67 13.98 13.17 13.10 14.07 14.59 15.30 16.00 16.51 13.95 11.47 14.96 15.54 12.94 13.52 17.08 15.92 14.99 17.28 18.21 17.00 17.30 21.31 21.48 20.35 21.42 24.36 23.51 23.73 24.60 
30.98 31.29 29.13 29.69 29.23 25.68 22.16 20.20 18.05 14.32 11.43 10.20 9.30 8.09 6.41 6.17 0.19 6.41 7.69 8.18 9.67 9.60 11.89 12.45 12.68 12.52 15.83 17.77 17.28 18.29 22.45 24.87 25.45 26.87 26.05 27.89 28.53 25.29 22.38 20.96 18.89 14.85 13.23 10.87 10.85 10.21 10.56 11.86 13.36 12.84 11.65 12.84 11.30 12.40 11.71 10.25 10.25 12.67 10.49 8.54 12.76 14.28 11.78 12.23 17.00 18.18 15.48 17.92 15.82 17.90 15.14 17.31 14.91 15.02 12.82 16.31 18.76 18.08 21.64 23.21 23.91 20.62 20.90 23.07 23.22 19.77 19.39 17.24 14.22 12.96 11.58 8.16 8.36 12.90 13.16 9.97 13.14 16.90 16.07 14.99 19.83 22.98 22.03 22.35 24.56 27.88 27.41 24.86 25.93 24.01 21.89 19.23 19.07 17.15 16.37 16.80 17.47 17.24 18.70 21.11 23.06 23.53 24.28 23.80 22.96 23.84 21.68 19.26 16.17 17.74 14.00 13.56 13.79 14.34 14.07 15.07 14.85 15.33 12.76 11.08 13.59 14.10 11.61 12.92 15.87 14.69 13.44 16.48 17.73 16.32 16.35 20.40 20.27 19.46 20.40 22.25 23.30 23.29 25.14 
30.34 29.69 28.25 27.94 27.59 24.42 21.85 18.41 16.20 13.03 12.31 9.55 10.40 10.56 8.12 7.57 6.41 0.12 6.80 8.09 8.71 9.59 10.74 11.97 12.77 12.54 15.04 16.96 16.91 16.95 21.58 23.64 24.33 26.33 25.21 27.16 27.60 24.94 22.21 20.52 18.55 14.68 13.29 9.91 11.04 9.99 10.99 12.62 14.85 14.13 13.61 14.13 13.31 13.43 12.77 11.43 11.07 12.97 11.41 9.44 12.36 13.75 11.90 12.21 15.94 16.61 15.08 17.01 15.26 17.09 15.31 16.88 15.17 15.49 14.04 17.11 19.57 19.17 22.57 23.98 24.55 21.80 21.52 23.92 23.99 21.02 20.50 18.11 15.50 13.91 12.67 10.07 10.74 15.16 16.28 13.28 15.94 19.03 18.90 18.07 21.33 24.44 23.76 23.92 25.66 28.76 28.14 25.98 26.42 24.98 22.65 20.43 19.63 17.96 17.11 17.51 18.19 18.45 19.55 22.00 24.00 24.80 25.03 24.72 23.62 24.78 21.95 19.94 17.03 18.35 13.85 14.19 14.35 14.63 14.50 15.79 15.68 15.09 13.29 11.56 13.18 13.40 11.64 12.96 15.00 13.96 13.56 15.32 16.51 15.12 15.99 19.73 20.32 19.01 21.05 23.38 22.79 23.22 24.73 
29.34 29.84 27.75 27.14 25.10 22.76 20.17 16.95 14.05 11.89 10.86 9.14 9.87 9.68 8.98 8.78 7.69 6.80 2.09 7.23 8.20 7.68 9.12 10.76 11.45 12.02 13.09 15.83 15.64 16.63 20.16 23.23 23.65 25.60 25.03 26.64 27.19 24.48 21.42 19.43 18.19 14.43 12.59 9.44 10.71 10.63 11.08 13.43 15.53 15.33 14.28 14.92 13.93 14.85 13.46 11.21 11.31 13.52 11.89 10.22 11.98 13.21 12.44 12.27 15.29 16.18 14.93 17.01 15.11 17.48 14.89 16.93 14.99 16.24 15.05 17.59 20.31 19.86 23.29 24.49 25.73 22.63 22.86 24.84 24.89 21.70 21.10 19.28 15.74 14.45 13.61 11.92 12.18 16.96 18.43 15.94 17.37 20.85 21.62 20.31 23.10 25.97 25.46 25.39 26.81 29.60 29.49 26.75 27.22 25.40 23.71 20.91 20.17 18.54 18.11 18.34 19.40 19.43 20.81 23.20 25.63 26.18 26.53 25.81 24.80 25.32 22.88 20.89 17.82 18.81 15.33 15.12 15.11 15.65 15.45 16.50 15.96 15.72 13.51 11.28 12.33 12.72 11.36 12.20 14.27 13.48 13.14 15.31 16.23 15.11 15.51 19.38 19.62 19.15 20.66 22.22 22.25 24.00 25.33 
29.29 28.48 27.09 26.43 25.60 22.55 19.69 16.48 14.35 11.87 11.20 9.94 10.95 10.39 10.67 9.83 8.18 8.09 7.23 1.30 6.41 7.87 8.42 7.32 9.26 11.04 12.05 13.79 14.31 15.38 18.91 21.44 21.95 24.28 23.31 25.59 25.98 23.00 20.27 19.25 17.93 13.84 13.06 11.18 12.53 11.97 12.85 14.57 16.54 16.54 15.69 15.12 14.61 15.49 14.37 10.84 11.50 13.70 12.27 8.02 11.91 13.13 11.38 9.91 14.86 16.12 13.22 15.91 13.72 16.16 12.64 15.15 13.12 14.83 13.90 16.79 19.52 19.02 22.85 24.40 25.12 21.84 22.08 24.55 24.32 21.09 21.20 19.22 16.02 14.91 14.45 12.81 12.91 17.61 19.43 16.26 17.88 21.34 21.79 19.85 23.28 26.52 25.74 25.87 27.56 30.83 30.10 27.67 27.87 26.56 24.52 21.94 21.21 19.62 19.20 19.44 20.41 20.43 22.27 24.80 26.82 27.14 27.48 27.11 25.51 26.51 24.23 22.07 18.50 20.16 17.33 16.52 15.59 16.31 16.73 17.16 16.77 16.51 14.40 11.46 13.17 13.34 11.30 11.03 14.08 13.70 12.55 14.36 15.71 14.49 14.85 18.82 19.62 18.42 20.23 22.71 22.86 22.57 24.68 
27.89 27.75 25.90 25.66 24.69 21.13 18.73 15.85 14.70 11.10 11.00 10.79 11.38 12.06 12.06 10.95 9.67 8.71 8.20 6.41 1.29 5.53 7.08 6.29 6.01 8.30 10.74 11.65 12.19 14.06 17.32 19.36 19.91 22.70 21.48 23.63 24.36 21.55 18.36 17.84 17.14 13.08 12.74 12.08 12.53 12.77 14.33 16.36 17.29 17.30 16.89 17.04 15.90 16.44 14.42 11.41 11.59 13.85 10.11 5.53 10.11 12.15 8.41 6.59 12.44 14.09 10.94 13.44 11.70 14.97 12.88 15.33 13.41 15.05 14.33 16.95 19.07 18.81 22.55 23.66 24.69 21.35 21.54 23.54 23.41 20.46 20.72 18.77 16.14 14.62 14.70 13.05 14.11 17.88 19.27 16.78 19.18 21.99 22.25 20.47 23.83 26.76 25.89 25.76 27.83 30.98 30.21 27.31 28.01 27.09 24.83 22.19 21.50 19.99 19.36 19.63 19.97 20.34 22.53 25.07 26.66 26.87 27.57 27.12 25.59 26.53 24.38 22.49 19.09 20.66 17.63 16.99 16.60 16.98 16.59 16.91 16.49 15.74 12.61 10.19 11.84 11.38 8.03 8.49 11.42 10.76 8.96 12.25 13.44 12.45 12.18 16.68 16.50 15.97 16.79 19.96 20.49 21.57 23.17 
26.72 25.35 24.05 23.72 22.46 18.78 16.54 13.94 12.14 8.10 10.21 10.01 11.59 12.82 12.46 11.71 9.60 9.59 7.68 7.87 5.53 0.55 6.08 7.40 5.98 6.21 8.33 10.82 10.56 11.95 15.25 16.88 17.43 20.07 19.10 21.33 22.54 19.60 16.93 16.04 15.56 10.82 11.80 9.82 11.79 11.91 14.96 16.54 17.84 17.50 17.43 17.56 16.85 17.13 15.74 13.57 13.27 14.32 12.68 9.35 11.30 11.85 10.61 8.79 12.35 13.57 11.86 14.45 12.23 14.35 13.01 15.32 13.81 15.33 14.82 17.28 18.96 18.75 22.06 23.03 23.77 20.96 20.98 22.93 22.89 19.89 20.06 17.87 15.83 14.56 14.44 12.95 15.11 19.29 20.28 18.14 20.29 23.16 23.26 22.07 24.71 27.38 26.48 26.49 28.06 31.00 29.93 27.72 28.11 26.61 24.46 22.11 21.58 19.73 19.26 19.90 20.96 20.91 22.73 25.49 27.62 27.98 27.91 27.56 26.28 26.98 24.42 22.36 19.53 20.84 17.44 17.11 17.13 17.04 16.84 17.47 17.55 16.08 13.49 11.68 12.73 11.45 9.00 9.33 11.26 9.69 8.81 11.39 12.06 10.90 10.98 15.54 15.83 14.78 16.31 19.39 20.19 20.00 21.84 
25.43 25.22 23.44 22.63 21.22 17.88 16.72 13.87 13.04 10.67 11.82 11.69 12.55 13.62 14.13 13.53 11.89 10.74 9.12 8.42 7.08 6.08 1.67 5.83 6.89 6.25 5.67 9.21 9.91 10.49 12.37 15.77 16.53 19.24 18.15 20.46 21.34 19.45 16.37 14.72 14.36 10.70 11.60 9.80 11.87 13.78 16.09 17.28 18.88 18.75 18.78 18.30 18.14 18.72 16.79 14.02 14.26 15.38 13.22 11.37 11.93 12.29 11.03 10.79 12.83 13.50 12.76 14.68 12.14 14.36 12.70 14.68 13.81 16.17 15.86 17.53 19.93 19.63 22.46 23.30 24.29 21.57 21.79 23.74 23.43 20.52 20.37 19.10 16.87 16.23 16.56 15.25 16.87 21.13 22.73 20.60 21.90 24.92 25.55 24.29 26.46 29.26 27.85 27.85 29.24 32.20 31.17 28.79 29.25 28.06 25.77 23.35 22.89 21.61 21.00 21.73 22.97 23.19 24.45 27.00 29.56 29.57 29.51 28.90 28.00 28.28 25.86 23.99 21.35 22.41 19.34 18.91 18.64 18.64 18.70 19.09 18.93 17.93 15.37 13.00 13.36 12.72 11.09 10.22 11.68 10.08 9.53 10.78 11.77 10.70 10.74 14.56 15.04 14.57 16.03 18.74 18.94 20.43 21.64 
24.47 23.42 21.61 20.21 19.57 16.54 14.51 11.54 11.32 10.84 11.93 11.71 13.15 14.92 14.87 14.31 12.45 11.97 10.76 7.32 6.29 7.40 5.83 1.21 5.25 7.41 6.01 6.52 8.33 10.15 11.49 13.52 15.62 17.76 16.46 19.13 20.28 17.92 15.11 14.75 14.32 10.36 11.68 10.93 12.50 14.19 16.68 17.86 19.01 18.87 18.19 18.01 18.12 19.05 16.72 12.62 14.04 16.21 13.47 9.78 12.00 13.15 10.79 9.21 12.31 13.28 10.31 11.63 8.53 10.96 9.63 11.92 11.34 14.22 14.64 16.69 19.06 18.94 22.20 23.31 24.11 21.06 21.36 23.51 23.28 19.89 20.00 18.39 16.78 16.29 16.96 16.16 17.59 21.66 22.89 21.09 22.32 25.47 25.67 24.50 26.92 29.67 28.64 28.36 29.98 32.56 31.78 29.16 29.62 28.24 26.33 23.73 23.44 22.20 21.98 22.33 24.14 24.02 25.31 27.90 30.11 30.31 30.18 29.69 28.53 28.88 26.71 24.83 21.82 23.04 20.65 19.86 19.00 19.25 19.54 19.96 19.52 18.65 16.37 13.25 14.11 13.86 11.35 9.84 11.62 10.93 9.08 9.68 11.02 10.93 10.44 13.53 14.49 14.27 15.24 18.08 19.44 18.91 20.37 
22.09 21.41 19.96 18.90 18.64 14.37 13.59 10.61 11.46 8.73 11.23 11.84 13.18 14.22 15.30 14.03 12.68 12.77 11.45 9.26 6.01 5.98 6.89 5.25 0.41 5.12 7.35 6.14 5.66 8.61 11.32 12.31 13.65 16.47 14.71 17.79 18.86 16.29 13.03 13.61 13.61 9.53 10.88 11.05 12.38 13.91 16.66 17.70 18.62 18.31 18.47 18.29 18.35 18.78 17.01 14.15 14.91 16.46 13.55 10.40 12.29 12.91 9.92 7.97 12.51 12.97 9.17 11.49 9.91 12.38 10.80 13.98 12.97 15.39 15.75 17.61 19.29 18.67 22.13 22.80 23.45 20.44 20.53 22.29 22.09 18.89 19.04 17.48 16.06 15.62 16.12 15.06 17.78 21.30 21.70 20.34 22.18 25.26 25.18 24.28 27.03 29.70 27.82 27.84 29.21 32.27 31.33 28.75 29.15 28.10 26.27 24.00 23.77 22.56 22.11 22.99 24.23 24.15 25.68 28.01 30.07 30.01 30.27 29.76 28.30 29.01 27.09 25.12 22.01 23.57 20.89 20.39 19.63 19.72 19.55 20.01 19.65 18.96 15.61 12.81 13.69 13.19 9.72 8.07 11.02 8.94 6.32 7.06 9.44 8.11 7.30 10.27 11.84 12.00 12.19 16.09 17.12 17.67 19.60 
21.02 19.53 18.03 17.13 15.19 11.82 10.40 7.66 8.31 6.25 9.61 11.22 12.44 13.95 15.23 13.95 12.52 12.54 12.02 11.04 8.30 6.21 6.25 7.41 5.12 0.00 5.17 7.32 5.35 5.72 9.20 10.62 11.29 13.98 13.68 16.54 17.39 13.83 11.96 12.11 11.31 5.02 9.22 10.08 11.98 13.45 16.98 18.28 19.35 19.35 19.09 19.59 19.74 20.12 18.25 16.84 17.08 17.92 16.34 13.86 15.00 14.82 12.53 11.65 13.99 14.21 11.64 13.30 12.03 14.07 12.75 15.67 14.58 16.30 16.35 18.32 19.53 18.95 22.00 22.83 22.85 19.62 19.47 21.60 21.04 17.81 17.95 16.75 15.89 15.53 16.39 15.91 18.91 22.28 23.07 21.44 23.54 26.39 26.15 25.12 28.09 30.23 28.58 27.99 30.05 32.42 31.21 28.69 29.47 28.06 26.00 24.11 24.14 22.58 22.34 23.46 25.31 24.69 26.31 29.04 31.23 31.18 31.16 30.60 29.48 29.91 27.66 25.61 22.93 24.39 21.71 20.94 20.63 20.94 20.65 21.11 21.14 19.89 17.55 14.59 15.54 14.14 11.74 11.03 11.83 9.98 7.92 8.52 8.90 7.26 7.58 10.75 11.63 11.20 12.40 16.28 17.25 15.72 18.17 
21.30 21.30 19.46 18.46 17.14 14.01 13.02 11.08 12.07 11.19 13.74 14.47 16.20 17.05 17.77 17.12 15.83 15.04 13.09 12.05 10.74 8.33 5.67 6.01 7.35 5.17 0.00 5.68 6.60 5.77 7.48 9.16 11.27 13.69 14.18 16.23 16.67 14.16 12.87 12.62 10.71 6.35 10.98 12.68 13.38 15.26 18.99 20.62 21.91 21.76 22.12 22.48 23.00 23.70 22.16 20.29 20.82 21.68 19.29 17.29 17.13 17.59 15.43 14.68 16.48 16.51 15.19 16.01 14.34 16.67 15.86 17.67 17.39 18.81 18.71 20.55 22.15 21.75 24.20 24.71 24.92 22.09 21.74 23.49 23.00 20.53 20.25 19.78 18.51 18.54 19.72 19.69 22.07 25.11 26.20 24.76 26.20 28.98 29.16 28.48 30.59 32.99 30.91 30.85 32.39 35.03 33.47 31.06 31.83 30.54 28.26 26.21 26.55 25.52 24.99 26.34 28.21 28.03 28.77 31.37 34.07 33.88 33.44 33.43 32.79 32.87 30.36 28.76 26.54 27.52 24.75 24.22 23.74 23.75 23.51 23.61 23.50 22.58 20.16 17.45 17.26 16.27 14.02 13.07 13.35 11.95 10.56 10.09 10.05 9.09 8.44 11.47 11.90 12.45 12.75 16.22 17.15 17.77 19.21 
21.21 20.83 18.90 17.17 16.19 13.44 12.56 11.07 12.23 12.71 14.74 16.48 18.00 19.34 19.99 19.08 17.77 16.96 15.83 13.79 11.65 10.82 9.21 6.52 6.14 7.32 5.68 0.00 5.18 6.90 6.27 6.58 10.10 12.78 12.54 14.56 16.41 13.73 13.42 13.66 12.93 9.59 13.35 14.52 16.29 17.64 20.57 21.85 23.24 23.21 23.33 23.68 24.60 25.18 23.75 21.07 21.95 22.73 20.57 18.01 18.63 18.89 16.60 15.21 17.65 17.88 15.57 16.76 14.94 16.98 16.10 18.29 18.71 19.97 19.55 21.57 23.31 22.72 24.65 24.96 25.40 22.60 22.36 23.74 23.55 20.83 20.66 19.75 19.00 19.39 20.30 20.99 23.16 25.98 26.99 25.76 27.07 29.67 30.05 29.03 31.47 33.33 32.27 31.65 33.35 35.43 34.44 31.76 32.61 31.28 29.33 27.21 27.79 26.70 26.38 27.52 29.90 29.42 30.16 32.81 35.40 35.23 34.89 34.65 33.99 33.91 31.37 29.96 27.83 28.72 26.14 25.57 25.09 25.02 24.70 25.06 24.44 23.54 21.42 18.49 18.25 17.32 15.36 13.18 14.07 13.07 11.39 9.81 10.66 9.72 9.43 9.10 12.16 12.54 13.31 15.70 17.14 16.85 18.37 
19.29 19.08 17.45 15.95 14.94 11.98 11.53 10.41 11.44 10.88 13.57 15.28 16.61 18.10 19.46 18.97 17.28 16.91 15.64 14.31 12.19 10.56 9.91 8.33 5.66 5.35 6.60 5.18 0.00 5.17 7.49 7.07 9.35 12.01 11.90 13.30 14.06 12.40 10.07 11.93 12.74 9.77 12.76 13.87 15.55 17.14 19.41 21.03 23.02 22.93 23.09 23.54 24.63 24.81 22.97 20.85 21.50 22.19 20.02 17.89 18.42 18.69 16.37 15.78 18.19 18.49 15.81 17.61 15.95 17.98 16.58 19.46 19.20 19.68 18.76 20.77 22.45 21.56 23.94 23.98 24.36 21.71 21.43 22.78 22.43 19.73 19.59 18.81 18.09 18.24 19.16 19.91 22.03 25.08 25.81 24.81 26.47 29.07 28.96 28.57 30.47 32.84 30.93 31.17 32.08 34.59 33.48 31.23 31.66 30.61 28.59 26.92 27.50 26.41 25.76 27.20 28.93 28.71 29.36 32.02 34.36 34.50 34.46 34.13 32.98 33.40 31.18 29.60 27.09 28.28 25.76 25.26 24.45 24.64 23.86 24.27 24.09 23.03 20.60 18.00 18.26 16.94 14.28 12.71 13.77 12.26 9.07 8.09 9.50 8.39 6.40 6.15 8.47 10.75 9.04 12.59 14.67 16.04 17.79 
18.23 17.53 16.00 14.97 13.54 11.38 10.85 9.75 11.54 12.58 15.07 16.79 18.11 19.35 20.76 19.59 18.29 16.95 16.63 15.38 14.06 11.95 10.49 10.15 8.61 5.72 5.77 6.90 5.17 0.00 5.15 7.21 7.85 10.00 9.81 11.28 12.79 9.92 8.18 10.58 10.82 7.64 11.76 14.43 15.32 16.96 19.73 21.73 23.71 23.70 23.33 23.87 25.16 25.59 23.62 21.70 22.20 23.03 21.27 19.43 19.90 20.18 17.99 17.23 19.68 19.57 17.30 18.59 17.13 18.36 17.73 19.18 19.80 19.84 19.26 20.98 22.41 21.47 23.50 23.81 23.84 20.74 20.27 21.57 21.18 18.79 18.71 18.18 17.84 18.26 19.61 20.56 23.19 26.00 26.86 25.56 27.25 29.52 29.81 28.81 31.61 32.91 31.29 30.99 32.85 34.42 33.32 30.96 31.92 30.41 28.37 26.83 27.73 26.39 26.22 27.34 29.63 29.05 29.97 32.75 35.48 35.49 35.44 35.01 34.17 34.38 32.03 30.34 28.00 29.41 26.72 26.03 25.59 25.68 25.00 25.55 25.62 24.49 21.88 19.71 20.08 18.26 16.06 15.02 15.75 13.50 12.33 11.56 11.06 9.04 8.46 9.35 10.14 9.62 11.10 13.69 15.46 14.52 16.66 
18.16 17.93 16.66 15.89 14.89 12.82 13.42 13.12 15.11 16.40 19.62 20.69 21.98 23.29 24.05 23.75 22.45 21.58 20.16 18.91 17.32 15.25 12.37 11.49 11.32 9.20 7.48 6.27 7.49 5.15 0.00 5.96 8.18 8.98 9.87 11.43 12.02 10.98 10.80 12.46 13.35 11.59 16.22 18.02 18.66 20.63 23.35 24.91 26.89 26.55 26.40 26.95 28.16 28.81 27.19 25.82 25.73 26.54 24.67 22.68 23.05 23.21 21.20 20.48 22.33 22.10 20.67 21.48 20.35 21.75 20.87 22.92 22.76 23.04 22.28 24.00 25.25 24.32 25.78 26.03 25.90 23.50 22.72 23.90 23.26 21.82 21.66 21.43 20.44 21.59 22.52 23.80 26.33 29.32 29.83 28.45 29.82 32.50 32.36 31.79 34.12 35.82 33.49 33.72 35.27 37.14 35.34 33.35 34.55 33.03 30.54 29.09 30.30 29.33 28.88 30.56 32.64 32.31 32.81 35.89 38.88 38.55 38.18 38.59 38.23 38.00 35.31 34.02 32.10 32.93 30.21 29.74 29.14 29.08 28.28 28.61 28.62 27.44 25.15 22.70 23.05 21.34 19.14 17.85 17.52 16.00 14.49 13.71 12.42 11.01 10.20 12.25 11.30 12.15 10.11 14.99 15.71 16.87 18.17 
18.22 18.38 17.41 15.89 15.10 13.24 14.01 14.50 16.07 18.18 21.24 22.72 24.45 25.49 26.36 25.99 24.87 23.64 23.23 21.44 19.36 16.88 15.77 13.52 12.31 10.62 9.16 6.58 7.07 7.21 5.96 0.00 6.96 8.69 8.61 10.62 12.44 11.20 13.07 14.13 15.22 14.98 18.73 19.97 21.15 22.77 24.53 26.59 28.45 28.26 27.84 28.65 30.05 30.58 29.05 27.71 27.83 28.22 26.35 24.71 24.89 25.25 23.08 22.67 23.89 23.91 22.37 23.29 21.44 22.92 22.03 23.98 24.11 24.33 23.35 25.01 26.18 25.07 26.10 26.02 26.15 23.88 23.14 23.74 23.43 21.86 21.78 21.58 21.35 22.42 23.70 24.94 27.41 30.12 30.53 29.42 30.67 33.30 33.27 32.54 34.66 36.26 34.38 34.64 36.18 38.00 35.99 34.06 35.28 34.29 31.78 30.38 31.52 30.66 30.36 31.88 34.19 33.70 34.31 37.38 40.08 39.70 39.46 39.81 39.19 38.89 36.11 35.23 33.23 33.99 31.55 31.24 30.56 30.38 29.78 30.35 29.86 28.76 26.71 24.66 24.29 22.65 20.60 19.53 19.20 17.17 15.95 13.98 13.69 12.54 11.98 12.22 13.27 12.88 13.06 13.03 15.98 16.46 17.85 
16.94 17.13 16.33 15.87 15.00 13.15 13.83 13.97 15.75 17.77 20.87 22.70 24.47 26.11 26.96 26.39 25.45 24.33 23.65 21.95 19.91 17.43 16.53 15.62 13.65 11.29 11.27 10.10 9.35 7.85 8.18 6.96 1.79 5.86 7.19 8.60 9.51 9.65 11.19 12.85 14.15 14.13 18.14 19.91 21.64 22.99 24.69 26.41 28.82 28.07 27.61 28.44 30.23 30.59 28.59 27.54 27.85 28.58 26.18 24.64 24.81 25.33 23.09 22.64 23.95 24.38 22.89 23.63 21.61 23.36 22.30 23.98 23.70 24.04 22.98 24.25 25.34 24.08 25.34 24.96 25.20 23.08 22.08 22.79 21.98 20.26 20.30 20.59 20.17 21.21 22.33 24.07 26.25 28.59 29.27 28.41 29.53 32.26 32.34 31.70 33.68 35.37 33.60 33.80 35.15 37.18 35.82 33.59 34.81 33.90 31.66 30.13 31.16 30.47 29.87 31.58 33.39 33.31 33.43 36.78 39.34 39.43 39.28 39.53 38.52 38.45 36.11 35.25 32.84 33.83 31.71 31.44 30.56 30.54 29.64 30.20 30.02 28.87 26.36 24.36 24.58 22.54 19.97 19.35 19.83 17.19 14.46 14.34 13.92 12.46 10.54 11.32 11.55 13.25 10.02 13.34 13.44 16.61 17.16 
17.36 16.89 16.13 15.87 15.72 14.66 15.55 15.67 17.78 20.25 23.56 24.78 26.33 27.89 28.69 28.26 26.87 26.33 25.60 24.28 22.70 20.07 19.24 17.76 16.47 13.98 13.69 12.78 12.01 10.00 8.98 8.69 5.86 0.00 5.73 7.91 9.61 11.18 12.47 14.35 15.53 15.49 18.45 21.02 23.02 24.02 25.72 27.44 29.51 29.12 28.43 29.31 30.80 31.32 29.43 28.12 28.36 29.40 27.67 26.15 26.21 26.87 24.55 24.30 25.62 26.21 24.40 25.57 23.43 25.67 23.98 25.71 25.10 25.13 23.80 25.14 25.79 24.92 26.01 26.14 26.07 23.63 22.13 23.58 22.96 21.55 21.51 21.64 21.39 22.30 23.50 25.54 27.69 30.17 30.64 29.79 30.48 33.07 33.13 32.40 34.59 35.96 34.24 34.34 35.94 37.64 36.24 34.26 35.20 34.16 32.03 30.86 31.61 31.15 30.59 32.42 34.45 34.47 34.52 37.98 40.88 41.10 40.40 40.56 39.81 39.78 37.36 36.18 34.04 35.23 32.90 32.76 31.90 32.16 31.09 32.32 31.85 31.03 27.72 26.09 26.25 24.77 21.83 21.70 22.27 19.65 17.54 17.20 16.87 14.37 14.11 15.29 15.49 14.12 13.31 14.87 16.37 15.36 17.62 
15.43 14.42 13.82 13.76 13.64 12.14 13.86 14.14 16.11 18.80 22.04 23.28 24.94 26.55 27.49 26.39 26.05 25.21 25.03 23.31 21.48 19.10 18.15 16.46 14.71 13.68 14.18 12.54 11.90 9.81 9.87 8.61 7.19 5.73 0.43 5.92 8.15 8.59 10.44 12.52 14.11 13.67 18.04 19.08 20.95 22.88 24.40 25.86 28.00 27.29 26.88 27.38 28.97 29.59 27.99 26.50 26.63 27.74 25.99 24.30 24.71 25.33 23.10 22.82 24.72 25.24 23.51 24.32 23.08 24.33 22.99 24.63 23.80 23.71 22.48 23.34 24.00 22.53 23.80 23.58 23.74 21.14 19.77 20.84 20.89 19.78 19.84 19.46 19.58 20.50 22.00 23.43 26.39 28.49 29.25 27.76 29.37 31.70 31.75 30.70 33.39 34.63 32.48 32.66 34.41 35.99 34.45 32.62 33.76 32.37 30.22 29.15 30.20 29.45 29.13 30.94 33.21 32.97 33.15 36.71 40.17 39.80 39.46 39.85 40.10 39.59 36.99 35.75 34.15 34.81 32.50 31.94 31.45 31.30 30.47 30.91 30.86 29.62 26.98 24.86 25.32 23.34 20.95 20.17 20.20 18.30 16.45 16.11 14.80 13.20 13.17 14.68 14.01 13.45 11.16 15.50 14.62 16.45 16.92 
16.64 16.23 14.74 13.72 14.23 14.38 14.52 15.93 17.66 20.47 23.94 25.23 27.18 28.49 29.05 28.92 27.89 27.16 26.64 25.59 23.63 21.33 20.46 19.13 17.79 16.54 16.23 14.56 13.30 11.28 11.43 10.62 8.60 7.91 5.92 0.00 6.97 8.18 9.66 11.64 14.37 16.00 19.67 20.94 23.17 24.19 26.11 27.50 29.27 28.75 28.36 28.72 30.54 30.68 29.43 27.97 28.61 29.26 28.02 26.09 26.71 27.15 25.48 24.89 26.80 27.01 26.14 26.13 24.61 25.49 24.47 25.78 24.93 25.02 24.04 24.56 25.15 23.90 24.87 24.10 24.41 22.24 20.66 21.60 21.33 20.70 20.82 21.02 21.12 22.22 23.71 25.40 27.85 30.34 31.01 29.40 30.48 32.80 33.05 31.66 34.04 35.28 33.75 33.50 35.51 36.86 35.48 33.34 35.10 34.07 31.76 30.60 31.77 31.31 30.96 32.91 35.17 34.66 35.18 38.61 41.60 41.21 41.03 41.43 40.88 40.57 38.14 37.29 35.36 35.98 33.80 33.44 32.99 32.66 32.02 32.68 32.46 31.24 28.75 26.71 26.86 25.02 22.80 22.33 22.19 20.33 18.55 17.96 16.93 15.52 15.56 16.45 16.94 15.84 14.52 16.04 17.71 17.49 18.24 
15.72 15.41 14.10 13.52 13.08 12.75 13.37 14.77 17.54 19.54 22.55 24.80 27.14 28.76 29.43 28.91 28.53 27.60 27.19 25.98 24.36 22.54 21.34 20.28 18.86 17.39 16.67 16.41 14.06 12.79 12.02 12.44 9.51 9.61 8.15 6.97 0.00 5.94 8.19 10.44 12.58 15.16 19.01 20.90 22.93 24.68 26.39 27.87 29.48 28.94 28.57 29.25 30.83 30.87 29.36 28.30 29.10 29.79 28.11 26.31 26.78 27.30 25.74 25.08 26.73 27.57 26.88 27.04 25.02 26.17 25.20 25.76 24.59 24.76 24.10 24.25 24.79 23.31 24.53 23.60 23.41 21.11 20.16 20.81 20.26 19.41 20.31 20.76 21.25 22.10 23.90 25.39 28.02 30.08 30.94 28.82 29.80 31.97 32.49 30.97 32.79 34.36 33.09 32.74 34.58 36.22 35.28 32.94 34.84 33.73 31.99 30.17 31.81 31.17 31.28 32.86 35.56 34.83 35.51 38.55 41.59 41.20 41.44 41.33 40.65 40.40 38.57 37.45 35.28 36.05 34.10 33.61 33.22 32.95 32.08 32.76 32.80 31.48 28.71 26.82 27.40 25.66 22.78 22.48 23.25 20.81 18.69 18.91 18.54 17.27 16.48 17.56 17.62 17.00 14.98 17.17 16.83 19.48 19.49 
15.84 14.64 13.38 11.82 10.82 9.80 10.88 12.93 14.74 16.78 20.18 22.23 24.12 25.95 26.75 26.01 25.29 24.94 24.48 23.00 21.55 19.60 19.45 17.92 16.29 13.83 14.16 13.73 12.40 9.92 10.98 11.20 9.65 11.18 8.59 8.18 5.94 0.00 5.44 7.98 9.30 11.29 15.37 17.36 19.78 21.68 23.30 24.68 26.62 26.21 25.92 26.11 27.57 27.54 26.11 24.85 26.01 26.69 25.19 23.30 24.28 24.85 22.92 22.52 24.63 25.23 24.35 24.61 23.02 24.38 22.95 24.16 22.20 22.51 21.65 21.99 22.32 20.72 22.10 22.03 21.56 18.75 17.08 18.68 18.15 16.63 17.36 17.70 18.48 19.30 20.96 22.49 25.06 27.12 27.56 25.92 27.15 29.15 29.10 27.79 30.43 31.79 29.92 29.86 31.88 33.47 32.47 30.52 31.81 30.90 29.20 27.99 28.93 28.36 28.70 30.28 33.15 32.51 33.39 36.43 39.96 39.57 39.48 39.30 38.79 38.70 36.28 34.83 32.97 33.74 31.34 30.70 30.54 30.31 29.52 30.31 30.63 29.35 26.25 24.08 25.22 23.70 20.45 20.21 21.33 19.31 17.04 17.64 17.43 15.85 15.54 17.83 18.17 16.14 15.17 18.26 18.57 17.48 18.79 
15.71 14.58 12.70 11.44 9.65 7.69 7.98 9.56 12.06 14.15 17.14 18.71 20.53 22.97 23.45 23.02 22.38 22.21 21.42 20.27 18.36 16.93 16.37 15.11 13.03 11.96 12.87 13.42 10.07 8.18 10.80 13.07 11.19 12.47 10.44 9.66 8.19 5.44 0.00 5.80 6.77 8.37 11.06 14.03 16.67 18.36 20.16 21.64 23.44 23.34 22.49 22.91 23.96 24.31 22.78 21.68 22.57 23.93 22.16 20.49 21.95 22.62 20.46 20.39 23.16 23.68 22.26 22.74 21.53 22.25 20.64 21.76 19.97 20.09 19.08 18.96 19.69 18.37 19.85 19.54 19.62 15.90 14.37 15.62 15.93 13.62 13.99 14.39 15.69 16.56 18.09 19.61 22.46 24.63 24.98 23.07 24.71 26.68 26.27 25.03 28.13 29.31 27.13 27.19 29.65 31.24 30.25 28.28 29.85 28.39 26.85 25.44 26.61 25.88 26.24 27.77 30.34 30.04 30.64 33.76 37.46 37.17 37.15 37.05 37.48 36.85 34.30 32.58 31.19 31.54 28.87 28.27 28.22 27.90 27.02 27.84 28.14 26.81 23.90 22.09 23.03 21.49 18.60 18.48 19.35 17.42 15.75 16.61 15.96 14.39 14.94 17.50 17.50 14.64 13.57 17.99 18.17 18.47 19.09 
16.41 16.92 14.81 12.52 10.28 8.86 7.79 9.06 11.40 14.33 16.16 17.90 19.70 21.25 21.42 21.76 20.96 20.52 19.43 19.25 17.84 16.04 14.72 14.75 13.61 12.11 12.62 13.66 11.93 10.58 12.46 14.13 12.85 14.35 12.52 11.64 10.44 7.98 5.80 0.00 5.77 6.82 9.91 12.28 15.32 17.16 18.96 20.53 21.83 22.07 21.67 22.22 23.01 23.85 22.84 21.50 22.60 23.75 22.32 20.50 22.09 22.72 21.06 20.72 23.59 23.72 22.58 22.94 21.40 22.04 20.22 21.44 19.26 19.68 18.68 18.25 19.18 17.47 19.06 18.47 18.18 15.36 14.39 15.28 14.84 13.22 13.80 14.44 14.76 16.19 17.57 19.29 21.71 24.24 24.31 22.65 23.46 25.83 25.54 24.34 26.60 28.38 26.52 26.77 28.71 30.78 29.43 27.90 29.20 28.45 26.28 25.29 26.25 25.76 25.83 27.48 30.33 29.74 30.58 33.25 36.80 36.51 36.71 36.40 35.99 36.03 33.60 32.01 30.21 30.72 28.21 27.80 27.76 27.43 26.69 27.69 27.88 26.49 23.89 22.08 22.82 21.22 18.70 18.65 19.42 17.58 15.99 16.80 16.95 15.61 15.62 18.43 19.10 16.79 15.56 19.46 19.82 19.38 20.26 
17.64 17.26 15.69 14.03 10.94 8.29 6.11 8.17 9.53 11.53 13.71 15.69 17.86 19.16 19.25 19.87 18.89 18.55 18.19 17.93 17.14 15.56 14.36 14.32 13.61 11.31 10.71 12.93 12.74 10.82 13.35 15.22 14.15 15.53 14.11 14.37 12.58 9.30 6.77 5.77 0.00 5.07 6.81 9.98 12.49 14.64 17.02 18.75 19.47 20.00 20.05 21.01 21.99 22.88 22.39 21.42 22.11 23.04 21.90 20.04 21.57 22.28 20.56 20.69 23.01 23.67 22.39 23.00 21.11 21.66 19.82 20.22 18.25 18.25 17.42 16.98 17.47 15.28 17.88 16.60 15.92 12.92 13.43 14.27 13.05 11.77 12.97 13.15 13.50 15.19 16.77 18.66 20.86 23.46 23.83 21.79 22.19 24.43 24.76 23.11 24.96 26.78 25.55 25.25 26.85 29.02 28.43 26.16 27.65 26.76 25.40 23.59 24.96 24.50 25.04 26.63 29.16 28.58 29.67 32.19 34.80 34.74 35.74 34.96 34.19 34.22 32.86 30.93 28.64 29.54 27.37 26.86 26.57 26.46 25.69 26.60 26.87 25.79 23.06 21.25 22.27 21.08 18.22 18.22 19.46 17.89 16.17 17.58 17.84 16.93 16.59 19.43 20.21 17.86 16.37 20.18 20.54 20.79 21.17 
18.28 18.28 16.40 15.10 11.66 8.30 6.60 6.92 8.03 9.29 11.10 13.20 13.74 15.50 16.03 15.80 14.85 14.68 14.43 13.84 13.08 10.82 10.70 10.36 9.53 5.02 6.35 9.59 9.77 7.64 11.59 14.98 14.13 15.49 13.67 16.00 15.16 11.29 8.37 6.82 5.07 0.00 5.20 6.16 9.35 11.11 13.00 14.54 15.56 16.33 16.17 17.38 18.34 19.27 18.47 17.91 18.66 20.02 18.44 16.98 18.82 19.86 18.13 18.42 21.10 21.94 20.20 21.19 18.87 20.20 17.53 18.41 14.92 15.74 14.69 13.58 14.04 13.11 15.65 15.44 14.72 11.39 11.49 12.79 12.10 10.41 11.46 11.55 11.58 13.22 14.43 15.86 17.92 20.71 20.77 18.64 19.30 21.67 20.96 19.83 22.25 23.67 22.16 22.13 24.12 26.26 25.71 23.96 25.05 24.14 22.70 21.39 22.02 21.33 21.88 23.52 26.30 25.38 26.50 29.28 32.20 32.03 32.28 32.16 31.33 31.68 29.38 27.72 25.50 26.44 23.72 23.33 23.11 23.21 22.36 23.45 23.78 22.98 19.80 17.60 19.31 18.46 15.33 15.78 17.38 15.81 14.56 16.29 16.26 15.60 15.81 19.46 19.62 17.44 16.56 20.87 20.57 19.89 21.50 
