0.87 4.89 6.79 8.93 11.42 13.64 15.69 16.68 18.62 19.48 18.84 19.89 21.37 21.22 22.01 24.29 25.12 24.56 25.76 25.42 24.02 23.72 23.73 23.13 23.21 24.04 24.17 23.52 23.18 22.79 23.16 22.80 22.86 22.63 22.77 22.44 21.35 21.69 22.50 22.86 22.27 23.58 25.81 25.36 24.59 26.82 28.99 28.60 28.59 29.02 29.20 27.23 26.91 26.49 26.55 26.30 26.75 27.07 27.55 28.31 29.45 29.69 29.73 30.41 30.54 30.37 30.15 30.17 30.20 30.41 31.48 31.48 32.27 32.27 34.23 32.74 32.95 32.85 33.67 31.49 29.85 29.87 30.74 29.75 31.14 31.66 31.39 31.62 32.48 31.63 30.52 31.26 29.79 27.34 25.99 24.47 22.33 21.26 20.99 20.46 20.31 21.53 23.58 23.60 23.58 25.13 28.14 29.07 29.73 30.99 33.53 33.59 32.45 32.96 34.49 32.98 31.42 31.13 31.53 31.19 29.56 29.14 29.02 28.52 27.87 27.14 27.46 28.04 26.89 27.15 26.26 24.89 23.86 23.81 23.53 23.76 24.23 24.80 25.27 25.16 25.14 26.10 26.92 26.72 26.98 27.78 29.47 28.62 28.69 29.15 29.61 28.91 29.40 30.86 31.72 29.82 28.57 29.75 30.16 30.17 30.64 31.21 31.05 31.72 31.60 30.45 30.22 30.85 30.20 29.03 30.25 30.56 28.91 28.24 30.61 30.97 32.22 
4.89 2.14 4.40 6.14 9.86 11.60 13.14 14.02 16.64 16.55 16.34 17.27 19.22 18.61 20.10 22.15 23.54 22.57 24.13 23.54 22.37 22.06 22.19 21.57 22.27 22.90 23.49 22.92 22.78 21.73 22.15 22.01 22.69 21.29 21.49 21.31 20.74 19.77 20.94 21.56 20.77 21.31 24.20 23.46 22.94 24.78 27.66 26.75 27.42 27.01 27.59 25.53 25.67 24.56 24.61 24.55 25.59 25.53 26.01 26.88 28.21 28.21 28.09 28.90 29.00 28.61 28.14 28.57 28.17 28.17 29.23 29.75 30.57 30.43 32.63 31.15 31.40 30.94 31.91 29.52 27.76 27.47 28.08 27.66 29.20 29.25 28.98 29.62 31.26 29.81 28.72 29.64 28.33 25.05 23.70 22.20 20.02 18.57 17.80 17.99 17.94 19.26 21.45 21.99 22.19 23.67 26.80 27.79 28.38 29.62 32.10 32.31 31.07 31.35 32.96 31.34 29.96 29.30 29.80 29.69 28.24 27.38 26.88 26.75 26.02 24.86 25.06 25.96 24.70 24.57 23.63 22.44 21.38 21.01 21.21 21.50 22.49 22.40 22.94 23.13 23.65 23.73 25.11 24.90 25.66 25.85 27.76 27.07 27.50 27.47 27.86 27.45 28.73 29.96 30.38 28.83 28.23 28.32 28.48 28.68 29.55 29.66 29.06 30.21 30.41 28.13 28.12 30.12 30.34 27.82 29.05 30.15 28.54 29.09 30.05 31.52 33.90 
6.79 4.40 1.07 3.90 7.24 8.86 10.12 11.33 13.57 13.30 13.67 14.60 16.21 16.11 17.80 20.27 20.81 20.31 22.36 21.98 20.51 20.26 20.55 20.33 21.03 21.95 22.59 22.50 22.57 21.38 21.36 21.28 22.26 20.22 20.23 20.21 19.75 18.42 19.74 20.26 19.50 20.13 22.69 22.02 21.05 23.06 25.53 24.76 24.90 24.41 25.03 23.18 23.47 22.18 22.21 22.52 23.76 23.77 24.26 25.18 26.57 26.39 26.21 26.93 27.09 26.54 26.17 26.38 26.41 26.01 27.27 27.53 28.85 28.06 30.72 28.85 29.73 28.70 29.68 27.19 25.72 24.76 25.33 24.89 26.68 26.70 26.10 26.86 28.32 27.00 25.85 26.77 25.06 22.01 21.18 20.04 17.66 15.67 15.14 15.91 16.29 17.72 19.79 20.85 21.19 22.87 24.91 26.15 27.57 28.16 30.00 29.90 29.54 29.41 30.52 28.76 27.96 27.01 27.27 27.36 26.19 25.14 24.37 24.17 23.32 22.09 22.12 23.18 21.72 21.58 20.75 19.88 18.56 18.25 17.74 18.76 19.84 20.14 20.13 20.72 21.77 21.92 22.66 22.83 24.24 24.04 25.26 24.81 26.39 25.52 25.37 25.13 27.62 28.23 28.34 26.40 26.46 26.49 26.19 26.07 27.68 27.53 26.83 28.07 28.91 26.70 26.97 28.88 29.30 27.76 29.15 30.43 28.83 28.72 31.25 31.78 34.19 
8.93 6.14 3.90 0.09 5.59 6.45 8.42 8.88 11.72 12.04 12.30 12.62 14.28 14.09 16.43 18.60 20.04 19.63 21.82 21.28 19.76 19.64 19.87 19.69 20.51 21.05 21.71 21.55 21.57 20.60 20.05 20.18 20.50 18.96 18.97 18.52 17.50 16.65 17.96 18.27 17.58 18.34 21.28 20.52 19.46 21.47 24.46 23.54 23.59 23.28 23.84 21.92 21.62 20.69 20.88 21.20 22.19 22.35 22.67 23.85 25.07 25.12 24.64 25.93 26.15 25.72 24.96 25.62 25.59 25.33 26.05 26.52 27.68 27.09 29.10 27.71 28.27 27.39 27.79 25.57 24.30 23.95 23.90 23.42 25.33 26.19 25.16 25.82 27.17 26.40 25.03 25.73 23.85 21.41 20.39 18.48 16.37 14.93 14.49 15.31 16.04 16.72 19.40 20.52 21.52 21.99 24.09 25.37 26.78 27.04 28.67 28.77 28.50 28.27 29.27 27.65 26.69 26.05 26.07 26.39 25.15 24.26 23.25 23.26 22.17 21.37 21.53 22.55 20.49 20.83 19.74 18.77 17.31 16.61 16.65 17.49 19.22 18.80 19.32 20.44 21.79 21.25 21.77 22.51 24.43 23.66 24.35 24.29 25.70 24.22 23.84 23.85 26.01 26.05 25.84 24.34 24.09 23.81 23.95 24.47 25.73 25.88 25.12 26.78 27.54 25.78 25.34 27.61 28.83 26.98 27.38 28.01 28.63 27.69 30.96 31.46 39.64 
11.42 9.86 7.24 5.59 0.00 5.62 7.26 8.92 11.29 12.18 12.12 12.63 14.01 14.55 15.53 18.41 19.62 19.88 21.54 20.77 19.53 19.23 19.79 19.37 20.52 21.37 22.05 21.49 21.15 20.42 20.35 20.23 20.53 19.11 18.97 18.50 17.37 16.61 17.83 18.06 17.12 18.44 21.82 21.05 19.88 22.68 25.64 24.94 24.51 24.63 25.16 22.36 22.23 21.19 21.74 21.56 22.65 22.59 22.98 24.01 25.65 25.51 25.27 26.32 27.18 26.40 25.98 26.24 26.40 26.18 27.25 27.47 28.72 28.23 30.85 28.66 29.13 28.12 29.38 26.36 25.64 25.20 26.03 24.83 27.08 27.51 26.47 26.95 29.28 27.74 25.90 26.54 25.68 21.97 20.72 17.90 15.82 14.38 14.60 14.63 15.46 17.17 20.18 20.95 21.20 22.02 24.72 25.71 25.80 27.05 29.87 29.75 28.72 28.79 30.73 28.58 27.32 26.61 27.49 27.30 26.16 25.24 25.15 24.56 23.71 22.99 23.33 23.72 21.84 22.34 21.24 18.91 17.53 17.34 17.40 18.11 19.40 19.47 20.27 20.55 21.13 21.07 22.13 22.15 23.36 23.44 25.37 24.19 24.42 24.05 24.59 23.65 24.83 25.78 26.53 24.10 23.40 23.83 24.22 24.38 25.73 26.08 26.17 27.32 27.15 26.10 25.61 26.88 26.69 26.29 27.77 28.60 29.09 28.21 28.94 30.30 29.37 
13.64 11.60 8.86 6.45 5.62 0.00 5.49 6.90 8.74 8.72 9.75 10.76 11.85 12.02 13.40 16.19 17.26 17.89 18.98 18.69 17.34 17.38 17.59 17.46 19.00 20.01 20.78 20.39 20.24 19.15 19.15 19.28 19.85 18.21 17.67 17.58 16.33 15.25 15.94 16.58 15.08 16.30 19.43 18.81 17.54 20.61 23.54 22.64 22.67 22.38 22.74 20.28 20.33 19.13 19.35 19.68 21.30 21.10 21.52 22.67 24.25 24.01 23.60 24.74 25.24 24.47 23.62 24.28 24.20 23.87 24.70 25.28 26.45 26.24 28.80 26.71 27.05 26.08 26.97 24.10 23.08 22.37 22.77 22.31 24.76 24.66 23.58 24.68 27.27 25.61 23.43 24.67 23.74 19.77 17.95 15.78 14.03 12.59 12.55 13.29 14.36 16.51 19.40 20.44 20.21 21.04 23.29 24.51 24.50 25.57 28.08 28.28 26.94 26.85 28.22 26.42 25.46 24.50 24.93 25.23 24.30 23.41 22.54 22.43 21.73 20.64 20.54 21.71 19.24 19.64 18.04 16.25 14.98 14.85 14.97 16.01 17.36 17.67 18.41 19.06 19.63 19.60 20.47 20.84 21.77 21.62 23.47 22.58 22.92 22.36 22.41 21.99 23.51 24.37 24.57 22.47 22.25 21.99 21.78 22.32 23.78 23.85 23.36 25.58 25.28 23.68 23.21 26.25 25.63 24.30 26.01 26.87 28.42 27.01 28.58 30.90 31.75 
15.69 13.14 10.12 8.42 7.26 5.49 0.10 5.79 7.71 8.21 8.88 10.58 11.84 12.08 13.64 16.37 17.22 17.55 19.11 19.33 18.05 17.78 18.13 18.15 19.74 20.87 21.23 21.13 21.27 20.20 19.90 20.02 21.24 18.95 18.56 18.31 17.99 16.26 17.19 17.03 16.27 16.90 19.93 18.86 18.27 20.54 23.33 22.09 22.31 21.92 22.74 20.11 20.72 19.37 19.67 19.90 21.60 21.74 21.90 22.90 24.44 24.30 23.84 24.68 25.33 24.32 23.59 23.92 24.25 23.72 24.61 24.90 26.45 25.95 28.51 26.13 27.11 25.93 26.95 23.92 23.26 21.99 22.39 21.73 24.21 23.87 22.76 23.67 26.63 24.92 22.71 23.88 23.94 19.70 18.22 15.79 15.19 13.45 13.47 14.56 16.45 18.35 20.77 21.40 21.41 21.92 23.72 24.72 25.14 25.30 27.66 27.60 26.91 26.32 27.60 25.66 25.35 24.05 24.29 24.58 24.28 23.04 22.16 22.15 22.14 20.36 20.15 21.43 19.81 19.66 17.81 16.42 15.61 15.56 15.77 17.15 19.23 19.47 19.84 20.17 20.73 20.06 21.11 21.37 22.66 21.65 23.26 22.54 23.48 22.32 22.68 22.31 24.32 24.67 24.61 22.46 22.97 22.37 21.93 22.20 24.12 23.37 23.02 25.00 25.46 22.96 23.40 26.05 26.01 25.22 26.66 29.16 28.24 27.69 29.00 31.57 31.99 
16.68 14.02 11.33 8.88 8.92 6.90 5.79 0.00 5.75 6.85 7.06 7.43 9.88 10.36 11.78 14.04 15.80 16.01 18.07 17.64 16.83 16.83 16.71 17.29 18.74 19.46 19.94 20.01 20.18 18.80 18.55 18.99 19.89 17.69 17.15 17.27 16.40 14.71 15.79 15.78 14.85 15.43 18.04 17.49 16.49 18.88 21.72 21.01 21.02 20.36 20.61 18.43 18.65 17.71 18.16 18.49 20.37 20.64 20.84 22.10 23.57 23.42 22.62 24.06 24.26 23.47 22.42 23.04 23.13 23.06 23.64 24.10 25.30 25.35 27.38 25.28 25.79 25.11 25.66 22.71 22.01 21.49 21.36 20.60 23.03 23.38 22.03 23.11 25.48 23.85 21.81 22.72 22.28 17.90 16.29 13.96 13.92 12.73 13.35 14.22 16.17 18.23 20.60 21.23 21.19 21.69 23.09 24.09 24.51 24.88 26.83 26.74 25.63 25.56 26.73 24.73 23.98 23.24 23.40 24.00 23.18 22.24 21.05 20.72 20.64 19.12 18.93 19.34 17.01 17.25 15.25 13.92 13.50 13.47 14.10 15.36 17.81 17.97 18.98 19.53 19.77 19.45 20.16 20.41 21.73 20.94 22.49 21.66 22.22 21.44 21.34 21.12 22.63 23.09 22.69 21.05 20.81 20.76 20.35 21.39 22.46 22.56 21.88 23.97 23.60 22.29 21.47 25.19 24.71 23.68 24.22 25.63 26.68 25.14 26.76 30.00 34.44 
18.62 16.64 13.57 11.72 11.29 8.74 7.71 5.75 0.70 6.02 7.05 7.02 8.20 9.60 11.48 13.13 14.25 16.03 17.74 17.27 17.24 17.66 17.79 18.58 20.41 21.22 22.11 21.86 21.49 20.61 20.91 20.69 21.35 19.40 19.07 18.93 18.00 16.22 16.86 16.51 15.61 15.93 19.08 17.91 17.14 19.44 22.61 21.85 22.08 21.21 21.68 18.91 19.85 19.06 19.48 19.79 22.00 22.71 23.11 23.88 25.70 25.19 24.66 25.73 26.28 25.28 24.34 24.80 24.93 24.69 25.11 25.73 27.11 26.88 29.24 26.75 27.29 26.00 26.87 23.99 23.68 23.05 23.24 22.19 24.74 24.81 23.66 24.66 27.39 25.73 23.63 24.90 23.71 19.68 18.72 16.20 15.41 15.26 16.19 17.04 19.67 21.39 23.58 23.90 24.26 24.77 25.97 26.34 26.57 26.67 28.65 28.41 27.11 27.28 28.45 26.25 25.53 24.65 24.92 25.79 24.68 24.02 23.10 22.18 21.97 20.57 20.42 20.31 17.64 17.81 16.71 14.86 14.90 14.83 16.07 17.58 19.98 20.05 21.53 21.78 22.32 21.81 22.80 22.41 23.59 22.90 25.17 23.71 24.02 23.17 23.23 22.74 24.12 24.74 24.82 22.41 22.44 22.03 21.92 22.34 23.61 23.96 23.66 25.31 25.40 23.83 23.26 24.91 24.81 24.16 24.90 26.08 27.37 25.65 26.93 29.50 29.70 
19.48 16.55 13.30 12.04 12.18 8.72 8.21 6.85 6.02 0.00 6.01 7.37 6.69 6.81 9.67 11.39 12.30 13.33 15.92 14.71 14.47 15.55 16.08 16.73 18.50 19.50 20.91 20.54 20.58 19.50 19.91 19.68 20.50 18.59 18.20 17.59 16.76 14.80 15.38 14.70 13.65 13.84 16.14 15.10 15.10 17.21 19.74 19.30 20.01 19.06 19.30 17.15 18.56 17.54 17.71 18.70 21.13 21.69 22.15 23.06 24.76 24.53 23.64 24.87 25.17 23.92 22.81 23.33 23.28 22.68 23.33 23.85 25.33 25.15 27.87 25.38 25.60 24.62 25.33 22.04 21.72 20.55 20.58 19.88 22.21 22.07 20.75 22.12 25.53 23.90 21.71 22.74 22.09 18.01 17.34 14.95 14.71 14.33 15.59 17.21 18.90 20.63 22.70 23.25 23.66 23.63 25.20 25.80 25.56 25.78 27.74 27.68 25.94 26.06 26.94 24.76 24.08 23.09 23.17 23.81 22.77 22.31 20.80 20.49 20.13 18.73 18.68 19.03 15.86 16.56 14.65 13.75 12.48 13.89 15.15 17.22 19.00 19.65 20.53 20.88 21.32 20.87 21.65 21.25 22.38 21.38 23.75 22.46 22.74 21.97 21.85 21.62 23.15 24.08 23.75 21.25 21.29 20.89 20.36 20.52 21.72 22.40 21.98 23.85 23.60 22.23 22.30 24.65 23.95 22.82 24.20 25.24 25.33 24.57 26.98 28.81 29.29 
18.84 16.34 13.67 12.30 12.12 9.75 8.88 7.06 7.05 6.01 0.46 5.57 7.24 6.36 7.11 9.36 10.78 11.66 12.73 12.51 11.53 12.43 13.44 14.23 16.30 17.94 19.33 19.27 19.39 18.23 18.64 18.47 19.54 17.61 17.41 16.68 15.84 14.37 14.74 13.26 12.30 12.93 14.68 13.04 13.18 14.86 16.87 15.88 16.72 15.91 16.53 14.41 15.89 15.29 15.80 17.06 19.42 20.66 21.00 22.14 23.59 23.59 22.51 23.59 23.57 22.64 21.53 21.88 21.51 21.21 21.73 21.92 23.40 23.42 26.08 23.22 23.64 22.37 23.17 19.90 19.37 18.07 18.18 17.18 19.18 18.52 17.43 18.69 21.82 20.14 18.11 19.29 19.32 15.93 14.87 13.04 12.76 12.73 14.15 15.65 17.47 19.32 21.60 22.30 21.92 22.10 23.49 24.12 23.94 23.85 25.85 25.67 23.67 23.64 24.44 22.46 21.60 20.63 19.95 20.90 20.20 19.18 17.78 17.58 17.86 16.11 16.29 16.85 14.24 14.25 13.37 11.68 10.55 12.59 14.00 15.46 17.62 18.63 19.63 20.11 20.39 19.61 19.98 19.96 20.68 19.35 21.66 20.36 20.63 19.63 19.69 19.72 21.37 21.92 21.61 19.40 19.72 18.75 18.07 18.51 19.56 19.63 19.63 21.83 21.49 20.03 20.53 23.13 22.18 21.28 22.77 24.66 24.39 23.54 26.15 27.97 27.94 
19.89 17.27 14.60 12.62 12.63 10.76 10.58 7.43 7.02 7.37 5.57 0.00 5.64 6.98 6.11 7.35 9.49 10.57 11.72 10.91 11.03 11.54 11.80 13.24 15.86 17.20 18.81 19.18 18.96 18.30 18.70 19.12 19.61 17.85 18.10 17.83 16.76 14.92 15.43 14.17 12.63 13.10 14.59 12.89 12.35 14.00 15.65 14.85 15.70 14.65 15.26 13.49 14.90 14.44 15.83 17.26 19.72 20.77 21.36 22.34 23.72 23.81 22.79 23.89 23.86 23.35 21.88 21.59 21.46 21.22 21.89 21.91 23.51 23.64 26.02 23.48 23.94 22.64 23.37 19.78 19.78 18.15 18.05 16.86 18.95 18.60 17.32 18.19 20.80 19.55 17.42 18.97 18.65 15.19 13.82 11.97 12.86 12.75 14.42 15.75 17.71 20.07 22.22 22.28 22.56 22.75 24.00 24.40 23.96 23.94 26.27 25.93 24.27 24.21 25.14 22.85 22.12 20.52 20.43 21.08 20.23 19.53 17.53 17.85 17.53 15.97 15.79 17.01 14.51 15.25 13.09 12.74 11.74 13.69 14.55 16.82 18.54 19.72 19.95 20.83 21.02 19.99 20.10 20.32 21.07 19.91 22.02 20.89 20.90 20.08 20.30 19.88 21.50 22.47 22.00 19.93 19.83 19.63 19.01 19.43 20.46 21.27 20.59 22.38 22.05 21.06 20.89 22.76 21.77 20.68 22.15 23.57 23.51 23.31 25.85 28.07 28.03 
21.37 19.22 16.21 14.28 14.01 11.85 11.84 9.88 8.20 6.69 7.24 5.64 0.00 5.47 7.29 6.72 7.00 9.75 11.61 11.08 11.01 11.63 12.41 14.09 17.14 18.74 20.21 20.30 20.35 19.98 20.65 20.82 21.22 19.66 19.61 19.75 18.71 16.35 16.60 15.70 14.14 13.71 15.70 14.01 13.64 14.52 16.93 15.41 16.49 15.53 16.12 13.57 15.51 15.90 17.30 18.76 21.21 22.80 23.13 24.06 25.47 25.40 24.40 25.54 25.90 25.19 23.88 24.08 23.69 23.46 23.55 24.29 25.51 25.59 27.33 25.48 25.58 24.54 25.16 22.11 21.34 20.00 19.67 18.64 20.43 20.04 18.60 19.64 21.89 19.87 18.12 19.80 19.04 15.75 14.87 13.30 13.63 14.07 16.03 17.35 19.93 22.01 23.97 24.55 24.55 24.99 26.01 26.51 25.81 26.37 28.29 28.18 26.16 26.20 27.06 25.24 24.01 22.78 22.52 22.91 22.16 20.88 19.23 19.09 19.26 17.90 16.88 18.39 16.30 16.23 14.55 14.34 13.96 15.34 16.50 18.62 20.73 21.34 22.28 22.91 23.19 22.26 22.60 22.83 23.14 22.23 24.20 23.14 22.61 22.19 22.35 21.99 22.93 24.11 23.92 21.60 21.66 21.62 20.67 20.84 22.54 23.04 21.87 23.99 24.39 23.55 22.43 24.89 24.20 23.36 24.36 26.29 26.47 25.32 26.79 29.36 27.69 
21.22 18.61 16.11 14.09 14.55 12.02 12.08 10.36 9.60 6.81 6.36 6.98 5.47 0.00 5.41 7.42 6.58 7.48 10.31 10.18 9.11 10.77 11.72 13.25 16.10 18.11 19.20 19.28 18.98 18.89 19.39 19.15 19.87 18.73 18.70 18.30 17.13 15.41 15.28 14.12 12.54 12.57 13.75 12.28 11.48 12.94 14.23 13.70 14.43 13.45 13.99 11.76 13.93 14.11 16.09 17.42 20.45 21.71 22.24 23.33 24.71 24.85 23.50 24.81 24.86 24.18 22.68 22.91 22.23 21.58 21.97 22.53 23.83 23.80 26.07 24.01 24.07 22.81 23.56 20.53 19.63 18.08 17.56 16.53 18.30 17.16 15.64 16.83 18.86 17.31 15.38 16.53 16.72 13.64 13.16 10.84 12.49 12.73 15.16 16.81 19.47 21.05 22.90 23.52 23.64 23.70 25.02 25.52 25.16 25.42 27.41 27.08 25.30 25.10 25.86 23.39 22.60 21.32 21.01 21.49 20.11 19.37 17.38 17.12 17.31 15.62 15.51 16.86 14.23 14.41 12.82 12.70 12.41 13.89 15.33 17.53 19.63 20.13 20.81 21.58 21.92 20.80 20.84 21.03 21.83 20.54 22.61 21.50 21.53 20.78 20.90 20.93 22.02 22.99 22.42 20.50 20.56 20.46 19.57 19.80 21.17 21.93 20.55 22.85 23.07 22.52 21.70 24.32 23.44 22.40 23.38 25.20 24.40 23.92 26.49 28.34 27.35 
22.01 20.10 17.80 16.43 15.53 13.40 13.64 11.78 11.48 9.67 7.11 6.11 7.29 5.41 0.00 6.00 7.40 6.64 8.59 9.09 8.61 9.62 11.79 13.14 16.40 18.42 20.15 20.16 20.04 19.14 19.77 20.00 20.75 19.43 19.74 19.24 17.81 16.49 16.57 14.95 13.06 13.16 14.00 11.86 11.81 12.42 13.45 12.31 13.55 12.70 13.42 12.09 14.27 14.59 16.50 18.79 21.42 23.08 23.62 24.55 26.16 26.08 24.84 25.70 25.69 25.10 23.54 23.50 22.42 22.18 22.36 22.35 23.49 23.96 26.24 23.83 24.20 23.42 24.13 20.73 20.02 18.94 18.17 16.98 18.59 17.25 15.22 15.76 17.76 15.90 14.00 15.35 15.05 12.55 12.55 10.69 12.02 12.70 15.44 17.17 20.05 21.76 23.77 24.11 23.81 23.74 25.42 25.90 25.75 25.86 27.95 27.58 25.49 25.44 26.01 23.89 22.75 21.69 20.84 21.14 19.95 18.63 16.81 16.86 16.81 15.36 15.37 17.03 14.90 15.02 13.73 13.42 13.52 15.04 16.23 18.42 21.18 21.57 21.95 22.69 23.20 21.68 21.37 21.77 22.58 21.03 22.79 21.90 21.87 20.78 20.94 21.01 22.76 23.03 22.65 20.56 20.95 20.52 19.81 19.68 20.99 21.43 20.84 22.36 22.23 21.79 22.12 24.10 23.21 22.41 24.02 25.50 24.54 24.53 26.81 29.15 27.94 
24.29 22.15 20.27 18.60 18.41 16.19 16.37 14.04 13.13 11.39 9.36 7.35 6.72 7.42 6.00 0.00 6.56 8.00 8.58 8.72 10.17 12.17 13.75 15.69 19.02 21.23 22.67 22.56 22.43 21.65 22.73 22.66 23.08 21.65 22.19 22.15 20.84 19.18 19.71 18.12 15.94 15.61 16.28 13.89 13.14 14.12 14.69 12.96 14.21 13.93 14.99 13.93 16.23 16.68 19.20 21.07 23.87 25.14 26.20 27.03 28.74 28.44 27.61 28.25 28.32 27.50 25.95 25.63 24.72 24.37 24.25 24.58 26.00 26.62 28.60 26.08 26.63 25.85 26.09 23.16 22.22 21.27 20.26 18.91 20.62 18.83 16.54 16.92 19.21 17.27 15.35 16.80 16.15 13.90 14.36 13.42 14.50 15.42 18.50 19.89 22.37 24.38 26.14 26.41 26.26 26.35 27.77 28.39 27.88 28.02 30.22 29.98 28.01 27.88 28.63 26.44 25.60 24.37 23.72 23.88 22.37 21.31 19.39 19.53 19.26 17.53 17.48 18.33 16.48 16.82 16.07 15.43 15.48 17.26 19.04 20.58 23.14 23.55 24.57 25.08 25.81 24.18 23.97 24.22 25.03 23.51 25.21 24.10 24.03 23.37 23.06 23.24 24.63 25.83 25.04 23.05 23.16 23.26 22.29 22.23 23.59 24.12 23.13 24.83 25.12 23.91 23.88 26.41 25.69 24.01 25.35 27.48 26.57 25.90 28.39 29.78 29.30 
25.12 23.54 20.81 20.04 19.62 17.26 17.22 15.80 14.25 12.30 10.78 9.49 7.00 6.58 7.40 6.56 0.00 5.99 8.19 8.67 9.55 12.31 15.07 16.64 20.05 22.33 23.40 24.01 23.69 23.52 24.13 23.99 24.11 22.68 23.33 23.44 21.68 19.94 20.22 19.42 16.71 16.12 17.12 14.74 13.45 13.81 15.51 13.25 13.59 12.86 15.00 13.95 16.20 17.40 19.55 21.47 24.13 25.88 26.61 27.55 29.43 29.03 28.23 28.67 28.73 27.61 26.46 26.07 25.45 24.40 24.63 24.97 26.94 26.61 29.02 26.68 27.06 26.15 26.93 23.87 22.57 21.69 20.80 19.36 20.52 19.27 15.88 16.90 17.99 16.18 13.78 15.67 15.83 13.02 14.35 13.30 14.98 16.37 19.08 20.95 23.68 25.36 27.11 27.27 27.37 27.40 29.11 28.97 29.17 28.63 31.25 30.64 28.81 28.50 29.69 27.24 26.36 24.76 24.61 24.54 22.56 21.24 19.64 19.07 19.53 17.86 16.69 17.68 15.78 16.73 16.00 15.32 16.01 17.52 19.84 20.96 23.11 23.85 25.26 25.44 25.86 24.46 24.96 24.62 25.13 23.59 25.92 24.34 24.28 23.16 23.79 23.46 25.00 25.77 25.81 23.31 23.70 23.16 22.62 22.41 24.12 24.70 23.28 25.15 26.43 24.53 24.22 27.16 27.13 25.18 26.36 28.60 29.13 27.11 29.36 31.61 30.27 
24.56 22.57 20.31 19.63 19.88 17.89 17.55 16.01 16.03 13.33 11.66 10.57 9.75 7.48 6.64 8.00 5.99 0.00 6.01 7.09 7.76 9.63 12.76 15.40 18.01 20.35 22.06 22.37 22.16 21.54 22.18 21.82 21.99 20.58 21.18 21.12 19.90 17.52 18.24 17.32 14.64 14.28 15.48 13.27 12.56 13.72 14.36 12.94 12.57 10.92 12.59 11.65 13.85 14.87 17.05 19.13 22.39 23.89 24.86 25.80 27.84 27.36 26.55 26.82 26.95 25.65 24.75 24.46 23.32 22.31 22.80 23.18 24.72 24.59 27.37 25.08 25.34 24.49 25.34 22.39 21.29 20.25 19.46 17.84 18.28 16.68 13.70 14.63 15.61 13.67 10.86 12.94 12.93 10.58 11.16 10.95 13.45 14.54 17.14 18.93 21.65 23.30 25.35 25.68 25.62 25.76 27.60 27.57 27.25 27.15 29.72 29.01 27.25 27.06 28.24 25.66 24.84 23.37 23.25 22.86 20.56 18.92 17.51 16.94 17.38 15.08 14.48 15.55 13.97 15.25 14.10 13.96 14.98 16.13 17.83 19.39 21.72 22.23 23.13 23.50 24.14 23.03 22.75 22.71 23.47 22.10 24.08 22.94 22.92 22.04 22.02 22.48 23.69 24.48 24.26 22.54 22.60 22.13 21.55 21.72 23.13 23.55 22.02 24.16 24.57 23.38 23.24 25.63 25.49 24.18 25.23 27.03 27.04 26.41 28.64 30.64 30.05 
25.76 24.13 22.36 21.82 21.54 18.98 19.11 18.07 17.74 15.92 12.73 11.72 11.61 10.31 8.59 8.58 8.19 6.01 0.00 6.73 7.77 10.01 11.84 15.16 18.74 21.04 22.23 23.38 22.71 22.38 22.87 23.22 23.58 22.21 22.34 22.54 21.03 19.29 19.38 18.82 16.20 15.59 16.43 14.46 14.05 15.15 15.91 14.90 14.82 12.84 12.82 12.52 13.93 15.45 17.66 20.63 23.05 25.15 26.08 27.60 28.95 28.93 28.17 28.71 28.55 27.58 26.39 26.11 24.72 24.03 24.26 24.53 25.85 25.98 28.50 26.57 26.47 25.64 26.30 23.12 21.89 21.08 20.66 18.87 18.93 17.14 14.34 15.26 16.24 14.21 12.86 14.04 14.13 11.68 13.11 12.95 14.55 15.83 18.45 20.15 22.35 23.79 26.11 26.57 25.85 26.04 27.89 28.06 27.98 28.09 30.35 29.99 28.12 28.12 28.81 26.42 25.75 24.69 23.88 23.91 21.66 19.94 18.63 18.17 17.85 15.29 15.72 16.81 15.94 16.65 16.41 15.78 17.33 17.26 18.35 20.61 23.90 23.76 24.26 24.69 25.77 24.12 23.47 23.67 25.01 23.34 25.10 24.17 24.55 23.29 23.56 23.60 25.46 25.94 25.64 23.86 24.12 23.19 23.02 23.15 24.38 24.63 23.89 25.57 25.71 24.38 24.50 26.50 25.77 24.91 26.51 28.29 27.67 26.80 30.07 31.60 30.85 
25.42 23.54 21.98 21.28 20.77 18.69 19.33 17.64 17.27 14.71 12.51 10.91 11.08 10.18 9.09 8.72 8.67 7.09 6.73 0.00 5.82 7.54 9.46 11.35 15.44 17.80 19.34 20.18 20.12 19.54 20.51 20.89 21.62 20.51 20.37 20.53 19.30 17.70 18.08 17.19 14.48 14.54 15.38 13.00 12.48 13.52 14.95 14.06 13.93 11.17 11.39 9.53 11.50 11.93 14.36 17.14 19.92 22.20 23.63 25.42 26.48 26.85 25.88 26.93 26.52 25.91 24.15 24.36 23.01 22.45 22.27 22.69 24.43 24.42 26.41 24.21 24.42 23.86 24.34 21.25 20.13 19.22 18.32 15.83 16.75 15.26 12.83 13.15 14.39 12.80 11.44 13.08 12.05 10.41 11.32 11.36 11.89 13.31 16.24 18.09 20.08 21.89 23.72 24.43 23.77 23.79 25.57 26.12 25.93 25.80 28.44 28.20 26.69 26.91 27.49 25.14 24.26 23.15 22.67 22.08 19.92 18.45 17.01 15.82 14.94 11.94 12.48 14.14 13.80 14.71 14.95 14.02 14.64 14.54 16.30 18.84 21.49 21.71 22.16 23.11 23.91 22.48 21.82 22.26 22.82 21.69 23.37 22.19 22.09 20.96 21.33 21.66 23.42 24.58 24.11 22.17 22.11 21.65 21.40 21.69 23.03 23.19 22.28 24.65 24.97 22.92 23.07 25.59 25.86 23.72 25.07 27.38 27.31 26.36 28.92 31.03 30.74 
24.02 22.37 20.51 19.76 19.53 17.34 18.05 16.83 17.24 14.47 11.53 11.03 11.01 9.11 8.61 10.17 9.55 7.76 7.77 5.82 0.00 5.48 6.27 8.28 10.63 13.90 14.86 15.91 16.01 16.16 17.02 17.86 18.82 17.82 17.95 18.47 17.05 15.55 15.97 15.51 12.98 12.69 14.29 12.20 11.01 12.23 14.79 14.43 13.86 11.33 11.31 10.27 9.49 10.44 11.25 13.96 16.51 18.92 19.69 21.38 22.70 23.05 22.50 23.56 23.04 22.55 21.03 21.13 20.05 19.48 19.71 20.24 21.62 21.49 23.52 21.17 21.36 20.65 21.30 18.16 16.95 16.22 15.55 13.45 14.72 14.32 10.69 11.92 13.78 12.78 10.32 12.16 12.46 9.68 9.77 8.74 9.37 11.18 13.23 14.55 17.03 18.96 20.84 21.36 20.95 21.48 23.13 23.63 23.17 23.51 26.24 26.02 24.17 24.16 25.02 22.61 21.33 20.43 19.93 19.77 17.76 16.05 14.05 12.25 12.26 9.69 10.40 12.48 13.02 14.14 14.71 13.53 13.79 13.59 14.94 16.92 19.59 19.59 20.57 20.77 21.13 19.77 20.00 19.62 20.07 18.91 21.03 19.36 19.24 17.96 18.88 19.15 20.96 21.93 21.98 20.07 20.20 19.54 19.14 19.40 21.19 21.50 20.36 22.89 23.84 22.19 21.53 24.91 25.01 22.95 24.41 27.07 27.64 25.69 28.00 30.77 30.33 
23.72 22.06 20.26 19.64 19.23 17.38 17.78 16.83 17.66 15.55 12.43 11.54 11.63 10.77 9.62 12.17 12.31 9.63 10.01 7.54 5.48 0.00 5.37 6.74 9.87 11.78 13.14 14.23 13.97 14.09 14.95 15.46 16.22 15.31 15.81 16.79 15.12 13.57 14.58 14.70 12.26 12.37 14.47 12.73 11.82 13.54 16.73 15.53 15.35 13.32 13.09 9.42 9.39 8.12 9.63 11.11 13.75 15.98 17.04 18.88 20.23 20.45 20.00 20.61 20.45 20.19 18.68 18.87 17.47 16.91 17.60 18.11 19.30 19.73 22.00 19.73 19.71 19.02 19.48 16.42 14.90 14.30 13.43 11.79 13.27 11.46 8.75 10.39 13.13 11.85 9.72 12.92 13.00 8.99 9.69 8.81 9.51 9.10 11.73 13.70 15.85 17.61 19.56 20.29 19.72 19.90 21.51 21.94 21.41 21.65 24.32 24.02 22.27 22.53 23.27 20.70 19.47 18.62 17.98 17.72 15.45 13.73 11.31 9.73 10.36 9.87 9.99 12.53 13.23 15.54 15.23 13.82 13.90 13.75 14.39 16.01 18.52 18.81 18.97 19.54 19.66 18.18 17.66 17.83 18.16 16.92 18.51 17.49 17.86 16.38 17.17 17.63 19.93 20.80 20.76 19.28 19.26 18.44 18.13 18.74 20.32 20.76 19.55 21.83 22.75 21.31 21.12 23.48 23.69 22.20 23.77 25.71 25.84 25.05 27.32 29.94 30.01 
23.73 22.19 20.55 19.87 19.79 17.59 18.13 16.71 17.79 16.08 13.44 11.80 12.41 11.72 11.79 13.75 15.07 12.76 11.84 9.46 6.27 5.37 0.00 5.62 7.27 9.72 10.49 11.90 12.41 11.86 13.14 14.05 14.86 14.50 15.12 16.07 14.39 13.62 14.34 14.61 12.74 13.10 15.12 14.04 13.05 15.85 18.16 17.81 18.27 16.89 15.03 12.21 10.84 10.23 9.37 11.21 12.34 14.39 15.38 17.23 18.21 18.31 17.62 18.51 18.48 18.07 16.89 16.66 15.91 15.78 16.17 16.92 17.84 18.09 20.96 18.59 18.49 17.25 18.51 15.09 13.77 13.27 12.83 12.08 13.17 13.08 11.26 12.99 14.87 14.52 13.11 15.36 14.92 11.31 10.50 9.95 8.85 9.07 10.40 12.12 14.47 16.08 17.95 18.81 18.15 18.62 19.77 20.53 20.19 20.42 23.02 22.76 20.88 20.83 22.10 19.51 17.95 16.96 17.30 16.86 14.84 12.60 11.55 10.25 11.02 9.41 12.10 13.89 15.16 16.71 17.11 14.86 15.03 14.79 14.97 16.30 18.68 18.48 18.46 18.84 19.03 17.32 16.55 16.48 17.32 15.34 17.18 16.43 16.88 15.70 16.34 16.76 19.23 20.12 19.99 18.15 18.71 18.01 17.73 17.86 19.37 19.86 19.12 21.18 21.56 20.77 20.79 23.10 22.89 21.74 23.41 25.43 25.26 24.58 27.45 29.60 29.40 
23.13 21.57 20.33 19.69 19.37 17.46 18.15 17.29 18.58 16.73 14.23 13.24 14.09 13.25 13.14 15.69 16.64 15.40 15.16 11.35 8.28 6.74 5.62 0.00 5.57 7.01 8.49 9.59 10.14 10.24 11.18 12.67 13.44 13.17 13.83 14.66 13.15 12.44 14.50 14.56 12.09 13.31 16.28 14.78 14.09 16.89 20.26 18.90 19.33 18.07 17.20 13.34 12.56 9.98 9.49 9.41 10.90 11.36 12.49 14.67 15.76 16.03 15.66 16.38 16.41 16.04 14.62 15.61 14.70 14.89 15.09 16.01 17.49 17.32 19.75 17.54 17.69 16.62 17.63 14.48 13.44 13.13 13.18 11.80 13.86 14.49 13.43 15.05 17.43 16.69 15.42 17.70 17.18 13.53 12.47 10.23 9.42 9.25 10.73 10.59 12.47 14.36 16.35 17.06 16.68 16.96 18.33 18.93 18.83 19.04 21.49 21.52 19.72 20.15 21.11 18.72 17.51 16.86 16.67 15.56 13.22 11.51 10.22 10.21 9.72 8.04 10.59 14.31 14.70 16.84 17.22 15.17 15.51 14.73 15.38 16.06 18.07 17.59 17.88 18.50 18.68 16.99 16.54 16.07 16.27 14.55 16.84 15.50 15.95 14.54 15.98 16.67 18.79 20.03 19.87 17.87 18.09 17.54 17.39 17.70 18.85 19.43 18.61 21.28 22.03 20.04 19.95 22.95 23.56 21.48 22.75 25.12 25.37 24.62 26.81 29.61 29.70 
23.21 22.27 21.03 20.51 20.52 19.00 19.74 18.74 20.41 18.50 16.30 15.86 17.14 16.10 16.40 19.02 20.05 18.01 18.74 15.44 10.63 9.87 7.27 5.57 0.00 5.59 6.53 8.09 8.78 9.66 10.90 11.52 12.96 12.74 12.94 14.72 13.22 12.90 14.72 15.80 13.60 14.78 17.86 17.04 16.18 19.48 22.98 21.85 21.83 20.61 20.52 17.21 15.43 13.21 11.92 11.26 10.77 11.23 11.29 12.79 13.88 13.93 14.03 14.77 14.82 13.62 13.09 14.57 14.45 14.33 14.88 16.18 17.45 16.97 18.80 16.93 17.66 16.29 17.59 14.82 14.31 14.25 14.77 13.65 16.39 17.54 15.85 18.17 20.90 20.30 17.95 20.80 21.01 17.71 16.05 13.60 11.77 11.99 11.19 11.30 12.11 13.71 15.12 16.00 16.42 16.92 17.75 18.58 18.35 18.64 20.87 21.30 19.38 19.67 20.68 18.42 17.10 16.59 16.27 15.67 13.44 12.25 11.12 11.14 12.33 11.00 13.88 16.85 17.48 19.44 19.69 17.85 17.84 17.27 17.58 17.61 18.72 18.21 18.37 18.99 18.93 17.07 17.10 16.38 16.54 15.51 17.41 16.01 16.86 15.94 17.35 18.39 20.53 21.24 21.18 19.38 19.48 18.42 18.45 18.74 20.15 20.49 19.64 22.28 23.31 21.00 20.60 24.09 24.63 22.60 23.75 26.56 27.12 25.16 27.78 30.35 29.99 
24.04 22.90 21.95 21.05 21.37 20.01 20.87 19.46 21.22 19.50 17.94 17.20 18.74 18.11 18.42 21.23 22.33 20.35 21.04 17.80 13.90 11.78 9.72 7.01 5.59 0.00 5.22 6.94 8.06 8.55 9.60 11.02 12.23 12.38 12.73 14.53 13.63 13.37 15.77 16.35 14.48 15.76 19.41 18.44 17.31 20.75 24.74 23.57 23.73 22.58 22.68 18.80 16.97 14.94 13.44 11.50 10.94 10.23 10.39 11.38 12.74 13.08 13.43 13.48 13.82 13.47 13.13 14.10 13.26 13.37 14.10 14.80 16.17 16.07 18.67 16.73 16.98 16.14 17.34 14.96 14.39 14.87 14.94 14.69 17.44 19.07 17.78 19.61 23.02 22.22 20.44 22.59 23.19 19.13 18.11 16.30 14.62 12.49 12.44 10.95 11.84 12.16 14.04 15.34 16.41 16.13 17.45 18.11 18.28 18.22 20.91 21.22 19.16 19.71 20.58 18.46 17.09 15.85 15.48 14.92 12.83 12.20 11.44 12.20 13.89 14.25 15.91 19.12 19.27 20.96 20.61 18.86 18.72 18.36 18.15 17.71 18.53 17.58 17.63 18.09 18.44 16.36 16.10 15.56 15.84 14.63 16.52 15.64 17.46 16.74 17.62 18.68 20.84 21.51 21.36 19.94 19.92 18.86 18.52 19.11 20.35 20.45 19.37 22.18 23.06 20.96 20.80 23.90 24.58 22.21 23.56 26.20 26.39 25.16 27.04 30.05 30.08 
24.17 23.49 22.59 21.71 22.05 20.78 21.23 19.94 22.11 20.91 19.33 18.81 20.21 19.20 20.15 22.67 23.40 22.06 22.23 19.34 14.86 13.14 10.49 8.49 6.53 5.22 0.00 5.64 7.48 7.00 8.00 10.04 11.82 11.35 12.07 14.01 13.46 13.95 15.34 15.99 14.83 16.33 20.03 19.08 18.06 21.85 25.46 24.74 25.20 24.32 23.77 19.92 18.83 16.45 14.90 13.10 11.75 10.99 10.18 11.20 12.56 12.62 12.81 12.76 13.47 13.10 12.99 12.94 12.83 13.39 13.99 14.86 15.52 15.81 18.87 17.00 17.05 16.35 18.03 15.68 15.42 16.02 16.46 16.35 19.54 20.85 19.64 21.54 24.71 24.03 22.10 24.36 25.21 21.18 19.87 18.14 16.47 14.42 12.41 11.82 11.62 11.67 13.22 14.32 15.20 14.95 16.12 17.37 17.32 17.49 20.65 20.85 18.82 18.99 20.34 17.76 16.61 15.28 14.88 14.47 13.04 12.56 12.78 13.87 15.93 15.83 18.36 20.70 20.48 21.91 21.60 19.86 19.73 19.05 18.52 18.02 18.66 17.29 17.27 17.72 18.35 15.77 15.52 15.36 15.85 14.06 16.32 16.05 18.05 17.24 18.25 19.00 21.04 21.84 21.72 19.99 20.24 19.09 18.70 19.01 20.30 20.12 19.13 21.74 22.87 21.08 20.83 23.84 24.30 22.21 23.50 26.14 26.36 24.29 27.33 29.54 29.76 
23.52 22.92 22.50 21.55 21.49 20.39 21.13 20.01 21.86 20.54 19.27 19.18 20.30 19.28 20.16 22.56 24.01 22.37 23.38 20.18 15.91 14.23 11.90 9.59 8.09 6.94 5.64 0.00 5.68 6.79 6.78 7.75 9.91 9.23 10.51 12.38 12.69 11.15 14.52 15.26 14.50 15.23 19.19 18.08 16.99 20.79 24.60 23.50 23.93 23.85 23.50 19.57 18.38 16.37 14.82 13.28 11.64 11.16 10.62 11.02 12.01 12.47 12.18 12.51 12.63 12.54 11.10 13.29 12.26 12.74 12.96 14.52 15.34 15.28 17.82 16.66 17.24 16.40 17.92 15.80 15.66 16.47 16.77 16.88 19.49 20.84 19.76 21.27 25.07 24.20 22.80 24.74 25.39 21.79 20.84 19.19 16.90 15.66 14.38 11.62 11.54 11.71 12.89 13.54 14.31 14.07 15.36 15.89 16.38 16.63 19.63 20.27 18.58 19.19 20.18 17.83 16.19 15.93 15.21 14.69 12.88 13.15 12.54 14.59 16.08 16.39 18.51 21.49 21.13 22.47 22.19 20.51 19.82 19.37 18.68 18.33 18.71 17.69 17.77 18.16 18.01 16.02 15.66 14.89 15.60 14.28 17.21 16.22 18.00 17.48 18.13 19.01 20.98 21.93 21.72 20.06 19.94 19.24 18.57 19.02 20.00 19.98 19.12 21.71 22.41 20.27 20.07 23.20 23.98 21.45 22.67 25.53 25.37 24.11 26.07 29.08 29.36 
23.18 22.78 22.57 21.57 21.15 20.24 21.27 20.18 21.49 20.58 19.39 18.96 20.35 18.98 20.04 22.43 23.69 22.16 22.71 20.12 16.01 13.97 12.41 10.14 8.78 8.06 7.48 5.68 0.00 5.79 7.14 6.49 8.15 8.59 9.46 11.86 11.24 10.40 13.32 15.74 13.51 14.68 18.86 18.18 16.59 20.26 23.98 22.64 22.89 22.68 22.84 18.76 17.73 15.84 15.06 13.75 12.82 12.74 11.70 11.89 12.80 12.55 11.64 12.64 12.55 10.98 10.12 11.96 12.05 11.81 12.47 14.01 14.66 15.05 16.99 15.94 17.36 16.67 17.80 15.98 15.61 16.40 17.16 17.00 19.43 20.36 19.61 21.42 24.92 23.88 22.67 24.89 25.34 22.20 21.25 18.80 16.75 15.81 14.34 11.58 11.44 11.65 12.85 12.56 13.39 13.92 14.38 15.07 15.46 15.62 18.69 19.86 18.49 19.00 20.43 17.70 15.85 15.84 15.87 15.48 14.01 13.79 13.28 14.91 17.15 17.16 19.54 22.15 22.12 23.50 23.02 20.65 20.08 19.39 18.94 18.20 18.64 18.14 18.20 18.19 17.59 16.08 16.20 15.90 15.30 15.39 18.19 17.13 18.26 17.70 18.62 19.33 21.08 21.90 21.85 19.96 19.98 18.88 18.47 18.68 19.45 19.30 18.77 21.22 21.79 19.86 19.26 23.11 23.63 21.31 22.67 25.70 25.38 23.64 26.33 29.01 28.80 
22.79 21.73 21.38 20.60 20.42 19.15 20.20 18.80 20.61 19.50 18.23 18.30 19.98 18.89 19.14 21.65 23.52 21.54 22.38 19.54 16.16 14.09 11.86 10.24 9.66 8.55 7.00 6.79 5.79 0.00 5.28 6.81 6.90 7.16 9.09 10.50 10.30 10.23 14.03 14.48 12.65 14.26 18.55 17.97 16.14 19.84 23.39 22.54 22.64 22.28 22.36 18.70 17.51 15.52 14.23 12.73 11.97 11.62 10.35 11.07 12.55 12.06 11.71 11.89 11.88 11.18 10.58 11.61 9.95 10.42 11.38 12.44 13.11 14.24 16.52 15.69 16.83 16.33 17.91 15.93 16.05 16.77 17.44 17.53 20.12 20.75 20.12 21.63 25.52 24.13 23.06 24.88 25.87 22.45 21.77 19.60 17.65 15.74 15.01 12.88 12.21 11.50 12.62 12.45 13.25 12.35 14.36 14.78 15.20 15.40 18.92 19.66 18.24 18.76 19.84 17.09 15.72 15.93 16.00 15.48 14.06 14.80 14.33 15.03 16.14 16.90 18.88 21.60 21.68 23.00 22.42 20.32 19.98 19.34 18.71 18.04 18.65 17.72 17.81 17.65 16.94 15.15 15.45 14.27 14.64 14.17 17.33 16.34 17.23 16.62 17.50 18.74 20.37 21.29 21.34 19.84 19.40 18.47 17.77 18.03 18.80 18.83 17.82 20.26 21.15 19.21 18.81 21.88 22.97 20.57 21.68 24.50 24.54 23.36 24.84 28.33 28.77 
23.16 22.15 21.36 20.05 20.35 19.15 19.90 18.55 20.91 19.91 18.64 18.70 20.65 19.39 19.77 22.73 24.13 22.18 22.87 20.51 17.02 14.95 13.14 11.18 10.90 9.60 8.00 6.78 7.14 5.28 0.00 5.61 7.45 6.54 7.89 9.58 10.22 10.42 12.28 13.24 12.11 14.08 17.41 17.16 16.23 19.63 23.69 22.79 23.54 22.98 22.62 18.53 17.97 15.56 14.48 13.22 12.48 12.82 11.69 12.94 13.37 13.53 12.40 13.34 12.76 12.36 11.61 11.98 10.73 11.20 11.93 12.67 13.96 14.03 17.44 15.92 16.87 16.54 18.13 16.62 16.56 17.42 17.70 18.34 21.50 22.25 20.91 22.85 26.75 25.37 24.07 26.31 27.40 23.72 22.39 20.80 18.93 17.03 15.38 14.09 13.33 12.63 13.03 13.33 12.86 12.89 14.92 16.32 15.90 16.68 20.27 20.53 18.76 19.44 20.77 17.79 16.68 16.56 16.87 16.32 15.43 15.41 15.38 15.41 16.62 17.26 18.82 21.68 21.87 22.92 22.06 20.06 20.14 19.33 17.86 17.77 18.81 18.01 17.81 17.90 17.69 15.80 15.77 16.09 16.01 15.69 17.80 17.33 18.41 17.88 18.44 19.05 20.92 21.81 22.01 20.01 19.78 18.57 18.08 18.18 18.88 18.45 17.66 20.06 21.21 19.47 18.78 22.25 23.11 20.63 21.47 24.33 25.33 23.14 25.33 27.99 29.02 
22.80 22.01 21.28 20.18 20.23 19.28 20.02 18.99 20.69 19.68 18.47 19.12 20.82 19.15 20.00 22.66 23.99 21.82 23.22 20.89 17.86 15.46 14.05 12.67 11.52 11.02 10.04 7.75 6.49 6.81 5.61 0.00 5.86 6.65 6.65 7.63 9.63 9.45 11.42 12.91 13.00 13.58 16.62 16.89 15.79 19.69 23.13 22.20 22.57 22.61 22.25 17.93 17.28 14.87 14.25 12.90 12.41 12.53 12.51 13.14 14.30 14.45 14.03 14.37 13.65 13.09 11.66 12.78 11.34 11.35 11.80 13.03 13.81 14.64 17.09 16.20 17.41 16.93 18.31 16.77 16.65 17.75 18.07 18.87 21.20 22.19 21.15 23.06 26.50 25.58 24.32 26.41 26.74 23.53 22.78 21.12 19.33 17.35 16.22 14.37 14.01 13.58 13.75 13.86 14.13 14.10 15.92 16.90 17.30 18.04 21.39 21.60 20.29 20.89 22.14 19.07 17.66 17.60 17.84 17.67 16.52 16.24 15.67 16.12 17.41 17.70 19.37 22.44 22.59 23.62 22.68 21.32 20.86 19.92 19.09 19.31 20.46 19.25 19.09 19.28 19.02 17.05 17.17 16.84 17.33 16.57 19.43 18.17 19.05 18.99 19.25 20.02 21.39 22.66 22.49 20.66 20.20 19.15 18.58 18.45 19.05 18.49 17.96 19.93 20.97 18.61 18.78 21.43 22.79 20.20 21.45 24.15 24.65 23.27 24.78 28.35 29.02 
22.86 22.69 22.26 20.50 20.53 19.85 21.24 19.89 21.35 20.50 19.54 19.61 21.22 19.87 20.75 23.08 24.11 21.99 23.58 21.62 18.82 16.22 14.86 13.44 12.96 12.23 11.82 9.91 8.15 6.90 7.45 5.86 0.00 5.83 7.37 7.30 8.13 9.24 11.92 12.68 12.07 13.79 17.12 16.53 15.75 19.71 23.68 22.29 22.75 22.49 22.44 18.20 17.76 15.62 15.02 14.00 13.73 14.49 13.97 14.68 15.82 16.07 15.10 15.85 15.28 13.52 12.17 13.31 11.77 11.62 11.98 12.61 13.62 14.42 17.32 16.44 17.99 17.97 19.41 18.01 17.65 18.49 19.61 19.72 22.03 22.68 22.02 23.84 27.65 26.20 25.80 27.45 27.47 24.37 23.96 21.79 20.06 18.18 16.71 14.84 14.73 14.33 14.54 15.08 15.31 15.55 16.75 18.27 19.22 19.54 22.45 23.43 22.16 22.62 24.17 20.91 19.43 19.61 20.26 20.14 18.83 18.93 18.23 18.18 19.41 20.09 21.89 24.11 24.06 25.14 24.75 22.40 21.72 20.92 20.79 21.22 21.52 20.70 20.59 21.07 20.23 18.31 18.58 18.58 17.97 17.56 20.56 19.86 20.17 19.74 20.55 21.26 22.89 23.58 23.60 21.52 21.32 20.19 19.47 19.13 19.56 19.03 18.66 20.19 21.34 19.23 18.75 21.90 23.12 21.38 22.39 25.18 25.59 23.52 26.24 28.80 29.14 
22.63 21.29 20.22 18.96 19.11 18.21 18.95 17.69 19.40 18.59 17.61 17.85 19.66 18.73 19.43 21.65 22.68 20.58 22.21 20.51 17.82 15.31 14.50 13.17 12.74 12.38 11.35 9.23 8.59 7.16 6.54 6.65 5.83 0.00 5.49 7.03 6.54 6.74 10.20 10.92 9.13 10.97 15.10 14.49 13.29 17.24 21.20 20.42 21.33 20.89 20.83 16.88 16.75 14.43 13.76 12.51 12.83 12.83 12.77 13.68 15.50 15.34 14.82 15.14 14.58 13.52 12.62 13.34 10.92 10.99 11.52 11.73 12.56 13.72 16.29 15.57 16.88 17.10 18.68 17.10 16.99 18.39 18.96 19.30 21.76 22.61 21.83 23.90 27.41 26.28 24.90 26.88 27.29 23.93 23.33 21.22 19.65 17.37 16.61 14.43 14.23 13.57 14.37 14.39 14.90 15.02 17.45 18.06 18.51 19.16 22.48 23.28 21.75 22.37 23.73 21.08 19.53 19.65 20.17 20.13 18.84 18.79 18.25 18.41 19.11 19.56 21.38 23.49 23.65 24.48 23.73 22.07 21.75 20.99 20.81 20.80 21.80 20.58 20.71 20.88 20.27 18.36 18.59 18.51 18.42 17.78 20.78 19.62 20.07 19.71 20.13 21.03 22.42 23.15 22.86 21.06 20.87 19.61 18.33 18.33 18.56 18.12 16.96 18.81 19.99 17.89 17.72 20.32 21.97 19.75 21.24 23.82 24.42 23.18 24.83 28.22 28.75 
22.77 21.49 20.23 18.97 18.97 17.67 18.56 17.15 19.07 18.20 17.41 18.10 19.61 18.70 19.74 22.19 23.33 21.18 22.34 20.37 17.95 15.81 15.12 13.83 12.94 12.73 12.07 10.51 9.46 9.09 7.89 6.65 7.37 5.49 0.00 5.94 7.13 6.75 7.87 10.23 10.29 10.75 13.64 14.56 13.75 16.97 20.66 20.65 21.36 21.24 20.85 16.72 16.34 14.10 13.51 12.69 13.12 13.78 14.04 15.03 16.27 16.46 15.75 16.79 16.67 15.26 14.21 14.23 13.20 12.71 13.00 13.12 13.72 13.46 16.49 15.87 17.06 17.22 18.74 17.34 17.27 18.45 19.26 19.63 22.32 23.43 22.53 24.25 27.99 26.61 25.28 27.38 27.85 24.71 23.37 21.90 20.11 18.17 16.37 15.48 15.04 15.15 15.29 15.59 15.62 16.73 19.16 19.99 19.92 20.74 24.16 24.22 22.93 23.18 24.64 21.79 21.03 20.62 20.66 20.63 19.85 19.51 18.87 18.78 19.81 20.13 21.10 24.04 24.52 24.64 23.44 22.72 23.02 21.88 20.78 21.35 22.78 21.78 21.65 21.64 21.96 19.87 19.82 19.90 20.55 19.88 21.76 20.90 21.83 21.22 21.46 21.82 23.41 24.11 23.75 21.73 21.50 20.07 19.03 18.73 19.15 18.01 17.36 19.01 20.39 18.59 17.94 21.12 22.23 20.17 21.16 24.15 25.58 23.36 25.90 28.38 29.45 
22.44 21.31 20.21 18.52 18.50 17.58 18.31 17.27 18.93 17.59 16.68 17.83 19.75 18.30 19.24 22.15 23.44 21.12 22.54 20.53 18.47 16.79 16.07 14.66 14.72 14.53 14.01 12.38 11.86 10.50 9.58 7.63 7.30 7.03 5.94 0.00 5.84 7.29 7.32 8.30 9.60 10.91 12.98 13.84 14.06 16.39 20.30 20.31 21.48 20.83 20.40 16.57 16.36 14.00 14.12 14.00 14.58 15.47 15.72 16.96 18.15 18.05 17.39 18.43 18.07 16.43 14.88 15.77 14.68 13.46 13.43 13.95 14.62 13.64 16.93 16.14 17.37 17.01 18.93 17.48 17.27 18.53 19.64 19.97 22.20 23.16 22.54 24.70 27.45 26.23 25.41 27.56 27.69 23.90 23.09 21.71 20.04 17.87 16.58 15.91 16.05 15.65 15.76 16.48 17.34 17.71 20.14 20.98 21.22 22.03 24.55 25.10 23.83 24.33 25.22 22.67 21.53 21.52 21.42 21.89 21.12 20.58 20.06 20.38 21.07 21.28 22.32 25.31 25.02 25.71 24.33 23.85 23.47 22.40 21.66 22.54 23.69 22.83 22.69 22.87 22.52 20.88 20.68 20.94 21.60 20.61 22.94 21.91 22.56 22.09 21.92 22.70 24.18 25.07 24.68 22.57 22.01 20.81 20.00 19.59 19.67 18.56 18.06 19.13 20.83 18.48 18.37 20.30 22.41 20.03 21.52 24.15 25.24 23.99 25.56 28.64 29.30 
21.35 20.74 19.75 17.50 17.37 16.33 17.99 16.40 18.00 16.76 15.84 16.76 18.71 17.13 17.81 20.84 21.68 19.90 21.03 19.30 17.05 15.12 14.39 13.15 13.22 13.63 13.46 12.69 11.24 10.30 10.22 9.63 8.13 6.54 7.13 5.84 0.00 5.79 7.65 7.07 6.84 9.38 12.43 11.58 12.02 15.54 18.44 18.11 19.62 19.39 18.71 14.99 15.26 12.97 12.92 12.85 14.61 15.02 15.92 16.57 18.16 18.21 17.53 18.62 18.20 16.70 15.76 16.10 14.88 13.72 13.78 13.99 14.89 13.73 16.32 14.89 16.49 16.34 18.27 16.29 16.09 17.33 19.05 18.74 20.89 21.77 21.48 23.49 26.20 24.81 24.23 26.46 26.12 22.45 21.97 20.54 18.45 15.98 15.11 14.89 15.11 14.81 15.60 16.96 17.41 17.58 19.72 21.22 21.35 21.61 24.25 24.63 23.50 23.68 25.30 22.77 21.59 21.23 21.60 22.14 21.27 21.07 20.57 20.79 21.53 21.75 23.06 24.98 24.60 25.65 25.12 23.95 23.08 22.28 22.10 22.93 23.38 22.62 22.35 22.65 22.27 20.51 20.42 20.52 20.87 19.87 22.36 21.54 21.81 21.06 21.30 21.82 23.39 24.04 24.06 21.83 21.43 20.57 19.87 19.09 19.42 18.74 18.03 18.69 19.88 18.72 17.62 19.58 21.21 19.97 21.15 23.55 24.44 23.29 25.85 28.45 28.57 
21.69 19.77 18.42 16.65 16.61 15.25 16.26 14.71 16.22 14.80 14.37 14.92 16.35 15.41 16.49 19.18 19.94 17.52 19.29 17.70 15.55 13.57 13.62 12.44 12.90 13.37 13.95 11.15 10.40 10.23 10.42 9.45 9.24 6.74 6.75 7.29 5.79 0.00 5.69 7.66 5.59 6.16 9.64 10.31 9.62 12.66 16.17 16.19 17.12 16.98 16.84 13.14 13.42 10.80 11.94 12.36 13.51 14.31 15.19 16.49 17.93 17.93 17.05 18.02 18.12 17.17 16.14 16.43 14.84 13.97 14.21 14.28 14.38 13.93 15.83 13.97 15.24 15.08 16.70 14.95 14.77 16.51 17.66 17.87 20.31 21.41 20.69 22.45 25.57 24.45 23.31 25.37 25.50 21.93 20.70 18.92 17.07 14.89 14.62 13.80 14.25 14.86 16.25 16.59 16.88 17.23 19.99 20.60 20.15 21.23 23.80 24.51 22.48 23.12 24.49 22.33 20.62 20.58 21.07 21.80 20.72 20.46 20.19 20.64 21.03 21.21 22.12 24.76 24.42 25.15 24.22 23.51 23.22 22.26 22.02 22.81 23.99 22.91 22.37 22.92 22.28 20.91 20.45 20.54 20.96 20.39 22.45 21.40 21.20 21.07 21.31 22.03 23.12 24.20 23.63 22.02 21.42 20.40 19.17 18.92 19.56 18.84 17.60 18.49 20.18 18.15 17.55 19.48 21.05 18.87 20.65 22.42 23.50 23.02 24.80 27.83 28.14 
