2.28 6.45 8.29 10.34 12.06 13.75 15.14 16.34 17.67 18.74 21.20 23.17 25.68 27.71 29.93 31.86 34.05 34.73 35.51 36.22 37.27 37.71 38.58 39.93 40.38 39.16 38.63 39.55 41.68 41.09 42.31 43.49 41.64 39.86 38.58 38.22 36.02 34.17 31.13 30.10 27.86 26.73 25.25 24.37 22.71 22.31 22.06 22.05 21.80 22.33 22.76 23.08 22.00 22.49 24.17 25.67 26.01 27.85 29.07 31.04 30.56 31.38 31.17 32.47 33.70 33.82 33.07 32.83 34.32 34.05 32.04 32.68 34.08 33.02 31.79 33.38 34.31 32.98 32.59 33.53 34.17 33.35 33.60 33.86 35.26 35.77 36.24 35.70 35.24 34.63 34.57 32.94 32.73 33.26 32.92 30.97 30.67 31.89 31.49 30.34 30.35 31.01 31.00 31.10 32.51 33.17 32.93 33.33 34.67 34.12 32.36 32.46 32.08 30.29 29.71 31.07 30.06 28.38 28.56 29.41 27.93 28.46 29.67 30.01 28.95 29.91 30.17 31.38 31.81 31.76 32.58 34.93 35.88 35.41 36.84 36.55 37.33 36.77 38.65 39.21 38.88 37.90 36.93 37.34 35.95 36.01 34.79 33.31 33.53 33.56 31.30 30.05 30.70 30.44 29.41 28.72 29.54 28.90 28.27 27.00 27.58 27.01 28.16 28.40 30.64 31.12 32.47 33.70 34.62 33.67 32.80 31.61 30.20 29.37 29.42 28.54 28.43 28.54 28.70 29.10 30.14 30.90 31.78 32.20 30.88 30.86 30.79 30.25 30.46 31.55 31.34 32.61 32.93 32.69 33.62 34.48 33.30 33.67 32.29 32.55 31.96 30.94 29.56 30.61 32.27 31.49 32.30 35.51 
6.45 2.17 6.17 7.23 10.53 12.04 12.88 14.95 16.75 17.14 19.82 21.90 24.92 26.83 29.50 31.12 33.46 33.65 34.36 35.66 36.60 36.88 37.78 39.68 40.04 38.87 38.31 39.50 41.00 40.48 42.46 42.90 41.84 39.29 38.69 37.50 36.25 33.69 31.46 29.71 27.98 26.38 25.12 23.44 21.91 20.73 20.67 20.34 20.46 20.83 21.49 21.59 20.80 21.19 23.99 25.17 25.78 27.48 29.60 31.36 30.57 31.07 31.04 31.96 33.23 33.23 32.57 32.09 33.78 33.50 31.04 31.95 33.55 32.30 30.57 32.91 33.73 32.01 31.61 32.81 33.68 32.67 33.23 33.67 35.14 35.34 36.08 35.45 35.25 34.35 34.42 32.60 32.19 32.90 32.66 30.68 30.08 31.69 31.31 29.96 29.57 30.21 30.40 30.54 32.12 32.84 32.68 33.19 34.91 34.05 31.97 32.24 32.27 30.07 29.41 31.03 30.05 27.80 28.05 29.10 27.60 27.72 29.20 29.32 28.53 29.27 29.35 30.75 31.54 31.26 32.16 34.65 35.78 34.89 36.74 36.21 37.17 36.24 38.65 39.00 38.64 37.37 36.55 36.93 35.46 35.64 34.42 32.58 33.07 33.02 30.60 29.29 30.27 30.03 28.79 27.53 28.85 27.77 27.95 26.09 27.08 26.38 28.20 27.98 30.44 30.56 32.43 33.67 34.78 33.45 32.70 30.99 29.60 28.41 29.09 27.87 27.92 27.77 27.78 28.50 29.53 29.89 30.93 31.35 30.31 30.33 30.29 29.55 30.02 31.20 31.20 32.61 33.04 32.77 33.74 34.38 33.35 33.50 31.67 32.10 32.39 30.59 27.60 28.79 31.25 31.23 30.13 32.37 
8.29 6.17 1.11 4.83 8.05 9.85 11.40 12.85 14.95 15.78 17.24 19.61 22.71 24.88 27.70 29.76 32.25 32.51 33.32 34.84 36.21 36.29 37.05 38.87 39.65 38.47 38.35 38.59 40.62 40.16 41.94 42.29 40.56 38.56 37.90 37.32 35.03 33.17 30.80 29.54 26.65 25.27 23.79 22.32 20.26 19.00 18.33 18.14 18.44 18.64 19.05 19.39 18.53 19.59 22.60 24.11 24.36 26.95 29.25 30.58 29.25 29.83 30.24 30.70 31.79 31.70 31.88 30.80 32.38 31.83 30.23 30.49 32.07 30.57 29.81 31.60 32.34 30.45 30.80 31.76 32.75 31.51 32.77 32.82 34.48 34.29 35.28 34.57 34.71 33.48 33.74 31.40 31.42 31.74 31.75 29.38 29.01 30.36 30.38 28.57 28.38 28.72 29.61 29.65 31.54 31.82 32.33 32.60 34.31 33.23 31.44 31.43 31.55 28.87 28.51 30.04 29.22 26.60 26.96 27.87 26.57 26.53 28.04 28.17 27.79 28.27 28.40 29.59 30.78 30.23 31.37 33.92 35.56 34.30 36.46 35.72 37.11 35.79 38.33 38.46 38.21 36.98 36.21 36.29 34.55 34.74 33.90 31.88 32.31 32.01 29.69 27.98 29.02 28.53 27.56 26.05 27.24 26.34 27.05 24.87 25.97 25.28 27.45 26.82 29.83 29.88 31.82 32.72 34.06 32.44 31.39 29.21 27.67 27.01 27.67 26.51 26.57 26.40 26.31 26.98 28.74 28.89 29.72 30.09 29.43 29.51 29.45 28.60 28.94 30.12 30.47 32.09 32.64 32.19 32.90 33.91 33.04 33.39 31.45 32.47 32.73 31.99 28.31 29.56 32.42 32.44 31.88 33.41 
10.34 7.23 4.83 2.06 5.33 7.76 9.45 12.19 13.57 14.96 17.06 19.65 22.10 24.43 27.59 29.78 32.08 32.58 33.36 34.54 35.53 36.27 36.64 38.38 38.84 38.40 37.99 38.91 40.67 40.26 41.90 42.00 41.00 38.67 38.38 37.05 35.14 33.07 31.07 29.76 26.76 25.10 23.47 22.00 19.95 18.79 17.55 17.20 17.92 17.49 18.04 17.90 17.89 18.18 21.51 22.99 23.65 26.04 28.21 29.81 28.60 29.52 29.68 30.45 31.35 31.53 31.37 30.48 31.90 31.87 29.80 30.28 31.15 30.70 29.40 31.29 31.42 30.31 30.28 31.53 32.19 31.31 32.27 32.42 33.90 33.90 34.84 34.16 33.98 33.01 33.31 31.26 30.67 31.47 31.11 29.12 28.37 30.16 29.70 28.25 27.77 28.63 28.98 29.35 31.02 31.93 31.91 32.21 33.90 33.23 31.12 31.49 31.42 29.24 28.52 30.17 29.13 26.96 26.93 28.22 26.51 26.74 27.90 28.30 27.30 28.25 28.01 29.74 30.42 30.36 30.98 33.80 35.03 34.25 36.13 35.84 37.19 36.14 38.56 38.79 38.63 37.19 36.29 36.25 34.66 34.78 33.78 31.58 31.80 31.76 29.37 27.84 28.40 28.33 27.04 25.74 26.70 25.85 26.27 24.41 25.32 24.80 26.40 26.47 29.20 29.48 31.01 32.08 33.11 31.82 30.70 28.64 26.97 26.31 27.07 25.96 25.96 26.03 25.72 26.62 27.49 27.82 28.17 28.89 27.81 27.69 27.91 27.65 28.16 29.27 29.28 31.45 32.23 31.97 32.45 33.58 32.42 32.65 30.36 31.73 32.35 29.78 26.70 27.74 32.22 29.69 29.30 31.51 
12.06 10.53 8.05 5.33 0.20 6.14 7.21 10.49 12.06 14.07 17.09 19.27 21.96 23.92 26.85 29.65 31.26 31.96 32.40 33.61 33.78 34.71 35.50 37.73 38.28 36.93 36.38 37.37 39.24 38.93 40.18 41.63 41.03 38.84 36.93 36.34 34.72 32.47 28.95 27.73 25.47 23.80 21.71 21.08 19.60 18.87 17.80 17.80 17.73 18.11 18.54 18.96 18.70 19.10 21.30 22.49 22.93 25.34 26.93 29.07 28.83 29.46 28.99 30.31 31.97 32.02 31.28 30.68 33.13 32.54 30.27 30.67 32.46 31.09 29.45 31.57 32.68 30.54 29.96 31.26 32.35 31.14 31.90 31.93 33.88 34.04 34.97 33.90 33.90 32.92 33.53 31.02 30.72 31.62 31.58 28.94 28.74 30.30 29.96 28.11 28.10 29.06 28.85 28.94 30.91 32.01 31.81 32.34 34.40 33.89 31.63 32.06 32.23 29.65 29.06 30.83 29.77 27.10 27.37 28.47 26.42 26.56 28.15 28.45 26.93 27.82 28.05 29.57 29.98 29.80 30.68 33.50 34.72 33.88 35.96 35.42 36.48 35.70 38.57 38.95 38.76 37.32 36.35 36.40 35.11 35.34 34.02 31.63 32.13 32.34 30.00 28.19 29.53 29.21 28.11 26.75 28.25 26.92 26.63 24.37 25.53 24.66 26.24 25.92 28.70 29.27 31.22 32.19 33.66 32.22 31.33 29.13 27.82 26.47 27.10 25.64 25.71 25.70 25.92 26.09 26.39 27.24 28.79 29.21 28.33 27.79 27.98 26.71 27.54 28.74 28.29 30.04 31.08 30.80 31.38 32.20 30.79 31.53 29.13 30.06 30.03 30.48 28.36 29.67 28.65 28.07 30.43 33.70 
13.75 12.04 9.85 7.76 6.14 0.13 5.94 7.53 11.13 12.49 15.34 18.76 21.86 24.61 26.79 29.75 31.31 31.93 31.44 33.18 33.71 33.16 34.58 36.56 37.95 35.63 35.25 36.08 38.59 37.65 39.77 40.34 40.36 37.77 36.03 35.32 34.07 32.31 28.12 27.28 24.53 23.81 21.21 19.77 17.80 17.17 15.73 16.10 15.60 16.91 16.69 17.81 16.47 17.19 19.45 21.24 21.77 25.05 26.57 29.04 28.29 28.91 28.41 29.49 31.29 31.13 30.34 29.59 32.10 31.32 28.51 29.53 31.37 29.47 27.40 30.17 31.45 28.86 28.08 29.89 31.34 30.00 30.87 31.27 33.43 33.62 34.65 33.76 33.59 32.41 33.06 30.43 29.90 30.86 30.67 27.95 27.48 29.17 28.78 26.87 26.98 27.79 27.99 28.14 30.29 31.59 31.47 32.19 34.18 33.45 30.88 31.42 31.53 28.64 27.77 29.84 28.66 25.81 25.90 27.20 25.20 25.20 26.84 27.18 25.69 26.70 26.62 28.49 29.19 28.78 29.80 33.06 34.19 33.09 35.45 34.73 35.90 34.92 38.01 38.50 38.03 36.71 35.33 35.56 33.98 34.63 32.89 30.53 31.06 31.43 28.62 26.89 28.37 28.13 26.57 25.19 26.96 25.20 24.77 22.77 23.96 23.93 25.46 25.22 28.49 29.03 31.15 32.96 33.88 32.28 30.52 28.16 26.66 25.05 25.52 25.02 24.56 25.08 24.54 25.20 25.66 26.25 27.62 28.48 27.20 27.09 26.43 25.43 26.55 27.98 27.23 29.13 30.43 30.04 30.72 31.70 30.33 30.73 28.05 29.56 29.62 28.85 26.95 27.90 27.19 28.09 29.28 31.63 
15.14 12.88 11.40 9.45 7.21 5.94 0.00 5.55 6.73 9.23 11.15 14.69 17.97 20.12 22.47 24.42 27.11 28.17 27.84 29.47 30.22 30.94 31.61 34.25 35.32 33.82 32.87 33.45 35.22 34.93 36.32 37.36 36.79 34.33 32.52 31.62 30.55 27.75 24.13 22.69 21.08 19.03 17.17 15.19 13.47 12.25 11.48 11.45 12.63 13.52 14.11 14.45 13.38 13.61 16.65 18.05 18.19 21.51 24.10 25.75 24.94 25.38 25.50 26.20 27.83 27.60 27.30 26.17 28.92 27.69 25.36 25.92 28.27 25.85 24.14 26.71 28.29 25.21 24.84 26.40 27.94 26.48 27.80 28.21 30.60 30.73 31.92 30.81 31.04 29.71 30.20 27.14 26.93 27.50 27.44 24.32 24.26 25.71 25.37 22.98 23.16 23.85 24.27 24.36 26.86 27.87 28.45 29.08 31.39 30.23 27.77 28.31 28.52 24.93 24.23 26.05 25.43 21.82 22.18 23.15 21.68 21.27 23.24 23.16 22.60 23.03 23.33 24.83 26.18 25.58 26.73 30.00 31.53 30.04 32.22 31.52 33.02 31.69 34.70 34.91 35.04 33.21 31.99 31.82 30.60 30.81 29.35 26.83 27.75 27.71 24.93 23.27 25.18 24.57 23.16 21.74 23.61 21.75 21.62 19.06 20.48 20.28 22.55 22.12 25.37 26.47 28.75 30.65 31.84 29.83 27.81 25.25 23.59 21.88 22.12 20.64 20.71 20.84 20.39 21.22 22.03 23.23 24.84 25.85 25.22 24.96 24.55 23.28 23.71 24.97 24.92 26.84 27.85 27.60 28.58 29.45 28.20 28.01 25.46 27.23 27.69 27.76 24.10 26.31 25.96 26.35 27.28 30.06 
16.34 14.95 12.85 12.19 10.49 7.53 5.55 0.00 5.87 6.77 10.57 13.38 16.79 19.30 22.33 25.10 26.61 27.96 27.60 29.08 29.36 30.63 30.92 33.22 34.13 33.06 31.63 32.96 34.60 34.05 35.45 36.27 36.22 33.96 31.93 31.57 30.53 28.17 24.35 23.22 20.93 18.66 16.31 13.99 12.16 11.08 9.65 10.52 12.28 13.61 13.83 14.52 13.13 12.75 15.62 17.67 17.83 21.38 23.41 25.86 24.43 25.03 24.83 25.82 27.39 27.34 26.84 25.81 28.30 27.79 25.15 25.94 27.66 26.27 24.19 26.60 27.57 25.32 24.60 26.10 27.12 26.08 27.16 27.42 29.63 30.07 31.25 30.14 29.93 28.80 29.43 26.53 25.89 26.69 26.50 23.84 23.33 24.99 24.41 22.35 22.43 23.25 23.45 23.75 26.26 27.73 27.80 28.55 30.62 29.93 27.25 27.55 27.51 24.44 23.73 25.37 24.50 21.35 21.75 22.76 21.07 20.93 22.73 22.79 21.75 22.77 22.75 24.51 25.47 25.17 26.11 29.35 30.79 29.50 31.46 31.02 32.51 31.32 33.97 34.48 34.32 32.71 31.00 31.11 29.60 29.86 28.32 26.09 26.65 26.95 24.32 22.73 24.39 24.26 23.17 21.88 23.35 21.89 21.53 18.80 19.44 19.81 22.05 21.43 24.96 26.22 28.95 30.77 31.47 30.00 27.98 25.26 22.51 21.65 21.40 20.70 20.11 21.01 19.96 20.55 21.17 22.51 24.54 25.80 24.05 24.05 23.34 22.38 22.53 24.41 24.01 26.29 27.32 27.01 27.92 28.86 27.42 27.82 24.93 26.85 26.84 26.12 23.61 25.31 24.49 24.65 25.62 28.69 
17.67 16.75 14.95 13.57 12.06 11.13 6.73 5.87 0.00 5.40 6.55 11.09 12.82 15.70 18.93 21.16 22.92 22.96 23.58 24.45 24.77 26.01 27.74 30.01 30.71 29.03 28.55 29.19 30.55 29.70 31.38 32.78 32.92 30.24 28.31 27.76 26.53 23.75 20.45 19.24 17.61 15.58 13.09 10.92 10.00 9.44 9.04 9.98 12.37 14.00 14.72 15.27 13.77 13.49 15.43 16.52 16.03 19.10 21.01 23.31 22.27 22.95 22.14 23.62 24.99 25.21 24.60 24.05 26.40 25.89 23.28 24.09 25.59 24.39 22.32 24.71 25.54 23.33 22.39 23.85 24.86 23.75 24.50 24.76 26.84 27.47 28.50 27.44 27.24 26.24 26.56 23.82 23.22 24.35 24.20 21.88 21.69 23.22 22.18 20.52 20.58 21.32 20.88 21.31 23.70 25.03 24.92 25.40 27.70 27.11 24.72 24.87 24.88 22.18 21.85 23.59 22.45 19.64 20.11 21.44 19.58 19.61 21.24 21.55 19.94 21.27 20.85 22.54 23.33 22.95 23.51 26.61 28.03 26.68 28.80 28.07 29.36 28.22 31.16 31.65 31.57 29.71 28.09 28.29 27.00 27.27 25.46 23.38 24.18 24.47 21.80 20.78 22.64 22.77 21.89 20.93 22.72 20.74 20.50 17.34 18.24 17.71 19.56 18.65 21.71 23.32 26.21 27.94 29.15 27.58 26.37 22.55 20.16 18.65 18.82 17.53 17.22 18.04 17.33 18.08 18.21 20.07 22.90 24.16 22.10 22.54 21.71 20.20 19.97 21.79 21.13 23.73 24.17 24.44 25.23 26.61 25.29 25.20 22.31 23.46 24.20 23.74 21.50 23.46 23.49 23.09 25.16 25.79 
18.74 17.14 15.78 14.96 14.07 12.49 9.23 6.77 5.40 0.00 5.51 6.72 10.78 13.43 15.99 18.56 20.49 21.11 20.39 22.38 22.82 23.56 25.32 28.45 29.05 27.28 26.30 27.54 28.60 27.90 29.60 31.00 31.38 28.96 26.78 26.03 24.96 22.35 19.08 17.22 15.58 13.80 11.85 9.59 9.20 9.53 9.28 11.03 13.18 15.72 16.22 16.29 13.75 13.66 15.57 15.89 15.26 18.15 19.81 22.22 20.98 21.85 20.69 22.22 23.58 23.76 22.91 22.46 24.59 24.04 21.23 22.17 23.63 22.23 19.76 22.40 23.22 21.00 19.70 21.39 22.45 21.66 22.43 23.08 25.11 26.08 26.92 26.24 25.89 24.85 25.25 22.62 21.88 22.89 22.72 20.44 20.07 21.48 20.49 19.08 18.98 19.40 19.21 19.73 22.21 23.58 23.76 24.32 26.11 25.76 23.42 23.49 23.33 20.69 20.02 21.74 20.61 17.72 17.76 18.70 17.10 17.41 18.83 19.20 17.62 19.07 18.46 20.15 21.05 21.06 21.84 25.16 26.26 25.19 27.15 26.56 27.62 26.50 29.37 30.14 29.82 28.08 26.17 26.48 25.23 25.62 23.70 21.66 22.42 22.71 20.06 18.91 21.17 21.15 20.36 19.79 21.70 19.72 18.96 15.75 16.42 15.87 17.77 17.42 20.48 22.10 25.28 27.10 28.49 26.85 25.61 22.37 19.57 17.63 17.47 16.45 15.77 15.88 15.92 17.14 17.30 18.80 22.36 23.48 21.88 21.88 20.90 19.19 19.32 20.67 20.02 22.61 23.27 23.37 24.48 25.89 24.25 24.41 21.74 23.10 23.10 22.22 21.04 22.05 21.63 22.00 24.55 24.53 
21.20 19.82 17.24 17.06 17.09 15.34 11.15 10.57 6.55 5.51 0.00 5.82 7.31 11.25 12.85 15.66 18.40 19.58 19.19 19.52 20.32 22.38 23.99 26.51 27.61 26.21 25.46 25.61 26.79 26.04 28.39 29.57 29.35 26.82 25.29 24.47 23.33 20.08 17.28 15.40 13.46 11.67 10.13 8.93 9.25 9.44 9.85 12.59 16.00 17.99 18.18 17.93 15.55 15.11 16.65 16.97 15.56 18.16 19.89 21.84 20.56 21.03 20.15 21.21 22.68 22.66 22.35 21.16 23.42 22.73 19.99 20.56 22.40 20.61 18.30 20.85 21.89 19.39 18.41 19.70 20.70 19.72 21.04 21.55 23.97 24.90 26.16 25.42 25.00 23.76 24.23 21.28 20.51 21.34 21.33 18.85 18.62 20.31 19.21 17.41 17.28 17.92 18.12 18.87 21.29 22.76 23.35 23.74 25.68 25.01 22.55 22.70 22.47 19.27 18.67 20.20 19.18 16.19 16.17 16.92 15.20 15.36 17.54 17.37 16.10 17.44 17.10 18.07 19.36 19.41 20.67 23.99 25.56 24.06 26.32 25.05 26.34 25.16 28.17 28.59 28.58 26.66 24.95 24.90 23.60 23.94 22.26 20.04 20.79 21.11 18.70 17.61 19.77 20.23 19.66 19.12 20.95 18.88 18.22 14.45 14.78 14.19 15.79 15.65 19.27 21.85 24.80 27.01 28.05 26.73 25.24 21.67 19.14 16.85 16.64 15.00 14.61 14.69 15.06 16.41 16.99 19.37 22.63 24.26 22.68 22.69 21.26 19.47 19.02 20.45 19.66 22.27 23.15 23.30 24.66 25.86 24.17 24.29 22.10 23.37 23.50 22.30 19.69 21.47 21.41 21.65 23.99 24.10 
23.17 21.90 19.61 19.65 19.27 18.76 14.69 13.38 11.09 6.72 5.82 0.00 5.75 6.56 10.67 12.94 15.05 17.29 17.16 18.63 18.91 21.71 23.19 26.19 26.91 25.76 24.21 24.59 25.50 24.53 26.45 27.90 27.49 25.13 23.36 22.97 21.75 18.52 15.15 12.79 11.55 9.75 9.31 8.39 9.08 10.31 11.77 15.09 17.58 19.84 19.46 19.80 17.28 16.40 17.62 17.98 16.41 18.70 19.64 22.11 20.48 21.04 19.55 20.96 22.30 22.53 21.81 20.92 23.15 22.69 19.90 20.70 22.11 20.62 18.08 20.75 21.46 19.00 17.61 19.03 19.61 18.73 19.69 20.25 22.70 23.78 24.87 24.38 23.88 22.55 22.95 20.06 19.57 20.31 19.93 17.97 17.87 19.69 18.16 16.78 16.86 17.47 17.07 18.15 20.91 22.21 22.26 22.95 24.87 24.16 21.57 21.74 21.47 18.25 17.79 19.72 18.37 15.17 15.41 16.46 14.24 14.60 16.29 16.46 14.73 16.16 15.64 16.97 17.87 18.07 19.11 22.68 24.24 22.89 24.84 23.89 25.38 24.35 27.10 27.63 27.53 25.73 23.63 23.89 22.58 22.86 21.05 19.31 20.25 20.67 18.19 17.49 19.89 20.45 19.63 19.31 21.25 19.69 18.82 15.03 15.00 14.18 15.66 15.21 18.24 20.76 23.96 26.04 26.96 25.72 24.31 21.22 18.63 16.95 15.93 14.04 13.43 14.00 14.38 15.45 16.61 19.14 22.35 23.99 22.46 22.64 21.19 19.56 18.90 20.21 19.33 21.82 22.23 22.82 23.78 25.27 23.43 23.66 21.05 22.37 22.13 21.38 19.81 21.04 20.43 21.86 23.19 23.85 
25.68 24.92 22.71 22.10 21.96 21.86 17.97 16.79 12.82 10.78 7.31 5.75 0.00 5.99 6.93 10.03 12.42 14.96 15.36 17.38 18.24 20.21 21.53 24.72 25.43 23.86 22.56 22.95 23.98 22.61 23.92 25.17 25.17 22.51 20.61 19.95 19.42 15.67 12.46 10.65 9.50 9.15 9.76 9.42 10.56 12.69 14.86 16.94 19.54 21.44 21.89 21.82 19.43 18.81 19.81 19.54 17.63 19.55 20.43 22.26 20.75 20.98 19.54 20.88 22.37 22.33 21.44 21.00 23.21 22.59 19.99 20.69 22.45 20.69 18.46 20.96 22.02 19.07 17.61 18.59 19.56 17.97 18.92 19.30 21.87 22.73 23.82 22.81 22.83 21.91 22.15 19.07 18.71 19.69 19.48 17.31 17.62 19.17 18.10 16.79 17.05 17.77 16.89 18.13 20.81 21.85 21.52 21.94 24.18 23.72 20.94 21.18 21.12 18.07 17.43 19.35 18.28 14.96 15.20 16.64 15.05 14.41 15.97 16.28 15.06 15.99 15.17 16.36 17.62 17.27 17.88 21.38 23.32 21.81 23.64 23.02 24.49 23.26 25.95 26.64 26.69 24.66 22.59 23.14 22.42 22.63 20.38 19.05 20.34 20.96 18.39 18.08 20.46 21.20 20.23 19.98 21.94 20.70 19.99 16.20 16.13 15.03 16.40 15.32 17.68 20.02 23.37 25.18 26.12 24.80 23.74 20.38 18.23 16.06 15.43 13.29 13.25 13.46 13.89 15.49 17.36 20.06 23.34 24.83 22.77 23.25 22.05 20.52 19.44 20.74 19.88 21.64 21.82 22.14 23.07 24.63 23.29 23.44 20.83 22.10 22.46 21.99 19.56 20.37 20.77 21.52 23.30 23.55 
27.71 26.83 24.88 24.43 23.92 24.61 20.12 19.30 15.70 13.43 11.25 6.56 5.99 0.00 5.91 7.01 11.00 11.87 13.28 15.58 16.92 18.93 20.71 23.84 24.74 23.46 21.72 22.05 22.89 21.67 23.03 24.22 24.22 21.26 19.12 18.83 18.22 14.14 11.60 9.89 9.54 9.17 10.53 10.45 12.44 15.05 16.78 19.43 21.54 23.63 24.32 23.70 21.58 20.67 21.79 21.09 18.79 20.70 21.41 23.24 21.58 21.67 20.04 21.53 23.14 23.01 22.20 21.39 23.90 23.22 20.64 21.27 23.03 21.24 18.64 21.23 22.03 18.99 17.03 18.42 19.11 17.66 18.46 18.87 21.31 22.41 23.37 22.66 22.50 21.40 21.89 18.95 18.90 20.10 19.82 17.77 17.97 19.58 18.57 17.43 17.53 18.04 17.74 18.49 20.85 22.15 22.24 22.60 24.66 24.35 21.92 21.97 22.12 19.02 18.37 20.29 19.09 15.89 15.81 17.10 15.25 15.02 16.24 16.32 14.48 15.77 14.94 16.13 17.15 17.39 18.07 21.74 23.08 21.81 23.89 23.05 24.41 23.05 26.09 26.94 26.68 24.69 22.65 23.25 22.47 22.80 20.86 19.39 20.83 21.53 19.18 18.95 21.34 22.01 21.37 20.97 23.02 21.46 20.92 16.94 16.21 14.76 15.96 15.09 17.37 19.36 22.45 24.68 25.67 24.88 23.68 20.16 18.01 16.18 14.99 13.49 13.16 13.75 14.39 16.10 18.42 21.12 24.13 25.60 23.79 24.28 23.19 21.14 20.25 21.35 20.26 21.93 22.44 22.76 23.54 25.19 23.99 24.22 21.16 22.48 22.92 22.36 20.58 21.36 21.15 22.07 23.45 24.42 
29.93 29.50 27.70 27.59 26.85 26.79 22.47 22.33 18.93 15.99 12.85 10.67 6.93 5.91 0.00 5.72 7.28 10.40 10.15 13.40 14.02 17.51 18.69 21.69 22.04 22.01 20.28 20.53 20.71 19.68 21.56 22.34 22.28 19.14 17.61 16.80 16.69 12.64 10.28 9.50 9.56 9.57 11.22 12.01 14.01 16.67 19.02 21.54 23.92 26.02 26.41 26.51 23.96 23.03 23.87 23.26 20.61 21.97 22.81 24.37 22.54 22.45 20.82 22.23 23.95 24.16 23.07 22.28 24.88 24.49 21.49 22.20 24.10 22.19 19.34 21.83 22.80 19.39 17.35 18.34 19.22 17.46 18.25 18.65 21.21 22.02 23.22 22.61 22.26 21.36 21.97 19.16 19.02 20.57 20.46 18.08 18.39 20.33 19.36 17.65 17.84 18.60 18.39 19.12 21.63 22.92 23.48 23.84 25.90 25.36 22.76 23.40 23.12 20.05 19.20 21.27 20.46 17.47 17.40 18.41 16.59 16.36 17.91 17.51 15.63 16.34 15.53 16.31 17.32 17.20 18.16 21.77 23.14 21.98 23.99 23.09 24.30 23.28 26.21 26.97 26.70 24.93 23.00 23.53 22.34 23.14 21.26 19.65 21.10 22.17 19.73 19.25 21.97 23.02 22.39 21.88 24.00 22.52 21.85 17.96 17.69 15.68 16.00 14.98 17.86 19.44 22.00 24.21 25.61 24.69 23.41 20.05 17.70 15.85 14.97 13.50 14.07 14.67 15.67 17.39 19.77 22.52 25.60 26.84 25.20 26.01 24.59 22.58 21.39 22.40 20.97 22.69 23.17 23.32 24.05 25.91 24.77 24.68 21.93 23.38 23.79 23.16 20.65 21.40 21.77 22.49 23.96 23.26 
31.86 31.12 29.76 29.78 29.65 29.75 24.42 25.10 21.16 18.56 15.66 12.94 10.03 7.01 5.72 0.00 5.40 7.02 8.36 11.56 13.00 15.68 17.59 20.75 20.98 20.23 18.57 19.08 19.29 17.97 20.24 21.73 21.33 18.35 16.44 15.95 15.83 11.70 9.62 9.47 10.29 9.99 11.89 13.70 15.60 18.37 20.85 23.30 25.65 27.41 28.05 27.93 25.78 24.61 25.51 24.94 22.29 23.96 24.47 26.12 24.07 23.88 21.81 23.10 24.54 24.77 23.76 23.02 25.31 25.09 21.84 22.96 24.51 22.70 19.73 22.64 23.07 19.85 17.39 18.74 19.12 17.34 18.06 18.86 21.21 22.62 23.64 23.10 22.75 21.48 22.00 18.70 18.73 20.54 20.42 18.20 18.46 20.84 19.41 17.65 18.28 19.08 18.48 19.71 22.61 23.85 23.87 24.73 26.75 26.05 22.93 23.89 23.45 19.97 19.38 22.13 20.97 17.81 17.96 19.30 17.26 17.00 18.32 17.98 16.32 16.29 15.12 15.99 17.43 17.03 17.42 21.41 23.02 21.75 23.66 22.59 24.10 23.25 26.24 27.16 26.74 25.17 22.69 23.26 22.06 23.00 21.18 19.31 21.02 22.18 19.69 19.28 21.85 23.17 22.70 22.07 24.30 22.67 22.36 18.43 18.25 16.38 16.62 14.69 17.21 18.79 21.59 23.29 24.51 23.82 22.55 18.82 16.51 15.11 14.37 13.13 13.44 15.07 16.08 17.91 19.87 22.88 25.72 27.00 25.40 26.16 25.09 23.00 21.84 22.86 20.97 22.79 23.05 23.67 24.70 26.29 24.58 24.98 21.91 23.16 23.64 23.21 21.45 21.90 21.75 22.92 24.16 24.13 
34.05 33.46 32.25 32.08 31.26 31.31 27.11 26.61 22.92 20.49 18.40 15.05 12.42 11.00 7.28 5.40 0.00 5.87 6.56 9.82 11.46 14.85 16.30 18.89 19.24 18.62 16.70 17.18 17.16 15.97 18.68 20.33 20.56 17.43 15.41 14.89 14.78 11.87 10.16 9.98 11.53 12.37 14.08 15.46 17.59 19.90 22.53 24.87 27.23 29.12 29.71 29.61 27.42 26.58 27.51 26.79 24.12 25.83 26.51 28.05 25.91 25.51 23.42 24.64 25.83 25.73 24.76 24.17 26.54 26.03 22.76 23.85 25.64 23.61 20.90 23.55 24.26 20.51 18.38 19.51 20.13 17.94 18.73 19.16 21.79 23.09 24.30 23.28 23.02 22.34 22.92 19.26 19.01 21.24 21.51 19.27 19.32 21.70 20.76 19.54 19.80 20.62 19.75 21.12 24.20 25.33 25.14 25.73 28.25 27.37 24.61 24.93 24.80 21.64 21.32 23.73 22.69 19.42 19.52 20.98 19.12 18.21 19.32 19.12 17.61 17.24 15.23 16.25 18.00 17.02 17.02 21.12 23.21 21.86 23.57 22.68 24.37 23.48 26.46 27.43 27.31 25.41 23.10 23.84 22.90 23.94 22.37 20.64 22.42 23.17 20.92 20.30 22.80 23.92 23.85 23.00 24.83 23.46 23.14 19.39 19.17 17.79 18.12 15.77 17.39 19.05 21.68 22.81 23.46 22.62 21.74 18.01 16.17 14.59 14.97 13.79 14.89 16.28 17.83 19.48 21.22 23.59 26.56 27.58 26.09 26.75 25.89 23.67 22.35 23.33 21.89 23.21 23.54 23.88 25.38 26.67 24.98 25.61 23.28 23.84 23.92 23.82 22.23 21.79 22.26 23.08 25.70 25.27 
34.73 33.65 32.51 32.58 31.96 31.93 28.17 27.96 22.96 21.11 19.58 17.29 14.96 11.87 10.40 7.02 5.87 0.00 5.27 7.27 9.77 12.32 14.95 17.60 18.00 17.63 16.09 16.03 16.15 15.77 18.39 19.76 19.66 16.38 14.64 14.55 14.52 12.09 10.56 11.10 12.32 13.77 15.36 17.31 18.97 21.14 23.57 25.82 28.49 29.99 30.70 30.46 28.47 27.66 28.40 27.84 25.35 26.90 27.42 29.12 26.94 26.43 24.27 25.54 26.79 26.59 25.53 25.03 27.41 26.99 23.83 24.87 26.67 24.81 22.09 24.84 25.41 22.01 19.74 20.71 21.06 19.21 19.46 19.49 21.97 23.47 24.27 23.53 23.30 22.58 22.94 20.20 20.18 21.85 21.75 19.99 20.07 22.09 21.46 20.27 20.23 20.88 20.75 22.01 24.45 25.91 25.84 26.68 28.77 28.49 25.41 26.04 25.75 22.93 22.14 24.63 23.41 20.60 20.70 21.72 19.66 19.40 20.65 20.13 18.29 18.30 16.73 17.30 18.51 17.90 18.09 21.88 23.41 22.15 23.86 22.94 24.39 23.59 26.47 27.66 27.28 25.69 23.42 24.46 23.37 24.52 23.11 21.86 23.26 24.01 21.66 21.58 23.77 24.79 24.50 23.91 25.85 24.31 24.20 20.37 20.16 18.19 18.59 16.46 18.06 18.63 21.03 22.35 23.48 22.21 21.15 17.35 15.69 14.79 15.12 14.58 15.76 17.90 18.87 20.22 21.90 24.55 27.23 28.63 27.09 27.69 26.44 24.31 22.78 23.90 22.26 23.96 23.97 24.25 25.16 26.70 25.18 25.49 22.89 23.87 24.11 23.77 22.78 22.55 21.91 23.47 26.06 26.25 
35.51 34.36 33.32 33.36 32.40 31.44 27.84 27.60 23.58 20.39 19.19 17.16 15.36 13.28 10.15 8.36 6.56 5.27 0.00 5.63 6.85 10.21 12.02 15.11 15.96 15.97 14.56 14.71 14.40 13.87 16.85 17.96 17.81 14.86 13.45 13.25 13.45 10.99 10.20 10.96 11.94 13.29 15.68 16.98 18.78 21.26 24.02 26.32 28.47 30.02 30.25 30.27 28.52 27.68 28.33 28.42 25.74 26.76 27.08 28.50 26.61 26.02 23.90 25.27 26.45 26.54 25.38 24.79 27.23 27.17 23.98 25.06 26.91 25.22 22.33 25.00 25.74 22.48 20.48 21.26 21.73 19.56 19.61 19.66 22.16 23.07 24.13 23.49 23.19 22.18 22.39 20.22 19.99 21.44 21.20 19.26 19.66 21.36 20.55 19.28 19.33 20.22 20.52 21.59 24.09 25.43 26.03 26.48 28.64 27.91 25.26 25.94 25.73 22.92 22.02 24.27 23.01 20.38 20.48 21.68 19.54 19.55 21.13 20.47 18.41 18.35 16.90 17.58 18.04 17.16 17.69 21.34 22.68 21.44 23.22 22.38 23.69 22.84 25.65 26.60 26.45 24.85 23.03 24.06 22.85 24.22 22.76 21.58 22.97 23.85 21.48 21.26 23.92 24.91 24.33 23.79 25.74 24.29 23.65 19.85 19.74 17.62 17.63 16.10 18.07 18.15 19.53 21.54 22.45 20.83 19.62 16.41 14.70 13.69 14.26 14.37 15.63 17.58 18.63 20.08 21.53 24.14 27.07 28.45 27.19 27.28 25.64 23.86 22.53 23.49 22.08 23.41 23.38 23.35 23.77 25.56 24.26 24.45 22.06 23.41 23.39 23.26 21.39 21.48 21.97 23.25 26.17 24.76 
36.22 35.66 34.84 34.54 33.61 33.18 29.47 29.08 24.45 22.38 19.52 18.63 17.38 15.58 13.40 11.56 9.82 7.27 5.63 0.00 5.68 7.36 10.03 13.15 13.94 13.80 13.09 14.13 14.01 13.49 16.46 17.93 17.80 14.93 13.71 13.81 14.06 11.80 10.93 12.69 13.28 14.37 16.12 18.52 19.73 22.36 25.41 27.59 29.59 31.28 31.44 31.50 29.78 29.25 30.37 29.80 27.45 28.36 28.87 29.90 28.22 27.69 25.85 26.60 27.84 27.82 26.64 25.94 28.58 28.36 25.34 26.20 28.31 26.34 23.36 26.12 26.92 23.66 21.43 22.69 22.99 20.71 20.70 21.26 23.58 24.48 25.21 24.68 24.09 23.15 23.47 20.69 20.53 22.24 22.06 19.50 19.87 22.23 21.24 19.56 20.15 21.19 21.03 22.35 25.28 26.58 26.63 27.51 29.33 28.75 26.04 26.57 26.59 23.60 22.95 25.14 23.99 21.29 21.54 22.69 20.48 20.43 21.90 21.61 19.56 19.47 17.82 18.75 19.16 18.07 17.98 22.16 23.25 22.05 23.55 23.05 24.43 23.64 26.20 27.23 27.03 25.52 23.99 24.85 23.82 25.06 23.76 22.43 23.98 25.01 22.88 22.38 24.69 25.78 25.06 24.45 26.18 24.90 24.45 20.60 20.55 18.25 18.80 16.77 18.58 19.43 21.14 22.54 23.12 21.92 20.50 17.27 15.91 14.87 15.83 16.37 17.53 19.44 19.62 21.01 22.42 25.27 27.89 29.49 27.73 27.76 26.24 24.19 23.09 23.96 22.60 23.86 23.95 23.76 24.70 25.87 24.97 24.74 23.01 23.86 24.22 23.72 22.53 22.39 22.18 24.29 26.47 26.22 
37.27 36.60 36.21 35.53 33.78 33.71 30.22 29.36 24.77 22.82 20.32 18.91 18.24 16.92 14.02 13.00 11.46 9.77 6.85 5.68 1.08 5.91 7.15 9.55 11.60 11.93 10.60 11.94 13.01 12.68 14.52 16.66 16.91 14.75 13.08 13.22 14.51 12.68 11.92 12.82 14.57 15.16 16.46 18.36 20.38 22.94 25.47 27.59 29.54 31.18 31.75 31.80 29.67 29.82 30.98 30.74 27.79 29.02 29.52 30.72 28.45 28.36 26.39 27.30 28.07 28.23 26.78 26.40 28.52 28.70 25.40 26.46 28.47 26.73 23.63 26.40 27.24 24.14 21.91 23.11 23.53 21.28 21.15 21.54 23.73 24.56 25.48 24.33 23.88 23.37 23.79 20.81 20.39 22.12 22.29 19.89 19.85 22.26 21.14 19.95 20.02 21.49 20.55 22.31 25.47 26.54 26.21 27.11 29.30 28.67 26.01 26.70 26.69 23.77 23.12 25.44 24.21 21.52 21.73 23.03 20.90 20.54 21.72 21.53 19.87 19.50 18.09 18.85 19.45 18.15 18.11 21.60 22.99 21.77 23.32 22.88 24.16 23.24 25.97 26.84 26.57 25.17 23.82 24.83 23.73 25.03 23.65 22.68 23.81 25.11 22.86 22.42 24.41 25.58 24.74 24.07 25.57 24.58 23.97 20.23 20.18 18.53 19.22 16.92 18.67 19.64 21.50 22.01 22.42 21.14 20.50 17.41 16.21 15.48 16.70 16.71 17.97 19.26 19.84 20.91 22.29 25.08 27.75 28.85 26.89 26.92 25.94 23.94 22.74 23.67 22.44 23.76 23.99 23.63 24.37 25.52 24.35 24.84 22.94 23.84 23.74 23.66 22.16 22.17 22.60 23.79 26.98 27.03 
37.71 36.88 36.29 36.27 34.71 33.16 30.94 30.63 26.01 23.56 22.38 21.71 20.21 18.93 17.51 15.68 14.85 12.32 10.21 7.36 5.91 1.10 6.13 8.13 10.20 11.63 11.46 12.14 13.25 13.41 15.71 17.06 17.39 14.89 14.19 14.48 15.99 15.00 14.65 15.81 17.30 18.60 19.11 21.08 22.96 25.08 27.43 29.69 31.66 33.27 33.42 33.83 31.97 31.37 32.56 32.27 29.88 30.68 31.31 32.61 30.55 30.04 28.42 29.18 30.13 30.02 29.06 28.34 30.65 30.49 27.63 28.36 30.32 28.55 25.75 28.41 29.12 26.06 24.12 25.23 25.49 23.75 23.60 23.69 25.39 26.60 27.22 26.52 25.46 24.76 25.17 22.77 22.29 23.66 23.66 21.81 21.71 23.83 22.96 22.08 21.86 22.84 22.83 24.52 27.13 28.52 28.14 29.11 30.99 30.36 27.41 27.78 28.00 25.15 24.21 26.47 25.57 22.85 23.15 24.30 22.15 22.04 23.26 23.20 21.11 21.16 19.64 20.71 21.03 20.22 20.12 24.08 24.94 23.63 24.84 24.25 25.43 24.71 27.24 28.46 27.85 26.68 25.18 26.23 25.12 26.45 25.26 24.17 25.57 26.58 24.42 23.98 26.15 26.87 26.06 25.25 26.97 25.81 25.34 21.96 21.82 19.82 20.39 18.40 19.99 20.67 22.21 23.88 23.88 22.74 21.91 19.01 17.93 17.72 19.21 19.45 20.08 21.35 21.87 22.64 23.99 26.57 28.91 30.14 28.16 28.58 27.25 25.37 24.01 24.99 24.02 25.50 25.20 24.98 25.55 27.07 25.81 25.97 23.92 24.81 25.02 24.48 23.66 23.57 23.11 25.04 27.76 27.98 
38.58 37.78 37.05 36.64 35.50 34.58 31.61 30.92 27.74 25.32 23.99 23.19 21.53 20.71 18.69 17.59 16.30 14.95 12.02 10.03 7.15 6.13 2.21 6.15 8.62 9.81 11.77 12.43 13.14 14.05 17.12 17.44 17.27 15.81 15.70 16.36 17.19 16.59 16.30 17.64 19.01 20.28 21.51 23.17 24.87 27.21 29.30 31.62 33.37 34.68 35.01 35.32 33.62 33.07 33.93 34.05 31.72 32.47 32.82 34.20 31.98 31.64 30.02 31.09 31.67 31.69 30.77 30.10 32.11 32.07 29.05 30.14 31.80 30.25 27.43 30.12 30.57 27.81 26.08 27.12 27.40 25.55 25.53 25.58 27.64 28.19 29.00 28.06 27.53 26.34 26.27 23.99 23.58 24.98 24.69 22.83 23.11 25.01 24.30 23.34 23.29 24.38 24.68 26.01 28.44 29.49 29.91 30.20 32.28 31.27 28.38 28.74 28.84 26.09 25.00 27.30 26.30 23.74 23.74 25.13 22.85 23.03 24.27 24.01 22.12 22.32 21.07 22.12 22.35 21.30 21.84 25.52 26.35 24.94 26.35 25.50 26.69 25.65 28.56 29.23 29.03 27.70 26.33 27.14 26.18 27.69 26.43 25.27 26.74 27.79 25.31 24.98 27.35 28.17 26.89 26.28 28.27 26.86 26.29 23.06 23.22 20.99 21.50 19.96 21.68 21.71 23.29 24.84 25.65 24.23 23.44 21.26 20.19 20.05 21.20 21.42 22.26 23.33 23.79 24.70 25.62 27.78 29.91 30.88 29.26 29.47 28.37 26.62 25.36 26.56 25.48 26.79 26.52 26.18 27.13 28.45 26.88 27.07 24.91 26.01 25.66 25.64 23.93 24.18 24.95 25.61 28.77 27.30 
39.93 39.68 38.87 38.38 37.73 36.56 34.25 33.22 30.01 28.45 26.51 26.19 24.72 23.84 21.69 20.75 18.89 17.60 15.11 13.15 9.55 8.13 6.15 1.54 6.63 8.65 10.05 12.62 14.31 15.12 17.96 18.88 18.39 17.56 18.12 17.96 18.92 18.45 18.67 20.24 21.32 22.49 23.49 25.10 26.92 29.26 31.92 33.53 35.35 37.32 37.06 37.46 35.91 35.32 36.31 35.79 33.87 34.85 35.16 36.54 34.28 34.14 32.46 33.20 33.88 33.84 32.71 32.30 34.00 34.08 30.92 31.94 33.67 32.17 29.36 32.23 32.54 30.34 28.32 29.57 29.54 28.03 27.68 28.14 29.69 30.62 30.87 30.21 29.08 28.26 28.20 25.80 25.05 26.84 26.71 24.99 24.90 27.43 26.44 25.59 25.84 26.82 26.79 28.24 30.39 31.87 31.73 32.55 34.05 33.53 30.34 30.56 30.27 27.78 26.97 28.94 27.70 25.36 25.39 26.34 24.37 24.76 25.72 25.55 23.95 24.40 22.89 24.06 24.13 23.48 23.64 27.35 28.06 26.96 27.97 27.13 28.03 27.60 29.86 31.34 30.39 29.65 27.83 28.98 27.72 29.44 28.19 27.20 28.43 29.53 27.23 26.91 28.84 29.58 28.48 28.23 29.77 28.59 28.02 25.08 24.94 23.26 23.90 22.13 23.80 24.55 26.32 27.74 27.77 27.00 26.30 23.78 22.81 22.75 23.72 23.72 24.31 25.18 25.67 26.08 26.94 29.29 31.28 32.42 30.40 31.05 29.74 28.05 26.66 28.17 26.99 28.52 27.63 27.86 28.96 30.41 28.25 29.00 26.71 27.84 27.66 27.07 26.13 26.06 25.49 27.21 29.68 29.05 
40.38 40.04 39.65 38.84 38.28 37.95 35.32 34.13 30.71 29.05 27.61 26.91 25.43 24.74 22.04 20.98 19.24 18.00 15.96 13.94 11.60 10.20 8.62 6.63 1.07 6.40 7.71 9.65 12.09 13.73 16.69 18.16 18.66 17.16 16.81 17.42 19.24 18.90 19.30 20.59 21.62 22.74 23.86 25.33 27.06 29.76 31.93 33.38 35.18 36.91 37.26 37.30 36.03 35.74 36.63 36.41 34.00 34.97 35.36 36.50 34.35 34.12 32.50 33.31 33.75 33.94 33.08 31.98 33.83 33.96 30.98 31.75 33.32 32.08 29.37 31.85 32.36 29.96 28.50 29.38 29.46 27.79 27.92 27.69 29.35 29.94 30.86 29.44 28.52 27.66 28.19 25.56 24.78 26.50 26.82 24.96 24.78 27.06 26.52 25.86 25.88 26.79 26.60 27.83 30.54 31.51 31.79 32.09 33.91 33.08 30.30 30.50 30.17 27.55 26.96 28.94 27.61 25.00 25.15 26.40 24.34 24.35 25.41 25.36 23.97 24.12 22.65 23.57 24.11 23.25 23.37 26.60 27.70 26.37 27.75 26.46 27.48 26.58 29.80 30.37 29.87 28.48 27.57 28.39 27.21 28.61 27.84 26.61 27.83 28.76 26.77 26.40 28.07 28.83 28.19 27.55 29.09 27.74 27.71 24.59 24.42 23.32 24.34 22.40 24.15 25.16 27.65 28.23 28.17 27.38 27.05 24.39 22.88 22.57 24.05 23.67 24.16 25.01 25.41 25.79 26.28 28.54 30.89 31.57 29.46 29.82 29.10 27.46 26.40 27.63 26.72 28.31 28.34 27.76 29.06 29.91 28.27 28.86 27.12 27.85 27.52 27.44 26.22 26.39 26.91 27.01 30.65 30.22 
39.16 38.87 38.47 38.40 36.93 35.63 33.82 33.06 29.03 27.28 26.21 25.76 23.86 23.46 22.01 20.23 18.62 17.63 15.97 13.80 11.93 11.63 9.81 8.65 6.40 0.18 5.54 7.15 8.94 11.04 13.69 15.91 16.17 15.52 15.08 15.17 17.88 17.71 18.03 19.39 20.26 21.59 22.53 24.07 25.93 27.95 30.62 32.16 33.80 35.76 36.06 36.28 34.56 33.72 35.06 34.74 32.50 33.06 33.88 34.95 33.14 32.72 31.65 32.16 32.96 32.92 32.19 31.04 32.97 32.94 30.22 30.75 32.53 30.90 28.32 30.75 31.45 28.62 27.21 28.35 28.63 26.82 26.80 26.73 28.05 28.94 29.30 28.43 27.18 26.41 26.88 24.46 23.78 25.09 25.24 23.30 23.24 25.31 24.81 24.10 24.25 25.08 25.13 26.62 28.97 30.38 30.11 30.89 32.87 32.01 28.95 29.04 28.87 25.96 25.11 27.36 26.25 23.21 23.40 24.78 22.71 22.57 23.74 23.84 22.32 22.56 21.07 21.96 22.68 22.03 22.00 25.56 26.48 25.47 26.30 25.61 26.40 25.78 28.34 29.59 28.59 27.73 26.44 27.50 26.24 27.50 26.50 25.58 26.89 27.69 25.50 25.14 27.35 27.76 26.65 26.20 27.80 26.69 26.10 23.23 23.36 22.03 23.01 21.27 23.23 24.49 26.87 28.14 27.87 27.05 26.35 23.83 22.39 21.78 23.06 22.80 23.19 23.94 24.12 24.71 25.57 27.70 29.71 30.85 28.66 29.22 28.19 26.58 25.40 26.75 25.92 27.63 27.04 26.94 27.77 29.36 27.57 27.88 25.97 26.74 26.82 26.17 25.57 25.53 24.74 26.60 29.47 29.36 
38.63 38.31 38.35 37.99 36.38 35.25 32.87 31.63 28.55 26.30 25.46 24.21 22.56 21.72 20.28 18.57 16.70 16.09 14.56 13.09 10.60 11.46 11.77 10.05 7.71 5.54 0.30 5.58 6.83 7.60 11.89 12.94 13.33 12.76 13.26 14.05 15.84 15.35 15.80 17.05 18.53 19.90 21.05 22.58 24.35 26.76 29.10 30.77 32.17 34.04 34.71 34.90 32.79 32.34 33.32 33.06 30.49 31.38 31.93 33.41 31.32 31.35 30.04 31.22 31.74 31.89 30.79 30.08 32.04 32.07 28.88 29.83 31.44 29.86 26.98 29.70 30.37 27.73 25.92 27.16 27.59 25.84 25.57 25.57 27.14 27.62 27.96 26.91 26.26 25.41 25.47 23.03 22.47 23.86 23.72 21.81 21.71 23.81 23.12 22.27 22.19 23.44 23.45 24.92 27.33 28.53 28.22 29.37 31.54 30.40 27.19 27.42 27.33 24.37 23.21 25.53 24.43 21.44 21.37 22.78 20.85 20.90 21.96 22.03 20.67 21.05 19.84 20.99 21.44 20.63 20.97 24.22 25.23 23.92 25.25 24.66 25.52 24.54 27.31 27.87 27.67 26.43 25.37 26.10 25.19 26.48 25.31 24.22 25.81 26.61 24.06 23.63 26.19 26.66 25.12 24.56 26.66 25.43 24.60 21.65 22.13 20.87 21.90 20.54 22.57 23.50 25.78 27.17 27.58 26.11 25.37 23.28 22.14 21.07 22.20 21.70 22.50 23.06 23.04 23.96 24.74 26.69 28.35 29.24 27.81 28.10 27.05 25.47 24.41 25.81 24.91 26.51 26.18 25.71 26.66 28.10 26.40 26.67 24.74 25.88 25.59 25.38 23.75 24.42 24.67 25.83 29.02 27.68 
39.55 39.50 38.59 38.91 37.37 36.08 33.45 32.96 29.19 27.54 25.61 24.59 22.95 22.05 20.53 19.08 17.18 16.03 14.71 14.13 11.94 12.14 12.43 12.62 9.65 7.15 5.58 0.00 5.71 7.15 8.88 11.21 12.06 11.78 12.36 13.74 15.35 14.83 15.21 16.61 18.34 19.80 20.63 22.10 23.91 26.16 28.98 30.39 32.38 34.05 34.87 34.50 33.15 32.49 33.62 32.89 30.84 31.33 32.32 33.42 31.88 31.56 30.60 31.31 32.13 31.91 31.04 30.07 32.22 32.14 29.12 29.70 31.62 29.88 27.16 29.26 30.35 27.75 26.14 27.03 27.66 25.96 25.86 25.72 27.08 27.49 28.06 26.72 25.77 25.06 25.54 22.98 22.17 23.84 24.06 21.78 21.65 23.87 23.54 22.15 22.50 23.37 23.86 24.95 27.62 28.83 28.72 29.59 31.61 30.57 27.50 27.59 27.22 24.32 23.38 25.21 23.98 21.09 21.15 22.12 20.17 20.27 21.32 20.95 19.91 20.32 19.20 20.23 21.05 20.26 20.53 23.83 24.94 23.83 25.17 24.78 25.45 24.68 27.15 28.05 27.65 26.68 25.52 26.24 25.51 26.75 25.58 24.41 26.00 26.87 24.48 24.06 26.17 26.54 25.23 24.77 26.55 25.31 24.70 21.96 22.41 21.10 22.70 21.42 23.50 24.52 26.96 28.51 28.26 27.23 26.70 24.02 22.76 21.78 22.81 22.10 22.41 23.05 23.40 23.84 24.71 26.64 28.60 29.60 27.78 28.08 27.39 25.90 24.64 26.03 25.48 26.85 26.45 26.16 27.33 28.55 26.81 27.03 25.53 26.08 26.19 25.50 24.68 25.09 24.36 26.41 28.79 28.47 
41.68 41.00 40.62 40.67 39.24 38.59 35.22 34.60 30.55 28.60 26.79 25.50 23.98 22.89 20.71 19.29 17.16 16.15 14.40 14.01 13.01 13.25 13.14 14.31 12.09 8.94 6.83 5.71 0.62 5.89 7.82 9.60 11.04 11.61 12.25 13.86 15.96 15.68 16.32 17.76 19.09 20.86 22.13 23.21 24.56 27.03 28.92 30.71 32.55 34.63 34.87 35.21 33.77 33.53 34.18 33.98 31.63 32.47 33.00 34.39 32.57 32.53 31.20 32.13 32.75 32.91 31.98 31.05 32.73 33.13 30.14 30.65 32.22 30.88 28.09 30.20 30.88 28.64 27.09 28.01 28.11 26.52 26.68 26.32 27.32 27.82 28.74 27.17 25.93 25.30 26.11 23.34 22.52 24.27 24.73 22.59 22.28 24.66 24.29 23.35 23.30 24.40 24.37 25.84 28.37 29.74 29.56 30.67 32.66 31.61 28.69 28.92 28.34 25.29 24.41 26.35 24.90 21.72 21.71 22.73 20.62 20.51 21.41 21.29 20.16 20.73 19.45 20.57 21.51 20.91 20.95 24.35 25.42 24.32 25.62 25.19 26.02 25.06 27.87 28.60 28.35 27.20 26.24 27.05 26.27 27.46 26.26 25.07 26.36 27.33 25.16 24.84 26.67 26.96 26.05 25.71 27.12 25.94 25.77 23.37 23.58 22.74 24.05 23.42 24.90 26.32 28.76 30.18 30.47 29.33 28.60 26.22 24.36 23.50 24.43 23.55 23.81 24.35 24.23 25.03 25.33 27.50 29.38 30.27 28.54 29.04 28.31 26.74 25.74 27.39 26.69 28.32 28.21 27.93 28.79 29.90 28.21 28.85 27.17 27.71 27.54 27.22 25.91 26.68 26.40 27.13 30.34 30.09 
41.09 40.48 40.16 40.26 38.93 37.65 34.93 34.05 29.70 27.90 26.04 24.53 22.61 21.67 19.68 17.97 15.97 15.77 13.87 13.49 12.68 13.41 14.05 15.12 13.73 11.04 7.60 7.15 5.89 0.00 5.97 7.92 8.95 10.18 11.38 13.11 15.28 14.97 15.74 16.59 18.37 20.23 21.43 22.54 24.26 26.22 28.63 30.24 32.38 34.41 34.86 34.95 33.38 32.60 33.77 33.41 31.28 31.80 32.70 34.09 32.66 32.29 31.13 31.99 32.70 32.78 32.04 30.98 32.69 32.86 29.99 30.39 31.88 30.27 27.67 29.92 30.64 28.09 26.71 27.76 27.86 26.17 26.11 26.00 26.87 27.32 27.96 26.66 25.20 24.52 25.10 22.72 21.88 23.67 24.01 22.05 21.87 24.23 23.94 22.85 23.18 24.13 24.49 25.77 28.68 29.94 29.80 30.63 32.63 31.42 28.15 28.36 27.69 24.49 23.29 25.46 23.84 20.53 20.35 21.50 19.30 19.41 20.36 20.18 18.97 19.83 18.57 19.40 20.86 20.41 20.67 24.12 25.48 24.51 25.49 25.16 26.02 25.40 27.64 28.86 28.31 27.40 26.01 27.12 26.03 27.24 26.13 25.09 26.52 27.26 24.89 24.65 26.88 27.08 25.69 25.48 27.17 26.00 25.46 23.24 23.62 22.81 24.12 23.64 25.65 26.81 29.14 31.20 31.01 30.09 28.77 26.50 24.74 23.64 24.28 23.73 23.78 24.09 24.18 24.73 25.81 27.50 29.30 30.65 28.77 29.25 28.33 26.78 25.82 27.51 26.73 28.42 28.30 28.18 28.95 30.39 28.63 28.86 27.00 27.69 27.64 26.64 25.85 26.36 25.48 27.12 29.68 29.58 
42.31 42.46 41.94 41.90 40.18 39.77 36.32 35.45 31.38 29.60 28.39 26.45 23.92 23.03 21.56 20.24 18.68 18.39 16.85 16.46 14.52 15.71 17.12 17.96 16.69 13.69 11.89 8.88 7.82 5.97 1.40 6.37 8.68 9.57 11.60 13.23 16.20 15.83 16.27 17.41 19.90 21.74 23.14 24.68 26.53 28.54 30.54 32.13 34.20 35.70 36.07 36.39 34.36 33.95 34.81 34.57 31.94 33.09 33.68 35.38 33.45 33.45 32.09 33.31 34.02 34.21 33.21 32.38 34.21 34.26 31.04 31.68 32.94 31.46 28.67 31.23 31.89 29.42 27.69 28.96 29.39 27.43 27.32 27.25 28.73 28.72 29.28 27.80 26.95 25.75 26.36 23.80 23.24 24.88 25.35 23.49 23.30 25.73 25.40 24.67 24.64 25.98 25.98 27.46 30.63 31.51 31.54 32.24 34.26 32.74 29.32 29.54 28.94 25.37 23.97 26.16 24.80 21.44 20.78 22.03 20.13 20.28 21.47 21.40 20.47 21.44 19.94 21.07 22.21 21.85 22.15 25.70 27.32 26.10 27.52 26.57 27.56 26.83 29.47 30.07 29.97 28.81 27.78 28.47 27.57 28.89 27.80 26.61 28.31 29.11 26.47 25.98 28.69 28.89 27.23 26.71 28.99 27.71 27.28 24.67 25.45 24.58 25.81 25.38 27.61 28.62 31.19 32.93 33.66 32.21 30.84 28.63 26.71 25.64 26.33 25.52 25.82 26.26 25.67 26.55 27.71 29.35 31.25 32.13 30.69 30.96 30.09 28.47 27.47 29.08 28.29 29.96 29.90 29.66 30.45 31.83 30.10 30.41 28.42 29.29 28.93 28.15 26.35 27.19 27.48 27.65 30.87 29.10 
43.49 42.90 42.29 42.00 41.63 40.34 37.36 36.27 32.78 31.00 29.57 27.90 25.17 24.22 22.34 21.73 20.33 19.76 17.96 17.93 16.66 17.06 17.44 18.88 18.16 15.91 12.94 11.21 9.60 7.92 6.37 0.00 6.67 8.62 9.55 11.80 14.59 15.33 15.89 17.54 19.78 21.51 23.39 25.16 26.97 28.71 30.95 33.08 34.82 36.73 36.53 36.85 35.12 34.70 35.41 35.01 32.90 33.84 34.76 36.23 34.41 34.30 33.13 34.20 34.95 34.96 34.03 33.25 35.03 35.08 31.85 32.29 33.56 32.03 29.16 31.32 32.08 29.66 28.11 29.25 29.50 27.95 27.77 27.94 29.10 29.84 29.58 28.83 26.83 26.39 26.50 24.03 23.17 25.18 25.70 23.98 23.46 26.40 25.99 25.16 25.40 26.53 26.69 28.37 31.14 32.67 32.02 33.33 34.72 33.87 29.87 30.20 28.99 25.67 24.23 26.50 25.02 21.76 20.82 22.46 20.29 20.93 21.47 21.58 20.79 21.92 20.15 21.41 22.54 22.43 22.35 26.16 27.37 27.02 27.91 27.11 28.08 27.92 30.06 31.63 30.55 30.49 28.64 29.72 28.43 29.94 28.62 27.78 28.86 29.81 27.28 27.11 29.05 29.58 27.89 27.96 29.55 28.73 27.92 26.11 26.30 25.68 26.92 26.88 28.79 30.58 32.46 34.85 34.74 33.92 31.95 29.70 27.83 26.90 27.27 26.70 26.64 27.25 26.82 27.45 28.44 30.63 32.06 33.60 31.32 32.28 31.03 29.51 28.00 29.86 29.21 31.07 30.56 30.87 31.44 33.10 31.06 31.78 29.55 30.24 29.95 28.78 27.66 28.05 26.86 28.35 30.98 30.07 
