0.00 4.63 7.12 10.11 11.23 14.59 17.55 20.13 22.63 25.81 26.82 27.15 27.68 26.23 23.45 22.22 21.94 20.81 21.56 21.29 21.62 20.70 21.26 21.18 22.41 23.14 25.35 26.57 25.97 27.56 29.36 29.25 27.74 28.02 27.58 24.94 23.41 22.35 22.65 20.52 19.85 20.03 20.40 18.96 18.16 17.92 18.63 19.17 20.08 20.79 22.09 23.86 23.59 22.85 23.74 24.58 24.90 25.38 26.91 26.75 26.22 25.36 24.98 23.31 22.75 21.76 22.57 22.48 23.73 24.99 25.42 26.90 27.75 28.69 28.05 27.58 26.28 25.65 26.11 24.83 25.47 25.44 26.98 27.65 28.10 27.70 27.47 27.80 27.97 28.51 29.72 29.65 29.02 29.57 29.31 29.19 29.35 30.70 31.71 32.00 32.54 32.98 33.30 33.07 31.88 31.46 31.37 31.58 31.05 32.00 33.67 33.91 34.06 34.30 34.37 33.95 33.24 32.77 31.62 31.42 31.58 31.97 33.64 34.12 34.42 33.82 33.62 32.93 32.32 31.79 32.37 31.85 32.30 35.68 
4.63 1.16 3.96 6.88 10.22 13.53 15.74 18.77 21.94 25.48 25.76 25.60 26.37 24.61 22.73 20.75 20.12 18.11 19.60 19.66 20.01 18.72 19.24 19.31 21.52 21.83 23.99 25.47 25.34 26.82 28.89 28.78 27.11 27.26 26.55 23.94 22.70 21.32 21.85 19.25 18.31 18.15 18.96 17.12 16.38 15.86 16.79 17.52 19.05 19.48 20.79 22.66 22.62 21.64 22.49 23.57 23.89 24.53 25.78 25.85 25.14 24.14 23.43 21.91 21.47 20.46 20.97 20.99 22.82 24.08 24.49 26.19 27.29 28.09 27.57 27.01 25.50 24.58 25.37 24.01 25.10 24.47 26.22 26.96 27.80 26.85 26.81 27.40 27.88 27.94 29.29 29.34 29.06 29.11 28.81 28.78 29.30 30.62 31.39 31.69 32.75 32.78 33.43 33.20 32.34 31.73 31.49 31.72 31.04 31.92 34.21 34.35 34.34 34.78 35.01 34.19 33.18 32.59 31.66 31.27 31.43 31.56 33.58 33.16 33.19 33.24 34.14 31.79 29.11 30.47 33.12 31.45 30.06 34.45 
7.12 3.96 0.51 4.68 7.76 11.66 13.32 16.28 19.34 21.78 22.12 21.59 21.80 21.46 20.24 18.06 16.87 15.66 17.43 17.49 17.44 16.34 16.95 17.38 19.57 19.71 21.68 23.07 22.83 24.76 26.90 26.67 24.65 24.65 23.91 21.40 20.27 18.86 19.31 16.88 15.56 15.62 16.58 14.94 14.18 13.54 14.76 15.45 16.86 17.63 19.02 20.77 20.72 19.98 20.94 21.64 21.94 22.59 24.14 23.96 23.08 21.96 21.17 20.02 19.25 18.04 18.40 18.78 20.65 22.14 22.60 24.27 25.35 26.44 26.15 25.36 23.64 22.61 23.72 22.38 23.67 22.81 24.70 25.39 26.27 25.30 25.52 26.04 26.53 26.48 27.84 28.00 27.85 27.87 27.49 27.51 28.18 29.26 30.03 30.28 31.38 31.59 32.20 32.07 31.36 30.71 30.68 30.65 30.04 30.87 33.46 33.35 33.58 33.70 34.25 32.97 31.99 31.26 30.57 29.80 30.25 30.31 32.32 31.97 33.17 32.82 32.89 32.54 32.17 31.41 32.55 32.11 32.79 34.96 
10.11 6.88 4.68 1.21 5.49 8.43 10.98 14.28 16.20 19.31 20.00 20.13 19.72 19.14 17.79 16.51 15.65 13.69 15.80 15.33 15.85 14.78 15.33 15.26 17.07 17.20 19.44 20.76 20.12 22.10 24.01 24.27 22.21 22.44 21.65 20.10 18.67 17.36 17.30 14.95 14.44 14.74 15.79 13.74 13.39 12.63 13.94 14.29 15.81 16.42 18.09 19.68 18.99 18.18 19.44 19.97 19.91 21.12 22.81 22.89 21.85 20.87 20.29 18.67 17.93 16.14 17.13 17.21 18.89 20.04 20.71 22.22 23.03 24.21 23.93 23.81 22.34 21.43 22.26 21.07 22.45 21.77 23.70 24.35 25.25 24.22 24.42 24.82 25.43 25.37 26.80 26.91 26.84 26.66 26.15 26.21 26.92 27.93 28.58 28.88 30.19 30.01 30.64 30.54 30.11 29.16 28.66 28.94 28.44 29.10 31.31 31.80 32.28 31.97 31.97 31.12 30.38 29.41 28.39 28.55 29.23 29.07 30.57 30.63 31.92 31.47 31.80 29.83 28.68 28.27 31.80 30.01 30.70 33.67 
11.23 10.22 7.76 5.49 0.00 5.27 6.88 10.71 12.32 16.57 18.20 17.87 17.98 15.26 13.32 12.44 13.67 12.12 14.21 15.06 15.04 13.93 14.19 13.57 14.59 14.50 17.10 19.16 18.76 19.95 21.52 21.93 20.58 21.17 19.97 16.96 16.47 14.70 15.24 12.42 12.58 13.78 14.74 12.29 11.73 10.77 11.44 11.63 12.93 14.21 15.80 18.14 17.24 16.53 17.69 18.77 18.71 20.05 21.85 22.11 21.52 20.82 20.00 18.02 16.66 14.78 15.14 14.91 15.96 17.34 17.55 19.57 20.45 21.36 20.95 20.60 19.90 18.73 19.82 18.25 19.92 19.69 22.08 23.05 23.31 22.51 22.28 22.86 22.99 23.53 25.25 25.37 24.44 24.76 24.30 24.22 24.33 26.04 26.99 27.49 28.31 28.73 29.21 29.14 28.27 27.54 27.14 27.59 26.93 27.89 29.86 30.46 30.69 30.73 30.69 30.05 29.24 28.46 27.08 27.23 27.50 27.98 28.91 29.43 30.20 30.96 30.64 29.82 30.06 32.08 31.51 30.08 29.49 35.32 
14.59 13.53 11.66 8.43 5.27 0.00 5.86 7.35 10.64 14.66 16.73 16.61 17.01 14.93 12.56 11.83 12.10 10.81 13.42 15.21 15.16 13.19 13.00 12.30 14.00 14.08 15.96 18.58 18.34 20.30 21.04 22.09 20.53 21.58 19.39 16.90 16.17 14.77 15.67 13.19 13.37 14.91 16.17 14.11 12.67 11.25 11.54 11.58 13.41 14.75 15.78 18.82 18.01 16.98 17.84 19.22 19.51 21.02 22.74 23.20 22.57 21.64 20.41 18.62 17.26 15.24 15.06 15.00 16.16 18.03 17.70 20.61 21.12 22.18 20.95 20.89 19.76 18.86 19.58 18.31 20.12 20.04 22.26 23.99 24.18 23.32 22.69 23.59 24.03 24.18 26.11 26.33 25.83 25.56 24.98 24.88 25.29 26.87 27.91 28.42 29.79 29.58 30.30 30.22 29.85 28.70 28.32 28.85 28.33 29.06 31.50 31.99 32.51 32.27 32.37 31.49 30.57 29.48 28.09 28.08 28.47 28.81 30.09 30.59 31.70 32.22 31.70 30.22 29.59 31.05 31.75 30.78 29.90 34.87 
17.55 15.74 13.32 10.98 6.88 5.86 0.00 5.13 6.81 10.77 13.06 13.43 14.48 12.91 11.47 10.17 12.02 10.39 14.04 16.14 17.07 14.29 13.45 12.54 13.32 12.84 14.88 16.76 16.96 18.75 19.77 20.46 19.03 19.17 17.53 15.00 14.80 12.89 13.98 12.52 13.03 14.50 16.07 14.12 12.58 11.39 11.50 10.97 12.51 13.74 14.67 17.28 16.97 15.81 16.15 17.75 18.34 20.02 21.46 22.21 22.17 21.09 19.48 18.06 17.07 14.47 13.93 13.58 15.05 16.62 16.08 18.78 20.02 21.08 19.79 19.48 18.93 17.67 18.33 16.89 19.43 18.91 21.18 22.46 23.32 22.09 21.65 22.55 23.17 23.35 25.08 25.58 25.19 24.82 23.96 24.18 24.71 26.13 26.84 27.71 29.00 28.94 29.39 29.75 29.17 28.16 27.61 28.29 27.81 28.60 31.00 31.67 31.96 31.90 32.02 31.00 30.07 28.93 27.52 27.16 27.54 27.90 29.18 29.57 30.90 31.37 30.78 30.80 30.73 32.51 30.83 31.60 31.41 36.24 
20.13 18.77 16.28 14.28 10.71 7.35 5.13 0.00 5.47 7.82 11.22 12.39 14.23 11.38 11.14 10.77 12.18 11.40 15.08 17.42 18.13 16.02 14.65 12.46 12.99 11.81 14.31 15.78 15.32 17.34 18.54 19.41 17.67 17.69 15.57 13.91 13.86 12.08 13.92 13.46 14.48 16.16 17.93 16.33 14.76 12.91 13.40 12.38 13.31 14.53 16.02 17.79 17.16 16.20 16.94 17.87 18.65 20.57 22.31 23.36 23.03 22.10 20.44 18.91 17.98 15.41 15.14 14.50 15.27 16.55 16.09 18.90 19.81 20.84 19.11 19.65 18.59 17.91 18.52 17.51 20.10 19.90 22.00 23.44 23.80 22.94 22.39 23.14 23.79 23.99 25.87 26.30 25.81 25.52 24.88 24.83 25.29 26.85 27.64 28.09 29.32 29.29 30.06 30.06 29.64 28.68 28.11 28.68 28.15 29.04 31.51 31.98 32.52 32.12 32.26 31.06 30.09 29.09 27.69 27.86 28.43 28.73 29.89 30.73 32.41 32.76 31.36 30.59 30.23 31.67 31.17 30.62 30.55 35.04 
22.63 21.94 19.34 16.20 12.32 10.64 6.81 5.47 0.00 5.46 6.81 9.08 11.81 10.27 9.84 10.86 12.96 12.69 16.02 18.53 19.13 17.13 15.43 13.84 13.02 11.90 13.65 14.53 13.34 14.51 15.10 16.37 15.54 15.53 13.37 12.15 12.66 11.55 13.60 14.32 15.49 17.36 18.83 17.93 16.94 14.55 14.17 13.76 13.89 14.71 16.00 17.67 16.76 16.23 17.01 18.04 18.46 21.02 22.99 24.15 23.88 23.21 21.38 19.46 19.07 16.85 16.48 15.40 15.69 16.40 15.39 17.48 17.50 19.27 18.34 18.96 18.62 17.90 18.80 17.62 19.98 20.05 23.10 24.09 24.37 23.29 22.66 23.28 23.79 24.51 26.66 26.93 26.32 26.33 25.14 25.28 25.11 27.06 27.70 28.07 29.20 29.55 30.03 30.09 29.08 28.82 28.12 28.90 27.95 29.34 31.09 31.85 31.78 32.06 31.87 31.05 29.96 29.39 27.79 28.23 28.19 28.93 29.75 30.35 32.10 31.51 30.80 29.38 30.34 33.09 32.04 30.47 32.02 33.83 
25.81 25.48 21.78 19.31 16.57 14.66 10.77 7.82 5.46 0.51 5.73 7.57 10.65 10.96 12.03 12.65 16.03 15.71 18.92 21.37 21.95 20.57 18.80 16.51 15.59 13.88 15.16 15.76 14.67 16.16 16.72 18.27 16.64 17.62 15.83 14.52 14.68 14.22 17.18 17.24 18.20 20.27 21.74 20.63 19.64 17.91 17.51 16.74 17.08 16.70 17.43 19.51 19.16 18.52 19.59 21.00 21.55 23.63 25.66 26.87 26.85 25.91 24.37 22.46 21.53 19.65 19.23 17.47 17.55 18.52 17.47 19.05 19.41 21.27 20.57 21.16 20.91 20.40 21.37 20.13 22.60 23.03 26.01 27.14 27.14 26.20 25.67 26.20 26.89 27.38 29.36 29.67 29.22 29.15 28.07 27.95 28.14 29.93 30.54 31.04 32.14 32.30 32.97 33.05 32.25 31.76 31.15 31.72 30.96 32.13 34.40 34.77 35.04 35.29 35.10 34.23 33.02 32.26 30.79 30.93 31.12 31.79 33.16 33.92 34.67 35.26 34.07 32.70 32.37 34.38 33.86 33.08 34.14 34.38 
26.82 25.76 22.12 20.00 18.20 16.73 13.06 11.22 6.81 5.73 0.26 4.81 8.27 10.13 12.12 13.49 16.59 16.59 20.71 23.28 23.91 23.11 21.34 18.79 17.39 15.44 15.55 15.59 14.17 15.71 17.01 17.96 16.80 17.28 16.35 14.77 16.25 15.06 17.87 18.07 19.37 20.64 22.14 21.12 20.63 19.24 18.86 17.19 17.32 16.56 16.69 18.90 19.61 18.89 19.43 21.14 21.76 24.15 25.98 27.47 27.11 26.81 24.99 23.05 21.97 19.99 19.70 17.92 17.80 18.59 17.18 19.12 19.69 21.69 21.22 22.21 22.12 21.40 22.76 21.39 24.34 24.12 26.69 27.74 28.04 26.96 26.46 27.13 27.79 27.98 29.70 30.16 29.69 29.72 28.61 28.78 29.09 30.62 31.17 31.60 32.62 32.96 33.63 33.88 33.04 32.44 31.71 32.44 31.52 32.96 35.25 35.63 36.10 36.05 36.09 34.85 33.73 33.07 31.31 31.51 31.36 32.16 33.57 34.05 35.60 35.33 34.61 33.20 33.36 35.48 35.58 33.42 35.58 36.18 
27.15 25.60 21.59 20.13 17.87 16.61 13.43 12.39 9.08 7.57 4.81 0.00 5.34 7.19 9.12 11.39 15.00 15.49 19.29 22.15 22.41 21.23 19.60 17.74 15.60 13.27 12.81 13.12 11.49 13.69 14.11 15.44 14.75 15.47 14.15 13.40 15.13 14.52 16.86 17.00 18.12 19.13 21.05 19.93 18.68 17.43 18.24 16.06 15.69 15.08 15.35 16.80 16.73 16.49 17.48 18.84 19.72 21.96 24.34 25.44 25.60 25.31 23.70 21.96 20.55 18.55 18.13 16.33 15.33 16.02 14.95 17.34 17.61 19.62 19.70 20.79 20.50 20.12 21.51 20.57 23.02 23.04 25.39 26.55 26.57 25.70 25.36 26.01 26.38 26.78 28.67 28.91 28.17 28.49 27.61 27.77 27.79 29.40 29.76 30.16 30.98 31.57 32.24 32.60 31.56 31.22 30.51 31.20 30.62 31.61 33.74 34.29 34.57 34.54 34.36 33.26 32.25 31.68 30.21 30.54 30.50 31.36 32.52 33.19 34.26 34.91 33.53 32.33 31.89 34.05 34.60 34.09 34.92 35.53 
27.68 26.37 21.80 19.72 17.98 17.01 14.48 14.23 11.81 10.65 8.27 5.34 0.00 5.33 7.07 10.31 13.63 14.70 18.64 21.25 21.85 20.49 18.92 17.11 15.05 12.63 12.41 12.25 12.85 13.52 14.58 15.70 15.35 15.98 14.77 13.72 16.45 15.44 17.87 18.23 19.58 20.59 22.15 21.46 20.09 18.72 19.08 17.85 17.43 16.52 16.93 17.76 16.77 16.81 17.31 19.02 20.08 22.08 24.23 26.04 25.94 25.20 23.53 21.69 20.75 18.28 17.78 15.46 15.42 16.19 15.14 16.77 17.84 20.21 19.98 20.79 20.72 20.62 21.74 21.00 23.41 23.58 26.21 27.24 27.18 26.69 25.99 26.47 26.89 27.68 29.38 29.60 28.76 29.29 28.29 28.19 28.03 29.95 30.24 30.35 30.99 31.99 32.71 32.81 31.96 31.77 31.01 31.74 30.58 32.27 34.09 34.58 34.86 34.75 34.64 33.47 32.42 32.19 30.60 30.96 30.90 31.84 32.76 33.04 34.24 34.39 33.56 31.34 32.33 35.60 36.01 33.49 34.71 34.92 
26.23 24.61 21.46 19.14 15.26 14.93 12.91 11.38 10.27 10.96 10.13 7.19 5.33 0.00 5.87 7.70 11.22 11.99 15.93 18.71 19.28 17.81 16.04 12.78 10.96 9.89 9.49 10.24 9.96 11.75 13.14 14.14 13.20 14.31 12.92 12.05 13.40 13.08 15.35 15.61 17.20 19.55 20.57 19.12 17.97 16.49 16.78 16.48 16.04 15.36 15.97 16.86 15.04 13.50 15.04 16.78 17.43 19.77 22.22 23.85 23.89 23.24 21.36 19.69 18.52 16.18 14.97 12.48 12.97 14.37 12.81 14.56 16.16 18.70 18.36 19.23 19.17 19.25 19.78 19.21 21.49 21.78 24.55 25.88 25.83 25.06 24.46 24.93 25.57 25.97 27.71 28.09 27.51 27.62 26.77 26.52 26.88 28.50 29.18 29.42 30.57 30.85 31.74 31.74 30.98 30.48 30.14 30.61 29.78 30.93 33.20 33.42 33.69 33.48 33.69 32.42 31.67 30.57 29.41 29.50 29.83 30.20 31.44 31.75 33.27 33.24 32.09 30.58 30.91 33.47 33.93 32.92 33.62 34.27 
23.45 22.73 20.24 17.79 13.32 12.56 11.47 11.14 9.84 12.03 12.12 9.12 7.07 5.87 0.00 5.23 7.81 9.29 12.65 15.15 16.09 15.02 13.48 9.71 8.22 8.30 9.53 9.33 8.78 11.53 13.35 13.54 12.57 13.02 11.71 10.53 11.95 11.16 13.23 13.63 15.51 18.06 19.26 17.46 16.04 14.88 15.49 14.33 14.95 14.35 15.16 16.30 14.29 12.20 12.53 15.02 15.54 17.60 20.16 22.02 22.08 21.63 20.05 18.01 17.08 14.42 13.44 11.63 12.42 12.76 12.02 14.46 16.33 18.13 17.55 18.24 18.07 17.95 18.64 17.97 20.09 20.22 22.39 23.88 24.10 23.14 22.42 23.24 23.68 24.12 25.46 26.16 25.68 25.78 24.45 24.78 24.95 26.85 27.13 28.03 29.05 29.65 29.98 30.37 29.35 28.80 27.97 28.96 28.00 29.38 31.20 32.02 32.05 32.12 32.03 31.04 29.93 29.15 27.30 27.62 27.41 28.11 29.11 29.82 30.97 31.29 30.46 29.01 29.38 32.74 32.68 32.12 31.98 33.01 
22.22 20.75 18.06 16.51 12.44 11.83 10.17 10.77 10.86 12.65 13.49 11.39 10.31 7.70 5.23 0.00 6.49 7.05 10.13 13.21 14.11 13.24 11.19 9.03 7.36 7.82 8.01 9.92 10.12 12.87 14.25 14.84 13.62 13.35 11.71 9.76 11.79 10.90 13.29 13.22 14.88 17.11 18.78 16.36 14.74 13.76 14.92 13.48 13.86 14.23 14.90 15.75 13.85 11.50 11.29 12.92 14.40 16.46 18.76 20.79 21.17 20.51 19.01 17.21 16.01 13.33 12.49 11.59 11.97 12.87 12.77 16.00 17.07 18.92 18.41 19.43 18.69 18.01 18.94 18.48 20.50 20.12 22.40 23.98 24.16 22.79 22.18 22.94 23.41 23.74 25.57 26.15 25.53 25.34 24.61 24.47 24.74 26.35 27.07 27.57 28.69 28.84 29.69 29.64 29.15 28.18 27.65 28.35 27.89 28.59 30.76 31.27 31.96 31.59 31.74 30.60 29.79 28.64 27.13 27.54 27.79 28.31 29.36 30.14 31.60 31.81 30.55 29.29 29.57 32.44 32.45 32.04 32.68 33.47 
21.94 20.12 16.87 15.65 13.67 12.10 12.02 12.18 12.96 16.03 16.59 15.00 13.63 11.22 7.81 6.49 0.86 5.75 8.06 11.36 11.88 11.05 9.68 8.38 8.19 7.85 8.90 12.52 13.54 15.15 16.17 17.41 15.27 15.22 13.13 11.98 12.88 12.50 13.92 13.78 15.44 17.41 19.23 17.93 16.62 15.46 16.59 15.81 16.57 16.90 18.07 18.33 16.23 14.55 13.69 14.64 16.07 18.11 19.85 22.12 22.28 21.57 19.93 18.47 17.14 14.41 13.54 12.65 13.50 15.01 15.15 17.73 18.53 20.52 20.02 20.77 20.05 19.29 20.22 19.84 21.83 21.51 23.79 24.92 25.15 23.94 23.21 23.72 24.36 24.99 26.88 27.07 26.40 26.63 25.66 25.48 25.36 27.43 28.02 28.48 29.38 30.08 30.61 30.73 29.67 29.33 28.61 29.33 28.38 29.80 31.64 32.41 32.43 32.65 32.53 31.67 30.65 30.09 28.36 28.88 28.79 29.80 30.37 31.28 32.93 32.53 31.38 29.16 30.75 33.12 32.80 31.53 33.52 33.65 
20.81 18.11 15.66 13.69 12.12 10.81 10.39 11.40 12.69 15.71 16.59 15.49 14.70 11.99 9.29 7.05 5.75 0.58 5.63 7.57 9.03 8.88 7.93 6.73 7.12 8.62 10.48 12.78 13.85 16.82 18.22 18.80 16.48 16.20 14.24 12.44 12.57 11.50 12.20 11.80 12.98 14.88 16.01 15.31 14.27 13.53 14.78 14.73 15.50 15.67 17.04 17.54 14.73 13.88 13.69 13.93 14.78 17.06 18.40 20.02 20.63 20.20 18.14 16.58 15.53 12.87 11.75 11.05 12.50 14.50 14.05 16.70 18.07 20.06 19.66 20.01 19.53 18.83 19.44 18.73 20.86 20.48 23.14 24.32 24.37 23.34 22.69 23.32 24.00 24.31 26.11 26.74 25.97 25.91 25.04 24.93 25.13 27.00 27.77 28.30 29.20 29.76 30.45 30.37 29.52 28.90 28.47 28.84 27.87 29.09 31.40 31.69 32.04 31.85 32.07 30.86 29.92 28.99 27.91 28.24 28.26 28.90 30.01 30.75 32.16 32.22 30.77 29.35 29.71 31.81 31.37 31.73 32.76 33.72 
21.56 19.60 17.43 15.80 14.21 13.42 14.04 15.08 16.02 18.92 20.71 19.29 18.64 15.93 12.65 10.13 8.06 5.63 2.70 5.83 8.56 9.00 9.05 8.18 9.14 11.63 14.51 16.68 17.04 20.60 22.08 22.76 20.63 20.59 17.86 15.68 15.72 13.41 13.63 12.89 14.00 15.04 16.54 15.52 15.87 15.49 17.17 17.60 18.43 18.65 19.97 20.88 18.85 17.63 17.06 17.28 16.73 18.81 19.98 20.92 20.97 21.50 19.87 18.22 17.55 15.59 15.13 14.83 16.52 17.96 17.69 20.55 21.63 23.30 22.77 23.28 22.68 21.70 22.59 21.32 22.75 22.97 25.72 26.74 26.77 25.89 24.88 25.59 26.13 26.52 28.35 28.81 28.43 28.36 27.11 27.21 27.46 29.33 30.15 30.64 31.96 32.23 32.97 33.00 31.97 31.24 30.36 31.13 30.02 31.43 33.37 33.89 34.13 34.05 34.02 32.77 31.46 31.16 29.81 30.02 29.48 30.28 31.74 32.55 34.11 33.44 32.89 31.48 31.71 34.04 34.53 33.29 34.86 34.37 
21.29 19.66 17.49 15.33 15.06 15.21 16.14 17.42 18.53 21.37 23.28 22.15 21.25 18.71 15.15 13.21 11.36 7.57 5.83 1.92 6.35 7.65 8.70 9.39 11.61 13.71 15.47 19.73 20.73 23.09 24.47 25.31 23.19 22.32 19.72 18.01 17.75 15.04 14.95 14.21 14.61 15.53 17.47 16.38 16.12 17.14 19.33 19.15 20.32 20.39 21.32 22.12 19.98 19.57 18.68 18.94 18.55 19.82 21.12 21.47 21.30 21.15 20.06 18.35 18.13 16.37 16.47 16.37 17.20 18.07 18.91 21.58 23.03 24.20 24.20 24.53 23.29 22.49 23.54 22.36 24.06 24.33 26.90 28.02 28.24 27.31 26.46 27.18 27.79 28.18 29.79 30.12 29.43 29.88 28.82 28.92 28.96 31.00 31.61 32.09 33.03 33.75 34.34 34.57 33.39 32.92 31.79 32.47 31.63 32.73 34.59 35.28 35.52 35.51 35.20 34.24 32.87 32.64 31.34 31.92 31.57 32.45 33.58 34.60 35.53 36.24 34.79 34.00 32.93 35.38 35.28 35.09 35.68 36.23 
21.62 20.01 17.44 15.85 15.04 15.16 17.07 18.13 19.13 21.95 23.91 22.41 21.85 19.28 16.09 14.11 11.88 9.03 8.56 6.35 1.77 5.97 8.49 9.85 12.11 15.12 16.86 20.80 21.63 24.50 25.54 26.92 24.27 23.92 21.38 19.01 18.24 15.55 15.69 14.32 14.41 14.76 18.06 16.24 16.06 16.90 19.77 19.61 19.69 20.02 21.75 21.67 19.74 19.60 19.36 19.44 18.85 20.16 21.17 21.10 20.48 20.17 19.09 17.68 17.55 15.40 16.09 15.16 16.68 17.63 18.38 20.81 21.89 23.75 23.70 23.35 21.51 21.03 22.65 21.94 23.59 23.78 26.76 27.79 27.74 27.06 26.38 27.11 27.63 28.29 29.91 29.91 28.96 29.66 28.88 28.74 28.61 30.88 31.67 31.74 32.48 33.31 34.23 34.21 33.15 32.52 31.43 32.14 30.93 32.50 34.35 34.85 35.22 35.13 34.92 33.89 32.57 32.54 31.13 31.85 31.92 32.56 33.51 34.04 35.68 35.25 34.24 32.20 33.26 36.35 36.28 33.76 36.17 35.94 
20.70 18.72 16.34 14.78 13.93 13.19 14.29 16.02 17.13 20.57 23.11 21.23 20.49 17.81 15.02 13.24 11.05 8.88 9.00 7.65 5.97 0.00 6.18 7.63 9.75 12.19 15.13 18.41 19.88 22.71 24.32 24.60 22.59 22.71 19.77 17.87 16.42 14.30 13.27 12.23 12.55 13.66 15.90 15.06 14.66 15.41 17.50 17.71 18.04 18.69 20.06 20.80 18.76 18.39 17.88 17.79 17.84 19.33 19.95 19.97 19.62 19.35 17.65 16.29 15.90 14.14 13.85 13.21 15.37 16.86 17.48 19.49 21.17 22.83 22.72 22.74 21.37 20.35 21.52 20.66 22.35 22.65 25.79 27.05 27.17 26.34 25.68 26.30 26.97 27.46 29.37 29.60 28.74 29.00 28.06 28.09 28.11 30.17 31.05 31.52 32.43 32.91 33.67 33.81 32.62 32.01 31.13 31.37 30.47 31.49 33.70 34.12 34.31 34.16 33.90 32.87 31.66 31.13 30.23 30.42 30.36 31.00 32.18 33.17 34.37 34.77 33.52 32.41 32.04 34.62 34.61 34.50 35.06 35.81 
21.26 19.24 16.95 15.33 14.19 13.00 13.45 14.65 15.43 18.80 21.34 19.60 18.92 16.04 13.48 11.19 9.68 7.93 9.05 8.70 8.49 6.18 0.00 5.70 7.03 9.51 12.60 16.30 17.31 20.13 21.65 22.99 20.67 21.16 18.34 15.92 14.54 12.39 12.19 11.35 12.47 13.28 15.06 14.31 14.50 14.24 15.79 16.21 16.93 17.73 19.33 20.67 18.56 17.55 16.53 16.45 15.80 17.95 18.91 19.16 18.83 18.88 17.31 15.48 14.58 13.39 13.49 13.08 15.54 16.83 17.39 20.43 21.85 23.42 23.13 23.15 22.12 21.08 22.10 21.11 22.40 22.64 25.63 26.73 26.78 26.18 25.25 26.09 26.37 27.10 28.89 29.45 28.83 28.90 27.79 28.16 28.20 30.39 30.92 31.72 32.79 33.36 33.68 33.89 32.64 32.18 31.11 31.72 30.40 31.76 33.50 34.03 33.77 33.89 33.68 32.68 31.22 30.99 29.68 29.74 29.19 29.98 31.04 32.16 33.41 33.47 32.77 31.60 31.87 34.76 34.93 34.32 34.81 34.90 
21.18 19.31 17.38 15.26 13.57 12.30 12.54 12.46 13.84 16.51 18.79 17.74 17.11 12.78 9.71 9.03 8.38 6.73 8.18 9.39 9.85 7.63 5.70 0.00 5.26 7.09 9.63 13.00 14.34 17.60 18.42 20.09 17.83 18.30 15.15 14.06 12.65 11.02 11.19 10.72 11.74 13.01 15.13 13.62 13.39 12.75 14.41 13.92 14.81 16.13 17.38 18.56 15.98 15.08 14.36 14.67 14.44 16.05 17.83 18.70 18.33 17.98 17.08 14.86 13.63 11.58 12.23 12.07 13.23 14.54 16.10 19.19 20.19 21.42 21.65 21.98 20.61 19.65 21.00 19.89 20.87 21.35 24.51 25.69 25.65 24.71 24.48 24.79 25.23 25.63 27.83 28.29 27.62 27.60 27.11 26.88 27.12 29.01 30.32 30.58 31.74 31.92 32.93 32.50 31.74 30.73 30.21 30.40 29.53 30.17 32.40 32.60 32.95 32.55 32.74 31.30 30.30 29.30 28.45 28.51 28.62 29.19 30.58 31.25 32.68 32.64 31.92 30.83 30.55 33.33 33.87 33.92 33.95 35.12 
22.41 21.52 19.57 17.07 14.59 14.00 13.32 12.99 13.02 15.59 17.39 15.60 15.05 10.96 8.22 7.36 8.19 7.12 9.14 11.61 12.11 9.75 7.03 5.26 0.00 5.32 7.26 10.88 12.26 14.78 16.16 17.36 16.61 16.52 14.18 12.31 11.83 10.11 11.80 11.08 12.17 14.03 17.22 15.66 13.99 12.69 14.60 13.98 13.82 14.69 16.84 17.49 15.51 14.29 13.43 14.41 13.70 15.91 17.99 19.52 18.73 18.61 17.92 15.33 13.81 11.86 12.54 11.38 13.10 14.44 16.25 19.05 20.42 21.97 22.04 22.26 20.65 19.74 20.96 19.71 20.70 21.30 24.52 25.81 25.61 24.91 24.34 24.96 24.98 26.05 28.25 28.57 27.63 27.82 26.98 26.86 26.36 29.01 30.17 30.65 31.42 31.89 32.53 32.47 30.89 30.30 29.43 30.00 28.71 29.87 31.76 32.43 32.20 32.33 32.03 31.27 30.01 29.29 27.61 28.08 28.08 29.10 29.98 31.07 32.60 32.35 31.40 29.78 30.81 33.61 33.16 32.17 33.54 34.42 
23.14 21.83 19.71 17.20 14.50 14.08 12.84 11.81 11.90 13.88 15.44 13.27 12.63 9.89 8.30 7.82 7.85 8.62 11.63 13.71 15.12 12.19 9.51 7.09 5.32 0.08 5.63 7.70 8.92 12.16 13.76 15.87 13.87 14.62 12.53 10.71 10.45 9.85 11.76 11.57 12.87 15.63 18.08 15.67 14.29 13.28 14.71 13.12 12.67 13.61 15.07 15.63 13.37 12.49 12.25 12.97 13.00 15.27 17.43 18.70 19.01 18.53 16.82 14.63 13.72 12.00 11.88 10.98 12.40 14.14 15.52 19.03 20.60 21.84 21.83 22.21 21.28 20.17 21.21 19.94 21.58 21.58 24.47 25.74 25.83 24.91 24.61 25.04 25.43 25.99 28.05 28.54 27.76 27.78 27.32 27.10 27.20 29.14 30.36 30.70 31.66 31.87 32.66 32.29 31.39 30.43 29.88 30.10 29.08 29.78 31.91 32.25 32.33 31.93 32.02 30.73 29.50 28.65 27.41 27.69 27.55 28.38 29.79 30.44 31.81 31.92 30.98 29.76 29.85 32.81 32.53 32.63 32.99 34.77 
25.35 23.99 21.68 19.44 17.10 15.96 14.88 14.31 13.65 15.16 15.55 12.81 12.41 9.49 9.53 8.01 8.90 10.48 14.51 15.47 16.86 15.13 12.60 9.63 7.26 5.63 2.40 6.48 7.17 10.08 12.23 13.51 12.33 13.00 11.24 10.55 11.03 11.37 13.00 13.94 15.98 18.55 20.45 18.32 16.98 15.81 16.36 15.02 13.97 14.05 15.36 15.30 13.28 12.94 12.88 13.31 13.85 16.59 18.33 20.04 20.55 20.43 18.45 17.31 16.12 14.08 14.21 13.45 14.85 16.47 18.06 21.24 22.64 24.18 24.42 25.03 24.04 23.38 24.30 23.36 24.34 24.28 26.62 27.88 27.94 27.17 26.53 27.27 27.49 28.28 30.25 30.50 29.86 30.26 29.37 29.61 29.66 31.78 32.28 33.05 34.03 34.45 34.52 34.62 33.52 33.03 32.04 32.51 31.07 32.09 33.63 34.07 33.64 33.73 33.59 32.46 30.99 30.61 29.13 29.16 28.71 29.81 30.95 32.11 33.30 33.11 32.47 31.29 31.86 34.47 34.45 34.05 34.96 35.47 
26.57 25.47 23.07 20.76 19.16 18.58 16.76 15.78 14.53 15.76 15.59 13.12 12.25 10.24 9.33 9.92 12.52 12.78 16.68 19.73 20.80 18.41 16.30 13.00 10.88 7.70 6.48 1.88 5.87 8.95 10.59 12.94 11.68 13.00 12.05 11.69 12.78 12.58 15.52 16.74 18.84 21.08 22.58 20.58 19.09 17.60 17.66 16.11 15.21 15.30 15.56 15.85 13.72 13.11 13.37 14.75 15.19 18.23 20.80 22.69 22.47 22.01 20.53 19.17 17.84 15.31 15.77 15.15 16.10 17.48 18.46 21.65 22.85 24.81 25.28 25.88 24.52 24.08 25.23 24.44 25.07 25.36 27.68 29.25 28.82 28.39 27.89 28.54 28.51 29.49 31.28 31.78 30.81 31.45 30.90 30.82 30.86 32.81 33.61 34.06 34.87 35.29 35.71 35.53 34.45 33.86 33.30 33.53 32.12 33.06 34.68 34.91 34.51 34.53 34.33 33.09 31.81 31.25 30.02 30.35 30.07 31.08 32.42 33.19 34.45 34.64 33.55 32.64 31.92 34.66 34.97 35.12 35.36 36.79 
25.97 25.34 22.83 20.12 18.76 18.34 16.96 15.32 13.34 14.67 14.17 11.49 12.85 9.96 8.78 10.12 13.54 13.85 17.04 20.73 21.63 19.88 17.31 14.34 12.26 8.92 7.17 5.87 1.72 6.05 8.58 9.72 10.07 10.40 9.73 9.77 11.31 11.55 15.19 16.24 17.83 20.82 23.07 21.06 18.90 16.95 17.37 15.43 13.96 13.01 13.77 14.23 12.14 10.55 11.48 13.90 14.27 16.89 19.80 22.16 21.89 21.84 20.75 18.94 17.68 15.69 16.52 14.57 15.48 16.71 16.69 19.34 20.84 22.99 23.04 23.26 22.13 22.22 22.97 21.70 22.59 23.16 25.48 26.38 26.45 25.99 25.80 26.36 26.59 27.61 29.48 29.53 28.57 29.48 28.85 28.72 28.44 30.86 31.64 31.94 32.29 33.17 33.77 33.38 31.98 31.53 30.76 31.12 29.43 30.67 32.21 32.51 32.42 31.93 31.71 30.88 29.75 28.94 27.16 27.77 27.95 28.98 29.89 31.17 32.67 32.49 31.40 29.86 30.39 33.92 34.05 32.65 33.96 35.48 
27.56 26.82 24.76 22.10 19.95 20.30 18.75 17.34 14.51 16.16 15.71 13.69 13.52 11.75 11.53 12.87 15.15 16.82 20.60 23.09 24.50 22.71 20.13 17.60 14.78 12.16 10.08 8.95 6.05 1.84 6.20 7.97 8.11 8.67 9.52 9.61 12.05 13.19 17.34 17.82 20.47 23.49 25.42 22.56 20.46 19.57 19.32 16.58 14.89 15.15 15.39 15.49 13.30 13.02 13.26 15.40 16.39 19.33 21.56 23.74 24.13 23.76 22.13 20.79 20.13 18.53 18.70 17.16 17.88 19.05 18.91 21.54 22.80 24.90 24.54 24.98 24.10 23.77 24.64 23.68 25.05 25.17 27.52 28.79 28.65 28.11 27.56 28.16 28.46 29.47 31.19 31.64 30.46 31.15 30.64 30.50 30.46 32.46 33.24 33.45 34.21 34.58 35.14 34.93 33.69 33.08 32.42 32.73 31.38 32.18 33.83 34.17 33.75 33.62 33.13 32.26 31.15 30.50 28.94 29.68 29.47 30.49 31.68 32.63 33.92 34.05 32.96 31.77 31.42 34.20 34.56 34.59 34.94 36.20 
29.36 28.89 26.90 24.01 21.52 21.04 19.77 18.54 15.10 16.72 17.01 14.11 14.58 13.14 13.35 14.25 16.17 18.22 22.08 24.47 25.54 24.32 21.65 18.42 16.16 13.76 12.23 10.59 8.58 6.20 3.37 6.54 7.75 9.02 10.31 10.89 13.33 14.74 18.91 20.19 21.87 25.21 27.19 24.42 22.19 20.71 20.41 18.25 16.62 15.75 16.21 16.10 14.41 14.07 14.36 15.76 17.04 20.29 21.88 24.18 25.21 25.14 22.77 21.96 21.49 19.89 20.10 18.90 19.98 21.12 20.87 23.59 24.46 26.28 25.83 26.22 25.79 25.40 26.37 25.39 26.76 26.61 28.92 29.86 29.78 28.99 28.59 29.34 29.69 30.57 32.50 32.70 31.90 32.44 31.71 31.88 31.86 33.91 34.24 34.77 35.62 35.99 36.11 36.13 35.15 34.60 33.65 34.07 32.54 33.55 35.01 35.25 34.93 34.86 34.63 33.69 32.39 32.09 30.78 30.96 30.54 31.63 32.71 33.89 35.03 34.58 33.71 32.70 33.09 35.52 35.57 34.96 36.20 36.48 
29.25 28.78 26.67 24.27 21.93 22.09 20.46 19.41 16.37 18.27 17.96 15.44 15.70 14.14 13.54 14.84 17.41 18.80 22.76 25.31 26.92 24.60 22.99 20.09 17.36 15.87 13.51 12.94 9.72 7.97 6.54 0.24 5.69 7.88 9.16 11.00 14.23 14.52 19.04 21.09 22.77 25.32 27.42 25.50 23.50 21.39 20.99 19.11 17.67 17.06 17.27 17.34 14.91 14.55 15.21 16.44 17.59 20.44 22.54 24.41 25.29 25.70 23.90 22.54 21.81 20.47 20.67 19.93 20.70 22.21 21.72 24.59 25.33 26.36 25.60 26.43 25.31 24.77 25.55 24.80 26.12 26.18 28.52 29.71 29.45 28.76 28.23 28.71 29.36 30.19 32.18 32.64 31.67 32.21 31.66 31.30 31.61 33.38 34.18 34.44 35.24 35.42 36.01 35.56 34.82 34.01 33.44 33.55 32.22 32.97 34.80 34.98 34.95 34.74 34.54 33.48 32.33 31.80 30.74 31.24 31.10 31.86 33.17 34.38 35.50 35.59 34.23 33.06 33.02 35.23 35.09 35.16 36.02 36.98 
27.74 27.11 24.65 22.21 20.58 20.53 19.03 17.67 15.54 16.64 16.80 14.75 15.35 13.20 12.57 13.62 15.27 16.48 20.63 23.19 24.27 22.59 20.67 17.83 16.61 13.87 12.33 11.68 10.07 8.11 7.75 5.69 0.28 5.58 7.11 8.79 11.89 12.55 16.79 18.25 20.89 24.17 26.30 24.35 22.37 20.42 19.69 17.78 15.79 15.41 16.45 16.48 14.61 13.43 14.09 15.23 15.58 18.52 20.51 22.48 22.94 23.16 21.79 20.53 19.64 18.70 19.56 18.24 18.90 20.90 20.68 23.29 24.16 25.20 24.18 24.41 23.18 22.49 23.13 22.01 23.42 23.53 26.19 27.50 27.36 26.31 25.94 26.43 27.01 27.76 30.04 30.06 29.36 29.69 29.27 29.01 28.89 30.97 31.88 31.93 32.80 33.07 33.89 33.43 32.05 31.50 30.73 30.91 29.66 30.62 32.34 32.77 32.83 32.56 32.25 31.42 30.83 29.93 28.35 29.11 29.39 30.04 30.85 32.35 34.29 33.45 32.19 30.75 32.03 34.83 34.35 33.18 35.36 36.04 
28.02 27.26 24.65 22.44 21.17 21.58 19.17 17.69 15.53 17.62 17.28 15.47 15.98 14.31 13.02 13.35 15.22 16.20 20.59 22.32 23.92 22.71 21.16 18.30 16.52 14.62 13.00 13.00 10.40 8.67 9.02 7.88 5.58 0.00 6.18 7.40 10.77 12.06 16.74 18.16 21.10 25.08 26.69 24.51 22.30 20.87 20.37 17.97 16.59 16.82 16.67 17.30 15.62 14.18 14.20 15.66 16.64 18.51 20.23 22.60 23.39 22.82 20.97 20.20 20.08 19.19 19.71 18.56 19.85 21.48 21.29 24.08 25.01 25.68 24.47 24.54 23.60 22.95 23.27 22.60 23.98 24.14 26.57 27.99 27.80 26.99 26.35 26.96 27.57 28.50 30.25 30.90 29.71 30.28 29.64 29.52 29.61 31.42 32.26 32.71 33.41 33.86 34.24 33.83 32.85 32.08 31.42 31.64 30.43 31.25 32.95 33.30 33.21 33.15 32.72 32.10 30.91 30.67 29.11 29.72 29.81 30.55 31.76 32.82 34.26 34.27 32.77 31.26 31.99 34.33 33.58 33.49 34.67 36.14 
27.58 26.55 23.91 21.65 19.97 19.39 17.53 15.57 13.37 15.83 16.35 14.15 14.77 12.92 11.71 11.71 13.13 14.24 17.86 19.72 21.38 19.77 18.34 15.15 14.18 12.53 11.24 12.05 9.73 9.52 10.31 9.16 7.11 6.18 0.00 5.75 7.51 10.01 13.87 15.59 17.95 21.39 23.86 21.46 19.43 18.27 17.65 15.49 15.14 14.69 14.83 14.90 14.13 12.17 12.44 13.70 14.62 16.39 17.80 20.25 20.99 20.49 18.32 17.54 18.22 16.27 16.84 16.43 18.23 19.94 19.23 22.25 23.41 24.01 22.74 22.89 22.09 21.66 22.12 21.01 22.60 22.42 24.90 25.73 25.67 25.19 24.70 25.58 26.15 26.84 28.66 29.00 28.39 28.89 28.02 28.24 28.38 30.34 30.87 31.42 32.46 32.81 32.97 32.92 31.77 31.28 30.45 30.83 29.31 30.36 31.96 32.19 31.90 31.94 32.04 30.95 29.82 29.44 28.10 28.41 28.10 29.10 30.44 31.55 32.62 31.93 31.01 30.03 30.55 32.91 33.06 32.87 33.53 34.30 
24.94 23.94 21.40 20.10 16.96 16.90 15.00 13.91 12.15 14.52 14.77 13.40 13.72 12.05 10.53 9.76 11.98 12.44 15.68 18.01 19.01 17.87 15.92 14.06 12.31 10.71 10.55 11.69 9.77 9.61 10.89 11.00 8.79 7.40 5.75 0.00 5.67 6.39 10.73 12.69 15.41 18.74 20.59 19.11 17.23 15.86 15.22 13.92 13.41 13.09 13.46 14.49 12.29 10.70 11.07 11.82 12.42 14.70 16.25 17.89 18.71 18.18 15.79 14.84 14.97 13.48 14.38 14.17 16.02 17.16 16.82 19.68 21.03 21.87 20.33 20.56 19.94 18.72 18.90 17.53 19.35 18.65 21.43 22.53 22.76 21.83 21.60 22.45 23.27 23.95 25.75 26.33 25.56 26.02 25.47 25.52 25.64 27.73 28.33 28.94 29.80 30.14 30.51 30.44 29.30 28.64 27.66 28.25 26.82 27.82 29.41 30.00 29.74 29.70 29.48 28.84 27.74 27.17 25.65 26.34 26.05 27.02 28.21 29.03 30.52 30.12 29.00 27.78 28.17 30.70 30.84 31.11 31.84 33.82 
23.41 22.70 20.27 18.67 16.47 16.17 14.80 13.86 12.66 14.68 16.25 15.13 16.45 13.40 11.95 11.79 12.88 12.57 15.72 17.75 18.24 16.42 14.54 12.65 11.83 10.45 11.03 12.78 11.31 12.05 13.33 14.23 11.89 10.77 7.51 5.67 0.00 5.22 7.25 10.35 12.76 16.63 18.86 17.00 15.63 14.43 13.49 12.48 12.32 12.60 14.14 14.81 12.88 11.24 11.35 11.67 12.31 14.66 16.35 17.54 18.20 17.76 15.92 14.45 14.35 13.09 14.24 14.02 15.15 16.72 16.90 19.28 20.38 21.56 20.11 20.01 18.86 17.46 17.20 15.77 17.51 16.99 19.98 21.41 21.67 20.64 20.48 21.28 21.98 22.62 24.64 24.84 24.18 24.59 24.00 24.11 24.18 26.24 27.02 27.48 28.22 28.70 29.27 29.10 28.11 27.20 26.23 26.60 25.41 26.48 28.20 28.85 29.30 28.82 28.43 27.99 27.13 26.25 24.41 25.46 25.70 26.20 27.10 28.53 30.71 29.78 28.28 26.82 28.50 30.57 30.57 29.55 32.03 32.83 
22.35 21.32 18.86 17.36 14.70 14.77 12.89 12.08 11.55 14.22 15.06 14.52 15.44 13.08 11.16 10.90 12.50 11.50 13.41 15.04 15.55 14.30 12.39 11.02 10.11 9.85 11.37 12.58 11.55 13.19 14.74 14.52 12.55 12.06 10.01 6.39 5.22 0.00 6.01 6.72 10.28 13.56 15.66 14.89 12.82 11.77 10.95 10.75 11.64 11.85 12.77 14.90 13.11 10.97 10.42 11.89 12.74 14.09 15.64 17.53 17.74 16.96 15.05 13.70 13.57 11.94 12.66 13.11 14.20 15.65 15.71 18.48 19.36 20.41 18.73 18.65 17.05 15.93 15.76 14.57 15.77 15.39 18.95 20.48 20.52 19.36 19.65 20.38 21.24 21.77 23.65 24.18 23.47 23.59 23.01 23.36 23.32 25.32 26.20 26.90 27.61 27.89 28.52 28.50 27.32 26.44 25.47 26.19 24.86 25.93 27.75 28.37 28.40 28.14 27.78 27.10 26.25 25.47 23.84 24.69 24.92 25.50 26.62 27.41 29.39 28.89 27.67 26.19 27.35 29.17 28.92 29.48 30.83 32.42 
22.65 21.85 19.31 17.30 15.24 15.67 13.98 13.92 13.60 17.18 17.87 16.86 17.87 15.35 13.23 13.29 13.92 12.20 13.63 14.95 15.69 13.27 12.19 11.19 11.80 11.76 13.00 15.52 15.19 17.34 18.91 19.04 16.79 16.74 13.87 10.73 7.25 6.01 1.92 6.09 7.14 10.97 12.92 12.51 10.25 10.33 10.05 10.54 12.04 12.82 14.11 15.86 15.19 13.29 12.58 14.10 14.60 16.13 17.39 18.90 18.68 17.68 15.99 15.11 14.91 12.74 13.29 13.36 14.71 16.05 16.11 19.07 20.32 21.13 19.67 19.16 17.93 16.84 17.10 15.29 16.94 16.76 20.36 21.92 21.98 21.18 21.02 22.03 22.84 23.45 25.11 25.60 25.13 25.19 24.14 24.40 24.66 26.61 27.36 28.04 29.05 29.40 29.72 29.70 28.70 27.75 26.62 27.32 26.01 27.16 29.03 29.59 29.34 29.43 29.23 28.38 27.24 26.71 25.13 25.48 25.58 26.41 27.67 28.66 30.20 29.52 28.78 27.65 28.37 29.79 30.63 30.36 31.28 31.86 
20.52 19.25 16.88 14.95 12.42 13.19 12.52 13.46 14.32 17.24 18.07 17.00 18.23 15.61 13.63 13.22 13.78 11.80 12.89 14.21 14.32 12.23 11.35 10.72 11.08 11.57 13.94 16.74 16.24 17.82 20.19 21.09 18.25 18.16 15.59 12.69 10.35 6.72 6.09 0.92 5.47 6.93 9.54 9.52 8.40 7.77 9.03 9.67 11.64 13.00 14.53 16.73 15.63 14.49 13.91 14.60 14.76 16.47 17.40 18.82 18.87 18.22 16.48 15.14 14.73 12.78 13.08 12.99 13.83 15.08 14.69 17.01 17.84 19.07 17.67 17.24 15.55 14.38 14.40 12.97 15.33 15.30 18.92 20.94 21.18 20.36 19.78 20.76 21.57 22.14 23.97 24.69 23.90 24.03 22.79 22.96 23.15 25.18 25.58 26.28 27.25 27.63 27.99 28.12 27.20 26.30 24.90 25.74 24.71 25.54 27.37 28.01 28.33 28.05 27.80 27.19 26.23 25.59 24.23 24.72 25.11 25.66 26.84 27.42 29.08 28.85 27.84 26.46 27.14 29.25 28.95 29.52 30.28 32.18 
19.85 18.31 15.56 14.44 12.58 13.37 13.03 14.48 15.49 18.20 19.37 18.12 19.58 17.20 15.51 14.88 15.44 12.98 14.00 14.61 14.41 12.55 12.47 11.74 12.17 12.87 15.98 18.84 17.83 20.47 21.87 22.77 20.89 21.10 17.95 15.41 12.76 10.28 7.14 5.47 1.70 5.86 7.27 8.98 8.87 8.49 8.52 10.86 13.37 14.46 16.26 18.46 17.65 16.18 15.04 15.90 16.20 17.75 19.00 20.48 20.83 20.25 18.07 17.05 16.77 14.66 14.35 13.73 14.66 15.20 14.76 15.98 16.36 17.73 17.09 15.63 14.57 13.88 14.53 12.72 15.39 15.82 19.88 21.20 21.43 20.72 20.24 20.99 21.67 22.12 24.29 24.47 24.13 23.90 22.65 22.74 23.01 24.69 25.22 25.68 27.00 27.22 27.82 27.93 27.00 26.00 24.76 25.46 24.81 25.67 27.30 28.07 28.27 28.17 27.68 27.26 26.71 26.07 24.50 25.60 25.96 26.24 26.78 27.64 30.04 28.99 27.62 26.21 27.92 29.76 29.63 28.61 30.91 31.67 
20.03 18.15 15.62 14.74 13.78 14.91 14.50 16.16 17.36 20.27 20.64 19.13 20.59 19.55 18.06 17.11 17.41 14.88 15.04 15.53 14.76 13.66 13.28 13.01 14.03 15.63 18.55 21.08 20.82 23.49 25.21 25.32 24.17 25.08 21.39 18.74 16.63 13.56 10.97 6.93 5.86 0.67 5.41 7.23 8.57 9.47 10.67 12.78 15.33 16.91 17.56 20.29 19.61 18.14 17.65 18.37 18.97 20.13 21.46 22.14 23.28 22.49 20.80 18.84 18.39 16.37 15.93 15.42 15.55 15.81 15.07 16.63 16.48 18.40 18.01 17.02 16.00 15.71 16.49 15.20 17.44 17.87 21.42 22.82 22.96 22.20 21.57 22.47 23.03 23.50 25.30 25.85 25.22 25.24 24.05 24.40 24.38 26.16 26.61 27.35 28.22 28.70 29.09 29.34 27.94 27.22 25.88 26.81 25.95 26.85 28.44 28.99 29.16 29.16 28.54 28.25 27.48 27.20 25.71 26.42 26.89 27.05 27.93 28.63 30.49 30.13 28.61 26.98 28.40 30.29 29.33 29.37 30.74 32.75 
20.40 18.96 16.58 15.79 14.74 16.17 16.07 17.93 18.83 21.74 22.14 21.05 22.15 20.57 19.26 18.78 19.23 16.01 16.54 17.47 18.06 15.90 15.06 15.13 17.22 18.08 20.45 22.58 23.07 25.42 27.19 27.42 26.30 26.69 23.86 20.59 18.86 15.66 12.92 9.54 7.27 5.41 0.00 5.09 6.20 9.58 11.03 13.66 16.08 17.44 18.31 20.54 20.69 20.51 20.10 20.84 21.22 22.37 23.33 24.85 25.52 25.21 22.96 21.09 20.04 17.93 17.29 16.03 16.54 16.70 16.37 17.98 18.00 19.90 19.60 19.29 18.74 18.01 18.43 17.71 20.58 19.84 22.92 24.23 24.87 24.14 23.23 23.91 24.56 24.90 26.77 27.05 26.57 26.60 25.53 25.63 25.76 27.42 28.28 28.51 29.64 29.90 30.64 30.42 29.24 28.21 27.08 27.92 26.90 27.96 29.61 30.15 30.27 30.17 29.89 29.12 28.25 28.06 26.74 27.28 27.26 27.93 29.35 29.80 31.47 30.62 29.75 28.40 29.13 30.85 31.55 30.25 31.60 32.03 
18.96 17.12 14.94 13.74 12.29 14.11 14.12 16.33 17.93 20.63 21.12 19.93 21.46 19.12 17.46 16.36 17.93 15.31 15.52 16.38 16.24 15.06 14.31 13.62 15.66 15.67 18.32 20.58 21.06 22.56 24.42 25.50 24.35 24.51 21.46 19.11 17.00 14.89 12.51 9.52 8.98 7.23 5.09 0.00 4.82 7.09 9.33 11.72 14.35 16.14 16.87 19.42 18.33 17.75 17.78 19.09 19.19 20.26 22.00 23.76 24.63 23.98 22.32 20.60 19.80 17.70 16.98 15.81 15.57 16.06 14.90 15.66 16.37 18.29 17.77 17.41 16.85 16.05 16.68 15.65 18.48 18.09 21.01 22.61 23.02 21.99 21.44 22.20 22.74 23.14 24.91 25.18 24.58 24.75 23.64 23.75 23.90 25.68 25.97 26.71 27.55 27.97 28.57 28.92 27.50 26.72 25.00 26.18 25.20 26.16 27.46 28.48 28.63 28.61 27.87 27.51 26.46 26.25 24.88 25.73 25.76 26.21 27.32 28.10 29.49 29.43 28.23 26.56 27.35 29.66 29.47 29.06 30.04 32.00 
18.16 16.38 14.18 13.39 11.73 12.67 12.58 14.76 16.94 19.64 20.63 18.68 20.09 17.97 16.04 14.74 16.62 14.27 15.87 16.12 16.06 14.66 14.50 13.39 13.99 14.29 16.98 19.09 18.90 20.46 22.19 23.50 22.37 22.30 19.43 17.23 15.63 12.82 10.25 8.40 8.87 8.57 6.20 4.82 0.00 5.49 7.14 9.29 12.03 14.05 14.97 17.06 16.63 15.59 15.79 17.30 17.73 19.55 22.01 23.24 24.01 22.93 22.01 20.16 19.38 16.97 16.19 14.23 14.66 15.01 13.10 13.56 14.64 17.22 16.80 16.14 15.58 15.50 15.79 14.43 16.89 16.68 20.03 21.47 21.40 20.24 19.58 20.52 21.25 21.34 23.30 23.55 22.77 22.85 21.66 21.85 22.18 23.66 24.07 24.49 25.42 25.82 26.51 26.82 26.07 24.89 23.35 24.20 23.43 24.31 25.57 26.49 27.29 26.76 26.18 25.53 24.79 24.46 23.14 24.19 24.54 24.89 25.53 26.45 28.29 27.85 26.21 24.83 26.16 28.54 28.52 27.24 29.57 30.55 
17.92 15.86 13.54 12.63 10.77 11.25 11.39 12.91 14.55 17.91 19.24 17.43 18.72 16.49 14.88 13.76 15.46 13.53 15.49 17.14 16.90 15.41 14.24 12.75 12.69 13.28 15.81 17.60 16.95 19.57 20.71 21.39 20.42 20.87 18.27 15.86 14.43 11.77 10.33 7.77 8.49 9.47 9.58 7.09 5.49 0.00 5.42 7.07 9.78 11.52 13.50 14.97 14.30 14.06 14.43 15.02 16.14 18.47 21.14 22.19 23.00 22.76 21.31 19.37 18.66 16.14 14.98 13.41 13.28 12.73 11.71 13.16 14.32 15.94 15.65 15.17 15.16 14.19 14.49 13.63 16.04 15.46 18.58 20.32 20.67 18.89 17.96 18.87 19.96 20.13 21.90 22.49 21.54 21.60 20.79 20.94 20.93 22.74 23.20 23.90 24.76 25.15 25.74 26.01 24.74 23.88 22.46 23.47 22.56 23.42 24.63 25.32 25.90 25.70 25.02 24.54 23.77 23.36 22.17 22.99 23.08 23.49 24.52 25.00 26.90 26.36 25.14 23.48 25.20 26.85 26.45 26.25 28.07 29.78 
18.63 16.79 14.76 13.94 11.44 11.54 11.50 13.40 14.17 17.51 18.86 18.24 19.08 16.78 15.49 14.92 16.59 14.78 17.17 19.33 19.77 17.50 15.79 14.41 14.60 14.71 16.36 17.66 17.37 19.32 20.41 20.99 19.69 20.37 17.65 15.22 13.49 10.95 10.05 9.03 8.52 10.67 11.03 9.33 7.14 5.42 0.00 5.35 7.01 10.12 12.35 13.63 13.51 14.33 15.36 15.89 17.02 19.75 22.79 23.45 24.55 24.21 22.82 20.36 19.08 16.92 16.13 13.79 13.21 12.90 12.33 14.34 15.07 16.54 15.89 17.03 16.22 15.01 14.87 14.79 17.03 16.10 19.39 21.20 21.56 20.25 19.08 19.80 20.90 21.24 22.79 23.21 22.44 22.40 21.47 21.58 21.69 23.48 24.21 24.81 25.88 26.33 26.85 26.73 25.71 24.52 23.27 23.91 23.17 23.78 25.31 26.01 26.25 26.02 25.70 24.94 24.24 23.70 22.44 22.89 22.97 23.70 24.66 25.57 27.06 26.58 25.41 24.52 25.42 26.88 27.31 27.10 28.26 29.03 
19.17 17.52 15.45 14.29 11.63 11.58 10.97 12.38 13.76 16.74 17.19 16.06 17.85 16.48 14.33 13.48 15.81 14.73 17.60 19.15 19.61 17.71 16.21 13.92 13.98 13.12 15.02 16.11 15.43 16.58 18.25 19.11 17.78 17.97 15.49 13.92 12.48 10.75 10.54 9.67 10.86 12.78 13.66 11.72 9.29 7.07 5.35 0.00 5.19 6.34 8.69 10.32 11.65 12.53 14.10 15.55 17.03 19.51 22.42 23.83 24.59 24.35 22.87 21.03 19.00 17.01 15.73 13.08 12.25 12.81 11.40 13.52 14.43 16.20 16.21 16.57 15.83 15.07 15.16 14.43 16.20 15.70 18.69 20.67 20.91 19.70 18.68 19.53 20.38 20.73 22.36 22.82 21.98 21.90 20.69 20.72 21.09 22.79 23.33 24.05 25.31 25.44 25.98 26.10 25.24 24.00 22.47 23.54 22.87 23.26 24.61 25.48 26.13 25.59 25.13 24.60 23.82 23.11 21.85 22.69 22.94 23.24 24.28 24.91 26.73 26.22 25.21 23.73 25.22 26.81 26.57 26.58 28.22 29.85 
20.08 19.05 16.86 15.81 12.93 13.41 12.51 13.31 13.89 17.08 17.32 15.69 17.43 16.04 14.95 13.86 16.57 15.50 18.43 20.32 19.69 18.04 16.93 14.81 13.82 12.67 13.97 15.21 13.96 14.89 16.62 17.67 15.79 16.59 15.14 13.41 12.32 11.64 12.04 11.64 13.37 15.33 16.08 14.35 12.03 9.78 7.01 5.19 1.81 5.24 6.46 9.86 10.14 12.55 13.57 15.66 17.14 20.31 22.78 24.41 24.77 24.93 23.11 20.96 19.15 16.88 15.18 12.24 12.09 12.36 11.82 13.40 15.00 17.14 16.34 16.70 16.02 15.65 15.48 14.40 16.24 15.47 18.35 20.09 20.56 19.31 18.27 19.66 20.55 20.53 22.09 22.64 21.88 21.64 20.06 20.39 20.82 22.48 22.79 23.70 25.20 25.07 25.53 25.70 25.03 23.65 22.25 23.16 22.83 23.23 24.47 25.48 26.13 25.73 24.93 24.70 24.12 23.33 21.78 22.83 23.23 23.56 23.71 24.94 27.08 26.19 24.47 23.33 25.10 26.38 26.42 25.82 28.19 29.19 
20.79 19.48 17.63 16.42 14.21 14.75 13.74 14.53 14.71 16.70 16.56 15.08 16.52 15.36 14.35 14.23 16.90 15.67 18.65 20.39 20.02 18.69 17.73 16.13 14.69 13.61 14.05 15.30 13.01 15.15 15.75 17.06 15.41 16.82 14.69 13.09 12.60 11.85 12.82 13.00 14.46 16.91 17.44 16.14 14.05 11.52 10.12 6.34 5.24 0.00 4.93 7.08 9.79 10.83 13.30 15.21 16.68 19.60 23.13 24.22 24.67 24.44 23.34 21.30 19.24 16.45 14.65 12.40 11.68 11.69 10.44 13.21 14.86 16.74 16.17 16.66 16.53 15.61 15.32 14.08 16.17 14.83 17.67 19.49 20.37 19.34 18.22 19.53 20.53 20.78 22.09 22.55 21.89 21.79 20.27 20.62 21.02 22.90 23.13 24.10 25.46 25.68 25.90 26.19 24.96 23.95 22.25 23.18 22.65 23.26 24.45 25.29 25.92 25.75 24.93 24.86 24.32 23.71 21.62 22.73 23.10 23.26 24.03 24.86 26.55 25.96 24.31 22.58 24.46 25.35 25.20 25.03 27.48 29.40 
