2.69 6.14 7.63 11.22 13.86 16.45 18.33 20.16 20.10 20.79 19.48 18.56 15.54 17.23 16.86 18.22 19.86 19.67 21.29 23.06 23.19 23.78 26.52 27.35 25.91 25.55 26.03 26.37 26.93 26.61 27.32 26.51 24.13 22.83 22.77 20.79 19.23 18.34 18.50 17.87 16.48 16.77 17.16 18.40 20.09 21.44 23.07 24.06 25.46 26.35 25.91 23.54 22.05 23.18 21.80 19.51 19.94 19.95 19.35 19.15 20.89 21.99 22.45 22.17 22.85 22.93 23.88 23.62 23.88 25.36 26.58 24.54 23.74 24.81 26.82 24.65 23.37 24.34 24.47 23.13 23.01 23.56 23.13 23.01 24.64 24.25 27.53 
6.14 2.10 5.71 8.05 11.29 14.21 16.17 17.46 16.69 18.46 17.25 14.40 12.79 13.29 15.37 15.45 17.56 16.54 18.85 20.80 21.35 20.79 23.29 24.46 23.11 22.81 23.22 23.43 24.29 23.73 25.27 23.90 21.79 20.27 20.76 18.52 17.14 15.62 16.59 15.36 15.24 14.00 14.01 14.69 16.69 18.37 20.45 21.49 23.13 24.42 24.41 21.83 19.97 21.72 20.20 17.61 17.86 18.26 17.61 16.41 18.68 19.83 20.80 19.93 20.89 20.54 21.80 21.08 21.67 23.08 24.55 22.12 21.53 22.38 24.83 21.85 21.03 21.88 22.51 20.15 20.47 21.74 19.19 21.58 22.97 23.04 24.47 
7.63 5.71 1.87 5.76 8.27 10.64 12.60 14.42 14.43 15.82 13.98 13.88 11.72 13.42 14.81 17.00 17.83 16.97 17.79 20.72 20.71 19.95 21.09 22.61 21.23 20.68 20.54 20.83 21.82 21.57 23.11 22.06 20.07 18.99 19.37 17.53 16.89 16.12 16.01 15.48 14.46 13.46 11.12 12.14 13.81 15.06 17.29 18.05 19.35 20.39 21.39 18.82 16.72 18.77 18.17 16.01 16.46 17.13 17.24 16.21 18.14 19.53 20.77 19.14 19.54 18.78 19.97 19.06 20.00 21.07 22.24 19.98 19.83 20.14 22.19 19.43 18.80 19.40 19.69 18.57 19.20 19.25 16.69 19.17 22.33 21.83 23.46 
11.22 8.05 5.76 3.21 7.33 8.94 11.22 12.60 13.13 13.68 13.70 12.63 12.57 12.52 15.72 16.46 18.71 17.29 19.29 21.46 21.91 21.39 22.59 23.55 22.06 21.43 21.14 21.52 22.46 22.20 23.21 22.87 21.35 20.41 20.19 18.57 18.67 17.53 17.49 16.29 15.63 13.16 11.50 11.16 13.06 13.73 15.49 17.20 18.55 19.60 20.25 19.11 17.26 18.82 18.02 16.85 16.58 16.96 17.35 17.01 17.67 19.32 20.28 19.36 19.59 19.08 19.84 19.52 20.08 21.24 22.31 20.53 20.02 20.37 21.97 19.52 18.60 19.23 19.59 17.40 18.40 17.94 17.08 19.11 22.57 20.37 27.62 
13.86 11.29 8.27 7.33 3.45 6.96 6.65 11.26 10.05 12.35 11.14 10.71 10.27 11.28 13.01 15.80 17.34 15.77 16.86 19.61 19.01 19.46 21.62 22.82 20.40 19.96 19.70 20.26 20.33 20.02 21.49 21.03 19.42 17.98 18.23 16.48 16.15 15.42 16.76 16.60 14.85 12.81 10.48 10.59 10.39 12.48 13.02 15.08 17.26 18.25 17.44 15.63 14.81 16.33 15.22 13.63 14.78 15.54 15.19 15.10 16.60 18.25 19.07 18.10 18.54 18.43 19.65 19.03 19.17 21.01 22.34 19.88 19.28 20.29 22.07 18.96 17.26 18.63 18.69 16.75 16.99 19.01 19.74 18.23 18.85 19.89 24.59 
16.45 14.21 10.64 8.94 6.96 3.74 7.18 7.34 7.56 10.85 11.60 10.00 11.35 12.11 14.45 16.42 18.69 17.44 18.07 20.55 19.94 19.81 21.22 22.78 20.12 19.79 19.48 19.70 20.32 20.38 22.31 21.20 19.78 18.33 18.97 17.34 17.26 16.37 18.00 18.12 16.29 13.36 11.14 9.43 9.79 10.22 11.24 12.81 15.97 16.85 16.61 14.70 13.84 16.08 15.04 13.88 15.07 16.04 15.55 15.34 17.37 19.45 19.65 19.17 19.36 18.95 19.88 19.22 19.33 21.51 22.42 19.91 19.35 20.19 22.52 19.03 17.37 19.23 19.40 16.93 17.51 19.13 18.87 19.09 19.57 20.55 24.26 
18.33 16.17 12.60 11.22 6.65 7.18 2.69 6.33 6.84 10.55 10.54 11.68 12.93 14.52 15.73 18.29 20.30 18.82 19.35 22.44 21.90 20.55 21.28 22.83 20.17 18.91 18.82 19.04 19.52 19.53 22.07 21.10 19.67 18.93 20.07 18.16 18.72 18.63 20.27 20.32 19.17 16.61 13.36 11.83 10.47 10.76 10.88 11.64 14.23 15.92 16.28 14.02 12.75 15.67 15.07 13.75 15.25 17.30 16.65 16.51 18.77 20.58 21.01 19.98 20.42 19.12 20.28 19.43 19.48 21.34 22.40 19.68 19.56 20.00 22.63 18.60 17.15 18.41 18.84 16.79 17.19 18.97 18.52 17.90 19.05 19.56 22.90 
20.16 17.46 14.42 12.60 11.26 7.34 6.33 2.51 6.22 8.95 10.31 11.13 13.39 13.62 15.53 17.99 19.94 18.78 19.56 22.94 22.11 21.01 22.21 23.27 20.04 18.56 18.82 19.08 19.41 19.42 22.42 21.80 20.22 20.08 21.45 19.45 20.24 20.51 22.14 21.32 19.85 18.56 15.24 12.39 10.99 10.24 10.07 9.44 11.82 13.17 15.57 13.87 12.88 15.44 15.67 14.75 15.74 17.08 17.45 17.26 18.55 20.39 21.49 20.73 21.13 19.83 20.78 20.36 20.22 22.11 23.06 20.80 20.29 20.68 23.24 19.34 18.07 19.97 19.63 16.38 17.92 19.38 17.37 17.84 19.35 19.93 24.29 
20.10 16.69 14.43 13.13 10.05 7.56 6.84 6.22 1.84 6.21 7.68 9.53 11.25 13.43 15.27 17.51 19.12 17.70 19.24 22.23 20.89 20.47 21.91 22.46 19.80 18.49 18.47 18.72 19.44 19.34 22.48 22.68 21.78 21.92 22.66 21.52 21.54 21.79 23.81 23.31 21.12 19.80 17.64 14.79 12.18 11.71 10.26 9.30 11.36 12.56 13.89 14.03 13.85 16.47 16.21 16.36 16.52 18.39 18.13 18.89 19.64 21.57 22.41 21.75 22.21 20.59 21.48 20.81 20.42 21.74 22.92 20.71 21.19 21.71 23.62 20.07 18.54 19.70 19.49 16.33 17.40 19.48 17.68 17.97 19.96 21.41 23.93 
20.79 18.46 15.82 13.68 12.35 10.85 10.55 8.95 6.21 2.01 6.03 6.91 10.35 11.86 14.11 16.12 17.69 16.72 18.22 20.28 19.98 19.40 20.86 21.42 18.79 18.15 18.04 18.03 18.39 18.90 21.69 21.77 21.05 20.59 21.35 20.50 20.98 20.57 22.78 22.38 21.19 19.75 18.14 15.62 13.25 12.23 11.43 11.36 11.84 11.51 12.25 12.70 13.34 15.67 14.71 15.57 15.59 17.83 17.34 17.97 19.63 21.91 22.06 21.10 21.62 19.98 20.64 19.89 19.82 21.34 22.28 19.81 20.30 20.88 22.87 19.51 18.20 18.95 19.70 16.88 17.66 18.98 18.14 19.30 20.84 20.56 23.54 
19.48 17.25 13.98 13.70 11.14 11.60 10.54 10.31 7.68 6.03 0.45 5.13 7.58 9.60 11.30 13.71 15.27 14.54 15.97 18.26 17.64 17.35 18.43 19.85 17.21 16.49 16.72 16.65 16.75 17.69 20.53 20.48 19.67 19.99 20.55 19.53 20.09 20.30 21.24 21.59 20.72 18.73 16.49 14.52 12.81 12.32 12.06 11.45 12.09 11.50 12.04 11.36 12.09 14.25 13.84 13.70 14.32 16.66 15.70 16.60 17.88 20.78 20.68 19.89 20.14 18.74 19.75 19.25 19.19 21.14 22.57 19.71 19.95 20.15 22.71 19.15 17.64 18.67 19.82 17.41 17.55 18.98 18.29 18.74 20.75 21.61 23.80 
18.56 14.40 13.88 12.63 10.71 10.00 11.68 11.13 9.53 6.91 5.13 0.00 5.85 6.50 7.86 10.09 12.15 11.62 12.05 15.55 15.68 14.38 16.39 17.67 15.54 14.83 15.77 15.79 15.99 16.91 20.13 19.84 18.69 19.13 20.58 19.07 19.05 19.32 20.95 21.09 19.67 17.78 15.80 13.02 11.50 11.61 10.79 9.78 10.36 10.03 11.08 9.03 9.09 11.41 11.07 11.48 12.42 13.64 12.93 14.25 16.43 18.33 18.71 18.28 18.99 17.73 18.84 18.37 18.48 20.86 22.04 19.54 19.27 20.03 22.38 18.59 16.90 18.73 19.69 16.35 17.06 19.03 17.52 19.28 20.76 21.26 23.15 
15.54 12.79 11.72 12.57 10.27 11.35 12.93 13.39 11.25 10.35 7.58 5.85 1.42 6.09 6.93 9.13 10.26 9.54 11.23 13.91 13.73 13.38 14.97 16.01 15.17 15.29 15.73 15.85 16.99 18.36 20.64 20.34 19.09 19.99 21.11 19.96 19.23 19.63 21.36 21.37 19.12 17.73 16.14 14.14 12.70 13.13 12.82 12.53 13.12 12.90 13.44 12.29 10.54 12.42 11.64 12.24 11.65 13.29 12.89 14.20 15.31 17.98 18.35 18.48 19.07 17.94 19.18 18.94 19.09 20.87 22.42 20.08 19.81 20.91 22.98 19.84 17.99 19.60 20.54 17.61 17.73 19.82 18.37 18.92 19.46 21.25 22.77 
17.23 13.29 13.42 12.52 11.28 12.11 14.52 13.62 13.43 11.86 9.60 6.50 6.09 0.59 4.74 6.25 7.39 6.01 8.24 11.08 11.40 11.60 13.99 15.00 14.08 14.93 15.05 15.39 16.51 17.44 19.49 19.26 18.37 18.66 19.52 18.67 18.19 18.42 19.77 19.94 18.34 17.28 16.28 14.52 13.61 13.46 13.76 14.07 14.22 13.99 13.94 11.44 10.02 12.04 11.43 10.13 7.91 11.13 11.86 11.19 11.56 16.06 17.37 16.82 17.58 16.95 18.35 18.23 18.43 20.35 21.48 19.21 19.33 20.26 22.53 19.37 17.64 19.29 20.06 17.62 17.79 19.79 17.86 19.08 19.77 19.95 21.86 
16.86 15.37 14.81 15.72 13.01 14.45 15.73 15.53 15.27 14.11 11.30 7.86 6.93 4.74 1.84 5.59 7.32 6.47 8.49 11.34 12.26 12.12 15.02 16.22 14.39 14.82 15.18 16.14 16.85 17.60 19.14 19.42 18.65 18.78 19.69 18.80 18.58 18.39 20.00 20.25 19.37 17.77 16.69 15.63 14.88 15.26 14.98 15.28 16.17 16.24 15.63 12.93 10.99 13.32 11.79 10.72 8.98 11.58 11.65 11.44 11.73 15.76 17.39 16.87 18.03 17.41 19.20 19.08 19.34 21.19 22.73 20.03 19.87 20.69 23.36 20.26 18.34 19.91 21.18 18.89 18.45 20.15 18.85 19.37 20.41 21.43 22.32 
18.22 15.45 17.00 16.46 15.80 16.42 18.29 17.99 17.51 16.12 13.71 10.09 9.13 6.25 5.59 0.00 6.42 6.77 7.06 9.57 11.33 11.71 14.18 15.53 14.32 15.45 16.08 16.83 17.31 18.04 20.49 20.34 19.34 19.50 21.09 19.93 19.47 19.23 20.94 21.43 20.03 18.48 17.71 16.78 16.48 16.85 17.57 17.26 17.98 18.13 17.95 14.92 13.44 14.50 13.09 11.87 11.98 12.95 12.63 13.10 14.56 17.08 18.54 18.25 19.26 18.45 20.22 20.14 20.46 22.07 23.60 21.34 21.22 22.26 24.80 21.13 19.63 21.51 22.81 20.42 20.24 22.18 20.92 22.10 22.81 22.60 23.79 
19.86 17.56 17.83 18.71 17.34 18.69 20.30 19.94 19.12 17.69 15.27 12.15 10.26 7.39 7.32 6.42 1.22 5.82 7.63 8.47 8.79 10.62 13.40 15.20 14.39 16.02 16.62 17.04 18.06 19.50 21.61 20.85 19.99 20.46 21.93 20.54 20.12 20.37 22.37 22.62 21.11 20.04 19.14 18.48 18.06 18.61 19.59 19.47 19.86 19.81 19.87 17.06 14.98 16.05 14.28 13.16 11.85 13.88 13.13 13.60 14.97 17.66 18.87 18.50 19.93 19.15 21.15 21.02 20.89 22.71 24.42 21.81 21.47 22.83 25.29 22.36 20.94 22.66 23.77 21.58 21.03 23.34 22.36 22.59 23.55 23.95 25.59 
19.67 16.54 16.97 17.29 15.77 17.44 18.82 18.78 17.70 16.72 14.54 11.62 9.54 6.01 6.47 6.77 5.82 0.00 5.33 7.61 6.93 8.30 11.59 13.14 12.32 14.25 14.83 15.23 16.58 17.74 19.93 19.11 18.42 18.70 19.73 18.10 18.11 18.48 19.92 20.45 19.45 18.58 17.62 16.26 16.33 16.59 17.60 17.70 18.39 18.67 18.71 14.77 12.54 14.69 12.68 10.01 7.48 9.95 10.49 9.74 10.50 14.66 16.45 16.26 17.34 17.05 19.01 18.95 19.29 21.42 22.56 20.48 19.92 21.41 23.94 20.74 19.05 21.15 22.28 19.81 19.93 21.97 20.21 21.35 22.25 22.14 23.92 
21.29 18.85 17.79 19.29 16.86 18.07 19.35 19.56 19.24 18.22 15.97 12.05 11.23 8.24 8.49 7.06 7.63 5.33 0.43 6.68 7.46 6.98 9.33 12.27 10.92 12.49 13.42 14.05 14.95 16.25 18.01 18.05 17.38 17.24 18.62 17.29 17.44 17.23 18.78 19.32 18.74 17.82 16.45 15.60 15.87 16.37 17.00 17.05 18.15 18.89 18.67 14.96 12.74 14.95 13.02 11.06 9.51 11.35 10.14 10.66 11.41 14.81 15.91 15.92 17.45 16.82 18.14 18.24 19.02 21.01 22.37 19.49 19.38 21.03 23.72 20.50 18.91 20.88 22.44 19.96 19.51 21.37 20.96 21.24 22.58 22.76 24.96 
23.06 20.80 20.72 21.46 19.61 20.55 22.44 22.94 22.23 20.28 18.26 15.55 13.91 11.08 11.34 9.57 8.47 7.61 6.68 0.42 6.80 7.63 9.52 11.61 11.80 14.11 14.55 15.75 16.30 17.70 19.92 19.95 18.90 18.53 20.57 19.16 19.51 19.20 21.10 21.55 20.89 19.81 18.71 17.97 18.48 19.35 20.39 20.72 21.65 22.12 22.05 18.66 16.90 18.33 15.65 14.47 13.74 14.38 13.03 13.20 15.25 17.98 18.92 18.58 20.09 19.18 20.61 20.47 21.18 23.30 24.34 21.87 21.53 23.46 25.83 22.56 21.31 23.60 24.52 22.27 21.80 23.72 22.82 24.07 24.31 24.31 26.25 
23.19 21.35 20.71 21.91 19.01 19.94 21.90 22.11 20.89 19.98 17.64 15.68 13.73 11.40 12.26 11.33 8.79 6.93 7.46 6.80 0.89 5.68 7.67 9.82 9.62 12.49 12.38 13.81 14.88 16.51 18.64 18.51 17.47 17.71 19.64 17.80 18.31 18.64 20.44 20.77 20.01 18.97 17.79 17.17 17.83 18.23 19.82 20.15 20.78 21.56 21.52 18.62 16.67 18.47 15.61 14.12 13.00 13.90 12.31 12.49 14.31 16.91 17.32 17.21 18.86 18.33 20.06 20.09 20.61 22.69 24.27 21.61 21.28 22.79 24.96 22.19 21.20 23.06 23.58 21.45 21.09 23.04 23.01 22.78 23.67 24.23 26.59 
23.78 20.79 19.95 21.39 19.46 19.81 20.55 21.01 20.47 19.40 17.35 14.38 13.38 11.60 12.12 11.71 10.62 8.30 6.98 7.63 5.68 0.04 5.80 7.40 7.70 9.58 10.63 11.18 12.63 14.35 16.56 15.77 15.25 15.57 17.12 14.77 15.66 16.58 18.55 19.06 18.03 17.24 16.00 15.39 15.72 16.07 18.40 18.84 19.65 20.07 20.75 17.27 15.70 17.61 14.85 12.75 11.58 12.34 10.58 10.54 13.12 14.95 15.64 15.75 17.57 16.87 18.71 19.09 19.80 21.83 23.13 21.06 20.34 21.62 24.11 21.02 19.62 21.76 22.50 20.07 20.17 22.35 21.16 22.02 23.02 23.19 25.69 
26.52 23.29 21.09 22.59 21.62 21.22 21.28 22.21 21.91 20.86 18.43 16.39 14.97 13.99 15.02 14.18 13.40 11.59 9.33 9.52 7.67 5.80 2.07 7.25 6.54 9.25 10.44 11.02 11.50 14.09 16.29 15.97 15.45 16.29 17.78 16.53 16.68 17.91 19.68 19.89 19.31 18.30 16.75 16.12 16.86 17.45 19.45 20.05 21.11 22.02 22.06 19.05 17.38 19.33 16.36 14.73 13.93 15.07 12.61 12.76 14.84 16.97 17.37 17.58 18.95 18.23 19.93 20.34 21.06 23.30 24.55 21.79 21.17 22.62 25.37 22.11 20.11 22.37 23.60 21.26 20.53 22.69 22.81 22.78 23.92 24.92 27.36 
27.35 24.46 22.61 23.55 22.82 22.78 22.83 23.27 22.46 21.42 19.85 17.67 16.01 15.00 16.22 15.53 15.20 13.14 12.27 11.61 9.82 7.40 7.25 2.09 6.45 9.15 10.14 12.08 12.26 14.49 16.84 18.24 16.90 17.03 19.41 18.51 18.67 19.80 21.36 21.45 20.28 19.43 17.57 17.06 18.03 18.72 20.51 21.35 22.70 23.25 23.43 20.64 19.39 20.98 18.23 16.67 16.27 17.04 15.38 14.88 16.88 19.04 20.21 19.61 20.53 19.42 21.54 21.81 22.57 24.46 25.99 23.47 22.67 24.46 26.78 23.61 22.04 24.09 24.86 22.60 22.38 24.32 23.42 24.28 25.41 25.39 27.40 
25.91 23.11 21.23 22.06 20.40 20.12 20.17 20.04 19.80 18.79 17.21 15.54 15.17 14.08 14.39 14.32 14.39 12.32 10.92 11.80 9.62 7.70 6.54 6.45 0.04 5.76 5.64 7.66 8.59 10.07 12.66 13.72 13.60 13.95 16.00 15.26 16.00 16.92 18.92 18.62 18.31 16.42 14.77 13.79 15.24 14.86 16.89 17.88 19.37 19.94 20.20 17.49 16.60 18.44 15.79 13.76 13.54 14.81 12.76 12.35 14.75 17.04 17.45 16.83 17.69 17.29 18.88 19.36 19.98 22.13 23.57 20.75 20.24 21.95 23.95 21.21 19.99 21.80 21.95 20.01 19.57 21.89 21.84 22.06 22.72 24.42 26.68 
25.55 22.81 20.68 21.43 19.96 19.79 18.91 18.56 18.49 18.15 16.49 14.83 15.29 14.93 14.82 15.45 16.02 14.25 12.49 14.11 12.49 9.58 9.25 9.15 5.76 0.48 5.19 6.61 7.61 9.08 10.79 11.94 12.10 13.24 14.99 13.79 15.00 16.40 18.32 18.44 17.32 15.70 14.04 12.71 13.60 13.50 16.17 17.48 18.47 18.93 19.66 17.30 16.11 18.47 15.91 13.78 13.76 15.56 13.09 12.91 15.76 17.94 17.73 16.99 17.98 16.94 18.49 18.80 19.60 21.76 23.10 20.63 19.72 21.22 23.95 20.70 19.15 21.43 21.96 19.57 19.47 21.43 20.31 21.25 22.30 22.89 25.63 
26.03 23.22 20.54 21.14 19.70 19.48 18.82 18.82 18.47 18.04 16.72 15.77 15.73 15.05 15.18 16.08 16.62 14.83 13.42 14.55 12.38 10.63 10.44 10.14 5.64 5.19 1.57 5.05 6.10 7.35 9.60 10.55 10.91 12.37 14.33 13.66 14.63 16.56 18.51 18.37 17.51 15.91 14.06 12.88 14.03 14.44 16.50 17.21 18.95 19.31 19.66 17.20 16.38 18.21 16.04 13.91 14.17 16.05 14.21 14.04 16.70 18.66 18.60 17.85 18.61 17.74 18.85 19.09 19.86 21.83 23.35 20.66 19.93 21.43 24.09 20.98 19.18 21.16 22.33 20.18 19.34 21.10 21.37 21.74 21.89 23.56 26.26 
26.37 23.43 20.83 21.52 20.26 19.70 19.04 19.08 18.72 18.03 16.65 15.79 15.85 15.39 16.14 16.83 17.04 15.23 14.05 15.75 13.81 11.18 11.02 12.08 7.66 6.61 5.05 0.64 5.80 7.53 8.26 9.97 10.40 11.81 13.72 13.42 14.34 15.93 18.17 17.82 17.09 15.68 14.26 13.29 14.83 15.67 17.43 18.55 19.83 20.45 20.32 18.11 17.59 18.64 16.87 15.44 15.52 16.84 15.54 15.49 17.29 19.37 19.69 18.95 19.14 17.95 19.34 19.60 19.86 21.98 23.22 21.02 20.33 21.83 23.82 20.98 19.54 21.61 22.13 20.05 19.54 21.61 20.45 21.58 21.62 22.66 25.45 
26.93 24.29 21.82 22.46 20.33 20.32 19.52 19.41 19.44 18.39 16.75 15.99 16.99 16.51 16.85 17.31 18.06 16.58 14.95 16.30 14.88 12.63 11.50 12.26 8.59 7.61 6.10 5.80 0.09 5.81 7.88 8.13 9.31 10.61 12.64 12.37 14.01 15.32 17.28 17.68 17.62 16.81 15.07 13.95 15.18 16.04 18.13 19.25 20.40 21.25 21.21 19.43 18.07 20.32 18.28 17.21 16.75 18.53 17.08 17.26 19.10 20.86 21.04 20.01 20.40 19.07 20.18 19.96 20.22 22.07 23.66 20.87 20.56 21.46 23.47 20.75 19.43 21.13 21.52 19.67 18.88 20.62 20.37 20.50 20.71 22.13 24.75 
26.61 23.73 21.57 22.20 20.02 20.38 19.53 19.42 19.34 18.90 17.69 16.91 18.36 17.44 17.60 18.04 19.50 17.74 16.25 17.70 16.51 14.35 14.09 14.49 10.07 9.08 7.35 7.53 5.81 0.00 6.10 7.28 7.85 9.09 11.49 11.45 13.48 14.99 17.07 17.51 17.37 16.80 15.94 14.63 15.73 16.32 19.04 20.37 21.49 22.14 22.21 20.25 19.38 21.63 19.74 18.20 18.47 19.90 18.38 18.48 20.73 22.20 21.84 21.18 21.56 20.13 21.06 20.95 20.99 23.05 24.11 21.88 21.11 22.08 24.75 21.72 19.95 21.53 22.45 20.28 19.72 21.20 20.31 21.13 21.38 21.82 24.63 
27.32 25.27 23.11 23.21 21.49 22.31 22.07 22.42 22.48 21.69 20.53 20.13 20.64 19.49 19.14 20.49 21.61 19.93 18.01 19.92 18.64 16.56 16.29 16.84 12.66 10.79 9.60 8.26 7.88 6.10 2.53 6.52 8.07 8.53 11.72 12.18 13.90 15.32 18.16 18.71 18.20 18.00 17.67 17.60 18.17 18.92 21.25 22.90 24.20 24.66 24.38 22.66 22.22 24.05 22.01 20.89 21.44 22.70 21.08 21.39 23.75 25.01 24.83 23.96 24.24 22.88 23.47 23.50 23.65 25.39 26.43 23.92 23.54 24.44 26.97 23.90 22.30 23.31 24.75 22.58 21.35 22.44 23.06 23.19 23.02 23.85 26.62 
26.51 23.90 22.06 22.87 21.03 21.20 21.10 21.80 22.68 21.77 20.48 19.84 20.34 19.26 19.42 20.34 20.85 19.11 18.05 19.95 18.51 15.77 15.97 18.24 13.72 11.94 10.55 9.97 8.13 7.28 6.52 0.65 6.08 7.84 9.11 10.34 11.83 13.74 16.37 17.39 16.66 17.00 16.63 16.68 17.64 18.90 21.12 22.66 23.92 24.40 24.08 22.80 22.18 23.90 22.16 21.14 21.39 22.40 21.34 21.39 23.01 24.43 24.87 23.59 23.41 22.19 23.36 23.06 23.09 24.93 25.64 23.31 22.66 23.80 25.91 22.91 21.41 22.90 23.63 21.25 20.52 22.07 21.61 21.94 21.74 22.66 25.19 
24.13 21.79 20.07 21.35 19.42 19.78 19.67 20.22 21.78 21.05 19.67 18.69 19.09 18.37 18.65 19.34 19.99 18.42 17.38 18.90 17.47 15.25 15.45 16.90 13.60 12.10 10.91 10.40 9.31 7.85 8.07 6.08 1.00 6.41 8.67 7.67 9.96 11.62 14.22 15.12 15.48 15.52 15.01 15.41 16.59 18.28 20.28 21.70 22.49 23.17 23.40 21.78 21.00 22.96 21.77 20.90 20.74 22.14 20.92 21.18 22.95 24.30 24.28 22.78 22.91 22.06 22.84 22.22 21.99 23.70 24.55 22.03 21.64 22.88 24.89 22.05 20.46 21.90 22.52 20.47 19.12 21.03 21.27 21.30 20.95 21.84 24.77 
22.83 20.27 18.99 20.41 17.98 18.33 18.93 20.08 21.92 20.59 19.99 19.13 19.99 18.66 18.78 19.50 20.46 18.70 17.24 18.53 17.71 15.57 16.29 17.03 13.95 13.24 12.37 11.81 10.61 9.09 8.53 7.84 6.41 0.19 6.42 7.08 8.15 9.63 12.03 13.27 13.52 13.84 14.06 14.48 16.22 17.93 20.43 21.71 22.78 23.52 23.84 22.08 21.66 23.33 22.36 21.19 21.76 22.74 21.41 21.45 23.33 24.72 24.32 23.02 22.95 21.80 22.56 22.17 21.61 23.47 24.44 22.63 21.96 22.95 25.44 22.48 20.76 22.04 22.92 20.18 19.73 20.84 21.04 21.36 21.13 21.60 24.64 
22.77 20.76 19.37 20.19 18.23 18.97 20.07 21.45 22.66 21.35 20.55 20.58 21.11 19.52 19.69 21.09 21.93 19.73 18.62 20.57 19.64 17.12 17.78 19.41 16.00 14.99 14.33 13.72 12.64 11.49 11.72 9.11 8.67 6.42 2.55 5.85 7.93 8.00 11.01 12.74 12.39 12.79 13.59 15.02 15.97 18.08 20.58 22.78 24.06 24.58 24.51 23.17 23.37 24.99 23.42 22.42 23.21 24.25 22.56 22.48 24.43 25.53 25.08 23.86 24.17 23.14 23.56 23.05 22.82 24.26 25.56 23.50 23.10 24.14 26.67 23.91 22.04 22.94 24.15 21.80 20.19 21.31 22.36 22.45 22.11 23.28 25.81 
20.79 18.52 17.53 18.57 16.48 17.34 18.16 19.45 21.52 20.50 19.53 19.07 19.96 18.67 18.80 19.93 20.54 18.10 17.29 19.16 17.80 14.77 16.53 18.51 15.26 13.79 13.66 13.42 12.37 11.45 12.18 10.34 7.67 7.08 5.85 0.25 5.41 6.92 8.33 10.35 11.22 10.91 10.84 12.71 14.62 15.95 18.78 21.07 22.55 23.36 23.28 21.91 22.03 23.98 22.37 21.34 22.00 23.07 21.48 21.38 22.72 24.06 23.43 22.21 22.24 21.62 22.52 21.37 21.16 22.59 24.39 21.90 21.67 22.44 25.23 22.17 20.52 21.81 22.69 20.10 19.24 20.40 20.78 21.52 21.31 22.06 24.39 
19.23 17.14 16.89 18.67 16.15 17.26 18.72 20.24 21.54 20.98 20.09 19.05 19.23 18.19 18.58 19.47 20.12 18.11 17.44 19.51 18.31 15.66 16.68 18.67 16.00 15.00 14.63 14.34 14.01 13.48 13.90 11.83 9.96 8.15 7.93 5.41 0.92 5.57 7.33 8.77 9.98 10.69 9.67 12.19 14.55 16.03 18.36 20.85 22.38 22.91 22.98 21.58 21.41 22.91 21.75 20.97 21.11 22.59 20.90 20.94 22.48 23.68 23.20 21.42 21.96 21.18 21.70 20.86 20.37 21.98 23.61 21.38 21.16 22.18 24.48 21.54 19.59 21.35 21.41 19.19 17.50 19.61 19.75 19.45 19.77 20.94 23.37 
18.34 15.62 16.12 17.53 15.42 16.37 18.63 20.51 21.79 20.57 20.30 19.32 19.63 18.42 18.39 19.23 20.37 18.48 17.23 19.20 18.64 16.58 17.91 19.80 16.92 16.40 16.56 15.93 15.32 14.99 15.32 13.74 11.62 9.63 8.00 6.92 5.57 0.00 5.09 7.14 8.40 9.31 10.08 12.26 14.60 16.43 19.44 21.03 22.85 23.13 23.50 21.91 21.45 22.91 22.00 20.96 21.18 22.38 21.28 21.12 22.70 24.55 23.82 22.52 22.62 21.44 21.82 21.13 20.85 21.90 23.42 21.47 21.66 22.30 24.59 21.40 19.87 21.10 21.58 18.86 18.38 19.35 19.73 20.13 20.07 20.85 23.26 
18.50 16.59 16.01 17.49 16.76 18.00 20.27 22.14 23.81 22.78 21.24 20.95 21.36 19.77 20.00 20.94 22.37 19.92 18.78 21.10 20.44 18.55 19.68 21.36 18.92 18.32 18.51 18.17 17.28 17.07 18.16 16.37 14.22 12.03 11.01 8.33 7.33 5.09 0.34 6.19 7.38 8.85 10.16 13.52 15.70 17.09 20.18 22.74 24.45 24.83 25.04 22.98 23.08 24.16 22.90 21.76 22.46 23.54 22.07 21.93 24.25 25.55 25.34 24.00 24.43 22.97 22.86 22.51 22.17 23.06 24.33 22.49 22.85 23.23 25.87 22.96 21.24 22.17 22.76 20.45 18.79 20.37 20.96 20.90 21.16 22.72 25.19 
17.87 15.36 15.48 16.29 16.60 18.12 20.32 21.32 23.31 22.38 21.59 21.09 21.37 19.94 20.25 21.43 22.62 20.45 19.32 21.55 20.77 19.06 19.89 21.45 18.62 18.44 18.37 17.82 17.68 17.51 18.71 17.39 15.12 13.27 12.74 10.35 8.77 7.14 6.19 0.00 6.32 8.02 9.21 11.86 15.09 16.74 19.80 22.18 24.56 24.66 24.63 23.11 23.01 24.72 22.60 21.93 22.50 23.69 21.96 22.17 24.10 25.31 24.93 23.47 23.66 22.49 22.98 22.90 22.54 23.40 24.68 22.86 23.02 23.29 26.05 22.64 20.98 21.76 22.15 19.96 19.28 20.47 20.71 20.88 21.49 21.80 23.48 
16.48 15.24 14.46 15.63 14.85 16.29 19.17 19.85 21.12 21.19 20.72 19.67 19.12 18.34 19.37 20.03 21.11 19.45 18.74 20.89 20.01 18.03 19.31 20.28 18.31 17.32 17.51 17.09 17.62 17.37 18.20 16.66 15.48 13.52 12.39 11.22 9.98 8.40 7.38 6.32 0.00 5.41 6.32 10.19 12.47 15.05 17.40 20.10 22.07 23.12 23.04 22.00 21.58 23.10 21.19 20.51 20.49 21.72 20.24 20.34 22.21 23.31 23.09 21.50 21.80 20.83 21.24 21.40 20.95 22.33 23.60 21.78 22.06 22.61 24.64 21.41 20.06 20.84 20.44 18.73 17.63 19.06 18.93 18.55 19.35 20.37 22.64 
16.77 14.00 13.46 13.16 12.81 13.36 16.61 18.56 19.80 19.75 18.73 17.78 17.73 17.28 17.77 18.48 20.04 18.58 17.82 19.81 18.97 17.24 18.30 19.43 16.42 15.70 15.91 15.68 16.81 16.80 18.00 17.00 15.52 13.84 12.79 10.91 10.69 9.31 8.85 8.02 5.41 0.00 5.63 7.51 9.97 12.33 15.87 17.91 20.12 20.92 21.49 19.68 19.45 21.38 20.15 19.20 18.84 20.42 19.06 18.81 20.44 22.44 22.00 20.57 20.93 19.47 19.84 19.88 19.97 21.31 22.21 20.01 20.44 21.26 23.24 19.60 18.43 19.79 19.31 16.90 16.91 18.25 17.57 17.11 18.64 19.00 20.90 
17.16 14.01 11.12 11.50 10.48 11.14 13.36 15.24 17.64 18.14 16.49 15.80 16.14 16.28 16.69 17.71 19.14 17.62 16.45 18.71 17.79 16.00 16.75 17.57 14.77 14.04 14.06 14.26 15.07 15.94 17.67 16.63 15.01 14.06 13.59 10.84 9.67 10.08 10.16 9.21 6.32 5.63 0.00 5.37 6.44 8.98 12.33 14.60 16.82 18.02 18.35 17.56 17.00 19.43 17.79 17.35 17.56 18.92 16.78 16.68 18.88 20.43 20.36 18.86 19.83 18.23 18.55 18.50 18.75 19.62 21.11 18.42 19.02 19.68 22.07 18.24 17.20 18.13 17.92 15.43 14.86 16.50 16.02 16.27 17.00 18.91 20.83 
18.40 14.69 12.14 11.16 10.59 9.43 11.83 12.39 14.79 15.62 14.52 13.02 14.14 14.52 15.63 16.78 18.48 16.26 15.60 17.97 17.17 15.39 16.12 17.06 13.79 12.71 12.88 13.29 13.95 14.63 17.60 16.68 15.41 14.48 15.02 12.71 12.19 12.26 13.52 11.86 10.19 7.51 5.37 0.00 5.65 6.78 9.17 11.55 14.61 15.73 16.51 15.35 16.04 16.87 15.54 15.06 16.14 16.10 14.84 14.48 16.79 17.11 17.53 16.85 17.14 15.76 17.24 17.46 17.14 18.49 19.85 17.41 17.54 17.75 19.70 16.28 15.42 16.00 16.13 13.22 13.58 15.14 13.82 15.14 16.93 17.81 19.57 
20.09 16.69 13.81 13.06 10.39 9.79 10.47 10.99 12.18 13.25 12.81 11.50 12.70 13.61 14.88 16.48 18.06 16.33 15.87 18.48 17.83 15.72 16.86 18.03 15.24 13.60 14.03 14.83 15.18 15.73 18.17 17.64 16.59 16.22 15.97 14.62 14.55 14.60 15.70 15.09 12.47 9.97 6.44 5.65 0.32 5.17 6.02 8.12 10.51 11.82 13.16 12.10 12.12 13.66 13.21 12.79 13.10 14.07 13.57 13.06 15.07 15.92 16.97 15.85 16.34 14.94 16.68 16.71 16.59 18.13 19.37 16.62 16.65 16.82 18.26 14.65 13.84 14.95 14.61 10.94 11.22 13.78 13.08 13.15 14.80 17.06 18.99 
21.44 18.37 15.06 13.73 12.48 10.22 10.76 10.24 11.71 12.23 12.32 11.61 13.13 13.46 15.26 16.85 18.61 16.59 16.37 19.35 18.23 16.07 17.45 18.72 14.86 13.50 14.44 15.67 16.04 16.32 18.92 18.90 18.28 17.93 18.08 15.95 16.03 16.43 17.09 16.74 15.05 12.33 8.98 6.78 5.17 0.29 5.46 6.38 8.72 11.00 12.34 11.02 10.89 13.75 12.70 12.11 12.16 13.85 13.14 12.54 14.40 16.43 16.62 16.20 17.05 15.41 16.28 16.48 16.27 18.14 19.36 16.18 15.40 16.84 18.69 14.78 13.28 14.80 14.99 11.77 11.24 14.00 12.86 13.56 15.24 17.01 18.92 
23.07 20.45 17.29 15.49 13.02 11.24 10.88 10.07 10.26 11.43 12.06 10.79 12.82 13.76 14.98 17.57 19.59 17.60 17.00 20.39 19.82 18.40 19.45 20.51 16.89 16.17 16.50 17.43 18.13 19.04 21.25 21.12 20.28 20.43 20.58 18.78 18.36 19.44 20.18 19.80 17.40 15.87 12.33 9.17 6.02 5.46 1.62 5.25 7.26 9.74 11.47 10.60 10.59 13.34 12.95 13.06 13.31 14.15 13.94 14.33 16.06 17.05 19.14 18.84 19.04 17.54 17.77 17.64 16.96 18.42 19.76 16.61 16.07 16.93 19.12 14.70 13.63 14.39 14.67 10.00 11.54 14.17 12.83 13.31 15.84 18.31 20.20 
24.06 21.49 18.05 17.20 15.08 12.81 11.64 9.44 9.30 11.36 11.45 9.78 12.53 14.07 15.28 17.26 19.47 17.70 17.05 20.72 20.15 18.84 20.05 21.35 17.88 17.48 17.21 18.55 19.25 20.37 22.90 22.66 21.70 21.71 22.78 21.07 20.85 21.03 22.74 22.18 20.10 17.91 14.60 11.55 8.12 6.38 5.25 0.44 5.59 8.27 9.49 9.45 10.41 11.25 11.35 12.22 12.90 12.56 12.58 13.86 14.53 14.51 17.99 18.21 18.16 16.88 17.86 17.48 16.55 18.01 18.71 15.93 15.88 16.46 17.31 12.82 11.87 13.87 12.27 8.29 10.62 14.49 12.38 13.23 16.76 17.93 19.15 
25.46 23.13 19.35 18.55 17.26 15.97 14.23 11.82 11.36 11.84 12.09 10.36 13.12 14.22 16.17 17.98 19.86 18.39 18.15 21.65 20.78 19.65 21.11 22.70 19.37 18.47 18.95 19.83 20.40 21.49 24.20 23.92 22.49 22.78 24.06 22.55 22.38 22.85 24.45 24.56 22.07 20.12 16.82 14.61 10.51 8.72 7.26 5.59 0.87 5.24 7.26 7.37 7.67 8.59 8.81 10.96 11.15 11.79 12.29 13.60 15.31 16.18 17.96 17.41 17.96 17.08 17.78 16.68 15.86 17.66 18.39 14.92 14.68 15.59 16.96 12.05 11.27 12.68 13.58 9.17 10.40 14.35 13.00 13.18 15.61 18.21 19.90 
26.35 24.42 20.39 19.60 18.25 16.85 15.92 13.17 12.56 11.51 11.50 10.03 12.90 13.99 16.24 18.13 19.81 18.67 18.89 22.12 21.56 20.07 22.02 23.25 19.94 18.93 19.31 20.45 21.25 22.14 24.66 24.40 23.17 23.52 24.58 23.36 22.91 23.13 24.83 24.66 23.12 20.92 18.02 15.73 11.82 11.00 9.74 8.27 5.24 0.63 6.42 6.76 7.26 9.42 10.15 11.01 12.16 13.20 14.18 14.33 16.35 17.71 18.44 17.40 18.50 16.55 16.34 15.47 15.26 17.60 17.59 13.80 13.24 15.06 16.85 12.91 10.75 12.84 14.14 11.99 12.54 14.94 14.03 14.42 17.12 18.09 19.38 
25.91 24.41 21.39 20.25 17.44 16.61 16.28 15.57 13.89 12.25 12.04 11.08 13.44 13.94 15.63 17.95 19.87 18.71 18.67 22.05 21.52 20.75 22.06 23.43 20.20 19.66 19.66 20.32 21.21 22.21 24.38 24.08 23.40 23.84 24.51 23.28 22.98 23.50 25.04 24.63 23.04 21.49 18.35 16.51 13.16 12.34 11.47 9.49 7.26 6.42 2.06 6.01 7.42 8.53 8.89 11.00 12.02 12.38 13.89 15.36 16.18 17.36 19.32 19.00 19.26 16.96 16.84 15.59 15.75 16.77 16.64 12.77 13.47 13.82 16.17 10.98 11.05 12.98 14.21 11.79 14.34 15.96 13.71 15.01 17.88 19.71 20.87 
23.54 21.83 18.82 19.11 15.63 14.70 14.02 13.87 14.03 12.70 11.36 9.03 12.29 11.44 12.93 14.92 17.06 14.77 14.96 18.66 18.62 17.27 19.05 20.64 17.49 17.30 17.20 18.11 19.43 20.25 22.66 22.80 21.78 22.08 23.17 21.91 21.58 21.91 22.98 23.11 22.00 19.68 17.56 15.35 12.10 11.02 10.60 9.45 7.37 6.76 6.01 0.00 5.41 7.26 6.12 7.19 8.63 9.70 10.11 11.83 13.07 13.85 16.50 16.31 16.61 14.85 14.88 13.33 13.41 15.02 13.77 10.45 11.17 11.28 11.65 7.37 7.89 10.71 11.91 9.12 12.23 14.51 12.95 13.91 17.91 18.18 18.65 
22.05 19.97 16.72 17.26 14.81 13.84 12.75 12.88 13.85 13.34 12.09 9.09 10.54 10.02 10.99 13.44 14.98 12.54 12.74 16.90 16.67 15.70 17.38 19.39 16.60 16.11 16.38 17.59 18.07 19.38 22.22 22.18 21.00 21.66 23.37 22.03 21.41 21.45 23.08 23.01 21.58 19.45 17.00 16.04 12.12 10.89 10.59 10.41 7.67 7.26 7.42 5.41 0.75 5.77 6.59 5.25 6.37 8.47 8.30 9.41 11.62 13.64 15.06 14.25 14.95 13.66 14.11 12.56 12.79 14.62 15.64 11.50 11.76 12.21 14.15 9.74 9.98 11.56 13.01 10.79 13.08 14.89 12.49 13.98 16.62 17.60 18.87 
23.18 21.72 18.77 18.82 16.33 16.08 15.67 15.44 16.47 15.67 14.25 11.41 12.42 12.04 13.32 14.50 16.05 14.69 14.95 18.33 18.47 17.61 19.33 20.98 18.44 18.47 18.21 18.64 20.32 21.63 24.05 23.90 22.96 23.33 24.99 23.98 22.91 22.91 24.16 24.72 23.10 21.38 19.43 16.87 13.66 13.75 13.34 11.25 8.59 9.42 8.53 7.26 5.77 0.75 5.95 7.01 6.88 8.69 10.20 11.38 12.80 15.38 16.19 15.22 15.68 13.67 14.27 13.58 13.47 15.91 17.08 13.42 13.19 14.68 16.63 12.33 12.27 14.47 16.09 14.60 16.18 17.99 16.53 17.50 19.75 19.74 20.34 
21.80 20.20 18.17 18.02 15.22 15.04 15.07 15.67 16.21 14.71 13.84 11.07 11.64 11.43 11.79 13.09 14.28 12.68 13.02 15.65 15.61 14.85 16.36 18.23 15.79 15.91 16.04 16.87 18.28 19.74 22.01 22.16 21.77 22.36 23.42 22.37 21.75 22.00 22.90 22.60 21.19 20.15 17.79 15.54 13.21 12.70 12.95 11.35 8.81 10.15 8.89 6.12 6.59 5.95 0.48 5.24 7.02 6.54 7.37 9.16 11.28 12.58 14.51 13.49 13.98 12.04 12.76 12.11 12.48 14.42 15.55 11.65 11.60 12.77 14.94 10.42 10.52 13.39 14.77 13.56 14.71 16.50 15.40 16.29 19.16 19.43 20.78 
19.51 17.61 16.01 16.85 13.63 13.88 13.75 14.75 16.36 15.57 13.70 11.48 12.24 10.13 10.72 11.87 13.16 10.01 11.06 14.47 14.12 12.75 14.73 16.67 13.76 13.78 13.91 15.44 17.21 18.20 20.89 21.14 20.90 21.19 22.42 21.34 20.97 20.96 21.76 21.93 20.51 19.20 17.35 15.06 12.79 12.11 13.06 12.22 10.96 11.01 11.00 7.19 5.25 7.01 5.24 0.00 5.04 6.84 5.53 6.72 8.70 10.73 12.16 11.90 13.16 11.85 12.25 11.56 12.25 14.77 15.65 13.08 13.01 13.42 14.95 11.07 10.55 13.15 14.54 13.05 14.61 17.01 15.80 17.77 19.63 19.62 20.32 
19.94 17.86 16.46 16.58 14.78 15.07 15.25 15.74 16.52 15.59 14.32 12.42 11.65 7.91 8.98 11.98 11.85 7.48 9.51 13.74 13.00 11.58 13.93 16.27 13.54 13.76 14.17 15.52 16.75 18.47 21.44 21.39 20.74 21.76 23.21 22.00 21.11 21.18 22.46 22.50 20.49 18.84 17.56 16.14 13.10 12.16 13.31 12.90 11.15 12.16 12.02 8.63 6.37 6.88 7.02 5.04 0.20 5.81 6.74 6.28 7.06 10.39 12.46 11.41 11.66 11.70 12.62 12.38 12.59 15.94 17.31 14.72 14.02 14.81 16.49 13.07 12.50 14.48 15.65 14.56 15.67 17.81 16.51 17.64 19.59 20.23 21.45 
19.95 18.26 17.13 16.96 15.54 16.04 17.30 17.08 18.39 17.83 16.66 13.64 13.29 11.13 11.58 12.95 13.88 9.95 11.35 14.38 13.90 12.34 15.07 17.04 14.81 15.56 16.05 16.84 18.53 19.90 22.70 22.40 22.14 22.74 24.25 23.07 22.59 22.38 23.54 23.69 21.72 20.42 18.92 16.10 14.07 13.85 14.15 12.56 11.79 13.20 12.38 9.70 8.47 8.69 6.54 6.84 5.81 0.49 5.94 7.11 6.91 9.28 11.96 11.10 12.02 11.24 13.45 12.98 14.06 17.23 19.65 16.21 15.41 16.17 18.30 14.52 13.50 16.07 17.49 16.10 17.30 19.23 19.12 20.57 21.39 21.50 22.29 
19.35 17.61 17.24 17.35 15.19 15.55 16.65 17.45 18.13 17.34 15.70 12.93 12.89 11.86 11.65 12.63 13.13 10.49 10.14 13.03 12.31 10.58 12.61 15.38 12.76 13.09 14.21 15.54 17.08 18.38 21.08 21.34 20.92 21.41 22.56 21.48 20.90 21.28 22.07 21.96 20.24 19.06 16.78 14.84 13.57 13.14 13.94 12.58 12.29 14.18 13.89 10.11 8.30 10.20 7.37 5.53 6.74 5.94 1.01 5.49 7.21 6.67 9.21 9.47 10.37 9.37 12.30 12.27 13.10 16.79 19.34 16.17 15.06 15.55 18.48 14.66 13.28 15.47 17.05 15.84 16.48 18.22 18.50 18.85 20.55 21.18 22.30 
19.15 16.41 16.21 17.01 15.10 15.34 16.51 17.26 18.89 17.97 16.60 14.25 14.20 11.19 11.44 13.10 13.60 9.74 10.66 13.20 12.49 10.54 12.76 14.88 12.35 12.91 14.04 15.49 17.26 18.48 21.39 21.39 21.18 21.45 22.48 21.38 20.94 21.12 21.93 22.17 20.34 18.81 16.68 14.48 13.06 12.54 14.33 13.86 13.60 14.33 15.36 11.83 9.41 11.38 9.16 6.72 6.28 7.11 5.49 0.00 5.76 6.59 8.12 8.56 10.95 9.56 12.72 12.64 15.03 17.92 20.29 17.46 17.08 17.53 19.12 15.89 13.93 16.29 17.05 15.84 16.67 18.61 18.47 19.44 21.15 21.52 22.25 
20.89 18.68 18.14 17.67 16.60 17.37 18.77 18.55 19.64 19.63 17.88 16.43 15.31 11.56 11.73 14.56 14.97 10.50 11.41 15.25 14.31 13.12 14.84 16.88 14.75 15.76 16.70 17.29 19.10 20.73 23.75 23.01 22.95 23.33 24.43 22.72 22.48 22.70 24.25 24.10 22.21 20.44 18.88 16.79 15.07 14.40 16.06 14.53 15.31 16.35 16.18 13.07 11.62 12.80 11.28 8.70 7.06 6.91 7.21 5.76 0.96 5.59 8.36 8.18 10.79 11.39 13.55 14.80 16.99 20.73 22.22 20.25 19.38 19.80 20.88 17.56 16.18 17.32 18.16 16.56 17.17 19.07 18.76 19.24 21.06 21.98 22.99 
21.99 19.83 19.53 19.32 18.25 19.45 20.58 20.39 21.57 21.91 20.78 18.33 17.98 16.06 15.76 17.08 17.66 14.66 14.81 17.98 16.91 14.95 16.97 19.04 17.04 17.94 18.66 19.37 20.86 22.20 25.01 24.43 24.30 24.72 25.53 24.06 23.68 24.55 25.55 25.31 23.31 22.44 20.43 17.11 15.92 16.43 17.05 14.51 16.18 17.71 17.36 13.85 13.64 15.38 12.58 10.73 10.39 9.28 6.67 6.59 5.59 0.39 5.82 7.07 9.60 10.03 13.82 15.18 17.42 21.44 23.76 21.18 20.10 21.10 22.15 18.29 16.23 17.94 18.63 17.12 17.85 19.49 19.38 20.64 22.22 22.55 23.35 
22.45 20.80 20.77 20.28 19.07 19.65 21.01 21.49 22.41 22.06 20.68 18.71 18.35 17.37 17.39 18.54 18.87 16.45 15.91 18.92 17.32 15.64 17.37 20.21 17.45 17.73 18.60 19.69 21.04 21.84 24.83 24.87 24.28 24.32 25.08 23.43 23.20 23.82 25.34 24.93 23.09 22.00 20.36 17.53 16.97 16.62 19.14 17.99 17.96 18.44 19.32 16.50 15.06 16.19 14.51 12.16 12.46 11.96 9.21 8.12 8.36 5.82 0.95 5.86 8.55 8.50 12.14 14.74 16.73 20.31 23.15 20.53 19.59 20.58 22.66 19.03 16.86 17.68 19.34 17.45 18.03 19.14 19.31 20.27 22.55 22.82 23.99 
22.17 19.93 19.14 19.36 18.10 19.17 19.98 20.73 21.75 21.10 19.89 18.28 18.48 16.82 16.87 18.25 18.50 16.26 15.92 18.58 17.21 15.75 17.58 19.61 16.83 16.99 17.85 18.95 20.01 21.18 23.96 23.59 22.78 23.02 23.86 22.21 21.42 22.52 24.00 23.47 21.50 20.57 18.86 16.85 15.85 16.20 18.84 18.21 17.41 17.40 19.00 16.31 14.25 15.22 13.49 11.90 11.41 11.10 9.47 8.56 8.18 7.07 5.86 0.00 5.88 6.25 9.50 11.48 14.83 17.73 19.61 17.88 17.39 18.23 18.87 16.43 14.31 15.88 15.79 15.35 16.28 17.89 17.32 19.51 21.51 22.13 22.70 
22.85 20.89 19.54 19.59 18.54 19.36 20.42 21.13 22.21 21.62 20.14 18.99 19.07 17.58 18.03 19.26 19.93 17.34 17.45 20.09 18.86 17.57 18.95 20.53 17.69 17.98 18.61 19.14 20.40 21.56 24.24 23.41 22.91 22.95 24.17 22.24 21.96 22.62 24.43 23.66 21.80 20.93 19.83 17.14 16.34 17.05 19.04 18.16 17.96 18.50 19.26 16.61 14.95 15.68 13.98 13.16 11.66 12.02 10.37 10.95 10.79 9.60 8.55 5.88 0.00 5.45 7.39 10.23 12.96 15.77 17.16 15.84 15.97 15.45 16.05 14.16 13.91 14.62 15.01 14.66 16.02 17.41 16.41 18.36 20.58 21.31 23.05 
22.93 20.54 18.78 19.08 18.43 18.95 19.12 19.83 20.59 19.98 18.74 17.73 17.94 16.95 17.41 18.45 19.15 17.05 16.82 19.18 18.33 16.87 18.23 19.42 17.29 16.94 17.74 17.95 19.07 20.13 22.88 22.19 22.06 21.80 23.14 21.62 21.18 21.44 22.97 22.49 20.83 19.47 18.23 15.76 14.94 15.41 17.54 16.88 17.08 16.55 16.96 14.85 13.66 13.67 12.04 11.85 11.70 11.24 9.37 9.56 11.39 10.03 8.50 6.25 5.45 0.00 5.35 6.97 9.97 12.72 15.22 13.28 12.77 13.77 14.83 12.29 12.04 13.88 15.09 14.13 15.19 16.44 16.42 18.64 20.04 20.92 22.63 
23.88 21.80 19.97 19.84 19.65 19.88 20.28 20.78 21.48 20.64 19.75 18.84 19.18 18.35 19.20 20.22 21.15 19.01 18.14 20.61 20.06 18.71 19.93 21.54 18.88 18.49 18.85 19.34 20.18 21.06 23.47 23.36 22.84 22.56 23.56 22.52 21.70 21.82 22.86 22.98 21.24 19.84 18.55 17.24 16.68 16.28 17.77 17.86 17.78 16.34 16.84 14.88 14.11 14.27 12.76 12.25 12.62 13.45 12.30 12.72 13.55 13.82 12.14 9.50 7.39 5.35 1.49 5.93 6.98 10.56 13.02 11.43 10.92 12.27 14.33 12.45 11.87 13.78 15.71 14.96 15.06 16.88 16.76 18.39 20.58 21.85 24.06 
23.62 21.08 19.06 19.52 19.03 19.22 19.43 20.36 20.81 19.89 19.25 18.37 18.94 18.23 19.08 20.14 21.02 18.95 18.24 20.47 20.09 19.09 20.34 21.81 19.36 18.80 19.09 19.60 19.96 20.95 23.50 23.06 22.22 22.17 23.05 21.37 20.86 21.13 22.51 22.90 21.40 19.88 18.50 17.46 16.71 16.48 17.64 17.48 16.68 15.47 15.59 13.33 12.56 13.58 12.11 11.56 12.38 12.98 12.27 12.64 14.80 15.18 14.74 11.48 10.23 6.97 5.93 2.00 5.90 7.70 10.10 9.87 9.81 11.04 12.56 10.76 10.89 13.44 14.65 14.16 14.67 16.73 16.95 18.21 20.41 21.34 23.25 
23.88 21.67 20.00 20.08 19.17 19.33 19.48 20.22 20.42 19.82 19.19 18.48 19.09 18.43 19.34 20.46 20.89 19.29 19.02 21.18 20.61 19.80 21.06 22.57 19.98 19.60 19.86 19.86 20.22 20.99 23.65 23.09 21.99 21.61 22.82 21.16 20.37 20.85 22.17 22.54 20.95 19.97 18.75 17.14 16.59 16.27 16.96 16.55 15.86 15.26 15.75 13.41 12.79 13.47 12.48 12.25 12.59 14.06 13.10 15.03 16.99 17.42 16.73 14.83 12.96 9.97 6.98 5.90 2.88 5.67 6.98 7.91 8.67 10.83 11.71 10.69 11.84 14.52 15.05 14.74 14.76 16.73 16.54 16.89 19.51 20.96 23.18 
25.36 23.08 21.07 21.24 21.01 21.51 21.34 22.11 21.74 21.34 21.14 20.86 20.87 20.35 21.19 22.07 22.71 21.42 21.01 23.30 22.69 21.83 23.30 24.46 22.13 21.76 21.83 21.98 22.07 23.05 25.39 24.93 23.70 23.47 24.26 22.59 21.98 21.90 23.06 23.40 22.33 21.31 19.62 18.49 18.13 18.14 18.42 18.01 17.66 17.60 16.77 15.02 14.62 15.91 14.42 14.77 15.94 17.23 16.79 17.92 20.73 21.44 20.31 17.73 15.77 12.72 10.56 7.70 5.67 2.33 6.50 6.54 9.10 10.41 12.90 12.19 12.79 14.93 16.59 16.54 15.68 16.90 18.26 19.06 20.81 20.91 23.02 
26.58 24.55 22.24 22.31 22.34 22.42 22.40 23.06 22.92 22.28 22.57 22.04 22.42 21.48 22.73 23.60 24.42 22.56 22.37 24.34 24.27 23.13 24.55 25.99 23.57 23.10 23.35 23.22 23.66 24.11 26.43 25.64 24.55 24.44 25.56 24.39 23.61 23.42 24.33 24.68 23.60 22.21 21.11 19.85 19.37 19.36 19.76 18.71 18.39 17.59 16.64 13.77 15.64 17.08 15.55 15.65 17.31 19.65 19.34 20.29 22.22 23.76 23.15 19.61 17.16 15.22 13.02 10.10 6.98 6.50 3.03 5.42 7.80 9.32 11.75 11.69 12.25 13.92 15.89 15.96 15.02 16.57 17.93 19.00 20.86 21.98 24.30 
24.54 22.12 19.98 20.53 19.88 19.91 19.68 20.80 20.71 19.81 19.71 19.54 20.08 19.21 20.03 21.34 21.81 20.48 19.49 21.87 21.61 21.06 21.79 23.47 20.75 20.63 20.66 21.02 20.87 21.88 23.92 23.31 22.03 22.63 23.50 21.90 21.38 21.47 22.49 22.86 21.78 20.01 18.42 17.41 16.62 16.18 16.61 15.93 14.92 13.80 12.77 10.45 11.50 13.42 11.65 13.08 14.72 16.21 16.17 17.46 20.25 21.18 20.53 17.88 15.84 13.28 11.43 9.87 7.91 6.54 5.42 0.11 5.14 6.80 8.18 8.20 9.07 11.16 12.84 12.39 12.43 14.77 15.75 15.83 19.01 19.03 21.35 
23.74 21.53 19.83 20.02 19.28 19.35 19.56 20.29 21.19 20.30 19.95 19.27 19.81 19.33 19.87 21.22 21.47 19.92 19.38 21.53 21.28 20.34 21.17 22.67 20.24 19.72 19.93 20.33 20.56 21.11 23.54 22.66 21.64 21.96 23.10 21.67 21.16 21.66 22.85 23.02 22.06 20.44 19.02 17.54 16.65 15.40 16.07 15.88 14.68 13.24 13.47 11.17 11.76 13.19 11.60 13.01 14.02 15.41 15.06 17.08 19.38 20.10 19.59 17.39 15.97 12.77 10.92 9.81 8.67 9.10 7.80 5.14 0.57 6.38 8.01 7.26 9.04 11.00 11.76 11.04 10.86 13.06 12.87 12.89 15.97 17.68 20.26 
24.81 22.38 20.14 20.37 20.29 20.19 20.00 20.68 21.71 20.88 20.15 20.03 20.91 20.26 20.69 22.26 22.83 21.41 21.03 23.46 22.79 21.62 22.62 24.46 21.95 21.22 21.43 21.83 21.46 22.08 24.44 23.80 22.88 22.95 24.14 22.44 22.18 22.30 23.23 23.29 22.61 21.26 19.68 17.75 16.82 16.84 16.93 16.46 15.59 15.06 13.82 11.28 12.21 14.68 12.77 13.42 14.81 16.17 15.55 17.53 19.80 21.10 20.58 18.23 15.45 13.77 12.27 11.04 10.83 10.41 9.32 6.80 6.38 0.00 5.93 6.98 7.27 7.97 10.22 10.57 10.31 12.88 13.23 13.90 17.28 16.79 20.01 
26.82 24.83 22.19 21.97 22.07 22.52 22.63 23.24 23.62 22.87 22.71 22.38 22.98 22.53 23.36 24.80 25.29 23.94 23.72 25.83 24.96 24.11 25.37 26.78 23.95 23.95 24.09 23.82 23.47 24.75 26.97 25.91 24.89 25.44 26.67 25.23 24.48 24.59 25.87 26.05 24.64 23.24 22.07 19.70 18.26 18.69 19.12 17.31 16.96 16.85 16.17 11.65 14.15 16.63 14.94 14.95 16.49 18.30 18.48 19.12 20.88 22.15 22.66 18.87 16.05 14.83 14.33 12.56 11.71 12.90 11.75 8.18 8.01 5.93 0.60 5.78 7.14 7.06 8.57 9.49 10.27 12.11 12.69 14.42 17.36 18.31 20.47 
24.65 21.85 19.43 19.52 18.96 19.03 18.60 19.34 20.07 19.51 19.15 18.59 19.84 19.37 20.26 21.13 22.36 20.74 20.50 22.56 22.19 21.02 22.11 23.61 21.21 20.70 20.98 20.98 20.75 21.72 23.90 22.91 22.05 22.48 23.91 22.17 21.54 21.40 22.96 22.64 21.41 19.60 18.24 16.28 14.65 14.78 14.70 12.82 12.05 12.91 10.98 7.37 9.74 12.33 10.42 11.07 13.07 14.52 14.66 15.89 17.56 18.29 19.03 16.43 14.16 12.29 12.45 10.76 10.69 12.19 11.69 8.20 7.26 6.98 5.78 0.38 5.79 7.38 6.86 6.75 7.98 11.47 10.18 11.31 14.43 14.46 17.20 
23.37 21.03 18.80 18.60 17.26 17.37 17.15 18.07 18.54 18.20 17.64 16.90 17.99 17.64 18.34 19.63 20.94 19.05 18.91 21.31 21.20 19.62 20.11 22.04 19.99 19.15 19.18 19.54 19.43 19.95 22.30 21.41 20.46 20.76 22.04 20.52 19.59 19.87 21.24 20.98 20.06 18.43 17.20 15.42 13.84 13.28 13.63 11.87 11.27 10.75 11.05 7.89 9.98 12.27 10.52 10.55 12.50 13.50 13.28 13.93 16.18 16.23 16.86 14.31 13.91 12.04 11.87 10.89 11.84 12.79 12.25 9.07 9.04 7.27 7.14 5.79 2.06 5.94 7.37 6.20 6.79 9.47 8.90 8.12 11.65 12.84 16.06 
