0.08 4.97 5.70 8.62 10.79 13.81 15.90 19.35 22.65 25.33 27.75 30.71 32.85 32.94 32.41 31.33 31.27 29.52 27.59 26.26 25.09 22.07 21.00 19.29 18.33 16.92 17.55 19.17 19.74 19.52 20.45 22.18 22.89 23.55 24.91 26.31 27.76 28.39 28.60 29.33 29.45 27.79 27.21 26.61 26.66 25.43 25.73 25.06 27.68 27.26 26.43 26.60 27.91 27.66 28.92 29.91 30.35 31.64 32.84 32.46 32.75 32.30 31.98 30.26 28.57 28.22 26.15 24.83 23.58 24.46 24.31 25.57 27.26 28.73 27.94 27.59 26.60 25.59 24.98 24.31 25.49 24.55 23.89 23.16 25.02 23.13 19.79 17.96 19.72 16.31 15.27 15.95 17.54 14.99 15.50 17.88 18.52 17.85 17.21 19.95 21.78 21.08 26.94 
4.97 0.00 2.96 4.96 8.97 11.55 13.57 17.13 20.46 24.40 25.93 28.77 32.26 32.82 32.15 30.53 30.20 28.07 25.89 24.82 22.47 19.71 18.02 17.71 15.66 13.96 14.96 17.10 18.23 17.28 17.84 19.91 20.88 21.27 22.64 23.91 25.56 25.70 26.13 26.76 27.10 24.93 24.42 24.03 23.92 22.68 23.16 22.54 25.61 25.33 24.28 24.63 25.96 25.63 27.08 28.50 28.46 30.12 31.36 31.33 31.33 30.94 30.41 28.76 26.45 25.93 24.23 22.76 21.37 22.49 22.43 24.08 25.94 27.12 26.58 25.85 24.65 23.25 23.39 21.94 23.25 21.73 22.40 20.55 22.16 20.72 16.73 15.96 17.67 15.06 10.93 13.59 15.31 13.59 13.41 16.08 17.21 16.48 15.34 19.86 20.94 20.86 25.21 
5.70 2.96 0.00 2.09 6.62 9.37 10.43 14.63 16.97 20.50 22.59 25.42 28.56 30.41 30.04 28.16 26.25 24.29 22.72 20.63 18.52 15.52 14.63 13.62 11.33 9.88 11.32 12.97 14.52 13.79 14.05 15.82 16.83 16.43 18.39 19.45 20.80 20.66 21.04 21.79 21.95 19.20 19.70 19.03 18.93 17.94 19.75 18.57 21.55 21.34 21.28 21.21 22.46 22.06 23.91 24.84 24.84 26.52 28.07 27.54 28.03 27.33 27.23 25.29 22.64 22.19 20.46 19.16 17.59 19.23 19.33 21.14 22.51 23.88 23.58 22.28 20.40 18.94 19.68 17.44 18.14 16.97 18.38 16.45 17.42 16.50 13.82 12.03 14.15 11.10 7.07 9.66 12.77 10.63 10.32 13.55 14.67 14.39 12.45 17.52 20.03 19.54 23.31 
8.62 4.96 2.09 0.00 4.93 7.76 10.06 13.70 16.57 19.69 22.62 25.66 27.46 29.29 28.68 27.64 26.32 24.69 21.74 20.15 16.64 15.53 13.89 11.52 11.65 10.03 11.89 13.34 15.26 14.12 14.22 15.39 15.93 15.39 16.41 17.49 19.49 19.34 20.04 20.79 20.73 18.65 19.19 18.76 18.09 17.16 19.15 17.61 20.48 20.28 20.38 20.34 21.43 20.88 22.82 24.09 23.81 26.00 27.43 27.12 27.48 27.35 26.73 25.14 22.78 22.46 20.46 19.42 17.69 19.42 19.22 20.80 21.83 23.89 23.06 22.16 19.88 18.98 18.45 16.72 17.98 15.85 17.27 15.16 17.39 16.46 12.79 11.58 14.23 9.36 8.07 10.31 12.78 9.36 12.04 13.80 15.39 13.78 15.19 18.75 20.93 19.63 28.35 
10.79 8.97 6.62 4.93 0.00 6.11 7.03 11.04 12.96 17.94 20.71 23.88 26.22 26.72 25.61 25.65 25.16 22.89 20.45 19.93 17.38 14.71 11.91 10.51 10.40 9.43 12.23 14.62 15.90 14.03 13.31 14.65 15.13 15.14 16.23 17.75 19.61 20.72 21.02 22.08 21.76 19.80 19.89 19.03 18.55 17.37 18.30 17.36 20.63 20.92 19.76 20.12 21.40 21.12 22.49 24.06 24.33 26.18 27.04 27.02 27.13 26.60 25.79 24.53 23.49 23.12 20.26 19.02 17.60 19.08 18.26 19.93 21.48 23.84 22.41 21.45 19.25 17.71 17.57 16.09 16.63 14.81 16.09 15.60 17.15 14.59 11.77 11.37 12.28 6.18 6.74 10.14 10.48 6.42 10.51 13.96 14.28 14.95 16.18 18.38 17.93 18.93 24.50 
13.81 11.55 9.37 7.76 6.11 0.00 5.74 7.26 10.90 14.93 17.98 21.69 24.00 26.04 24.36 24.41 22.74 21.48 18.37 18.35 14.67 10.43 10.21 8.14 8.52 7.73 11.27 15.35 15.41 13.82 12.06 14.08 13.58 14.24 15.22 15.96 17.93 19.49 20.25 20.91 20.20 18.57 18.76 17.71 17.17 16.44 17.97 16.38 20.13 20.58 19.08 19.25 20.75 20.54 21.48 23.52 23.36 25.72 26.31 26.75 26.82 26.08 25.22 24.17 22.52 22.04 19.69 18.33 16.44 18.19 17.55 20.02 21.25 23.56 21.90 21.66 18.77 17.26 16.06 14.05 14.65 13.14 15.63 14.59 16.95 15.84 12.26 11.98 14.52 10.80 8.34 11.67 13.71 11.62 12.93 15.96 16.59 17.00 16.49 20.09 19.50 20.40 23.65 
15.90 13.57 10.43 10.06 7.03 5.74 0.00 5.08 6.34 11.28 12.99 17.79 19.61 21.72 21.55 20.73 20.09 19.10 16.53 15.50 11.49 9.00 6.90 8.02 8.27 8.03 11.91 14.54 14.82 12.83 10.97 12.22 11.78 11.89 13.77 14.62 16.83 17.85 18.21 18.72 18.39 15.76 15.73 14.74 14.71 14.05 15.88 14.72 18.88 19.21 17.66 17.81 19.15 18.46 19.84 21.18 21.32 23.39 24.11 24.29 24.64 23.86 23.34 22.15 20.43 19.92 17.48 15.81 14.48 15.53 14.96 16.81 18.82 20.51 19.69 17.47 16.26 13.92 13.78 10.93 11.60 11.06 13.31 12.08 15.00 13.75 10.70 10.47 14.05 11.15 7.14 10.56 13.69 11.74 11.93 15.02 15.41 16.21 14.95 17.69 18.31 18.98 21.82 
19.35 17.13 14.63 13.70 11.04 7.26 5.08 0.00 5.43 7.11 11.58 15.17 17.75 19.13 18.42 18.17 17.20 16.06 13.58 11.84 9.23 6.51 7.08 5.88 9.57 9.57 13.19 16.66 16.66 14.12 11.85 12.97 11.57 11.94 12.60 13.54 17.05 17.98 17.90 18.29 18.42 15.60 15.73 15.01 15.22 14.43 16.56 15.29 19.91 20.07 18.74 18.64 19.92 18.86 19.94 21.57 21.12 23.53 24.10 24.51 24.70 23.96 23.35 21.81 20.39 20.16 17.39 15.70 14.15 15.84 14.99 16.63 18.11 20.50 19.68 16.59 15.64 12.83 12.36 9.40 12.27 9.49 13.41 12.26 15.95 16.27 13.07 12.73 15.49 13.22 11.19 13.96 15.01 13.77 14.62 17.56 17.80 17.89 16.34 20.18 20.10 20.45 24.75 
22.65 20.46 16.97 16.57 12.96 10.90 6.34 5.43 0.00 5.38 6.85 10.79 13.72 14.81 13.94 14.34 14.05 12.57 9.81 10.43 9.48 9.19 7.51 6.34 9.97 12.36 14.58 16.56 16.94 14.06 13.27 13.76 12.77 12.29 13.44 15.20 18.97 19.52 19.46 19.89 19.23 16.82 16.06 15.92 15.86 15.46 17.10 16.66 21.08 21.15 19.23 19.63 20.36 19.07 19.64 21.04 20.69 22.59 22.94 23.57 23.90 23.20 22.23 21.75 20.39 20.44 16.73 15.05 13.59 14.56 14.06 14.88 16.24 18.14 17.92 14.41 12.41 10.44 9.92 9.09 8.63 7.76 12.36 13.00 15.39 15.80 13.66 12.17 14.87 12.73 11.12 13.27 15.70 13.39 14.58 17.43 18.07 17.45 17.11 20.97 21.61 21.54 22.82 
25.33 24.40 20.50 19.69 17.94 14.93 11.28 7.11 5.38 0.00 6.02 8.04 10.60 12.32 12.57 11.97 12.48 11.76 10.89 10.44 10.60 9.38 11.94 10.67 13.11 15.14 17.60 20.42 19.70 16.99 14.62 15.92 13.17 14.11 15.09 17.29 20.12 20.76 21.10 21.15 20.42 18.13 17.78 16.85 17.04 16.95 19.18 19.05 23.12 22.97 21.34 21.70 22.32 20.63 21.39 22.41 21.50 23.26 23.82 23.77 24.21 23.20 23.06 21.75 20.49 20.60 17.94 16.20 14.91 16.00 15.95 16.75 17.41 18.32 18.09 14.47 12.78 10.37 11.42 9.08 10.30 10.66 15.07 14.75 18.40 20.27 17.32 16.37 18.88 18.21 15.87 17.34 19.02 17.69 17.75 20.45 20.97 20.24 19.81 23.51 23.49 22.68 24.07 
27.75 25.93 22.59 22.62 20.71 17.98 12.99 11.58 6.85 6.02 0.00 5.31 6.73 9.80 10.35 10.73 10.48 10.98 9.38 9.86 9.53 8.78 10.61 12.74 14.24 14.78 17.56 19.51 19.25 16.54 15.56 14.70 11.72 12.69 14.72 16.61 19.24 20.16 20.13 20.41 19.42 17.24 16.62 15.94 16.58 17.31 19.93 18.98 23.53 23.31 21.72 21.60 22.13 20.55 21.29 21.88 20.43 22.46 22.61 22.82 22.72 22.62 22.39 21.26 19.66 20.35 17.42 15.63 15.43 16.66 16.07 15.81 16.43 17.22 15.86 12.43 12.08 10.16 10.41 9.82 11.80 12.23 15.86 16.12 19.40 20.88 18.24 17.47 20.09 19.39 16.95 18.07 19.92 18.48 19.10 21.04 20.71 20.92 21.85 23.35 23.09 23.73 24.83 
30.71 28.77 25.42 25.66 23.88 21.69 17.79 15.17 10.79 8.04 5.31 0.00 5.26 6.65 9.05 10.43 11.11 9.55 9.62 11.72 12.81 12.24 13.78 14.91 18.13 18.07 19.97 22.67 21.55 19.15 17.41 17.56 14.79 14.54 16.12 18.28 20.50 22.01 21.88 22.41 21.11 18.53 18.95 18.31 18.74 19.05 21.74 21.02 25.45 25.33 23.31 23.01 24.15 22.02 22.72 23.11 21.89 23.63 23.28 23.20 23.35 22.82 22.38 21.26 20.14 20.65 17.77 16.63 16.59 18.41 17.18 17.58 17.13 18.14 16.99 13.99 13.20 10.93 11.10 11.17 14.30 14.19 18.32 18.83 21.08 23.11 20.24 19.87 21.83 21.09 17.92 20.59 21.76 20.60 20.19 22.93 22.67 22.54 22.91 25.73 25.17 25.18 26.34 
32.85 32.26 28.56 27.46 26.22 24.00 19.61 17.75 13.72 10.60 6.73 5.26 0.00 5.43 6.69 9.21 10.83 10.53 10.91 13.48 16.47 16.52 18.19 19.13 21.06 21.18 23.41 25.76 25.57 21.68 20.22 20.21 18.27 17.30 18.97 20.76 23.09 24.12 23.81 24.91 23.64 21.21 20.88 21.52 21.32 21.71 24.40 24.46 28.11 27.70 25.88 25.66 26.37 24.38 24.43 24.99 23.87 25.05 24.77 24.66 25.21 24.21 23.57 22.96 22.66 22.75 19.18 17.56 18.20 19.21 18.24 18.11 18.47 20.17 18.95 15.53 14.80 13.81 14.98 14.73 16.81 17.51 21.34 21.29 23.41 24.52 22.99 21.19 23.85 22.36 19.84 21.37 23.93 22.13 22.48 24.64 24.98 24.67 25.26 26.73 26.86 26.94 26.80 
32.94 32.82 30.41 29.29 26.72 26.04 21.72 19.13 14.81 12.32 9.80 6.65 5.43 0.00 5.56 7.04 9.42 10.68 12.14 14.13 16.56 16.92 19.45 21.15 23.17 23.11 24.81 27.68 26.51 23.31 21.04 20.87 18.30 18.39 19.23 21.12 23.37 23.52 23.33 24.53 23.52 21.05 20.94 21.25 21.96 21.96 24.84 24.94 28.44 27.90 26.12 25.72 26.67 24.65 25.14 25.03 23.70 25.13 25.00 24.38 24.30 23.61 22.91 22.15 21.23 22.29 19.52 17.69 18.34 19.66 19.02 18.95 18.95 20.64 19.31 16.72 15.60 14.40 15.51 16.53 17.56 19.48 22.47 22.61 24.88 26.65 23.94 22.72 24.39 23.77 21.00 22.56 24.57 23.40 22.90 25.95 26.10 25.70 26.40 28.53 27.81 27.49 26.82 
32.41 32.15 30.04 28.68 25.61 24.36 21.55 18.42 13.94 12.57 10.35 9.05 6.69 5.56 0.00 5.49 7.64 9.82 11.25 14.36 16.91 16.89 19.54 20.28 21.75 23.30 25.99 28.12 27.20 23.48 20.90 20.23 17.82 16.96 18.75 19.66 21.41 21.64 20.73 21.89 21.16 19.17 19.27 19.78 20.99 21.27 23.86 24.10 28.08 27.35 25.06 24.55 25.25 23.82 23.79 23.92 22.24 23.95 23.69 22.86 22.60 21.91 21.41 20.22 19.49 20.76 18.41 16.15 16.43 18.43 18.07 18.37 18.58 20.00 19.24 17.01 16.92 14.75 14.82 15.90 17.39 18.59 21.01 21.22 24.21 25.50 22.86 22.02 24.14 23.21 20.69 21.88 24.35 22.59 22.41 24.82 25.16 24.72 25.57 27.24 26.68 27.53 26.54 
31.33 30.53 28.16 27.64 25.65 24.41 20.73 18.17 14.34 11.97 10.73 10.43 9.21 7.04 5.49 0.00 5.54 6.81 8.61 12.18 15.30 15.68 18.21 20.44 21.77 22.90 25.90 27.83 26.26 22.98 20.42 20.10 17.51 17.11 17.75 18.78 21.02 20.78 20.34 20.98 20.16 18.47 18.59 18.80 20.08 20.56 23.64 23.43 27.44 27.16 24.87 24.15 25.13 22.79 23.35 23.05 22.12 23.56 23.00 22.20 22.18 20.68 20.16 19.15 18.45 19.11 17.08 15.67 16.13 17.10 17.45 18.63 18.84 19.90 19.70 17.29 16.27 13.94 13.95 14.67 16.19 17.70 20.39 20.89 22.86 24.33 21.89 21.41 23.20 21.94 19.77 21.36 23.80 22.20 21.87 24.77 25.30 24.47 26.40 28.34 27.86 27.53 27.30 
31.27 30.20 26.25 26.32 25.16 22.74 20.09 17.20 14.05 12.48 10.48 11.11 10.83 9.42 7.64 5.54 0.00 5.76 6.32 9.71 13.83 15.07 18.26 19.91 22.12 23.22 26.23 28.52 27.03 23.28 21.27 21.16 18.73 18.12 18.61 19.89 21.86 21.63 20.32 21.29 21.02 18.69 18.77 19.22 20.40 20.71 24.31 24.33 27.93 27.39 25.35 24.77 25.29 23.02 23.45 23.46 22.41 23.57 23.42 22.69 23.10 21.66 20.57 19.62 19.60 19.89 16.43 15.92 16.95 18.20 17.63 19.58 20.57 22.54 22.43 19.30 16.75 14.38 14.29 14.30 15.68 16.29 19.27 19.38 22.37 22.99 21.04 20.79 23.45 22.02 20.05 21.66 24.13 22.27 22.20 24.46 24.80 24.71 26.24 27.77 27.90 28.27 28.51 
29.52 28.07 24.29 24.69 22.89 21.48 19.10 16.06 12.57 11.76 10.98 9.55 10.53 10.68 9.82 6.81 5.76 0.00 5.01 6.80 11.81 13.27 15.79 17.62 20.09 22.47 24.90 26.49 25.74 22.98 20.68 20.09 17.53 16.60 17.21 19.04 20.78 20.53 19.05 19.68 19.43 17.49 17.03 17.90 19.01 19.08 22.52 22.91 26.88 26.41 24.18 23.56 24.63 21.74 22.71 22.38 21.52 22.75 23.42 22.58 22.90 21.23 20.58 18.74 18.19 18.81 16.59 15.13 16.30 17.60 17.74 19.37 20.34 22.25 22.01 19.56 16.33 13.80 13.49 13.67 14.19 15.34 18.67 18.25 21.49 22.84 20.82 19.96 22.70 21.51 19.61 20.56 23.14 21.32 21.14 23.59 24.29 23.83 25.19 27.90 27.24 27.03 27.51 
27.59 25.89 22.72 21.74 20.45 18.37 16.53 13.58 9.81 10.89 9.38 9.62 10.91 12.14 11.25 8.61 6.32 5.01 0.00 5.27 7.76 10.21 12.97 14.77 16.92 19.18 22.04 24.11 23.50 21.34 18.40 18.93 15.13 14.78 14.64 15.69 18.09 18.47 17.46 16.90 17.34 14.86 15.07 15.61 17.92 17.24 20.53 20.46 25.18 24.37 22.03 21.94 22.73 20.81 21.37 21.62 20.19 21.63 22.08 21.49 21.93 20.67 19.87 17.80 16.43 17.22 15.21 13.69 14.30 16.35 16.38 17.25 18.71 20.50 20.56 17.15 15.14 11.98 12.61 10.30 11.44 12.31 16.55 15.39 18.65 20.86 19.22 18.39 21.03 20.54 18.40 19.80 21.86 19.80 19.41 21.91 22.55 21.64 22.66 26.05 25.84 26.14 26.72 
26.26 24.82 20.63 20.15 19.93 18.35 15.50 11.84 10.43 10.44 9.86 11.72 13.48 14.13 14.36 12.18 9.71 6.80 5.27 0.00 5.72 6.09 10.54 12.62 15.28 17.02 20.27 22.81 21.04 19.21 15.97 15.91 13.25 12.76 13.85 14.47 17.40 18.77 17.52 17.15 16.47 14.25 13.52 14.29 15.88 16.67 19.44 20.32 24.12 23.66 21.55 21.75 22.55 20.33 21.44 21.56 21.22 22.52 22.75 22.24 23.09 21.15 20.57 19.63 18.64 18.59 16.41 15.39 15.41 17.21 17.30 18.21 19.56 21.55 21.33 18.60 16.58 13.91 12.89 11.82 12.32 13.40 15.54 16.35 19.42 21.76 19.26 18.74 20.50 20.05 17.74 18.99 21.32 19.33 18.86 21.57 22.36 21.60 21.90 25.51 25.52 25.67 26.05 
25.09 22.47 18.52 16.64 17.38 14.67 11.49 9.23 9.48 10.60 9.53 12.81 16.47 16.56 16.91 15.30 13.83 11.81 7.76 5.72 1.00 5.56 7.10 10.17 13.12 14.74 18.47 20.88 19.83 16.53 14.56 15.19 11.05 11.51 12.75 14.13 17.16 18.17 19.08 18.08 17.05 14.08 13.58 13.59 14.70 14.64 18.10 18.76 22.67 22.06 20.05 20.34 21.20 19.67 20.40 21.64 21.18 23.10 23.23 22.77 23.65 22.79 21.94 20.93 20.51 20.62 17.21 16.16 15.82 17.38 17.59 19.22 20.24 22.11 22.36 19.53 17.21 13.27 13.09 11.46 13.28 12.08 13.64 14.77 19.59 20.51 17.79 17.87 20.14 18.98 16.69 18.27 20.74 18.12 18.32 20.35 21.19 20.72 20.95 23.70 23.80 24.62 25.81 
22.07 19.71 15.52 15.53 14.71 10.43 9.00 6.51 9.19 9.38 8.78 12.24 16.52 16.92 16.89 15.68 15.07 13.27 10.21 6.09 5.56 0.00 5.05 6.31 9.48 12.20 15.60 17.23 15.42 13.47 11.59 10.20 8.04 8.14 10.87 12.09 14.43 16.93 16.57 16.62 14.81 12.12 10.35 10.33 11.74 11.65 14.07 15.10 19.38 19.65 17.64 17.85 19.14 17.18 18.86 19.88 19.73 21.37 22.40 22.21 22.98 21.89 21.42 20.51 19.65 19.99 16.73 15.56 14.87 16.20 15.64 17.41 18.04 20.18 20.27 17.84 14.64 11.89 11.89 11.09 10.99 11.98 14.71 14.53 18.10 19.39 16.40 15.93 17.86 16.64 13.94 15.50 17.73 15.09 15.07 17.73 18.89 18.67 18.58 22.14 22.14 22.91 24.04 
21.00 18.02 14.63 13.89 11.91 10.21 6.90 7.08 7.51 11.94 10.61 13.78 18.19 19.45 19.54 18.21 18.26 15.79 12.97 10.54 7.10 5.05 0.00 5.25 6.42 9.79 13.26 15.70 13.68 12.18 8.99 10.16 6.45 8.07 10.80 12.45 15.75 18.14 17.06 16.19 15.32 12.50 11.11 10.80 11.93 11.55 13.48 13.39 18.14 18.52 16.42 16.71 17.23 16.38 17.72 19.30 18.96 21.44 22.47 22.54 23.53 22.28 21.70 21.34 20.94 20.42 17.34 15.80 15.01 15.93 15.50 16.89 18.25 20.54 20.77 17.41 15.15 11.86 12.94 10.19 11.47 11.88 16.92 15.46 18.23 18.77 16.29 15.19 17.31 16.13 13.30 14.61 16.86 14.21 14.28 17.15 17.83 17.42 17.13 21.11 21.38 22.44 23.98 
19.29 17.71 13.62 11.52 10.51 8.14 8.02 5.88 6.34 10.67 12.74 14.91 19.13 21.15 20.28 20.44 19.91 17.62 14.77 12.62 10.17 6.31 5.25 0.00 5.67 6.86 10.52 12.71 11.59 9.87 7.82 7.51 5.89 7.36 12.50 14.23 18.06 20.29 19.13 18.30 17.06 14.56 12.39 11.73 12.32 11.91 12.34 12.46 16.55 17.25 14.86 15.93 17.58 16.28 17.88 20.24 20.78 23.21 23.71 24.12 24.93 23.72 23.06 23.34 22.94 22.11 18.89 17.22 16.08 16.59 16.10 16.90 17.98 20.67 20.54 17.14 15.02 12.85 12.16 10.04 12.06 13.88 17.14 16.77 19.29 20.15 17.84 16.22 17.96 16.94 14.22 15.08 16.80 14.43 14.34 17.23 18.66 17.93 17.00 22.03 22.65 22.76 24.03 
18.33 15.66 11.33 11.65 10.40 8.52 8.27 9.57 9.97 13.11 14.24 18.13 21.06 23.17 21.75 21.77 22.12 20.09 16.92 15.28 13.12 9.48 6.42 5.67 1.11 5.36 7.66 11.92 11.28 9.52 7.49 9.03 8.34 8.63 12.95 16.24 20.10 20.69 20.45 19.96 18.69 15.37 14.33 13.78 13.29 11.75 12.14 11.82 15.07 15.59 14.01 15.21 17.80 16.86 17.90 20.68 21.91 24.21 24.88 25.18 26.26 25.60 25.23 25.02 24.49 23.58 20.28 18.66 16.93 17.51 16.40 17.18 17.92 20.35 20.55 18.36 16.29 13.82 13.90 12.52 14.48 15.72 18.89 18.17 20.90 21.74 19.13 17.83 19.27 17.75 15.08 15.48 17.41 13.77 14.51 17.35 18.60 18.06 17.56 21.60 22.55 23.14 24.28 
16.92 13.96 9.88 10.03 9.43 7.73 8.03 9.57 12.36 15.14 14.78 18.07 21.18 23.11 23.30 22.90 23.22 22.47 19.18 17.02 14.74 12.20 9.79 6.86 5.36 0.00 5.87 7.83 9.03 7.89 7.48 7.68 9.83 10.24 13.38 16.83 21.38 21.82 21.44 20.94 18.97 16.60 14.08 13.58 11.91 11.15 10.61 10.17 13.04 14.04 12.48 14.13 16.87 16.19 17.90 20.68 20.47 23.45 24.23 25.20 26.02 25.26 24.75 24.73 24.24 23.70 20.10 18.39 16.76 17.40 15.52 16.71 16.85 19.23 19.29 17.72 15.33 13.89 14.29 13.40 14.21 15.33 19.21 18.53 20.42 20.84 18.49 16.91 18.45 16.20 12.42 13.33 15.05 11.08 11.48 15.49 17.14 16.23 15.94 21.01 21.94 21.72 23.01 
17.55 14.96 11.32 11.89 12.23 11.27 11.91 13.19 14.58 17.60 17.56 19.97 23.41 24.81 25.99 25.90 26.23 24.90 22.04 20.27 18.47 15.60 13.26 10.52 7.66 5.87 2.01 5.47 6.20 7.85 8.56 10.22 11.24 14.12 17.33 20.51 24.82 25.41 25.19 24.39 22.46 19.27 18.38 16.06 14.18 12.76 13.22 10.91 14.54 14.92 14.02 15.53 18.95 19.12 20.97 22.98 23.21 26.18 27.06 27.57 28.98 28.04 27.42 27.04 26.85 26.07 22.42 20.17 18.80 19.05 17.89 18.52 18.60 21.21 21.80 19.98 18.27 17.20 18.12 16.49 17.85 18.06 21.73 21.00 23.32 23.78 21.14 19.51 21.30 19.26 15.36 15.80 17.81 14.51 14.75 17.72 18.80 17.92 17.27 21.31 22.49 23.34 24.22 
19.17 17.10 12.97 13.34 14.62 15.35 14.54 16.66 16.56 20.42 19.51 22.67 25.76 27.68 28.12 27.83 28.52 26.49 24.11 22.81 20.88 17.23 15.70 12.71 11.92 7.83 5.47 0.41 6.11 6.74 9.84 12.49 13.78 16.00 20.76 23.62 27.16 27.78 26.99 26.74 23.87 20.95 18.50 16.52 14.32 13.19 12.26 11.75 14.59 16.19 14.44 16.76 20.05 20.77 22.71 24.85 25.30 28.39 29.00 29.55 30.70 29.92 29.28 29.09 29.11 28.26 24.90 22.72 21.41 21.58 19.74 20.34 20.56 22.79 22.74 21.35 20.50 19.18 20.16 18.67 20.25 20.10 24.27 23.49 26.08 26.38 23.95 22.13 23.41 21.61 17.56 17.66 19.19 16.72 16.23 19.05 20.38 20.03 18.88 23.18 24.33 24.20 24.91 
19.74 18.23 14.52 15.26 15.90 15.41 14.82 16.66 16.94 19.70 19.25 21.55 25.57 26.51 27.20 26.26 27.03 25.74 23.50 21.04 19.83 15.42 13.68 11.59 11.28 9.03 6.20 6.11 1.49 5.72 7.80 11.22 13.51 15.35 19.15 21.41 25.84 25.75 25.27 25.02 23.40 17.87 15.61 13.85 13.09 10.78 10.67 10.40 14.79 15.33 14.30 16.60 19.40 19.78 21.55 24.22 24.95 27.89 28.85 29.14 29.79 29.31 29.43 29.38 28.63 27.79 24.48 23.23 21.55 21.06 18.99 20.04 20.27 21.58 21.43 20.14 19.57 17.93 19.34 18.16 20.82 20.53 24.61 23.71 26.02 26.32 23.67 21.86 23.17 20.87 17.24 17.30 19.55 16.06 16.19 18.84 19.89 19.15 18.42 21.98 23.43 24.19 24.70 
19.52 17.28 13.79 14.12 14.03 13.82 12.83 14.12 14.06 16.99 16.54 19.15 21.68 23.31 23.48 22.98 23.28 22.98 21.34 19.21 16.53 13.47 12.18 9.87 9.52 7.89 7.85 6.74 5.72 0.05 5.57 6.40 9.53 11.47 14.29 16.97 21.19 22.32 21.49 21.13 18.56 14.91 12.65 10.56 9.84 7.93 8.39 9.08 13.40 14.06 12.92 14.77 17.62 17.31 19.15 21.53 21.82 24.76 25.67 26.45 27.11 26.65 26.11 26.10 25.67 25.33 21.61 20.12 18.81 19.25 16.32 17.11 16.67 18.53 18.15 16.60 15.14 14.20 15.62 15.02 17.17 17.90 22.30 20.96 23.45 23.64 21.20 18.98 20.81 18.83 14.58 14.81 17.18 14.02 13.48 16.49 18.32 17.61 16.09 20.68 21.81 21.72 22.87 
20.45 17.84 14.05 14.22 13.31 12.06 10.97 11.85 13.27 14.62 15.56 17.41 20.22 21.04 20.90 20.42 21.27 20.68 18.40 15.97 14.56 11.59 8.99 7.82 7.49 7.48 8.56 9.84 7.80 5.57 0.06 5.90 6.98 8.93 12.32 15.38 20.06 20.06 19.04 18.55 16.20 12.40 11.29 10.15 8.70 7.88 10.14 10.23 14.98 15.25 13.80 14.70 16.51 16.69 18.06 20.37 20.44 23.53 24.42 25.16 25.93 25.37 25.10 24.81 24.55 24.03 20.70 18.84 17.38 17.57 15.74 15.94 16.09 17.57 17.05 15.10 13.91 12.77 14.09 13.41 16.27 16.98 21.19 19.60 22.41 22.70 20.19 17.76 19.69 17.69 14.12 14.53 17.13 13.79 13.66 16.64 17.71 16.43 15.06 19.55 21.05 21.81 22.04 
22.18 19.91 15.82 15.39 14.65 14.08 12.22 12.97 13.76 15.92 14.70 17.56 20.21 20.87 20.23 20.10 21.16 20.09 18.93 15.91 15.19 10.20 10.16 7.51 9.03 7.68 10.22 12.49 11.22 6.40 5.90 0.24 5.81 6.43 10.19 13.59 17.03 17.74 16.57 16.34 13.96 9.88 9.64 7.73 8.96 7.91 11.35 12.54 16.39 16.84 14.80 15.26 16.76 16.88 18.81 20.29 20.61 23.76 24.98 25.42 26.20 25.73 25.59 25.13 25.15 24.50 21.63 19.25 17.93 18.13 16.45 16.83 16.82 18.50 18.08 15.03 14.72 12.92 14.79 13.95 16.96 18.11 22.13 20.98 23.43 23.37 21.43 19.38 21.00 18.75 15.72 16.25 18.10 15.42 15.10 17.74 19.44 17.83 16.37 21.28 22.61 22.61 23.06 
22.89 20.88 16.83 15.93 15.13 13.58 11.78 11.57 12.77 13.17 11.72 14.79 18.27 18.30 17.82 17.51 18.73 17.53 15.13 13.25 11.05 8.04 6.45 5.89 8.34 9.83 11.24 13.78 13.51 9.53 6.98 5.81 1.66 5.87 7.69 9.75 13.62 14.56 13.91 13.25 11.94 8.97 7.26 6.67 9.51 10.12 12.43 13.99 18.21 18.28 16.31 16.96 17.83 17.75 19.05 21.04 20.76 23.36 24.49 25.43 25.99 25.54 25.21 25.41 25.48 24.76 21.41 19.89 18.88 18.64 16.33 16.70 17.11 18.61 17.32 14.43 13.28 12.27 13.55 12.70 15.92 17.64 21.43 20.34 22.72 23.23 21.33 19.59 21.72 19.96 16.70 17.18 19.61 16.31 15.76 18.38 19.36 18.01 16.57 21.01 22.22 22.82 22.74 
23.55 21.27 16.43 15.39 15.14 14.24 11.89 11.94 12.29 14.11 12.69 14.54 17.30 18.39 16.96 17.11 18.12 16.60 14.78 12.76 11.51 8.14 8.07 7.36 8.63 10.24 14.12 16.00 15.35 11.47 8.93 6.43 5.87 1.79 5.95 6.80 10.67 12.37 11.50 11.20 10.18 8.21 7.68 7.81 10.45 11.70 14.84 16.53 19.89 20.28 17.94 18.58 19.50 18.42 19.50 20.63 20.29 22.20 23.39 23.81 24.81 24.01 23.63 23.34 23.68 23.10 20.05 18.18 17.84 18.73 16.85 17.29 17.12 19.02 18.00 15.36 13.49 12.89 14.64 14.34 16.81 18.39 21.75 20.54 22.42 23.40 21.12 19.10 21.34 20.03 16.84 17.33 19.48 16.34 15.66 18.43 19.87 18.41 17.18 21.60 22.51 22.38 23.09 
24.91 22.64 18.39 16.41 16.23 15.22 13.77 12.60 13.44 15.09 14.72 16.12 18.97 19.23 18.75 17.75 18.61 17.21 14.64 13.85 12.75 10.87 10.80 12.50 12.95 13.38 17.33 20.76 19.15 14.29 12.32 10.19 7.69 5.95 3.59 6.70 9.67 11.03 9.79 10.33 10.13 8.24 9.02 11.46 14.20 15.73 19.40 19.75 23.44 23.27 21.48 21.57 22.45 20.98 21.49 22.29 21.44 23.55 24.16 24.55 25.19 24.95 24.94 24.06 23.85 23.82 21.40 19.55 18.89 20.29 19.38 19.44 19.24 21.17 20.32 17.87 16.76 15.98 17.05 17.09 19.23 20.36 23.74 22.72 24.83 25.59 23.16 21.68 23.51 22.69 19.77 20.30 22.35 19.35 18.65 20.70 21.96 20.80 19.76 23.03 24.67 24.81 24.44 
26.31 23.91 19.45 17.49 17.75 15.96 14.62 13.54 15.20 17.29 16.61 18.28 20.76 21.12 19.66 18.78 19.89 19.04 15.69 14.47 14.13 12.09 12.45 14.23 16.24 16.83 20.51 23.62 21.41 16.97 15.38 13.59 9.75 6.80 6.70 1.99 6.28 7.61 7.92 9.41 9.86 8.90 11.00 13.16 16.25 17.99 22.18 22.78 25.13 25.82 23.12 23.24 23.24 22.24 23.27 23.34 22.42 24.07 25.36 25.10 25.69 25.29 25.37 24.52 24.43 24.71 22.44 20.56 20.03 21.47 20.69 21.05 20.46 21.98 21.30 19.11 18.34 17.47 19.38 19.06 20.71 21.88 25.39 24.93 26.40 27.19 25.11 24.03 25.59 24.35 21.62 22.31 23.65 21.35 20.32 22.46 23.14 22.50 21.21 25.22 26.11 25.59 25.53 
27.76 25.56 20.80 19.49 19.61 17.93 16.83 17.05 18.97 20.12 19.24 20.50 23.09 23.37 21.41 21.02 21.86 20.78 18.09 17.40 17.16 14.43 15.75 18.06 20.10 21.38 24.82 27.16 25.84 21.19 20.06 17.03 13.62 10.67 9.67 6.28 3.06 6.31 9.14 11.02 11.82 11.67 13.65 16.01 18.83 20.73 23.68 25.50 28.71 28.85 26.59 26.03 26.02 24.68 25.92 26.29 24.94 26.56 27.11 27.69 28.11 27.74 27.19 27.07 27.80 27.83 24.71 22.98 22.56 23.98 22.97 23.45 23.26 24.77 24.33 22.16 21.43 20.60 22.24 21.66 23.62 24.78 28.29 27.33 28.97 29.54 27.80 26.96 28.63 27.24 24.22 25.02 26.60 24.03 22.79 25.02 25.71 24.55 23.98 26.05 27.40 27.93 26.77 
28.39 25.70 20.66 19.34 20.72 19.49 17.85 17.98 19.52 20.76 20.16 22.01 24.12 23.52 21.64 20.78 21.63 20.53 18.47 18.77 18.17 16.93 18.14 20.29 20.69 21.82 25.41 27.78 25.75 22.32 20.06 17.74 14.56 12.37 11.03 7.61 6.31 1.24 6.25 8.77 10.61 11.30 14.36 15.89 18.55 20.79 24.24 25.74 28.95 29.17 26.05 25.78 25.73 24.23 25.31 25.20 24.13 25.67 26.92 26.80 27.26 26.92 26.44 26.05 26.58 26.74 23.89 22.17 22.02 22.89 22.29 22.94 22.91 23.89 23.25 21.74 20.77 20.48 22.30 21.98 23.61 24.50 27.65 26.81 28.27 29.42 27.05 26.50 28.07 26.90 23.84 24.82 26.39 23.72 22.55 25.41 26.09 24.99 24.08 27.35 28.04 27.34 26.83 
28.60 26.13 21.04 20.04 21.02 20.25 18.21 17.90 19.46 21.10 20.13 21.88 23.81 23.33 20.73 20.34 20.32 19.05 17.46 17.52 19.08 16.57 17.06 19.13 20.45 21.44 25.19 26.99 25.27 21.49 19.04 16.57 13.91 11.50 9.79 7.92 9.14 6.25 2.47 6.61 8.30 9.48 12.70 15.54 18.17 20.50 23.93 25.78 28.64 28.66 25.27 25.29 25.39 23.29 23.15 23.43 22.14 24.43 26.01 25.65 25.62 25.58 25.68 24.90 24.66 24.66 22.76 21.77 21.12 21.77 21.20 22.39 22.77 23.37 22.80 21.59 20.96 19.82 21.03 21.21 22.88 23.52 26.74 26.08 27.50 28.10 26.25 25.42 27.17 25.94 23.40 24.52 26.25 23.55 22.21 24.80 25.89 24.25 24.63 26.69 28.41 28.20 26.91 
29.33 26.76 21.79 20.79 22.08 20.91 18.72 18.29 19.89 21.15 20.41 22.41 24.91 24.53 21.89 20.98 21.29 19.68 16.90 17.15 18.08 16.62 16.19 18.30 19.96 20.94 24.39 26.74 25.02 21.13 18.55 16.34 13.25 11.20 10.33 9.41 11.02 8.77 6.61 0.00 6.57 7.99 11.20 13.59 16.76 19.26 23.63 25.29 27.71 28.09 24.97 24.85 24.79 22.14 23.00 22.57 21.54 22.57 25.19 24.62 25.43 24.50 25.28 23.77 24.54 24.35 22.53 21.28 20.87 21.76 21.29 22.37 23.25 24.29 23.15 21.81 20.80 19.72 20.77 20.83 22.97 23.51 27.37 26.18 27.95 28.48 26.55 25.99 27.72 26.43 23.82 24.42 26.21 23.67 22.42 24.87 26.01 24.53 24.63 27.61 28.96 27.62 26.92 
29.45 27.10 21.95 20.73 21.76 20.20 18.39 18.42 19.23 20.42 19.42 21.11 23.64 23.52 21.16 20.16 21.02 19.43 17.34 16.47 17.05 14.81 15.32 17.06 18.69 18.97 22.46 23.87 23.40 18.56 16.20 13.96 11.94 10.18 10.13 9.86 11.82 10.61 8.30 6.57 0.00 6.09 7.83 11.25 13.98 16.70 20.72 22.34 25.48 26.10 23.40 24.10 24.01 21.85 22.02 23.10 21.40 22.67 23.91 24.89 25.88 25.21 24.94 24.59 24.83 24.79 22.21 20.75 20.66 21.86 21.12 22.26 22.86 24.26 23.65 21.72 20.39 19.13 20.33 20.19 22.36 23.83 27.27 26.55 28.27 28.81 27.09 26.31 28.06 26.88 24.16 25.06 26.38 23.65 22.23 25.03 25.41 24.23 24.81 26.66 27.50 27.67 26.50 
27.79 24.93 19.20 18.65 19.80 18.57 15.76 15.60 16.82 18.13 17.24 18.53 21.21 21.05 19.17 18.47 18.69 17.49 14.86 14.25 14.08 12.12 12.50 14.56 15.37 16.60 19.27 20.95 17.87 14.91 12.40 9.88 8.97 8.21 8.24 8.90 11.67 11.30 9.48 7.99 6.09 0.00 5.18 6.50 9.63 12.43 16.28 18.81 21.63 22.33 19.24 19.79 19.71 17.98 18.95 19.74 18.99 20.26 22.36 22.96 24.30 23.38 23.27 22.14 22.54 22.15 19.61 18.28 17.53 18.50 17.98 19.60 19.56 20.92 20.28 18.66 16.85 16.05 18.03 17.82 19.76 20.68 24.89 23.62 25.79 26.30 24.45 23.59 25.55 24.28 21.46 22.44 23.83 20.91 19.52 22.76 23.68 22.11 21.96 25.48 26.03 25.55 25.28 
27.21 24.42 19.70 19.19 19.89 18.76 15.73 15.73 16.06 17.78 16.62 18.95 20.88 20.94 19.27 18.59 18.77 17.03 15.07 13.52 13.58 10.35 11.11 12.39 14.33 14.08 18.38 18.50 15.61 12.65 11.29 9.64 7.26 7.68 9.02 11.00 13.65 14.36 12.70 11.20 7.83 5.18 0.73 5.45 7.18 10.21 13.98 16.43 19.53 19.94 17.80 18.28 18.59 16.90 17.76 19.72 18.64 20.82 22.81 23.75 24.75 23.84 23.86 23.18 22.95 22.17 19.72 18.35 17.04 17.80 16.80 17.74 18.34 19.75 19.54 17.00 15.73 14.20 16.54 16.46 18.31 19.71 24.13 22.49 24.62 24.99 23.77 22.47 24.38 23.24 20.83 21.62 23.08 20.28 18.74 21.55 22.72 21.03 21.47 24.30 25.01 25.41 25.07 
26.61 24.03 19.03 18.76 19.03 17.71 14.74 15.01 15.92 16.85 15.94 18.31 21.52 21.25 19.78 18.80 19.22 17.90 15.61 14.29 13.59 10.33 10.80 11.73 13.78 13.58 16.06 16.52 13.85 10.56 10.15 7.73 6.67 7.81 11.46 13.16 16.01 15.89 15.54 13.59 11.25 6.50 5.45 0.10 6.33 6.91 10.73 13.29 16.86 17.69 14.82 16.22 16.73 15.08 16.25 18.73 18.78 20.39 22.54 23.59 24.24 23.81 23.39 22.88 22.69 22.26 19.51 17.85 15.79 16.67 15.86 16.73 16.68 18.83 17.94 16.24 13.88 13.09 14.98 15.58 17.85 19.29 23.19 21.84 23.89 24.61 22.77 21.53 23.36 22.48 19.87 20.44 21.66 19.39 18.31 20.65 21.64 20.38 20.60 23.90 24.60 24.67 24.93 
26.66 23.92 18.93 18.09 18.55 17.17 14.71 15.22 15.86 17.04 16.58 18.74 21.32 21.96 20.99 20.08 20.40 19.01 17.92 15.88 14.70 11.74 11.93 12.32 13.29 11.91 14.18 14.32 13.09 9.84 8.70 8.96 9.51 10.45 14.20 16.25 18.83 18.55 18.17 16.76 13.98 9.63 7.18 6.33 1.58 5.79 7.36 9.87 13.21 14.15 11.67 13.24 13.85 12.70 13.31 17.58 18.45 20.56 22.12 23.57 24.34 23.68 23.63 22.86 22.87 22.13 19.43 16.85 15.26 15.65 15.31 15.63 16.11 17.20 17.05 14.87 13.67 12.08 14.39 15.00 17.74 18.86 23.05 21.68 24.07 24.29 23.13 21.30 23.20 21.94 19.71 20.09 21.11 18.66 18.15 20.55 21.14 19.56 21.00 22.97 23.64 24.43 24.86 
25.43 22.68 17.94 17.16 17.37 16.44 14.05 14.43 15.46 16.95 17.31 19.05 21.71 21.96 21.27 20.56 20.71 19.08 17.24 16.67 14.64 11.65 11.55 11.91 11.75 11.15 12.76 13.19 10.78 7.93 7.88 7.91 10.12 11.70 15.73 17.99 20.73 20.79 20.50 19.26 16.70 12.43 10.21 6.91 5.79 1.08 5.49 7.14 10.63 11.65 9.53 10.38 11.56 11.31 12.80 16.03 17.31 20.77 22.28 23.77 24.04 23.60 22.81 22.58 22.38 22.45 18.73 16.66 14.48 14.47 12.79 13.86 12.68 14.90 14.68 13.42 11.31 10.62 13.00 13.73 16.01 17.62 21.60 20.86 22.65 23.16 21.48 20.12 21.65 20.50 18.02 18.25 19.25 17.25 16.33 18.34 19.03 17.98 18.14 21.89 22.21 22.45 23.30 
25.73 23.16 19.75 19.15 18.30 17.97 15.88 16.56 17.10 19.18 19.93 21.74 24.40 24.84 23.86 23.64 24.31 22.52 20.53 19.44 18.10 14.07 13.48 12.34 12.14 10.61 13.22 12.26 10.67 8.39 10.14 11.35 12.43 14.84 19.40 22.18 23.68 24.24 23.93 23.63 20.72 16.28 13.98 10.73 7.36 5.49 1.69 5.61 8.01 10.02 8.66 10.08 10.83 11.67 14.22 17.87 18.77 22.79 24.29 24.85 25.59 24.58 24.09 23.89 23.75 23.58 20.39 17.48 15.58 15.25 13.18 12.88 12.83 15.42 15.60 13.91 13.48 12.68 15.38 14.90 17.47 18.65 22.96 21.24 23.65 24.02 22.42 20.19 22.12 20.94 18.20 18.26 19.27 17.26 16.39 18.43 19.43 17.90 18.30 21.49 22.27 22.93 22.85 
25.06 22.54 18.57 17.61 17.36 16.38 14.72 15.29 16.66 19.05 18.98 21.02 24.46 24.94 24.10 23.43 24.33 22.91 20.46 20.32 18.76 15.10 13.39 12.46 11.82 10.17 10.91 11.75 10.40 9.08 10.23 12.54 13.99 16.53 19.75 22.78 25.50 25.74 25.78 25.29 22.34 18.81 16.43 13.29 9.87 7.14 5.61 0.00 6.02 7.02 7.48 8.54 11.16 10.70 12.80 17.09 18.79 22.11 23.72 24.27 25.05 24.54 24.01 23.59 23.32 23.10 20.12 17.49 14.97 14.93 12.36 12.20 11.76 14.42 13.99 13.77 12.98 12.87 14.50 14.57 16.47 17.38 21.06 20.13 22.15 22.43 20.35 18.98 20.44 19.17 16.28 16.60 17.97 15.10 14.67 17.07 17.82 16.37 16.19 21.02 22.10 21.82 22.32 
27.68 25.61 21.55 20.48 20.63 20.13 18.88 19.91 21.08 23.12 23.53 25.45 28.11 28.44 28.08 27.44 27.93 26.88 25.18 24.12 22.67 19.38 18.14 16.55 15.07 13.04 14.54 14.59 14.79 13.40 14.98 16.39 18.21 19.89 23.44 25.13 28.71 28.95 28.64 27.71 25.48 21.63 19.53 16.86 13.21 10.63 8.01 6.02 0.82 6.26 6.27 10.18 12.78 13.82 14.82 19.99 21.85 25.33 26.80 27.99 29.09 28.32 27.57 26.96 26.62 25.99 22.67 19.15 17.77 16.71 15.03 13.85 14.24 16.14 16.88 16.80 16.99 16.55 18.11 18.18 19.66 20.70 24.37 23.49 25.50 25.80 23.89 22.08 23.23 22.21 19.53 19.73 20.85 18.12 17.87 19.73 20.31 18.96 19.27 22.33 23.41 24.25 24.36 
27.26 25.33 21.34 20.28 20.92 20.58 19.21 20.07 21.15 22.97 23.31 25.33 27.70 27.90 27.35 27.16 27.39 26.41 24.37 23.66 22.06 19.65 18.52 17.25 15.59 14.04 14.92 16.19 15.33 14.06 15.25 16.84 18.28 20.28 23.27 25.82 28.85 29.17 28.66 28.09 26.10 22.33 19.94 17.69 14.15 11.65 10.02 7.02 6.26 0.00 4.89 7.31 10.83 12.62 14.87 18.51 20.32 24.13 26.27 26.82 27.83 27.13 26.02 25.38 25.51 25.47 21.03 18.51 16.31 15.67 12.78 13.05 11.89 15.10 16.64 16.70 16.07 16.09 17.32 17.22 18.97 20.08 23.94 22.78 25.01 25.54 23.30 21.51 22.56 21.79 18.89 18.68 19.18 16.89 15.94 17.61 18.45 18.24 17.66 21.70 22.76 22.78 23.28 
26.43 24.28 21.28 20.38 19.76 19.08 17.66 18.74 19.23 21.34 21.72 23.31 25.88 26.12 25.06 24.87 25.35 24.18 22.03 21.55 20.05 17.64 16.42 14.86 14.01 12.48 14.02 14.44 14.30 12.92 13.80 14.80 16.31 17.94 21.48 23.12 26.59 26.05 25.27 24.97 23.40 19.24 17.80 14.82 11.67 9.53 8.66 7.48 6.27 4.89 0.00 5.31 7.19 9.31 12.55 16.10 17.13 21.46 23.39 24.03 24.50 23.97 23.29 22.58 22.22 21.75 18.37 14.42 13.01 11.52 9.61 9.27 10.11 13.03 14.69 14.52 14.65 14.38 14.77 14.24 16.80 18.33 21.84 20.54 23.05 23.34 21.14 19.17 20.91 18.92 16.00 15.84 17.45 14.22 13.74 15.60 17.16 15.76 15.28 19.95 21.19 22.00 22.23 
26.60 24.63 21.21 20.34 20.12 19.25 17.81 18.64 19.63 21.70 21.60 23.01 25.66 25.72 24.55 24.15 24.77 23.56 21.94 21.75 20.34 17.85 16.71 15.93 15.21 14.13 15.53 16.76 16.60 14.77 14.70 15.26 16.96 18.58 21.57 23.24 26.03 25.78 25.29 24.85 24.10 19.79 18.28 16.22 13.24 10.38 10.08 8.54 10.18 7.31 5.31 0.00 5.59 6.49 9.61 12.93 14.57 18.73 20.97 21.31 22.00 21.79 21.71 21.21 20.62 20.77 17.03 13.61 11.61 11.16 9.89 9.56 10.62 14.81 16.24 16.09 15.13 14.88 15.29 14.46 16.47 17.54 21.00 19.58 21.42 21.99 19.24 16.90 18.61 17.51 14.34 13.89 15.56 13.29 13.05 14.55 16.44 15.69 14.44 19.63 21.30 21.43 21.98 
27.91 25.96 22.46 21.43 21.40 20.75 19.15 19.92 20.36 22.32 22.13 24.15 26.37 26.67 25.25 25.13 25.29 24.63 22.73 22.55 21.20 19.14 17.23 17.58 17.80 16.87 18.95 20.05 19.40 17.62 16.51 16.76 17.83 19.50 22.45 23.24 26.02 25.73 25.39 24.79 24.01 19.71 18.59 16.73 13.85 11.56 10.83 11.16 12.78 10.83 7.19 5.59 0.00 5.44 6.67 10.58 13.27 16.75 18.74 20.12 21.18 20.92 20.50 20.76 20.13 19.94 16.13 12.82 11.61 11.52 10.54 10.51 12.81 16.56 18.50 17.61 16.02 15.75 16.25 15.70 16.97 17.72 21.05 19.44 20.91 20.93 19.01 16.19 17.68 16.86 14.17 13.95 15.90 14.23 14.11 15.90 17.54 16.72 15.60 19.53 20.52 22.29 22.28 
27.66 25.63 22.06 20.88 21.12 20.54 18.46 18.86 19.07 20.63 20.55 22.02 24.38 24.65 23.82 22.79 23.02 21.74 20.81 20.33 19.67 17.18 16.38 16.28 16.86 16.19 19.12 20.77 19.78 17.31 16.69 16.88 17.75 18.42 20.98 22.24 24.68 24.23 23.29 22.14 21.85 17.98 16.90 15.08 12.70 11.31 11.67 10.70 13.82 12.62 9.31 6.49 5.44 0.00 5.11 6.99 9.13 13.19 15.11 16.76 17.54 18.01 17.01 17.59 17.50 17.25 13.26 11.19 10.55 9.42 9.54 10.71 12.57 17.33 18.72 17.67 15.62 14.79 15.30 14.39 15.23 15.95 19.27 17.61 18.66 18.79 16.78 14.15 15.41 14.46 12.85 12.44 14.17 12.80 12.73 14.92 16.59 15.91 15.27 19.90 20.54 21.04 22.46 
28.92 27.08 23.91 22.82 22.49 21.48 19.84 19.94 19.64 21.39 21.29 22.72 24.43 25.14 23.79 23.35 23.45 22.71 21.37 21.44 20.40 18.86 17.72 17.88 17.90 17.90 20.97 22.71 21.55 19.15 18.06 18.81 19.05 19.50 21.49 23.27 25.92 25.31 23.15 23.00 22.02 18.95 17.76 16.25 13.31 12.80 14.22 12.80 14.82 14.87 12.55 9.61 6.67 5.11 0.00 6.49 7.27 11.32 13.63 14.84 15.96 15.86 16.23 16.75 16.16 16.23 13.04 11.36 9.98 10.14 10.54 13.01 15.39 19.05 20.35 19.15 17.71 16.46 16.48 15.23 16.46 16.92 20.72 18.24 19.32 19.30 17.97 14.74 16.56 15.46 13.59 13.87 15.88 14.20 14.25 16.45 18.35 17.25 15.99 20.41 21.66 22.91 23.35 
29.91 28.50 24.84 24.09 24.06 23.52 21.18 21.57 21.04 22.41 21.88 23.11 24.99 25.03 23.92 23.05 23.46 22.38 21.62 21.56 21.64 19.88 19.30 20.24 20.68 20.68 22.98 24.85 24.22 21.53 20.37 20.29 21.04 20.63 22.29 23.34 26.29 25.20 23.43 22.57 23.10 19.74 19.72 18.73 17.58 16.03 17.87 17.09 19.99 18.51 16.10 12.93 10.58 6.99 6.49 0.51 5.89 8.56 10.72 12.42 13.64 13.86 14.51 15.56 15.93 16.18 13.24 11.94 11.77 12.83 13.82 16.54 18.19 22.14 22.62 21.85 19.90 18.31 18.20 16.90 17.31 17.42 20.20 17.51 17.96 18.73 15.91 12.30 15.11 15.51 13.62 13.10 16.35 15.93 15.91 17.58 20.02 19.58 17.94 22.35 23.32 23.35 24.23 
30.35 28.46 24.84 23.81 24.33 23.36 21.32 21.12 20.69 21.50 20.43 21.89 23.87 23.70 22.24 22.12 22.41 21.52 20.19 21.22 21.18 19.73 18.96 20.78 21.91 20.47 23.21 25.30 24.95 21.82 20.44 20.61 20.76 20.29 21.44 22.42 24.94 24.13 22.14 21.54 21.40 18.99 18.64 18.78 18.45 17.31 18.77 18.79 21.85 20.32 17.13 14.57 13.27 9.13 7.27 5.89 1.28 5.55 7.30 8.69 10.18 10.31 10.77 12.64 12.09 13.45 11.43 11.77 12.09 13.26 14.24 17.45 19.28 21.77 22.78 22.00 20.05 18.73 18.24 16.59 16.68 16.83 19.24 16.69 17.05 17.67 15.73 13.54 15.04 15.56 13.86 14.16 17.15 16.31 16.36 18.14 19.94 20.60 19.69 21.84 23.78 24.74 24.60 
31.64 30.12 26.52 26.00 26.18 25.72 23.39 23.53 22.59 23.26 22.46 23.63 25.05 25.13 23.95 23.56 23.57 22.75 21.63 22.52 23.10 21.37 21.44 23.21 24.21 23.45 26.18 28.39 27.89 24.76 23.53 23.76 23.36 22.20 23.55 24.07 26.56 25.67 24.43 22.57 22.67 20.26 20.82 20.39 20.56 20.77 22.79 22.11 25.33 24.13 21.46 18.73 16.75 13.19 11.32 8.56 5.55 1.41 6.27 7.48 9.12 10.83 11.54 12.43 13.36 14.44 13.37 13.72 14.51 16.43 18.13 20.45 21.93 25.09 25.25 23.90 21.41 20.46 20.09 18.57 18.38 18.71 21.10 19.00 19.81 20.34 17.82 16.90 18.32 18.36 17.20 17.85 19.99 18.81 18.77 21.56 22.98 23.08 22.07 25.35 25.77 26.33 25.99 
32.84 31.36 28.07 27.43 27.04 26.31 24.11 24.10 22.94 23.82 22.61 23.28 24.77 25.00 23.69 23.00 23.42 23.42 22.08 22.75 23.23 22.40 22.47 23.71 24.88 24.23 27.06 29.00 28.85 25.67 24.42 24.98 24.49 23.39 24.16 25.36 27.11 26.92 26.01 25.19 23.91 22.36 22.81 22.54 22.12 22.28 24.29 23.72 26.80 26.27 23.39 20.97 18.74 15.11 13.63 10.72 7.30 6.27 1.61 5.48 7.55 8.54 10.54 11.41 11.60 13.89 13.19 13.72 14.98 17.20 19.00 21.83 23.96 26.42 26.70 24.51 22.65 21.06 20.37 18.48 18.61 19.58 21.82 19.69 20.27 21.22 18.39 17.70 19.53 19.49 17.93 19.23 21.60 20.26 20.16 22.35 23.97 23.60 24.93 25.29 27.15 27.81 27.89 
32.46 31.33 27.54 27.12 27.02 26.75 24.29 24.51 23.57 23.77 22.82 23.20 24.66 24.38 22.86 22.20 22.69 22.58 21.49 22.24 22.77 22.21 22.54 24.12 25.18 25.20 27.57 29.55 29.14 26.45 25.16 25.42 25.43 23.81 24.55 25.10 27.69 26.80 25.65 24.62 24.89 22.96 23.75 23.59 23.57 23.77 24.85 24.27 27.99 26.82 24.03 21.31 20.12 16.76 14.84 12.42 8.69 7.48 5.48 0.00 5.57 7.36 8.41 10.94 12.45 13.47 12.77 13.14 14.93 17.47 20.07 22.17 23.96 27.27 27.35 25.44 22.57 21.05 20.57 18.67 18.41 19.10 21.16 19.33 20.25 21.01 18.28 17.33 19.76 19.84 18.40 19.32 21.83 20.81 20.31 23.19 24.41 24.64 24.32 27.61 28.11 28.74 27.86 
32.75 31.33 28.03 27.48 27.13 26.82 24.64 24.70 23.90 24.21 22.72 23.35 25.21 24.30 22.60 22.18 23.10 22.90 21.93 23.09 23.65 22.98 23.53 24.93 26.26 26.02 28.98 30.70 29.79 27.11 25.93 26.20 25.99 24.81 25.19 25.69 28.11 27.26 25.62 25.43 25.88 24.30 24.75 24.24 24.34 24.04 25.59 25.05 29.09 27.83 24.50 22.00 21.18 17.54 15.96 13.64 10.18 9.12 7.55 5.57 1.07 6.00 8.07 9.21 11.39 13.71 13.14 13.88 16.32 18.12 20.33 23.55 25.59 28.54 29.29 26.02 23.07 21.35 21.04 18.67 18.40 18.55 20.94 19.23 20.23 20.88 18.77 18.60 20.34 19.98 18.40 19.87 22.15 21.03 21.27 22.98 24.13 23.99 25.45 26.21 28.18 28.68 28.54 
32.30 30.94 27.33 27.35 26.60 26.08 23.86 23.96 23.20 23.20 22.62 22.82 24.21 23.61 21.91 20.68 21.66 21.23 20.67 21.15 22.79 21.89 22.28 23.72 25.60 25.26 28.04 29.92 29.31 26.65 25.37 25.73 25.54 24.01 24.95 25.29 27.74 26.92 25.58 24.50 25.21 23.38 23.84 23.81 23.68 23.60 24.58 24.54 28.32 27.13 23.97 21.79 20.92 18.01 15.86 13.86 10.31 10.83 8.54 7.36 6.00 0.00 5.61 7.33 8.45 11.40 12.49 12.41 14.32 17.42 20.29 22.14 24.85 27.90 27.53 24.51 21.47 19.68 18.99 17.55 16.32 17.43 18.77 17.92 18.12 19.89 17.75 17.32 19.53 19.66 18.17 19.58 21.61 20.25 20.18 23.38 24.38 24.06 25.10 27.89 28.04 28.09 27.62 
31.98 30.41 27.23 26.73 25.79 25.22 23.34 23.35 22.23 23.06 22.39 22.38 23.57 22.91 21.41 20.16 20.57 20.58 19.87 20.57 21.94 21.42 21.70 23.06 25.23 24.75 27.42 29.28 29.43 26.11 25.10 25.59 25.21 23.63 24.94 25.37 27.19 26.44 25.68 25.28 24.94 23.27 23.86 23.39 23.63 22.81 24.09 24.01 27.57 26.02 23.29 21.71 20.50 17.01 16.23 14.51 10.77 11.54 10.54 8.41 8.07 5.61 0.00 5.64 7.62 9.55 10.95 11.93 13.94 16.98 19.64 22.55 25.11 28.12 27.73 24.99 21.99 19.82 18.21 16.78 15.35 15.41 17.04 15.48 16.84 18.33 16.65 15.85 18.60 18.88 17.27 18.53 21.24 19.37 19.38 21.87 23.37 22.87 24.37 26.00 27.17 27.46 27.44 
30.26 28.76 25.29 25.14 24.53 24.17 22.15 21.81 21.75 21.75 21.26 21.26 22.96 22.15 20.22 19.15 19.62 18.74 17.80 19.63 20.93 20.51 21.34 23.34 25.02 24.73 27.04 29.09 29.38 26.10 24.81 25.13 25.41 23.34 24.06 24.52 27.07 26.05 24.90 23.77 24.59 22.14 23.18 22.88 22.86 22.58 23.89 23.59 26.96 25.38 22.58 21.21 20.76 17.59 16.75 15.56 12.64 12.43 11.41 10.94 9.21 7.33 5.64 0.00 5.38 7.65 8.68 10.25 13.29 16.17 18.91 22.40 25.07 27.65 27.33 25.39 21.71 19.67 17.89 15.83 13.18 13.45 15.07 14.27 15.62 17.52 16.19 15.23 17.79 18.13 16.51 17.41 20.33 18.52 18.24 21.61 23.05 22.38 23.21 26.08 26.64 26.36 26.03 
28.57 26.45 22.64 22.78 23.49 22.52 20.43 20.39 20.39 20.49 19.66 20.14 22.66 21.23 19.49 18.45 19.60 18.19 16.43 18.64 20.51 19.65 20.94 22.94 24.49 24.24 26.85 29.11 28.63 25.67 24.55 25.15 25.48 23.68 23.85 24.43 27.80 26.58 24.66 24.54 24.83 22.54 22.95 22.69 22.87 22.38 23.75 23.32 26.62 25.51 22.22 20.62 20.13 17.50 16.16 15.93 12.09 13.36 11.60 12.45 11.39 8.45 7.62 5.38 0.00 5.57 6.49 8.55 11.71 15.03 18.08 21.26 23.90 27.04 26.59 24.43 21.04 19.51 17.57 14.39 11.76 11.72 14.31 12.14 14.35 15.25 14.66 13.77 16.67 15.84 14.34 15.67 19.64 17.42 17.48 20.10 21.30 21.04 22.38 24.36 25.08 25.66 25.89 
