2.42 5.69 5.66 6.85 9.28 10.04 10.76 12.01 13.58 15.20 16.58 17.66 18.60 20.79 22.58 22.71 23.20 24.81 24.93 24.91 26.31 26.77 25.68 23.95 22.65 20.71 19.27 17.76 16.43 14.94 13.94 13.52 12.83 13.01 12.97 13.07 13.44 14.33 14.83 15.54 17.06 19.45 20.54 20.97 22.44 24.56 24.53 22.67 22.01 21.18 20.96 20.79 21.51 21.00 21.78 21.59 22.66 23.01 24.90 23.99 23.96 25.79 26.86 26.10 26.63 26.24 26.54 27.26 27.69 28.32 29.40 30.07 31.62 32.81 32.40 30.56 31.43 33.09 32.44 30.55 32.03 33.62 33.31 32.18 33.49 33.95 32.20 31.00 27.97 26.62 24.83 23.55 22.74 21.94 21.10 21.30 21.85 22.43 23.40 23.69 25.48 26.20 27.16 28.40 29.11 28.53 28.47 28.79 28.94 28.20 27.98 27.84 28.51 27.48 27.26 27.12 27.03 26.79 27.74 27.93 27.19 27.27 29.65 29.95 29.10 28.41 30.87 31.39 30.68 28.38 28.14 27.12 25.88 25.44 26.11 26.28 25.93 27.78 29.80 31.03 30.76 31.06 33.17 32.85 31.43 32.03 34.36 33.43 31.87 33.40 34.91 33.24 31.41 32.95 32.88 30.03 28.94 29.42 28.66 27.05 26.55 28.24 27.09 25.82 25.99 27.05 26.67 24.66 23.79 23.21 23.55 22.31 22.08 22.38 24.49 25.25 26.67 25.32 27.72 32.10 
5.69 1.11 4.36 4.55 6.80 7.00 7.43 9.34 10.76 11.99 12.89 13.57 15.34 17.45 19.89 19.34 20.54 21.65 21.72 21.15 23.23 23.23 22.30 20.46 19.42 17.38 16.11 14.54 13.53 11.75 11.20 10.60 10.33 10.52 10.57 10.60 11.44 11.20 11.57 12.48 13.54 15.98 17.90 17.61 19.71 21.44 21.63 19.34 19.06 18.10 17.90 17.28 18.45 17.69 18.65 18.79 20.29 19.95 22.55 21.48 21.45 22.84 24.03 22.95 23.98 23.32 23.16 24.14 24.77 25.44 26.32 27.11 28.72 30.42 29.76 27.70 28.79 30.94 29.62 27.40 29.52 31.39 30.50 28.99 31.19 31.45 29.58 28.12 25.13 23.66 22.01 20.45 19.47 18.43 17.79 18.13 18.63 19.24 20.21 20.69 22.55 23.11 24.26 25.59 26.51 25.88 25.49 26.07 26.13 25.24 24.62 25.14 25.72 24.27 24.29 24.58 24.55 23.86 24.86 25.52 24.69 24.51 26.76 27.51 26.86 25.69 27.93 28.63 28.79 25.77 25.37 24.04 23.58 22.81 23.35 23.36 23.54 25.30 27.62 28.88 28.64 28.37 30.87 30.68 28.69 29.26 31.93 30.71 28.91 30.40 31.98 29.82 28.52 30.27 29.77 26.60 26.27 26.24 25.22 24.23 24.18 25.41 24.07 23.06 23.82 24.54 24.07 21.59 21.71 20.49 20.58 19.16 19.55 18.95 20.25 20.93 22.69 23.33 24.10 29.16 
5.66 4.36 1.31 3.81 5.43 5.84 7.03 8.45 9.17 10.16 10.99 12.08 12.73 14.49 17.28 17.94 18.13 19.64 19.92 19.79 21.68 21.86 21.36 19.81 18.69 16.50 15.02 13.38 12.33 11.28 10.16 9.48 8.89 9.18 8.46 9.76 9.16 8.44 9.75 11.67 11.63 14.34 17.36 17.39 18.78 20.65 21.71 18.87 18.37 17.03 17.12 16.63 17.76 16.70 18.03 18.48 19.92 19.70 22.67 21.50 21.37 22.43 23.26 21.71 23.24 22.30 21.87 22.45 23.51 23.89 24.79 25.37 27.49 29.12 28.70 26.43 27.68 29.58 28.53 26.26 28.53 30.17 29.48 27.88 30.01 30.59 28.80 27.31 23.59 22.63 21.02 19.53 17.89 17.46 17.29 17.11 17.33 18.33 19.60 19.95 21.78 22.36 23.47 24.70 25.78 24.63 24.19 24.57 25.12 23.79 23.00 23.21 24.62 22.83 22.64 23.04 23.22 22.54 23.49 24.30 23.91 23.51 25.65 26.35 26.51 24.86 26.84 27.65 28.11 24.61 24.14 22.75 22.57 21.72 22.32 22.39 22.77 24.48 26.73 28.21 28.26 27.85 30.27 30.09 28.51 28.56 30.85 29.50 28.27 29.34 30.19 28.17 27.79 29.02 27.69 24.89 24.99 24.67 23.11 22.59 23.17 24.40 22.47 21.71 23.24 24.12 23.05 20.50 21.47 20.48 20.10 18.64 19.68 19.59 20.04 20.84 23.85 23.34 24.79 27.07 
6.85 4.55 3.81 0.44 4.50 4.82 6.22 6.80 8.12 9.43 10.82 11.65 12.70 13.80 16.97 17.39 18.39 19.29 19.53 19.85 21.64 21.96 21.05 19.57 18.16 16.10 14.74 12.85 11.66 10.42 10.02 9.00 9.18 8.29 7.51 8.26 9.99 9.74 10.34 11.18 12.46 14.99 17.47 17.19 18.99 20.80 21.47 19.05 18.03 16.48 16.82 16.41 17.01 15.77 17.93 18.61 20.12 19.96 23.27 22.47 22.49 23.65 23.88 22.42 23.51 23.08 22.04 22.71 23.49 23.97 24.30 25.35 26.91 28.80 28.11 26.56 27.45 29.49 28.22 26.51 28.44 30.16 29.35 28.27 30.30 30.66 28.48 27.57 23.76 22.67 20.42 19.27 17.65 17.38 16.35 16.69 16.90 18.18 19.49 19.81 21.67 22.57 23.57 24.90 25.78 25.00 24.29 24.81 25.17 24.27 22.67 23.16 23.98 22.72 21.88 22.76 22.66 22.02 22.77 24.09 23.61 23.42 25.47 26.63 26.57 25.15 27.09 28.26 28.33 24.88 23.98 23.23 22.53 21.98 21.64 22.52 22.92 24.55 26.12 28.20 28.14 27.83 29.82 30.23 28.78 29.00 30.82 29.82 28.56 29.46 30.02 28.40 28.03 29.20 27.32 24.77 24.98 24.84 22.58 22.36 23.07 24.64 21.59 21.04 22.68 24.01 22.03 19.56 20.55 19.78 18.71 16.82 18.54 17.75 18.54 19.28 23.04 22.09 23.05 28.29 
9.28 6.80 5.43 4.50 2.88 5.84 6.31 6.30 7.67 8.76 10.60 10.97 11.79 13.61 15.86 16.98 17.44 19.55 19.56 19.71 22.02 22.53 20.67 18.99 18.10 15.44 14.11 12.40 12.34 11.28 11.63 10.82 9.42 9.69 9.34 9.50 10.03 10.95 11.68 11.83 12.78 15.36 16.57 16.72 19.05 21.01 20.88 17.90 17.64 15.33 15.63 15.17 16.08 14.81 17.02 17.43 18.11 18.86 22.23 21.41 21.12 22.69 23.22 21.37 21.90 21.47 21.48 21.58 22.36 22.85 23.84 24.08 25.73 27.84 27.85 25.30 26.71 29.10 28.23 25.39 27.57 29.64 28.56 26.55 29.07 29.55 27.23 25.12 22.50 20.69 18.68 16.77 15.69 15.02 14.57 15.10 15.87 17.21 19.37 19.73 20.66 21.54 23.42 24.87 25.46 24.64 24.83 25.17 25.20 24.05 23.85 23.44 24.09 22.43 22.62 22.44 22.49 21.68 23.25 23.79 23.04 22.70 25.92 26.61 25.43 24.08 27.29 27.99 27.34 23.41 23.56 21.87 20.93 19.93 20.50 20.76 21.20 22.95 25.22 26.97 26.45 26.46 29.56 29.42 27.33 27.94 31.19 29.71 27.36 29.19 30.99 28.44 26.50 28.45 27.88 23.95 23.77 24.15 23.01 21.05 20.98 23.26 21.47 19.74 20.86 22.72 22.16 18.34 18.84 17.62 17.77 16.46 17.60 18.57 20.26 21.44 21.55 20.67 23.54 29.70 
10.04 7.00 5.84 4.82 5.84 0.45 5.43 6.79 6.18 7.30 8.80 9.53 10.31 12.45 14.78 14.67 15.56 17.49 16.71 17.28 20.25 20.94 18.84 17.33 16.23 14.20 12.87 11.73 11.73 11.39 11.43 10.36 9.44 9.72 9.03 9.15 8.88 10.16 9.50 11.38 11.22 13.75 14.92 15.78 17.93 20.22 19.63 16.85 16.22 14.17 13.84 13.75 15.14 14.28 16.05 16.79 18.04 18.07 21.37 20.62 20.06 21.73 21.71 19.86 20.33 19.92 19.27 19.68 20.41 21.19 21.90 22.35 24.09 26.26 26.04 23.41 24.98 27.58 26.02 23.26 25.86 28.10 26.42 24.45 27.47 28.05 25.27 23.70 20.46 19.05 16.82 15.11 14.29 13.93 13.54 14.39 15.04 16.27 18.46 18.78 19.80 20.49 22.31 23.63 24.21 23.15 23.12 23.26 23.46 22.23 21.42 21.68 22.14 20.25 20.06 20.68 20.59 19.64 20.48 21.86 20.97 20.83 23.49 24.82 23.88 22.45 25.16 26.14 25.72 22.15 21.45 19.81 19.08 18.72 18.95 19.03 19.68 21.90 24.14 25.75 25.48 25.20 28.22 28.04 25.63 26.40 29.23 27.82 25.48 27.26 28.42 26.06 24.36 26.34 24.96 21.55 21.46 21.84 20.27 19.25 19.46 21.31 19.33 18.15 19.96 21.36 20.37 16.92 18.13 16.53 16.52 15.49 16.80 17.31 18.47 20.25 20.00 20.80 22.02 27.68 
10.76 7.43 7.03 6.22 6.31 5.43 1.59 5.80 6.47 6.20 6.62 8.52 9.23 10.68 12.92 13.84 14.54 16.29 15.73 16.71 19.84 20.57 19.27 17.79 16.56 14.57 13.75 12.80 12.57 12.53 12.37 11.80 10.90 10.13 8.34 8.95 9.60 8.08 7.33 9.78 11.10 12.33 13.98 15.01 17.72 20.03 20.10 16.72 16.49 14.31 14.58 14.37 15.77 15.30 17.40 18.39 19.96 19.78 22.91 21.96 21.73 22.57 22.61 20.41 21.38 20.04 19.20 19.54 20.81 21.00 21.51 21.94 24.23 26.33 25.80 23.22 25.14 27.15 25.48 22.78 25.67 27.52 25.68 23.78 27.21 27.75 24.85 22.84 20.27 18.53 16.56 14.95 14.43 14.14 14.35 14.95 15.64 17.10 19.60 19.61 20.84 21.16 22.68 24.03 24.61 23.32 23.02 23.44 24.00 22.10 21.07 21.30 22.54 20.08 19.59 20.21 20.85 19.34 20.06 21.34 21.10 20.41 22.89 24.19 23.90 22.12 24.74 25.61 25.88 21.53 21.20 19.40 19.36 18.50 19.06 19.29 20.22 22.15 24.09 26.08 26.14 25.71 28.34 27.93 25.97 25.95 28.65 26.99 25.46 26.20 27.17 24.84 24.09 25.10 23.60 20.65 21.15 20.67 19.41 19.20 19.80 21.13 19.00 19.09 21.01 21.84 20.90 18.08 19.11 17.59 16.78 16.17 17.25 17.97 18.00 20.59 20.27 19.84 21.90 25.63 
12.01 9.34 8.45 6.80 6.30 6.79 5.80 0.81 5.39 7.02 6.49 6.79 8.35 9.62 11.83 12.52 14.12 14.90 14.46 15.46 19.14 19.60 18.46 16.76 15.86 13.91 13.30 12.36 12.80 12.66 13.24 12.74 11.80 12.20 10.20 9.51 9.92 10.64 9.41 10.71 11.53 13.81 14.24 15.25 18.04 19.91 19.77 16.44 16.14 13.87 14.35 14.14 15.46 14.86 17.83 19.15 20.36 20.57 23.88 23.35 22.74 24.24 23.41 21.38 21.97 21.04 19.79 20.19 21.18 21.71 21.98 22.69 24.11 26.60 25.99 23.72 24.73 27.27 25.36 23.17 25.31 27.49 25.75 23.85 26.98 27.05 24.14 22.85 19.60 17.61 15.18 14.15 13.86 13.78 13.91 15.23 16.32 17.81 20.20 20.56 21.70 22.07 23.54 24.89 25.30 24.08 23.74 24.24 24.21 22.72 21.38 21.59 22.12 20.00 18.96 19.96 20.21 19.00 19.31 21.10 20.89 20.46 22.80 24.29 23.65 22.24 24.74 25.69 25.34 21.49 21.00 19.61 18.91 18.47 18.45 19.57 20.29 22.24 23.91 26.31 26.08 25.77 28.05 28.35 25.87 26.51 28.65 27.51 25.06 26.34 27.09 25.10 23.83 25.25 23.59 20.21 20.24 20.18 18.38 17.92 18.62 20.28 18.22 17.87 20.11 21.21 20.40 17.47 18.96 17.46 16.74 15.57 16.99 17.27 17.99 19.60 19.65 19.96 20.67 25.88 
13.58 10.76 9.17 8.12 7.67 6.18 6.47 5.39 1.96 5.43 6.67 5.80 6.54 7.82 10.17 10.74 11.78 13.63 12.70 14.03 17.33 18.39 17.30 16.07 15.65 13.96 13.38 12.81 13.39 13.29 14.16 13.39 12.16 11.87 11.18 10.32 9.93 10.71 10.64 10.39 11.32 14.22 13.93 14.74 17.18 19.97 19.80 16.94 17.04 14.87 15.34 15.00 16.00 16.03 19.73 20.72 21.53 21.86 25.73 24.86 24.42 25.69 25.36 22.47 23.05 21.83 21.22 21.16 21.66 22.23 22.75 22.97 23.92 26.29 26.22 23.50 24.02 26.61 25.19 22.64 24.13 26.36 24.91 23.10 25.88 26.27 23.81 22.54 19.14 17.68 15.41 14.80 14.17 14.52 14.81 16.92 18.10 19.73 22.04 22.35 23.22 23.28 24.91 25.74 25.84 24.70 24.73 25.01 24.51 23.34 22.36 22.11 21.99 20.21 19.77 20.14 20.04 19.02 19.54 21.05 20.38 20.28 22.86 23.97 23.04 21.93 24.87 25.41 25.41 21.62 21.35 19.37 18.65 18.15 18.28 19.25 20.62 22.65 24.24 26.41 26.49 25.47 27.96 27.87 25.63 26.12 28.59 27.21 24.73 26.26 27.39 24.76 22.64 24.77 23.28 19.64 19.63 20.01 18.04 17.47 17.11 20.39 18.26 18.20 19.42 21.33 20.74 17.65 18.78 16.44 15.97 15.03 16.81 16.41 17.11 18.26 21.41 20.30 21.76 24.99 
15.20 11.99 10.16 9.43 8.76 7.30 6.20 7.02 5.43 1.56 5.77 6.81 5.78 6.66 8.71 9.30 10.84 11.77 11.23 11.64 15.93 16.36 15.75 14.48 14.41 13.14 12.94 12.72 13.72 13.84 14.59 13.69 13.14 12.90 11.29 10.66 10.27 10.36 8.23 9.94 10.11 11.82 11.79 12.90 15.95 17.94 18.93 15.92 15.99 14.23 14.96 14.88 15.82 16.41 19.66 20.82 21.88 22.22 25.38 24.43 23.92 25.32 24.55 22.09 22.24 21.23 20.24 20.49 21.17 21.50 21.94 22.38 23.39 25.69 25.31 22.55 23.37 25.67 23.72 21.39 23.09 25.21 23.32 21.85 24.75 25.18 22.45 21.44 17.91 16.91 15.13 14.30 13.87 14.91 15.67 17.40 18.31 20.15 22.39 22.41 22.73 23.03 24.55 25.29 25.13 24.15 24.21 24.19 23.76 22.64 21.73 21.44 21.15 19.05 18.68 19.19 19.19 17.82 18.20 19.84 19.31 19.06 21.27 22.86 21.98 20.86 23.38 24.31 24.25 20.57 20.04 17.69 17.00 17.22 17.45 18.23 19.70 21.82 23.43 25.71 25.46 24.66 26.99 27.17 24.59 25.28 27.31 25.92 23.27 24.76 25.41 22.88 21.10 23.08 21.30 17.63 17.90 18.32 16.66 16.70 16.71 19.43 17.86 17.65 19.47 20.88 20.20 17.04 18.39 16.50 15.59 14.83 16.19 15.47 16.88 18.61 19.99 19.28 21.42 23.67 
16.58 12.89 10.99 10.82 10.60 8.80 6.62 6.49 6.67 5.77 1.27 5.68 6.96 6.19 7.20 8.77 10.48 11.65 11.18 12.31 15.92 17.08 17.05 15.94 15.10 14.33 14.56 14.66 15.36 15.63 16.68 16.20 14.97 14.63 13.05 12.07 11.79 10.27 8.17 9.23 10.54 11.34 11.33 13.30 15.66 17.48 18.95 16.51 16.41 15.45 16.06 16.16 17.52 18.58 21.59 22.63 23.63 24.00 26.53 25.88 25.38 26.55 25.60 23.11 23.33 21.93 21.08 21.57 22.06 22.48 22.66 23.31 24.44 26.42 25.64 23.26 24.21 26.12 23.65 21.45 23.56 25.43 23.20 21.92 25.43 25.91 22.73 21.85 18.34 17.02 15.30 15.22 15.22 16.57 18.12 19.69 20.23 22.09 24.25 24.51 24.47 24.75 25.97 26.79 26.55 25.33 25.22 25.40 24.86 23.54 22.36 22.23 22.11 19.98 19.32 19.95 20.20 18.71 18.61 20.37 20.20 19.54 21.30 22.92 22.48 21.29 23.44 24.59 24.59 20.96 19.94 18.06 17.78 17.63 18.11 19.20 20.72 22.81 24.18 26.43 26.33 25.27 27.34 27.25 24.88 24.85 26.81 25.44 23.25 23.91 24.05 22.12 20.79 22.12 19.97 17.26 17.75 17.82 16.54 17.11 17.20 19.75 18.03 19.15 20.79 21.86 21.29 18.72 19.57 17.59 16.48 16.02 16.53 16.94 16.67 18.97 20.34 20.15 21.51 23.64 
17.66 13.57 12.08 11.65 10.97 9.53 8.52 6.79 5.80 6.81 5.68 0.20 5.32 6.93 6.49 6.89 8.68 10.36 9.93 10.93 14.23 15.56 16.06 15.00 14.10 13.58 14.25 14.54 14.67 15.24 16.74 16.18 14.82 14.91 14.25 12.94 11.93 12.72 10.59 10.31 10.62 12.59 12.54 12.75 15.20 17.33 18.50 15.04 15.61 14.84 15.85 16.02 17.58 18.68 21.32 22.51 23.59 24.03 26.95 26.15 25.43 26.70 25.85 23.17 23.37 22.14 21.33 21.55 22.37 22.63 22.99 23.50 24.31 26.52 26.09 23.27 24.15 26.12 23.79 21.38 22.79 25.10 22.91 21.37 24.28 24.61 21.32 20.65 17.12 15.91 14.26 14.34 14.83 16.44 18.23 19.91 20.70 22.28 24.78 24.72 25.01 25.03 26.10 27.25 27.04 25.56 25.79 25.79 25.47 24.06 23.04 22.81 22.56 20.62 19.81 20.16 20.32 18.96 18.83 20.29 19.92 19.33 21.16 22.61 21.94 20.53 22.83 23.79 23.83 20.34 19.52 17.90 17.37 17.42 17.67 18.54 19.98 21.83 23.52 25.71 25.57 24.52 27.05 27.07 24.87 24.68 26.85 25.40 23.24 23.67 24.30 22.15 20.72 22.17 19.82 16.52 16.88 17.14 14.96 15.66 15.95 19.16 17.55 18.46 20.34 21.78 21.14 18.86 19.61 17.92 16.70 15.93 16.86 16.60 17.16 18.99 19.75 20.87 21.63 23.60 
18.60 15.34 12.73 12.70 11.79 10.31 9.23 8.35 6.54 5.78 6.96 5.32 0.00 5.33 7.18 5.95 7.04 9.18 8.10 9.61 12.99 14.06 14.20 13.94 13.58 12.89 13.58 14.36 15.20 15.66 16.49 16.53 15.62 15.20 13.46 12.39 12.13 12.60 10.93 10.20 10.18 12.40 11.35 11.77 13.88 16.36 16.85 14.06 14.07 14.09 15.15 15.51 17.38 18.47 21.58 22.85 23.28 24.15 26.99 26.18 25.12 26.43 26.00 23.57 23.50 22.38 21.50 21.69 22.33 22.91 23.12 23.68 24.33 26.76 26.14 23.42 23.81 26.05 23.83 20.96 22.15 24.18 22.26 20.27 22.70 23.38 20.24 19.16 15.82 15.21 13.92 14.31 14.33 16.62 18.11 19.93 21.24 23.21 25.07 25.30 25.32 25.23 26.12 27.44 27.36 26.17 26.17 26.52 25.98 24.82 23.96 23.58 23.33 21.53 21.07 21.27 20.70 19.45 19.59 20.87 19.74 19.21 21.27 22.32 21.21 20.04 22.26 22.83 22.82 19.69 19.21 17.31 16.90 17.16 17.45 17.82 19.56 21.80 23.08 25.21 24.88 24.31 26.56 26.52 24.24 24.44 26.70 25.10 22.47 23.78 24.51 21.88 20.10 21.66 19.72 16.32 16.69 16.69 14.67 14.97 16.07 19.12 17.54 18.60 20.04 21.69 21.21 18.79 19.22 17.15 16.30 15.77 15.98 15.53 16.12 17.10 19.03 19.47 20.96 23.43 
20.79 17.45 14.49 13.80 13.61 12.45 10.68 9.62 7.82 6.66 6.19 6.93 5.33 0.00 5.96 7.05 6.68 7.97 8.07 9.35 12.24 13.77 14.21 13.78 14.22 13.94 14.43 15.49 17.12 17.87 18.78 18.54 18.70 17.76 15.79 14.23 13.76 12.63 9.60 10.22 10.65 10.50 8.54 10.25 13.52 15.24 16.54 14.36 15.17 14.98 16.58 16.78 18.85 20.30 23.23 24.06 25.21 25.80 28.38 27.50 26.73 27.98 27.09 24.34 24.58 23.40 22.36 22.42 23.40 23.78 23.92 24.38 25.50 27.37 26.53 23.57 24.23 26.08 23.33 20.96 21.92 23.50 21.13 19.76 22.49 22.78 19.51 18.97 15.86 15.23 14.58 14.94 15.58 18.00 20.11 21.66 22.82 24.36 26.76 26.65 26.78 26.61 27.80 28.88 28.82 27.38 27.57 27.52 27.25 26.14 24.99 24.71 24.20 22.57 21.54 21.98 21.64 20.37 19.98 21.21 20.34 19.49 20.93 22.19 21.59 20.08 21.88 22.83 23.08 19.59 18.59 17.25 17.00 17.45 17.87 18.60 20.23 22.12 23.41 25.68 25.40 24.34 26.62 26.58 24.48 24.34 26.48 24.89 22.64 23.33 24.00 21.62 20.24 21.68 19.84 16.12 16.55 17.10 15.29 16.10 17.14 20.00 18.83 19.44 21.08 22.74 22.26 19.78 20.74 18.68 17.59 16.65 17.30 16.51 17.42 18.73 19.36 19.57 21.09 23.60 
22.58 19.89 17.28 16.97 15.86 14.78 12.92 11.83 10.17 8.71 7.20 6.49 7.18 5.96 0.82 6.21 7.56 7.87 8.46 9.60 12.62 14.64 15.24 14.92 15.38 15.72 16.47 17.68 18.96 20.07 21.44 21.37 21.07 20.74 19.09 17.01 15.92 14.81 11.88 11.50 11.61 11.87 9.92 10.98 13.22 15.89 16.85 15.57 15.44 16.11 17.20 18.07 20.33 22.20 24.88 26.08 27.04 27.52 29.79 29.16 28.59 29.60 28.54 26.17 26.15 24.78 23.44 23.77 24.57 24.87 24.50 25.28 26.45 28.15 26.68 24.21 24.86 26.42 23.29 20.68 22.41 23.53 20.65 19.02 22.38 22.48 18.96 18.41 16.16 15.42 15.22 16.15 17.19 20.01 22.30 24.26 25.18 27.01 28.61 29.03 28.71 28.69 29.61 30.99 30.57 29.41 29.08 29.39 28.60 27.61 26.24 26.16 25.75 23.91 22.59 23.37 23.09 21.65 20.95 22.18 21.42 20.35 21.43 22.79 22.12 20.55 22.29 23.37 23.66 19.85 18.78 17.63 17.89 18.07 18.82 19.75 21.20 23.00 24.31 26.60 26.17 25.12 27.17 27.27 25.00 24.74 26.73 25.50 23.08 23.55 23.89 21.82 20.71 21.83 19.69 16.82 17.65 17.49 16.88 17.42 18.30 20.94 20.04 20.95 22.69 23.99 23.54 21.41 22.12 19.92 18.36 18.09 18.15 17.74 17.32 18.50 19.92 19.84 20.64 22.97 
22.71 19.34 17.94 17.39 16.98 14.67 13.84 12.52 10.74 9.30 8.77 6.89 5.95 7.05 6.21 0.00 5.63 7.46 6.77 8.03 10.89 12.89 14.08 13.80 14.21 14.38 16.19 17.27 18.37 19.26 20.68 20.87 20.86 20.18 19.21 17.31 16.22 15.85 13.73 12.58 11.95 12.56 11.21 10.87 13.42 15.57 16.89 14.31 15.17 15.06 16.71 17.85 20.17 21.46 24.26 25.17 26.05 26.57 28.95 28.52 27.42 28.84 27.53 25.03 24.97 23.65 22.48 22.87 23.67 23.85 24.02 24.67 25.54 27.01 25.72 23.01 23.84 25.30 21.99 19.67 20.90 22.31 19.28 17.75 21.20 21.48 18.02 17.71 14.83 14.47 14.51 15.61 16.87 19.53 22.13 23.70 24.88 26.42 28.27 28.53 28.41 28.74 29.52 30.77 30.23 29.03 28.92 28.88 28.14 27.22 26.09 25.91 25.28 23.54 22.36 22.77 22.32 21.17 20.39 21.36 20.17 19.30 20.48 21.44 20.51 19.44 21.16 22.39 22.54 18.86 17.81 16.50 16.72 17.52 18.34 18.65 20.17 22.14 23.91 26.13 25.77 24.53 26.65 26.56 24.19 23.84 25.98 24.41 22.12 22.55 23.21 21.20 19.95 21.21 18.94 15.55 16.28 16.84 15.23 16.87 17.92 20.71 19.90 20.55 22.56 23.71 23.25 21.17 21.64 19.65 18.22 17.01 17.79 17.20 17.67 18.20 19.08 19.85 20.75 22.52 
23.20 20.54 18.13 18.39 17.44 15.56 14.54 14.12 11.78 10.84 10.48 8.68 7.04 6.68 7.56 5.63 0.46 6.28 6.54 7.17 9.86 11.98 13.31 13.48 14.19 14.76 16.25 17.72 19.22 20.24 21.32 21.54 21.60 21.04 18.91 17.48 16.79 16.16 14.29 13.13 12.58 13.05 11.42 11.73 13.30 15.59 16.24 14.61 15.04 15.75 16.70 18.44 20.60 22.30 24.84 25.55 25.76 26.10 28.87 27.67 26.67 27.92 27.59 24.90 24.53 23.23 22.59 22.62 23.32 23.80 24.08 24.49 25.12 26.63 25.20 22.59 23.18 24.59 21.50 18.92 20.34 21.48 18.78 17.35 20.52 20.67 17.84 17.45 14.69 14.41 14.52 15.80 17.15 19.79 22.21 23.84 25.32 27.16 28.89 28.77 28.87 28.87 29.86 30.80 30.31 29.39 29.18 29.20 28.22 27.59 26.67 26.18 25.51 24.02 23.26 23.35 22.34 21.15 20.69 21.28 19.81 19.00 20.23 20.80 19.80 18.89 20.69 21.28 21.80 18.83 17.63 16.08 16.66 17.48 18.07 18.45 19.97 22.55 24.00 25.88 25.52 24.55 26.45 26.27 23.69 23.82 25.83 24.36 21.73 22.70 23.46 20.91 19.64 20.86 18.78 15.71 16.84 16.72 15.35 16.83 18.57 21.14 20.08 21.06 23.01 24.17 23.62 21.39 22.08 19.97 18.79 17.64 17.65 17.14 17.61 17.54 19.42 20.02 21.69 23.84 
24.81 21.65 19.64 19.29 19.55 17.49 16.29 14.90 13.63 11.77 11.65 10.36 9.18 7.97 7.87 7.46 6.28 0.12 5.89 6.85 8.44 10.88 12.41 13.43 14.34 14.77 16.56 18.28 20.14 21.40 22.85 23.11 23.40 22.53 21.15 19.58 18.25 17.27 15.51 14.09 13.58 13.87 11.36 12.15 14.13 16.03 17.16 14.92 15.84 16.14 18.24 19.35 21.60 23.33 25.91 26.80 27.75 28.03 29.86 29.66 28.59 29.70 28.69 25.88 25.87 24.41 23.45 23.33 24.16 24.63 24.78 25.19 26.10 27.66 25.92 23.02 23.73 25.16 21.66 19.14 20.45 21.25 17.94 16.85 19.96 20.25 17.27 17.04 14.82 14.59 14.72 16.44 18.36 20.70 23.41 25.39 26.67 28.42 30.04 30.52 30.23 30.97 31.64 32.92 32.57 31.57 31.17 31.01 30.11 29.47 28.27 27.76 26.92 25.72 24.69 24.69 23.81 22.95 22.44 22.94 21.23 20.37 21.21 21.63 20.49 19.30 20.75 21.25 21.96 19.02 18.28 16.93 17.37 18.31 19.66 20.06 21.60 23.71 25.53 27.29 26.77 25.87 27.79 27.58 24.97 24.81 27.15 25.39 22.84 23.27 24.12 22.40 21.18 22.39 19.96 16.84 18.39 18.89 17.35 18.79 20.16 22.77 21.54 22.25 24.33 25.58 24.85 23.12 23.65 21.61 20.39 18.98 19.74 18.32 19.44 19.95 20.74 20.81 22.86 24.46 
24.93 21.72 19.92 19.53 19.56 16.71 15.73 14.46 12.70 11.23 11.18 9.93 8.10 8.07 8.46 6.77 6.54 5.89 0.44 5.17 7.24 8.52 10.29 11.24 12.60 13.47 15.35 16.91 18.52 20.76 22.80 22.97 22.93 22.43 21.13 19.09 17.86 16.85 15.13 12.99 12.70 13.08 11.04 10.50 12.06 14.02 14.87 12.90 13.71 14.56 15.77 17.85 20.10 22.30 24.84 26.59 27.87 27.48 29.60 29.15 28.97 29.50 28.37 25.89 26.07 24.07 22.46 22.44 23.34 23.63 23.27 23.93 25.17 26.32 24.67 21.95 22.74 23.96 20.28 17.49 19.06 19.58 16.25 14.55 17.80 17.39 14.88 14.87 13.08 12.87 13.03 14.93 16.33 19.83 22.65 25.04 26.58 28.31 30.10 30.13 30.57 30.82 31.94 33.31 33.06 31.78 31.56 31.30 30.26 29.35 28.32 27.77 27.17 25.51 24.40 24.68 23.67 22.54 22.11 22.53 20.71 19.67 20.64 21.03 19.53 17.99 19.83 20.20 20.69 17.49 16.84 15.78 16.38 17.21 18.75 19.70 20.99 23.15 24.94 26.71 25.86 24.91 27.16 27.07 24.12 24.13 26.37 25.08 22.11 23.05 23.49 21.71 20.47 21.73 19.44 17.20 18.65 18.81 18.18 19.24 19.93 22.71 21.31 22.20 24.05 25.55 24.81 22.77 23.50 21.22 19.72 19.27 19.25 18.10 17.89 19.26 21.72 20.82 22.07 23.79 
24.91 21.15 19.79 19.85 19.71 17.28 16.71 15.46 14.03 11.64 12.31 10.93 9.61 9.35 9.60 8.03 7.17 6.85 5.17 0.00 5.80 6.97 8.63 9.44 11.60 12.78 14.89 16.05 17.96 19.86 21.90 22.09 22.62 21.79 20.62 18.71 17.45 16.45 14.95 13.01 12.37 12.63 10.54 10.18 11.90 12.79 13.86 11.55 12.63 13.40 14.94 16.73 19.36 21.08 24.17 25.01 26.59 26.47 28.83 27.97 27.17 27.84 27.12 24.12 24.32 22.29 21.12 21.20 21.97 22.13 22.37 23.10 24.15 25.08 23.43 20.71 21.67 22.45 19.09 16.69 17.93 18.61 15.40 14.53 17.22 17.00 14.55 14.45 12.05 12.36 12.85 14.27 16.15 19.17 22.94 24.58 25.98 27.84 30.02 29.98 29.88 30.63 31.90 32.83 32.19 31.19 31.17 30.72 29.32 28.71 27.86 27.45 26.20 24.88 24.20 24.19 22.88 21.77 21.89 22.02 20.14 19.30 20.40 20.16 18.59 17.45 19.40 19.77 20.23 17.22 16.55 15.49 16.19 17.43 18.68 19.62 21.29 23.46 25.43 27.38 26.24 25.44 27.70 27.55 24.49 24.44 26.55 24.90 22.50 23.56 24.08 22.52 21.37 23.05 20.67 17.98 19.16 19.64 18.73 20.23 21.22 23.82 22.70 22.86 24.64 26.16 25.38 23.09 23.34 21.41 20.13 18.74 19.42 18.54 18.83 19.43 20.96 21.19 22.40 23.53 
26.31 23.23 21.68 21.64 22.02 20.25 19.84 19.14 17.33 15.93 15.92 14.23 12.99 12.24 12.62 10.89 9.86 8.44 7.24 5.80 0.18 5.64 7.33 9.17 11.43 13.67 16.32 17.90 20.06 22.54 23.99 24.77 25.35 24.75 23.14 21.35 20.09 18.96 17.49 15.27 15.00 14.83 13.33 12.09 12.65 13.95 13.73 12.34 13.12 14.47 16.21 18.25 20.57 22.74 25.61 26.49 27.32 27.38 30.24 28.52 27.47 28.28 28.34 25.50 24.97 23.26 22.77 22.72 22.98 23.40 23.92 24.44 25.19 26.06 24.27 21.44 22.27 23.49 20.01 17.49 19.24 20.00 17.12 15.72 17.65 17.77 15.45 15.45 13.87 14.27 14.95 16.82 18.55 21.42 24.72 27.06 28.50 30.54 32.75 32.15 31.70 32.01 33.45 34.23 33.46 32.56 32.79 32.34 30.69 30.20 29.76 28.93 27.95 26.63 26.10 25.73 24.20 23.47 23.66 23.64 21.90 21.02 22.27 21.75 20.20 19.40 21.51 21.60 22.25 19.97 19.62 18.73 19.15 20.23 21.55 22.51 24.24 26.32 28.26 29.84 29.13 27.99 30.18 29.76 27.23 26.85 28.85 27.46 24.88 26.14 26.80 25.06 24.78 26.16 24.10 21.76 22.81 22.97 22.35 23.49 24.96 27.20 25.87 26.13 27.67 28.58 28.09 25.56 26.69 24.62 23.18 22.03 22.15 21.60 21.60 21.38 24.82 23.39 24.98 25.96 
26.77 23.23 21.86 21.96 22.53 20.94 20.57 19.60 18.39 16.36 17.08 15.56 14.06 13.77 14.64 12.89 11.98 10.88 8.52 6.97 5.64 0.00 5.69 7.28 10.64 12.15 15.24 17.79 20.24 22.47 24.56 25.47 26.18 25.09 23.80 21.85 20.64 19.93 17.72 15.53 15.20 16.10 13.41 12.12 13.38 13.79 13.84 11.63 13.38 14.33 16.63 18.82 21.61 23.23 26.36 27.36 28.55 28.07 30.47 29.99 28.65 29.13 28.40 25.71 25.73 23.72 23.08 23.32 23.29 23.98 24.14 24.82 25.75 26.77 24.67 21.90 22.63 23.83 20.12 17.61 19.55 20.65 17.09 16.16 18.14 17.43 14.73 15.26 13.40 14.56 14.99 17.18 19.83 21.95 25.45 27.40 28.99 30.24 32.66 32.18 31.83 32.12 33.49 34.63 33.98 32.76 32.74 32.41 31.21 30.36 29.56 29.09 27.95 26.77 26.02 26.01 24.60 23.61 23.67 24.11 21.82 20.97 22.24 22.11 20.36 19.65 22.04 21.92 22.67 20.37 20.40 19.47 19.81 20.90 22.52 23.17 24.81 26.88 28.75 30.44 29.58 28.92 30.89 30.79 27.61 27.88 29.86 28.58 25.96 27.04 27.59 26.70 25.69 27.32 25.21 22.94 24.06 24.58 23.73 24.84 25.91 27.92 26.79 26.65 28.44 29.40 28.68 26.42 27.09 24.86 23.39 22.58 23.22 21.62 22.26 22.60 24.85 24.04 25.29 26.39 
25.68 22.30 21.36 21.05 20.67 18.84 19.27 18.46 17.30 15.75 17.05 16.06 14.20 14.21 15.24 14.08 13.31 12.41 10.29 8.63 7.33 5.69 0.00 5.95 7.96 10.13 12.80 16.34 18.77 20.61 22.97 24.80 24.84 24.30 23.26 21.49 19.60 19.27 16.92 14.21 13.61 14.85 13.49 11.70 12.92 13.99 13.05 10.65 11.80 13.16 15.87 17.62 20.42 22.78 25.66 27.12 28.52 28.55 30.96 30.36 29.89 30.00 28.39 26.04 26.11 24.08 22.76 22.91 23.14 23.54 23.70 24.60 25.69 26.54 24.69 21.75 21.96 23.18 19.41 16.78 18.52 19.57 17.21 15.73 18.20 17.13 14.25 14.14 12.38 13.12 13.79 16.21 18.51 21.82 24.59 26.69 27.84 29.73 31.69 31.36 31.18 31.06 32.48 33.57 33.50 31.69 31.45 31.26 30.21 29.06 28.24 27.67 26.98 25.48 24.84 24.95 23.78 22.73 22.79 23.10 21.00 20.02 21.37 21.44 19.79 19.32 22.12 22.58 23.14 20.58 20.32 19.08 19.41 20.51 22.15 22.81 24.15 26.31 28.35 29.89 28.93 28.14 30.71 30.20 27.17 27.20 29.58 28.48 25.80 26.98 27.85 26.34 26.05 27.20 25.45 22.95 24.09 24.33 24.17 24.99 25.84 27.70 26.52 26.42 28.16 29.03 28.52 25.93 27.29 24.68 23.43 22.68 23.26 21.75 21.40 22.89 26.42 24.30 25.74 26.25 
23.95 20.46 19.81 19.57 18.99 17.33 17.79 16.76 16.07 14.48 15.94 15.00 13.94 13.78 14.92 13.80 13.48 13.43 11.24 9.44 9.17 7.28 5.95 0.00 6.08 6.72 10.16 12.51 15.59 18.01 19.85 21.36 21.92 21.12 20.03 18.23 16.91 16.12 14.32 12.35 11.72 12.37 10.69 10.72 12.42 13.01 12.08 9.01 9.88 10.28 12.69 14.62 17.26 19.86 23.29 24.40 25.41 25.82 28.58 27.95 26.86 27.92 26.44 23.70 23.64 21.86 20.62 20.84 20.59 21.12 21.49 22.48 23.18 23.95 22.22 19.68 19.53 20.13 17.04 15.06 16.16 17.07 14.91 14.00 16.62 15.38 12.13 11.75 9.83 10.56 11.14 13.78 15.68 18.95 22.22 24.43 25.39 27.07 29.25 29.14 28.49 29.08 30.19 30.96 30.33 28.99 28.85 28.48 27.33 26.52 25.77 25.40 24.41 23.23 22.51 22.71 21.43 20.28 20.50 20.75 18.70 17.70 18.95 18.80 17.41 17.16 19.96 20.54 21.14 18.45 18.17 17.04 17.02 18.04 19.27 20.67 21.93 23.84 26.06 28.19 27.17 26.26 28.75 28.54 25.56 25.57 27.86 26.64 24.36 25.70 26.50 25.29 24.15 25.71 23.80 21.57 22.52 22.63 22.25 23.40 23.76 26.06 24.74 24.74 26.33 27.49 26.77 24.48 25.20 22.81 21.23 20.23 21.14 19.93 20.01 21.44 23.50 23.50 24.18 25.79 
22.65 19.42 18.69 18.16 18.10 16.23 16.56 15.86 15.65 14.41 15.10 14.10 13.58 14.22 15.38 14.21 14.19 14.34 12.60 11.60 11.43 10.64 7.96 6.08 0.00 5.51 6.74 10.18 12.68 15.83 17.25 18.95 19.32 18.65 17.92 15.69 14.89 14.14 12.90 10.70 11.17 11.62 10.18 9.78 12.52 13.08 12.02 9.00 8.03 8.40 9.96 12.03 14.89 16.97 20.53 21.51 22.19 22.95 26.58 25.30 24.20 25.67 25.30 21.80 21.50 19.69 19.04 18.83 19.02 19.44 19.99 20.66 21.48 22.02 20.48 17.42 18.21 18.93 16.19 13.69 15.01 15.94 14.27 12.51 15.69 15.60 12.72 11.79 9.68 10.17 9.91 11.77 14.10 16.52 20.12 22.09 23.07 24.69 26.70 26.28 25.67 26.20 27.60 28.02 27.21 26.38 26.56 26.09 24.79 24.14 23.74 23.17 22.49 20.86 20.43 20.39 19.18 18.06 18.65 18.97 17.12 16.19 17.91 17.78 16.49 16.10 19.42 20.10 20.67 17.96 17.67 16.11 15.77 16.36 17.63 19.13 20.43 22.31 24.16 26.75 25.94 24.79 27.43 27.51 24.70 24.71 27.22 26.01 23.48 24.98 26.47 24.62 23.57 24.90 23.76 21.36 22.32 22.07 21.86 22.32 22.65 24.99 23.66 23.60 24.92 26.06 25.72 23.04 24.44 22.12 20.93 19.60 20.75 19.98 20.22 21.52 24.75 23.53 25.11 27.38 
20.71 17.38 16.50 16.10 15.44 14.20 14.57 13.91 13.96 13.14 14.33 13.58 12.89 13.94 15.72 14.38 14.76 14.77 13.47 12.78 13.67 12.15 10.13 6.72 5.51 0.00 4.77 5.96 9.82 11.70 14.00 15.64 16.00 14.72 14.43 11.99 11.34 12.30 10.35 8.00 9.12 11.24 9.10 8.54 12.53 14.70 12.94 8.77 8.89 7.29 9.11 10.23 13.01 14.38 18.02 19.74 20.68 20.25 23.86 23.09 21.98 23.29 22.53 19.82 20.04 18.17 17.17 17.45 17.15 17.86 17.88 18.89 19.77 20.83 19.03 16.14 17.00 18.48 15.69 13.06 14.96 16.19 13.96 13.31 16.44 16.63 13.29 12.99 9.48 9.34 8.78 9.01 11.59 13.34 16.61 18.73 19.87 21.11 23.09 23.21 22.68 23.49 24.69 25.81 25.26 24.09 23.92 23.99 22.90 22.19 21.29 21.38 20.53 18.88 18.19 18.53 17.41 15.89 16.44 17.26 15.43 14.63 16.77 17.07 15.77 15.25 18.79 19.91 20.26 17.44 17.07 15.23 14.65 15.10 15.89 17.59 18.47 20.91 22.52 25.03 24.27 23.68 26.18 26.40 23.90 24.20 26.44 25.44 23.06 24.57 25.78 24.45 23.28 24.83 23.08 20.75 21.46 21.66 20.83 21.44 21.60 23.64 22.02 22.08 23.25 24.54 23.63 21.50 22.40 20.15 18.93 17.59 18.97 18.35 19.42 20.34 22.81 23.16 24.06 26.20 
19.27 16.11 15.02 14.74 14.11 12.87 13.75 13.30 13.38 12.94 14.56 14.25 13.58 14.43 16.47 16.19 16.25 16.56 15.35 14.89 16.32 15.24 12.80 10.16 6.74 4.77 0.00 5.16 7.22 10.05 11.78 14.07 13.65 13.18 13.25 11.87 10.37 11.79 11.12 9.39 9.67 11.71 10.99 11.12 14.88 16.38 15.07 11.04 10.55 7.85 8.29 8.69 11.23 12.19 16.36 17.33 19.16 18.67 21.46 21.24 20.65 21.74 20.65 18.27 18.86 16.61 15.94 15.66 16.06 16.43 16.93 17.66 18.78 20.15 18.56 15.70 16.55 18.49 15.67 13.39 15.46 17.41 15.10 13.97 17.96 18.08 14.95 13.11 9.34 9.63 7.73 7.90 9.05 11.70 13.60 15.75 17.39 19.04 20.31 20.35 19.95 20.85 22.29 23.11 23.10 21.85 21.87 21.67 21.07 20.17 19.55 19.35 18.79 17.43 17.00 17.06 15.97 14.95 15.51 16.13 14.19 14.17 16.55 17.14 15.79 15.81 19.19 20.12 20.91 17.74 17.13 14.61 14.57 14.45 15.28 16.15 17.67 20.02 21.81 23.94 23.27 23.07 25.64 25.60 23.25 23.74 26.14 24.99 23.02 24.50 25.66 24.11 23.42 24.83 23.16 20.61 21.45 21.37 20.83 21.11 21.48 23.15 21.43 21.38 22.41 23.52 22.82 20.34 21.42 19.38 18.40 17.48 19.22 18.61 18.48 19.90 24.29 22.92 23.97 25.35 
17.76 14.54 13.38 12.85 12.40 11.73 12.80 12.36 12.81 12.72 14.66 14.54 14.36 15.49 17.68 17.27 17.72 18.28 16.91 16.05 17.90 17.79 16.34 12.51 10.18 5.96 5.16 0.00 6.25 7.51 9.11 10.96 11.10 9.89 10.12 8.83 8.29 9.70 9.77 8.86 9.64 11.55 11.74 12.60 15.41 17.68 16.99 13.51 11.17 8.20 8.92 7.62 9.85 10.09 13.37 14.95 16.64 16.91 20.16 20.00 19.52 20.83 19.87 17.23 18.25 16.50 15.52 15.46 15.06 15.94 16.35 17.35 18.34 20.01 18.62 15.62 16.42 18.44 16.55 14.26 16.39 18.45 17.12 15.99 19.86 20.17 17.42 16.31 12.57 11.37 10.02 8.19 9.01 10.17 11.70 14.00 14.85 16.68 18.01 18.51 18.16 19.13 20.15 21.08 20.88 20.17 20.17 20.20 19.60 19.00 18.29 18.29 17.85 16.39 16.11 16.26 15.39 14.18 14.99 15.97 14.61 14.22 16.73 17.48 16.50 16.51 19.46 20.78 21.44 18.53 17.31 14.88 13.82 13.63 13.57 14.57 15.68 18.43 20.55 23.01 22.57 21.98 24.64 24.76 22.50 23.00 25.60 24.61 22.33 24.01 25.63 24.13 22.91 24.70 23.27 20.61 20.91 21.02 20.10 20.34 20.11 22.47 20.59 20.15 21.18 22.84 21.82 19.07 20.19 17.96 17.13 16.49 18.61 17.77 18.09 19.55 22.92 22.99 23.39 25.53 
16.43 13.53 12.33 11.66 12.34 11.73 12.57 12.80 13.39 13.72 15.36 14.67 15.20 17.12 18.96 18.37 19.22 20.14 18.52 17.96 20.06 20.24 18.77 15.59 12.68 9.82 7.22 6.25 1.99 6.75 7.41 9.80 10.28 9.90 10.51 9.02 9.51 10.69 10.92 10.39 12.07 14.68 14.17 14.43 17.34 20.17 20.01 15.91 14.04 11.20 10.33 9.56 8.99 9.15 11.32 12.58 13.75 15.09 18.64 18.52 17.80 19.83 18.85 16.03 17.41 15.79 14.58 14.00 14.07 14.22 14.40 15.83 17.71 19.47 17.98 15.11 16.41 19.20 16.91 14.77 17.39 20.48 18.95 17.73 21.37 22.82 20.38 19.23 16.01 14.73 12.25 10.21 9.33 9.39 10.33 10.64 12.25 13.84 15.86 16.21 15.99 16.73 17.57 18.76 18.60 18.03 17.95 17.98 17.80 17.07 16.51 16.69 16.48 14.07 14.05 15.00 13.74 11.62 13.66 15.87 13.90 13.30 16.87 18.43 16.72 16.12 20.43 22.14 22.15 18.77 18.39 15.55 14.05 13.06 12.97 13.25 13.83 16.20 18.79 21.54 21.07 20.88 23.74 24.00 21.77 22.57 25.71 24.45 21.94 24.27 26.38 24.22 23.05 25.39 24.43 20.98 21.32 21.37 20.57 19.97 19.19 21.95 20.11 19.19 20.34 21.84 21.37 18.34 20.17 18.26 17.67 17.02 19.19 18.92 18.88 19.55 24.49 22.91 24.68 27.43 
14.94 11.75 11.28 10.42 11.28 11.39 12.53 12.66 13.29 13.84 15.63 15.24 15.66 17.87 20.07 19.26 20.24 21.40 20.76 19.86 22.54 22.47 20.61 18.01 15.83 11.70 10.05 7.51 6.75 0.62 5.48 7.25 8.41 8.67 9.09 8.18 8.78 11.37 11.35 11.11 13.15 16.76 16.54 16.11 19.39 22.43 22.65 18.14 16.29 12.92 12.18 9.41 10.14 7.69 10.17 11.82 13.93 13.48 17.36 17.78 17.54 19.07 18.36 16.32 17.56 15.63 14.97 14.94 14.44 14.55 14.43 16.27 18.26 20.35 19.01 16.50 17.50 20.65 18.70 17.00 20.06 22.91 21.48 20.52 24.35 25.01 22.86 22.37 17.91 16.70 14.12 10.88 9.83 8.13 8.38 8.52 9.74 11.62 13.72 14.71 15.03 15.94 16.98 18.55 18.52 17.80 17.24 17.81 17.82 17.40 16.02 16.84 16.55 14.42 13.93 15.17 14.15 12.51 14.13 16.45 15.27 14.97 18.19 19.57 17.90 17.11 20.94 22.81 22.82 19.26 18.75 16.57 14.54 13.53 12.54 13.19 13.30 15.72 18.10 21.49 21.35 21.22 24.06 24.25 22.19 23.08 26.14 24.85 22.63 24.89 26.73 24.83 23.47 25.94 24.81 21.42 21.64 21.59 20.43 19.74 18.98 21.60 19.76 19.01 20.10 21.66 20.71 17.42 19.37 17.25 16.88 16.28 18.89 18.62 19.42 19.84 23.20 23.26 24.31 26.69 
13.94 11.20 10.16 10.02 11.63 11.43 12.37 13.24 14.16 14.59 16.68 16.74 16.49 18.78 21.44 20.68 21.32 22.85 22.80 21.90 23.99 24.56 22.97 19.85 17.25 14.00 11.78 9.11 7.41 5.48 1.21 5.48 6.62 8.04 9.08 8.62 9.19 11.17 12.35 12.22 13.77 17.23 18.03 18.35 21.20 24.17 23.65 19.25 17.84 14.41 12.54 9.16 9.72 8.32 9.12 10.09 12.05 11.87 15.37 16.57 16.57 17.97 17.45 15.88 17.27 15.18 15.27 15.32 14.88 14.77 15.36 16.63 18.45 20.78 19.89 17.42 18.35 21.27 19.62 18.70 21.85 24.39 23.13 22.36 26.91 27.61 24.86 24.03 19.76 18.64 16.54 13.09 11.17 10.53 9.84 9.54 9.80 11.18 13.18 13.51 13.96 14.99 16.18 17.43 17.73 17.23 17.08 17.87 18.25 17.74 16.66 17.07 17.17 15.36 15.12 15.84 15.32 14.03 15.37 17.35 16.32 16.40 18.89 20.21 19.36 18.62 21.67 23.08 23.99 20.45 19.30 16.19 15.32 13.93 13.10 12.86 12.98 15.10 17.65 21.15 21.25 21.45 24.54 24.59 22.56 23.57 26.62 25.30 23.26 25.44 27.09 25.17 24.20 26.48 25.31 21.86 22.24 21.83 20.50 19.88 19.07 21.28 19.28 18.56 19.90 21.35 20.48 17.53 19.66 17.69 17.39 17.04 19.23 18.96 18.74 19.32 24.29 22.79 24.03 25.19 
13.52 10.60 9.48 9.00 10.82 10.36 11.80 12.74 13.39 13.69 16.20 16.18 16.53 18.54 21.37 20.87 21.54 23.11 22.97 22.09 24.77 25.47 24.80 21.36 18.95 15.64 14.07 10.96 9.80 7.25 5.48 0.00 5.09 6.76 8.57 8.83 9.70 11.50 11.87 12.87 14.09 17.20 18.52 19.24 22.47 24.99 25.71 21.51 19.71 16.18 15.17 12.10 11.71 8.90 9.76 9.42 11.65 11.46 15.22 16.03 16.16 17.85 17.20 15.26 17.36 15.18 15.06 15.17 14.80 15.12 15.35 16.78 18.57 21.20 20.25 17.72 18.70 22.04 20.58 19.40 22.44 25.16 23.78 23.19 27.60 28.46 25.98 25.28 21.46 20.54 17.50 14.60 12.32 11.38 9.97 9.63 9.21 10.34 12.31 13.50 13.88 14.74 15.98 17.36 17.43 17.05 17.02 18.01 18.29 17.99 17.29 17.74 17.27 15.33 15.36 15.96 15.49 14.12 15.64 17.77 16.70 16.52 19.25 20.65 19.68 19.01 22.22 23.62 24.30 21.14 19.92 17.70 16.08 14.75 13.39 13.65 13.34 15.18 18.02 21.71 21.78 21.65 24.93 25.01 22.70 23.87 26.85 25.80 23.56 25.91 27.53 25.79 24.48 26.90 25.72 22.44 22.88 22.56 20.62 19.98 18.80 21.15 18.95 18.33 19.68 21.38 20.46 17.24 19.41 17.33 17.15 17.01 19.50 19.07 19.57 20.53 23.34 23.43 24.41 26.25 
12.83 10.33 8.89 9.18 9.42 9.44 10.90 11.80 12.16 13.14 14.97 14.82 15.62 18.70 21.07 20.86 21.60 23.40 22.93 22.62 25.35 26.18 24.84 21.92 19.32 16.00 13.65 11.10 10.28 8.41 6.62 5.09 1.44 5.18 7.17 7.17 9.19 10.27 11.46 11.68 13.77 16.39 17.38 18.67 22.22 24.99 25.00 21.28 19.65 16.22 15.27 12.14 11.57 9.75 10.39 10.05 10.87 11.51 14.75 14.87 14.96 16.98 16.76 14.26 16.80 14.65 14.29 14.99 14.81 14.85 15.39 17.07 18.69 21.29 20.45 17.93 19.22 22.61 21.13 19.78 22.51 25.41 24.79 23.72 28.07 29.32 27.35 26.12 22.28 20.47 17.57 15.15 13.22 11.67 9.92 9.14 9.14 9.89 11.81 13.38 13.95 14.63 15.94 17.89 18.06 17.52 17.41 18.55 18.43 17.90 17.25 17.79 17.47 14.98 15.34 16.47 15.83 14.26 15.85 18.05 16.99 16.84 19.74 21.47 20.10 19.25 23.10 24.70 24.46 20.91 19.94 17.91 16.63 14.84 13.39 13.98 14.02 16.19 18.38 21.82 22.21 22.08 25.28 25.52 23.17 24.37 27.32 26.16 23.90 26.21 28.18 26.06 24.83 27.18 26.15 22.54 22.88 22.77 20.84 19.58 18.50 21.06 18.92 17.89 19.14 21.27 20.99 17.92 20.09 18.34 18.62 18.00 20.15 20.17 20.14 20.80 24.80 23.86 25.48 27.96 
13.01 10.52 9.18 8.29 9.69 9.72 10.13 12.20 11.87 12.90 14.63 14.91 15.20 17.76 20.74 20.18 21.04 22.53 22.43 21.79 24.75 25.09 24.30 21.12 18.65 14.72 13.18 9.89 9.90 8.67 8.04 6.76 5.18 0.00 5.69 6.45 6.98 8.82 10.13 10.47 12.09 15.15 16.72 17.12 21.39 24.27 24.68 20.80 19.09 15.69 14.36 11.30 11.72 9.87 10.68 10.87 12.14 11.52 14.52 14.47 14.40 15.98 15.48 13.94 16.18 14.12 13.96 14.65 14.75 15.04 15.87 17.32 19.28 21.45 20.64 18.82 19.94 23.02 21.22 20.14 23.04 25.50 24.20 23.63 27.86 28.60 26.90 25.83 22.34 20.33 17.72 15.12 13.38 11.46 10.01 9.99 10.14 10.88 13.00 14.52 15.03 16.07 17.48 19.44 19.44 18.86 18.77 19.82 19.73 19.32 18.69 19.16 18.61 16.25 16.48 17.35 16.60 15.57 17.09 18.75 17.74 17.45 20.55 21.59 20.59 19.86 23.45 24.73 24.61 21.30 20.30 18.37 16.73 15.39 13.82 14.54 15.18 17.37 19.58 22.74 23.06 22.98 26.23 26.37 23.89 25.18 28.20 27.04 24.51 26.96 28.59 26.71 25.28 27.66 26.64 22.93 23.09 23.12 21.43 20.34 19.37 21.69 19.76 18.68 19.61 21.35 21.06 18.09 19.91 17.89 17.96 17.08 19.84 19.23 20.28 21.30 24.05 23.71 24.75 26.76 
12.97 10.57 8.46 7.51 9.34 9.03 8.34 10.20 11.18 11.29 13.05 14.25 13.46 15.79 19.09 19.21 18.91 21.15 21.13 20.62 23.14 23.80 23.26 20.03 17.92 14.43 13.25 10.12 10.51 9.09 9.08 8.57 7.17 5.69 0.39 5.94 7.36 7.10 8.93 9.77 11.01 13.89 15.68 15.94 19.37 22.67 23.28 19.25 18.08 14.15 13.23 10.42 10.68 9.19 10.71 11.01 12.06 11.64 13.52 13.42 13.05 14.67 14.09 12.75 14.36 12.83 12.59 13.42 13.93 14.77 15.78 17.02 18.75 20.87 20.13 18.03 19.35 22.11 20.22 19.34 22.42 24.81 22.99 22.42 27.23 27.84 25.37 24.88 21.16 19.62 16.54 14.87 12.09 11.30 10.05 10.39 10.06 11.46 13.21 14.13 14.77 16.08 17.86 19.61 20.17 19.57 19.47 20.35 20.45 20.19 19.43 19.61 19.20 16.99 16.94 17.45 16.55 15.34 16.99 18.62 17.42 17.46 20.30 21.20 20.44 19.92 23.50 24.05 24.53 21.62 20.79 17.54 16.15 15.39 14.27 14.59 14.58 17.21 19.61 22.50 22.72 23.23 26.53 26.67 24.30 25.55 28.78 27.28 24.68 27.04 28.76 26.74 25.51 28.03 26.90 23.33 23.22 23.38 21.85 20.98 20.00 22.16 20.12 19.09 20.04 21.68 21.11 18.37 20.42 18.50 18.04 17.44 19.88 19.49 19.46 20.24 24.48 23.13 24.34 25.38 
13.07 10.60 9.76 8.26 9.50 9.15 8.95 9.51 10.32 10.66 12.07 12.94 12.39 14.23 17.01 17.31 17.48 19.58 19.09 18.71 21.35 21.85 21.49 18.23 15.69 11.99 11.87 8.83 9.02 8.18 8.62 8.83 7.17 6.45 5.94 0.00 5.37 6.88 6.98 7.91 9.28 11.76 13.60 14.46 17.75 19.86 21.66 18.12 16.65 12.14 12.66 9.85 10.29 7.98 10.15 10.96 12.56 12.15 14.46 12.84 12.32 13.97 13.73 10.94 13.35 11.24 11.63 12.72 13.81 14.52 15.72 16.86 18.35 20.57 19.61 17.49 18.56 21.36 19.96 18.64 21.68 24.19 22.45 21.56 25.92 26.57 24.16 23.04 20.16 18.26 14.90 12.14 9.80 9.49 8.84 8.84 9.28 10.82 13.57 14.62 15.35 15.88 17.67 19.52 20.33 19.15 18.91 19.79 20.49 19.77 19.25 19.46 19.10 16.80 16.73 17.40 16.12 14.87 16.20 18.11 16.72 16.60 19.56 20.66 19.58 19.25 22.85 23.67 23.86 21.14 20.26 17.32 16.07 15.03 14.23 15.06 15.71 18.00 20.43 23.18 23.33 23.44 26.81 26.95 24.53 25.97 29.14 27.57 25.03 27.34 29.12 27.18 25.72 28.14 27.16 23.78 23.79 23.78 22.25 21.52 20.57 22.76 20.32 19.32 20.20 21.85 21.06 18.22 19.88 18.16 17.83 17.21 19.27 18.95 19.93 20.77 23.21 22.87 24.08 25.65 
13.44 11.44 9.16 9.99 10.03 8.88 9.60 9.92 9.93 10.27 11.79 11.93 12.13 13.76 15.92 16.22 16.79 18.25 17.86 17.45 20.09 20.64 19.60 16.91 14.89 11.34 10.37 8.29 9.51 8.78 9.19 9.70 9.19 6.98 7.36 5.37 0.42 5.83 7.30 6.81 7.72 10.43 12.05 13.33 16.35 18.47 18.80 16.14 15.15 11.86 10.74 8.27 9.76 9.43 10.73 11.27 13.21 12.83 14.67 12.69 11.53 13.19 11.76 8.92 11.34 9.40 10.00 11.94 13.04 13.47 15.22 16.72 17.86 19.97 19.70 17.02 17.90 20.98 20.07 18.45 20.68 23.16 22.12 20.75 24.59 25.51 23.46 22.11 19.46 17.05 14.55 12.65 10.61 10.47 10.04 10.77 11.68 13.64 15.20 16.45 17.30 17.97 19.12 21.01 21.30 20.44 20.07 20.90 20.94 20.50 19.93 20.27 19.94 17.40 17.36 17.68 17.05 15.59 16.56 17.77 17.03 16.81 19.61 20.72 19.88 19.52 23.29 24.09 24.23 21.35 20.38 18.09 16.89 16.19 15.20 16.60 17.35 20.00 21.88 24.46 23.95 24.26 27.23 27.55 25.27 26.65 29.56 28.42 25.64 27.91 29.79 27.92 26.46 28.41 27.86 24.97 24.61 24.64 23.18 22.63 21.75 23.57 21.26 20.27 21.29 22.56 21.96 19.41 21.23 19.24 18.63 18.16 19.97 19.92 20.23 20.72 24.78 23.33 24.77 26.78 
