0.75 4.88 6.86 8.58 10.29 12.98 16.63 17.85 20.41 22.52 26.15 27.22 26.48 26.93 28.59 28.99 29.57 29.86 30.08 29.34 27.50 25.86 23.48 22.90 20.83 20.62 20.58 20.71 19.88 21.25 22.92 23.25 23.69 25.58 26.73 23.67 20.18 21.11 21.47 21.89 21.60 22.80 24.13 26.02 26.70 26.77 28.86 28.05 26.29 24.76 25.97 23.61 22.50 22.24 22.84 23.08 24.21 25.47 26.64 27.32 28.18 28.55 30.24 30.32 29.59 28.94 30.47 29.15 28.75 28.81 30.03 28.72 29.41 29.57 30.26 30.20 31.35 30.93 30.71 30.05 30.48 29.30 28.93 28.97 29.81 28.52 28.62 27.71 28.17 28.31 27.45 25.49 25.42 24.88 24.73 24.78 25.57 25.13 25.44 26.07 27.18 26.84 25.89 24.96 23.08 22.88 22.84 21.14 20.31 20.43 21.10 21.18 22.14 22.77 24.10 24.83 27.36 28.04 29.46 28.70 28.75 29.31 30.83 29.90 29.11 28.45 28.18 27.33 26.06 25.39 24.41 21.90 20.15 19.62 20.85 20.30 20.87 19.76 22.23 26.99 
4.88 0.00 4.09 6.53 8.47 10.48 13.03 16.04 17.65 19.48 23.18 24.80 24.13 24.55 25.97 26.96 27.24 27.53 27.66 27.51 25.36 23.42 20.16 20.71 17.81 17.99 17.26 18.11 16.92 18.46 20.37 21.37 22.39 24.83 25.36 22.38 18.21 18.73 18.47 19.43 18.73 20.45 21.24 24.23 24.59 24.57 26.72 26.83 24.86 22.35 23.37 20.86 19.63 18.78 19.36 19.80 20.99 22.49 23.91 24.74 25.48 25.82 27.84 27.95 26.65 25.91 28.09 26.58 25.82 25.91 27.63 25.94 26.47 26.75 27.62 27.53 28.77 28.14 28.02 27.59 28.14 26.76 26.36 26.71 27.40 25.90 26.19 25.45 25.90 26.21 25.15 23.03 22.85 22.23 22.09 22.30 22.79 22.56 22.78 24.17 24.93 24.92 23.60 23.48 20.67 20.50 20.13 18.59 17.45 17.31 17.96 18.28 19.51 20.23 21.60 22.45 25.29 25.95 27.38 26.66 26.52 27.13 28.67 28.04 26.81 26.42 26.37 25.68 24.01 23.19 22.57 19.46 17.74 16.88 18.04 17.40 17.19 17.98 19.09 28.61 
6.86 4.09 0.00 4.39 7.09 8.26 10.15 12.71 15.49 15.99 19.22 20.86 19.94 20.74 22.00 22.93 22.90 23.28 24.04 23.87 21.74 19.62 16.82 16.94 14.73 14.49 14.16 15.12 14.46 16.43 18.72 20.06 21.58 23.71 24.44 20.89 16.29 16.46 15.46 16.31 16.01 17.33 18.46 21.10 21.70 21.76 24.62 24.58 23.22 20.33 20.92 17.77 16.56 15.43 16.11 15.89 17.16 18.53 20.57 21.01 21.83 22.20 24.96 24.56 23.11 22.14 24.91 22.80 22.07 21.86 24.42 22.19 22.98 22.63 24.20 23.50 24.88 24.16 24.94 23.99 24.63 23.08 23.61 23.34 23.86 22.37 23.76 22.52 22.66 22.84 22.25 19.71 19.32 18.58 18.84 18.74 19.13 18.89 19.71 20.98 21.82 21.95 21.32 21.00 18.26 17.87 17.40 15.78 14.47 14.42 14.78 15.01 16.49 17.01 18.87 19.27 22.08 22.58 24.45 23.12 22.85 23.40 25.43 24.42 23.39 22.94 23.40 22.82 21.29 20.79 20.28 17.71 16.06 15.94 16.28 15.17 17.16 17.64 19.11 23.36 
8.58 6.53 4.39 0.00 5.62 7.48 8.61 10.65 12.92 14.89 16.99 18.91 17.56 18.48 20.35 21.73 21.62 22.47 23.31 23.56 21.11 20.02 17.01 17.45 14.11 14.08 13.45 14.27 13.68 15.09 17.69 19.15 20.82 23.36 23.63 20.67 16.47 16.11 14.89 15.16 14.51 16.16 16.72 19.35 19.60 20.05 22.79 23.28 21.92 19.73 20.10 17.65 15.98 14.84 14.98 14.56 15.40 17.01 18.70 19.25 20.02 20.53 23.06 23.14 21.90 21.09 23.65 22.07 21.27 21.25 23.36 21.47 22.04 22.14 23.54 23.03 24.28 23.89 24.53 23.39 23.80 22.63 23.14 22.80 22.96 21.84 23.16 21.99 21.94 22.38 21.67 19.51 18.86 18.31 18.08 18.11 18.23 18.05 18.63 20.09 21.01 21.30 20.43 20.67 18.15 17.98 17.27 16.04 14.84 14.37 14.57 14.29 15.27 15.77 17.15 17.78 20.19 20.82 22.55 21.64 21.44 22.15 24.07 23.43 22.27 22.53 22.71 22.53 20.73 20.52 20.14 17.27 15.46 14.22 15.37 15.18 16.08 16.31 17.80 23.31 
10.29 8.47 7.09 5.62 0.00 6.34 6.98 9.12 10.50 14.27 16.69 18.54 17.53 18.51 19.74 21.72 22.27 23.80 23.76 23.64 21.33 19.21 16.91 17.22 14.75 14.34 13.75 15.38 14.38 17.00 18.76 20.08 21.39 24.72 25.29 21.59 17.22 17.20 16.27 15.70 13.87 15.61 16.36 19.55 18.95 19.48 22.28 22.64 21.27 19.05 20.51 17.94 16.08 15.03 15.16 14.88 15.56 17.26 18.45 19.24 20.11 20.35 22.38 23.04 22.02 21.16 23.71 22.36 21.91 21.71 23.43 21.61 22.45 22.62 23.95 24.07 25.95 25.52 25.33 24.66 25.42 24.20 23.95 24.15 24.76 23.51 23.55 22.61 23.10 23.86 22.79 20.59 20.73 19.95 19.12 19.45 20.10 19.78 19.80 21.25 22.38 22.61 20.80 20.96 18.81 18.99 18.66 16.94 15.58 15.14 14.62 13.99 13.92 14.55 15.64 16.93 19.54 20.61 22.35 21.65 21.79 23.00 25.06 24.51 23.21 23.43 23.11 22.24 20.69 20.93 19.56 17.09 14.46 15.25 14.90 15.27 15.30 15.25 17.99 22.60 
12.98 10.48 8.26 7.48 6.34 0.00 6.02 7.43 10.35 11.81 14.49 17.32 16.28 17.11 17.98 20.27 20.88 22.58 22.30 22.59 19.95 18.55 14.94 15.99 12.94 13.18 12.70 14.45 14.73 17.62 20.05 21.15 22.90 26.61 26.85 23.27 17.52 17.63 15.96 15.20 13.02 14.72 15.07 18.82 19.25 19.34 22.08 22.72 21.03 18.51 19.36 17.00 15.60 14.24 13.74 13.56 14.03 15.97 17.39 18.72 19.47 19.60 21.66 22.01 20.90 19.97 22.58 20.96 20.40 20.41 22.11 20.15 20.89 21.16 22.36 22.67 24.76 24.16 24.10 23.45 24.56 23.07 22.86 23.18 24.06 22.51 22.80 21.72 22.38 23.30 21.97 19.35 19.55 18.86 17.98 18.09 18.67 18.60 19.00 20.78 22.05 22.38 20.52 20.83 18.09 18.24 18.20 16.75 15.48 14.72 14.11 13.01 12.84 13.25 14.22 15.44 18.56 19.96 21.54 20.78 20.60 21.64 24.22 23.47 22.63 22.75 22.75 22.08 20.43 20.92 19.57 16.81 14.97 14.71 14.43 14.77 14.10 15.86 17.49 23.91 
16.63 13.03 10.15 8.61 6.98 6.02 0.00 6.25 8.26 9.70 12.66 14.79 14.77 15.29 16.38 17.97 18.68 20.27 20.42 20.66 18.57 16.83 13.70 14.51 12.35 12.61 12.82 14.75 15.19 18.87 21.44 23.20 24.87 27.78 27.89 24.10 18.83 18.39 16.57 15.35 12.87 14.12 14.22 17.70 18.59 18.85 21.37 22.18 21.38 18.41 18.95 16.01 15.58 13.78 13.68 12.53 13.26 14.76 16.31 17.24 18.45 18.56 20.61 20.99 19.77 18.83 21.52 19.65 19.32 19.11 21.17 18.79 19.82 19.65 21.14 21.10 23.62 22.82 23.01 22.44 23.66 22.23 22.06 22.47 23.45 21.92 22.14 21.12 21.68 22.48 21.10 18.17 18.54 17.72 17.14 17.27 17.66 17.54 18.11 20.17 21.58 22.05 20.24 20.70 18.04 18.35 17.91 16.36 15.32 14.46 13.38 12.36 12.45 12.55 13.29 14.21 17.62 18.80 20.39 19.71 19.80 21.06 23.38 23.02 22.01 22.52 22.43 22.11 20.34 20.57 19.48 16.80 14.63 14.60 13.82 14.42 14.58 14.85 17.60 21.40 
17.85 16.04 12.71 10.65 9.12 7.43 6.25 0.00 6.44 8.15 10.52 12.73 12.96 14.38 15.41 17.61 18.85 19.98 19.99 20.32 18.48 17.30 14.09 15.36 12.84 13.52 14.01 16.53 16.81 20.37 23.04 24.65 26.19 29.57 29.42 26.13 20.49 20.37 18.05 17.30 14.22 14.84 14.75 17.71 18.27 19.07 21.85 22.65 22.06 19.34 19.55 16.88 16.36 14.73 14.57 13.72 14.50 15.87 17.25 18.00 19.57 19.78 21.94 22.42 21.39 20.32 23.14 21.48 21.04 20.90 22.92 20.87 21.78 21.97 23.16 23.27 25.37 24.77 24.95 24.38 25.57 24.01 23.89 24.19 24.88 23.31 23.77 22.63 23.43 23.68 22.25 19.53 20.01 18.95 18.55 18.76 19.67 19.12 19.47 21.46 23.23 23.39 21.47 22.17 20.38 20.18 19.63 18.16 17.79 16.46 15.30 13.76 13.69 13.24 13.72 14.28 17.65 18.70 20.69 20.10 20.31 21.61 24.12 23.55 23.22 23.55 23.94 23.26 21.85 22.09 20.83 17.58 16.27 15.54 15.08 15.23 14.82 15.86 17.01 21.33 
20.41 17.65 15.49 12.92 10.50 10.35 8.26 6.44 0.00 6.56 7.69 10.60 10.94 12.34 13.78 16.49 17.30 18.15 17.80 17.87 16.77 15.42 13.51 15.18 13.56 14.70 14.73 17.66 17.68 21.52 23.87 25.54 27.04 29.76 29.62 26.25 21.58 21.21 18.94 18.41 15.77 15.99 15.10 17.39 17.08 17.84 21.06 22.85 22.29 19.95 20.38 17.96 17.31 15.86 15.85 15.06 15.96 17.19 18.54 19.19 20.47 20.56 22.68 23.55 22.47 21.46 24.29 22.78 22.49 22.27 24.06 21.95 22.67 22.94 24.29 24.47 26.65 26.09 26.13 25.33 26.18 25.01 24.79 25.14 25.54 23.72 24.12 23.09 23.98 24.58 22.98 20.70 21.47 20.44 19.66 20.41 21.16 20.34 20.52 22.34 24.13 24.08 22.12 23.20 21.73 21.97 21.36 19.98 19.56 18.26 16.99 15.33 14.99 14.13 13.88 13.76 16.73 17.54 19.79 19.59 19.70 21.88 23.74 23.76 22.69 23.48 23.47 23.27 21.88 22.21 20.92 18.10 15.85 15.17 14.48 14.81 15.45 16.02 17.56 19.28 
22.52 19.48 15.99 14.89 14.27 11.81 9.70 8.15 6.56 0.00 5.09 7.59 9.32 10.14 11.38 13.49 15.39 15.70 15.98 15.74 15.11 13.68 12.30 14.32 13.15 14.36 15.06 18.44 18.87 21.82 24.39 25.89 27.69 30.76 30.78 27.44 22.34 22.10 19.76 19.26 16.04 16.12 14.88 16.92 16.17 16.66 19.98 21.89 21.55 19.12 19.75 17.42 16.79 15.93 15.79 15.42 15.85 17.78 18.97 19.35 20.24 20.54 22.58 23.26 22.16 21.21 24.04 22.26 21.82 21.60 23.25 21.12 21.58 21.92 23.14 23.76 25.78 25.42 25.27 24.63 25.64 24.51 24.11 24.64 24.98 23.07 23.13 21.98 22.98 24.03 22.38 19.81 20.69 20.08 19.79 20.33 21.04 20.68 21.25 22.81 24.15 24.43 22.84 23.55 21.99 22.47 22.33 20.54 19.91 18.86 17.89 15.70 14.92 14.06 13.82 13.09 15.80 16.84 19.09 18.79 19.06 21.28 23.48 23.34 22.33 23.20 23.10 23.21 21.61 21.60 20.01 17.33 16.34 14.75 14.09 14.50 15.77 15.71 17.63 19.28 
26.15 23.18 19.22 16.99 16.69 14.49 12.66 10.52 7.69 5.09 0.00 6.30 7.73 9.23 11.68 12.81 14.39 15.96 16.37 15.97 15.29 14.60 13.93 15.63 14.51 16.43 17.30 20.73 21.06 24.43 26.90 28.87 29.93 32.62 33.00 29.43 23.80 23.76 22.09 20.94 17.73 17.83 16.59 18.23 17.05 17.64 20.59 22.68 22.23 20.40 20.97 18.61 17.95 17.35 18.05 17.44 18.05 19.76 20.87 21.09 21.64 22.18 24.02 24.84 23.46 22.86 25.16 23.59 22.85 22.98 24.52 22.15 22.84 22.91 24.25 24.52 26.75 26.25 26.28 25.76 26.75 25.33 25.03 25.49 26.07 24.01 23.91 22.80 23.80 24.87 23.26 20.79 21.52 21.32 21.44 21.92 22.27 22.46 23.33 24.89 25.95 26.60 25.15 25.68 23.93 24.67 24.43 22.32 21.44 20.72 19.85 17.37 16.39 15.70 15.17 14.38 16.91 18.21 20.24 19.89 19.99 22.54 24.74 24.69 23.66 24.35 24.38 24.46 23.21 22.90 21.56 19.26 17.40 16.26 14.95 16.09 16.86 16.99 18.69 20.25 
27.22 24.80 20.86 18.91 18.54 17.32 14.79 12.73 10.60 7.59 6.30 0.00 6.67 8.67 9.62 11.80 13.18 15.44 16.12 16.43 15.38 15.22 14.36 16.95 15.89 18.21 19.78 23.02 22.85 26.13 29.10 30.36 31.56 34.58 35.05 31.79 26.09 25.91 23.83 23.29 19.93 19.66 17.89 19.59 18.15 18.46 21.29 23.05 22.92 20.97 21.68 19.56 19.32 18.90 19.22 19.50 20.54 22.15 23.02 23.25 23.91 24.15 25.92 26.73 25.72 24.74 27.34 25.67 25.25 25.31 26.69 24.67 24.93 25.58 26.55 26.96 28.48 28.27 28.00 27.60 28.32 27.09 26.58 27.32 27.27 25.55 25.26 24.34 25.44 26.07 24.31 22.34 23.33 22.90 22.90 23.64 24.64 24.41 25.08 26.66 27.97 28.58 26.88 27.69 26.14 26.57 26.12 24.31 23.34 22.75 21.75 19.58 18.32 17.55 16.71 16.41 18.67 19.92 21.54 21.27 21.55 23.96 25.87 25.99 24.98 26.08 26.11 26.53 24.90 25.00 23.65 21.18 20.04 18.82 18.01 17.39 18.01 18.50 19.82 21.06 
26.48 24.13 19.94 17.56 17.53 16.28 14.77 12.96 10.94 9.32 7.73 6.67 0.00 6.68 8.18 9.09 11.07 12.78 14.11 14.82 14.56 13.53 13.16 15.37 15.24 17.38 18.75 22.23 22.11 25.86 28.28 29.86 30.63 33.23 33.75 30.17 25.54 25.08 22.90 21.82 18.72 18.41 16.44 17.94 16.72 16.85 19.21 20.96 20.49 18.73 19.70 18.09 18.26 17.54 17.90 18.48 19.84 21.49 22.29 22.71 23.23 23.46 24.98 26.23 24.92 24.20 26.43 25.68 24.70 25.08 26.45 24.76 24.85 25.55 26.54 26.61 27.96 27.70 27.36 27.06 27.64 26.25 25.79 26.25 26.29 24.52 24.22 23.54 24.58 24.76 22.95 21.32 22.66 21.82 21.30 22.74 23.95 23.23 23.63 25.85 27.49 27.69 25.76 27.00 25.73 25.94 25.00 23.23 22.36 21.66 20.54 18.68 17.60 16.69 15.66 15.70 17.96 19.05 20.06 20.17 20.51 22.86 24.50 24.67 24.16 24.98 24.97 25.25 24.43 24.31 23.44 20.82 18.95 18.22 17.24 15.85 15.88 16.92 18.24 19.42 
26.93 24.55 20.74 18.48 18.51 17.11 15.29 14.38 12.34 10.14 9.23 8.67 6.68 0.00 6.02 7.87 8.60 10.91 12.45 13.96 13.62 13.25 12.63 15.47 15.26 17.85 19.50 23.01 22.96 26.11 28.74 29.95 30.82 33.94 34.27 31.00 26.11 25.70 23.64 22.55 19.27 18.99 16.53 18.12 16.38 16.36 18.21 20.28 19.86 18.02 18.75 17.36 17.76 17.45 18.12 18.62 20.60 22.28 23.29 23.50 24.16 24.20 25.73 26.60 25.51 24.63 27.12 25.81 25.14 25.43 27.12 25.10 25.31 25.95 27.13 27.11 28.64 28.46 28.18 27.52 28.30 26.88 26.27 26.72 26.53 24.76 24.12 23.24 24.21 24.82 23.15 21.10 22.39 21.96 22.28 23.11 24.21 23.59 24.78 26.85 28.41 28.99 27.18 28.03 26.54 26.98 26.25 24.22 23.34 22.67 21.78 19.45 18.47 17.26 16.54 16.38 18.47 19.33 20.48 20.20 20.62 22.55 24.39 24.90 24.31 24.98 25.20 25.86 24.84 24.50 23.43 21.15 19.85 18.70 17.99 16.66 16.70 16.90 18.58 20.00 
28.59 25.97 22.00 20.35 19.74 17.98 16.38 15.41 13.78 11.38 11.68 9.62 8.18 6.02 0.00 5.73 7.21 8.49 11.65 12.41 13.03 13.34 13.48 15.21 16.00 18.14 19.94 24.16 24.34 28.17 30.03 31.77 32.02 34.99 35.32 32.54 27.34 27.21 25.15 23.44 19.78 19.13 17.02 17.93 16.75 15.95 17.92 19.61 19.69 17.74 18.65 17.34 17.98 17.89 18.98 19.61 21.21 23.26 24.02 24.39 24.90 25.24 26.33 27.37 25.98 25.82 27.96 27.02 25.82 26.61 28.27 26.45 26.25 27.23 28.24 28.35 29.67 29.62 29.27 28.81 29.01 27.70 26.97 27.31 27.28 25.45 25.00 23.97 24.83 25.49 24.02 22.11 22.70 23.35 23.59 24.48 24.54 25.46 26.69 28.81 30.33 31.06 29.57 30.21 28.28 29.06 28.33 26.14 24.58 23.98 22.87 20.40 18.92 17.93 17.46 16.91 18.63 19.63 20.89 20.63 20.64 22.79 24.85 25.35 24.76 25.68 26.01 26.70 25.34 25.38 24.27 22.14 19.87 19.33 17.99 17.32 17.11 18.01 19.33 20.33 
28.99 26.96 22.93 21.73 21.72 20.27 17.97 17.61 16.49 13.49 12.81 11.80 9.09 7.87 5.73 0.00 6.01 8.43 8.88 11.41 12.01 13.01 13.44 16.25 16.69 19.58 21.94 25.82 26.07 29.31 31.91 33.18 33.57 36.56 37.12 33.97 29.03 28.70 26.83 25.12 21.40 20.92 18.20 19.49 17.54 17.35 18.57 20.62 20.44 18.88 19.64 18.31 19.44 19.45 20.52 21.23 23.54 25.03 26.11 26.38 26.79 26.99 28.41 29.19 27.76 27.16 29.98 28.59 27.55 27.97 30.17 28.31 28.26 28.93 30.33 30.20 31.40 31.11 31.21 30.32 30.71 29.24 28.65 28.98 28.63 26.77 26.24 25.35 26.41 26.62 25.09 23.40 24.31 24.44 25.14 25.80 27.02 27.21 28.49 30.51 32.43 33.23 31.47 32.30 30.76 30.92 29.86 27.99 26.45 25.68 24.44 21.89 20.30 19.16 18.62 18.44 20.20 21.03 22.33 22.07 22.28 23.95 26.17 26.61 26.48 27.38 27.89 28.33 27.36 27.33 26.85 24.06 22.35 21.08 20.86 20.28 19.53 20.36 21.06 22.32 
29.57 27.24 22.90 21.62 22.27 20.88 18.68 18.85 17.30 15.39 14.39 13.18 11.07 8.60 7.21 6.01 0.00 5.98 7.77 9.17 11.07 12.12 13.57 16.55 17.42 19.67 22.05 25.92 26.04 30.16 32.07 34.05 34.44 37.15 37.61 34.34 29.26 29.31 27.30 25.27 21.60 21.22 18.94 19.37 18.01 17.68 19.29 20.61 20.70 19.33 20.74 19.52 20.48 20.48 21.59 22.55 24.23 25.92 27.26 27.43 27.92 27.53 29.36 30.04 28.46 28.01 30.66 29.48 28.11 28.67 30.72 29.25 28.85 29.68 30.83 30.68 31.81 31.46 31.47 30.87 30.98 29.57 29.00 29.11 29.09 27.00 26.72 25.89 26.93 27.02 25.11 23.71 24.81 24.83 24.93 26.33 27.35 27.79 28.58 31.61 34.05 34.00 32.25 33.40 32.06 32.01 30.56 28.67 27.28 26.42 25.02 22.46 20.95 20.01 19.37 19.35 21.08 21.66 22.92 22.85 23.22 24.65 26.58 27.16 26.97 27.93 28.46 29.01 28.27 28.77 28.19 25.26 22.98 22.43 21.97 21.62 21.64 21.27 23.38 23.90 
29.86 27.53 23.28 22.47 23.80 22.58 20.27 19.98 18.15 15.70 15.96 15.44 12.78 10.91 8.49 8.43 5.98 0.00 5.45 8.17 9.38 11.60 12.62 16.01 17.62 21.14 22.46 26.37 27.56 30.81 33.16 34.20 35.32 38.53 38.53 35.22 30.18 29.92 27.46 26.13 22.74 21.94 18.97 20.53 18.55 18.42 19.33 20.98 21.26 20.06 21.27 20.34 21.67 21.76 22.94 24.06 25.84 27.47 28.51 29.20 29.39 29.31 30.48 31.17 29.55 29.28 31.62 30.28 29.23 30.22 32.08 30.28 30.31 31.05 32.29 32.03 32.85 32.82 32.63 31.86 32.07 30.71 30.18 30.48 29.56 27.55 26.93 26.23 27.22 27.76 25.56 24.31 25.03 25.50 25.85 27.08 28.01 28.57 30.34 32.93 35.17 36.05 34.09 34.99 33.43 33.50 32.25 29.88 28.42 27.81 26.47 23.99 22.53 21.68 20.93 20.85 22.05 22.74 23.87 24.13 23.73 25.71 27.31 28.57 27.91 29.46 29.35 30.48 29.35 29.83 29.01 26.10 24.06 22.69 23.23 23.02 21.89 22.01 23.51 24.33 
30.08 27.66 24.04 23.31 23.76 22.30 20.42 19.99 17.80 15.98 16.37 16.12 14.11 12.45 11.65 8.88 7.77 5.45 0.00 5.81 8.09 10.24 11.39 14.83 17.84 19.99 22.89 25.26 26.89 30.89 32.99 34.64 36.04 38.72 39.47 35.72 30.72 30.09 27.90 26.43 22.66 21.67 19.25 20.06 18.49 17.09 17.91 20.11 20.40 19.66 20.61 20.41 21.68 22.07 23.35 24.55 26.58 28.05 29.13 29.30 30.45 29.60 30.91 31.22 30.05 29.62 31.94 30.40 29.75 30.69 32.78 30.93 30.89 31.80 33.02 32.43 33.60 33.23 33.26 32.25 32.11 30.72 30.47 30.00 29.53 27.46 27.43 26.11 26.93 27.38 25.92 24.22 24.48 25.13 26.27 27.19 27.93 29.27 31.34 33.64 35.89 36.56 35.68 35.98 34.08 34.21 33.45 30.91 29.11 28.26 27.09 24.49 22.97 21.98 21.25 20.67 22.31 22.71 24.66 24.04 24.11 25.97 28.15 28.86 28.55 29.28 29.53 30.28 29.35 29.74 29.14 26.08 23.29 22.93 22.50 22.64 22.68 21.93 23.79 23.62 
29.34 27.51 23.87 23.56 23.64 22.59 20.66 20.32 17.87 15.74 15.97 16.43 14.82 13.96 12.41 11.41 9.17 8.17 5.81 0.00 6.26 8.57 9.59 11.93 15.37 18.99 21.66 25.27 26.03 29.63 33.18 33.90 35.86 38.42 39.30 35.40 30.59 29.57 27.31 26.01 22.89 21.93 18.73 19.82 17.42 16.45 17.33 19.16 19.68 18.67 19.85 19.57 21.04 21.80 22.85 24.28 26.53 28.15 29.16 29.62 30.10 29.68 30.91 31.04 29.73 29.33 31.82 30.02 29.30 30.27 32.63 30.83 30.74 31.57 33.32 32.78 33.78 33.67 33.75 32.48 32.36 31.09 30.70 30.49 29.80 28.01 27.48 26.64 26.92 27.79 25.98 24.52 24.46 25.18 26.01 27.47 28.32 29.20 31.21 33.80 36.20 36.64 35.61 36.47 34.70 34.34 33.43 30.86 29.16 28.33 26.98 24.47 23.06 21.68 20.86 20.45 21.91 22.35 24.20 24.21 24.47 26.46 28.15 29.38 28.78 30.16 29.98 30.97 29.87 30.37 29.64 26.41 24.26 23.27 23.66 23.45 22.21 22.67 23.64 24.08 
27.50 25.36 21.74 21.11 21.33 19.95 18.57 18.48 16.77 15.11 15.29 15.38 14.56 13.62 13.03 12.01 11.07 9.38 8.09 6.26 0.00 6.31 7.36 11.02 12.71 16.66 20.26 22.91 23.57 26.51 30.25 32.52 34.08 36.58 37.03 33.31 27.80 27.26 24.96 23.74 20.68 19.95 16.93 16.88 15.14 14.38 16.04 17.26 17.84 17.00 18.03 17.48 19.08 19.64 21.15 22.04 24.24 25.97 27.30 27.36 28.02 27.21 29.26 29.43 27.85 27.40 30.26 28.61 26.98 27.82 30.47 29.01 28.39 29.42 31.15 31.04 31.70 31.60 31.62 30.74 30.66 29.36 28.89 28.66 28.58 26.31 26.32 24.92 25.48 25.87 23.94 22.31 22.69 23.03 23.66 25.31 26.44 27.32 28.93 32.35 34.87 35.10 33.42 35.08 33.32 32.59 31.22 29.14 27.21 26.39 25.34 22.97 21.36 20.33 19.22 18.81 20.13 20.76 23.03 22.95 23.56 25.00 27.02 27.62 27.40 27.93 28.44 29.09 28.71 29.19 28.37 25.20 22.80 22.78 22.57 22.59 21.90 21.28 23.22 23.36 
25.86 23.42 19.62 20.02 19.21 18.55 16.83 17.30 15.42 13.68 14.60 15.22 13.53 13.25 13.34 13.01 12.12 11.60 10.24 8.57 6.31 0.00 5.98 8.48 10.58 14.17 17.45 20.14 21.69 25.94 28.88 29.84 32.37 34.65 35.43 31.26 25.59 24.87 22.60 21.60 17.77 16.88 12.71 14.01 12.83 12.13 14.56 16.42 17.02 15.74 16.87 15.97 17.34 17.64 19.15 20.47 22.30 24.08 25.31 25.58 25.90 25.31 27.40 27.24 25.67 24.86 28.45 26.19 25.08 25.73 28.80 26.94 27.02 27.60 29.59 28.74 30.07 29.26 29.76 28.56 29.10 27.32 26.98 26.64 26.57 24.25 23.79 22.44 23.59 23.76 21.48 19.38 20.13 20.14 20.68 21.86 23.55 24.60 26.45 29.75 32.71 33.27 31.60 32.92 30.66 30.15 28.46 26.36 24.04 23.91 22.63 20.85 18.90 18.20 17.34 17.16 18.44 18.56 21.30 21.65 22.13 23.48 25.55 26.34 25.92 26.67 27.17 27.67 27.04 27.03 26.32 23.07 21.36 20.55 21.01 20.55 19.53 19.93 20.95 22.25 
23.48 20.16 16.82 17.01 16.91 14.94 13.70 14.09 13.51 12.30 13.93 14.36 13.16 12.63 13.48 13.44 13.57 12.62 11.39 9.59 7.36 5.98 0.00 6.87 7.46 11.04 13.28 16.80 18.57 22.60 25.78 26.78 29.45 32.38 32.53 28.16 22.57 22.23 19.68 17.31 13.61 12.37 9.16 10.00 9.93 9.51 12.77 14.26 15.11 13.54 14.69 13.77 14.90 14.53 16.47 17.45 19.18 20.79 21.87 21.88 22.11 21.85 23.92 23.49 22.07 21.89 24.44 22.41 21.85 23.02 25.37 23.48 24.04 25.01 26.43 25.73 26.92 26.40 26.19 25.16 25.37 23.66 23.46 22.93 22.68 20.49 20.83 19.25 20.13 20.14 19.08 16.54 16.89 17.02 17.54 18.26 19.47 20.97 23.24 26.24 28.73 29.91 28.69 29.46 26.53 26.12 25.07 22.26 20.49 20.40 19.31 16.73 15.43 14.97 14.16 13.89 15.71 16.49 18.99 19.13 19.71 21.08 23.51 23.88 23.30 23.81 24.33 24.70 23.38 23.51 22.62 20.39 17.94 17.56 17.39 17.74 17.60 17.77 18.84 20.45 
22.90 20.71 16.94 17.45 17.22 15.99 14.51 15.36 15.18 14.32 15.63 16.95 15.37 15.47 15.21 16.25 16.55 16.01 14.83 11.93 11.02 8.48 6.87 0.00 7.04 8.46 12.14 14.36 16.85 21.26 24.81 26.36 28.93 32.01 31.71 27.34 22.42 22.28 18.26 16.95 12.78 12.10 9.04 10.49 10.67 11.26 13.97 16.05 16.84 15.73 16.00 14.73 15.43 15.16 16.18 17.30 19.00 20.62 21.66 21.74 22.50 22.12 23.33 23.57 22.27 21.58 24.12 21.97 21.88 22.78 25.28 23.50 24.17 24.75 26.82 26.07 27.77 26.77 26.97 25.72 26.43 24.43 24.28 23.95 23.83 21.37 21.69 20.65 20.99 21.39 19.72 17.08 17.30 16.79 17.10 18.73 19.32 20.69 22.61 26.48 28.70 29.79 28.27 29.66 26.69 26.25 24.91 22.71 20.86 20.13 18.36 17.00 15.27 14.94 14.66 14.79 17.25 18.10 20.86 21.00 21.33 22.81 24.84 25.28 24.68 25.24 25.44 25.86 24.92 24.70 23.83 20.82 19.15 19.00 18.19 18.28 17.65 18.94 19.04 20.64 
20.83 17.81 14.73 14.11 14.75 12.94 12.35 12.84 13.56 13.15 14.51 15.89 15.24 15.26 16.00 16.69 17.42 17.62 17.84 15.37 12.71 10.58 7.46 7.04 0.00 5.55 6.50 10.26 11.43 15.78 18.78 21.90 24.10 26.52 26.46 23.18 18.44 17.80 14.96 12.89 10.97 9.63 8.34 9.57 10.10 10.17 14.34 15.70 16.88 15.03 15.44 13.54 13.85 13.26 13.71 13.80 15.51 17.07 17.21 17.50 18.53 18.45 20.05 20.56 18.93 18.63 21.08 19.20 18.26 19.32 22.03 20.46 20.66 21.72 23.59 23.29 24.83 24.27 24.24 23.39 24.24 22.38 21.94 21.84 22.07 19.59 19.94 18.75 19.49 19.76 18.00 15.57 15.25 15.00 14.45 15.57 16.72 17.73 19.56 22.93 25.06 25.91 23.97 25.20 22.39 21.61 20.89 18.92 16.98 15.45 14.63 13.50 12.55 12.03 12.21 12.69 15.74 16.45 19.48 19.63 20.12 21.32 23.63 23.62 22.86 23.27 23.55 23.46 22.21 22.22 21.20 18.94 16.42 15.70 15.61 15.91 15.92 16.61 17.70 19.36 
20.62 17.99 14.49 14.08 14.34 13.18 12.61 13.52 14.70 14.36 16.43 18.21 17.38 17.85 18.14 19.58 19.67 21.14 19.99 18.99 16.66 14.17 11.04 8.46 5.55 0.00 6.55 7.61 11.09 14.74 17.93 20.15 22.18 24.85 25.12 21.57 16.26 15.84 12.71 11.54 9.00 8.81 8.48 10.98 11.84 12.67 16.56 19.17 18.92 16.88 17.57 15.39 15.24 13.34 13.92 14.09 15.02 15.56 16.20 16.98 17.76 17.34 19.32 20.13 17.97 17.93 20.59 18.65 17.53 18.91 21.37 19.73 19.97 20.98 22.82 22.12 23.81 23.27 23.36 22.37 23.58 21.77 21.61 21.36 21.91 19.48 19.79 18.62 19.74 20.31 17.75 14.36 14.39 12.92 12.23 13.33 14.39 15.66 16.95 21.21 23.24 24.38 22.42 23.92 20.62 20.50 19.53 17.07 15.01 14.67 13.74 13.04 11.62 12.26 12.61 13.85 16.66 17.66 20.11 20.87 20.47 21.99 23.75 24.05 22.87 23.74 23.47 24.07 22.67 22.55 21.62 18.97 17.15 16.41 15.78 15.33 16.06 16.75 17.90 19.14 
20.58 17.26 14.16 13.45 13.75 12.70 12.82 14.01 14.73 15.06 17.30 19.78 18.75 19.50 19.94 21.94 22.05 22.46 22.89 21.66 20.26 17.45 13.28 12.14 6.50 6.55 0.00 6.17 7.27 11.83 13.31 16.11 18.69 21.44 21.94 17.93 12.73 11.70 9.88 8.10 7.09 8.26 9.46 12.01 13.39 14.35 18.25 20.15 20.07 18.38 18.41 16.48 15.70 13.55 13.64 13.70 13.62 14.28 15.00 15.23 16.00 15.69 18.05 18.63 16.77 16.23 18.49 16.39 16.20 17.23 19.49 17.58 18.08 19.01 20.43 19.84 21.51 21.30 20.94 20.55 21.29 19.79 19.53 19.94 20.08 18.18 18.76 17.82 19.05 19.89 17.73 14.63 13.67 12.32 10.84 11.60 11.90 12.71 14.06 17.22 19.11 20.71 19.14 19.93 16.52 16.40 15.70 12.54 11.54 11.63 11.99 9.92 10.23 11.15 12.69 13.25 16.78 17.75 20.45 20.36 20.36 21.58 23.51 23.50 22.48 22.70 22.78 22.72 21.45 21.60 20.66 18.07 15.85 14.37 13.85 13.96 15.28 15.83 17.00 18.19 
20.71 18.11 15.12 14.27 15.38 14.45 14.75 16.53 17.66 18.44 20.73 23.02 22.23 23.01 24.16 25.82 25.92 26.37 25.26 25.27 22.91 20.14 16.80 14.36 10.26 7.61 6.17 0.00 6.33 7.70 10.57 13.02 16.30 19.57 19.30 16.42 11.43 11.30 8.05 9.04 8.61 10.13 10.89 15.83 16.19 18.08 20.38 23.00 23.34 21.53 21.59 19.67 18.95 16.74 15.81 15.04 15.12 15.07 15.82 16.12 17.01 16.32 18.68 19.18 18.00 16.84 19.28 16.96 17.26 17.91 20.55 18.59 19.33 20.02 21.64 21.15 23.08 22.34 22.29 21.51 22.98 20.82 21.11 21.27 21.92 19.70 20.57 20.07 21.07 21.56 19.54 17.35 16.13 14.21 12.10 12.48 11.88 11.74 13.00 15.98 17.77 18.74 17.85 18.34 15.56 15.41 14.37 12.13 11.52 11.35 11.58 11.79 11.27 13.73 14.98 16.96 20.06 21.84 23.10 22.96 22.87 24.26 26.10 25.84 24.48 25.01 24.56 24.91 23.06 23.46 22.30 19.14 17.25 16.26 15.02 14.09 15.49 16.89 17.42 18.61 
19.88 16.92 14.46 13.68 14.38 14.73 15.19 16.81 17.68 18.87 21.06 22.85 22.11 22.96 24.34 26.07 26.04 27.56 26.89 26.03 23.57 21.69 18.57 16.85 11.43 11.09 7.27 6.33 0.00 6.11 7.18 9.93 12.49 14.87 14.48 12.16 9.26 7.71 6.15 7.96 10.25 10.89 12.83 16.79 17.63 18.53 22.12 24.23 24.28 22.73 22.84 20.86 19.63 17.38 16.07 14.54 13.80 14.02 14.26 14.25 15.05 14.98 17.42 17.60 15.58 15.04 17.83 15.42 14.86 16.56 19.17 17.31 17.70 19.02 20.40 19.71 21.35 21.32 20.74 20.37 21.74 20.27 19.82 20.52 20.96 19.45 19.77 19.51 20.44 21.58 19.47 17.11 16.07 14.40 12.27 11.97 11.34 10.96 10.86 13.32 14.85 15.23 13.81 14.51 11.79 11.43 10.07 8.28 8.68 9.04 10.34 9.62 10.46 13.17 15.63 16.48 19.55 20.83 23.23 23.14 23.12 24.63 26.38 25.84 23.81 24.10 23.67 23.52 22.36 22.40 21.47 18.52 16.18 14.31 13.90 12.88 13.62 14.94 16.45 17.62 
21.25 18.46 16.43 15.09 17.00 17.62 18.87 20.37 21.52 21.82 24.43 26.13 25.86 26.11 28.17 29.31 30.16 30.81 30.89 29.63 26.51 25.94 22.60 21.26 15.78 14.74 11.83 7.70 6.11 0.00 6.52 7.65 9.99 12.68 12.87 10.51 7.95 7.16 6.96 8.70 10.28 12.79 15.75 20.65 20.19 20.72 25.00 26.87 27.16 25.13 25.41 23.07 22.44 19.55 18.53 16.87 16.00 15.53 15.63 15.83 17.11 17.06 18.81 19.22 17.71 17.09 19.73 17.44 17.43 18.09 20.38 18.55 18.88 19.90 21.15 20.52 22.18 22.23 21.95 21.40 22.79 21.69 21.70 22.04 22.87 21.80 22.27 21.43 22.53 23.26 21.84 19.13 18.25 16.63 13.86 12.69 12.33 10.63 10.55 12.89 14.35 15.32 13.27 14.40 11.19 10.90 10.58 9.98 10.57 10.99 12.12 13.36 13.53 16.09 17.62 19.44 21.66 22.67 24.75 24.88 24.89 25.99 27.82 27.16 25.77 26.11 26.01 25.88 24.14 23.96 23.24 19.68 17.69 15.95 15.68 14.03 15.44 16.29 17.61 19.17 
22.92 20.37 18.72 17.69 18.76 20.05 21.44 23.04 23.87 24.39 26.90 29.10 28.28 28.74 30.03 31.91 32.07 33.16 32.99 33.18 30.25 28.88 25.78 24.81 18.78 17.93 13.31 10.57 7.18 6.52 1.31 6.04 7.27 9.86 11.21 9.04 7.70 7.06 8.58 10.75 12.68 15.74 19.04 23.18 23.95 24.85 27.80 29.26 29.60 27.47 27.12 24.48 23.65 21.13 20.00 18.60 17.39 16.94 16.42 17.28 17.87 17.73 18.85 19.61 18.67 17.68 19.15 17.75 17.53 17.99 20.17 18.39 18.66 19.58 21.26 20.78 22.38 22.32 22.40 22.10 23.01 22.17 22.52 23.09 23.52 22.72 23.77 22.88 24.36 25.67 24.36 21.64 21.15 19.17 16.32 14.90 13.41 12.21 10.22 11.86 12.96 13.57 11.28 11.79 8.96 9.63 9.59 9.46 10.37 12.06 13.58 14.39 15.73 17.28 18.73 20.11 23.54 24.20 26.03 25.94 26.10 27.25 28.67 28.06 26.33 27.15 26.89 26.39 24.66 24.59 24.02 20.46 17.31 15.61 14.95 15.04 15.23 15.85 17.50 18.96 
23.25 21.37 20.06 19.15 20.08 21.15 23.20 24.65 25.54 25.89 28.87 30.36 29.86 29.95 31.77 33.18 34.05 34.20 34.64 33.90 32.52 29.84 26.78 26.36 21.90 20.15 16.11 13.02 9.93 7.65 6.04 0.00 5.84 7.25 8.53 8.37 7.60 8.52 9.79 14.11 15.56 18.97 21.88 26.12 26.44 26.85 30.14 31.39 31.51 29.51 29.66 27.02 26.30 23.96 22.77 21.11 20.15 19.49 19.39 19.46 20.04 19.45 21.03 21.42 19.99 19.09 21.57 19.24 19.17 20.21 22.74 20.60 20.62 21.78 23.20 22.75 23.97 24.22 23.93 23.86 24.89 23.61 24.05 24.93 25.36 24.06 25.05 24.89 26.40 27.54 25.76 23.91 23.43 21.17 17.92 16.86 15.75 13.22 11.53 13.21 13.54 13.56 11.01 12.72 10.98 11.45 12.08 12.65 13.85 15.52 17.33 18.70 18.72 20.75 21.68 22.91 26.00 26.97 28.69 28.85 28.32 29.80 31.25 30.45 28.61 28.92 28.92 28.85 26.78 26.84 25.95 22.43 20.36 18.10 17.27 16.15 16.46 17.56 18.21 19.72 
23.69 22.39 21.58 20.82 21.39 22.90 24.87 26.19 27.04 27.69 29.93 31.56 30.63 30.82 32.02 33.57 34.44 35.32 36.04 35.86 34.08 32.37 29.45 28.93 24.10 22.18 18.69 16.30 12.49 9.99 7.27 5.84 0.95 5.19 7.26 7.90 9.22 10.18 12.62 15.73 18.89 21.42 25.03 28.86 28.11 29.49 33.12 33.54 33.34 31.46 32.09 29.56 28.63 26.53 24.96 23.47 22.10 21.87 21.44 21.11 20.85 21.08 23.22 22.78 20.81 20.93 24.02 21.44 21.16 22.64 25.48 22.81 22.97 23.92 25.19 23.72 25.87 25.58 25.42 25.07 26.66 25.22 25.58 26.14 27.31 25.42 26.72 26.08 28.77 29.36 28.02 25.74 25.43 23.09 20.87 19.58 18.42 15.81 13.48 13.97 13.74 12.21 10.59 12.49 11.58 12.94 14.49 15.26 16.76 18.73 21.13 21.75 22.16 23.08 25.34 25.75 28.64 28.94 31.18 30.33 30.40 31.21 33.53 32.20 29.99 29.97 30.03 29.62 28.36 28.61 27.46 24.57 22.15 19.88 19.23 18.10 18.11 18.43 20.06 20.43 
25.58 24.83 23.71 23.36 24.72 26.61 27.78 29.57 29.76 30.76 32.62 34.58 33.23 33.94 34.99 36.56 37.15 38.53 38.72 38.42 36.58 34.65 32.38 32.01 26.52 24.85 21.44 19.57 14.87 12.68 9.86 7.25 5.19 0.00 5.72 7.29 9.86 12.06 14.79 18.71 20.54 24.42 28.03 32.14 31.63 32.70 35.24 37.03 36.31 34.31 33.79 31.70 30.14 27.97 26.84 25.49 24.01 23.10 23.41 23.35 23.86 24.38 25.82 25.75 24.23 24.44 26.43 24.45 24.37 25.48 27.69 25.50 25.21 26.43 27.27 26.36 27.79 28.20 28.03 27.51 28.50 27.81 27.91 28.58 29.26 28.52 29.40 29.26 31.25 32.18 31.03 28.69 28.32 26.35 23.69 22.46 20.53 18.47 15.97 16.27 15.47 14.92 13.21 15.15 14.46 16.34 17.89 18.86 20.90 22.67 24.28 25.12 25.37 26.70 28.16 28.84 31.39 32.04 33.67 33.44 32.70 34.06 35.49 34.82 32.36 33.04 32.73 33.20 31.00 30.79 30.08 26.63 24.78 21.91 21.63 20.03 20.19 19.67 21.65 22.18 
26.73 25.36 24.44 23.63 25.29 26.85 27.89 29.42 29.62 30.78 33.00 35.05 33.75 34.27 35.32 37.12 37.61 38.53 39.47 39.30 37.03 35.43 32.53 31.71 26.46 25.12 21.94 19.30 14.48 12.87 11.21 8.53 7.26 5.72 1.12 6.24 8.51 11.19 14.15 17.29 21.20 24.40 27.39 31.78 31.65 33.28 35.66 36.82 36.45 34.00 32.86 30.40 28.56 26.40 25.40 23.87 22.12 21.97 22.61 23.37 24.08 24.18 25.83 26.32 25.35 24.26 25.75 24.15 24.46 24.86 26.81 24.55 24.70 25.41 26.79 25.60 27.00 27.15 27.89 27.11 27.68 26.92 27.63 28.07 28.82 28.09 29.96 29.24 31.16 32.30 31.17 28.57 28.10 26.13 23.64 22.14 20.03 17.85 15.15 15.37 15.51 14.99 13.49 15.45 14.29 16.23 18.12 19.06 20.88 22.61 24.35 24.39 25.76 26.43 28.05 28.72 31.64 31.93 33.41 32.53 32.74 33.42 34.95 33.86 32.00 32.43 32.70 32.37 30.83 31.05 30.13 27.14 24.37 22.39 22.08 21.23 21.46 20.83 22.63 22.50 
23.67 22.38 20.89 20.67 21.59 23.27 24.10 26.13 26.25 27.44 29.43 31.79 30.17 31.00 32.54 33.97 34.34 35.22 35.72 35.40 33.31 31.26 28.16 27.34 23.18 21.57 17.93 16.42 12.16 10.51 9.04 8.37 7.90 7.29 6.24 0.00 6.31 8.09 10.35 14.00 17.16 20.79 23.57 28.34 28.13 29.48 32.23 33.12 32.34 30.31 29.83 26.84 25.35 22.74 21.96 20.00 18.94 19.21 20.22 20.73 21.61 21.45 23.84 24.35 22.78 21.83 23.90 22.25 22.13 22.65 24.76 22.27 22.54 23.39 24.44 23.31 24.67 24.89 25.16 24.48 25.60 24.47 24.91 25.85 26.31 25.32 26.75 26.55 28.26 29.54 27.87 25.38 24.53 22.64 20.03 17.57 16.01 13.66 11.68 12.40 12.62 12.18 10.73 12.59 11.90 14.12 15.38 16.20 17.56 19.15 21.09 21.31 22.31 22.99 24.11 25.24 28.08 28.28 29.69 29.53 29.65 30.33 32.11 31.32 29.91 29.80 30.41 30.57 28.50 28.54 28.17 24.97 23.23 20.73 20.01 20.00 20.20 20.40 20.69 21.89 
20.18 18.21 16.29 16.47 17.22 17.52 18.83 20.49 21.58 22.34 23.80 26.09 25.54 26.11 27.34 29.03 29.26 30.18 30.72 30.59 27.80 25.59 22.57 22.42 18.44 16.26 12.73 11.43 9.26 7.95 7.70 7.60 9.22 9.86 8.51 6.31 0.00 6.25 8.06 10.68 12.74 16.50 19.68 22.91 23.18 24.34 27.50 28.35 27.38 25.89 25.80 23.35 22.02 19.62 18.14 16.14 15.38 16.13 16.91 17.09 17.55 18.40 20.82 20.98 19.19 18.51 21.37 19.38 18.86 19.69 22.14 19.72 19.85 20.58 22.11 20.69 22.22 22.02 22.30 21.83 22.78 21.34 22.03 22.06 22.69 21.51 22.49 21.92 23.57 24.60 23.04 20.56 20.35 18.37 16.11 13.58 11.57 9.85 8.39 8.84 9.64 9.27 7.85 9.18 8.86 10.64 12.09 12.28 13.87 15.06 16.77 17.29 18.38 18.56 19.71 21.09 23.59 23.97 25.73 25.72 26.11 26.67 28.72 28.27 26.46 26.41 26.79 26.68 24.61 25.40 24.50 22.22 20.22 18.78 17.93 17.72 18.30 19.01 19.94 21.03 
21.11 18.73 16.46 16.11 17.20 17.63 18.39 20.37 21.21 22.10 23.76 25.91 25.08 25.70 27.21 28.70 29.31 29.92 30.09 29.57 27.26 24.87 22.23 22.28 17.80 15.84 11.70 11.30 7.71 7.16 7.06 8.52 10.18 12.06 11.19 8.09 6.25 0.00 6.37 7.27 11.37 14.89 17.25 21.39 21.05 23.27 25.67 27.00 26.30 25.16 24.57 22.08 21.20 18.41 17.86 15.99 15.51 16.28 18.13 18.02 19.03 19.47 21.10 21.09 19.73 19.12 21.13 19.41 19.21 19.74 22.16 19.83 19.84 20.60 22.25 21.29 22.32 22.00 22.29 21.43 22.13 20.97 21.43 21.49 21.85 21.35 22.30 21.54 22.41 24.30 22.51 19.96 18.38 16.66 13.87 11.73 10.29 8.40 8.24 9.94 11.40 12.16 11.34 12.52 10.52 11.60 13.11 12.55 14.12 14.62 16.35 17.05 17.91 18.22 19.27 20.80 23.86 24.23 26.29 25.90 26.30 26.65 29.04 28.42 26.91 26.91 27.45 27.44 25.38 25.32 24.70 21.87 20.43 18.93 18.25 17.69 18.08 19.07 19.69 21.61 
21.47 18.47 15.46 14.89 16.27 15.96 16.57 18.05 18.94 19.76 22.09 23.83 22.90 23.64 25.15 26.83 27.30 27.46 27.90 27.31 24.96 22.60 19.68 18.26 14.96 12.71 9.88 8.05 6.15 6.96 8.58 9.79 12.62 14.79 14.15 10.35 8.06 6.37 0.00 6.14 6.48 11.27 12.80 16.85 17.11 19.75 22.54 23.57 22.59 21.45 20.97 19.03 17.40 15.33 14.53 13.66 13.69 14.78 16.63 17.40 18.69 18.77 20.33 20.39 19.46 18.35 19.99 18.20 18.34 18.29 19.88 17.65 17.97 18.59 20.62 19.58 20.89 20.33 20.98 19.97 20.61 19.13 19.86 19.55 19.87 19.05 19.96 18.93 20.18 21.62 20.43 17.07 15.62 14.00 11.96 10.96 9.34 8.21 8.27 10.68 12.53 13.82 12.63 13.14 10.71 11.73 11.62 10.97 12.60 13.63 14.74 14.63 15.74 16.36 17.24 18.64 22.01 22.99 24.85 24.54 24.91 25.95 28.10 27.42 25.55 25.83 26.52 25.93 23.82 23.78 23.30 21.10 19.11 17.30 16.53 16.77 17.10 17.51 18.74 20.50 
21.89 19.43 16.31 15.16 15.70 15.20 15.35 17.30 18.41 19.26 20.94 23.29 21.82 22.55 23.44 25.12 25.27 26.13 26.43 26.01 23.74 21.60 17.31 16.95 12.89 11.54 8.10 9.04 7.96 8.70 10.75 14.11 15.73 18.71 17.29 14.00 10.68 7.27 6.14 0.74 5.72 7.62 9.59 14.32 15.03 17.78 19.88 21.79 21.31 19.96 19.48 17.97 16.55 14.62 14.46 13.97 14.55 16.80 18.02 19.16 19.88 20.22 21.24 21.85 20.02 18.96 20.61 18.89 18.65 18.44 20.21 17.80 18.56 19.00 20.95 19.97 21.73 21.03 21.07 20.06 20.75 19.27 19.60 19.77 19.67 18.69 19.48 18.81 20.02 21.80 19.77 15.68 13.73 11.97 11.11 8.78 8.87 8.63 9.70 13.00 14.98 16.53 15.06 15.70 13.58 14.26 14.52 12.45 13.17 13.64 14.56 14.42 14.70 15.12 16.14 17.81 21.67 22.34 23.96 23.71 24.32 25.43 27.32 26.97 25.76 26.16 26.35 26.42 24.35 24.76 24.16 21.47 19.78 18.38 16.68 17.29 17.56 18.66 18.30 20.79 
21.60 18.73 16.01 14.51 13.87 13.02 12.87 14.22 15.77 16.04 17.73 19.93 18.72 19.27 19.78 21.40 21.60 22.74 22.66 22.89 20.68 17.77 13.61 12.78 10.97 9.00 7.09 8.61 10.25 10.28 12.68 15.56 18.89 20.54 21.20 17.16 12.74 11.37 6.48 5.72 0.59 5.14 5.49 9.43 10.89 12.96 15.53 17.55 17.28 15.93 15.72 14.02 13.23 11.39 11.88 12.12 13.30 15.36 17.26 17.77 18.40 18.37 19.99 20.75 18.87 17.43 19.60 17.86 17.08 16.98 18.94 16.61 17.04 17.78 19.57 19.01 20.77 19.89 19.94 18.82 19.41 17.49 18.18 17.76 17.62 16.19 17.43 16.39 17.87 18.53 16.42 12.04 11.00 9.83 8.29 6.75 7.95 9.26 9.77 13.25 15.87 17.49 16.56 16.29 14.70 15.36 15.56 13.08 11.97 12.02 12.33 11.42 11.76 12.18 13.15 14.51 18.75 19.21 20.98 20.82 21.27 22.43 24.62 24.50 23.43 24.10 24.25 23.94 22.73 23.31 22.96 20.35 18.62 16.38 15.72 15.18 16.38 17.07 17.94 19.84 
22.80 20.45 17.33 16.16 15.61 14.72 14.12 14.84 15.99 16.12 17.83 19.66 18.41 18.99 19.13 20.92 21.22 21.94 21.67 21.93 19.95 16.88 12.37 12.10 9.63 8.81 8.26 10.13 10.89 12.79 15.74 18.97 21.42 24.42 24.40 20.79 16.50 14.89 11.27 7.62 5.14 0.85 4.84 7.24 8.93 11.61 14.26 16.03 16.31 15.03 15.33 13.14 13.06 12.47 13.70 14.57 15.72 17.98 19.70 20.06 20.08 20.62 22.15 22.51 20.46 19.07 20.83 18.94 18.21 17.90 19.86 17.65 17.66 18.44 20.48 19.78 21.37 20.32 20.60 19.42 20.09 18.40 18.86 18.94 18.56 17.22 18.26 17.07 17.59 18.34 16.74 12.42 11.55 9.26 9.19 9.60 11.52 11.36 14.31 17.57 20.43 21.32 20.93 21.04 18.22 18.68 18.69 15.14 13.37 13.44 13.78 12.92 13.10 13.24 13.38 15.19 18.89 19.55 21.24 21.35 21.66 22.57 24.60 24.57 23.74 24.27 24.59 24.94 23.39 23.82 23.16 20.28 18.78 16.64 15.84 15.77 16.53 17.26 17.96 20.26 
24.13 21.24 18.46 16.72 16.36 15.07 14.22 14.75 15.10 14.88 16.59 17.89 16.44 16.53 17.02 18.20 18.94 18.97 19.25 18.73 16.93 12.71 9.16 9.04 8.34 8.48 9.46 10.89 12.83 15.75 19.04 21.88 25.03 28.03 27.39 23.57 19.68 17.25 12.80 9.59 5.49 4.84 0.00 5.43 6.56 9.02 11.50 13.58 14.22 12.99 12.88 10.88 11.52 11.58 13.42 14.13 15.50 17.56 19.70 19.84 20.35 20.62 22.18 22.30 20.47 19.44 20.83 18.62 17.58 17.45 18.88 16.47 16.59 17.50 19.38 18.92 20.39 19.06 19.55 18.77 19.35 17.73 18.46 18.44 17.95 16.36 17.30 15.98 16.32 16.28 14.22 11.00 9.73 9.39 10.34 11.54 12.22 14.33 16.44 19.68 21.75 23.88 22.82 23.77 20.90 21.99 20.40 16.85 14.41 15.22 14.11 12.90 12.68 12.32 12.70 13.47 16.87 17.41 19.65 19.78 20.27 21.26 23.26 23.22 22.39 22.78 23.38 23.58 22.35 22.32 22.44 19.72 17.12 14.58 14.36 15.24 16.29 16.23 17.59 19.18 
26.02 24.23 21.10 19.35 19.55 18.82 17.70 17.71 17.39 16.92 18.23 19.59 17.94 18.12 17.93 19.49 19.37 20.53 20.06 19.82 16.88 14.01 10.00 10.49 9.57 10.98 12.01 15.83 16.79 20.65 23.18 26.12 28.86 32.14 31.78 28.34 22.91 21.39 16.85 14.32 9.43 7.24 5.43 0.00 5.91 7.23 10.06 13.30 14.33 12.52 13.57 12.85 13.92 13.99 16.53 17.52 19.19 21.29 22.56 22.53 22.87 23.01 24.83 24.83 22.88 21.57 23.26 20.56 19.95 19.47 20.58 18.28 18.71 19.65 21.06 20.87 22.04 21.25 21.11 20.14 20.67 19.31 20.32 20.84 19.75 18.50 19.29 18.01 17.41 17.76 15.40 12.02 10.71 10.99 12.63 14.07 15.89 18.07 19.97 22.68 25.14 26.83 26.66 26.99 24.98 24.95 24.02 20.70 18.05 18.04 17.15 15.24 14.28 14.16 13.93 14.77 17.54 18.34 20.46 21.05 21.22 22.66 24.29 25.01 24.33 25.02 25.02 25.69 23.96 24.73 24.10 20.52 18.47 16.98 16.51 16.30 17.44 18.51 18.58 20.24 
26.70 24.59 21.70 19.60 18.95 19.25 18.59 18.27 17.08 16.17 17.05 18.15 16.72 16.38 16.75 17.54 18.01 18.55 18.49 17.42 15.14 12.83 9.93 10.67 10.10 11.84 13.39 16.19 17.63 20.19 23.95 26.44 28.11 31.63 31.65 28.13 23.18 21.05 17.11 15.03 10.89 8.93 6.56 5.91 0.00 4.99 7.17 9.34 11.66 10.22 12.21 11.30 13.30 13.49 16.08 17.35 19.56 22.00 22.87 22.80 22.30 22.59 24.58 24.74 22.35 21.11 22.74 20.63 19.13 18.56 19.72 17.59 17.92 19.04 20.79 20.04 21.68 21.04 21.23 19.73 19.92 18.88 20.00 20.27 19.91 18.12 19.07 17.12 16.63 17.09 15.49 12.21 12.36 12.43 14.18 16.12 17.88 18.96 20.93 23.67 25.73 27.27 26.93 27.21 24.81 24.91 24.17 20.30 17.66 17.39 17.00 14.66 14.12 13.63 13.54 13.92 16.09 16.85 18.70 19.27 19.82 21.00 22.99 23.79 23.18 23.72 24.02 24.21 23.44 23.78 23.43 20.44 17.34 16.12 16.36 15.26 16.24 17.34 18.85 19.73 
26.77 24.57 21.76 20.05 19.48 19.34 18.85 19.07 17.84 16.66 17.64 18.46 16.85 16.36 15.95 17.35 17.68 18.42 17.09 16.45 14.38 12.13 9.51 11.26 10.17 12.67 14.35 18.08 18.53 20.72 24.85 26.85 29.49 32.70 33.28 29.48 24.34 23.27 19.75 17.78 12.96 11.61 9.02 7.23 4.99 0.00 5.48 6.53 8.51 8.77 10.90 9.00 11.44 12.72 15.56 17.07 19.61 21.74 23.27 22.96 23.20 23.18 25.24 24.88 22.64 21.59 23.51 21.01 18.90 18.48 19.60 17.56 17.18 18.56 19.98 19.78 20.82 20.55 20.18 19.33 19.99 18.86 19.53 20.39 20.34 18.88 19.26 17.28 16.42 17.29 15.81 13.54 13.34 13.82 16.03 18.57 19.43 20.35 22.36 25.26 27.04 28.59 28.17 28.82 26.58 26.63 26.29 22.78 20.58 19.92 19.46 17.23 15.76 14.05 13.77 13.24 15.81 15.82 17.15 17.71 18.26 20.28 22.10 23.22 22.49 23.61 23.57 24.36 22.91 22.97 22.35 18.34 16.40 14.82 15.23 14.47 16.02 17.00 18.01 19.85 
28.86 26.72 24.62 22.79 22.28 22.08 21.37 21.85 21.06 19.98 20.59 21.29 19.21 18.21 17.92 18.57 19.29 19.33 17.91 17.33 16.04 14.56 12.77 13.97 14.34 16.56 18.25 20.38 22.12 25.00 27.80 30.14 33.12 35.24 35.66 32.23 27.50 25.67 22.54 19.88 15.53 14.26 11.50 10.06 7.17 5.48 0.89 5.49 7.64 8.24 11.13 9.90 12.53 14.61 18.26 19.34 20.94 24.08 25.41 25.88 26.59 26.18 27.19 27.18 25.19 24.13 25.95 23.06 20.92 20.41 21.73 19.27 19.08 19.69 21.26 21.13 22.42 21.26 21.40 20.87 22.09 20.49 21.33 22.28 22.73 20.74 20.98 19.28 18.05 18.75 17.80 16.13 16.42 17.39 19.44 20.90 22.02 23.47 25.59 28.19 30.42 31.81 31.63 32.29 30.67 31.17 30.58 27.67 25.56 25.02 24.40 21.77 19.50 18.02 16.41 16.10 16.81 16.99 17.51 17.59 18.57 20.57 22.10 23.59 23.24 24.17 24.29 25.14 23.60 23.68 23.31 20.69 16.60 15.10 15.82 16.39 17.26 17.32 19.56 20.20 
28.05 26.83 24.58 23.28 22.64 22.72 22.18 22.65 22.85 21.89 22.68 23.05 20.96 20.28 19.61 20.62 20.61 20.98 20.11 19.16 17.26 16.42 14.26 16.05 15.70 19.17 20.15 23.00 24.23 26.87 29.26 31.39 33.54 37.03 36.82 33.12 28.35 27.00 23.57 21.79 17.55 16.03 13.58 13.30 9.34 6.53 5.49 0.00 5.21 5.80 9.95 10.84 13.42 15.35 18.71 20.19 21.83 24.72 26.61 26.82 27.15 27.12 28.62 28.55 26.09 25.03 26.76 23.75 21.58 20.92 21.79 19.45 19.61 20.25 21.36 20.78 22.28 21.67 21.88 20.73 22.01 20.91 22.17 22.65 23.07 21.41 21.65 19.75 18.83 20.00 18.60 16.66 17.43 18.45 20.31 22.20 23.19 24.77 27.25 29.68 31.95 33.33 32.82 33.60 31.83 31.71 31.53 29.11 27.24 26.34 25.34 22.72 20.41 18.74 17.68 16.20 17.17 17.52 17.74 17.50 18.46 20.83 22.43 23.69 23.96 25.17 24.44 25.61 24.06 23.91 23.55 20.32 18.17 16.88 17.02 17.53 18.62 19.54 20.35 21.48 
