1.58 5.49 7.74 9.57 12.10 14.74 18.85 20.81 23.72 26.25 30.30 32.11 33.21 32.15 31.01 29.77 27.22 24.89 23.03 21.02 21.32 20.05 19.74 20.07 23.35 24.74 25.57 24.87 27.23 28.67 29.85 28.51 27.79 26.94 26.57 25.55 24.41 23.88 23.61 23.07 22.05 21.99 21.37 21.45 20.08 19.57 18.38 19.12 18.05 16.87 15.91 16.05 17.58 17.86 20.62 22.45 24.67 26.43 28.87 29.99 30.95 31.22 31.78 31.14 30.03 29.23 27.57 25.77 24.95 23.43 21.18 18.64 18.56 18.04 16.08 16.27 16.70 17.62 18.81 20.97 23.40 25.47 27.85 29.54 30.85 32.26 33.94 33.57 31.03 30.44 30.87 29.81 27.29 27.84 26.86 24.43 23.43 24.37 22.40 20.52 20.69 21.00 19.16 17.81 17.13 17.81 18.06 17.16 18.25 19.88 22.43 23.70 25.62 28.00 30.44 32.11 33.43 34.43 36.56 38.19 38.23 37.94 37.88 37.82 36.45 36.23 34.27 33.98 34.56 34.30 32.46 30.50 31.56 31.15 29.15 26.83 27.97 27.78 27.67 26.35 25.55 25.50 25.47 25.44 25.80 26.53 27.41 28.53 29.69 30.11 30.65 30.98 29.11 27.71 27.90 26.69 22.95 21.72 22.69 20.67 17.80 17.06 19.74 19.84 18.38 19.15 21.94 22.04 
5.49 0.00 3.43 5.75 9.81 12.48 15.38 18.44 22.13 24.80 28.66 30.45 32.05 30.14 29.55 28.02 24.90 21.94 20.04 18.14 18.06 17.57 16.92 16.77 20.28 22.48 23.87 22.71 25.33 26.89 28.16 26.68 25.92 25.06 24.09 23.15 21.92 21.21 20.46 20.39 18.94 19.10 18.03 18.82 17.31 17.64 16.41 17.66 16.50 13.88 13.27 13.13 14.88 14.98 17.00 19.37 22.54 24.22 26.56 27.59 28.73 28.91 29.94 29.04 27.74 27.36 25.74 23.64 22.76 22.15 18.88 16.84 17.12 16.26 13.17 13.64 13.67 15.42 16.27 18.87 21.25 23.53 25.85 27.42 28.50 30.08 32.26 31.78 28.18 27.63 29.17 27.61 24.24 25.19 25.38 22.21 21.02 22.40 20.86 18.47 19.15 19.81 17.79 16.11 15.23 15.77 15.58 15.02 15.77 17.46 19.59 21.40 23.67 26.17 28.51 29.95 31.16 32.38 34.32 36.32 36.12 35.62 35.57 35.75 34.09 33.83 31.38 31.62 32.27 32.37 30.39 28.53 29.98 29.85 27.53 25.78 27.39 26.57 26.05 24.97 24.14 23.38 22.92 23.25 24.26 24.79 25.52 26.43 28.04 27.86 28.57 28.89 27.28 24.75 25.71 24.37 20.66 18.16 20.19 17.68 15.08 14.45 17.82 17.12 15.52 17.38 20.30 21.44 
7.74 3.43 0.00 3.89 7.43 10.47 12.98 16.01 19.32 22.38 26.08 27.28 28.40 27.61 27.00 25.50 21.66 18.88 17.77 15.37 15.01 14.56 14.73 14.56 17.97 20.93 23.01 21.58 23.80 25.24 26.20 24.12 23.25 21.73 20.88 19.21 18.30 17.23 16.50 16.08 14.60 15.33 14.32 15.91 15.34 16.36 15.69 17.17 15.93 13.81 11.97 10.97 12.69 12.44 13.77 15.80 19.62 21.11 23.85 24.55 25.46 26.07 27.68 26.50 24.39 24.24 23.02 20.95 19.84 18.97 16.94 15.13 14.88 14.15 11.04 11.31 11.27 13.09 13.83 16.57 18.40 20.65 23.68 24.69 25.54 27.59 30.37 29.54 24.89 24.63 26.53 24.58 20.69 22.25 23.07 19.88 17.98 19.58 18.66 16.27 16.64 18.00 16.50 14.39 14.30 14.32 14.18 12.54 13.91 15.08 16.57 18.09 20.91 22.95 25.38 26.27 27.79 28.95 31.75 33.38 33.68 32.98 33.05 33.03 31.48 31.17 29.02 29.03 30.03 30.27 28.98 27.04 28.93 28.51 26.95 25.43 27.83 26.59 25.23 24.35 23.91 22.36 20.84 20.54 21.99 22.51 22.91 23.56 24.92 25.29 26.02 26.18 23.66 21.80 23.21 22.37 18.24 16.13 18.07 16.92 14.06 13.03 15.81 16.16 16.15 17.68 19.91 21.27 
9.57 5.75 3.89 0.00 5.46 7.36 10.86 13.03 17.05 19.60 23.73 25.41 25.56 25.60 24.32 23.93 20.04 17.24 15.26 13.14 12.64 11.92 12.46 12.56 15.76 18.44 20.46 19.31 21.14 22.90 23.44 21.70 20.35 19.62 18.09 16.84 15.35 14.33 13.23 12.44 11.81 12.45 12.31 13.68 13.71 14.90 14.38 16.41 16.15 14.06 11.64 9.50 11.17 10.45 11.93 12.81 15.26 18.11 20.20 21.44 21.94 23.42 24.25 24.18 22.16 22.11 20.82 19.84 17.97 17.07 15.14 14.05 13.66 12.12 8.84 9.01 9.52 11.08 11.84 13.79 15.63 18.23 20.47 22.29 22.83 25.15 27.08 26.80 22.18 22.68 23.80 22.60 18.76 20.22 20.48 17.53 15.77 17.43 16.28 13.39 14.61 15.76 15.29 13.56 13.69 13.80 13.31 11.76 13.19 14.04 14.98 16.46 18.49 20.60 22.08 23.73 24.86 25.68 27.89 30.52 30.82 29.86 29.55 30.24 29.01 28.84 26.33 27.15 27.95 28.33 26.51 25.43 27.19 26.99 24.75 23.89 26.33 25.12 23.40 22.65 22.04 20.47 18.69 18.59 19.67 19.97 20.17 21.52 22.70 23.10 23.75 23.94 21.62 20.26 21.52 20.22 15.49 13.56 15.88 13.44 11.61 9.99 14.69 13.75 13.89 16.34 19.41 22.00 
12.10 9.81 7.43 5.46 0.00 5.52 6.98 11.38 13.61 17.01 21.30 23.17 23.28 22.86 21.39 21.07 18.55 16.15 14.96 12.74 13.41 12.61 12.63 12.96 16.33 18.50 18.91 17.62 20.55 22.37 22.96 21.35 20.72 19.14 18.49 17.08 15.69 14.33 13.81 13.22 12.41 12.80 12.76 14.05 13.64 14.50 14.99 17.61 18.57 15.93 13.24 10.80 10.42 9.89 11.30 11.73 12.50 15.45 18.16 19.60 19.81 20.87 21.06 21.34 19.90 19.42 17.87 16.18 15.19 14.03 12.95 11.83 12.58 12.04 10.07 10.01 9.38 10.32 10.63 12.47 14.27 16.77 18.56 20.87 21.67 24.31 25.10 24.78 21.32 21.37 22.47 21.35 18.84 20.31 18.99 15.61 15.40 17.08 14.78 11.75 13.27 14.91 14.02 13.14 13.94 14.35 13.49 10.77 10.45 11.23 12.28 12.91 14.16 16.88 19.00 20.57 21.92 22.02 24.74 27.57 28.46 27.54 28.09 28.94 28.29 28.15 26.04 26.30 27.56 27.89 25.97 23.92 26.32 26.19 23.83 21.61 24.60 24.26 23.24 21.34 19.85 18.86 17.79 17.52 17.67 18.21 18.46 20.11 21.81 22.31 22.10 22.70 21.03 19.27 20.67 18.49 14.47 13.25 16.10 14.50 10.89 11.72 16.07 14.51 11.18 13.04 17.58 19.21 
14.74 12.48 10.47 7.36 5.52 0.00 6.00 6.92 11.45 13.99 18.16 20.36 20.35 19.96 18.08 17.30 14.31 12.98 11.24 9.57 10.83 10.15 10.96 11.42 15.07 17.28 17.88 16.62 19.30 21.06 21.53 20.23 19.75 18.29 16.32 14.53 13.76 12.55 12.16 11.68 11.45 12.86 13.53 15.24 14.34 16.29 16.51 19.81 19.78 17.33 14.87 12.58 11.35 9.31 10.29 10.72 12.18 13.62 15.13 17.51 18.43 19.49 19.48 19.49 18.04 17.96 16.17 14.65 14.17 14.46 12.43 10.75 12.13 13.07 8.96 9.51 8.33 9.56 10.19 11.25 12.30 14.76 16.16 18.23 19.45 22.06 23.34 22.77 18.53 19.43 21.45 18.87 16.80 18.87 18.47 14.20 14.17 16.06 14.29 10.84 12.99 14.74 13.99 13.50 14.44 14.97 13.53 11.00 10.46 9.94 10.54 11.22 12.66 15.09 16.30 18.29 19.52 20.20 21.97 25.35 26.21 25.66 25.74 27.16 26.21 26.42 23.78 24.77 26.04 26.66 24.64 22.95 25.58 25.75 23.35 21.86 25.08 24.61 23.32 22.14 20.24 19.05 16.78 17.11 16.96 17.33 16.46 18.37 20.54 21.06 20.56 21.38 19.64 17.13 18.38 16.47 12.69 11.41 14.56 12.59 9.47 10.87 15.84 14.56 10.78 13.71 17.47 18.99 
18.85 15.38 12.98 10.86 6.98 6.00 0.00 5.82 7.04 10.70 13.91 16.44 17.01 16.30 15.79 14.96 13.49 11.41 11.10 8.60 11.21 10.99 12.45 12.49 16.52 18.05 18.87 17.08 19.59 21.02 20.88 18.92 18.51 16.06 14.41 12.43 11.60 10.16 10.54 10.76 10.81 13.37 14.99 16.88 16.61 19.19 19.45 23.01 22.82 20.28 18.05 14.49 12.92 11.50 10.55 10.09 11.69 12.43 13.16 15.25 17.38 17.18 17.52 17.58 16.38 15.87 14.42 12.45 12.53 12.51 10.96 9.82 11.98 12.19 8.49 9.65 9.39 8.90 8.96 10.93 11.76 13.15 14.54 16.38 18.04 19.96 21.22 20.56 17.14 16.82 18.52 15.41 14.15 16.56 15.96 12.10 12.65 15.22 13.26 10.90 12.98 15.88 14.55 14.28 16.30 16.65 15.27 11.75 11.25 10.81 10.73 10.80 12.46 13.90 15.00 16.40 18.09 18.37 20.63 23.67 25.07 24.47 24.83 25.80 25.17 25.32 23.08 23.73 25.29 25.95 24.42 22.75 25.17 25.60 23.52 22.43 26.04 25.35 23.64 22.60 21.84 19.51 17.02 16.24 16.87 16.30 15.65 16.91 19.12 19.53 19.63 19.87 18.38 15.70 17.68 16.23 12.33 10.90 13.77 13.39 10.65 11.76 15.44 14.28 12.31 13.95 16.99 19.03 
20.81 18.44 16.01 13.03 11.38 6.92 5.82 0.00 5.77 6.17 10.88 12.49 13.91 12.89 11.77 12.16 10.98 9.18 8.04 6.60 10.00 11.72 12.77 12.95 15.90 18.44 18.38 16.73 18.86 20.17 19.68 17.59 17.33 14.37 12.99 10.99 10.80 9.80 10.59 11.07 12.20 14.85 16.74 18.78 18.46 21.07 21.67 24.87 24.67 22.53 19.83 16.55 14.38 12.97 12.09 9.51 10.16 11.10 11.97 12.69 14.47 15.23 15.14 15.23 14.12 13.30 13.00 11.89 11.97 12.09 12.24 11.45 13.27 13.89 11.49 12.37 10.97 10.61 9.50 10.35 10.98 12.16 13.20 14.49 16.46 18.59 19.37 19.60 15.26 14.95 16.49 13.81 12.84 14.69 14.40 10.41 11.82 13.79 13.76 10.88 14.17 16.70 16.87 16.41 17.59 18.24 17.11 13.56 12.28 11.55 11.50 11.03 11.71 12.68 13.62 15.24 16.73 17.36 18.90 22.57 23.36 22.77 22.64 23.88 23.30 23.82 21.59 23.22 24.57 25.45 23.69 22.45 25.20 25.70 23.28 22.60 26.22 25.87 23.85 22.96 21.68 20.03 17.49 16.54 16.38 15.78 15.06 16.10 18.19 18.61 18.59 18.62 17.06 14.49 16.39 15.27 11.30 9.54 13.68 13.17 12.16 12.73 17.33 17.14 14.87 16.57 18.84 21.35 
23.72 22.13 19.32 17.05 13.61 11.45 7.04 5.77 1.65 5.10 7.05 10.05 10.80 10.87 9.29 10.71 10.38 9.65 9.69 10.02 12.51 13.99 15.49 15.08 17.25 19.01 18.75 16.39 18.55 19.26 18.86 16.95 16.51 13.66 12.35 11.46 11.54 11.33 12.13 13.31 15.02 17.70 18.79 21.52 20.99 23.91 24.30 27.51 27.56 25.33 22.71 19.49 17.58 15.36 14.76 11.84 10.39 10.14 10.76 10.91 12.75 12.45 12.30 12.57 12.15 12.61 11.93 12.24 12.92 14.28 14.14 14.51 16.24 17.74 15.65 15.28 13.55 13.46 12.24 11.25 10.99 11.82 13.06 13.44 14.18 15.84 17.32 16.74 13.20 12.80 13.55 12.49 10.59 13.38 12.61 9.74 11.30 15.11 13.79 11.95 15.22 19.06 18.96 18.84 20.28 21.19 20.03 16.24 15.04 14.02 13.47 12.03 11.24 11.87 12.59 13.28 15.12 15.26 17.47 21.15 21.67 21.12 20.94 22.60 21.93 22.76 20.68 22.39 23.86 25.04 23.46 22.74 25.62 26.32 23.56 23.16 26.86 26.88 25.41 24.53 22.88 21.05 19.01 17.46 16.31 16.09 15.24 15.66 17.41 17.28 17.41 17.86 16.10 13.91 15.61 15.60 12.03 11.15 14.48 14.86 14.19 14.84 18.32 17.99 18.46 19.16 22.15 23.50 
26.25 24.80 22.38 19.60 17.01 13.99 10.70 6.17 5.10 1.20 5.34 6.20 8.50 8.65 7.69 8.24 8.97 9.79 10.24 11.18 13.56 15.75 16.64 16.88 18.02 19.79 19.04 17.03 18.50 19.55 18.59 17.07 16.38 13.72 12.26 11.46 12.08 12.50 13.45 15.59 17.21 19.96 21.23 23.41 23.37 25.84 26.47 29.44 29.56 27.17 25.36 22.14 20.21 17.42 16.69 13.90 11.46 10.32 10.80 10.97 12.01 12.04 12.26 12.74 11.92 13.74 13.24 13.54 13.90 16.09 16.03 16.34 18.28 19.53 16.96 17.33 14.67 14.15 13.25 11.94 10.94 11.19 11.42 11.93 12.71 14.41 16.20 15.39 11.08 11.55 13.47 9.05 10.35 13.29 13.59 10.03 12.81 15.80 15.48 14.02 17.62 20.87 20.72 20.53 22.22 22.68 21.72 18.32 16.83 15.52 14.31 12.28 11.46 11.24 11.49 12.06 13.54 14.22 16.08 20.31 21.13 20.39 21.27 22.55 21.68 22.48 20.61 22.03 23.71 24.75 23.56 22.27 25.57 26.26 23.91 23.47 27.59 27.22 26.02 25.22 23.74 21.99 19.53 18.44 17.07 15.92 14.33 15.31 16.95 16.80 16.38 17.27 15.39 13.41 15.75 15.42 11.95 11.84 15.48 15.47 14.55 15.23 20.01 19.48 18.96 19.66 22.89 24.43 
30.30 28.66 26.08 23.73 21.30 18.16 13.91 10.88 7.05 5.34 2.46 5.62 7.15 8.60 9.72 11.25 11.54 12.45 13.63 13.85 16.56 18.56 19.57 19.24 20.47 21.52 21.33 18.34 20.09 20.08 19.50 17.28 16.92 14.23 13.27 13.10 14.03 14.32 16.31 18.78 20.47 23.20 24.64 27.27 27.14 29.28 29.66 33.06 33.16 31.13 29.12 25.68 22.57 20.64 20.06 16.26 13.92 12.22 12.29 11.67 12.80 11.78 13.13 13.56 12.68 14.43 14.77 14.98 14.73 17.65 18.78 19.36 20.53 22.26 19.88 20.13 18.21 17.00 15.65 14.58 13.04 12.40 12.04 12.13 12.75 13.87 14.44 12.49 8.96 10.80 10.13 6.23 8.69 14.12 11.95 9.10 13.03 17.64 16.74 16.11 19.50 23.08 23.20 23.06 24.82 25.49 24.81 21.26 19.78 18.45 17.42 14.90 13.36 12.92 13.14 13.52 14.58 15.03 17.41 21.21 22.22 22.34 23.09 24.47 23.06 24.45 22.34 23.69 24.91 26.39 25.02 23.82 26.39 27.53 25.40 25.31 29.62 29.35 27.85 27.33 26.14 24.08 21.63 20.25 18.92 17.83 16.32 16.79 18.28 18.19 18.38 18.82 16.64 14.87 17.17 17.50 14.68 14.74 18.19 18.18 17.43 18.58 21.83 21.30 21.68 21.76 25.44 25.59 
32.11 30.45 27.28 25.41 23.17 20.36 16.44 12.49 10.05 6.20 5.62 0.00 4.75 5.99 7.86 10.63 12.14 11.81 13.31 14.27 16.88 19.33 20.67 20.27 21.12 22.20 21.77 18.51 19.65 20.02 18.91 16.66 16.33 13.26 12.52 13.42 14.94 15.28 17.59 19.92 21.67 23.81 25.89 28.13 28.11 30.27 30.70 33.69 34.15 32.04 30.10 26.97 24.47 21.90 20.82 17.30 14.71 13.05 12.09 11.37 11.54 11.11 12.23 13.89 12.98 14.40 15.68 16.37 16.51 18.92 20.39 20.72 21.93 23.73 21.75 22.41 19.82 18.93 17.56 16.27 14.30 14.19 13.25 13.20 13.61 14.70 15.67 14.71 10.75 11.66 13.22 10.39 10.62 15.05 15.62 12.70 15.50 19.59 19.16 18.55 21.72 24.80 24.81 24.60 26.04 26.86 25.96 23.03 21.39 20.10 18.76 16.78 14.93 14.55 14.41 14.77 15.71 16.18 17.94 21.94 22.49 22.78 23.08 24.89 23.92 25.21 22.84 24.79 26.33 27.06 25.83 24.93 27.83 28.60 26.41 26.30 30.40 30.03 28.61 28.03 26.90 24.96 22.85 21.54 20.10 19.20 17.88 18.22 19.54 19.33 19.16 19.74 18.28 16.36 18.62 19.06 16.52 16.53 19.54 20.19 19.67 20.16 23.19 24.00 22.82 25.14 26.01 27.08 
33.21 32.05 28.40 25.56 23.28 20.35 17.01 13.91 10.80 8.50 7.15 4.75 0.00 4.79 6.36 9.15 10.81 12.48 14.13 15.57 17.95 19.87 20.98 21.18 22.07 23.03 22.64 18.07 19.65 19.80 19.32 16.38 16.54 13.95 13.88 14.43 16.04 16.99 19.00 20.64 22.09 24.28 26.08 28.39 28.25 30.16 30.52 33.16 34.17 31.90 29.22 26.11 24.28 21.82 20.24 16.91 15.08 12.59 12.30 11.52 12.77 13.13 13.66 14.97 15.15 16.67 17.07 17.81 18.97 20.21 21.32 21.61 23.20 24.26 22.44 22.32 20.68 19.34 18.09 16.93 14.69 14.30 13.31 13.28 13.18 14.58 15.16 14.91 10.69 11.72 13.68 12.18 11.04 15.34 16.34 14.21 15.85 20.04 20.59 19.44 22.48 25.56 25.73 25.46 27.25 27.76 26.21 22.86 21.64 20.36 18.39 16.69 15.50 14.63 13.76 14.48 15.20 15.30 16.93 21.26 21.74 21.64 21.87 24.32 23.78 24.83 22.50 24.72 26.25 27.49 25.72 25.17 28.00 29.09 26.46 26.35 30.74 30.46 28.92 28.25 27.03 25.17 23.08 21.40 20.23 19.68 18.78 19.25 20.43 19.97 19.53 20.60 18.89 17.00 19.26 20.00 17.32 16.83 20.58 20.72 19.06 20.05 23.58 22.80 22.50 23.50 26.33 27.14 
32.15 30.14 27.61 25.60 22.86 19.96 16.30 12.89 10.87 8.65 8.60 5.99 4.79 0.00 4.85 6.72 8.56 10.34 12.23 14.45 16.80 19.50 20.34 20.09 21.33 22.31 21.34 17.17 18.45 19.61 18.38 15.81 15.71 13.97 13.70 14.35 15.66 17.13 18.65 20.03 21.88 23.78 25.36 27.49 27.17 29.25 29.51 32.32 32.90 30.60 28.04 25.31 23.23 20.36 19.00 15.79 13.48 11.62 11.62 11.59 13.29 14.49 14.81 15.58 15.10 17.20 17.15 17.82 18.41 20.40 20.86 21.37 22.60 23.90 21.62 22.28 19.46 18.37 16.60 15.83 12.12 12.93 11.54 12.32 12.36 14.46 15.45 14.79 10.49 12.79 14.84 13.06 12.51 16.68 16.57 14.83 16.27 20.57 20.32 19.77 22.56 25.46 25.17 24.83 26.51 27.07 25.41 22.34 21.15 19.74 17.71 15.77 14.36 13.66 12.36 13.22 15.00 14.75 16.54 21.32 21.44 21.47 21.87 24.27 23.15 24.71 22.38 24.15 25.56 26.93 25.12 24.26 27.19 28.25 25.91 25.62 29.67 29.33 28.08 27.33 26.32 24.18 22.04 20.59 19.58 18.16 17.24 17.39 19.45 18.12 17.75 18.74 17.55 14.59 17.90 18.50 15.95 15.96 19.52 19.89 18.78 19.37 22.96 23.44 21.98 23.83 25.14 26.60 
31.01 29.55 27.00 24.32 21.39 18.08 15.79 11.77 9.29 7.69 9.72 7.86 6.36 4.85 0.00 5.46 6.62 8.95 11.14 13.43 16.49 18.45 19.50 20.20 20.94 22.35 21.48 17.73 18.71 18.62 18.00 15.58 15.77 13.48 13.43 14.17 15.30 16.49 18.32 19.92 21.71 23.99 25.55 27.66 27.70 29.47 29.82 32.49 32.99 30.42 27.93 24.71 22.40 19.15 18.12 15.02 12.63 10.57 11.60 12.06 13.76 14.55 15.12 15.75 14.80 17.03 17.04 17.33 17.95 19.91 20.96 20.93 22.42 23.33 21.60 21.13 19.18 18.01 15.99 14.47 11.36 12.32 11.48 12.37 13.05 15.70 15.44 16.29 12.53 14.10 15.72 14.57 14.47 18.44 17.84 16.20 18.14 21.38 20.86 20.55 23.26 25.46 25.51 24.93 26.60 26.88 25.75 22.44 20.87 19.66 17.66 15.39 13.91 13.35 12.37 13.21 14.98 15.08 17.25 21.81 22.17 22.28 23.13 24.84 23.80 25.20 23.40 24.68 25.70 27.13 25.54 24.44 26.75 28.21 26.22 25.94 29.73 29.36 28.21 27.50 26.23 24.10 21.75 20.37 18.92 17.51 15.89 16.37 17.87 17.16 16.66 17.51 15.85 13.27 16.36 17.51 15.15 15.35 19.09 19.03 18.07 18.84 22.36 21.97 22.09 22.55 24.92 25.58 
29.77 28.02 25.50 23.93 21.07 17.30 14.96 12.16 10.71 8.24 11.25 10.63 9.15 6.72 5.46 0.00 5.58 6.96 9.18 11.28 14.05 16.78 17.79 18.47 19.43 20.61 19.75 16.88 17.10 17.29 16.02 13.46 14.16 11.60 11.59 12.62 14.10 15.17 16.81 18.78 20.39 23.09 24.34 26.69 26.12 28.94 28.57 31.94 31.97 29.80 26.67 24.42 22.13 18.61 17.18 14.79 12.55 10.35 12.28 13.11 15.12 15.23 16.12 16.73 16.15 17.09 17.49 17.58 18.05 19.73 20.36 20.80 22.34 23.33 20.77 21.18 19.28 17.65 15.06 14.40 11.23 12.37 11.52 13.13 14.82 17.38 18.17 18.70 14.60 15.44 17.29 16.63 15.82 18.81 18.32 17.08 18.24 21.75 20.91 20.79 23.16 25.47 24.91 24.60 26.11 26.89 25.33 22.55 21.02 19.47 17.56 15.71 14.57 13.74 13.28 13.72 15.99 15.59 18.19 22.36 22.98 23.02 23.50 25.30 24.08 25.47 23.43 25.09 26.37 27.11 25.70 24.82 27.36 28.48 26.43 26.05 29.85 29.22 27.92 27.21 25.95 23.88 21.37 20.26 18.93 17.27 15.38 16.20 17.70 17.34 15.64 16.81 15.71 13.32 16.24 17.17 15.10 15.26 18.42 18.64 17.86 18.71 22.45 22.70 21.66 23.05 24.80 26.36 
27.22 24.90 21.66 20.04 18.55 14.31 13.49 10.98 10.38 8.97 11.54 12.14 10.81 8.56 6.62 5.58 0.00 5.78 7.42 9.28 11.66 14.54 16.33 16.55 17.46 18.38 18.07 13.54 15.33 15.43 14.93 11.54 12.65 10.39 10.45 11.20 12.88 13.74 14.92 16.86 18.64 21.01 21.95 24.48 24.53 27.04 27.08 29.98 30.50 27.79 24.66 22.31 20.83 16.54 15.62 13.64 11.81 10.92 13.24 14.34 16.01 16.22 16.72 17.33 16.38 17.57 17.19 17.39 17.86 19.14 19.43 19.85 21.09 21.76 19.35 19.07 17.65 15.37 13.65 12.65 11.03 11.39 12.06 13.97 15.55 18.30 18.82 19.59 15.35 16.25 16.88 16.66 14.75 18.06 17.99 16.64 18.10 21.13 20.51 20.06 22.66 24.76 24.25 23.95 25.72 26.32 24.56 21.26 20.21 18.57 16.76 14.91 14.53 14.05 13.34 14.37 16.04 15.80 18.35 22.35 22.62 22.43 23.05 24.87 23.81 24.62 22.72 24.59 25.89 26.96 25.36 24.50 26.93 27.95 25.68 25.65 29.30 28.93 27.27 26.57 25.28 23.00 20.76 19.34 18.12 16.89 15.79 15.70 17.58 17.00 15.46 16.58 15.35 13.20 15.64 16.16 14.38 13.98 17.66 17.44 16.23 17.39 21.50 21.15 21.01 22.48 24.94 26.46 
24.89 21.94 18.88 17.24 16.15 12.98 11.41 9.18 9.65 9.79 12.45 11.81 12.48 10.34 8.95 6.96 5.78 0.00 5.56 6.88 9.65 11.39 13.32 13.84 14.40 15.32 14.58 10.15 12.62 14.06 13.07 10.53 12.26 10.82 10.48 9.82 11.61 12.71 13.72 15.07 17.07 19.45 19.52 22.32 21.82 24.69 24.50 27.76 27.76 25.43 22.17 20.06 18.82 15.37 14.48 13.02 12.06 12.09 14.26 14.86 16.59 17.06 17.29 17.17 15.94 16.67 16.23 15.97 16.12 17.22 17.54 18.00 19.05 20.17 17.81 18.32 15.40 14.00 11.77 11.99 8.78 11.51 12.52 14.85 16.81 19.70 19.79 19.73 15.83 15.83 17.15 16.89 14.82 17.37 17.49 15.65 16.66 19.27 19.15 18.60 20.93 23.15 22.93 22.81 24.01 24.81 22.96 20.01 18.45 17.66 15.53 14.26 13.63 14.00 13.38 14.96 16.44 16.58 19.31 23.10 22.81 22.84 23.39 24.87 23.57 25.06 22.74 24.19 25.17 26.37 24.94 23.73 25.91 27.20 25.20 24.59 28.14 27.56 26.31 25.38 23.98 21.91 19.60 17.98 16.57 14.89 14.29 14.11 15.40 14.96 13.82 15.23 13.81 9.73 13.96 15.24 12.43 11.72 16.12 16.44 15.18 16.43 20.95 20.41 19.77 22.04 24.06 26.40 
23.03 20.04 17.77 15.26 14.96 11.24 11.10 8.04 9.69 10.24 13.63 13.31 14.13 12.23 11.14 9.18 7.42 5.56 0.00 5.68 7.32 9.40 10.41 11.57 12.32 13.40 12.79 9.73 11.56 12.93 12.98 12.67 13.16 11.64 10.87 10.97 11.63 12.36 12.65 14.04 15.75 17.93 17.29 20.12 19.53 21.82 21.83 25.15 25.06 22.47 20.04 18.08 16.73 13.88 13.60 12.08 12.07 12.77 15.07 15.43 16.86 17.27 17.62 17.04 15.63 16.47 15.58 14.48 14.96 15.90 15.70 15.93 17.61 18.39 16.57 15.33 12.72 11.42 11.31 8.71 6.42 10.52 13.45 14.37 16.41 19.85 20.22 20.07 16.08 16.05 17.41 17.02 14.81 17.16 17.09 15.06 16.08 18.64 17.99 17.63 20.11 21.88 21.86 21.63 22.64 22.78 21.43 17.85 16.57 15.52 14.11 12.62 12.27 13.28 13.77 15.47 17.12 17.60 20.17 23.62 23.79 23.55 24.25 25.11 23.89 25.01 23.02 23.93 24.55 26.03 24.60 23.31 25.12 26.38 24.51 23.96 26.84 26.62 25.29 24.42 22.56 20.35 18.50 16.97 15.29 13.16 13.43 12.88 13.52 12.90 12.40 13.92 10.25 6.54 11.61 13.43 9.99 8.96 14.45 15.29 13.70 15.10 19.39 18.68 19.11 20.83 23.24 24.14 
21.02 18.14 15.37 13.14 12.74 9.57 8.60 6.60 10.02 11.18 13.85 14.27 15.57 14.45 13.43 11.28 9.28 6.88 5.68 0.00 5.83 7.66 8.86 9.42 10.35 12.10 11.28 9.83 11.43 12.86 12.95 11.65 12.14 11.33 10.81 10.18 9.81 10.01 10.91 11.60 11.90 14.71 15.11 17.55 16.71 19.73 19.67 23.06 23.06 20.86 18.21 16.52 15.66 13.15 12.81 11.63 12.61 13.24 15.44 15.88 17.44 17.78 17.75 17.39 15.97 16.56 15.08 13.98 14.44 15.42 14.69 15.24 17.49 18.26 15.34 15.59 13.30 11.90 10.62 11.11 9.85 13.41 14.93 17.23 19.05 22.34 22.40 21.96 18.08 18.03 19.37 18.30 16.11 18.00 17.65 15.47 16.59 19.08 17.90 17.51 19.90 21.77 21.41 21.07 22.34 22.29 20.16 17.54 16.21 14.98 13.85 13.25 13.42 14.37 15.59 16.88 19.07 19.04 21.19 24.57 24.77 24.95 25.02 25.90 24.42 25.51 23.44 24.15 24.81 26.01 24.79 23.39 25.52 26.75 24.70 23.85 27.07 26.52 25.04 24.10 22.57 20.62 18.28 17.09 15.60 14.78 13.36 13.48 14.07 14.23 13.10 14.14 12.22 10.09 12.85 13.94 11.59 11.36 15.58 15.45 13.95 15.63 20.04 19.05 18.63 21.32 22.97 25.38 
21.32 18.06 15.01 12.64 13.41 10.83 11.21 10.00 12.51 13.56 16.56 16.88 17.95 16.80 16.49 14.05 11.66 9.65 7.32 5.83 2.07 6.25 7.30 7.84 7.89 9.63 9.58 7.82 10.50 12.90 13.02 11.74 13.46 12.92 12.23 11.46 10.88 10.80 10.91 11.04 10.70 12.95 13.11 15.46 14.97 17.39 17.30 20.93 21.58 19.55 16.91 16.20 15.39 12.81 13.44 12.87 14.21 14.66 17.23 17.85 18.98 19.15 19.23 18.85 17.69 17.71 16.77 15.50 15.43 16.14 15.84 16.20 17.94 18.69 15.60 15.08 13.64 12.01 11.74 12.59 13.41 15.38 17.46 19.45 21.47 23.60 24.82 24.52 20.83 20.38 21.63 20.50 18.19 19.47 19.27 17.28 17.85 19.80 19.05 18.41 20.36 22.34 21.71 21.43 23.15 22.91 20.47 18.08 17.00 15.65 14.70 14.60 15.32 16.55 17.33 18.99 20.29 20.44 22.87 26.05 26.21 26.21 26.28 26.82 24.95 26.04 24.02 24.67 25.01 26.70 25.46 24.08 25.82 27.25 25.20 24.56 27.51 27.30 25.76 24.52 23.00 20.79 18.73 17.29 16.35 15.21 14.35 14.14 14.34 14.21 12.20 14.16 13.38 11.28 13.99 14.82 12.70 12.73 16.46 16.27 14.64 16.35 20.52 18.38 19.38 20.83 24.01 25.08 
20.05 17.57 14.56 11.92 12.61 10.15 10.99 11.72 13.99 15.75 18.56 19.33 19.87 19.50 18.45 16.78 14.54 11.39 9.40 7.66 6.25 1.04 5.91 6.69 7.52 8.03 9.03 7.66 10.46 13.21 14.17 13.68 15.56 14.81 14.06 13.03 12.26 11.62 11.43 11.34 11.32 12.91 11.60 14.97 14.01 16.90 16.69 20.85 20.74 18.99 16.15 14.78 14.82 12.62 13.61 13.60 14.52 15.88 18.51 18.74 19.75 19.84 20.01 20.00 18.33 17.92 16.94 16.23 15.66 15.69 15.23 15.93 17.37 17.87 14.74 14.41 12.35 11.68 11.69 13.45 13.78 17.48 19.76 20.98 23.06 25.26 26.71 26.42 22.86 21.94 22.91 22.23 19.49 20.48 19.87 17.99 18.19 19.52 18.86 18.05 20.18 22.02 21.72 21.06 22.71 22.50 20.52 17.47 17.00 16.22 15.08 15.36 16.21 17.14 18.16 20.11 21.54 21.69 24.27 27.34 27.34 27.42 27.60 28.03 26.73 27.36 25.44 25.74 26.33 27.63 26.69 24.86 26.90 28.36 26.48 24.94 27.99 27.78 26.33 25.12 23.00 21.04 19.04 17.84 16.03 14.13 13.05 13.14 12.90 10.97 9.04 13.38 12.88 9.04 12.56 14.92 12.68 12.13 16.39 16.91 15.44 16.99 20.53 19.81 19.67 21.68 24.12 26.20 
19.74 16.92 14.73 12.46 12.63 10.96 12.45 12.77 15.49 16.64 19.57 20.67 20.98 20.34 19.50 17.79 16.33 13.32 10.41 8.86 7.30 5.91 0.76 5.38 6.94 8.61 9.39 8.65 11.13 13.82 15.79 15.42 16.61 16.19 15.59 14.92 13.83 12.43 11.20 10.81 10.80 11.00 9.64 12.72 12.72 14.70 15.20 18.85 19.51 17.78 15.26 13.92 14.33 12.84 14.56 13.67 15.61 17.12 18.93 19.52 21.04 21.22 21.48 21.04 19.53 19.35 17.99 16.48 16.43 16.22 15.03 15.09 16.74 17.05 13.99 13.74 12.61 12.11 13.31 14.64 15.18 18.43 21.93 22.87 24.36 26.79 28.40 27.99 24.71 23.45 24.02 23.19 20.40 21.61 20.33 17.90 18.27 19.88 17.91 17.51 19.74 21.49 21.05 20.43 21.65 21.52 19.91 16.75 16.06 16.26 15.63 16.25 16.98 18.58 19.34 21.64 22.96 23.71 25.57 28.74 29.09 28.82 28.71 29.29 27.92 28.56 26.05 26.87 27.23 28.79 27.25 25.80 27.78 29.27 26.78 25.80 28.37 28.46 26.84 25.58 23.30 21.34 19.38 18.24 16.61 14.63 13.72 13.55 13.29 12.69 11.06 13.90 12.90 9.74 12.66 15.66 12.12 10.79 15.81 16.98 15.20 16.30 20.30 18.63 20.39 21.42 23.98 24.26 
20.07 16.77 14.56 12.56 12.96 11.42 12.49 12.95 15.08 16.88 19.24 20.27 21.18 20.09 20.20 18.47 16.55 13.84 11.57 9.42 7.84 6.69 5.38 0.00 5.10 7.04 7.61 8.76 10.93 13.34 14.26 14.12 15.57 15.27 14.83 14.52 13.17 12.15 10.96 10.45 7.99 10.16 10.08 12.05 12.15 15.13 15.06 19.26 19.69 17.89 15.34 13.56 14.07 12.97 14.19 13.36 15.27 16.76 18.44 18.75 20.42 20.77 21.08 20.75 19.37 19.44 18.11 16.79 16.64 16.81 15.48 15.54 16.74 16.22 13.96 13.93 12.61 12.75 14.24 16.93 17.27 20.64 23.20 24.35 25.74 27.81 29.82 29.70 25.79 25.01 26.19 24.57 21.63 22.99 21.36 18.71 19.14 20.79 19.03 18.03 20.24 21.86 21.14 20.82 22.01 21.40 19.76 16.62 16.30 16.18 16.48 16.89 18.20 19.43 20.90 22.21 24.15 24.21 26.33 29.06 29.50 29.47 29.41 29.81 28.42 29.02 26.75 27.08 27.55 29.19 27.77 26.23 28.37 29.70 27.53 26.19 28.95 28.74 27.09 26.03 23.68 22.19 19.93 18.49 16.97 15.68 13.49 12.97 12.34 13.11 12.27 14.04 13.89 12.37 15.54 16.04 13.54 13.45 17.72 17.67 16.15 17.02 20.77 19.94 20.13 21.79 24.09 25.87 
23.35 20.28 17.97 15.76 16.33 15.07 16.52 15.90 17.25 18.02 20.47 21.12 22.07 21.33 20.94 19.43 17.46 14.40 12.32 10.35 7.89 7.52 6.94 5.10 1.22 5.96 6.72 7.43 10.63 13.37 14.19 14.68 16.49 16.38 16.01 15.51 14.33 13.52 13.13 11.32 9.53 11.24 11.66 14.31 14.04 16.08 16.83 21.11 22.19 20.69 18.40 17.63 17.37 16.16 17.94 16.97 17.37 18.60 20.67 20.95 21.88 22.43 23.10 22.79 21.21 21.51 20.85 19.65 19.06 19.19 18.44 18.34 18.52 18.32 16.01 16.45 15.38 15.77 17.51 19.28 20.58 22.46 25.94 27.70 28.61 30.82 32.97 32.74 28.74 28.22 29.20 28.10 24.56 25.66 24.40 22.09 21.52 23.18 21.64 21.02 22.27 24.34 23.63 22.94 24.69 24.33 22.19 19.85 19.35 19.17 19.09 19.67 20.89 22.32 23.46 25.08 26.28 26.86 28.79 31.29 31.68 31.75 31.91 31.99 30.31 31.26 28.69 28.94 29.01 31.18 29.82 28.21 30.07 31.75 29.65 28.78 31.33 31.44 30.04 28.33 26.39 24.53 22.34 20.69 19.39 17.57 15.42 14.90 14.53 14.75 13.59 16.38 16.34 15.14 17.17 18.61 16.50 16.69 20.37 19.99 18.38 19.85 23.64 21.48 23.36 23.76 27.24 27.65 
24.74 22.48 20.93 18.44 18.50 17.28 18.05 18.44 19.01 19.79 21.52 22.20 23.03 22.31 22.35 20.61 18.38 15.32 13.40 12.10 9.63 8.03 8.61 7.04 5.96 1.09 6.31 7.13 9.99 13.19 14.54 15.50 17.37 17.08 17.02 16.69 15.80 15.70 14.90 14.74 13.62 14.22 14.20 17.40 16.94 19.20 18.88 23.35 24.39 22.67 20.61 18.91 19.43 18.33 19.92 18.54 18.52 19.79 21.95 22.39 23.04 23.55 24.12 24.33 22.71 22.80 22.17 21.77 21.11 21.53 20.38 20.66 20.91 21.31 18.50 19.19 18.09 19.06 20.24 21.98 23.24 25.92 29.27 30.61 31.85 33.75 35.33 35.47 31.67 30.95 31.57 30.59 27.25 27.98 26.50 24.14 23.83 24.81 23.56 22.31 24.12 25.51 25.08 24.11 25.33 25.04 23.50 20.82 20.98 20.86 21.17 21.80 22.70 23.99 25.49 27.12 28.40 29.07 30.86 33.75 33.97 34.37 34.10 34.42 33.28 33.76 31.63 31.78 32.17 33.41 32.41 30.73 33.14 34.44 32.49 30.97 34.04 33.84 32.13 30.74 28.80 27.08 24.61 22.75 21.11 19.20 16.58 15.92 15.68 14.86 13.79 17.19 18.53 16.05 18.23 20.31 18.51 17.94 21.48 21.84 20.50 21.80 25.80 24.42 23.99 26.05 28.63 29.11 
25.57 23.87 23.01 20.46 18.91 17.88 18.87 18.38 18.75 19.04 21.33 21.77 22.64 21.34 21.48 19.75 18.07 14.58 12.79 11.28 9.58 9.03 9.39 7.61 6.72 6.31 1.59 6.21 8.18 10.38 13.17 14.11 15.73 15.34 16.20 16.45 15.66 15.37 15.30 15.43 14.69 16.39 15.95 18.40 17.64 19.79 19.22 23.36 24.42 22.90 20.24 19.09 19.48 18.17 19.69 18.24 18.83 19.63 21.76 22.34 23.49 23.78 24.85 24.74 23.82 23.64 22.99 22.19 22.26 22.00 20.58 20.47 21.56 21.96 19.22 19.80 19.40 20.27 21.03 22.72 24.51 27.85 30.96 32.18 33.33 34.76 36.09 35.88 32.68 32.00 32.18 31.21 27.83 28.39 26.75 24.35 23.68 25.05 23.13 22.37 23.85 25.17 24.35 23.57 24.75 24.64 23.40 20.95 20.80 21.08 21.26 21.82 22.88 24.82 26.08 27.94 28.99 29.90 31.71 34.10 34.96 34.68 34.47 35.23 34.18 34.70 31.94 32.57 33.07 34.44 32.70 31.46 33.85 35.23 32.63 31.66 34.42 34.53 32.70 31.51 29.43 27.45 25.22 23.11 21.27 18.97 16.79 15.79 14.99 14.85 15.05 17.45 18.63 16.57 18.95 20.66 19.62 18.51 21.66 22.29 21.69 22.27 25.50 24.35 26.10 26.20 28.98 28.20 
24.87 22.71 21.58 19.31 17.62 16.62 17.08 16.73 16.39 17.03 18.34 18.51 18.07 17.17 17.73 16.88 13.54 10.15 9.73 9.83 7.82 7.66 8.65 8.76 7.43 7.13 6.21 0.48 5.80 7.55 8.95 10.34 11.87 11.50 12.09 12.96 12.81 12.97 13.27 13.58 13.07 15.53 16.02 17.82 16.97 19.07 18.56 22.09 23.52 21.08 18.95 17.24 17.61 15.57 17.26 15.83 15.98 16.50 18.53 19.37 20.23 21.21 21.99 22.18 20.91 21.87 20.92 20.43 20.27 20.77 19.31 19.38 19.82 20.58 18.00 18.63 17.97 19.15 20.05 21.65 23.24 26.55 29.86 31.01 31.69 33.87 34.96 34.95 31.04 30.81 31.34 29.62 26.35 27.10 25.40 22.61 22.78 24.17 22.37 20.83 22.85 23.69 23.03 22.01 23.57 23.10 21.83 19.06 18.97 19.28 19.74 20.20 21.46 23.22 24.98 26.40 27.43 28.36 29.73 33.06 33.29 33.47 33.03 33.67 32.85 33.00 30.49 30.67 31.52 32.80 31.27 29.75 32.53 33.81 31.66 30.42 33.36 33.17 31.45 30.19 28.10 26.39 23.79 21.71 19.59 17.71 15.33 13.54 12.73 13.66 14.44 16.49 16.33 15.93 18.97 19.92 17.79 18.15 21.30 21.44 20.21 21.35 24.49 24.22 23.44 25.86 27.36 27.77 
27.23 25.33 23.80 21.14 20.55 19.30 19.59 18.86 18.55 18.50 20.09 19.65 19.65 18.45 18.71 17.10 15.33 12.62 11.56 11.43 10.50 10.46 11.13 10.93 10.63 9.99 8.18 5.80 3.11 6.64 8.20 8.99 11.50 12.17 13.23 13.63 13.82 14.57 15.63 16.28 16.16 18.76 19.03 20.99 20.07 21.47 20.51 24.20 25.51 23.54 21.13 19.50 19.36 17.58 18.93 17.48 17.50 18.01 20.55 20.74 21.35 22.32 23.63 23.60 22.18 23.24 23.32 22.57 21.93 22.41 22.12 21.65 22.04 22.58 20.69 21.11 20.37 21.67 22.76 24.22 25.90 29.57 32.64 33.89 35.04 36.71 38.33 37.73 33.77 33.91 34.70 32.79 29.03 29.85 28.31 25.69 24.97 26.62 24.79 23.38 24.90 26.29 25.40 24.56 25.85 25.76 24.33 22.09 21.68 21.82 21.99 22.59 24.03 26.10 27.69 28.54 29.78 30.46 32.37 34.76 35.83 35.75 35.55 35.81 34.66 35.35 32.63 32.80 33.34 35.27 33.61 32.35 34.51 36.03 34.22 33.21 35.77 35.85 34.63 33.04 31.18 29.11 26.49 24.46 22.31 20.51 18.38 17.66 16.76 17.21 18.32 19.75 19.88 19.17 21.65 22.36 20.61 20.76 24.15 23.36 21.78 23.24 26.83 25.60 25.61 26.24 29.29 29.69 
28.67 26.89 25.24 22.90 22.37 21.06 21.02 20.17 19.26 19.55 20.08 20.02 19.80 19.61 18.62 17.29 15.43 14.06 12.93 12.86 12.90 13.21 13.82 13.34 13.37 13.19 10.38 7.55 6.64 2.56 6.71 7.64 10.51 11.75 13.48 13.79 14.17 14.76 15.91 17.46 18.73 19.79 20.21 22.58 22.51 24.00 23.12 26.40 27.83 25.59 22.91 21.13 20.78 19.25 20.00 18.56 17.85 18.21 19.93 20.54 20.92 21.88 22.87 23.28 22.24 23.48 23.43 22.89 22.24 23.37 22.86 22.68 22.85 23.93 22.17 22.40 21.61 22.76 23.90 25.26 27.24 30.15 33.36 34.90 36.13 37.80 38.57 38.48 34.84 34.50 34.71 32.97 29.44 30.08 28.50 25.70 25.46 26.64 25.20 23.26 25.28 26.23 25.44 24.61 26.15 25.46 24.14 21.95 22.03 22.12 22.52 23.26 24.67 26.50 28.20 29.60 30.62 31.59 33.06 35.89 36.57 36.84 36.70 36.77 35.61 36.27 33.84 34.03 34.45 35.75 34.69 33.37 35.76 36.95 35.37 34.33 37.03 36.80 35.56 34.14 32.31 30.34 27.47 25.34 23.31 21.61 19.40 18.36 18.08 18.37 18.53 20.54 20.57 19.58 21.84 22.49 20.85 21.24 24.23 24.04 22.40 23.91 27.49 27.10 25.40 27.91 29.88 29.97 
29.85 28.16 26.20 23.44 22.96 21.53 20.88 19.68 18.86 18.59 19.50 18.91 19.32 18.38 18.00 16.02 14.93 13.07 12.98 12.95 13.02 14.17 15.79 14.26 14.19 14.54 13.17 8.95 8.20 6.71 3.28 5.95 8.44 8.88 11.05 12.24 12.45 13.45 14.64 16.15 17.69 19.61 20.10 23.51 23.20 25.03 24.25 27.44 28.27 25.96 23.52 21.37 20.53 18.36 19.29 18.13 17.52 17.21 18.26 18.83 19.22 20.13 20.96 21.74 21.00 22.43 22.01 21.24 21.16 22.23 21.48 21.56 22.28 23.32 21.33 22.06 21.06 21.93 22.91 24.86 27.04 29.96 33.04 34.41 35.72 36.37 37.32 37.33 34.13 33.27 33.29 32.02 28.47 28.88 27.16 24.78 24.29 25.45 23.73 22.53 24.57 25.36 24.43 23.81 25.70 24.81 23.06 20.95 21.49 21.50 21.60 22.09 23.78 25.71 27.38 28.76 30.12 30.73 32.75 35.44 36.18 36.19 36.28 36.68 35.52 35.94 33.32 33.85 34.42 35.46 33.92 32.88 35.45 36.40 34.58 33.80 36.78 36.50 34.96 33.61 32.16 29.98 27.27 25.13 22.96 21.18 19.25 18.55 18.44 18.50 18.89 20.23 20.18 18.83 21.51 22.38 20.82 20.66 23.83 23.70 22.75 23.81 26.58 26.81 27.11 27.66 29.48 29.08 
28.51 26.68 24.12 21.70 21.35 20.23 18.92 17.59 16.95 17.07 17.28 16.66 16.38 15.81 15.58 13.46 11.54 10.53 12.67 11.65 11.74 13.68 15.42 14.12 14.68 15.50 14.11 10.34 8.99 7.64 5.95 0.04 5.26 6.06 7.74 10.19 11.06 11.95 13.10 15.20 16.46 18.73 19.80 22.70 22.48 24.49 23.76 27.68 28.16 25.52 22.48 20.49 19.53 17.30 17.63 16.54 15.45 15.40 15.78 16.22 16.75 18.52 18.56 19.28 18.53 20.38 19.75 19.32 19.15 20.66 19.46 20.40 20.97 22.29 20.29 21.12 19.93 20.97 22.15 23.56 25.15 28.10 31.48 32.91 33.53 35.28 36.05 35.89 32.06 31.24 31.53 29.74 26.27 27.07 25.29 22.63 22.91 24.25 22.54 21.28 23.68 24.75 23.27 23.14 25.00 24.53 22.65 19.95 19.69 20.09 20.23 20.92 22.25 24.24 25.83 27.45 28.75 29.59 31.05 34.45 35.20 34.93 34.84 35.50 34.31 34.52 32.00 32.44 33.41 34.42 33.04 31.65 34.43 35.62 33.75 32.82 35.78 35.32 33.88 32.84 30.93 29.13 26.42 24.72 22.74 20.81 18.94 18.69 18.61 19.56 19.62 20.87 20.06 18.92 21.49 22.16 19.97 20.19 23.32 23.63 22.24 23.39 26.18 26.98 25.19 27.82 28.51 28.28 
27.79 25.92 23.25 20.35 20.72 19.75 18.51 17.33 16.51 16.38 16.92 16.33 16.54 15.71 15.77 14.16 12.65 12.26 13.16 12.14 13.46 15.56 16.61 15.57 16.49 17.37 15.73 11.87 11.50 10.51 8.44 5.26 1.76 5.58 7.22 8.57 10.33 12.25 13.37 15.47 17.61 19.45 20.68 23.58 23.45 25.28 25.38 28.40 29.18 26.10 22.74 20.13 19.27 17.32 17.86 15.76 14.67 14.74 15.19 14.36 14.98 16.64 17.41 17.40 16.67 18.64 18.58 18.19 18.03 19.55 19.11 19.88 20.72 21.99 19.74 20.94 20.25 20.88 22.04 23.22 24.78 27.94 30.70 32.05 32.97 34.62 36.01 35.27 31.64 31.29 31.62 29.38 25.94 27.03 25.44 22.63 22.42 24.36 22.73 21.59 23.70 25.14 24.28 23.87 25.83 25.09 23.89 21.11 20.20 20.16 20.48 20.87 22.25 23.86 25.44 26.88 28.64 28.93 30.73 33.70 34.75 34.58 34.79 35.09 34.07 34.49 32.29 32.61 33.52 35.05 33.44 31.85 34.36 35.73 34.02 32.74 35.47 35.54 34.22 32.62 30.93 29.09 26.72 24.93 23.16 21.43 19.73 19.65 20.21 20.89 20.96 22.06 21.16 20.11 22.25 22.77 20.88 21.22 24.26 23.76 22.12 23.95 27.27 27.14 26.12 26.83 29.63 29.71 
26.94 25.06 21.73 19.62 19.14 18.29 16.06 14.37 13.66 13.72 14.23 13.26 13.95 13.97 13.48 11.60 10.39 10.82 11.64 11.33 12.92 14.81 16.19 15.27 16.38 17.08 15.34 11.50 12.17 11.75 8.88 6.06 5.58 0.00 4.65 6.32 8.33 9.98 11.07 13.35 16.24 18.22 19.04 21.86 22.93 25.00 25.45 28.50 29.18 26.12 22.51 20.13 18.97 16.91 15.79 14.56 11.67 11.14 10.38 9.68 10.18 12.41 13.79 14.24 13.68 15.75 15.54 15.44 15.43 17.51 17.04 17.99 18.84 20.50 18.09 19.07 18.26 19.27 20.09 21.10 22.48 25.44 27.96 29.24 30.58 32.37 33.27 32.48 28.89 28.61 28.75 26.52 23.21 24.51 23.24 19.80 20.33 22.16 20.96 19.28 22.13 23.65 23.11 22.68 24.23 23.75 22.46 19.50 18.56 18.40 18.51 18.79 20.08 21.60 22.93 24.88 26.60 27.20 28.83 32.05 33.16 32.90 32.88 33.34 32.19 32.66 30.31 30.88 31.86 32.85 31.47 30.12 32.77 34.09 32.29 31.30 34.11 33.86 32.55 31.09 29.35 27.42 24.78 23.15 21.50 19.44 17.85 17.60 18.52 19.25 19.10 20.15 19.45 18.28 20.39 20.94 18.91 19.27 22.32 22.53 21.06 22.25 25.65 26.42 24.49 26.76 28.03 28.14 
26.57 24.09 20.88 18.09 18.49 16.32 14.41 12.99 12.35 12.26 13.27 12.52 13.88 13.70 13.43 11.59 10.45 10.48 10.87 10.81 12.23 14.06 15.59 14.83 16.01 17.02 16.20 12.09 13.23 13.48 11.05 7.74 7.22 4.65 0.00 4.60 6.41 8.09 9.21 12.16 14.33 16.78 18.39 21.28 22.16 25.20 25.90 28.92 29.06 26.21 22.67 19.66 17.77 15.22 14.01 10.97 7.81 7.05 7.20 6.27 7.21 9.72 11.85 12.05 11.46 13.58 13.64 12.77 13.25 15.13 14.93 15.44 16.66 18.10 16.21 17.15 16.17 16.78 18.08 18.86 20.06 23.09 25.78 26.86 27.70 29.26 30.55 29.82 26.14 25.65 26.12 24.28 20.88 22.06 20.99 17.98 18.15 20.59 19.54 18.41 20.90 22.74 22.10 21.77 23.66 23.30 21.43 18.46 17.91 17.47 17.15 16.96 18.65 19.97 21.15 22.82 24.51 25.21 27.26 30.53 31.63 31.22 31.27 31.85 30.99 31.13 28.47 29.27 30.58 31.45 29.47 28.26 31.41 32.38 30.35 29.38 32.80 32.38 30.60 29.32 27.99 25.87 23.17 21.56 20.17 18.25 16.95 16.85 17.95 18.13 18.45 19.31 18.37 16.77 19.14 19.98 17.78 17.43 20.85 21.04 20.03 20.81 23.64 24.51 24.16 24.65 26.39 26.38 
25.55 23.15 19.21 16.84 17.08 14.53 12.43 10.99 11.46 11.46 13.10 13.42 14.43 14.35 14.17 12.62 11.20 9.82 10.97 10.18 11.46 13.03 14.92 14.52 15.51 16.69 16.45 12.96 13.63 13.79 12.24 10.19 8.57 6.32 4.60 0.00 4.78 5.88 8.26 9.97 12.98 15.22 16.78 19.89 21.18 24.05 25.04 28.59 28.79 25.79 22.09 19.56 17.21 14.90 12.37 9.76 6.55 7.06 7.04 7.20 8.72 11.41 11.90 12.23 11.21 13.25 11.89 11.90 12.29 14.16 12.85 14.73 15.85 16.94 14.69 16.53 15.01 15.74 17.23 18.07 18.46 21.41 24.56 25.51 26.28 27.85 29.28 28.35 24.28 23.41 24.42 22.49 19.22 20.69 19.90 16.34 17.48 19.84 18.98 17.68 20.62 22.73 21.88 21.27 22.97 23.16 21.32 18.37 17.16 17.11 16.52 16.10 17.31 18.75 19.72 21.33 23.24 24.24 26.08 29.64 30.52 29.95 29.85 30.81 29.66 29.97 27.27 28.10 29.53 30.49 28.55 27.18 30.55 31.68 29.19 28.26 31.75 31.26 29.41 28.50 27.05 25.14 22.20 20.70 19.50 17.67 16.74 16.59 18.09 18.77 18.71 19.33 17.87 16.15 18.67 19.29 16.70 16.39 19.78 20.37 19.30 20.07 23.11 24.44 22.38 24.45 25.32 25.96 
24.41 21.92 18.30 15.35 15.69 13.76 11.60 10.80 11.54 12.08 14.03 14.94 16.04 15.66 15.30 14.10 12.88 11.61 11.63 9.81 10.88 12.26 13.83 13.17 14.33 15.80 15.66 12.81 13.82 14.17 12.45 11.06 10.33 8.33 6.41 4.78 0.00 4.59 5.64 8.54 10.84 14.20 15.48 19.65 20.63 23.75 24.47 28.83 28.43 25.98 21.91 18.96 15.78 13.24 11.02 7.72 5.92 7.27 8.17 8.05 10.17 12.36 12.25 11.84 10.89 12.62 11.68 10.77 10.76 12.38 11.40 12.65 14.85 15.79 13.30 14.85 14.14 14.09 15.85 16.76 17.35 20.13 22.52 23.92 24.72 26.25 27.25 26.49 22.57 22.42 23.19 20.83 17.72 19.81 19.07 15.77 16.45 19.63 18.90 17.57 20.19 22.45 22.00 21.23 22.73 23.10 21.70 18.39 17.09 16.74 16.27 15.67 16.78 17.83 19.13 20.82 22.81 23.23 25.31 28.50 29.53 28.89 29.07 29.56 28.60 28.90 26.76 27.30 28.62 29.77 28.06 26.45 29.43 30.34 28.09 27.04 30.45 29.96 28.41 27.21 26.22 24.14 21.45 20.19 19.41 17.96 17.00 17.37 18.90 19.10 18.98 19.88 17.84 16.46 18.44 18.91 16.71 16.22 19.06 19.54 18.02 19.42 22.37 23.23 21.78 22.80 24.76 26.45 
23.88 21.21 17.23 14.33 14.33 12.55 10.16 9.80 11.33 12.50 14.32 15.28 16.99 17.13 16.49 15.17 13.74 12.71 12.36 10.01 10.80 11.62 12.43 12.15 13.52 15.70 15.37 12.97 14.57 14.76 13.45 11.95 12.25 9.98 8.09 5.88 4.59 0.00 4.21 6.10 9.06 12.31 13.97 17.76 19.04 22.52 23.51 27.23 27.33 25.13 21.07 18.04 14.83 12.35 9.62 7.58 6.34 7.64 9.28 10.57 12.14 13.51 13.32 12.94 11.77 13.06 12.26 11.12 10.35 12.00 11.22 12.48 13.95 15.12 12.42 13.89 13.14 13.57 15.24 16.68 17.16 19.41 21.48 22.96 24.10 25.65 26.07 25.29 21.43 21.29 22.09 19.82 16.70 18.97 18.30 14.72 16.00 18.96 18.10 17.18 19.40 21.62 20.89 20.79 22.39 22.60 21.20 18.15 16.70 16.39 15.60 14.84 16.39 17.91 18.99 20.90 22.58 23.19 24.72 28.09 28.71 28.55 28.21 28.84 27.66 28.07 25.61 26.38 27.60 28.55 26.94 25.42 28.35 29.34 27.05 26.29 29.52 29.05 27.61 26.81 25.04 23.42 20.47 19.42 18.63 17.37 16.70 17.11 18.86 19.27 18.85 19.55 17.61 16.25 17.64 18.36 15.58 15.59 18.19 18.61 17.92 18.36 21.61 22.89 20.79 22.51 24.02 25.21 
23.61 20.46 16.50 13.23 13.81 12.16 10.54 10.59 12.13 13.45 16.31 17.59 19.00 18.65 18.32 16.81 14.92 13.72 12.65 10.91 10.91 11.43 11.20 10.96 13.13 14.90 15.30 13.27 15.63 15.91 14.64 13.10 13.37 11.07 9.21 8.26 5.64 4.21 0.00 4.90 6.35 9.75 11.22 15.67 16.67 20.46 21.37 24.59 24.90 23.04 19.47 16.04 12.94 10.40 8.36 7.02 6.98 8.66 11.40 12.33 13.74 14.96 15.44 15.59 14.18 15.67 14.60 12.90 11.90 13.50 12.53 12.77 14.56 15.56 13.10 13.80 13.59 14.08 15.48 16.57 17.38 19.54 21.52 23.01 23.86 25.18 25.46 25.11 21.21 20.97 21.52 19.74 16.87 18.87 17.98 14.51 15.74 18.84 17.96 16.68 19.25 21.33 20.96 20.80 22.36 21.99 20.86 17.67 16.67 15.68 15.30 14.71 16.28 17.59 19.09 20.85 22.50 23.24 25.18 28.17 28.59 28.33 28.37 28.96 27.86 28.00 25.46 26.39 27.75 28.62 26.62 25.19 28.08 28.88 26.66 25.76 28.95 28.48 27.17 26.17 24.50 22.64 19.95 19.07 18.24 17.47 16.97 17.76 19.43 19.78 19.17 20.15 18.12 16.30 17.39 18.02 15.30 15.14 17.53 18.33 16.75 17.44 20.09 21.67 20.62 21.28 22.74 23.83 
23.07 20.39 16.08 12.44 13.22 11.68 10.76 11.07 13.31 15.59 18.78 19.92 20.64 20.03 19.92 18.78 16.86 15.07 14.04 11.60 11.04 11.34 10.81 10.45 11.32 14.74 15.43 13.58 16.28 17.46 16.15 15.20 15.47 13.35 12.16 9.97 8.54 6.10 4.90 0.00 5.41 6.99 9.31 13.16 14.77 18.58 19.52 23.21 23.31 20.85 16.93 14.01 10.94 8.85 7.57 7.14 8.64 11.29 13.87 15.55 16.61 18.15 18.08 18.10 16.98 17.36 15.86 14.54 14.16 14.94 13.22 13.54 15.18 15.89 13.91 14.45 13.88 13.81 15.48 16.42 17.31 18.98 21.14 22.13 23.15 24.64 25.30 24.89 20.70 20.37 21.64 19.88 16.35 18.85 17.94 14.34 15.41 18.87 18.06 16.50 18.81 21.34 20.76 20.00 21.55 21.86 20.64 17.34 16.13 15.36 14.84 14.56 15.88 17.45 19.35 21.15 22.56 23.43 25.10 28.59 28.71 28.64 28.39 29.26 27.51 27.93 25.33 26.04 27.31 27.98 26.08 24.31 27.23 28.19 25.59 24.63 28.04 27.41 25.91 25.00 23.37 21.92 19.11 17.89 18.01 17.33 17.25 17.52 19.32 19.72 19.62 19.96 18.29 16.46 17.64 17.53 14.47 14.02 16.84 17.11 16.56 16.51 19.81 20.98 19.70 21.15 21.99 22.99 
