0.64 5.79 7.21 7.80 9.80 12.36 13.18 15.28 16.47 17.54 19.04 20.03 21.24 20.96 21.55 21.85 22.53 23.66 25.39 25.95 27.87 28.95 30.38 29.38 29.89 28.87 28.60 27.68 27.07 26.72 27.46 26.39 25.54 26.81 27.96 26.83 26.34 26.56 27.08 26.65 26.11 26.35 26.52 25.77 25.53 25.05 25.74 25.26 25.49 26.18 24.37 24.35 23.47 24.28 23.76 24.52 25.01 26.10 27.03 27.55 28.92 28.98 27.79 27.40 28.39 27.42 26.00 25.19 25.93 25.52 23.76 23.93 23.03 22.48 21.89 22.50 22.82 24.28 25.97 27.19 28.46 29.12 30.50 30.99 29.47 29.06 30.46 28.92 26.72 27.66 28.72 26.46 25.88 27.28 27.20 25.86 25.92 27.00 27.45 27.50 26.85 26.21 27.05 28.01 25.67 25.37 25.46 25.85 25.52 26.48 27.11 28.39 29.56 30.26 30.15 30.81 32.16 32.42 31.57 30.98 31.63 32.10 32.94 31.51 30.84 31.73 32.49 30.98 30.23 31.16 31.38 31.17 31.03 31.86 32.52 33.17 33.41 34.58 34.76 35.12 34.85 35.21 35.46 36.25 35.96 34.41 35.51 34.90 33.31 32.20 31.05 29.58 27.49 27.00 26.90 26.44 26.13 26.37 27.35 27.70 27.84 27.54 27.57 26.78 26.87 26.46 26.07 25.16 26.08 25.49 25.58 25.51 27.77 26.96 27.81 28.85 
5.79 0.00 4.37 5.99 9.43 9.78 11.63 14.17 14.89 14.82 16.63 18.11 19.41 18.71 19.24 19.63 20.53 21.54 23.46 24.25 26.52 27.59 28.59 28.09 28.91 28.08 27.62 27.01 26.37 25.97 26.73 25.34 24.76 25.94 27.37 26.02 26.08 25.96 26.36 26.08 25.92 25.60 25.56 24.66 24.77 23.65 24.13 23.62 24.18 24.66 22.44 22.62 21.82 22.80 22.06 23.32 23.88 25.07 25.74 26.68 28.02 28.17 26.43 26.27 27.27 26.42 24.39 23.84 24.67 24.01 22.12 22.38 21.60 20.95 20.42 20.84 21.52 22.67 24.54 25.93 27.15 27.77 29.48 30.32 28.53 28.05 29.81 28.49 25.90 26.98 28.17 25.60 25.06 26.54 26.22 24.70 24.83 25.90 26.00 26.34 25.68 24.54 25.35 26.84 24.42 23.68 23.89 24.52 24.20 24.97 25.67 27.16 28.68 29.49 29.19 30.36 31.75 32.17 30.78 30.64 31.52 31.97 32.50 31.28 30.37 31.54 31.92 30.36 29.46 30.75 30.52 30.62 30.26 31.47 31.80 33.06 33.11 34.61 34.39 35.35 34.29 35.01 34.76 36.31 35.24 33.53 34.46 34.47 32.09 31.13 30.08 28.96 26.43 25.99 25.92 25.48 25.01 25.08 26.38 26.91 27.14 26.75 26.90 25.74 26.13 25.50 25.06 23.98 26.11 24.39 22.91 23.42 26.91 26.40 25.32 27.72 
7.21 4.37 0.17 4.26 8.48 7.88 10.71 11.71 12.91 13.00 15.21 15.19 16.27 15.39 16.47 16.97 18.27 19.27 21.23 22.52 25.33 26.10 26.73 26.58 27.68 26.67 26.15 25.48 24.72 24.54 25.20 23.84 23.28 24.52 25.88 24.80 25.09 24.85 25.05 24.95 24.83 24.24 23.99 22.93 22.89 21.55 22.09 21.37 21.68 22.36 20.10 20.53 19.33 20.73 19.86 21.35 21.99 23.33 24.00 24.90 26.46 26.07 24.55 24.10 25.00 23.97 22.28 21.60 22.17 21.78 19.84 20.44 19.50 19.16 18.67 19.24 19.96 21.38 23.20 24.32 25.72 26.32 28.26 28.81 27.02 26.25 28.24 26.79 24.30 25.41 26.46 24.18 23.60 24.98 24.31 22.94 23.16 23.94 23.81 24.30 23.87 22.59 23.05 24.65 22.73 21.97 22.04 22.68 22.47 23.26 23.96 25.29 26.91 27.67 27.64 28.48 30.16 30.27 29.18 28.85 30.12 30.21 31.10 29.64 29.19 29.92 30.58 28.85 28.20 29.07 29.07 28.80 28.77 29.62 30.30 31.35 31.50 32.93 33.17 33.76 32.90 33.33 33.51 34.66 33.78 31.74 33.20 32.80 30.59 29.48 28.88 27.44 24.89 24.46 24.43 24.15 23.88 23.87 24.95 25.59 25.98 25.57 25.64 24.62 25.19 24.77 24.22 23.77 25.73 24.68 22.33 23.39 26.97 26.71 25.43 26.06 
7.80 5.99 4.26 0.00 6.60 8.23 8.42 10.60 11.36 12.92 14.22 15.15 15.01 14.56 15.70 16.74 18.42 19.23 21.15 22.41 25.03 25.94 26.42 26.26 27.29 26.45 25.55 25.04 24.09 24.14 24.63 23.20 22.72 24.02 25.42 24.12 24.44 24.44 24.51 24.32 24.10 23.73 23.23 22.25 21.78 20.52 20.76 20.54 20.75 21.47 19.00 19.25 17.83 19.31 18.54 20.06 20.81 22.09 22.95 24.00 25.57 25.37 23.58 23.68 24.49 23.77 21.76 21.57 22.25 21.74 19.63 20.28 19.47 18.96 18.07 19.05 20.19 21.36 23.09 24.61 26.01 26.61 28.24 29.15 27.31 26.58 28.07 26.94 24.30 25.21 26.17 24.01 23.31 24.53 23.77 22.64 22.85 23.71 23.42 24.06 23.54 22.55 22.54 24.55 22.73 21.87 21.48 22.32 22.12 22.99 23.41 25.22 26.77 27.74 27.31 28.62 30.17 30.62 29.14 29.30 30.52 30.73 31.12 30.09 29.30 30.19 30.47 29.23 28.44 29.45 29.07 29.18 28.94 30.03 30.26 31.59 31.62 33.31 33.14 34.03 32.94 33.66 33.53 34.89 33.93 32.27 33.16 33.07 30.81 29.55 28.51 27.35 25.08 24.43 23.88 23.72 23.43 23.53 24.22 25.29 25.96 25.81 25.31 24.48 25.15 24.76 23.71 23.51 26.41 24.09 21.45 22.30 27.88 26.05 24.19 26.66 
9.80 9.43 8.48 6.60 0.00 7.33 8.18 10.82 11.64 13.01 15.56 16.85 16.80 15.58 16.06 17.77 18.76 21.03 22.96 24.28 27.16 28.41 29.33 28.65 28.83 28.35 27.57 26.82 25.49 25.62 26.16 24.62 23.58 25.61 26.45 25.31 24.99 25.66 25.89 25.69 25.17 25.32 24.86 23.80 23.23 22.16 22.39 21.60 22.11 22.99 20.18 19.88 18.18 19.94 19.44 21.56 22.47 24.41 25.27 26.60 27.68 27.88 26.16 26.06 27.13 26.08 23.73 23.20 23.83 23.29 20.76 21.40 20.14 19.65 18.83 20.41 21.35 23.58 25.43 27.08 28.82 29.70 31.29 32.37 30.14 29.60 31.49 30.07 27.08 28.35 29.51 26.42 25.02 26.87 26.34 24.80 24.56 25.51 25.43 25.79 24.56 23.56 24.40 25.99 23.34 22.73 22.64 23.19 22.68 23.97 24.66 26.59 28.11 29.54 28.92 30.31 32.34 33.22 31.76 31.66 32.75 33.57 34.24 32.63 31.36 32.53 33.04 31.10 29.96 31.26 30.77 30.54 30.36 31.53 31.77 32.76 33.12 34.80 34.72 35.64 35.11 35.81 35.80 37.35 36.84 35.07 36.28 36.02 33.83 32.36 30.85 29.19 26.95 26.09 25.58 25.02 24.48 24.78 25.63 26.65 27.20 27.09 26.44 25.27 25.27 25.45 24.20 23.11 25.16 25.28 24.03 25.53 25.07 23.87 25.21 28.51 
12.36 9.78 7.88 8.23 7.33 0.00 5.59 8.05 8.55 9.50 11.10 13.61 14.54 12.89 13.45 15.54 17.63 19.31 21.70 23.29 26.23 27.80 28.50 27.83 28.47 27.49 26.86 25.86 24.71 24.39 25.06 23.15 22.81 24.31 25.49 23.96 24.51 24.45 24.72 24.40 24.55 24.26 23.30 22.31 21.86 20.51 20.21 19.95 20.24 21.73 17.89 18.40 16.67 18.23 18.07 20.53 22.11 23.79 25.07 26.17 27.65 27.10 25.40 24.80 25.67 24.32 21.86 20.86 21.68 20.97 18.55 18.75 17.55 17.50 17.56 18.59 20.47 22.72 24.98 26.47 28.12 29.02 31.10 31.80 29.89 28.75 31.04 29.24 26.53 27.57 28.87 25.54 24.50 25.97 25.24 23.56 23.21 24.11 23.68 24.32 23.18 21.81 22.68 24.65 21.91 21.26 21.46 22.00 21.67 22.90 24.12 25.72 27.80 28.79 28.68 29.82 32.36 32.73 31.47 31.14 32.78 33.08 33.99 32.15 31.00 32.06 32.60 30.18 29.22 30.51 30.03 29.49 29.61 30.69 31.19 32.11 32.72 34.16 34.30 35.07 34.63 35.13 35.29 36.97 36.49 34.33 35.83 35.60 33.13 31.69 30.37 28.65 26.07 25.32 24.99 24.24 23.88 23.61 25.08 25.81 26.82 26.30 26.00 24.52 25.15 24.65 23.54 22.97 25.13 23.97 22.40 23.67 23.87 24.17 23.78 27.52 
13.18 11.63 10.71 8.42 8.18 5.59 1.28 6.23 7.46 8.26 11.77 12.22 13.30 12.71 13.18 14.66 17.22 18.66 21.39 23.32 26.43 27.88 28.53 28.02 27.97 27.67 26.58 26.01 24.28 24.39 24.61 23.14 22.55 23.95 24.49 23.71 24.49 24.38 23.75 24.23 24.35 23.69 22.28 21.08 21.13 19.41 19.49 18.57 19.39 19.82 16.83 17.39 16.01 17.61 17.31 20.47 22.04 23.94 25.02 26.59 27.87 27.24 24.82 24.65 25.43 23.89 21.17 20.32 20.84 20.21 17.49 17.77 16.22 16.84 16.78 18.31 19.72 22.82 25.23 26.51 28.41 29.33 30.93 32.28 29.52 29.09 30.82 29.68 26.41 27.78 28.68 25.81 24.45 25.92 24.85 23.08 22.87 23.33 22.91 23.41 22.56 21.06 21.72 23.67 21.26 20.66 20.85 21.83 21.26 22.81 23.81 25.87 27.17 28.84 28.35 30.00 31.94 32.71 31.13 31.20 32.48 33.02 33.86 32.23 30.79 31.95 32.51 30.40 29.33 30.61 29.95 29.65 29.73 31.01 31.34 32.45 32.87 34.56 34.49 35.43 34.53 35.34 35.31 37.29 36.42 34.36 35.67 35.55 32.82 31.58 30.47 28.90 26.16 25.54 25.09 24.74 24.07 24.30 25.17 26.59 27.16 27.05 26.38 25.07 25.17 25.04 23.56 22.70 24.76 24.41 21.69 23.48 24.07 23.70 23.35 26.55 
15.28 14.17 11.71 10.60 10.82 8.05 6.23 0.00 6.50 8.05 9.58 11.55 12.62 12.48 14.18 16.04 18.41 19.83 23.11 24.64 27.50 29.21 29.51 28.82 28.51 27.94 26.77 25.77 23.85 24.01 24.31 22.55 21.84 23.57 24.56 23.53 24.19 24.34 24.05 24.45 24.38 24.18 22.53 21.48 20.99 19.55 19.22 19.09 19.41 20.64 16.76 16.87 15.75 17.42 18.01 20.65 22.44 24.44 25.64 27.07 28.11 27.48 24.90 24.71 25.45 24.12 21.26 20.82 21.89 21.16 18.50 18.78 17.74 17.66 18.29 19.73 21.75 24.28 26.80 28.46 29.88 30.94 32.40 33.56 30.72 29.99 31.75 30.32 27.04 28.26 29.27 26.45 24.93 26.39 25.34 23.81 23.16 23.99 23.46 24.14 22.99 21.79 22.38 24.79 22.02 21.78 21.84 22.87 22.43 24.05 25.28 27.37 28.70 30.34 29.99 31.77 33.35 34.37 32.75 32.63 33.58 34.38 35.15 33.61 31.77 33.06 33.70 31.73 30.52 31.92 31.32 31.18 31.23 32.57 32.88 33.93 34.31 36.03 35.92 36.72 35.83 36.69 36.67 38.51 37.66 35.85 36.91 36.68 34.01 32.59 31.15 29.53 27.02 26.49 25.64 25.26 24.95 25.14 25.97 27.31 28.01 28.23 27.03 25.71 25.88 25.74 24.32 23.92 25.74 24.60 22.46 23.81 24.84 23.89 22.99 26.97 
16.47 14.89 12.91 11.36 11.64 8.55 7.46 6.50 0.00 5.81 7.61 9.27 11.04 12.14 13.74 15.96 18.85 20.17 22.95 25.03 28.02 29.88 30.42 29.16 28.68 27.47 26.15 25.01 22.97 23.16 23.52 21.81 20.88 22.75 23.44 22.32 22.69 23.03 23.01 23.18 22.86 22.73 21.28 20.32 20.27 18.19 18.16 16.93 18.04 18.84 15.10 15.53 14.63 16.41 16.89 20.14 22.34 24.31 26.03 27.12 28.42 27.22 24.81 24.06 25.24 23.42 21.69 20.70 21.65 20.70 18.78 19.37 18.28 18.30 18.27 20.81 22.89 25.57 27.72 29.00 30.69 31.32 33.00 33.58 31.01 29.93 31.67 30.18 26.78 27.86 28.83 25.71 24.33 25.65 24.79 23.29 22.90 23.79 23.35 24.07 23.22 22.22 23.39 25.17 22.56 22.57 22.83 23.29 23.11 24.58 26.11 27.75 29.72 30.84 31.27 32.14 34.67 35.10 33.75 33.40 34.27 34.98 35.75 33.97 32.25 33.56 33.97 31.95 30.81 32.42 31.50 31.40 31.45 32.89 32.92 34.03 34.42 35.98 35.62 36.34 35.56 36.44 36.32 38.16 37.58 35.93 37.02 36.89 34.60 33.32 31.31 29.95 27.52 26.94 25.82 25.22 24.63 25.15 26.07 27.17 28.04 28.11 27.06 25.34 25.75 25.21 23.67 22.18 24.90 23.74 21.93 23.75 25.99 23.67 23.35 26.33 
17.54 14.82 13.00 12.92 13.01 9.50 8.26 8.05 5.81 0.00 5.44 7.23 9.53 10.69 12.84 15.17 18.10 20.25 22.81 24.53 28.22 29.74 30.44 28.82 28.34 26.83 25.76 24.27 22.32 22.38 22.52 20.99 20.05 22.06 22.50 21.72 22.43 22.46 22.26 22.60 22.38 22.36 20.79 19.81 19.33 17.74 16.71 16.26 16.52 17.19 12.80 14.52 14.12 15.88 16.75 19.49 22.27 24.15 26.04 26.97 28.30 26.99 24.83 24.12 24.67 22.73 20.27 19.19 20.13 19.16 16.88 17.67 16.69 17.54 18.58 19.98 22.50 25.01 27.55 28.59 30.14 30.48 32.31 32.80 30.15 28.87 30.97 29.05 25.89 27.21 28.06 24.83 23.57 25.00 24.07 22.32 21.79 22.86 22.10 23.22 22.10 21.38 22.26 24.53 21.68 22.02 22.30 22.93 22.50 24.27 25.47 27.56 29.35 30.84 30.49 32.41 34.34 35.28 33.24 33.43 33.93 34.74 35.18 33.78 31.70 33.25 33.43 31.40 30.15 32.12 30.94 30.66 30.71 32.32 32.31 33.66 33.78 35.85 35.16 36.04 35.07 36.20 35.99 38.16 37.37 35.81 36.78 36.84 34.14 33.27 31.16 29.97 27.07 26.74 25.79 25.22 24.52 24.90 25.89 27.39 28.19 28.61 27.48 25.57 25.88 25.18 23.77 22.78 25.14 22.82 21.58 22.88 24.72 23.31 23.12 25.25 
19.04 16.63 15.21 14.22 15.56 11.10 11.77 9.58 7.61 5.44 0.00 5.52 7.67 9.84 12.17 15.28 18.53 20.48 23.28 25.44 28.12 30.36 30.86 29.94 28.59 27.86 26.61 25.06 22.92 23.04 23.25 21.32 20.91 22.58 23.13 22.65 23.36 23.42 22.90 23.08 22.79 22.42 20.93 19.74 19.51 17.46 16.88 15.26 16.41 16.43 12.88 14.36 14.46 16.86 17.68 20.51 23.15 25.57 27.10 28.43 29.15 27.98 25.54 24.83 25.58 23.34 20.78 19.52 20.65 19.56 16.62 17.78 17.31 18.33 19.35 21.02 22.82 25.74 27.95 29.72 30.70 31.29 32.98 33.27 30.34 28.92 30.88 29.25 26.24 27.52 28.17 25.15 24.45 25.74 24.64 22.67 22.64 23.41 22.76 23.50 22.81 21.58 22.29 24.52 22.13 22.36 22.94 23.56 23.28 24.77 26.30 28.31 30.29 31.31 31.45 32.75 35.53 35.21 33.93 33.53 34.66 34.97 35.86 34.05 32.35 33.52 34.19 32.02 31.13 32.50 31.70 31.28 31.72 33.05 33.39 34.27 34.97 36.41 36.59 37.04 36.13 37.14 37.45 39.31 38.80 36.64 38.31 37.72 35.19 34.16 32.36 31.02 28.16 27.76 26.88 26.58 25.99 26.06 27.58 28.84 29.76 29.78 29.11 27.26 26.94 26.24 25.23 24.04 25.59 23.78 21.67 23.60 25.14 23.82 23.78 25.59 
20.03 18.11 15.19 15.15 16.85 13.61 12.22 11.55 9.27 7.23 5.52 0.00 5.69 7.36 9.69 13.25 16.96 19.05 22.31 25.28 27.99 29.80 30.30 29.18 28.26 26.98 25.95 24.23 22.18 21.88 22.21 20.22 19.72 21.51 22.52 21.61 21.96 22.01 21.70 22.27 21.75 21.73 19.79 18.63 17.89 16.36 15.36 13.82 14.68 16.13 12.00 12.72 13.20 16.06 17.22 19.58 22.33 25.02 26.66 27.39 27.92 27.36 24.49 23.46 24.21 22.73 19.57 18.69 20.28 19.26 15.68 16.49 15.77 17.62 18.53 20.55 22.45 25.34 27.81 29.13 30.20 30.63 32.47 32.75 29.72 28.16 30.21 28.01 25.27 26.47 27.25 24.17 22.90 24.33 23.40 21.24 21.11 22.02 21.41 22.18 21.27 19.91 20.71 22.93 20.73 20.97 21.42 22.22 22.41 24.46 26.20 28.09 29.70 31.12 31.52 32.80 34.80 35.46 33.81 33.36 34.18 34.93 35.62 33.99 31.83 33.38 33.90 31.99 30.62 32.34 31.55 31.59 31.67 33.01 33.05 34.27 34.33 36.32 35.98 36.86 35.89 37.06 37.23 39.20 38.37 37.06 37.98 37.84 34.94 34.09 31.93 31.01 28.01 27.93 26.84 26.64 26.28 26.52 27.70 29.06 29.92 29.59 28.77 26.79 26.63 25.48 24.30 23.43 25.03 22.93 21.54 22.88 24.36 23.84 23.05 25.36 
21.24 19.41 16.27 15.01 16.80 14.54 13.30 12.62 11.04 9.53 7.67 5.69 0.00 5.77 7.22 11.58 14.55 17.97 21.02 23.86 26.59 28.26 28.98 28.49 27.34 26.10 25.05 23.66 21.42 20.57 21.74 19.75 18.81 20.06 21.24 20.50 20.13 20.36 20.43 20.77 20.32 19.88 18.10 17.14 16.65 14.81 14.38 12.97 14.68 15.49 11.61 12.51 12.22 14.32 15.94 19.13 21.02 23.54 24.97 25.92 26.50 25.73 22.53 21.32 22.64 21.08 18.69 17.71 19.67 18.53 15.71 15.66 15.52 16.56 17.54 20.22 21.90 24.42 26.53 28.27 28.55 29.59 31.15 31.58 28.32 27.05 29.01 26.75 23.51 24.95 26.11 22.78 21.16 22.61 21.91 19.89 19.45 20.65 19.91 20.78 19.88 19.04 20.03 22.26 19.67 20.42 20.78 21.49 21.77 23.85 25.69 27.61 29.17 30.85 31.41 32.44 34.65 35.02 33.89 33.26 34.04 34.62 35.58 33.35 31.54 32.91 33.79 31.34 30.42 31.79 31.47 31.16 31.43 32.38 32.68 33.42 34.06 35.40 35.34 35.91 35.38 36.22 36.58 38.38 38.23 36.47 38.14 37.57 35.52 34.12 32.17 30.81 28.43 27.75 26.94 26.46 26.06 26.45 27.45 28.72 29.58 29.18 27.78 26.20 26.09 25.04 23.40 22.33 24.01 22.71 20.99 22.64 23.95 23.23 22.14 25.04 
20.96 18.71 15.39 14.56 15.58 12.89 12.71 12.48 12.14 10.69 9.84 7.36 5.77 0.00 5.87 7.20 10.91 13.52 17.32 20.23 22.89 25.22 25.64 24.88 23.55 22.62 21.63 19.63 17.03 16.23 17.28 15.74 14.84 16.36 17.14 16.93 17.09 17.53 17.06 17.74 16.91 16.99 15.06 14.17 13.86 12.06 12.37 11.45 12.71 13.29 9.86 10.97 10.22 11.46 12.34 15.30 17.51 20.40 21.66 23.15 23.25 22.58 19.24 18.62 18.78 16.88 14.82 13.59 15.74 14.05 11.20 11.38 11.74 13.03 14.13 16.59 18.61 21.36 23.33 24.87 25.58 26.31 27.83 28.15 24.64 24.13 26.01 23.62 20.52 22.44 23.10 19.69 18.44 19.69 18.75 15.70 16.54 17.53 16.81 17.71 17.63 17.03 17.79 19.93 17.32 18.05 18.03 18.90 18.89 21.27 22.59 24.75 26.64 28.28 28.12 29.74 32.16 32.58 31.02 30.53 31.57 32.01 32.76 30.80 29.02 30.37 31.11 28.84 28.06 29.34 28.81 28.34 28.76 29.78 30.00 30.87 31.40 32.89 32.81 33.48 32.97 33.77 34.20 36.13 35.97 34.44 35.82 35.44 32.96 31.70 29.74 28.56 25.88 25.52 24.98 24.45 23.84 24.06 25.13 26.55 27.56 27.12 25.64 23.85 24.00 22.44 20.77 20.01 22.09 19.84 18.50 19.99 22.05 20.85 20.04 23.16 
21.55 19.24 16.47 15.70 16.06 13.45 13.18 14.18 13.74 12.84 12.17 9.69 7.22 5.87 0.00 6.04 6.88 10.93 13.32 16.79 19.41 21.47 21.54 21.25 20.16 19.64 18.54 16.47 15.00 14.61 15.45 13.30 12.96 14.21 16.11 15.60 15.79 15.72 16.36 15.92 15.05 14.87 13.93 12.80 12.44 12.13 12.97 12.26 13.75 14.57 10.83 11.23 9.42 10.71 10.65 13.09 14.85 17.51 18.63 19.93 20.34 19.39 16.42 15.50 15.32 14.12 12.45 12.02 13.94 12.78 10.99 11.35 11.03 11.90 12.32 14.54 16.88 19.52 20.86 22.97 23.42 24.51 25.93 25.91 22.30 22.03 23.81 21.78 18.98 20.61 20.83 17.54 16.90 18.70 17.24 14.73 15.28 17.02 16.28 17.13 16.94 16.43 17.13 19.31 16.41 16.71 16.35 17.27 17.24 19.16 20.09 22.54 24.39 26.27 25.58 27.54 30.06 30.67 29.16 29.09 30.33 30.59 31.28 29.44 27.91 28.92 29.62 27.59 27.19 28.13 27.35 26.92 27.49 28.45 28.70 29.32 30.07 31.58 31.73 32.25 31.76 32.63 33.23 35.12 34.93 33.10 34.69 34.25 31.91 30.41 28.70 27.42 24.80 24.27 23.73 23.40 22.38 22.75 24.08 25.45 26.00 25.96 24.70 23.27 22.91 21.68 19.68 19.45 20.89 19.21 17.01 18.58 20.86 20.49 19.38 22.34 
21.85 19.63 16.97 16.74 17.77 15.54 14.66 16.04 15.96 15.17 15.28 13.25 11.58 7.20 6.04 0.00 5.91 7.06 11.05 13.25 16.67 18.48 18.48 18.55 17.41 15.94 15.01 13.99 12.70 12.70 13.39 11.81 11.80 13.99 15.37 14.90 14.78 14.90 15.07 15.32 14.16 13.77 13.45 12.77 12.80 12.17 14.00 14.19 15.87 17.13 12.89 12.56 10.63 10.58 10.89 12.01 14.07 16.25 17.24 18.65 18.68 17.62 14.92 13.51 14.67 13.83 12.23 11.47 14.15 14.05 11.24 10.98 10.08 11.14 11.95 13.17 14.22 17.16 18.48 20.25 20.42 21.51 23.63 23.53 19.55 19.64 22.16 18.79 17.28 18.41 19.73 15.42 14.84 16.76 16.57 13.24 14.37 16.06 15.78 16.55 16.45 15.82 16.80 18.39 15.81 15.80 14.98 15.43 15.38 17.73 18.49 20.45 21.59 24.06 23.62 25.33 27.56 28.55 26.85 26.88 28.07 28.66 29.25 27.74 25.98 27.43 28.01 26.23 25.44 26.72 25.99 25.93 26.17 26.90 26.85 27.74 28.24 29.58 29.53 30.31 29.83 30.67 31.28 33.57 33.47 31.85 33.23 33.12 30.59 29.45 27.50 26.42 23.71 23.48 22.66 22.36 21.35 21.77 22.69 24.24 24.75 24.83 23.16 21.60 21.45 20.19 18.54 17.51 19.72 17.32 15.86 17.26 20.30 19.96 18.39 22.01 
22.53 20.53 18.27 18.42 18.76 17.63 17.22 18.41 18.85 18.10 18.53 16.96 14.55 10.91 6.88 5.91 0.00 5.45 6.51 10.29 12.71 14.52 15.03 14.98 15.09 13.19 13.25 12.77 12.27 11.01 13.33 12.31 13.03 14.64 16.20 15.15 14.57 14.65 14.90 14.83 13.63 13.76 13.21 14.12 14.12 14.10 15.69 17.08 19.05 19.74 15.86 15.14 12.27 11.90 10.53 12.07 12.33 13.16 14.21 15.54 15.59 14.47 11.19 10.40 12.12 11.99 10.29 10.26 14.06 14.40 11.15 10.84 10.64 10.17 10.42 12.31 12.70 14.26 15.96 18.07 17.66 17.98 20.23 20.57 17.13 17.07 18.52 15.37 14.16 15.59 16.38 12.43 12.46 14.68 14.45 12.13 13.01 15.32 15.17 16.07 16.21 15.82 17.34 19.06 16.05 15.37 14.42 14.73 14.46 15.70 16.65 18.64 19.65 21.87 21.56 23.35 25.42 26.36 25.23 25.24 26.68 27.37 28.35 26.55 25.08 26.52 27.40 25.34 24.46 25.64 25.16 25.06 25.01 25.57 25.48 26.38 26.74 28.06 27.70 28.51 28.06 28.89 29.26 31.66 31.81 30.19 31.74 31.65 29.41 28.40 26.49 25.26 22.65 22.31 21.61 21.13 20.17 20.61 21.42 22.86 23.55 23.18 21.53 20.05 19.56 18.60 17.16 16.46 18.26 16.42 15.83 16.35 19.37 18.96 18.92 22.85 
23.66 21.54 19.27 19.23 21.03 19.31 18.66 19.83 20.17 20.25 20.48 19.05 17.97 13.52 10.93 7.06 5.45 0.00 5.91 6.65 10.36 11.72 12.82 11.75 11.19 10.17 10.80 10.46 9.14 7.71 10.81 12.49 11.94 14.05 15.12 14.97 14.09 14.73 14.40 13.81 13.23 14.53 14.55 14.49 15.39 15.56 17.95 18.71 20.87 21.89 17.42 16.67 13.52 12.52 10.50 10.67 10.99 11.89 11.97 13.66 13.50 12.90 10.61 9.83 11.69 11.42 11.41 11.24 15.51 15.35 13.38 13.20 12.10 11.03 10.47 11.32 12.46 13.27 13.96 15.74 15.80 16.60 17.64 18.56 14.18 14.80 16.81 13.41 12.71 13.97 15.06 11.74 11.86 14.12 14.30 11.92 13.52 15.92 15.90 16.95 16.59 16.31 17.86 19.55 16.14 15.37 14.38 14.18 13.87 14.42 15.27 16.83 18.19 20.10 20.29 21.88 23.76 24.68 23.37 23.63 24.98 25.99 26.80 25.46 23.88 25.52 26.16 24.55 23.68 24.75 23.97 24.00 24.03 24.68 24.40 25.33 25.48 27.01 26.59 27.53 26.86 27.88 28.27 30.85 30.76 29.46 30.83 30.83 28.37 27.61 25.78 24.72 21.85 21.65 21.03 20.62 19.49 19.79 20.59 22.27 22.83 22.66 20.89 19.12 19.07 17.81 15.76 15.28 17.88 15.99 15.38 15.78 19.23 19.52 18.79 22.88 
25.39 23.46 21.23 21.15 22.96 21.70 21.39 23.11 22.95 22.81 23.28 22.31 21.02 17.32 13.32 11.05 6.51 5.91 0.85 5.70 7.28 9.78 9.83 10.29 9.47 9.70 9.47 9.82 9.69 10.09 12.38 13.44 13.30 15.14 16.35 16.17 14.95 15.38 15.30 15.29 14.41 15.81 16.34 16.80 17.32 18.14 20.32 21.59 23.35 24.44 20.30 19.24 15.09 14.63 11.94 10.92 9.97 11.29 10.70 11.13 11.48 11.55 9.25 8.98 11.17 12.03 11.91 13.05 16.65 17.70 15.74 15.94 13.78 13.28 12.01 11.62 11.80 12.43 12.67 13.93 14.34 14.19 16.30 16.43 12.61 12.87 14.74 12.65 11.25 12.65 13.70 11.21 11.97 14.75 14.50 12.58 14.33 17.56 17.44 17.67 17.35 17.26 18.82 20.36 16.49 15.80 14.69 14.11 13.29 13.91 13.84 14.92 16.19 18.98 18.59 20.13 22.16 23.36 22.00 22.53 24.07 24.99 26.03 24.70 23.38 24.82 25.61 24.02 23.56 24.35 23.38 23.38 23.63 24.03 23.83 24.61 24.92 26.31 26.07 26.86 26.10 27.28 27.81 30.22 30.22 28.61 30.30 30.38 28.17 27.51 25.54 24.56 21.81 21.47 20.57 19.96 18.68 19.16 20.36 21.25 21.95 21.93 20.32 18.50 18.39 17.03 15.15 15.59 17.90 15.86 14.59 15.92 19.55 18.75 18.73 22.18 
25.95 24.25 22.52 22.41 24.28 23.29 23.32 24.64 25.03 24.53 25.44 25.28 23.86 20.23 16.79 13.25 10.29 6.65 5.70 1.24 5.70 6.66 8.12 7.74 7.67 7.20 8.13 8.79 9.05 10.20 12.87 13.45 13.33 16.02 17.44 16.57 15.43 15.24 16.13 16.45 16.39 17.44 18.63 18.76 20.09 20.18 23.00 23.60 25.55 26.36 22.79 21.89 17.50 16.55 13.87 11.58 10.29 10.89 10.42 10.51 10.59 11.48 10.27 9.76 12.54 13.88 13.94 15.07 19.01 19.08 17.27 17.18 14.84 13.71 12.85 12.01 11.50 11.75 11.05 12.71 12.79 13.29 15.13 15.09 11.55 11.45 14.06 9.41 10.76 12.57 14.54 11.10 12.67 15.53 15.77 14.55 16.39 18.98 18.60 19.47 19.32 18.69 19.84 21.22 17.95 17.12 15.45 14.38 13.32 13.28 12.67 13.42 14.56 16.68 16.62 18.72 21.14 22.29 20.71 21.73 23.34 24.12 25.21 24.27 22.77 24.39 24.99 23.56 22.81 23.86 22.70 23.02 22.97 23.23 22.69 23.81 23.90 25.18 24.54 25.31 24.90 25.93 26.48 29.24 29.37 28.15 29.55 29.80 27.55 27.24 25.05 24.25 21.30 21.09 19.86 19.08 17.66 18.22 18.87 20.35 20.56 20.82 18.68 16.79 16.95 16.33 14.39 14.69 17.72 15.24 14.69 16.16 19.88 19.67 18.23 22.68 
27.87 26.52 25.33 25.03 27.16 26.23 26.43 27.50 28.02 28.22 28.12 27.99 26.59 22.89 19.41 16.67 12.71 10.36 7.28 5.70 1.54 5.36 6.31 7.77 9.85 9.51 9.86 11.46 12.01 12.37 15.09 15.82 15.21 17.51 18.91 18.17 16.63 17.16 17.70 18.06 18.95 20.35 21.54 21.87 22.92 22.89 25.29 25.77 27.99 29.14 25.47 24.02 20.01 19.25 15.64 13.43 10.74 11.10 9.86 9.86 10.29 11.91 11.14 10.50 13.63 15.76 15.98 17.28 20.62 21.08 18.75 18.72 17.04 15.45 14.38 13.14 12.11 11.60 11.20 12.48 12.13 11.56 12.46 12.30 7.96 10.50 10.75 6.42 8.65 13.37 13.67 9.91 12.28 16.75 17.08 16.16 17.42 20.56 20.05 21.21 21.58 20.98 21.29 23.18 20.17 19.12 16.97 16.09 14.93 14.10 13.08 14.09 14.80 16.53 15.88 18.54 21.06 22.09 20.35 21.76 23.58 24.54 25.47 24.67 23.42 24.97 25.61 24.17 23.30 24.28 23.16 23.66 23.40 23.49 22.80 23.98 24.00 25.16 24.01 25.07 24.45 25.57 25.74 28.39 28.97 27.62 29.33 29.45 27.17 27.34 25.01 24.06 21.01 20.86 19.48 18.99 18.10 18.23 18.82 20.29 21.02 20.25 18.12 16.73 17.09 15.99 14.95 15.41 18.35 16.00 15.81 16.70 20.93 19.39 19.49 23.39 
28.95 27.59 26.10 25.94 28.41 27.80 27.88 29.21 29.88 29.74 30.36 29.80 28.26 25.22 21.47 18.48 14.52 11.72 9.78 6.66 5.36 0.00 4.83 6.31 8.56 9.41 10.80 11.33 12.26 12.74 15.00 16.82 16.04 18.32 19.40 18.28 17.06 17.71 18.59 18.32 19.32 21.30 22.36 22.44 23.74 24.01 25.97 26.82 29.11 30.43 26.43 25.43 21.20 20.58 16.86 15.33 11.19 11.33 9.83 10.13 10.41 12.94 11.76 12.02 14.96 17.09 17.14 18.20 22.09 22.06 20.56 20.44 18.55 17.17 15.80 14.71 13.09 12.88 11.90 12.22 11.57 10.56 12.95 11.76 8.23 10.04 13.92 10.08 11.00 14.90 17.45 14.71 15.96 19.48 19.78 18.55 19.90 22.61 22.24 23.16 22.93 22.40 23.09 25.02 21.69 21.02 19.29 18.19 16.61 15.87 14.77 14.99 16.18 17.65 17.22 19.75 21.82 22.66 21.47 22.57 24.41 25.23 26.09 25.54 24.36 25.97 26.14 25.13 24.40 25.26 23.95 24.75 24.61 24.84 23.93 24.94 24.90 26.21 25.28 26.10 25.49 26.64 26.98 29.81 30.03 29.09 30.21 30.28 28.41 28.34 26.23 25.04 22.45 21.98 20.62 19.91 18.58 18.68 19.22 20.51 20.83 20.71 18.69 17.26 17.53 16.96 15.71 16.22 19.53 16.74 16.93 18.58 21.71 20.90 20.63 24.41 
30.38 28.59 26.73 26.42 29.33 28.50 28.53 29.51 30.42 30.44 30.86 30.30 28.98 25.64 21.54 18.48 15.03 12.82 9.83 8.12 6.31 4.83 0.00 5.39 6.91 8.64 9.59 11.39 12.37 13.33 15.17 16.36 16.04 18.70 19.47 19.10 18.24 18.51 19.03 19.48 20.61 21.73 22.25 22.36 24.14 23.88 25.63 26.67 29.22 30.27 26.09 25.20 21.18 20.61 17.03 15.81 12.27 12.29 11.15 11.56 12.66 14.61 13.88 14.06 16.66 17.98 18.61 19.75 23.59 23.49 21.88 21.65 19.81 18.22 17.16 15.62 13.66 12.82 11.39 12.43 12.04 11.67 12.57 13.78 10.87 12.16 14.86 13.45 12.90 16.49 18.53 16.76 16.93 20.70 21.18 20.23 21.09 24.19 24.06 24.67 24.49 23.68 24.49 26.20 22.57 21.66 20.16 18.95 17.25 16.79 15.64 15.49 16.59 18.57 17.70 19.75 22.10 23.09 22.02 23.17 24.85 25.43 26.44 25.66 24.75 26.08 26.51 25.25 25.02 25.77 24.32 24.91 25.17 25.08 24.27 25.10 24.98 26.58 25.80 26.73 25.78 27.04 27.32 29.86 30.24 28.87 30.55 30.92 28.81 28.67 26.47 25.40 22.56 22.06 21.07 20.23 18.83 18.89 19.11 20.01 20.22 20.27 18.50 17.22 17.43 17.14 15.64 16.77 19.76 17.54 16.57 18.09 22.61 21.06 20.88 23.64 
29.38 28.09 26.58 26.26 28.65 27.83 28.02 28.82 29.16 28.82 29.94 29.18 28.49 24.88 21.25 18.55 14.98 11.75 10.29 7.74 7.77 6.31 5.39 0.00 5.51 6.91 8.29 9.06 10.14 12.07 13.86 14.68 14.49 17.57 18.92 18.34 17.50 18.14 19.27 19.97 20.48 21.23 21.48 21.88 22.89 22.94 24.20 25.43 27.76 28.80 24.31 23.84 19.35 18.68 15.46 14.78 11.88 12.09 10.90 12.58 13.93 15.69 14.19 15.15 17.52 18.76 18.64 19.89 23.07 23.00 21.21 21.47 18.93 17.46 15.89 15.06 11.90 12.14 10.30 11.67 12.11 12.29 13.81 14.36 12.13 13.73 16.16 13.78 14.21 17.74 19.21 17.14 17.61 21.56 21.85 20.66 21.88 24.63 24.34 25.12 24.90 23.84 24.55 26.18 22.69 21.97 20.39 19.27 17.32 17.13 15.75 15.33 16.36 18.42 17.60 19.83 22.46 23.30 22.14 23.28 24.98 25.69 26.61 25.92 24.65 26.35 26.48 25.29 24.48 25.74 24.06 24.80 24.68 24.75 23.56 24.56 24.41 25.94 25.05 26.07 25.28 26.63 26.74 29.77 29.71 28.77 30.21 30.64 28.42 27.99 26.13 24.81 21.97 21.18 19.81 18.47 16.89 16.79 17.67 18.48 18.52 18.65 17.10 14.83 16.11 15.94 15.12 15.58 19.43 16.87 16.19 18.82 22.13 21.76 20.52 24.19 
29.89 28.91 27.68 27.29 28.83 28.47 27.97 28.51 28.68 28.34 28.59 28.26 27.34 23.55 20.16 17.41 15.09 11.19 9.47 7.67 9.85 8.56 6.91 5.51 0.91 5.49 6.73 7.98 9.28 10.42 13.04 13.53 13.89 16.48 18.58 18.06 17.84 18.65 20.06 19.94 20.65 21.18 21.64 21.61 22.53 21.82 23.33 24.30 26.84 27.41 23.22 22.23 18.66 18.00 14.94 14.17 12.49 13.59 13.27 14.52 15.25 16.93 16.27 16.30 18.87 19.73 19.66 20.56 23.60 23.17 21.02 21.01 19.38 17.63 15.85 14.33 11.81 12.55 11.35 13.15 13.61 14.68 15.78 17.22 14.15 15.78 18.34 16.01 16.68 19.95 21.82 19.06 19.81 23.42 23.63 22.67 23.52 26.02 25.44 26.15 26.37 25.00 25.55 27.24 24.09 23.09 21.32 20.27 18.16 17.87 16.74 16.56 17.10 19.00 17.87 20.17 23.47 24.36 22.61 23.93 26.10 26.75 27.69 26.74 25.86 27.15 27.60 26.10 25.60 26.54 25.08 25.60 25.54 25.16 24.06 24.99 24.86 26.19 25.12 26.47 25.63 26.90 26.68 29.64 30.11 28.94 30.67 31.11 28.58 28.37 25.91 24.48 21.47 20.82 19.36 17.71 16.25 16.12 16.63 17.56 17.96 17.29 15.48 13.35 15.28 15.08 14.49 15.51 19.25 17.42 16.57 18.22 22.45 21.35 21.18 24.89 
28.87 28.08 26.67 26.45 28.35 27.49 27.67 27.94 27.47 26.83 27.86 26.98 26.10 22.62 19.64 15.94 13.19 10.17 9.70 7.20 9.51 9.41 8.64 6.91 5.49 0.00 5.52 6.91 7.67 9.06 11.15 12.87 12.50 15.09 16.35 16.17 16.01 16.89 18.41 18.57 18.78 19.38 19.53 19.98 20.58 20.40 21.21 23.06 25.14 26.08 21.43 21.08 17.39 17.11 14.33 14.17 12.49 14.23 13.78 15.62 15.96 17.83 16.87 16.68 18.95 19.58 19.21 20.30 23.26 22.79 20.55 20.81 19.39 17.29 14.59 13.81 11.85 12.70 11.48 13.34 15.08 15.65 17.37 19.21 15.94 16.90 19.90 18.42 18.51 20.72 22.03 20.33 20.46 23.56 23.29 22.50 23.60 25.77 24.85 26.22 25.94 24.56 24.83 27.02 23.92 23.12 21.20 20.24 18.03 17.95 16.85 16.74 17.27 19.49 18.50 20.84 23.59 24.66 22.96 24.19 26.13 26.93 27.60 26.82 25.72 27.40 27.51 26.34 25.69 26.83 25.21 25.86 25.52 25.74 24.55 25.48 25.08 26.77 25.74 26.76 25.78 27.15 27.29 30.18 30.02 28.99 30.18 30.31 28.08 27.71 25.30 24.03 20.95 20.20 18.32 17.29 14.94 15.15 15.49 17.01 16.18 16.01 14.20 12.96 14.07 13.72 13.38 14.74 18.70 15.94 16.32 18.39 21.72 21.27 20.62 24.92 
28.60 27.62 26.15 25.55 27.57 26.86 26.58 26.77 26.15 25.76 26.61 25.95 25.05 21.63 18.54 15.01 13.25 10.80 9.47 8.13 9.86 10.80 9.59 8.29 6.73 5.52 0.75 5.89 7.32 7.24 8.33 10.76 11.37 13.12 14.31 14.35 14.23 15.34 17.06 17.44 17.62 17.52 17.78 17.77 19.04 18.80 19.87 21.22 23.10 24.10 20.40 19.27 15.92 15.82 13.59 13.25 12.28 14.80 14.23 16.24 16.95 18.39 17.15 17.40 19.09 19.61 19.20 20.15 23.12 22.74 20.03 19.99 18.80 16.15 13.75 12.96 12.12 12.49 11.72 14.76 16.35 17.29 18.52 20.83 18.33 18.97 20.04 19.33 18.85 20.57 22.42 20.52 21.19 23.18 23.21 22.35 23.57 25.38 24.49 25.50 25.59 24.08 24.48 26.78 23.61 22.75 20.79 19.84 17.60 18.06 17.34 17.35 18.01 20.21 19.68 21.71 23.93 25.12 23.67 24.76 26.25 26.96 27.83 26.89 25.81 27.47 27.90 26.76 26.09 27.20 25.75 26.32 25.97 26.36 25.16 26.07 25.48 27.28 26.36 27.29 25.88 27.48 27.59 29.99 29.87 28.86 30.25 30.12 27.48 27.23 24.97 23.32 20.53 19.68 18.03 17.17 15.08 14.95 14.96 16.24 15.12 14.99 13.71 12.89 13.45 13.20 13.12 14.54 18.02 15.88 15.47 17.31 21.64 20.76 20.47 23.48 
27.68 27.01 25.48 25.04 26.82 25.86 26.01 25.77 25.01 24.27 25.06 24.23 23.66 19.63 16.47 13.99 12.77 10.46 9.82 8.79 11.46 11.33 11.39 9.06 7.98 6.91 5.89 0.53 5.41 6.51 7.06 8.01 9.32 11.62 13.00 13.09 13.42 14.27 16.22 17.21 17.15 17.33 17.42 17.29 18.39 17.98 18.91 19.83 21.84 23.07 18.96 17.73 14.46 14.98 13.29 13.15 13.01 15.20 15.00 16.70 17.90 18.81 17.84 17.58 19.04 19.24 18.54 19.11 21.71 21.25 18.75 18.86 16.75 14.58 12.96 13.06 10.52 12.76 12.89 15.78 17.46 18.51 19.70 20.97 18.83 18.65 20.73 19.58 18.42 20.71 22.49 20.33 20.42 23.13 23.38 22.32 23.19 25.50 24.99 25.98 25.00 23.86 24.45 26.69 23.11 22.43 20.71 19.77 17.89 18.32 17.88 17.50 19.43 20.96 20.70 22.42 24.96 25.82 24.56 25.37 26.58 27.26 28.12 27.25 25.90 27.62 28.24 27.02 26.15 27.42 25.96 26.50 26.12 26.43 25.39 26.45 26.11 27.84 26.77 27.54 26.35 27.59 27.78 30.26 29.93 28.92 30.15 30.03 27.35 26.83 24.31 22.94 19.89 19.43 17.25 15.93 13.97 14.10 14.15 15.36 13.90 14.40 13.24 10.02 12.77 13.29 13.01 13.34 17.96 16.23 16.04 17.82 21.39 21.65 20.23 24.19 
27.07 26.37 24.72 24.09 25.49 24.71 24.28 23.85 22.97 22.32 22.92 22.18 21.42 17.03 15.00 12.70 12.27 9.14 9.69 9.05 12.01 12.26 12.37 10.14 9.28 7.67 7.32 5.41 1.64 5.01 6.96 6.47 6.96 9.59 12.08 11.77 12.18 13.70 15.06 15.90 16.04 16.22 16.13 15.75 16.93 16.15 17.48 18.04 20.52 21.30 17.89 17.53 15.28 15.84 13.32 14.64 14.28 16.22 16.10 17.30 17.67 19.08 17.89 17.60 18.84 19.07 18.11 18.45 20.56 19.84 17.48 16.94 14.89 13.17 12.49 10.85 9.10 12.07 13.13 14.96 16.97 18.54 20.13 20.94 18.78 18.54 21.15 19.46 18.39 20.92 23.00 20.22 20.15 23.54 23.63 22.46 22.90 25.39 25.07 25.87 25.09 23.82 24.34 26.25 22.93 21.87 20.50 19.91 17.69 17.93 17.61 18.30 19.87 21.40 20.95 22.64 25.33 26.37 24.75 25.50 26.71 27.57 28.22 27.50 26.01 27.70 28.28 27.23 26.27 27.47 25.91 26.68 26.20 26.64 25.43 26.47 26.06 27.63 26.57 27.36 25.92 27.28 27.33 29.59 29.34 28.18 29.59 29.55 26.51 25.97 23.69 22.00 18.56 18.10 16.43 14.94 13.29 12.87 12.73 13.08 12.76 13.24 10.19 7.30 11.28 12.47 11.41 11.52 16.97 15.97 15.51 15.99 21.52 20.57 20.25 23.72 
26.72 25.97 24.54 24.14 25.62 24.39 24.39 24.01 23.16 22.38 23.04 21.88 20.57 16.23 14.61 12.70 11.01 7.71 10.09 10.20 12.37 12.74 13.33 12.07 10.42 9.06 7.24 6.51 5.01 0.18 5.32 6.81 6.10 7.84 9.27 10.36 10.81 12.40 13.88 14.69 14.53 14.08 15.02 14.44 16.20 14.80 16.39 17.81 20.75 21.34 17.55 17.65 15.94 15.91 13.91 15.61 15.61 16.51 16.48 18.15 18.57 19.26 17.98 17.87 18.90 19.35 18.51 18.83 20.69 20.04 17.93 17.85 15.85 14.31 12.78 12.88 12.25 14.97 15.07 17.69 18.83 20.51 21.95 22.46 20.19 20.30 22.79 21.08 19.66 21.86 23.71 21.11 21.08 23.83 23.86 22.54 23.41 25.60 25.02 25.96 25.39 24.04 24.15 26.38 23.32 22.05 20.58 20.47 18.47 18.44 18.85 19.81 21.00 22.47 22.29 24.12 26.40 27.51 26.01 26.64 27.58 28.58 29.41 28.31 26.98 28.67 29.28 27.97 27.16 28.39 27.38 27.84 27.52 27.94 27.07 27.75 27.27 28.91 28.01 28.36 27.46 28.41 28.86 30.78 30.41 29.23 30.43 30.04 27.27 26.29 24.12 22.72 19.65 18.59 16.86 16.25 13.94 13.64 13.48 14.59 14.11 13.76 12.35 10.69 12.79 12.87 13.29 13.82 18.23 16.11 16.58 18.09 21.74 21.28 21.08 24.83 
27.46 26.73 25.20 24.63 26.16 25.06 24.61 24.31 23.52 22.52 23.25 22.21 21.74 17.28 15.45 13.39 13.33 10.81 12.38 12.87 15.09 15.00 15.17 13.86 13.04 11.15 8.33 7.06 6.96 5.32 1.42 5.97 7.27 7.49 8.23 9.29 10.85 12.30 14.00 14.69 14.79 14.88 15.05 14.42 16.27 15.99 17.53 18.63 20.96 21.70 19.03 18.40 15.92 16.50 15.11 16.56 16.82 18.10 18.26 19.78 20.71 21.17 19.91 19.72 20.60 20.93 20.03 20.17 22.06 21.65 19.15 18.62 17.07 15.97 14.44 15.02 15.42 17.23 18.22 20.03 21.16 22.33 24.83 25.33 22.93 22.88 25.39 23.69 21.69 23.54 25.31 23.13 22.88 25.09 24.77 23.94 24.55 26.31 25.44 26.51 26.34 24.78 24.59 26.80 24.66 23.36 21.75 21.52 20.35 20.65 20.95 21.78 23.09 24.63 24.56 26.11 28.25 28.97 27.89 28.17 29.07 30.09 30.83 29.55 28.31 29.98 30.69 29.18 28.39 29.89 29.08 29.40 29.09 29.68 28.96 29.57 29.01 30.64 29.85 30.57 29.15 30.49 30.54 32.62 32.22 30.99 31.90 31.65 28.84 27.94 25.46 23.82 21.06 19.99 18.26 17.36 15.33 15.09 14.17 15.08 13.48 14.41 14.03 12.93 13.98 14.70 14.88 16.04 19.77 17.79 17.29 18.23 23.64 22.21 22.15 24.31 
26.39 25.34 23.84 23.20 24.62 23.15 23.14 22.55 21.81 20.99 21.32 20.22 19.75 15.74 13.30 11.81 12.31 12.49 13.44 13.45 15.82 16.82 16.36 14.68 13.53 12.87 10.76 8.01 6.47 6.81 5.97 0.00 5.66 7.39 7.46 8.06 10.40 12.07 13.03 14.12 14.80 14.73 14.78 13.70 15.91 15.66 17.17 17.74 20.66 21.88 17.75 17.88 15.52 16.72 15.09 15.95 16.67 18.40 17.88 19.12 20.40 21.28 19.95 19.52 20.43 20.64 19.38 19.29 21.36 21.07 18.70 18.25 16.69 15.10 14.76 15.80 15.23 17.44 18.73 20.31 21.46 22.66 25.25 25.87 23.31 23.17 25.57 23.74 21.76 23.58 25.18 22.60 22.17 24.71 24.74 23.38 24.11 26.17 25.79 26.72 26.01 24.59 24.78 26.91 24.06 23.23 21.77 21.40 20.34 20.80 20.86 21.35 23.18 24.43 24.35 26.22 28.46 29.19 27.62 28.35 29.18 29.93 30.73 29.72 28.64 30.47 30.84 29.40 28.51 30.01 28.98 29.28 29.11 29.56 28.84 29.38 29.07 30.56 29.84 30.45 29.34 30.25 30.54 32.66 32.38 31.05 31.98 31.73 28.65 27.89 25.14 23.95 20.74 20.10 18.03 16.80 14.21 13.98 13.60 13.05 11.50 13.91 13.76 10.96 13.25 14.79 14.60 15.05 19.27 18.17 17.89 19.36 22.66 22.73 21.71 25.07 
25.54 24.76 23.28 22.72 23.58 22.81 22.55 21.84 20.88 20.05 20.91 19.72 18.81 14.84 12.96 11.80 13.03 11.94 13.30 13.33 15.21 16.04 16.04 14.49 13.89 12.50 11.37 9.32 6.96 6.10 7.27 5.66 0.00 5.88 7.85 8.14 9.70 11.27 12.62 12.92 13.83 13.59 13.51 12.85 15.05 14.76 16.47 17.56 20.69 21.56 17.65 17.83 16.06 16.62 14.94 15.96 16.74 17.52 17.36 18.34 19.47 20.60 19.25 18.74 19.94 20.05 19.14 18.95 20.92 20.65 18.04 18.31 16.17 14.73 14.71 15.59 15.21 16.62 18.40 20.14 21.80 22.67 25.19 25.75 23.51 23.08 25.17 23.40 21.25 23.81 24.65 21.69 21.00 24.59 24.07 22.85 23.40 25.95 25.34 26.10 25.41 23.88 24.46 26.45 23.51 22.57 21.75 21.61 20.49 20.79 21.22 21.88 23.21 24.69 24.79 26.31 28.61 29.27 27.86 28.25 29.30 30.27 30.98 30.27 29.01 30.77 31.34 29.98 29.10 30.55 29.38 29.97 29.65 30.15 29.28 30.05 29.58 30.96 30.15 30.84 29.42 30.57 30.68 32.66 32.42 31.20 32.38 31.93 28.58 27.93 25.25 23.80 20.20 19.54 18.26 16.84 14.73 13.96 13.78 14.22 13.93 14.54 13.86 11.58 14.47 15.44 15.20 14.94 19.51 17.99 18.40 18.01 23.38 21.76 22.55 25.40 
26.81 25.94 24.52 24.02 25.61 24.31 23.95 23.57 22.75 22.06 22.58 21.51 20.06 16.36 14.21 13.99 14.64 14.05 15.14 16.02 17.51 18.32 18.70 17.57 16.48 15.09 13.12 11.62 9.59 7.84 7.49 7.39 5.88 0.00 6.48 8.07 9.12 10.67 12.72 13.26 13.86 12.99 13.65 13.38 16.66 16.15 18.44 19.60 22.55 23.90 19.90 19.61 17.69 17.64 16.11 17.09 17.44 17.58 17.51 19.27 20.79 21.15 19.58 19.46 20.64 21.22 20.36 20.48 21.79 21.48 19.80 19.41 17.57 16.22 16.69 17.97 17.92 19.65 20.49 22.34 23.67 24.29 26.87 27.74 24.93 24.70 27.12 24.97 22.82 24.76 25.91 23.03 22.47 25.42 25.22 23.84 24.59 26.99 25.98 27.36 26.40 24.87 25.03 27.43 24.47 23.27 22.32 22.63 21.72 22.08 22.66 23.66 25.05 26.58 26.57 28.29 30.02 31.35 29.83 30.63 31.07 32.09 32.97 32.30 30.69 32.48 33.08 31.76 30.82 32.34 31.56 32.13 31.67 32.13 31.61 32.50 31.87 33.48 32.48 33.23 31.80 33.14 33.22 35.43 34.61 33.45 34.11 33.90 30.56 29.58 26.90 25.97 22.67 21.44 19.92 19.38 17.13 16.46 15.90 17.40 17.55 17.68 16.84 15.89 17.52 17.52 16.96 17.88 21.47 19.50 19.77 20.71 23.89 23.76 23.59 26.47 
27.96 27.37 25.88 25.42 26.45 25.49 24.49 24.56 23.44 22.50 23.13 22.52 21.24 17.14 16.11 15.37 16.20 15.12 16.35 17.44 18.91 19.40 19.47 18.92 18.58 16.35 14.31 13.00 12.08 9.27 8.23 7.46 7.85 6.48 0.00 6.21 8.26 9.52 11.92 12.91 13.20 13.10 14.40 14.53 17.56 17.44 20.35 21.83 24.39 24.54 21.40 20.22 18.22 17.86 16.93 17.04 17.91 17.99 17.94 19.48 21.09 21.47 19.79 19.86 21.35 21.67 20.70 21.15 22.53 22.60 20.58 20.72 19.00 18.44 18.39 19.34 19.65 20.76 21.88 23.95 24.98 25.30 28.09 28.52 25.72 25.56 28.32 26.17 23.21 25.07 26.66 23.84 23.00 25.59 25.26 24.29 24.95 26.82 25.89 27.07 26.99 25.27 25.40 27.74 25.60 24.43 23.15 23.33 22.77 23.37 23.87 24.82 26.12 27.61 27.62 29.03 31.08 31.83 30.74 31.21 32.20 33.23 33.98 32.91 31.54 33.44 34.07 32.53 31.69 33.24 32.65 32.93 32.49 33.21 32.72 33.40 33.06 34.51 33.78 34.28 32.94 34.20 34.41 36.54 36.31 34.51 35.62 35.10 32.08 30.90 28.12 26.92 23.99 22.73 21.08 20.66 18.55 17.47 17.13 18.30 18.40 18.78 18.27 17.33 18.53 18.72 18.69 19.07 23.03 20.91 20.31 21.14 26.05 24.26 24.55 26.10 
26.83 26.02 24.80 24.12 25.31 23.96 23.71 23.53 22.32 21.72 22.65 21.61 20.50 16.93 15.60 14.90 15.15 14.97 16.17 16.57 18.17 18.28 19.10 18.34 18.06 16.17 14.35 13.09 11.77 10.36 9.29 8.06 8.14 8.07 6.21 0.00 6.85 7.59 9.25 10.76 11.24 11.31 12.50 12.60 16.51 16.03 19.68 21.13 23.89 24.38 20.13 19.37 17.50 17.19 15.30 14.92 15.65 16.41 15.37 16.86 19.02 19.65 18.19 17.73 19.60 20.01 18.61 19.12 21.33 21.07 18.74 19.16 18.16 17.01 17.20 18.29 18.45 19.41 20.34 22.55 23.46 24.13 26.41 27.37 24.65 24.21 26.53 24.39 22.07 23.75 24.98 21.84 21.38 24.00 23.96 22.47 23.41 25.47 24.82 26.04 25.39 23.70 24.06 26.54 23.91 22.74 21.60 21.58 21.27 21.76 22.18 22.98 25.01 26.07 25.95 27.62 29.50 30.38 29.17 29.73 30.87 31.66 32.37 31.03 30.24 32.19 32.74 31.12 30.51 32.08 31.38 31.58 31.47 32.01 31.64 32.28 32.05 33.58 32.63 33.19 32.18 33.28 33.36 35.75 35.32 33.89 34.48 34.18 30.90 29.80 27.12 25.93 23.00 21.75 20.27 19.69 17.96 16.76 16.47 17.58 17.39 17.87 17.67 15.93 16.86 17.48 17.19 17.48 21.19 19.64 19.53 21.19 24.24 24.11 23.21 25.99 
26.34 26.08 25.09 24.44 24.99 24.51 24.49 24.19 22.69 22.43 23.36 21.96 20.13 17.09 15.79 14.78 14.57 14.09 14.95 15.43 16.63 17.06 18.24 17.50 17.84 16.01 14.23 13.42 12.18 10.81 10.85 10.40 9.70 9.12 8.26 6.85 1.86 5.48 7.54 8.74 9.65 9.98 11.49 12.05 16.27 16.60 20.09 21.76 24.70 25.29 21.27 20.19 17.90 17.02 15.05 14.34 14.95 14.45 13.17 14.56 17.72 18.07 16.47 15.93 18.40 18.26 17.33 17.79 20.62 20.29 17.75 17.87 16.97 15.84 15.95 16.76 17.29 18.55 19.52 21.43 22.87 23.11 25.60 26.49 24.22 23.32 25.06 23.54 21.34 23.15 23.76 20.74 20.34 23.59 23.03 21.69 22.72 24.88 24.31 25.08 24.37 22.58 23.13 25.59 22.90 21.43 20.64 20.88 20.25 20.93 21.66 22.90 24.55 25.54 25.66 26.81 28.99 29.49 28.29 28.80 30.11 30.98 31.59 30.48 29.35 31.45 32.12 30.65 30.12 31.68 30.94 31.42 31.34 31.88 31.41 32.13 32.03 33.26 32.44 33.09 31.96 33.10 33.23 35.27 35.44 33.50 34.87 34.05 30.79 29.73 26.94 25.50 22.44 21.78 20.10 19.30 17.90 16.91 16.89 18.61 18.81 18.52 17.59 16.81 18.52 17.84 17.75 17.76 21.14 19.37 19.62 20.61 24.82 22.84 23.54 26.67 
26.56 25.96 24.85 24.44 25.66 24.45 24.38 24.34 23.03 22.46 23.42 22.01 20.36 17.53 15.72 14.90 14.65 14.73 15.38 15.24 17.16 17.71 18.51 18.14 18.65 16.89 15.34 14.27 13.70 12.40 12.30 12.07 11.27 10.67 9.52 7.59 5.48 0.00 5.13 5.95 7.99 9.13 11.13 11.77 15.92 16.65 20.43 22.12 25.06 26.15 21.41 20.43 17.62 16.13 13.37 12.17 12.28 11.47 10.21 11.61 16.13 16.86 14.76 14.70 17.63 17.71 16.77 17.53 20.10 19.60 17.30 17.40 16.38 15.49 16.08 16.64 17.29 18.66 19.83 21.52 22.49 22.81 25.46 26.25 23.81 22.79 25.09 23.34 21.08 22.57 23.50 20.75 20.29 23.07 22.97 21.78 22.68 24.76 24.14 25.05 24.20 22.57 23.02 25.28 22.32 20.99 20.57 20.49 19.90 20.48 21.42 22.43 23.91 25.09 25.17 26.77 28.53 29.41 28.30 28.68 29.90 30.72 31.49 30.44 29.13 31.01 31.59 30.18 29.49 31.06 30.53 30.81 30.68 31.31 31.03 31.48 31.37 32.48 32.01 32.46 31.70 32.56 33.02 35.14 34.74 33.25 34.19 33.53 30.34 29.26 26.73 25.36 22.42 21.55 20.02 19.26 17.78 17.14 17.36 19.12 20.23 19.61 18.53 17.33 18.74 18.15 17.53 17.78 21.23 19.32 19.50 21.19 23.85 23.47 23.22 26.04 
