2.11 4.69 7.06 7.35 10.46 12.15 11.26 11.93 13.90 13.98 14.72 16.29 16.70 16.20 18.00 19.63 19.48 19.79 22.16 22.93 22.82 22.63 23.86 22.84 20.12 19.99 20.88 19.19 16.27 16.87 18.44 17.86 17.57 18.59 18.86 18.17 19.35 20.40 20.25 20.08 20.75 20.48 21.01 20.62 18.91 17.69 17.89 17.08 15.72 14.63 16.58 16.77 17.24 18.80 20.52 20.25 21.04 23.09 24.50 23.94 24.68 24.82 24.92 25.06 25.52 24.82 23.76 23.22 24.36 23.65 22.30 22.36 24.15 23.88 22.00 23.52 24.07 25.12 23.54 24.13 23.75 25.51 24.94 24.24 23.66 25.56 25.96 23.75 21.57 24.46 26.49 24.30 30.13 
4.69 1.53 4.74 5.24 8.65 9.17 8.49 9.77 11.49 11.34 12.39 13.27 14.41 14.15 16.42 16.75 17.57 17.34 20.47 20.80 21.16 20.86 22.20 21.15 19.06 18.46 19.58 16.96 15.26 14.99 16.76 15.11 15.60 16.05 16.37 15.15 17.17 18.12 18.07 17.58 18.77 18.19 18.95 18.31 16.62 15.56 16.26 14.62 13.34 12.72 15.15 14.05 15.35 16.49 19.17 17.71 19.22 20.97 22.87 21.65 22.78 22.96 23.09 23.22 24.02 23.34 22.06 21.10 22.77 21.86 20.75 20.65 22.88 22.07 20.36 21.58 22.15 23.35 21.54 22.02 21.90 23.26 22.48 22.32 22.96 23.27 23.20 21.73 19.90 24.10 24.20 23.70 30.87 
7.06 4.74 1.28 4.52 7.87 8.64 7.52 9.24 11.41 11.24 12.13 13.08 13.95 13.95 16.15 17.09 17.00 17.17 20.14 20.87 21.07 20.85 22.53 22.05 19.56 19.29 20.20 18.26 15.35 15.86 17.33 15.62 15.37 16.56 17.16 15.76 17.25 18.68 19.02 18.24 18.88 18.51 19.32 18.23 16.35 15.22 16.33 14.75 13.98 13.33 15.56 14.19 15.61 16.87 19.16 18.09 19.78 21.66 23.07 22.02 23.40 23.70 23.25 23.79 25.19 24.63 22.04 21.95 23.76 23.00 21.07 21.49 23.76 23.19 20.16 21.53 21.87 23.26 21.09 21.80 21.50 23.49 22.28 22.48 22.91 24.24 23.78 23.08 20.49 23.44 25.27 23.54 29.47 
7.35 5.24 4.52 0.50 4.28 6.38 5.37 7.25 9.18 9.51 9.71 11.31 12.26 11.13 13.67 15.16 15.55 14.97 18.67 19.32 19.81 19.92 21.76 20.99 18.32 17.93 19.25 16.72 13.12 13.48 15.92 13.42 13.67 15.02 15.94 14.19 16.50 17.51 17.94 16.88 18.29 17.31 18.30 17.59 15.98 14.42 15.70 14.04 12.75 11.63 14.42 12.74 14.32 15.67 17.71 16.45 18.54 20.49 21.23 20.51 21.91 22.00 20.74 21.71 23.49 22.73 19.68 19.86 22.64 21.23 18.61 19.52 22.51 21.84 18.38 20.12 20.69 21.72 19.28 20.81 20.58 22.51 20.93 21.63 22.63 23.19 23.03 21.06 19.81 23.22 26.01 23.70 33.44 
10.46 8.65 7.87 4.28 2.38 6.76 6.61 7.23 9.24 10.39 11.35 12.37 13.54 13.49 14.62 16.56 17.24 17.67 20.80 21.86 22.31 21.93 23.17 22.73 20.33 20.34 20.93 18.82 16.08 16.08 16.94 15.45 15.80 16.97 17.29 15.56 17.81 18.84 18.86 18.55 20.04 19.26 20.47 20.07 18.62 16.53 17.94 15.73 14.56 13.27 16.28 14.77 15.38 16.38 18.95 17.16 18.68 20.61 21.88 21.07 21.96 22.18 21.87 22.49 23.11 22.86 21.31 20.78 22.72 21.87 19.82 19.82 22.08 22.25 19.51 21.13 21.11 22.66 20.40 21.49 20.91 22.94 21.00 21.50 21.71 24.17 23.72 22.59 22.56 23.14 24.42 23.47 26.57 
12.15 9.17 8.64 6.38 6.76 1.06 5.92 7.67 8.15 8.54 10.23 12.12 12.77 13.50 15.16 15.64 16.65 16.76 19.56 20.92 21.75 21.50 22.93 22.16 20.47 20.36 20.54 18.45 16.79 16.23 16.89 15.00 15.56 15.90 15.88 14.88 17.34 18.70 18.64 18.30 20.05 19.34 20.38 20.01 17.86 16.98 17.53 15.27 14.01 14.17 15.96 14.61 14.96 16.68 18.64 17.13 18.31 20.44 21.80 20.64 21.72 21.82 21.60 22.19 22.53 22.26 21.01 20.15 21.87 21.43 19.62 19.77 22.03 22.03 19.42 21.15 20.76 22.98 20.06 21.51 20.56 22.73 20.22 22.16 22.56 24.59 23.07 22.01 20.54 23.51 23.73 23.90 29.45 
11.26 8.49 7.52 5.37 6.61 5.92 0.77 5.64 7.35 6.38 7.32 9.51 10.08 10.11 12.50 13.56 13.25 13.32 16.53 18.44 18.99 19.27 20.95 20.62 18.05 17.99 18.74 16.25 13.77 14.17 15.14 12.38 12.68 13.98 14.43 11.96 14.86 16.94 16.99 15.45 17.29 17.00 18.30 16.58 14.85 13.84 15.05 12.31 11.13 11.30 13.18 11.01 12.26 14.24 16.34 14.32 16.19 18.74 20.02 18.89 20.51 20.86 20.22 20.75 22.16 21.72 19.12 18.66 21.43 20.30 17.38 17.79 20.73 20.09 16.94 18.58 18.46 20.14 17.62 18.78 17.80 20.00 17.93 18.98 19.61 21.88 20.68 21.04 20.26 21.48 22.10 22.17 27.47 
11.93 9.77 9.24 7.25 7.23 7.67 5.64 0.00 5.98 7.08 6.44 7.99 9.77 9.78 11.32 12.77 13.85 13.69 16.69 18.14 19.26 19.67 21.10 21.13 18.36 18.53 19.54 17.09 14.40 14.35 16.01 12.64 13.72 14.99 15.26 12.98 15.65 17.65 17.71 16.13 18.12 18.08 18.93 17.95 16.30 16.17 16.90 14.15 12.62 12.93 14.68 12.50 13.51 15.70 17.24 15.39 16.82 19.56 20.07 19.08 20.28 21.18 19.64 20.51 21.68 21.85 18.45 18.41 21.12 20.35 16.89 17.78 20.72 20.28 16.71 19.58 18.51 20.01 17.29 19.45 18.39 20.44 17.92 20.27 20.81 22.21 21.14 20.81 19.41 21.98 22.34 22.97 29.60 
13.90 11.49 11.41 9.18 9.24 8.15 7.35 5.98 1.56 5.90 7.24 7.28 8.98 10.13 12.45 13.10 14.05 14.91 17.46 18.49 19.38 19.82 21.57 21.38 19.31 19.54 20.12 18.28 16.31 15.69 16.42 13.92 15.06 15.41 15.23 14.39 17.32 18.39 17.84 17.63 20.07 19.62 20.99 20.28 19.35 18.36 19.35 16.90 15.94 15.09 17.84 15.29 15.98 17.37 18.98 17.12 18.33 20.23 21.48 20.49 21.63 21.25 20.97 21.36 21.87 21.94 20.25 19.07 21.31 20.63 17.98 18.14 20.93 20.77 17.99 20.34 19.14 20.99 18.41 20.61 19.84 21.62 19.15 21.10 22.06 22.88 21.83 22.36 22.55 23.66 24.05 24.78 27.43 
13.98 11.34 11.24 9.51 10.39 8.54 6.38 7.08 5.90 0.12 5.50 7.37 6.88 7.37 10.12 11.06 11.34 12.08 14.93 15.20 16.71 17.49 19.31 18.69 16.17 17.30 18.25 15.74 13.07 12.67 13.83 11.65 12.35 12.61 12.69 12.03 15.03 16.46 16.25 16.26 18.91 18.40 19.81 19.35 17.63 16.85 17.91 15.19 13.55 13.24 15.73 12.98 13.16 15.26 17.69 15.29 16.42 18.46 19.82 18.54 19.62 19.36 19.16 19.73 19.63 19.79 18.17 16.84 18.99 18.61 16.16 16.72 19.39 19.31 15.94 18.64 17.29 19.84 16.97 19.43 18.49 20.40 17.62 19.86 21.33 21.73 20.43 20.13 19.84 22.81 22.52 22.47 26.52 
14.72 12.39 12.13 9.71 11.35 10.23 7.32 6.44 7.24 5.50 0.62 5.55 6.83 5.47 7.32 9.05 9.15 9.94 12.83 14.06 14.85 15.92 17.63 17.54 14.62 15.33 16.07 13.97 11.51 11.64 12.92 10.72 11.49 12.57 12.91 11.65 14.43 16.44 16.32 15.90 18.39 17.84 19.20 18.12 16.13 15.43 16.47 13.84 12.07 12.12 14.39 11.25 11.44 14.41 16.34 14.21 15.24 18.58 19.11 17.83 18.82 19.46 18.95 19.39 19.50 19.74 17.28 16.46 18.72 17.99 15.12 15.38 18.22 18.18 14.32 17.32 15.77 18.60 15.87 18.12 16.43 19.06 16.24 18.40 19.40 20.42 19.07 19.34 19.18 21.70 21.78 21.72 25.61 
16.29 13.27 13.08 11.31 12.37 12.12 9.51 7.99 7.28 7.37 5.55 0.00 6.04 6.71 7.29 8.10 9.81 10.25 13.06 14.35 15.85 15.59 17.70 18.40 15.75 15.96 16.98 15.33 13.16 13.10 14.41 11.18 12.89 14.53 14.89 13.86 15.92 17.55 17.62 16.83 19.18 19.03 19.80 18.72 17.82 17.23 17.34 15.03 13.81 13.91 15.25 13.49 14.07 15.42 17.09 15.52 16.25 18.75 19.50 18.49 19.61 20.14 19.35 19.78 20.06 20.56 17.63 17.16 19.19 18.66 15.30 16.05 18.45 17.88 14.98 17.96 16.58 18.71 15.81 18.56 17.69 19.77 16.96 19.62 20.68 21.27 19.96 20.67 19.46 22.74 22.59 23.18 25.17 
16.70 14.41 13.95 12.26 13.54 12.77 10.08 9.77 8.98 6.88 6.83 6.04 0.58 5.56 7.82 7.52 8.06 9.58 12.84 13.52 14.50 14.85 16.48 17.01 14.62 15.32 16.24 14.14 11.68 11.96 13.18 9.78 11.81 14.61 14.59 13.37 16.46 18.21 17.27 16.68 19.14 18.90 19.15 18.15 17.53 16.15 17.45 14.75 14.50 12.81 15.81 13.17 13.73 14.70 16.84 15.38 16.26 18.13 18.75 18.41 19.15 19.21 18.76 18.93 19.29 19.48 16.99 15.91 18.34 17.71 13.90 15.13 17.37 17.05 13.53 17.15 16.12 18.37 15.67 18.37 17.65 19.96 17.25 19.43 20.36 21.73 20.22 20.66 19.63 22.53 22.78 22.85 23.97 
16.20 14.15 13.95 11.13 13.49 13.50 10.11 9.78 10.13 7.37 5.47 6.71 5.56 0.00 5.38 6.68 5.55 6.27 9.55 10.59 11.57 12.75 14.82 14.00 10.78 12.59 14.90 11.95 7.97 8.78 12.59 10.03 10.34 12.98 14.11 12.93 15.62 17.38 16.80 16.19 18.55 17.87 18.65 18.14 16.46 14.70 15.69 13.37 11.53 10.19 13.41 10.79 11.20 12.75 15.15 12.77 14.42 16.76 17.43 16.07 17.43 17.39 16.72 17.13 17.00 17.35 14.73 13.77 15.92 15.26 10.57 12.21 15.29 14.44 10.79 14.97 14.66 17.40 14.18 17.01 16.61 18.56 15.36 17.75 19.26 19.82 18.61 18.63 17.36 21.02 20.81 20.74 22.55 
18.00 16.42 16.15 13.67 14.62 15.16 12.50 11.32 12.45 10.12 7.32 7.29 7.82 5.38 0.31 6.24 7.33 6.43 8.53 10.40 11.79 13.24 14.93 14.37 12.35 13.69 15.02 13.40 11.07 11.92 13.67 12.44 12.99 15.01 15.75 14.36 15.96 18.21 18.10 17.33 19.22 18.97 19.80 19.09 17.68 16.09 17.09 14.46 13.37 12.44 14.60 11.78 12.14 13.66 15.35 12.74 14.38 17.19 16.81 15.18 17.26 17.78 16.67 16.52 17.23 17.29 14.92 13.75 16.44 15.86 11.50 12.71 15.55 15.63 12.68 16.11 15.40 18.53 15.43 17.94 17.06 19.20 16.23 18.91 20.39 21.09 19.10 19.82 19.14 22.09 21.20 21.34 23.68 
19.63 16.75 17.09 15.16 16.56 15.64 13.56 12.77 13.10 11.06 9.05 8.10 7.52 6.68 6.24 0.00 5.98 6.96 7.87 9.27 11.68 12.28 13.90 14.88 13.61 13.82 15.04 13.95 12.66 12.94 14.47 12.64 13.70 15.71 16.48 15.43 16.69 18.55 18.96 18.34 19.89 19.52 20.31 19.33 18.10 17.21 17.55 15.18 14.41 13.78 14.88 13.15 13.62 13.87 15.71 13.89 14.93 17.02 17.03 15.38 17.27 17.81 16.50 16.57 16.57 17.25 14.06 13.90 15.76 15.27 12.29 12.96 15.49 16.02 14.21 17.17 16.23 19.22 16.66 18.53 17.88 20.01 17.58 19.98 21.34 21.80 20.39 21.42 20.04 22.90 21.89 22.44 24.17 
19.48 17.57 17.00 15.55 17.24 16.65 13.25 13.85 14.05 11.34 9.15 9.81 8.06 5.55 7.33 5.98 0.45 5.62 8.19 7.69 9.82 11.27 12.96 13.92 12.44 13.89 15.33 13.47 10.92 12.34 14.81 11.54 12.83 15.62 16.96 14.85 17.62 19.35 18.95 17.90 19.98 19.84 20.00 18.23 17.33 16.36 17.33 14.57 13.69 12.58 14.81 12.55 12.71 13.45 15.69 13.78 14.23 16.29 17.11 15.84 16.67 16.60 16.19 15.99 16.03 15.65 13.11 12.73 15.02 14.35 9.34 12.16 14.89 15.11 12.95 16.89 15.82 19.12 16.49 18.72 17.55 20.32 18.15 20.15 21.33 22.36 20.92 21.10 20.40 22.89 22.97 23.36 25.07 
19.79 17.34 17.17 14.97 17.67 16.76 13.32 13.69 14.91 12.08 9.94 10.25 9.58 6.27 6.43 6.96 5.62 0.00 5.75 7.16 8.22 9.52 11.78 12.55 11.47 13.51 15.20 13.37 11.14 12.27 14.51 12.04 13.21 15.64 16.76 15.04 17.65 19.96 19.65 18.85 21.24 20.96 21.35 20.23 18.41 17.30 18.19 15.34 13.94 12.80 14.89 12.11 12.14 12.96 15.54 12.37 13.45 15.80 16.80 14.91 16.34 16.44 15.80 16.09 15.91 15.57 12.39 11.52 14.33 12.09 7.89 10.68 14.85 14.78 12.85 16.65 16.25 19.37 17.02 18.95 18.41 20.43 17.94 20.11 22.04 21.86 20.48 20.89 20.04 22.88 22.15 22.18 24.91 
22.16 20.47 20.14 18.67 20.80 19.56 16.53 16.69 17.46 14.93 12.83 13.06 12.84 9.55 8.53 7.87 8.19 5.75 1.57 6.23 8.19 9.29 11.86 12.75 12.48 14.18 15.59 14.99 14.06 15.22 16.17 14.68 15.88 17.84 19.05 17.43 19.72 22.03 22.45 21.52 23.64 23.45 23.96 23.15 21.23 19.82 20.55 17.82 16.48 15.85 17.59 14.91 14.85 15.93 17.69 15.29 16.38 18.57 18.80 17.06 18.77 19.01 17.91 17.85 18.43 18.29 15.19 14.81 16.65 16.22 12.80 14.75 17.93 18.89 16.55 19.55 18.97 21.98 19.90 21.42 20.61 22.55 20.26 22.53 24.45 24.11 22.11 22.92 23.36 24.28 23.96 24.26 26.78 
22.93 20.80 20.87 19.32 21.86 20.92 18.44 18.14 18.49 15.20 14.06 14.35 13.52 10.59 10.40 9.27 7.69 7.16 6.23 0.07 5.97 7.61 9.64 10.77 11.60 12.59 14.48 13.92 13.55 14.14 16.49 14.98 16.30 18.31 19.41 18.24 20.22 22.11 22.60 22.04 24.23 23.85 24.45 23.57 21.71 20.12 20.80 18.37 16.81 16.14 17.52 15.75 15.36 16.04 18.13 16.53 16.82 19.35 19.77 18.44 19.33 20.17 18.82 18.88 18.47 18.50 15.39 15.02 16.43 16.19 14.35 15.97 18.51 19.45 17.97 20.39 19.72 22.57 20.61 21.97 20.82 22.66 21.01 23.24 24.83 24.54 23.09 23.66 23.32 25.41 24.11 24.31 26.74 
22.82 21.16 21.07 19.81 22.31 21.75 18.99 19.26 19.38 16.71 14.85 15.85 14.50 11.57 11.79 11.68 9.82 8.22 8.19 5.97 1.59 6.50 8.74 9.97 11.03 12.25 14.83 13.88 13.09 14.72 16.33 14.80 16.66 19.45 20.02 18.73 21.40 23.57 23.40 22.93 25.51 25.33 25.92 24.64 22.75 21.49 22.37 19.79 18.43 17.02 18.60 16.89 16.55 17.35 19.65 17.93 18.22 20.63 21.46 20.24 20.77 21.08 20.89 20.54 19.73 19.45 17.22 16.52 17.80 17.41 15.13 17.53 19.63 20.27 18.62 21.75 21.08 23.87 21.82 23.67 22.32 24.26 22.57 24.64 26.08 26.34 24.81 24.98 25.37 25.73 25.91 25.77 27.93 
22.63 20.86 20.85 19.92 21.93 21.50 19.27 19.67 19.82 17.49 15.92 15.59 14.85 12.75 13.24 12.28 11.27 9.52 9.29 7.61 6.50 0.47 6.54 8.33 9.17 10.69 13.04 12.48 12.59 14.22 15.92 14.37 16.43 18.71 19.77 18.91 21.40 23.59 23.79 23.62 25.56 25.63 26.43 25.60 23.18 22.12 22.61 20.03 17.95 17.36 18.72 16.70 16.44 17.30 19.32 17.85 18.32 20.36 21.06 20.44 21.35 21.41 20.58 20.84 20.59 20.31 18.18 17.61 18.68 18.26 16.04 18.12 20.73 20.73 19.48 22.42 21.71 24.07 22.08 23.88 22.68 24.48 22.31 24.70 26.47 26.36 24.18 24.57 25.34 26.47 25.20 25.09 27.74 
23.86 22.20 22.53 21.76 23.17 22.93 20.95 21.10 21.57 19.31 17.63 17.70 16.48 14.82 14.93 13.90 12.96 11.78 11.86 9.64 8.74 6.54 2.58 6.53 8.02 9.44 11.85 12.12 12.42 14.28 15.80 15.86 17.19 19.22 20.81 20.68 22.34 24.42 25.02 24.88 26.70 26.49 27.63 26.73 24.79 23.35 23.99 21.01 18.86 18.76 20.10 17.85 17.73 18.75 20.35 18.86 19.54 21.56 21.75 21.09 22.44 22.42 20.78 21.38 21.74 21.45 18.78 18.65 20.67 20.32 17.76 19.84 22.18 22.83 21.33 23.61 23.02 25.28 23.11 24.99 23.99 25.16 22.87 25.37 26.65 26.38 24.12 24.92 26.65 26.68 25.86 26.11 28.38 
22.84 21.15 22.05 20.99 22.73 22.16 20.62 21.13 21.38 18.69 17.54 18.40 17.01 14.00 14.37 14.88 13.92 12.55 12.75 10.77 9.97 8.33 6.53 0.68 5.80 7.20 10.02 10.99 11.60 12.16 15.12 15.32 16.42 18.02 19.62 19.91 21.80 23.41 23.90 24.31 26.12 25.97 26.88 26.92 24.58 22.95 23.47 20.81 18.45 17.55 19.66 17.80 17.20 18.02 20.34 18.97 19.46 21.81 22.12 21.39 22.17 22.52 21.24 21.72 21.41 20.98 18.80 18.81 20.40 20.23 18.27 19.42 22.45 22.77 20.84 23.44 22.98 25.29 22.67 24.55 23.49 24.44 22.50 24.96 25.72 25.19 23.51 24.40 24.28 25.82 24.46 25.03 27.24 
20.12 19.06 19.56 18.32 20.33 20.47 18.05 18.36 19.31 16.17 14.62 15.75 14.62 10.78 12.35 13.61 12.44 11.47 12.48 11.60 11.03 9.17 8.02 5.80 0.54 4.93 8.38 8.58 8.52 9.41 12.26 11.86 13.49 15.69 16.99 16.77 19.40 20.94 21.33 21.34 23.70 23.31 24.51 23.72 22.10 20.06 21.20 18.59 16.43 14.36 17.04 15.44 15.26 16.36 18.85 17.81 18.04 20.06 20.78 20.01 20.65 20.78 20.20 20.39 19.76 19.42 18.08 17.21 18.57 18.26 16.34 17.74 20.78 20.91 18.56 21.35 21.25 23.37 20.60 22.17 21.36 23.26 20.67 22.32 23.44 23.95 22.34 22.56 22.79 24.04 23.45 24.36 26.49 
19.99 18.46 19.29 17.93 20.34 20.36 17.99 18.53 19.54 17.30 15.33 15.96 15.32 12.59 13.69 13.82 13.89 13.51 14.18 12.59 12.25 10.69 9.44 7.20 4.93 0.51 6.62 7.38 7.33 9.54 11.88 11.29 12.98 15.75 16.51 16.02 18.39 20.35 20.96 21.08 23.18 23.20 24.30 23.87 21.81 20.76 21.20 18.31 16.70 15.11 17.76 15.76 16.04 17.29 19.71 18.46 18.77 20.66 21.30 20.79 21.26 21.46 20.72 21.05 20.60 20.79 19.23 18.71 19.61 19.06 17.51 18.60 20.89 21.00 18.54 21.45 21.01 22.95 20.60 22.17 21.81 23.14 20.85 22.27 23.79 23.89 22.33 22.12 22.46 24.20 23.45 23.39 26.55 
20.88 19.58 20.20 19.25 20.93 20.54 18.74 19.54 20.12 18.25 16.07 16.98 16.24 14.90 15.02 15.04 15.33 15.20 15.59 14.48 14.83 13.04 11.85 10.02 8.38 6.62 1.73 6.32 7.45 8.74 10.21 11.12 13.32 14.53 15.93 16.42 18.23 19.82 20.80 21.20 23.51 23.43 24.80 23.75 22.15 21.23 21.93 19.00 17.59 17.14 19.19 16.37 17.28 18.95 20.57 19.04 19.81 21.75 22.20 20.95 21.64 22.26 21.41 21.26 21.64 21.93 20.48 19.54 21.12 20.83 19.55 19.88 21.80 22.00 20.25 22.36 21.47 23.17 21.41 23.26 22.46 23.76 21.20 23.31 24.56 24.71 22.53 23.00 23.59 25.20 24.15 24.35 27.06 
19.19 16.96 18.26 16.72 18.82 18.45 16.25 17.09 18.28 15.74 13.97 15.33 14.14 11.95 13.40 13.95 13.47 13.37 14.99 13.92 13.88 12.48 12.12 10.99 8.58 7.38 6.32 0.00 5.77 6.85 8.47 8.46 10.39 11.90 12.98 13.32 15.57 16.71 17.70 18.17 20.94 20.77 22.24 21.86 19.97 18.41 19.55 16.84 15.67 14.07 16.79 14.74 15.35 16.46 18.56 17.43 18.35 20.30 20.90 19.68 20.22 20.99 20.45 20.73 20.26 20.92 19.33 18.93 20.25 20.02 17.93 18.39 20.48 20.36 18.36 20.56 19.84 21.87 19.81 21.63 21.23 22.13 19.65 21.97 23.17 22.61 21.20 21.65 20.93 22.67 22.11 22.44 25.04 
16.27 15.26 15.35 13.12 16.08 16.79 13.77 14.40 16.31 13.07 11.51 13.16 11.68 7.97 11.07 12.66 10.92 11.14 14.06 13.55 13.09 12.59 12.42 11.60 8.52 7.33 7.45 5.77 0.00 4.70 7.43 6.37 7.42 10.32 11.50 10.63 12.95 15.06 14.69 14.96 17.84 17.56 18.92 18.70 17.06 14.93 16.37 14.33 13.03 10.30 14.23 12.22 12.88 14.24 16.83 15.81 16.72 18.87 19.80 18.26 19.22 19.92 19.45 19.37 19.53 19.76 18.06 17.07 19.07 18.23 15.52 15.94 18.64 18.09 15.46 17.86 17.70 19.41 17.48 19.09 18.50 20.50 17.87 19.54 20.71 21.57 20.00 19.91 18.88 21.26 21.21 21.07 23.40 
16.87 14.99 15.86 13.48 16.08 16.23 14.17 14.35 15.69 12.67 11.64 13.10 11.96 8.78 11.92 12.94 12.34 12.27 15.22 14.14 14.72 14.22 14.28 12.16 9.41 9.54 8.74 6.85 4.70 0.71 6.45 6.65 6.84 8.89 10.68 10.74 12.12 13.87 14.66 14.45 16.91 17.10 18.55 18.16 16.03 14.60 16.12 13.37 12.34 10.77 14.53 12.41 13.23 14.83 17.46 16.07 17.35 19.47 19.98 18.94 19.90 20.63 19.83 19.89 20.07 20.49 18.95 17.84 19.56 18.67 16.09 16.45 18.91 17.88 15.43 18.02 17.97 19.63 18.02 19.48 19.38 20.91 18.41 19.87 21.22 21.91 20.46 19.52 18.96 21.65 21.37 21.10 23.86 
18.44 16.76 17.33 15.92 16.94 16.89 15.14 16.01 16.42 13.83 12.92 14.41 13.18 12.59 13.67 14.47 14.81 14.51 16.17 16.49 16.33 15.92 15.80 15.12 12.26 11.88 10.21 8.47 7.43 6.45 1.45 6.16 7.77 7.64 8.61 10.22 12.40 12.73 14.15 15.05 17.10 17.35 19.11 18.44 16.51 15.80 17.27 14.40 13.72 13.43 16.74 13.63 15.19 16.84 19.01 17.06 18.45 20.66 21.34 19.75 20.73 21.29 20.42 20.37 20.72 21.08 20.04 19.18 20.68 20.33 18.19 18.57 20.12 19.92 17.73 19.99 19.27 21.41 19.56 21.53 21.05 22.57 20.02 21.89 23.13 23.74 21.75 21.77 21.45 23.43 22.60 22.64 25.01 
17.86 15.11 15.62 13.42 15.45 15.00 12.38 12.64 13.92 11.65 10.72 11.18 9.78 10.03 12.44 12.64 11.54 12.04 14.68 14.98 14.80 14.37 15.86 15.32 11.86 11.29 11.12 8.46 6.37 6.65 6.16 0.00 5.21 7.13 6.37 6.40 9.03 11.02 11.69 12.43 15.02 14.99 16.38 16.38 14.05 12.56 13.86 12.14 11.05 10.93 13.12 11.20 12.49 13.83 16.17 14.70 16.04 18.67 19.39 18.42 19.00 19.68 18.95 19.51 19.40 20.01 18.30 17.88 19.67 19.33 16.63 16.79 18.63 18.15 16.11 17.98 16.91 19.39 17.49 19.32 19.26 20.97 18.36 20.61 22.14 22.33 20.68 20.89 20.28 22.71 22.03 21.86 24.62 
17.57 15.60 15.37 13.67 15.80 15.56 12.68 13.72 15.06 12.35 11.49 12.89 11.81 10.34 12.99 13.70 12.83 13.21 15.88 16.30 16.66 16.43 17.19 16.42 13.49 12.98 13.32 10.39 7.42 6.84 7.77 5.21 0.25 6.25 8.07 6.20 7.80 10.62 10.63 11.09 14.26 14.45 15.22 15.81 14.00 12.72 13.61 12.11 11.49 10.57 13.60 11.92 12.55 14.16 16.66 15.24 16.31 18.49 19.82 18.07 19.06 20.11 19.25 19.07 19.54 20.29 18.30 17.40 19.69 19.34 16.20 16.71 19.12 18.44 15.96 17.52 16.18 19.03 17.16 18.37 17.97 21.03 18.63 20.61 22.04 23.00 21.32 21.71 21.49 23.20 23.24 23.42 25.89 
18.59 16.05 16.56 15.02 16.97 15.90 13.98 14.99 15.41 12.61 12.57 14.53 14.61 12.98 15.01 15.71 15.62 15.64 17.84 18.31 19.45 18.71 19.22 18.02 15.69 15.75 14.53 11.90 10.32 8.89 7.64 7.13 6.25 0.77 6.48 7.64 8.04 8.52 10.97 11.79 14.00 14.49 16.13 16.16 14.69 14.19 15.52 13.66 13.16 13.18 15.47 14.13 14.61 16.57 18.09 17.30 18.30 20.49 21.43 19.96 21.24 21.81 20.90 20.91 21.10 22.16 20.51 19.61 21.07 20.75 18.26 18.54 20.05 19.76 17.30 18.90 17.69 20.29 19.26 20.19 19.94 22.24 20.32 21.59 23.47 23.95 22.34 22.46 22.62 24.38 23.84 23.64 26.93 
18.86 16.37 17.16 15.94 17.29 15.88 14.43 15.26 15.23 12.69 12.91 14.89 14.59 14.11 15.75 16.48 16.96 16.76 19.05 19.41 20.02 19.77 20.81 19.62 16.99 16.51 15.93 12.98 11.50 10.68 8.61 6.37 8.07 6.48 0.49 6.16 8.30 7.35 8.56 10.40 13.37 13.28 15.19 15.73 14.36 14.40 15.73 13.94 13.87 13.94 16.70 14.62 15.48 17.51 19.13 17.88 19.28 21.44 22.27 20.92 21.92 21.91 21.01 20.96 21.51 21.84 20.89 19.78 21.42 21.28 19.37 18.90 20.57 20.92 18.52 19.97 18.82 21.80 19.80 20.92 20.28 22.53 20.19 21.64 23.01 23.54 21.73 22.61 23.38 23.78 24.01 24.78 27.25 
18.17 15.15 15.76 14.19 15.56 14.88 11.96 12.98 14.39 12.03 11.65 13.86 13.37 12.93 14.36 15.43 14.85 15.04 17.43 18.24 18.73 18.91 20.68 19.91 16.77 16.02 16.42 13.32 10.63 10.74 10.22 6.40 6.20 7.64 6.16 0.00 5.89 7.80 7.19 8.29 11.36 11.31 12.93 14.07 12.55 10.97 13.20 11.64 11.11 11.45 13.86 11.92 12.42 14.58 16.81 15.20 16.75 20.08 21.09 19.97 20.38 21.01 19.88 20.63 20.14 20.77 18.91 18.61 20.29 20.07 17.51 17.82 19.10 19.44 17.16 19.16 16.98 20.33 18.07 19.63 18.66 20.76 18.47 20.65 21.80 22.67 20.21 21.19 21.35 23.08 22.49 22.95 25.87 
19.35 17.17 17.25 16.50 17.81 17.34 14.86 15.65 17.32 15.03 14.43 15.92 16.46 15.62 15.96 16.69 17.62 17.65 19.72 20.22 21.40 21.40 22.34 21.80 19.40 18.39 18.23 15.57 12.95 12.12 12.40 9.03 7.80 8.04 8.30 5.89 0.00 6.73 7.81 7.66 10.43 11.45 12.98 13.92 12.51 12.50 14.13 12.54 12.06 13.08 15.91 14.06 13.99 16.33 18.84 17.60 18.89 21.68 23.38 21.25 22.00 22.69 22.01 21.47 21.53 22.14 20.77 19.93 22.07 21.70 19.23 19.52 21.09 20.94 18.94 19.91 17.78 20.70 19.43 19.75 18.66 21.46 19.81 21.35 22.95 23.36 21.84 22.82 23.33 24.02 24.05 24.75 27.31 
20.40 18.12 18.68 17.51 18.84 18.70 16.94 17.65 18.39 16.46 16.44 17.55 18.21 17.38 18.21 18.55 19.35 19.96 22.03 22.11 23.57 23.59 24.42 23.41 20.94 20.35 19.82 16.71 15.06 13.87 12.73 11.02 10.62 8.52 7.35 7.80 6.73 0.59 6.64 8.14 9.99 10.92 12.93 13.85 13.27 13.22 15.85 13.64 13.94 14.77 17.45 15.74 15.67 17.66 19.91 18.83 19.93 23.00 24.09 22.86 23.69 24.66 23.19 23.08 23.12 24.11 22.32 21.27 23.15 23.29 20.73 20.70 22.62 22.79 20.12 21.28 20.11 23.01 21.16 21.76 20.98 22.86 20.96 22.10 23.31 23.70 22.39 22.98 23.27 24.78 24.30 25.09 27.40 
20.25 18.07 19.02 17.94 18.86 18.64 16.99 17.71 17.84 16.25 16.32 17.62 17.27 16.80 18.10 18.96 18.95 19.65 22.45 22.60 23.40 23.79 25.02 23.90 21.33 20.96 20.80 17.70 14.69 14.66 14.15 11.69 10.63 10.97 8.56 7.19 7.81 6.64 0.69 5.76 7.86 7.54 9.02 11.06 10.68 11.42 13.84 11.83 12.30 13.77 16.63 15.45 15.62 18.14 19.86 19.16 20.53 23.00 23.93 22.88 24.12 24.38 22.63 22.36 23.02 23.42 21.46 20.25 22.64 22.67 19.98 19.77 22.45 22.93 19.68 21.01 20.57 23.05 20.16 21.16 20.16 21.83 18.98 20.28 20.85 21.14 19.53 20.85 21.25 22.74 22.45 23.82 26.16 
20.08 17.58 18.24 16.88 18.55 18.30 15.45 16.13 17.63 16.26 15.90 16.83 16.68 16.19 17.33 18.34 17.90 18.85 21.52 22.04 22.93 23.62 24.88 24.31 21.34 21.08 21.20 18.17 14.96 14.45 15.05 12.43 11.09 11.79 10.40 8.29 7.66 8.14 5.76 0.00 5.90 6.69 7.97 9.76 10.41 9.88 12.84 11.14 12.07 12.96 15.02 14.38 15.25 16.74 18.81 18.39 19.78 22.84 23.50 23.25 24.05 24.39 22.84 22.51 22.79 22.87 20.75 19.65 21.76 21.71 19.04 18.83 21.25 21.47 18.68 20.05 19.44 21.65 19.29 20.15 19.64 20.73 18.03 19.14 20.48 20.07 18.36 19.66 20.06 21.80 21.14 22.87 25.45 
20.75 18.77 18.88 18.29 20.04 20.05 17.29 18.12 20.07 18.91 18.39 19.18 19.14 18.55 19.22 19.89 19.98 21.24 23.64 24.23 25.51 25.56 26.70 26.12 23.70 23.18 23.51 20.94 17.84 16.91 17.10 15.02 14.26 14.00 13.37 11.36 10.43 9.99 7.86 5.90 1.54 6.09 8.60 10.30 10.97 11.53 13.90 13.02 13.91 15.13 17.38 16.55 17.62 19.59 21.65 21.16 22.32 25.14 26.03 25.23 26.02 26.34 24.86 24.28 24.29 24.43 22.63 21.15 23.04 23.28 21.07 20.94 23.07 23.57 21.24 22.11 20.73 23.24 21.44 21.83 20.32 22.10 19.87 21.28 21.92 21.98 20.41 21.70 22.01 23.17 22.30 24.26 27.03 
20.48 18.19 18.51 17.31 19.26 19.34 17.00 18.08 19.62 18.40 17.84 19.03 18.90 17.87 18.97 19.52 19.84 20.96 23.45 23.85 25.33 25.63 26.49 25.97 23.31 23.20 23.43 20.77 17.56 17.10 17.35 14.99 14.45 14.49 13.28 11.31 11.45 10.92 7.54 6.69 6.09 0.00 5.75 8.46 8.76 9.36 11.89 11.74 12.22 13.82 15.92 15.04 16.24 17.79 20.55 20.23 21.52 24.45 25.41 24.75 25.83 26.06 24.42 23.84 24.15 24.37 22.24 20.34 22.14 22.49 20.33 19.77 22.22 22.87 20.22 21.36 20.24 23.43 20.83 21.68 20.64 22.61 19.99 20.80 21.75 21.91 20.64 21.31 21.23 23.36 23.03 24.18 26.81 
21.01 18.95 19.32 18.30 20.47 20.38 18.30 18.93 20.99 19.81 19.20 19.80 19.15 18.65 19.80 20.31 20.00 21.35 23.96 24.45 25.92 26.43 27.63 26.88 24.51 24.30 24.80 22.24 18.92 18.55 19.11 16.38 15.22 16.13 15.19 12.93 12.98 12.93 9.02 7.97 8.60 5.75 1.34 7.35 8.47 7.87 10.59 11.48 12.14 12.84 15.50 15.40 16.15 17.86 20.14 20.75 22.06 24.29 25.54 25.02 26.40 26.76 25.14 24.72 25.36 25.63 23.25 21.46 23.20 23.41 20.73 20.19 22.83 23.48 20.05 21.32 20.83 23.90 21.10 22.11 21.57 23.53 20.58 21.72 22.40 22.80 21.06 22.12 22.90 23.74 23.65 24.76 27.50 
20.62 18.31 18.23 17.59 20.07 20.01 16.58 17.95 20.28 19.35 18.12 18.72 18.15 18.14 19.09 19.33 18.23 20.23 23.15 23.57 24.64 25.60 26.73 26.92 23.72 23.87 23.75 21.86 18.70 18.16 18.44 16.38 15.81 16.16 15.73 14.07 13.92 13.85 11.06 9.76 10.30 8.46 7.35 0.00 6.26 7.58 9.68 9.22 10.94 12.50 13.89 13.85 15.52 16.26 18.79 19.33 20.59 23.24 24.21 24.29 25.40 25.97 24.18 24.43 24.78 25.05 22.76 21.51 22.94 22.99 20.29 20.30 22.50 22.61 18.97 20.80 20.22 22.83 19.97 21.58 21.24 22.98 20.11 21.76 22.61 23.29 20.91 22.32 21.56 23.14 23.03 23.46 26.25 
18.91 16.62 16.35 15.98 18.62 17.86 14.85 16.30 19.35 17.63 16.13 17.82 17.53 16.46 17.68 18.10 17.33 18.41 21.23 21.71 22.75 23.18 24.79 24.58 22.10 21.81 22.15 19.97 17.06 16.03 16.51 14.05 14.00 14.69 14.36 12.55 12.51 13.27 10.68 10.41 10.97 8.76 8.47 6.26 0.00 5.49 8.54 7.11 8.34 10.18 12.36 10.86 12.65 14.52 16.50 15.97 17.12 20.33 22.25 21.65 22.94 23.65 22.69 22.33 22.89 22.70 21.04 19.34 21.30 21.30 18.87 18.58 20.98 21.01 17.68 19.33 18.04 20.62 18.66 20.12 19.20 21.01 19.01 20.94 21.92 22.52 21.16 21.77 21.69 22.93 23.32 23.70 25.98 
17.69 15.56 15.22 14.42 16.53 16.98 13.84 16.17 18.36 16.85 15.43 17.23 16.15 14.70 16.09 17.21 16.36 17.30 19.82 20.12 21.49 22.12 23.35 22.95 20.06 20.76 21.23 18.41 14.93 14.60 15.80 12.56 12.72 14.19 14.40 10.97 12.50 13.22 11.42 9.88 11.53 9.36 7.87 7.58 5.49 0.00 6.24 7.20 7.14 8.15 10.38 9.65 11.00 12.43 15.34 14.58 15.81 18.76 20.42 20.31 21.48 21.88 21.08 21.33 21.20 21.05 19.33 17.92 19.32 18.78 16.40 16.70 18.76 18.79 15.20 17.50 15.96 19.34 17.01 18.74 18.30 20.71 17.95 19.65 20.73 21.88 20.05 19.77 19.26 22.47 22.29 22.05 24.88 
17.89 16.26 16.33 15.70 17.94 17.53 15.05 16.90 19.35 17.91 16.47 17.34 17.45 15.69 17.09 17.55 17.33 18.19 20.55 20.80 22.37 22.61 23.99 23.47 21.20 21.20 21.93 19.55 16.37 16.12 17.27 13.86 13.61 15.52 15.73 13.20 14.13 15.85 13.84 12.84 13.90 11.89 10.59 9.68 8.54 6.24 2.91 6.58 8.47 7.15 8.75 9.70 11.55 11.02 14.00 14.95 15.60 17.98 20.02 20.13 21.95 22.04 21.57 21.77 22.38 21.97 20.51 18.92 20.64 19.93 17.91 17.26 19.58 19.80 16.06 17.65 16.81 20.44 17.84 19.54 19.34 21.98 18.83 20.28 21.17 21.87 20.14 20.74 20.45 22.69 22.18 22.66 25.46 
17.08 14.62 14.75 14.04 15.73 15.27 12.31 14.15 16.90 15.19 13.84 15.03 14.75 13.37 14.46 15.18 14.57 15.34 17.82 18.37 19.79 20.03 21.01 20.81 18.59 18.31 19.00 16.84 14.33 13.37 14.40 12.14 12.11 13.66 13.94 11.64 12.54 13.64 11.83 11.14 13.02 11.74 11.48 9.22 7.11 7.20 6.58 0.00 5.18 7.00 6.38 6.01 8.97 10.09 11.11 11.75 13.29 15.82 16.27 16.97 19.33 19.80 18.12 18.84 19.58 19.69 17.62 16.36 18.25 18.06 15.66 15.66 18.04 17.29 13.92 16.07 15.67 18.37 16.04 17.48 17.12 19.17 16.27 17.56 18.31 18.96 17.29 18.19 17.60 20.17 19.75 21.00 23.60 
15.72 13.34 13.98 12.75 14.56 14.01 11.13 12.62 15.94 13.55 12.07 13.81 14.50 11.53 13.37 14.41 13.69 13.94 16.48 16.81 18.43 17.95 18.86 18.45 16.43 16.70 17.59 15.67 13.03 12.34 13.72 11.05 11.49 13.16 13.87 11.11 12.06 13.94 12.30 12.07 13.91 12.22 12.14 10.94 8.34 7.14 8.47 5.18 0.00 5.58 8.15 5.85 7.07 9.78 11.62 10.81 11.58 14.90 14.86 15.19 17.54 17.76 16.32 16.82 17.74 17.67 15.50 14.38 17.08 16.86 13.96 14.54 17.11 16.56 12.65 15.25 14.49 16.57 15.06 17.23 15.57 17.71 15.54 17.11 17.99 18.79 17.65 18.31 17.34 20.39 19.58 20.50 23.24 
14.63 12.72 13.33 11.63 13.27 14.17 11.30 12.93 15.09 13.24 12.12 13.91 12.81 10.19 12.44 13.78 12.58 12.80 15.85 16.14 17.02 17.36 18.76 17.55 14.36 15.11 17.14 14.07 10.30 10.77 13.43 10.93 10.57 13.18 13.94 11.45 13.08 14.77 13.77 12.96 15.13 13.82 12.84 12.50 10.18 8.15 7.15 7.00 5.58 0.00 6.01 6.86 6.55 7.46 10.30 10.37 10.79 13.95 14.94 14.65 16.22 17.03 16.21 17.01 17.34 17.14 14.70 14.13 16.31 15.11 11.81 12.81 16.06 14.37 10.31 14.13 14.04 16.24 13.83 16.54 16.16 18.21 15.28 16.98 18.24 18.27 17.04 16.66 15.94 19.19 19.28 19.63 22.34 
16.58 15.15 15.56 14.42 16.28 15.96 13.18 14.68 17.84 15.73 14.39 15.25 15.81 13.41 14.60 14.88 14.81 14.89 17.59 17.52 18.60 18.72 20.10 19.66 17.04 17.76 19.19 16.79 14.23 14.53 16.74 13.12 13.60 15.47 16.70 13.86 15.91 17.45 16.63 15.02 17.38 15.92 15.50 13.89 12.36 10.38 8.75 6.38 8.15 6.01 0.21 5.94 7.96 6.29 8.35 9.94 10.80 12.97 14.85 15.13 16.36 16.74 16.81 18.06 18.71 18.25 16.16 15.52 18.05 17.27 14.31 14.95 17.54 17.14 13.26 16.00 15.72 18.82 16.27 18.60 17.95 20.44 17.39 19.34 20.52 20.57 18.67 19.14 16.91 20.15 19.92 20.76 22.93 
16.77 14.05 14.19 12.74 14.77 14.61 11.01 12.50 15.29 12.98 11.25 13.49 13.17 10.79 11.78 13.15 12.55 12.11 14.91 15.75 16.89 16.70 17.85 17.80 15.44 15.76 16.37 14.74 12.22 12.41 13.63 11.20 11.92 14.13 14.62 11.92 14.06 15.74 15.45 14.38 16.55 15.04 15.40 13.85 10.86 9.65 9.70 6.01 5.85 6.86 5.94 0.00 5.52 6.85 6.76 7.09 8.56 11.28 12.17 12.70 14.50 14.59 14.17 15.93 15.73 16.20 13.84 12.79 15.06 15.06 12.48 13.22 15.53 14.54 11.82 14.28 13.88 17.00 14.79 16.66 15.72 18.22 15.51 17.46 18.58 19.23 17.81 17.61 15.60 19.09 19.79 19.75 21.93 
17.24 15.35 15.61 14.32 15.38 14.96 12.26 13.51 15.98 13.16 11.44 14.07 13.73 11.20 12.14 13.62 12.71 12.14 14.85 15.36 16.55 16.44 17.73 17.20 15.26 16.04 17.28 15.35 12.88 13.23 15.19 12.49 12.55 14.61 15.48 12.42 13.99 15.67 15.62 15.25 17.62 16.24 16.15 15.52 12.65 11.00 11.55 8.97 7.07 6.55 7.96 5.52 0.00 5.87 7.78 6.77 7.45 10.82 11.85 12.04 13.90 14.29 13.20 14.94 15.29 15.67 13.42 12.78 15.26 14.97 12.28 13.19 15.55 15.38 12.15 14.25 13.31 16.11 14.86 16.71 15.54 18.02 15.97 18.06 18.90 20.13 18.71 17.75 16.51 19.70 20.16 20.53 22.14 
18.80 16.49 16.87 15.67 16.38 16.68 14.24 15.70 17.37 15.26 14.41 15.42 14.70 12.75 13.66 13.87 13.45 12.96 15.93 16.04 17.35 17.30 18.75 18.02 16.36 17.29 18.95 16.46 14.24 14.83 16.84 13.83 14.16 16.57 17.51 14.58 16.33 17.66 18.14 16.74 19.59 17.79 17.86 16.26 14.52 12.43 11.02 10.09 9.78 7.46 6.29 6.85 5.87 0.00 6.34 7.30 6.53 9.12 11.50 11.83 13.33 14.67 14.44 15.66 15.95 16.73 14.46 14.40 16.41 16.08 13.78 14.87 17.63 17.47 14.14 16.30 15.60 18.25 16.27 17.86 17.68 19.91 17.29 19.13 20.70 21.13 20.00 19.03 18.12 21.27 21.62 20.99 23.52 
20.52 19.17 19.16 17.71 18.95 18.64 16.34 17.24 18.98 17.69 16.34 17.09 16.84 15.15 15.35 15.71 15.69 15.54 17.69 18.13 19.65 19.32 20.35 20.34 18.85 19.71 20.57 18.56 16.83 17.46 19.01 16.17 16.66 18.09 19.13 16.81 18.84 19.91 19.86 18.81 21.65 20.55 20.14 18.79 16.50 15.34 14.00 11.11 11.62 10.30 8.35 6.76 7.78 6.34 0.87 6.53 7.65 8.20 10.03 11.88 13.04 14.17 14.60 16.45 16.89 17.90 15.44 15.86 18.19 17.68 15.74 17.30 19.72 19.64 16.25 18.89 17.74 20.35 18.03 19.78 19.57 22.00 19.30 21.36 22.52 22.38 20.94 21.69 20.66 22.13 22.76 23.01 25.03 
20.25 17.71 18.09 16.45 17.16 17.13 14.32 15.39 17.12 15.29 14.21 15.52 15.38 12.77 12.74 13.89 13.78 12.37 15.29 16.53 17.93 17.85 18.86 18.97 17.81 18.46 19.04 17.43 15.81 16.07 17.06 14.70 15.24 17.30 17.88 15.20 17.60 18.83 19.16 18.39 21.16 20.23 20.75 19.33 15.97 14.58 14.95 11.75 10.81 10.37 9.94 7.09 6.77 7.30 6.53 0.00 5.47 7.43 7.69 9.20 11.05 11.46 12.13 14.46 14.81 15.59 13.71 13.98 16.19 15.91 14.34 16.03 18.79 18.04 15.28 17.74 16.23 19.17 17.21 18.80 17.91 20.30 18.39 20.44 21.78 22.02 20.58 20.74 19.80 22.53 22.66 22.33 24.80 
21.04 19.22 19.78 18.54 18.68 18.31 16.19 16.82 18.33 16.42 15.24 16.25 16.26 14.42 14.38 14.93 14.23 13.45 16.38 16.82 18.22 18.32 19.54 19.46 18.04 18.77 19.81 18.35 16.72 17.35 18.45 16.04 16.31 18.30 19.28 16.75 18.89 19.93 20.53 19.78 22.32 21.52 22.06 20.59 17.12 15.81 15.60 13.29 11.58 10.79 10.80 8.56 7.45 6.53 7.65 5.47 0.14 6.27 7.77 7.77 10.11 11.06 11.28 13.45 14.64 15.32 13.30 13.98 16.78 16.55 14.80 16.45 18.85 18.71 16.57 18.07 16.61 19.42 17.97 19.34 17.91 20.78 19.43 21.28 22.18 22.97 22.59 22.91 21.99 23.43 24.55 24.71 26.31 
23.09 20.97 21.66 20.49 20.61 20.44 18.74 19.56 20.23 18.46 18.58 18.75 18.13 16.76 17.19 17.02 16.29 15.80 18.57 19.35 20.63 20.36 21.56 21.81 20.06 20.66 21.75 20.30 18.87 19.47 20.66 18.67 18.49 20.49 21.44 20.08 21.68 23.00 23.00 22.84 25.14 24.45 24.29 23.24 20.33 18.76 17.98 15.82 14.90 13.95 12.97 11.28 10.82 9.12 8.20 7.43 6.27 0.39 7.01 7.86 9.63 10.81 11.85 13.78 14.99 16.01 14.91 15.45 17.96 17.89 16.65 18.51 21.28 21.16 18.67 20.69 19.51 22.39 19.77 21.57 20.55 23.33 21.62 23.28 23.95 24.92 24.34 24.83 24.01 26.26 26.21 26.13 27.83 
24.50 22.87 23.07 21.23 21.88 21.80 20.02 20.07 21.48 19.82 19.11 19.50 18.75 17.43 16.81 17.03 17.11 16.80 18.80 19.77 21.46 21.06 21.75 22.12 20.78 21.30 22.20 20.90 19.80 19.98 21.34 19.39 19.82 21.43 22.27 21.09 23.38 24.09 23.93 23.50 26.03 25.41 25.54 24.21 22.25 20.42 20.02 16.27 14.86 14.94 14.85 12.17 11.85 11.50 10.03 7.69 7.77 7.01 1.37 6.24 7.82 9.06 10.16 12.81 14.43 15.06 14.48 15.20 17.36 17.66 16.91 19.11 21.03 20.68 18.38 21.27 20.15 22.13 19.68 22.06 21.30 23.53 21.56 23.59 24.52 24.78 23.85 24.75 25.19 25.51 26.27 26.22 27.95 
23.94 21.65 22.02 20.51 21.07 20.64 18.89 19.08 20.49 18.54 17.83 18.49 18.41 16.07 15.18 15.38 15.84 14.91 17.06 18.44 20.24 20.44 21.09 21.39 20.01 20.79 20.95 19.68 18.26 18.94 19.75 18.42 18.07 19.96 20.92 19.97 21.25 22.86 22.88 23.25 25.23 24.75 25.02 24.29 21.65 20.31 20.13 16.97 15.19 14.65 15.13 12.70 12.04 11.83 11.88 9.20 7.77 7.86 6.24 0.21 5.21 6.81 7.93 10.51 11.85 12.04 11.97 12.91 15.61 15.62 15.48 17.30 19.47 18.96 16.92 19.71 17.96 20.47 18.49 20.80 19.87 21.73 20.21 22.50 23.44 23.97 22.95 23.73 23.75 25.64 25.56 25.33 27.59 
24.68 22.78 23.40 21.91 21.96 21.72 20.51 20.28 21.63 19.62 18.82 19.61 19.15 17.43 17.26 17.27 16.67 16.34 18.77 19.33 20.77 21.35 22.44 22.17 20.65 21.26 21.64 20.22 19.22 19.90 20.73 19.00 19.06 21.24 21.92 20.38 22.00 23.69 24.12 24.05 26.02 25.83 26.40 25.40 22.94 21.48 21.95 19.33 17.54 16.22 16.36 14.50 13.90 13.33 13.04 11.05 10.11 9.63 7.82 5.21 1.60 6.44 7.58 8.96 11.17 12.14 12.13 12.77 15.60 16.55 15.75 17.90 20.32 20.53 18.41 20.49 18.82 21.48 19.82 21.46 20.33 22.78 21.21 22.94 23.95 24.96 24.51 24.73 25.06 26.17 27.15 27.12 28.51 
24.82 22.96 23.70 22.00 22.18 21.82 20.86 21.18 21.25 19.36 19.46 20.14 19.21 17.39 17.78 17.81 16.60 16.44 19.01 20.17 21.08 21.41 22.42 22.52 20.78 21.46 22.26 20.99 19.92 20.63 21.29 19.68 20.11 21.81 21.91 21.01 22.69 24.66 24.38 24.39 26.34 26.06 26.76 25.97 23.65 21.88 22.04 19.80 17.76 17.03 16.74 14.59 14.29 14.67 14.17 11.46 11.06 10.81 9.06 6.81 6.44 0.54 5.95 7.31 9.08 10.81 11.00 11.80 14.86 15.59 15.40 16.77 20.27 20.83 18.25 20.19 19.42 22.51 19.75 21.39 20.87 23.10 21.00 22.58 23.55 24.66 24.22 24.37 25.04 26.91 26.82 26.96 28.76 
24.92 23.09 23.25 20.74 21.87 21.60 20.22 19.64 20.97 19.16 18.95 19.35 18.76 16.72 16.67 16.50 16.19 15.80 17.91 18.82 20.89 20.58 20.78 21.24 20.20 20.72 21.41 20.45 19.45 19.83 20.42 18.95 19.25 20.90 21.01 19.88 22.01 23.19 22.63 22.84 24.86 24.42 25.14 24.18 22.69 21.08 21.57 18.12 16.32 16.21 16.81 14.17 13.20 14.44 14.60 12.13 11.28 11.85 10.16 7.93 7.58 5.95 0.54 5.32 8.25 7.85 8.69 9.47 12.70 13.30 13.50 14.97 18.24 18.65 16.09 18.65 18.43 20.56 17.69 19.42 18.97 21.26 19.11 20.74 21.66 22.59 21.61 22.59 23.75 24.43 24.80 25.06 27.30 
25.06 23.22 23.79 21.71 22.49 22.19 20.75 20.51 21.36 19.73 19.39 19.78 18.93 17.13 16.52 16.57 15.99 16.09 17.85 18.88 20.54 20.84 21.38 21.72 20.39 21.05 21.26 20.73 19.37 19.89 20.37 19.51 19.07 20.91 20.96 20.63 21.47 23.08 22.36 22.51 24.28 23.84 24.72 24.43 22.33 21.33 21.77 18.84 16.82 17.01 18.06 15.93 14.94 15.66 16.45 14.46 13.45 13.78 12.81 10.51 8.96 7.31 5.32 0.00 5.97 6.65 7.22 8.32 11.66 12.11 12.25 14.18 17.90 17.98 15.93 18.65 18.43 20.79 17.83 19.98 19.13 21.27 19.08 20.87 21.54 22.64 21.65 22.14 22.54 24.28 23.89 24.32 26.83 
25.52 24.02 25.19 23.49 23.11 22.53 22.16 21.68 21.87 19.63 19.50 20.06 19.29 17.00 17.23 16.57 16.03 15.91 18.43 18.47 19.73 20.59 21.74 21.41 19.76 20.60 21.64 20.26 19.53 20.07 20.72 19.40 19.54 21.10 21.51 20.14 21.53 23.12 23.02 22.79 24.29 24.15 25.36 24.78 22.89 21.20 22.38 19.58 17.74 17.34 18.71 15.73 15.29 15.95 16.89 14.81 14.64 14.99 14.43 11.85 11.17 9.08 8.25 5.97 1.38 6.71 8.05 7.75 10.54 11.74 12.84 13.81 16.51 17.62 15.94 18.76 17.70 20.89 18.70 20.78 19.16 22.04 19.91 21.32 22.21 23.65 22.71 23.01 23.38 24.77 24.87 25.24 27.45 
24.82 23.34 24.63 22.73 22.86 22.26 21.72 21.85 21.94 19.79 19.74 20.56 19.48 17.35 17.29 17.25 15.65 15.57 18.29 18.50 19.45 20.31 21.45 20.98 19.42 20.79 21.93 20.92 19.76 20.49 21.08 20.01 20.29 22.16 21.84 20.77 22.14 24.11 23.42 22.87 24.43 24.37 25.63 25.05 22.70 21.05 21.97 19.69 17.67 17.14 18.25 16.20 15.67 16.73 17.90 15.59 15.32 16.01 15.06 12.04 12.14 10.81 7.85 6.65 6.71 0.72 6.34 7.51 8.36 9.52 10.91 12.64 14.69 15.96 15.38 17.65 16.88 20.37 18.07 19.53 18.80 21.37 19.00 20.35 21.59 22.77 22.30 22.36 22.45 24.34 24.49 24.70 26.75 
23.76 22.06 22.04 19.68 21.31 21.01 19.12 18.45 20.25 18.17 17.28 17.63 16.99 14.73 14.92 14.06 13.11 12.39 15.19 15.39 17.22 18.18 18.78 18.80 18.08 19.23 20.48 19.33 18.06 18.95 20.04 18.30 18.30 20.51 20.89 18.91 20.77 22.32 21.46 20.75 22.63 22.24 23.25 22.76 21.04 19.33 20.51 17.62 15.50 14.70 16.16 13.84 13.42 14.46 15.44 13.71 13.30 14.91 14.48 11.97 12.13 11.00 8.69 7.22 8.05 6.34 0.03 5.80 8.51 7.21 7.83 10.46 12.84 13.37 12.26 15.53 14.82 17.98 15.35 17.80 16.14 18.94 16.58 18.64 19.29 21.16 19.72 20.64 20.63 22.12 22.62 22.51 24.99 
23.22 21.10 21.95 19.86 20.78 20.15 18.66 18.41 19.07 16.84 16.46 17.16 15.91 13.77 13.75 13.90 12.73 11.52 14.81 15.02 16.52 17.61 18.65 18.81 17.21 18.71 19.54 18.93 17.07 17.84 19.18 17.88 17.40 19.61 19.78 18.61 19.93 21.27 20.25 19.65 21.15 20.34 21.46 21.51 19.34 17.92 18.92 16.36 14.38 14.13 15.52 12.79 12.78 14.40 15.86 13.98 13.98 15.45 15.20 12.91 12.77 11.80 9.47 8.32 7.75 7.51 5.80 0.00 6.61 7.52 6.22 7.38 10.72 12.15 9.60 13.33 13.36 16.05 13.46 16.47 15.27 17.80 15.07 17.77 18.46 19.87 18.92 19.76 19.36 21.85 21.54 21.81 24.21 
24.36 22.77 23.76 22.64 22.72 21.87 21.43 21.12 21.31 18.99 18.72 19.19 18.34 15.92 16.44 15.76 15.02 14.33 16.65 16.43 17.80 18.68 20.67 20.40 18.57 19.61 21.12 20.25 19.07 19.56 20.68 19.67 19.69 21.07 21.42 20.29 22.07 23.15 22.64 21.76 23.04 22.14 23.20 22.94 21.30 19.32 20.64 18.25 17.08 16.31 18.05 15.06 15.26 16.41 18.19 16.19 16.78 17.96 17.36 15.61 15.60 14.86 12.70 11.66 10.54 8.36 8.51 6.61 3.20 6.88 7.93 8.10 10.45 12.15 11.40 14.34 13.71 17.14 15.02 17.73 16.69 19.33 17.59 19.46 20.23 21.81 21.25 21.92 22.20 24.12 24.88 24.65 26.10 
23.65 21.86 23.00 21.23 21.87 21.43 20.30 20.35 20.63 18.61 17.99 18.66 17.71 15.26 15.86 15.27 14.35 12.09 16.22 16.19 17.41 18.26 20.32 20.23 18.26 19.06 20.83 20.02 18.23 18.67 20.33 19.33 19.34 20.75 21.28 20.07 21.70 23.29 22.67 21.71 23.28 22.49 23.41 22.99 21.30 18.78 19.93 18.06 16.86 15.11 17.27 15.06 14.97 16.08 17.68 15.91 16.55 17.89 17.66 15.62 16.55 15.59 13.30 12.11 11.74 9.52 7.21 7.52 6.88 0.81 6.03 7.59 8.37 9.66 10.40 13.31 12.91 16.29 14.46 16.63 16.40 19.63 17.24 19.44 20.30 21.49 20.77 21.10 20.94 24.11 23.73 23.42 25.50 
22.30 20.75 21.07 18.61 19.82 19.62 17.38 16.89 17.98 16.16 15.12 15.30 13.90 10.57 11.50 12.29 9.34 7.89 12.80 14.35 15.13 16.04 17.76 18.27 16.34 17.51 19.55 17.93 15.52 16.09 18.19 16.63 16.20 18.26 19.37 17.51 19.23 20.73 19.98 19.04 21.07 20.33 20.73 20.29 18.87 16.40 17.91 15.66 13.96 11.81 14.31 12.48 12.28 13.78 15.74 14.34 14.80 16.65 16.91 15.48 15.75 15.40 13.50 12.25 12.84 10.91 7.83 6.22 7.93 6.03 0.46 4.96 7.18 7.79 7.52 10.74 10.11 13.48 11.67 14.48 13.78 16.49 14.89 17.23 18.06 19.01 17.69 18.36 18.76 20.83 21.57 21.02 23.69 
22.36 20.65 21.49 19.52 19.82 19.77 17.79 17.78 18.14 16.72 15.38 16.05 15.13 12.21 12.71 12.96 12.16 10.68 14.75 15.97 17.53 18.12 19.84 19.42 17.74 18.60 19.88 18.39 15.94 16.45 18.57 16.79 16.71 18.54 18.90 17.82 19.52 20.70 19.77 18.83 20.94 19.77 20.19 20.30 18.58 16.70 17.26 15.66 14.54 12.81 14.95 13.22 13.19 14.87 17.30 16.03 16.45 18.51 19.11 17.30 17.90 16.77 14.97 14.18 13.81 12.64 10.46 7.38 8.10 7.59 4.96 0.00 5.73 7.55 6.92 9.97 10.29 12.94 11.61 14.88 14.03 16.00 14.71 17.58 18.73 19.08 17.95 18.64 18.03 21.74 21.64 21.11 23.34 
