0.00 5.46 6.08 9.46 11.41 13.35 15.70 17.93 21.46 22.16 25.22 27.51 29.81 32.40 33.93 34.04 34.97 36.81 37.96 38.37 38.13 36.89 36.47 35.15 31.32 30.28 29.06 28.76 27.11 26.19 25.77 25.60 25.27 25.90 25.51 24.26 22.83 22.77 23.22 22.31 23.25 24.72 26.92 28.03 32.00 33.12 33.71 33.06 33.47 32.71 32.59 31.04 28.40 28.63 27.60 25.30 22.24 21.24 20.28 20.48 20.14 21.36 22.40 24.87 28.27 29.35 30.51 31.35 31.38 31.40 32.22 30.94 30.05 28.68 28.05 25.61 23.86 22.57 21.68 20.22 20.55 20.75 21.40 22.45 22.60 21.69 22.07 22.84 23.77 24.43 26.18 26.66 28.81 30.42 29.63 28.17 28.43 27.92 26.17 26.24 25.90 24.68 24.17 24.51 26.16 25.42 25.09 25.65 26.43 25.54 25.06 25.12 26.61 26.41 25.84 26.65 27.20 27.33 27.62 27.24 26.03 26.00 27.51 27.53 25.75 26.45 27.69 26.92 25.59 26.22 26.21 27.06 28.18 28.07 26.53 26.68 26.69 27.03 27.57 29.10 29.47 28.19 27.97 27.73 29.09 28.14 30.02 29.48 29.34 27.17 26.84 25.80 26.17 25.41 26.77 26.02 25.88 25.40 28.21 27.00 27.81 26.11 28.29 30.84 
5.46 0.00 3.94 7.18 9.50 11.17 13.54 16.86 18.76 21.87 23.81 26.57 28.57 32.08 34.75 34.01 35.17 36.73 38.45 38.39 38.21 35.67 36.03 34.11 31.08 29.31 28.82 27.97 26.58 25.19 24.98 24.58 24.28 25.07 25.03 23.18 21.45 21.64 22.68 21.46 21.73 23.83 26.52 27.13 30.68 32.49 33.61 32.34 32.84 32.30 33.10 30.77 27.44 27.56 27.41 24.03 20.37 19.70 19.38 19.01 18.58 20.11 22.16 23.88 27.58 29.06 30.67 31.30 30.74 30.89 32.55 30.94 29.78 27.61 27.72 25.06 22.96 21.46 20.36 19.50 19.56 20.02 20.03 22.00 22.29 21.18 21.27 22.16 23.19 23.92 25.97 26.04 28.54 29.69 29.17 26.91 27.87 26.79 25.18 24.92 25.37 23.60 23.13 23.32 25.79 24.87 24.02 25.11 25.61 24.75 23.71 24.54 26.14 25.47 24.46 25.92 26.56 26.35 26.50 26.26 25.11 25.03 26.64 26.61 24.60 25.49 26.77 26.41 24.94 25.80 25.09 26.43 27.77 27.86 25.39 26.36 26.58 26.73 26.61 28.55 29.36 27.58 27.43 27.25 29.08 27.56 29.78 29.04 29.39 26.38 26.32 24.76 25.03 23.65 25.45 23.99 23.14 23.34 25.84 22.93 23.69 23.83 25.77 26.67 
6.08 3.94 0.00 4.45 7.10 9.57 11.06 13.69 16.35 18.98 20.68 21.70 24.08 28.31 30.89 30.38 30.93 33.07 34.51 34.70 34.59 32.34 32.19 30.78 26.52 24.65 24.17 23.45 22.56 20.94 21.27 20.82 20.98 22.00 22.39 20.22 18.53 19.00 20.51 18.50 18.27 20.69 24.13 24.06 26.59 28.62 31.17 29.51 28.72 28.57 30.09 27.31 23.33 23.73 24.39 20.15 16.62 16.09 16.37 15.89 14.99 16.90 19.68 21.15 24.43 26.29 28.90 28.63 28.04 28.12 30.52 28.15 26.28 24.28 24.94 21.70 19.52 18.08 17.58 16.74 17.05 17.24 17.56 19.91 20.37 19.51 19.22 19.80 20.61 21.42 23.87 23.28 25.58 27.28 26.89 24.13 24.58 23.58 22.11 21.92 22.17 20.67 20.26 20.33 22.73 21.95 21.51 21.92 22.90 21.79 21.54 22.09 23.87 22.63 21.59 22.67 23.80 23.30 23.55 23.18 22.46 22.02 23.61 23.72 22.46 22.87 24.23 23.73 22.84 23.36 22.74 23.79 25.47 25.17 22.95 23.87 24.43 23.99 23.52 25.58 26.87 24.76 24.45 23.97 26.13 24.32 26.53 25.49 26.33 23.02 22.87 21.29 22.38 20.89 22.15 21.81 21.67 21.42 23.51 21.36 23.54 23.09 24.89 25.33 
9.46 7.18 4.45 1.03 5.43 8.03 10.17 13.08 15.30 18.42 19.40 22.46 24.67 28.44 30.28 30.42 31.90 33.25 33.79 34.24 34.06 31.55 31.40 30.11 26.53 24.83 24.01 22.91 22.21 20.81 20.93 20.15 20.90 22.02 22.53 20.52 19.03 18.73 20.02 18.11 17.81 19.56 23.07 23.21 25.72 27.38 29.58 28.29 27.99 27.55 28.72 26.40 22.87 23.36 23.15 19.76 15.96 15.64 14.92 14.24 14.74 15.41 18.70 20.06 23.62 25.23 27.63 28.08 27.15 27.54 29.26 27.43 25.41 23.95 23.78 20.90 18.44 17.59 16.52 15.60 16.14 16.60 17.67 19.56 20.31 19.02 18.66 18.94 19.60 20.39 22.57 22.60 25.18 27.28 26.32 24.11 24.50 23.83 22.13 21.97 22.15 20.57 20.26 20.23 22.45 21.73 21.26 21.64 22.18 21.84 21.24 21.30 23.12 22.89 21.55 22.94 24.07 23.88 23.77 23.91 23.08 22.62 23.71 24.45 23.11 23.73 24.63 24.43 23.42 24.07 23.20 24.37 26.16 25.72 23.14 24.12 24.58 24.19 23.34 25.43 26.90 24.74 24.13 23.88 26.32 24.34 26.41 25.44 26.36 23.13 22.65 20.86 21.74 20.48 22.12 20.72 20.83 20.05 23.40 19.28 22.82 20.97 23.83 25.41 
11.41 9.50 7.10 5.43 0.00 5.60 6.82 9.74 12.91 15.44 17.68 19.77 22.05 24.86 27.25 27.75 29.45 31.87 32.49 34.80 34.41 32.77 32.06 31.14 27.16 25.23 23.90 22.87 21.87 20.21 20.34 19.55 20.97 22.23 22.71 20.42 19.39 18.11 18.32 16.56 16.14 18.90 21.27 22.29 25.93 27.63 28.15 27.75 28.04 27.19 27.50 25.89 23.48 23.64 23.37 20.05 16.22 14.91 13.30 13.19 12.22 14.19 16.77 19.60 23.73 25.21 26.71 27.71 27.14 27.04 27.68 26.02 24.64 22.89 22.63 19.40 17.97 16.50 15.46 14.22 15.04 16.55 18.02 20.70 19.93 18.42 17.69 17.93 18.26 18.75 21.06 20.90 23.69 26.10 24.37 21.81 23.46 22.52 20.41 20.38 20.72 18.91 18.59 18.73 21.19 20.35 20.04 21.14 22.38 22.23 21.01 20.77 22.56 22.44 20.76 21.76 22.97 23.03 23.40 23.33 22.19 21.63 23.65 24.08 22.09 22.65 24.23 23.77 22.50 23.44 23.13 24.45 26.00 25.61 22.54 23.18 23.19 23.38 23.47 25.67 26.85 24.99 24.47 24.36 26.29 24.83 27.24 26.66 27.04 23.78 23.25 21.30 20.97 20.15 21.91 21.45 21.39 22.92 25.51 23.72 20.82 20.40 24.43 28.10 
13.35 11.17 9.57 8.03 5.60 0.00 5.40 6.92 9.71 12.15 14.72 18.50 20.01 24.53 25.32 26.68 28.19 30.72 31.61 33.90 33.83 30.86 30.57 29.39 25.56 23.72 21.58 21.17 19.59 18.15 17.99 17.30 17.86 19.51 19.52 17.83 16.59 15.89 16.65 14.63 14.95 17.65 20.31 21.08 24.24 26.13 26.65 26.22 26.53 25.80 26.13 25.01 21.28 22.67 21.78 18.24 13.39 11.91 11.44 9.70 9.31 12.04 15.54 17.72 21.39 23.49 24.99 26.60 25.48 25.74 26.64 24.90 23.74 21.87 21.14 18.07 16.42 14.86 13.90 12.50 14.01 15.87 17.42 19.67 19.42 17.42 16.11 16.34 16.27 16.87 18.60 18.94 21.49 24.07 21.77 19.27 20.49 20.12 17.65 18.15 18.17 16.70 17.03 17.07 19.95 19.38 19.05 20.36 21.68 21.23 19.99 19.92 21.52 20.90 18.95 20.22 21.36 21.41 21.36 21.50 20.41 20.36 21.93 22.53 20.92 21.81 23.08 22.46 21.43 22.78 22.02 23.64 25.51 25.28 21.49 22.34 22.43 22.56 22.33 24.86 26.26 23.90 23.79 23.15 25.66 23.50 26.67 25.84 26.18 22.16 21.87 19.17 20.12 17.18 19.77 19.38 19.82 21.36 24.02 20.35 19.47 20.53 23.27 25.66 
15.70 13.54 11.06 10.17 6.82 5.40 0.00 5.47 6.00 11.13 12.60 16.46 19.03 21.90 24.19 23.77 25.75 27.93 29.39 31.24 32.08 29.42 29.04 28.22 24.43 21.51 20.34 18.68 18.54 15.60 15.91 15.49 16.31 17.48 17.99 15.88 15.01 14.55 16.25 14.33 14.83 16.87 19.80 20.42 23.30 24.75 25.67 24.65 24.88 23.70 24.77 22.58 20.36 20.65 20.69 16.95 12.94 11.63 10.14 9.95 10.23 12.09 15.27 17.55 20.92 22.31 24.44 25.41 24.45 24.45 25.37 23.58 22.72 20.67 20.24 16.70 15.41 14.19 13.05 13.02 14.27 16.42 18.24 21.16 20.45 18.09 16.46 16.21 16.09 16.09 18.24 18.03 20.29 22.41 20.98 17.63 19.43 17.62 16.35 16.09 16.50 15.63 16.38 16.62 19.25 19.33 19.64 20.89 21.73 21.50 20.68 20.95 22.31 20.99 19.18 20.11 21.47 20.98 20.95 20.86 19.91 19.45 20.95 21.84 20.65 21.18 22.32 22.37 21.63 22.80 21.98 23.75 26.00 25.61 21.91 22.77 22.75 22.72 22.18 24.71 25.91 23.88 23.27 23.11 25.03 23.03 25.82 25.17 25.70 21.85 21.17 19.17 19.60 17.28 19.16 19.53 20.02 21.43 22.53 20.89 20.21 19.27 22.39 24.63 
17.93 16.86 13.69 13.08 9.74 6.92 5.47 0.00 4.76 6.47 10.91 14.44 16.98 20.86 22.68 23.43 24.50 26.69 27.82 30.12 31.06 28.55 28.46 27.30 22.87 21.29 19.51 18.56 17.05 14.90 14.42 12.59 13.54 15.52 16.78 15.17 14.69 13.72 15.36 13.97 15.06 17.34 19.11 19.84 22.59 24.27 23.56 22.21 22.81 21.60 21.71 19.25 17.40 17.53 17.02 13.29 10.20 8.64 7.63 8.07 10.52 10.73 13.87 16.62 20.33 21.94 23.56 24.71 23.57 24.09 24.95 23.11 22.22 19.75 18.46 15.27 13.84 12.14 11.48 11.88 14.07 15.64 17.78 21.04 20.62 18.03 16.03 15.94 15.02 14.87 16.52 16.44 18.51 21.11 19.45 16.36 17.37 15.40 14.42 14.89 15.82 14.62 16.08 16.30 19.40 19.73 20.24 21.84 22.10 22.23 21.42 21.70 22.42 21.74 19.69 21.22 21.73 21.56 21.22 21.67 20.13 20.00 21.13 22.41 20.83 21.97 22.85 22.82 21.87 23.32 22.40 24.24 26.40 26.06 22.14 22.70 22.63 22.61 21.94 24.59 25.74 23.26 23.25 22.76 25.30 22.79 26.23 24.97 25.58 21.28 21.00 18.53 19.21 17.55 19.47 18.98 19.49 21.32 23.70 19.42 19.63 20.17 22.24 25.15 
21.46 18.76 16.35 15.30 12.91 9.71 6.00 4.76 0.00 5.65 6.82 12.28 14.28 18.01 21.45 21.62 22.57 25.30 27.62 29.67 30.56 28.27 27.87 26.02 21.84 19.74 19.20 16.35 15.51 13.69 12.10 10.74 10.86 13.53 15.13 14.66 14.18 13.35 14.28 14.26 16.10 18.08 19.61 19.59 21.45 22.69 21.95 20.61 20.53 19.17 19.30 16.73 15.26 15.53 14.93 12.01 9.67 9.78 9.90 10.01 11.27 12.66 15.19 16.55 20.16 21.87 24.57 25.00 23.82 23.97 24.56 22.48 20.76 18.25 18.25 14.43 13.95 12.54 12.53 13.55 15.49 18.25 19.86 23.29 22.30 20.19 18.06 17.46 16.03 15.41 16.77 15.16 17.40 19.40 17.41 13.29 16.48 14.10 13.20 13.47 15.46 14.49 15.89 16.89 20.29 20.91 21.44 23.71 23.90 24.56 23.37 23.02 23.55 22.85 20.96 22.18 22.56 21.76 21.47 21.72 20.21 19.75 21.33 22.70 21.38 22.25 23.32 22.98 21.74 23.55 23.17 25.43 27.70 26.85 22.83 22.79 22.27 22.36 22.11 24.88 26.11 23.90 23.21 22.99 24.99 23.05 26.58 25.90 26.35 22.48 21.74 19.89 20.48 18.46 20.68 20.34 21.63 22.17 23.69 20.85 22.52 21.29 23.75 25.39 
22.16 21.87 18.98 18.42 15.44 12.15 11.13 6.47 5.65 0.00 5.90 7.59 11.09 13.76 17.02 18.86 20.26 23.24 24.26 27.65 29.88 27.48 27.06 25.42 21.84 20.03 18.39 17.10 13.05 10.62 9.32 8.45 8.03 11.37 13.45 13.00 11.66 11.39 12.97 12.86 14.72 16.93 18.40 18.13 19.77 20.85 19.88 18.50 18.02 17.22 16.65 14.97 12.43 13.64 12.86 10.55 9.39 9.89 10.07 10.56 11.42 13.49 14.79 15.52 18.48 20.56 23.13 23.38 21.98 22.51 22.87 20.32 18.82 16.53 15.57 13.18 12.12 12.09 13.29 14.37 15.69 19.00 21.07 23.51 22.67 20.39 18.45 17.30 15.55 14.73 15.28 13.20 14.88 17.06 13.99 9.54 12.70 12.09 10.14 11.21 13.53 13.84 15.87 17.03 20.73 21.41 22.14 24.27 24.90 24.95 24.15 23.56 24.24 23.41 21.43 22.34 22.33 21.88 21.60 21.21 19.84 19.80 21.49 22.53 21.32 22.07 23.31 22.85 21.88 23.55 23.42 25.42 27.76 26.99 23.02 22.87 22.55 22.49 22.53 24.73 26.04 23.38 23.39 22.65 24.97 22.53 26.43 25.35 26.01 21.97 21.54 19.21 19.92 17.99 20.48 19.71 20.08 21.27 24.47 20.03 21.71 20.62 24.12 24.88 
25.22 23.81 20.68 19.40 17.68 14.72 12.60 10.91 6.82 5.90 0.00 5.89 6.99 10.53 13.03 15.91 18.28 22.44 23.77 26.69 29.29 27.67 26.29 25.04 21.46 19.10 17.12 13.57 9.75 7.50 6.25 6.57 8.30 11.20 13.08 12.53 12.17 12.92 13.96 13.22 15.16 16.99 18.87 18.07 19.14 20.12 19.35 17.10 16.36 14.66 14.72 12.81 12.00 11.82 11.16 10.35 9.92 10.13 10.88 11.23 13.08 14.05 14.97 15.68 18.53 19.91 22.52 22.89 21.40 21.71 22.00 19.49 18.51 15.07 14.61 12.92 13.22 13.10 14.39 16.09 17.95 20.86 23.22 25.80 24.59 22.24 19.95 18.86 16.82 15.66 16.85 14.19 15.13 16.50 15.06 11.05 13.88 11.21 11.99 13.19 15.53 15.84 18.42 19.13 22.32 23.37 24.34 26.86 26.68 26.96 25.71 25.72 26.11 24.84 22.61 23.17 23.37 22.97 22.48 22.12 20.75 20.72 22.30 23.61 22.13 22.96 24.13 23.98 22.82 24.66 24.29 26.46 28.21 27.90 23.99 23.98 22.87 23.37 23.18 25.78 26.46 24.50 24.16 23.80 25.31 23.34 26.84 26.06 26.45 22.82 22.10 20.35 20.61 19.01 21.39 21.25 21.69 22.41 23.64 20.54 22.91 21.53 23.70 24.76 
27.51 26.57 21.70 22.46 19.77 18.50 16.46 14.44 12.28 7.59 5.89 0.00 5.67 6.29 10.95 12.89 15.82 19.86 21.83 25.16 27.75 25.36 25.45 24.08 21.42 17.59 15.08 11.15 8.68 6.24 5.55 6.24 8.84 12.24 14.22 13.78 13.26 13.25 14.02 13.80 14.45 15.96 16.93 16.65 17.40 18.87 15.63 12.58 13.19 13.12 11.74 9.76 9.88 11.50 12.19 10.42 8.79 11.69 12.73 13.87 13.54 14.39 15.82 16.41 18.61 20.26 22.24 22.63 20.49 21.69 21.83 18.94 17.41 15.47 15.59 13.59 13.58 13.94 15.46 17.42 18.96 21.88 24.43 27.05 25.81 23.35 21.04 20.29 18.07 16.78 17.46 15.35 15.24 16.15 14.94 12.17 12.32 9.84 11.69 14.66 15.87 16.24 19.19 20.30 23.57 24.60 26.01 28.27 28.38 28.44 27.84 28.03 28.27 27.09 24.64 25.41 25.34 24.88 24.45 24.34 22.62 22.49 23.82 24.97 23.26 24.23 25.37 25.16 24.02 25.84 25.46 27.44 29.41 29.05 25.49 25.20 24.55 24.62 24.55 26.52 27.27 25.33 25.37 24.55 26.81 24.67 28.46 26.98 27.43 23.96 23.93 21.46 21.78 20.15 23.09 22.12 22.18 22.79 25.17 20.43 23.14 22.47 24.65 25.02 
29.81 28.57 24.08 24.67 22.05 20.01 19.03 16.98 14.28 11.09 6.99 5.67 0.00 5.82 7.07 10.20 12.25 16.47 19.32 23.27 25.80 23.78 23.50 22.39 17.96 14.58 12.33 8.31 5.96 5.98 5.23 7.23 9.82 12.52 14.24 13.96 12.20 12.47 12.98 12.46 13.43 14.49 15.17 14.91 15.57 15.94 12.29 10.74 11.25 10.47 11.28 10.41 10.34 11.76 14.37 12.65 11.78 12.47 14.26 14.10 14.67 14.42 15.18 15.81 18.20 19.46 20.93 20.89 19.18 19.96 19.92 16.32 14.96 13.69 14.35 12.96 13.50 13.91 15.85 17.92 19.52 22.41 25.19 27.47 25.98 23.80 21.89 20.50 18.34 17.48 18.23 15.49 16.30 17.74 15.93 12.35 15.01 13.02 12.65 14.99 17.12 17.11 19.52 20.79 24.44 25.41 26.28 28.99 29.20 29.61 28.40 29.08 29.12 28.11 25.48 26.49 26.20 25.77 25.25 25.26 23.37 23.14 24.44 25.57 23.54 24.93 26.12 25.87 24.80 26.60 25.83 27.97 29.88 29.67 26.06 26.04 25.25 25.56 24.87 26.98 27.56 26.16 25.72 25.69 27.36 25.61 28.81 28.07 28.16 25.27 24.93 23.69 23.95 22.37 24.62 23.84 23.61 25.01 26.17 21.37 24.19 23.31 24.45 24.92 
32.40 32.08 28.31 28.44 24.86 24.53 21.90 20.86 18.01 13.76 10.53 6.29 5.82 0.00 6.03 7.90 10.01 13.13 15.61 19.79 23.55 22.05 22.09 20.83 16.12 12.36 8.89 7.74 4.29 4.87 5.70 8.28 10.98 14.77 13.96 13.75 11.31 11.93 12.86 12.10 12.14 14.21 13.81 14.26 14.00 14.94 13.22 11.13 10.45 10.73 12.74 12.65 12.20 13.83 15.86 15.31 15.00 15.17 15.36 15.09 15.87 15.09 15.69 15.50 17.93 18.61 20.11 20.68 19.30 19.28 19.01 16.05 16.14 14.39 15.41 14.41 15.30 16.63 18.72 20.51 21.93 25.10 27.42 29.25 27.98 25.72 24.18 22.47 20.48 19.53 20.33 17.78 18.47 20.24 18.61 15.23 17.76 17.28 16.30 18.59 20.04 20.28 21.84 23.38 27.17 27.90 28.98 31.30 32.05 31.91 31.27 31.18 31.73 30.52 28.45 28.76 28.79 28.39 28.31 28.02 26.02 26.07 27.63 28.12 26.59 27.61 28.80 28.42 27.27 28.90 28.28 30.20 32.39 32.05 28.39 28.13 27.83 27.71 27.68 29.54 29.90 28.05 28.05 27.46 29.27 27.22 30.53 29.78 30.22 27.16 26.86 25.03 25.50 23.92 26.49 25.09 24.81 25.75 27.95 22.70 25.19 24.04 26.18 26.44 
33.93 34.75 30.89 30.28 27.25 25.32 24.19 22.68 21.45 17.02 13.03 10.95 7.07 6.03 0.00 5.94 6.90 10.82 12.87 16.02 19.99 19.08 19.24 16.81 12.41 9.16 8.23 3.71 3.00 5.79 10.00 11.30 14.06 16.85 16.92 15.74 14.11 13.08 13.23 12.52 13.06 12.93 13.48 13.41 12.27 14.11 12.05 9.53 10.11 10.94 13.41 14.20 14.65 16.66 17.92 17.45 16.33 16.74 17.34 15.95 16.92 16.51 16.73 16.71 17.23 18.04 19.44 18.86 18.49 17.72 17.84 15.32 15.45 13.64 15.12 14.80 16.73 17.79 20.50 21.97 24.15 26.54 29.11 31.01 29.83 27.03 25.53 23.88 21.57 20.44 21.20 19.30 19.78 21.60 20.43 17.76 19.93 19.19 18.91 20.47 21.32 21.47 23.60 25.19 28.48 29.41 30.68 33.15 33.33 33.54 32.53 32.90 33.01 32.09 29.35 30.19 30.02 29.81 29.40 29.39 27.58 27.66 28.97 30.14 28.16 29.31 30.49 30.30 28.79 30.24 29.23 31.42 33.44 33.41 29.72 29.67 28.57 29.33 29.01 31.23 31.56 29.92 29.48 29.34 30.48 28.93 31.53 31.05 31.18 28.36 27.67 26.38 26.54 25.32 27.50 26.35 25.97 27.02 28.41 24.00 26.35 24.63 26.01 25.98 
34.04 34.01 30.38 30.42 27.75 26.68 23.77 23.43 21.62 18.86 15.91 12.89 10.20 7.90 5.94 0.00 6.16 7.66 9.53 13.24 15.91 15.02 14.35 13.98 9.49 6.33 3.71 4.53 5.24 7.40 11.24 14.77 15.03 18.69 17.51 17.34 15.78 13.65 13.50 12.55 10.73 10.27 10.67 10.26 9.19 9.97 7.81 6.75 8.66 9.89 12.68 14.04 14.17 17.06 18.77 18.54 16.27 16.54 16.97 16.53 16.48 15.23 15.44 15.15 15.45 15.46 16.23 16.55 15.17 14.42 14.98 12.09 12.77 12.13 13.77 14.31 15.91 17.51 19.59 21.84 22.66 25.72 27.73 30.62 29.18 27.09 25.26 24.10 21.71 20.77 21.25 19.74 20.42 22.01 20.60 18.07 19.84 18.64 18.81 20.61 21.58 21.18 23.29 24.97 27.96 28.71 30.15 32.98 33.27 33.00 32.43 32.97 33.20 32.00 29.90 30.23 30.30 29.81 29.82 29.62 27.70 27.74 29.55 30.04 28.13 29.27 30.53 30.11 28.56 29.83 29.32 31.26 33.43 33.32 29.88 29.72 29.38 29.43 29.49 31.48 31.93 30.19 30.15 29.47 30.88 29.07 32.34 31.35 31.38 28.68 28.82 27.07 27.04 25.92 28.53 26.66 25.85 26.99 29.45 24.44 25.72 25.23 27.07 26.68 
34.97 35.17 30.93 31.90 29.45 28.19 25.75 24.50 22.57 20.26 18.28 15.82 12.25 10.01 6.90 6.16 0.00 7.20 8.35 11.94 14.65 13.63 13.51 12.37 10.34 6.35 6.45 7.50 10.22 12.51 16.08 17.93 18.52 20.54 21.97 20.52 19.31 17.73 16.90 14.18 12.15 12.21 12.12 11.34 9.95 12.41 11.11 10.54 13.20 14.83 17.75 18.97 18.79 21.10 23.00 21.98 19.77 19.62 19.97 19.16 19.40 17.46 16.77 16.75 17.29 15.80 15.72 15.40 14.95 13.88 14.06 10.45 12.94 13.35 15.72 16.13 18.25 19.75 22.15 23.32 25.53 27.81 30.09 32.10 31.29 29.12 27.53 26.21 23.90 23.60 24.31 22.57 23.58 25.77 24.43 21.70 23.46 22.86 22.44 23.86 25.13 24.58 26.35 27.54 30.92 31.40 32.93 35.36 35.49 35.41 34.73 35.23 35.01 34.38 32.00 32.76 32.66 32.42 32.12 32.02 29.55 30.19 31.91 32.72 30.52 31.70 33.15 32.65 30.47 32.44 31.73 33.94 35.89 35.97 32.66 32.59 31.44 32.37 32.14 34.40 34.78 33.19 33.04 32.67 33.11 31.94 35.17 34.35 34.37 31.75 31.90 30.67 30.58 29.91 32.81 30.86 30.02 31.29 33.36 29.89 30.93 28.80 31.57 31.36 
36.81 36.73 33.07 33.25 31.87 30.72 27.93 26.69 25.30 23.24 22.44 19.86 16.47 13.13 10.82 7.66 7.20 0.00 7.79 10.26 11.97 12.47 10.42 11.31 7.31 6.40 6.48 10.74 11.57 15.70 18.07 20.50 20.87 24.28 24.96 23.73 21.59 19.55 18.14 14.88 11.70 12.36 11.83 9.58 8.42 12.33 13.09 13.14 14.31 15.99 19.71 21.40 20.67 22.93 25.14 23.83 22.10 21.19 21.41 20.71 20.46 18.34 18.19 16.99 17.17 15.80 15.37 14.91 13.86 11.84 12.45 10.11 13.01 14.54 17.67 17.54 19.88 21.96 22.64 24.60 26.61 29.51 30.69 33.32 32.19 30.14 28.30 26.91 24.93 24.39 25.17 23.65 24.26 27.04 25.28 22.97 24.23 24.71 23.85 25.49 26.30 26.25 27.98 29.42 32.84 33.71 34.68 36.84 37.01 37.06 36.20 36.42 36.86 35.82 33.72 33.91 34.07 33.75 33.83 33.34 31.20 31.40 33.66 33.98 31.69 33.20 34.56 34.19 32.53 33.67 33.38 35.42 37.36 37.45 34.06 33.76 33.32 33.57 34.18 36.19 36.55 34.86 34.90 33.98 35.29 33.32 36.38 35.58 35.64 33.08 33.19 31.60 31.98 31.12 33.70 31.71 30.92 32.25 34.25 30.05 30.59 30.36 32.25 31.49 
37.96 38.45 34.51 33.79 32.49 31.61 29.39 27.82 27.62 24.26 23.77 21.83 19.32 15.61 12.87 9.53 8.35 7.79 0.74 5.82 7.68 7.24 9.06 7.22 6.44 6.11 7.53 10.57 13.83 16.45 20.38 21.96 23.16 26.21 26.48 23.94 22.03 19.15 17.00 13.17 10.76 10.23 9.61 7.61 7.86 11.80 12.23 13.07 15.41 16.63 19.37 20.92 20.72 22.96 24.72 23.09 22.22 20.70 20.92 19.34 19.42 17.92 17.70 16.14 15.62 13.86 13.22 12.04 9.80 6.94 9.75 7.49 10.30 11.97 15.74 15.45 17.76 20.17 21.65 23.38 25.79 28.21 29.84 32.28 30.80 28.94 27.41 26.03 23.83 23.56 23.97 22.03 23.05 25.05 23.90 21.33 23.05 23.24 22.78 24.51 25.59 25.52 27.64 29.52 32.84 33.51 34.06 36.51 36.52 36.91 35.62 36.42 36.43 35.61 32.91 33.78 33.62 33.42 32.96 33.12 30.73 31.27 32.93 33.95 31.12 32.47 33.81 34.02 31.97 33.65 32.53 34.88 36.49 36.82 33.27 33.66 32.69 33.72 33.50 35.67 35.89 34.39 33.74 33.87 34.76 33.26 35.18 34.80 34.92 32.25 31.96 30.93 31.48 30.48 32.95 31.12 30.53 31.22 33.56 31.59 32.20 29.66 32.53 31.60 
38.37 38.39 34.70 34.24 34.80 33.90 31.24 30.12 29.67 27.65 26.69 25.16 23.27 19.79 16.02 13.24 11.94 10.26 5.82 0.00 5.77 6.19 8.42 9.38 8.19 9.34 10.58 15.71 17.70 21.20 24.41 26.53 27.49 29.65 29.81 27.41 25.06 22.70 20.27 17.83 14.26 13.57 11.77 10.38 11.36 14.75 15.65 16.46 18.43 20.69 22.99 24.00 23.70 26.12 27.71 25.83 24.21 23.51 22.95 22.05 21.70 20.21 19.60 18.80 17.92 16.17 14.88 13.73 10.46 7.93 10.77 9.53 13.23 14.78 18.89 18.80 20.83 22.40 23.83 25.22 27.18 29.40 30.89 33.10 31.40 29.81 28.25 27.26 25.26 24.87 25.67 24.27 25.23 27.81 26.55 24.59 25.98 26.01 25.41 26.96 27.78 27.68 29.89 31.36 34.31 34.77 35.59 38.02 37.98 37.95 37.22 37.71 37.99 36.70 34.58 35.06 35.15 34.70 34.66 34.56 32.50 32.60 34.65 35.18 32.75 34.02 35.41 35.59 33.63 35.12 34.27 36.49 37.94 38.45 34.99 35.14 34.63 35.00 35.13 37.53 37.44 36.00 35.79 35.27 36.54 34.73 37.25 36.53 36.25 33.70 34.09 32.86 33.18 32.69 34.90 32.98 31.75 32.86 35.14 32.11 31.97 30.98 33.66 32.52 
38.13 38.21 34.59 34.06 34.41 33.83 32.08 31.06 30.56 29.88 29.29 27.75 25.80 23.55 19.99 15.91 14.65 11.97 7.68 5.77 2.13 5.55 7.77 9.01 9.79 10.83 13.73 17.20 21.14 22.52 26.53 28.75 29.56 32.31 32.75 28.68 26.73 23.82 21.50 18.01 15.68 13.96 12.35 11.05 11.02 15.73 15.78 15.58 19.03 20.67 24.31 24.84 24.50 26.99 29.46 26.97 25.10 24.03 24.02 22.61 22.23 20.69 20.10 19.16 19.36 16.64 14.76 13.13 10.50 7.52 10.31 8.99 14.16 15.82 18.76 18.49 20.09 22.44 24.15 25.35 27.53 29.55 30.66 32.28 31.11 29.25 28.08 27.27 25.40 25.23 26.46 25.12 26.59 28.97 28.24 25.79 27.98 27.33 26.72 27.73 28.69 28.21 30.33 31.56 34.25 34.52 35.62 37.82 37.81 37.94 37.49 38.00 38.10 37.03 34.72 35.55 35.59 35.13 34.78 34.65 32.73 32.77 34.56 35.36 32.65 33.78 35.32 35.48 33.63 35.17 34.40 36.51 37.93 38.30 35.16 35.51 34.88 35.48 35.44 37.50 37.91 36.47 36.30 36.09 37.25 35.44 38.02 37.11 37.30 34.44 34.89 33.64 34.43 33.79 36.32 34.51 34.23 35.25 37.37 34.87 35.39 32.07 35.30 35.71 
36.89 35.67 32.34 31.55 32.77 30.86 29.42 28.55 28.27 27.48 27.67 25.36 23.78 22.05 19.08 15.02 13.63 12.47 7.24 6.19 5.55 0.00 4.81 6.69 7.97 9.72 10.49 15.02 18.17 21.75 25.98 27.68 28.62 31.19 30.01 27.44 24.75 21.64 19.39 16.45 12.32 11.01 9.13 8.30 8.41 12.18 13.22 13.83 16.95 18.32 21.05 22.31 22.05 24.60 26.67 24.83 22.79 22.25 21.40 20.69 19.95 18.47 18.17 16.42 16.20 14.22 12.02 10.18 6.88 4.58 8.88 7.85 11.77 13.08 16.13 15.74 17.20 19.73 20.70 22.19 24.32 26.19 26.84 29.24 28.19 26.11 24.95 23.85 22.39 21.81 23.36 22.06 23.82 26.78 25.94 23.38 25.01 24.71 23.76 25.02 25.58 25.48 27.31 28.77 31.66 32.25 33.41 35.47 35.91 35.64 35.42 35.74 36.22 34.83 32.75 33.10 33.35 32.75 32.76 32.32 30.33 30.18 32.46 32.97 30.62 31.54 33.40 33.43 31.92 32.99 32.56 34.49 36.36 36.43 33.36 33.28 32.97 33.28 33.70 35.66 36.19 34.69 34.63 34.10 35.52 33.50 36.01 35.09 35.21 32.39 32.81 31.46 32.00 31.56 33.92 32.32 31.66 32.90 35.05 32.29 32.85 31.04 33.96 33.86 
36.47 36.03 32.19 31.40 32.06 30.57 29.04 28.46 27.87 27.06 26.29 25.45 23.50 22.09 19.24 14.35 13.51 10.42 9.06 8.42 7.77 4.81 1.05 7.24 6.35 9.70 11.53 14.58 19.01 21.75 25.15 28.02 28.61 31.18 29.26 26.97 24.58 21.85 17.78 15.51 12.74 10.84 9.84 8.90 10.09 12.78 12.84 13.90 17.45 17.91 20.31 21.32 21.87 23.87 25.37 23.65 22.85 21.77 21.37 19.96 19.41 18.04 17.90 16.47 16.05 13.72 12.77 10.95 8.81 6.22 10.35 9.00 11.52 12.60 15.68 14.77 17.05 19.38 20.61 21.73 23.37 25.06 26.16 28.42 27.51 25.43 24.26 23.60 22.07 21.41 22.60 21.39 23.19 25.98 25.20 22.86 24.42 24.02 22.98 24.08 25.29 25.17 26.57 28.33 31.24 32.07 32.68 35.14 35.63 35.76 35.16 35.82 35.97 35.00 32.63 33.32 33.22 32.78 32.64 32.50 30.36 30.47 32.29 33.14 30.70 31.78 33.43 33.61 31.91 33.35 32.68 34.68 36.48 36.50 33.37 33.58 33.07 33.80 33.93 35.88 36.50 34.95 34.78 34.63 35.97 34.08 36.27 35.53 35.67 32.69 32.78 31.48 32.21 31.46 33.86 32.29 32.02 32.83 35.35 33.28 33.78 31.03 33.95 33.19 
35.15 34.11 30.78 30.11 31.14 29.39 28.22 27.30 26.02 25.42 25.04 24.08 22.39 20.83 16.81 13.98 12.37 11.31 7.22 9.38 9.01 6.69 7.24 0.00 6.51 8.51 9.90 12.69 17.07 19.71 24.26 26.69 27.31 29.63 27.89 25.14 23.26 20.83 17.27 14.68 11.46 10.30 8.84 8.62 9.84 12.38 12.85 13.54 16.26 17.01 19.32 20.40 19.59 22.45 23.78 22.60 21.12 21.06 19.87 18.71 18.38 17.24 16.88 15.44 16.25 14.55 12.23 12.09 9.81 8.96 11.62 9.79 13.08 12.55 14.55 14.34 16.17 17.54 19.08 20.28 22.12 23.49 24.63 27.45 26.27 24.00 22.94 22.39 21.48 20.80 22.60 21.39 23.53 25.94 25.60 23.06 24.69 24.01 22.65 23.44 24.34 24.13 25.54 27.08 30.10 30.70 31.72 33.87 34.55 34.40 34.06 34.68 35.24 33.93 31.95 32.36 32.46 31.93 32.05 31.87 29.84 29.68 31.67 32.33 30.11 31.31 33.07 33.05 31.66 32.76 32.34 34.22 36.22 36.37 33.15 33.14 32.92 33.17 33.58 35.94 36.47 34.77 34.79 34.49 36.01 33.93 36.44 35.55 35.49 32.62 32.76 31.49 31.81 31.47 33.78 32.01 31.00 32.71 34.76 32.25 31.51 31.16 33.50 33.07 
31.32 31.08 26.52 26.53 27.16 25.56 24.43 22.87 21.84 21.84 21.46 21.42 17.96 16.12 12.41 9.49 10.34 7.31 6.44 8.19 9.79 7.97 6.35 6.51 0.00 6.09 6.57 9.38 12.82 15.54 20.24 21.06 22.04 24.54 24.17 21.00 18.54 16.23 13.10 9.83 8.45 6.59 6.76 6.51 7.92 10.99 10.73 11.24 13.75 14.47 16.58 17.26 16.88 19.18 20.98 19.46 17.89 17.47 17.35 15.62 15.47 14.10 13.78 13.03 13.48 11.88 10.62 9.59 8.78 7.87 10.09 8.23 10.14 10.03 11.28 10.30 12.38 13.72 15.27 16.18 18.36 20.16 21.27 23.57 23.49 21.29 19.94 19.95 18.86 19.06 20.89 19.94 22.12 25.19 24.23 21.68 23.30 22.86 21.23 21.64 22.62 21.77 22.93 24.29 26.89 27.66 28.55 31.08 31.57 31.57 31.11 32.06 32.25 31.29 29.17 30.00 30.13 29.59 29.51 29.38 27.29 27.35 29.18 30.03 27.81 28.98 30.64 30.89 28.99 30.61 29.99 32.00 34.15 34.15 30.96 31.21 30.76 31.33 31.53 33.89 34.81 33.07 32.83 32.89 34.19 32.35 34.73 34.02 34.06 30.92 31.12 29.83 30.51 30.14 32.69 31.17 30.94 32.60 34.61 33.28 32.82 31.42 33.30 34.54 
30.28 29.31 24.65 24.83 25.23 23.72 21.51 21.29 19.74 20.03 19.10 17.59 14.58 12.36 9.16 6.33 6.35 6.40 6.11 9.34 10.83 9.72 9.70 8.51 6.09 0.00 5.53 6.64 11.15 13.17 17.29 19.99 19.96 22.54 22.21 20.47 17.07 14.45 11.47 9.48 6.28 4.85 6.28 6.38 7.07 10.98 10.53 10.29 13.13 13.01 14.23 15.54 15.59 17.46 19.33 18.65 16.97 16.18 15.37 14.75 14.26 13.24 13.61 13.79 14.15 13.16 12.47 12.85 10.97 10.37 12.50 9.62 12.32 11.24 12.46 10.91 12.80 13.00 13.77 15.04 16.88 19.01 20.60 23.37 22.16 20.00 18.70 18.72 16.98 17.45 19.52 18.76 20.51 24.29 23.28 20.74 21.99 21.71 19.88 20.51 20.90 20.33 21.35 22.80 25.71 26.52 27.60 30.01 30.53 30.47 30.16 31.01 31.58 30.43 28.40 29.04 29.19 28.74 28.63 28.39 26.60 26.45 28.37 29.03 27.08 28.65 30.15 30.04 28.46 29.88 29.50 31.63 33.50 33.96 30.45 30.40 29.85 30.49 30.75 33.27 33.93 32.47 32.36 32.04 33.64 31.73 34.32 33.53 33.41 30.54 30.63 29.32 29.79 29.31 31.47 30.52 30.20 32.02 33.36 30.99 31.89 31.35 32.59 32.55 
29.06 28.82 24.17 24.01 23.90 21.58 20.34 19.51 19.20 18.39 17.12 15.08 12.33 8.89 8.23 3.71 6.45 6.48 7.53 10.58 13.73 10.49 11.53 9.90 6.57 5.53 0.00 5.37 6.76 10.53 13.83 16.41 17.33 19.92 19.84 17.25 15.05 11.66 9.68 7.66 6.44 6.13 8.38 8.42 10.25 13.30 13.22 13.47 15.91 14.86 15.44 16.38 16.24 17.93 18.66 17.51 16.19 15.46 14.67 12.91 12.63 12.62 13.20 13.77 14.68 14.39 13.80 14.17 12.48 12.34 13.03 10.06 12.11 11.82 12.36 10.79 12.38 12.51 13.95 13.62 14.92 17.81 20.91 23.17 22.32 20.41 19.01 18.78 17.17 17.33 19.40 18.74 20.74 23.80 23.04 20.45 21.93 21.25 19.77 19.80 20.48 19.76 20.73 22.18 25.03 26.16 26.94 29.70 30.29 30.60 30.15 31.22 31.43 30.60 28.45 29.28 29.29 28.81 28.48 28.48 26.46 26.57 28.15 29.15 27.03 28.54 30.09 30.25 28.39 30.20 29.73 31.67 33.37 33.67 30.33 30.41 29.64 30.47 30.76 32.85 33.65 32.35 32.41 32.18 33.68 31.97 34.65 33.69 33.81 30.56 30.68 28.95 29.65 28.86 31.64 29.86 30.04 31.23 33.61 31.55 31.98 30.22 32.87 31.94 
28.76 27.97 23.45 22.91 22.87 21.17 18.68 18.56 16.35 17.10 13.57 11.15 8.31 7.74 3.71 4.53 7.50 10.74 10.57 15.71 17.20 15.02 14.58 12.69 9.38 6.64 5.37 0.00 5.65 6.19 10.36 13.22 14.98 17.98 17.21 14.77 11.44 9.45 7.87 6.38 6.13 6.76 8.56 10.59 12.06 14.99 14.20 14.37 15.82 15.54 16.02 16.17 15.00 17.01 17.58 15.83 14.58 13.63 12.33 11.14 12.25 12.45 13.41 13.53 16.61 16.72 16.45 16.32 15.20 15.58 16.62 13.46 14.98 13.63 13.56 10.96 12.46 12.55 13.24 12.68 14.63 18.12 20.50 23.02 22.74 21.10 19.35 18.97 17.46 17.72 19.70 19.38 21.27 24.18 23.84 20.81 22.63 21.60 20.09 19.81 20.44 19.79 20.61 21.81 24.87 26.12 27.17 29.70 30.37 30.38 30.23 31.14 31.69 30.59 28.75 29.52 29.60 29.06 28.84 28.75 26.90 26.66 28.44 29.45 27.33 28.85 30.48 30.51 29.03 30.40 29.90 31.98 33.82 33.94 30.50 30.49 30.11 30.51 30.64 33.27 34.08 32.71 32.66 32.55 34.32 32.41 35.01 34.24 34.48 31.22 31.27 29.79 30.19 29.87 32.08 30.53 29.86 32.06 33.45 30.60 30.90 30.58 32.75 32.35 
27.11 26.58 22.56 22.21 21.87 19.59 18.54 17.05 15.51 13.05 9.75 8.68 5.96 4.29 3.00 5.24 10.22 11.57 13.83 17.70 21.14 18.17 19.01 17.07 12.82 11.15 6.76 5.65 0.89 5.73 6.74 9.62 11.07 14.08 14.38 11.24 8.84 6.99 6.86 6.42 8.45 9.06 12.03 13.68 15.77 18.11 17.43 16.81 18.00 17.07 17.45 16.72 15.26 16.69 16.84 14.46 13.22 12.17 11.85 10.70 12.25 12.74 14.70 15.16 17.28 18.08 18.46 18.38 16.78 17.32 18.26 15.67 17.18 14.89 15.45 13.34 13.88 13.20 14.57 14.73 16.64 19.59 22.25 24.39 24.04 22.19 19.76 19.53 17.99 18.31 20.37 19.62 21.43 24.36 23.87 21.50 22.97 22.18 20.15 20.54 20.60 19.55 20.34 21.50 24.79 25.78 26.68 29.28 29.58 29.77 29.44 30.60 31.03 30.17 28.25 29.42 29.37 28.90 28.52 28.59 26.74 26.58 28.13 29.33 27.27 28.59 30.08 30.54 29.10 30.36 29.44 31.73 33.70 33.78 30.18 30.46 30.15 30.50 30.44 33.11 34.06 32.66 32.39 32.69 34.44 32.69 35.21 34.65 35.05 31.66 31.68 30.17 30.92 30.50 33.09 31.50 31.62 33.39 35.07 33.19 34.11 31.14 33.52 34.77 
26.19 25.19 20.94 20.81 20.21 18.15 15.60 14.90 13.69 10.62 7.50 6.24 5.98 4.87 5.79 7.40 12.51 15.70 16.45 21.20 22.52 21.75 21.75 19.71 15.54 13.17 10.53 6.19 5.73 0.00 5.97 7.34 9.27 12.28 11.22 9.84 7.86 6.74 6.79 6.21 8.36 11.01 13.45 14.72 15.65 18.70 18.39 17.30 18.53 18.01 17.72 16.95 15.37 16.43 16.65 13.88 11.78 10.50 10.69 10.18 11.12 12.63 14.43 16.01 17.85 18.47 18.73 19.21 17.23 18.35 19.00 15.77 16.49 14.13 14.37 12.61 12.49 12.20 14.07 15.24 16.56 19.17 21.94 24.92 24.18 22.01 20.57 20.04 18.03 18.00 19.60 18.81 20.25 23.03 22.72 19.89 22.04 20.70 19.14 19.68 20.49 19.51 20.18 21.15 23.98 24.81 25.75 28.22 28.88 28.62 28.45 29.47 30.29 29.25 27.63 28.38 28.88 28.37 28.25 27.94 26.52 26.26 28.11 28.85 27.10 28.32 30.11 30.08 28.85 30.03 29.45 31.50 33.63 33.65 30.45 30.41 30.27 30.50 30.59 32.92 33.94 32.57 32.59 32.36 34.14 32.22 35.00 34.17 34.26 31.11 31.48 29.90 30.19 30.05 32.35 30.99 30.46 32.78 33.79 30.95 31.97 31.18 32.98 33.63 
25.77 24.98 21.27 20.93 20.34 17.99 15.91 14.42 12.10 9.32 6.25 5.55 5.23 5.70 10.00 11.24 16.08 18.07 20.38 24.41 26.53 25.98 25.15 24.26 20.24 17.29 13.83 10.36 6.74 5.97 0.75 5.53 6.90 9.56 10.20 8.46 7.28 7.03 9.23 9.67 12.18 15.29 18.64 18.93 19.91 22.84 21.75 21.25 22.57 21.24 20.78 19.46 18.07 18.52 17.97 15.42 13.63 12.25 12.67 11.11 13.02 13.64 16.14 17.70 20.83 20.35 21.21 21.19 19.89 20.27 21.25 18.45 18.64 16.80 16.88 14.46 14.67 15.05 17.61 17.85 18.47 21.13 24.54 27.53 27.13 24.90 22.79 22.47 20.21 19.59 20.80 19.96 20.98 23.64 23.29 21.13 22.50 21.49 20.18 21.20 21.52 20.61 21.41 22.33 25.18 25.81 26.59 29.08 29.35 29.63 29.09 30.23 30.60 30.12 28.09 29.39 29.57 29.31 28.92 29.17 27.23 27.49 29.06 30.26 28.13 29.59 31.33 31.55 29.92 31.63 30.94 33.05 35.06 35.29 32.02 32.03 31.42 32.31 32.27 34.31 35.03 34.07 34.03 33.74 35.21 33.77 36.35 35.51 35.55 32.74 32.86 31.24 31.72 31.31 34.06 32.36 32.20 33.84 35.50 33.46 34.14 31.97 34.31 33.36 
25.60 24.58 20.82 20.15 19.55 17.30 15.49 12.59 10.74 8.45 6.57 6.24 7.23 8.28 11.30 14.77 17.93 20.50 21.96 26.53 28.75 27.68 28.02 26.69 21.06 19.99 16.41 13.22 9.62 7.34 5.53 0.00 5.63 6.27 8.62 8.19 7.04 6.90 8.95 10.93 13.35 16.25 18.82 20.15 21.48 23.88 22.95 21.50 22.80 22.10 21.13 19.51 17.89 18.82 17.56 14.29 12.39 11.90 11.24 10.40 12.19 14.15 16.04 17.06 19.94 20.52 20.80 20.44 19.69 20.73 21.72 18.72 18.49 16.63 15.61 13.92 14.21 16.08 17.83 18.35 19.22 22.48 24.86 28.44 28.06 26.12 23.98 23.48 21.51 20.56 21.73 20.52 21.62 24.11 24.07 21.27 23.12 21.80 20.74 21.10 21.98 21.06 22.06 22.81 25.18 25.89 26.71 29.22 29.42 29.75 29.54 30.44 30.79 30.23 28.63 29.54 29.88 29.56 29.59 29.33 27.58 27.66 29.63 30.50 28.32 30.14 31.58 31.67 30.38 31.82 31.14 33.51 35.47 35.87 32.25 32.05 31.83 32.15 32.17 34.74 35.48 34.14 34.00 33.78 35.57 33.81 36.18 35.56 35.73 32.93 32.92 31.60 32.06 32.09 34.01 32.74 31.82 34.39 34.75 32.19 32.72 32.93 33.86 33.58 
25.27 24.28 20.98 20.90 20.97 17.86 16.31 13.54 10.86 8.03 8.30 8.84 9.82 10.98 14.06 15.03 18.52 20.87 23.16 27.49 29.56 28.62 28.61 27.31 22.04 19.96 17.33 14.98 11.07 9.27 6.90 5.63 0.71 5.86 6.79 8.82 9.06 9.51 11.85 13.10 16.63 18.84 21.08 22.31 23.53 26.57 25.37 23.94 24.39 24.06 23.21 21.14 19.49 20.87 19.79 15.91 13.78 13.67 13.58 12.33 14.00 15.96 18.41 18.75 21.25 21.92 23.60 22.46 21.27 22.43 24.05 20.76 19.85 18.15 17.89 16.85 16.79 17.66 20.02 20.91 21.68 24.08 26.11 29.62 29.64 27.55 25.60 25.38 23.49 22.59 23.76 22.36 23.42 25.92 25.73 23.25 24.98 23.87 22.28 22.86 23.74 22.68 23.52 23.84 26.23 26.69 27.80 29.96 30.08 30.40 30.29 31.18 31.39 31.04 29.56 30.80 30.89 30.76 30.65 30.66 28.31 28.75 30.47 31.65 29.74 31.04 32.65 32.85 31.22 32.82 31.88 34.27 37.01 36.58 33.15 33.26 32.80 33.21 32.92 35.53 36.90 35.08 34.76 35.06 36.40 34.89 37.04 36.55 36.81 34.03 34.19 32.92 33.50 33.54 36.01 34.28 33.89 35.82 37.19 35.73 35.34 33.45 35.12 37.17 
25.90 25.07 22.00 22.02 22.23 19.51 17.48 15.52 13.53 11.37 11.20 12.24 12.52 14.77 16.85 18.69 20.54 24.28 26.21 29.65 32.31 31.19 31.18 29.63 24.54 22.54 19.92 17.98 14.08 12.28 9.56 6.27 5.86 0.00 5.12 6.84 8.59 11.26 14.09 15.12 17.94 21.37 23.03 24.57 25.95 28.36 27.54 25.77 26.93 26.52 25.91 23.79 21.72 23.47 23.39 19.03 16.51 15.91 15.59 15.23 16.30 17.75 19.89 21.36 23.34 23.91 24.87 24.45 22.91 23.72 24.90 21.56 20.74 19.59 20.17 18.55 19.04 20.09 22.63 23.54 23.89 26.18 28.56 31.89 31.43 29.42 27.59 27.13 25.31 24.23 25.17 24.16 25.13 27.42 26.65 24.41 26.27 25.75 24.39 24.61 25.50 25.06 26.12 26.25 28.58 29.18 30.04 32.27 32.26 32.81 32.22 33.47 33.59 33.16 31.68 32.85 32.88 33.04 32.72 32.78 30.79 30.96 32.85 34.02 31.83 33.64 34.92 35.15 33.44 34.95 34.10 36.83 38.59 38.59 35.03 35.23 34.92 35.11 34.97 37.92 38.70 37.42 36.93 36.96 38.76 36.84 39.31 39.04 38.70 36.26 36.21 35.09 35.79 36.07 37.73 37.01 35.91 38.80 38.50 36.22 37.04 36.75 37.08 36.85 
25.51 25.03 22.39 22.53 22.71 19.52 17.99 16.78 15.13 13.45 13.08 14.22 14.24 13.96 16.92 17.51 21.97 24.96 26.48 29.81 32.75 30.01 29.26 27.89 24.17 22.21 19.84 17.21 14.38 11.22 10.20 8.62 6.79 5.12 0.00 5.75 6.15 9.50 13.30 14.98 18.55 21.21 23.12 24.76 25.94 28.76 28.27 26.64 28.17 27.31 27.29 24.93 23.20 24.52 24.52 21.34 18.58 17.85 17.58 16.46 18.35 19.15 20.44 21.66 24.01 23.96 24.54 23.86 23.18 23.26 24.02 19.82 18.70 18.70 20.07 18.70 20.22 21.97 24.55 24.64 25.16 27.42 29.99 32.98 32.74 30.42 28.40 27.91 26.19 25.03 25.44 24.27 25.59 27.57 26.90 24.59 26.51 25.69 24.82 25.61 26.14 25.36 26.61 27.20 30.01 30.34 31.08 33.05 33.23 33.59 33.45 33.97 34.65 33.96 32.27 33.38 33.68 33.41 33.40 33.43 31.59 31.71 33.62 34.54 32.68 33.81 35.86 35.72 34.40 35.85 35.43 37.22 39.51 39.36 36.62 36.33 35.72 36.14 36.54 38.49 39.57 37.90 38.17 37.96 39.51 37.74 40.60 39.51 39.93 36.80 37.23 35.64 36.63 36.18 38.82 36.97 37.01 38.63 39.67 37.15 38.70 36.28 38.04 36.69 
24.26 23.18 20.22 20.52 20.42 17.83 15.88 15.17 14.66 13.00 12.53 13.78 13.96 13.75 15.74 17.34 20.52 23.73 23.94 27.41 28.68 27.44 26.97 25.14 21.00 20.47 17.25 14.77 11.24 9.84 8.46 8.19 8.82 6.84 5.75 0.00 6.02 6.98 10.16 11.82 15.74 18.45 20.36 22.24 23.85 26.00 26.16 24.40 25.78 24.93 25.26 23.25 21.46 23.32 23.22 20.15 18.16 16.85 15.79 13.99 15.99 16.30 17.87 17.61 20.69 20.65 20.58 19.98 18.63 19.44 19.76 15.85 15.91 14.44 14.95 14.57 17.16 18.92 20.60 21.74 23.79 26.41 28.12 31.42 30.66 29.11 27.05 26.31 24.29 22.94 23.91 22.47 23.76 25.94 25.46 23.13 24.93 23.87 22.83 23.76 24.27 23.25 24.47 25.61 28.18 28.59 29.27 31.64 31.62 32.34 31.93 33.02 33.00 32.71 30.92 31.96 32.11 31.92 31.83 31.86 29.78 30.01 31.96 32.86 30.49 32.18 33.61 34.02 32.34 34.22 33.32 35.52 37.13 37.61 34.29 34.41 33.78 34.17 34.25 36.82 37.39 36.18 36.11 36.02 37.91 36.13 38.49 38.04 38.12 35.31 35.45 34.21 34.88 34.89 36.68 36.04 35.31 37.83 37.42 34.92 36.40 35.84 36.34 35.61 
22.83 21.45 18.53 19.03 19.39 16.59 15.01 14.69 14.18 11.66 12.17 13.26 12.20 11.31 14.11 15.78 19.31 21.59 22.03 25.06 26.73 24.75 24.58 23.26 18.54 17.07 15.05 11.44 8.84 7.86 7.28 7.04 9.06 8.59 6.15 6.02 0.00 5.40 7.00 9.35 12.71 15.67 18.10 19.54 21.07 23.28 24.22 22.95 24.11 23.90 24.67 22.05 20.71 22.53 23.06 20.08 17.54 16.51 15.71 14.26 14.50 14.70 15.73 15.82 17.50 18.37 18.79 17.90 15.97 17.36 17.92 13.90 13.96 13.02 14.19 13.42 16.26 18.19 19.77 21.51 23.37 25.64 27.56 30.59 29.69 27.93 26.27 25.54 23.48 22.15 23.63 22.15 22.76 25.36 25.36 22.67 24.43 23.49 22.17 23.03 23.73 22.84 24.11 25.05 27.91 28.17 29.12 31.06 31.04 31.58 31.53 32.22 32.68 32.10 30.70 31.68 31.82 31.57 31.65 31.43 29.41 29.65 31.58 32.29 30.18 31.54 33.43 33.28 31.90 33.32 32.85 34.84 36.83 36.75 33.99 33.85 33.53 33.84 33.93 36.18 37.17 35.72 35.76 35.82 37.56 35.87 38.72 37.86 38.32 35.53 35.80 34.12 35.14 34.80 37.56 35.77 35.84 38.09 38.93 36.68 38.59 35.28 37.02 39.28 
22.77 21.64 19.00 18.73 18.11 15.89 14.55 13.72 13.35 11.39 12.92 13.25 12.47 11.93 13.08 13.65 17.73 19.55 19.15 22.70 23.82 21.64 21.85 20.83 16.23 14.45 11.66 9.45 6.99 6.74 7.03 6.90 9.51 11.26 9.50 6.98 5.40 0.00 4.69 5.48 9.98 12.22 14.21 16.25 17.98 20.19 19.86 18.67 20.74 20.48 22.00 19.73 18.46 20.10 21.30 18.37 16.64 14.65 13.67 13.16 12.61 12.22 13.27 13.52 15.09 15.41 15.27 15.57 12.66 13.38 14.03 9.72 10.77 10.58 10.65 11.20 13.88 15.69 17.32 18.97 20.65 23.08 25.22 28.74 27.93 25.65 23.68 22.61 20.93 19.24 20.87 19.65 21.12 23.23 23.10 20.83 22.88 22.00 20.80 21.07 21.92 21.07 22.48 23.32 26.15 26.75 27.74 30.02 30.42 30.53 30.35 31.27 31.76 31.09 29.44 30.29 30.70 30.32 30.30 30.10 28.36 28.22 30.25 31.09 29.21 30.32 32.18 32.06 30.80 31.84 31.50 33.52 35.50 35.32 32.44 32.41 32.13 32.32 32.60 35.16 36.25 34.68 34.78 34.73 36.67 34.71 37.61 36.72 37.26 34.15 34.41 32.74 33.41 33.37 35.74 34.56 34.48 37.26 37.39 35.06 37.57 36.30 36.95 37.41 
23.22 22.68 20.51 20.02 18.32 16.65 16.25 15.36 14.28 12.97 13.96 14.02 12.98 12.86 13.23 13.50 16.90 18.14 17.00 20.27 21.50 19.39 17.78 17.27 13.10 11.47 9.68 7.87 6.86 6.79 9.23 8.95 11.85 14.09 13.30 10.16 7.00 4.69 0.59 5.18 6.94 9.72 11.86 14.48 16.23 18.42 19.11 18.40 19.78 19.78 21.48 19.98 18.91 20.30 21.37 18.81 17.29 15.10 14.18 12.17 12.56 12.54 13.15 12.30 14.09 13.22 12.54 11.46 10.00 10.88 11.30 8.08 9.58 9.41 11.61 9.72 12.27 14.20 16.93 17.91 19.98 22.28 24.34 27.79 27.26 24.78 22.64 21.41 20.42 19.24 20.08 18.92 20.81 23.13 22.87 20.65 22.81 22.21 20.81 21.13 21.64 20.43 21.79 23.16 25.90 26.52 27.26 29.73 30.42 30.57 29.98 31.02 31.64 30.82 28.95 30.03 30.36 29.81 29.67 29.73 27.89 27.80 29.70 30.68 28.78 29.85 31.54 31.85 30.42 31.68 31.12 33.18 35.13 35.16 32.23 32.14 31.61 31.96 32.37 34.73 35.74 34.31 34.34 34.46 36.22 34.49 37.22 36.50 36.86 33.66 33.88 32.02 32.94 32.31 35.16 33.68 33.90 35.92 36.90 34.60 37.54 35.22 36.39 35.90 
22.31 21.46 18.50 18.11 16.56 14.63 14.33 13.97 14.26 12.86 13.22 13.80 12.46 12.10 12.52 12.55 14.18 14.88 13.17 17.83 18.01 16.45 15.51 14.68 9.83 9.48 7.66 6.38 6.42 6.21 9.67 10.93 13.10 15.12 14.98 11.82 9.35 5.48 5.18 0.00 5.30 5.46 8.32 10.55 13.03 14.14 15.23 15.04 17.18 16.37 18.02 17.29 17.01 18.17 19.09 17.29 16.42 14.37 11.71 10.50 11.06 11.22 11.04 10.09 11.89 12.06 10.14 10.37 8.42 9.51 9.83 7.11 9.15 9.14 9.00 7.12 9.20 11.82 12.51 13.90 16.81 20.03 21.37 25.15 24.65 22.23 19.56 18.80 18.01 17.15 18.16 16.79 19.06 21.68 21.14 18.79 21.41 20.54 19.16 19.32 19.92 18.71 19.92 21.32 24.09 24.67 25.70 28.26 28.68 28.72 28.34 29.37 29.75 28.96 27.08 28.08 28.18 27.88 27.89 27.74 25.89 25.93 27.88 28.66 26.74 28.10 29.69 29.57 28.16 29.49 28.87 31.03 33.13 33.17 29.97 29.85 29.44 29.79 29.93 32.66 33.91 32.24 32.23 32.22 34.28 32.35 35.12 34.49 34.93 31.67 31.62 30.33 30.84 30.56 32.73 32.08 32.02 34.46 34.30 32.45 35.28 34.61 34.67 34.95 
23.25 21.73 18.27 17.81 16.14 14.95 14.83 15.06 16.10 14.72 15.16 14.45 13.43 12.14 13.06 10.73 12.15 11.70 10.76 14.26 15.68 12.32 12.74 11.46 8.45 6.28 6.44 6.13 8.45 8.36 12.18 13.35 16.63 17.94 18.55 15.74 12.71 9.98 6.94 5.30 1.25 5.01 6.04 8.49 10.35 12.09 13.03 13.94 15.24 15.87 17.04 16.98 16.57 19.29 20.25 18.50 16.81 14.46 12.86 11.39 11.32 10.11 9.91 8.06 10.42 9.69 8.62 7.88 6.69 8.15 8.73 6.76 10.10 9.75 10.12 7.69 9.21 10.31 11.84 12.14 16.10 18.42 20.28 22.90 22.57 20.03 18.23 17.26 16.62 16.42 17.63 16.56 18.63 21.47 21.07 18.57 20.96 20.49 19.15 19.35 19.95 18.94 20.09 21.54 23.97 24.75 25.58 28.01 28.38 28.60 28.19 29.07 29.34 28.56 26.93 27.83 27.98 27.75 27.83 27.70 25.48 25.80 27.71 28.43 26.48 27.82 29.39 29.30 27.56 29.08 28.51 30.52 32.84 32.75 29.56 29.61 29.18 29.43 29.66 32.33 33.68 31.97 31.76 32.03 33.89 32.19 34.91 34.43 35.15 31.81 31.85 30.13 30.89 30.29 33.09 31.81 31.89 33.92 35.05 33.91 35.17 33.65 34.26 37.94 
