0.00 2.00 4.28 8.72 10.75 14.48 19.80 21.79 23.14 24.19 24.18 20.98 17.84 16.22 14.18 10.47 9.21 8.03 11.27 11.96 15.04 15.31 15.78 15.08 16.27 15.97 14.73 15.76 15.25 17.16 18.26 19.28 21.40 22.70 23.62 24.11 24.22 23.56 23.48 22.46 21.24 20.16 19.18 19.41 19.43 20.25 20.73 21.31 21.11 20.30 20.76 20.98 21.26 21.60 24.00 23.83 21.71 22.57 22.80 22.54 20.12 19.46 16.05 16.69 15.00 14.80 13.99 16.57 16.89 17.77 19.51 21.35 23.06 23.39 24.47 23.25 23.52 22.67 22.03 21.02 19.96 19.35 18.82 18.79 18.31 18.65 18.15 18.27 20.04 21.68 23.58 
2.00 0.00 2.65 5.78 9.82 13.84 19.17 21.22 21.82 24.53 23.79 21.23 16.34 15.38 11.67 9.55 6.83 6.49 9.84 12.70 15.58 14.96 16.46 15.92 17.36 16.21 14.51 15.37 14.47 16.45 17.40 19.00 21.15 22.26 23.31 23.62 24.12 23.24 23.62 22.76 20.64 20.18 18.81 19.94 18.57 20.50 20.79 21.42 20.45 19.45 19.77 19.87 19.67 20.02 22.94 22.87 20.04 21.50 21.92 22.31 19.06 18.92 15.17 16.86 13.97 14.43 12.82 15.78 15.85 17.31 19.33 21.21 22.65 23.15 24.35 22.37 23.11 21.67 20.34 19.13 19.02 18.25 17.96 17.84 17.22 17.58 15.48 18.78 19.27 21.47 22.23 
4.28 2.65 0.00 3.26 8.10 10.37 15.82 16.66 18.15 19.80 21.63 17.14 14.13 12.31 10.47 7.41 8.34 9.45 11.91 13.74 17.21 17.02 17.89 16.47 17.40 16.29 14.25 14.54 12.96 14.78 15.80 17.11 19.50 20.75 22.23 23.06 22.73 22.15 22.83 22.13 19.24 18.56 17.78 18.46 16.82 18.16 18.69 18.97 17.47 16.22 16.51 15.92 15.58 15.72 18.83 18.27 16.57 17.93 18.70 18.23 15.53 15.61 12.44 13.67 11.94 12.36 11.73 14.28 13.69 15.74 18.95 20.25 21.23 21.50 23.31 21.04 20.99 19.34 18.49 17.24 16.72 15.41 15.10 15.91 16.13 16.27 13.24 16.91 19.21 20.88 21.28 
8.72 5.78 3.26 0.00 6.01 8.69 12.03 14.80 16.12 18.67 18.62 16.79 12.89 13.13 10.10 8.48 10.05 12.07 14.15 15.07 18.27 18.05 18.26 17.32 18.74 17.59 15.61 15.36 14.54 15.35 15.84 16.75 18.62 19.75 21.40 22.23 22.13 21.44 22.28 22.06 19.43 18.63 17.69 18.86 17.60 18.82 18.95 18.44 17.28 15.70 15.70 14.42 14.32 14.55 16.68 16.72 15.27 17.72 17.64 17.92 15.26 16.43 13.14 14.10 12.73 14.34 13.63 15.66 15.47 17.35 19.73 20.81 21.98 22.16 23.53 21.57 21.07 20.12 19.05 17.55 16.11 16.21 15.92 15.55 15.66 16.11 15.95 18.23 20.13 20.48 27.54 
10.75 9.82 8.10 6.01 0.00 6.05 8.79 11.55 13.90 15.68 14.48 11.75 10.34 8.42 8.19 7.55 10.30 12.31 15.22 15.49 17.49 16.82 16.96 15.70 17.23 16.20 14.13 14.36 13.45 14.10 14.08 14.94 17.61 18.69 19.96 20.98 20.93 19.80 20.43 19.90 18.92 17.89 17.84 18.61 17.92 18.77 19.30 19.03 17.24 14.86 15.18 14.80 14.27 14.96 17.56 18.17 16.23 17.95 17.25 17.67 14.62 15.06 11.45 12.61 11.06 12.59 12.51 15.40 15.33 17.63 19.78 21.42 23.15 23.44 24.00 22.09 22.24 21.47 19.78 17.58 15.41 15.21 14.32 14.14 13.18 15.73 16.64 15.93 15.71 18.51 22.19 
14.48 13.84 10.37 8.69 6.05 0.00 6.90 9.01 11.75 14.92 13.79 10.75 9.49 9.24 8.24 9.11 12.05 15.71 18.25 19.40 20.86 20.34 20.59 19.23 21.14 19.53 16.91 17.18 15.12 15.57 14.84 15.58 17.96 19.37 20.24 21.29 21.31 20.06 21.02 20.67 19.19 18.98 18.74 20.68 19.04 21.03 20.95 20.89 18.40 16.08 15.06 15.44 14.89 15.46 16.79 18.42 15.75 18.50 16.47 17.60 14.67 15.60 12.62 14.55 13.14 14.65 15.09 18.32 17.80 19.80 21.75 23.26 25.31 25.26 26.05 23.93 24.57 23.41 21.23 18.87 17.67 17.14 16.32 16.39 15.33 18.03 17.96 19.56 18.18 20.76 23.11 
19.80 19.17 15.82 12.03 8.79 6.90 1.93 6.66 8.55 12.32 13.55 10.77 9.76 10.13 12.17 12.64 17.15 20.98 24.77 24.60 26.52 25.85 25.30 24.12 25.44 23.51 20.08 19.94 17.81 18.00 16.82 17.00 19.27 20.62 21.45 22.57 22.63 21.72 22.45 22.04 20.53 20.42 20.64 21.88 20.28 22.29 22.64 22.07 19.50 17.52 17.37 16.20 15.70 15.57 16.60 16.68 14.43 17.25 16.27 16.49 14.51 16.34 14.07 15.70 15.02 17.28 17.45 20.45 19.71 21.96 24.65 25.77 26.93 26.90 27.82 25.46 25.79 24.63 22.58 20.68 19.90 18.78 17.62 18.58 18.20 19.77 19.50 19.46 19.77 21.94 23.54 
21.79 21.22 16.66 14.80 11.55 9.01 6.66 0.00 5.27 8.49 10.20 8.46 8.96 10.53 12.13 15.80 17.73 22.42 24.72 26.34 27.57 27.10 26.17 24.55 25.47 23.99 20.39 19.94 17.57 18.39 16.61 16.39 18.08 19.27 20.10 21.73 22.21 21.92 22.01 22.32 20.77 21.34 20.41 22.77 21.53 24.10 23.69 23.22 20.27 19.06 17.88 17.08 14.77 15.07 15.63 15.17 12.28 15.65 14.82 15.73 13.60 16.09 14.13 16.81 15.71 18.04 17.59 20.67 20.94 22.86 24.24 25.74 27.16 27.43 27.69 25.83 26.17 25.62 23.05 21.81 20.58 20.32 18.15 18.54 17.55 19.93 18.95 20.53 19.81 21.77 25.59 
23.14 21.82 18.15 16.12 13.90 11.75 8.55 5.27 0.00 4.76 5.21 7.90 9.47 11.94 12.03 14.93 18.61 21.98 23.55 25.96 27.70 26.80 25.94 23.57 24.19 22.28 19.78 19.60 17.45 17.49 15.95 15.82 16.61 17.53 17.86 20.34 20.78 20.12 20.58 20.92 20.21 20.66 20.01 22.07 21.65 23.18 23.39 22.28 20.07 17.85 17.69 17.10 14.61 14.20 15.14 14.62 11.45 13.38 12.55 13.05 12.08 13.93 12.79 15.31 14.91 16.76 16.72 19.61 19.91 22.32 23.38 24.47 26.65 27.19 27.53 25.19 26.44 25.45 23.28 21.43 20.35 19.59 17.48 18.11 16.35 18.04 17.84 19.69 19.56 22.59 24.09 
24.19 24.53 19.80 18.67 15.68 14.92 12.32 8.49 4.76 0.00 4.55 7.56 10.20 13.58 14.76 17.04 19.79 25.04 26.75 28.36 30.39 29.45 28.29 26.21 26.26 24.37 21.23 20.86 17.85 17.99 16.37 16.66 17.92 18.73 19.65 21.35 21.81 21.20 21.74 23.01 21.57 22.91 22.23 24.81 23.36 25.45 24.59 24.44 20.78 19.78 16.92 17.50 15.10 14.59 14.70 15.18 11.83 13.32 10.52 12.86 12.05 13.65 12.20 17.03 15.96 18.25 18.38 21.51 21.66 23.18 24.57 25.90 27.83 28.17 28.64 26.65 27.72 27.14 24.75 23.41 21.93 20.86 18.67 18.70 17.44 19.16 18.96 21.18 21.25 22.89 24.77 
24.18 23.79 21.63 18.62 14.48 13.79 13.55 10.20 5.21 4.55 0.00 5.35 8.73 11.11 13.63 16.59 19.42 24.42 26.86 28.94 29.83 29.65 27.90 26.07 25.84 23.76 19.89 19.08 16.58 16.69 15.16 15.15 17.55 18.74 18.85 20.82 20.60 19.66 19.86 21.03 19.87 21.07 20.57 22.73 21.26 23.34 23.64 21.54 19.43 16.78 16.14 15.26 13.03 12.61 12.76 12.41 10.67 12.88 11.63 11.80 11.14 12.95 10.28 13.87 14.80 16.64 16.64 19.55 19.67 21.93 23.59 24.74 26.23 26.58 27.41 25.30 26.11 25.22 23.43 21.72 20.67 19.16 17.24 17.63 16.70 17.98 18.03 19.86 19.38 23.02 24.35 
20.98 21.23 17.14 16.79 11.75 10.75 10.77 8.46 7.90 7.56 5.35 0.00 5.51 8.54 9.67 13.58 16.46 21.22 23.54 25.99 26.60 26.75 25.16 23.00 23.23 21.41 17.37 16.77 13.37 14.60 12.73 13.66 15.89 17.29 17.93 19.12 19.20 18.17 17.43 18.39 17.53 18.73 17.70 20.26 18.41 21.18 20.84 19.40 15.56 13.82 12.62 11.39 9.14 8.82 10.72 11.50 8.77 13.61 13.15 14.01 11.15 11.84 9.06 11.91 10.96 14.60 14.06 17.25 17.42 19.69 20.83 22.07 24.04 24.16 24.71 23.23 24.19 23.77 21.30 20.72 19.22 18.18 15.15 15.74 13.88 16.58 14.93 18.61 18.41 21.46 22.74 
17.84 16.34 14.13 12.89 10.34 9.49 9.76 8.96 9.47 10.20 8.73 5.51 0.00 5.77 5.79 10.13 12.69 17.47 19.75 21.81 23.88 23.00 22.41 20.57 21.34 18.45 14.96 14.12 11.84 11.50 10.87 11.98 15.20 16.17 16.98 18.51 18.49 17.13 16.78 16.46 15.95 15.98 16.02 18.21 17.98 19.69 20.01 18.88 16.12 12.95 10.55 10.85 7.25 8.44 11.15 12.53 9.67 13.92 14.16 14.14 11.09 11.40 7.64 9.23 7.25 10.66 11.75 14.22 14.99 17.53 18.76 20.49 22.54 22.94 23.29 21.95 22.85 22.21 19.86 18.52 18.05 16.76 15.12 14.55 12.24 15.00 13.73 16.18 14.57 19.46 20.42 
16.22 15.38 12.31 13.13 8.42 9.24 10.13 10.53 11.94 13.58 11.11 8.54 5.77 0.00 5.10 7.30 10.70 15.40 18.52 20.20 22.46 23.17 22.33 20.13 20.69 18.97 14.51 14.63 12.20 13.34 12.81 14.15 17.01 19.59 20.28 22.00 20.98 20.00 18.92 18.53 16.69 17.10 16.19 19.01 18.37 19.18 18.46 17.48 15.28 10.28 8.99 8.36 7.36 8.23 13.39 14.95 12.19 17.49 17.34 18.72 14.69 15.10 10.78 12.63 10.10 12.06 11.92 16.25 16.20 18.26 19.06 21.37 23.46 23.59 24.15 22.91 23.73 23.47 21.67 20.42 19.49 19.02 16.51 16.56 15.14 17.38 15.73 18.42 17.79 20.31 21.18 
14.18 11.67 10.47 10.10 8.19 8.24 12.17 12.13 12.03 14.76 13.63 9.67 5.79 5.10 0.00 4.86 6.41 10.94 14.12 15.85 17.77 18.42 18.32 15.19 16.34 14.35 10.44 10.63 9.72 11.53 12.41 13.26 15.89 18.36 19.85 20.95 20.43 18.92 18.00 17.27 15.65 14.93 14.27 16.42 15.98 17.13 16.52 16.00 13.42 9.41 8.29 9.86 8.51 9.37 13.86 16.25 13.56 17.52 18.41 18.29 15.61 15.25 10.90 11.66 8.29 9.75 8.91 11.63 12.76 14.82 16.02 18.21 20.01 20.23 20.67 19.49 20.43 20.25 18.63 17.34 16.49 15.76 14.36 14.18 13.99 15.46 14.02 16.63 15.56 19.85 19.47 
10.47 9.55 7.41 8.48 7.55 9.11 12.64 15.80 14.93 17.04 16.59 13.58 10.13 7.30 4.86 0.00 5.26 7.48 11.53 13.80 15.29 16.21 15.92 14.37 14.30 13.40 9.35 11.62 10.09 12.50 14.13 16.77 17.73 21.03 21.39 22.93 22.28 21.81 19.37 18.25 15.76 16.08 14.14 16.36 15.39 17.15 15.91 15.11 13.02 8.89 8.48 9.80 11.13 11.25 15.52 18.08 16.53 19.79 20.62 21.71 18.79 18.43 12.91 14.27 10.78 10.64 9.25 11.91 11.79 14.61 14.57 17.16 19.04 20.00 20.27 19.65 21.07 20.99 19.21 18.16 17.86 17.23 15.08 15.99 15.40 17.02 15.61 18.31 18.55 20.68 21.63 
9.21 6.83 8.34 10.05 10.30 12.05 17.15 17.73 18.61 19.79 19.42 16.46 12.69 10.70 6.41 5.26 0.00 5.49 6.72 9.49 11.38 11.57 12.09 10.89 11.53 9.35 7.31 9.33 9.76 12.05 14.62 16.47 18.52 21.00 22.11 24.14 23.82 22.11 20.93 19.29 15.89 15.45 14.25 15.97 15.47 16.04 15.12 13.96 12.22 9.03 8.53 10.30 10.37 12.81 17.06 18.98 17.85 20.53 22.15 22.81 20.90 18.93 14.21 14.00 11.19 9.81 7.06 9.45 9.62 11.78 12.09 14.15 16.12 17.45 17.95 17.54 18.95 19.39 17.44 17.29 17.19 17.13 16.13 16.57 15.68 18.04 17.57 19.10 18.58 22.13 22.68 
8.03 6.49 9.45 12.07 12.31 15.71 20.98 22.42 21.98 25.04 24.42 21.22 17.47 15.40 10.94 7.48 5.49 0.00 6.05 6.97 10.83 12.35 12.68 11.03 12.53 12.32 9.64 12.46 13.31 17.55 19.61 21.63 22.84 25.70 26.63 27.85 27.68 26.24 24.76 23.45 19.51 19.19 16.81 18.42 16.68 17.61 16.14 16.24 14.42 12.13 13.40 15.27 14.91 17.42 23.32 25.11 22.60 26.67 27.65 28.68 25.50 24.95 19.65 20.38 15.76 15.12 11.59 11.68 11.41 12.56 13.39 16.07 17.69 19.30 20.07 19.93 21.33 21.57 20.61 20.33 20.28 20.39 18.96 20.29 19.57 21.71 20.53 22.70 21.64 23.73 24.35 
11.27 9.84 11.91 14.15 15.22 18.25 24.77 24.72 23.55 26.75 26.86 23.54 19.75 18.52 14.12 11.53 6.72 6.05 0.61 4.98 7.92 10.41 11.16 8.34 10.66 10.84 8.80 12.40 14.24 17.81 20.68 22.86 24.25 27.07 28.25 29.16 29.08 27.47 25.86 23.48 20.70 19.33 16.77 17.67 15.49 15.92 14.75 14.90 13.59 12.01 14.39 17.16 17.43 18.58 24.58 26.64 25.25 28.52 30.26 30.63 28.22 27.72 22.80 22.18 18.24 16.78 13.06 13.35 10.01 12.71 10.45 14.34 16.19 17.61 17.95 18.38 19.99 21.09 19.79 19.91 20.47 20.34 19.32 20.52 21.35 22.23 21.92 21.75 22.31 25.10 24.88 
11.96 12.70 13.74 15.07 15.49 19.40 24.60 26.34 25.96 28.36 28.94 25.99 21.81 20.20 15.85 13.80 9.49 6.97 4.98 0.00 5.42 7.30 8.61 8.76 9.95 9.85 8.40 13.46 15.39 18.36 21.81 24.38 25.87 27.61 29.44 30.23 30.30 28.83 26.95 24.74 21.63 20.59 17.67 18.12 15.96 16.62 14.45 15.72 14.69 14.09 15.38 17.47 18.67 20.87 26.03 28.27 26.64 30.48 31.38 31.83 29.90 29.34 23.86 23.67 18.86 17.19 12.57 12.24 9.77 9.88 8.28 11.80 14.87 16.64 17.43 18.09 20.57 21.62 20.93 20.82 21.29 20.79 19.88 21.11 20.97 22.68 22.14 23.47 22.71 24.50 25.65 
15.04 15.58 17.21 18.27 17.49 20.86 26.52 27.57 27.70 30.39 29.83 26.60 23.88 22.46 17.77 15.29 11.38 10.83 7.92 5.42 0.00 6.61 7.67 9.80 12.32 12.69 12.78 15.71 18.67 20.59 23.62 26.04 27.82 29.84 31.63 31.63 31.91 29.66 28.74 25.96 22.89 20.91 19.62 18.93 15.76 16.05 15.40 15.74 16.26 15.71 17.29 18.99 20.47 22.62 27.81 29.97 29.78 32.61 34.53 34.72 32.97 31.87 27.16 25.56 22.35 19.38 16.39 15.54 13.05 12.25 10.00 11.73 15.17 16.98 18.17 18.90 20.76 22.03 21.66 21.64 23.12 22.29 21.94 22.88 22.38 23.97 24.57 23.43 23.58 26.24 27.14 
15.31 14.96 17.02 18.05 16.82 20.34 25.85 27.10 26.80 29.45 29.65 26.75 23.00 23.17 18.42 16.21 11.57 12.35 10.41 7.30 6.61 0.00 6.10 6.67 9.49 11.44 11.80 14.61 16.27 19.99 22.68 24.27 27.35 29.25 30.57 30.81 30.79 29.13 28.01 25.94 21.60 20.63 17.70 17.52 12.63 13.74 12.68 14.55 15.05 14.57 16.75 18.38 19.55 22.04 27.17 28.85 27.69 31.65 32.96 33.78 31.63 30.95 26.13 25.11 20.61 18.93 15.39 14.86 11.28 9.13 6.29 8.42 12.00 14.37 15.86 16.12 18.85 19.90 19.29 19.63 20.70 20.64 19.99 21.42 21.24 22.90 23.93 24.73 23.17 25.28 26.57 
15.78 16.46 17.89 18.26 16.96 20.59 25.30 26.17 25.94 28.29 27.90 25.16 22.41 22.33 18.32 15.92 12.09 12.68 11.16 8.61 7.67 6.10 0.00 5.29 7.37 10.10 11.36 14.14 16.32 19.19 23.00 24.20 26.81 29.29 31.16 31.31 31.31 28.75 27.22 24.88 20.72 19.27 16.80 15.45 11.69 12.18 11.25 13.23 14.48 13.37 15.63 17.13 19.50 20.72 25.86 28.26 27.47 31.38 33.00 33.44 30.85 30.69 26.04 25.03 20.57 19.88 16.27 14.13 10.50 8.79 6.62 8.97 11.60 13.92 14.23 15.24 17.85 19.28 19.50 19.35 20.50 20.31 20.04 20.89 20.60 22.30 24.20 23.22 22.86 25.63 26.93 
15.08 15.92 16.47 17.32 15.70 19.23 24.12 24.55 23.57 26.21 26.07 23.00 20.57 20.13 15.19 14.37 10.89 11.03 8.34 8.76 9.80 6.67 5.29 0.00 5.62 6.63 8.78 12.01 14.18 15.97 19.98 22.28 24.92 27.08 29.46 29.49 29.41 26.83 25.36 22.68 18.84 16.80 13.23 12.51 9.56 10.40 9.13 12.03 12.76 12.40 13.63 14.90 17.01 18.34 23.55 25.88 25.25 29.27 30.62 30.75 28.44 28.40 24.16 23.42 19.09 17.24 13.29 11.18 6.45 6.77 5.04 7.06 10.11 12.12 12.73 13.81 16.15 17.61 18.27 18.31 18.84 18.61 17.67 18.80 18.33 20.28 21.42 23.01 21.85 23.93 25.67 
16.27 17.36 17.40 18.74 17.23 21.14 25.44 25.47 24.19 26.26 25.84 23.23 21.34 20.69 16.34 14.30 11.53 12.53 10.66 9.95 12.32 9.49 7.37 5.62 0.00 5.52 7.08 10.19 12.86 15.73 19.31 22.39 25.43 27.41 29.44 29.98 29.46 27.18 25.90 23.06 19.39 16.24 13.38 11.38 9.85 10.10 11.55 12.72 13.65 12.43 13.46 14.43 16.81 18.07 23.31 25.60 25.29 29.11 30.58 31.44 28.56 28.22 25.06 25.16 20.90 16.74 14.47 11.83 9.80 4.42 6.27 7.71 11.56 12.98 13.51 13.88 17.08 17.57 19.04 18.93 20.54 19.87 18.93 19.03 18.52 20.94 21.57 22.43 22.01 25.21 26.15 
15.97 16.21 16.29 17.59 16.20 19.53 23.51 23.99 22.28 24.37 23.76 21.41 18.45 18.97 14.35 13.40 9.35 12.32 10.84 9.85 12.69 11.44 10.10 6.63 5.52 0.00 5.66 6.59 10.13 13.13 16.62 19.29 22.20 24.50 26.35 26.74 26.73 24.92 23.29 19.88 15.44 12.88 9.98 8.28 7.26 9.40 11.07 12.45 12.09 9.73 11.31 11.67 15.48 15.63 20.68 22.80 22.82 26.54 27.94 28.94 26.29 26.46 23.57 22.40 16.68 12.97 10.85 9.65 5.57 2.61 5.88 9.66 11.30 11.54 12.85 12.64 15.54 15.45 16.53 17.12 18.59 18.22 16.95 17.89 17.04 20.23 20.21 22.52 21.39 23.96 24.70 
14.73 14.51 14.25 15.61 14.13 16.91 20.08 20.39 19.78 21.23 19.89 17.37 14.96 14.51 10.44 9.35 7.31 9.64 8.80 8.40 12.78 11.80 11.36 8.78 7.08 5.66 0.00 5.60 7.10 10.55 13.44 16.46 18.86 21.20 23.11 23.92 23.58 22.56 20.78 17.27 13.27 10.75 9.31 8.58 7.85 10.21 11.97 12.01 10.79 8.12 8.33 9.42 11.02 11.07 16.20 18.87 19.02 22.18 23.51 24.41 22.19 23.46 19.41 16.84 14.86 11.43 9.85 5.45 7.05 5.92 9.30 11.64 12.83 12.40 11.47 11.48 14.10 13.76 14.90 15.09 16.31 15.47 15.91 16.12 15.44 17.70 18.71 20.33 19.27 22.66 23.73 
15.76 15.37 14.54 15.36 14.36 17.18 19.94 19.94 19.60 20.86 19.08 16.77 14.12 14.63 10.63 11.62 9.33 12.46 12.40 13.46 15.71 14.61 14.14 12.01 10.19 6.59 5.60 0.00 5.49 6.27 10.80 14.46 17.03 19.23 20.29 22.17 21.72 19.40 17.37 15.11 11.56 9.75 7.77 9.16 8.44 12.35 12.99 15.06 13.16 10.50 10.24 8.48 11.45 10.32 15.08 18.02 17.69 20.19 21.30 22.98 21.12 21.57 15.28 14.50 11.42 9.55 4.75 5.08 5.25 5.46 8.73 13.30 12.76 11.62 10.73 11.97 14.92 14.15 15.43 15.86 16.62 15.88 15.55 16.10 15.63 18.67 17.49 20.34 19.76 21.90 22.75 
15.25 14.47 12.96 14.54 13.45 15.12 17.81 17.57 17.45 17.85 16.58 13.37 11.84 12.20 9.72 10.09 9.76 13.31 14.24 15.39 18.67 16.27 16.32 14.18 12.86 10.13 7.10 5.49 0.00 5.82 7.01 11.26 14.36 16.27 17.38 18.64 18.05 16.37 14.57 13.60 11.54 9.30 8.95 9.86 9.73 13.29 14.28 14.42 14.05 11.69 9.80 7.71 8.26 8.29 11.14 13.65 13.92 15.80 18.34 19.39 17.71 16.39 13.24 10.88 11.27 4.81 6.05 6.38 10.45 9.05 12.70 13.42 15.58 14.50 15.11 13.35 15.49 14.45 16.61 16.02 16.36 14.91 15.21 15.38 14.82 16.72 15.06 18.24 17.81 20.76 21.43 
17.16 16.45 14.78 15.35 14.10 15.57 18.00 18.39 17.49 17.99 16.69 14.60 11.50 13.34 11.53 12.50 12.05 17.55 17.81 18.36 20.59 19.99 19.19 15.97 15.73 13.13 10.55 6.27 5.82 0.00 6.00 7.73 10.71 12.91 13.85 14.60 15.30 13.35 12.04 10.85 9.40 8.04 9.27 12.62 11.97 17.27 17.41 18.28 17.18 14.50 12.90 9.58 10.38 6.40 11.48 13.24 12.81 15.33 17.28 18.53 14.02 13.15 9.48 8.56 4.03 1.59 5.14 6.87 9.87 11.82 14.46 17.02 17.57 17.54 17.83 16.71 16.65 15.69 17.55 17.17 16.31 15.88 15.89 16.49 15.94 18.46 16.72 19.85 19.32 21.68 21.73 
18.26 17.40 15.80 15.84 14.08 14.84 16.82 16.61 15.95 16.37 15.16 12.73 10.87 12.81 12.41 14.13 14.62 19.61 20.68 21.81 23.62 22.68 23.00 19.98 19.31 16.62 13.44 10.80 7.01 6.00 0.00 5.48 7.10 9.98 11.79 11.98 11.87 11.16 10.52 9.05 9.18 8.71 10.66 14.01 14.16 17.18 18.50 18.24 16.19 13.70 12.17 9.92 7.13 4.05 7.02 10.37 9.21 11.39 14.31 14.09 11.00 10.04 8.05 3.80 4.07 5.72 9.90 10.65 14.61 15.16 20.67 19.65 21.34 22.07 21.57 20.35 20.32 19.28 19.31 17.87 17.19 16.50 16.91 16.72 16.24 17.41 16.21 19.27 18.87 22.04 22.46 
19.28 19.00 17.11 16.75 14.94 15.58 17.00 16.39 15.82 16.66 15.15 13.66 11.98 14.15 13.26 16.77 16.47 21.63 22.86 24.38 26.04 24.27 24.20 22.28 22.39 19.29 16.46 14.46 11.26 7.73 5.48 0.00 5.19 7.06 8.83 11.05 10.18 9.07 8.80 10.08 10.41 11.43 12.00 16.77 16.59 20.88 19.86 20.98 19.59 16.65 14.99 12.10 12.27 8.14 9.27 9.27 9.75 10.75 12.33 12.22 7.60 9.41 4.56 2.72 5.62 8.78 10.19 14.29 16.01 18.61 21.39 23.10 24.13 24.62 25.06 22.98 22.81 22.35 22.14 19.86 18.87 18.42 18.04 18.01 17.54 18.75 17.60 20.79 20.31 22.45 22.71 
21.40 21.15 19.50 18.62 17.61 17.96 19.27 18.08 16.61 17.92 17.55 15.89 15.20 17.01 15.89 17.73 18.52 22.84 24.25 25.87 27.82 27.35 26.81 24.92 25.43 22.20 18.86 17.03 14.36 10.71 7.10 5.19 0.55 5.60 6.75 9.68 10.92 9.78 10.31 11.88 12.97 13.90 15.62 19.65 19.79 23.06 22.16 23.12 20.79 18.51 16.47 14.08 13.67 10.92 11.26 10.94 7.74 7.67 10.21 9.46 5.94 6.57 7.77 6.09 9.21 10.75 15.55 17.48 20.52 21.52 25.61 26.61 27.33 29.34 29.69 27.20 26.19 25.28 25.69 23.07 22.33 21.70 20.52 20.72 20.11 21.28 19.45 21.61 21.66 24.45 24.26 
22.70 22.26 20.75 19.75 18.69 19.37 20.62 19.27 17.53 18.73 18.74 17.29 16.17 19.59 18.36 21.03 21.00 25.70 27.07 27.61 29.84 29.25 29.29 27.08 27.41 24.50 21.20 19.23 16.27 12.91 9.98 7.06 5.60 0.00 5.65 8.18 10.05 11.22 12.36 12.55 13.79 15.64 16.98 21.38 20.97 25.31 24.78 24.21 22.46 20.10 18.47 16.17 16.21 13.20 14.32 13.85 9.33 8.87 9.53 9.57 5.29 6.43 7.18 8.40 10.49 13.23 16.45 19.36 21.16 24.24 27.84 28.48 30.65 30.79 30.97 28.22 27.29 26.98 26.19 24.13 22.88 22.65 21.69 21.61 20.92 22.43 20.93 23.34 22.75 24.43 24.61 
23.62 23.31 22.23 21.40 19.96 20.24 21.45 20.10 17.86 19.65 18.85 17.93 16.98 20.28 19.85 21.39 22.11 26.63 28.25 29.44 31.63 30.57 31.16 29.46 29.44 26.35 23.11 20.29 17.38 13.85 11.79 8.83 6.75 5.65 0.00 5.85 8.09 10.38 12.53 13.56 14.48 15.98 18.26 21.09 21.10 25.41 26.24 25.91 23.16 21.83 19.98 17.63 17.50 14.68 16.17 15.15 11.08 11.35 11.26 10.28 7.48 9.82 10.66 11.08 13.57 16.07 20.50 22.18 24.41 27.16 28.96 30.95 32.72 32.70 31.61 29.30 29.56 28.88 27.73 25.21 23.88 23.56 22.82 22.93 22.36 23.50 23.01 24.20 24.20 26.41 26.22 
24.11 23.62 23.06 22.23 20.98 21.29 22.57 21.73 20.34 21.35 20.82 19.12 18.51 22.00 20.95 22.93 24.14 27.85 29.16 30.23 31.63 30.81 31.31 29.49 29.98 26.74 23.92 22.17 18.64 14.60 11.98 11.05 9.68 8.18 5.85 0.00 5.25 7.87 10.28 13.89 14.11 16.44 17.91 23.47 22.50 26.81 27.65 27.70 24.89 23.08 22.28 19.28 19.30 17.54 18.43 18.04 14.08 13.80 13.38 12.65 9.78 12.53 11.78 13.08 14.32 17.31 19.43 24.14 26.07 28.05 31.24 31.93 33.05 33.04 33.05 30.90 30.23 30.41 28.78 26.69 25.03 24.98 24.26 23.94 23.20 24.79 24.86 25.36 24.44 26.13 26.88 
24.22 24.12 22.73 22.13 20.93 21.31 22.63 22.21 20.78 21.81 20.60 19.20 18.49 20.98 20.43 22.28 23.82 27.68 29.08 30.30 31.91 30.79 31.31 29.41 29.46 26.73 23.58 21.72 18.05 15.30 11.87 10.18 10.92 10.05 8.09 5.25 0.00 5.82 8.65 10.81 13.29 15.30 17.60 22.51 23.63 26.14 27.10 27.95 24.61 22.62 22.15 19.35 17.50 16.55 17.95 17.98 14.39 14.81 13.80 14.37 9.95 12.41 11.83 12.74 14.26 16.81 19.85 24.43 26.31 28.75 31.80 32.01 33.34 33.63 34.41 31.35 30.94 31.09 30.06 27.72 26.62 26.44 25.32 25.18 24.28 26.08 26.96 25.77 24.86 28.02 28.24 
23.56 23.24 22.15 21.44 19.80 20.06 21.72 21.92 20.12 21.20 19.66 18.17 17.13 20.00 18.92 21.81 22.11 26.24 27.47 28.83 29.66 29.13 28.75 26.83 27.18 24.92 22.56 19.40 16.37 13.35 11.16 9.07 9.78 11.22 10.38 7.87 5.82 0.00 5.58 8.01 10.54 13.15 14.59 19.20 20.88 24.24 24.58 24.81 21.76 21.06 20.94 17.89 16.62 16.20 17.51 18.12 14.35 15.51 15.29 16.04 11.50 11.85 11.27 12.11 14.07 15.40 18.38 22.59 25.43 27.24 29.39 29.90 31.72 32.50 32.57 30.18 29.88 29.71 29.01 26.49 25.31 24.38 24.01 23.80 22.95 24.10 25.37 25.66 24.14 25.92 26.83 
23.48 23.62 22.83 22.28 20.43 21.02 22.45 22.01 20.58 21.74 19.86 17.43 16.78 18.92 18.00 19.37 20.93 24.76 25.86 26.95 28.74 28.01 27.22 25.36 25.90 23.29 20.78 17.37 14.57 12.04 10.52 8.80 10.31 12.36 12.53 10.28 8.65 5.58 0.00 4.76 8.20 10.05 11.71 16.79 17.94 21.54 23.11 23.05 21.03 20.52 20.08 17.72 16.20 15.39 16.31 17.51 14.50 16.44 16.64 17.26 13.39 13.68 12.04 13.44 14.11 15.10 18.89 22.85 25.39 25.15 27.88 28.90 31.72 31.77 31.24 29.83 30.07 29.61 27.80 25.82 24.22 23.46 23.08 23.15 22.59 23.55 24.56 25.00 24.80 27.19 27.16 
22.46 22.76 22.13 22.06 19.90 20.67 22.04 22.32 20.92 23.01 21.03 18.39 16.46 18.53 17.27 18.25 19.29 23.45 23.48 24.74 25.96 25.94 24.88 22.68 23.06 19.88 17.27 15.11 13.60 10.85 9.05 10.08 11.88 12.55 13.56 13.89 10.81 8.01 4.76 0.00 5.18 7.26 9.58 14.00 16.07 19.45 20.31 21.71 18.72 18.17 18.11 16.29 15.82 15.02 15.86 17.27 15.31 16.93 17.08 18.54 15.03 14.92 12.42 12.31 12.71 13.07 16.15 20.07 21.34 22.61 25.25 26.83 29.02 29.30 29.81 28.11 29.12 28.31 26.91 24.72 24.14 23.01 22.23 22.15 22.03 23.02 24.26 25.07 24.17 26.18 26.56 
21.24 20.64 19.24 19.43 18.92 19.19 20.53 20.77 20.21 21.57 19.87 17.53 15.95 16.69 15.65 15.76 15.89 19.51 20.70 21.63 22.89 21.60 20.72 18.84 19.39 15.44 13.27 11.56 11.54 9.40 9.18 10.41 12.97 13.79 14.48 14.11 13.29 10.54 8.20 5.18 0.00 6.18 7.64 11.26 13.35 16.65 16.63 17.85 15.63 14.31 13.89 13.04 13.75 13.54 15.10 16.36 14.98 16.92 16.76 17.44 14.85 15.45 12.54 12.64 11.13 12.38 12.83 16.23 17.62 18.98 21.76 22.88 24.71 26.20 26.86 25.82 26.45 26.62 24.42 23.28 22.89 22.40 21.11 21.17 20.61 21.95 23.69 23.84 22.32 25.23 26.24 
20.16 20.18 18.56 18.63 17.89 18.98 20.42 21.34 20.66 22.91 21.07 18.73 15.98 17.10 14.93 16.08 15.45 19.19 19.33 20.59 20.91 20.63 19.27 16.80 16.24 12.88 10.75 9.75 9.30 8.04 8.71 11.43 13.90 15.64 15.98 16.44 15.30 13.15 10.05 7.26 6.18 0.00 5.19 8.04 10.31 13.93 14.29 15.10 13.62 13.63 13.26 11.72 13.29 13.60 16.20 18.29 15.44 18.29 18.79 20.02 16.15 16.53 14.09 13.65 12.40 11.59 12.97 15.71 17.15 18.63 20.97 22.21 24.65 25.45 26.38 24.79 25.74 25.70 23.99 22.54 22.02 21.63 20.36 20.67 19.88 21.52 22.72 23.77 22.18 24.81 25.65 
19.18 18.81 17.78 17.69 17.84 18.74 20.64 20.41 20.01 22.23 20.57 17.70 16.02 16.19 14.27 14.14 14.25 16.81 16.77 17.67 19.62 17.70 16.80 13.23 13.38 9.98 9.31 7.77 8.95 9.27 10.66 12.00 15.62 16.98 18.26 17.91 17.60 14.59 11.71 9.58 7.64 5.19 0.00 5.96 6.72 9.03 10.51 11.48 9.85 10.62 10.28 8.31 10.99 12.93 15.57 17.76 16.24 18.92 20.01 20.69 18.02 17.85 14.61 13.91 12.25 11.72 11.85 14.80 15.66 16.62 19.42 20.87 23.25 24.13 24.30 23.42 23.97 23.61 21.50 19.96 19.80 19.07 18.59 18.90 19.04 20.15 21.71 22.41 21.62 24.48 25.34 
19.41 19.94 18.46 18.86 18.61 20.68 21.88 22.77 22.07 24.81 22.73 20.26 18.21 19.01 16.42 16.36 15.97 18.42 17.67 18.12 18.93 17.52 15.45 12.51 11.38 8.28 8.58 9.16 9.86 12.62 14.01 16.77 19.65 21.38 21.09 23.47 22.51 19.20 16.79 14.00 11.26 8.04 5.96 0.00 4.56 6.97 9.36 10.96 11.17 10.72 11.45 12.47 14.55 16.13 18.00 20.80 19.37 21.91 21.60 23.69 20.59 21.49 16.61 16.97 14.15 13.50 12.82 14.99 14.94 15.66 18.63 21.11 22.94 24.00 24.37 23.41 24.07 24.07 21.90 20.54 20.28 20.25 18.98 19.88 19.75 21.46 22.14 23.72 22.55 24.92 25.46 
19.43 18.57 16.82 17.60 17.92 19.04 20.28 21.53 21.65 23.36 21.26 18.41 17.98 18.37 15.98 15.39 15.47 16.68 15.49 15.96 15.76 12.63 11.69 9.56 9.85 7.26 7.85 8.44 9.73 11.97 14.16 16.59 19.79 20.97 21.10 22.50 23.63 20.88 17.94 16.07 13.35 10.31 6.72 4.56 0.00 4.18 5.21 9.13 9.06 9.64 9.03 11.84 13.84 15.18 18.04 20.64 19.39 22.01 22.27 22.87 20.73 20.85 17.13 16.22 14.35 12.63 11.25 12.78 13.05 13.34 15.84 17.37 19.56 20.81 21.52 20.54 21.09 21.17 19.35 17.90 18.42 17.79 17.25 17.85 18.11 19.86 21.32 21.37 20.58 23.80 24.92 
20.25 20.50 18.16 18.82 18.77 21.03 22.29 24.10 23.18 25.45 23.34 21.18 19.69 19.18 17.13 17.15 16.04 17.61 15.92 16.62 16.05 13.74 12.18 10.40 10.10 9.40 10.21 12.35 13.29 17.27 17.18 20.88 23.06 25.31 25.41 26.81 26.14 24.24 21.54 19.45 16.65 13.93 9.03 6.97 4.18 0.00 4.30 7.43 9.95 10.79 12.55 13.30 16.21 18.06 21.01 23.79 22.29 24.42 25.32 26.73 23.29 24.16 19.32 20.02 17.19 15.69 12.91 14.77 14.99 15.65 17.50 19.47 21.98 23.54 23.85 23.00 23.07 23.77 21.88 20.47 19.81 20.29 19.32 20.34 19.57 21.61 22.40 23.66 21.95 24.23 25.06 
20.73 20.79 18.69 18.95 19.30 20.95 22.64 23.69 23.39 24.59 23.64 20.84 20.01 18.46 16.52 15.91 15.12 16.14 14.75 14.45 15.40 12.68 11.25 9.13 11.55 11.07 11.97 12.99 14.28 17.41 18.50 19.86 22.16 24.78 26.24 27.65 27.10 24.58 23.11 20.31 16.63 14.29 10.51 9.36 5.21 4.30 0.00 4.96 7.23 9.77 11.72 13.21 15.89 18.20 21.55 23.69 23.00 26.23 27.25 28.52 25.57 24.88 20.38 20.81 18.38 16.87 15.03 16.90 16.80 17.11 18.00 20.71 23.44 24.52 24.39 24.00 24.04 24.43 22.62 20.89 20.68 20.53 20.08 21.19 21.04 21.62 22.86 23.02 22.44 25.49 25.51 
21.31 21.42 18.97 18.44 19.03 20.89 22.07 23.22 22.28 24.44 21.54 19.40 18.88 17.48 16.00 15.11 13.96 16.24 14.90 15.72 15.74 14.55 13.23 12.03 12.72 12.45 12.01 15.06 14.42 18.28 18.24 20.98 23.12 24.21 25.91 27.70 27.95 24.81 23.05 21.71 17.85 15.10 11.48 10.96 9.13 7.43 4.96 0.00 5.86 8.24 10.64 12.43 15.27 17.53 20.71 23.33 22.48 25.45 27.34 28.69 24.83 25.87 20.90 21.87 18.90 18.56 16.22 18.00 17.82 18.77 20.08 20.87 23.50 25.06 24.79 23.78 23.96 24.67 22.16 20.46 20.50 20.47 19.40 20.21 20.25 22.07 22.80 24.00 23.06 24.95 24.92 
21.11 20.45 17.47 17.28 17.24 18.40 19.50 20.27 20.07 20.78 19.43 15.56 16.12 15.28 13.42 13.02 12.22 14.42 13.59 14.69 16.26 15.05 14.48 12.76 13.65 12.09 10.79 13.16 14.05 17.18 16.19 19.59 20.79 22.46 23.16 24.89 24.61 21.76 21.03 18.72 15.63 13.62 9.85 11.17 9.06 9.95 7.23 5.86 0.00 5.87 7.20 9.29 12.03 15.03 18.68 21.57 20.06 23.86 25.80 27.70 23.37 23.57 20.06 22.54 17.41 19.77 16.59 18.90 17.82 19.74 20.82 20.86 21.48 23.20 23.23 21.75 22.00 22.14 20.46 19.13 19.80 19.71 18.82 19.75 19.35 20.61 21.54 21.92 21.06 24.19 24.57 
20.30 19.45 16.22 15.70 14.86 16.08 17.52 19.06 17.85 19.78 16.78 13.82 12.95 10.28 9.41 8.89 9.03 12.13 12.01 14.09 15.71 14.57 13.37 12.40 12.43 9.73 8.12 10.50 11.69 14.50 13.70 16.65 18.51 20.10 21.83 23.08 22.62 21.06 20.52 18.17 14.31 13.63 10.62 10.72 9.64 10.79 9.77 8.24 5.87 0.00 5.74 6.93 9.24 12.35 15.43 18.53 17.69 20.90 22.25 24.26 20.89 21.42 16.18 17.96 13.49 14.55 12.89 14.96 15.63 17.18 19.77 19.96 21.68 22.46 23.25 21.58 21.75 21.57 20.49 18.46 18.73 17.96 17.08 17.21 17.38 18.89 19.15 20.94 19.94 22.15 22.60 
20.76 19.77 16.51 15.70 15.18 15.06 17.37 17.88 17.69 16.92 16.14 12.62 10.55 8.99 8.29 8.48 8.53 13.40 14.39 15.38 17.29 16.75 15.63 13.63 13.46 11.31 8.33 10.24 9.80 12.90 12.17 14.99 16.47 18.47 19.98 22.28 22.15 20.94 20.08 18.11 13.89 13.26 10.28 11.45 9.03 12.55 11.72 10.64 7.20 5.74 0.00 5.69 7.32 9.35 13.47 16.84 17.16 20.28 21.20 22.45 20.61 19.44 14.59 16.62 12.07 13.90 13.14 15.02 16.15 18.56 20.18 21.72 23.02 23.88 24.28 22.80 23.52 22.97 21.57 19.69 19.31 18.70 17.62 18.17 17.87 18.75 19.25 20.44 19.55 22.86 22.63 
20.98 19.87 15.92 14.42 14.80 15.44 16.20 17.08 17.10 17.50 15.26 11.39 10.85 8.36 9.86 9.80 10.30 15.27 17.16 17.47 18.99 18.38 17.13 14.90 14.43 11.67 9.42 8.48 7.71 9.58 9.92 12.10 14.08 16.17 17.63 19.28 19.35 17.89 17.72 16.29 13.04 11.72 8.31 12.47 11.84 13.30 13.21 12.43 9.29 6.93 5.69 0.00 5.23 6.07 9.57 13.06 13.05 17.02 19.13 20.76 16.31 17.40 12.67 13.73 11.13 11.98 11.68 14.20 14.98 17.67 19.71 20.79 22.31 24.05 23.94 22.42 22.63 22.33 20.55 18.89 18.62 16.88 15.66 16.29 16.83 18.21 17.59 20.07 19.36 22.10 21.66 
21.26 19.67 15.58 14.32 14.27 14.89 15.70 14.77 14.61 15.10 13.03 9.14 7.25 7.36 8.51 11.13 10.37 14.91 17.43 18.67 20.47 19.55 19.50 17.01 16.81 15.48 11.02 11.45 8.26 10.38 7.13 12.27 13.67 16.21 17.50 19.30 17.50 16.62 16.20 15.82 13.75 13.29 10.99 14.55 13.84 16.21 15.89 15.27 12.03 9.24 7.32 5.23 0.00 5.37 7.83 10.83 11.40 15.28 17.79 19.94 14.05 16.78 11.22 14.83 7.52 13.19 11.93 15.32 15.12 18.86 20.27 20.92 21.90 23.51 24.43 22.36 22.33 21.65 20.22 18.95 18.64 17.28 15.90 16.71 15.98 17.27 17.26 17.87 17.18 20.56 20.81 
21.60 20.02 15.72 14.55 14.96 15.46 15.57 15.07 14.20 14.59 12.61 8.82 8.44 8.23 9.37 11.25 12.81 17.42 18.58 20.87 22.62 22.04 20.72 18.34 18.07 15.63 11.07 10.32 8.29 6.40 4.05 8.14 10.92 13.20 14.68 17.54 16.55 16.20 15.39 15.02 13.54 13.60 12.93 16.13 15.18 18.06 18.20 17.53 15.03 12.35 9.35 6.07 5.37 0.00 6.58 7.64 8.44 12.30 15.14 15.28 10.87 12.40 9.14 8.05 3.36 8.78 11.90 14.00 14.41 18.15 20.67 21.70 22.66 24.53 25.14 23.01 22.22 22.07 20.26 18.80 18.01 16.26 15.08 14.81 15.45 16.60 15.49 17.95 17.31 19.80 19.85 
24.00 22.94 18.83 16.68 17.56 16.79 16.60 15.63 15.14 14.70 12.76 10.72 11.15 13.39 13.86 15.52 17.06 23.32 24.58 26.03 27.81 27.17 25.86 23.55 23.31 20.68 16.20 15.08 11.14 11.48 7.02 9.27 11.26 14.32 16.17 18.43 17.95 17.51 16.31 15.86 15.10 16.20 15.57 18.00 18.04 21.01 21.55 20.71 18.68 15.43 13.47 9.57 7.83 6.58 0.26 6.57 6.85 10.78 13.85 15.90 12.09 14.04 10.39 13.29 9.99 13.28 15.37 19.77 18.93 22.83 23.23 24.83 26.48 28.05 28.75 26.45 25.81 25.11 23.34 21.89 21.07 19.64 17.53 18.01 17.87 17.93 17.64 18.61 18.32 21.85 21.64 
23.83 22.87 18.27 16.72 18.17 18.42 16.68 15.17 14.62 15.18 12.41 11.50 12.53 14.95 16.25 18.08 18.98 25.11 26.64 28.27 29.97 28.85 28.26 25.88 25.60 22.80 18.87 18.02 13.65 13.24 10.37 9.27 10.94 13.85 15.15 18.04 17.98 18.12 17.51 17.27 16.36 18.29 17.76 20.80 20.64 23.79 23.69 23.33 21.57 18.53 16.84 13.06 10.83 7.64 6.57 0.00 5.82 8.99 12.29 13.76 11.22 12.85 10.02 14.22 13.63 15.99 17.09 21.00 20.71 23.16 24.42 26.10 27.91 29.53 29.47 27.84 27.25 26.61 24.31 22.63 22.06 19.34 18.04 18.78 18.30 19.14 17.11 19.20 19.53 21.54 20.81 
21.71 20.04 16.57 15.27 16.23 15.75 14.43 12.28 11.45 11.83 10.67 8.77 9.67 12.19 13.56 16.53 17.85 22.60 25.25 26.64 29.78 27.69 27.47 25.25 25.29 22.82 19.02 17.69 13.92 12.81 9.21 9.75 7.74 9.33 11.08 14.08 14.39 14.35 14.50 15.31 14.98 15.44 16.24 19.37 19.39 22.29 23.00 22.48 20.06 17.69 17.16 13.05 11.40 8.44 6.85 5.82 0.87 6.41 7.82 10.21 8.06 9.00 6.62 10.19 10.77 14.25 15.33 17.14 18.88 20.80 23.08 24.13 27.36 27.51 28.20 25.94 26.15 24.57 22.89 21.60 21.13 18.89 16.87 16.94 16.49 15.92 15.29 16.01 16.08 19.13 19.10 
22.57 21.50 17.93 17.72 17.95 18.50 17.25 15.65 13.38 13.32 12.88 13.61 13.92 17.49 17.52 19.79 20.53 26.67 28.52 30.48 32.61 31.65 31.38 29.27 29.11 26.54 22.18 20.19 15.80 15.33 11.39 10.75 7.67 8.87 11.35 13.80 14.81 15.51 16.44 16.93 16.92 18.29 18.92 21.91 22.01 24.42 26.23 25.45 23.86 20.90 20.28 17.02 15.28 12.30 10.78 8.99 6.41 1.36 6.45 7.83 8.84 10.04 7.84 12.62 13.04 16.38 17.08 20.68 21.91 24.12 25.52 26.76 29.97 29.38 29.32 27.22 27.56 25.58 24.36 22.30 22.06 19.86 18.29 18.24 17.55 17.85 15.49 17.20 18.12 19.65 19.25 
22.80 21.92 18.70 17.64 17.25 16.47 16.27 14.82 12.55 10.52 11.63 13.15 14.16 17.34 18.41 20.62 22.15 27.65 30.26 31.38 34.53 32.96 33.00 30.62 30.58 27.94 23.51 21.30 18.34 17.28 14.31 12.33 10.21 9.53 11.26 13.38 13.80 15.29 16.64 17.08 16.76 18.79 20.01 21.60 22.27 25.32 27.25 27.34 25.80 22.25 21.20 19.13 17.79 15.14 13.85 12.29 7.82 6.45 1.97 6.19 6.99 9.65 9.20 14.20 14.75 17.89 18.61 20.77 22.09 23.16 25.91 26.87 29.98 29.20 29.56 27.17 27.46 26.08 24.61 22.76 21.86 19.75 17.61 16.63 16.19 15.22 13.73 16.28 16.56 20.07 20.24 
22.54 22.31 18.23 17.92 17.67 17.60 16.49 15.73 13.05 12.86 11.80 14.01 14.14 18.72 18.29 21.71 22.81 28.68 30.63 31.83 34.72 33.78 33.44 30.75 31.44 28.94 24.41 22.98 19.39 18.53 14.09 12.22 9.46 9.57 10.28 12.65 14.37 16.04 17.26 18.54 17.44 20.02 20.69 23.69 22.87 26.73 28.52 28.69 27.70 24.26 22.45 20.76 19.94 15.28 15.90 13.76 10.21 7.83 6.19 0.00 5.86 8.42 8.80 12.34 13.80 16.36 18.30 20.89 22.04 23.07 25.66 27.28 30.22 29.82 29.14 27.02 28.08 26.20 23.75 21.76 21.57 19.54 16.29 16.94 15.10 16.72 14.84 17.63 18.85 20.27 20.23 
20.12 19.06 15.53 15.26 14.62 14.67 14.51 13.60 12.08 12.05 11.14 11.15 11.09 14.69 15.61 18.79 20.90 25.50 28.22 29.90 32.97 31.63 30.85 28.44 28.56 26.29 22.19 21.12 17.71 14.02 11.00 7.60 5.94 5.29 7.48 9.78 9.95 11.50 13.39 15.03 14.85 16.15 18.02 20.59 20.73 23.29 25.57 24.83 23.37 20.89 20.61 16.31 14.05 10.87 12.09 11.22 8.06 8.84 6.99 5.86 0.00 6.40 6.40 8.53 11.25 14.19 16.42 18.81 21.65 22.77 23.89 26.02 28.52 27.88 26.28 24.84 25.48 23.00 21.15 19.54 19.23 16.13 13.42 12.11 11.70 12.59 12.71 15.36 15.99 19.28 19.41 
19.46 18.92 15.61 16.43 15.06 15.60 16.34 16.09 13.93 13.65 12.95 11.84 11.40 15.10 15.25 18.43 18.93 24.95 27.72 29.34 31.87 30.95 30.69 28.40 28.22 26.46 23.46 21.57 16.39 13.15 10.04 9.41 6.57 6.43 9.82 12.53 12.41 11.85 13.68 14.92 15.45 16.53 17.85 21.49 20.85 24.16 24.88 25.87 23.57 21.42 19.44 17.40 16.78 12.40 14.04 12.85 9.00 10.04 9.65 8.42 6.40 0.00 5.95 7.39 9.37 12.95 15.23 17.93 20.36 23.18 24.42 25.90 28.56 26.90 26.50 24.13 23.94 20.91 19.70 17.77 16.67 14.18 12.04 11.68 11.35 12.47 12.47 16.05 17.38 18.84 18.75 
16.05 15.17 12.44 13.14 11.45 12.62 14.07 14.13 12.79 12.20 10.28 9.06 7.64 10.78 10.90 12.91 14.21 19.65 22.80 23.86 27.16 26.13 26.04 24.16 25.06 23.57 19.41 15.28 13.24 9.48 8.05 4.56 7.77 7.18 10.66 11.78 11.83 11.27 12.04 12.42 12.54 14.09 14.61 16.61 17.13 19.32 20.38 20.90 20.06 16.18 14.59 12.67 11.22 9.14 10.39 10.02 6.62 7.84 9.20 8.80 6.40 5.95 0.00 5.63 5.69 9.15 12.27 15.28 16.84 19.70 22.02 23.34 24.85 25.61 23.32 22.00 21.27 17.96 16.56 13.23 12.25 10.28 9.30 8.97 9.15 10.88 9.32 14.50 16.21 19.15 18.58 
16.69 16.86 13.67 14.10 12.61 14.55 15.70 16.81 15.31 17.03 13.87 11.91 9.23 12.63 11.66 14.27 14.00 20.38 22.18 23.67 25.56 25.11 25.03 23.42 25.16 22.40 16.84 14.50 10.88 8.56 3.80 2.72 6.09 8.40 11.08 13.08 12.74 12.11 13.44 12.31 12.64 13.65 13.91 16.97 16.22 20.02 20.81 21.87 22.54 17.96 16.62 13.73 14.83 8.05 13.29 14.22 10.19 12.62 14.20 12.34 8.53 7.39 5.63 0.00 5.71 7.38 11.37 14.47 15.64 18.60 20.63 22.74 24.06 23.09 22.19 19.11 19.21 15.13 12.83 10.95 10.86 10.24 9.40 9.99 10.81 12.46 12.19 15.75 18.08 20.33 19.85 
15.00 13.97 11.94 12.73 11.06 13.14 15.02 15.71 14.91 15.96 14.80 10.96 7.25 10.10 8.29 10.78 11.19 15.76 18.24 18.86 22.35 20.61 20.57 19.09 20.90 16.68 14.86 11.42 11.27 4.03 4.07 5.62 9.21 10.49 13.57 14.32 14.26 14.07 14.11 12.71 11.13 12.40 12.25 14.15 14.35 17.19 18.38 18.90 17.41 13.49 12.07 11.13 7.52 3.36 9.99 13.63 10.77 13.04 14.75 13.80 11.25 9.37 5.69 5.71 0.00 5.96 7.31 11.61 13.55 15.14 17.44 18.22 19.87 19.22 17.27 15.62 15.23 10.21 9.98 8.23 8.99 8.14 9.68 9.36 9.68 12.52 11.11 14.55 15.03 18.73 18.59 
14.80 14.43 12.36 14.34 12.59 14.65 17.28 18.04 16.76 18.25 16.64 14.60 10.66 12.06 9.75 10.64 9.81 15.12 16.78 17.19 19.38 18.93 19.88 17.24 16.74 12.97 11.43 9.55 4.81 1.59 5.72 8.78 10.75 13.23 16.07 17.31 16.81 15.40 15.10 13.07 12.38 11.59 11.72 13.50 12.63 15.69 16.87 18.56 19.77 14.55 13.90 11.98 13.19 8.78 13.28 15.99 14.25 16.38 17.89 16.36 14.19 12.95 9.15 7.38 5.96 0.00 6.14 8.65 11.79 14.15 14.82 17.23 17.29 16.70 15.22 13.32 11.48 7.56 7.88 7.57 8.38 8.69 10.14 11.79 12.66 14.61 13.35 16.63 18.06 19.18 18.99 
13.99 12.82 11.73 13.63 12.51 15.09 17.45 17.59 16.72 18.38 16.64 14.06 11.75 11.92 8.91 9.25 7.06 11.59 13.06 12.57 16.39 15.39 16.27 13.29 14.47 10.85 9.85 4.75 6.05 5.14 9.90 10.19 15.55 16.45 20.50 19.43 19.85 18.38 18.89 16.15 12.83 12.97 11.85 12.82 11.25 12.91 15.03 16.22 16.59 12.89 13.14 11.68 11.93 11.90 15.37 17.09 15.33 17.08 18.61 18.30 16.42 15.23 12.27 11.37 7.31 6.14 0.00 7.73 9.20 12.41 14.52 14.96 16.44 15.95 12.85 11.27 10.74 7.39 8.74 8.40 9.49 10.44 11.54 12.55 12.93 14.57 12.15 16.40 17.69 20.23 19.73 
16.57 15.78 14.28 15.66 15.40 18.32 20.45 20.67 19.61 21.51 19.55 17.25 14.22 16.25 11.63 11.91 9.45 11.68 13.35 12.24 15.54 14.86 14.13 11.18 11.83 9.65 5.45 5.08 6.38 6.87 10.65 14.29 17.48 19.36 22.18 24.14 24.43 22.59 22.85 20.07 16.23 15.71 14.80 14.99 12.78 14.77 16.90 18.00 18.90 14.96 15.02 14.20 15.32 14.00 19.77 21.00 17.14 20.68 20.77 20.89 18.81 17.93 15.28 14.47 11.61 8.65 7.73 0.00 8.45 9.68 11.30 12.99 13.50 10.31 9.32 8.97 8.88 5.45 8.27 10.44 11.79 12.74 14.55 16.58 16.41 19.24 17.62 21.19 20.72 21.90 23.40 
16.89 15.85 13.69 15.47 15.33 17.80 19.71 20.94 19.91 21.66 19.67 17.42 14.99 16.20 12.76 11.79 9.62 11.41 10.01 9.77 13.05 11.28 10.50 6.45 9.80 5.57 7.05 5.25 10.45 9.87 14.61 16.01 20.52 21.16 24.41 26.07 26.31 25.43 25.39 21.34 17.62 17.15 15.66 14.94 13.05 14.99 16.80 17.82 17.82 15.63 16.15 14.98 15.12 14.41 18.93 20.71 18.88 21.91 22.09 22.04 21.65 20.36 16.84 15.64 13.55 11.79 9.20 8.45 2.44 8.44 8.25 10.78 11.26 9.84 7.60 6.70 10.26 9.28 10.76 11.71 15.50 15.27 16.47 16.54 17.62 20.58 20.24 20.28 22.62 24.12 27.00 
17.77 17.31 15.74 17.35 17.63 19.80 21.96 22.86 22.32 23.18 21.93 19.69 17.53 18.26 14.82 14.61 11.78 12.56 12.71 9.88 12.25 9.13 8.79 6.77 4.42 2.61 5.92 5.46 9.05 11.82 15.16 18.61 21.52 24.24 27.16 28.05 28.75 27.24 25.15 22.61 18.98 18.63 16.62 15.66 13.34 15.65 17.11 18.77 19.74 17.18 18.56 17.67 18.86 18.15 22.83 23.16 20.80 24.12 23.16 23.07 22.77 23.18 19.70 18.60 15.14 14.15 12.41 9.68 8.44 2.67 6.15 8.29 9.54 7.60 5.59 7.40 11.68 11.80 11.66 14.34 17.51 18.40 17.80 20.58 20.55 24.02 22.31 24.81 24.27 27.46 25.84 
19.51 19.33 18.95 19.73 19.78 21.75 24.65 24.24 23.38 24.57 23.59 20.83 18.76 19.06 16.02 14.57 12.09 13.39 10.45 8.28 10.00 6.29 6.62 5.04 6.27 5.88 9.30 8.73 12.70 14.46 20.67 21.39 25.61 27.84 28.96 31.24 31.80 29.39 27.88 25.25 21.76 20.97 19.42 18.63 15.84 17.50 18.00 20.08 20.82 19.77 20.18 19.71 20.27 20.67 23.23 24.42 23.08 25.52 25.91 25.66 23.89 24.42 22.02 20.63 17.44 14.82 14.52 11.30 8.25 6.15 1.61 5.10 5.45 5.98 8.12 8.41 10.77 12.14 15.46 16.06 18.19 20.34 20.79 22.91 22.43 24.77 25.94 25.47 25.22 27.91 28.24 
21.35 21.21 20.25 20.81 21.42 23.26 25.77 25.74 24.47 25.90 24.74 22.07 20.49 21.37 18.21 17.16 14.15 16.07 14.34 11.80 11.73 8.42 8.97 7.06 7.71 9.66 11.64 13.30 13.42 17.02 19.65 23.10 26.61 28.48 30.95 31.93 32.01 29.90 28.90 26.83 22.88 22.21 20.87 21.11 17.37 19.47 20.71 20.87 20.86 19.96 21.72 20.79 20.92 21.70 24.83 26.10 24.13 26.76 26.87 27.28 26.02 25.90 23.34 22.74 18.22 17.23 14.96 12.99 10.78 8.29 5.10 0.00 5.51 7.75 10.04 12.76 13.41 15.02 15.94 19.03 19.97 22.93 22.52 25.68 24.29 28.17 29.40 28.37 26.24 30.86 30.59 
23.06 22.65 21.23 21.98 23.15 25.31 26.93 27.16 26.65 27.83 26.23 24.04 22.54 23.46 20.01 19.04 16.12 17.69 16.19 14.87 15.17 12.00 11.60 10.11 11.56 11.30 12.83 12.76 15.58 17.57 21.34 24.13 27.33 30.65 32.72 33.05 33.34 31.72 31.72 29.02 24.71 24.65 23.25 22.94 19.56 21.98 23.44 23.50 21.48 21.68 23.02 22.31 21.90 22.66 26.48 27.91 27.36 29.97 29.98 30.22 28.52 28.56 24.85 24.06 19.87 17.29 16.44 13.50 11.26 9.54 5.45 5.51 0.00 6.37 10.72 11.41 14.76 14.94 17.66 18.34 23.07 22.62 23.74 26.10 25.46 28.23 28.57 26.95 27.52 30.07 32.11 
23.39 23.15 21.50 22.16 23.44 25.26 26.90 27.43 27.19 28.17 26.58 24.16 22.94 23.59 20.23 20.00 17.45 19.30 17.61 16.64 16.98 14.37 13.92 12.12 12.98 11.54 12.40 11.62 14.50 17.54 22.07 24.62 29.34 30.79 32.70 33.04 33.63 32.50 31.77 29.30 26.20 25.45 24.13 24.00 20.81 23.54 24.52 25.06 23.20 22.46 23.88 24.05 23.51 24.53 28.05 29.53 27.51 29.38 29.20 29.82 27.88 26.90 25.61 23.09 19.22 16.70 15.95 10.31 9.84 7.60 5.98 7.75 6.37 0.00 7.24 9.97 11.07 13.84 14.87 17.90 20.39 22.64 22.93 26.24 25.92 29.55 30.58 29.50 27.66 31.85 32.58 
