0.00 2.58 4.44 8.06 11.05 13.29 16.19 19.45 22.42 23.95 25.21 25.93 27.89 27.58 25.89 23.12 21.09 18.16 18.17 15.44 15.03 13.73 15.41 15.56 14.80 15.22 16.18 17.41 18.09 20.38 22.18 23.34 25.58 25.20 23.88 21.77 20.40 18.68 18.54 18.64 18.45 17.69 16.79 18.41 19.92 21.20 22.35 21.98 23.20 23.19 24.48 25.20 25.59 25.04 24.55 23.29 23.56 22.57 21.04 18.76 17.78 16.81 15.69 16.26 16.68 16.23 17.49 18.53 18.64 18.66 20.18 21.78 23.44 23.88 24.44 26.25 26.49 27.02 28.51 28.56 27.96 27.71 29.01 28.82 27.57 26.15 27.12 25.86 23.36 22.72 21.29 20.14 18.13 17.88 18.50 17.37 14.57 14.45 13.50 13.65 13.71 14.93 17.23 17.87 16.43 18.23 21.69 20.43 25.09 
2.58 0.00 3.67 6.36 10.11 13.51 15.46 18.85 20.77 24.14 24.67 25.04 27.16 27.37 26.32 23.06 19.83 17.95 17.26 14.33 13.83 12.47 14.65 15.02 14.35 15.06 16.08 17.32 18.16 20.47 22.55 23.45 25.73 25.24 23.89 21.47 19.94 18.23 18.09 18.55 18.59 17.30 16.83 18.44 19.94 21.03 22.52 21.99 23.23 23.22 24.47 25.32 25.62 24.95 24.36 23.36 23.68 22.91 20.84 19.02 17.65 17.00 15.50 16.20 16.23 15.67 17.35 17.99 18.75 18.61 20.08 21.38 23.10 23.48 24.03 26.23 25.78 26.44 27.55 27.93 26.90 26.76 28.74 28.49 26.93 25.88 27.48 25.82 22.06 21.79 20.49 18.84 16.71 17.21 17.45 16.84 12.70 13.06 11.80 12.19 11.97 13.64 17.68 17.92 16.32 20.00 21.40 21.13 27.28 
4.44 3.67 0.00 4.10 7.70 9.95 11.89 14.32 16.19 18.73 19.93 18.47 20.78 22.25 22.09 18.16 15.32 13.05 13.12 9.40 9.07 8.09 10.80 10.99 10.69 11.59 12.02 13.26 13.96 16.41 19.06 19.42 21.67 21.09 20.16 17.32 15.82 14.18 13.90 14.57 14.34 13.55 13.51 15.55 16.30 17.20 19.01 18.55 19.68 19.31 20.92 21.75 21.69 21.30 21.22 20.34 20.18 19.28 17.76 15.51 14.14 13.30 12.09 12.28 12.72 12.55 13.47 13.52 14.57 15.28 16.71 17.84 19.53 20.19 21.02 23.11 22.26 22.85 24.02 23.80 22.58 22.38 24.53 23.87 22.21 20.94 22.97 19.80 16.05 16.07 16.38 13.41 12.71 12.47 13.49 11.99 9.79 7.68 8.12 8.92 9.15 10.94 15.04 16.40 14.33 17.96 20.78 20.41 27.68 
8.06 6.36 4.10 0.56 5.23 7.40 9.01 11.19 13.84 16.33 17.04 17.47 19.07 20.65 21.06 17.90 14.48 12.00 11.81 9.00 8.10 7.02 10.28 10.73 10.73 11.34 11.96 12.56 13.54 15.59 17.34 18.68 20.46 20.26 18.56 15.55 14.43 12.84 12.84 13.74 14.23 13.33 13.69 14.86 15.74 16.74 18.37 17.22 18.57 18.43 19.92 20.74 20.99 20.85 20.84 19.98 20.05 19.70 17.97 16.17 14.60 14.18 12.54 12.47 13.42 13.07 13.46 13.56 14.61 14.92 16.57 17.58 18.87 19.61 20.26 22.21 21.13 22.23 22.83 22.78 21.66 21.58 23.02 23.00 21.13 20.22 21.83 20.42 16.01 16.12 15.70 15.83 11.96 13.72 12.47 12.00 5.67 7.91 6.32 8.47 9.94 12.49 16.24 16.39 16.45 19.75 22.49 21.29 32.51 
11.05 10.11 7.70 5.23 0.00 5.62 5.96 10.15 12.59 16.28 16.85 17.19 19.33 19.73 20.14 16.88 14.47 11.31 12.17 9.36 10.22 8.85 12.08 13.15 11.58 11.23 10.91 11.29 11.61 13.78 15.35 17.12 21.03 20.00 17.65 13.94 13.47 11.71 12.24 14.04 14.88 14.38 14.51 15.71 16.37 17.55 18.64 17.88 19.61 19.34 20.68 21.77 22.29 21.97 21.11 19.93 20.75 20.52 18.49 15.88 14.70 14.30 12.80 13.11 15.05 14.28 14.82 15.04 15.59 15.33 16.67 18.47 20.08 20.99 20.67 22.60 21.69 22.85 23.58 24.18 22.95 22.73 23.90 23.89 22.27 20.73 22.01 20.53 17.56 17.77 16.37 14.03 11.56 12.40 13.31 8.21 3.35 5.11 5.81 6.29 8.83 11.54 16.35 18.27 15.84 16.77 19.36 19.92 21.67 
13.29 13.51 9.95 7.40 5.62 0.00 4.84 7.11 10.75 13.50 14.15 14.62 17.06 17.42 17.07 14.78 11.93 9.30 9.84 6.79 8.96 8.72 12.74 13.94 11.89 10.58 9.66 9.51 9.27 11.93 13.40 15.82 18.81 17.54 15.35 11.76 11.42 9.22 10.76 13.27 14.40 13.91 13.87 15.95 15.95 17.42 18.40 17.07 18.26 18.14 19.11 20.37 20.74 20.34 19.45 18.37 19.59 19.06 16.83 15.04 13.93 13.75 12.44 13.46 14.79 14.07 14.93 14.47 15.11 14.80 15.70 16.95 18.82 19.56 19.57 21.62 20.41 21.50 22.67 22.85 21.97 21.47 23.21 22.58 21.28 19.40 20.85 19.05 16.08 15.91 13.68 13.43 10.14 12.52 11.99 10.29 6.67 6.93 7.58 8.72 10.46 14.33 17.63 18.93 15.81 19.22 19.67 21.05 24.29 
16.19 15.46 11.89 9.01 5.96 4.84 0.00 5.78 7.73 10.47 11.11 11.74 14.37 15.06 15.32 12.35 10.62 7.86 10.02 6.78 8.81 9.67 14.86 14.64 13.26 11.66 9.63 9.39 9.00 10.79 12.74 13.73 17.27 15.64 13.19 10.68 10.62 9.12 10.61 14.00 15.86 15.22 14.81 16.80 17.20 17.88 18.69 17.42 18.57 17.51 18.46 19.59 19.88 19.46 18.54 17.64 18.82 18.41 16.26 14.65 13.90 14.07 13.06 14.22 16.04 15.23 15.90 14.71 15.26 14.44 15.49 16.40 18.19 19.03 18.99 21.52 19.91 21.05 21.74 22.01 20.61 20.52 22.03 21.79 20.46 18.28 20.03 17.69 14.99 14.42 12.17 11.26 9.54 9.36 10.71 10.59 8.26 7.86 10.18 10.82 12.27 14.83 19.07 20.12 16.85 17.51 20.26 21.38 24.84 
19.45 18.85 14.32 11.19 10.15 7.11 5.78 0.00 5.87 7.27 9.59 11.62 14.06 14.78 15.40 13.67 12.25 10.04 12.11 10.35 12.33 13.68 18.52 18.27 15.83 14.91 12.52 11.07 11.25 12.25 12.39 14.12 17.56 15.92 13.90 10.62 12.27 11.53 13.39 17.15 19.64 19.22 18.16 20.12 19.94 21.08 21.54 19.75 20.38 19.47 19.92 21.12 21.46 21.52 20.55 19.19 20.48 20.44 18.61 16.81 15.90 16.71 15.79 16.89 18.88 18.46 19.07 18.16 18.63 17.37 18.82 19.45 20.92 21.37 21.39 23.64 21.90 23.02 23.06 23.06 21.85 21.73 22.71 22.53 21.29 19.53 20.94 19.30 15.95 15.51 13.26 13.09 8.20 10.62 11.70 9.74 8.14 11.14 13.00 14.73 16.00 18.10 22.40 23.79 20.54 22.83 22.90 24.40 28.90 
22.42 20.77 16.19 13.84 12.59 10.75 7.73 5.87 0.00 5.60 6.80 9.29 12.70 14.18 14.29 12.77 12.10 11.46 12.94 12.29 15.53 17.15 21.43 20.65 18.08 16.48 14.20 12.93 11.58 11.20 9.49 11.32 14.88 13.67 11.39 9.06 11.65 12.75 14.47 18.72 20.59 20.73 20.51 22.02 21.73 22.99 23.50 21.00 21.81 20.56 20.82 21.63 21.98 21.79 20.82 20.11 21.58 21.89 19.83 18.48 17.55 18.59 17.54 19.34 21.39 20.99 21.85 20.88 21.35 19.73 20.71 21.49 22.76 22.92 22.56 24.47 22.63 23.54 23.42 23.52 22.69 22.12 22.71 22.37 21.09 19.59 20.78 18.06 15.22 15.30 13.68 10.63 6.90 10.70 13.41 10.73 9.74 11.81 15.01 15.21 18.00 19.38 23.55 24.57 25.43 23.58 24.97 26.21 26.92 
23.95 24.14 18.73 16.33 16.28 13.50 10.47 7.27 5.60 0.00 5.57 7.53 10.54 12.73 13.26 11.96 12.26 12.04 14.13 13.32 17.46 19.92 24.42 23.71 20.08 18.85 16.31 14.16 12.29 12.76 11.67 12.73 14.76 14.37 13.25 12.27 14.12 14.87 17.21 21.35 22.50 22.80 22.69 24.10 23.31 24.84 25.44 22.83 22.61 21.65 21.59 22.44 22.45 21.91 20.46 20.37 22.16 22.58 20.58 19.70 19.23 20.31 19.86 21.25 23.31 23.09 23.86 22.86 22.61 21.52 22.03 22.58 23.69 24.01 23.56 25.41 23.32 24.39 24.80 25.01 23.76 23.58 24.37 24.20 22.68 21.84 22.97 21.17 18.17 17.99 14.87 14.42 11.40 14.17 16.23 16.81 15.41 17.59 18.81 19.17 21.53 22.21 26.75 27.11 27.23 26.72 26.82 27.51 28.48 
25.21 24.67 19.93 17.04 16.85 14.15 11.11 9.59 6.80 5.57 0.82 5.33 7.87 9.19 11.68 10.70 10.06 9.69 13.56 12.77 17.10 20.26 25.76 24.08 20.48 18.40 16.49 14.00 11.64 11.62 11.54 10.68 13.43 12.59 12.29 11.69 14.20 14.97 16.84 20.79 22.20 22.77 22.36 23.85 23.25 24.51 25.05 22.52 22.17 20.36 20.56 21.57 21.27 20.37 18.81 18.71 20.54 21.27 19.32 19.06 18.54 19.89 19.49 21.21 23.21 22.64 23.60 22.32 22.10 20.72 21.41 21.71 22.72 23.05 22.65 24.63 22.34 23.58 24.24 24.43 22.97 22.84 24.28 23.93 22.55 21.10 22.41 20.45 17.46 17.24 14.42 14.52 13.12 14.49 18.12 18.36 17.15 17.06 19.93 20.14 22.20 23.08 26.82 27.21 28.19 25.68 26.31 27.90 28.97 
25.93 25.04 18.47 17.47 17.19 14.62 11.74 11.62 9.29 7.53 5.33 0.00 5.34 7.36 8.67 8.79 8.94 8.13 11.93 13.15 17.69 20.50 26.49 25.21 20.23 18.74 15.85 13.01 10.65 10.79 8.79 8.69 11.67 11.58 11.36 9.71 13.21 14.22 15.19 19.17 21.05 21.16 20.52 22.05 21.23 22.29 23.10 20.64 20.59 18.99 19.12 19.56 19.31 18.82 17.15 16.33 17.42 18.51 17.02 17.10 16.06 17.78 17.20 19.54 21.66 21.21 21.80 20.88 20.96 19.39 20.46 20.95 22.03 22.52 22.10 23.96 21.93 22.93 23.06 23.33 21.96 21.72 22.82 22.49 21.39 20.47 21.99 20.26 16.93 17.22 14.76 15.82 12.48 16.02 18.13 18.54 16.29 16.35 19.48 20.05 21.55 22.95 26.09 27.23 27.70 27.45 27.50 29.17 29.19 
27.89 27.16 20.78 19.07 19.33 17.06 14.37 14.06 12.70 10.54 7.87 5.34 0.00 5.24 7.07 8.12 9.16 10.95 13.88 16.09 21.13 23.58 28.55 28.17 23.72 21.02 17.88 14.95 12.81 10.62 8.14 9.01 12.70 12.69 11.87 11.43 13.73 14.83 15.97 20.14 22.00 22.51 21.99 23.23 22.46 23.83 24.44 22.13 21.64 20.30 20.01 20.92 20.53 19.81 17.71 17.11 18.19 18.81 17.13 17.49 17.24 18.70 18.02 20.79 23.86 23.13 23.11 22.43 22.69 21.59 21.84 22.81 24.18 24.74 23.94 26.06 23.96 24.76 24.58 25.23 24.32 23.52 24.25 24.47 23.73 22.92 24.27 22.90 20.26 20.80 18.62 19.42 17.31 19.31 21.55 21.06 19.01 18.47 21.34 21.87 24.30 24.76 28.10 28.44 29.90 28.23 29.02 31.05 30.08 
27.58 27.37 22.25 20.65 19.73 17.42 15.06 14.78 14.18 12.73 9.19 7.36 5.24 0.00 5.56 6.99 8.79 11.51 15.27 16.54 21.46 24.14 28.75 28.95 24.29 21.67 18.06 14.25 12.08 9.68 7.60 8.17 12.40 11.88 12.09 12.91 15.02 15.53 17.05 21.97 23.05 24.03 23.50 24.98 24.21 25.60 26.20 23.83 22.77 21.90 21.18 21.93 20.81 20.17 18.49 17.27 19.12 19.11 17.67 17.90 18.09 19.63 19.48 21.57 24.27 23.77 24.29 23.44 23.96 22.65 23.25 23.65 25.18 25.68 25.34 27.35 25.51 26.37 26.78 27.40 26.00 25.89 27.09 26.73 25.62 25.31 27.24 25.46 22.91 23.07 20.81 22.29 19.98 22.20 23.77 23.73 22.30 21.12 23.73 24.13 26.47 26.90 29.94 30.21 32.06 30.89 31.16 31.91 30.63 
25.89 26.32 22.09 21.06 20.14 17.07 15.32 15.40 14.29 13.26 11.68 8.67 7.07 5.56 0.00 5.53 6.43 10.24 14.53 15.97 20.50 23.29 27.89 27.10 23.59 20.43 16.22 14.16 11.49 9.80 9.30 9.43 13.77 13.47 12.58 13.21 15.58 15.97 17.21 21.45 23.04 23.88 23.61 24.94 24.60 26.13 26.25 23.82 22.88 21.48 21.10 21.04 20.44 19.79 18.73 17.06 18.32 18.90 17.60 17.35 17.84 19.11 19.48 21.59 23.91 23.14 24.15 23.40 23.32 22.10 22.97 23.42 24.71 25.64 25.29 27.49 25.66 26.94 27.57 28.17 26.88 26.94 28.60 28.20 26.69 25.84 27.95 26.26 23.25 24.02 21.77 22.78 21.49 23.01 24.91 25.63 24.71 23.22 25.35 25.22 27.14 27.47 30.45 30.24 31.56 30.30 30.68 32.32 30.31 
23.12 23.06 18.16 17.90 16.88 14.78 12.35 13.67 12.77 11.96 10.70 8.79 8.12 6.99 5.53 0.00 6.05 8.10 11.38 13.10 17.07 20.41 24.92 24.88 21.00 17.53 14.73 10.81 9.86 8.29 8.93 10.60 15.00 14.41 13.27 12.15 14.05 13.74 15.11 18.30 19.66 20.41 19.81 21.82 21.89 22.45 22.85 20.30 19.67 18.53 17.76 17.53 16.63 16.68 15.17 12.96 14.26 16.24 14.90 14.58 13.23 15.73 15.96 18.90 21.14 20.89 21.52 20.74 20.72 19.23 20.62 21.33 23.43 24.16 24.15 26.03 24.16 25.14 25.81 26.35 24.98 24.89 26.30 26.20 25.12 24.22 26.31 24.36 21.72 22.29 20.43 21.68 20.07 22.03 23.84 23.85 22.10 20.18 22.09 22.14 24.01 24.79 27.50 27.48 30.03 29.44 29.63 29.73 29.19 
21.09 19.83 15.32 14.48 14.47 11.93 10.62 12.25 12.10 12.26 10.06 8.94 9.16 8.79 6.43 6.05 0.00 6.28 7.53 10.46 13.90 16.73 20.66 19.52 15.83 13.11 9.51 7.24 8.53 7.45 8.68 11.40 15.69 14.33 13.60 11.29 12.01 11.41 12.56 15.23 16.28 16.38 15.91 17.93 18.03 18.69 18.43 15.89 15.56 13.99 13.23 13.84 13.93 13.71 12.42 11.08 13.26 13.91 12.66 11.57 10.46 12.43 13.09 15.86 18.72 18.14 19.14 17.99 18.39 17.23 18.23 19.66 21.66 22.16 22.37 24.74 22.52 23.41 23.83 24.69 23.20 22.90 23.85 23.79 23.36 21.86 23.43 21.68 19.73 20.32 19.08 19.46 18.35 19.73 22.04 21.45 19.53 16.83 18.52 18.49 21.26 21.48 24.56 24.78 27.04 26.73 26.85 28.82 27.65 
18.16 17.95 13.05 12.00 11.31 9.30 7.86 10.04 11.46 12.04 9.69 8.13 10.95 11.51 10.24 8.10 6.28 0.00 6.37 6.80 10.76 13.50 17.71 17.23 13.91 11.41 9.52 7.32 8.67 9.15 11.01 13.80 16.74 15.39 14.10 11.14 11.28 9.57 11.23 13.50 13.70 14.77 14.20 16.61 16.75 17.60 16.82 14.82 14.51 14.23 14.13 14.84 15.08 15.38 14.03 13.59 16.16 16.24 13.42 12.79 11.96 12.76 12.62 15.28 17.94 17.92 18.49 17.14 17.48 16.67 17.81 18.53 20.26 21.02 21.71 23.60 21.98 22.58 23.58 24.39 23.02 22.60 23.77 23.50 22.36 21.50 23.28 21.58 19.22 19.79 18.68 19.06 17.77 19.55 21.81 21.01 18.26 15.79 17.51 17.63 19.93 19.78 23.54 23.32 26.14 26.65 26.85 27.85 28.21 
18.17 17.26 13.12 11.81 12.17 9.84 10.02 12.11 12.94 14.13 13.56 11.93 13.88 15.27 14.53 11.38 7.53 6.37 0.00 6.22 7.61 10.12 14.84 14.90 11.40 9.90 8.08 8.79 9.95 11.40 15.16 17.17 19.72 18.63 16.89 13.79 12.84 11.50 12.10 13.55 13.76 14.47 14.51 16.13 16.30 17.42 17.03 14.61 14.83 15.43 16.05 16.66 17.06 17.75 16.98 16.37 18.95 18.79 16.57 15.01 14.32 14.79 14.30 16.16 18.93 18.49 19.41 17.96 18.30 17.42 18.98 19.57 21.57 22.64 22.96 24.73 23.42 24.37 24.78 25.56 24.52 24.21 25.28 24.96 23.80 22.73 24.65 22.96 20.51 21.21 20.26 20.70 19.96 21.56 22.99 22.45 20.21 17.52 18.46 18.36 20.63 20.77 24.45 25.23 27.15 27.28 27.38 29.34 29.16 
15.44 14.33 9.40 9.00 9.36 6.79 6.78 10.35 12.29 13.32 12.77 13.15 16.09 16.54 15.97 13.10 10.46 6.80 6.22 0.00 6.65 7.46 10.94 10.40 9.34 6.74 6.89 7.39 9.50 11.47 15.75 18.69 20.94 20.06 17.62 14.49 12.55 10.42 10.82 12.05 12.34 12.21 11.91 15.04 15.32 16.12 15.87 13.79 13.74 14.39 15.64 16.36 16.59 17.28 16.60 16.14 18.37 18.22 16.01 14.06 12.93 13.59 12.28 14.15 16.45 16.23 16.37 16.13 16.36 15.67 17.00 18.49 20.71 21.75 22.10 23.81 22.47 23.31 23.91 24.57 23.17 22.88 24.09 23.70 22.40 21.42 23.24 21.58 19.08 19.72 18.88 20.16 19.12 20.54 22.11 21.64 18.65 15.59 15.89 15.72 18.11 17.64 21.41 21.92 23.66 25.07 25.30 27.21 27.72 
15.03 13.83 9.07 8.10 10.22 8.96 8.81 12.33 15.53 17.46 17.10 17.69 21.13 21.46 20.50 17.07 13.90 10.76 7.61 6.65 2.01 6.31 7.21 8.80 7.64 7.43 7.74 10.14 13.48 14.96 19.18 23.10 25.93 24.17 21.35 16.98 15.50 12.01 11.98 12.52 13.14 12.26 11.70 14.64 15.91 16.89 16.97 14.60 14.31 15.31 17.05 18.44 19.17 20.25 20.38 20.07 22.41 21.67 19.39 17.60 15.78 15.58 13.88 15.32 17.38 16.69 16.87 16.75 17.99 16.95 17.97 19.77 22.67 23.39 23.54 25.37 23.44 24.45 25.14 25.56 24.15 23.30 24.52 24.50 23.36 21.87 23.39 22.06 20.39 21.10 20.21 21.55 21.35 22.85 24.48 23.65 21.02 16.96 17.29 15.83 19.01 17.87 21.33 21.53 22.86 23.04 23.86 26.73 27.49 
13.73 12.47 8.09 7.02 8.85 8.72 9.67 13.68 17.15 19.92 20.26 20.50 23.58 24.14 23.29 20.41 16.73 13.50 10.12 7.46 6.31 0.00 4.76 6.15 6.99 7.87 9.59 10.90 14.70 17.62 21.58 24.85 27.48 26.15 22.52 18.96 15.42 11.96 11.98 12.52 11.13 11.20 10.55 13.89 15.40 16.47 16.71 14.75 14.56 15.92 17.56 19.19 20.11 21.21 21.46 20.97 23.26 22.43 20.27 18.79 16.67 16.99 15.30 15.77 16.36 16.14 16.62 16.41 18.02 16.99 18.69 19.71 22.30 22.97 23.42 25.55 23.90 24.71 25.07 26.06 24.59 23.85 24.68 24.95 23.59 22.34 23.79 22.47 19.60 21.41 20.48 21.81 21.17 23.02 24.31 23.22 19.61 16.27 15.85 14.67 16.80 15.25 19.60 20.20 21.21 22.59 23.36 25.70 27.10 
15.41 14.65 10.80 10.28 12.08 12.74 14.86 18.52 21.43 24.42 25.76 26.49 28.55 28.75 27.89 24.92 20.66 17.71 14.84 10.94 7.21 4.76 0.00 5.12 7.35 10.40 11.37 14.71 17.57 21.46 26.00 28.66 31.33 30.53 27.59 23.18 19.13 15.45 15.05 15.73 13.48 13.46 13.73 16.36 17.71 18.96 19.74 18.16 18.92 20.03 21.90 23.58 24.62 25.47 25.52 25.34 26.80 25.86 24.09 22.38 20.89 20.79 19.52 19.56 20.22 19.62 20.79 20.20 21.38 20.57 22.50 23.42 25.86 26.38 26.53 28.64 27.66 28.21 28.09 28.55 28.16 27.17 27.70 27.71 26.77 25.00 26.58 25.06 22.87 24.17 23.40 24.75 24.52 25.61 26.91 25.37 21.97 17.82 18.48 16.28 17.93 17.03 21.55 22.47 22.68 23.38 24.91 27.28 28.35 
15.56 15.02 10.99 10.73 13.15 13.94 14.64 18.27 20.65 23.71 24.08 25.21 28.17 28.95 27.10 24.88 19.52 17.23 14.90 10.40 8.80 6.15 5.12 0.00 5.83 8.53 10.30 13.44 16.05 20.17 25.14 28.72 30.65 30.52 26.92 22.96 19.47 15.06 14.16 12.49 12.13 12.82 13.23 15.66 16.93 18.00 18.82 17.75 18.15 18.67 20.46 22.47 23.30 23.97 24.21 24.00 25.82 25.08 22.66 20.86 19.33 20.09 18.56 19.10 19.87 19.55 19.91 20.29 21.21 20.66 21.96 23.31 25.17 26.24 26.39 28.42 27.24 28.26 28.47 28.70 27.78 27.12 27.95 27.48 26.41 24.64 25.77 24.16 21.86 23.67 22.73 24.37 23.47 24.79 26.54 25.15 21.10 17.55 17.12 15.97 16.98 15.94 20.08 21.92 21.51 22.67 23.88 25.93 26.95 
14.80 14.35 10.69 10.73 11.58 11.89 13.26 15.83 18.08 20.08 20.48 20.23 23.72 24.29 23.59 21.00 15.83 13.91 11.40 9.34 7.64 6.99 7.35 5.83 0.00 6.09 5.30 10.83 14.21 17.89 22.33 24.43 27.10 25.75 23.84 19.06 16.12 12.77 10.58 8.67 9.28 10.32 10.68 12.90 13.94 14.94 16.42 14.62 14.98 15.52 17.78 19.54 20.72 21.59 22.11 21.67 23.72 22.86 20.87 18.90 17.02 17.76 16.40 16.83 18.33 17.21 17.76 18.02 19.99 18.99 20.23 21.40 23.18 24.40 25.05 27.06 25.35 26.50 27.27 27.20 26.23 25.11 25.90 25.44 24.09 21.92 22.91 21.59 19.90 21.30 20.49 21.92 21.06 22.25 24.30 22.57 18.75 14.75 15.69 13.64 15.65 14.72 19.61 20.12 20.03 21.07 22.43 25.39 25.67 
15.22 15.06 11.59 11.34 11.23 10.58 11.66 14.91 16.48 18.85 18.40 18.74 21.02 21.67 20.43 17.53 13.11 11.41 9.90 6.74 7.43 7.87 10.40 8.53 6.09 0.00 6.12 8.01 11.60 14.18 18.62 21.93 25.08 24.47 22.27 16.67 13.76 9.10 9.17 7.64 7.59 10.00 12.10 13.33 13.09 14.16 15.03 12.97 12.15 13.60 15.52 17.37 17.85 19.37 19.79 19.81 21.17 21.16 18.85 17.31 14.47 15.58 14.48 15.06 16.45 16.34 16.41 15.82 17.31 16.92 17.73 18.43 20.47 22.17 22.15 24.62 23.16 24.43 24.66 25.09 24.23 23.27 23.80 23.49 22.16 20.29 21.34 19.92 17.15 19.03 18.60 20.10 18.83 21.11 22.63 21.42 17.61 14.01 13.94 12.53 14.54 13.57 18.89 19.15 19.23 21.23 22.12 23.62 24.89 
16.18 16.08 12.02 11.96 10.91 9.66 9.63 12.52 14.20 16.31 16.49 15.85 17.88 18.06 16.22 14.73 9.51 9.52 8.08 6.89 7.74 9.59 11.37 10.30 5.30 6.12 0.00 5.55 8.45 10.93 15.20 18.33 21.29 20.40 18.08 14.14 9.27 6.51 7.06 10.08 8.90 11.25 12.75 14.86 14.07 15.01 15.36 13.29 13.10 13.13 14.02 16.40 16.70 17.25 17.48 17.59 18.88 18.22 16.10 15.32 12.33 14.06 13.66 14.65 15.69 15.74 16.42 15.01 15.08 14.87 16.13 16.92 19.14 20.45 19.88 22.81 21.70 23.02 22.66 23.78 23.22 21.91 22.24 21.75 20.63 18.34 19.57 17.52 15.03 16.78 17.09 17.78 16.93 18.96 20.81 19.51 15.96 12.52 13.32 11.65 14.11 13.86 18.81 19.55 19.04 20.62 21.66 23.98 24.59 
17.41 17.32 13.26 12.56 11.29 9.51 9.39 11.07 12.93 14.16 14.00 13.01 14.95 14.25 14.16 10.81 7.24 7.32 8.79 7.39 10.14 10.90 14.71 13.44 10.83 8.01 5.55 0.00 5.68 6.27 11.43 14.97 18.36 17.47 14.90 11.35 9.12 5.09 6.19 8.41 10.68 13.19 13.70 15.04 14.28 15.28 14.97 13.07 13.17 12.34 12.18 14.50 15.03 15.58 14.98 15.03 16.80 16.46 13.85 12.82 11.15 12.69 12.67 14.06 15.57 15.59 15.65 14.15 14.57 13.64 14.71 15.56 17.69 19.28 19.32 21.57 21.22 22.04 22.55 23.11 22.40 21.23 21.76 21.07 19.46 17.31 18.42 16.64 14.38 16.14 16.17 17.09 15.93 18.12 20.64 19.13 15.75 11.87 12.51 11.87 14.11 14.37 18.58 19.11 18.86 21.53 21.65 23.68 24.70 
18.09 18.16 13.96 13.54 11.61 9.27 9.00 11.25 11.58 12.29 11.64 10.65 12.81 12.08 11.49 9.86 8.53 8.67 9.95 9.50 13.48 14.70 17.57 16.05 14.21 11.60 8.45 5.68 0.00 5.44 6.42 10.98 14.26 13.13 11.51 10.35 7.43 5.11 6.83 10.04 12.27 14.01 14.70 15.95 15.62 16.16 16.63 14.19 14.16 13.54 13.43 14.43 14.75 15.13 15.08 14.45 16.01 15.52 13.71 13.30 12.00 13.51 13.42 14.84 17.23 16.21 15.70 13.86 14.94 13.75 14.12 14.95 17.72 19.07 18.79 22.10 21.24 22.43 22.71 23.78 22.86 21.80 22.79 21.82 19.97 17.45 18.42 17.05 15.25 16.17 15.88 16.88 15.46 17.38 19.22 18.34 15.00 11.33 12.98 12.22 14.87 15.16 18.98 19.92 19.36 20.95 22.33 24.89 25.05 
20.38 20.47 16.41 15.59 13.78 11.93 10.79 12.25 11.20 12.76 11.62 10.79 10.62 9.68 9.80 8.29 7.45 9.15 11.40 11.47 14.96 17.62 21.46 20.17 17.89 14.18 10.93 6.27 5.44 0.22 5.68 7.26 12.13 10.69 10.23 6.98 6.87 6.68 7.73 11.05 14.59 16.49 16.98 18.58 17.40 18.49 18.63 16.63 14.97 14.48 14.08 15.18 14.73 14.99 13.95 13.66 14.18 14.38 12.68 11.82 10.57 13.37 13.61 14.64 16.54 16.76 16.33 13.63 14.05 13.72 13.29 13.67 15.84 18.59 17.71 21.03 20.87 22.29 22.69 23.84 22.87 22.15 22.76 22.16 20.46 18.25 18.79 17.81 15.32 16.65 15.37 16.61 14.80 17.53 19.43 18.61 15.57 12.72 13.00 13.25 15.79 16.02 20.15 21.01 20.22 22.90 22.82 24.97 25.76 
22.18 22.55 19.06 17.34 15.35 13.40 12.74 12.39 9.49 11.67 11.54 8.79 8.14 7.60 9.30 8.93 8.68 11.01 15.16 15.75 19.18 21.58 26.00 25.14 22.33 18.62 15.20 11.43 6.42 5.68 2.28 5.51 6.92 8.13 8.20 6.82 6.31 8.71 11.51 15.49 17.48 20.93 20.82 22.18 20.81 21.25 21.81 18.91 18.16 16.60 16.34 16.46 16.04 15.43 14.43 13.68 14.47 14.44 13.08 12.76 12.05 14.52 15.25 17.51 19.12 18.12 19.04 16.58 15.31 13.75 14.28 14.15 15.68 17.65 17.87 21.57 21.27 22.69 22.65 24.13 24.12 22.75 23.37 22.43 21.24 18.80 19.48 17.43 15.98 16.98 15.54 16.28 13.92 16.89 18.77 18.35 16.53 13.82 15.00 14.25 17.66 17.39 21.11 21.00 21.16 22.24 23.47 25.40 26.03 
23.34 23.45 19.42 18.68 17.12 15.82 13.73 14.12 11.32 12.73 10.68 8.69 9.01 8.17 9.43 10.60 11.40 13.80 17.17 18.69 23.10 24.85 28.66 28.72 24.43 21.93 18.33 14.97 10.98 7.26 5.51 0.00 4.63 5.60 6.51 7.25 7.92 9.78 13.17 17.91 18.39 22.33 22.51 24.15 22.08 23.24 22.73 20.22 18.94 18.08 16.41 17.48 16.42 16.77 14.13 13.39 14.33 15.41 12.65 13.94 14.20 16.27 17.05 18.80 20.18 19.48 20.31 17.89 16.91 14.85 14.58 13.97 14.87 17.73 18.18 21.71 21.61 22.74 23.67 24.44 24.33 23.19 23.85 23.17 21.32 19.25 19.86 17.96 15.78 17.17 14.41 16.12 13.76 16.42 18.13 18.05 15.79 13.74 14.51 14.83 17.05 17.47 21.01 21.57 20.83 23.46 23.01 24.87 25.25 
25.58 25.73 21.67 20.46 21.03 18.81 17.27 17.56 14.88 14.76 13.43 11.67 12.70 12.40 13.77 15.00 15.69 16.74 19.72 20.94 25.93 27.48 31.33 30.65 27.10 25.08 21.29 18.36 14.26 12.13 6.92 4.63 0.00 4.60 6.10 9.91 11.11 13.39 15.56 21.02 22.65 25.66 26.00 27.39 25.89 26.80 27.00 23.73 22.19 20.84 20.18 20.21 19.20 19.04 17.43 16.81 18.17 18.21 17.90 19.02 19.19 21.16 22.04 23.43 24.85 23.71 25.05 22.07 21.71 19.12 17.83 16.47 17.88 19.43 20.96 24.53 24.42 25.97 27.12 27.78 27.22 26.21 27.79 26.30 23.91 21.87 23.37 20.11 18.16 18.82 16.02 17.92 15.55 17.96 20.31 19.95 18.31 16.02 18.62 17.56 20.74 20.74 24.91 25.01 23.65 24.28 25.93 27.86 27.09 
25.20 25.24 21.09 20.26 20.00 17.54 15.64 15.92 13.67 14.37 12.59 11.58 12.69 11.88 13.47 14.41 14.33 15.39 18.63 20.06 24.17 26.15 30.53 30.52 25.75 24.47 20.40 17.47 13.13 10.69 8.13 5.60 4.60 0.00 4.96 7.17 9.03 12.61 14.49 19.12 21.64 25.90 26.11 27.53 25.74 26.77 26.70 23.73 21.99 20.94 19.96 20.89 19.13 19.43 17.36 17.12 17.27 18.50 17.60 19.48 18.60 20.80 21.65 23.46 24.51 23.56 24.30 22.67 21.00 18.39 16.93 16.37 16.82 18.20 18.54 23.60 23.28 25.08 25.81 27.15 26.63 25.97 26.86 25.95 23.02 21.13 22.40 19.46 15.66 16.18 13.07 15.21 12.49 16.19 18.34 18.24 16.19 14.63 15.61 15.86 18.92 19.48 23.27 23.87 23.18 25.06 25.26 26.24 26.68 
23.88 23.89 20.16 18.56 17.65 15.35 13.19 13.90 11.39 13.25 12.29 11.36 11.87 12.09 12.58 13.27 13.60 14.10 16.89 17.62 21.35 22.52 27.59 26.92 23.84 22.27 18.08 14.90 11.51 10.23 8.20 6.51 6.10 4.96 0.00 5.66 4.75 9.74 13.28 17.65 20.35 23.61 24.84 26.11 24.40 25.74 25.06 22.45 21.33 19.34 18.57 18.38 17.64 17.00 15.96 14.93 15.95 17.02 15.92 17.01 17.22 19.08 19.99 21.99 24.06 23.13 23.37 20.60 19.18 16.99 16.17 14.44 15.24 15.68 16.39 21.00 20.98 23.00 23.65 25.34 25.16 24.08 25.20 23.27 21.13 18.87 19.56 16.44 13.04 13.73 10.51 12.51 11.04 13.63 17.06 16.72 14.91 12.25 14.57 13.54 17.94 17.27 21.73 21.53 21.68 22.64 24.36 26.38 26.77 
21.77 21.47 17.32 15.55 13.94 11.76 10.68 10.62 9.06 12.27 11.69 9.71 11.43 12.91 13.21 12.15 11.29 11.14 13.79 14.49 16.98 18.96 23.18 22.96 19.06 16.67 14.14 11.35 10.35 6.98 6.82 7.25 9.91 7.17 5.66 0.00 5.97 6.61 9.87 13.79 16.18 18.96 20.38 21.83 20.23 21.21 20.87 18.46 16.70 16.28 14.40 15.82 14.66 15.57 13.95 13.94 15.36 16.29 14.21 14.78 14.83 16.83 17.14 19.36 21.71 21.80 21.14 18.65 17.62 15.70 14.70 12.77 13.99 15.26 15.27 19.11 18.64 20.21 20.95 22.29 21.84 21.03 21.54 20.79 18.18 15.16 15.36 11.84 9.61 10.42 8.19 10.26 9.24 12.71 15.57 15.46 12.41 9.87 11.77 12.19 14.13 15.59 19.59 19.84 19.00 22.35 22.91 23.92 24.74 
20.40 19.94 15.82 14.43 13.47 11.42 10.62 12.27 11.65 14.12 14.20 13.21 13.73 15.02 15.58 14.05 12.01 11.28 12.84 12.55 15.50 15.42 19.13 19.47 16.12 13.76 9.27 9.12 7.43 6.87 6.31 7.92 11.11 9.03 4.75 5.97 0.00 5.23 6.72 10.87 13.94 15.87 17.21 18.51 17.85 19.18 18.57 16.78 14.26 14.18 12.73 14.24 14.20 14.32 14.11 13.88 15.32 15.36 13.44 13.16 13.23 14.12 15.53 17.31 19.82 19.72 19.31 16.91 16.14 14.97 13.80 12.21 13.25 14.48 14.91 18.20 16.63 18.35 19.28 20.59 19.29 18.27 19.38 17.88 16.19 14.19 12.79 10.35 8.63 10.74 8.45 11.18 11.58 14.53 17.98 17.04 13.84 11.34 13.39 11.61 15.41 16.02 20.82 20.22 19.79 21.07 23.48 25.04 24.66 
18.68 18.23 14.18 12.84 11.71 9.22 9.12 11.53 12.75 14.87 14.97 14.22 14.83 15.53 15.97 13.74 11.41 9.57 11.50 10.42 12.01 11.96 15.45 15.06 12.77 9.10 6.51 5.09 5.11 6.68 8.71 9.78 13.39 12.61 9.74 6.61 5.23 0.00 5.33 7.14 10.61 13.06 14.25 16.47 15.26 16.72 15.45 13.73 11.95 11.66 10.74 12.89 12.66 13.88 13.81 14.56 15.56 16.08 13.61 12.14 11.60 12.98 13.64 16.24 17.46 17.76 19.08 16.20 15.64 14.13 14.20 12.82 13.76 15.06 14.26 16.69 15.26 17.16 16.86 18.38 17.79 17.13 17.72 16.28 14.71 10.68 12.09 8.76 8.22 8.88 7.81 11.36 12.33 15.36 17.32 16.86 13.43 11.55 11.36 9.76 13.46 15.75 18.99 19.08 18.41 21.83 22.84 23.93 24.81 
18.54 18.09 13.90 12.84 12.24 10.76 10.61 13.39 14.47 17.21 16.84 15.19 15.97 17.05 17.21 15.11 12.56 11.23 12.10 10.82 11.98 11.98 15.05 14.16 10.58 9.17 7.06 6.19 6.83 7.73 11.51 13.17 15.56 14.49 13.28 9.87 6.72 5.33 1.49 5.70 6.84 9.92 11.39 13.44 12.78 13.42 12.22 10.96 10.80 9.43 10.61 12.05 12.95 14.10 15.08 15.08 16.30 16.16 14.31 11.86 10.29 12.17 11.89 12.27 14.83 15.07 16.35 12.94 13.93 12.88 13.46 13.14 14.90 15.04 14.16 16.45 13.73 15.93 15.31 16.94 16.52 15.31 15.31 14.60 11.29 9.01 9.72 9.16 7.13 10.84 9.92 13.31 14.08 17.16 19.74 18.91 15.59 12.28 13.91 12.20 14.83 15.68 19.51 19.75 19.05 20.89 22.91 24.96 25.67 
18.64 18.55 14.57 13.74 14.04 13.27 14.00 17.15 18.72 21.35 20.79 19.17 20.14 21.97 21.45 18.30 15.23 13.50 13.55 12.05 12.52 12.52 15.73 12.49 8.67 7.64 10.08 8.41 10.04 11.05 15.49 17.91 21.02 19.12 17.65 13.79 10.87 7.14 5.70 0.99 5.73 6.57 9.53 12.27 11.48 12.39 11.44 11.09 9.24 10.49 10.08 13.95 14.86 17.90 18.00 18.97 18.90 18.85 16.48 13.42 12.73 14.41 12.03 13.96 15.08 15.33 16.46 12.81 14.55 12.26 13.74 13.89 16.24 17.09 15.88 17.93 14.43 16.34 16.33 17.83 16.91 15.54 15.60 14.69 12.31 8.79 10.16 9.77 9.20 13.42 14.17 18.05 17.64 21.80 23.83 22.89 19.28 16.10 16.49 16.27 17.51 18.43 21.62 22.25 20.41 23.54 24.38 25.80 25.81 
18.45 18.59 14.34 14.23 14.88 14.40 15.86 19.64 20.59 22.50 22.20 21.05 22.00 23.05 23.04 19.66 16.28 13.70 13.76 12.34 13.14 11.13 13.48 12.13 9.28 7.59 8.90 10.68 12.27 14.59 17.48 18.39 22.65 21.64 20.35 16.18 13.94 10.61 6.84 5.73 2.16 5.90 6.68 9.79 8.91 8.70 9.30 8.38 6.49 7.82 8.57 11.56 14.09 16.72 17.24 17.03 18.28 17.79 16.39 13.47 12.23 11.88 10.89 11.59 13.13 12.37 12.24 10.68 12.35 10.70 11.43 11.50 14.70 15.15 14.86 15.92 12.50 14.47 14.77 14.81 14.04 12.71 13.65 13.57 11.68 10.00 11.94 12.11 11.73 15.92 16.44 20.43 19.69 22.88 25.82 24.76 21.80 18.53 18.93 17.09 18.95 19.31 21.85 22.01 20.76 22.69 24.28 26.39 26.12 
17.69 17.30 13.55 13.33 14.38 13.91 15.22 19.22 20.73 22.80 22.77 21.16 22.51 24.03 23.88 20.41 16.38 14.77 14.47 12.21 12.26 11.20 13.46 12.82 10.32 10.00 11.25 13.19 14.01 16.49 20.93 22.33 25.66 25.90 23.61 18.96 15.87 13.06 9.92 6.57 5.90 1.73 5.06 7.77 7.15 7.96 7.85 8.15 8.01 10.07 10.89 15.39 16.60 19.64 19.89 20.01 20.53 20.92 18.01 14.86 12.52 13.49 9.62 11.78 11.40 9.32 12.50 9.27 10.46 10.53 11.78 12.01 15.09 16.17 14.38 16.28 12.74 14.54 13.20 13.73 13.26 12.18 12.06 12.04 11.91 10.54 14.20 14.17 14.35 18.30 18.39 21.63 21.34 24.82 27.41 26.69 22.87 19.96 19.75 18.36 19.52 19.03 22.03 22.49 21.21 23.23 24.11 25.18 25.44 
16.79 16.83 13.51 13.69 14.51 13.87 14.81 18.16 20.51 22.69 22.36 20.52 21.99 23.50 23.61 19.81 15.91 14.20 14.51 11.91 11.70 10.55 13.73 13.23 10.68 12.10 12.75 13.70 14.70 16.98 20.82 22.51 26.00 26.11 24.84 20.38 17.21 14.25 11.39 9.53 6.68 5.06 0.96 5.30 5.00 7.54 7.84 7.49 8.20 10.33 14.29 16.97 18.20 20.24 21.23 20.62 21.74 20.21 18.40 13.95 12.60 8.78 6.77 9.43 8.60 5.99 6.73 5.93 8.99 6.31 9.57 11.37 15.35 14.84 14.54 15.72 12.15 13.18 12.53 12.49 12.23 10.67 11.28 11.28 10.71 10.39 14.73 15.63 15.04 19.24 19.10 21.88 22.17 24.91 27.52 26.95 23.47 20.16 20.49 19.26 20.72 19.66 21.70 22.60 22.00 22.60 23.33 25.75 25.65 
18.41 18.44 15.55 14.86 15.71 15.95 16.80 20.12 22.02 24.10 23.85 22.05 23.23 24.98 24.94 21.82 17.93 16.61 16.13 15.04 14.64 13.89 16.36 15.66 12.90 13.33 14.86 15.04 15.95 18.58 22.18 24.15 27.39 27.53 26.11 21.83 18.51 16.47 13.44 12.27 9.79 7.77 5.30 0.00 5.67 7.34 8.77 9.51 10.98 12.76 14.07 17.63 19.39 20.84 21.66 21.65 23.02 22.69 19.19 16.08 13.22 13.59 9.67 10.62 10.40 7.28 8.58 7.19 8.26 5.42 10.35 12.71 15.20 15.69 15.21 16.59 11.65 14.38 13.70 12.78 10.47 9.62 11.59 11.43 10.09 10.89 15.92 17.54 16.46 20.88 21.27 24.05 24.37 27.75 29.68 28.34 25.03 21.98 22.02 20.55 21.75 21.50 23.53 23.53 22.80 24.02 23.90 24.93 25.69 
19.92 19.94 16.30 15.74 16.37 15.95 17.20 19.94 21.73 23.31 23.25 21.23 22.46 24.21 24.60 21.89 18.03 16.75 16.30 15.32 15.91 15.40 17.71 16.93 13.94 13.09 14.07 14.28 15.62 17.40 20.81 22.08 25.89 25.74 24.40 20.23 17.85 15.26 12.78 11.48 8.91 7.15 5.00 5.67 0.00 5.36 6.93 9.66 10.68 12.20 14.12 17.31 19.81 20.84 21.27 21.61 23.13 21.15 18.65 15.63 13.62 9.80 6.75 9.39 6.73 5.00 6.82 7.12 10.48 8.94 11.95 14.01 17.89 17.60 17.11 18.07 14.01 15.69 14.49 13.81 12.12 11.93 13.05 12.79 13.27 13.52 17.74 18.96 18.58 22.12 22.93 24.75 25.02 27.80 30.25 28.97 25.02 22.44 23.05 21.54 22.36 22.45 25.27 25.12 25.51 24.83 25.28 27.21 26.73 
21.20 21.03 17.20 16.74 17.55 17.42 17.88 21.08 22.99 24.84 24.51 22.29 23.83 25.60 26.13 22.45 18.69 17.60 17.42 16.12 16.89 16.47 18.96 18.00 14.94 14.16 15.01 15.28 16.16 18.49 21.25 23.24 26.80 26.77 25.74 21.21 19.18 16.72 13.42 12.39 8.70 7.96 7.54 7.34 5.36 0.00 7.07 8.49 8.67 11.83 14.66 17.79 18.85 20.77 21.49 21.71 22.79 22.28 19.18 15.99 12.16 10.61 7.24 7.05 3.87 4.37 8.22 7.66 10.32 12.25 14.36 15.68 18.48 19.88 18.87 20.57 16.80 17.65 15.87 15.55 14.34 13.02 13.25 14.44 15.26 15.69 19.08 19.97 19.91 23.25 23.97 26.40 26.53 28.94 31.10 30.04 26.69 23.58 24.50 23.38 24.38 23.47 26.34 27.03 26.47 26.55 26.80 27.25 27.72 
22.35 22.52 19.01 18.37 18.64 18.40 18.69 21.54 23.50 25.44 25.05 23.10 24.44 26.20 26.25 22.85 18.43 16.82 17.03 15.87 16.97 16.71 19.74 18.82 16.42 15.03 15.36 14.97 16.63 18.63 21.81 22.73 27.00 26.70 25.06 20.87 18.57 15.45 12.22 11.44 9.30 7.85 7.84 8.77 6.93 7.07 0.00 6.41 7.13 10.35 13.35 16.56 18.10 19.85 20.41 20.24 22.54 22.28 20.74 16.71 13.30 11.63 8.58 8.39 5.91 9.64 11.47 11.60 14.13 14.52 16.93 18.48 20.68 21.70 21.30 22.46 18.21 19.57 18.14 17.93 16.56 14.96 15.84 16.18 16.05 16.42 20.43 21.14 21.13 23.87 24.09 26.52 27.58 29.14 30.97 30.29 27.54 24.67 25.31 24.58 25.17 24.57 27.40 27.22 27.66 26.79 27.52 29.08 28.01 
21.98 21.99 18.55 17.22 17.88 17.07 17.42 19.75 21.00 22.83 22.52 20.64 22.13 23.83 23.82 20.30 15.89 14.82 14.61 13.79 14.60 14.75 18.16 17.75 14.62 12.97 13.29 13.07 14.19 16.63 18.91 20.22 23.73 23.73 22.45 18.46 16.78 13.73 10.96 11.09 8.38 8.15 7.49 9.51 9.66 8.49 6.41 0.00 5.17 5.96 9.38 12.41 14.09 15.58 16.44 16.64 18.58 19.08 17.21 12.46 9.30 8.37 6.49 3.15 3.28 7.19 11.08 9.29 11.60 11.86 13.97 17.05 19.23 20.50 20.67 21.38 17.48 18.64 18.39 17.69 15.44 14.55 15.68 16.16 15.10 15.32 19.27 19.83 19.40 22.58 23.01 25.01 25.21 27.93 29.67 28.69 25.89 23.03 24.37 22.38 23.55 22.80 25.71 25.21 26.11 26.31 26.20 27.04 27.80 
23.20 23.23 19.68 18.57 19.61 18.26 18.57 20.38 21.81 22.61 22.17 20.59 21.64 22.77 22.88 19.67 15.56 14.51 14.83 13.74 14.31 14.56 18.92 18.15 14.98 12.15 13.10 13.17 14.16 14.97 18.16 18.94 22.19 21.99 21.33 16.70 14.26 11.95 10.80 9.24 6.49 8.01 8.20 10.98 10.68 8.67 7.13 5.17 0.74 4.32 6.27 10.02 12.97 13.94 14.51 15.48 18.41 17.97 16.47 14.73 10.88 10.04 7.27 7.28 7.26 10.37 12.23 11.62 14.34 14.53 16.52 18.32 20.91 22.18 21.62 22.88 19.41 20.89 20.01 19.64 17.96 17.05 18.20 18.23 17.89 17.27 20.59 20.78 20.57 23.46 24.25 25.66 25.03 27.75 30.75 29.54 25.72 24.00 25.32 23.47 24.07 24.43 27.32 27.03 28.31 27.80 28.13 29.93 29.04 
23.19 23.22 19.31 18.43 19.34 18.14 17.51 19.47 20.56 21.65 20.36 18.99 20.30 21.90 21.48 18.53 13.99 14.23 15.43 14.39 15.31 15.92 20.03 18.67 15.52 13.60 13.13 12.34 13.54 14.48 16.60 18.08 20.84 20.94 19.34 16.28 14.18 11.66 9.43 10.49 7.82 10.07 10.33 12.76 12.20 11.83 10.35 5.96 4.32 1.13 5.62 6.80 9.16 12.02 13.34 13.79 15.79 15.92 14.78 12.54 9.06 9.01 7.33 8.86 9.54 10.60 11.70 11.39 12.49 13.55 15.51 17.40 20.10 21.70 20.78 22.07 18.70 20.18 19.69 19.88 17.68 17.29 17.80 18.18 17.33 16.44 19.59 19.93 19.17 21.83 22.55 24.69 24.35 26.59 29.04 28.45 25.44 22.50 24.14 22.46 23.84 22.83 26.14 25.79 27.41 27.41 27.59 28.68 29.08 
24.48 24.47 20.92 19.92 20.68 19.11 18.46 19.92 20.82 21.59 20.56 19.12 20.01 21.18 21.10 17.76 13.23 14.13 16.05 15.64 17.05 17.56 21.90 20.46 17.78 15.52 14.02 12.18 13.43 14.08 16.34 16.41 20.18 19.96 18.57 14.40 12.73 10.74 10.61 10.08 8.57 10.89 14.29 14.07 14.12 14.66 13.35 9.38 6.27 5.62 1.79 5.72 6.78 9.92 11.46 12.70 15.06 15.63 14.39 12.78 10.35 10.07 10.59 11.61 12.34 14.68 13.97 13.27 15.03 15.00 17.36 19.19 21.82 22.43 21.97 22.82 19.43 21.56 21.29 21.38 19.77 18.95 19.97 20.00 19.08 17.98 20.95 21.10 20.64 22.97 22.50 24.72 25.13 27.01 28.84 28.57 25.93 23.77 25.22 24.37 24.60 24.29 27.18 26.74 27.82 27.29 28.72 30.17 29.15 
25.20 25.32 21.75 20.74 21.77 20.37 19.59 21.12 21.63 22.44 21.57 19.56 20.92 21.93 21.04 17.53 13.84 14.84 16.66 16.36 18.44 19.19 23.58 22.47 19.54 17.37 16.40 14.50 14.43 15.18 16.46 17.48 20.21 20.89 18.38 15.82 14.24 12.89 12.05 13.95 11.56 15.39 16.97 17.63 17.31 17.79 16.56 12.41 10.02 6.80 5.72 2.04 5.42 6.28 9.48 11.59 14.01 14.63 14.59 13.12 11.74 12.04 13.77 14.16 16.40 17.55 16.60 16.10 16.62 16.98 18.37 20.01 22.63 23.30 22.65 23.86 21.01 22.44 22.40 22.35 20.82 20.37 22.20 22.35 20.87 20.20 22.80 22.78 21.63 24.60 24.33 26.09 25.78 28.56 30.42 29.92 26.69 23.98 26.16 24.74 25.65 24.94 27.79 26.88 27.92 28.10 28.69 29.83 30.03 
25.59 25.62 21.69 20.99 22.29 20.74 19.88 21.46 21.98 22.45 21.27 19.31 20.53 20.81 20.44 16.63 13.93 15.08 17.06 16.59 19.17 20.11 24.62 23.30 20.72 17.85 16.70 15.03 14.75 14.73 16.04 16.42 19.20 19.13 17.64 14.66 14.20 12.66 12.95 14.86 14.09 16.60 18.20 19.39 19.81 18.85 18.10 14.09 12.97 9.16 6.78 5.42 3.89 4.88 6.21 8.35 12.18 12.07 12.34 12.48 11.77 12.41 14.89 16.30 19.59 19.95 18.59 17.04 18.29 17.40 19.34 19.91 22.12 22.57 21.80 23.19 20.70 22.21 21.93 22.19 20.63 20.62 22.61 22.64 21.70 21.00 23.36 22.85 21.46 24.49 24.54 26.04 25.23 27.99 30.95 30.31 26.42 24.85 26.27 25.51 25.90 26.19 28.80 28.14 29.62 28.43 29.34 30.83 31.39 
25.04 24.95 21.30 20.85 21.97 20.34 19.46 21.52 21.79 21.91 20.37 18.82 19.81 20.17 19.79 16.68 13.71 15.38 17.75 17.28 20.25 21.21 25.47 23.97 21.59 19.37 17.25 15.58 15.13 14.99 15.43 16.77 19.04 19.43 17.00 15.57 14.32 13.88 14.10 17.90 16.72 19.64 20.24 20.84 20.84 20.77 19.85 15.58 13.94 12.02 9.92 6.28 4.88 1.92 4.69 5.02 8.84 10.85 10.57 10.40 9.92 11.83 15.35 18.16 20.73 20.69 19.19 18.68 17.77 17.87 18.34 19.38 20.59 22.53 21.50 23.17 19.56 21.49 22.08 22.24 20.81 20.65 22.38 22.90 22.23 21.14 23.14 22.66 21.45 23.82 23.48 25.34 25.17 27.67 30.09 29.46 26.12 23.72 25.60 24.11 25.54 24.77 27.79 27.23 28.75 27.90 28.11 29.74 30.84 
24.55 24.36 21.22 20.84 21.11 19.45 18.54 20.55 20.82 20.46 18.81 17.15 17.71 18.49 18.73 15.17 12.42 14.03 16.98 16.60 20.38 21.46 25.52 24.21 22.11 19.79 17.48 14.98 15.08 13.95 14.43 14.13 17.43 17.36 15.96 13.95 14.11 13.81 15.08 18.00 17.24 19.89 21.23 21.66 21.27 21.49 20.41 16.44 14.51 13.34 11.46 9.48 6.21 4.69 0.92 4.20 6.44 8.90 9.88 10.22 9.47 12.63 17.24 19.49 21.23 20.77 19.79 19.48 18.23 18.46 17.69 18.76 19.94 21.26 21.10 22.03 18.59 20.66 21.79 22.46 21.44 20.94 22.19 22.61 22.11 20.67 22.55 22.18 21.01 22.78 22.09 23.99 23.97 25.88 28.11 27.84 24.47 22.96 24.44 23.70 24.22 24.20 27.21 26.61 28.13 26.91 28.50 30.21 30.69 
23.29 23.36 20.34 19.98 19.93 18.37 17.64 19.19 20.11 20.37 18.71 16.33 17.11 17.27 17.06 12.96 11.08 13.59 16.37 16.14 20.07 20.97 25.34 24.00 21.67 19.81 17.59 15.03 14.45 13.66 13.68 13.39 16.81 17.12 14.93 13.94 13.88 14.56 15.08 18.97 17.03 20.01 20.62 21.65 21.61 21.71 20.24 16.64 15.48 13.79 12.70 11.59 8.35 5.02 4.20 0.00 4.65 5.65 8.05 9.35 10.66 12.17 16.60 18.48 20.43 20.52 19.07 19.05 16.43 16.34 15.30 16.63 18.04 19.26 18.31 19.92 17.18 18.15 19.18 20.08 19.52 19.72 21.47 21.84 21.14 20.11 22.42 21.79 20.35 22.41 22.33 23.25 23.02 25.08 27.48 27.02 23.82 21.04 23.65 21.94 23.47 22.56 25.88 25.11 26.78 26.81 26.99 28.74 29.95 
23.56 23.68 20.18 20.05 20.75 19.59 18.82 20.48 21.58 22.16 20.54 17.42 18.19 19.12 18.32 14.26 13.26 16.16 18.95 18.37 22.41 23.26 26.80 25.82 23.72 21.17 18.88 16.80 16.01 14.18 14.47 14.33 18.17 17.27 15.95 15.36 15.32 15.56 16.30 18.90 18.28 20.53 21.74 23.02 23.13 22.79 22.54 18.58 18.41 15.79 15.06 14.01 12.18 8.84 6.44 4.65 1.54 5.18 5.16 9.28 10.65 12.51 16.58 18.13 20.67 19.91 19.06 19.12 17.19 17.07 15.55 16.72 19.12 18.99 18.48 20.07 18.21 19.18 19.94 20.82 20.21 21.13 23.41 23.44 22.74 22.25 24.51 23.02 21.07 23.65 23.62 24.51 23.71 26.04 28.41 28.13 24.32 22.97 24.71 23.86 24.69 24.82 27.96 27.73 29.17 28.33 29.09 31.31 31.67 
22.57 22.91 19.28 19.70 20.52 19.06 18.41 20.44 21.89 22.58 21.27 18.51 18.81 19.11 18.90 16.24 13.91 16.24 18.79 18.22 21.67 22.43 25.86 25.08 22.86 21.16 18.22 16.46 15.52 14.38 14.44 15.41 18.21 18.50 17.02 16.29 15.36 16.08 16.16 18.85 17.79 20.92 20.21 22.69 21.15 22.28 22.28 19.08 17.97 15.92 15.63 14.63 12.07 10.85 8.90 5.65 5.18 0.15 4.84 6.87 9.35 11.73 15.11 17.74 19.96 19.77 17.97 17.70 15.45 14.88 14.18 15.36 16.98 18.48 17.36 19.94 16.82 19.35 19.57 20.82 20.03 20.98 23.26 23.64 22.90 22.43 24.38 23.31 21.31 23.47 22.81 23.92 23.19 25.85 27.91 27.52 24.00 22.11 24.19 22.60 24.27 23.99 27.15 26.61 28.14 28.25 28.36 29.98 31.10 
21.04 20.84 17.76 17.97 18.49 16.83 16.26 18.61 19.83 20.58 19.32 17.02 17.13 17.67 17.60 14.90 12.66 13.42 16.57 16.01 19.39 20.27 24.09 22.66 20.87 18.85 16.10 13.85 13.71 12.68 13.08 12.65 17.90 17.60 15.92 14.21 13.44 13.61 14.31 16.48 16.39 18.01 18.40 19.19 18.65 19.18 20.74 17.21 16.47 14.78 14.39 14.59 12.34 10.57 9.88 8.05 5.16 4.84 0.00 6.15 6.95 10.11 13.07 15.29 17.49 15.58 14.13 14.21 11.28 11.91 11.61 12.56 15.12 15.96 14.96 16.93 14.48 15.82 17.57 18.92 18.82 18.98 21.15 21.86 21.23 20.36 22.45 21.75 19.70 21.41 20.76 21.89 21.29 23.76 25.91 25.29 21.70 20.39 21.94 20.83 21.79 22.29 25.66 24.68 26.40 26.05 27.55 29.38 29.90 
18.76 19.02 15.51 16.17 15.88 15.04 14.65 16.81 18.48 19.70 19.06 17.10 17.49 17.90 17.35 14.58 11.57 12.79 15.01 14.06 17.60 18.79 22.38 20.86 18.90 17.31 15.32 12.82 13.30 11.82 12.76 13.94 19.02 19.48 17.01 14.78 13.16 12.14 11.86 13.42 13.47 14.86 13.95 16.08 15.63 15.99 16.71 12.46 14.73 12.54 12.78 13.12 12.48 10.40 10.22 9.35 9.28 6.87 6.15 0.00 6.09 6.53 9.96 11.52 13.41 11.52 11.12 10.05 7.74 8.04 8.80 10.49 13.62 14.33 12.75 15.07 11.68 11.78 13.88 16.00 15.80 16.31 18.61 19.72 18.63 17.57 20.45 19.90 17.99 20.09 19.89 21.12 20.02 22.74 25.03 24.44 21.01 18.41 20.19 18.87 20.86 20.33 23.21 22.62 23.97 24.92 25.42 26.67 28.11 
17.78 17.65 14.14 14.60 14.70 13.93 13.90 15.90 17.55 19.23 18.54 16.06 17.24 18.09 17.84 13.23 10.46 11.96 14.32 12.93 15.78 16.67 20.89 19.33 17.02 14.47 12.33 11.15 12.00 10.57 12.05 14.20 19.19 18.60 17.22 14.83 13.23 11.60 10.29 12.73 12.23 12.52 12.60 13.22 13.62 12.16 13.30 9.30 10.88 9.06 10.35 11.74 11.77 9.92 9.47 10.66 10.65 9.35 6.95 6.09 2.36 5.22 7.10 9.96 11.23 11.24 9.51 9.16 7.68 9.06 9.28 11.35 15.65 15.17 12.58 13.87 11.49 12.31 13.49 14.58 15.57 15.86 18.10 18.37 17.30 17.09 19.63 18.70 17.11 18.93 19.16 19.93 19.23 21.16 23.67 23.01 19.62 17.83 18.88 18.08 19.77 19.68 22.97 22.90 23.59 23.86 25.04 27.05 27.52 
16.81 17.00 13.30 14.18 14.30 13.75 14.07 16.71 18.59 20.31 19.89 17.78 18.70 19.63 19.11 15.73 12.43 12.76 14.79 13.59 15.58 16.99 20.79 20.09 17.76 15.58 14.06 12.69 13.51 13.37 14.52 16.27 21.16 20.80 19.08 16.83 14.12 12.98 12.17 14.41 11.88 13.49 8.78 13.59 9.80 10.61 11.63 8.37 10.04 9.01 10.07 12.04 12.41 11.83 12.63 12.17 12.51 11.73 10.11 6.53 5.22 3.64 6.95 8.13 10.27 8.07 8.58 6.50 6.72 9.03 11.28 12.37 16.05 16.45 13.77 14.64 11.63 12.75 13.39 14.87 14.57 15.64 17.38 18.37 17.35 17.00 19.88 18.70 17.30 19.02 18.81 19.68 19.09 21.22 23.61 22.35 19.11 16.80 17.62 16.84 18.53 18.76 22.08 22.30 22.32 24.04 24.41 25.89 26.65 
