0.74 5.42 6.35 9.36 11.28 13.03 14.99 15.96 17.73 19.03 20.91 21.89 23.61 24.98 25.41 25.79 26.95 27.01 26.30 25.77 24.83 23.19 22.12 21.73 21.20 20.49 20.22 21.14 22.54 21.96 22.73 22.91 22.93 23.55 24.96 24.32 24.58 25.66 25.80 25.53 26.00 25.74 26.53 27.50 26.90 25.28 26.94 28.38 27.45 25.96 27.54 29.00 27.86 25.66 25.47 24.55 24.17 23.74 23.68 23.76 24.30 25.59 26.41 27.54 28.91 29.30 29.41 28.39 27.66 28.11 27.13 25.53 25.01 25.59 25.13 25.48 25.56 25.87 26.74 28.15 28.95 29.27 30.70 29.94 29.85 30.26 29.80 27.68 27.45 28.21 27.75 26.06 26.43 28.24 28.07 27.40 28.64 30.16 30.39 29.94 30.13 30.08 30.61 29.96 29.86 30.10 29.01 27.39 28.20 29.04 27.86 26.98 28.37 29.87 29.73 30.34 29.61 30.71 30.79 31.18 29.75 28.60 29.89 30.15 28.99 28.64 29.88 29.56 29.12 28.69 28.15 28.71 28.43 27.09 26.68 27.33 26.45 25.06 26.57 26.36 25.00 24.04 25.78 25.00 23.81 24.18 24.72 24.88 23.23 22.69 22.40 22.85 22.01 22.82 23.89 25.33 25.49 25.66 25.17 25.52 25.83 26.88 28.11 29.06 28.47 28.42 29.23 29.37 29.10 28.58 27.85 28.49 27.17 25.58 25.04 26.33 24.84 23.95 24.51 23.83 21.62 22.21 25.10 24.07 22.24 24.79 27.96 24.15 
5.42 1.50 5.63 7.26 10.23 12.11 13.64 15.19 16.39 17.94 19.76 20.70 23.44 24.62 25.35 24.95 26.93 26.29 25.85 24.88 24.42 22.02 21.28 20.56 20.36 19.43 19.24 20.17 22.10 21.11 21.83 22.26 22.42 23.11 24.38 24.06 24.58 25.56 25.11 25.21 26.26 25.44 25.72 27.34 26.97 24.70 26.24 28.35 27.62 25.14 27.11 28.82 27.86 24.95 25.04 23.94 23.70 23.22 23.28 23.36 23.90 25.23 26.17 27.35 28.82 29.44 29.49 28.52 27.63 28.33 27.22 25.58 25.11 25.79 25.13 25.58 25.88 25.68 26.72 28.25 29.05 29.05 31.01 30.09 30.26 30.44 30.14 27.77 27.71 28.56 27.88 26.06 26.57 28.54 28.10 27.40 28.71 30.30 30.55 30.04 30.17 30.06 30.78 30.22 30.08 30.54 29.23 27.68 28.64 29.73 28.01 27.38 28.84 30.68 29.96 31.24 29.91 31.21 30.81 32.05 30.05 28.76 29.91 30.61 28.98 28.49 29.77 29.77 28.91 28.49 27.68 28.76 28.16 26.62 26.13 27.52 26.44 24.62 26.30 26.45 24.52 23.71 25.44 25.30 23.27 23.69 23.73 24.56 22.50 21.75 21.01 22.17 21.49 22.10 23.27 24.86 25.10 24.98 24.56 25.00 25.24 26.20 27.67 28.66 28.06 27.63 29.05 29.13 29.10 28.59 27.85 28.66 27.41 25.35 24.94 26.42 25.34 23.62 24.28 24.03 21.96 21.51 23.43 22.59 22.51 24.89 26.96 25.10 
6.35 5.63 0.00 4.19 7.09 8.74 10.22 11.26 12.95 13.92 15.39 16.24 18.57 20.39 21.56 22.22 23.14 22.88 22.09 21.97 21.01 18.71 17.67 17.25 17.17 16.45 16.44 17.60 20.15 18.61 19.52 19.92 20.29 20.19 21.39 20.97 22.05 22.28 21.71 21.93 23.47 22.17 22.46 24.14 24.16 21.33 22.90 25.11 24.58 21.88 23.65 25.55 24.60 21.65 21.65 20.65 20.28 19.89 20.15 20.30 20.94 22.45 23.72 24.91 26.49 26.84 27.30 25.71 24.88 25.46 24.69 22.67 22.45 23.03 22.65 23.00 23.34 23.24 24.50 25.86 26.65 26.31 28.68 27.41 27.49 27.36 27.77 25.11 25.24 25.57 25.42 23.31 24.06 25.91 25.67 24.69 26.22 27.69 28.19 27.16 27.33 27.14 28.37 27.37 27.55 27.89 27.10 24.84 26.26 27.28 25.84 24.82 26.69 28.24 27.79 28.66 27.60 28.39 28.41 29.22 27.60 25.81 27.63 27.72 26.28 25.47 27.54 26.85 26.13 25.40 25.28 25.75 25.11 23.50 23.52 24.71 23.69 21.82 23.82 23.68 21.86 20.68 22.86 22.46 20.76 20.44 20.58 21.22 19.64 18.34 17.57 18.55 18.17 18.92 20.05 21.74 21.93 22.10 21.46 21.81 22.09 23.10 24.58 25.26 24.86 24.49 26.01 25.75 25.79 25.33 25.10 25.62 24.28 22.57 22.15 23.37 22.16 21.11 21.38 20.97 19.15 19.72 21.02 20.91 20.79 24.27 26.57 24.50 
9.36 7.26 4.19 1.39 5.54 7.49 8.99 11.16 12.74 14.28 15.04 16.39 18.23 19.62 21.84 22.66 23.86 23.31 22.99 22.59 21.79 19.46 18.32 17.87 17.77 17.20 16.83 18.04 20.30 19.10 19.81 20.39 20.40 20.93 21.62 21.49 21.99 22.69 21.77 21.89 22.87 22.18 22.40 24.00 23.44 21.45 23.13 25.29 24.64 22.33 24.20 25.78 24.80 22.00 22.08 21.00 20.81 20.23 20.26 20.89 21.73 22.91 24.17 25.56 27.10 27.73 27.74 26.80 25.62 26.44 25.10 23.59 23.07 24.04 23.20 23.81 24.06 24.24 25.13 26.73 27.38 27.36 29.37 28.21 27.88 27.97 27.95 25.72 25.34 26.23 25.79 24.29 24.52 26.63 26.12 25.69 26.96 28.63 28.82 27.98 28.13 27.98 28.86 28.18 28.12 28.73 27.60 25.91 26.75 27.92 26.11 25.65 27.21 29.08 28.09 29.35 27.96 29.12 28.67 30.01 28.17 26.78 28.00 28.74 26.93 26.66 28.21 28.04 27.07 26.75 26.10 26.96 25.92 24.68 24.33 25.60 24.43 22.71 24.30 24.28 22.02 21.13 22.94 22.85 20.88 20.81 20.34 21.34 19.56 18.44 17.51 18.96 18.51 19.32 20.38 22.22 22.56 22.52 21.56 22.08 22.54 23.23 24.00 24.96 24.87 24.69 25.72 25.95 26.31 26.11 25.34 26.37 25.37 23.59 22.62 24.36 23.54 22.33 21.98 22.78 21.22 20.75 21.87 20.95 22.89 23.95 26.54 25.27 
11.28 10.23 7.09 5.54 0.00 5.95 7.01 9.30 11.66 13.52 15.13 15.95 18.05 19.51 20.82 22.58 24.60 24.89 23.80 23.33 22.86 20.49 19.46 19.09 19.23 18.68 18.15 19.77 21.89 20.28 21.39 21.58 21.56 22.06 23.53 22.15 22.74 23.48 23.31 22.68 23.81 22.84 24.04 25.28 24.76 22.23 24.70 26.65 25.67 22.92 25.31 26.93 25.63 22.42 22.94 21.57 21.70 20.66 20.89 21.43 22.47 23.99 24.76 26.59 28.74 29.03 29.25 27.87 27.19 27.63 26.44 24.11 23.98 24.54 23.85 24.32 24.76 24.99 25.87 27.83 28.58 28.70 30.53 29.27 29.43 29.39 29.17 26.07 26.43 27.33 27.14 24.81 25.68 27.96 27.48 26.50 28.01 29.95 30.10 29.35 29.95 29.52 30.22 29.18 29.51 29.90 28.67 26.39 28.11 29.24 27.27 26.34 28.37 30.08 29.22 30.18 29.48 30.41 30.31 31.39 29.92 27.82 29.61 30.33 28.99 28.08 29.71 29.55 29.07 28.26 27.59 28.62 28.48 26.55 26.03 27.50 26.64 24.42 26.46 26.37 24.07 22.56 24.82 24.32 22.56 21.96 21.80 22.59 20.88 19.33 18.51 19.51 19.48 19.70 20.70 22.97 23.26 23.28 22.08 22.59 23.01 23.74 24.95 26.18 26.10 25.56 26.90 27.31 28.02 27.15 26.30 27.69 27.09 24.41 23.45 25.04 23.16 21.90 21.76 22.16 20.64 21.80 25.08 24.61 20.50 22.09 27.89 25.28 
13.03 12.11 8.74 7.49 5.95 0.00 5.69 7.53 9.33 11.91 13.88 15.32 17.93 19.59 20.18 21.32 23.97 24.26 23.36 22.86 22.00 19.68 18.36 18.33 18.26 17.68 16.99 18.70 20.60 19.20 20.09 21.05 20.59 21.38 22.57 21.85 22.12 23.00 22.37 22.40 23.65 22.60 23.06 25.14 24.53 21.85 23.67 26.42 25.17 22.45 24.49 26.87 25.32 22.25 22.70 21.26 20.97 20.65 20.78 21.41 22.52 24.17 25.15 26.83 28.57 29.25 29.39 27.92 26.99 27.71 26.12 23.91 23.65 24.39 23.46 24.05 24.58 24.62 25.68 27.77 28.48 28.46 30.43 29.32 29.41 29.55 29.03 26.11 26.47 27.56 26.96 25.00 25.74 28.27 27.49 26.67 28.22 30.22 30.26 29.37 29.89 29.52 30.26 29.29 29.58 30.22 28.70 26.59 28.27 29.74 27.40 26.59 28.71 30.46 29.42 30.68 29.46 30.62 30.22 31.70 29.80 27.76 29.42 30.46 28.59 27.91 29.45 29.31 28.50 27.83 26.88 28.35 27.82 26.16 25.31 27.28 26.17 24.07 25.88 26.28 23.67 22.56 24.25 24.25 22.01 21.86 20.75 21.99 20.09 18.29 16.94 18.46 18.31 18.97 19.51 22.29 22.29 22.76 21.05 21.62 21.86 23.00 24.25 25.41 25.20 24.73 26.54 26.74 27.77 27.23 26.24 27.92 27.04 24.66 23.11 25.21 23.36 21.93 21.56 22.62 20.94 22.15 23.91 22.96 20.16 22.96 26.93 25.66 
14.99 13.64 10.22 8.99 7.01 5.69 0.00 5.88 7.32 8.91 11.04 13.13 16.24 17.23 18.88 19.43 21.01 21.50 21.69 21.42 20.78 17.94 17.49 17.05 16.96 17.16 16.23 18.34 21.13 19.24 20.14 20.57 20.66 20.51 21.70 20.64 21.63 21.87 21.29 21.36 23.33 21.69 21.99 23.98 24.12 20.72 22.51 25.19 24.69 21.60 23.58 25.71 24.48 21.21 21.95 20.28 20.39 19.90 20.15 20.82 21.84 23.48 24.67 26.44 28.45 28.50 28.73 27.07 26.28 26.66 25.54 23.04 23.31 23.67 23.00 23.33 23.93 23.83 25.01 26.82 27.45 27.32 29.65 28.21 28.53 28.29 28.27 25.36 26.09 26.57 26.36 24.36 25.45 27.41 26.78 26.01 27.66 29.45 29.58 28.72 29.16 28.74 29.65 28.54 28.94 29.48 28.23 25.73 27.72 28.90 27.01 26.14 28.34 29.93 28.96 30.19 29.08 29.93 29.76 30.96 29.36 27.01 29.02 29.47 27.81 26.82 28.92 28.36 27.66 26.78 26.34 27.11 26.86 24.96 24.69 26.31 25.54 23.31 25.42 25.38 23.14 21.59 23.78 23.69 21.82 21.20 20.32 21.49 19.52 17.77 16.30 17.58 17.44 17.91 18.45 20.75 21.08 21.38 19.90 20.25 20.45 21.64 22.87 24.07 23.87 23.75 25.74 25.84 26.63 26.18 25.79 26.82 26.12 23.81 22.57 23.98 22.58 21.08 20.54 21.16 20.32 21.29 22.73 23.53 20.92 22.64 26.61 25.54 
15.96 15.19 11.26 11.16 9.30 7.53 5.88 0.00 5.83 7.46 8.94 11.32 14.34 16.18 17.52 18.74 20.33 19.75 20.09 19.99 19.32 16.86 15.93 15.63 16.23 16.34 16.02 17.99 19.97 19.05 19.30 20.19 19.86 20.42 20.76 20.08 20.73 21.50 20.45 20.54 21.80 20.88 20.91 23.08 22.04 19.66 21.19 24.05 22.92 20.88 22.59 24.93 23.24 20.10 20.55 18.93 19.03 18.99 19.08 20.41 21.45 23.08 24.10 26.12 27.57 28.25 28.26 26.80 25.58 26.34 24.82 22.69 22.49 23.43 22.35 22.89 23.27 23.50 24.50 26.36 27.02 27.24 29.27 27.95 27.88 28.09 27.73 25.06 25.28 26.43 25.72 24.21 24.75 27.15 26.23 26.02 27.40 29.41 29.47 28.79 29.07 28.65 29.35 28.57 28.78 29.35 27.78 25.99 27.31 28.68 26.32 26.10 28.20 30.10 28.78 30.43 28.91 30.12 29.35 31.12 29.10 27.21 28.42 29.60 27.35 26.90 28.21 28.31 27.18 26.88 25.72 27.14 26.20 24.84 24.01 25.97 24.73 22.99 24.65 24.93 22.17 21.18 22.90 23.07 20.85 20.80 19.31 20.56 18.35 16.25 15.05 16.14 15.87 16.42 17.42 19.85 20.40 20.15 18.33 19.11 19.62 20.77 21.65 23.18 23.18 22.95 24.50 24.98 26.01 25.83 24.88 26.40 25.39 23.34 21.85 23.40 22.05 20.99 20.21 21.18 19.92 20.64 22.28 22.32 20.91 22.04 25.18 25.49 
17.73 16.39 12.95 12.74 11.66 9.33 7.32 5.83 0.00 5.19 6.56 8.35 11.57 13.24 15.43 15.78 18.18 17.48 16.73 16.13 16.69 14.29 13.87 13.97 14.03 14.76 14.82 17.41 18.52 17.95 18.83 19.55 19.23 19.32 20.50 19.31 20.11 20.57 19.95 19.62 20.72 19.53 20.22 21.45 20.44 17.70 20.36 22.35 21.00 18.70 21.29 22.90 20.98 17.77 18.89 17.39 17.52 17.48 17.87 19.19 20.35 22.54 23.51 25.23 27.14 27.70 27.75 26.28 25.58 25.98 24.63 22.20 22.32 22.79 21.62 22.15 22.64 22.87 23.64 25.81 26.51 26.92 28.76 27.48 27.58 27.71 27.34 24.23 24.72 25.56 25.15 23.29 24.04 26.51 25.67 25.25 26.59 28.71 28.77 28.31 28.71 28.26 28.73 27.89 27.88 28.49 27.16 25.09 26.80 27.99 25.68 25.43 27.66 29.55 28.29 29.79 28.66 29.67 28.81 30.45 28.65 26.48 27.73 28.71 26.74 25.89 27.37 27.33 26.57 26.11 24.93 26.16 25.88 23.99 23.26 25.01 24.26 22.25 24.10 24.02 21.53 20.20 22.23 22.33 20.32 19.88 18.62 19.68 17.74 15.25 13.65 14.66 14.92 14.84 15.49 17.84 19.07 18.02 16.38 16.99 17.88 19.04 19.88 21.77 22.19 21.84 23.32 23.93 25.06 24.81 23.89 25.28 24.61 22.51 21.20 22.82 21.08 19.34 18.88 19.28 18.76 18.92 21.38 21.60 20.46 21.97 26.03 25.27 
19.03 17.94 13.92 14.28 13.52 11.91 8.91 7.46 5.19 0.00 5.39 7.05 9.33 11.33 13.01 14.64 16.59 16.23 16.10 15.96 16.29 14.13 14.27 14.34 15.30 15.93 16.44 18.43 20.20 19.39 20.35 21.05 20.38 20.88 21.67 20.75 21.34 21.83 21.02 20.69 21.98 20.42 20.58 22.01 20.84 17.92 19.65 21.94 20.50 18.24 20.54 22.77 20.90 18.02 18.79 17.66 17.78 18.68 19.42 20.75 21.93 24.03 25.29 27.05 28.53 29.19 29.26 27.60 26.64 27.13 25.49 23.00 23.08 23.39 22.19 22.75 23.33 23.24 24.17 26.36 27.25 27.44 29.23 28.05 28.26 28.43 27.84 25.08 25.44 26.48 25.93 24.38 24.94 27.58 26.67 26.38 27.68 29.89 29.90 29.28 29.84 29.37 29.80 28.82 28.98 29.60 28.10 26.10 27.65 29.12 26.84 26.30 28.40 30.43 29.29 30.73 29.25 30.59 29.92 31.54 29.39 27.54 28.85 29.93 27.35 26.88 28.37 28.39 27.21 26.84 25.76 27.14 26.33 24.81 23.93 25.88 24.99 22.96 24.85 25.04 22.51 21.25 23.24 23.63 21.43 21.38 19.80 21.21 18.93 16.86 14.63 15.51 15.26 15.78 16.20 18.17 18.99 18.31 16.27 16.94 17.65 19.27 20.38 21.93 21.97 21.97 23.96 24.25 25.35 25.37 24.52 25.99 25.01 22.95 21.60 23.25 21.56 19.79 19.30 20.17 19.14 19.34 22.14 21.52 21.09 22.14 26.67 25.32 
20.91 19.76 15.39 15.04 15.13 13.88 11.04 8.94 6.56 5.39 0.00 5.41 7.97 9.50 11.51 12.42 15.21 15.03 15.57 15.08 15.86 13.64 14.04 14.65 15.18 16.81 17.22 19.33 21.60 20.92 21.44 22.07 21.41 21.64 22.12 21.21 21.82 22.24 21.27 21.13 22.35 20.60 20.32 21.55 20.92 17.23 19.01 20.62 19.98 16.80 19.14 21.21 19.28 16.52 17.54 16.51 16.88 17.95 19.31 20.77 21.85 24.63 25.82 27.69 29.10 29.63 29.62 28.06 26.83 27.44 25.81 23.44 23.33 23.59 22.26 22.77 23.03 23.20 23.76 25.81 26.23 26.71 28.52 27.42 27.64 27.86 27.35 24.71 25.42 26.20 25.66 24.14 24.83 27.23 26.39 26.08 27.28 29.58 29.64 29.21 29.47 29.28 29.63 28.82 28.89 29.55 28.00 25.94 27.30 28.57 26.67 26.30 28.09 29.97 28.84 30.24 28.68 30.02 29.53 30.92 28.89 26.92 28.43 29.27 26.85 26.12 27.96 27.65 26.49 26.24 25.53 26.57 25.82 24.39 23.93 25.68 24.74 22.97 24.98 25.15 22.54 21.50 23.70 24.11 21.92 21.87 20.87 22.12 19.87 17.81 15.90 16.15 15.51 15.79 16.45 18.24 19.31 18.28 16.68 17.25 17.64 19.37 20.81 22.66 22.23 22.41 23.94 24.21 24.94 25.07 24.40 25.80 24.87 22.95 21.63 23.38 21.93 20.00 19.51 20.16 19.64 19.54 21.21 21.63 21.38 22.51 26.79 25.95 
21.89 20.70 16.24 16.39 15.95 15.32 13.13 11.32 8.35 7.05 5.41 0.00 6.00 7.88 8.55 10.68 12.41 13.15 13.23 13.11 13.53 12.41 13.30 13.62 15.11 16.87 17.89 19.41 21.38 20.96 21.90 21.98 21.69 22.16 22.65 21.66 22.00 22.54 21.42 20.81 21.91 19.96 19.74 20.85 19.28 16.47 17.73 19.50 18.00 15.95 17.49 19.39 17.21 14.89 15.95 14.77 15.51 17.16 18.40 20.21 21.73 24.08 25.31 27.33 28.62 29.49 29.37 27.74 26.67 27.19 25.62 23.10 22.78 23.20 21.90 22.15 22.12 22.25 22.93 24.74 25.15 25.75 27.56 26.46 26.47 27.08 26.52 23.97 24.51 25.77 25.29 23.63 24.23 26.57 25.71 25.41 26.74 28.86 29.39 28.51 28.90 28.32 29.11 28.08 28.26 28.67 27.33 25.34 26.57 27.89 25.92 25.62 27.46 29.34 28.37 29.70 28.24 29.53 28.96 30.39 28.43 26.47 27.82 28.88 26.45 25.86 27.23 27.14 25.96 25.76 24.89 26.05 25.17 23.93 23.41 25.09 23.94 22.36 24.25 24.53 21.95 21.37 23.36 23.76 21.54 21.84 20.28 21.87 19.49 17.93 15.45 15.95 14.74 14.99 15.18 17.56 18.33 17.57 15.87 16.97 17.46 19.53 20.95 23.19 22.93 22.71 24.00 24.27 25.26 25.13 24.29 25.64 24.69 22.70 21.42 23.31 21.37 19.77 19.29 20.10 19.11 18.83 21.08 21.01 20.75 22.52 25.76 24.94 
23.61 23.44 18.57 18.23 18.05 17.93 16.24 14.34 11.57 9.33 7.97 6.00 0.00 6.41 7.87 9.71 13.17 13.52 14.35 14.62 15.98 15.19 17.10 17.78 19.58 22.03 23.45 25.19 26.53 26.38 27.05 27.27 26.27 26.66 26.90 26.03 25.99 26.61 24.86 24.54 25.15 23.69 23.29 23.90 22.56 19.52 21.35 21.86 20.56 17.99 20.07 21.36 19.74 17.15 18.24 17.32 18.61 20.15 21.86 24.02 25.44 27.90 29.04 31.05 32.83 33.14 32.88 31.73 30.70 31.48 29.39 27.12 26.49 26.96 25.49 25.67 25.33 25.44 25.87 28.04 28.44 28.80 30.84 29.82 29.72 30.33 29.85 27.37 27.81 29.21 28.84 27.08 27.31 29.96 28.92 28.62 29.67 32.11 32.17 31.93 31.87 31.66 31.92 31.22 31.04 31.68 30.06 28.24 29.57 30.95 28.60 28.38 30.20 32.25 31.04 32.68 31.36 32.74 32.07 33.67 31.67 29.81 31.09 32.15 29.89 29.19 30.57 30.62 29.61 29.30 28.43 29.69 28.91 27.53 26.89 28.69 27.40 25.89 27.74 28.13 25.47 24.83 26.89 27.63 25.63 25.86 24.62 26.29 23.86 21.99 19.84 20.24 19.20 18.83 18.87 20.73 21.74 21.19 19.41 20.44 21.51 23.67 25.11 26.88 26.63 26.73 27.86 28.03 28.80 28.89 27.92 29.15 28.04 26.05 24.94 26.58 24.36 22.43 22.14 22.78 21.76 21.35 23.18 22.36 22.70 24.24 27.68 26.01 
24.98 24.62 20.39 19.62 19.51 19.59 17.23 16.18 13.24 11.33 9.50 7.88 6.41 0.00 5.33 7.75 9.38 11.39 13.12 13.91 15.16 14.55 16.37 18.01 20.55 22.99 24.51 26.15 27.74 27.50 28.45 28.74 27.82 28.11 28.19 27.59 27.66 28.09 26.45 26.14 26.80 25.30 24.33 25.67 23.31 20.31 20.80 22.26 19.99 17.20 18.27 20.64 19.04 16.20 17.31 16.83 18.50 20.24 22.97 25.14 26.73 29.34 30.72 32.65 33.67 35.03 34.57 33.33 32.02 32.80 30.85 28.40 27.56 28.07 26.55 27.05 26.56 26.48 26.90 29.30 29.44 29.63 31.46 30.78 30.79 31.27 30.64 28.26 28.59 30.15 29.75 28.06 28.41 31.08 30.09 29.74 30.92 33.22 33.37 32.82 33.17 32.62 32.96 32.17 32.21 32.78 31.16 29.20 30.59 32.04 29.88 29.25 31.02 32.97 31.97 33.38 32.03 33.35 33.02 34.45 32.20 30.34 31.95 33.06 30.51 29.85 31.43 31.45 30.19 30.01 29.10 30.48 29.55 28.32 27.63 29.45 28.01 26.56 28.46 28.93 26.31 25.78 27.98 28.49 26.16 26.89 25.50 27.30 24.54 23.03 20.69 20.54 19.08 18.79 18.11 19.96 20.89 20.51 19.29 20.80 21.87 24.01 25.37 27.38 27.03 27.43 28.63 28.77 29.45 29.42 28.52 29.76 28.51 26.51 25.49 27.11 24.87 22.59 22.33 23.46 22.03 21.69 24.17 23.91 22.97 24.39 27.64 26.52 
25.41 25.35 21.56 21.84 20.82 20.18 18.88 17.52 15.43 13.01 11.51 8.55 7.87 5.33 0.00 4.49 7.52 8.70 12.86 12.86 14.09 13.76 16.57 17.14 20.17 22.82 24.84 26.49 28.40 28.39 29.04 28.99 28.07 28.07 27.97 27.26 27.57 27.75 25.97 25.81 26.47 24.86 23.92 24.68 23.21 19.06 19.86 20.67 19.20 15.01 16.07 18.07 17.29 14.41 16.13 15.71 17.40 20.03 22.78 25.01 26.93 30.14 31.57 32.88 34.39 35.08 35.27 33.77 32.19 33.03 31.10 28.96 27.84 28.00 26.37 26.89 26.37 26.24 26.18 28.36 28.47 28.88 30.64 30.10 30.11 30.53 29.80 27.55 27.99 29.48 28.90 27.43 27.69 30.44 29.21 29.08 30.18 32.69 32.64 32.43 32.53 32.13 32.27 31.71 31.62 32.30 30.46 28.60 29.52 30.97 28.88 28.60 29.79 32.02 30.76 32.26 30.69 32.29 31.77 33.17 30.85 29.12 30.65 31.60 29.07 28.58 30.26 30.11 28.75 28.84 28.03 29.28 28.57 27.37 26.63 28.52 27.23 26.00 27.60 27.91 25.25 24.88 27.01 27.59 25.58 26.34 25.08 26.59 24.47 22.70 20.42 20.29 18.53 18.20 17.72 19.81 20.02 19.60 18.73 21.02 21.77 23.93 25.29 27.38 27.32 27.35 28.31 28.55 28.90 28.86 27.63 29.11 27.92 26.09 24.97 27.15 25.28 23.03 22.86 23.87 22.78 22.12 23.78 24.20 23.77 24.56 27.68 26.24 
25.79 24.95 22.22 22.66 22.58 21.32 19.43 18.74 15.78 14.64 12.42 10.68 9.71 7.75 4.49 0.00 5.83 8.07 9.57 11.38 13.20 13.78 15.81 17.37 19.47 22.55 25.28 26.27 28.27 27.99 28.92 28.31 27.67 27.78 27.69 26.95 26.84 27.29 25.48 25.43 26.02 24.56 23.11 24.04 22.00 18.58 18.64 19.66 17.53 14.53 14.97 16.25 15.43 14.06 15.79 15.37 17.03 19.40 22.40 24.18 26.94 29.43 31.04 32.36 34.09 34.57 34.54 33.10 31.96 32.27 30.49 28.25 27.12 27.25 25.73 26.33 25.46 25.27 25.31 27.38 27.50 28.00 30.07 29.40 29.32 29.85 29.07 26.83 27.21 28.74 28.21 26.82 27.02 29.56 28.41 28.24 29.41 32.00 32.30 31.83 31.81 31.21 31.71 30.97 30.94 31.41 29.64 27.80 28.83 29.90 28.02 27.62 29.18 31.06 30.09 31.59 30.08 31.51 30.91 32.28 30.18 28.42 29.88 31.00 28.55 28.23 29.49 29.29 27.92 28.25 27.22 28.59 27.50 26.38 25.51 27.18 25.88 24.86 26.43 26.36 23.97 23.80 26.10 26.24 24.83 25.92 24.76 26.54 24.23 22.61 20.23 20.08 17.82 17.58 16.69 18.64 18.63 19.00 18.68 20.54 21.44 23.87 25.39 27.88 27.69 27.62 28.15 28.43 29.26 28.99 27.60 28.82 27.72 25.93 24.90 26.82 24.83 22.96 22.85 23.64 22.05 21.52 23.94 24.29 22.93 24.02 26.38 25.45 
26.95 26.93 23.14 23.86 24.60 23.97 21.01 20.33 18.18 16.59 15.21 12.41 13.17 9.38 7.52 5.83 0.00 6.18 8.29 9.98 11.97 14.09 17.00 18.61 21.54 23.85 26.03 28.18 30.18 30.03 30.74 29.96 29.30 29.64 29.60 28.30 28.12 28.65 27.26 26.78 27.12 25.35 24.11 24.89 23.31 19.36 19.98 20.08 18.73 15.33 15.53 16.28 15.38 14.14 16.39 16.41 18.55 20.51 22.91 25.68 28.35 30.97 32.35 34.04 36.20 36.17 36.16 34.81 33.80 34.38 32.36 30.07 28.91 29.19 27.74 27.80 27.17 26.66 27.03 28.88 29.27 29.67 31.65 30.83 30.89 31.31 30.84 28.34 28.88 30.41 30.06 28.18 28.54 31.24 30.21 29.61 30.86 33.48 33.77 33.21 33.43 32.91 33.49 32.49 32.45 32.99 31.29 29.28 30.65 31.67 29.58 29.06 30.67 32.52 31.53 32.91 31.74 32.96 32.51 33.87 31.96 29.80 31.48 32.37 30.33 29.45 31.06 30.97 29.90 29.72 29.08 30.05 29.21 27.61 27.06 28.38 27.19 25.87 27.95 27.83 25.32 25.20 27.66 28.09 26.26 27.65 26.57 27.84 24.83 23.35 21.41 21.04 19.30 19.21 17.68 19.21 19.72 20.69 20.05 22.24 22.63 25.45 27.18 29.27 28.96 28.71 29.65 29.98 30.73 30.65 29.64 30.69 29.65 27.80 26.91 28.53 26.29 24.67 24.56 24.94 23.15 23.02 25.17 24.51 23.80 24.60 28.00 27.03 
27.01 26.29 22.88 23.31 24.89 24.26 21.50 19.75 17.48 16.23 15.03 13.15 13.52 11.39 8.70 8.07 6.18 0.00 5.50 7.91 9.91 11.70 15.49 17.67 21.06 23.29 25.78 27.64 29.79 29.32 30.30 29.59 28.82 28.82 28.79 27.26 27.64 27.91 26.53 25.68 26.80 24.98 23.78 24.67 22.67 18.59 19.08 19.93 17.56 13.34 13.93 14.04 12.81 10.28 13.90 14.52 16.58 19.11 22.14 24.64 27.57 29.92 32.07 33.47 35.62 35.79 35.86 34.06 33.17 33.27 31.68 28.92 28.02 27.96 26.60 26.97 26.16 25.81 26.11 28.11 28.54 28.60 30.89 30.05 29.97 30.54 29.73 27.12 27.74 29.22 28.96 27.37 27.77 30.59 29.53 29.11 30.41 33.00 33.41 32.80 33.03 32.29 32.84 32.03 32.10 32.47 30.75 28.54 29.91 31.14 29.10 28.51 30.11 32.02 31.05 32.65 31.01 32.34 32.10 33.46 31.11 29.14 30.89 32.05 29.54 28.82 30.58 30.59 29.37 29.28 28.60 29.81 28.73 27.11 26.65 28.25 26.65 25.11 27.46 27.37 24.69 24.51 27.46 27.77 25.53 26.96 26.27 27.38 23.81 22.53 20.35 20.06 17.64 17.09 14.74 16.88 17.82 18.81 19.12 21.59 22.73 25.10 26.42 29.08 28.55 28.44 29.55 29.82 30.45 30.04 29.14 30.19 29.00 27.26 26.55 28.08 25.98 23.95 23.98 24.32 22.60 22.09 24.98 24.75 23.03 24.01 27.18 26.29 
26.30 25.85 22.09 22.99 23.80 23.36 21.69 20.09 16.73 16.10 15.57 13.23 14.35 13.12 12.86 9.57 8.29 5.50 0.00 5.51 7.96 10.32 13.41 15.72 19.39 21.41 24.24 25.83 27.95 28.28 29.04 28.17 27.26 27.19 26.87 25.59 26.11 26.23 24.48 24.14 25.00 23.21 21.83 22.60 20.77 16.61 17.00 17.38 15.78 11.79 12.50 12.51 10.80 8.31 11.78 11.79 13.93 16.70 20.10 22.43 24.72 28.59 30.35 32.28 33.88 34.59 34.89 33.00 31.48 31.73 30.04 27.65 26.40 26.23 24.76 25.11 24.63 24.31 24.52 26.39 27.13 27.33 29.40 28.41 28.60 28.68 28.14 25.41 25.88 27.13 27.11 25.61 26.15 28.64 27.93 27.55 29.06 31.50 31.94 31.41 31.77 30.98 31.42 30.49 30.61 31.06 29.33 26.97 27.95 29.18 27.48 26.77 28.23 30.36 29.58 30.71 29.26 30.65 30.60 31.85 29.54 27.31 29.52 30.21 27.73 27.04 29.03 28.83 27.45 27.48 26.86 28.00 27.10 25.36 24.86 26.59 25.26 23.84 25.71 25.60 22.92 22.87 25.57 25.94 24.02 25.44 24.17 25.20 22.50 20.75 19.09 18.09 15.21 13.96 12.82 14.42 15.17 16.05 17.15 20.17 21.18 23.52 25.19 27.95 27.86 27.41 28.22 28.76 29.38 28.82 27.83 29.01 27.79 26.00 25.31 27.11 24.88 23.12 23.18 24.00 22.12 21.91 23.78 24.03 23.29 23.84 26.80 25.68 
25.77 24.88 21.97 22.59 23.33 22.86 21.42 19.99 16.13 15.96 15.08 13.11 14.62 13.91 12.86 11.38 9.98 7.91 5.51 0.00 6.67 7.99 10.24 11.93 16.26 18.24 21.50 23.61 24.96 25.60 26.58 25.37 24.89 25.51 25.00 23.46 23.99 24.22 22.57 22.03 23.41 21.39 19.71 20.68 19.14 15.05 15.36 16.19 13.96 10.70 12.03 12.48 10.00 7.26 9.72 9.89 11.10 14.77 17.28 20.25 22.54 26.06 28.01 29.95 31.96 32.70 32.65 31.11 29.67 29.86 27.95 25.72 24.56 24.43 22.88 23.36 22.43 22.09 22.07 24.25 24.78 25.38 27.17 26.66 26.49 26.72 25.54 22.94 23.33 25.02 24.57 23.18 23.41 26.24 25.41 25.24 26.71 29.54 29.96 29.30 29.71 29.00 29.49 28.64 28.87 29.13 27.14 24.93 26.06 27.17 25.23 24.74 26.42 28.62 27.73 28.91 27.64 29.11 28.98 30.21 28.00 26.02 27.97 28.83 26.54 25.79 27.77 26.97 25.80 25.68 25.03 26.19 25.20 23.18 22.64 24.28 23.03 21.48 23.19 22.86 20.19 21.08 23.27 23.60 21.83 23.86 22.25 23.63 20.78 19.49 16.51 15.14 12.01 10.94 9.77 11.61 12.71 14.37 15.59 18.77 19.82 22.41 23.94 27.08 26.98 26.61 27.15 27.55 28.50 27.98 26.50 27.58 26.59 24.75 23.97 25.71 23.52 21.82 21.95 22.59 21.01 20.85 23.07 22.82 21.53 22.81 25.30 24.45 
24.83 24.42 21.01 21.79 22.86 22.00 20.78 19.32 16.69 16.29 15.86 13.53 15.98 15.16 14.09 13.20 11.97 9.91 7.96 6.67 0.00 6.38 7.40 10.83 13.46 16.73 19.67 21.57 23.04 23.27 24.66 24.21 23.34 24.32 24.45 22.64 22.82 23.54 22.05 21.86 22.81 20.80 19.07 20.85 19.31 14.32 15.17 16.51 15.13 12.05 13.31 14.04 11.73 7.61 9.42 8.83 9.68 12.44 15.98 18.05 20.42 23.97 26.10 28.43 30.23 31.03 31.41 29.70 28.46 28.93 26.97 24.73 23.63 23.73 22.33 22.34 21.54 21.19 21.60 23.33 24.16 24.02 26.33 25.31 25.17 25.20 24.78 21.89 22.45 24.03 24.07 22.18 22.24 25.39 24.84 24.28 25.88 28.51 29.00 28.45 28.79 27.95 28.86 27.85 28.17 28.27 26.42 24.21 25.77 26.52 24.58 24.06 25.92 27.96 26.99 28.22 27.22 28.80 28.45 29.78 27.97 25.68 27.67 28.52 26.26 25.49 27.21 26.93 25.64 25.41 24.58 25.65 24.89 22.78 22.29 23.54 22.52 20.93 22.82 22.07 19.42 19.80 22.63 22.68 20.55 22.80 21.34 22.60 19.72 18.31 15.58 14.64 12.02 11.87 9.81 12.46 13.62 15.25 16.62 19.32 19.87 22.35 24.36 26.91 26.86 26.18 26.85 27.39 28.41 27.68 26.59 27.55 26.56 24.68 24.01 25.48 23.16 21.77 21.82 22.51 20.54 20.69 22.84 21.72 21.01 22.12 25.63 24.57 
23.19 22.02 18.71 19.46 20.49 19.68 17.94 16.86 14.29 14.13 13.64 12.41 15.19 14.55 13.76 13.78 14.09 11.70 10.32 7.99 6.38 0.00 6.00 6.54 10.62 12.35 16.14 18.35 19.70 19.68 21.01 20.46 19.86 20.67 20.65 18.65 19.56 20.15 18.65 17.91 19.54 17.69 16.56 18.37 16.88 12.06 13.28 15.15 12.93 10.03 12.04 14.37 11.33 6.98 8.56 7.30 7.21 8.77 11.37 15.23 16.85 20.64 22.34 25.19 26.32 27.34 27.89 26.52 24.46 25.45 23.76 21.23 20.06 20.18 18.84 18.62 18.04 17.84 18.95 20.49 21.07 21.52 23.85 22.86 22.15 22.59 21.61 18.89 19.39 21.08 20.87 18.84 18.92 22.04 21.77 21.43 22.86 25.55 26.33 25.62 25.84 24.74 25.51 24.94 25.20 25.16 23.45 21.18 22.76 23.83 21.90 21.56 23.58 25.30 24.62 25.93 24.75 26.12 25.81 27.08 24.94 22.84 24.51 25.51 23.36 22.70 24.26 23.88 23.07 22.98 21.83 22.89 22.14 20.16 19.65 21.09 19.84 17.75 19.95 19.70 16.37 16.53 19.55 19.72 17.50 20.07 18.24 20.00 16.86 14.72 11.93 11.13 9.70 8.22 7.44 10.82 12.32 13.71 14.26 16.83 17.48 19.79 21.37 24.16 23.88 23.42 24.49 24.98 25.73 25.09 23.86 24.83 23.89 22.27 21.64 23.09 20.98 19.23 19.48 19.92 18.50 18.66 20.97 20.06 19.00 20.79 23.72 23.63 
22.12 21.28 17.67 18.32 19.46 18.36 17.49 15.93 13.87 14.27 14.04 13.30 17.10 16.37 16.57 15.81 17.00 15.49 13.41 10.24 7.40 6.00 0.00 5.67 7.80 11.38 13.44 16.42 17.26 17.72 18.89 18.16 17.30 18.23 18.10 16.64 17.36 18.29 16.44 16.39 17.82 16.86 15.71 17.84 16.73 12.80 14.44 16.03 14.26 11.80 14.58 15.82 13.35 9.81 9.93 7.48 6.26 7.75 8.89 11.90 14.06 17.53 19.24 22.23 23.30 24.57 25.00 23.60 21.58 22.28 20.67 18.04 17.24 17.71 16.56 16.03 16.10 16.48 16.98 18.70 19.70 20.00 22.33 21.29 20.83 20.52 20.37 17.79 17.98 19.51 19.14 17.60 17.43 20.25 19.78 19.74 21.21 23.66 24.21 23.71 23.88 22.83 23.63 22.97 23.40 23.52 21.76 19.52 20.72 21.90 20.09 19.73 21.56 23.90 23.06 24.43 23.23 24.72 24.67 25.74 23.72 21.68 23.42 24.03 21.96 21.53 23.04 22.56 21.72 21.70 20.41 21.30 20.80 18.85 18.23 19.38 18.38 16.35 18.25 17.41 14.82 14.72 17.29 17.47 15.94 17.91 16.63 18.09 15.25 13.34 11.35 11.26 8.10 8.38 9.76 12.45 13.95 14.94 14.86 16.68 17.08 19.41 21.25 23.55 23.35 22.58 23.62 23.99 24.83 24.04 22.97 23.76 22.81 21.07 20.54 21.98 19.55 18.03 18.26 19.29 17.45 17.39 19.34 18.87 18.33 19.57 23.12 22.59 
21.73 20.56 17.25 17.87 19.09 18.33 17.05 15.63 13.97 14.34 14.65 13.62 17.78 18.01 17.14 17.37 18.61 17.67 15.72 11.93 10.83 6.54 5.67 0.00 5.82 6.39 10.47 12.86 13.65 14.56 15.74 15.11 14.47 15.82 15.58 14.25 15.14 16.97 15.30 15.09 16.78 16.00 15.01 17.21 16.56 13.13 14.96 16.80 15.44 12.57 15.31 17.30 15.42 12.22 12.25 8.79 7.75 7.54 8.36 9.25 11.22 15.04 16.38 19.02 20.49 21.20 22.19 20.70 18.91 20.25 19.13 16.00 15.54 15.82 14.73 14.05 14.72 15.09 15.27 17.07 18.54 18.95 20.76 19.73 19.03 19.51 18.25 15.30 15.18 17.09 16.74 14.81 14.59 18.26 17.55 17.47 19.01 22.05 22.41 21.62 22.09 21.16 21.91 21.10 21.72 21.95 20.15 18.01 19.48 20.65 18.70 18.56 20.78 22.91 21.91 23.41 22.46 24.02 23.50 25.00 22.96 21.17 22.57 23.36 21.24 20.77 22.03 21.46 20.77 20.54 19.08 20.20 19.83 17.87 16.79 18.50 17.41 15.60 16.71 16.53 13.23 13.86 15.78 16.17 14.72 17.43 14.84 15.97 13.33 11.26 10.12 9.42 7.75 8.75 10.75 13.92 14.63 15.62 15.55 17.11 17.50 19.53 20.97 23.46 22.92 22.45 22.98 23.53 24.22 23.64 21.98 23.08 21.98 20.33 19.60 21.30 19.10 17.67 17.66 18.38 17.27 17.39 19.18 18.63 17.70 19.96 22.19 22.60 
21.20 20.36 17.17 17.77 19.23 18.26 16.96 16.23 14.03 15.30 15.18 15.11 19.58 20.55 20.17 19.47 21.54 21.06 19.39 16.26 13.46 10.62 7.80 5.82 0.00 5.80 6.84 9.96 10.67 12.11 13.95 13.76 12.81 14.49 14.74 13.41 14.10 16.02 14.86 14.90 16.83 15.77 14.81 17.57 17.19 13.99 16.35 18.82 17.99 15.80 17.40 19.47 18.36 14.38 14.51 10.99 9.65 8.01 7.62 8.43 9.48 11.99 13.56 15.68 17.70 18.64 18.92 17.46 16.60 17.87 16.70 14.50 14.09 15.20 13.84 13.61 14.21 14.76 15.33 16.97 18.29 18.15 20.23 18.83 18.66 17.98 17.94 14.95 14.56 16.38 15.99 14.05 13.61 17.75 16.78 16.51 17.99 20.94 21.06 20.65 20.85 19.68 20.59 19.85 20.50 20.78 18.77 16.49 18.49 19.81 17.81 17.94 20.30 22.40 21.16 22.59 22.12 23.66 23.21 24.63 23.12 20.89 22.42 22.92 21.04 20.28 21.46 21.04 20.54 20.18 18.63 19.79 19.68 17.13 16.44 17.78 16.84 14.53 16.52 15.13 11.80 12.09 14.63 14.44 13.02 15.38 13.43 14.63 12.00 10.55 9.20 10.53 10.04 10.87 11.91 15.88 16.41 16.67 15.87 17.67 17.94 20.01 21.24 23.32 23.20 22.15 22.77 23.05 24.23 23.23 21.83 22.72 21.88 19.84 19.15 20.56 18.54 16.95 16.95 18.05 16.35 16.29 18.62 17.37 17.10 18.94 22.79 22.75 
20.49 19.43 16.45 17.20 18.68 17.68 17.16 16.34 14.76 15.93 16.81 16.87 22.03 22.99 22.82 22.55 23.85 23.29 21.41 18.24 16.73 12.35 11.38 6.39 5.80 0.74 5.58 6.81 9.29 10.40 11.65 11.14 10.86 12.87 12.53 10.91 12.32 15.18 13.82 13.42 15.51 15.38 14.88 17.69 17.12 14.35 17.45 19.78 18.91 17.00 19.37 21.05 19.58 15.72 16.39 13.05 10.84 8.49 7.97 7.38 7.88 10.07 11.09 13.72 15.81 16.89 17.56 15.85 14.07 15.93 15.46 12.49 12.91 13.00 12.20 12.80 12.94 13.54 15.06 17.19 17.71 17.66 20.08 18.80 17.59 17.45 16.98 13.50 13.31 14.51 14.91 12.87 11.97 16.32 15.81 15.62 16.60 19.56 19.60 19.29 19.02 17.19 18.44 18.46 18.55 19.26 17.49 15.17 17.43 18.94 17.16 17.46 19.92 22.01 20.88 22.52 21.27 23.14 22.59 24.02 21.97 20.22 21.80 22.23 19.91 19.87 21.03 20.51 19.82 19.88 18.40 19.83 18.95 16.72 16.25 18.54 16.91 14.73 16.31 16.16 12.70 12.76 15.24 15.11 12.80 15.19 13.35 14.17 10.84 9.49 8.93 10.52 10.64 12.14 14.18 17.64 17.83 18.22 17.72 19.12 19.29 20.95 21.64 23.73 23.06 22.33 22.87 23.30 23.86 23.23 21.38 22.44 21.35 19.88 18.97 20.71 18.61 17.01 17.15 17.94 16.46 16.46 18.83 17.68 16.68 18.69 22.18 22.57 
20.22 19.24 16.44 16.83 18.15 16.99 16.23 16.02 14.82 16.44 17.22 17.89 23.45 24.51 24.84 25.28 26.03 25.78 24.24 21.50 19.67 16.14 13.44 10.47 6.84 5.58 1.37 5.50 6.05 7.81 9.88 9.52 8.87 11.18 11.48 10.91 12.06 14.35 13.78 13.59 15.86 16.00 15.71 18.27 18.38 16.24 19.26 21.47 20.99 19.37 21.79 24.10 22.91 19.23 19.56 15.49 13.89 11.41 9.20 7.91 7.16 8.67 9.28 11.75 13.22 13.77 14.77 13.09 11.19 13.63 12.79 9.91 10.47 12.30 11.80 10.96 13.35 14.08 15.37 17.02 18.22 17.66 20.10 18.76 17.36 17.26 16.97 14.14 11.99 14.46 14.61 13.27 12.01 15.98 14.85 14.94 16.10 18.80 18.70 17.66 17.63 16.32 17.33 16.58 17.41 18.44 16.72 14.47 16.47 18.20 16.50 16.54 18.96 21.52 20.24 22.07 20.77 22.82 22.67 24.27 22.20 20.63 22.28 22.80 20.41 20.24 21.37 20.81 19.86 20.14 18.70 19.65 19.11 17.44 16.97 18.53 17.44 15.23 17.05 16.96 13.90 13.66 15.26 15.45 13.01 14.05 12.69 13.53 10.41 9.31 9.94 11.86 12.04 14.64 17.11 19.76 19.76 20.06 20.15 20.87 20.81 21.80 22.40 23.96 23.43 22.21 23.10 23.01 23.77 22.85 21.29 22.13 21.03 19.21 18.78 20.17 18.04 15.98 16.31 17.63 15.63 15.28 17.13 16.69 16.64 17.93 21.54 21.43 
21.14 20.17 17.60 18.04 19.77 18.70 18.34 17.99 17.41 18.43 19.33 19.41 25.19 26.15 26.49 26.27 28.18 27.64 25.83 23.61 21.57 18.35 16.42 12.86 9.96 6.81 5.50 1.02 5.29 6.41 9.41 9.45 9.93 11.16 11.23 10.89 12.14 14.46 14.15 13.97 16.31 16.58 16.28 18.68 19.11 17.05 20.16 22.68 22.24 20.23 23.26 25.26 24.75 20.99 21.30 17.42 16.09 14.53 11.33 8.38 7.94 8.44 8.89 10.57 12.55 12.95 14.70 12.71 10.85 12.86 12.86 9.05 9.53 11.96 10.89 10.12 12.80 14.93 15.21 16.96 18.24 18.45 20.64 18.65 17.02 17.16 16.52 11.15 9.42 12.51 13.74 10.97 10.35 14.60 14.17 13.99 15.16 18.00 17.90 16.66 16.60 15.02 15.94 15.77 16.93 18.09 16.47 14.17 16.41 18.18 16.64 17.22 19.71 21.59 20.46 22.43 21.35 23.04 22.91 24.86 22.99 21.14 22.96 23.53 21.04 20.60 21.94 21.07 20.35 20.57 18.86 20.24 19.66 18.00 17.13 19.28 18.30 15.89 17.60 18.15 14.85 14.80 16.32 16.49 14.03 15.06 12.53 13.99 10.68 10.01 10.60 13.46 14.00 16.46 19.00 21.50 21.52 21.72 20.99 22.46 22.24 23.15 23.33 24.91 23.98 22.95 23.47 23.67 24.17 23.43 21.41 22.47 21.28 19.82 18.97 20.85 18.30 16.69 16.68 18.00 16.77 16.65 18.39 17.97 17.25 19.19 21.83 22.29 
22.54 22.10 20.15 20.30 21.89 20.60 21.13 19.97 18.52 20.20 21.60 21.38 26.53 27.74 28.40 28.27 30.18 29.79 27.95 24.96 23.04 19.70 17.26 13.65 10.67 9.29 6.05 5.29 0.99 5.41 6.98 9.29 9.93 11.63 11.63 11.82 13.10 15.33 15.35 15.11 17.63 17.87 18.03 20.38 20.75 18.90 21.72 23.86 23.96 22.02 24.62 26.57 25.89 22.83 22.21 18.61 17.86 14.98 13.20 10.49 8.97 9.41 8.52 9.98 11.51 12.15 12.82 10.63 10.33 13.19 12.42 9.72 10.41 13.40 13.08 12.63 14.51 15.81 16.93 18.44 19.54 19.50 21.55 20.19 19.06 18.48 17.13 13.63 12.64 14.47 14.20 12.19 11.41 15.66 14.50 13.72 15.02 17.57 17.27 15.93 15.66 13.67 15.21 15.48 16.78 18.12 16.36 14.36 16.84 18.88 17.01 17.95 20.28 22.49 21.11 23.19 22.19 24.07 23.66 25.93 24.18 22.20 23.87 24.51 22.07 21.59 22.72 22.23 21.53 21.43 19.60 21.22 20.64 18.66 18.06 20.55 19.54 17.28 18.99 19.29 15.95 15.67 17.70 17.68 14.92 15.98 13.90 14.81 11.91 11.31 11.89 15.30 16.26 18.68 20.69 23.20 23.54 23.79 23.17 24.27 24.13 25.01 25.19 26.09 24.93 23.85 24.36 24.41 25.18 23.98 21.90 23.18 22.07 20.18 19.37 21.37 19.73 17.67 17.65 18.85 17.09 16.72 18.91 16.99 16.76 18.74 23.00 22.32 
21.96 21.11 18.61 19.10 20.28 19.20 19.24 19.05 17.95 19.39 20.92 20.96 26.38 27.50 28.39 27.99 30.03 29.32 28.28 25.60 23.27 19.68 17.72 14.56 12.11 10.40 7.81 6.41 5.41 0.17 5.45 6.63 7.16 9.40 10.56 9.76 10.79 13.36 13.98 13.66 16.37 17.22 17.65 19.98 20.39 18.84 21.37 23.77 23.07 21.84 24.14 26.35 25.98 23.04 23.03 19.36 18.36 16.37 14.50 12.05 10.57 10.54 9.76 10.47 11.73 12.12 14.03 12.00 11.22 13.54 13.59 11.22 12.51 13.63 12.84 14.16 14.74 15.89 16.93 19.13 19.87 19.98 22.36 20.41 19.44 18.97 17.55 14.19 13.82 14.57 14.28 11.99 11.36 14.60 13.85 13.31 14.22 16.74 16.65 15.55 15.31 13.70 15.68 15.67 16.88 18.17 17.21 15.09 17.08 19.19 17.47 18.04 20.76 22.72 21.58 23.49 22.55 24.36 24.05 26.04 24.23 22.41 23.88 24.50 21.99 21.60 22.87 22.18 21.32 21.41 19.66 21.22 20.47 18.59 17.85 20.09 19.13 17.29 19.10 19.43 16.03 16.03 17.92 17.87 14.64 14.89 12.65 13.86 10.33 9.05 9.99 14.16 15.52 17.27 19.71 22.24 23.11 23.22 22.63 23.61 23.32 24.14 24.39 25.59 24.33 23.13 23.46 23.77 24.34 23.42 21.07 22.35 21.23 19.58 18.74 20.58 18.42 16.44 16.52 17.48 16.34 16.07 18.73 17.11 15.89 18.01 22.19 22.44 
22.73 21.83 19.52 19.81 21.39 20.09 20.14 19.30 18.83 20.35 21.44 21.90 27.05 28.45 29.04 28.92 30.74 30.30 29.04 26.58 24.66 21.01 18.89 15.74 13.95 11.65 9.88 9.41 6.98 5.45 0.99 5.90 6.97 9.17 9.45 10.89 11.69 13.83 13.51 14.48 16.70 17.67 17.67 20.57 21.08 19.23 21.62 23.82 23.76 22.07 25.02 27.34 27.29 24.35 23.92 20.34 19.53 17.65 15.65 12.78 11.75 12.13 10.36 11.13 11.72 12.78 14.52 13.55 12.35 14.72 15.10 13.41 13.85 15.41 14.78 15.14 16.60 17.16 18.11 20.11 21.43 21.65 23.89 21.86 20.68 20.21 19.67 16.15 14.99 16.27 15.74 13.59 12.48 15.58 14.48 14.06 14.54 16.96 17.04 15.70 16.24 15.57 17.27 16.68 17.92 19.65 18.62 16.44 18.53 20.38 18.72 19.18 21.44 23.90 22.93 24.96 23.74 25.52 25.36 27.31 25.54 23.34 25.03 25.72 23.27 22.66 23.86 23.08 22.15 22.26 20.80 21.78 21.04 19.61 18.80 20.45 19.27 17.89 19.81 19.99 16.93 16.87 18.60 18.51 15.50 15.65 13.56 14.70 11.61 10.56 12.18 14.86 15.77 18.15 20.44 23.15 23.39 23.91 23.11 24.03 23.34 24.44 24.57 25.80 24.82 23.62 23.68 24.06 24.71 23.64 21.49 22.65 21.48 19.88 19.34 21.21 19.21 17.27 17.63 18.91 17.08 16.62 18.38 17.39 17.15 18.61 22.45 21.81 
22.91 22.26 19.92 20.39 21.58 21.05 20.57 20.19 19.55 21.05 22.07 21.98 27.27 28.74 28.99 28.31 29.96 29.59 28.17 25.37 24.21 20.46 18.16 15.11 13.76 11.14 9.52 9.45 9.29 6.63 5.90 0.91 5.85 7.35 8.08 9.46 10.55 12.34 11.94 13.08 16.36 16.62 16.56 19.22 20.62 18.15 20.56 23.41 23.15 21.49 23.93 26.72 26.64 23.13 23.28 19.95 19.53 17.36 15.51 13.14 12.01 12.38 10.94 12.09 12.57 13.43 15.95 14.87 13.90 16.29 16.34 14.92 14.87 16.48 15.54 16.03 17.08 18.48 19.16 21.34 22.40 22.61 24.89 22.80 21.42 21.27 20.31 16.79 14.88 16.69 16.49 13.89 12.72 16.45 15.04 14.40 14.62 17.05 16.90 16.12 16.57 15.74 17.59 17.14 18.49 19.90 18.65 16.72 19.07 21.00 19.30 19.87 22.39 24.45 23.44 25.63 24.32 26.38 25.80 28.10 26.00 24.30 25.59 26.49 23.75 23.27 24.26 23.77 22.49 22.85 21.10 22.58 21.86 20.32 19.05 21.13 19.86 18.63 20.23 20.61 17.67 17.53 19.00 18.97 15.88 16.53 13.73 14.33 10.71 10.79 11.31 13.71 14.16 17.07 19.86 22.19 22.59 23.00 22.29 23.10 22.46 23.84 24.33 25.66 24.54 23.69 23.93 24.16 24.84 24.10 21.76 23.04 21.76 20.40 19.66 21.89 19.78 18.01 17.93 19.15 18.13 17.57 19.66 18.54 17.46 19.33 22.42 22.41 
22.93 22.42 20.29 20.40 21.56 20.59 20.66 19.86 19.23 20.38 21.41 21.69 26.27 27.82 28.07 27.67 29.30 28.82 27.26 24.89 23.34 19.86 17.30 14.47 12.81 10.86 8.87 9.93 9.93 7.16 6.97 5.85 1.63 5.81 7.26 7.58 8.95 10.65 11.53 11.92 14.53 15.24 15.50 18.17 19.38 17.61 19.95 22.54 22.54 20.21 22.61 25.23 25.32 21.61 21.25 18.31 18.28 16.12 14.47 12.70 12.05 11.95 11.09 12.46 13.36 15.29 16.60 15.44 14.91 17.23 17.09 15.51 15.53 17.46 17.05 17.23 18.39 18.84 19.88 21.85 22.74 22.62 24.79 23.14 22.26 21.59 20.26 16.73 15.54 16.55 16.17 13.57 12.81 15.93 14.94 13.44 14.07 16.78 16.81 15.91 16.73 15.75 17.79 17.98 19.09 20.21 19.15 17.62 19.69 21.27 19.77 20.49 22.69 24.81 23.79 25.68 24.69 26.51 26.03 27.97 26.32 24.35 25.58 26.43 24.04 23.30 24.22 23.61 22.95 22.83 21.01 22.60 22.05 20.24 18.96 21.01 19.91 18.51 20.09 20.29 17.57 17.19 18.61 18.06 15.33 15.86 13.59 13.14 10.47 9.60 10.06 12.40 12.98 15.31 17.62 20.55 21.41 21.76 21.06 21.83 21.27 22.74 23.59 24.64 23.62 22.83 23.34 23.60 24.33 23.30 21.34 22.60 21.52 19.67 18.82 21.01 19.44 17.66 17.61 18.80 17.21 16.93 19.43 16.96 16.38 18.67 22.95 22.49 
23.55 23.11 20.19 20.93 22.06 21.38 20.51 20.42 19.32 20.88 21.64 22.16 26.66 28.11 28.07 27.78 29.64 28.82 27.19 25.51 24.32 20.67 18.23 15.82 14.49 12.87 11.18 11.16 11.63 9.40 9.17 7.35 5.81 2.00 6.62 6.89 8.12 9.13 10.33 11.43 13.90 14.73 15.14 17.60 18.85 17.39 19.39 21.85 21.92 20.43 22.27 24.70 24.85 21.94 21.45 18.40 18.66 17.26 15.37 13.47 13.01 13.58 12.88 14.02 15.63 17.12 18.97 17.43 16.94 18.58 18.41 16.85 17.27 18.46 17.81 18.40 19.16 19.80 20.95 22.69 23.60 23.65 25.80 23.97 23.38 22.77 21.07 17.42 16.79 17.56 16.94 14.34 13.30 16.26 14.81 14.05 14.53 17.56 17.77 17.04 17.63 16.70 18.90 18.85 19.84 21.12 20.44 19.11 21.17 22.69 21.36 21.82 24.17 26.32 25.73 27.64 26.70 28.64 28.09 29.70 27.86 26.11 27.36 27.98 25.67 25.19 25.98 25.53 24.47 24.77 22.80 24.26 23.49 22.21 20.71 22.79 21.56 20.38 21.61 21.89 19.20 18.59 20.00 19.67 16.92 17.30 15.02 15.42 12.13 10.06 10.21 12.17 13.33 15.26 17.87 20.38 21.16 21.67 21.44 21.98 21.32 22.93 23.96 25.05 23.89 23.21 23.81 24.09 25.04 24.30 22.14 23.38 22.18 20.84 19.95 22.18 20.15 18.50 18.48 19.49 18.20 17.98 20.70 19.15 17.56 19.40 23.68 23.41 
24.96 24.38 21.39 21.62 23.53 22.57 21.70 20.76 20.50 21.67 22.12 22.65 26.90 28.19 27.97 27.69 29.60 28.79 26.87 25.00 24.45 20.65 18.10 15.58 14.74 12.53 11.48 11.23 11.63 10.56 9.45 8.08 7.26 6.62 3.45 6.09 8.14 8.51 9.01 10.22 14.28 13.88 14.26 16.67 18.20 16.03 18.10 20.84 21.51 19.44 21.84 24.33 24.42 21.55 21.43 18.08 18.21 16.87 15.25 13.67 12.79 14.21 13.59 15.09 16.42 18.38 20.08 18.91 17.74 19.50 19.37 17.95 17.87 18.95 18.61 19.15 19.82 20.51 21.69 23.11 24.09 24.31 26.50 24.33 23.55 23.21 22.02 18.01 17.46 18.56 17.83 15.33 14.73 17.60 16.60 15.86 16.35 19.20 19.85 19.02 19.54 18.84 20.50 19.95 20.73 22.13 21.53 19.91 22.19 24.00 22.52 23.13 25.33 27.92 27.30 29.23 28.06 29.97 29.70 31.29 29.19 27.31 28.75 29.54 26.89 26.22 27.63 26.77 25.80 25.69 24.25 25.21 24.49 23.10 22.14 23.78 22.48 21.16 22.76 22.94 20.34 19.83 21.03 20.94 18.32 18.41 16.36 16.85 13.69 11.73 11.15 13.10 12.37 15.15 17.57 20.09 20.72 21.91 21.46 22.11 21.32 23.12 24.18 25.18 24.28 23.58 24.14 24.66 25.53 24.65 22.59 23.91 22.71 21.02 20.43 22.61 20.67 18.93 19.03 20.42 19.04 18.74 20.41 19.46 19.82 20.87 24.23 23.26 
