1.28 5.43 8.05 9.80 11.73 12.90 16.05 16.52 17.95 19.22 20.36 20.39 20.45 20.35 20.36 21.04 22.42 22.83 23.75 25.29 27.79 26.96 26.24 27.00 28.12 26.86 26.54 27.97 28.76 28.35 30.42 31.26 29.73 28.69 30.25 30.17 28.61 28.49 30.29 28.60 26.81 27.18 28.19 26.86 26.91 27.71 27.89 26.71 26.95 28.28 28.87 28.75 30.19 29.71 30.63 31.04 30.76 30.70 30.70 31.10 30.99 29.84 26.95 25.66 24.50 23.24 21.86 21.93 22.60 21.77 20.61 21.63 21.55 20.34 20.83 21.76 21.24 21.16 22.68 23.34 22.66 23.34 25.49 25.73 26.13 27.27 29.46 28.78 28.93 27.68 28.47 28.94 28.14 26.46 26.42 26.96 26.06 25.04 25.51 26.62 26.63 26.37 26.75 26.95 26.65 27.32 28.35 28.10 28.23 28.53 29.74 30.21 
5.43 0.75 5.01 7.40 9.11 11.94 13.69 15.14 15.62 18.38 18.05 18.27 18.05 18.44 18.31 19.29 20.69 21.11 22.03 23.67 26.61 25.70 24.76 25.73 27.28 25.68 25.90 27.23 27.94 27.13 29.63 30.46 28.67 27.53 29.82 29.75 28.04 27.93 30.11 28.07 26.30 26.67 27.97 25.64 25.51 26.45 26.94 24.94 25.33 26.97 28.25 27.07 28.77 28.32 29.64 29.64 29.63 30.01 30.16 30.36 29.94 28.72 26.13 24.47 23.13 21.07 19.91 19.83 20.96 19.68 18.79 19.92 19.79 18.48 19.31 20.49 19.65 19.53 21.71 22.23 21.33 21.55 24.21 24.11 24.88 25.62 28.51 27.67 28.84 26.68 27.74 28.40 28.40 25.53 25.63 26.58 26.34 24.34 24.99 26.04 26.69 25.37 25.77 26.91 27.82 26.83 26.11 26.82 29.09 29.64 28.10 29.68 
8.05 5.01 1.04 5.62 8.02 9.89 13.02 13.31 14.67 16.35 17.83 17.26 17.35 17.97 18.48 19.80 21.44 21.97 22.66 24.27 27.60 26.87 25.94 26.84 28.12 26.79 26.90 28.24 28.70 28.11 30.58 31.44 29.68 28.97 30.94 30.84 29.16 29.45 31.27 29.48 27.43 28.28 29.13 27.00 26.42 27.49 28.04 25.88 26.10 27.97 29.06 27.72 29.72 29.51 30.32 29.77 30.20 30.74 30.82 30.94 29.51 28.43 26.39 24.35 22.00 19.99 19.09 18.81 19.98 19.05 19.13 20.37 19.98 19.09 20.29 21.47 20.46 20.82 22.96 23.36 22.29 22.67 24.90 24.75 25.65 26.19 28.99 28.40 29.92 27.73 28.43 29.12 29.32 26.30 26.19 27.31 27.16 25.17 25.58 26.68 27.11 25.90 26.49 27.67 28.39 27.76 27.09 27.76 30.12 30.15 29.73 29.29 
9.80 7.40 5.62 0.56 7.02 8.35 9.89 11.22 12.05 15.31 15.88 15.92 14.90 15.63 16.93 18.59 20.17 20.74 21.52 22.82 25.98 25.34 24.44 25.25 26.63 25.31 25.28 26.75 27.10 26.69 29.08 29.91 28.14 27.32 29.57 29.46 27.82 28.13 29.70 27.72 25.68 26.57 27.28 25.30 24.61 26.02 25.78 24.47 25.11 26.41 27.22 26.15 28.27 27.70 28.08 27.85 28.83 28.67 28.35 28.58 27.96 27.01 24.51 23.08 20.79 18.91 17.82 17.96 19.00 17.88 17.93 19.38 19.03 17.62 18.81 20.42 19.58 19.66 21.49 22.05 21.20 21.50 23.82 23.85 24.78 25.41 27.93 27.58 29.09 26.92 27.49 28.40 28.46 25.65 25.13 26.62 26.54 24.74 24.55 25.97 26.42 25.57 25.21 26.78 28.27 27.02 25.82 25.97 31.18 29.86 28.65 29.01 
11.73 9.11 8.02 7.02 0.00 5.48 7.94 9.31 11.23 13.19 13.93 14.19 13.10 13.39 14.65 16.31 18.35 19.50 20.59 22.31 24.98 24.41 22.99 24.13 25.40 23.99 23.92 25.42 25.78 25.17 27.50 28.81 26.67 26.14 28.41 28.54 26.03 26.15 27.95 25.79 23.42 24.31 24.97 22.86 22.25 23.35 22.73 21.19 21.85 23.68 23.80 23.34 25.08 24.89 25.08 25.95 27.03 27.19 26.64 27.39 27.30 25.96 22.54 21.02 20.03 18.06 16.74 16.73 18.41 17.19 16.22 17.65 17.13 15.54 16.26 18.21 17.29 17.28 19.10 20.19 19.03 19.80 22.19 22.57 22.67 24.27 26.70 26.53 27.15 25.19 25.95 27.08 26.30 23.51 23.18 24.85 24.63 22.58 22.37 23.74 23.50 22.58 22.55 23.79 24.33 25.47 25.81 27.47 26.13 26.25 27.99 30.35 
12.90 11.94 9.89 8.35 5.48 0.00 6.64 7.86 9.13 12.99 12.91 13.28 13.07 13.89 14.74 16.52 19.30 20.96 22.38 23.81 27.08 26.30 25.05 25.23 26.77 25.14 25.96 26.75 27.57 26.21 29.42 29.75 28.34 27.27 30.11 29.61 27.79 27.72 29.57 26.71 24.76 25.32 26.22 23.38 22.57 24.00 23.57 21.25 21.38 23.87 24.65 23.27 25.25 25.29 26.08 26.30 27.40 28.18 28.02 28.40 28.15 26.83 23.13 21.45 19.84 17.43 16.17 16.56 18.28 17.23 15.94 17.79 17.23 16.11 16.72 18.56 17.54 18.06 20.16 21.22 19.88 20.22 23.11 23.22 23.92 24.85 28.06 27.46 28.81 26.03 27.20 28.09 27.88 24.39 24.31 25.93 25.89 23.51 23.35 24.66 24.77 23.38 23.43 25.58 26.13 25.96 26.07 26.91 27.05 27.74 28.22 29.94 
16.05 13.69 13.02 9.89 7.94 6.64 2.38 6.95 8.20 10.61 13.05 13.12 13.34 15.12 16.86 18.27 21.77 23.46 25.20 27.14 30.52 29.94 28.53 28.96 29.27 28.59 28.64 30.56 30.42 30.10 32.27 33.41 30.77 30.58 32.26 32.38 29.87 30.48 32.10 29.64 27.11 28.08 28.64 25.83 24.79 25.80 26.01 23.23 23.37 25.70 26.96 25.30 26.81 27.15 28.13 27.92 29.01 30.31 30.51 30.97 30.12 28.53 25.21 22.79 21.09 18.20 17.30 17.23 19.27 17.95 17.66 18.75 18.65 17.80 18.83 20.31 19.27 20.23 22.40 23.27 21.81 22.48 24.92 25.29 25.70 27.00 29.91 29.94 31.20 28.89 29.41 30.69 30.31 26.97 26.66 28.50 28.16 25.82 25.49 27.00 26.92 25.50 25.25 27.11 27.55 27.97 26.79 28.61 28.05 27.87 28.68 29.79 
16.52 15.14 13.31 11.22 9.31 7.86 6.95 0.59 5.84 7.62 9.10 11.81 12.68 13.83 15.69 18.29 20.83 22.94 24.95 26.16 29.25 28.72 27.05 27.27 27.63 26.21 26.63 28.22 28.43 27.85 30.76 31.31 28.56 28.13 30.62 30.27 27.80 28.32 30.03 27.42 25.04 26.29 26.79 24.18 23.21 24.60 24.07 22.16 22.30 24.92 25.79 24.28 26.10 25.91 26.78 27.07 28.22 29.27 29.61 30.27 29.91 28.18 24.32 22.17 20.28 18.04 16.10 16.41 18.08 16.45 16.32 18.16 17.60 16.74 17.73 20.07 19.02 19.81 21.51 22.88 21.24 21.97 24.23 24.56 25.14 26.36 29.03 28.66 29.99 27.60 28.31 29.42 29.23 25.84 25.54 27.40 27.16 24.87 24.54 26.16 26.13 24.81 24.38 26.94 27.27 26.94 26.30 27.45 27.63 26.62 27.02 28.62 
17.95 15.62 14.67 12.05 11.23 9.13 8.20 5.84 0.00 5.29 6.43 9.69 11.39 13.49 14.94 17.35 20.06 21.73 23.81 25.28 28.05 27.66 25.82 25.38 25.67 23.64 24.11 25.22 26.24 25.27 27.74 28.35 26.31 26.00 28.08 27.92 25.43 25.57 27.21 24.96 23.20 23.73 24.25 21.94 21.86 22.29 21.85 20.02 21.30 23.62 23.84 22.58 24.87 24.16 24.79 25.59 27.43 28.39 28.07 28.96 28.31 26.17 22.51 20.69 18.86 16.96 15.03 14.43 15.81 14.26 13.88 16.57 16.83 15.21 16.52 18.82 18.20 18.22 20.27 21.44 20.37 20.78 23.15 23.16 23.89 24.87 27.54 26.35 28.05 25.34 26.21 27.35 27.19 23.90 23.49 25.36 25.24 23.15 22.73 24.27 24.58 22.77 22.24 23.45 24.49 23.98 23.78 25.00 25.86 24.55 25.58 26.46 
19.22 18.38 16.35 15.31 13.19 12.99 10.61 7.62 5.29 0.00 5.48 7.30 10.00 13.31 15.66 17.34 20.47 23.11 25.65 26.62 29.59 29.16 27.36 26.45 26.33 24.84 24.89 25.73 25.90 25.15 27.65 27.95 26.61 26.61 28.61 28.06 26.12 26.58 28.01 25.48 23.98 24.57 25.39 22.46 22.14 22.75 22.55 20.61 20.90 23.58 24.16 22.61 24.77 24.13 24.98 26.05 27.85 29.27 29.47 30.00 29.39 26.99 23.60 21.68 19.44 17.85 14.63 14.23 15.04 14.08 13.53 16.65 16.63 15.87 16.77 19.48 18.71 19.04 21.20 22.43 21.17 21.41 23.95 24.20 25.04 25.84 28.51 27.77 29.33 26.80 27.37 28.74 28.45 25.34 24.67 26.67 26.34 24.84 24.17 25.53 25.88 24.17 23.68 25.47 26.02 24.92 25.44 26.16 26.28 25.12 26.72 26.59 
20.36 18.05 17.83 15.88 13.93 12.91 13.05 9.10 6.43 5.48 0.00 5.99 7.12 10.78 13.64 16.46 19.36 22.08 24.28 25.41 27.74 28.39 27.10 26.74 26.25 24.95 25.93 26.30 26.54 25.80 28.26 28.84 26.29 26.27 28.09 27.25 24.67 25.22 27.21 24.61 22.81 23.23 24.08 21.45 20.60 21.00 21.12 18.70 19.60 21.92 22.53 21.19 23.09 22.79 23.27 23.65 25.36 27.28 27.26 27.53 27.01 25.58 21.89 19.29 17.49 14.58 12.39 11.09 13.20 12.05 13.00 14.90 14.89 13.87 15.50 17.43 16.90 17.48 20.12 21.18 19.62 20.25 22.48 22.79 23.69 24.40 27.38 26.62 28.76 25.85 26.82 28.01 28.05 24.50 24.15 25.81 25.77 23.65 23.50 24.87 25.46 23.48 23.34 24.80 25.78 24.77 24.43 26.05 26.79 25.92 26.80 26.62 
20.39 18.27 17.26 15.92 14.19 13.28 13.12 11.81 9.69 7.30 5.99 0.00 5.81 7.61 10.68 13.80 17.21 19.59 22.60 23.87 25.74 26.30 25.32 25.24 25.20 23.64 24.32 25.28 25.28 24.97 27.23 27.89 24.98 24.24 26.06 25.63 22.35 22.91 24.49 22.53 20.62 21.07 21.87 18.97 18.43 19.22 18.88 16.38 17.98 20.67 21.22 19.51 21.70 20.96 21.15 22.27 23.48 25.64 25.18 25.42 25.54 24.27 20.05 17.68 14.86 12.27 9.09 9.61 11.66 11.23 12.33 14.45 13.32 12.31 13.26 15.53 14.20 15.09 17.27 19.00 17.29 18.44 20.73 20.98 21.91 22.94 25.31 24.85 26.62 24.30 24.86 26.03 26.34 23.03 22.65 24.43 24.31 22.77 22.12 23.61 24.13 22.39 22.01 23.79 24.89 24.17 24.03 25.52 26.11 26.14 25.51 25.81 
20.45 18.05 17.35 14.90 13.10 13.07 13.34 12.68 11.39 10.00 7.12 5.81 0.00 6.04 6.95 10.74 13.54 16.79 18.99 20.84 22.71 22.96 21.44 22.04 22.36 20.61 21.49 22.78 23.40 22.31 24.27 25.04 22.23 21.01 22.41 22.28 19.50 18.95 20.40 19.32 17.74 18.63 19.04 16.95 16.24 17.17 16.97 14.94 16.36 18.78 19.24 17.17 18.78 18.01 17.85 18.10 19.19 20.40 20.45 21.00 20.90 19.82 15.96 13.63 10.86 8.42 6.76 7.27 10.45 9.66 10.75 13.21 11.93 10.08 11.24 12.96 12.14 11.97 14.18 15.96 14.68 15.90 17.92 18.30 19.09 20.56 22.56 21.82 23.52 21.40 22.33 23.29 23.62 20.70 20.58 22.19 22.09 20.21 19.95 21.68 22.29 20.50 20.27 21.86 23.57 22.26 22.44 23.26 24.89 24.40 24.16 24.47 
20.35 18.44 17.97 15.63 13.39 13.89 15.12 13.83 13.49 13.31 10.78 7.61 6.04 0.00 5.95 6.86 10.85 12.91 16.27 18.37 20.87 21.07 19.57 19.11 20.34 18.82 20.33 21.93 22.44 21.31 23.31 23.96 20.84 19.90 21.16 20.66 18.01 18.44 19.34 17.55 15.70 17.03 17.84 14.91 14.84 15.95 16.65 14.42 15.77 17.92 18.72 17.00 18.42 16.59 16.13 16.50 17.16 18.54 19.17 20.40 19.64 17.86 14.74 12.94 8.85 8.93 6.90 8.13 11.01 11.12 10.92 13.99 11.75 9.80 10.59 12.76 11.41 11.07 13.32 14.99 14.04 14.24 16.63 17.06 18.08 19.36 21.69 20.73 22.63 20.55 21.36 21.90 22.55 19.66 19.67 20.95 20.98 19.42 19.26 20.58 21.38 19.57 19.63 21.29 22.64 21.99 22.55 23.34 24.91 24.19 24.00 24.48 
20.36 18.31 18.48 16.93 14.65 14.74 16.86 15.69 14.94 15.66 13.64 10.68 6.95 5.95 0.00 5.79 6.71 10.03 12.06 14.53 17.07 18.21 16.41 16.41 17.56 16.87 18.09 20.36 21.06 20.34 22.39 23.21 19.64 17.72 19.99 19.22 16.22 15.91 18.64 16.31 14.10 14.48 16.14 13.50 12.73 14.76 15.93 13.37 14.24 17.43 18.66 16.58 17.34 15.83 14.98 13.96 14.04 15.71 17.08 16.30 15.60 13.97 11.69 8.27 6.79 6.24 8.35 8.81 12.80 13.03 13.79 14.12 13.01 10.88 11.71 12.85 11.06 10.72 13.05 13.83 12.15 13.35 15.70 15.44 16.51 18.14 20.87 19.75 21.68 19.51 20.34 21.10 21.69 18.61 18.41 19.74 19.97 18.11 17.95 19.39 20.20 18.46 18.59 20.47 22.20 21.24 21.42 21.98 24.06 23.78 23.85 23.78 
21.04 19.29 19.80 18.59 16.31 16.52 18.27 18.29 17.35 17.34 16.46 13.80 10.74 6.86 5.79 0.00 5.65 5.94 9.88 11.36 14.06 15.00 13.98 14.80 16.45 15.76 16.46 18.76 19.98 20.18 21.70 22.47 18.87 17.50 18.32 18.30 14.22 14.30 16.50 14.66 11.72 12.45 14.55 12.42 11.62 13.79 15.30 12.70 13.66 17.67 18.91 16.74 17.62 15.68 14.96 13.89 13.96 15.06 15.23 15.36 14.67 12.73 9.71 8.82 6.14 5.55 7.95 10.86 13.79 14.85 14.81 15.87 13.35 11.75 12.21 12.64 9.08 8.70 11.70 12.53 9.71 11.76 14.42 14.03 15.24 17.19 19.63 18.69 20.88 18.79 19.22 20.13 20.97 17.94 17.59 19.25 19.51 17.92 17.63 18.93 19.82 18.01 18.40 20.27 21.82 21.21 21.83 22.20 24.02 23.87 23.85 24.31 
22.42 20.69 21.44 20.17 18.35 19.30 21.77 20.83 20.06 20.47 19.36 17.21 13.54 10.85 6.71 5.65 0.00 5.55 6.11 8.78 10.70 12.55 11.38 12.92 14.14 14.15 14.79 17.21 18.90 19.00 20.32 21.82 18.30 16.04 16.31 16.87 13.23 12.71 14.50 14.07 10.75 13.01 14.69 12.85 11.82 14.57 15.93 14.12 15.14 18.53 19.99 17.29 17.40 15.64 14.91 13.44 12.71 12.72 13.12 11.93 11.52 10.73 8.61 7.39 7.31 8.89 10.70 12.21 16.51 16.63 17.70 18.32 16.63 14.42 14.81 15.04 12.05 10.94 12.01 13.21 11.06 11.80 13.76 13.96 15.05 16.73 19.06 17.89 20.32 17.89 18.62 19.43 20.35 17.48 17.57 19.12 19.46 17.86 17.76 19.40 20.41 18.92 19.07 21.03 22.35 21.89 22.27 22.07 25.03 24.46 25.05 25.76 
22.83 21.11 21.97 20.74 19.50 20.96 23.46 22.94 21.73 23.11 22.08 19.59 16.79 12.91 10.03 5.94 5.55 0.08 5.94 6.97 9.58 10.91 11.20 11.36 12.82 13.33 14.15 17.26 18.81 17.93 19.47 20.80 17.62 15.04 16.29 15.41 12.43 12.25 14.58 11.59 8.34 11.81 14.78 11.73 11.41 15.13 17.40 15.80 16.26 19.74 21.40 18.23 18.69 16.11 15.54 14.49 13.19 13.04 11.86 12.28 10.26 8.03 6.36 8.82 9.80 13.01 13.56 15.84 19.13 19.62 19.79 21.08 19.22 16.82 17.19 17.15 13.74 12.58 13.69 13.70 11.71 11.38 13.88 14.69 15.30 16.68 19.29 18.59 20.71 18.45 18.88 19.84 20.69 18.16 17.95 19.67 19.93 18.60 18.37 19.86 20.80 19.17 19.51 21.22 22.31 21.91 23.05 22.50 24.17 24.24 25.48 26.39 
23.75 22.03 22.66 21.52 20.59 22.38 25.20 24.95 23.81 25.65 24.28 22.60 18.99 16.27 12.06 9.88 6.11 5.94 1.23 5.39 6.95 8.67 7.17 8.37 10.57 11.28 10.93 14.28 16.25 15.89 16.96 19.41 15.46 12.37 14.67 15.84 11.39 11.40 14.24 13.51 10.01 12.50 15.63 14.04 12.87 16.76 18.78 16.77 17.23 20.90 22.97 19.56 19.26 17.01 16.52 14.56 12.34 11.00 10.49 9.51 6.48 4.70 6.58 9.47 10.54 12.10 16.40 17.79 21.10 21.80 22.25 23.74 21.80 19.49 19.24 18.86 14.97 13.82 15.10 14.37 11.49 12.29 14.40 14.22 15.28 16.86 19.70 18.36 20.61 18.55 19.18 20.16 20.76 18.16 17.95 19.40 19.71 18.37 18.26 19.75 20.42 19.04 19.54 21.00 22.06 21.58 22.33 21.59 24.11 24.15 25.32 25.19 
25.29 23.67 24.27 22.82 22.31 23.81 27.14 26.16 25.28 26.62 25.41 23.87 20.84 18.37 14.53 11.36 8.78 6.97 5.39 1.18 5.97 6.81 7.18 8.78 11.01 11.08 11.42 14.26 15.63 15.16 16.09 17.98 14.37 12.31 14.30 13.55 9.39 10.20 13.85 11.58 8.63 11.82 15.30 13.28 13.42 16.97 18.95 17.10 17.87 21.37 22.70 19.91 19.79 17.99 16.54 15.62 13.71 13.17 11.42 9.78 7.89 8.62 8.83 11.74 12.81 14.96 17.81 19.86 22.72 23.22 23.88 25.12 23.55 20.77 20.50 20.42 16.27 15.31 16.05 15.77 12.52 13.10 14.91 13.91 15.12 17.26 19.71 17.84 20.40 18.59 19.42 20.52 21.23 18.58 18.35 19.96 20.13 18.85 18.94 20.28 21.23 19.62 20.08 21.49 22.56 22.42 23.31 22.87 24.35 25.21 25.85 26.41 
27.79 26.61 27.60 25.98 24.98 27.08 30.52 29.25 28.05 29.59 27.74 25.74 22.71 20.87 17.07 14.06 10.70 9.58 6.95 5.97 1.14 5.86 6.17 7.74 9.24 10.51 11.38 13.06 15.13 15.40 16.08 17.79 15.77 14.04 14.73 15.89 12.22 12.89 15.01 15.10 12.16 15.52 17.46 16.31 15.73 18.79 21.01 19.51 20.61 23.30 24.58 21.89 22.04 19.86 18.53 16.82 15.18 14.03 12.02 10.31 10.42 11.34 11.47 13.07 15.70 16.57 19.82 21.51 25.73 26.30 26.82 27.70 26.63 24.10 23.77 23.31 20.60 18.79 19.36 19.10 16.42 16.06 17.29 17.05 17.34 18.71 21.70 20.64 22.98 20.82 21.54 22.72 23.14 20.46 20.37 22.18 22.40 20.98 20.89 22.72 23.39 22.45 22.70 24.34 25.68 25.35 25.98 25.77 27.50 27.44 28.79 29.07 
26.96 25.70 26.87 25.34 24.41 26.30 29.94 28.72 27.66 29.16 28.39 26.30 22.96 21.07 18.21 15.00 12.55 10.91 8.67 6.81 5.86 0.25 5.53 6.70 7.20 8.09 9.06 11.86 14.06 14.02 14.97 17.48 15.93 12.31 15.16 15.94 13.52 13.50 15.86 15.84 13.20 16.19 18.36 17.46 17.33 20.07 21.31 20.63 21.23 23.92 24.80 22.49 22.66 20.55 19.58 17.90 16.19 14.58 11.95 11.31 10.40 10.89 11.91 14.44 15.55 17.59 19.74 22.09 26.36 26.45 26.80 27.97 26.55 24.26 24.28 24.15 20.87 19.65 20.26 20.17 17.25 16.70 18.20 17.87 17.65 18.88 21.70 20.95 22.90 20.67 21.30 22.66 23.01 20.47 20.35 22.31 22.17 20.81 20.79 22.59 23.57 22.47 22.51 24.44 25.68 25.51 26.10 26.04 26.94 27.82 28.30 28.27 
26.24 24.76 25.94 24.44 22.99 25.05 28.53 27.05 25.82 27.36 27.10 25.32 21.44 19.57 16.41 13.98 11.38 11.20 7.17 7.18 6.17 5.53 0.07 5.31 7.46 6.58 6.44 9.94 12.68 10.90 11.79 15.47 12.36 7.61 12.44 15.17 10.60 10.40 15.07 14.96 12.13 15.22 18.07 17.51 17.36 19.29 21.10 20.29 21.43 23.50 24.85 22.19 22.12 19.44 18.81 16.30 14.76 12.18 10.84 9.52 7.53 8.16 10.57 11.83 14.37 16.43 19.92 21.48 25.97 25.78 26.27 27.15 26.53 24.17 24.25 24.23 20.79 19.87 20.50 19.91 16.70 17.22 18.50 17.55 17.18 18.84 21.21 20.14 22.34 20.04 20.98 22.01 22.39 19.61 19.82 21.41 21.23 19.78 20.13 21.79 22.58 21.53 22.06 23.59 24.70 24.46 25.22 24.66 26.43 26.57 28.18 26.97 
27.00 25.73 26.84 25.25 24.13 25.23 28.96 27.27 25.38 26.45 26.74 25.24 22.04 19.11 16.41 14.80 12.92 11.36 8.37 8.78 7.74 6.70 5.31 0.82 6.78 7.30 6.69 8.84 11.32 12.22 12.88 15.56 13.79 11.34 14.52 15.29 12.85 13.20 16.75 15.95 14.44 16.81 19.53 18.98 19.34 21.21 22.27 21.72 22.45 24.78 25.73 23.47 23.20 20.57 19.87 17.72 15.24 13.68 11.84 10.92 8.56 8.89 11.21 13.35 14.01 16.76 20.15 22.20 26.39 26.99 26.64 27.78 26.50 25.00 24.66 24.78 21.40 20.70 21.25 20.80 18.12 18.34 19.60 18.36 18.32 19.61 21.97 20.63 22.64 20.73 21.54 22.70 23.05 20.27 20.18 21.90 21.97 20.53 20.75 22.54 23.70 22.28 22.63 24.38 25.84 25.61 25.91 25.71 26.91 27.62 28.12 27.76 
28.12 27.28 28.12 26.63 25.40 26.77 29.27 27.63 25.67 26.33 26.25 25.20 22.36 20.34 17.56 16.45 14.14 12.82 10.57 11.01 9.24 7.20 7.46 6.78 1.22 6.22 7.84 7.64 9.27 11.05 13.11 14.64 13.10 13.63 14.83 15.35 13.13 15.17 17.55 16.71 16.06 18.32 20.31 19.53 20.15 21.78 23.12 22.23 23.44 25.48 26.17 24.01 23.94 21.71 20.56 19.42 17.43 16.61 15.39 15.33 14.97 14.73 14.37 14.88 16.59 18.78 22.63 23.91 27.38 27.59 28.39 28.06 27.11 25.70 26.03 25.75 23.12 21.75 21.94 21.71 19.46 18.92 20.18 19.67 19.58 20.39 22.49 21.53 23.28 21.55 22.34 23.65 23.93 21.21 21.06 23.01 22.97 21.65 21.64 23.82 24.97 24.22 24.23 25.97 27.47 27.46 27.67 27.00 28.46 28.43 29.44 29.67 
26.86 25.68 26.79 25.31 23.99 25.14 28.59 26.21 23.64 24.84 24.95 23.64 20.61 18.82 16.87 15.76 14.15 13.33 11.28 11.08 10.51 8.09 6.58 7.30 6.22 0.42 5.56 7.52 8.04 8.21 10.18 12.10 10.86 8.72 13.03 13.19 9.95 12.22 16.48 14.68 13.30 16.85 19.48 18.17 18.91 21.57 22.89 22.13 22.49 24.79 25.37 23.23 23.29 21.24 20.12 18.57 16.68 15.47 14.17 14.98 14.66 14.72 13.50 14.01 15.37 17.20 20.53 22.09 25.23 25.39 26.25 26.91 25.70 24.14 24.93 24.58 21.79 20.30 20.80 20.62 18.35 17.84 19.03 18.48 17.85 18.64 20.83 19.87 21.74 19.81 20.87 22.02 22.41 19.63 19.87 21.70 21.61 20.13 20.36 22.31 23.59 22.69 22.76 24.59 26.17 26.14 26.48 26.05 26.88 27.93 28.78 29.01 
26.54 25.90 26.90 25.28 23.92 25.96 28.64 26.63 24.11 24.89 25.93 24.32 21.49 20.33 18.09 16.46 14.79 14.15 10.93 11.42 11.38 9.06 6.44 6.69 7.84 5.56 1.99 6.12 7.88 6.14 7.59 11.35 7.83 5.40 10.64 13.11 9.22 10.50 15.99 15.07 13.16 16.63 20.03 19.25 19.55 22.09 23.75 22.81 23.57 25.65 26.29 23.89 23.87 21.79 20.45 18.06 16.02 14.91 14.10 14.37 14.52 14.31 14.35 14.53 15.99 18.10 20.99 22.06 25.85 26.23 27.05 27.49 26.68 25.41 26.22 26.01 22.58 21.27 21.95 21.41 18.63 18.45 19.91 18.88 18.05 18.51 20.83 20.24 21.89 19.96 21.09 22.49 22.76 20.15 20.22 22.26 22.02 20.43 20.61 22.77 23.78 23.14 23.36 25.05 26.53 26.55 26.79 26.68 27.92 28.66 29.53 28.83 
27.97 27.23 28.24 26.75 25.42 26.75 30.56 28.22 25.22 25.73 26.30 25.28 22.78 21.93 20.36 18.76 17.21 17.26 14.28 14.26 13.06 11.86 9.94 8.84 7.64 7.52 6.12 2.61 7.25 7.56 9.19 10.91 10.24 9.68 13.57 14.04 13.43 14.36 17.69 16.83 16.41 19.19 21.27 20.53 21.46 24.03 25.11 24.63 25.20 27.04 27.52 25.46 25.52 23.77 23.10 21.16 19.55 19.07 18.31 19.06 18.37 18.34 17.84 17.99 19.57 21.04 23.24 23.38 26.85 28.28 28.22 28.13 27.32 26.38 26.82 26.38 23.64 22.68 23.16 22.65 20.06 19.97 21.01 20.41 19.57 19.92 22.18 21.28 23.04 21.32 22.53 23.79 24.23 21.55 21.77 23.65 23.48 22.03 22.36 24.66 25.92 24.97 24.89 27.07 28.82 28.55 28.09 28.57 29.86 30.72 30.39 30.01 
28.76 27.94 28.70 27.10 25.78 27.57 30.42 28.43 26.24 25.90 26.54 25.28 23.40 22.44 21.06 19.98 18.90 18.81 16.25 15.63 15.13 14.06 12.68 11.32 9.27 8.04 7.88 7.25 2.99 6.05 7.59 9.61 8.06 10.51 12.62 13.23 12.91 15.34 17.97 16.71 17.01 19.98 22.00 20.67 22.01 24.03 24.89 24.39 25.71 27.53 27.76 25.85 26.29 25.10 23.92 22.85 21.83 21.53 20.70 21.32 21.57 21.70 20.67 20.62 21.85 22.58 24.28 24.54 27.42 27.88 28.24 28.20 27.65 26.65 26.51 26.53 24.41 23.33 23.00 22.85 20.64 20.12 20.93 20.43 19.98 20.11 21.87 20.86 22.79 20.91 22.14 23.58 23.87 21.47 21.54 23.51 23.45 22.22 22.47 24.85 25.96 25.42 25.60 27.68 29.22 28.96 28.98 29.86 30.74 30.80 31.27 31.65 
28.35 27.13 28.11 26.69 25.17 26.21 30.10 27.85 25.27 25.15 25.80 24.97 22.31 21.31 20.34 20.18 19.00 17.93 15.89 15.16 15.40 14.02 10.90 12.22 11.05 8.21 6.14 7.56 6.05 0.33 4.37 7.69 6.35 6.87 10.47 12.32 10.88 12.84 16.62 15.63 15.50 17.99 20.84 19.23 20.75 23.33 24.12 23.57 24.40 26.95 26.69 25.51 25.82 24.64 22.61 22.03 20.39 20.22 18.60 19.74 20.48 20.63 19.54 19.35 20.70 21.41 22.71 23.62 26.16 26.43 26.80 27.88 26.29 25.15 25.16 25.51 23.22 21.73 21.38 21.92 19.62 19.43 19.67 19.48 18.80 19.22 20.58 19.71 21.74 20.05 20.96 22.68 23.04 20.67 20.66 22.89 22.61 21.57 21.53 23.90 25.30 24.46 24.44 26.71 28.62 28.31 28.02 28.96 30.40 31.17 30.51 30.15 
30.42 29.63 30.58 29.08 27.50 29.42 32.27 30.76 27.74 27.65 28.26 27.23 24.27 23.31 22.39 21.70 20.32 19.47 16.96 16.09 16.08 14.97 11.79 12.88 13.11 10.18 7.59 9.19 7.59 4.37 2.07 7.62 7.41 6.44 10.42 13.70 12.82 13.65 16.82 16.88 16.74 18.89 21.20 20.44 22.12 24.01 25.08 24.73 26.26 28.01 28.06 26.84 27.41 25.78 23.97 22.69 21.41 21.11 19.91 21.16 22.12 22.40 21.42 21.22 22.46 23.34 24.07 24.78 27.67 28.16 28.40 29.00 28.27 27.20 27.21 27.41 24.86 23.25 23.39 23.23 21.14 20.32 21.33 20.77 20.22 20.39 22.31 21.50 23.45 21.27 22.56 24.07 24.48 22.06 22.04 24.26 24.17 22.65 22.82 25.31 26.57 25.82 26.13 28.35 30.00 29.91 29.67 30.56 31.97 32.23 32.52 30.54 
31.26 30.46 31.44 29.91 28.81 29.75 33.41 31.31 28.35 27.95 28.84 27.89 25.04 23.96 23.21 22.47 21.82 20.80 19.41 17.98 17.79 17.48 15.47 15.56 14.64 12.10 11.35 10.91 9.61 7.69 7.62 3.09 7.28 9.07 10.98 10.85 12.80 15.08 16.21 15.61 16.97 19.34 20.89 20.25 22.08 24.22 25.00 24.94 26.04 28.13 28.46 27.32 27.78 26.54 25.27 24.59 23.37 23.27 22.37 23.92 24.55 24.28 22.96 22.74 23.84 25.06 25.51 26.07 28.78 30.35 29.72 29.94 28.85 28.26 28.18 28.26 25.92 24.41 24.58 24.51 22.12 21.02 22.02 21.44 20.81 20.64 23.00 22.26 23.83 21.79 23.40 25.17 25.57 23.01 23.41 25.49 25.57 24.14 24.45 26.78 28.16 26.97 27.29 29.80 31.77 31.24 30.47 31.70 33.23 33.35 32.63 31.13 
29.73 28.67 29.68 28.14 26.67 28.34 30.77 28.56 26.31 26.61 26.29 24.98 22.23 20.84 19.64 18.87 18.30 17.62 15.46 14.37 15.77 15.93 12.36 13.79 13.10 10.86 7.83 10.24 8.06 6.35 7.41 7.28 0.66 5.94 7.94 7.25 8.39 10.60 13.87 12.40 13.06 16.31 18.71 17.32 18.26 21.00 22.44 21.85 23.11 25.47 25.86 24.43 25.34 24.26 22.68 21.68 21.30 21.22 19.77 20.99 21.86 21.59 20.18 19.91 21.06 22.03 23.05 23.54 27.03 27.22 27.35 27.41 26.70 26.17 25.92 26.13 23.77 22.89 22.67 22.53 20.06 19.40 20.09 19.11 18.16 18.32 20.17 19.15 20.79 18.63 20.26 22.03 22.78 20.06 20.48 22.95 23.14 21.66 21.98 24.25 25.57 24.49 24.94 26.87 28.36 28.20 28.36 30.01 30.52 30.53 30.75 30.78 
28.69 27.53 28.97 27.32 26.14 27.27 30.58 28.13 26.00 26.61 26.27 24.24 21.01 19.90 17.72 17.50 16.04 15.04 12.37 12.31 14.04 12.31 7.61 11.34 13.63 8.72 5.40 9.68 10.51 6.87 6.44 9.07 5.94 0.67 6.13 8.53 7.01 7.26 11.03 11.86 11.35 13.08 16.71 15.65 16.50 18.75 20.85 20.52 21.88 24.10 24.60 23.36 24.26 22.35 19.93 19.35 18.30 18.02 15.80 17.40 18.70 19.02 17.59 17.58 18.61 19.56 20.96 22.48 25.42 25.66 26.05 26.88 26.01 24.65 24.60 25.02 22.85 21.42 21.28 21.47 19.02 18.44 18.99 17.79 16.85 17.51 19.22 17.82 19.57 17.97 19.11 20.81 21.46 19.02 19.25 21.55 21.70 20.43 20.57 22.76 23.95 22.91 23.35 25.61 27.10 26.77 26.98 28.59 29.32 29.57 29.91 29.68 
30.25 29.82 30.94 29.57 28.41 30.11 32.26 30.62 28.08 28.61 28.09 26.06 22.41 21.16 19.99 18.32 16.31 16.29 14.67 14.30 14.73 15.16 12.44 14.52 14.83 13.03 10.64 13.57 12.62 10.47 10.42 10.98 7.94 6.13 3.26 7.83 8.87 7.04 9.35 11.33 11.94 12.36 14.98 16.07 17.31 18.47 20.40 21.06 22.98 24.60 25.15 24.09 24.88 23.55 21.12 19.86 19.03 19.05 17.62 19.15 20.50 21.08 19.63 18.98 19.68 20.34 21.18 22.49 25.33 25.67 26.42 26.99 26.88 25.42 25.66 25.83 23.80 22.01 22.41 22.22 19.96 18.82 19.93 18.73 17.86 18.33 20.58 18.97 20.69 18.75 20.21 21.61 22.41 20.28 20.60 22.80 22.92 21.66 21.91 23.94 25.03 24.07 24.89 26.80 28.24 28.18 28.47 29.90 30.22 31.23 31.46 30.44 
30.17 29.75 30.84 29.46 28.54 29.61 32.38 30.27 27.92 28.06 27.25 25.63 22.28 20.66 19.22 18.30 16.87 15.41 15.84 13.55 15.89 15.94 15.17 15.29 15.35 13.19 13.11 14.04 13.23 12.32 13.70 10.85 7.25 8.53 7.83 3.09 6.93 9.03 9.22 8.69 11.37 13.49 14.63 14.35 16.36 17.43 18.96 18.91 21.11 22.78 23.56 22.13 23.52 22.02 20.59 19.68 19.03 19.47 18.18 19.86 20.65 20.93 19.24 18.67 19.98 20.48 20.91 22.63 25.69 26.27 25.95 26.90 26.42 25.42 25.05 25.29 23.18 21.40 21.61 21.46 19.01 17.18 18.29 16.94 16.59 16.86 19.15 17.26 19.56 17.58 18.94 20.53 21.57 19.43 20.05 22.25 22.51 21.38 21.67 23.86 24.76 23.88 24.38 26.73 28.04 27.77 28.00 29.53 30.18 30.73 30.81 30.14 
28.61 28.04 29.16 27.82 26.03 27.79 29.87 27.80 25.43 26.12 24.67 22.35 19.50 18.01 16.22 14.22 13.23 12.43 11.39 9.39 12.22 13.52 10.60 12.85 13.13 9.95 9.22 13.43 12.91 10.88 12.82 12.80 8.39 7.01 8.87 6.93 1.99 6.07 9.16 6.79 6.70 10.50 13.51 11.35 11.76 14.86 16.60 15.48 17.30 19.89 20.96 19.00 20.57 18.99 16.69 16.09 16.36 16.12 14.28 15.88 17.26 17.35 14.90 15.31 16.91 17.04 17.37 19.73 23.70 23.49 23.70 24.90 24.96 22.91 23.04 23.27 20.96 19.47 19.54 19.26 16.48 15.60 16.08 14.16 13.65 14.77 16.51 14.20 16.43 14.48 15.82 17.90 18.76 16.59 17.30 19.86 20.17 18.85 19.23 21.41 22.20 21.41 21.89 23.76 24.93 24.69 25.45 26.72 27.42 27.41 28.14 29.43 
28.49 27.93 29.45 28.13 26.15 27.72 30.48 28.32 25.57 26.58 25.22 22.91 18.95 18.44 15.91 14.30 12.71 12.25 11.40 10.20 12.89 13.50 10.40 13.20 15.17 12.22 10.50 14.36 15.34 12.84 13.65 15.08 10.60 7.26 7.04 9.03 6.07 0.66 6.09 7.62 5.73 6.36 10.83 11.03 10.76 12.69 15.59 15.06 16.53 19.15 20.45 18.89 20.21 17.97 15.16 14.63 14.13 14.43 11.84 14.69 15.18 16.12 14.36 15.10 15.43 15.94 16.49 19.87 22.86 23.01 23.08 24.98 24.18 22.56 21.93 22.49 19.75 18.65 18.63 18.76 15.81 15.80 16.36 14.79 13.85 15.13 16.94 14.55 17.01 15.15 16.35 18.04 19.05 16.94 17.42 19.64 20.00 18.92 19.17 21.27 22.06 21.21 21.61 23.75 24.69 24.29 25.31 26.64 26.95 27.34 28.28 28.82 
30.29 30.11 31.27 29.70 27.95 29.57 32.10 30.03 27.21 28.01 27.21 24.49 20.40 19.34 18.64 16.50 14.50 14.58 14.24 13.85 15.01 15.86 15.07 16.75 17.55 16.48 15.99 17.69 17.97 16.62 16.82 16.21 13.87 11.03 9.35 9.22 9.16 6.09 2.71 6.75 8.37 6.64 8.65 10.62 12.55 12.72 15.04 16.25 17.82 19.76 21.37 19.81 20.54 18.70 16.99 16.26 15.53 15.29 14.03 16.42 16.80 17.57 16.43 16.84 17.28 17.49 18.07 20.66 24.18 24.46 24.58 25.68 25.76 23.94 23.40 23.51 21.11 19.87 20.04 20.00 17.43 16.76 17.94 15.78 15.58 16.42 18.19 15.63 18.11 16.49 17.70 19.47 20.67 18.84 19.42 21.78 22.03 20.90 21.32 23.37 23.97 23.06 23.78 25.66 26.60 26.27 27.05 27.52 28.53 28.89 30.02 29.23 
28.60 28.07 29.48 27.72 25.79 26.71 29.64 27.42 24.96 25.48 24.61 22.53 19.32 17.55 16.31 14.66 14.07 11.59 13.51 11.58 15.10 15.84 14.96 15.95 16.71 14.68 15.07 16.83 16.71 15.63 16.88 15.61 12.40 11.86 11.33 8.69 6.79 7.62 6.75 1.29 6.37 8.21 7.85 7.16 9.91 12.00 12.73 13.12 15.25 17.10 18.45 17.29 18.37 16.37 15.06 14.96 14.38 15.34 14.14 15.47 16.15 16.69 15.70 14.37 16.08 16.36 16.52 18.51 22.55 22.56 22.01 23.38 23.01 21.46 20.95 21.26 18.97 17.38 17.49 17.85 14.28 14.11 13.76 12.39 11.86 13.33 14.35 11.72 14.95 13.36 14.83 16.71 18.37 16.24 17.31 19.79 20.15 19.09 19.71 21.82 22.45 21.35 22.06 24.13 24.91 24.44 25.50 26.11 26.67 27.43 28.26 28.45 
26.81 26.30 27.43 25.68 23.42 24.76 27.11 25.04 23.20 23.98 22.81 20.62 17.74 15.70 14.10 11.72 10.75 8.34 10.01 8.63 12.16 13.20 12.13 14.44 16.06 13.30 13.16 16.41 17.01 15.50 16.74 16.97 13.06 11.35 11.94 11.37 6.70 5.73 8.37 6.37 0.44 5.87 9.24 6.60 6.32 9.24 12.54 11.33 13.37 15.84 17.50 15.73 17.20 14.79 12.90 11.36 13.15 13.47 11.18 12.61 14.23 14.21 11.68 10.31 13.60 13.08 12.65 15.38 20.80 20.45 20.59 22.12 21.50 19.52 19.10 19.73 16.74 16.08 16.18 16.07 12.42 12.77 13.81 11.14 10.62 12.66 14.12 11.19 14.55 13.09 14.69 16.61 18.18 16.19 16.83 19.18 19.46 18.13 18.59 20.69 21.09 20.16 20.87 22.51 22.95 22.98 23.94 23.78 25.39 25.46 26.29 27.51 
27.18 26.67 28.28 26.57 24.31 25.32 28.08 26.29 23.73 24.57 23.23 21.07 18.63 17.03 14.48 12.45 13.01 11.81 12.50 11.82 15.52 16.19 15.22 16.81 18.32 16.85 16.63 19.19 19.98 17.99 18.89 19.34 16.31 13.08 12.36 13.49 10.50 6.36 6.64 8.21 5.87 0.02 6.92 8.04 6.40 7.35 11.49 12.01 13.38 15.74 17.25 16.01 17.37 14.44 12.13 10.89 11.43 11.87 9.34 12.30 13.83 13.51 12.38 11.78 13.98 12.89 13.00 16.05 20.72 20.28 20.80 21.87 20.96 19.29 19.52 18.95 16.68 15.88 16.65 16.50 12.78 13.81 14.50 12.84 12.10 13.47 15.42 13.49 16.66 14.77 16.29 18.29 19.71 17.63 18.12 20.45 20.94 19.65 19.86 21.87 22.43 21.26 21.97 23.71 24.19 23.75 25.27 25.39 25.72 26.39 27.67 28.56 
28.19 27.97 29.13 27.28 24.97 26.22 28.64 26.79 24.25 25.39 24.08 21.87 19.04 17.84 16.14 14.55 14.69 14.78 15.63 15.30 17.46 18.36 18.07 19.53 20.31 19.48 20.03 21.27 22.00 20.84 21.20 20.89 18.71 16.71 14.98 14.63 13.51 10.83 8.65 7.85 9.24 6.92 1.48 6.88 8.81 8.01 9.91 11.21 13.60 14.97 16.44 16.43 17.06 15.42 14.90 13.61 13.92 14.21 13.30 15.36 15.43 16.06 15.35 14.49 15.67 15.27 15.59 17.69 21.65 21.58 21.66 22.38 21.58 20.24 20.12 20.24 17.33 17.01 17.74 16.42 14.54 13.86 15.06 12.42 13.03 13.80 15.91 14.72 17.94 15.81 17.54 19.62 20.70 18.66 19.52 21.98 22.27 21.11 21.46 23.48 23.86 22.80 23.36 25.15 25.56 25.29 26.23 26.11 27.08 27.56 29.08 28.55 
26.86 25.64 27.00 25.30 22.86 23.38 25.83 24.18 21.94 22.46 21.45 18.97 16.95 14.91 13.50 12.42 12.85 11.73 14.04 13.28 16.31 17.46 17.51 18.98 19.53 18.17 19.25 20.53 20.67 19.23 20.44 20.25 17.32 15.65 16.07 14.35 11.35 11.03 10.62 7.16 6.60 8.04 6.88 0.00 6.35 7.91 7.23 7.46 10.76 13.03 13.46 12.86 14.80 12.82 13.04 12.01 12.50 13.09 12.90 13.35 13.96 14.45 13.41 10.30 12.86 12.56 12.43 13.29 18.45 18.05 17.65 18.79 18.34 16.43 16.69 17.63 14.60 14.50 13.30 13.40 9.19 11.34 10.67 7.79 9.34 12.25 13.61 12.30 15.94 14.48 16.18 18.08 18.96 17.03 18.08 20.22 20.50 19.26 19.73 21.62 22.00 20.73 21.47 23.19 23.60 23.03 24.44 24.62 24.99 25.81 27.10 27.66 
26.91 25.51 26.42 24.61 22.25 22.57 24.79 23.21 21.86 22.14 20.60 18.43 16.24 14.84 12.73 11.62 11.82 11.41 12.87 13.42 15.73 17.33 17.36 19.34 20.15 18.91 19.55 21.46 22.01 20.75 22.12 22.08 18.26 16.50 17.31 16.36 11.76 10.76 12.55 9.91 6.32 6.40 8.81 6.35 0.00 6.04 7.89 7.68 8.97 11.69 13.67 12.08 13.50 11.94 11.37 8.79 11.29 12.66 11.02 12.06 14.35 14.09 11.62 8.24 11.02 10.44 9.98 11.62 16.90 16.64 16.66 17.71 16.66 15.20 15.38 15.65 12.02 12.14 13.43 11.21 7.08 9.84 12.15 9.25 9.17 12.57 15.01 13.39 16.70 15.20 16.80 18.24 19.17 17.14 18.09 19.80 19.83 18.49 18.89 20.70 20.79 20.02 20.65 22.21 22.34 22.14 23.54 23.47 24.36 24.46 26.29 27.65 
27.71 26.45 27.49 26.02 23.35 24.00 25.80 24.60 22.29 22.75 21.00 19.22 17.17 15.95 14.76 13.79 14.57 15.13 16.76 16.97 18.79 20.07 19.29 21.21 21.78 21.57 22.09 24.03 24.03 23.33 24.01 24.22 21.00 18.75 18.47 17.43 14.86 12.69 12.72 12.00 9.24 7.35 8.01 7.91 6.04 0.00 6.44 7.43 7.76 9.60 11.77 11.57 12.08 10.62 8.65 6.88 10.01 11.99 9.56 12.50 15.58 15.68 12.28 9.91 12.09 11.32 10.97 12.44 16.58 17.04 17.40 17.70 16.69 16.29 16.68 16.85 13.71 14.09 14.45 13.92 10.98 12.10 13.59 12.84 12.55 14.85 17.45 16.59 19.18 17.66 18.98 20.54 21.48 19.32 20.00 22.07 22.32 20.95 21.12 22.90 23.12 21.80 22.58 24.12 24.21 23.73 25.54 25.38 25.20 26.05 28.13 28.79 
27.89 26.94 28.04 25.78 22.73 23.57 26.01 24.07 21.85 22.55 21.12 18.88 16.97 16.65 15.93 15.30 15.93 17.40 18.78 18.95 21.01 21.31 21.10 22.27 23.12 22.89 23.75 25.11 24.89 24.12 25.08 25.00 22.44 20.85 20.40 18.96 16.60 15.59 15.04 12.73 12.54 11.49 9.91 7.23 7.89 6.44 2.69 6.08 7.88 7.86 9.48 10.23 12.12 10.93 10.90 10.92 12.72 14.35 15.26 16.18 17.74 17.29 15.67 13.12 13.67 13.08 13.28 13.55 17.11 17.00 17.31 17.50 16.18 16.02 16.61 15.98 14.34 14.02 14.11 11.15 12.12 12.23 12.98 11.66 13.89 15.39 17.95 17.40 20.46 18.70 20.51 21.74 22.44 20.28 20.96 22.99 23.08 21.67 21.88 23.71 23.87 22.68 23.04 24.84 25.08 24.73 25.61 25.56 26.69 27.11 28.69 28.12 
26.71 24.94 25.88 24.47 21.19 21.25 23.23 22.16 20.02 20.61 18.70 16.38 14.94 14.42 13.37 12.70 14.12 15.80 16.77 17.10 19.51 20.63 20.29 21.72 22.23 22.13 22.81 24.63 24.39 23.57 24.73 24.94 21.85 20.52 21.06 18.91 15.48 15.06 16.25 13.12 11.33 12.01 11.21 7.46 7.68 7.43 6.08 0.00 6.10 7.76 7.16 6.78 10.18 8.63 9.85 9.76 11.28 12.59 15.43 16.70 17.09 16.32 14.85 11.38 12.47 11.35 11.75 11.62 15.19 15.02 14.99 15.62 14.24 13.46 12.99 13.22 10.15 11.60 10.33 8.27 8.36 11.40 11.52 9.67 12.78 14.93 17.66 17.08 19.87 18.00 19.80 20.98 21.47 19.23 19.94 21.66 21.64 20.25 20.63 22.05 22.21 20.80 21.59 23.04 23.47 22.78 24.09 24.06 24.57 25.52 26.87 27.33 
26.95 25.33 26.10 25.11 21.85 21.38 23.37 22.30 21.30 20.90 19.60 17.98 16.36 15.77 14.24 13.66 15.14 16.26 17.23 17.87 20.61 21.23 21.43 22.45 23.44 22.49 23.57 25.20 25.71 24.40 26.26 26.04 23.11 21.88 22.98 21.11 17.30 16.53 17.82 15.25 13.37 13.38 13.60 10.76 8.97 7.76 7.88 6.10 2.23 6.87 8.60 7.10 8.30 8.37 9.60 8.14 11.53 13.91 15.22 17.68 18.77 17.01 15.84 12.51 13.16 11.41 12.52 11.87 15.49 14.34 14.58 15.33 12.83 11.86 12.29 12.65 9.56 10.47 12.09 10.93 9.34 11.61 13.96 13.12 14.21 16.34 18.78 18.26 21.32 19.21 20.73 21.70 22.18 20.00 20.57 22.08 21.92 20.60 20.89 22.42 22.63 21.60 21.97 23.51 23.74 23.21 24.35 23.96 25.00 25.32 26.99 27.72 
28.28 26.97 27.97 26.41 23.68 23.87 25.70 24.92 23.62 23.58 21.92 20.67 18.78 17.92 17.43 17.67 18.53 19.74 20.90 21.37 23.30 23.92 23.50 24.78 25.48 24.79 25.65 27.04 27.53 26.95 28.01 28.13 25.47 24.10 24.60 22.78 19.89 19.15 19.76 17.10 15.84 15.74 14.97 13.03 11.69 9.60 7.86 7.76 6.87 0.82 7.47 7.74 9.15 9.17 10.95 9.53 13.18 16.51 18.84 20.59 23.26 21.82 19.71 16.48 16.02 14.25 14.08 13.88 15.72 15.54 15.70 15.88 13.35 12.99 13.58 14.02 11.89 12.31 13.82 13.36 12.81 13.80 15.92 16.20 17.75 18.89 21.87 21.61 24.12 22.19 23.28 24.54 25.09 22.92 23.23 24.92 24.74 23.30 23.52 25.05 25.41 23.74 24.36 25.64 26.04 25.13 26.57 25.62 26.04 26.59 28.67 29.02 
28.87 28.25 29.06 27.22 23.80 24.65 26.96 25.79 23.84 24.16 22.53 21.22 19.24 18.72 18.66 18.91 19.99 21.40 22.97 22.70 24.58 24.80 24.85 25.73 26.17 25.37 26.29 27.52 27.76 26.69 28.06 28.46 25.86 24.60 25.15 23.56 20.96 20.45 21.37 18.45 17.50 17.25 16.44 13.46 13.67 11.77 9.48 7.16 8.60 7.47 1.74 6.20 9.24 9.41 12.09 12.90 16.01 19.64 22.30 24.66 24.83 24.64 22.93 19.42 18.37 16.04 15.13 13.31 14.65 13.49 13.84 14.44 13.40 12.73 13.40 12.09 12.20 13.21 13.38 10.40 13.50 14.32 16.60 16.56 18.97 20.31 23.67 23.41 26.15 23.81 25.10 26.14 26.67 24.02 24.44 26.08 25.81 24.31 24.42 26.12 26.39 24.84 25.04 26.72 27.15 26.04 26.59 26.68 27.87 27.54 29.24 28.57 
28.75 27.07 27.72 26.15 23.34 23.27 25.30 24.28 22.58 22.61 21.19 19.51 17.17 17.00 16.58 16.74 17.29 18.23 19.56 19.91 21.89 22.49 22.19 23.47 24.01 23.23 23.89 25.46 25.85 25.51 26.84 27.32 24.43 23.36 24.09 22.13 19.00 18.89 19.81 17.29 15.73 16.01 16.43 12.86 12.08 11.57 10.23 6.78 7.10 7.74 6.20 0.00 6.50 7.12 9.02 10.56 13.06 16.10 19.52 21.59 22.36 21.68 19.74 16.57 15.63 12.96 10.49 9.60 10.86 10.73 10.47 11.50 10.17 10.70 10.28 9.31 9.23 11.91 11.33 8.95 11.68 14.28 16.83 16.21 18.55 20.01 23.19 22.85 25.11 22.99 24.23 25.38 25.38 23.33 23.27 24.60 24.14 22.92 23.14 24.35 24.53 22.94 23.55 24.80 25.12 24.28 25.41 25.27 25.73 26.14 27.64 27.63 
30.19 28.77 29.72 28.27 25.08 25.25 26.81 26.10 24.87 24.77 23.09 21.70 18.78 18.42 17.34 17.62 17.40 18.69 19.26 19.79 22.04 22.66 22.12 23.20 23.94 23.29 23.87 25.52 26.29 25.82 27.41 27.78 25.34 24.26 24.88 23.52 20.57 20.21 20.54 18.37 17.20 17.37 17.06 14.80 13.50 12.08 12.12 10.18 8.30 9.15 9.24 6.50 1.47 6.98 7.96 9.64 12.70 15.97 18.98 20.90 22.34 21.30 20.09 16.86 15.14 12.43 11.00 7.01 10.74 11.32 12.19 12.48 10.90 11.38 12.85 13.08 11.65 13.10 15.59 14.60 14.76 16.33 19.49 19.29 20.67 21.81 25.08 24.73 27.21 24.91 25.92 27.04 27.13 24.65 24.72 25.71 25.13 23.98 24.28 25.44 25.67 24.60 24.78 26.16 26.81 25.97 26.80 26.74 27.78 27.14 28.84 28.98 
29.71 28.32 29.51 27.70 24.89 25.29 27.15 25.91 24.16 24.13 22.79 20.96 18.01 16.59 15.83 15.68 15.64 16.11 17.01 17.99 19.86 20.55 19.44 20.57 21.71 21.24 21.79 23.77 25.10 24.64 25.78 26.54 24.26 22.35 23.55 22.02 18.99 17.97 18.70 16.37 14.79 14.44 15.42 12.82 11.94 10.62 10.93 8.63 8.37 9.17 9.41 7.12 6.98 0.00 5.80 6.24 8.80 12.08 14.64 16.91 19.06 19.63 16.04 13.06 10.62 10.12 6.79 4.69 8.44 10.90 11.78 13.28 11.51 11.30 12.45 13.75 11.27 12.77 14.87 14.90 14.60 15.93 18.89 19.50 20.02 21.92 25.27 24.53 26.80 24.86 25.55 26.87 27.05 24.33 24.17 25.46 25.01 23.26 23.46 24.89 25.23 23.62 23.94 25.45 26.24 25.36 26.33 26.52 27.27 27.06 28.38 28.18 
30.63 29.64 30.32 28.08 25.08 26.08 28.13 26.78 24.79 24.98 23.27 21.15 17.85 16.13 14.98 14.96 14.91 15.54 16.52 16.54 18.53 19.58 18.81 19.87 20.56 20.12 20.45 23.10 23.92 22.61 23.97 25.27 22.68 19.93 21.12 20.59 16.69 15.16 16.99 15.06 12.90 12.13 14.90 13.04 11.37 8.65 10.90 9.85 9.60 10.95 12.09 9.02 7.96 5.80 0.00 6.52 6.84 10.56 13.68 15.00 18.34 17.44 14.16 11.11 9.79 7.77 6.86 6.73 10.91 11.48 13.49 14.87 14.18 12.37 13.60 14.29 13.33 13.76 15.77 15.48 15.60 17.09 20.01 20.25 21.09 22.80 26.41 25.34 27.78 25.26 26.27 27.61 27.90 24.92 24.72 26.33 25.90 23.96 23.98 25.36 25.88 24.26 24.29 25.96 27.08 25.83 25.94 26.52 28.23 27.35 28.29 27.44 
31.04 29.64 29.77 27.85 25.95 26.30 27.92 27.07 25.59 26.05 23.65 22.27 18.10 16.50 13.96 13.89 13.44 14.49 14.56 15.62 16.82 17.90 16.30 17.72 19.42 18.57 18.06 21.16 22.85 22.03 22.69 24.59 21.68 19.35 19.86 19.68 16.09 14.63 16.26 14.96 11.36 10.89 13.61 12.01 8.79 6.88 10.92 9.76 8.14 9.53 12.90 10.56 9.64 6.24 6.52 0.00 6.85 7.18 9.73 12.56 14.99 16.10 11.52 8.68 7.48 8.09 6.95 8.31 12.62 14.84 14.71 16.71 14.65 13.46 14.08 15.36 14.52 14.53 16.56 16.79 16.65 17.95 20.33 20.97 21.53 23.35 26.06 25.46 27.41 25.52 26.07 27.19 27.31 24.39 24.06 25.28 24.72 23.03 23.23 24.54 24.93 23.46 23.42 25.05 26.03 25.16 25.64 26.16 27.27 27.07 27.64 27.11 
30.76 29.63 30.20 28.83 27.03 27.40 29.01 28.22 27.43 27.85 25.36 23.48 19.19 17.16 14.04 13.96 12.71 13.19 12.34 13.71 15.18 16.19 14.76 15.24 17.43 16.68 16.02 19.55 21.83 20.39 21.41 23.37 21.30 18.30 19.03 19.03 16.36 14.13 15.53 14.38 13.15 11.43 13.92 12.50 11.29 10.01 12.72 11.28 11.53 13.18 16.01 13.06 12.70 8.80 6.84 6.85 1.99 5.33 7.09 9.72 12.00 11.88 10.01 8.76 5.55 7.50 8.12 9.12 14.88 15.79 15.47 16.97 16.08 14.80 15.95 17.73 17.35 17.06 18.54 19.33 18.99 19.29 21.68 21.96 23.20 24.41 27.24 26.47 28.89 26.48 26.91 27.67 27.78 24.92 24.61 25.61 24.97 23.31 23.57 24.95 25.61 24.40 24.40 25.91 27.23 26.57 26.97 27.40 29.10 28.18 28.99 28.82 
30.70 30.01 30.74 28.67 27.19 28.18 30.31 29.27 28.39 29.27 27.28 25.64 20.40 18.54 15.71 15.06 12.72 13.04 11.00 13.17 14.03 14.58 12.18 13.68 16.61 15.47 14.91 19.07 21.53 20.22 21.11 23.27 21.22 18.02 19.05 19.47 16.12 14.43 15.29 15.34 13.47 11.87 14.21 13.09 12.66 11.99 14.35 12.59 13.91 16.51 19.64 16.10 15.97 12.08 10.56 7.18 5.33 1.87 6.49 7.69 9.56 10.67 9.64 8.59 7.31 9.47 11.17 12.49 17.67 19.21 18.41 20.29 19.31 17.55 18.08 19.54 18.38 18.51 19.95 20.72 19.45 20.27 22.41 22.62 23.57 25.54 28.07 27.69 29.30 27.62 27.66 28.76 28.50 25.79 25.27 26.44 25.54 23.85 23.89 25.30 25.80 24.53 24.29 26.14 27.26 26.80 27.04 27.60 28.51 28.40 28.93 28.61 
30.70 30.16 30.82 28.35 26.64 28.02 30.51 29.61 28.07 29.47 27.26 25.18 20.45 19.17 17.08 15.23 13.12 11.86 10.49 11.42 12.02 11.95 10.84 11.84 15.39 14.17 14.10 18.31 20.70 18.60 19.91 22.37 19.77 15.80 17.62 18.18 14.28 11.84 14.03 14.14 11.18 9.34 13.30 12.90 11.02 9.56 15.26 15.43 15.22 18.84 22.30 19.52 18.98 14.64 13.68 9.73 7.09 6.49 3.48 6.05 6.79 9.06 7.11 7.10 7.90 10.00 12.49 14.34 20.18 21.19 19.71 21.62 21.43 19.04 19.43 20.57 18.73 18.71 19.84 20.58 19.01 19.66 22.26 22.43 23.25 25.08 27.93 26.97 29.20 26.82 27.28 28.46 28.73 25.52 25.07 26.44 25.92 23.84 23.81 25.08 25.95 24.29 23.99 25.63 27.41 26.34 25.85 27.14 29.03 28.41 28.65 28.13 
31.10 30.36 30.94 28.58 27.39 28.40 30.97 30.27 28.96 30.00 27.53 25.42 21.00 20.40 16.30 15.36 11.93 12.28 9.51 9.78 10.31 11.31 9.52 10.92 15.33 14.98 14.37 19.06 21.32 19.74 21.16 23.92 20.99 17.40 19.15 19.86 15.88 14.69 16.42 15.47 12.61 12.30 15.36 13.35 12.06 12.50 16.18 16.70 17.68 20.59 24.66 21.59 20.90 16.91 15.00 12.56 9.72 7.69 6.05 1.01 5.29 4.76 4.54 7.35 9.13 11.57 13.66 16.87 22.04 22.36 22.06 23.45 22.85 20.28 20.44 21.88 20.18 19.51 20.74 21.76 20.20 21.28 23.47 24.01 24.35 26.42 29.02 28.35 30.07 28.06 27.94 29.27 29.32 26.13 25.32 26.50 26.01 24.04 24.02 25.43 26.19 24.56 24.11 26.12 27.52 26.72 26.18 27.76 29.20 28.96 28.09 27.84 
