0.00 3.54 5.51 9.00 11.37 13.18 17.74 18.16 19.95 21.15 21.40 21.70 20.75 17.59 16.58 16.67 15.94 15.34 15.18 15.17 16.39 16.76 18.03 20.18 22.26 23.84 25.84 26.40 24.83 23.70 22.43 22.29 21.31 20.19 21.37 21.38 20.17 18.60 18.76 19.21 18.09 17.53 18.09 19.52 20.01 20.98 22.36 23.65 23.94 23.89 23.57 21.78 21.45 23.03 22.81 21.45 22.38 23.34 23.32 22.86 22.61 22.46 23.69 23.55 23.12 23.25 26.04 26.09 26.67 26.16 28.61 28.69 27.19 25.63 26.30 27.56 26.28 24.29 25.47 26.11 24.38 23.88 26.32 27.45 26.93 26.24 27.16 28.18 27.95 26.71 26.69 29.42 30.43 32.91 
3.54 0.28 3.42 6.30 9.97 13.16 17.58 17.27 18.84 20.66 21.03 21.02 19.94 17.26 16.75 16.00 15.48 13.63 13.67 13.95 15.24 15.02 17.00 18.99 21.67 23.09 25.91 26.41 24.48 22.82 22.05 21.91 20.20 19.38 21.03 20.34 18.92 17.29 17.65 17.81 16.27 16.26 16.82 18.08 18.75 19.65 21.51 22.44 22.77 22.85 22.98 20.34 19.73 21.66 22.34 19.98 20.90 21.45 21.99 21.56 21.58 20.86 23.22 22.75 22.48 21.76 25.56 25.45 26.33 24.62 27.86 28.25 27.19 24.48 25.34 27.08 25.91 23.22 24.62 25.49 23.85 22.58 25.97 26.21 25.05 25.23 27.70 27.19 25.27 26.00 27.16 29.41 28.07 33.29 
5.51 3.42 0.66 5.37 8.21 10.42 14.70 14.72 16.03 17.27 18.90 17.81 17.40 14.84 14.68 14.83 12.59 11.84 11.94 11.18 13.35 13.83 15.33 17.10 19.66 21.26 24.33 25.01 22.71 21.53 20.45 19.93 18.07 17.32 18.88 17.98 16.65 15.61 14.70 14.64 13.28 13.71 14.75 15.17 15.92 16.57 18.79 19.79 20.02 20.13 20.93 17.61 16.98 19.06 20.09 17.77 17.97 19.11 19.72 19.29 19.36 18.93 21.54 20.98 20.52 19.88 23.90 23.66 24.66 22.71 26.14 26.44 25.37 22.30 22.98 24.84 23.71 20.73 22.35 23.50 21.72 20.49 23.39 23.95 23.47 23.31 25.00 25.84 25.35 23.32 25.39 27.82 28.30 30.58 
9.00 6.30 5.37 0.67 6.91 8.40 12.56 12.09 13.35 15.66 16.32 16.88 15.18 12.43 13.69 12.93 11.69 12.07 12.73 11.08 12.65 13.84 15.31 16.28 18.91 20.47 23.25 23.82 22.22 20.98 19.53 19.20 17.67 17.16 18.19 17.26 16.57 14.47 14.40 14.06 12.92 12.60 13.59 14.15 15.54 15.95 16.90 17.99 18.52 18.56 18.57 15.53 15.75 17.65 18.07 15.43 17.00 17.96 18.58 17.85 17.74 17.64 20.48 20.18 19.45 18.98 22.69 23.01 23.61 21.86 24.92 25.64 24.29 21.25 21.86 24.09 22.49 19.71 21.31 22.91 20.98 19.65 22.52 23.57 22.62 22.54 24.72 24.19 22.89 22.64 25.64 25.94 26.24 30.43 
11.37 9.97 8.21 6.91 0.00 5.28 8.57 10.01 11.92 13.76 13.43 14.68 12.57 9.58 10.47 11.98 12.59 12.81 12.98 10.77 11.49 12.18 13.94 15.72 19.31 21.06 24.44 25.04 22.99 21.16 19.82 19.73 18.70 17.25 18.85 19.13 17.93 16.36 15.70 15.70 13.56 12.33 12.74 13.58 14.58 15.88 17.55 19.09 19.17 19.49 19.49 16.19 16.70 18.94 18.74 16.40 18.68 19.83 20.19 18.84 18.00 17.56 20.63 20.12 19.26 18.86 22.89 23.05 23.78 22.05 25.56 26.23 24.97 21.71 23.10 25.18 23.65 20.27 22.31 23.76 21.32 19.95 22.87 23.76 22.71 22.96 24.87 25.40 25.46 27.26 25.95 26.56 26.17 32.09 
13.18 13.16 10.42 8.40 5.28 0.00 6.98 6.71 9.84 12.05 11.90 11.45 12.32 9.41 11.02 12.08 13.27 13.85 13.41 10.53 10.60 10.55 12.75 14.95 18.18 20.21 23.92 25.33 22.95 20.22 18.88 19.02 18.03 16.97 18.94 18.69 17.46 16.22 15.24 14.96 11.92 10.78 10.54 11.07 11.86 14.46 15.19 17.87 17.68 18.25 18.34 14.33 14.59 16.91 17.10 14.52 16.44 17.55 17.30 16.90 16.14 15.47 18.40 18.27 17.64 17.58 21.44 21.69 22.98 20.96 24.45 25.19 24.00 20.67 21.52 24.00 22.52 19.35 20.55 22.33 20.03 18.45 21.34 22.47 21.31 21.77 23.66 23.89 23.63 24.65 25.20 26.18 25.70 31.65 
17.74 17.58 14.70 12.56 8.57 6.98 3.61 6.65 7.67 11.67 10.24 11.37 10.89 9.87 11.33 13.04 14.23 14.99 14.99 11.80 12.25 12.50 13.78 15.90 19.86 21.14 24.97 26.21 24.02 22.01 20.18 20.29 18.96 18.43 20.31 19.95 19.04 18.86 17.53 16.44 13.98 12.94 11.77 11.23 11.69 13.61 14.11 16.77 17.82 17.35 17.73 12.75 13.73 16.27 16.11 14.14 17.13 17.14 17.29 16.82 16.99 15.99 18.71 18.31 18.27 17.82 21.76 21.74 23.35 20.96 24.49 25.04 24.33 20.45 21.30 23.64 22.77 19.12 20.63 22.04 20.19 18.48 21.15 21.81 20.88 20.95 23.15 24.39 24.00 24.23 24.08 26.10 26.65 30.59 
18.16 17.27 14.72 12.09 10.01 6.71 6.65 0.67 5.24 6.64 8.67 8.82 10.27 8.11 10.36 13.28 14.76 14.91 15.39 13.16 12.60 12.88 13.88 14.56 17.64 18.73 22.65 24.42 21.97 19.87 18.26 18.33 17.42 17.14 18.86 18.58 17.95 16.95 16.53 16.50 13.47 10.86 10.71 9.81 10.36 10.80 10.74 14.13 14.05 13.52 12.85 8.61 10.92 13.13 12.86 11.27 14.41 15.26 15.42 15.32 14.99 14.54 17.16 17.17 16.32 16.25 19.94 20.06 21.66 19.82 22.94 23.67 22.57 19.46 19.90 22.50 21.19 18.03 19.32 21.08 18.68 16.80 19.42 20.97 20.09 19.64 21.69 22.69 22.93 22.56 23.42 24.23 25.05 29.83 
19.95 18.84 16.03 13.35 11.92 9.84 7.67 5.24 0.00 5.54 5.92 8.98 9.84 11.28 11.63 15.23 16.42 17.77 16.88 14.90 14.22 14.57 15.21 15.74 17.19 18.32 21.91 23.33 21.24 19.21 17.79 18.19 17.10 17.08 18.88 19.99 18.90 18.10 17.65 17.68 14.82 12.54 11.42 10.42 10.31 10.32 11.78 12.57 13.63 12.61 13.77 10.06 11.54 13.49 13.62 11.84 15.75 16.24 16.72 15.87 14.79 14.01 17.30 16.83 15.59 15.73 19.52 19.40 21.56 19.66 22.80 23.10 22.29 19.54 20.37 22.53 21.40 18.39 20.03 21.44 18.96 17.33 20.04 20.92 20.49 19.61 21.84 22.22 22.74 22.41 23.15 24.42 25.70 28.00 
21.15 20.66 17.27 15.66 13.76 12.05 11.67 6.64 5.54 0.00 4.41 6.91 9.29 10.63 12.46 14.41 15.42 17.72 16.16 14.53 13.83 14.75 15.16 16.03 17.78 18.72 22.43 23.85 21.85 20.35 17.95 18.20 17.04 17.27 19.02 19.47 18.80 17.79 17.34 17.98 15.89 14.94 12.01 11.01 10.28 11.33 8.78 11.76 12.90 13.00 13.21 7.85 11.22 13.99 13.25 11.33 15.52 16.52 16.14 15.90 14.39 13.91 16.93 16.76 15.67 16.10 19.75 19.75 21.71 19.79 22.93 23.50 22.43 19.76 20.05 22.47 21.13 18.40 19.55 20.88 18.66 17.27 19.80 20.30 19.69 19.46 21.61 21.54 22.88 22.08 23.37 24.03 25.89 28.00 
21.40 21.03 18.90 16.32 13.43 11.90 10.24 8.67 5.92 4.41 0.89 5.67 7.36 8.68 11.58 14.36 15.44 17.41 16.84 14.55 14.85 15.61 16.58 17.70 19.47 20.59 23.98 25.25 23.01 21.41 19.58 19.18 17.57 17.36 20.00 20.45 19.46 19.07 18.27 18.97 17.17 14.75 12.31 10.46 10.26 8.38 6.20 8.76 11.80 11.82 11.27 7.45 11.12 14.73 13.77 12.75 17.40 18.26 17.86 17.55 17.20 16.04 18.58 18.31 17.53 17.39 20.91 20.86 22.56 20.27 23.29 23.78 22.86 19.51 19.74 22.17 21.07 18.36 19.71 20.68 18.66 17.57 20.02 20.81 20.10 19.89 21.72 22.52 22.83 22.31 24.38 25.44 27.05 29.12 
21.70 21.02 17.81 16.88 14.68 11.45 11.37 8.82 8.98 6.91 5.67 0.00 5.83 7.97 10.66 13.89 14.98 17.26 16.92 16.15 15.86 16.31 18.15 18.80 21.07 21.97 25.49 26.63 24.18 22.30 20.10 20.45 18.36 18.75 20.31 21.37 20.59 20.20 20.00 21.54 19.22 17.20 15.38 14.54 12.26 12.48 10.69 13.30 14.12 15.03 16.29 12.58 14.94 17.34 17.30 16.90 20.87 21.32 21.16 21.34 20.21 19.26 21.50 21.12 20.26 20.17 23.14 23.04 24.18 22.30 24.82 25.52 24.33 21.90 21.82 24.21 22.87 20.34 21.49 22.91 20.70 19.81 22.20 23.41 23.01 22.96 24.44 24.67 25.60 25.39 26.49 27.38 28.58 30.56 
20.75 19.94 17.40 15.18 12.57 12.32 10.89 10.27 9.84 9.29 7.36 5.83 0.00 5.41 6.68 9.98 12.69 14.55 14.78 14.07 14.78 16.00 17.48 18.18 21.43 22.47 25.87 26.25 23.93 21.45 19.43 19.26 18.31 17.45 19.15 20.68 20.33 19.77 19.45 21.17 19.44 17.59 15.33 13.87 11.87 12.06 12.52 13.57 14.76 15.57 17.21 14.47 15.87 18.46 18.44 18.09 21.29 22.70 23.05 22.43 20.91 20.05 22.44 22.07 20.90 20.37 23.32 22.94 24.27 22.14 24.95 25.37 24.62 22.03 22.63 24.89 23.41 20.83 22.33 23.86 21.54 20.64 22.90 24.12 23.74 23.67 25.12 25.16 25.91 25.80 26.92 27.28 28.40 29.15 
17.59 17.26 14.84 12.43 9.58 9.41 9.87 8.11 11.28 10.63 8.68 7.97 5.41 0.00 5.20 7.22 9.90 12.69 12.15 12.53 13.02 14.70 16.68 17.99 20.87 22.62 26.31 26.47 23.08 21.21 18.88 18.19 16.69 16.10 17.55 18.69 18.36 17.62 17.70 19.66 18.77 17.15 14.08 13.03 11.52 12.67 10.39 13.91 15.41 16.65 17.59 14.63 16.83 19.86 19.38 18.68 21.54 22.93 23.34 22.86 21.23 19.95 22.17 21.77 20.83 20.42 23.33 22.69 24.05 22.03 24.69 25.30 24.46 21.73 22.26 24.52 23.16 20.31 21.85 23.12 20.88 20.10 22.83 23.48 23.08 23.18 24.88 24.88 26.08 26.26 26.79 26.98 28.09 29.26 
16.58 16.75 14.68 13.69 10.47 11.02 11.33 10.36 11.63 12.46 11.58 10.66 6.68 5.20 1.63 5.78 7.44 9.15 8.77 10.37 13.07 14.39 16.88 18.03 21.12 23.39 28.01 27.48 23.49 21.55 19.94 18.60 16.53 15.54 17.31 17.75 17.18 16.56 16.94 18.65 17.41 15.57 12.99 11.90 10.77 11.84 10.41 14.43 16.24 17.54 18.44 16.48 17.85 20.68 19.98 20.03 23.13 23.65 23.48 23.39 22.50 21.02 22.57 22.27 21.74 21.07 23.95 23.18 24.67 22.36 24.84 25.53 24.97 21.96 21.95 24.24 23.33 20.69 21.51 22.78 20.86 20.57 22.76 23.63 22.89 23.25 24.81 25.15 25.68 25.81 26.70 27.94 28.99 28.94 
16.67 16.00 14.83 12.93 11.98 12.08 13.04 13.28 15.23 14.41 14.36 13.89 9.98 7.22 5.78 1.25 5.34 7.30 8.60 9.31 12.91 13.73 16.51 17.42 21.90 23.51 27.99 27.77 24.74 21.85 19.59 18.82 16.36 14.67 16.21 17.28 15.72 15.68 16.40 19.49 17.90 16.58 14.03 14.15 10.90 13.90 14.09 17.18 18.44 19.57 20.62 18.01 19.69 21.53 21.00 20.94 23.71 24.74 24.40 24.23 23.64 22.21 23.79 23.64 22.70 22.02 24.80 24.45 25.50 23.25 25.64 26.30 25.53 22.81 22.83 25.21 24.10 21.46 22.37 23.73 22.21 21.42 23.65 24.15 24.56 24.82 25.95 25.73 27.46 27.38 27.76 28.28 29.85 30.69 
15.94 15.48 12.59 11.69 12.59 13.27 14.23 14.76 16.42 15.42 15.44 14.98 12.69 9.90 7.44 5.34 1.00 5.48 7.02 8.67 11.63 14.51 15.89 17.48 21.82 23.91 27.00 27.61 24.50 21.54 18.31 18.04 14.74 12.85 15.07 15.37 14.26 14.41 15.58 17.43 15.70 15.15 12.91 12.02 9.68 12.40 14.50 16.46 18.26 19.98 20.42 18.39 18.87 21.26 21.33 20.55 23.33 24.28 24.71 24.12 23.09 21.60 23.72 23.60 22.64 21.39 24.88 23.96 25.38 22.72 25.66 25.91 25.02 22.20 22.97 25.32 24.20 21.49 22.95 24.51 22.51 21.83 23.87 24.71 24.92 24.62 25.58 25.77 27.13 26.88 27.46 28.61 30.53 30.85 
15.34 13.63 11.84 12.07 12.81 13.85 14.99 14.91 17.77 17.72 17.41 17.26 14.55 12.69 9.15 7.30 5.48 0.00 5.87 7.43 10.58 12.49 15.31 17.26 21.23 23.58 27.26 27.35 23.73 21.75 18.26 17.82 13.84 12.77 14.39 15.70 15.00 15.43 15.42 18.03 16.01 16.03 13.36 13.69 11.86 13.92 15.50 17.78 19.23 20.64 21.40 19.50 19.14 21.51 21.96 21.41 23.49 24.24 24.52 24.58 23.33 21.34 23.28 23.59 22.90 21.73 24.61 23.77 25.09 23.17 25.68 26.18 25.19 22.73 22.83 25.63 24.17 21.50 22.76 24.50 22.30 21.73 24.03 24.16 24.21 24.06 25.73 25.79 27.66 27.21 27.54 28.53 30.38 31.86 
15.18 13.67 11.94 12.73 12.98 13.41 14.99 15.39 16.88 16.16 16.84 16.92 14.78 12.15 8.77 8.60 7.02 5.87 0.00 6.21 8.12 10.90 13.77 16.44 19.72 22.29 25.84 26.11 21.75 19.35 16.49 15.32 12.37 11.08 14.24 14.74 15.04 14.52 15.46 16.24 14.33 13.96 13.24 12.55 11.76 13.27 15.31 17.35 19.32 20.08 21.49 19.46 19.25 21.24 21.87 20.98 23.15 23.70 24.08 23.75 22.83 20.54 22.29 22.48 22.09 20.65 23.69 22.26 24.01 22.08 24.69 24.72 24.37 21.38 21.47 24.12 23.29 19.89 21.36 22.84 20.94 20.13 22.81 23.57 22.95 22.94 24.90 25.42 26.39 25.99 27.47 28.54 29.97 30.18 
15.17 13.95 11.18 11.08 10.77 10.53 11.80 13.16 14.90 14.53 14.55 16.15 14.07 12.53 10.37 9.31 8.67 7.43 6.21 0.00 5.74 6.49 9.73 10.59 14.91 17.22 21.14 21.85 17.87 15.33 12.19 12.64 9.43 9.09 11.30 12.95 12.94 13.65 12.83 14.25 10.84 11.34 9.86 10.37 9.49 11.56 13.73 15.75 17.36 17.77 19.01 17.29 17.53 19.75 19.55 18.36 20.61 21.43 21.46 20.73 20.21 17.83 19.82 19.37 18.97 17.13 20.59 19.31 21.03 19.02 21.98 22.07 21.83 18.85 19.17 21.46 20.68 17.25 18.93 20.52 18.86 17.56 20.34 21.06 21.14 21.07 22.84 23.11 24.88 24.21 25.43 26.44 28.38 30.29 
16.39 15.24 13.35 12.65 11.49 10.60 12.25 12.60 14.22 13.83 14.85 15.86 14.78 13.02 13.07 12.91 11.63 10.58 8.12 5.74 0.00 6.25 7.55 10.00 14.13 15.34 19.29 19.43 17.23 13.61 9.86 9.86 9.76 8.54 12.39 14.10 14.56 14.30 13.52 13.70 11.20 11.75 8.84 10.54 10.11 12.33 14.37 16.65 18.23 19.02 19.31 16.96 17.20 19.22 19.29 17.66 19.80 20.49 20.78 19.86 18.89 16.75 18.78 18.28 17.52 15.52 19.32 18.46 20.00 17.77 21.08 20.96 20.64 17.51 18.37 20.59 20.01 16.88 18.81 20.44 18.64 17.77 20.08 21.40 21.81 21.56 22.64 23.28 24.83 23.68 25.16 26.18 28.46 29.31 
16.76 15.02 13.83 13.84 12.18 10.55 12.50 12.88 14.57 14.75 15.61 16.31 16.00 14.70 14.39 13.73 14.51 12.49 10.90 6.49 6.25 0.00 5.96 6.78 11.21 13.53 16.99 17.80 14.19 12.14 8.98 9.35 8.44 8.34 12.70 15.67 14.88 15.19 14.44 15.02 11.46 11.14 10.09 11.08 11.21 12.74 15.06 16.89 18.41 18.86 19.47 17.67 17.24 19.40 19.29 17.91 19.60 19.89 20.02 19.33 18.65 15.26 17.69 17.62 17.21 14.48 18.47 17.52 19.55 17.01 19.98 19.86 19.68 16.23 16.88 19.68 19.06 16.02 17.85 19.86 18.44 17.39 19.91 20.86 21.68 21.45 22.84 23.09 25.43 24.15 25.07 26.48 28.65 30.46 
18.03 17.00 15.33 15.31 13.94 12.75 13.78 13.88 15.21 15.16 16.58 18.15 17.48 16.68 16.88 16.51 15.89 15.31 13.77 9.73 7.55 5.96 1.40 5.94 7.91 10.76 14.27 15.01 11.88 10.35 8.01 8.04 8.77 8.97 13.39 16.13 16.07 15.98 16.64 16.81 12.68 12.89 11.17 11.77 11.38 12.66 14.44 16.54 17.89 18.39 19.11 17.05 17.19 19.10 19.07 17.24 19.30 19.35 19.17 18.48 17.53 13.95 16.38 16.63 16.16 13.59 17.46 17.01 18.70 15.96 18.90 19.21 18.98 15.27 15.99 19.02 18.59 15.41 17.43 19.61 17.94 17.33 20.09 21.22 21.09 21.28 22.68 23.79 25.02 24.29 25.99 27.37 29.03 29.76 
20.18 18.99 17.10 16.28 15.72 14.95 15.90 14.56 15.74 16.03 17.70 18.80 18.18 17.99 18.03 17.42 17.48 17.26 16.44 10.59 10.00 6.78 5.94 1.65 6.12 6.94 11.65 11.76 9.47 8.36 6.59 8.14 8.88 9.72 13.96 16.80 16.66 16.69 15.67 15.97 14.13 13.43 11.44 11.71 12.33 12.79 14.96 16.50 18.00 18.37 18.77 16.97 17.05 19.25 18.73 17.14 19.30 19.74 19.31 18.01 17.38 14.04 16.39 15.76 15.49 12.45 16.76 15.27 17.46 15.20 18.49 18.74 18.39 15.27 15.92 18.86 18.31 15.38 17.53 19.73 18.46 17.29 19.85 20.94 21.43 21.39 22.72 23.50 25.64 24.76 25.52 27.24 29.36 31.34 
22.26 21.67 19.66 18.91 19.31 18.18 19.86 17.64 17.19 17.78 19.47 21.07 21.43 20.87 21.12 21.90 21.82 21.23 19.72 14.91 14.13 11.21 7.91 6.12 3.56 6.17 8.39 8.73 8.92 7.69 7.35 8.59 11.13 12.74 18.02 20.25 20.18 19.84 18.84 19.16 17.29 17.56 14.11 14.20 14.33 15.75 16.92 18.31 19.19 20.01 20.54 18.72 18.73 20.33 20.10 18.40 20.63 20.87 20.73 19.59 18.12 15.46 17.46 16.53 15.48 13.53 16.88 15.14 17.18 15.52 18.96 18.87 19.17 16.48 17.25 19.72 19.85 17.59 19.52 21.50 19.96 19.49 21.48 23.02 23.13 23.09 23.92 24.91 26.48 26.19 27.36 28.05 30.19 31.23 
23.84 23.09 21.26 20.47 21.06 20.21 21.14 18.73 18.32 18.72 20.59 21.97 22.47 22.62 23.39 23.51 23.91 23.58 22.29 17.22 15.34 13.53 10.76 6.94 6.17 1.72 4.89 6.28 5.99 7.12 6.53 8.28 11.64 13.88 18.88 21.68 21.63 21.22 21.15 21.56 19.09 19.10 17.20 17.30 17.37 17.38 19.39 20.01 20.71 21.26 22.09 20.47 19.78 21.33 20.72 18.76 20.62 20.88 20.60 19.59 18.25 14.58 17.24 16.89 16.15 13.97 17.21 15.62 18.28 15.90 18.70 18.80 18.81 16.67 16.76 19.55 19.21 17.47 19.36 21.57 20.29 19.99 22.04 23.13 23.37 23.37 24.72 25.39 27.24 26.86 26.86 28.50 30.32 32.25 
25.84 25.91 24.33 23.25 24.44 23.92 24.97 22.65 21.91 22.43 23.98 25.49 25.87 26.31 28.01 27.99 27.00 27.26 25.84 21.14 19.29 16.99 14.27 11.65 8.39 4.89 2.90 6.80 7.80 9.39 9.80 12.18 15.21 16.72 22.15 25.22 24.94 24.83 24.55 25.92 23.39 22.79 21.35 21.43 21.12 20.62 22.35 23.25 23.27 24.14 24.98 23.01 22.49 23.97 23.03 20.60 23.16 23.70 22.58 21.40 19.96 17.11 19.07 18.88 18.41 16.58 19.75 18.54 20.72 17.71 20.31 20.90 20.64 17.89 18.47 21.50 21.12 19.18 21.42 23.64 21.91 21.72 24.36 25.36 25.33 25.34 26.32 27.55 28.65 27.93 29.39 29.67 31.86 32.28 
26.40 26.41 25.01 23.82 25.04 25.33 26.21 24.42 23.33 23.85 25.25 26.63 26.25 26.47 27.48 27.77 27.61 27.35 26.11 21.85 19.43 17.80 15.01 11.76 8.73 6.28 6.80 2.12 7.01 9.78 10.86 13.65 15.46 17.80 22.59 25.69 25.37 25.31 25.39 26.23 23.71 23.08 21.71 21.33 21.62 21.17 23.52 23.71 23.72 24.81 25.49 23.61 22.87 24.63 23.86 21.98 24.38 25.31 23.92 23.01 21.71 19.39 19.98 19.29 19.43 17.49 20.10 19.12 21.29 18.45 21.60 22.19 21.73 19.05 19.55 22.61 21.69 19.60 21.89 24.00 22.45 21.41 24.19 25.17 25.54 26.02 27.40 27.74 29.46 28.89 28.91 30.21 32.15 33.74 
24.83 24.48 22.71 22.22 22.99 22.95 24.02 21.97 21.24 21.85 23.01 24.18 23.93 23.08 23.49 24.74 24.50 23.73 21.75 17.87 17.23 14.19 11.88 9.47 8.92 5.99 7.80 7.01 1.70 6.61 7.49 10.07 12.46 15.08 20.51 23.08 22.50 23.07 22.79 23.90 22.53 21.85 19.41 19.59 18.92 19.21 20.78 22.00 22.66 23.04 22.92 20.79 20.43 22.13 21.83 19.87 22.18 22.50 22.27 21.35 19.46 17.53 19.11 17.83 17.57 15.90 19.13 17.66 19.99 17.32 20.51 20.74 20.38 17.34 18.08 20.42 19.73 17.73 20.03 21.71 20.14 19.45 22.29 23.40 23.56 23.79 25.13 25.56 26.79 26.74 28.34 28.50 30.78 31.73 
23.70 22.82 21.53 20.98 21.16 20.22 22.01 19.87 19.21 20.35 21.41 22.30 21.45 21.21 21.55 21.85 21.54 21.75 19.35 15.33 13.61 12.14 10.35 8.36 7.69 7.12 9.39 9.78 6.61 0.90 6.06 8.49 10.50 12.60 17.06 20.21 20.42 20.07 20.20 21.45 19.86 19.09 17.17 17.69 17.68 17.66 19.97 21.63 22.08 22.56 22.59 20.77 20.15 21.23 21.11 18.64 20.57 21.04 20.48 20.00 18.49 15.49 17.51 16.69 16.37 14.23 17.80 16.99 19.80 16.79 19.73 19.70 19.53 16.58 17.21 19.58 18.88 16.67 18.52 20.34 19.27 18.59 21.33 22.20 22.53 22.42 24.18 24.42 26.21 25.91 26.28 27.77 29.32 31.12 
22.43 22.05 20.45 19.53 19.82 18.88 20.18 18.26 17.79 17.95 19.58 20.10 19.43 18.88 19.94 19.59 18.31 18.26 16.49 12.19 9.86 8.98 8.01 6.59 7.35 6.53 9.80 10.86 7.49 6.06 0.00 5.89 7.89 9.68 13.23 16.97 17.13 17.09 16.93 17.97 16.28 16.11 14.24 15.65 15.54 15.70 17.59 19.21 20.36 20.67 21.46 18.99 18.86 20.29 19.97 16.23 18.68 19.48 18.80 17.31 15.72 13.61 15.01 14.68 13.54 12.12 15.62 15.93 17.90 15.37 18.02 18.66 18.79 16.21 16.74 19.39 18.46 16.11 17.69 19.84 18.08 17.36 20.04 21.30 21.31 21.32 22.65 23.75 25.04 24.67 25.80 27.40 28.63 29.98 
22.29 21.91 19.93 19.20 19.73 19.02 20.29 18.33 18.19 18.20 19.18 20.45 19.26 18.19 18.60 18.82 18.04 17.82 15.32 12.64 9.86 9.35 8.04 8.14 8.59 8.28 12.18 13.65 10.07 8.49 5.89 1.40 6.46 8.09 11.18 13.93 14.64 15.77 13.85 15.93 15.07 14.86 12.67 13.97 15.04 15.63 17.54 19.06 20.59 21.47 21.52 19.30 19.44 21.06 20.33 17.44 19.80 20.74 19.58 17.77 16.86 14.50 15.51 14.91 15.32 13.66 16.95 17.06 19.64 16.64 19.73 20.05 20.19 17.23 17.83 20.11 19.49 16.41 18.44 20.30 18.76 17.28 20.22 21.14 21.46 21.44 23.30 23.59 25.63 25.37 25.96 27.59 29.32 31.09 
21.31 20.20 18.07 17.67 18.70 18.03 18.96 17.42 17.10 17.04 17.57 18.36 18.31 16.69 16.53 16.36 14.74 13.84 12.37 9.43 9.76 8.44 8.77 8.88 11.13 11.64 15.21 15.46 12.46 10.50 7.89 6.46 2.56 5.80 8.60 11.11 11.68 11.82 11.69 13.45 12.32 12.66 9.90 12.36 12.54 13.39 15.59 18.06 18.98 20.04 20.15 17.53 17.93 19.63 19.01 16.49 18.90 19.35 18.84 17.84 15.87 13.74 15.56 15.28 14.59 13.82 16.82 17.37 19.28 16.59 19.90 20.81 20.33 17.41 18.32 20.67 19.50 16.73 18.49 20.44 18.13 17.04 19.62 20.81 20.54 20.46 21.79 22.23 23.62 23.56 24.76 26.04 27.73 29.45 
20.19 19.38 17.32 17.16 17.25 16.97 18.43 17.14 17.08 17.27 17.36 18.75 17.45 16.10 15.54 14.67 12.85 12.77 11.08 9.09 8.54 8.34 8.97 9.72 12.74 13.88 16.72 17.80 15.08 12.60 9.68 8.09 5.80 1.96 6.05 9.32 9.79 10.06 9.64 11.01 10.71 10.27 7.85 11.07 12.48 13.49 16.26 18.87 19.43 20.52 20.52 18.04 17.73 19.46 18.85 16.45 18.55 19.38 18.85 17.97 16.32 13.94 16.08 15.86 15.50 14.39 17.72 18.08 20.43 18.06 21.12 22.11 21.57 18.88 19.27 21.90 20.47 17.92 18.96 21.01 19.01 17.84 20.17 21.17 20.92 20.38 22.07 22.37 24.26 24.24 24.19 26.07 27.78 29.89 
21.37 21.03 18.88 18.19 18.85 18.94 20.31 18.86 18.88 19.02 20.00 20.31 19.15 17.55 17.31 16.21 15.07 14.39 14.24 11.30 12.39 12.70 13.39 13.96 18.02 18.88 22.15 22.59 20.51 17.06 13.23 11.18 8.60 6.05 3.87 8.05 9.67 10.60 10.46 12.01 11.70 12.79 10.35 13.45 14.31 16.74 18.93 21.72 22.30 23.03 23.24 20.70 20.35 22.03 21.58 18.79 20.86 22.03 21.58 19.98 18.53 17.03 18.71 18.43 17.78 16.89 20.74 21.22 23.69 21.77 24.49 24.88 24.38 21.50 22.29 24.65 22.96 20.03 21.69 23.40 20.91 19.89 22.90 23.81 23.09 22.92 24.11 24.98 26.18 25.78 26.63 27.61 29.64 30.60 
21.38 20.34 17.98 17.26 19.13 18.69 19.95 18.58 19.99 19.47 20.45 21.37 20.68 18.69 17.75 17.28 15.37 15.70 14.74 12.95 14.10 15.67 16.13 16.80 20.25 21.68 25.22 25.69 23.08 20.21 16.97 13.93 11.11 9.32 8.05 3.12 6.56 8.18 8.99 11.07 11.94 12.57 10.46 13.38 15.16 16.60 19.74 22.46 23.31 23.89 23.79 21.95 21.74 23.58 22.82 20.16 22.12 23.43 22.42 21.18 19.36 17.84 19.18 18.90 18.51 17.82 21.56 22.33 24.34 23.02 25.83 26.35 25.31 23.56 23.71 26.34 24.49 21.99 23.43 25.35 22.55 21.27 24.07 25.02 24.00 23.73 25.20 25.42 26.62 26.68 26.35 27.85 29.50 31.25 
20.17 18.92 16.65 16.57 17.93 17.46 19.04 17.95 18.90 18.80 19.46 20.59 20.33 18.36 17.18 15.72 14.26 15.00 15.04 12.94 14.56 14.88 16.07 16.66 20.18 21.63 24.94 25.37 22.50 20.42 17.13 14.64 11.68 9.79 9.67 6.56 2.69 5.62 8.31 10.59 11.09 12.53 10.01 13.37 14.14 15.98 19.63 22.30 23.19 23.72 23.43 20.77 20.50 22.37 21.98 19.62 21.76 21.95 21.38 20.71 18.78 16.26 18.28 18.24 17.80 16.69 20.74 21.20 23.53 21.85 25.87 26.00 25.03 22.52 23.66 25.92 24.22 21.30 23.55 24.83 22.28 20.88 23.74 24.26 23.16 22.95 23.82 23.96 24.61 25.03 25.64 26.05 28.30 29.18 
18.60 17.29 15.61 14.47 16.36 16.22 18.86 16.95 18.10 17.79 19.07 20.20 19.77 17.62 16.56 15.68 14.41 15.43 14.52 13.65 14.30 15.19 15.98 16.69 19.84 21.22 24.83 25.31 23.07 20.07 17.09 15.77 11.82 10.06 10.60 8.18 5.62 1.18 6.50 8.76 10.28 11.47 11.11 13.98 14.92 16.95 20.26 22.28 22.67 23.31 23.20 20.62 19.46 21.73 21.69 19.71 21.10 21.73 21.08 21.20 19.38 16.50 18.46 18.44 18.26 17.25 20.85 22.01 24.21 22.46 25.88 26.68 25.53 23.31 23.77 26.56 24.77 22.03 23.70 25.36 22.58 21.66 24.20 24.57 23.53 22.87 24.21 24.18 25.26 25.56 24.51 25.92 27.53 28.99 
18.76 17.65 14.70 14.40 15.70 15.24 17.53 16.53 17.65 17.34 18.27 20.00 19.45 17.70 16.94 16.40 15.58 15.42 15.46 12.83 13.52 14.44 16.64 15.67 18.84 21.15 24.55 25.39 22.79 20.20 16.93 13.85 11.69 9.64 10.46 8.99 8.31 6.50 1.45 5.84 7.72 10.80 10.57 14.38 15.58 17.91 20.82 23.20 22.89 23.49 23.95 20.83 19.93 21.82 21.98 18.89 20.79 21.51 20.95 20.12 19.29 16.60 18.56 18.58 18.91 17.33 21.17 21.30 24.64 22.92 25.87 26.16 25.61 22.98 23.97 26.42 25.10 21.87 23.91 25.63 22.90 21.63 24.54 25.45 24.12 23.78 24.33 24.99 25.71 25.76 25.75 26.58 28.28 28.84 
19.21 17.81 14.64 14.06 15.70 14.96 16.44 16.50 17.68 17.98 18.97 21.54 21.17 19.66 18.65 19.49 17.43 18.03 16.24 14.25 13.70 15.02 16.81 15.97 19.16 21.56 25.92 26.23 23.90 21.45 17.97 15.93 13.45 11.01 12.01 11.07 10.59 8.76 5.84 0.83 6.70 8.82 9.36 13.08 15.22 17.96 20.26 23.21 23.84 24.27 23.85 20.87 20.46 22.55 21.87 18.51 21.28 22.05 21.24 19.91 19.21 16.41 18.89 17.98 18.07 16.92 20.74 21.29 24.36 23.36 26.68 26.78 25.82 24.01 24.71 27.37 25.53 22.84 24.56 26.72 23.91 22.79 25.17 25.87 24.80 24.28 25.30 25.21 25.94 26.38 25.42 26.59 28.03 29.48 
18.09 16.27 13.28 12.92 13.56 11.92 13.98 13.47 14.82 15.89 17.17 19.22 19.44 18.77 17.41 17.90 15.70 16.01 14.33 10.84 11.20 11.46 12.68 14.13 17.29 19.09 23.39 23.71 22.53 19.86 16.28 15.07 12.32 10.71 11.70 11.94 11.09 10.28 7.72 6.70 0.00 6.03 6.67 10.56 12.35 14.48 16.95 19.81 21.28 22.55 21.82 18.80 18.66 20.83 20.07 17.32 19.79 19.86 18.89 17.62 17.18 14.24 16.80 16.40 16.23 14.46 19.23 19.33 22.24 21.13 24.70 24.99 24.01 21.65 22.90 24.85 22.90 19.82 22.32 23.98 21.02 20.03 22.46 23.13 21.70 21.79 22.45 22.09 22.74 23.60 23.70 24.49 26.13 27.82 
17.53 16.26 13.71 12.60 12.33 10.78 12.94 10.86 12.54 14.94 14.75 17.20 17.59 17.15 15.57 16.58 15.15 16.03 13.96 11.34 11.75 11.14 12.89 13.43 17.56 19.10 22.79 23.08 21.85 19.09 16.11 14.86 12.66 10.27 12.79 12.57 12.53 11.47 10.80 8.82 6.03 0.41 5.90 8.95 9.70 11.52 15.04 17.57 17.88 19.28 19.50 15.30 15.94 18.41 18.06 15.85 18.55 18.28 17.26 16.78 16.48 13.00 16.14 15.80 16.40 14.11 17.94 18.71 21.48 19.72 23.06 23.82 22.90 20.24 20.93 23.32 21.34 18.39 20.38 22.15 19.16 18.01 20.71 21.15 19.95 19.41 21.00 20.75 21.46 22.35 21.99 23.37 24.62 27.09 
18.09 16.82 14.75 13.59 12.74 10.54 11.77 10.71 11.42 12.01 12.31 15.38 15.33 14.08 12.99 14.03 12.91 13.36 13.24 9.86 8.84 10.09 11.17 11.44 14.11 17.20 21.35 21.71 19.41 17.17 14.24 12.67 9.90 7.85 10.35 10.46 10.01 11.11 10.57 9.36 6.67 5.90 0.17 5.80 6.79 9.79 12.46 14.21 15.56 16.03 16.77 12.42 13.30 15.70 15.15 13.08 16.91 16.57 15.82 15.63 15.91 12.51 15.64 15.47 16.18 13.07 17.07 17.44 20.51 18.20 21.28 21.72 21.67 18.45 19.44 21.46 20.38 16.73 18.58 19.89 17.49 15.99 18.44 19.05 18.12 17.85 18.88 18.89 20.41 20.40 20.51 22.07 23.46 25.30 
19.52 18.08 15.17 14.15 13.58 11.07 11.23 9.81 10.42 11.01 10.46 14.54 13.87 13.03 11.90 14.15 12.02 13.69 12.55 10.37 10.54 11.08 11.77 11.71 14.20 17.30 21.43 21.33 19.59 17.69 15.65 13.97 12.36 11.07 13.45 13.38 13.37 13.98 14.38 13.08 10.56 8.95 5.80 0.72 6.08 9.07 9.96 12.22 13.25 15.07 14.11 10.16 11.83 14.63 13.69 11.44 15.13 15.81 15.82 14.29 13.44 10.65 13.92 13.47 12.40 10.22 15.31 16.39 18.42 16.42 19.94 20.88 20.52 17.49 18.16 20.51 19.15 15.91 17.33 18.69 16.43 14.97 17.24 17.15 16.68 16.44 17.94 18.39 19.17 19.29 19.74 21.70 22.84 25.87 
20.01 18.75 15.92 15.54 14.58 11.86 11.69 10.36 10.31 10.28 10.26 12.26 11.87 11.52 10.77 10.90 9.68 11.86 11.76 9.49 10.11 11.21 11.38 12.33 14.33 17.37 21.12 21.62 18.92 17.68 15.54 15.04 12.54 12.48 14.31 15.16 14.14 14.92 15.58 15.22 12.35 9.70 6.79 6.08 1.77 5.66 7.46 10.23 11.75 12.61 12.48 9.90 10.51 13.25 13.37 11.69 15.14 15.85 15.60 14.89 14.62 11.79 15.37 14.60 14.88 12.36 16.62 16.62 19.00 16.69 19.97 19.99 19.53 16.30 16.91 18.91 17.70 14.41 15.79 17.21 15.05 13.61 15.81 15.86 15.14 15.24 16.64 15.95 17.31 17.40 18.35 19.84 21.44 23.88 
20.98 19.65 16.57 15.95 15.88 14.46 13.61 10.80 10.32 11.33 8.38 12.48 12.06 12.67 11.84 13.90 12.40 13.92 13.27 11.56 12.33 12.74 12.66 12.79 15.75 17.38 20.62 21.17 19.21 17.66 15.70 15.63 13.39 13.49 16.74 16.60 15.98 16.95 17.91 17.96 14.48 11.52 9.79 9.07 5.66 1.58 6.93 9.22 9.44 10.82 12.15 7.58 9.29 11.68 12.74 11.82 15.36 16.01 15.77 15.81 15.23 13.62 16.49 15.90 15.77 14.46 17.29 17.04 18.70 16.75 19.75 19.59 18.74 16.01 16.65 18.63 17.12 14.08 15.32 16.48 13.96 12.91 14.79 15.02 13.82 14.08 15.59 15.79 16.53 17.55 18.19 19.82 21.19 24.49 
22.36 21.51 18.79 16.90 17.55 15.19 14.11 10.74 11.78 8.78 6.20 10.69 12.52 10.39 10.41 14.09 14.50 15.50 15.31 13.73 14.37 15.06 14.44 14.96 16.92 19.39 22.35 23.52 20.78 19.97 17.59 17.54 15.59 16.26 18.93 19.74 19.63 20.26 20.82 20.26 16.95 15.04 12.46 9.96 7.46 6.93 3.11 6.37 7.77 9.86 9.22 6.21 8.80 12.01 11.62 12.12 15.91 17.29 17.27 17.90 17.50 15.91 19.21 18.73 18.19 16.79 19.83 19.41 20.85 18.14 20.71 21.06 20.32 17.02 17.51 19.07 17.89 15.17 16.00 16.87 14.47 13.17 15.14 15.32 14.66 14.64 15.88 16.44 17.86 17.48 19.00 20.60 22.33 24.02 
23.65 22.44 19.79 17.99 19.09 17.87 16.77 14.13 12.57 11.76 8.76 13.30 13.57 13.91 14.43 17.18 16.46 17.78 17.35 15.75 16.65 16.89 16.54 16.50 18.31 20.01 23.25 23.71 22.00 21.63 19.21 19.06 18.06 18.87 21.72 22.46 22.30 22.28 23.20 23.21 19.81 17.57 14.21 12.22 10.23 9.22 6.37 2.01 5.99 7.65 9.21 7.42 10.24 12.30 12.45 12.82 16.86 17.44 17.84 18.45 17.78 16.33 20.36 19.94 19.03 17.74 21.27 21.01 21.82 18.97 21.64 21.80 20.44 17.49 17.40 19.05 17.91 15.18 15.97 16.51 14.60 13.59 14.81 14.76 14.43 14.82 16.77 17.91 18.14 18.30 19.06 20.97 22.80 25.63 
23.94 22.77 20.02 18.52 19.17 17.68 17.82 14.05 13.63 12.90 11.80 14.12 14.76 15.41 16.24 18.44 18.26 19.23 19.32 17.36 18.23 18.41 17.89 18.00 19.19 20.71 23.27 23.72 22.66 22.08 20.36 20.59 18.98 19.43 22.30 23.31 23.19 22.67 22.89 23.84 21.28 17.88 15.56 13.25 11.75 9.44 7.77 5.99 1.93 5.35 7.94 6.96 8.70 10.78 11.70 12.22 15.15 17.03 17.86 18.35 18.27 17.06 20.99 20.84 20.32 19.30 22.53 21.22 22.32 19.34 21.82 21.94 20.69 17.36 17.55 18.70 17.85 15.12 15.38 16.29 15.00 13.26 15.07 14.59 15.07 15.09 17.16 17.69 19.19 18.34 20.02 21.35 23.38 24.95 
23.89 22.85 20.13 18.56 19.49 18.25 17.35 13.52 12.61 13.00 11.82 15.03 15.57 16.65 17.54 19.57 19.98 20.64 20.08 17.77 19.02 18.86 18.39 18.37 20.01 21.26 24.14 24.81 23.04 22.56 20.67 21.47 20.04 20.52 23.03 23.89 23.72 23.31 23.49 24.27 22.55 19.28 16.03 15.07 12.61 10.82 9.86 7.65 5.35 0.20 6.71 7.42 6.68 8.24 11.23 11.81 13.64 15.87 17.58 17.76 17.64 17.33 20.93 20.54 20.16 18.98 21.76 20.35 21.92 19.17 21.40 21.06 20.18 16.99 16.74 18.13 17.05 14.35 14.15 16.18 14.15 12.26 13.80 15.02 15.05 14.69 17.46 18.45 19.42 19.99 20.49 21.96 23.67 26.40 
23.57 22.98 20.93 18.57 19.49 18.34 17.73 12.85 13.77 13.21 11.27 16.29 17.21 17.59 18.44 20.62 20.42 21.40 21.49 19.01 19.31 19.47 19.11 18.77 20.54 22.09 24.98 25.49 22.92 22.59 21.46 21.52 20.15 20.52 23.24 23.79 23.43 23.20 23.95 23.85 21.82 19.50 16.77 14.11 12.48 12.15 9.22 9.21 7.94 6.71 2.58 6.27 7.47 7.38 8.94 10.69 14.19 14.25 16.30 17.18 17.06 16.84 19.73 20.01 20.07 18.67 21.44 20.44 22.03 18.26 20.45 20.51 19.84 16.28 16.89 17.66 16.66 14.39 14.58 15.58 14.28 12.81 14.72 15.48 15.87 15.82 17.51 18.29 20.34 19.25 21.02 22.47 24.32 25.64 
21.78 20.34 17.61 15.53 16.19 14.33 12.75 8.61 10.06 7.85 7.45 12.58 14.47 14.63 16.48 18.01 18.39 19.50 19.46 17.29 16.96 17.67 17.05 16.97 18.72 20.47 23.01 23.61 20.79 20.77 18.99 19.30 17.53 18.04 20.70 21.95 20.77 20.62 20.83 20.87 18.80 15.30 12.42 10.16 9.90 7.58 6.21 7.42 6.96 7.42 6.27 0.12 5.48 7.33 6.18 6.98 10.70 12.31 12.80 13.53 13.40 12.62 16.50 16.34 15.55 15.01 18.80 17.98 18.67 15.52 18.32 17.68 17.00 14.23 14.61 16.01 14.47 12.54 13.20 14.31 12.31 11.30 12.97 13.49 13.44 13.59 15.69 16.67 17.37 17.79 18.75 20.89 22.36 25.83 
21.45 19.73 16.98 15.75 16.70 14.59 13.73 10.92 11.54 11.22 11.12 14.94 15.87 16.83 17.85 19.69 18.87 19.14 19.25 17.53 17.20 17.24 17.19 17.05 18.73 19.78 22.49 22.87 20.43 20.15 18.86 19.44 17.93 17.73 20.35 21.74 20.50 19.46 19.93 20.46 18.66 15.94 13.30 11.83 10.51 9.29 8.80 10.24 8.70 6.68 7.47 5.48 0.46 5.70 7.30 5.80 8.09 10.08 11.84 12.17 11.97 11.75 15.46 15.25 15.13 14.33 18.43 17.35 18.51 15.16 18.25 17.68 17.10 13.92 14.31 15.20 14.32 11.67 11.74 13.29 12.39 10.54 13.09 14.22 14.61 14.76 16.92 17.16 19.46 17.94 19.62 21.75 23.47 25.62 
23.03 21.66 19.06 17.65 18.94 16.91 16.27 13.13 13.49 13.99 14.73 17.34 18.46 19.86 20.68 21.53 21.26 21.51 21.24 19.75 19.22 19.40 19.10 19.25 20.33 21.33 23.97 24.63 22.13 21.23 20.29 21.06 19.63 19.46 22.03 23.58 22.37 21.73 21.82 22.55 20.83 18.41 15.70 14.63 13.25 11.68 12.01 12.30 10.78 8.24 7.38 7.33 5.70 1.28 6.12 7.41 7.35 8.37 11.22 12.60 12.50 12.67 15.59 16.07 16.33 15.95 19.00 18.08 19.32 15.97 18.41 17.76 17.58 14.78 14.54 15.37 14.58 11.93 11.81 14.14 13.24 11.74 14.24 15.96 16.84 16.68 19.04 19.97 21.52 21.66 22.04 23.96 25.42 28.53 
22.81 22.34 20.09 18.07 18.74 17.10 16.11 12.86 13.62 13.25 13.77 17.30 18.44 19.38 19.98 21.00 21.33 21.96 21.87 19.55 19.29 19.29 19.07 18.73 20.10 20.72 23.03 23.86 21.83 21.11 19.97 20.33 19.01 18.85 21.58 22.82 21.98 21.69 21.98 21.87 20.07 18.06 15.15 13.69 13.37 12.74 11.62 12.45 11.70 11.23 8.94 6.18 7.30 6.12 2.84 5.65 8.47 7.36 9.34 10.58 11.27 10.75 13.82 14.38 15.05 14.30 17.49 16.91 18.61 14.88 17.52 17.00 16.87 13.71 14.40 15.05 14.28 12.26 13.19 14.31 13.43 12.77 15.04 16.44 17.49 17.59 19.01 19.49 22.35 20.65 22.39 23.95 25.96 27.30 
21.45 19.98 17.77 15.43 16.40 14.52 14.14 11.27 11.84 11.33 12.75 16.90 18.09 18.68 20.03 20.94 20.55 21.41 20.98 18.36 17.66 17.91 17.24 17.14 18.40 18.76 20.60 21.98 19.87 18.64 16.23 17.44 16.49 16.45 18.79 20.16 19.62 19.71 18.89 18.51 17.32 15.85 13.08 11.44 11.69 11.82 12.12 12.82 12.22 11.81 10.69 6.98 5.80 7.41 5.65 0.27 5.61 6.22 6.08 7.17 7.42 7.44 10.42 11.60 11.47 11.14 14.77 15.02 16.25 13.27 15.89 15.16 15.03 12.53 12.27 13.88 13.15 10.90 11.71 13.49 12.63 11.67 14.06 15.34 16.61 16.47 17.96 19.41 20.68 20.51 21.05 23.44 25.02 28.42 
22.38 20.90 17.97 17.00 18.68 16.44 17.13 14.41 15.75 15.52 17.40 20.87 21.29 21.54 23.13 23.71 23.33 23.49 23.15 20.61 19.80 19.60 19.30 19.30 20.63 20.62 23.16 24.38 22.18 20.57 18.68 19.80 18.90 18.55 20.86 22.12 21.76 21.10 20.79 21.28 19.79 18.55 16.91 15.13 15.14 15.36 15.91 16.86 15.15 13.64 14.19 10.70 8.09 7.35 8.47 5.61 2.06 6.33 8.76 7.45 8.42 8.83 12.34 12.92 13.21 13.03 16.29 15.87 17.72 14.02 16.20 15.75 15.87 12.24 11.77 13.29 14.07 10.79 11.17 14.15 13.93 12.87 15.42 17.86 19.06 19.35 20.44 21.78 23.93 21.43 23.55 25.06 27.04 28.36 
23.34 21.45 19.11 17.96 19.83 17.55 17.14 15.26 16.24 16.52 18.26 21.32 22.70 22.93 23.65 24.74 24.28 24.24 23.70 21.43 20.49 19.89 19.35 19.74 20.87 20.88 23.70 25.31 22.50 21.04 19.48 20.74 19.35 19.38 22.03 23.43 21.95 21.73 21.51 22.05 19.86 18.28 16.57 15.81 15.85 16.01 17.29 17.44 17.03 15.87 14.25 12.31 10.08 8.37 7.36 6.22 6.33 0.95 6.27 7.96 7.19 7.55 11.56 12.11 12.92 13.22 16.29 16.06 17.92 15.01 17.30 17.12 16.61 14.18 13.68 15.06 14.72 12.60 13.70 16.13 15.99 15.28 18.41 20.26 21.09 21.57 23.16 24.21 24.99 24.48 24.66 26.67 28.07 30.83 
23.32 21.99 19.72 18.58 20.19 17.30 17.29 15.42 16.72 16.14 17.86 21.16 23.05 23.34 23.48 24.40 24.71 24.52 24.08 21.46 20.78 20.02 19.17 19.31 20.73 20.60 22.58 23.92 22.27 20.48 18.80 19.58 18.84 18.85 21.58 22.42 21.38 21.08 20.95 21.24 18.89 17.26 15.82 15.82 15.60 15.77 17.27 17.84 17.86 17.58 16.30 12.80 11.84 11.22 9.34 6.08 8.76 6.27 1.55 5.76 7.08 6.19 8.32 9.53 11.03 11.33 14.20 14.95 16.82 14.57 17.05 17.26 16.60 14.07 14.70 16.17 15.51 13.43 15.62 17.74 16.66 17.27 20.59 22.17 22.56 22.71 24.11 25.60 27.14 24.40 26.38 27.79 29.56 30.21 
22.86 21.56 19.29 17.85 18.84 16.90 16.82 15.32 15.87 15.90 17.55 21.34 22.43 22.86 23.39 24.23 24.12 24.58 23.75 20.73 19.86 19.33 18.48 18.01 19.59 19.59 21.40 23.01 21.35 20.00 17.31 17.77 17.84 17.97 19.98 21.18 20.71 21.20 20.12 19.91 17.62 16.78 15.63 14.29 14.89 15.81 17.90 18.45 18.35 17.76 17.18 13.53 12.17 12.60 10.58 7.17 7.45 7.96 5.76 0.34 5.67 6.45 6.24 7.65 9.72 10.52 12.29 13.15 15.79 14.03 16.28 16.15 15.47 13.55 12.91 15.38 15.12 13.05 14.78 17.16 16.92 16.87 20.01 22.00 22.37 22.89 24.43 26.31 26.60 25.11 25.40 28.24 29.64 32.07 
22.61 21.58 19.36 17.74 18.00 16.14 16.99 14.99 14.79 14.39 17.20 20.21 20.91 21.23 22.50 23.64 23.09 23.33 22.83 20.21 18.89 18.65 17.53 17.38 18.12 18.25 19.96 21.71 19.46 18.49 15.72 16.86 15.87 16.32 18.53 19.36 18.78 19.38 19.29 19.21 17.18 16.48 15.91 13.44 14.62 15.23 17.50 17.78 18.27 17.64 17.06 13.40 11.97 12.50 11.27 7.42 8.42 7.19 7.08 5.67 0.05 5.40 7.30 6.42 7.82 8.70 11.01 11.42 14.49 12.39 14.89 14.83 14.60 12.32 12.14 14.69 15.43 12.56 14.35 17.38 16.42 16.35 19.10 21.93 22.52 22.21 23.56 25.38 26.86 24.23 25.77 27.85 29.90 30.48 
22.46 20.86 18.93 17.64 17.56 15.47 15.99 14.54 14.01 13.91 16.04 19.26 20.05 19.95 21.02 22.21 21.60 21.34 20.54 17.83 16.75 15.26 13.95 14.04 15.46 14.58 17.11 19.39 17.53 15.49 13.61 14.50 13.74 13.94 17.03 17.84 16.26 16.50 16.60 16.41 14.24 13.00 12.51 10.65 11.79 13.62 15.91 16.33 17.06 17.33 16.84 12.62 11.75 12.67 10.75 7.44 8.83 7.55 6.19 6.45 5.40 0.00 5.89 7.03 6.22 6.84 10.24 11.28 12.89 10.82 14.30 14.77 14.05 11.74 12.22 14.83 14.63 11.97 14.60 17.60 16.63 16.26 19.93 22.16 22.08 22.71 24.31 26.20 26.86 25.87 26.31 29.23 30.05 32.33 
23.69 23.22 21.54 20.48 20.63 18.40 18.71 17.16 17.30 16.93 18.58 21.50 22.44 22.17 22.57 23.79 23.72 23.28 22.29 19.82 18.78 17.69 16.38 16.39 17.46 17.24 19.07 19.98 19.11 17.51 15.01 15.51 15.56 16.08 18.71 19.18 18.28 18.46 18.56 18.89 16.80 16.14 15.64 13.92 15.37 16.49 19.21 20.36 20.99 20.93 19.73 16.50 15.46 15.59 13.82 10.42 12.34 11.56 8.32 6.24 7.30 5.89 0.77 6.21 7.41 6.86 9.70 11.35 12.80 11.99 15.66 16.52 15.29 13.69 14.54 17.04 17.10 14.91 17.41 19.94 18.70 19.37 22.71 25.09 24.88 25.19 27.16 28.99 29.75 27.81 29.27 31.06 32.28 32.66 
23.55 22.75 20.98 20.18 20.12 18.27 18.31 17.17 16.83 16.76 18.31 21.12 22.07 21.77 22.27 23.64 23.60 23.59 22.48 19.37 18.28 17.62 16.63 15.76 16.53 16.89 18.88 19.29 17.83 16.69 14.68 14.91 15.28 15.86 18.43 18.90 18.24 18.44 18.58 17.98 16.40 15.80 15.47 13.47 14.60 15.90 18.73 19.94 20.84 20.54 20.01 16.34 15.25 16.07 14.38 11.60 12.92 12.11 9.53 7.65 6.42 7.03 6.21 0.00 5.98 6.83 7.62 8.82 11.80 11.46 14.74 15.48 14.96 13.50 13.68 16.31 16.21 14.78 16.89 19.38 18.73 18.62 22.18 24.55 24.22 25.18 27.04 29.16 29.44 28.42 29.06 32.15 33.06 35.12 
23.12 22.48 20.52 19.45 19.26 17.64 18.27 16.32 15.59 15.67 17.53 20.26 20.90 20.83 21.74 22.70 22.64 22.90 22.09 18.97 17.52 17.21 16.16 15.49 15.48 16.15 18.41 19.43 17.57 16.37 13.54 15.32 14.59 15.50 17.78 18.51 17.80 18.26 18.91 18.07 16.23 16.40 16.18 12.40 14.88 15.77 18.19 19.03 20.32 20.16 20.07 15.55 15.13 16.33 15.05 11.47 13.21 12.92 11.03 9.72 7.82 6.22 7.41 5.98 0.58 5.33 7.20 7.10 10.06 9.73 13.30 14.30 14.16 12.69 13.06 15.29 15.57 13.69 16.32 19.14 17.81 17.41 20.79 23.57 23.73 23.65 25.68 27.10 28.49 27.52 28.37 30.54 32.65 33.05 
23.25 21.76 19.88 18.98 18.86 17.58 17.82 16.25 15.73 16.10 17.39 20.17 20.37 20.42 21.07 22.02 21.39 21.73 20.65 17.13 15.52 14.48 13.59 12.45 13.53 13.97 16.58 17.49 15.90 14.23 12.12 13.66 13.82 14.39 16.89 17.82 16.69 17.25 17.33 16.92 14.46 14.11 13.07 10.22 12.36 14.46 16.79 17.74 19.30 18.98 18.67 15.01 14.33 15.95 14.30 11.14 13.03 13.22 11.33 10.52 8.70 6.84 6.86 6.83 5.33 0.00 5.68 6.70 7.94 8.09 11.45 13.25 12.87 11.71 12.55 15.10 14.78 13.17 15.73 18.50 17.48 16.91 20.42 22.52 22.06 23.02 24.93 26.66 27.33 27.75 27.39 30.53 31.67 34.26 
26.04 25.56 23.90 22.69 22.89 21.44 21.76 19.94 19.52 19.75 20.91 23.14 23.32 23.33 23.95 24.80 24.88 24.61 23.69 20.59 19.32 18.47 17.46 16.76 16.88 17.21 19.75 20.10 19.13 17.80 15.62 16.95 16.82 17.72 20.74 21.56 20.74 20.85 21.17 20.74 19.23 17.94 17.07 15.31 16.62 17.29 19.83 21.27 22.53 21.76 21.44 18.80 18.43 19.00 17.49 14.77 16.29 16.29 14.20 12.29 11.01 10.24 9.70 7.62 7.20 5.68 1.40 6.05 7.98 7.77 11.20 13.58 14.19 13.66 14.20 16.41 16.69 15.42 17.33 20.62 19.80 19.84 23.10 25.46 25.25 25.62 28.11 29.76 30.63 30.78 31.15 33.21 34.21 35.08 
26.09 25.45 23.66 23.01 23.05 21.69 21.74 20.06 19.40 19.75 20.86 23.04 22.94 22.69 23.18 24.45 23.96 23.77 22.26 19.31 18.46 17.52 17.01 15.27 15.14 15.62 18.54 19.12 17.66 16.99 15.93 17.06 17.37 18.08 21.22 22.33 21.20 22.01 21.30 21.29 19.33 18.71 17.44 16.39 16.62 17.04 19.41 21.01 21.22 20.35 20.44 17.98 17.35 18.08 16.91 15.02 15.87 16.06 14.95 13.15 11.42 11.28 11.35 8.82 7.10 6.70 6.05 0.00 5.86 6.70 8.65 10.02 10.35 11.23 11.25 13.12 14.07 13.89 15.56 18.63 18.45 18.19 21.93 24.09 24.02 25.27 27.29 29.42 29.86 31.64 31.31 34.41 34.40 36.70 
26.67 26.33 24.66 23.61 23.78 22.98 23.35 21.66 21.56 21.71 22.56 24.18 24.27 24.05 24.67 25.50 25.38 25.09 24.01 21.03 20.00 19.55 18.70 17.46 17.18 18.28 20.72 21.29 19.99 19.80 17.90 19.64 19.28 20.43 23.69 24.34 23.53 24.21 24.64 24.36 22.24 21.48 20.51 18.42 19.00 18.70 20.85 21.82 22.32 21.92 22.03 18.67 18.51 19.32 18.61 16.25 17.72 17.92 16.82 15.79 14.49 12.89 12.80 11.80 10.06 7.94 7.98 5.86 1.36 5.55 9.06 8.76 9.59 10.90 11.31 13.21 13.90 14.02 16.39 18.76 18.46 19.34 22.70 24.76 25.24 25.16 27.23 28.60 29.73 31.48 31.78 32.61 34.28 35.23 
26.16 24.62 22.71 21.86 22.05 20.96 20.96 19.82 19.66 19.79 20.27 22.30 22.14 22.03 22.36 23.25 22.72 23.17 22.08 19.02 17.77 17.01 15.96 15.20 15.52 15.90 17.71 18.45 17.32 16.79 15.37 16.64 16.59 18.06 21.77 23.02 21.85 22.46 22.92 23.36 21.13 19.72 18.20 16.42 16.69 16.75 18.14 18.97 19.34 19.17 18.26 15.52 15.16 15.97 14.88 13.27 14.02 15.01 14.57 14.03 12.39 10.82 11.99 11.46 9.73 8.09 7.77 6.70 5.55 0.00 5.93 7.27 7.18 7.17 8.63 11.03 10.85 11.13 13.65 16.25 15.33 15.77 20.07 21.22 20.83 22.14 24.36 25.40 26.31 28.95 28.67 31.02 31.21 33.50 
28.61 27.86 26.14 24.92 25.56 24.45 24.49 22.94 22.80 22.93 23.29 24.82 24.95 24.69 24.84 25.64 25.66 25.68 24.69 21.98 21.08 19.98 18.90 18.49 18.96 18.70 20.31 21.60 20.51 19.73 18.02 19.73 19.90 21.12 24.49 25.83 25.87 25.88 25.87 26.68 24.70 23.06 21.28 19.94 19.97 19.75 20.71 21.64 21.82 21.40 20.45 18.32 18.25 18.41 17.52 15.89 16.20 17.30 17.05 16.28 14.89 14.30 15.66 14.74 13.30 11.45 11.20 8.65 9.06 5.93 2.27 7.02 7.71 7.74 7.96 10.58 12.13 11.94 13.96 16.42 15.90 16.83 20.52 22.42 22.39 23.30 25.81 26.97 27.74 30.18 29.82 31.24 32.47 33.93 
