2.95 6.53 8.58 9.25 10.70 12.74 15.02 15.52 17.78 19.84 20.75 22.04 22.12 24.13 24.42 24.04 23.97 25.15 26.51 26.15 26.64 27.40 27.98 28.86 28.44 27.39 27.63 27.68 26.78 26.33 26.69 26.83 25.80 25.42 26.46 26.45 25.32 24.93 26.41 26.01 24.85 25.65 27.23 26.07 26.13 27.62 27.59 26.52 28.20 28.62 27.73 27.68 30.02 30.57 29.84 30.54 33.48 33.64 32.27 32.25 32.03 32.42 31.86 30.83 29.61 29.33 29.62 28.53 28.00 27.78 28.73 28.69 28.57 29.13 30.34 29.78 30.32 30.88 30.97 30.38 31.46 31.28 31.56 31.33 31.21 31.67 31.64 30.64 30.30 29.93 29.93 29.24 29.53 29.98 30.98 31.15 31.81 32.80 33.33 32.30 32.01 32.75 32.60 32.24 31.74 31.91 31.24 30.68 29.74 30.71 30.07 28.60 27.90 29.18 28.42 26.96 26.97 28.19 27.32 26.85 27.72 29.02 28.52 29.37 31.63 32.15 31.51 33.02 34.80 34.37 33.76 35.07 36.15 34.89 35.01 35.47 34.77 33.34 32.70 31.84 31.96 30.91 29.86 29.36 29.29 28.94 29.10 29.67 30.26 30.08 31.08 31.27 31.02 30.71 31.89 32.09 32.88 34.20 34.52 32.91 32.88 33.49 34.66 34.73 34.71 33.97 33.59 32.01 29.74 29.40 30.28 29.23 27.74 28.56 29.56 28.67 28.28 29.73 29.84 27.83 30.59 30.44 30.58 28.49 36.18 
6.53 2.06 5.66 6.85 9.41 10.89 12.49 14.20 16.01 18.01 19.04 20.25 20.99 22.79 23.33 22.57 22.69 23.71 25.56 24.93 25.66 26.05 27.01 27.79 27.62 26.21 26.54 26.63 25.56 24.83 25.61 26.02 24.74 24.24 25.65 25.86 24.44 23.88 26.04 25.53 24.11 24.96 26.99 25.32 25.32 27.09 27.20 25.47 27.63 28.15 27.01 26.56 29.72 30.16 28.74 29.56 33.04 33.39 31.36 31.65 31.48 32.22 31.16 30.49 29.02 28.85 29.08 28.04 27.49 27.08 28.21 28.10 27.93 28.32 29.89 29.13 30.00 30.41 30.63 29.83 31.34 30.91 31.34 30.92 31.22 31.59 31.62 30.44 30.33 29.64 29.71 28.80 29.42 29.66 30.85 30.90 31.87 32.73 33.21 31.89 31.74 32.56 32.35 31.98 31.65 31.65 30.67 30.19 29.42 30.55 29.69 28.01 27.52 29.10 27.98 26.29 26.68 28.09 26.91 26.31 27.71 29.00 28.01 28.98 31.85 32.17 31.16 32.93 35.32 34.31 33.43 35.02 36.33 34.65 34.61 35.36 35.00 33.25 32.30 31.53 32.00 30.75 29.36 28.93 29.06 28.55 28.38 29.13 29.79 29.47 30.55 30.90 30.82 30.33 31.85 31.65 32.62 33.89 34.62 32.63 32.79 33.36 34.71 34.59 34.69 33.65 33.27 31.78 29.36 29.02 29.96 28.67 26.94 27.67 29.03 27.99 27.76 29.03 29.39 27.89 28.11 30.64 30.28 29.40 34.84 
8.58 5.66 1.33 4.78 8.18 9.03 10.30 11.48 14.20 15.43 16.66 17.85 18.39 20.53 21.38 20.72 20.54 21.48 23.59 22.93 23.54 23.93 24.84 25.67 25.62 24.19 24.45 24.50 23.35 22.93 23.72 24.21 23.18 22.72 24.02 24.30 23.18 22.62 24.65 24.22 22.97 23.71 25.59 23.91 24.11 25.89 25.90 24.24 26.61 26.98 26.09 25.50 28.75 28.97 27.82 28.29 32.00 32.09 30.37 30.46 30.66 31.13 30.65 29.62 28.58 28.00 28.33 27.11 26.82 26.19 27.46 27.22 27.16 27.37 29.00 28.15 29.14 29.34 29.81 28.85 30.74 30.10 30.67 30.15 30.75 30.82 31.20 29.79 29.94 28.94 29.24 28.12 28.95 28.91 30.26 30.24 31.66 32.25 32.71 31.17 31.47 31.93 31.69 31.18 31.28 30.92 29.84 29.23 28.96 29.82 28.95 27.19 27.15 28.35 27.21 25.54 26.22 27.39 26.26 25.77 27.31 28.41 27.61 28.49 31.63 31.76 30.75 32.45 34.83 33.72 32.75 34.16 35.79 33.80 34.01 34.58 34.45 32.36 31.54 30.56 31.43 29.86 28.69 28.08 28.46 27.63 27.48 28.10 29.05 28.48 29.71 29.98 30.19 29.54 31.22 30.89 31.95 33.21 34.07 31.73 32.01 32.29 33.87 33.60 34.06 32.76 32.50 30.78 28.74 28.12 29.21 27.83 26.43 27.35 28.79 27.86 27.73 29.60 29.82 28.51 28.12 30.07 31.06 29.61 33.25 
9.25 6.85 4.78 0.01 5.55 7.12 7.81 8.67 10.64 12.97 13.33 14.71 14.53 16.44 17.71 17.54 17.41 18.50 20.72 20.40 20.86 21.47 22.38 23.16 22.94 21.78 21.93 22.05 20.90 20.43 21.11 21.64 20.52 20.32 21.59 21.85 20.60 20.22 22.18 21.90 20.67 21.47 23.10 21.72 21.88 23.64 23.35 22.06 24.24 24.80 23.52 23.42 26.59 27.03 25.48 26.41 29.93 30.12 28.03 28.44 28.58 29.16 28.06 27.54 26.39 25.91 25.72 24.91 24.75 24.12 24.87 24.99 24.99 25.15 26.47 25.91 27.22 27.38 27.44 26.77 28.81 27.96 28.31 28.03 28.79 28.68 28.51 27.39 27.68 26.60 26.53 25.74 26.70 26.57 27.51 27.90 29.57 29.96 30.19 28.92 29.50 29.78 29.27 29.01 29.26 28.77 27.49 27.11 26.78 27.64 26.59 25.30 25.16 26.41 25.05 23.77 24.34 25.55 24.02 23.93 25.44 26.63 25.39 26.67 29.54 29.89 28.62 30.56 33.20 31.96 30.80 32.24 33.90 31.90 31.93 32.54 32.48 30.39 29.43 28.66 29.24 27.87 26.36 26.24 26.47 25.74 25.25 26.18 26.92 26.45 27.32 27.92 28.26 27.54 28.82 28.76 29.76 31.10 31.46 29.34 29.76 30.11 31.35 31.31 31.66 30.32 29.65 28.29 26.37 25.90 26.67 25.69 24.32 25.15 26.38 25.94 26.04 27.75 28.03 26.40 26.43 28.93 31.07 29.45 37.28 
10.70 9.41 8.18 5.55 0.76 5.93 6.80 7.93 9.28 12.19 13.37 14.26 13.81 16.08 16.61 16.30 16.67 18.22 20.60 20.15 20.75 21.38 22.45 23.52 23.07 21.71 22.03 22.25 21.06 20.55 21.17 21.54 20.23 19.85 21.61 21.82 20.36 19.92 22.38 21.81 20.18 21.10 23.32 21.39 21.26 23.35 23.38 21.40 23.49 24.23 23.09 22.71 26.40 27.08 25.56 26.04 29.86 30.42 28.55 28.39 28.26 28.92 28.07 26.77 25.53 25.05 25.58 24.34 24.02 23.26 24.20 24.06 23.65 24.13 25.76 24.93 26.11 26.40 26.62 25.37 27.10 26.45 26.94 26.30 26.78 27.00 27.36 25.52 25.60 24.62 24.99 23.76 24.57 24.85 26.50 26.43 27.63 28.55 29.48 27.73 27.65 28.46 28.61 27.84 27.62 27.60 26.94 26.05 25.41 26.90 26.56 24.44 24.06 25.81 25.01 22.92 23.23 24.88 23.76 23.04 24.53 26.01 24.92 25.89 28.89 29.43 28.10 30.05 32.96 31.73 30.38 31.96 33.74 31.69 31.92 32.64 32.76 30.46 29.77 28.68 29.53 27.97 26.63 26.02 26.08 25.28 25.19 25.94 26.47 25.80 27.24 27.41 27.33 26.49 28.27 27.85 28.87 30.50 31.08 28.68 29.48 29.80 31.31 31.14 31.53 30.40 30.16 28.69 26.64 26.14 27.00 25.79 23.65 25.09 25.89 25.27 24.77 27.90 27.97 26.94 28.83 29.84 29.09 28.17 30.80 
12.74 10.89 9.03 7.12 5.93 0.16 6.08 7.02 8.53 10.20 11.54 13.80 13.26 15.42 15.86 15.74 15.97 17.60 19.89 19.82 20.39 21.21 22.15 23.18 22.81 21.37 21.94 22.03 20.77 20.29 21.28 21.66 20.19 19.87 21.83 21.95 20.37 19.83 22.49 21.82 20.20 21.04 23.44 21.32 21.26 23.46 23.56 21.33 23.75 24.44 23.30 22.75 26.73 27.34 25.65 26.18 30.35 30.88 28.74 28.67 28.36 29.32 28.13 27.06 25.50 25.14 25.44 24.25 23.92 23.02 23.84 23.76 23.43 23.78 25.53 24.52 25.82 26.23 26.37 25.15 27.05 26.45 27.00 26.43 26.89 27.44 27.53 25.81 25.75 24.81 25.03 23.86 24.69 24.96 26.49 26.62 27.87 28.74 29.60 27.77 27.75 28.64 28.54 27.94 27.64 27.60 26.68 26.03 25.46 27.02 26.39 24.41 24.13 25.93 24.91 22.95 23.57 25.13 23.89 23.17 24.97 26.32 25.22 26.19 29.58 29.83 28.48 30.47 33.61 32.13 30.67 32.42 34.34 32.08 32.11 33.08 33.19 30.93 29.78 28.97 29.83 28.21 26.53 26.02 26.11 25.17 24.85 25.80 26.41 25.78 27.03 27.39 27.26 26.55 28.29 27.98 29.03 30.90 31.49 28.99 29.69 30.12 31.53 31.52 32.04 30.81 30.41 28.90 26.73 26.40 27.23 26.03 24.10 25.47 26.53 25.91 25.64 28.63 28.47 26.81 28.02 29.94 29.96 29.68 32.70 
15.02 12.49 10.30 7.81 6.80 6.08 0.05 6.06 7.31 9.18 9.35 12.26 12.70 14.43 14.98 15.04 15.43 16.56 18.74 18.78 19.60 20.40 21.48 22.48 22.00 20.88 21.38 21.66 20.09 20.09 21.05 21.69 20.00 19.79 21.53 21.75 20.17 19.73 22.11 21.55 19.95 20.87 23.00 20.92 20.89 23.14 23.07 21.05 23.49 24.14 23.05 22.72 26.51 27.03 25.46 26.05 30.00 30.45 28.51 28.53 28.21 28.88 28.08 26.90 25.56 24.96 25.47 24.07 23.79 22.75 23.50 23.36 22.87 23.33 24.99 24.13 25.44 25.78 26.00 24.67 26.64 26.02 26.75 26.12 26.88 27.14 27.61 25.72 25.86 24.57 25.03 23.71 24.73 24.71 26.26 26.38 27.81 28.59 29.37 27.60 27.91 28.43 28.27 27.64 27.69 27.27 26.25 25.60 25.39 26.63 25.93 24.01 24.03 25.60 24.52 22.64 23.46 24.89 23.58 23.03 24.76 26.10 25.06 25.99 29.34 29.53 28.26 30.28 33.42 31.75 30.36 31.95 34.02 31.54 31.80 32.66 33.12 30.46 29.50 28.39 29.72 27.79 26.29 25.72 25.90 24.84 24.46 25.27 26.05 25.31 26.67 26.96 26.98 26.14 28.06 27.68 28.89 30.61 31.51 28.76 29.67 29.75 31.34 31.19 31.96 30.53 30.28 28.65 26.74 26.26 27.23 25.91 24.10 25.52 26.58 25.80 25.32 28.82 28.56 27.94 28.57 29.99 29.53 29.63 30.79 
15.52 14.20 11.48 8.67 7.93 7.02 6.06 0.00 6.49 7.66 8.18 9.79 11.44 13.01 13.41 13.43 14.52 15.36 17.49 17.32 18.06 19.13 20.07 21.04 20.63 19.58 20.18 20.21 18.74 18.76 19.64 20.24 18.47 18.43 19.89 20.21 18.57 18.30 20.65 20.22 18.66 19.73 21.64 19.80 19.80 22.26 22.10 20.36 22.69 23.53 22.28 22.20 25.69 26.49 24.79 25.67 29.33 29.83 27.75 27.82 27.17 28.10 27.11 26.26 24.67 24.37 24.50 23.43 22.95 22.20 22.76 22.91 22.24 22.69 24.21 23.57 24.62 25.28 25.21 24.17 25.92 25.37 25.95 25.55 25.92 26.49 26.63 24.97 24.73 23.82 24.00 22.84 23.60 23.80 25.13 25.38 26.69 27.58 28.19 26.46 26.56 27.27 26.94 26.52 26.26 26.20 25.07 24.56 24.00 25.47 24.82 23.12 22.89 24.76 23.78 22.06 22.67 24.28 22.94 22.51 24.15 25.69 24.52 25.70 28.76 29.16 27.69 29.83 32.72 31.33 29.65 31.40 33.01 30.88 30.92 31.90 31.94 29.69 28.58 27.76 28.64 27.16 25.52 25.12 25.24 24.40 23.88 24.80 25.39 24.84 26.01 26.31 26.22 25.54 27.15 26.98 27.95 29.89 30.33 27.76 28.38 28.80 30.11 30.27 30.86 29.42 28.89 27.51 25.44 25.23 26.03 25.20 23.51 24.76 25.53 25.42 25.67 28.48 27.64 26.45 27.45 28.68 28.52 28.32 33.05 
17.78 16.01 14.20 10.64 9.28 8.53 7.31 6.49 0.43 6.53 6.87 9.79 10.47 12.76 13.51 13.73 14.41 15.54 17.28 17.19 17.86 19.08 20.34 21.32 21.24 19.96 20.54 20.15 18.94 19.16 19.68 20.08 18.68 18.63 19.94 19.96 18.83 18.53 20.99 20.48 19.21 20.26 22.35 20.44 20.57 23.08 22.97 21.18 23.69 24.23 23.24 23.21 26.65 27.37 25.71 26.39 30.22 30.54 28.46 28.52 27.70 28.64 27.55 26.58 25.11 24.87 25.22 24.28 23.96 23.23 23.90 23.84 22.99 23.40 25.58 24.74 26.18 26.57 26.58 25.25 26.88 26.15 26.66 26.23 26.63 27.26 27.48 25.61 25.31 24.31 24.46 23.31 23.95 24.34 25.64 25.95 27.11 27.95 28.71 26.81 26.61 27.50 27.34 26.78 26.41 26.48 25.54 24.82 24.15 25.85 25.41 23.59 23.34 25.41 24.74 23.02 23.60 25.26 24.14 23.69 25.28 26.85 25.99 26.87 29.95 30.21 28.93 31.00 33.65 32.37 30.66 32.16 33.52 31.38 31.58 32.42 32.45 30.17 29.35 28.34 29.26 27.84 26.29 26.21 26.07 25.37 24.79 25.74 26.55 25.92 27.28 27.48 27.16 26.45 27.94 27.67 28.71 30.52 30.92 28.28 28.95 29.32 30.53 30.60 31.23 29.73 29.28 27.88 25.90 25.66 26.41 25.68 24.03 25.21 25.80 25.63 25.59 27.91 27.35 26.72 29.86 29.14 28.62 29.08 29.95 
19.84 18.01 15.43 12.97 12.19 10.20 9.18 7.66 6.53 0.47 6.36 9.75 9.48 12.26 12.65 13.71 14.24 16.19 17.15 16.93 17.80 19.02 20.36 21.46 21.33 20.07 20.57 20.32 19.10 19.30 19.98 20.43 18.95 19.18 20.27 20.26 19.07 19.14 21.31 20.82 19.48 20.70 22.67 20.81 21.01 23.56 23.47 21.75 24.17 24.94 24.12 24.12 27.47 28.25 26.60 27.40 30.72 31.45 29.30 29.37 28.23 29.39 28.28 27.34 25.49 25.43 25.72 24.83 24.45 23.75 24.09 24.27 23.19 23.84 25.78 25.13 26.29 27.00 26.77 25.71 27.11 26.47 26.99 26.85 26.95 27.90 27.89 26.28 25.76 24.76 24.83 23.60 24.37 24.68 26.01 26.59 27.58 28.62 29.00 27.23 27.02 27.91 27.64 27.32 26.67 26.67 25.62 25.12 24.46 26.21 25.64 24.22 23.78 25.94 24.98 23.62 24.06 25.95 24.66 24.49 25.92 27.63 26.44 27.61 30.43 30.97 29.53 31.83 34.27 32.98 31.18 32.67 34.08 31.89 32.02 33.02 33.01 30.81 29.68 28.87 29.80 28.51 26.75 26.57 26.50 25.72 25.00 25.95 26.64 26.30 27.45 27.72 27.47 26.75 28.33 28.16 28.96 31.15 31.32 28.84 29.52 29.84 31.04 31.39 31.63 30.53 29.94 28.56 26.55 26.45 27.29 26.55 24.68 26.28 27.11 26.94 26.77 29.00 28.61 27.62 29.15 30.01 29.54 29.51 30.79 
20.75 19.04 16.66 13.33 13.37 11.54 9.35 8.18 6.87 6.36 0.00 7.59 8.10 9.82 10.39 11.93 13.06 14.48 16.15 15.75 16.17 17.77 18.44 20.31 19.95 18.74 19.44 19.33 18.01 18.03 18.97 19.62 17.93 17.72 19.34 19.39 17.77 17.61 20.27 19.58 18.09 19.15 21.25 19.52 19.69 22.24 21.99 20.25 22.81 23.67 22.89 22.87 26.15 27.03 25.54 26.11 29.60 30.08 28.18 28.11 27.04 28.06 27.20 25.97 24.10 23.92 24.27 23.18 22.61 21.97 22.30 22.48 21.52 22.24 24.22 23.60 24.70 25.32 25.31 24.18 25.80 25.19 25.78 25.42 25.82 26.51 26.72 25.00 24.65 23.55 23.45 22.40 22.98 23.45 24.65 25.36 26.48 27.44 27.72 26.11 25.95 26.79 26.39 26.04 25.51 25.35 24.11 23.67 23.18 24.73 24.12 22.69 22.55 24.40 23.33 21.90 22.54 24.26 23.14 22.93 24.56 26.09 25.12 26.06 29.15 29.43 28.29 30.37 32.99 31.61 29.82 31.43 32.89 30.63 30.65 31.64 31.89 29.43 28.25 27.36 28.52 26.91 25.20 25.04 25.07 24.22 23.53 24.49 25.15 24.70 25.95 26.31 25.92 25.36 26.84 26.75 27.85 29.79 30.34 27.75 28.44 28.73 29.82 29.90 30.57 29.14 28.65 27.36 25.43 25.36 26.18 25.28 23.38 25.11 26.51 26.04 25.59 28.09 28.10 27.32 29.73 29.47 30.01 29.90 30.33 
22.04 20.25 17.85 14.71 14.26 13.80 12.26 9.79 9.79 9.75 7.59 0.30 8.61 9.65 10.55 11.14 12.82 14.96 16.60 16.40 15.98 17.31 18.85 20.19 20.33 19.59 19.86 20.07 18.85 19.15 19.73 20.28 18.63 18.64 20.05 20.14 18.57 18.72 21.03 20.70 19.18 20.43 22.37 20.77 20.93 23.59 23.42 21.71 23.97 24.92 24.17 24.42 27.59 28.51 26.79 27.61 30.62 31.34 29.20 29.52 27.94 29.10 27.93 27.18 25.23 25.17 25.30 24.38 23.97 23.15 23.35 23.53 22.44 22.84 24.81 24.33 25.51 26.21 25.99 25.14 26.76 26.12 26.53 26.61 26.66 27.61 27.35 25.86 25.39 24.30 24.17 22.93 23.72 24.00 25.22 25.95 27.15 28.09 28.33 26.64 26.35 27.35 26.73 26.82 26.09 26.05 24.65 24.43 23.71 25.56 24.92 23.85 23.42 25.54 24.53 23.16 23.58 25.62 24.37 24.34 25.71 27.50 26.34 27.51 30.16 30.85 29.39 31.78 34.02 32.87 30.85 32.44 33.76 31.55 31.62 32.73 32.60 30.50 29.25 28.55 29.47 28.41 26.44 26.39 26.20 25.48 24.62 25.60 26.12 25.91 27.16 27.35 27.04 26.23 27.73 27.73 28.31 30.71 30.82 28.41 28.77 29.25 30.30 30.83 30.95 30.00 29.22 28.07 26.15 26.26 26.97 26.73 24.80 26.72 27.65 27.72 27.42 29.92 29.41 28.66 30.07 31.30 30.87 30.66 30.14 
22.12 20.99 18.39 14.53 13.81 13.26 12.70 11.44 10.47 9.48 8.10 8.61 0.00 6.36 7.51 9.13 10.46 11.92 13.83 14.20 13.95 14.64 15.39 17.69 18.25 17.82 17.70 17.94 17.36 17.91 17.86 18.80 17.40 17.83 18.91 19.21 18.00 18.06 20.20 19.79 18.62 19.93 21.91 19.99 20.12 23.04 22.96 21.27 23.32 24.58 23.58 23.94 27.32 28.43 26.41 27.17 30.43 31.16 28.96 28.93 28.23 29.02 27.95 26.77 25.17 24.80 25.07 24.00 23.56 22.60 22.99 23.07 22.13 22.41 24.20 23.82 25.04 25.51 25.44 24.49 26.32 25.75 26.04 25.68 26.24 26.80 26.65 24.92 24.67 23.63 23.62 22.40 23.08 23.46 24.53 24.94 26.10 27.14 27.48 25.85 25.61 26.51 26.10 25.67 25.21 25.30 24.09 23.58 23.06 24.91 24.46 22.83 22.57 24.73 24.07 22.42 22.94 25.00 24.00 23.72 25.24 27.01 25.95 27.09 29.92 30.55 29.17 31.38 33.89 32.66 30.91 32.47 33.64 31.63 31.78 32.61 32.56 30.37 29.41 28.48 29.43 28.01 26.33 25.94 26.02 25.25 24.50 25.38 26.07 25.66 26.77 26.99 26.69 26.06 27.48 27.18 27.78 29.76 30.23 27.82 28.39 28.76 29.88 30.01 30.27 29.28 28.88 27.79 25.87 25.86 26.58 26.25 24.52 26.32 27.23 27.46 27.18 29.60 29.28 28.75 31.46 31.55 30.92 31.15 29.30 
24.13 22.79 20.53 16.44 16.08 15.42 14.43 13.01 12.76 12.26 9.82 9.65 6.36 1.08 6.93 7.91 9.67 12.00 13.40 14.00 13.94 15.19 15.37 17.67 18.74 18.14 18.60 18.73 18.11 18.39 18.98 19.16 18.29 18.54 19.70 19.49 18.34 18.77 20.92 20.35 19.44 20.85 22.92 21.12 21.44 24.12 24.17 22.70 24.89 25.88 25.09 25.69 29.01 29.96 28.21 28.90 32.22 32.94 30.73 30.75 29.66 30.70 29.52 28.24 26.45 26.17 26.47 25.44 24.85 24.14 24.37 24.35 23.59 23.84 25.71 25.27 26.40 27.14 26.73 25.76 27.46 26.82 27.20 27.18 27.39 28.25 27.79 26.29 25.78 24.60 24.64 23.20 24.25 24.34 25.63 26.15 27.26 28.30 28.56 26.82 26.81 27.49 27.07 26.84 26.22 26.26 25.08 24.53 24.14 25.98 25.44 24.14 23.71 25.98 25.15 23.77 24.24 26.27 25.14 25.13 26.58 28.37 27.15 28.44 31.38 31.85 30.38 32.85 35.30 33.87 32.04 33.60 35.07 32.78 32.84 33.75 33.86 31.64 30.46 29.70 30.76 29.29 27.54 27.10 27.17 26.19 25.63 26.44 27.23 26.76 27.88 28.09 27.87 26.98 28.51 28.20 28.89 30.94 31.26 28.84 29.55 29.67 30.88 31.17 31.53 30.51 30.16 28.90 27.24 27.10 28.07 27.56 26.05 27.81 29.08 28.96 28.82 31.73 31.31 30.84 32.01 33.12 32.57 32.46 30.50 
24.42 23.33 21.38 17.71 16.61 15.86 14.98 13.41 13.51 12.65 10.39 10.55 7.51 6.93 0.00 7.06 7.96 10.04 11.33 12.39 12.96 14.37 14.83 16.19 17.11 16.49 17.23 17.91 17.06 17.33 18.04 19.04 17.37 17.79 19.23 19.44 17.58 17.99 20.74 20.33 18.91 20.19 22.46 20.83 21.10 23.67 23.41 22.04 24.50 25.56 24.59 24.91 28.33 29.59 27.77 28.50 32.05 32.83 30.69 30.42 29.60 30.63 29.62 28.16 26.23 25.94 26.34 25.05 24.14 23.50 23.97 24.03 22.85 23.52 25.39 24.84 25.69 26.36 26.32 25.30 26.84 26.42 26.83 26.50 27.07 27.55 27.43 25.72 25.40 24.37 24.17 23.03 23.73 24.17 25.12 25.56 26.62 27.70 27.99 26.51 26.26 27.04 26.42 26.03 25.50 25.51 24.30 23.97 23.55 25.21 24.63 23.21 23.18 25.21 24.31 22.88 23.64 25.53 24.37 24.21 25.86 27.56 26.46 27.68 30.73 31.18 29.66 31.99 34.70 33.26 31.31 33.08 34.64 32.28 32.09 33.07 33.43 30.99 29.76 28.99 30.31 28.65 26.89 26.45 26.61 25.72 25.11 26.07 26.59 26.09 27.15 27.40 27.03 26.33 27.72 27.50 28.25 30.14 30.64 28.20 29.06 29.27 30.22 30.35 30.99 29.94 29.57 28.40 26.78 26.81 27.46 26.84 25.29 27.30 28.85 28.78 28.10 30.84 31.31 30.68 32.54 32.72 33.23 33.46 31.38 
24.04 22.57 20.72 17.54 16.30 15.74 15.04 13.43 13.73 13.71 11.93 11.14 9.13 7.91 7.06 0.46 6.60 7.94 9.29 10.37 11.22 13.25 14.26 15.59 15.64 15.61 16.81 17.00 16.81 16.93 18.30 18.46 17.51 17.09 19.13 18.94 17.39 17.63 20.48 19.95 18.74 20.18 22.34 20.67 20.99 23.68 23.50 21.99 24.27 25.25 24.34 24.85 28.26 29.18 27.55 28.33 31.66 32.33 30.42 30.58 29.23 30.17 29.12 27.93 25.98 25.80 26.09 24.98 24.21 23.52 23.77 23.77 22.60 23.11 24.89 24.59 25.32 26.09 25.83 24.97 26.43 25.86 26.31 26.44 26.67 27.51 27.00 25.46 25.01 23.93 23.93 22.47 23.49 23.55 24.69 25.05 26.03 27.17 27.37 25.54 25.42 26.11 25.60 25.33 24.63 24.62 23.58 23.27 22.85 24.38 23.90 22.76 22.49 24.64 23.84 22.58 23.13 25.16 23.97 23.93 25.50 27.24 26.09 27.33 30.38 30.76 29.28 31.53 34.12 32.66 30.97 32.49 33.94 31.69 31.75 32.68 32.76 30.59 29.54 28.76 29.90 28.50 26.79 26.20 26.45 25.43 25.02 25.66 26.24 25.84 27.02 26.86 26.46 25.59 27.34 26.81 27.51 29.82 30.10 27.42 28.17 28.58 29.75 29.85 30.22 29.43 29.05 27.74 26.19 26.25 27.20 26.75 25.23 27.29 28.77 28.63 28.56 31.43 31.55 31.41 32.11 33.40 33.52 33.60 31.45 
23.97 22.69 20.54 17.41 16.67 15.97 15.43 14.52 14.41 14.24 13.06 12.82 10.46 9.67 7.96 6.60 0.44 6.63 7.49 9.26 10.64 12.55 13.65 14.64 15.24 13.94 14.37 15.72 15.48 16.37 16.65 18.13 16.87 17.36 18.37 19.01 17.84 18.28 20.06 20.06 19.02 20.62 22.44 20.67 21.08 23.91 23.82 22.26 24.52 25.40 24.58 25.01 28.50 29.35 27.82 28.45 31.96 32.78 30.73 30.72 29.85 30.86 29.72 28.46 26.54 26.42 26.78 25.63 25.13 24.42 24.71 24.58 23.43 23.81 25.80 25.26 26.31 26.79 26.45 25.35 26.94 26.29 26.71 26.61 27.42 27.92 27.82 25.99 25.71 24.58 24.51 23.40 24.10 24.29 25.24 25.62 26.58 27.49 27.54 25.79 25.34 26.28 25.55 25.27 24.70 24.86 23.63 23.36 22.83 24.65 24.08 22.63 22.42 24.69 24.17 22.70 23.34 25.32 24.51 24.15 25.83 27.49 26.59 27.56 30.52 31.01 29.64 31.67 34.06 32.98 31.37 32.86 33.94 32.00 32.31 33.14 33.01 31.00 30.30 29.32 30.36 28.97 27.49 27.05 26.93 26.28 25.67 26.35 26.95 26.53 27.80 27.51 26.75 26.31 27.61 27.08 27.74 29.85 30.46 27.67 28.07 28.77 29.90 29.89 30.61 29.46 29.33 28.16 26.24 26.62 27.59 27.15 26.05 27.75 29.06 29.44 29.48 31.55 31.73 31.56 34.07 33.59 33.70 34.14 33.50 
25.15 23.71 21.48 18.50 18.22 17.60 16.56 15.36 15.54 16.19 14.48 14.96 11.92 12.00 10.04 7.94 6.63 0.19 6.50 7.69 8.88 11.40 12.49 14.44 14.98 14.82 14.99 15.56 15.46 16.41 17.51 17.78 17.09 17.56 18.84 18.61 17.64 18.12 20.48 20.03 19.53 21.03 23.21 21.39 22.08 24.83 24.97 23.41 25.78 26.59 25.88 26.23 29.63 30.65 29.09 29.73 33.39 34.25 32.33 32.32 31.27 32.39 31.24 29.74 27.77 27.73 28.13 26.79 25.88 25.46 25.91 25.71 24.59 25.16 27.00 26.44 27.08 27.88 27.49 26.35 27.87 27.36 27.77 27.81 28.12 28.98 28.49 26.97 26.51 25.40 25.41 24.20 25.16 25.23 26.19 26.59 27.44 28.40 28.42 26.60 26.41 27.03 26.47 26.08 25.52 25.66 24.55 23.99 23.72 25.51 25.04 23.56 23.36 25.66 25.06 23.48 24.14 26.23 25.28 25.04 26.63 28.47 27.47 28.54 31.66 32.08 30.69 32.86 35.39 33.99 32.40 33.86 35.24 33.04 33.22 34.12 34.07 32.02 31.07 30.30 31.39 29.95 28.30 27.77 27.88 27.00 26.57 27.23 27.80 27.35 28.51 28.31 27.90 27.00 28.58 27.85 28.44 30.60 31.01 28.36 28.97 29.41 30.64 30.72 31.07 30.48 30.31 28.96 27.29 27.53 28.64 28.05 26.51 28.69 30.36 30.39 30.40 33.17 33.53 33.55 34.70 35.70 35.46 36.73 34.84 
26.51 25.56 23.59 20.72 20.60 19.89 18.74 17.49 17.28 17.15 16.15 16.60 13.83 13.40 11.33 9.29 7.49 6.50 0.00 6.48 7.42 9.44 11.61 13.49 15.43 14.46 15.31 15.47 15.80 17.00 17.58 18.60 17.82 18.72 19.96 20.00 18.39 19.27 21.97 21.77 20.47 22.51 24.74 23.12 23.51 26.54 26.57 24.84 27.13 28.37 27.57 27.75 31.08 32.45 30.67 31.48 34.93 36.13 34.21 34.01 33.20 34.39 33.48 31.69 29.59 29.43 30.11 28.45 27.24 26.88 27.76 27.40 25.95 26.87 28.96 27.95 28.54 29.27 29.20 28.03 29.33 29.05 29.33 29.07 29.65 30.18 30.07 28.44 28.19 27.12 26.96 25.90 26.64 27.01 27.75 28.11 29.11 29.93 29.83 28.23 27.76 28.47 27.75 27.45 26.80 26.96 25.72 25.46 24.99 26.79 26.26 24.81 24.76 26.96 26.13 24.58 25.34 27.43 26.55 26.10 27.94 29.74 28.92 29.95 33.08 33.55 32.04 34.30 36.83 35.49 33.65 35.40 36.87 34.55 34.44 35.37 35.58 33.29 32.25 31.52 32.88 31.19 29.44 28.97 29.27 28.26 27.74 28.58 29.22 28.55 29.67 29.61 29.04 28.36 29.67 29.13 29.55 31.52 31.93 29.46 30.09 30.68 31.67 31.68 32.39 31.58 31.43 30.19 28.47 28.86 29.80 28.96 27.43 29.78 31.68 31.60 31.28 33.61 34.48 34.24 35.97 36.04 37.07 37.79 36.62 
26.15 24.93 22.93 20.40 20.15 19.82 18.78 17.32 17.19 16.93 15.75 16.40 14.20 14.00 12.39 10.37 9.26 7.69 6.48 0.00 6.26 7.77 9.03 11.58 12.97 13.45 14.47 14.92 14.50 15.74 16.92 17.92 16.99 17.36 19.19 19.16 17.91 18.41 21.49 21.17 20.23 22.13 24.54 22.74 23.33 26.54 26.55 24.77 27.02 28.04 27.28 27.58 31.15 32.10 30.52 31.19 34.72 35.63 33.88 34.10 32.99 34.14 32.99 31.63 29.38 29.29 29.72 28.37 27.10 26.63 27.42 26.93 25.74 26.56 28.46 27.51 28.09 29.03 28.89 27.72 29.31 28.87 29.21 29.16 29.54 30.33 29.87 28.40 28.04 26.98 26.96 25.71 26.56 26.68 27.55 27.81 28.60 29.61 29.45 27.53 27.15 27.78 27.10 26.77 26.06 26.08 24.96 24.60 24.23 25.90 25.42 24.37 24.09 26.28 25.60 24.15 24.83 26.91 26.08 25.97 27.61 29.42 28.50 29.74 32.86 33.22 31.85 33.98 36.46 35.04 33.48 35.07 36.45 34.15 34.13 35.05 34.86 32.87 31.81 31.22 32.29 30.87 29.08 28.59 28.67 27.77 27.44 28.21 28.68 28.16 29.38 29.11 28.56 27.72 29.40 28.58 29.08 31.09 31.58 28.79 29.45 30.07 31.27 31.07 31.60 30.99 30.92 29.56 28.05 28.26 29.43 28.83 27.35 29.40 31.29 31.37 31.33 34.09 34.32 34.98 36.67 37.14 37.14 38.63 36.43 
26.64 25.66 23.54 20.86 20.75 20.39 19.60 18.06 17.86 17.80 16.17 15.98 13.95 13.94 12.96 11.22 10.64 8.88 7.42 6.26 0.00 6.23 7.45 9.56 11.86 12.43 14.24 14.29 14.46 14.74 15.74 16.57 15.76 16.91 18.58 18.83 17.92 18.66 21.00 21.12 20.41 22.42 24.53 23.05 23.44 26.59 26.57 24.96 27.37 28.32 27.32 27.55 31.08 32.27 30.32 31.18 34.72 35.76 33.80 34.00 33.42 34.48 33.49 32.08 30.08 29.80 30.33 28.75 27.75 27.15 27.79 27.40 26.21 27.01 28.76 27.92 28.47 29.30 29.15 28.36 29.78 29.56 29.79 29.72 30.18 30.83 30.61 29.06 28.70 27.72 27.74 26.58 27.17 27.37 28.05 28.20 29.10 29.85 29.72 27.87 27.31 27.96 27.20 26.74 26.04 26.20 24.89 24.58 24.08 25.94 25.35 24.05 23.86 26.27 25.59 24.11 24.68 26.92 26.11 25.85 27.61 29.54 28.67 29.75 32.76 33.46 32.00 34.11 36.39 35.33 33.79 35.32 36.31 34.28 34.56 35.24 34.93 32.93 32.25 31.36 32.35 30.99 29.51 28.84 28.81 28.14 27.90 28.57 28.84 28.38 29.67 29.43 28.70 28.01 29.56 28.82 29.09 31.14 31.75 29.02 29.35 30.12 31.20 31.11 31.41 30.90 30.94 29.89 28.06 28.45 29.56 29.10 27.52 29.53 31.12 31.77 31.79 33.76 34.13 34.32 36.29 37.22 37.18 38.21 37.33 
27.40 26.05 23.93 21.47 21.38 21.21 20.40 19.13 19.08 19.02 17.77 17.31 14.64 15.19 14.37 13.25 12.55 11.40 9.44 7.77 6.23 0.00 6.08 8.00 10.11 11.68 13.25 14.15 14.54 14.88 15.24 16.61 16.05 16.89 18.35 18.38 17.56 18.61 21.06 20.95 20.38 22.77 24.85 23.52 24.01 27.77 27.67 26.30 28.43 29.74 28.68 29.10 32.38 33.24 31.67 32.69 36.11 37.17 35.18 35.69 34.65 35.80 34.66 33.30 31.23 31.19 31.33 29.96 28.63 28.35 28.75 28.48 26.89 27.86 29.56 28.96 29.12 30.22 29.97 29.25 30.54 30.49 30.75 31.14 31.02 32.20 31.35 30.19 29.46 28.60 28.46 27.45 27.96 28.39 28.92 29.51 30.08 31.17 30.71 28.92 28.23 28.81 28.01 27.96 27.01 27.20 25.71 25.52 24.91 26.96 26.23 25.23 24.73 27.41 26.53 25.33 25.75 28.08 27.00 27.03 28.56 30.66 29.51 30.81 33.76 34.40 32.89 35.33 37.62 36.37 34.64 36.12 37.37 35.23 35.19 36.02 35.75 33.88 32.75 32.10 33.06 31.88 29.94 29.57 29.46 28.84 28.39 29.32 29.69 29.42 30.34 30.51 29.67 28.79 30.24 29.78 30.02 32.34 32.53 29.95 30.24 30.86 31.97 32.22 32.39 32.02 31.74 30.67 28.80 29.25 30.23 29.87 28.15 30.39 32.12 32.69 32.13 35.34 35.81 36.04 37.88 38.58 38.51 39.97 37.41 
27.98 27.01 24.84 22.38 22.45 22.15 21.48 20.07 20.34 20.36 18.44 18.85 15.39 15.37 14.83 14.26 13.65 12.49 11.61 9.03 7.45 6.08 0.10 6.28 8.01 9.74 11.94 12.49 13.82 14.56 14.83 15.29 15.32 16.54 17.88 18.48 17.65 18.77 21.66 21.51 20.62 23.23 25.49 23.84 24.35 28.22 28.41 26.65 29.10 30.55 29.57 29.65 33.14 34.30 32.38 33.34 37.00 37.90 35.94 36.08 35.62 36.71 35.89 34.25 32.30 31.94 32.51 30.65 29.30 28.76 29.64 29.03 27.30 28.12 30.10 29.12 29.43 30.42 30.49 29.56 30.94 30.87 31.21 31.05 31.56 32.21 31.95 30.42 30.23 29.12 29.09 27.97 28.67 28.80 29.50 29.74 30.67 31.38 31.36 29.52 28.91 29.34 28.67 28.19 27.47 27.57 26.31 25.86 25.43 27.34 26.85 25.36 25.28 27.80 27.13 25.43 26.15 28.45 27.44 27.07 28.95 30.96 29.92 31.17 34.39 35.00 33.41 35.71 38.34 36.94 35.08 36.70 38.13 35.76 35.61 36.29 36.49 34.32 33.22 32.42 33.81 32.15 30.28 29.76 30.19 29.31 28.72 29.71 30.44 29.70 30.75 30.75 30.32 29.50 30.95 30.32 30.72 32.57 33.07 30.39 30.85 31.43 32.48 32.38 32.85 32.27 32.29 31.01 29.18 29.58 30.68 29.83 28.33 30.49 32.66 32.62 32.15 34.60 35.63 35.40 36.77 37.82 38.33 39.48 38.14 
28.86 27.79 25.67 23.16 23.52 23.18 22.48 21.04 21.32 21.46 20.31 20.19 17.69 17.67 16.19 15.59 14.64 14.44 13.49 11.58 9.56 8.00 6.28 0.17 6.85 7.96 9.94 11.75 12.22 14.01 14.63 15.77 15.08 16.42 18.00 18.61 17.94 19.06 22.19 22.24 21.76 24.10 26.29 24.79 25.51 29.34 29.25 27.86 30.26 31.76 30.73 31.12 34.57 35.53 33.66 34.54 38.02 38.91 36.99 37.53 36.58 37.79 36.81 35.42 33.37 33.17 33.47 31.89 30.31 30.00 30.41 29.78 28.10 28.94 30.55 29.88 30.22 31.37 30.97 30.25 31.77 31.60 31.81 32.30 32.51 33.55 32.77 31.65 31.09 30.09 29.97 29.07 29.69 29.86 30.32 30.93 31.51 32.40 32.01 30.31 29.65 30.02 29.13 29.13 28.16 28.30 26.84 26.79 26.15 28.14 27.40 26.55 26.06 28.81 27.99 26.72 27.07 29.56 28.52 28.49 30.00 32.13 31.05 32.38 35.49 35.99 34.54 36.77 39.18 37.78 36.09 37.57 38.93 36.61 36.49 37.26 37.14 35.13 34.02 33.37 34.50 33.15 31.14 30.84 30.92 30.06 29.63 30.56 31.02 30.80 31.55 31.66 31.02 30.21 31.77 31.26 31.40 33.71 33.81 31.16 31.51 32.15 33.31 33.51 33.68 33.29 32.91 31.77 30.02 30.26 31.44 31.26 29.56 31.80 33.38 33.62 33.37 36.29 36.48 37.04 38.88 39.25 38.87 40.39 38.05 
28.44 27.62 25.62 22.94 23.07 22.81 22.00 20.63 21.24 21.33 19.95 20.33 18.25 18.74 17.11 15.64 15.24 14.98 15.43 12.97 11.86 10.11 8.01 6.85 0.00 6.64 7.94 9.52 10.72 12.43 13.31 14.30 13.74 14.81 16.20 16.81 16.54 18.43 20.98 21.55 21.49 23.89 25.68 24.21 25.16 28.52 28.46 27.13 29.78 31.10 30.09 30.24 33.76 34.71 32.79 33.54 37.08 38.05 36.16 36.37 35.96 37.06 36.38 35.01 33.13 32.77 33.16 31.37 30.16 29.52 29.82 28.93 27.47 28.03 29.68 28.73 29.55 30.18 29.97 29.23 31.05 30.62 30.97 31.13 32.03 32.57 32.31 30.78 30.63 29.45 29.42 28.34 29.17 28.99 29.53 29.80 30.81 31.21 30.96 29.25 28.84 29.05 28.18 27.84 27.35 27.26 25.86 25.58 25.29 27.02 26.46 25.23 25.12 27.60 27.16 25.73 26.30 28.49 27.85 27.52 29.36 31.18 30.39 31.41 34.48 35.21 33.79 35.86 38.29 37.08 35.49 36.91 38.01 35.80 36.01 36.53 36.36 34.23 33.48 32.44 33.55 32.01 30.38 29.80 29.92 29.23 28.92 29.52 29.98 29.49 30.76 30.58 29.99 29.30 30.90 30.15 30.54 32.45 33.02 30.27 30.47 31.21 32.31 32.20 32.96 31.88 31.86 30.82 29.04 29.32 30.53 30.14 29.29 30.66 32.20 32.67 32.88 34.83 35.21 35.02 36.82 38.34 37.99 38.74 38.17 
27.39 26.21 24.19 21.78 21.71 21.37 20.88 19.58 19.96 20.07 18.74 19.59 17.82 18.14 16.49 15.61 13.94 14.82 14.46 13.45 12.43 11.68 9.74 7.96 6.64 0.00 6.32 7.43 8.83 10.05 10.95 12.74 12.56 13.09 14.18 14.95 14.48 15.99 18.93 19.48 19.27 21.99 23.75 22.24 22.98 26.88 26.81 25.57 28.12 29.43 28.79 29.11 32.44 33.20 31.73 32.37 35.98 36.81 35.02 35.44 34.50 35.73 34.79 33.56 31.51 31.46 31.50 29.95 28.31 27.80 28.01 27.25 25.44 26.09 27.66 26.78 27.04 28.15 27.93 27.22 28.96 28.84 29.28 29.73 30.15 31.07 30.46 29.15 28.68 27.62 27.55 26.50 27.22 27.25 27.89 28.27 28.91 29.80 29.58 27.72 27.25 27.53 26.62 26.46 25.61 25.60 24.13 24.00 23.48 25.56 24.85 23.91 23.42 26.16 25.43 24.42 24.84 27.19 26.17 26.27 27.80 29.87 28.75 30.03 33.20 33.66 32.30 34.53 37.00 35.47 33.77 35.21 36.51 34.09 34.03 34.87 34.67 32.57 31.43 30.64 31.73 30.31 28.33 27.85 28.08 27.41 27.03 27.80 28.28 27.88 28.89 28.84 28.39 27.46 29.07 28.39 28.80 31.02 31.28 28.45 28.84 29.46 30.60 30.64 30.92 30.59 30.27 29.04 27.35 27.65 28.93 28.46 26.86 29.04 30.88 30.97 30.68 33.67 34.45 34.48 36.61 37.74 37.71 38.98 36.77 
27.63 26.54 24.45 21.93 22.03 21.94 21.38 20.18 20.54 20.57 19.44 19.86 17.70 18.60 17.23 16.81 14.37 14.99 15.31 14.47 14.24 13.25 11.94 9.94 7.94 6.32 0.20 6.29 7.05 8.86 9.82 10.95 11.43 12.56 13.42 13.63 13.63 15.16 17.46 18.69 18.38 21.35 23.46 22.15 22.98 26.67 26.85 25.67 28.25 29.96 29.22 29.49 32.83 33.96 32.28 33.02 36.41 37.37 35.60 35.72 35.27 36.28 35.56 34.00 32.19 31.77 32.16 30.22 28.72 27.91 28.46 27.39 25.59 26.13 27.96 26.68 26.98 27.91 28.07 27.14 28.85 28.84 29.44 29.39 30.12 30.70 30.57 29.00 28.96 27.75 27.83 26.69 27.49 27.39 28.18 28.36 29.20 29.96 30.07 28.23 27.74 27.99 27.25 26.69 25.99 25.92 24.54 24.15 23.86 25.72 25.27 23.94 23.86 26.35 25.78 24.42 25.24 27.40 26.59 26.40 28.37 30.18 29.16 30.43 33.61 34.13 32.61 34.82 37.49 35.93 33.97 35.49 36.94 34.34 34.23 34.97 35.21 32.69 31.63 30.78 32.20 30.39 28.49 28.01 28.54 27.66 27.12 27.89 28.61 27.90 28.95 28.98 28.60 27.79 29.32 28.61 28.96 30.91 31.41 28.74 29.06 29.70 30.79 30.62 31.12 30.56 30.59 29.41 27.62 28.05 29.34 28.47 26.83 29.12 31.49 31.20 30.42 33.19 34.54 34.08 35.04 36.87 37.40 38.55 37.35 
27.68 26.63 24.50 22.05 22.25 22.03 21.66 20.21 20.15 20.32 19.33 20.07 17.94 18.73 17.91 17.00 15.72 15.56 15.47 14.92 14.29 14.15 12.49 11.75 9.52 7.43 6.29 0.00 6.29 7.59 8.03 9.41 9.63 11.38 12.42 12.94 12.68 14.27 16.50 17.29 17.88 20.54 22.60 21.42 22.74 26.30 26.03 25.05 27.94 29.48 28.84 29.07 32.70 33.88 32.29 32.98 36.29 37.34 35.37 35.89 35.04 36.48 35.23 34.19 31.92 31.91 31.72 30.23 28.29 27.76 27.86 27.08 25.15 25.78 27.18 26.12 26.65 27.55 27.53 26.75 28.64 28.62 29.13 29.41 30.04 30.97 30.56 29.18 28.95 27.91 27.78 26.81 27.56 27.59 28.17 28.43 29.20 29.93 29.86 28.10 27.59 27.99 27.01 26.69 25.82 25.89 24.35 24.14 23.83 25.69 25.16 24.18 23.87 26.44 25.83 24.67 25.30 27.63 26.72 26.82 28.60 30.37 29.41 30.67 33.95 34.36 32.99 35.04 37.65 36.14 34.31 35.71 37.02 34.62 34.36 35.27 35.07 32.97 31.61 31.01 31.95 30.48 28.44 28.07 28.20 27.48 27.13 27.95 28.45 27.77 29.01 28.93 28.60 27.84 29.51 28.70 28.97 30.88 31.52 28.79 29.16 29.72 30.90 30.66 31.23 30.49 30.55 29.35 27.77 27.95 29.15 28.69 27.28 29.20 31.18 31.05 30.76 33.69 34.27 34.45 36.67 37.33 37.42 38.56 36.35 
26.78 25.56 23.35 20.90 21.06 20.77 20.09 18.74 18.94 19.10 18.01 18.85 17.36 18.11 17.06 16.81 15.48 15.46 15.80 14.50 14.46 14.54 13.82 12.22 10.72 8.83 7.05 6.29 0.00 6.51 6.98 8.00 8.48 9.45 10.60 11.07 11.50 12.15 14.13 14.77 14.75 18.21 20.39 19.07 21.22 24.53 24.51 23.29 26.11 27.63 27.03 27.39 30.84 32.06 30.50 31.21 34.69 35.56 33.96 34.09 33.96 34.83 34.14 32.67 30.96 30.33 30.58 28.56 27.20 26.10 26.32 25.15 23.73 24.01 25.45 24.20 24.99 25.75 25.73 25.02 27.07 26.91 27.47 27.71 28.65 29.40 29.34 27.82 27.79 26.65 26.54 25.49 26.35 26.18 26.73 26.87 27.76 28.31 28.24 26.41 26.20 26.38 25.52 24.97 24.64 24.46 22.98 22.65 22.55 24.27 23.65 22.41 22.35 24.94 24.36 23.13 23.87 26.14 25.29 25.28 27.09 28.98 27.98 29.26 32.29 33.03 31.74 33.66 36.07 34.78 33.16 34.39 35.48 33.09 33.35 33.83 33.66 31.36 30.50 29.49 30.36 28.69 27.00 26.50 26.55 25.88 25.72 26.47 26.70 26.17 27.56 27.52 26.97 26.38 28.14 27.32 27.46 29.37 30.04 27.30 27.58 28.31 29.40 29.18 29.64 28.93 28.96 27.87 26.23 26.48 27.57 27.14 25.74 27.64 29.13 29.43 29.33 31.64 32.19 32.03 33.96 35.32 35.08 36.17 35.48 
26.33 24.83 22.93 20.43 20.55 20.29 20.09 18.76 19.16 19.30 18.03 19.15 17.91 18.39 17.33 16.93 16.37 16.41 17.00 15.74 14.74 14.88 14.56 14.01 12.43 10.05 8.86 7.59 6.51 0.00 6.19 7.59 7.16 7.82 9.27 10.28 10.95 12.02 13.35 13.94 14.38 17.12 19.43 18.21 19.66 23.89 23.42 22.47 24.97 26.66 26.12 26.67 30.05 31.34 30.08 30.93 34.26 35.36 33.70 34.14 33.37 34.51 33.40 32.15 30.11 29.81 29.75 28.07 26.25 25.38 25.38 24.42 22.69 23.13 24.43 23.37 23.83 25.14 24.94 24.34 26.25 26.38 26.94 27.52 28.01 29.22 28.58 27.40 27.09 26.11 25.83 24.93 25.63 25.83 26.22 26.78 27.23 28.29 28.01 26.34 25.73 26.18 25.11 25.14 24.10 24.33 22.56 22.78 22.09 24.23 23.39 22.70 22.04 24.82 23.90 23.25 23.65 26.07 24.98 25.28 26.94 28.79 27.69 28.96 32.03 32.59 31.24 33.34 35.84 34.33 32.52 33.91 35.06 32.62 32.46 33.40 33.07 30.94 29.60 28.94 29.73 28.31 26.27 25.90 26.00 25.32 25.07 25.95 26.29 25.80 26.99 27.17 26.61 25.81 27.50 26.84 27.00 29.31 29.63 26.77 27.11 27.80 28.99 28.99 29.23 28.78 28.65 27.62 25.73 26.09 27.17 26.63 24.95 26.98 28.82 28.78 28.14 31.24 32.09 32.06 34.25 35.13 35.34 36.35 34.31 
26.69 25.61 23.72 21.11 21.17 21.28 21.05 19.64 19.68 19.98 18.97 19.73 17.86 18.98 18.04 18.30 16.65 17.51 17.58 16.92 15.74 15.24 14.83 14.63 13.31 10.95 9.82 8.03 6.98 6.19 0.00 6.37 6.78 7.10 8.25 8.86 9.76 10.92 11.97 13.24 13.01 15.47 17.20 17.17 19.12 22.71 23.01 22.26 25.09 26.64 26.24 26.66 30.16 31.56 30.56 31.30 34.58 35.74 34.35 34.38 34.03 35.00 34.19 32.74 30.81 30.27 30.42 28.43 26.79 25.78 26.08 24.87 22.95 23.48 25.05 23.63 24.07 25.21 25.44 24.59 26.48 26.79 27.57 27.60 28.43 29.16 29.17 27.55 27.64 26.53 26.57 25.45 26.34 26.21 27.11 27.24 28.11 28.85 29.22 27.27 26.87 27.07 26.28 25.71 25.15 25.01 23.48 23.34 22.99 24.76 24.09 22.96 22.70 25.14 24.55 23.45 24.23 26.34 25.57 25.62 27.60 29.31 28.27 29.60 32.72 33.14 31.61 33.75 36.55 34.87 32.92 34.37 35.88 33.07 32.98 33.79 34.07 31.33 30.12 29.25 30.50 28.67 26.80 26.33 26.80 25.95 25.49 26.34 26.93 26.22 27.48 27.56 27.29 26.49 28.08 27.38 27.72 29.64 30.25 27.47 27.81 28.41 29.64 29.45 30.03 29.25 29.47 28.17 26.38 26.67 28.00 26.97 25.17 27.36 29.76 29.29 28.09 30.96 32.44 31.95 32.77 34.47 35.17 36.30 34.43 
26.83 26.02 24.21 21.64 21.54 21.66 21.69 20.24 20.08 20.43 19.62 20.28 18.80 19.16 19.04 18.46 18.13 17.78 18.60 17.92 16.57 16.61 15.29 15.77 14.30 12.74 10.95 9.41 8.00 7.59 6.37 0.00 6.41 7.81 7.20 8.27 8.70 9.96 11.88 12.71 12.49 14.79 17.20 16.84 18.45 22.26 22.26 21.85 24.58 26.42 25.69 26.49 29.95 31.51 30.39 31.40 34.76 35.99 34.37 34.71 34.14 35.31 34.03 32.83 30.76 30.48 30.32 28.70 26.81 26.08 26.13 25.18 23.37 23.76 25.04 24.07 24.62 25.80 25.74 25.09 27.05 27.26 28.06 28.56 29.11 30.12 29.88 28.54 28.37 27.34 27.27 26.34 27.12 27.14 27.72 28.19 28.67 29.53 29.54 27.73 27.23 27.76 26.67 26.37 25.50 25.71 24.00 24.10 23.65 25.56 24.77 23.99 23.35 25.88 25.21 24.40 24.96 27.15 26.35 26.42 28.21 29.93 29.13 30.35 33.38 33.77 32.44 34.43 37.10 35.55 33.75 35.25 36.59 34.12 33.81 34.74 34.66 32.36 30.96 30.26 31.06 29.51 27.47 27.07 27.30 26.55 26.29 27.08 27.59 27.01 28.22 28.21 28.02 27.23 28.96 28.12 28.35 30.46 31.09 28.23 28.75 29.21 30.47 30.47 30.87 30.19 30.02 28.73 27.07 27.31 28.37 27.77 25.96 27.90 29.90 29.40 28.82 31.83 32.69 32.49 34.10 34.98 35.56 36.31 33.85 
25.80 24.74 23.18 20.52 20.23 20.19 20.00 18.47 18.68 18.95 17.93 18.63 17.40 18.29 17.37 17.51 16.87 17.09 17.82 16.99 15.76 16.05 15.32 15.08 13.74 12.56 11.43 9.63 8.48 7.16 6.78 6.41 0.00 6.08 7.26 6.99 7.56 8.38 10.31 10.81 10.93 12.79 15.20 14.15 15.27 19.72 20.31 19.38 22.45 24.14 23.81 24.17 27.67 29.12 28.06 29.09 32.72 33.73 32.12 32.27 32.22 32.97 31.85 30.66 28.89 28.31 28.31 26.53 25.13 24.17 24.22 23.20 21.76 22.05 23.23 22.00 23.16 23.97 23.93 23.32 25.51 25.45 26.31 26.50 27.41 28.21 28.37 26.97 27.01 25.90 25.84 24.94 25.82 25.69 26.26 26.29 27.17 27.77 27.78 25.88 25.60 25.94 25.06 24.33 23.91 24.06 22.47 22.34 22.10 23.92 23.11 21.96 21.62 24.25 23.62 22.63 23.32 25.61 24.93 24.85 26.57 28.45 27.77 28.96 31.79 32.47 31.38 33.08 35.47 34.19 32.71 33.88 35.05 32.67 32.94 33.50 33.38 31.01 30.03 28.95 29.79 28.00 26.18 25.79 25.94 25.26 25.08 25.73 26.06 25.46 26.95 26.82 26.44 25.82 27.66 26.70 26.75 28.70 29.54 26.82 27.04 27.84 28.98 28.73 29.30 28.37 28.49 27.31 25.49 25.76 26.74 26.01 24.34 26.18 27.63 27.69 27.44 29.69 30.39 30.00 32.03 32.82 32.93 33.80 33.33 
25.42 24.24 22.72 20.32 19.85 19.87 19.79 18.43 18.63 19.18 17.72 18.64 17.83 18.54 17.79 17.09 17.36 17.56 18.72 17.36 16.91 16.89 16.54 16.42 14.81 13.09 12.56 11.38 9.45 7.82 7.10 7.81 6.08 0.00 6.06 7.60 6.67 7.00 8.84 9.89 10.62 12.23 14.01 13.42 15.15 19.04 19.41 19.02 21.58 23.46 22.86 23.62 26.64 28.47 27.32 28.47 31.82 33.27 31.61 32.05 31.38 32.53 31.19 30.04 28.00 27.75 27.53 26.01 24.34 23.55 23.58 22.70 21.04 21.42 22.65 21.67 22.45 23.95 23.70 23.28 25.19 25.48 26.08 26.84 27.36 28.45 28.03 26.89 26.82 25.90 25.65 24.87 25.61 25.84 26.19 26.71 26.86 28.03 27.77 26.09 25.36 25.92 24.84 24.57 23.69 24.01 22.40 22.52 22.05 24.08 23.18 22.38 21.68 24.37 23.53 22.90 23.43 25.76 24.93 25.20 26.93 28.79 27.88 29.11 32.03 32.68 31.36 33.27 35.75 34.23 32.45 33.90 35.08 32.59 32.44 33.42 33.19 30.94 29.55 28.88 29.51 27.96 25.90 25.62 25.80 25.05 24.89 25.76 26.16 25.66 26.79 26.85 26.56 25.85 27.67 26.86 26.84 29.12 29.63 26.74 27.17 27.75 29.12 29.16 29.36 28.88 28.73 27.36 25.60 25.93 26.88 26.01 24.15 26.05 27.73 27.31 26.94 29.64 30.37 30.39 31.94 32.86 33.09 34.49 32.71 
26.46 25.65 24.02 21.59 21.61 21.83 21.53 19.89 19.94 20.27 19.34 20.05 18.91 19.70 19.23 19.13 18.37 18.84 19.96 19.19 18.58 18.35 17.88 18.00 16.20 14.18 13.42 12.42 10.60 9.27 8.25 7.20 7.26 6.06 0.00 5.59 7.07 6.43 8.00 9.08 9.83 11.61 12.35 13.41 14.97 18.22 18.41 19.20 22.28 23.82 23.63 24.47 27.50 29.12 28.41 29.21 32.53 33.97 32.87 32.75 32.32 33.49 32.65 31.06 29.17 28.68 28.91 26.93 25.33 24.47 24.78 23.63 21.86 22.44 23.91 22.66 23.25 24.91 25.03 24.53 26.41 27.04 27.88 28.18 28.96 29.86 29.90 28.42 28.59 27.61 27.67 26.68 27.45 27.35 28.29 28.26 28.79 29.63 30.02 28.11 27.50 27.77 26.99 26.31 25.76 25.69 24.14 24.20 23.91 25.65 24.87 23.81 23.34 25.84 25.14 24.31 25.00 27.34 26.62 26.82 28.77 30.66 29.56 30.89 33.94 34.54 32.99 35.07 37.76 36.25 34.03 35.75 37.33 34.42 34.15 35.16 35.35 32.59 31.22 30.38 31.35 29.52 27.50 27.27 27.51 26.75 26.27 27.29 27.84 27.15 28.21 28.56 28.32 27.74 29.33 28.53 28.81 30.84 31.55 28.92 29.26 30.09 31.20 31.04 31.56 30.80 30.80 29.43 27.53 27.82 28.80 27.62 25.48 27.72 29.75 29.15 27.82 30.72 32.12 31.61 32.26 33.23 34.56 35.48 33.53 
26.45 25.86 24.30 21.85 21.82 21.95 21.75 20.21 19.96 20.26 19.39 20.14 19.21 19.49 19.44 18.94 19.01 18.61 20.00 19.16 18.83 18.38 18.48 18.61 16.81 14.95 13.63 12.94 11.07 10.28 8.86 8.27 6.99 7.60 5.59 0.00 5.62 7.48 6.67 8.23 8.50 10.50 11.57 12.17 13.45 17.13 17.11 17.41 20.54 22.39 22.19 23.41 26.67 28.36 27.22 28.53 31.84 33.42 31.88 32.14 31.57 33.01 31.66 30.18 28.28 28.00 28.06 26.24 24.64 23.84 24.23 23.10 21.58 21.99 23.47 22.37 23.28 24.76 24.83 24.46 26.34 26.82 27.82 28.36 28.95 30.05 29.98 28.62 28.65 27.64 27.69 26.78 27.52 27.59 28.24 28.53 28.71 29.73 29.70 27.85 27.05 27.59 26.61 26.13 25.31 25.46 23.77 23.94 23.77 25.47 24.78 23.87 23.49 25.99 25.42 24.48 25.36 27.56 27.01 27.00 29.04 30.85 30.09 31.16 34.19 34.76 33.37 35.40 38.03 36.53 34.49 36.22 37.54 34.95 34.54 35.66 35.47 33.12 31.54 30.85 31.50 29.86 27.77 27.56 27.79 27.10 26.80 27.66 28.21 27.66 28.75 28.84 28.70 28.16 29.85 28.85 29.04 31.38 32.22 29.26 29.70 30.44 31.78 31.59 31.81 31.05 31.04 29.66 27.78 27.88 28.83 27.94 25.85 27.65 29.38 28.42 27.89 30.93 31.67 31.30 32.17 33.73 34.49 35.44 33.37 
