0.00 5.28 6.34 9.59 11.97 14.34 17.45 19.35 22.51 22.94 26.68 28.68 30.97 32.33 34.47 36.70 39.06 38.37 39.75 39.77 40.18 39.07 38.00 37.16 37.02 36.35 35.69 35.25 35.58 35.44 34.78 34.95 35.25 34.16 32.11 31.81 30.40 28.91 27.23 26.28 24.32 24.07 23.41 24.00 24.15 25.91 26.54 26.86 26.78 27.12 27.97 29.17 30.41 32.12 33.64 35.51 38.08 38.14 37.89 37.43 37.63 36.08 35.20 32.55 30.59 28.33 26.50 23.29 21.78 19.82 19.86 18.66 19.69 20.08 19.74 19.88 20.83 20.19 22.26 23.15 25.23 26.63 29.54 31.15 34.50 35.38 37.46 37.15 36.91 37.31 36.58 35.33 31.98 31.05 30.12 30.36 28.70 29.61 29.07 29.58 28.99 30.60 30.96 28.72 29.25 30.98 32.63 31.72 32.48 32.53 32.05 30.92 30.16 29.86 29.72 29.92 31.37 31.02 33.25 33.65 33.14 31.45 30.53 28.23 25.90 24.21 23.39 22.31 21.50 20.53 22.02 22.74 23.69 23.86 29.36 
5.28 0.00 2.45 6.09 9.40 11.01 14.17 16.86 19.85 21.58 23.69 25.91 29.17 30.53 33.45 34.87 37.38 36.08 38.02 37.66 38.68 36.69 35.65 34.86 35.48 34.77 34.51 33.67 34.49 34.19 34.02 33.80 34.24 32.61 31.23 30.50 29.08 26.78 25.48 24.40 22.01 21.24 20.85 21.78 21.53 23.63 24.67 25.03 24.87 25.50 26.92 28.08 28.84 30.72 32.70 33.65 35.94 36.14 36.96 35.90 36.12 34.33 34.23 30.36 28.48 25.52 24.54 20.64 19.25 17.47 17.33 16.54 17.46 17.93 17.28 17.96 18.68 17.96 20.42 21.17 23.57 24.84 27.97 29.21 32.87 33.61 35.97 35.38 35.42 35.30 34.81 33.38 29.90 28.73 27.60 28.50 26.50 27.50 26.45 27.91 26.89 29.25 28.75 27.04 27.56 29.40 30.61 29.78 30.90 30.69 30.16 28.99 28.86 28.32 27.87 28.02 29.81 29.09 31.62 32.08 31.75 29.29 29.13 25.81 23.76 21.15 21.60 19.51 19.26 18.03 18.68 20.59 21.02 22.33 25.01 
6.34 2.45 0.00 3.22 7.07 10.05 12.88 14.96 18.18 19.10 21.65 22.41 26.03 28.32 31.85 33.35 35.40 34.24 36.33 36.46 37.28 35.49 34.29 34.13 34.68 34.16 33.69 32.93 33.41 33.23 33.14 32.75 32.66 31.51 30.03 29.11 26.86 25.05 23.95 22.54 19.42 19.11 18.55 19.44 19.15 21.60 22.88 23.57 23.53 24.38 25.62 26.66 26.79 28.96 31.08 31.39 33.19 33.75 35.48 33.68 32.55 30.72 31.44 27.44 24.84 22.13 21.82 17.96 16.86 14.77 15.07 13.52 14.37 15.07 14.84 15.64 16.93 16.40 18.84 19.49 21.84 23.10 26.39 27.11 31.03 31.52 34.50 33.30 33.33 33.03 32.25 30.76 26.91 25.62 24.35 25.41 23.81 24.68 23.80 25.36 25.40 27.41 27.27 25.39 26.44 27.80 28.65 27.57 29.06 28.53 27.88 26.69 27.18 26.30 25.61 25.47 27.45 26.57 29.23 29.39 28.98 26.59 26.51 23.48 21.22 18.87 19.20 18.20 18.31 16.54 16.51 19.24 21.49 21.65 24.33 
9.59 6.09 3.22 0.00 5.13 8.57 10.52 12.98 15.70 17.85 19.35 21.85 23.90 26.48 29.77 32.28 34.81 33.26 34.68 34.90 35.86 34.33 32.80 32.66 32.94 32.54 31.81 31.27 31.74 31.65 31.24 30.77 30.88 29.78 28.29 27.44 25.25 24.11 22.30 21.34 18.17 18.00 17.02 17.75 16.96 19.51 20.19 20.65 20.73 21.56 22.39 23.63 24.19 25.99 27.87 28.96 31.04 31.51 32.81 32.06 31.23 29.54 29.38 26.11 23.21 20.85 19.40 16.98 15.34 13.80 13.27 11.76 13.22 14.21 14.05 14.29 15.67 15.49 17.64 18.04 20.56 21.35 24.04 25.31 29.54 30.06 32.53 31.71 31.89 31.39 30.49 29.11 24.98 24.07 22.18 23.21 21.26 22.33 20.89 22.82 22.23 25.12 24.68 23.50 24.64 26.37 26.80 25.95 27.32 26.94 25.95 24.94 25.18 24.74 23.83 23.88 25.71 25.17 27.67 28.32 27.67 25.60 24.93 22.15 19.57 17.55 18.12 15.64 15.94 13.98 16.05 16.99 20.00 19.56 27.37 
11.97 9.40 7.07 5.13 0.00 5.50 7.79 10.13 13.23 15.64 18.97 20.28 23.63 24.12 27.26 30.20 32.85 31.81 32.94 33.28 33.16 33.08 31.69 31.68 31.74 32.14 31.52 31.51 31.45 31.99 31.28 31.62 31.66 30.26 27.85 27.46 25.59 23.41 21.56 20.99 18.92 19.03 17.86 18.85 17.36 20.11 20.20 20.91 20.58 20.61 21.64 22.89 23.68 25.84 27.50 29.55 32.21 32.54 32.22 31.88 32.06 29.66 28.58 25.77 24.61 22.17 20.68 16.39 15.33 13.29 13.72 11.99 14.44 15.51 15.50 15.14 15.84 14.44 16.56 17.25 19.87 21.43 24.36 26.09 30.28 30.66 32.60 31.81 32.19 32.06 30.99 29.22 26.03 24.66 23.10 23.45 21.40 22.88 22.39 23.49 22.50 25.76 26.19 24.30 25.44 27.72 29.01 27.31 28.06 27.83 26.96 25.29 25.65 25.09 24.91 25.20 27.18 26.63 29.05 30.14 29.56 26.75 25.60 22.70 20.71 19.27 19.15 17.46 16.29 16.83 20.47 19.12 17.70 20.06 25.75 
14.34 11.01 10.05 8.57 5.50 0.00 5.70 7.17 11.30 12.84 15.83 18.80 20.77 23.75 24.82 28.43 30.76 30.22 31.59 31.54 31.51 30.67 29.86 29.57 29.65 30.10 29.96 29.72 30.10 30.41 30.11 30.12 30.02 28.95 26.25 26.28 23.76 22.11 19.72 19.35 16.60 16.31 14.93 15.89 14.72 17.43 17.67 18.08 17.26 17.76 18.84 20.40 20.80 23.81 25.51 27.38 29.87 30.85 31.09 30.50 29.42 27.96 26.70 23.87 21.63 19.66 16.95 13.61 11.80 10.18 10.53 9.71 12.31 14.92 13.82 14.23 14.04 13.13 14.52 15.33 17.39 19.69 22.57 24.32 28.06 28.89 30.94 30.23 30.35 30.14 28.82 27.20 23.76 22.73 20.98 21.74 19.26 21.00 20.17 21.79 20.93 23.96 24.36 22.36 23.97 25.93 26.53 25.20 26.00 25.34 24.06 22.94 23.29 23.01 22.19 23.00 25.27 24.60 27.25 28.84 28.05 25.44 24.21 20.79 18.95 16.38 16.42 15.69 15.06 15.57 18.02 19.35 17.60 20.09 23.42 
17.45 14.17 12.88 10.52 7.79 5.70 0.00 5.67 7.72 11.10 13.31 16.39 19.17 20.72 23.89 25.59 27.98 27.18 29.49 29.01 28.68 28.72 28.45 28.29 28.17 28.83 29.07 28.79 28.98 29.33 29.15 29.10 29.04 27.82 25.65 24.70 23.07 20.84 19.89 18.44 15.83 15.62 13.82 14.85 14.04 16.67 17.28 17.28 16.98 16.74 17.80 19.35 19.74 22.39 24.40 25.85 27.87 28.86 29.46 27.96 26.74 24.99 25.16 21.12 20.04 17.34 15.49 11.43 11.23 9.40 10.23 9.38 13.33 15.34 15.05 14.47 15.08 13.52 15.13 15.35 17.19 18.78 21.59 23.33 26.90 27.33 30.08 29.20 29.16 28.87 27.59 26.30 23.07 21.42 19.83 20.81 18.51 19.58 18.80 21.60 21.16 24.10 24.06 22.83 24.18 25.51 26.09 24.82 25.88 24.57 23.58 22.28 23.05 21.96 21.30 21.69 24.26 23.29 26.13 27.47 27.33 24.26 23.39 19.54 17.88 15.22 15.51 14.53 15.38 16.08 17.07 17.71 18.38 20.30 21.85 
19.35 16.86 14.96 12.98 10.13 7.17 5.67 0.00 4.89 6.34 10.19 13.21 15.99 18.41 20.65 24.26 25.05 24.71 26.06 25.62 25.04 24.75 24.49 23.91 24.12 24.82 25.21 25.14 25.39 25.81 25.68 25.66 25.52 24.51 22.30 21.97 20.21 18.68 16.62 15.45 12.97 12.49 11.00 11.96 11.71 14.80 15.46 14.97 13.97 14.39 14.27 15.77 15.69 19.25 20.76 22.56 24.45 26.03 26.21 24.41 23.72 22.10 21.86 18.17 16.43 14.43 11.39 8.74 8.96 8.23 9.30 9.00 13.04 16.01 14.74 14.42 13.78 12.95 14.17 13.99 15.44 16.40 19.30 21.18 24.57 25.04 27.60 26.62 26.67 26.05 24.67 23.45 20.14 18.56 16.74 17.59 15.72 17.21 16.66 19.23 18.91 22.15 22.52 21.08 21.82 23.74 23.75 22.98 23.57 22.46 21.12 19.91 19.81 18.97 18.26 18.77 21.11 20.17 23.87 25.23 24.86 21.87 20.67 17.30 14.80 13.02 13.10 12.45 13.50 13.98 14.98 17.61 17.28 19.57 23.67 
22.51 19.85 18.18 15.70 13.23 11.30 7.72 4.89 0.00 5.31 6.51 11.46 14.39 17.17 18.63 20.76 22.31 21.02 22.36 21.72 21.82 22.14 21.83 21.76 22.51 23.39 23.79 23.75 24.05 24.63 24.36 24.57 24.40 23.04 20.73 20.73 19.40 16.86 15.64 14.36 13.00 13.51 11.72 12.85 12.66 15.63 17.01 15.71 14.43 14.04 14.49 15.37 14.90 17.47 19.99 21.17 23.09 23.51 23.78 22.18 22.10 20.09 19.47 16.09 14.58 12.50 11.42 8.91 9.87 9.90 12.53 12.32 16.15 18.54 17.91 17.39 16.59 15.01 15.99 15.71 17.02 17.74 19.93 21.54 25.38 25.49 27.80 26.92 26.91 26.73 24.75 23.68 20.54 18.75 16.61 18.17 16.32 18.72 18.13 21.22 20.88 24.09 24.05 22.54 23.43 25.02 25.49 24.10 24.65 23.03 21.85 19.92 19.26 18.76 18.06 18.66 20.75 20.26 23.42 24.61 24.13 21.51 20.43 16.61 14.71 13.22 13.93 13.43 13.69 14.74 15.99 19.15 19.34 22.64 24.11 
22.94 21.58 19.10 17.85 15.64 12.84 11.10 6.34 5.31 0.00 5.19 7.15 11.32 13.41 15.44 17.53 19.15 18.19 19.66 19.75 19.45 19.62 19.26 19.32 20.07 20.94 21.38 21.32 21.48 22.27 22.22 22.18 22.24 20.92 18.90 18.12 16.49 14.78 12.77 11.71 10.46 10.93 9.50 11.69 11.69 15.62 16.41 15.32 13.53 12.56 12.44 13.08 12.60 14.90 16.59 17.68 19.87 20.02 20.54 19.76 19.26 16.82 16.12 12.37 11.99 10.53 9.97 8.14 10.34 10.69 12.88 13.60 16.73 19.64 18.35 17.64 16.12 14.14 14.98 14.04 14.78 15.46 17.65 18.73 22.45 22.88 25.65 24.55 24.67 24.49 22.87 21.84 18.54 17.12 14.94 16.55 14.68 17.60 17.29 20.27 19.54 22.97 23.10 21.56 22.22 24.22 24.50 23.17 23.17 21.84 20.18 18.16 17.06 16.30 15.17 15.93 18.56 17.58 21.38 22.49 22.09 19.33 18.55 14.76 12.52 11.59 12.35 12.68 13.87 13.58 16.31 19.89 20.80 21.91 24.24 
26.68 23.69 21.65 19.35 18.97 15.83 13.31 10.19 6.51 5.19 0.00 5.77 8.24 11.28 13.74 15.83 17.52 17.27 19.61 18.54 18.52 18.67 19.62 19.28 19.90 21.10 21.73 21.37 21.29 22.21 22.34 22.43 22.10 21.46 19.44 18.30 16.70 15.06 13.16 12.23 10.33 11.78 10.81 13.07 13.59 17.52 18.95 17.70 15.47 13.48 12.41 13.29 12.05 13.81 15.23 16.26 18.63 18.13 19.47 17.73 17.33 13.65 13.60 9.49 10.33 9.20 9.75 9.31 12.40 12.45 15.71 16.27 19.12 21.69 20.81 19.87 17.92 15.90 16.34 14.98 15.14 15.37 17.16 18.02 21.58 22.39 25.07 24.48 24.73 24.89 22.58 21.90 18.44 17.04 15.27 17.31 15.85 18.49 18.65 21.63 21.04 24.48 24.58 22.68 23.39 25.19 26.15 24.30 24.03 22.51 21.26 18.71 17.50 16.82 15.39 16.24 19.00 18.33 21.20 22.11 22.20 19.00 17.81 14.76 13.10 12.35 13.08 13.86 15.95 15.60 16.38 20.16 21.43 23.96 24.27 
28.68 25.91 22.41 21.85 20.28 18.80 16.39 13.21 11.46 7.15 5.77 0.00 6.50 7.73 10.04 12.41 14.61 14.43 16.18 15.85 15.48 16.43 16.22 17.10 17.36 19.29 19.12 19.22 18.88 19.87 19.48 19.82 19.59 18.81 16.24 15.38 14.20 12.39 10.80 9.18 8.46 9.94 10.17 12.50 13.04 17.75 18.93 17.42 15.03 13.97 12.40 11.16 9.89 11.85 13.00 13.67 15.46 16.44 16.30 15.47 13.94 11.45 11.25 8.54 9.28 8.79 9.71 10.53 13.39 15.07 17.38 18.60 20.55 23.50 22.28 21.05 18.86 16.75 16.20 14.44 14.36 13.97 15.34 16.23 19.74 20.34 22.83 22.33 22.94 22.75 20.40 19.67 16.79 15.76 14.11 15.79 14.61 18.06 18.13 20.83 20.45 24.33 24.44 22.79 23.08 25.48 26.13 24.37 23.92 22.45 20.89 18.42 17.08 15.47 14.17 14.92 16.97 16.43 19.82 20.60 20.41 17.52 16.55 13.94 12.86 12.42 13.28 14.84 15.92 15.81 17.58 21.11 21.78 23.37 25.53 
30.97 29.17 26.03 23.90 23.63 20.77 19.17 15.99 14.39 11.32 8.24 6.50 0.00 6.27 6.95 10.06 11.43 12.52 14.46 14.89 14.94 15.52 15.81 16.00 16.89 17.93 18.17 18.14 18.67 18.98 18.55 18.67 19.00 17.36 15.20 14.88 14.22 12.49 11.46 10.83 10.13 12.08 12.54 14.98 15.40 19.53 21.26 19.79 17.49 15.93 15.05 13.85 12.26 12.95 13.59 13.93 15.79 15.69 15.25 12.50 12.03 10.31 9.26 7.90 9.80 10.49 12.26 12.69 16.20 17.16 20.04 20.74 23.86 25.96 24.88 23.63 21.24 18.37 17.33 15.47 15.29 14.11 15.14 15.86 19.43 20.15 22.34 21.78 22.30 22.27 20.07 19.41 16.83 15.85 14.34 16.55 15.77 19.34 19.73 22.58 22.34 26.06 26.20 24.88 25.43 27.68 27.76 25.93 25.82 24.42 22.55 20.05 18.72 17.02 15.08 15.76 17.28 16.72 19.77 21.08 20.57 17.70 16.47 15.08 14.26 14.24 14.86 16.59 18.89 17.76 18.67 21.23 21.77 24.63 25.89 
32.33 30.53 28.32 26.48 24.12 23.75 20.72 18.41 17.17 13.41 11.28 7.73 6.27 0.00 5.17 6.96 9.82 10.52 12.88 13.50 13.84 14.30 14.54 15.15 15.85 17.26 17.71 17.64 17.37 18.11 17.82 17.97 17.70 16.98 14.76 14.05 12.91 11.68 10.55 10.85 10.60 12.27 13.98 17.66 17.52 21.98 22.88 21.36 18.83 17.27 15.88 15.03 13.28 13.19 13.24 13.53 14.80 14.37 13.81 11.34 10.49 7.16 7.16 6.05 9.89 10.77 13.44 15.16 18.16 19.44 22.21 22.58 25.43 27.89 26.66 24.79 22.47 19.83 19.11 16.04 14.86 13.13 14.32 14.81 17.90 18.50 20.70 20.68 21.30 21.14 18.62 18.48 15.56 14.56 13.42 16.53 15.91 19.61 20.23 23.16 22.56 25.86 26.12 24.74 25.65 27.65 27.76 25.85 25.54 24.15 22.11 19.32 18.31 16.36 14.21 14.88 17.05 15.88 18.54 19.47 19.79 16.69 16.16 14.21 14.17 15.17 15.82 17.89 18.79 20.19 20.18 22.84 23.13 24.44 26.93 
34.47 33.45 31.85 29.77 27.26 24.82 23.89 20.65 18.63 15.44 13.74 10.04 6.95 5.17 0.00 5.74 7.32 8.64 11.34 12.33 12.37 13.36 13.38 13.32 14.76 16.03 16.41 16.17 16.02 16.48 16.82 16.66 16.54 15.46 13.51 11.86 11.60 10.91 10.37 10.39 11.27 14.39 15.67 18.74 19.33 23.09 25.13 23.24 20.46 18.62 17.50 16.08 14.44 14.40 12.87 12.73 13.54 12.75 12.37 9.46 8.88 6.93 7.27 5.76 10.18 12.41 15.70 16.36 20.07 21.16 24.44 25.18 27.78 30.06 28.76 26.69 23.91 20.89 19.70 16.83 15.00 12.78 13.55 13.18 16.23 16.71 18.79 18.62 19.70 19.72 16.96 16.61 14.08 13.04 12.30 15.97 15.60 19.65 20.60 23.42 22.97 26.52 26.23 24.65 25.25 27.80 27.84 25.66 25.53 24.44 22.40 19.48 18.39 17.15 14.60 14.88 16.42 15.13 16.85 18.35 18.46 15.19 14.50 13.91 14.69 15.15 16.81 18.41 21.62 21.88 22.34 23.30 25.14 27.40 27.50 
36.70 34.87 33.35 32.28 30.20 28.43 25.59 24.26 20.76 17.53 15.83 12.41 10.06 6.96 5.74 0.00 6.70 7.74 10.29 11.89 12.69 13.88 14.02 14.23 15.58 16.91 17.40 18.02 18.08 18.66 18.59 19.15 18.47 17.07 14.48 14.02 12.88 12.83 13.41 14.07 14.69 17.92 19.33 22.41 22.93 27.01 28.43 26.74 24.30 22.76 21.31 19.96 17.85 17.91 16.38 15.33 15.93 15.15 13.69 11.26 10.51 9.12 11.20 10.24 14.58 17.24 20.28 20.32 23.74 24.80 28.39 28.36 31.40 33.56 31.96 30.30 28.14 24.47 22.88 20.08 18.40 15.88 15.49 15.70 18.33 18.29 19.92 19.69 21.19 21.52 18.15 17.78 15.70 14.88 14.67 18.06 18.32 22.16 22.36 25.25 25.36 28.58 28.26 26.86 27.60 29.79 29.97 28.24 27.72 26.64 24.66 21.72 20.76 19.34 16.94 17.14 18.83 17.10 19.12 20.07 20.44 17.37 17.15 16.91 18.14 18.46 19.63 22.42 25.20 27.26 25.38 27.43 29.13 30.58 31.56 
39.06 37.38 35.40 34.81 32.85 30.76 27.98 25.05 22.31 19.15 17.52 14.61 11.43 9.82 7.32 6.70 0.00 5.99 8.15 10.06 11.95 12.54 13.11 13.66 14.98 16.15 17.07 17.64 18.52 19.14 18.80 19.26 19.51 17.63 15.21 14.93 14.12 13.83 14.90 16.58 17.38 19.98 21.90 24.58 25.02 28.75 30.29 28.78 26.69 25.20 24.44 22.84 20.75 21.17 19.44 17.63 17.19 16.33 15.07 11.43 11.47 11.28 13.89 13.89 17.16 19.11 22.40 22.25 25.81 27.38 30.43 30.52 33.71 35.17 33.80 32.02 30.35 26.31 24.49 21.76 20.61 17.38 17.02 16.65 18.95 18.61 20.19 19.43 21.04 20.98 18.65 17.78 16.13 15.06 15.52 19.28 19.57 23.26 23.75 26.52 26.58 30.14 29.82 27.89 28.82 30.98 31.49 29.43 29.64 28.10 26.57 23.81 22.81 21.32 18.89 18.97 20.75 18.95 20.19 21.22 21.49 19.16 18.93 18.54 20.54 20.21 21.70 23.68 26.32 27.94 27.62 28.39 31.24 33.34 33.89 
38.37 36.08 34.24 33.26 31.81 30.22 27.18 24.71 21.02 18.19 17.27 14.43 12.52 10.52 8.64 7.74 5.99 0.00 5.76 7.70 8.19 9.66 10.71 11.09 12.20 13.40 13.96 15.04 14.77 15.78 16.08 16.16 15.73 15.15 12.47 12.21 10.98 11.42 12.17 14.32 15.53 18.16 20.27 23.07 23.36 27.52 29.04 27.31 24.59 23.38 23.21 21.87 19.39 19.27 17.82 16.64 15.68 14.71 12.67 11.03 10.01 10.14 12.12 13.25 16.92 18.73 21.25 21.62 24.92 26.26 29.62 29.33 31.72 33.85 32.50 30.75 28.22 24.80 23.38 20.51 18.59 15.12 15.18 14.67 16.52 15.78 17.65 17.41 18.26 17.79 15.11 14.87 12.97 11.59 12.62 16.93 16.60 20.76 21.75 24.39 24.56 27.92 27.97 26.46 27.46 29.59 29.81 27.83 27.68 26.51 24.82 21.93 21.01 20.04 17.43 17.36 18.63 16.97 18.56 18.87 19.05 16.43 16.86 16.48 18.93 19.12 19.86 22.50 25.91 28.25 27.07 29.18 31.49 33.55 33.87 
39.75 38.02 36.33 34.68 32.94 31.59 29.49 26.06 22.36 19.66 19.61 16.18 14.46 12.88 11.34 10.29 8.15 5.76 0.00 6.20 7.39 9.45 10.36 11.21 13.03 14.76 15.58 16.19 16.59 17.78 18.14 17.99 16.42 15.87 14.23 12.58 11.85 13.31 14.82 16.66 17.77 21.17 23.33 25.77 25.72 29.76 31.36 29.81 26.78 25.60 25.49 24.23 22.07 21.63 19.81 18.58 17.46 15.74 14.87 13.37 14.05 13.69 16.19 15.94 19.74 21.25 24.38 24.34 27.83 28.93 31.87 31.71 34.29 35.78 35.08 33.20 30.47 27.08 26.14 22.99 21.26 18.24 18.31 17.13 18.83 17.87 19.57 18.78 19.71 18.93 16.83 16.57 14.74 13.92 15.02 19.29 19.05 23.10 24.13 26.95 26.63 30.09 29.75 28.07 29.63 31.35 31.56 29.39 29.69 28.51 26.77 24.04 23.01 22.07 19.77 19.59 21.09 19.15 20.56 21.25 20.96 18.45 19.51 19.17 21.89 21.53 23.42 24.62 28.17 29.70 31.72 30.17 32.93 35.40 35.75 
39.77 37.66 36.46 34.90 33.28 31.54 29.01 25.62 21.72 19.75 18.54 15.85 14.89 13.50 12.33 11.89 10.06 7.70 6.20 0.00 5.95 7.79 7.91 9.23 11.45 13.37 14.25 14.62 15.63 16.26 16.72 16.62 15.26 13.38 12.17 11.47 10.57 12.81 16.06 17.32 17.74 20.99 23.51 26.12 26.57 30.39 31.32 29.94 27.26 26.20 25.73 24.39 22.59 22.01 20.06 18.92 17.46 15.96 14.36 13.75 14.26 14.13 16.09 16.30 20.29 21.85 24.43 24.75 27.91 28.68 31.44 31.69 34.28 36.37 34.85 33.37 31.10 27.56 25.94 22.70 21.49 18.95 18.38 17.24 18.70 17.75 18.90 18.35 19.43 18.80 16.32 16.03 14.82 13.38 14.67 19.12 18.92 22.76 23.68 26.35 26.61 29.88 29.52 28.08 29.59 31.34 31.54 29.44 29.70 28.25 26.58 24.00 23.32 22.06 19.58 19.72 21.09 19.27 21.09 21.47 21.29 18.75 19.56 19.27 21.06 21.07 22.22 24.85 28.39 30.37 30.55 31.43 34.20 36.31 36.06 
40.18 38.68 37.28 35.86 33.16 31.51 28.68 25.04 21.82 19.45 18.52 15.48 14.94 13.84 12.37 12.69 11.95 8.19 7.39 5.95 0.00 5.72 7.78 8.38 11.08 11.97 13.23 13.54 15.18 15.47 15.11 15.08 15.58 13.86 12.09 11.89 11.59 12.99 16.00 17.41 18.26 20.92 23.03 26.09 26.97 30.13 31.06 29.26 27.09 26.38 26.12 24.13 22.27 21.93 19.94 18.41 17.34 16.09 14.99 13.54 14.52 13.80 15.59 15.73 19.55 20.87 23.89 23.98 27.65 28.14 30.95 31.32 34.98 35.75 34.50 32.88 31.60 27.40 25.85 22.32 21.41 17.88 17.81 16.20 17.99 16.81 18.11 17.09 18.61 17.82 15.97 15.93 14.30 12.78 14.38 18.90 19.12 22.33 23.05 26.32 26.32 29.91 29.36 27.99 29.45 31.37 31.54 29.68 30.00 28.63 26.74 24.30 23.69 22.29 19.93 19.74 21.24 19.45 20.90 21.66 21.48 19.04 19.36 18.40 20.02 19.65 21.61 23.44 26.78 28.26 30.73 29.83 32.57 35.43 35.45 
39.07 36.69 35.49 34.33 33.08 30.67 28.72 24.75 22.14 19.62 18.67 16.43 15.52 14.30 13.36 13.88 12.54 9.66 9.45 7.79 5.72 0.00 6.24 7.92 8.29 9.65 10.70 12.06 13.06 13.74 12.86 14.02 13.47 13.90 11.79 12.90 13.00 14.51 16.57 17.97 18.32 20.67 22.98 25.79 26.53 30.29 31.13 29.61 26.49 25.79 25.97 24.13 21.83 21.75 20.24 18.61 17.04 16.42 15.17 13.87 14.34 13.76 15.52 15.72 19.65 20.51 23.56 23.19 26.85 27.36 30.53 30.74 34.34 35.76 34.29 32.51 30.83 26.93 25.40 21.95 21.08 17.74 16.87 15.74 17.69 16.46 17.86 17.10 18.79 18.12 15.66 15.85 14.79 13.94 14.95 18.74 18.96 22.33 23.08 25.92 26.05 29.33 29.24 27.81 29.14 30.95 31.23 29.18 29.47 28.20 26.49 23.92 23.40 22.20 19.82 19.60 20.92 19.15 21.15 22.05 21.61 19.02 18.97 17.76 19.54 19.46 20.82 23.47 26.98 28.40 29.58 30.85 33.50 35.48 35.29 
38.00 35.65 34.29 32.80 31.69 29.86 28.45 24.49 21.83 19.26 19.62 16.22 15.81 14.54 13.38 14.02 13.11 10.71 10.36 7.91 7.78 6.24 0.00 6.39 7.69 8.53 9.75 11.21 11.51 12.69 12.90 12.48 11.86 12.10 12.40 13.24 12.94 15.35 16.98 18.08 17.80 21.19 23.29 26.02 25.84 29.78 31.06 29.71 26.66 26.31 26.27 24.62 22.28 22.02 20.34 18.71 16.97 16.38 15.77 13.83 14.30 13.79 15.77 15.68 19.20 20.43 23.25 22.76 25.79 27.44 30.24 30.77 33.94 34.97 34.50 32.79 31.21 27.24 25.98 22.50 21.70 18.15 17.89 15.99 18.02 16.54 18.11 17.08 18.90 18.67 16.87 16.60 15.28 15.26 15.93 19.45 18.78 22.61 23.06 26.26 25.96 29.42 29.04 28.04 29.18 31.23 31.20 29.32 29.64 28.32 26.46 24.13 23.52 22.17 20.13 19.99 21.28 19.32 21.18 21.90 21.50 18.58 19.04 17.65 19.65 18.91 20.98 22.41 26.33 27.39 29.86 29.72 32.40 34.49 34.58 
37.16 34.86 34.13 32.66 31.68 29.57 28.29 23.91 21.76 19.32 19.28 17.10 16.00 15.15 13.32 14.23 13.66 11.09 11.21 9.23 8.38 7.92 6.39 0.00 5.65 7.81 8.47 9.92 10.90 11.81 12.55 13.21 12.55 11.29 11.44 13.87 14.25 15.77 17.34 18.68 18.65 21.37 23.07 25.74 26.09 29.70 30.74 29.44 26.94 26.09 25.92 24.15 22.55 22.41 21.04 19.37 17.67 17.09 16.17 14.85 15.01 14.57 16.83 16.06 19.38 20.10 23.13 22.47 25.63 26.60 30.08 30.17 33.69 34.92 33.97 32.00 30.30 26.42 25.21 21.87 20.97 17.93 17.65 16.27 18.26 17.26 19.15 18.09 19.63 19.68 17.72 17.58 15.93 15.74 16.37 19.56 18.77 22.51 22.72 26.09 26.18 29.39 29.20 27.85 29.18 30.90 30.92 29.00 29.18 27.71 26.04 23.96 23.49 22.13 20.05 20.13 21.61 19.83 21.71 22.72 22.18 19.44 19.42 17.93 19.32 18.68 20.38 22.56 26.18 27.02 28.83 30.12 32.87 34.14 34.56 
37.02 35.48 34.68 32.94 31.74 29.65 28.17 24.12 22.51 20.07 19.90 17.36 16.89 15.85 14.76 15.58 14.98 12.20 13.03 11.45 11.08 8.29 7.69 5.65 0.00 5.65 7.26 8.08 10.09 11.47 11.62 11.82 13.49 12.43 11.92 13.20 14.67 15.95 17.57 18.63 19.59 22.29 23.60 26.19 26.73 30.10 31.05 29.65 27.28 26.72 26.33 24.79 23.07 22.86 21.34 19.98 18.65 17.98 17.24 16.00 16.81 16.16 18.22 17.16 20.04 20.58 23.30 22.86 25.75 27.09 30.14 30.81 34.35 34.85 34.12 32.36 30.63 26.74 25.74 22.30 21.21 18.47 18.60 17.09 18.82 18.21 20.24 19.46 20.81 20.85 19.17 18.93 17.54 16.86 17.14 20.39 19.53 22.87 23.14 26.63 26.38 29.81 29.14 28.15 29.21 31.34 31.31 29.64 29.86 28.49 26.68 24.67 24.16 23.01 21.23 21.22 22.69 20.94 22.82 23.59 23.23 20.46 20.87 19.12 20.40 18.91 20.64 21.95 25.03 25.80 28.39 28.92 31.71 33.10 32.84 
36.35 34.77 34.16 32.54 32.14 30.10 28.83 24.82 23.39 20.94 21.10 19.29 17.93 17.26 16.03 16.91 16.15 13.40 14.76 13.37 11.97 9.65 8.53 7.81 5.65 0.00 5.99 7.76 8.77 10.55 11.54 12.35 13.61 13.68 12.44 14.73 15.17 16.80 18.68 19.90 20.18 22.70 23.88 26.25 26.87 30.41 31.64 30.45 27.85 27.03 27.11 25.42 23.54 23.05 22.17 20.64 19.10 18.32 17.42 16.11 17.26 16.82 18.95 17.62 20.84 21.11 23.78 23.03 26.40 27.10 30.73 30.92 34.83 35.64 34.49 32.70 31.02 27.16 25.91 22.79 21.88 19.32 18.99 17.60 19.49 18.85 20.72 19.86 21.20 21.32 19.77 19.67 18.34 17.92 18.17 21.08 20.19 23.73 23.71 27.13 27.11 30.48 30.31 28.91 30.25 32.16 32.25 30.40 30.75 29.40 27.69 25.56 25.15 24.02 22.14 22.20 23.64 21.91 24.03 24.96 24.56 21.76 21.73 19.70 20.69 19.46 21.23 22.48 25.45 25.90 28.31 29.89 31.95 32.80 33.45 
35.69 34.51 33.69 31.81 31.52 29.96 29.07 25.21 23.79 21.38 21.73 19.12 18.17 17.71 16.41 17.40 17.07 13.96 15.58 14.25 13.23 10.70 9.75 8.47 7.26 5.99 0.00 5.70 7.19 8.84 10.79 11.58 12.00 12.75 13.03 14.21 14.11 16.24 18.72 20.22 19.71 22.53 24.09 26.65 26.86 30.22 31.54 30.52 27.83 27.40 27.29 25.78 23.73 23.38 22.18 20.77 19.34 18.50 17.26 15.91 17.46 17.04 18.80 17.63 20.95 21.41 23.70 22.78 26.05 27.41 30.32 31.07 34.75 35.16 34.28 32.83 31.34 27.21 25.93 22.60 21.90 18.94 18.76 17.46 19.25 18.57 20.65 19.74 20.78 21.10 19.94 19.87 18.43 18.30 18.58 21.52 20.40 23.69 23.78 27.10 26.92 30.64 30.18 29.33 30.38 32.56 32.50 30.89 31.18 29.99 27.97 26.03 25.58 24.46 22.46 22.63 24.28 22.71 24.53 25.43 25.25 22.16 22.28 20.28 21.43 19.66 21.23 22.12 25.24 25.56 27.86 28.64 31.90 32.90 32.61 
35.25 33.67 32.93 31.27 31.51 29.72 28.79 25.14 23.75 21.32 21.37 19.22 18.14 17.64 16.17 18.02 17.64 15.04 16.19 14.62 13.54 12.06 11.21 9.92 8.08 7.76 5.70 0.00 5.45 7.89 8.33 10.58 11.85 12.15 12.12 14.52 15.03 15.79 17.79 20.09 20.50 22.70 23.83 26.17 26.71 29.88 31.26 30.09 27.70 27.05 26.87 25.08 23.45 22.90 21.66 20.30 19.20 18.49 17.04 15.74 17.08 16.91 19.05 17.84 21.05 21.59 24.07 23.09 26.05 27.40 30.63 30.92 34.64 35.54 34.18 32.47 30.84 27.12 25.65 22.58 21.17 18.71 18.16 17.20 18.67 18.71 20.33 19.82 20.69 20.94 19.37 19.66 18.58 18.58 18.60 21.86 21.02 24.36 24.24 27.62 27.39 31.09 31.20 29.89 31.30 33.23 33.45 31.55 31.84 30.49 28.81 26.59 26.40 25.31 23.50 23.37 24.94 23.53 25.44 26.46 26.18 23.34 23.02 20.88 21.50 19.97 21.44 22.25 24.78 24.99 27.02 29.04 31.47 32.07 32.19 
35.58 34.49 33.41 31.74 31.45 30.10 28.98 25.39 24.05 21.48 21.29 18.88 18.67 17.37 16.02 18.08 18.52 14.77 16.59 15.63 15.18 13.06 11.51 10.90 10.09 8.77 7.19 5.45 0.00 5.93 7.13 9.03 10.99 11.40 12.09 14.29 15.35 15.18 17.06 19.78 20.92 23.49 23.94 26.76 26.85 30.18 30.90 29.90 27.51 27.10 26.57 24.81 23.26 22.63 21.15 19.21 18.46 17.91 17.22 15.83 17.08 16.93 18.92 18.22 20.90 21.72 24.10 23.29 26.32 27.90 30.69 31.28 35.16 35.73 34.42 32.97 31.19 27.59 26.19 22.61 21.23 18.66 18.21 16.91 18.60 18.25 20.05 19.50 20.77 20.93 19.14 19.75 18.93 19.20 18.80 22.49 22.03 25.39 25.28 28.23 27.91 31.97 31.57 30.82 32.05 34.45 34.44 32.85 32.87 31.83 29.87 28.02 27.24 26.50 24.62 24.61 25.86 24.70 26.62 27.63 27.41 24.56 24.46 22.52 22.56 20.91 21.95 22.43 24.25 24.50 26.62 27.55 30.45 31.17 30.54 
35.44 34.19 33.23 31.65 31.99 30.41 29.33 25.81 24.63 22.27 22.21 19.87 18.98 18.11 16.48 18.66 19.14 15.78 17.78 16.26 15.47 13.74 12.69 11.81 11.47 10.55 8.84 7.89 5.93 0.00 5.67 7.71 9.43 10.83 11.35 13.82 15.41 15.80 17.25 19.30 21.11 23.21 24.33 26.45 27.03 30.12 31.47 30.41 27.75 27.09 26.52 24.95 23.16 22.68 20.92 19.79 18.04 18.12 16.83 16.05 17.24 17.54 19.57 18.56 21.42 22.31 24.77 24.06 27.14 28.09 31.26 31.57 35.53 36.28 34.91 33.55 31.78 28.04 26.39 23.47 21.77 19.00 17.86 17.37 18.57 18.64 19.86 19.84 20.63 21.42 19.50 20.03 18.86 19.38 19.73 23.27 22.57 25.96 25.79 28.83 28.84 32.47 32.25 30.96 32.69 34.68 34.77 33.11 33.67 32.34 30.57 28.52 28.29 27.23 25.49 25.61 26.97 25.64 27.57 28.86 28.36 25.76 25.26 22.92 22.98 21.65 22.65 22.95 24.90 24.75 26.72 28.86 30.72 30.75 30.74 
34.78 34.02 33.14 31.24 31.28 30.11 29.15 25.68 24.36 22.22 22.34 19.48 18.55 17.82 16.82 18.59 18.80 16.08 18.14 16.72 15.11 12.86 12.90 12.55 11.62 11.54 10.79 8.33 7.13 5.67 0.00 5.44 7.77 9.41 11.23 12.74 14.32 15.27 17.44 18.52 20.61 23.01 24.00 26.55 26.68 30.33 31.63 30.11 27.38 26.74 26.35 24.43 22.78 21.81 20.60 18.65 18.28 17.50 16.79 15.16 17.36 17.86 19.27 18.28 21.20 22.48 24.68 23.92 26.50 27.98 30.75 31.24 35.03 35.59 34.80 33.72 31.78 27.70 26.24 23.12 21.61 18.12 17.59 16.74 18.27 17.31 19.25 19.17 20.45 20.94 19.69 20.08 18.82 19.54 20.01 23.40 22.72 25.77 25.65 28.26 28.35 32.01 31.74 30.59 32.14 34.42 34.65 33.34 33.86 32.73 30.76 29.01 28.63 27.58 25.46 25.57 27.27 26.00 27.95 28.79 28.67 25.77 25.55 23.17 23.20 21.52 22.47 22.96 24.92 24.77 26.79 27.79 30.64 31.24 30.33 
34.95 33.80 32.75 30.77 31.62 30.12 29.10 25.66 24.57 22.18 22.43 19.82 18.67 17.97 16.66 19.15 19.26 16.16 17.99 16.62 15.08 14.02 12.48 13.21 11.82 12.35 11.58 10.58 9.03 7.71 5.44 0.00 6.28 7.89 9.14 11.87 13.12 14.86 16.93 19.69 19.94 22.63 24.69 26.66 27.03 30.48 31.60 30.37 27.83 26.69 25.83 24.49 22.85 22.31 20.51 19.46 18.19 17.85 16.80 15.59 17.32 17.89 19.54 18.77 22.08 22.96 24.92 24.00 27.17 28.26 31.08 31.35 35.27 36.36 34.87 34.09 31.97 28.15 26.49 23.57 21.82 18.63 17.63 16.97 18.04 17.51 18.98 19.25 20.65 21.38 19.92 20.42 19.66 19.72 20.46 23.58 23.07 26.35 26.21 29.12 28.75 32.64 32.50 31.33 32.86 35.23 35.42 34.07 34.21 33.09 31.38 29.49 29.15 28.35 26.39 26.34 27.86 27.13 28.60 29.72 29.39 27.00 26.34 23.73 23.64 22.50 23.58 23.44 25.10 24.97 27.32 28.59 30.36 30.43 30.55 
35.25 34.24 32.66 30.88 31.66 30.02 29.04 25.52 24.40 22.24 22.10 19.59 19.00 17.70 16.54 18.47 19.51 15.73 16.42 15.26 15.58 13.47 11.86 12.55 13.49 13.61 12.00 11.85 10.99 9.43 7.77 6.28 0.00 6.22 7.55 10.33 12.32 13.98 17.36 19.07 20.33 22.31 24.86 27.37 27.92 31.36 32.27 30.93 28.64 27.16 25.53 24.52 23.57 22.46 21.00 19.02 18.22 17.04 16.78 15.62 17.83 17.44 19.11 18.72 22.12 22.59 24.44 23.46 27.10 28.30 31.08 31.44 36.83 37.34 35.66 34.61 32.54 28.69 27.09 24.04 22.18 19.39 18.64 16.90 18.41 16.95 18.37 18.57 20.22 20.60 19.41 20.37 19.77 19.86 20.24 23.56 23.34 26.79 27.02 29.38 29.47 32.68 32.69 31.46 33.18 35.54 35.81 34.32 34.63 33.66 32.00 30.09 29.69 28.87 27.07 26.84 28.95 27.65 29.78 30.42 30.57 27.80 27.58 25.00 24.86 23.24 24.15 24.18 25.09 25.43 28.02 27.94 29.97 30.82 30.35 
34.16 32.61 31.51 29.78 30.26 28.95 27.82 24.51 23.04 20.92 21.46 18.81 17.36 16.98 15.46 17.07 17.63 15.15 15.87 13.38 13.86 13.90 12.10 11.29 12.43 13.68 12.75 12.15 11.40 10.83 9.41 7.89 6.22 0.00 5.52 7.47 10.28 12.62 14.90 17.23 18.96 21.99 23.34 25.85 27.18 29.97 31.31 29.45 27.54 25.23 23.82 22.91 22.21 21.14 19.14 18.34 16.62 15.52 15.19 14.49 16.18 16.12 18.06 17.39 20.95 21.60 23.64 22.70 26.37 26.89 29.93 30.24 35.45 36.51 34.90 34.11 32.03 27.98 26.02 22.97 21.26 18.65 17.15 15.48 17.23 15.91 16.82 17.33 18.42 18.91 17.18 18.09 17.89 18.48 18.98 22.09 21.57 25.23 25.58 28.12 28.26 31.81 31.56 30.25 32.24 34.39 34.83 33.23 33.83 32.59 31.04 29.00 28.80 27.89 26.29 26.22 27.94 26.96 29.08 29.83 29.61 27.00 26.82 23.83 23.58 22.50 23.50 22.98 24.49 24.23 26.56 27.61 28.88 29.08 29.24 
32.11 31.23 30.03 28.29 27.85 26.25 25.65 22.30 20.73 18.90 19.44 16.24 15.20 14.76 13.51 14.48 15.21 12.47 14.23 12.17 12.09 11.79 12.40 11.44 11.92 12.44 13.03 12.12 12.09 11.35 11.23 9.14 7.55 5.52 0.00 5.52 7.42 10.27 11.79 14.61 17.19 19.43 20.71 22.96 24.29 28.45 29.47 27.83 24.94 23.24 21.67 20.53 19.25 18.56 16.39 14.89 14.67 13.44 11.93 10.74 13.34 13.94 15.46 14.51 18.26 19.29 21.22 20.45 23.55 24.60 27.87 28.36 33.36 34.38 33.17 32.42 29.45 25.42 23.81 21.07 19.42 15.98 14.32 12.71 14.84 13.39 15.28 14.53 15.99 16.12 14.39 15.44 14.70 15.34 16.27 19.67 19.21 22.52 22.83 25.30 25.56 28.93 29.24 27.77 29.78 32.05 32.53 31.06 31.83 30.80 29.25 27.18 27.01 25.97 24.17 24.08 25.99 24.74 27.16 27.72 27.78 25.09 25.10 22.13 21.78 20.55 21.51 21.26 22.59 22.24 24.89 25.68 27.61 28.74 28.64 
31.81 30.50 29.11 27.44 27.46 26.28 24.70 21.97 20.73 18.12 18.30 15.38 14.88 14.05 11.86 14.02 14.93 12.21 12.58 11.47 11.89 12.90 13.24 13.87 13.20 14.73 14.21 14.52 14.29 13.82 12.74 11.87 10.33 7.47 5.52 0.00 6.07 7.64 10.28 13.04 16.02 18.31 20.29 23.77 24.72 28.54 29.05 27.72 25.70 23.11 21.10 20.60 19.08 18.00 15.53 14.16 13.54 12.27 11.12 9.21 12.23 12.41 14.68 13.91 18.14 18.72 20.75 20.07 23.30 23.94 27.25 28.14 32.35 33.53 32.28 31.59 28.69 24.69 23.50 20.48 18.52 13.90 13.24 11.52 13.64 12.38 14.12 14.11 15.12 15.17 13.32 14.27 13.69 13.17 14.62 19.16 18.76 21.59 22.22 25.14 25.09 28.59 28.88 27.41 29.39 31.45 32.09 30.38 30.86 29.67 28.30 26.41 26.53 25.63 23.93 23.94 25.78 24.63 26.73 27.55 27.64 24.87 24.55 21.75 21.30 20.43 21.41 20.45 21.91 21.56 24.23 25.51 26.68 27.31 28.27 
30.40 29.08 26.86 25.25 25.59 23.76 23.07 20.21 19.40 16.49 16.70 14.20 14.22 12.91 11.60 12.88 14.12 10.98 11.85 10.57 11.59 13.00 12.94 14.25 14.67 15.17 14.11 15.03 15.35 15.41 14.32 13.12 12.32 10.28 7.42 6.07 0.00 5.62 7.32 11.08 13.77 17.12 19.05 22.54 23.90 27.20 27.73 27.32 25.16 22.59 20.12 18.81 17.15 16.18 13.96 12.03 12.34 10.88 10.08 8.50 11.09 10.61 12.56 12.26 16.25 16.67 19.23 18.57 21.88 22.79 25.88 26.43 31.18 32.07 29.80 28.80 26.06 22.57 21.61 17.80 15.80 12.26 11.85 10.18 12.37 10.38 13.82 13.38 14.60 13.53 11.90 12.91 12.16 11.10 11.99 16.82 17.50 20.44 20.77 23.82 23.69 27.29 27.71 26.43 27.99 30.34 31.09 29.18 29.58 28.65 27.43 25.48 25.46 24.54 23.17 23.19 24.84 23.55 25.73 26.58 26.69 23.89 23.34 21.21 20.35 19.28 20.27 19.94 21.38 20.80 23.91 24.57 25.78 27.19 27.95 
28.91 26.78 25.05 24.11 23.41 22.11 20.84 18.68 16.86 14.78 15.06 12.39 12.49 11.68 10.91 12.83 13.83 11.42 13.31 12.81 12.99 14.51 15.35 15.77 15.95 16.80 16.24 15.79 15.18 15.80 15.27 14.86 13.98 12.62 10.27 7.64 5.62 0.00 6.01 7.86 10.78 14.32 16.91 19.34 21.14 25.52 25.15 24.28 22.19 20.06 17.55 16.93 15.17 14.80 12.72 11.77 11.62 10.70 10.14 9.04 10.52 9.60 12.05 10.18 14.30 14.46 17.01 16.65 19.74 20.60 23.34 23.94 28.54 29.74 27.78 27.05 24.10 21.08 19.76 15.24 13.44 10.44 9.95 7.81 10.99 10.32 13.10 13.71 14.58 14.02 11.65 11.74 11.03 10.78 11.02 14.81 15.34 18.79 19.27 22.02 21.83 25.61 26.01 24.60 26.07 28.14 29.03 27.23 27.59 26.60 25.66 23.60 23.62 22.75 21.53 21.40 23.14 21.88 24.22 25.15 25.24 22.27 21.94 19.51 18.84 18.07 18.82 18.10 19.30 19.33 21.28 23.26 24.28 25.20 26.35 
27.23 25.48 23.95 22.30 21.56 19.72 19.89 16.62 15.64 12.77 13.16 10.80 11.46 10.55 10.37 13.41 14.90 12.17 14.82 16.06 16.00 16.57 16.98 17.34 17.57 18.68 18.72 17.79 17.06 17.25 17.44 16.93 17.36 14.90 11.79 10.28 7.32 6.01 0.00 6.47 7.86 11.83 12.90 17.00 18.14 21.87 22.96 21.51 19.42 17.65 15.50 14.58 13.30 12.89 11.16 10.71 12.26 11.09 10.59 8.74 10.40 9.68 11.10 9.11 12.29 12.44 14.34 13.60 16.88 17.58 20.58 21.07 25.28 26.61 25.35 24.43 21.77 18.22 16.58 13.03 11.29 9.67 8.77 7.27 10.89 11.88 14.74 14.07 15.17 14.56 11.67 12.31 10.39 9.62 9.64 13.83 13.26 16.56 16.68 20.01 20.23 24.36 24.47 23.04 24.38 26.71 27.36 25.81 26.41 25.58 24.39 22.48 22.43 21.35 20.09 20.22 22.10 20.81 23.43 24.21 24.62 21.65 21.10 18.24 17.35 16.52 17.72 17.03 18.31 18.33 19.76 21.91 23.24 25.10 25.91 
26.28 24.40 22.54 21.34 20.99 19.35 18.44 15.45 14.36 11.71 12.23 9.18 10.83 10.85 10.39 14.07 16.58 14.32 16.66 17.32 17.41 17.97 18.08 18.68 18.63 19.90 20.22 20.09 19.78 19.30 18.52 19.69 19.07 17.23 14.61 13.04 11.08 7.86 6.47 0.00 6.50 7.75 10.49 13.38 16.12 19.62 19.88 19.57 16.53 14.79 12.19 12.64 11.20 12.41 11.16 12.01 12.97 13.28 12.68 11.63 12.39 11.07 12.58 10.10 12.76 11.87 13.71 12.67 15.27 15.85 18.25 18.87 22.71 24.39 23.05 21.98 19.73 15.30 13.83 10.03 10.59 7.23 8.82 8.56 12.46 13.45 15.92 16.24 16.54 16.48 12.83 13.68 11.76 10.13 10.31 13.51 12.96 15.56 15.69 19.35 19.28 23.04 22.97 21.67 23.12 25.30 25.95 24.29 24.91 23.92 22.92 21.08 21.24 20.23 19.01 19.23 21.19 19.75 22.37 23.38 23.85 20.99 20.26 17.55 16.65 15.84 16.19 16.28 17.33 18.10 18.72 21.95 23.13 23.95 25.20 
24.32 22.01 19.42 18.17 18.92 16.60 15.83 12.97 13.00 10.46 10.33 8.46 10.13 10.60 11.27 14.69 17.38 15.53 17.77 17.74 18.26 18.32 17.80 18.65 19.59 20.18 19.71 20.50 20.92 21.11 20.61 19.94 20.33 18.96 17.19 16.02 13.77 10.78 7.86 6.50 0.00 5.91 7.21 11.44 12.95 16.77 17.12 16.12 13.38 11.34 9.82 9.72 9.72 11.83 12.25 13.18 14.63 14.48 14.41 13.28 14.26 12.39 12.30 10.59 12.60 11.34 11.94 10.96 13.17 12.91 15.44 15.93 19.78 21.08 19.39 17.85 15.06 12.11 9.97 7.62 7.85 7.45 9.53 10.25 14.14 14.93 18.21 18.17 18.64 18.86 16.10 16.03 13.76 12.37 11.34 13.91 12.35 15.32 14.99 18.20 18.32 21.73 21.79 20.32 21.71 23.68 24.14 22.70 23.26 22.48 21.28 19.81 19.64 18.74 17.68 18.05 20.11 18.62 21.51 22.65 22.83 19.79 19.05 16.61 16.03 14.30 15.37 15.45 16.72 17.37 17.66 20.37 21.79 23.71 24.32 
24.07 21.24 19.11 18.00 19.03 16.31 15.62 12.49 13.51 10.93 11.78 9.94 12.08 12.27 14.39 17.92 19.98 18.16 21.17 20.99 20.92 20.67 21.19 21.37 22.29 22.70 22.53 22.70 23.49 23.21 23.01 22.63 22.31 21.99 19.43 18.31 17.12 14.32 11.83 7.75 5.91 0.00 5.94 7.51 10.56 14.25 14.61 12.82 10.98 10.60 9.57 9.82 10.85 13.93 15.20 15.82 16.48 17.05 16.78 15.36 16.20 14.79 15.80 11.98 14.21 12.02 12.82 10.06 12.51 11.81 13.64 14.52 18.72 19.91 18.70 16.41 14.37 10.82 11.29 7.62 8.63 9.03 11.99 12.95 17.79 18.29 21.09 21.11 21.27 21.70 19.92 18.77 16.00 14.65 13.33 14.75 13.25 15.13 15.33 18.18 18.23 21.61 21.47 20.18 21.32 23.52 24.29 22.73 23.56 22.67 22.18 20.27 20.19 19.17 18.51 18.77 20.48 18.90 21.91 23.31 23.51 20.01 19.65 17.36 16.67 15.00 15.44 16.07 17.18 17.49 18.12 21.30 22.48 23.99 24.72 
23.41 20.85 18.55 17.02 17.86 14.93 13.82 11.00 11.72 9.50 10.81 10.17 12.54 13.98 15.67 19.33 21.90 20.27 23.33 23.51 23.03 22.98 23.29 23.07 23.60 23.88 24.09 23.83 23.94 24.33 24.00 24.69 24.86 23.34 20.71 20.29 19.05 16.91 12.90 10.49 7.21 5.94 0.00 5.92 6.92 10.18 11.84 11.24 9.28 9.13 9.99 10.31 11.72 15.15 16.60 17.60 18.68 19.19 18.62 17.16 17.81 16.43 17.56 13.89 13.91 11.85 11.58 9.08 9.68 9.21 10.73 11.68 15.61 16.39 14.22 13.44 11.39 8.87 8.76 8.21 9.77 11.06 13.69 15.53 19.93 21.23 23.23 23.12 23.59 24.12 21.49 21.15 17.83 16.14 13.86 15.29 12.87 15.28 14.56 17.45 17.39 20.90 21.20 19.66 20.83 23.07 23.79 22.41 23.04 22.42 21.47 19.79 19.79 18.74 17.84 18.48 20.35 18.75 21.48 22.69 23.23 20.14 19.37 17.09 16.64 14.87 15.56 15.42 16.55 16.85 17.98 20.16 21.42 24.21 24.68 
24.00 21.78 19.44 17.75 18.85 15.89 14.85 11.96 12.85 11.69 13.07 12.50 14.98 17.66 18.74 22.41 24.58 23.07 25.77 26.12 26.09 25.79 26.02 25.74 26.19 26.25 26.65 26.17 26.76 26.45 26.55 26.66 27.37 25.85 22.96 23.77 22.54 19.34 17.00 13.38 11.44 7.51 5.92 0.00 6.03 7.41 10.06 9.82 8.92 8.63 9.58 11.85 13.45 17.17 19.26 21.20 22.89 22.92 22.18 21.11 21.58 19.86 20.75 17.46 17.91 14.64 14.19 10.66 11.33 9.86 11.65 12.10 14.84 15.69 13.78 12.56 11.42 8.67 8.89 9.05 11.85 13.35 17.32 19.16 22.68 24.02 26.10 26.22 26.65 26.71 24.25 24.26 21.19 19.37 17.38 17.94 15.25 16.66 16.49 18.88 18.64 22.50 22.46 20.87 21.48 24.20 24.89 23.44 23.96 23.51 23.05 21.18 21.45 20.80 20.01 20.60 22.13 20.93 23.50 24.68 25.35 22.23 21.70 19.22 18.64 17.23 16.84 17.00 17.94 18.65 19.29 22.09 22.69 24.52 25.52 
24.15 21.53 19.15 16.96 17.36 14.72 14.04 11.71 12.66 11.69 13.59 13.04 15.40 17.52 19.33 22.93 25.02 23.36 25.72 26.57 26.97 26.53 25.84 26.09 26.73 26.87 26.86 26.71 26.85 27.03 26.68 27.03 27.92 27.18 24.29 24.72 23.90 21.14 18.14 16.12 12.95 10.56 6.92 6.03 0.00 5.48 6.54 8.74 8.43 9.39 10.49 12.52 15.21 18.43 20.52 23.44 24.94 25.20 24.10 23.01 23.69 22.04 21.14 18.43 19.55 16.12 14.47 11.19 11.18 9.31 10.48 10.09 11.94 12.92 11.54 11.07 10.21 9.01 10.37 10.81 13.41 15.46 18.96 20.88 23.61 24.94 27.67 27.28 27.88 27.98 25.88 25.28 22.13 20.59 18.72 19.32 16.17 17.87 16.82 19.09 18.22 22.14 22.13 20.27 21.30 23.76 24.67 22.88 23.61 23.49 22.72 21.24 22.12 21.26 20.42 21.07 22.89 21.30 24.12 25.33 25.79 22.59 21.89 19.66 18.83 17.41 18.34 17.63 19.54 19.35 20.44 22.05 23.08 25.33 25.40 
25.91 23.63 21.60 19.51 20.11 17.43 16.67 14.80 15.63 15.62 17.52 17.75 19.53 21.98 23.09 27.01 28.75 27.52 29.76 30.39 30.13 30.29 29.78 29.70 30.10 30.41 30.22 29.88 30.18 30.12 30.33 30.48 31.36 29.97 28.45 28.54 27.20 25.52 21.87 19.62 16.77 14.25 10.18 7.41 5.48 0.00 5.16 7.09 9.35 10.26 12.83 15.34 17.15 21.52 24.33 26.24 27.68 27.96 27.86 26.79 27.42 25.84 25.33 21.85 22.16 19.14 17.59 13.91 13.63 12.45 12.96 12.38 14.16 15.26 13.88 14.30 13.52 12.80 14.90 15.95 18.22 19.52 22.01 24.28 27.91 28.40 30.78 30.76 31.12 31.04 29.24 28.53 25.46 24.34 22.07 22.50 19.83 21.32 20.26 22.67 22.04 25.64 25.10 23.50 24.27 26.97 27.42 26.27 26.98 26.87 26.63 24.85 25.34 24.50 23.47 24.04 25.73 24.36 26.77 28.15 28.47 25.38 25.12 22.76 22.18 20.70 20.98 20.97 21.88 22.38 23.03 24.80 25.37 26.18 27.25 
26.54 24.67 22.88 20.19 20.20 17.67 17.28 15.46 17.01 16.41 18.95 18.93 21.26 22.88 25.13 28.43 30.29 29.04 31.36 31.32 31.06 31.13 31.06 30.74 31.05 31.64 31.54 31.26 30.90 31.47 31.63 31.60 32.27 31.31 29.47 29.05 27.73 25.15 22.96 19.88 17.12 14.61 11.84 10.06 6.54 5.16 0.00 5.72 7.22 9.48 12.34 15.59 17.57 21.41 24.04 25.98 27.19 28.73 28.70 27.31 27.82 26.28 25.63 21.51 21.44 18.64 16.90 12.15 12.76 11.94 12.17 11.14 13.69 14.99 13.63 14.48 15.04 14.50 16.85 17.42 19.71 20.99 23.69 24.80 28.97 29.55 31.59 30.97 31.74 31.52 29.70 29.13 26.11 24.66 22.30 22.73 20.16 21.91 20.68 23.45 22.60 26.27 25.72 24.25 24.88 27.37 28.05 26.91 27.79 27.62 27.01 25.64 26.07 25.10 24.16 24.60 26.69 25.02 27.40 28.63 28.94 26.17 25.46 23.26 22.55 21.05 21.74 21.49 22.82 23.17 24.17 24.71 25.91 28.30 27.90 
26.86 25.03 23.57 20.65 20.91 18.08 17.28 14.97 15.71 15.32 17.70 17.42 19.79 21.36 23.24 26.74 28.78 27.31 29.81 29.94 29.26 29.61 29.71 29.44 29.65 30.45 30.52 30.09 29.90 30.41 30.11 30.37 30.93 29.45 27.83 27.72 27.32 24.28 21.51 19.57 16.12 12.82 11.24 9.82 8.74 7.09 5.72 0.00 5.55 7.46 9.44 13.28 15.94 19.46 22.06 25.63 27.03 27.57 27.56 26.80 27.53 25.10 24.81 21.09 20.95 16.44 15.51 11.35 11.88 10.10 11.58 11.40 13.53 15.14 14.61 14.42 15.34 15.06 16.19 16.46 18.05 19.82 22.82 23.88 27.77 28.48 30.25 29.84 30.61 30.64 28.93 28.51 25.60 23.68 21.74 22.31 19.49 20.87 20.78 23.35 22.56 26.06 25.71 23.98 24.58 27.09 27.85 26.80 27.54 27.37 26.81 25.28 25.82 25.04 24.11 24.50 26.41 25.16 27.40 28.46 28.90 25.90 25.36 22.89 22.47 20.88 21.22 21.27 22.57 23.19 24.17 25.72 26.44 27.17 28.26 
26.78 24.87 23.53 20.73 20.58 17.26 16.98 13.97 14.43 13.53 15.47 15.03 17.49 18.83 20.46 24.30 26.69 24.59 26.78 27.26 27.09 26.49 26.66 26.94 27.28 27.85 27.83 27.70 27.51 27.75 27.38 27.83 28.64 27.54 24.94 25.70 25.16 22.19 19.42 16.53 13.38 10.98 9.28 8.92 8.43 9.35 7.22 5.55 0.00 5.83 7.07 9.69 12.75 17.11 19.58 22.59 24.71 25.36 25.03 25.16 25.62 23.01 22.43 19.05 19.03 14.08 13.51 10.00 10.67 8.86 10.74 11.29 13.03 16.03 14.78 14.36 14.14 13.77 14.94 14.67 16.72 17.47 20.75 21.81 26.03 26.06 27.71 27.39 28.77 28.79 26.82 26.58 24.48 22.59 20.42 21.37 18.52 20.70 19.73 22.42 21.26 25.30 24.33 22.87 23.16 26.05 26.77 25.50 26.33 26.21 25.73 24.30 24.72 24.38 23.32 23.67 25.87 24.56 26.71 27.61 27.48 25.15 24.18 22.10 22.09 20.35 21.00 21.37 22.42 23.27 24.86 25.03 25.83 28.25 28.08 
