0.57 4.72 6.10 7.40 11.00 12.29 13.39 14.91 17.07 18.07 18.22 17.51 18.54 19.92 20.04 19.63 21.58 22.59 23.70 23.19 22.31 21.46 20.32 20.03 19.29 20.16 20.87 22.18 23.26 23.71 22.42 21.75 22.26 22.75 21.46 20.91 20.62 22.31 22.39 20.96 21.24 22.47 22.46 23.23 24.34 25.73 25.12 24.00 25.65 26.46 25.70 25.23 26.64 26.43 24.59 24.41 23.98 24.49 22.86 21.53 18.90 19.34 19.10 18.77 18.26 19.20 20.04 20.51 20.18 19.94 20.84 20.35 18.73 18.52 19.72 18.59 17.16 17.25 19.61 18.00 17.20 16.64 17.67 16.47 16.40 16.40 16.27 17.23 17.75 18.57 18.16 18.94 20.16 19.88 19.79 22.14 23.85 23.03 21.73 23.09 24.06 24.60 22.87 24.10 26.08 26.47 27.13 
4.72 0.45 5.34 6.58 9.23 10.95 12.43 14.78 15.71 18.20 17.07 16.95 18.36 19.99 20.81 20.18 22.08 23.19 25.03 23.97 22.47 21.64 20.97 20.65 19.57 20.62 21.86 22.76 23.66 24.20 23.06 22.20 22.78 23.01 21.82 20.83 20.79 21.76 22.05 20.43 21.10 21.90 21.75 22.56 24.33 25.70 25.07 23.64 25.81 26.73 25.67 24.95 26.88 26.50 24.95 24.41 24.16 24.25 23.21 20.89 18.51 18.58 18.81 18.28 17.79 18.60 19.83 20.42 19.83 18.91 20.61 20.02 18.55 18.34 19.80 18.52 17.05 17.55 19.51 17.88 16.74 16.28 16.57 15.89 14.98 15.59 15.11 15.84 16.59 18.04 17.67 18.67 19.99 19.56 19.74 21.63 24.16 22.72 22.00 23.47 25.39 24.86 21.93 24.90 27.56 27.36 25.79 
6.10 5.34 0.00 3.87 6.91 9.27 10.77 11.99 13.52 15.71 14.48 15.06 16.78 18.13 18.86 19.19 20.34 21.59 23.79 22.86 20.32 20.33 20.10 19.73 17.79 19.70 21.66 22.42 22.72 23.54 22.86 22.05 22.24 22.37 20.99 20.47 19.77 20.75 20.42 19.55 20.15 20.95 19.69 20.99 22.19 23.63 22.70 21.69 23.68 24.61 23.51 22.90 24.24 24.49 23.16 22.81 22.13 22.80 20.89 18.97 15.70 16.35 16.32 16.07 15.47 16.83 18.66 18.90 18.07 17.95 19.53 19.00 17.53 17.01 18.55 17.39 16.06 16.14 18.47 16.54 15.77 15.01 16.38 13.85 13.46 13.13 14.58 14.28 14.83 15.65 16.17 16.25 18.28 17.62 18.21 20.07 21.93 20.82 20.42 21.92 22.92 22.51 21.26 22.75 25.20 25.25 25.28 
7.40 6.58 3.87 0.00 4.28 8.20 8.68 11.43 11.07 13.64 12.46 14.19 14.66 15.98 16.77 17.01 18.88 19.41 22.15 21.48 19.29 18.97 18.27 17.94 16.14 17.59 18.79 19.72 20.25 21.05 20.13 19.55 19.91 20.14 18.52 18.41 18.16 19.13 18.56 17.35 17.90 18.69 17.55 18.76 20.07 21.44 20.83 19.83 22.17 22.88 21.81 20.99 22.92 22.73 21.12 20.79 20.69 20.79 18.51 16.72 14.49 14.38 14.19 13.39 13.43 14.00 15.55 16.19 16.14 15.09 16.83 16.42 15.61 14.23 16.19 15.74 14.24 13.08 17.06 15.53 14.90 13.62 14.61 12.76 11.69 11.37 12.73 11.99 13.17 13.58 13.67 14.49 16.12 15.27 16.19 17.61 19.63 18.92 18.50 20.11 21.30 20.62 20.29 22.06 25.04 23.55 28.11 
11.00 9.23 6.91 4.28 0.00 6.42 7.88 9.58 11.50 12.68 12.39 12.73 14.60 15.10 15.97 15.93 18.55 19.50 21.21 20.46 18.30 16.81 15.72 15.58 15.24 16.43 16.89 18.61 19.67 20.22 18.23 17.54 18.08 18.58 17.16 16.66 16.63 18.97 18.81 16.97 17.23 18.96 18.34 19.21 20.83 23.03 22.26 20.81 23.09 24.41 22.95 22.27 24.44 24.49 21.77 21.48 21.45 21.54 18.66 16.84 15.26 15.15 14.84 14.19 14.89 15.26 16.12 17.24 17.63 16.47 17.74 18.20 17.01 16.11 18.30 17.89 15.90 15.76 19.01 17.44 16.81 15.34 15.97 13.73 12.23 11.97 11.27 12.47 13.70 13.93 13.96 14.90 16.33 14.61 15.04 17.17 18.97 17.53 16.86 18.45 19.25 21.02 20.87 21.66 21.35 22.59 25.37 
12.29 10.95 9.27 8.20 6.42 0.00 7.42 9.88 9.53 11.81 11.18 12.59 14.09 15.49 15.23 16.64 19.48 20.55 22.26 21.29 18.67 17.47 16.01 15.84 15.06 16.17 17.11 19.05 19.97 20.93 18.97 18.30 18.67 19.09 17.77 17.34 17.17 19.18 19.42 17.65 17.87 19.05 18.23 19.73 21.36 23.47 22.50 20.71 23.12 24.50 22.84 22.29 24.68 24.58 22.64 22.12 21.72 22.01 19.84 17.49 15.49 15.01 14.91 14.62 14.53 15.09 15.55 17.79 17.25 15.52 17.41 18.02 17.18 16.73 18.83 18.18 16.84 17.80 20.48 19.01 18.71 17.44 17.00 15.21 12.98 11.52 10.71 11.11 12.86 14.42 13.41 15.23 15.92 15.76 15.56 17.60 18.66 17.88 17.41 19.65 20.99 21.14 21.56 22.95 22.24 23.44 24.66 
13.39 12.43 10.77 8.68 7.88 7.42 0.00 6.67 7.87 8.46 7.49 9.48 11.52 12.09 11.72 13.24 16.74 17.90 18.96 18.28 15.56 15.43 13.62 13.69 12.07 13.84 14.59 16.69 16.98 18.59 17.14 16.69 17.18 17.40 15.88 15.67 15.23 17.17 16.91 15.57 16.47 17.13 15.59 17.11 19.07 20.64 19.55 18.07 20.47 21.56 19.92 19.60 21.85 21.98 19.81 19.66 19.39 19.63 17.27 14.77 13.39 11.96 12.33 11.66 12.11 12.94 14.21 15.67 15.15 14.71 16.46 16.76 15.11 15.04 17.02 16.49 14.69 16.04 18.95 17.41 17.42 16.58 17.73 15.35 12.90 11.26 11.02 10.75 12.45 12.42 11.84 13.04 14.25 13.57 12.58 14.50 16.16 14.94 14.65 16.45 17.17 18.17 18.35 19.41 19.41 20.65 22.60 
14.91 14.78 11.99 11.43 9.58 9.88 6.67 0.00 5.84 8.16 6.69 9.90 11.77 12.50 12.62 14.52 16.90 18.99 20.02 19.59 16.72 16.27 13.39 13.80 13.14 14.03 15.04 17.77 18.85 20.17 17.97 18.36 18.45 19.16 17.19 17.44 16.59 19.09 18.88 17.25 17.74 18.95 17.04 18.91 20.39 22.24 20.89 20.14 22.40 23.31 21.22 21.06 23.41 23.11 20.75 21.18 21.36 21.23 19.09 16.47 14.76 12.63 13.27 13.28 13.98 14.76 15.82 18.15 17.72 17.13 18.34 18.45 17.33 17.49 18.89 18.38 17.01 17.98 21.13 19.56 19.26 18.38 19.09 16.68 14.73 13.64 13.90 10.07 13.23 13.13 13.02 14.47 15.45 13.36 14.19 16.50 16.90 16.59 15.72 18.32 19.04 19.79 18.51 20.36 20.23 21.39 23.97 
17.07 15.71 13.52 11.07 11.50 9.53 7.87 5.84 0.00 5.71 7.49 7.53 9.93 11.15 12.04 12.33 14.24 15.97 18.08 17.15 14.85 14.20 11.83 11.94 11.69 12.71 13.67 16.96 18.22 18.92 17.08 16.91 17.41 17.91 16.08 16.62 15.70 18.64 18.92 16.60 17.20 18.62 17.45 19.26 20.53 22.50 21.65 20.54 22.55 23.48 21.59 21.35 22.94 22.62 19.77 20.47 20.39 20.59 17.41 15.72 14.21 12.14 12.09 12.28 13.54 14.12 15.02 17.27 17.99 17.30 18.88 19.11 18.68 19.11 20.76 19.65 18.64 20.10 22.12 19.98 19.66 18.72 18.53 15.89 14.02 12.23 11.47 9.30 11.27 9.51 10.13 11.79 12.85 9.03 10.80 14.23 15.34 12.11 13.11 15.95 17.16 17.64 16.11 19.58 20.32 21.90 23.40 
18.07 18.20 15.71 13.64 12.68 11.81 8.46 8.16 5.71 0.00 6.62 9.26 8.31 9.47 10.50 12.72 14.25 15.73 17.99 18.62 16.17 15.61 14.30 13.78 13.21 15.09 16.53 19.25 19.51 20.77 18.34 18.27 18.12 19.01 17.23 18.15 17.57 19.74 19.63 18.35 18.74 19.65 18.74 20.48 21.86 23.77 22.65 21.34 22.90 23.92 21.78 21.46 23.07 23.11 21.12 21.62 20.98 21.89 19.72 16.34 15.64 14.53 14.03 14.67 16.20 17.79 18.50 20.46 19.79 19.58 21.29 20.89 19.44 20.38 21.97 20.95 19.54 21.32 23.16 21.51 21.75 20.92 20.57 18.30 16.40 14.74 14.66 13.65 14.99 14.92 14.31 15.71 16.34 14.09 14.46 16.83 17.37 15.65 15.83 18.53 19.33 19.67 18.19 21.64 22.20 22.62 23.74 
18.22 17.07 14.48 12.46 12.39 11.18 7.49 6.69 7.49 6.62 0.00 6.20 8.74 7.06 7.91 10.81 12.95 14.05 15.13 15.61 12.00 13.41 10.90 12.38 11.61 13.83 15.24 18.07 18.06 18.84 16.79 16.53 16.77 17.49 15.73 16.19 15.49 18.09 17.60 16.10 16.83 17.99 16.57 18.48 20.13 22.01 20.65 19.19 20.85 21.47 19.16 18.97 20.74 20.93 18.82 19.15 19.65 19.23 17.50 13.76 13.77 10.44 12.67 12.99 14.56 16.58 18.47 19.24 17.94 18.29 20.62 19.88 17.62 18.45 20.25 19.46 17.85 19.52 21.02 20.19 20.32 19.23 19.94 16.57 14.98 12.04 13.54 10.88 14.24 13.41 13.22 13.37 15.47 14.01 13.73 15.78 17.04 16.03 15.99 17.74 18.30 18.75 17.24 20.14 21.12 22.06 22.97 
17.51 16.95 15.06 14.19 12.73 12.59 9.48 9.90 7.53 9.26 6.20 0.00 6.13 8.60 6.65 8.32 10.30 12.94 13.14 13.16 9.54 10.33 7.24 9.84 10.61 12.59 14.05 17.82 17.44 18.57 16.22 15.89 15.47 16.54 14.60 14.28 13.10 16.48 15.70 13.73 14.74 16.75 15.52 17.26 19.63 21.60 20.05 18.58 20.55 21.19 18.42 18.12 19.99 19.85 17.32 17.91 16.89 16.66 15.03 12.90 10.36 7.09 10.41 12.28 12.62 15.04 17.48 19.02 17.36 17.70 20.07 19.05 17.25 17.80 19.60 18.46 17.19 18.67 20.02 18.69 19.07 18.29 17.85 14.55 12.97 12.22 11.22 7.10 12.45 12.76 11.16 12.75 14.39 13.11 12.73 15.64 16.70 16.39 15.19 17.75 18.39 18.96 16.82 20.63 21.11 21.78 21.74 
18.54 18.36 16.78 14.66 14.60 14.09 11.52 11.77 9.93 8.31 8.74 6.13 0.00 5.85 8.37 6.62 8.32 11.80 13.65 13.06 11.30 11.93 10.77 12.30 13.71 16.20 17.10 19.85 19.36 19.92 17.75 17.44 17.25 17.99 15.97 15.83 14.83 17.34 16.94 15.67 16.30 18.80 17.98 20.08 21.46 23.38 22.26 20.85 22.22 22.52 20.09 19.12 20.74 20.18 18.35 18.25 18.16 17.41 15.53 13.58 12.83 11.09 12.86 13.98 16.22 17.58 19.38 20.56 19.93 19.71 21.80 21.42 19.72 19.97 21.18 19.99 18.46 19.69 20.72 19.38 19.50 18.79 18.62 16.22 14.94 14.03 14.61 11.68 15.39 14.61 14.22 14.59 16.33 14.36 14.12 17.17 19.05 17.74 17.12 19.06 19.93 20.58 18.46 21.31 21.86 22.83 22.83 
19.92 19.99 18.13 15.98 15.10 15.49 12.09 12.50 11.15 9.47 7.06 8.60 5.85 0.00 6.06 8.26 7.08 8.96 11.87 12.25 10.72 12.61 12.83 14.47 15.53 18.27 19.52 21.51 20.43 20.97 18.46 18.66 18.36 18.96 16.39 16.88 16.06 18.18 17.32 16.74 17.10 19.37 19.29 21.15 22.49 24.66 23.32 21.86 22.72 23.39 20.24 19.63 20.53 20.24 18.11 17.93 17.92 17.59 14.97 11.91 13.12 13.12 13.84 15.63 18.09 19.86 20.55 22.16 20.89 20.99 23.00 22.22 20.25 20.93 22.23 21.12 19.18 20.82 21.70 20.85 21.18 19.35 19.38 17.08 15.34 13.87 15.94 14.87 17.29 17.36 17.05 17.57 18.94 17.91 18.02 19.57 21.25 20.68 19.45 21.48 22.44 22.58 20.50 23.25 23.55 23.67 22.97 
20.04 20.81 18.86 16.77 15.97 15.23 11.72 12.62 12.04 10.50 7.91 6.65 8.37 6.06 0.00 6.02 7.95 7.57 10.11 10.59 7.94 10.93 11.28 12.77 15.11 17.30 18.73 20.50 19.98 19.82 17.52 16.81 17.51 17.37 15.26 14.60 14.27 15.95 15.85 14.98 14.94 17.52 17.44 19.67 20.86 23.07 22.05 20.04 20.96 20.88 18.64 17.48 19.44 18.36 15.77 15.19 15.99 15.15 10.92 8.16 10.41 9.70 11.70 13.97 16.02 18.23 20.20 20.95 20.23 19.88 22.58 21.16 18.98 19.30 21.24 19.92 18.18 19.31 20.86 19.85 19.87 17.77 17.55 15.45 13.33 11.77 13.74 12.57 16.17 15.51 15.28 16.33 17.62 17.32 16.84 19.22 21.24 20.13 19.39 21.11 21.87 21.48 20.33 22.56 23.06 23.64 22.94 
19.63 20.18 19.19 17.01 15.93 16.64 13.24 14.52 12.33 12.72 10.81 8.32 6.62 8.26 6.02 0.00 6.08 8.79 8.09 10.91 8.93 9.57 9.88 14.27 15.80 17.75 19.16 21.53 20.03 20.42 17.49 16.73 16.81 16.61 14.13 13.79 13.50 14.88 14.13 13.66 14.44 16.11 16.11 18.83 20.18 22.33 20.88 19.13 19.81 20.05 16.93 16.62 18.00 17.61 14.70 15.17 14.99 14.46 11.91 10.24 11.59 10.37 12.98 14.74 16.84 18.30 20.32 21.06 20.10 19.83 21.90 20.71 18.67 18.83 20.45 18.92 17.43 18.75 20.03 18.78 18.69 17.34 17.43 14.87 13.38 12.83 14.58 13.02 16.77 16.46 16.17 16.55 17.77 16.86 16.32 18.80 20.27 19.63 18.49 20.64 21.19 21.17 19.62 22.75 22.73 22.92 22.48 
21.58 22.08 20.34 18.88 18.55 19.48 16.74 16.90 14.24 14.25 12.95 10.30 8.32 7.08 7.95 6.08 0.45 7.08 8.99 9.71 11.62 13.27 13.35 16.56 20.36 21.56 22.50 25.28 23.52 24.09 21.51 20.13 19.79 19.39 17.35 17.11 16.68 17.11 16.68 16.57 16.78 19.17 18.92 21.97 23.61 25.12 23.59 21.43 22.07 22.08 19.59 18.67 19.98 18.83 17.05 15.87 15.99 15.60 14.17 13.96 14.82 14.17 17.10 18.23 20.20 22.09 23.91 24.89 24.31 23.25 25.40 23.59 21.62 21.32 22.82 21.16 19.52 20.67 22.20 20.88 21.02 19.29 19.75 18.18 17.01 17.00 19.16 17.91 20.79 20.11 19.72 19.97 20.61 19.44 18.91 21.20 23.00 22.13 21.42 22.24 22.50 22.90 22.66 23.45 23.67 24.90 24.82 
22.59 23.19 21.59 19.41 19.50 20.55 17.90 18.99 15.97 15.73 14.05 12.94 11.80 8.96 7.57 8.79 7.08 0.00 6.27 8.38 9.02 11.84 13.93 16.42 19.43 23.02 23.56 25.89 24.10 24.81 21.70 21.24 20.67 20.13 17.02 16.86 15.90 16.45 16.04 15.82 15.86 18.58 19.19 21.60 23.15 25.35 24.14 21.87 22.27 22.59 19.89 18.90 19.81 19.11 15.71 15.41 13.93 14.16 11.36 12.53 13.72 15.08 16.44 18.41 20.00 22.21 23.84 24.94 23.70 22.90 24.78 23.12 20.86 20.66 22.47 20.92 19.62 20.75 22.14 20.97 20.67 18.56 18.79 17.58 16.77 16.77 18.75 17.99 20.38 20.42 20.30 20.79 21.78 20.62 19.99 21.90 23.90 23.15 22.12 23.32 23.59 23.43 22.43 24.52 24.62 24.46 24.43 
23.70 25.03 23.79 22.15 21.21 22.26 18.96 20.02 18.08 17.99 15.13 13.14 13.65 11.87 10.11 8.09 8.99 6.27 0.00 6.37 6.85 10.82 13.72 16.54 20.06 23.04 23.17 25.40 24.56 25.76 22.42 21.66 21.80 21.18 17.83 16.35 15.65 16.12 16.66 16.06 16.37 19.15 19.81 22.19 23.46 25.24 24.50 22.18 22.58 22.45 19.77 19.21 19.90 19.01 16.47 15.37 15.01 13.90 11.34 12.02 13.94 14.37 16.06 17.72 20.37 22.23 24.20 24.75 23.85 22.94 25.09 23.43 20.70 20.56 22.71 21.62 19.99 21.38 22.63 21.36 21.10 19.11 20.17 18.77 18.68 18.16 19.10 18.80 21.57 20.86 21.01 21.54 22.68 21.15 20.73 22.86 24.74 23.67 22.88 23.71 24.09 23.18 22.49 24.75 25.53 25.81 25.28 
23.19 23.97 22.86 21.48 20.46 21.29 18.28 19.59 17.15 18.62 15.61 13.16 13.06 12.25 10.59 10.91 9.71 8.38 6.37 0.00 5.43 8.12 10.89 14.89 17.68 20.80 21.87 24.94 23.20 24.46 21.31 20.98 20.80 20.41 17.11 16.50 14.08 14.69 13.92 14.02 15.09 16.89 17.10 20.53 21.64 24.01 22.46 20.53 20.94 20.91 17.92 17.53 18.08 17.19 13.48 14.50 13.36 13.09 10.02 10.48 12.54 13.41 14.26 16.72 18.44 20.99 22.00 23.52 22.23 21.63 23.78 22.39 19.85 19.49 21.32 19.95 18.67 20.54 21.29 19.71 19.47 18.25 19.44 17.59 16.86 17.15 18.17 17.64 20.33 20.25 19.56 20.28 21.25 20.10 19.72 21.92 23.35 22.41 21.52 22.63 23.02 22.50 21.30 23.62 24.72 24.18 23.83 
22.31 22.47 20.32 19.29 18.30 18.67 15.56 16.72 14.85 16.17 12.00 9.54 11.30 10.72 7.94 8.93 11.62 9.02 6.85 5.43 0.00 5.80 7.85 10.65 14.53 18.26 18.53 21.45 20.30 21.64 18.73 18.69 18.34 18.25 15.18 14.92 13.88 13.29 12.14 11.72 11.34 14.42 15.14 17.41 19.57 21.64 19.86 17.42 18.25 18.19 16.13 14.67 15.51 15.44 12.29 11.67 12.20 12.02 7.56 8.08 7.62 9.09 11.71 14.42 15.43 17.02 18.96 20.53 19.31 18.80 21.07 20.26 16.76 17.42 18.73 17.83 16.30 18.19 19.13 18.11 18.18 16.74 17.87 16.10 14.67 14.26 15.46 14.64 18.25 17.39 16.71 16.76 18.69 17.19 16.50 19.35 21.96 20.22 19.08 19.92 20.60 20.63 19.59 21.67 21.72 22.72 23.39 
21.46 21.64 20.33 18.97 16.81 17.47 15.43 16.27 14.20 15.61 13.41 10.33 11.93 12.61 10.93 9.57 13.27 11.84 10.82 8.12 5.80 0.00 6.08 6.96 10.85 14.73 15.62 18.10 17.46 19.53 15.81 16.84 17.07 16.78 13.66 13.73 11.13 11.78 11.43 8.83 8.17 11.58 12.54 14.44 16.27 19.16 17.66 15.03 16.51 16.82 13.86 12.49 13.43 13.10 8.78 8.83 10.46 10.73 7.42 7.46 6.46 7.58 9.43 11.71 13.08 15.73 17.23 18.89 16.70 16.37 18.29 16.62 13.72 15.00 16.73 15.36 14.42 17.06 17.87 16.73 16.88 16.22 17.45 15.39 13.59 14.01 14.61 13.64 16.17 16.26 16.03 15.67 17.61 16.08 15.11 17.80 20.46 18.80 17.72 18.92 19.90 19.47 17.67 20.66 21.31 21.68 21.95 
20.32 20.97 20.10 18.27 15.72 16.01 13.62 13.39 11.83 14.30 10.90 7.24 10.77 12.83 11.28 9.88 13.35 13.93 13.72 10.89 7.85 6.08 0.70 6.17 7.18 10.16 10.72 13.83 14.51 16.79 13.59 14.52 14.69 15.42 11.80 11.99 11.69 12.74 11.28 9.07 8.71 11.18 11.20 13.46 16.13 17.87 16.42 14.00 15.47 16.44 13.74 12.87 13.80 14.43 11.04 12.88 13.16 14.17 11.12 10.11 7.68 8.12 7.17 8.39 10.95 13.86 14.51 15.61 14.39 14.59 16.13 14.89 11.84 13.59 15.44 14.04 12.86 15.89 17.59 16.00 16.19 15.68 16.91 14.75 13.43 13.54 13.59 12.91 15.98 14.67 13.93 13.72 16.11 14.59 14.02 16.27 19.12 17.44 16.99 17.83 18.69 18.00 16.58 19.94 20.57 21.33 22.13 
20.03 20.65 19.73 17.94 15.58 15.84 13.69 13.80 11.94 13.78 12.38 9.84 12.30 14.47 12.77 14.27 16.56 16.42 16.54 14.89 10.65 6.96 6.17 2.20 5.50 7.05 8.39 11.71 12.90 13.53 12.22 13.91 13.60 15.11 12.96 13.71 12.78 14.60 12.70 10.64 10.51 10.33 10.44 12.21 13.69 14.82 13.81 12.62 14.72 15.27 12.67 12.86 14.66 14.44 11.10 14.06 14.36 16.00 12.59 12.13 9.24 9.04 7.19 8.71 9.86 12.57 12.14 14.78 12.77 12.94 14.69 13.61 11.62 12.12 14.50 13.12 12.51 15.62 17.33 15.76 16.05 16.03 17.41 15.13 13.74 13.92 14.13 13.27 15.39 14.85 13.17 13.52 15.48 14.45 13.58 16.23 18.38 17.34 16.18 17.34 17.97 18.21 15.99 19.82 20.31 21.40 21.71 
19.29 19.57 17.79 16.14 15.24 15.06 12.07 13.14 11.69 13.21 11.61 10.61 13.71 15.53 15.11 15.80 20.36 19.43 20.06 17.68 14.53 10.85 7.18 5.50 2.54 5.15 4.81 7.94 9.94 11.08 8.53 10.94 10.51 13.82 12.66 13.34 13.75 15.97 15.01 12.00 10.82 10.85 10.28 11.14 12.22 13.87 12.94 11.30 13.68 15.24 12.88 13.49 15.81 16.42 13.31 15.16 16.51 17.70 14.05 12.60 10.45 10.08 8.67 8.69 8.60 10.22 10.81 13.21 11.26 11.29 13.13 13.48 10.73 12.94 14.37 14.01 13.21 16.26 17.60 17.33 17.70 16.91 18.14 16.20 14.87 14.42 14.57 13.01 14.93 13.64 11.74 11.44 14.19 13.08 11.53 14.73 17.75 16.74 15.53 16.08 17.30 17.60 15.97 18.73 19.96 21.14 21.90 
20.16 20.62 19.70 17.59 16.43 16.17 13.84 14.03 12.71 15.09 13.83 12.59 16.20 18.27 17.30 17.75 21.56 23.02 23.04 20.80 18.26 14.73 10.16 7.05 5.15 2.04 5.13 6.71 8.77 11.63 9.30 11.49 11.09 13.66 12.04 14.09 13.87 17.28 15.59 13.12 11.56 11.41 10.15 9.17 10.60 13.66 12.88 11.01 14.32 16.24 14.12 14.67 17.97 18.83 15.90 17.63 19.02 20.13 16.23 15.90 13.67 12.76 9.95 10.55 9.00 9.10 9.03 11.78 7.39 9.51 12.31 11.66 8.24 12.04 15.03 13.63 13.11 17.16 18.79 17.83 18.55 18.13 19.75 17.89 16.32 15.95 16.37 14.18 15.69 14.25 12.82 12.21 14.69 13.52 12.79 15.62 18.34 17.04 15.75 17.78 18.77 18.98 17.17 20.78 21.76 21.88 22.02 
20.87 21.86 21.66 18.79 16.89 17.11 14.59 15.04 13.67 16.53 15.24 14.05 17.10 19.52 18.73 19.16 22.50 23.56 23.17 21.87 18.53 15.62 10.72 8.39 4.81 5.13 0.95 5.47 8.06 9.15 9.45 11.51 11.84 12.66 13.00 13.59 17.03 17.22 16.84 14.21 14.80 11.21 10.82 9.24 11.41 12.61 14.29 12.16 15.01 17.19 16.09 16.45 18.49 20.26 18.60 20.38 21.00 22.26 19.74 18.39 15.46 14.27 12.35 10.44 9.00 8.27 8.30 10.52 7.11 9.54 12.17 12.14 10.65 13.83 16.50 15.42 14.73 18.15 20.07 19.05 19.69 19.27 20.69 19.05 17.51 17.59 16.18 14.54 15.66 14.43 12.88 11.53 14.55 14.14 13.45 15.50 18.33 17.66 17.15 18.59 19.86 19.31 17.63 20.39 22.24 22.79 22.57 
22.18 22.76 22.42 19.72 18.61 19.05 16.69 17.77 16.96 19.25 18.07 17.82 19.85 21.51 20.50 21.53 25.28 25.89 25.40 24.94 21.45 18.10 13.83 11.71 7.94 6.71 5.47 1.77 6.62 7.63 7.33 10.40 10.66 13.06 13.11 14.25 17.01 18.63 17.79 14.68 14.87 9.03 10.76 9.82 10.14 11.33 14.28 14.28 16.66 18.06 17.56 19.10 21.38 22.37 20.46 22.63 22.79 24.23 22.54 21.09 17.60 17.18 14.67 13.26 11.45 9.60 8.88 10.38 7.16 9.66 12.04 12.53 12.62 14.64 17.20 17.93 17.53 20.20 21.61 21.48 22.01 21.51 22.48 20.93 19.63 19.17 18.28 16.97 17.48 15.43 14.28 14.88 16.83 15.97 15.05 18.06 20.86 20.23 18.67 20.74 21.89 21.78 19.40 22.76 24.35 23.93 22.94 
23.26 23.66 22.72 20.25 19.67 19.97 16.98 18.85 18.22 19.51 18.06 17.44 19.36 20.43 19.98 20.03 23.52 24.10 24.56 23.20 20.30 17.46 14.51 12.90 9.94 8.77 8.06 6.62 2.60 7.21 7.48 8.38 7.91 11.63 13.79 12.95 13.80 16.13 16.21 14.09 12.75 8.60 10.90 11.27 12.09 13.48 14.45 14.15 17.74 18.45 17.39 18.82 21.66 22.20 20.92 22.95 23.57 24.36 23.07 20.64 17.86 18.02 16.37 15.08 13.38 11.71 10.94 12.06 10.57 11.33 13.88 14.69 13.82 16.55 18.96 18.52 18.51 20.62 22.99 22.04 22.67 22.40 23.44 21.39 19.86 19.65 19.35 17.85 18.59 16.76 15.58 16.04 17.20 16.33 15.17 17.94 20.55 19.97 18.60 20.22 21.01 21.51 20.07 22.17 23.79 24.62 24.31 
23.71 24.20 23.54 21.05 20.22 20.93 18.59 20.17 18.92 20.77 18.84 18.57 19.92 20.97 19.82 20.42 24.09 24.81 25.76 24.46 21.64 19.53 16.79 13.53 11.08 11.63 9.15 7.63 7.21 3.27 7.18 8.88 8.04 9.85 11.08 13.42 13.84 16.51 16.95 14.04 14.15 12.71 12.96 13.79 14.41 17.62 17.45 16.31 19.13 20.55 19.19 20.37 22.99 23.74 21.85 23.58 24.10 25.15 23.25 21.47 18.87 18.12 15.90 16.64 14.13 13.24 12.24 13.79 9.47 12.63 14.38 15.84 14.83 17.56 19.58 19.49 19.30 22.48 23.98 23.36 23.92 23.41 24.87 22.59 20.98 20.57 20.60 19.18 19.53 18.11 17.24 16.29 17.06 16.56 15.74 17.29 19.76 19.91 18.36 20.76 22.02 22.22 20.48 23.64 24.61 24.23 23.50 
22.42 23.06 22.86 20.13 18.23 18.97 17.14 17.97 17.08 18.34 16.79 16.22 17.75 18.46 17.52 17.49 21.51 21.70 22.42 21.31 18.73 15.81 13.59 12.22 8.53 9.30 9.45 7.33 7.48 7.18 6.17 7.71 9.21 8.11 10.47 9.75 13.81 14.04 14.71 11.23 13.01 9.25 12.59 12.71 14.60 16.94 18.06 15.64 16.94 19.20 18.62 19.17 21.43 21.97 20.51 21.87 22.42 22.87 21.88 18.52 15.99 14.82 13.83 10.82 10.30 8.29 10.02 8.92 5.55 9.48 12.61 12.08 12.37 15.53 18.57 18.18 18.39 20.58 23.26 22.16 23.01 21.98 22.86 20.50 18.80 18.30 17.95 16.51 17.76 15.52 15.41 13.09 14.90 13.84 13.98 14.18 17.57 16.93 16.14 18.15 19.82 19.85 18.33 21.20 22.91 23.36 23.25 
21.75 22.20 22.05 19.55 17.54 18.30 16.69 18.36 16.91 18.27 16.53 15.89 17.44 18.66 16.81 16.73 20.13 21.24 21.66 20.98 18.69 16.84 14.52 13.91 10.94 11.49 11.51 10.40 8.38 8.88 7.71 4.05 6.79 8.78 7.01 5.53 9.23 11.34 10.38 7.05 8.71 5.36 10.48 12.48 12.90 15.24 16.54 15.44 17.74 18.57 18.14 18.64 21.10 21.79 19.96 20.95 20.80 22.29 20.27 17.85 15.98 15.07 13.11 10.53 12.25 11.96 10.95 12.77 11.14 11.47 13.70 14.05 14.07 16.38 18.94 19.13 18.82 20.82 22.84 21.90 22.51 21.75 22.81 20.53 18.69 18.18 17.82 16.70 17.12 15.52 14.43 14.32 14.91 14.13 12.96 14.84 17.20 16.74 15.11 17.84 19.56 19.51 17.08 21.48 23.11 22.90 22.31 
22.26 22.78 22.24 19.91 18.08 18.67 17.18 18.45 17.41 18.12 16.77 15.47 17.25 18.36 17.51 16.81 19.79 20.67 21.80 20.80 18.34 17.07 14.69 13.60 10.51 11.09 11.84 10.66 7.91 8.04 9.21 6.79 6.61 7.79 8.08 8.02 10.13 11.80 12.07 10.01 12.00 9.85 12.74 14.32 16.14 17.05 17.50 15.52 17.93 19.33 18.13 18.67 21.93 22.03 20.68 20.71 20.90 21.79 21.01 18.27 15.99 15.06 14.19 11.56 12.20 12.29 11.89 14.13 13.71 13.18 14.47 15.37 14.99 17.06 20.01 20.34 19.83 21.82 24.23 22.86 23.15 22.52 23.76 20.99 19.33 18.50 18.40 16.28 17.63 15.97 15.52 13.88 15.53 14.20 13.21 15.11 17.53 16.18 15.21 16.85 18.93 19.29 17.51 20.73 22.81 23.67 23.99 
22.75 23.01 22.37 20.14 18.58 19.09 17.40 19.16 17.91 19.01 17.49 16.54 17.99 18.96 17.37 16.61 19.39 20.13 21.18 20.41 18.25 16.78 15.42 15.11 13.82 13.66 12.66 13.06 11.63 9.85 8.11 8.78 7.79 6.48 6.69 7.91 8.91 11.29 11.76 10.11 12.67 13.94 14.67 16.65 17.35 19.69 19.16 17.74 19.97 21.02 19.96 20.10 23.22 23.43 21.69 21.49 21.61 22.78 20.84 18.40 16.28 15.32 13.64 13.33 12.43 12.30 12.43 14.85 12.72 14.21 15.79 16.02 15.73 17.66 20.84 21.05 20.58 22.90 24.97 23.85 23.94 23.06 23.80 21.29 19.69 18.63 18.43 16.26 17.20 15.42 15.52 12.65 14.25 13.73 13.23 12.47 16.87 15.79 14.53 17.51 20.56 20.34 18.52 22.66 24.27 24.16 24.15 
21.46 21.82 20.99 18.52 17.16 17.77 15.88 17.19 16.08 17.23 15.73 14.60 15.97 16.39 15.26 14.13 17.35 17.02 17.83 17.11 15.18 13.66 11.80 12.96 12.66 12.04 13.00 13.11 13.79 11.08 10.47 7.01 8.08 6.69 6.47 6.13 8.30 8.42 9.09 7.44 10.11 10.44 14.05 15.49 16.75 19.35 19.46 17.26 19.15 20.09 19.06 18.56 20.95 21.17 19.33 19.30 19.82 20.21 19.18 15.65 13.43 11.79 11.91 7.35 10.70 9.85 11.63 13.86 12.31 12.77 15.51 15.49 14.45 16.85 20.09 19.71 19.25 21.32 24.30 22.40 22.82 21.82 22.71 19.57 17.88 16.84 16.47 13.63 15.32 13.14 11.77 8.26 11.36 11.87 9.48 8.35 13.35 14.01 12.69 14.59 17.83 18.63 16.62 20.40 22.60 23.37 23.52 
20.91 20.83 20.47 18.41 16.66 17.34 15.67 17.44 16.62 18.15 16.19 14.28 15.83 16.88 14.60 13.79 17.11 16.86 16.35 16.50 14.92 13.73 11.99 13.71 13.34 14.09 13.59 14.25 12.95 13.42 9.75 5.53 8.02 7.91 6.13 4.18 6.94 7.79 8.18 7.76 10.11 9.52 13.20 15.64 17.26 19.38 19.51 17.14 18.67 19.43 18.15 18.07 20.42 20.61 18.70 19.45 19.41 20.93 18.71 15.06 12.54 11.74 9.48 4.63 10.20 12.60 13.02 15.42 16.02 15.46 17.14 17.02 16.60 16.99 20.53 19.85 19.16 20.85 23.62 21.60 21.90 21.49 22.51 19.18 17.46 16.95 17.08 14.22 16.10 14.46 13.44 11.59 13.66 12.86 11.49 12.48 15.44 15.41 14.53 16.95 19.23 19.29 16.80 21.05 22.97 22.51 22.85 
20.62 20.79 19.77 18.16 16.63 17.17 15.23 16.59 15.70 17.57 15.49 13.10 14.83 16.06 14.27 13.50 16.68 15.90 15.65 14.08 13.88 11.13 11.69 12.78 13.75 13.87 17.03 17.01 13.80 13.84 13.81 9.23 10.13 8.91 8.30 6.94 6.89 6.60 7.52 7.65 10.83 11.86 14.24 15.80 18.92 21.01 19.98 17.97 19.28 19.41 18.00 17.73 20.45 20.31 18.42 18.16 18.65 19.71 18.35 15.26 12.12 11.24 10.25 7.00 10.21 11.96 13.53 15.51 16.33 15.01 17.26 17.64 16.39 17.06 20.02 19.48 18.81 20.92 23.60 21.38 21.11 20.84 22.23 18.85 17.07 16.45 15.59 12.66 15.01 13.48 11.80 10.46 13.10 11.84 9.66 12.64 15.27 14.70 14.50 16.62 17.98 19.07 16.64 20.22 21.95 23.11 23.37 
22.31 21.76 20.75 19.13 18.97 19.18 17.17 19.09 18.64 19.74 18.09 16.48 17.34 18.18 15.95 14.88 17.11 16.45 16.12 14.69 13.29 11.78 12.74 14.60 15.97 17.28 17.22 18.63 16.13 16.51 14.04 11.34 11.80 11.29 8.42 7.79 6.60 6.45 7.41 6.80 10.34 13.73 14.83 16.89 19.01 21.52 20.84 19.04 20.14 20.83 18.57 18.88 21.30 21.04 18.60 18.08 18.99 20.54 19.27 16.37 13.71 12.91 12.84 12.25 12.81 15.19 15.81 18.02 17.56 17.34 19.75 19.99 17.75 18.64 21.16 20.98 20.82 22.61 24.73 22.82 23.07 22.10 23.33 19.99 18.96 18.43 18.20 15.92 17.52 16.02 14.81 13.56 15.29 14.29 12.63 14.90 18.34 18.30 16.64 19.47 21.19 21.87 19.16 22.82 24.33 23.99 24.18 
22.39 22.05 20.42 18.56 18.81 19.42 16.91 18.88 18.92 19.63 17.60 15.70 16.94 17.32 15.85 14.13 16.68 16.04 16.66 13.92 12.14 11.43 11.28 12.70 15.01 15.59 16.84 17.79 16.21 16.95 14.71 10.38 12.07 11.76 9.09 8.18 7.52 7.41 6.60 7.09 8.95 11.73 14.91 16.51 18.26 20.30 19.28 17.70 18.76 19.53 16.89 17.36 19.19 18.86 16.55 17.21 17.50 19.15 18.57 15.34 13.01 12.79 13.57 10.57 13.46 14.08 15.19 16.52 16.76 17.33 19.47 18.99 16.95 18.30 21.17 20.69 20.19 22.69 24.54 22.61 22.57 21.71 23.20 19.69 17.80 17.85 17.70 16.17 17.79 16.61 15.15 14.31 16.06 15.36 14.24 15.74 18.97 18.82 18.46 20.35 21.67 21.37 19.74 22.38 23.98 24.88 24.77 
20.96 20.43 19.55 17.35 16.97 17.65 15.57 17.25 16.60 18.35 16.10 13.73 15.67 16.74 14.98 13.66 16.57 15.82 16.06 14.02 11.72 8.83 9.07 10.64 12.00 13.12 14.21 14.68 14.09 14.04 11.23 7.05 10.01 10.11 7.44 7.76 7.65 6.80 7.09 4.37 6.75 7.73 10.13 13.47 14.97 17.02 16.44 14.61 16.69 17.52 15.12 15.42 17.63 16.88 15.23 16.32 16.36 17.91 16.26 13.16 11.19 11.84 11.13 8.03 11.05 12.83 12.81 14.65 14.69 14.27 16.70 16.42 14.17 15.36 18.29 17.79 17.90 19.50 21.96 19.56 19.77 18.94 20.59 17.74 15.88 15.92 15.74 14.06 16.05 15.05 13.75 13.42 15.16 13.96 12.66 15.91 18.22 17.60 16.64 19.53 20.92 21.12 18.58 22.16 23.41 23.29 23.44 
21.24 21.10 20.15 17.90 17.23 17.87 16.47 17.74 17.20 18.74 16.83 14.74 16.30 17.10 14.94 14.44 16.78 15.86 16.37 15.09 11.34 8.17 8.71 10.51 10.82 11.56 14.80 14.87 12.75 14.15 13.01 8.71 12.00 12.67 10.11 10.11 10.83 10.34 8.95 6.75 6.40 6.94 8.46 9.83 13.31 14.86 13.83 12.62 14.37 14.77 13.04 13.74 15.79 14.96 13.52 15.13 15.52 17.09 15.92 14.59 12.76 12.46 13.28 11.70 12.74 13.36 14.29 14.93 14.51 14.01 15.93 14.06 13.16 14.43 16.76 15.96 16.68 18.81 20.32 18.50 19.08 18.39 20.05 17.60 16.07 16.08 15.87 15.03 16.89 16.14 14.56 14.15 15.65 14.85 13.52 16.77 18.72 18.32 18.20 19.87 20.99 21.04 19.30 21.57 23.13 23.66 23.53 
22.47 21.90 20.95 18.69 18.96 19.05 17.13 18.95 18.62 19.65 17.99 16.75 18.80 19.37 17.52 16.11 19.17 18.58 19.15 16.89 14.42 11.58 11.18 10.33 10.85 11.41 11.21 9.03 8.60 12.71 9.25 5.36 9.85 13.94 10.44 9.52 11.86 13.73 11.73 7.73 6.94 5.17 6.68 6.55 9.60 12.28 12.05 11.16 13.59 15.04 12.30 14.42 17.05 16.48 14.90 16.37 17.26 18.59 17.25 16.44 13.98 14.28 14.21 14.13 12.97 14.50 14.72 14.70 13.25 12.73 15.35 14.29 11.75 13.46 15.93 15.60 16.20 18.02 20.30 18.54 19.36 18.42 20.26 18.39 16.79 16.72 16.56 16.12 17.62 16.55 15.13 15.55 16.92 16.49 15.45 18.79 20.72 20.55 19.58 22.03 23.23 23.59 21.05 23.94 25.06 24.71 24.55 
22.46 21.75 19.69 17.55 18.34 18.23 15.59 17.04 17.45 18.74 16.57 15.52 17.98 19.29 17.44 16.11 18.92 19.19 19.81 17.10 15.14 12.54 11.20 10.44 10.28 10.15 10.82 10.76 10.90 12.96 12.59 10.48 12.74 14.67 14.05 13.20 14.24 14.83 14.91 10.13 8.46 6.68 6.07 6.86 7.68 9.23 9.49 8.59 10.96 11.24 7.93 10.81 14.31 13.94 12.36 15.01 15.78 17.47 16.44 15.24 12.84 13.68 13.62 12.33 12.96 13.41 13.51 13.22 11.84 11.18 13.96 12.15 10.23 11.61 14.47 13.61 13.76 16.55 18.53 17.18 17.24 17.45 19.28 17.74 15.64 16.23 15.59 15.45 16.27 16.18 14.72 15.21 16.69 16.06 15.29 18.19 20.87 20.05 19.68 21.30 23.00 22.81 21.61 23.72 24.86 25.34 24.48 
23.23 22.56 20.99 18.76 19.21 19.73 17.11 18.91 19.26 20.48 18.48 17.26 20.08 21.15 19.67 18.83 21.97 21.60 22.19 20.53 17.41 14.44 13.46 12.21 11.14 9.17 9.24 9.82 11.27 13.79 12.71 12.48 14.32 16.65 15.49 15.64 15.80 16.89 16.51 13.47 9.83 6.55 6.86 4.97 6.49 8.42 8.14 8.38 10.58 12.10 9.91 12.06 15.54 16.19 14.50 17.11 17.79 19.31 17.89 16.31 14.70 14.99 15.18 14.46 13.39 14.50 14.83 14.80 12.29 11.36 13.79 12.42 9.28 11.86 14.53 12.98 14.41 16.61 18.55 16.80 18.49 17.90 19.62 18.26 16.34 16.44 16.36 15.63 17.26 16.93 16.08 16.72 18.56 17.68 16.87 19.73 22.11 21.89 20.67 23.12 24.67 24.53 21.99 24.71 26.33 25.43 24.72 
24.34 24.33 22.19 20.07 20.83 21.36 19.07 20.39 20.53 21.86 20.13 19.63 21.46 22.49 20.86 20.18 23.61 23.15 23.46 21.64 19.57 16.27 16.13 13.69 12.22 10.60 11.41 10.14 12.09 14.41 14.60 12.90 16.14 17.35 16.75 17.26 18.92 19.01 18.26 14.97 13.31 9.60 7.68 6.49 5.20 6.90 7.74 6.65 7.23 8.94 8.26 10.50 13.29 14.73 13.63 16.45 18.33 20.07 18.24 18.00 16.52 16.41 16.68 16.16 15.67 15.64 15.88 14.40 11.76 11.93 13.06 9.41 8.32 10.91 12.97 9.76 13.12 16.47 16.63 15.17 18.11 18.17 20.00 18.27 16.69 16.98 17.05 16.33 17.88 17.87 17.08 17.47 19.18 18.57 18.44 20.92 23.35 22.75 22.27 23.80 24.76 24.75 22.92 24.87 25.86 26.34 24.92 
25.73 25.70 23.63 21.44 23.03 23.47 20.64 22.24 22.50 23.77 22.01 21.60 23.38 24.66 23.07 22.33 25.12 25.35 25.24 24.01 21.64 19.16 17.87 14.82 13.87 13.66 12.61 11.33 13.48 17.62 16.94 15.24 17.05 19.69 19.35 19.38 21.01 21.52 20.30 17.02 14.86 12.28 9.23 8.42 6.90 5.23 7.19 7.77 7.82 9.36 9.07 11.92 14.99 15.17 15.07 17.68 19.56 21.06 19.60 19.44 18.11 18.60 18.13 18.24 18.08 18.88 19.25 17.58 15.56 15.10 16.34 13.27 11.41 12.73 14.85 13.38 15.05 17.35 18.92 17.56 20.02 19.68 21.54 20.41 18.56 18.77 19.13 18.48 20.43 20.04 19.83 19.55 21.31 20.77 20.59 22.79 25.13 24.64 23.59 25.95 27.36 27.41 24.99 27.18 28.45 27.61 26.26 
25.12 25.07 22.70 20.83 22.26 22.50 19.55 20.89 21.65 22.65 20.65 20.05 22.26 23.32 22.05 20.88 23.59 24.14 24.50 22.46 19.86 17.66 16.42 13.81 12.94 12.88 14.29 14.28 14.45 17.45 18.06 16.54 17.50 19.16 19.46 19.51 19.98 20.84 19.28 16.44 13.83 12.05 9.49 8.14 7.74 7.19 6.09 6.39 8.14 7.20 6.87 9.20 11.55 11.29 11.70 15.55 17.20 18.71 18.14 18.09 16.57 16.79 16.27 17.04 17.30 17.78 17.91 17.12 15.30 14.24 16.43 13.39 10.91 11.73 14.13 12.01 12.53 15.64 17.16 16.08 18.02 17.86 19.91 18.57 16.86 17.35 17.12 17.05 18.51 18.65 18.44 18.62 20.01 19.66 19.65 21.52 23.84 23.51 22.95 24.35 25.54 25.53 24.43 25.99 27.10 27.58 25.84 
24.00 23.64 21.69 19.83 20.81 20.71 18.07 20.14 20.54 21.34 19.19 18.58 20.85 21.86 20.04 19.13 21.43 21.87 22.18 20.53 17.42 15.03 14.00 12.62 11.30 11.01 12.16 14.28 14.15 16.31 15.64 15.44 15.52 17.74 17.26 17.14 17.97 19.04 17.70 14.61 12.62 11.16 8.59 8.38 6.65 7.77 6.39 2.74 6.12 8.20 5.80 7.84 10.18 11.06 10.62 13.98 15.45 17.43 15.73 15.79 14.65 15.12 14.58 14.73 14.85 15.73 15.77 15.03 12.80 12.51 13.64 10.46 7.38 9.74 11.38 8.05 9.15 12.62 14.59 12.26 14.97 15.13 17.44 16.23 14.03 14.43 15.15 14.83 16.71 16.29 16.26 17.22 19.22 18.25 18.06 20.46 22.67 22.04 21.04 23.36 24.77 24.78 22.51 25.45 27.04 26.35 24.99 
25.65 25.81 23.68 22.17 23.09 23.12 20.47 22.40 22.55 22.90 20.85 20.55 22.22 22.72 20.96 19.81 22.07 22.27 22.58 20.94 18.25 16.51 15.47 14.72 13.68 14.32 15.01 16.66 17.74 19.13 16.94 17.74 17.93 19.97 19.15 18.67 19.28 20.14 18.76 16.69 14.37 13.59 10.96 10.58 7.23 7.82 8.14 6.12 4.06 6.56 7.48 7.25 8.70 10.97 11.23 14.05 15.62 18.25 17.26 17.54 16.37 17.16 16.37 16.08 16.36 17.25 16.44 16.18 15.20 13.88 14.43 11.49 10.35 10.97 11.22 8.02 11.03 13.55 13.65 11.79 15.67 15.62 17.47 16.68 15.56 16.20 17.22 16.90 18.67 18.63 18.82 19.04 20.91 20.00 20.26 22.20 24.62 24.22 23.68 24.81 25.91 26.15 25.70 26.32 27.43 27.99 27.00 
26.46 26.73 24.61 22.88 24.41 24.50 21.56 23.31 23.48 23.92 21.47 21.19 22.52 23.39 20.88 20.05 22.08 22.59 22.45 20.91 18.19 16.82 16.44 15.27 15.24 16.24 17.19 18.06 18.45 20.55 19.20 18.57 19.33 21.02 20.09 19.43 19.41 20.83 19.53 17.52 14.77 15.04 11.24 12.10 8.94 9.36 7.20 8.20 6.56 3.20 6.30 8.60 8.04 8.79 10.13 13.89 15.26 17.42 16.54 17.36 15.77 17.36 17.34 17.27 17.91 19.30 19.92 18.99 17.48 16.85 17.74 15.27 13.32 13.41 14.07 11.27 12.47 14.12 15.36 13.89 16.49 15.54 17.42 17.64 16.76 16.85 17.97 18.19 20.24 19.95 19.97 20.11 21.83 21.55 21.32 23.37 25.46 25.43 24.15 26.10 27.26 27.83 26.21 27.95 28.89 28.81 27.71 
25.70 25.67 23.51 21.81 22.95 22.84 19.92 21.22 21.59 21.78 19.16 18.42 20.09 20.24 18.64 16.93 19.59 19.89 19.77 17.92 16.13 13.86 13.74 12.67 12.88 14.12 16.09 17.56 17.39 19.19 18.62 18.14 18.13 19.96 19.06 18.15 18.00 18.57 16.89 15.12 13.04 12.30 7.93 9.91 8.26 9.07 6.87 5.80 7.48 6.30 2.74 5.88 7.73 6.43 7.92 11.34 12.57 14.14 14.21 15.16 13.37 14.96 15.01 16.42 16.19 17.97 18.66 18.52 15.92 15.45 17.48 14.15 11.24 11.87 13.58 10.01 10.06 11.98 13.39 11.03 13.94 13.29 15.06 14.43 14.34 15.29 15.96 16.02 18.26 18.07 17.94 18.29 19.61 19.35 19.51 21.53 23.61 23.48 22.61 23.61 24.29 24.79 24.02 25.26 25.90 27.06 26.27 
25.23 24.95 22.90 20.99 22.27 22.29 19.60 21.06 21.35 21.46 18.97 18.12 19.12 19.63 17.48 16.62 18.67 18.90 19.21 17.53 14.67 12.49 12.87 12.86 13.49 14.67 16.45 19.10 18.82 20.37 19.17 18.64 18.67 20.10 18.56 18.07 17.73 18.88 17.36 15.42 13.74 14.42 10.81 12.06 10.50 11.92 9.20 7.84 7.25 8.60 5.88 1.93 6.78 7.72 7.07 10.11 12.02 13.55 13.32 14.06 13.06 14.92 14.83 15.87 16.48 18.64 18.93 18.53 16.55 16.27 17.01 14.09 10.69 11.73 12.75 9.26 8.51 11.00 11.86 9.68 12.72 12.45 15.07 14.24 13.87 14.77 16.29 16.50 18.97 18.80 17.80 18.67 20.16 19.47 19.31 21.94 23.88 23.25 22.08 24.12 25.25 25.32 23.50 26.11 26.96 26.81 26.13 
26.64 26.88 24.24 22.92 24.44 24.68 21.85 23.41 22.94 23.07 20.74 19.99 20.74 20.53 19.44 18.00 19.98 19.81 19.90 18.08 15.51 13.43 13.80 14.66 15.81 17.97 18.49 21.38 21.66 22.99 21.43 21.10 21.93 23.22 20.95 20.42 20.45 21.30 19.19 17.63 15.79 17.05 14.31 15.54 13.29 14.99 11.55 10.18 8.70 8.04 7.73 6.78 3.91 6.73 8.20 9.68 11.66 13.43 13.47 14.83 15.20 16.80 17.15 18.27 19.34 21.64 22.04 22.15 20.55 19.54 20.62 18.63 15.85 15.39 16.24 12.73 13.18 13.49 13.95 12.08 14.85 14.46 17.44 16.66 15.92 16.85 18.78 19.66 21.35 21.84 21.36 21.72 22.71 21.76 21.58 24.04 26.26 25.73 24.49 25.94 26.84 27.05 26.35 27.55 28.08 28.99 28.19 
26.43 26.50 24.49 22.73 24.49 24.58 21.98 23.11 22.62 23.11 20.93 19.85 20.18 20.24 18.36 17.61 18.83 19.11 19.01 17.19 15.44 13.10 14.43 14.44 16.42 18.83 20.26 22.37 22.20 23.74 21.97 21.79 22.03 23.43 21.17 20.61 20.31 21.04 18.86 16.88 14.96 16.48 13.94 16.19 14.73 15.17 11.29 11.06 10.97 8.79 6.43 7.72 6.73 3.20 6.23 9.18 9.21 11.74 11.93 13.66 13.51 15.89 16.49 18.12 19.89 22.35 23.42 23.12 21.06 20.49 22.08 20.07 16.76 16.32 17.84 15.22 13.34 14.25 14.74 12.05 14.26 13.43 16.30 16.90 16.22 16.65 18.54 19.69 22.01 21.76 21.33 21.63 22.83 22.17 21.88 24.13 26.44 25.84 24.68 26.47 27.66 27.75 26.20 28.47 29.24 28.92 27.90 
24.59 24.95 23.16 21.12 21.77 22.64 19.81 20.75 19.77 21.12 18.82 17.32 18.35 18.11 15.77 14.70 17.05 15.71 16.47 13.48 12.29 8.78 11.04 11.10 13.31 15.90 18.60 20.46 20.92 21.85 20.51 19.96 20.68 21.69 19.33 18.70 18.42 18.60 16.55 15.23 13.52 14.90 12.36 14.50 13.63 15.07 11.70 10.62 11.23 10.13 7.92 7.07 8.20 6.23 3.66 6.73 8.05 8.84 9.34 11.19 9.28 12.68 14.37 16.50 17.19 21.01 22.11 21.81 19.36 19.08 20.10 17.85 14.11 14.70 16.25 13.22 11.78 12.42 13.28 10.24 11.18 9.75 12.87 12.63 14.89 13.82 16.10 16.55 19.38 19.37 18.49 18.76 19.83 19.28 19.56 21.65 23.32 23.21 22.50 23.43 23.75 24.29 23.64 25.68 26.10 27.20 26.64 
24.41 24.41 22.81 20.79 21.48 22.12 19.66 21.18 20.47 21.62 19.15 17.91 18.25 17.93 15.19 15.17 15.87 15.41 15.37 14.50 11.67 8.83 12.88 14.06 15.16 17.63 20.38 22.63 22.95 23.58 21.87 20.95 20.71 21.49 19.30 19.45 18.16 18.08 17.21 16.32 15.13 16.37 15.01 17.11 16.45 17.68 15.55 13.98 14.05 13.89 11.34 10.11 9.68 9.18 6.73 2.64 5.67 6.68 7.89 10.09 10.02 13.17 14.86 17.39 17.79 22.28 23.82 23.82 21.72 21.79 22.84 20.98 17.36 17.34 18.59 16.48 14.22 15.34 14.82 11.44 12.28 8.49 12.35 12.77 14.53 14.26 16.90 17.60 20.77 20.80 19.99 20.58 21.21 20.66 20.71 23.28 24.57 23.88 23.08 24.95 25.64 25.72 24.41 26.65 28.12 27.54 26.51 
23.98 24.16 22.13 20.69 21.45 21.72 19.39 21.36 20.39 20.98 19.65 16.89 18.16 17.92 15.99 14.99 15.99 13.93 15.01 13.36 12.20 10.46 13.16 14.36 16.51 19.02 21.00 22.79 23.57 24.10 22.42 20.80 20.90 21.61 19.82 19.41 18.65 18.99 17.50 16.36 15.52 17.26 15.78 17.79 18.33 19.56 17.20 15.45 15.62 15.26 12.57 12.02 11.66 9.21 8.05 5.67 2.51 5.82 7.36 9.02 10.75 14.17 16.61 18.81 18.74 22.34 23.96 25.22 22.90 22.80 24.01 22.60 18.72 18.11 18.85 17.06 14.89 15.68 15.31 12.48 10.69 8.70 11.08 11.78 13.05 13.16 17.11 17.04 20.68 21.06 20.42 21.51 22.26 21.02 20.77 23.40 25.03 23.78 22.81 23.56 24.67 24.64 24.17 25.59 26.78 27.33 27.05 
24.49 24.25 22.80 20.79 21.54 22.01 19.63 21.23 20.59 21.89 19.23 16.66 17.41 17.59 15.15 14.46 15.60 14.16 13.90 13.09 12.02 10.73 14.17 16.00 17.70 20.13 22.26 24.23 24.36 25.15 22.87 22.29 21.79 22.78 20.21 20.93 19.71 20.54 19.15 17.91 17.09 18.59 17.47 19.31 20.07 21.06 18.71 17.43 18.25 17.42 14.14 13.55 13.43 11.74 8.84 6.68 5.82 0.00 6.49 8.30 9.73 12.82 15.53 18.24 19.48 22.54 24.48 24.94 23.30 22.78 24.75 23.37 20.21 18.51 19.71 18.75 15.28 17.15 16.43 13.62 12.56 9.74 11.56 10.74 12.53 13.97 16.06 16.41 20.17 21.09 20.24 21.70 22.83 21.86 21.06 23.93 25.41 24.66 22.97 24.79 25.69 25.59 24.04 26.46 27.95 27.14 26.52 
22.86 23.21 20.89 18.51 18.66 19.84 17.27 19.09 17.41 19.72 17.50 15.03 15.53 14.97 10.92 11.91 14.17 11.36 11.34 10.02 7.56 7.42 11.12 12.59 14.05 16.23 19.74 22.54 23.07 23.25 21.88 20.27 21.01 20.84 19.18 18.71 18.35 19.27 18.57 16.26 15.92 17.25 16.44 17.89 18.24 19.60 18.14 15.73 17.26 16.54 14.21 13.32 13.47 11.93 9.34 7.89 7.36 6.49 0.00 6.70 7.04 9.54 11.99 15.92 16.07 20.99 21.53 22.18 19.95 19.59 20.68 19.32 15.13 15.24 16.34 14.41 11.49 14.19 15.40 12.09 13.05 10.32 11.07 8.75 10.74 10.12 14.02 14.11 18.28 18.06 17.99 17.85 19.82 18.36 18.45 21.17 22.19 21.81 20.65 21.35 21.98 22.41 21.56 24.30 24.95 26.00 26.02 
21.53 20.89 18.97 16.72 16.84 17.49 14.77 16.47 15.72 16.34 13.76 12.90 13.58 11.91 8.16 10.24 13.96 12.53 12.02 10.48 8.08 7.46 10.11 12.13 12.60 15.90 18.39 21.09 20.64 21.47 18.52 17.85 18.27 18.40 15.65 15.06 15.26 16.37 15.34 13.16 14.59 16.44 15.24 16.31 18.00 19.44 18.09 15.79 17.54 17.36 15.16 14.06 14.83 13.66 11.19 10.09 9.02 8.30 6.70 0.00 5.66 7.88 10.15 12.35 13.40 17.37 17.79 20.44 18.61 18.06 19.10 17.66 14.90 13.41 15.36 13.61 10.45 13.81 13.78 10.93 12.10 9.70 10.00 7.08 7.39 6.25 9.97 12.08 15.32 15.26 14.96 15.53 17.79 16.28 16.23 19.89 21.40 20.14 18.73 20.25 21.28 21.49 19.85 23.03 24.37 24.32 24.26 
18.90 18.51 15.70 14.49 15.26 15.49 13.39 14.76 14.21 15.64 13.77 10.36 12.83 13.12 10.41 11.59 14.82 13.72 13.94 12.54 7.62 6.46 7.68 9.24 10.45 13.67 15.46 17.60 17.86 18.87 15.99 15.98 15.99 16.28 13.43 12.54 12.12 13.71 13.01 11.19 12.76 13.98 12.84 14.70 16.52 18.11 16.57 14.65 16.37 15.77 13.37 13.06 15.20 13.51 9.28 10.02 10.75 9.73 7.04 5.66 0.25 6.60 7.61 9.52 11.84 13.87 13.64 16.32 15.41 13.79 15.10 14.09 10.89 9.95 12.16 9.98 7.96 11.12 13.53 11.52 12.45 11.08 12.92 9.65 8.53 7.73 9.69 10.16 14.70 14.29 14.13 13.99 15.26 14.11 13.65 17.50 19.42 18.41 16.73 18.03 18.71 19.29 18.16 21.45 22.16 23.04 23.66 
19.34 18.58 16.35 14.38 15.15 15.01 11.96 12.63 12.14 14.53 10.44 7.09 11.09 13.12 9.70 10.37 14.17 15.08 14.37 13.41 9.09 7.58 8.12 9.04 10.08 12.76 14.27 17.18 18.02 18.12 14.82 15.07 15.06 15.32 11.79 11.74 11.24 12.91 12.79 11.84 12.46 14.28 13.68 14.99 16.41 18.60 16.79 15.12 17.16 17.36 14.96 14.92 16.80 15.89 12.68 13.17 14.17 12.82 9.54 7.88 6.60 1.00 6.17 7.40 10.39 12.80 12.89 14.84 13.59 12.52 14.68 14.45 11.84 10.82 13.44 12.65 8.77 13.63 15.87 14.67 14.79 14.18 14.19 11.37 8.73 9.81 8.48 7.02 11.52 13.27 11.08 12.43 12.83 12.97 12.75 16.24 18.28 17.83 16.37 18.11 19.06 19.61 17.31 21.16 22.31 22.71 22.79 
19.10 18.81 16.32 14.19 14.84 14.91 12.33 13.27 12.09 14.03 12.67 10.41 12.86 13.84 11.70 12.98 17.10 16.44 16.06 14.26 11.71 9.43 7.17 7.19 8.67 9.95 12.35 14.67 16.37 15.90 13.83 13.11 14.19 13.64 11.91 9.48 10.25 12.84 13.57 11.13 13.28 14.21 13.62 15.18 16.68 18.13 16.27 14.58 16.37 17.34 15.01 14.83 17.15 16.49 14.37 14.86 16.61 15.53 11.99 10.15 7.61 6.17 1.50 6.01 5.64 10.18 11.50 12.22 9.36 9.50 11.33 10.32 7.11 7.52 12.78 9.40 6.00 11.47 16.67 13.03 13.77 13.86 16.01 11.26 9.82 8.95 10.51 8.93 10.82 10.72 10.25 10.11 13.41 11.23 11.38 15.26 17.96 16.61 15.96 17.20 17.72 18.04 16.52 19.91 20.64 22.07 22.84 
