0.50 2.84 5.47 6.45 9.85 11.41 11.88 11.07 13.38 14.63 15.47 14.16 17.39 19.12 18.43 19.68 23.03 23.99 22.19 23.71 25.83 25.44 22.34 20.68 22.96 22.27 19.08 18.51 19.74 18.49 16.63 17.56 18.45 15.85 14.78 16.59 15.50 14.45 13.47 15.07 15.62 15.34 15.47 16.85 17.56 16.25 17.43 19.44 20.53 28.81 
2.84 1.07 4.04 5.64 8.27 10.60 11.19 11.03 12.60 13.23 15.03 14.77 16.91 18.31 19.11 19.60 22.55 23.47 23.21 24.34 25.73 25.14 23.53 21.35 22.61 21.56 19.79 18.30 18.80 17.27 15.90 16.16 16.40 13.65 13.42 15.22 14.98 13.92 13.96 15.13 15.77 14.79 14.90 16.03 17.38 17.54 17.33 19.39 20.90 31.17 
5.47 4.04 1.64 4.95 7.48 8.67 8.63 9.15 10.85 12.64 12.96 11.78 14.03 16.05 16.58 17.23 19.26 20.89 21.07 22.69 23.04 23.23 22.46 20.19 20.49 19.95 18.25 17.09 17.48 15.71 14.55 15.30 15.46 12.18 13.65 14.39 14.54 14.00 14.16 15.26 16.39 15.62 15.26 17.09 16.63 15.75 18.06 20.07 21.19 23.27 
6.45 5.64 4.95 0.73 4.40 6.41 6.39 6.35 7.77 10.05 9.67 7.28 10.97 13.48 13.37 13.30 17.45 18.55 17.91 19.27 21.30 21.26 19.49 17.19 19.11 18.10 15.21 14.65 15.97 13.52 12.23 12.64 12.29 9.28 10.34 10.63 11.30 10.33 10.76 12.31 14.05 10.34 12.68 13.94 15.24 14.08 15.92 17.98 18.57 22.71 
9.85 8.27 7.48 4.40 3.27 6.09 6.85 6.57 8.43 9.23 10.87 9.29 11.78 14.43 14.65 14.98 18.36 19.96 18.98 20.52 23.31 22.68 20.39 17.95 21.33 19.66 16.56 16.14 17.63 16.13 14.47 14.87 15.23 11.92 13.82 14.03 13.87 12.32 12.30 13.19 14.49 11.71 13.12 15.84 17.01 16.11 16.65 18.26 18.34 25.40 
11.41 10.60 8.67 6.41 6.09 2.43 6.62 7.56 6.85 6.91 9.72 11.35 11.39 12.21 14.65 16.45 18.31 19.88 20.36 22.35 23.38 22.68 22.25 19.84 22.11 19.96 18.64 18.40 18.90 16.93 15.77 16.47 16.75 14.42 14.92 16.22 15.23 15.11 13.83 15.76 16.62 14.17 14.50 17.52 17.95 18.79 17.68 20.10 20.63 26.12 
11.88 11.19 8.63 6.39 6.85 6.62 4.39 5.95 7.78 6.86 6.88 9.49 11.46 11.28 11.97 14.76 16.71 17.82 18.58 21.29 22.15 21.49 21.77 18.91 21.56 19.26 17.86 17.71 19.25 16.00 15.13 16.69 16.83 13.02 16.11 16.34 16.36 14.83 14.59 15.55 16.74 14.89 14.54 16.61 17.82 17.12 16.89 18.81 20.24 23.12 
11.07 11.03 9.15 6.35 6.57 7.56 5.95 2.28 5.42 7.44 5.82 5.74 9.45 11.06 10.33 11.81 15.82 16.89 15.79 17.98 19.89 19.61 18.04 14.86 18.55 16.68 13.84 14.48 16.09 11.99 10.80 13.38 11.42 7.93 11.90 14.02 13.24 11.41 11.37 13.05 14.39 7.39 11.26 14.40 14.74 15.78 15.57 16.78 17.81 21.17 
13.38 12.60 10.85 7.77 8.43 6.85 7.78 5.42 4.15 5.84 7.35 4.72 6.36 9.05 10.47 10.55 13.08 15.98 16.04 17.81 19.58 19.57 18.83 15.83 19.17 17.01 14.96 15.16 17.21 14.28 13.27 14.30 15.66 12.05 14.67 15.07 14.21 10.73 10.45 12.63 9.79 2.51 7.02 13.65 13.64 13.91 15.19 18.11 20.40 22.29 
14.63 13.23 12.64 10.05 9.23 6.91 6.86 7.44 5.84 3.41 6.36 7.30 5.59 6.44 9.57 11.65 12.42 13.94 16.61 18.55 19.23 19.73 20.14 17.37 19.19 18.14 16.20 15.89 17.51 14.76 12.97 14.75 16.98 16.23 16.69 17.46 17.01 15.20 14.70 14.88 15.49 11.11 11.74 16.37 18.01 18.01 18.19 20.33 22.42 23.51 
15.47 15.03 12.96 9.67 10.87 9.72 6.88 5.82 7.35 6.36 3.63 5.30 7.55 5.95 5.99 9.34 11.92 11.99 12.83 16.82 17.34 18.19 18.19 15.57 17.75 15.24 12.67 13.43 15.01 10.54 8.27 12.08 14.77 12.73 15.11 15.63 15.33 13.26 12.73 14.07 14.93 11.99 12.36 15.85 16.25 16.94 17.36 19.72 21.35 23.17 
14.16 14.77 11.78 7.28 9.29 11.35 9.49 5.74 4.72 7.30 5.30 1.81 5.11 7.47 5.19 5.99 9.65 11.99 10.71 13.12 14.68 16.31 15.06 12.53 15.35 14.86 11.87 12.11 14.48 10.74 8.68 11.76 13.30 11.29 12.80 14.77 14.31 11.19 8.80 11.90 11.57 6.33 8.20 13.50 13.50 13.90 14.36 18.89 20.20 21.59 
17.39 16.91 14.03 10.97 11.78 11.39 11.46 9.45 6.36 5.59 7.55 5.11 4.13 6.14 7.84 6.18 7.73 10.82 12.19 14.58 15.05 16.62 16.32 14.66 16.88 14.46 14.16 13.54 15.38 12.48 12.52 13.72 16.57 14.72 17.07 17.36 17.35 14.89 13.22 13.84 15.83 10.10 10.03 14.58 16.27 14.99 14.87 18.60 21.42 21.37 
19.12 18.31 16.05 13.48 14.43 12.21 11.28 11.06 9.05 6.44 5.95 7.47 6.14 3.11 5.96 7.90 6.75 7.27 10.06 13.59 14.80 15.26 16.38 15.16 17.63 14.29 13.34 13.40 15.07 10.12 11.52 14.36 16.90 16.18 18.88 18.70 17.82 16.82 15.94 16.04 17.22 15.27 15.27 16.82 18.37 17.16 16.50 19.41 22.30 21.80 
18.43 19.11 16.58 13.37 14.65 14.65 11.97 10.33 10.47 9.57 5.99 5.19 7.84 5.96 2.57 5.77 8.06 6.18 6.59 10.39 11.06 12.43 12.20 11.82 14.36 10.33 7.91 9.73 12.38 5.94 6.27 11.69 15.27 13.19 16.24 17.34 16.25 13.53 13.39 14.68 15.27 12.90 12.91 15.85 16.30 15.15 13.90 18.56 19.96 20.04 
19.68 19.60 17.23 13.30 14.98 16.45 14.76 11.81 10.55 11.65 9.34 5.99 6.18 7.90 5.77 2.61 6.46 7.46 6.13 7.47 7.89 10.48 11.22 10.04 12.84 12.27 11.03 11.44 14.01 11.51 10.68 14.29 17.10 15.85 17.52 18.09 16.78 13.42 12.20 13.52 14.26 11.68 11.46 15.46 17.10 15.11 15.34 18.54 21.36 20.53 
23.03 22.55 19.26 17.45 18.36 18.31 16.71 15.82 13.08 12.42 11.92 9.65 7.73 6.75 8.06 6.46 5.93 7.26 8.21 9.22 10.25 11.70 12.73 13.04 14.34 13.61 13.81 13.94 15.71 13.23 14.92 16.67 19.72 18.96 20.94 20.71 19.84 17.66 16.64 16.80 18.53 16.31 15.42 17.56 19.28 18.65 17.72 21.32 24.70 24.18 
23.99 23.47 20.89 18.55 19.96 19.88 17.82 16.89 15.98 13.94 11.99 11.99 10.82 7.27 6.18 7.46 7.26 4.07 6.18 8.30 9.53 10.05 11.58 12.36 14.91 11.31 12.62 14.51 15.07 11.18 14.76 18.05 19.84 19.23 21.86 21.37 20.87 18.93 18.19 18.12 18.56 17.89 17.54 18.92 20.74 19.99 19.18 21.52 24.62 23.90 
22.19 23.21 21.07 17.91 18.98 20.36 18.58 15.79 16.04 16.61 12.83 10.71 12.19 10.06 6.59 6.13 8.21 6.18 3.92 6.05 7.62 6.81 7.72 9.12 11.02 7.77 9.71 12.72 13.94 10.44 13.75 17.01 19.49 18.50 21.38 20.83 19.27 17.54 16.95 15.87 17.81 16.63 15.54 17.64 18.93 18.42 17.88 20.88 23.05 22.89 
23.71 24.34 22.69 19.27 20.52 22.35 21.29 17.98 17.81 18.55 16.82 13.12 14.58 13.59 10.39 7.47 9.22 8.30 6.05 4.82 6.80 6.62 6.88 9.20 12.31 11.44 12.06 14.39 17.04 15.61 17.31 19.62 21.81 20.66 22.53 21.35 20.67 18.42 16.56 16.62 17.64 17.14 15.86 18.63 20.25 18.82 18.22 20.65 23.26 22.28 
25.83 25.73 23.04 21.30 23.31 23.38 22.15 19.89 19.58 19.23 17.34 14.68 15.05 14.80 11.06 7.89 10.25 9.53 7.62 6.80 5.11 6.06 7.75 9.08 11.70 11.45 11.51 15.01 17.09 16.26 17.16 19.55 22.58 21.73 22.43 21.14 20.61 18.35 17.50 16.12 18.95 18.18 17.03 17.58 19.89 19.35 18.66 20.31 23.20 22.91 
25.44 25.14 23.23 21.26 22.68 22.68 21.49 19.61 19.57 19.73 18.19 16.31 16.62 15.26 12.43 10.48 11.70 10.05 6.81 6.62 6.06 4.57 6.69 8.32 10.33 9.45 11.63 13.79 15.26 14.23 16.07 18.11 20.84 20.36 21.30 19.50 18.51 17.99 15.87 15.72 17.21 17.65 16.61 17.86 19.77 18.94 18.87 20.89 23.19 22.38 
22.34 23.53 22.46 19.49 20.39 22.25 21.77 18.04 18.83 20.14 18.19 15.06 16.32 16.38 12.20 11.22 12.73 11.58 7.72 6.88 7.75 6.69 3.86 6.50 9.41 7.69 9.13 11.94 14.32 13.32 15.14 16.95 18.89 17.89 18.55 17.45 16.59 15.82 13.76 14.25 16.37 15.92 15.18 16.60 17.67 17.36 17.08 19.82 21.05 20.85 
20.68 21.35 20.19 17.19 17.95 19.84 18.91 14.86 15.83 17.37 15.57 12.53 14.66 15.16 11.82 10.04 13.04 12.36 9.12 9.20 9.08 8.32 6.50 2.69 7.50 8.14 6.24 8.52 12.10 11.40 11.39 13.56 16.58 14.65 14.95 13.79 14.07 11.69 9.68 12.48 14.05 12.52 12.19 15.02 15.96 14.85 15.74 18.78 19.57 20.02 
22.96 22.61 20.49 19.11 21.33 22.11 21.56 18.55 19.17 19.19 17.75 15.35 16.88 17.63 14.36 12.84 14.34 14.91 11.02 12.31 11.70 10.33 9.41 7.50 5.08 7.64 8.87 8.22 11.41 12.52 13.73 13.77 17.29 16.90 16.31 14.52 16.13 15.51 13.85 14.65 17.01 16.71 15.71 16.56 17.78 18.10 18.00 20.44 22.08 22.58 
22.27 21.56 19.95 18.10 19.66 19.96 19.26 16.68 17.01 18.14 15.24 14.86 14.46 14.29 10.33 12.27 13.61 11.31 7.77 11.44 11.45 9.45 7.69 8.14 7.64 4.49 6.86 8.21 8.17 8.35 11.07 13.01 14.83 15.14 16.04 15.39 15.44 14.68 13.80 15.64 16.19 16.16 16.29 17.29 18.70 17.96 18.18 20.61 21.76 22.09 
19.08 19.79 18.25 15.21 16.56 18.64 17.86 13.84 14.96 16.20 12.67 11.87 14.16 13.34 7.91 11.03 13.81 12.62 9.71 12.06 11.51 11.63 9.13 6.24 8.87 6.86 4.28 6.05 9.72 7.49 7.93 10.35 12.37 11.63 12.09 14.27 14.01 11.17 9.20 13.72 14.95 13.77 13.98 16.42 16.54 15.99 16.87 18.66 19.64 19.84 
18.51 18.30 17.09 14.65 16.14 18.40 17.71 14.48 15.16 15.89 13.43 12.11 13.54 13.40 9.73 11.44 13.94 14.51 12.72 14.39 15.01 13.79 11.94 8.52 8.22 8.21 6.05 2.73 7.69 7.55 5.66 6.65 11.42 10.24 9.79 11.33 14.34 11.23 8.41 13.09 15.09 14.29 14.60 16.54 17.25 17.18 17.83 20.47 20.89 20.90 
19.74 18.80 17.48 15.97 17.63 18.90 19.25 16.09 17.21 17.51 15.01 14.48 15.38 15.07 12.38 14.01 15.71 15.07 13.94 17.04 17.09 15.26 14.32 12.10 11.41 8.17 9.72 7.69 6.35 7.69 8.84 8.71 12.42 13.41 13.87 15.09 16.50 15.61 14.63 16.76 18.65 18.67 18.89 19.21 19.63 20.03 20.90 21.91 24.36 23.20 
18.49 17.27 15.71 13.52 16.13 16.93 16.00 11.99 14.28 14.76 10.54 10.74 12.48 10.12 5.94 11.51 13.23 11.18 10.44 15.61 16.26 14.23 13.32 11.40 12.52 8.35 7.49 7.55 7.69 1.90 5.87 7.82 9.57 10.37 12.34 13.59 15.08 13.73 12.93 16.16 16.73 17.15 18.06 18.73 19.35 19.40 20.08 22.50 23.00 22.09 
16.63 15.90 14.55 12.23 14.47 15.77 15.13 10.80 13.27 12.97 8.27 8.68 12.52 11.52 6.27 10.68 14.92 14.76 13.75 17.31 17.16 16.07 15.14 11.39 13.73 11.07 7.93 5.66 8.84 5.87 1.97 5.52 7.34 7.13 8.91 11.41 11.94 10.02 9.57 14.14 15.72 15.13 15.53 17.76 17.43 17.54 19.03 20.62 21.48 22.00 
17.56 16.16 15.30 12.64 14.87 16.47 16.69 13.38 14.30 14.75 12.08 11.76 13.72 14.36 11.69 14.29 16.67 18.05 17.01 19.62 19.55 18.11 16.95 13.56 13.77 13.01 10.35 6.65 8.71 7.82 5.52 1.33 6.81 8.13 9.27 11.60 13.17 12.78 11.89 15.94 16.86 17.58 18.24 19.44 19.12 18.67 19.84 21.86 23.80 22.54 
18.45 16.40 15.46 12.29 15.23 16.75 16.83 11.42 15.66 16.98 14.77 13.30 16.57 16.90 15.27 17.10 19.72 19.84 19.49 21.81 22.58 20.84 18.89 16.58 17.29 14.83 12.37 11.42 12.42 9.57 7.34 6.81 4.60 6.96 8.26 10.67 12.32 12.80 13.08 14.77 16.73 17.95 18.27 18.52 18.76 19.59 20.73 22.18 24.65 25.08 
15.85 13.65 12.18 9.28 11.92 14.42 13.02 7.93 12.05 16.23 12.73 11.29 14.72 16.18 13.19 15.85 18.96 19.23 18.50 20.66 21.73 20.36 17.89 14.65 16.90 15.14 11.63 10.24 13.41 10.37 7.13 8.13 6.96 1.74 6.28 8.24 9.23 8.16 9.30 12.54 13.25 14.10 15.04 16.76 17.03 17.09 18.01 19.44 22.49 20.99 
14.78 13.42 13.65 10.34 13.82 14.92 16.11 11.90 14.67 16.69 15.11 12.80 17.07 18.88 16.24 17.52 20.94 21.86 21.38 22.53 22.43 21.30 18.55 14.95 16.31 16.04 12.09 9.79 13.87 12.34 8.91 9.27 8.26 6.28 3.11 6.12 7.13 6.75 8.19 11.23 12.19 13.01 13.57 16.31 15.53 16.02 16.13 19.34 21.00 22.21 
16.59 15.22 14.39 10.63 14.03 16.22 16.34 14.02 15.07 17.46 15.63 14.77 17.36 18.70 17.34 18.09 20.71 21.37 20.83 21.35 21.14 19.50 17.45 13.79 14.52 15.39 14.27 11.33 15.09 13.59 11.41 11.60 10.67 8.24 6.12 2.19 5.97 7.62 7.01 9.36 9.68 12.95 13.26 14.49 13.25 15.45 16.54 17.97 21.87 21.22 
15.50 14.98 14.54 11.30 13.87 15.23 16.36 13.24 14.21 17.01 15.33 14.31 17.35 17.82 16.25 16.78 19.84 20.87 19.27 20.67 20.61 18.51 16.59 14.07 16.13 15.44 14.01 14.34 16.50 15.08 11.94 13.17 12.32 9.23 7.13 5.97 2.73 6.16 7.12 6.32 7.64 10.17 11.23 10.06 10.31 12.85 15.14 16.59 19.47 21.75 
14.45 13.92 14.00 10.33 12.32 15.11 14.83 11.41 10.73 15.20 13.26 11.19 14.89 16.82 13.53 13.42 17.66 18.93 17.54 18.42 18.35 17.99 15.82 11.69 15.51 14.68 11.17 11.23 15.61 13.73 10.02 12.78 12.80 8.16 6.75 7.62 6.16 0.03 5.67 7.16 6.64 7.68 9.12 11.68 11.12 12.98 13.19 15.60 18.64 18.92 
13.47 13.96 14.16 10.76 12.30 13.83 14.59 11.37 10.45 14.70 12.73 8.80 13.22 15.94 13.39 12.20 16.64 18.19 16.95 16.56 17.50 15.87 13.76 9.68 13.85 13.80 9.20 8.41 14.63 12.93 9.57 11.89 13.08 9.30 8.19 7.01 7.12 5.67 1.78 5.79 7.50 7.24 9.40 9.39 10.30 12.23 13.41 14.58 16.83 18.58 
15.07 15.13 15.26 12.31 13.19 15.76 15.55 13.05 12.63 14.88 14.07 11.90 13.84 16.04 14.68 13.52 16.80 18.12 15.87 16.62 16.12 15.72 14.25 12.48 14.65 15.64 13.72 13.09 16.76 16.16 14.14 15.94 14.77 12.54 11.23 9.36 6.32 7.16 5.79 1.84 5.87 8.92 7.54 8.94 8.62 12.87 12.77 14.22 16.31 17.97 
15.62 15.77 16.39 14.05 14.49 16.62 16.74 14.39 9.79 15.49 14.93 11.57 15.83 17.22 15.27 14.26 18.53 18.56 17.81 17.64 18.95 17.21 16.37 14.05 17.01 16.19 14.95 15.09 18.65 16.73 15.72 16.86 16.73 13.25 12.19 9.68 7.64 6.64 7.50 5.87 4.24 6.96 8.61 7.37 8.98 10.14 13.89 12.63 14.95 17.76 
15.34 14.79 15.62 10.34 11.71 14.17 14.89 7.39 2.51 11.11 11.99 6.33 10.10 15.27 12.90 11.68 16.31 17.89 16.63 17.14 18.18 17.65 15.92 12.52 16.71 16.16 13.77 14.29 18.67 17.15 15.13 17.58 17.95 14.10 13.01 12.95 10.17 7.68 7.24 8.92 6.96 1.48 6.72 8.91 8.74 9.76 11.12 12.96 14.43 16.27 
15.47 14.90 15.26 12.68 13.12 14.50 14.54 11.26 7.02 11.74 12.36 8.20 10.03 15.27 12.91 11.46 15.42 17.54 15.54 15.86 17.03 16.61 15.18 12.19 15.71 16.29 13.98 14.60 18.89 18.06 15.53 18.24 18.27 15.04 13.57 13.26 11.23 9.12 9.40 7.54 8.61 6.72 2.46 6.25 8.79 7.18 10.11 8.35 13.01 15.96 
16.85 16.03 17.09 13.94 15.84 17.52 16.61 14.40 13.65 16.37 15.85 13.50 14.58 16.82 15.85 15.46 17.56 18.92 17.64 18.63 17.58 17.86 16.60 15.02 16.56 17.29 16.42 16.54 19.21 18.73 17.76 19.44 18.52 16.76 16.31 14.49 10.06 11.68 9.39 8.94 7.37 8.91 6.25 0.00 7.26 8.38 8.32 8.91 12.06 16.95 
17.56 17.38 16.63 15.24 17.01 17.95 17.82 14.74 13.64 18.01 16.25 13.50 16.27 18.37 16.30 17.10 19.28 20.74 18.93 20.25 19.89 19.77 17.67 15.96 17.78 18.70 16.54 17.25 19.63 19.35 17.43 19.12 18.76 17.03 15.53 13.25 10.31 11.12 10.30 8.62 8.98 8.74 8.79 7.26 2.01 4.67 6.26 7.67 11.48 13.46 
16.25 17.54 15.75 14.08 16.11 18.79 17.12 15.78 13.91 18.01 16.94 13.90 14.99 17.16 15.15 15.11 18.65 19.99 18.42 18.82 19.35 18.94 17.36 14.85 18.10 17.96 15.99 17.18 20.03 19.40 17.54 18.67 19.59 17.09 16.02 15.45 12.85 12.98 12.23 12.87 10.14 9.76 7.18 8.38 4.67 0.00 3.27 4.10 5.65 9.65 
17.43 17.33 18.06 15.92 16.65 17.68 16.89 15.57 15.19 18.19 17.36 14.36 14.87 16.50 13.90 15.34 17.72 19.18 17.88 18.22 18.66 18.87 17.08 15.74 18.00 18.18 16.87 17.83 20.90 20.08 19.03 19.84 20.73 18.01 16.13 16.54 15.14 13.19 13.41 12.77 13.89 11.12 10.11 8.32 6.26 3.27 0.00 0.00 2.39 8.09 
19.44 19.39 20.07 17.98 18.26 20.10 18.81 16.78 18.11 20.33 19.72 18.89 18.60 19.41 18.56 18.54 21.32 21.52 20.88 20.65 20.31 20.89 19.82 18.78 20.44 20.61 18.66 20.47 21.91 22.50 20.62 21.86 22.18 19.44 19.34 17.97 16.59 15.60 14.58 14.22 12.63 12.96 8.35 8.91 7.67 4.10 0.00 0.00 0.00 1.76 
20.53 20.90 21.19 18.57 18.34 20.63 20.24 17.81 20.40 22.42 21.35 20.20 21.42 22.30 19.96 21.36 24.70 24.62 23.05 23.26 23.20 23.19 21.05 19.57 22.08 21.76 19.64 20.89 24.36 23.00 21.48 23.80 24.65 22.49 21.00 21.87 19.47 18.64 16.83 16.31 14.95 14.43 13.01 12.06 11.48 5.65 2.39 0.00 0.00 2.42 
28.81 31.17 23.27 22.71 25.40 26.12 23.12 21.17 22.29 23.51 23.17 21.59 21.37 21.80 20.04 20.53 24.18 23.90 22.89 22.28 22.91 22.38 20.85 20.02 22.58 22.09 19.84 20.90 23.20 22.09 22.00 22.54 25.08 20.99 22.21 21.22 21.75 18.92 18.58 17.97 17.76 16.27 15.96 16.95 13.46 9.65 8.09 1.76 2.42 2.07 
