0.43 6.03 7.64 12.78 12.76 14.25 17.42 19.03 18.36 19.41 19.31 18.80 16.10 18.85 19.41 21.39 23.91 26.92 28.09 30.22 31.15 30.55 30.11 31.54 30.97 27.87 29.04 30.17 28.78 26.35 28.77 29.73 27.54 27.28 28.48 28.69 26.51 26.10 24.58 24.55 24.00 24.00 23.99 24.40 24.58 23.81 21.51 21.50 22.09 20.83 19.84 20.61 21.63 21.39 22.15 24.35 26.13 27.20 28.65 30.23 31.36 31.51 32.35 32.81 32.95 32.14 31.38 30.41 28.14 26.78 25.07 23.73 22.95 22.69 23.13 23.99 24.91 26.62 27.59 27.99 28.59 27.78 27.55 26.44 26.54 25.95 27.07 27.67 28.42 28.59 29.61 29.33 29.50 29.40 30.63 30.17 29.43 30.66 32.03 31.93 30.87 31.45 31.99 32.03 31.78 31.61 30.78 29.77 28.16 28.29 28.95 28.54 29.32 30.33 31.89 31.87 31.43 31.56 32.21 31.01 28.92 29.69 31.54 31.36 29.83 28.63 29.33 28.46 25.71 22.13 20.89 19.56 18.26 17.08 17.22 19.62 22.12 21.31 
6.03 0.00 1.77 6.59 8.86 11.55 12.77 14.36 13.64 15.73 15.96 13.67 10.70 14.58 17.22 18.09 20.40 23.77 25.55 27.44 27.80 27.44 26.98 29.28 28.65 24.46 25.90 27.80 25.82 22.82 26.40 27.32 24.53 23.91 26.44 25.97 23.54 23.11 22.02 21.48 20.68 20.35 20.97 21.31 21.49 20.57 18.53 18.78 19.68 17.96 16.99 18.49 19.54 18.53 19.85 22.27 24.32 24.83 26.53 28.00 29.34 29.23 30.03 30.70 31.12 29.88 28.94 28.10 25.75 23.92 22.07 21.10 20.11 19.68 19.98 21.18 22.30 23.78 25.28 25.35 26.84 25.26 25.07 23.54 24.58 23.13 24.29 24.57 26.26 25.50 27.06 26.61 27.29 26.43 28.13 27.55 26.99 27.98 29.30 29.72 28.80 29.20 29.50 29.45 29.63 29.40 28.26 27.01 25.49 25.73 26.69 26.34 27.56 28.32 30.06 30.13 29.64 29.17 29.95 29.27 27.06 27.77 29.38 29.29 28.02 26.16 27.69 26.04 23.47 18.73 18.67 16.78 14.96 14.10 15.31 16.21 19.46 19.94 
7.64 1.77 1.43 5.54 7.16 8.87 12.60 13.54 13.24 15.15 15.61 14.38 12.40 16.11 18.31 19.96 20.83 24.49 25.56 26.68 27.21 26.78 26.35 28.23 28.16 24.65 25.79 26.60 26.23 23.49 26.72 27.20 24.60 24.30 26.29 25.72 22.89 22.49 21.21 20.50 18.97 18.57 19.41 19.27 19.11 18.79 17.75 17.55 18.20 16.67 16.45 17.54 18.27 17.74 19.34 21.96 23.47 24.47 26.14 27.42 28.66 28.27 28.96 29.62 30.36 28.98 28.00 27.36 24.72 22.98 21.40 20.40 19.77 19.12 19.75 20.48 21.94 23.14 24.70 24.73 26.44 24.72 24.19 22.77 24.06 22.53 23.37 23.86 25.51 24.68 26.07 25.90 26.90 25.52 27.07 26.71 26.32 26.87 28.13 28.06 27.82 27.83 28.07 28.00 29.05 28.46 27.39 26.24 25.25 25.20 25.86 25.79 27.34 27.81 29.52 29.57 29.74 28.69 29.31 28.45 27.03 26.99 28.01 27.88 27.08 25.47 26.64 25.58 23.16 19.74 18.32 17.17 15.54 15.35 16.99 16.81 19.31 20.97 
12.78 6.59 5.54 0.88 6.60 9.07 11.28 11.64 12.93 15.73 16.54 16.39 15.61 17.18 19.95 21.38 23.31 25.90 27.09 28.21 28.57 28.42 28.00 29.85 30.01 27.09 27.60 28.44 28.13 25.89 28.17 28.29 26.81 25.64 27.68 26.74 24.58 23.82 22.51 21.68 20.29 19.89 19.94 19.77 19.74 19.78 17.96 17.71 18.86 17.39 16.77 17.61 19.13 18.21 19.71 22.23 24.17 25.05 26.98 28.57 29.88 29.87 30.54 31.36 31.87 30.68 29.68 29.31 26.70 25.22 23.29 22.51 21.47 21.21 21.30 21.78 23.31 24.66 25.72 25.90 27.42 25.79 25.06 24.00 24.86 23.75 24.45 25.43 27.04 26.28 27.38 27.57 28.25 27.18 28.17 28.21 27.93 28.73 29.37 29.82 29.19 29.64 29.48 30.12 30.83 30.36 28.91 28.47 27.51 27.23 27.30 27.45 29.03 29.42 30.83 31.06 30.93 30.33 30.58 29.81 28.25 28.94 29.69 29.11 28.54 27.40 28.28 26.80 25.47 21.76 20.83 17.29 17.37 17.14 19.64 17.91 20.63 21.64 
12.76 8.86 7.16 6.60 0.00 6.04 7.60 8.75 11.18 13.25 13.70 12.67 12.20 13.33 14.90 17.24 19.45 23.38 24.96 26.43 26.25 26.37 26.39 28.59 28.23 25.06 26.49 27.71 25.84 23.83 26.90 27.64 24.95 24.71 26.43 25.81 22.76 21.96 20.19 19.90 19.31 18.31 18.61 19.09 19.92 18.49 16.13 15.95 17.34 14.52 13.95 15.26 16.95 16.45 17.19 20.40 22.76 23.78 25.18 27.58 29.35 29.37 29.83 30.78 31.13 29.90 28.68 28.03 25.44 23.51 21.42 20.21 19.14 18.77 19.37 20.28 21.17 23.13 24.61 24.66 25.72 23.97 23.59 21.96 22.66 21.44 22.63 23.10 24.47 24.17 25.42 25.08 25.50 24.96 26.58 26.05 25.46 26.89 28.79 28.63 27.62 28.31 29.13 28.98 29.21 29.04 28.00 27.04 25.68 25.89 26.24 25.97 27.13 28.10 29.63 29.77 29.22 29.30 30.10 28.96 26.69 27.67 29.20 28.97 27.22 25.72 26.52 25.48 23.21 19.98 18.49 16.47 15.41 16.48 18.51 14.82 16.19 19.39 
14.25 11.55 8.87 9.07 6.04 0.00 5.18 6.77 8.04 11.35 11.56 10.91 9.98 12.26 14.58 16.82 19.02 23.17 24.47 25.87 25.50 25.12 25.24 27.45 27.28 23.59 25.18 25.79 24.10 21.68 26.07 25.45 22.84 22.84 26.18 24.07 20.60 20.65 19.04 17.98 16.98 16.57 17.37 17.69 18.20 17.28 14.37 15.16 16.36 13.61 13.09 14.85 16.20 15.27 16.77 19.82 22.05 22.85 24.41 26.44 28.24 28.11 28.37 29.36 29.99 28.64 27.13 27.06 24.32 22.41 19.58 18.57 17.58 16.86 17.74 18.94 20.32 22.22 23.75 23.68 24.91 23.14 22.09 20.42 21.23 20.19 20.67 21.12 22.79 22.42 23.66 23.20 24.01 23.15 24.82 24.75 24.09 25.19 26.98 27.44 26.61 26.87 27.48 27.59 28.18 27.86 26.58 25.75 24.49 24.59 24.97 24.96 26.68 27.14 28.93 29.21 29.09 27.89 28.77 27.71 26.07 26.39 28.00 27.90 26.99 24.97 26.08 25.23 23.27 19.58 17.68 15.65 14.06 15.41 15.22 14.31 15.80 17.82 
17.42 12.77 12.60 11.28 7.60 5.18 0.70 5.76 6.73 9.96 11.17 12.58 11.38 13.95 16.57 18.08 20.06 23.85 25.22 26.18 25.34 25.23 24.82 27.32 27.13 23.86 25.22 26.14 24.65 23.00 26.27 26.75 23.66 24.09 26.62 25.56 21.79 21.45 19.70 18.69 17.71 17.49 17.99 17.93 18.27 17.71 15.44 15.03 16.13 13.82 13.26 14.94 15.90 14.89 16.71 20.16 21.89 22.68 24.29 26.66 28.33 27.99 28.03 29.17 30.10 28.64 27.10 26.87 24.62 22.47 20.03 18.85 18.39 17.70 18.25 19.47 20.99 22.66 23.90 24.05 25.64 23.29 22.24 20.32 21.86 20.18 20.83 21.21 23.21 22.26 23.47 23.34 24.34 22.85 24.54 24.73 24.48 24.91 26.50 27.04 26.70 26.51 26.84 27.21 28.56 27.81 26.36 25.75 25.02 24.79 25.17 25.41 27.08 27.77 29.37 29.94 29.85 28.77 28.90 28.37 26.86 27.18 27.85 27.93 27.28 25.21 26.24 25.60 23.62 20.34 18.27 16.92 15.26 16.36 16.48 14.80 16.75 20.01 
19.03 14.36 13.54 11.64 8.75 6.77 5.76 0.00 5.17 7.80 10.59 11.47 12.32 13.59 17.44 19.36 21.39 25.37 26.67 27.41 26.13 26.11 25.42 27.64 27.06 24.10 25.41 26.36 25.12 23.14 26.53 26.91 25.17 24.87 27.63 26.24 23.55 22.24 20.18 18.89 18.35 16.97 17.60 17.22 17.93 16.85 14.43 14.29 16.17 12.58 13.40 14.73 17.00 15.86 17.52 20.24 22.39 23.30 25.05 27.18 28.50 28.50 28.50 29.40 29.68 28.54 27.04 26.78 24.02 22.65 19.97 18.51 18.48 18.06 18.53 19.35 21.69 23.65 24.45 24.53 25.56 23.36 22.20 20.73 21.62 20.45 21.47 22.39 24.04 23.16 24.14 24.41 25.14 23.75 24.99 25.73 25.36 26.30 27.35 28.29 27.40 27.77 27.75 28.31 29.35 28.79 27.17 26.66 25.64 25.71 25.77 26.06 27.59 28.57 30.30 30.74 29.84 29.24 29.72 28.65 26.67 27.54 28.26 28.27 27.42 25.69 26.79 26.84 24.83 21.12 19.14 17.72 15.97 16.41 15.03 15.17 17.39 19.23 
18.36 13.64 13.24 12.93 11.18 8.04 6.73 5.17 0.00 4.50 6.56 9.36 10.66 12.74 15.17 17.89 19.91 23.61 25.35 26.33 25.42 24.86 24.07 25.86 25.01 22.10 23.42 24.43 22.47 20.33 23.48 24.48 22.66 23.04 24.88 24.17 21.12 19.57 17.37 15.86 15.58 13.60 14.31 13.98 14.14 12.50 10.66 12.05 12.98 9.44 11.55 13.71 14.84 14.39 16.08 19.07 20.98 22.20 24.11 25.53 26.71 26.33 26.72 26.86 26.97 25.85 24.83 24.36 21.68 20.24 17.88 17.04 16.48 16.45 17.03 18.75 20.38 22.87 23.98 23.72 24.79 22.36 21.34 19.73 20.68 18.91 20.27 21.46 23.43 22.49 23.64 23.44 24.33 22.63 23.95 24.47 24.11 25.33 26.78 27.51 26.56 27.00 27.47 27.83 28.40 28.22 26.66 25.74 24.43 24.68 24.74 24.74 26.11 27.25 29.21 28.93 28.43 27.81 28.59 27.12 24.65 25.86 26.98 26.36 24.90 23.32 24.92 24.02 22.21 18.47 17.36 14.77 13.47 15.29 14.66 14.63 17.41 20.81 
19.41 15.73 15.15 15.73 13.25 11.35 9.96 7.80 4.50 0.00 5.49 8.05 10.11 13.03 16.54 19.49 20.39 25.13 26.24 27.64 26.52 25.88 25.02 27.38 26.39 23.26 23.98 25.22 23.33 21.65 24.80 26.02 23.56 24.42 26.54 25.15 22.30 21.38 18.33 16.48 16.37 15.54 15.46 15.15 16.10 15.49 13.04 14.52 16.08 13.64 14.40 16.61 17.67 17.28 18.63 21.25 22.62 24.17 25.78 27.58 28.05 28.15 28.17 28.85 28.72 27.74 26.34 26.15 23.33 22.03 19.82 19.10 18.67 18.59 19.56 20.74 22.64 24.75 25.84 25.86 26.86 24.63 23.00 21.64 22.54 20.84 21.67 22.72 24.52 23.92 24.92 24.90 25.71 24.45 25.48 25.95 25.18 27.08 27.82 29.43 28.12 28.82 28.59 29.40 29.89 29.91 27.75 27.23 25.56 25.96 25.86 26.33 27.72 29.11 30.42 31.00 30.04 29.47 29.63 28.76 26.42 27.80 28.46 28.69 27.45 25.87 27.28 25.98 23.95 20.35 19.35 16.35 14.70 15.87 16.06 15.05 19.24 20.15 
19.31 15.96 15.61 16.54 13.70 11.56 11.17 10.59 6.56 5.49 0.00 6.05 7.48 11.12 14.60 17.91 18.52 22.07 23.41 24.86 23.95 23.68 22.65 24.91 24.15 21.09 22.07 22.95 21.56 20.48 23.63 24.29 21.81 22.93 25.25 23.62 19.88 18.80 16.98 14.94 14.57 13.63 13.95 13.75 14.45 14.79 12.43 13.30 15.77 13.78 13.84 15.18 16.76 15.93 17.23 20.41 21.88 22.49 24.58 26.25 27.32 26.72 26.83 27.50 28.06 26.85 25.10 24.63 22.10 20.61 17.82 17.38 17.01 17.51 18.21 20.29 22.14 23.95 25.07 24.99 26.84 23.90 22.35 20.52 21.73 19.93 20.44 21.41 23.15 22.31 23.55 23.38 24.47 23.09 24.60 24.66 24.49 25.78 26.99 27.66 27.26 27.36 27.58 27.83 29.25 28.43 26.34 25.49 24.36 24.28 24.59 24.91 26.92 27.73 29.58 29.68 29.38 28.14 28.56 27.62 26.05 26.70 27.45 27.27 26.60 25.11 26.13 25.04 23.11 20.47 18.32 14.70 12.95 16.36 14.53 14.76 18.06 21.38 
18.80 13.67 14.38 16.39 12.67 10.91 12.58 11.47 9.36 8.05 6.05 0.00 4.79 6.97 11.42 14.31 15.82 19.63 20.28 22.10 21.35 20.97 19.68 22.63 22.30 18.98 20.30 20.69 19.42 17.56 21.63 22.46 19.91 20.67 23.19 21.32 17.05 15.68 13.77 13.19 11.80 10.86 11.70 12.99 13.53 13.25 10.71 12.43 14.79 12.70 12.52 14.47 16.04 15.02 15.80 18.96 20.36 20.74 22.46 24.40 25.18 24.81 24.74 25.38 25.15 24.24 22.62 22.21 18.75 17.79 14.82 14.40 14.76 14.61 16.54 18.26 20.52 22.33 23.77 23.65 24.81 22.53 20.99 18.99 19.71 17.76 18.97 19.86 21.42 20.29 21.84 21.97 23.28 21.59 23.25 23.62 23.76 25.26 26.24 27.01 26.32 26.97 26.83 27.08 27.76 27.46 25.16 24.32 22.67 22.90 23.12 23.38 24.81 26.14 28.05 28.25 27.34 26.28 27.03 25.97 24.26 25.07 25.60 25.49 24.49 22.71 23.98 23.39 21.35 17.65 15.19 13.28 11.79 11.58 12.57 13.40 17.80 18.85 
16.10 10.70 12.40 15.61 12.20 9.98 11.38 12.32 10.66 10.11 7.48 4.79 0.00 5.55 6.50 9.75 11.55 15.72 16.56 18.59 18.01 17.91 16.46 19.38 18.95 15.74 16.81 18.49 15.93 14.16 17.86 19.42 17.56 17.71 20.50 18.78 15.31 13.83 12.04 10.53 10.80 10.57 11.87 12.77 13.84 13.98 10.82 12.08 13.59 11.11 11.55 12.99 14.37 13.54 14.30 16.58 18.12 18.62 20.36 21.84 22.88 22.28 22.62 22.36 21.80 20.34 19.67 18.63 15.88 14.14 11.95 11.35 11.62 11.17 13.28 16.10 17.88 20.11 21.99 22.03 22.84 20.23 19.04 17.24 17.87 15.86 16.82 18.04 19.89 18.55 19.59 20.08 21.11 19.74 20.97 21.65 21.67 23.06 24.33 25.29 24.40 24.98 24.86 25.08 25.76 25.59 23.82 22.38 20.69 20.86 20.86 20.68 21.93 23.14 24.98 24.88 24.07 23.83 24.64 23.40 21.21 22.05 23.08 22.47 21.12 19.12 20.57 20.17 18.52 14.47 12.94 10.43 9.22 10.37 10.95 11.45 13.95 17.38 
18.85 14.58 16.11 17.18 13.33 12.26 13.95 13.59 12.74 13.03 11.12 6.97 5.55 0.00 5.59 7.30 9.06 12.93 14.55 16.57 16.98 17.12 15.77 18.20 18.60 15.03 16.14 18.02 16.58 14.80 18.19 20.06 17.49 18.39 20.67 18.56 15.14 14.38 12.13 10.61 10.76 11.00 12.05 13.21 14.56 13.53 11.33 12.88 14.81 12.05 11.73 12.94 14.78 13.62 14.66 16.50 18.01 18.68 20.28 21.89 22.80 22.39 22.53 22.77 22.23 20.83 19.81 19.41 16.68 14.74 12.96 12.44 12.55 12.87 14.91 17.21 19.01 21.14 22.78 22.95 23.43 20.87 19.65 17.98 18.63 16.49 17.52 18.62 20.67 19.44 20.81 20.89 22.24 20.68 22.26 22.36 22.41 23.71 25.06 25.84 25.36 25.39 25.55 25.77 26.50 26.18 24.36 22.89 21.31 21.24 21.07 20.82 22.05 23.11 24.91 25.14 24.66 24.00 25.01 23.70 21.96 22.59 23.13 23.07 21.84 20.09 21.08 20.66 18.92 14.40 13.36 11.66 11.10 9.76 12.57 12.22 15.98 16.35 
19.41 17.22 18.31 19.95 14.90 14.58 16.57 17.44 15.17 16.54 14.60 11.42 6.50 5.59 0.29 5.42 5.24 10.18 12.03 13.84 14.03 15.79 14.95 16.95 16.13 14.25 15.38 16.97 15.39 14.90 18.21 18.48 16.26 17.78 21.51 18.16 14.58 14.06 13.60 11.67 11.54 12.21 13.91 15.17 16.01 16.38 13.86 14.32 15.80 14.02 13.02 13.72 15.13 13.86 14.52 16.89 18.42 18.18 19.92 21.88 23.03 22.30 22.39 22.83 22.61 20.92 19.52 19.46 16.72 14.76 12.09 12.77 13.15 13.43 15.33 18.15 20.39 22.21 23.46 24.02 25.04 22.16 20.66 18.76 19.41 17.31 18.01 19.00 20.40 19.59 21.04 21.35 21.96 20.97 22.34 23.22 22.83 23.86 25.03 26.44 25.68 25.82 25.59 26.31 26.89 26.39 24.37 23.09 21.59 21.22 20.98 20.58 21.67 22.67 24.38 24.81 24.36 23.74 24.49 23.72 21.86 22.33 23.17 22.79 21.60 19.64 20.65 20.09 18.27 14.52 12.45 11.14 10.34 11.15 11.80 13.47 16.18 17.51 
21.39 18.09 19.96 21.38 17.24 16.82 18.08 19.36 17.89 19.49 17.91 14.31 9.75 7.30 5.42 0.00 4.84 7.63 10.46 13.01 13.50 14.52 13.64 16.44 15.60 13.20 14.76 16.87 14.61 14.24 17.79 19.13 16.58 18.42 21.02 19.12 14.95 14.67 13.01 13.04 12.46 13.34 15.42 16.64 17.46 17.45 15.82 15.51 16.61 14.17 13.69 14.25 15.60 12.68 13.84 16.23 17.66 17.09 18.91 21.10 21.96 21.42 21.70 22.09 21.42 20.21 18.22 18.23 15.18 13.17 10.17 11.21 12.71 12.56 14.40 17.26 19.46 21.29 22.97 23.45 24.33 21.60 20.15 18.25 18.92 16.66 18.02 18.73 20.33 19.79 21.09 21.12 22.06 20.68 22.10 22.73 22.82 24.04 24.96 26.30 25.45 25.77 25.58 25.93 26.41 26.41 24.09 23.13 20.93 20.87 20.45 20.04 20.51 21.47 23.26 24.17 22.89 22.03 23.13 22.50 20.58 21.24 21.70 21.73 20.48 19.04 20.04 19.06 16.70 13.14 12.02 10.31 10.31 10.33 13.39 13.99 18.37 17.70 
23.91 20.40 20.83 23.31 19.45 19.02 20.06 21.39 19.91 20.39 18.52 15.82 11.55 9.06 5.24 4.84 0.00 5.51 7.02 9.40 10.20 11.75 11.39 14.16 12.57 11.26 12.77 14.53 12.23 12.00 16.29 17.57 16.36 17.68 20.33 18.57 15.38 14.90 13.46 13.09 13.51 14.84 16.08 17.26 18.29 18.64 15.90 16.36 17.91 15.25 14.77 15.12 16.35 14.36 14.76 16.48 17.55 17.60 19.40 21.12 21.41 21.02 20.79 21.05 20.49 19.48 17.84 17.25 14.41 13.12 11.12 11.75 12.39 12.32 13.88 16.88 18.74 20.48 22.32 23.06 24.14 21.27 19.31 17.42 18.08 16.32 17.16 18.13 20.04 19.58 20.74 20.91 21.66 20.44 21.73 22.31 21.97 23.61 24.67 25.70 24.52 24.97 24.85 25.14 25.97 25.83 23.91 22.45 20.67 20.30 19.88 19.13 19.70 20.62 22.12 22.41 21.69 21.15 21.97 21.04 19.29 20.07 20.82 20.24 19.38 17.17 17.69 16.47 14.72 11.32 9.27 8.06 9.63 11.32 13.28 14.86 18.33 20.27 
26.92 23.77 24.49 25.90 23.38 23.17 23.85 25.37 23.61 25.13 22.07 19.63 15.72 12.93 10.18 7.63 5.51 0.16 6.37 8.11 9.32 11.12 12.08 14.34 13.99 13.82 14.92 16.36 15.50 15.90 19.23 20.74 19.01 20.71 23.11 21.46 18.20 17.60 16.11 16.56 16.74 17.89 19.27 20.16 21.31 21.88 19.70 19.66 21.19 19.24 18.19 18.18 18.65 17.21 17.44 18.26 19.18 19.97 21.27 22.89 23.30 23.00 22.78 23.36 22.46 21.27 19.39 19.37 16.29 15.69 14.62 14.45 14.96 15.42 16.94 18.77 20.80 22.57 23.95 24.92 26.06 23.62 21.29 19.17 20.01 18.32 18.70 20.28 22.06 21.56 23.32 23.82 24.45 22.96 24.69 25.18 24.47 26.27 27.24 28.69 26.99 27.24 26.72 27.57 28.00 27.99 25.84 24.83 22.78 22.71 22.16 21.29 22.00 22.75 23.98 24.64 23.92 23.40 24.11 23.14 21.30 22.41 22.68 22.76 21.46 19.45 19.18 17.70 15.52 12.59 12.25 11.50 13.70 13.51 16.03 17.51 21.49 21.05 
28.09 25.55 25.56 27.09 24.96 24.47 25.22 26.67 25.35 26.24 23.41 20.28 16.56 14.55 12.03 10.46 7.02 6.37 0.00 5.81 7.15 9.31 10.27 12.82 12.93 12.02 13.68 15.39 15.51 15.53 19.66 20.60 19.37 20.85 23.94 22.07 18.35 17.98 17.28 17.53 17.66 18.47 20.02 20.88 21.68 22.68 20.88 20.79 22.26 20.05 19.35 18.37 19.35 17.46 17.56 18.80 19.81 20.01 20.90 22.72 23.56 23.09 22.87 23.65 23.23 21.60 19.65 19.98 17.60 17.02 15.72 15.30 15.69 16.32 17.19 18.49 21.27 22.78 24.10 24.70 26.16 23.81 21.77 19.48 20.16 18.27 18.45 20.15 21.97 21.62 23.59 24.12 24.64 23.58 25.29 25.77 25.22 26.75 28.25 29.12 27.87 27.79 27.76 28.07 28.95 28.26 26.38 25.08 23.43 23.28 22.67 21.70 22.61 22.95 24.22 24.62 24.11 23.31 24.26 23.27 21.46 22.15 23.34 22.73 21.81 19.27 19.16 17.49 15.75 12.71 12.43 12.41 14.31 15.63 16.93 18.33 21.92 22.24 
30.22 27.44 26.68 28.21 26.43 25.87 26.18 27.41 26.33 27.64 24.86 22.10 18.59 16.57 13.84 13.01 9.40 8.11 5.81 0.06 6.35 7.95 8.47 11.30 11.87 11.24 12.82 15.00 14.81 15.34 18.86 20.62 19.41 20.87 23.42 21.87 18.88 17.86 16.67 17.63 17.53 18.38 20.17 20.95 22.37 22.44 20.74 20.90 22.34 20.13 19.14 19.11 19.81 17.98 18.21 19.54 20.92 21.13 22.10 23.82 24.72 24.54 24.13 24.78 23.97 22.80 21.19 20.92 17.96 17.84 15.85 15.05 15.08 15.43 16.23 16.67 19.39 20.86 22.15 22.44 24.22 22.29 20.90 18.33 19.44 17.85 18.56 19.56 21.37 21.41 23.33 23.34 24.44 23.62 25.39 26.08 25.47 27.41 28.55 29.86 28.22 28.46 28.41 28.57 28.63 28.58 26.50 25.47 23.55 23.18 22.86 21.73 22.08 22.63 23.96 24.42 23.40 22.91 23.83 23.12 21.06 22.63 23.17 22.98 21.34 18.86 19.26 17.19 15.06 11.77 12.20 12.48 14.42 16.02 17.77 19.60 23.41 23.42 
31.15 27.80 27.21 28.57 26.25 25.50 25.34 26.13 25.42 26.52 23.95 21.35 18.01 16.98 14.03 13.50 10.20 9.32 7.15 6.35 1.14 5.71 6.71 7.77 6.72 7.96 10.67 10.93 10.77 12.33 16.46 17.90 17.60 18.94 21.83 20.74 17.88 17.24 14.97 16.09 16.07 16.61 17.57 19.41 21.27 20.80 18.59 18.82 20.71 18.53 17.71 17.69 19.20 17.91 18.25 19.46 20.60 21.43 22.37 23.77 24.66 24.43 24.30 24.54 23.98 23.02 22.27 21.80 18.64 17.75 15.98 14.72 14.14 14.05 15.07 15.47 17.14 18.75 19.84 20.08 21.70 19.99 18.29 16.73 18.07 16.60 17.20 18.08 20.39 20.54 22.50 22.83 23.46 22.68 24.91 25.12 24.53 26.43 27.97 28.34 26.61 27.34 27.53 27.17 27.22 27.37 25.79 24.29 22.50 22.47 21.78 20.89 21.28 21.81 23.12 23.23 22.34 21.79 22.65 21.58 19.94 21.00 21.91 21.26 19.87 18.16 18.55 15.86 13.69 11.85 12.42 10.49 13.39 15.74 16.79 17.92 22.13 23.50 
30.55 27.44 26.78 28.42 26.37 25.12 25.23 26.11 24.86 25.88 23.68 20.97 17.91 17.12 15.79 14.52 11.75 11.12 9.31 7.95 5.71 0.00 5.29 7.43 6.66 7.15 10.15 11.38 10.83 11.71 15.84 17.54 16.79 17.87 20.35 19.29 17.15 14.71 13.44 14.33 14.61 15.66 17.23 18.55 20.30 20.34 18.28 18.76 20.81 19.04 17.80 18.13 19.42 17.88 18.45 19.88 21.35 21.62 22.45 24.14 25.08 24.39 23.77 24.49 23.88 23.14 21.74 21.83 19.20 18.08 16.17 14.10 14.14 14.32 15.10 15.00 16.89 18.58 19.58 20.09 21.59 19.92 17.70 16.14 17.44 15.87 15.29 17.44 19.86 19.96 22.24 22.69 23.25 22.42 24.49 24.74 23.89 26.12 27.58 28.01 26.44 26.50 26.62 26.52 26.48 26.95 25.08 23.86 22.13 22.09 21.86 20.84 21.39 21.74 22.85 23.45 22.64 21.58 22.17 21.27 19.41 20.31 21.05 20.48 19.63 17.37 18.68 16.02 13.67 12.15 13.47 12.45 14.60 16.08 17.21 18.52 22.05 22.68 
30.11 26.98 26.35 28.00 26.39 25.24 24.82 25.42 24.07 25.02 22.65 19.68 16.46 15.77 14.95 13.64 11.39 12.08 10.27 8.47 6.71 5.29 0.00 5.90 7.55 5.79 7.26 10.08 9.71 9.30 13.19 15.64 13.89 14.32 18.43 16.47 12.79 10.27 11.26 12.12 11.36 12.91 16.20 17.09 18.39 18.72 17.56 18.02 20.19 18.63 17.88 18.14 19.70 18.15 18.42 20.36 21.44 21.60 21.74 23.59 24.61 23.78 22.90 23.57 23.31 21.97 20.51 20.70 18.57 17.60 15.35 12.80 13.47 13.66 13.80 12.86 15.75 17.29 18.62 18.73 20.25 18.18 17.04 15.40 16.50 13.35 13.09 16.07 18.94 18.48 20.37 21.26 22.63 21.85 23.90 24.06 23.59 25.62 27.23 27.85 26.56 26.65 26.47 26.51 26.77 26.21 24.40 23.28 22.13 21.93 21.34 20.51 21.18 21.48 22.48 23.01 22.49 21.55 21.92 20.93 18.93 19.82 20.27 20.19 18.92 16.82 17.91 16.11 14.83 12.44 13.07 12.48 14.45 15.36 16.70 18.01 21.44 22.25 
31.54 29.28 28.23 29.85 28.59 27.45 27.32 27.64 25.86 27.38 24.91 22.63 19.38 18.20 16.95 16.44 14.16 14.34 12.82 11.30 7.77 7.43 5.90 0.00 6.79 7.42 7.07 8.54 10.32 11.10 13.21 15.74 15.66 16.87 19.11 18.56 15.48 13.57 14.41 14.53 14.49 16.19 19.19 20.32 21.46 21.66 20.10 20.56 22.19 20.92 19.86 20.29 21.92 20.80 21.16 22.49 24.18 24.33 24.89 26.36 27.72 26.73 26.26 26.53 26.01 25.14 24.11 23.94 21.17 20.75 18.70 16.20 15.79 15.92 16.28 15.53 17.76 18.69 20.52 20.92 22.18 20.00 19.03 17.35 18.33 16.54 16.78 18.98 21.21 21.03 22.57 23.35 24.34 23.82 25.65 26.21 25.96 27.60 29.24 30.20 28.94 28.83 28.56 28.62 28.94 28.53 26.42 25.50 24.39 23.77 23.16 22.42 23.48 23.67 24.75 25.44 24.59 23.57 23.99 23.14 21.36 22.05 22.50 22.17 21.26 19.19 20.58 19.04 16.35 14.41 15.20 14.61 16.08 17.67 18.02 19.55 23.11 23.85 
30.97 28.65 28.16 30.01 28.23 27.28 27.13 27.06 25.01 26.39 24.15 22.30 18.95 18.60 16.13 15.60 12.57 13.99 12.93 11.87 6.72 6.66 7.55 6.79 0.00 5.94 7.73 6.97 7.75 9.44 13.07 14.29 14.95 16.44 18.68 17.80 14.94 14.65 12.37 14.03 14.29 15.48 17.69 19.69 20.87 21.05 19.57 20.11 21.72 20.29 19.52 20.63 22.23 21.10 21.08 23.06 24.35 25.05 25.39 27.16 28.04 27.49 26.87 27.24 26.57 25.90 25.12 24.59 21.70 20.50 18.63 16.33 16.35 15.56 15.74 15.92 18.02 19.58 21.21 21.22 22.18 19.89 18.99 17.55 18.62 16.84 18.26 19.36 21.35 21.13 23.14 23.31 24.39 23.47 25.60 26.08 25.62 27.51 29.23 29.70 28.27 28.66 28.78 28.51 28.39 28.27 26.51 25.51 23.94 23.76 22.86 22.43 23.13 23.63 24.78 25.30 24.27 23.45 23.89 22.79 20.78 21.59 21.97 21.14 20.29 18.65 20.53 18.39 16.69 14.09 14.80 11.48 14.24 15.05 16.96 18.43 22.09 23.25 
27.87 24.46 24.65 27.09 25.06 23.59 23.86 24.10 22.10 23.26 21.09 18.98 15.74 15.03 14.25 13.20 11.26 13.82 12.02 11.24 7.96 7.15 5.79 7.42 5.94 0.00 5.45 7.23 6.10 5.86 9.79 11.88 12.20 12.85 15.02 13.43 12.02 7.61 8.17 8.73 10.36 12.60 15.83 16.92 18.29 18.96 17.73 18.81 20.34 18.98 18.17 19.64 21.01 19.60 19.45 21.71 23.03 22.93 23.29 25.10 25.99 25.15 24.22 24.80 24.39 23.59 21.82 22.25 19.61 18.23 15.41 13.62 13.62 12.72 13.29 13.96 16.35 17.56 18.77 19.16 20.39 18.33 16.78 14.92 16.13 14.36 14.45 16.31 18.37 18.07 20.47 20.74 21.64 20.61 22.96 23.31 22.77 24.63 26.49 26.94 25.56 25.69 25.53 25.72 25.64 25.63 23.32 22.52 21.01 20.89 20.24 19.94 20.95 21.33 22.30 22.77 22.01 21.33 21.40 19.83 17.64 18.67 19.46 18.95 17.89 16.22 17.56 16.32 13.57 11.59 11.55 9.46 11.76 12.49 13.95 16.08 19.54 20.80 
29.04 25.90 25.79 27.60 26.49 25.18 25.22 25.41 23.42 23.98 22.07 20.30 16.81 16.14 15.38 14.76 12.77 14.92 13.68 12.82 10.67 10.15 7.26 7.07 7.73 5.45 0.00 5.90 7.28 5.96 7.70 11.43 11.61 11.36 14.39 14.29 9.26 6.07 9.48 11.55 10.68 13.71 18.11 19.58 20.11 20.86 19.77 20.50 22.12 21.19 20.28 21.52 22.74 21.53 21.12 23.44 24.41 24.37 24.65 26.43 26.90 26.03 25.19 25.96 25.61 24.21 22.56 23.18 21.08 19.05 16.88 15.60 15.40 14.00 14.72 16.03 17.38 18.13 19.35 20.50 21.46 19.34 17.36 16.49 17.23 14.90 14.29 16.99 20.00 19.45 20.95 21.85 23.02 22.00 24.05 24.60 24.29 26.03 27.53 28.18 27.20 27.16 26.39 26.49 27.16 26.48 24.14 23.31 22.27 21.88 21.18 21.17 22.17 22.46 23.67 24.45 23.65 22.68 22.99 21.65 19.48 20.30 20.94 20.41 19.22 17.23 18.76 17.44 16.11 12.91 13.09 11.40 13.04 13.28 14.92 16.07 19.94 21.12 
30.17 27.80 26.60 28.44 27.71 25.79 26.14 26.36 24.43 25.22 22.95 20.69 18.49 18.02 16.97 16.87 14.53 16.36 15.39 15.00 10.93 11.38 10.08 8.54 6.97 7.23 5.90 0.00 5.96 7.11 6.74 9.09 11.29 13.20 14.42 14.20 13.36 11.35 12.82 13.50 14.82 16.87 19.95 20.40 21.51 22.28 20.95 22.08 23.52 22.83 21.84 23.05 24.37 23.44 23.19 25.35 26.42 26.38 27.02 28.48 29.30 28.29 27.70 28.15 27.51 26.11 24.67 25.03 22.34 20.50 18.74 17.81 17.45 16.38 16.95 17.81 19.24 19.55 20.81 21.48 22.63 20.07 19.00 17.36 18.40 16.59 17.14 19.54 21.78 21.17 22.73 23.10 24.53 23.93 26.08 26.68 26.43 27.82 29.41 30.28 29.23 28.88 27.99 28.23 28.76 27.86 25.37 24.75 24.01 23.39 22.66 22.74 23.93 24.15 25.55 25.90 25.17 24.21 24.73 23.63 21.68 22.28 22.41 21.90 21.03 19.32 20.73 18.86 17.31 14.73 15.17 12.51 14.98 15.32 16.32 17.63 21.69 22.46 
28.78 25.82 26.23 28.13 25.84 24.10 24.65 25.12 22.47 23.33 21.56 19.42 15.93 16.58 15.39 14.61 12.23 15.50 15.51 14.81 10.77 10.83 9.71 10.32 7.75 6.10 7.28 5.96 0.00 5.52 7.37 7.13 7.67 11.35 12.58 12.37 10.35 11.72 10.51 12.82 13.86 15.13 17.72 18.78 20.26 20.54 19.97 20.79 22.52 21.42 20.67 22.57 23.77 22.72 22.03 24.62 25.61 26.00 26.23 28.00 28.54 27.91 27.25 27.64 26.93 25.74 24.56 24.35 21.77 19.94 17.91 16.61 16.79 15.88 15.73 16.23 18.25 19.86 20.93 20.97 22.09 19.95 18.79 17.08 17.87 16.36 17.63 19.44 21.34 21.18 22.66 22.83 23.50 23.22 25.40 26.12 25.37 27.01 28.42 29.46 27.85 27.86 27.32 27.41 27.34 26.76 24.56 23.87 22.50 22.47 21.90 21.90 22.86 23.68 25.26 25.40 24.32 23.78 24.55 23.31 20.84 21.33 21.49 21.38 20.16 17.64 18.99 17.23 16.33 13.66 12.84 8.36 12.26 12.86 13.25 14.73 18.77 20.97 
26.35 22.82 23.49 25.89 23.83 21.68 23.00 23.14 20.33 21.65 20.48 17.56 14.16 14.80 14.90 14.24 12.00 15.90 15.53 15.34 12.33 11.71 9.30 11.10 9.44 5.86 5.96 7.11 5.52 0.00 5.48 7.14 7.27 9.49 10.61 9.61 8.87 8.07 9.30 10.89 12.00 14.25 16.46 18.20 19.12 19.68 18.88 20.12 21.85 20.62 19.78 21.62 22.97 21.64 20.89 23.41 24.60 24.60 24.89 26.53 27.34 26.48 25.50 25.95 25.33 24.08 22.51 22.82 20.02 18.52 16.09 15.00 14.77 13.86 14.60 15.68 16.95 18.58 19.71 20.10 20.87 18.80 17.20 15.17 16.29 14.65 15.68 17.55 19.72 19.74 21.35 21.49 22.36 21.92 23.90 24.62 24.08 25.59 26.93 27.65 26.81 26.43 25.52 25.65 25.84 25.44 22.69 21.72 20.34 20.73 20.45 20.63 21.59 22.60 24.12 24.47 23.35 22.89 23.41 22.09 19.51 19.95 20.58 20.68 19.39 16.69 18.90 18.11 15.79 11.84 12.71 10.41 11.58 10.19 13.48 14.63 18.88 19.18 
28.77 26.40 26.72 28.17 26.90 26.07 26.27 26.53 23.48 24.80 23.63 21.63 17.86 18.19 18.21 17.79 16.29 19.23 19.66 18.86 16.46 15.84 13.19 13.21 13.07 9.79 7.70 6.74 7.37 5.48 1.43 6.84 8.86 8.39 12.25 12.96 10.09 10.27 13.30 15.56 16.25 18.25 20.84 22.22 23.30 23.36 22.34 23.03 24.80 23.63 22.72 24.18 25.56 24.65 23.95 26.44 27.43 27.71 27.93 29.93 30.36 29.41 28.50 29.03 28.39 26.92 25.57 25.52 23.37 21.61 19.92 18.74 18.83 17.97 18.63 19.56 20.36 21.39 22.61 22.99 23.29 20.99 19.59 18.51 19.18 17.17 17.70 19.83 22.66 22.26 23.96 24.43 25.97 25.20 27.34 27.78 27.69 29.03 29.81 30.93 30.48 29.99 28.41 28.66 29.61 28.56 25.38 24.94 23.97 23.84 23.22 23.73 24.75 25.55 26.96 27.57 26.85 26.05 26.62 25.61 23.20 23.67 24.18 24.27 23.20 20.68 21.98 21.85 20.18 16.76 16.92 15.25 16.29 15.82 16.60 17.63 20.54 21.83 
29.73 27.32 27.20 28.29 27.64 25.45 26.75 26.91 24.48 26.02 24.29 22.46 19.42 20.06 18.48 19.13 17.57 20.74 20.60 20.62 17.90 17.54 15.64 15.74 14.29 11.88 11.43 9.09 7.13 7.14 6.84 0.00 7.07 8.77 11.43 11.25 11.64 12.36 15.07 16.74 18.58 20.48 22.09 23.75 24.73 24.66 23.10 24.33 26.07 24.95 24.13 25.45 27.28 26.05 25.78 28.22 29.44 29.51 30.06 31.74 32.48 31.49 30.52 31.05 30.33 28.98 27.29 27.56 24.59 23.26 20.92 20.42 20.11 19.70 19.79 20.91 22.10 23.31 24.03 24.30 24.40 22.12 20.72 19.01 20.05 18.28 19.18 21.53 23.88 23.80 24.99 25.21 26.50 26.39 28.50 29.11 28.27 29.89 31.10 32.28 31.41 31.06 29.56 30.08 30.88 29.73 26.41 25.97 25.50 25.10 24.45 25.11 26.36 26.87 28.74 29.21 27.98 27.53 28.42 27.42 25.13 25.87 26.33 26.04 25.14 23.68 24.78 23.50 21.65 18.51 18.57 15.99 17.68 17.54 18.27 17.92 22.55 22.56 
27.54 24.53 24.60 26.81 24.95 22.84 23.66 25.17 22.66 23.56 21.81 19.91 17.56 17.49 16.26 16.58 16.36 19.01 19.37 19.41 17.60 16.79 13.89 15.66 14.95 12.20 11.61 11.29 7.67 7.27 8.86 7.07 0.00 6.43 8.10 9.74 8.55 12.29 13.56 16.27 17.89 19.35 20.75 23.00 24.11 23.70 21.98 22.69 24.42 22.81 22.11 24.12 25.66 24.26 24.09 26.75 28.09 28.19 28.60 30.52 31.21 30.30 29.61 29.98 29.51 28.17 26.97 26.91 23.97 22.41 20.19 19.13 19.12 18.46 18.38 19.39 21.16 22.53 22.99 22.36 23.40 21.13 19.58 17.34 18.24 17.09 18.59 20.32 22.64 22.56 24.30 23.92 25.03 24.40 27.02 27.05 26.31 28.03 29.62 30.40 29.30 29.17 28.63 28.60 29.15 28.27 25.77 24.88 23.78 23.84 23.93 23.75 25.02 26.04 28.38 28.28 26.99 26.35 28.08 26.71 24.05 24.65 25.42 25.29 24.18 21.96 23.97 23.30 21.14 17.94 17.48 14.26 15.25 15.59 16.38 17.10 20.86 21.81 
27.28 23.91 24.30 25.64 24.71 22.84 24.09 24.87 23.04 24.42 22.93 20.67 17.71 18.39 17.78 18.42 17.68 20.71 20.85 20.87 18.94 17.87 14.32 16.87 16.44 12.85 11.36 13.20 11.35 9.49 8.39 8.77 6.43 0.00 5.09 7.37 8.25 10.92 12.49 15.22 17.35 18.96 20.92 22.52 23.84 23.51 21.56 22.47 23.80 21.58 20.89 22.71 24.63 23.15 22.71 25.59 27.19 27.18 27.51 29.17 30.37 29.03 28.50 28.86 28.26 27.04 25.74 25.70 22.96 21.71 19.59 18.53 18.30 17.96 18.01 18.76 20.35 21.78 22.44 21.69 22.29 20.24 18.42 16.12 16.96 15.97 17.05 19.07 21.26 21.29 23.05 23.16 24.42 23.81 25.53 26.36 26.06 27.70 28.74 29.89 28.83 28.71 27.56 27.70 28.21 27.61 24.72 23.79 22.34 22.52 22.96 23.03 24.72 25.97 27.88 28.08 27.01 26.55 27.38 26.47 24.01 24.51 24.88 25.75 24.64 22.09 23.98 24.11 22.13 18.25 18.43 16.26 16.63 15.52 17.05 17.33 21.01 21.07 
28.48 26.44 26.29 27.68 26.43 26.18 26.62 27.63 24.88 26.54 25.25 23.19 20.50 20.67 21.51 21.02 20.33 23.11 23.94 23.42 21.83 20.35 18.43 19.11 18.68 15.02 14.39 14.42 12.58 10.61 12.25 11.43 8.10 5.09 0.17 7.60 7.59 10.75 12.95 16.96 19.30 21.07 22.78 24.46 25.71 25.78 24.24 24.76 25.73 23.93 22.85 24.88 26.51 25.01 24.71 27.45 29.07 28.89 29.31 31.10 31.76 30.59 29.81 29.99 29.39 27.84 26.24 26.05 23.27 22.08 20.39 19.64 19.71 19.61 19.54 20.54 21.42 23.43 24.04 23.35 23.35 21.18 19.78 17.69 18.27 17.21 17.98 19.87 22.28 22.39 23.61 23.94 25.76 25.34 27.18 27.91 28.07 29.31 30.12 31.20 30.74 29.97 29.00 29.22 30.19 28.75 25.54 25.04 24.07 24.03 24.36 24.87 26.83 27.72 29.62 30.02 29.51 28.15 29.16 28.13 26.34 26.27 26.90 27.35 27.21 24.33 25.49 25.87 24.19 20.75 20.13 18.27 18.72 18.05 19.45 19.51 22.69 23.46 
28.69 25.97 25.72 26.74 25.81 24.07 25.56 26.24 24.17 25.15 23.62 21.32 18.78 18.56 18.16 19.12 18.57 21.46 22.07 21.87 20.74 19.29 16.47 18.56 17.80 13.43 14.29 14.20 12.37 9.61 12.96 11.25 9.74 7.37 7.60 0.00 5.66 8.55 11.04 12.55 16.42 18.67 19.89 22.41 23.46 23.46 21.88 23.04 24.07 22.13 21.40 23.38 25.25 23.57 23.59 26.50 27.99 27.66 28.40 29.83 31.12 29.58 28.86 28.98 28.91 27.39 25.00 24.99 22.12 20.85 18.07 17.75 17.60 17.21 17.35 18.46 20.29 21.96 23.45 22.53 23.06 20.94 19.07 16.33 16.87 15.97 16.76 17.99 20.46 20.74 22.15 21.77 23.58 23.43 25.91 26.29 26.15 27.79 29.44 30.20 29.35 28.94 28.12 28.58 29.28 28.15 24.54 24.05 23.50 23.41 23.30 24.15 26.01 27.12 29.01 29.38 28.46 27.67 28.39 27.33 25.53 26.09 26.55 26.86 26.76 24.81 25.45 25.11 23.47 20.13 19.05 17.66 17.77 18.34 18.83 18.92 22.87 23.25 
26.51 23.54 22.89 24.58 22.76 20.60 21.79 23.55 21.12 22.30 19.88 17.05 15.31 15.14 14.58 14.95 15.38 18.20 18.35 18.88 17.88 17.15 12.79 15.48 14.94 12.02 9.26 13.36 10.35 8.87 10.09 11.64 8.55 8.25 7.59 5.66 0.00 5.77 6.33 9.04 12.04 14.62 15.99 18.04 19.75 19.96 17.51 19.00 20.84 18.49 17.51 19.98 21.44 19.62 19.95 22.76 24.58 24.12 24.84 26.57 27.74 26.25 25.54 25.78 25.85 23.96 22.15 22.05 19.60 17.62 15.05 14.49 14.09 13.27 13.28 14.95 16.89 19.27 20.32 20.02 21.32 18.49 16.45 13.98 14.02 12.61 13.01 14.29 17.00 17.33 19.18 18.48 19.81 19.49 22.54 22.49 22.21 24.20 26.65 27.12 25.93 25.75 25.98 25.88 26.48 25.26 22.88 21.69 20.54 20.69 21.40 21.15 23.21 24.36 26.57 26.56 25.54 24.71 26.02 24.61 22.25 22.97 23.91 23.87 23.35 21.04 22.38 22.02 20.28 16.86 15.53 13.90 14.46 14.75 14.97 16.30 20.20 22.36 
26.10 23.11 22.49 23.82 21.96 20.65 21.45 22.24 19.57 21.38 18.80 15.68 13.83 14.38 14.06 14.67 14.90 17.60 17.98 17.86 17.24 14.71 10.27 13.57 14.65 7.61 6.07 11.35 11.72 8.07 10.27 12.36 12.29 10.92 10.75 8.55 5.77 0.00 5.53 7.40 10.21 11.93 14.12 15.91 17.90 18.04 15.25 16.26 18.95 16.32 14.87 17.61 19.91 18.33 18.26 21.30 23.02 22.87 23.34 25.08 26.52 25.16 24.45 24.47 24.31 23.32 21.55 21.42 18.62 17.88 14.68 13.17 12.30 12.47 12.59 13.92 16.31 18.65 20.31 19.79 20.72 18.00 16.14 13.34 12.88 10.52 11.34 13.27 14.83 14.95 16.82 17.42 18.12 17.81 19.91 20.76 20.86 22.95 24.73 25.56 24.65 24.54 24.61 24.92 25.50 25.00 22.46 21.36 19.60 19.50 19.77 19.75 21.86 23.40 25.09 25.37 24.55 23.63 24.13 23.12 21.12 22.08 22.55 22.86 22.58 20.72 21.99 21.59 20.04 16.66 15.77 14.09 13.84 14.04 15.01 16.78 20.01 21.35 
24.58 22.02 21.21 22.51 20.19 19.04 19.70 20.18 17.37 18.33 16.98 13.77 12.04 12.13 13.60 13.01 13.46 16.11 17.28 16.67 14.97 13.44 11.26 14.41 12.37 8.17 9.48 12.82 10.51 9.30 13.30 15.07 13.56 12.49 12.95 11.04 6.33 5.53 0.29 5.61 6.61 9.88 11.29 13.39 14.96 15.98 13.26 14.67 16.00 14.48 12.38 15.68 17.82 16.32 16.65 19.66 21.37 21.42 22.30 24.11 25.30 24.19 23.72 23.43 23.10 21.85 20.75 19.60 16.59 15.10 12.94 10.90 9.71 10.60 11.65 13.33 15.43 18.39 19.99 19.68 20.38 17.37 15.90 12.93 12.86 10.46 10.74 11.30 12.76 12.70 14.21 14.47 15.57 15.15 17.70 18.10 18.79 20.77 22.42 23.43 23.06 22.92 22.98 23.21 24.28 23.42 21.20 19.85 18.62 18.30 18.51 18.25 20.29 21.29 23.29 23.57 23.05 21.94 22.89 21.61 19.92 20.46 21.56 21.44 21.31 19.21 20.38 19.64 18.74 15.59 14.39 11.08 11.45 12.87 14.28 15.41 18.60 21.32 
24.55 21.48 20.50 21.68 19.90 17.98 18.69 18.89 15.86 16.48 14.94 13.19 10.53 10.61 11.67 13.04 13.09 16.56 17.53 17.63 16.09 14.33 12.12 14.53 14.03 8.73 11.55 13.50 12.82 10.89 15.56 16.74 16.27 15.22 16.96 12.55 9.04 7.40 5.61 0.00 5.68 7.30 8.94 11.03 13.00 13.37 10.38 13.14 14.56 12.65 10.98 14.15 16.79 15.12 15.45 18.69 20.71 20.73 21.52 23.39 24.70 23.49 22.77 22.94 22.63 21.23 19.71 19.82 16.06 14.02 11.57 10.92 9.63 10.46 11.69 13.58 15.74 18.73 20.48 20.06 20.58 18.17 16.43 13.88 13.17 11.17 10.94 10.53 12.90 12.19 13.27 12.94 14.26 13.75 15.95 16.41 17.12 19.05 21.37 22.29 22.00 22.25 22.72 23.14 24.02 23.77 21.05 19.65 18.30 18.41 17.89 17.71 19.04 20.38 22.15 22.37 21.73 21.04 21.64 20.39 18.62 19.46 20.49 20.85 20.89 18.89 20.51 20.10 19.17 15.40 14.21 12.48 11.98 12.81 14.17 16.12 19.60 21.12 
24.00 20.68 18.97 20.29 19.31 16.98 17.71 18.35 15.58 16.37 14.57 11.80 10.80 10.76 11.54 12.46 13.51 16.74 17.66 17.53 16.07 14.61 11.36 14.49 14.29 10.36 10.68 14.82 13.86 12.00 16.25 18.58 17.89 17.35 19.30 16.42 12.04 10.21 6.61 5.68 0.24 5.06 6.09 8.81 11.34 12.64 9.29 11.34 13.73 13.08 11.39 14.28 16.23 15.57 15.82 18.73 20.36 20.35 20.74 22.58 24.17 23.02 22.21 22.66 22.73 21.38 20.07 20.23 17.14 14.51 11.90 11.48 10.54 10.94 11.63 13.85 16.03 19.12 20.31 20.59 21.62 18.59 16.13 13.92 13.49 10.33 8.96 9.40 11.47 11.04 11.34 10.71 12.94 12.05 14.47 14.62 15.24 17.97 20.41 21.72 20.95 21.52 22.52 22.93 23.72 23.50 21.69 20.13 18.37 17.99 18.27 17.28 18.58 19.86 21.93 21.98 21.18 20.33 20.83 19.27 17.19 18.21 19.20 19.47 19.85 18.16 19.72 19.82 19.05 15.30 13.99 11.41 11.99 12.39 12.64 15.20 19.09 20.97 
24.00 20.35 18.57 19.89 18.31 16.57 17.49 16.97 13.60 15.54 13.63 10.86 10.57 11.00 12.21 13.34 14.84 17.89 18.47 18.38 16.61 15.66 12.91 16.19 15.48 12.60 13.71 16.87 15.13 14.25 18.25 20.48 19.35 18.96 21.07 18.67 14.62 11.93 9.88 7.30 5.06 0.24 6.08 7.10 9.50 10.77 8.12 8.92 11.95 10.85 9.33 12.75 15.40 14.37 14.60 18.04 19.97 20.18 20.45 22.57 24.08 23.12 22.47 22.95 22.88 22.15 20.71 20.65 17.13 15.46 12.50 11.57 10.90 11.81 12.23 14.59 16.68 19.17 20.79 20.93 22.05 19.40 17.86 15.33 14.19 11.20 11.02 11.11 12.16 10.59 11.90 11.63 11.76 11.29 13.72 14.20 14.90 17.85 20.08 21.29 20.53 21.15 22.31 22.72 23.98 23.81 21.54 20.24 18.16 17.93 17.76 16.87 17.83 19.35 21.33 21.33 20.00 19.21 19.67 18.51 16.07 17.66 18.62 19.44 19.58 18.01 19.72 20.01 19.51 16.63 14.48 13.19 12.74 13.74 13.97 16.10 19.40 21.03 
23.99 20.97 19.41 19.94 18.61 17.37 17.99 17.60 14.31 15.46 13.95 11.70 11.87 12.05 13.91 15.42 16.08 19.27 20.02 20.17 17.57 17.23 16.20 19.19 17.69 15.83 18.11 19.95 17.72 16.46 20.84 22.09 20.75 20.92 22.78 19.89 15.99 14.12 11.29 8.94 6.09 6.08 1.06 5.66 8.26 9.44 7.51 10.28 12.22 11.68 10.43 13.99 15.90 15.14 15.71 19.08 20.51 21.06 22.07 24.23 25.34 24.35 23.67 24.35 24.46 23.53 22.16 22.06 18.83 16.69 14.31 13.83 12.88 13.49 13.90 16.29 18.49 21.19 22.31 22.42 23.77 21.19 19.38 16.31 16.11 12.80 12.45 10.70 11.92 11.07 12.09 10.61 10.51 10.95 14.58 14.44 14.94 18.13 20.85 22.06 21.28 22.00 22.62 23.62 25.13 24.71 22.51 21.38 19.63 19.09 18.76 17.82 19.27 20.17 21.97 22.27 20.86 19.78 20.19 19.72 16.50 18.64 19.91 20.86 21.04 19.29 21.04 21.26 20.15 17.00 16.44 12.75 13.42 13.59 13.51 15.68 18.69 20.14 
24.40 21.31 19.27 19.77 19.09 17.69 17.93 17.22 13.98 15.15 13.75 12.99 12.77 13.21 15.17 16.64 17.26 20.16 20.88 20.95 19.41 18.55 17.09 20.32 19.69 16.92 19.58 20.40 18.78 18.20 22.22 23.75 23.00 22.52 24.46 22.41 18.04 15.91 13.39 11.03 8.81 7.10 5.66 0.00 6.04 7.46 6.18 8.21 10.93 10.47 9.83 12.87 15.44 14.80 15.36 18.64 20.47 20.87 21.88 24.58 25.53 25.07 24.21 25.38 25.01 24.12 22.63 23.04 19.85 17.70 15.42 15.64 14.64 15.34 15.50 17.47 19.10 21.74 22.84 23.31 24.54 22.01 20.28 18.09 17.99 15.42 14.47 13.61 14.68 13.05 13.10 11.93 12.78 11.43 14.56 14.89 15.38 18.33 21.00 22.26 21.62 22.49 23.24 24.42 25.56 25.58 22.85 21.98 20.02 19.70 19.02 18.28 19.32 20.02 21.57 21.80 20.67 19.73 19.53 18.96 16.31 18.57 19.91 21.06 21.71 19.92 21.89 21.70 21.06 17.57 16.48 14.84 14.90 15.19 15.76 16.55 20.19 20.97 
24.58 21.49 19.11 19.74 19.92 18.20 18.27 17.93 14.14 16.10 14.45 13.53 13.84 14.56 16.01 17.46 18.29 21.31 21.68 22.37 21.27 20.30 18.39 21.46 20.87 18.29 20.11 21.51 20.26 19.12 23.30 24.73 24.11 23.84 25.71 23.46 19.75 17.90 14.96 13.00 11.34 9.50 8.26 6.04 0.00 6.73 7.16 7.29 8.22 10.62 10.90 12.60 14.04 15.13 16.05 18.81 20.58 21.50 22.38 24.59 26.34 25.55 25.30 26.23 26.37 25.10 23.95 24.35 21.35 19.39 17.33 17.27 16.21 16.56 16.51 18.68 19.85 22.40 23.86 24.83 26.14 23.36 21.47 19.79 19.44 16.44 16.36 16.10 16.64 14.30 14.54 13.65 14.14 12.96 15.00 15.54 16.08 18.95 21.61 22.76 22.04 23.33 24.19 24.89 26.51 26.10 23.97 22.77 20.85 20.27 19.81 18.72 20.11 20.11 21.43 21.38 20.95 19.42 19.41 18.06 16.34 18.26 19.48 20.02 21.73 20.49 22.58 22.15 21.05 18.18 18.19 15.27 15.42 16.11 16.54 17.45 20.31 21.35 
23.81 20.57 18.79 19.78 18.49 17.28 17.71 16.85 12.50 15.49 14.79 13.25 13.98 13.53 16.38 17.45 18.64 21.88 22.68 22.44 20.80 20.34 18.72 21.66 21.05 18.96 20.86 22.28 20.54 19.68 23.36 24.66 23.70 23.51 25.78 23.46 19.96 18.04 15.98 13.37 12.64 10.77 9.44 7.46 6.73 0.00 6.40 7.95 7.71 7.64 9.49 12.25 13.26 13.62 15.12 17.80 19.43 20.52 21.14 23.82 25.35 25.20 24.23 25.63 25.45 24.78 23.64 24.04 21.21 19.86 17.64 17.12 15.97 16.80 17.62 19.93 21.09 23.54 24.74 25.57 26.49 24.39 22.97 20.44 20.22 17.91 18.38 17.96 18.13 15.87 16.65 15.22 15.32 14.01 16.42 16.44 16.13 19.32 22.07 23.34 22.50 23.69 24.26 25.45 26.57 26.46 23.96 23.08 20.94 20.26 19.44 18.64 19.41 19.60 21.13 21.11 19.78 17.99 18.24 17.57 16.05 17.81 18.91 20.75 21.94 20.46 22.36 22.26 21.61 19.15 17.55 16.21 15.90 16.67 16.36 17.62 20.79 21.64 
21.51 18.53 17.75 17.96 16.13 14.37 15.44 14.43 10.66 13.04 12.43 10.71 10.82 11.33 13.86 15.82 15.90 19.70 20.88 20.74 18.59 18.28 17.56 20.10 19.57 17.73 19.77 20.95 19.97 18.88 22.34 23.10 21.98 21.56 24.24 21.88 17.51 15.25 13.26 10.38 9.29 8.12 7.51 6.18 7.16 6.40 0.17 6.14 8.06 6.17 6.80 10.06 11.95 11.15 12.60 15.54 17.12 17.97 18.91 21.39 23.32 22.55 22.17 22.77 23.08 22.12 21.36 21.67 18.66 16.95 15.16 14.69 13.39 14.58 15.71 18.09 20.00 22.77 24.31 24.60 25.68 23.45 22.22 19.74 20.09 17.26 17.59 16.46 17.72 16.35 16.73 15.09 14.94 13.71 15.94 15.51 15.25 18.34 21.04 22.45 21.99 22.81 23.15 24.07 25.60 24.77 22.29 20.94 19.51 18.63 17.98 16.56 17.55 17.85 19.39 19.24 17.77 16.05 16.03 16.49 14.05 15.99 16.95 18.72 20.21 18.60 20.20 20.61 19.89 16.71 15.82 13.69 14.52 14.13 13.50 15.85 19.11 20.37 
21.50 18.78 17.55 17.71 15.95 15.16 15.03 14.29 12.05 14.52 13.30 12.43 12.08 12.88 14.32 15.51 16.36 19.66 20.79 20.90 18.82 18.76 18.02 20.56 20.11 18.81 20.50 22.08 20.79 20.12 23.03 24.33 22.69 22.47 24.76 23.04 19.00 16.26 14.67 13.14 11.34 8.92 10.28 8.21 7.29 7.95 6.14 0.00 6.40 7.26 6.69 7.02 10.26 10.71 11.38 13.85 15.75 16.48 18.11 20.46 21.85 21.57 21.49 22.17 21.89 21.13 20.42 21.17 17.76 16.18 14.63 14.82 13.52 14.85 16.20 18.34 19.91 23.20 24.76 25.15 25.34 23.37 22.46 20.30 20.21 17.48 18.59 18.02 18.85 16.95 17.41 16.09 15.86 14.11 15.97 15.43 15.67 18.84 21.22 22.58 22.16 23.69 23.59 24.65 25.54 25.13 21.93 20.81 19.19 18.54 17.06 15.88 17.04 18.06 18.87 18.39 16.62 15.37 15.61 14.35 12.52 15.26 17.20 18.63 19.42 18.81 20.88 20.90 20.18 17.34 16.21 15.11 15.04 15.30 15.97 16.93 20.67 22.12 
