0.37 6.00 7.87 10.91 12.46 15.01 19.34 21.21 24.24 25.74 27.09 28.98 29.41 28.94 27.99 27.63 25.26 23.47 22.32 21.76 22.18 21.08 20.93 21.06 23.19 22.32 22.96 23.35 22.98 21.13 20.89 21.17 22.45 22.40 23.49 25.76 27.42 28.05 28.81 28.99 29.50 28.92 28.72 26.90 25.26 24.51 23.71 22.93 22.04 22.63 22.35 23.25 23.89 25.89 26.22 26.17 26.00 27.00 26.48 26.86 27.94 29.86 30.98 30.55 29.23 29.30 28.08 26.98 25.83 25.49 26.59 26.04 26.26 25.58 25.94 25.82 27.37 27.48 29.14 29.90 32.08 32.20 33.05 32.87 31.99 31.07 31.31 29.85 28.19 27.90 28.01 27.81 28.58 29.61 30.96 32.44 34.56 36.36 38.53 37.85 38.13 38.66 39.67 38.85 38.10 37.06 36.50 35.51 34.62 34.31 34.71 34.88 35.86 37.06 38.43 38.72 38.55 38.91 39.16 38.12 35.98 35.89 35.71 34.66 33.48 34.04 34.62 35.23 36.04 36.79 37.87 38.97 38.98 40.45 40.94 40.76 40.78 41.56 42.12 40.49 40.01 38.78 37.82 36.99 36.81 36.62 37.41 37.52 38.10 38.53 39.26 38.79 40.08 40.79 41.06 40.51 41.30 40.70 41.94 41.74 43.72 43.44 43.42 42.61 41.09 39.29 38.82 37.33 36.91 36.37 38.08 37.22 38.68 38.61 39.84 38.41 36.64 35.44 34.80 34.49 33.61 33.49 33.71 34.11 34.47 35.71 37.96 37.93 36.70 35.93 34.89 33.03 31.18 30.00 29.55 29.34 30.57 30.17 30.30 30.15 32.09 32.77 31.67 29.79 29.89 30.29 28.64 26.29 25.33 24.96 24.85 25.11 25.95 26.13 27.03 28.05 29.41 30.21 31.24 31.39 30.26 28.98 28.33 26.84 25.42 24.17 24.35 24.10 24.43 23.72 23.32 24.50 24.64 24.48 24.53 24.75 25.57 26.08 29.73 
6.00 0.42 4.38 6.91 11.18 13.11 15.91 18.23 22.18 23.85 24.58 26.11 27.08 26.56 26.24 25.68 23.07 20.71 20.08 19.39 20.06 18.71 18.73 18.60 21.49 20.64 22.08 22.68 22.80 20.05 19.60 19.72 21.38 20.82 22.08 24.24 26.02 26.37 27.38 27.64 27.65 26.88 26.68 25.29 23.12 22.35 21.38 21.00 20.02 20.50 20.14 21.19 22.24 24.23 24.45 24.56 24.47 25.57 25.19 25.75 26.61 28.31 29.69 29.43 27.70 27.43 26.43 25.54 24.31 23.49 24.79 24.24 24.68 23.66 24.68 24.28 25.89 25.91 28.05 28.77 31.09 30.97 32.64 32.46 31.75 30.48 30.81 29.16 27.70 27.12 27.84 27.57 28.44 29.50 31.07 32.29 34.07 36.08 38.83 38.08 37.89 38.52 39.51 38.70 37.58 36.62 36.19 35.57 34.47 34.35 34.72 34.94 35.50 36.91 38.67 39.05 38.44 38.75 39.29 38.36 35.95 35.63 35.71 34.96 33.71 34.09 34.70 35.16 35.62 36.54 37.74 38.94 38.18 40.20 40.73 40.50 40.15 41.15 42.15 40.43 39.88 38.78 37.98 37.09 36.65 36.49 37.54 37.66 37.91 38.61 39.43 38.74 39.85 40.77 41.21 40.48 41.09 40.85 42.20 41.78 43.85 43.56 43.86 42.83 41.07 39.38 39.10 37.44 36.66 36.07 38.45 37.32 38.73 38.65 40.30 38.82 36.86 35.14 34.72 34.65 33.21 33.16 33.38 33.88 33.93 35.16 37.87 37.74 36.35 35.29 34.45 32.47 30.56 28.90 28.80 28.40 29.89 29.23 29.29 29.09 31.41 32.18 30.59 28.49 28.85 29.13 27.27 25.08 24.07 23.63 23.17 23.96 24.83 24.71 25.60 27.14 28.52 28.93 29.75 30.48 29.46 27.60 26.75 25.54 24.22 22.34 22.55 22.13 22.32 21.80 21.79 22.51 21.79 22.74 20.61 23.57 23.23 24.95 26.33 
7.87 4.38 0.92 4.60 8.37 10.46 12.78 14.96 17.84 19.63 20.56 21.75 21.98 22.65 22.79 21.96 18.97 16.98 16.32 15.46 15.77 14.48 15.44 16.13 19.38 18.89 20.99 21.86 21.37 18.84 18.10 17.89 19.16 18.91 19.73 22.04 23.78 24.08 25.37 25.40 26.12 24.79 24.97 22.82 21.10 19.75 18.66 17.62 16.88 17.60 17.14 17.99 18.76 21.37 21.39 21.58 21.77 22.91 22.21 22.93 23.61 25.48 26.69 26.41 25.00 24.62 23.20 21.94 21.03 20.36 21.65 20.82 21.52 20.53 21.81 21.67 23.29 23.28 25.80 26.87 29.27 29.16 31.16 30.94 30.24 28.94 29.24 27.25 25.97 25.68 26.72 26.28 27.25 28.13 30.07 31.19 33.38 35.06 38.35 37.17 37.12 37.36 38.57 37.55 36.42 35.43 35.32 34.65 33.60 33.30 34.16 34.03 34.32 35.98 38.15 38.25 37.58 38.04 38.78 37.90 35.41 35.27 35.07 34.18 33.16 33.39 34.18 34.52 34.89 35.98 37.63 38.54 37.61 39.49 40.36 39.78 38.96 40.14 41.53 39.74 39.13 37.83 37.17 35.99 35.43 35.51 37.10 37.00 37.05 37.65 38.90 37.92 38.76 40.06 41.21 40.01 40.74 40.12 41.99 41.14 43.00 42.87 43.57 42.31 40.56 38.22 38.27 36.18 35.71 34.89 37.78 36.47 38.19 37.76 39.65 38.12 35.94 34.22 33.72 33.43 32.04 31.50 32.08 32.20 32.16 33.47 36.55 36.23 34.55 33.17 32.45 30.07 27.97 26.49 26.68 26.18 27.86 26.70 27.14 26.66 29.17 29.66 28.23 25.99 26.39 26.35 24.62 22.09 21.50 20.70 20.35 21.05 22.47 22.28 23.15 24.21 26.03 26.25 27.17 27.51 26.70 24.53 23.79 22.14 20.97 18.95 19.01 18.63 19.60 18.58 18.61 20.53 20.65 20.37 17.98 21.32 22.68 24.15 25.18 
10.91 6.91 4.60 0.89 6.35 7.28 10.85 11.90 15.04 16.97 18.29 20.07 19.82 20.39 21.08 20.93 18.17 15.99 14.73 13.71 13.93 12.97 14.44 14.98 18.04 17.87 19.99 20.83 20.51 17.95 17.13 16.74 17.28 17.18 18.23 20.40 21.99 22.63 23.87 24.28 24.94 23.77 23.59 22.06 20.38 18.89 17.55 16.58 15.73 16.16 15.88 16.39 17.40 19.79 20.29 19.73 19.65 21.08 20.24 20.73 21.93 23.71 24.73 24.60 23.27 23.18 21.51 20.70 20.36 19.46 20.52 19.53 20.29 19.11 20.21 20.36 22.32 22.16 24.30 25.62 28.15 28.13 29.64 30.15 30.05 28.61 28.32 26.66 25.67 25.28 25.33 25.17 26.60 27.45 28.51 29.98 32.36 34.30 36.95 36.26 36.51 36.91 37.81 36.88 35.86 35.13 34.61 34.10 32.83 32.80 33.28 33.51 33.98 35.69 37.33 37.60 36.74 37.29 37.83 37.26 34.94 34.74 34.03 33.64 32.18 32.65 33.19 33.90 34.18 35.34 36.64 37.60 36.49 38.60 39.55 39.21 38.80 39.84 40.89 39.17 38.31 36.77 36.11 35.15 34.45 34.50 35.76 35.89 35.58 36.16 37.57 36.89 37.88 39.05 39.95 39.16 39.62 39.10 40.84 40.44 42.35 42.09 42.38 41.26 39.38 37.24 36.96 35.37 34.73 34.05 36.22 35.32 36.81 36.54 38.19 36.73 34.91 33.25 32.36 32.47 30.82 30.51 30.62 31.22 30.97 32.30 35.12 35.12 33.65 32.12 31.27 29.08 26.88 25.42 25.34 24.76 26.17 25.55 25.89 25.40 28.09 28.80 27.05 25.02 25.84 25.66 23.34 21.02 20.38 19.42 18.69 19.21 20.15 20.15 20.68 22.11 23.82 24.62 25.47 25.97 25.34 23.27 22.44 21.19 19.80 17.82 17.59 16.64 17.08 16.62 17.12 16.92 17.28 16.80 16.10 19.04 21.04 21.26 28.31 
12.46 11.18 8.37 6.35 0.00 5.42 7.09 10.63 13.15 15.94 17.13 19.13 19.12 19.00 18.88 19.01 17.08 14.73 14.15 13.71 14.83 14.01 14.36 15.75 18.13 17.81 19.56 21.52 21.40 18.31 17.20 16.64 16.77 17.09 18.46 21.40 22.72 23.49 24.58 25.13 25.50 24.79 24.64 23.19 22.15 20.80 19.84 18.68 16.87 17.60 17.24 17.99 18.52 21.38 21.80 21.21 20.40 22.11 21.10 21.78 22.63 25.35 26.32 26.13 24.49 24.99 23.14 22.54 22.43 22.04 23.01 22.48 23.02 22.08 22.20 22.44 24.35 24.49 25.62 27.27 29.80 30.24 30.75 31.20 30.81 29.38 29.23 27.65 26.54 25.70 25.86 25.45 26.54 27.38 28.54 30.20 32.59 35.16 37.49 36.74 37.40 37.75 38.78 37.83 37.16 36.20 35.70 34.81 33.86 33.53 33.92 34.31 35.24 37.52 38.65 39.00 38.45 39.09 39.27 38.49 35.85 35.67 35.21 34.19 32.50 32.96 33.55 34.07 33.79 35.20 36.45 37.66 36.67 39.33 40.20 39.74 39.21 40.84 42.00 39.96 39.32 37.64 36.93 35.71 35.32 34.90 36.04 36.20 36.22 36.67 37.78 37.12 38.48 39.95 40.68 40.40 41.18 40.71 42.28 42.18 44.18 44.09 43.95 43.31 41.69 39.52 39.32 37.64 37.30 36.69 38.42 37.54 39.06 38.99 40.25 39.01 37.48 35.84 34.64 34.64 33.09 33.04 33.17 33.93 33.57 35.45 38.04 38.50 36.69 35.46 34.18 31.88 29.82 28.28 27.84 27.41 28.54 28.21 28.11 27.84 30.58 31.84 29.68 27.54 28.45 28.94 26.36 23.32 22.11 20.89 20.13 20.41 20.99 20.93 21.67 23.17 24.65 25.68 26.71 27.69 27.15 25.51 24.57 23.37 22.36 20.08 19.97 18.60 17.81 17.56 17.46 18.51 18.87 20.81 21.25 20.59 19.68 22.58 27.27 
15.01 13.11 10.46 7.28 5.42 0.00 5.66 6.53 10.79 13.38 14.34 16.36 16.86 16.92 16.75 17.23 13.92 11.86 11.47 12.22 13.33 13.00 14.01 15.84 18.54 18.22 19.73 22.32 21.45 18.06 16.84 15.94 16.45 15.73 17.00 20.01 21.42 22.17 23.52 24.01 24.26 23.40 23.35 21.86 20.36 19.21 17.96 16.94 15.38 15.52 14.93 15.70 16.70 19.25 19.70 19.56 19.22 20.70 20.24 21.14 22.28 24.54 26.64 26.13 24.39 24.05 22.38 21.63 21.51 20.63 21.83 21.29 21.87 20.87 20.79 20.77 22.87 22.81 24.33 25.53 28.91 28.97 30.13 30.03 29.83 28.48 28.28 26.95 25.82 25.28 25.39 25.17 25.70 26.87 28.30 29.46 31.94 34.11 37.21 36.22 36.74 37.01 38.06 37.14 36.33 35.35 34.71 34.15 32.86 32.66 32.93 33.17 34.18 36.29 37.99 38.09 37.82 38.22 38.49 37.69 35.03 34.90 34.22 33.56 31.85 32.23 32.37 32.99 32.81 33.85 35.13 36.54 35.61 38.23 38.85 38.57 38.03 39.99 41.06 38.97 38.14 36.81 35.71 34.71 34.17 33.92 34.77 35.16 35.27 35.62 36.70 35.89 37.36 39.01 39.96 39.46 40.34 39.88 41.77 41.52 43.71 43.60 43.61 42.85 41.02 38.96 38.55 36.89 36.32 35.74 37.83 36.63 38.30 38.03 39.78 38.28 36.85 34.77 33.78 33.86 32.32 32.09 32.28 32.70 32.48 34.16 37.14 37.18 35.67 34.22 32.84 30.60 28.82 27.10 26.64 26.27 27.79 27.01 27.00 26.59 29.91 30.96 28.52 26.44 27.55 28.10 25.29 22.71 21.02 20.16 18.58 19.27 19.69 19.60 20.07 21.81 23.57 24.23 25.35 26.51 26.13 23.96 23.22 22.14 21.17 18.71 18.79 17.40 16.69 16.66 16.33 17.90 17.61 19.52 18.99 20.51 19.34 23.02 25.76 
19.34 15.91 12.78 10.85 7.09 5.66 0.00 5.86 7.96 11.25 12.93 14.52 15.46 15.59 16.46 16.10 14.01 11.38 11.63 11.66 14.32 13.98 15.82 17.01 20.17 19.68 22.33 23.99 23.40 19.89 18.48 17.56 17.25 16.79 17.31 19.90 21.60 22.55 23.89 24.19 24.77 23.96 23.84 22.29 21.26 20.07 18.78 17.81 16.12 16.14 15.42 15.87 16.96 19.15 19.84 19.82 19.38 20.48 19.58 20.86 21.92 24.47 26.04 25.90 24.20 24.23 22.35 21.66 21.68 20.74 22.11 21.47 21.95 20.39 20.65 21.00 22.56 22.30 24.24 25.65 28.28 28.42 29.59 29.83 29.53 28.16 28.19 26.50 25.79 25.33 25.91 25.39 26.02 26.99 28.62 29.78 31.76 34.14 37.37 36.52 36.98 37.21 38.40 37.47 36.94 35.58 35.24 34.29 33.43 32.69 33.13 33.15 33.89 35.90 37.43 37.85 37.40 37.78 38.05 37.43 35.37 34.86 34.13 32.97 32.00 31.72 32.04 32.33 32.48 33.35 34.45 35.98 35.44 37.66 38.21 37.98 37.85 39.37 40.79 38.45 38.25 36.28 35.51 34.13 34.26 33.57 34.83 34.73 34.84 35.18 36.47 35.38 37.01 38.59 40.04 39.31 40.27 39.60 41.72 41.18 43.75 43.17 43.48 42.60 41.02 38.30 38.29 36.20 36.00 35.01 37.08 35.90 37.31 37.23 38.72 37.70 36.47 34.20 33.10 33.16 31.84 31.21 31.52 31.76 31.63 33.20 36.09 36.33 34.55 33.25 31.93 29.83 28.47 26.74 26.34 26.04 27.60 26.60 26.29 26.41 29.53 30.70 28.27 26.40 27.44 28.08 25.43 22.80 21.68 20.37 19.05 19.24 19.53 19.46 19.54 21.35 23.13 23.94 25.01 26.14 26.04 23.88 23.44 22.23 21.87 19.01 19.17 17.98 17.40 16.43 16.00 18.92 18.28 20.40 19.09 20.03 19.77 22.10 24.24 
21.21 18.23 14.96 11.90 10.63 6.53 5.86 0.00 5.39 6.86 8.60 11.56 13.37 13.24 14.47 14.67 12.58 10.48 10.75 11.47 14.44 14.77 16.49 18.06 20.71 21.03 22.77 24.39 23.58 20.59 19.25 17.94 17.70 16.52 17.12 18.86 20.08 21.40 22.95 23.18 23.83 22.64 22.91 21.38 20.60 19.09 18.44 17.77 16.51 16.80 16.10 15.98 16.21 18.78 19.86 19.21 18.95 20.17 19.28 20.47 21.78 23.92 25.65 25.52 24.00 23.97 22.57 22.01 22.38 21.46 23.18 22.32 23.58 21.63 22.20 21.97 23.53 22.90 24.32 25.79 28.30 28.52 29.56 30.15 29.91 28.61 28.09 26.80 26.48 26.15 26.20 26.08 27.05 27.93 28.96 30.02 32.33 34.24 37.21 36.33 37.15 37.23 38.34 37.39 37.11 35.91 35.18 34.58 33.61 33.01 33.10 33.19 33.91 35.49 36.56 37.06 36.72 36.86 36.85 36.67 34.89 34.58 33.38 32.92 31.93 32.04 32.03 32.18 32.39 32.87 33.84 34.97 34.53 36.68 37.31 37.23 37.30 38.84 39.81 38.11 37.66 36.07 35.06 34.33 34.14 33.77 34.39 34.64 34.34 34.88 36.11 35.28 36.70 38.38 39.46 38.96 39.65 39.05 40.72 40.60 42.99 42.53 42.46 41.73 40.34 37.98 37.73 36.07 35.82 34.98 36.72 35.51 37.06 36.63 38.07 36.84 35.89 33.87 32.73 33.26 32.01 31.62 31.45 31.93 31.48 32.95 35.61 36.02 34.74 33.24 31.80 30.01 28.89 27.32 26.84 26.56 28.05 26.94 26.85 26.71 29.92 31.05 28.77 26.70 27.94 28.24 25.76 23.01 22.22 21.31 19.70 19.59 19.59 18.96 19.29 20.80 22.68 23.97 25.02 26.03 25.83 23.31 23.25 21.95 21.67 19.31 19.49 18.15 17.73 17.76 17.15 18.41 18.63 20.11 17.60 20.08 20.00 22.66 26.56 
24.24 22.18 17.84 15.04 13.15 10.79 7.96 5.39 0.10 5.35 6.62 9.80 12.96 13.31 14.16 14.84 13.78 12.59 12.70 13.76 16.32 18.01 19.32 20.80 23.39 23.80 25.69 27.35 26.32 24.03 22.45 21.47 20.61 19.87 19.81 21.27 20.97 22.60 23.95 24.79 25.38 24.47 24.69 24.10 23.14 22.93 21.96 21.83 20.28 20.62 19.94 19.84 19.55 22.22 23.24 22.84 22.37 23.40 22.11 23.21 24.30 26.78 28.59 28.60 27.26 27.38 25.60 25.87 26.21 25.88 27.29 27.07 28.19 26.43 26.78 25.88 27.15 26.52 27.77 28.24 30.74 31.09 32.34 32.57 32.50 30.75 30.54 29.84 29.74 28.92 29.24 29.27 30.36 30.94 31.78 32.63 34.27 36.31 39.23 38.03 38.59 39.20 39.93 39.38 39.05 37.98 37.27 36.81 35.96 35.65 35.20 35.11 35.68 37.12 37.52 37.73 37.67 38.02 37.94 37.67 36.22 35.78 35.40 34.80 34.02 34.33 34.37 34.44 33.78 34.43 35.08 36.09 35.28 37.93 38.30 38.26 38.19 39.90 41.13 39.28 39.35 38.04 37.31 36.64 36.51 35.82 36.30 36.33 36.07 36.65 37.56 36.86 38.30 39.91 40.44 40.09 40.99 40.43 41.85 41.60 43.82 43.36 43.30 42.81 41.87 39.65 39.71 38.07 38.02 36.87 38.16 36.85 38.27 38.04 39.23 38.19 37.50 35.81 34.88 35.20 34.00 33.84 33.76 33.95 33.42 34.73 37.20 37.71 36.85 35.45 34.14 32.68 32.06 30.36 29.61 29.58 30.63 29.71 29.15 29.15 31.94 33.33 31.24 29.21 30.75 31.26 28.87 26.05 25.17 24.39 23.26 23.00 22.58 21.91 22.07 23.05 24.73 26.33 27.82 28.67 28.16 26.43 25.89 25.18 24.64 22.91 23.23 21.64 21.37 20.86 20.20 20.61 20.15 22.60 20.23 21.80 22.52 25.38 26.90 
25.74 23.85 19.63 16.97 15.94 13.38 11.25 6.86 5.35 0.18 4.82 7.35 9.83 11.80 13.08 13.24 13.26 12.42 13.19 13.74 17.44 18.33 20.57 21.34 23.43 23.06 25.52 27.13 26.44 23.73 22.58 21.43 21.16 19.95 19.66 20.84 21.13 22.05 23.32 24.17 24.44 23.65 23.42 22.68 22.49 22.13 21.52 21.51 20.26 20.10 18.98 19.03 18.76 21.05 21.87 21.92 21.03 22.46 21.52 22.84 23.96 26.80 28.86 28.87 27.16 27.58 26.09 26.14 26.39 25.93 27.32 26.96 27.99 26.23 26.70 26.10 27.02 26.09 27.15 27.79 30.19 30.42 31.18 31.69 31.34 29.95 29.68 29.28 29.19 28.41 28.66 28.77 29.88 30.39 31.52 31.86 33.23 35.37 38.25 37.42 37.91 38.34 39.31 38.73 38.26 37.32 36.50 36.03 35.22 34.72 34.34 34.02 34.42 36.30 36.71 36.95 36.73 37.24 37.11 36.80 35.11 35.12 34.45 34.07 33.34 33.34 33.22 32.93 32.66 32.92 33.80 35.01 34.57 37.17 37.28 37.13 37.08 39.15 40.17 38.33 38.24 37.17 36.32 35.49 35.45 34.73 34.93 35.17 35.22 35.64 36.53 35.80 37.26 39.12 39.84 39.50 40.40 39.91 41.28 41.18 43.29 42.86 42.66 42.39 41.38 39.14 39.03 37.32 37.15 35.88 37.31 35.88 37.40 36.97 38.38 37.14 36.38 34.74 34.01 34.41 33.17 33.04 32.71 32.64 31.81 33.28 35.80 36.33 35.35 34.25 32.76 31.50 30.90 29.47 29.02 28.85 30.13 28.68 28.39 28.23 31.32 32.45 30.06 28.28 29.92 30.41 28.26 25.45 24.82 24.05 23.15 22.48 22.14 21.25 21.68 22.45 23.80 25.46 26.81 27.95 27.34 25.87 25.61 24.96 24.72 22.76 23.67 22.06 21.82 21.28 21.02 21.16 20.69 21.88 20.98 23.05 23.05 24.76 26.97 
27.09 24.58 20.56 18.29 17.13 14.34 12.93 8.60 6.62 4.82 1.37 5.12 7.52 8.44 11.64 12.30 11.84 11.54 12.65 13.53 16.94 18.10 19.89 21.35 23.30 22.77 24.83 27.13 26.33 23.34 21.82 21.21 20.84 19.37 19.35 20.90 21.20 22.02 22.80 23.56 24.31 23.54 23.37 22.73 22.28 22.39 21.40 20.85 19.69 19.78 18.21 17.98 17.56 20.12 20.76 20.06 18.89 20.48 19.76 21.52 22.43 25.40 28.04 28.08 26.51 26.52 25.36 25.74 25.66 25.35 26.96 26.50 27.37 25.21 25.97 25.16 26.25 24.94 26.04 26.73 28.99 28.79 29.55 29.85 29.83 28.48 28.58 27.94 27.86 27.37 27.87 27.91 28.75 29.37 30.31 30.97 32.01 34.16 37.36 36.34 36.79 37.38 38.41 37.92 37.33 36.41 35.63 35.00 33.93 33.43 33.01 32.76 32.80 34.54 35.24 35.51 35.08 35.44 35.57 35.57 34.15 33.93 33.28 32.63 32.06 31.93 31.55 31.60 30.96 31.50 32.07 33.49 33.00 35.29 35.45 35.78 35.69 37.54 38.81 37.04 37.04 35.62 34.73 34.14 34.13 33.42 33.45 33.75 33.53 34.34 35.13 34.45 35.80 37.84 38.66 38.55 39.27 38.92 40.34 40.44 42.83 42.04 41.75 41.62 40.52 38.06 37.95 36.25 35.92 34.70 35.90 34.41 35.72 35.56 36.66 35.85 35.06 33.52 32.55 33.02 31.56 31.31 31.05 31.05 30.09 31.39 34.19 34.58 33.19 32.04 30.99 29.76 29.31 28.11 27.74 27.71 28.58 27.43 27.03 27.05 30.05 31.03 28.88 27.27 28.87 29.56 27.24 24.75 24.13 23.39 22.29 21.69 21.19 20.54 20.89 21.77 22.90 24.08 25.79 26.98 26.77 25.12 25.09 24.69 24.21 22.38 22.97 21.94 22.00 21.17 20.41 21.57 20.54 21.84 21.19 23.28 23.00 25.59 25.78 
28.98 26.11 21.75 20.07 19.13 16.36 14.52 11.56 9.80 7.35 5.12 0.00 6.50 7.41 9.62 12.07 12.79 12.46 14.18 15.52 18.90 20.18 22.86 23.61 25.42 25.46 27.72 29.69 28.45 26.10 25.06 23.95 23.21 22.32 22.38 23.54 23.51 23.97 24.71 24.93 25.76 25.09 25.22 24.61 24.43 24.83 23.71 23.41 22.37 22.60 20.90 20.33 19.86 22.76 23.24 22.29 20.92 22.55 22.03 23.25 24.11 27.17 29.43 29.58 27.77 28.16 27.75 27.82 28.21 27.89 29.81 29.24 30.44 28.58 28.98 28.44 29.32 28.56 29.23 29.83 31.47 31.95 32.07 32.74 32.23 31.15 30.69 30.48 30.32 30.06 30.17 30.50 31.08 31.73 32.46 32.99 34.25 36.51 39.06 38.22 38.70 39.25 40.36 39.54 39.41 38.37 37.69 37.08 36.04 35.35 35.02 34.68 34.68 36.24 36.85 37.26 36.78 36.92 37.05 37.17 35.80 35.87 34.85 34.68 33.98 34.05 33.58 33.46 32.86 33.15 33.65 34.96 34.59 36.85 37.21 37.21 37.37 39.20 40.22 38.77 38.68 37.32 36.37 35.76 35.84 35.03 35.02 35.39 35.31 35.65 36.73 35.84 37.55 39.37 40.29 39.99 41.03 40.20 41.86 41.63 43.99 43.25 43.18 42.69 42.00 39.68 39.77 37.88 37.77 36.61 37.81 36.29 37.60 37.26 38.67 37.31 36.63 35.37 34.63 35.19 33.66 33.69 33.25 33.34 32.22 33.83 36.21 36.94 35.72 34.63 33.29 32.39 31.82 30.90 30.47 30.52 31.46 30.34 29.78 29.82 32.28 33.55 31.26 29.73 31.14 32.03 29.61 27.64 26.98 26.19 25.27 24.95 24.34 23.90 23.89 25.09 25.69 27.53 28.58 29.72 28.84 27.91 27.81 27.69 27.01 25.59 26.17 25.25 24.65 24.23 23.85 23.92 22.91 23.91 23.68 25.78 24.85 26.52 27.19 
29.41 27.08 21.98 19.82 19.12 16.86 15.46 13.37 12.96 9.83 7.52 6.50 0.00 5.27 7.78 9.66 12.07 12.19 13.98 15.39 19.25 21.10 23.91 24.78 26.74 27.56 29.93 31.03 29.70 27.53 26.35 25.20 24.45 23.28 23.04 24.20 24.19 24.35 25.25 26.12 27.07 26.04 26.28 26.05 26.27 26.16 24.93 24.87 23.54 23.74 21.87 21.49 20.60 22.89 23.65 22.98 21.65 23.14 22.85 24.22 25.31 27.83 30.45 30.23 29.02 29.57 29.00 29.08 29.46 29.06 30.73 30.31 31.41 29.80 30.27 29.68 30.65 29.83 31.08 31.37 33.20 33.19 33.85 34.06 33.95 32.13 32.13 31.61 32.04 31.25 31.44 31.44 32.10 32.47 33.23 33.78 34.80 36.95 39.30 38.65 39.06 39.56 40.74 40.27 40.23 39.29 38.53 37.90 36.97 36.28 35.79 35.37 35.64 36.99 37.29 37.56 37.26 37.49 37.67 37.74 36.80 36.32 35.68 35.28 34.66 34.79 34.37 34.21 33.64 34.11 34.22 35.29 34.91 37.32 37.49 37.71 38.12 39.64 40.36 38.95 39.22 37.77 36.91 36.45 36.58 35.64 35.50 35.84 35.84 36.04 36.78 36.38 38.04 39.68 39.77 39.92 40.82 40.37 41.46 41.58 43.85 43.31 42.99 42.73 41.96 39.83 39.96 38.47 38.35 37.17 38.24 36.63 38.09 37.90 39.18 37.95 37.29 36.17 35.34 35.63 34.11 34.29 33.95 34.00 33.30 34.95 37.34 37.84 37.13 35.84 34.70 33.58 33.54 32.26 31.58 31.79 33.01 31.76 31.07 30.66 33.65 34.52 32.46 30.69 32.61 33.21 31.02 28.58 28.11 27.69 26.89 26.60 26.05 25.75 26.12 26.61 27.80 28.96 30.81 31.02 30.43 29.34 29.43 28.59 28.16 26.62 27.34 26.00 25.32 25.06 24.51 24.57 23.28 25.03 24.97 25.34 23.53 27.13 26.76 
28.94 26.56 22.65 20.39 19.00 16.92 15.59 13.24 13.31 11.80 8.44 7.41 5.27 0.00 5.92 7.83 9.70 11.21 13.61 14.99 19.03 20.73 23.63 24.55 26.41 26.76 29.25 30.34 29.13 26.62 25.13 24.17 23.92 22.22 21.53 23.31 23.36 23.83 24.40 25.08 26.16 24.79 24.80 24.60 24.77 24.94 23.72 23.54 22.36 22.33 20.78 20.40 19.19 21.49 22.15 21.60 20.57 22.39 22.11 23.59 24.60 28.05 30.04 30.03 28.42 28.96 28.29 28.28 28.44 28.19 29.73 29.28 30.03 28.49 29.14 28.63 29.58 28.98 30.04 30.56 32.50 32.33 32.96 33.13 32.82 30.89 30.71 30.69 30.77 30.23 30.23 30.64 30.75 31.61 32.16 32.90 33.71 35.73 38.14 37.73 38.13 38.45 39.44 39.01 39.00 38.04 37.18 36.72 35.87 35.23 34.62 34.30 34.72 36.31 36.58 36.89 36.77 36.79 36.73 36.75 35.51 35.60 34.35 34.18 33.59 33.66 32.96 33.10 32.56 33.02 33.07 34.65 34.25 36.77 36.64 36.73 37.06 38.95 39.47 38.18 38.11 36.98 35.87 35.42 35.52 34.73 34.48 35.10 35.12 35.33 36.17 35.50 37.42 39.11 39.66 39.43 40.66 39.82 41.09 40.90 43.48 42.71 42.40 42.23 41.53 39.24 39.28 37.63 37.56 36.28 37.30 35.82 37.20 37.07 38.43 36.88 36.32 35.06 34.39 34.77 33.15 33.46 32.97 33.06 32.18 33.87 36.23 37.00 35.94 35.02 33.65 32.52 32.30 31.29 30.74 30.86 31.97 30.69 30.05 29.90 32.68 33.66 31.38 29.88 31.52 32.48 30.07 28.15 27.33 26.83 26.00 25.91 25.18 25.26 25.42 26.55 27.13 29.03 29.92 30.81 29.94 28.71 28.57 28.03 27.52 26.21 26.89 25.59 25.25 25.04 24.40 24.63 23.70 24.37 24.18 25.20 24.24 25.27 25.52 
27.99 26.24 22.79 21.08 18.88 16.75 16.46 14.47 14.16 13.08 11.64 9.62 7.78 5.92 0.00 5.92 7.81 9.87 11.51 14.38 18.93 19.95 22.28 23.63 26.25 26.40 28.93 30.42 29.54 26.76 24.98 24.20 23.81 22.12 21.90 23.48 23.96 23.84 24.70 25.47 26.15 24.98 24.56 24.60 24.00 24.27 23.11 22.75 21.34 21.62 19.87 19.51 17.79 20.34 20.68 20.31 19.64 21.77 21.38 23.11 24.45 27.53 30.25 30.41 28.63 28.68 27.84 28.16 28.22 27.70 29.40 28.93 29.50 28.03 28.58 28.15 29.12 28.40 29.62 29.98 32.08 31.84 32.42 32.53 32.61 30.76 30.70 30.03 30.28 29.68 29.80 30.07 30.38 31.10 31.87 32.44 33.45 35.37 37.76 37.15 37.87 38.17 39.04 38.74 38.68 37.46 36.76 36.16 35.41 34.73 34.20 33.92 34.25 35.79 36.23 36.66 36.42 36.46 36.39 36.26 35.47 34.88 34.09 33.47 33.06 32.78 32.36 32.39 31.97 32.48 32.63 34.30 33.87 36.04 36.05 36.45 36.63 38.37 39.32 37.57 37.82 36.30 35.66 35.01 35.38 34.50 34.48 34.76 35.00 35.43 36.34 35.72 37.40 39.23 39.71 39.66 40.72 40.16 41.28 41.42 44.34 43.22 42.76 42.55 41.96 39.50 39.42 37.83 37.75 36.42 37.26 35.70 37.21 37.07 38.18 37.11 36.48 35.10 34.20 34.43 32.93 32.78 32.54 32.66 31.67 32.95 35.83 36.30 35.30 34.02 33.05 31.83 31.54 30.52 30.14 30.09 31.14 29.95 29.41 29.23 32.27 33.18 31.27 29.62 31.31 32.09 29.89 27.60 26.89 26.43 25.41 25.32 24.62 24.71 25.20 26.26 27.57 28.62 30.04 30.86 30.16 28.40 28.15 27.72 27.49 25.96 26.38 25.64 25.37 24.98 23.57 24.57 23.04 23.92 22.59 24.97 24.02 26.45 24.76 
27.63 25.68 21.96 20.93 19.01 17.23 16.10 14.67 14.84 13.24 12.30 12.07 9.66 7.83 5.92 0.00 5.97 6.94 9.51 12.32 17.40 18.85 21.35 23.24 25.79 26.14 28.46 30.19 29.31 26.55 25.16 23.80 23.74 21.82 21.41 22.39 23.17 22.67 24.17 24.33 25.16 23.39 23.43 22.63 22.38 22.72 21.81 21.68 20.70 20.77 18.55 17.28 16.65 18.39 18.92 18.22 18.70 20.80 20.58 21.91 23.56 27.03 29.48 29.61 27.71 28.01 27.17 27.36 27.07 26.76 28.34 27.84 28.74 27.28 27.80 27.49 28.65 28.18 29.26 29.92 31.87 32.29 32.49 32.92 32.43 30.93 30.18 29.65 29.61 29.18 28.98 29.19 29.58 30.39 31.06 31.76 32.95 35.01 37.17 36.71 37.29 37.35 38.39 37.86 37.80 36.40 35.61 35.27 34.68 33.92 33.72 33.49 33.95 35.78 36.34 37.08 36.49 36.60 36.31 36.26 34.79 34.65 33.48 33.20 32.69 32.57 32.09 32.20 31.88 32.39 32.75 34.30 33.88 36.23 36.20 36.38 36.30 38.37 39.03 37.48 37.32 35.91 35.11 34.50 34.75 33.86 33.86 34.48 34.41 34.93 35.86 35.21 36.77 38.70 39.17 39.20 40.11 39.26 40.67 40.51 43.15 42.71 42.15 41.83 41.08 38.82 38.84 36.89 37.00 35.91 37.03 35.39 36.93 36.93 38.02 36.55 35.98 34.47 33.76 34.11 32.74 32.61 32.28 32.53 31.76 33.16 35.59 36.72 35.46 34.19 32.76 31.72 31.39 30.29 29.92 29.72 30.83 29.55 29.17 28.94 32.01 32.93 30.75 29.25 30.45 31.15 28.49 26.76 26.36 25.66 25.03 25.03 24.54 24.00 24.92 26.13 27.24 28.67 30.13 30.66 29.71 27.76 27.66 27.04 26.47 25.01 25.54 24.56 24.29 23.52 23.01 23.44 23.17 23.56 23.01 25.30 24.80 26.02 25.25 
25.26 23.07 18.97 18.17 17.08 13.92 14.01 12.58 13.78 13.26 11.84 12.79 12.07 9.70 7.81 5.97 0.00 5.06 6.69 10.25 14.04 16.78 19.26 20.21 22.69 23.88 25.98 27.85 26.88 24.35 22.63 21.76 21.56 19.82 19.10 20.37 21.12 20.78 21.80 22.66 23.18 21.73 20.63 20.41 20.10 20.06 18.73 18.95 17.75 16.64 14.40 13.75 13.18 14.42 15.80 15.86 16.05 18.12 17.82 19.57 21.36 24.65 27.18 27.17 25.53 25.81 24.94 24.63 24.39 23.80 25.39 24.92 25.87 24.48 24.95 24.73 26.08 25.50 27.17 27.96 30.18 29.99 30.75 30.74 30.90 28.65 28.17 27.07 27.43 26.40 26.50 26.23 26.85 27.30 28.26 28.70 30.07 31.99 34.74 34.15 34.61 34.97 36.17 35.56 35.13 33.94 33.42 32.84 32.15 31.67 31.70 31.63 32.34 34.00 34.86 35.16 35.07 35.22 35.26 34.84 33.28 32.83 31.94 31.39 30.70 30.70 30.35 30.53 30.22 31.00 31.24 32.59 32.19 34.55 34.63 34.66 34.54 36.27 37.07 35.34 35.24 33.74 33.05 32.56 32.86 31.87 31.89 32.18 32.33 32.65 33.63 33.13 34.50 36.14 36.47 36.63 37.45 36.97 38.29 38.48 40.88 40.15 39.96 39.49 38.59 36.37 36.42 34.72 34.67 33.60 35.01 33.32 35.00 34.93 36.27 34.73 34.20 32.76 31.79 31.83 30.69 30.56 30.47 30.88 30.70 31.88 34.55 35.06 34.53 32.86 31.54 30.20 29.95 28.37 27.83 27.81 29.33 27.92 27.35 27.12 30.44 31.04 28.73 26.73 28.58 28.79 25.87 23.69 24.01 23.48 22.63 22.52 22.38 22.30 22.63 23.90 25.34 26.86 28.32 28.75 27.57 25.79 25.62 24.48 23.81 22.10 22.68 21.72 21.34 20.77 20.34 20.84 19.91 22.16 22.16 23.78 22.52 25.56 25.94 
23.47 20.71 16.98 15.99 14.73 11.86 11.38 10.48 12.59 12.42 11.54 12.46 12.19 11.21 9.87 6.94 5.06 0.00 5.57 6.40 11.45 13.22 16.77 17.67 19.63 21.15 23.32 25.14 24.24 21.28 19.23 18.30 18.94 16.27 15.90 17.38 18.48 18.32 19.88 20.49 21.34 19.88 18.85 18.26 17.95 17.54 16.11 16.30 14.40 13.37 11.77 10.79 10.33 13.03 14.14 14.02 14.71 16.80 16.60 18.08 19.91 23.35 25.64 25.36 23.76 23.95 23.07 22.33 22.02 21.19 22.95 22.21 23.09 21.80 22.61 22.04 23.62 23.15 25.53 26.12 28.78 28.53 29.22 29.23 29.03 26.71 26.27 25.21 25.40 24.24 24.19 24.05 24.38 24.81 26.16 26.60 28.23 29.76 32.54 31.93 32.74 32.74 33.94 33.16 33.01 31.89 31.28 30.76 30.10 29.73 29.82 29.90 30.71 32.77 33.52 34.39 33.84 34.07 33.71 33.44 31.49 31.14 29.95 29.43 28.46 28.51 28.36 28.20 28.35 28.97 29.71 31.12 30.80 33.28 33.22 33.04 32.93 35.02 35.74 33.95 33.49 32.14 31.28 30.56 30.66 30.04 30.45 30.88 30.88 31.28 32.59 31.78 33.24 34.93 35.78 35.41 36.44 35.51 37.12 36.98 39.55 39.04 38.59 38.08 37.34 34.83 34.86 32.89 32.82 31.80 33.51 31.95 33.59 33.63 35.04 33.45 32.43 30.82 30.07 30.15 28.84 28.96 28.88 29.30 28.91 30.77 33.42 34.14 33.02 31.84 30.39 28.40 27.68 26.62 26.20 25.72 27.18 26.01 25.98 25.50 28.79 29.75 27.38 25.48 27.14 27.22 24.29 21.91 22.03 21.50 20.61 20.07 20.43 20.43 21.48 22.34 24.30 25.88 27.11 27.59 26.60 24.50 23.99 22.59 22.07 20.25 20.63 19.41 19.21 18.40 18.15 18.27 18.58 20.39 19.25 22.19 21.80 24.11 24.59 
22.32 20.08 16.32 14.73 14.15 11.47 11.63 10.75 12.70 13.19 12.65 14.18 13.98 13.61 11.51 9.51 6.69 5.57 0.00 5.82 7.61 11.35 13.55 16.02 18.51 19.07 21.45 23.34 22.56 19.98 18.41 17.16 17.37 15.77 15.93 17.49 18.35 18.68 20.41 21.37 21.57 20.19 19.62 18.74 17.52 16.78 15.27 14.56 12.68 12.12 11.05 10.75 10.68 13.26 15.38 15.41 15.79 17.08 16.64 18.48 20.61 23.59 25.78 26.15 24.33 24.08 22.71 22.27 21.74 21.10 22.25 21.69 22.25 21.01 21.69 21.67 22.79 23.19 25.34 26.84 29.02 28.77 29.73 29.84 29.63 27.23 26.76 25.54 25.69 24.15 24.02 23.82 24.34 24.81 25.91 26.58 28.37 29.96 32.36 31.71 32.57 32.75 33.67 33.16 32.95 31.76 31.24 30.80 30.10 29.86 30.08 30.15 30.93 32.80 33.90 34.38 34.26 34.08 34.18 33.45 31.83 31.24 30.23 29.28 28.52 28.52 28.50 28.49 28.35 29.42 30.06 31.35 30.87 33.25 33.38 32.95 32.65 34.89 36.01 33.69 33.55 32.22 31.77 30.76 30.99 30.62 31.28 31.43 31.60 32.30 33.62 32.76 34.20 35.86 36.56 36.27 37.05 36.38 37.78 37.82 40.37 39.61 39.29 38.96 37.86 35.48 35.30 33.54 33.36 32.38 34.07 32.55 34.03 34.15 35.61 34.03 33.26 31.54 30.68 30.46 29.10 29.02 29.24 29.66 29.26 30.82 34.11 34.47 33.44 31.93 31.09 28.76 27.82 26.63 26.59 26.06 27.10 26.42 26.50 25.94 28.97 30.33 28.32 25.95 27.11 27.71 25.02 22.17 22.02 21.45 20.67 20.36 20.21 21.00 22.22 23.65 25.28 26.60 28.04 28.73 27.76 25.21 24.68 23.20 22.67 20.53 20.63 19.47 19.41 18.49 18.30 18.79 18.22 19.98 18.86 21.90 21.47 24.21 24.76 
21.76 19.39 15.46 13.71 13.71 12.22 11.66 11.47 13.76 13.74 13.53 15.52 15.39 14.99 14.38 12.32 10.25 6.40 5.82 0.00 5.97 6.59 10.72 12.32 15.67 16.71 18.83 21.77 20.38 17.32 15.71 14.80 15.64 14.21 14.79 16.68 17.91 17.83 19.81 20.44 20.72 19.46 19.00 17.45 16.69 15.35 14.06 12.68 11.39 10.12 9.64 10.14 10.98 13.38 15.76 15.41 14.92 16.66 16.66 17.67 19.50 22.73 25.00 25.11 23.10 23.19 21.75 21.18 20.26 19.87 20.75 19.78 20.22 19.27 20.21 20.36 22.17 22.36 24.94 25.83 28.57 28.67 29.53 29.70 29.38 27.11 26.44 25.15 24.92 23.48 22.96 22.87 23.56 24.14 25.34 25.74 27.65 29.56 32.25 31.38 32.02 32.29 33.36 32.81 32.52 31.29 30.68 30.32 29.58 29.49 29.62 29.85 30.78 32.86 34.24 34.95 34.57 34.59 34.38 33.76 31.81 31.26 29.84 29.27 28.08 28.18 27.98 28.13 28.16 29.00 29.90 31.53 30.85 33.12 33.36 33.10 32.81 34.65 35.74 33.77 33.26 31.85 31.24 30.55 30.46 30.08 30.61 31.16 31.40 32.02 33.23 32.47 33.85 35.60 36.17 35.73 36.68 35.86 37.39 37.30 39.65 39.19 38.98 38.31 37.30 35.19 34.88 32.92 32.63 32.13 33.74 32.29 33.88 33.91 35.42 33.72 32.81 30.87 30.13 30.29 28.66 28.80 28.82 29.42 28.97 30.86 33.84 34.73 33.16 32.04 30.75 28.70 27.34 26.19 25.74 25.35 26.33 25.50 25.65 25.24 28.32 29.55 27.20 25.10 26.50 26.71 23.76 21.22 20.90 20.20 19.27 19.09 19.56 19.98 21.49 22.86 24.76 26.23 27.46 28.21 27.07 24.82 23.88 22.42 21.58 19.79 19.46 18.03 17.35 17.33 16.71 17.56 17.49 19.49 17.95 21.60 20.94 23.58 24.77 
22.18 20.06 15.77 13.93 14.83 13.33 14.32 14.44 16.32 17.44 16.94 18.90 19.25 19.03 18.93 17.40 14.04 11.45 7.61 5.97 0.00 5.94 7.36 11.00 13.90 15.55 17.34 20.25 20.07 16.24 14.17 13.65 15.05 14.46 15.22 17.78 18.97 19.79 21.37 22.04 22.10 20.86 19.67 18.40 17.16 15.80 13.52 12.35 10.51 10.14 9.71 11.13 13.64 16.59 18.68 17.44 16.17 18.39 18.00 19.05 20.15 23.48 26.26 26.04 23.97 23.80 22.26 21.59 20.77 20.01 20.67 19.50 20.07 18.89 20.05 20.46 22.45 23.11 25.63 26.96 29.52 29.86 30.91 30.90 30.67 28.49 27.86 26.38 25.87 24.03 23.63 23.10 23.60 24.29 25.71 26.10 28.25 30.34 33.65 32.37 33.04 33.33 34.67 34.07 33.45 32.47 31.85 31.50 30.65 30.45 30.75 31.35 32.32 34.54 36.01 36.78 36.82 36.37 36.27 35.64 33.65 32.72 31.35 30.40 29.04 28.97 29.12 29.43 29.57 30.51 31.95 33.28 32.92 34.98 35.15 35.06 34.76 36.51 37.45 35.35 35.38 33.32 32.54 31.71 31.90 31.33 31.97 32.41 32.94 33.28 34.79 33.84 35.54 36.94 37.53 37.13 37.98 37.29 38.72 38.78 40.85 40.42 40.16 39.58 38.18 35.91 35.79 34.00 33.67 32.93 34.66 33.40 35.47 35.11 36.97 35.15 34.10 32.47 31.06 30.88 29.30 29.64 29.82 30.56 30.42 32.52 35.80 36.03 35.21 33.81 32.52 30.17 29.06 27.29 26.57 26.12 27.21 26.44 26.59 26.44 29.56 30.39 27.66 25.75 27.41 27.69 24.12 21.74 21.41 20.63 19.22 19.80 20.26 21.24 22.37 24.21 26.12 27.55 28.53 29.23 28.47 26.15 25.06 23.45 22.53 20.21 19.80 18.17 17.64 17.56 17.56 18.18 18.09 19.90 18.90 20.90 20.69 24.07 25.34 
21.08 18.71 14.48 12.97 14.01 13.00 13.98 14.77 18.01 18.33 18.10 20.18 21.10 20.73 19.95 18.85 16.78 13.22 11.35 6.59 5.94 0.00 5.68 6.81 11.10 12.29 14.53 17.34 16.76 13.87 12.45 12.30 13.47 13.28 14.53 17.62 18.41 19.39 21.19 21.69 21.04 20.60 19.77 18.80 16.68 15.88 13.12 11.88 10.51 10.58 11.18 11.86 13.96 16.96 18.33 16.78 15.85 17.34 17.41 18.26 19.06 22.35 24.41 24.75 22.50 22.35 20.97 20.60 19.80 18.81 19.66 18.27 18.84 17.56 19.05 19.25 21.41 21.84 24.52 25.59 28.25 28.51 29.48 29.70 29.09 26.93 26.35 25.43 24.72 23.19 22.78 22.65 22.51 23.47 24.73 25.51 27.39 29.82 32.33 31.45 31.61 32.41 33.21 32.81 32.27 31.48 30.55 30.49 29.47 29.37 29.63 30.18 31.09 33.25 34.62 35.77 35.26 35.31 34.92 34.49 32.16 31.61 30.18 29.50 27.83 28.20 27.88 28.07 27.92 29.19 30.16 32.09 31.21 33.94 33.94 33.86 33.30 35.37 36.28 34.52 33.75 32.37 31.59 30.84 30.57 30.45 31.20 31.81 31.85 32.65 34.02 33.21 34.54 36.23 36.69 36.32 37.25 36.27 37.72 37.62 39.73 39.47 39.09 38.61 37.21 34.90 34.73 33.00 32.45 31.66 33.51 32.40 33.81 33.86 35.46 34.03 32.83 31.11 30.01 30.05 28.23 28.86 28.89 29.54 29.29 31.50 34.60 35.15 34.02 32.90 31.60 29.20 27.77 26.35 25.71 25.09 25.76 25.03 25.40 25.28 28.33 29.17 26.34 24.87 26.30 26.63 23.05 20.55 20.47 19.53 18.38 19.01 19.94 20.50 21.83 23.52 25.27 26.71 27.48 28.57 27.73 25.74 24.30 22.99 21.94 20.01 19.15 17.59 16.65 16.79 16.08 17.36 17.20 19.49 18.14 21.02 20.39 23.14 24.82 
20.93 18.73 15.44 14.44 14.36 14.01 15.82 16.49 19.32 20.57 19.89 22.86 23.91 23.63 22.28 21.35 19.26 16.77 13.55 10.72 7.36 5.68 0.00 5.83 7.61 9.99 12.25 15.30 14.36 12.77 12.31 11.40 12.33 13.18 15.03 18.09 19.02 20.74 22.38 22.99 22.47 21.82 21.38 20.07 17.57 15.85 13.29 12.28 10.60 11.15 11.96 13.93 14.87 17.33 18.38 17.71 16.86 18.13 17.55 18.29 19.87 22.45 24.58 24.34 22.95 22.43 20.63 20.21 19.83 19.03 19.65 18.44 19.01 17.99 18.95 19.56 20.98 21.76 24.44 25.81 28.59 28.50 29.78 29.63 29.36 27.03 26.76 25.33 24.97 23.36 23.18 22.66 22.77 23.46 24.95 25.57 27.63 29.57 32.59 31.15 31.74 32.06 33.10 32.74 32.45 31.37 30.86 30.60 29.91 29.67 30.05 30.33 31.12 33.25 34.79 35.50 35.22 35.05 35.41 34.57 32.49 31.70 30.85 29.65 28.41 28.34 28.31 28.08 27.93 29.19 30.19 31.63 31.14 33.39 33.76 33.27 32.80 35.06 36.64 34.25 33.95 32.60 32.43 31.19 31.23 30.96 31.90 31.97 32.43 32.98 34.57 33.57 34.99 36.46 37.39 37.03 37.77 36.75 38.26 38.08 40.18 39.69 39.63 38.96 37.68 35.43 35.46 33.47 33.05 32.16 34.00 32.37 33.69 33.71 35.36 34.01 33.11 31.42 30.31 30.09 28.70 28.66 28.81 29.59 29.38 31.22 34.27 34.71 34.00 32.48 31.50 29.45 28.05 26.64 26.06 25.24 25.87 25.01 25.30 25.00 28.02 28.89 26.67 24.39 26.22 26.41 23.23 20.78 20.96 20.16 18.98 19.53 20.14 20.87 22.43 24.28 26.06 26.93 28.30 29.27 28.72 26.46 25.20 23.79 22.91 20.43 19.31 17.56 17.01 16.54 16.53 17.65 17.66 19.42 18.25 20.56 20.92 24.03 25.18 
21.06 18.60 16.13 14.98 15.75 15.84 17.01 18.06 20.80 21.34 21.35 23.61 24.78 24.55 23.63 23.24 20.21 17.67 16.02 12.32 11.00 6.81 5.83 0.00 5.77 6.34 9.03 12.13 11.80 9.71 10.29 10.58 12.37 12.55 15.26 18.09 19.72 20.54 21.98 22.70 22.55 21.81 21.11 19.95 17.56 15.99 12.99 11.99 10.74 11.28 11.53 13.52 15.09 17.58 18.40 17.65 16.87 18.39 17.59 17.83 18.46 22.22 24.37 24.00 21.75 21.92 20.65 19.98 19.43 18.71 19.42 17.88 18.55 17.22 18.57 19.03 20.59 21.29 23.62 24.97 27.56 27.92 29.01 29.12 28.81 26.78 26.08 24.79 24.47 22.97 22.73 22.22 22.47 23.23 24.83 25.26 26.83 29.17 32.06 31.04 31.29 31.73 33.01 32.61 32.30 31.33 30.66 30.43 29.88 29.66 29.89 30.22 30.94 33.13 34.59 35.50 35.25 35.28 35.27 34.86 32.57 32.04 30.80 29.84 28.44 28.50 28.19 28.12 28.09 28.89 29.64 31.28 30.52 32.69 32.85 32.89 32.42 34.66 35.91 34.11 33.55 32.35 31.89 31.17 31.10 30.78 31.27 31.55 31.94 32.59 33.83 32.94 34.53 36.11 36.85 36.43 37.14 36.34 37.69 37.56 39.52 39.30 39.08 38.39 37.18 35.13 34.97 32.80 32.76 31.97 33.68 32.02 33.63 33.29 34.99 33.35 33.03 30.70 29.83 29.77 28.69 28.40 28.46 29.28 29.28 30.95 33.89 34.55 33.54 32.21 31.11 29.05 27.94 26.36 25.51 24.75 25.61 24.51 24.52 24.22 27.33 28.26 25.81 23.98 25.47 25.50 22.81 20.18 20.55 19.75 18.88 19.16 19.79 20.22 21.76 23.70 25.34 26.72 27.89 29.03 28.40 26.26 25.18 23.74 22.64 20.27 19.35 17.33 16.41 16.24 15.38 16.88 17.43 19.92 18.25 21.96 21.33 24.47 25.64 
23.19 21.49 19.38 18.04 18.13 18.54 20.17 20.71 23.39 23.43 23.30 25.42 26.74 26.41 26.25 25.79 22.69 19.63 18.51 15.67 13.90 11.10 7.61 5.77 1.49 5.76 6.96 10.46 11.78 10.19 10.06 11.31 14.49 15.00 17.13 20.94 21.88 22.44 23.22 24.16 24.68 22.98 21.77 20.44 19.09 17.14 14.72 13.65 13.42 13.86 13.93 15.49 17.37 20.77 21.02 20.04 18.85 20.40 19.53 18.97 19.53 23.53 26.49 25.35 23.04 23.62 22.60 21.90 20.87 20.05 20.74 19.39 19.79 18.53 19.52 19.87 21.30 22.08 24.59 25.92 28.48 29.06 30.29 30.41 30.41 28.36 27.55 26.41 26.07 24.63 24.07 23.68 23.80 24.74 25.97 26.42 27.95 30.45 33.45 32.50 32.66 33.32 34.60 34.33 34.02 33.23 32.69 32.49 31.81 31.56 31.78 32.06 32.90 34.92 36.22 37.09 37.10 37.20 37.26 36.93 35.09 34.39 33.14 32.21 30.86 30.64 30.34 30.57 30.29 31.01 31.78 33.00 32.23 34.34 34.49 34.56 34.42 36.49 37.67 35.77 35.61 34.22 33.63 33.01 33.48 32.86 33.41 33.57 33.80 34.35 35.54 34.72 36.46 37.96 38.58 38.11 38.89 37.91 39.22 39.10 41.09 40.46 40.43 39.82 38.59 36.24 36.23 34.55 34.37 33.47 35.05 33.59 35.38 35.04 36.47 35.40 34.86 32.87 31.44 31.43 30.20 30.09 30.13 31.06 30.85 32.79 35.60 36.27 35.22 34.05 32.80 30.93 29.70 28.01 27.02 26.51 27.52 26.27 25.61 25.49 28.50 29.30 26.66 24.77 27.16 27.32 24.27 21.92 21.98 21.47 20.44 20.73 21.47 22.17 23.49 25.13 27.33 28.55 29.73 30.59 30.57 28.16 27.03 25.58 24.24 21.85 21.21 18.96 18.20 17.73 17.93 18.80 18.69 21.68 20.53 22.37 22.44 25.89 26.58 
22.32 20.64 18.89 17.87 17.81 18.22 19.68 21.03 23.80 23.06 22.77 25.46 27.56 26.76 26.40 26.14 23.88 21.15 19.07 16.71 15.55 12.29 9.99 6.34 5.76 0.00 4.73 7.66 9.56 9.11 9.65 10.17 13.13 14.42 16.18 20.02 20.40 21.72 23.13 23.95 23.79 22.86 21.74 21.00 19.49 18.60 15.91 14.19 13.51 14.34 14.37 15.56 17.26 19.89 20.60 19.23 17.82 19.21 17.99 18.59 18.85 22.08 24.63 24.21 22.10 22.34 21.47 20.93 20.52 19.37 20.36 19.10 19.85 17.77 19.17 19.37 20.69 21.07 23.55 24.70 27.67 28.07 28.80 29.08 28.92 26.75 25.99 25.02 24.76 23.39 23.02 22.71 22.73 23.73 25.08 25.39 27.22 29.69 32.47 31.37 31.79 32.29 33.53 33.11 33.07 32.46 31.56 31.40 30.65 30.45 30.55 30.78 31.49 33.86 35.06 36.18 35.88 36.20 36.13 35.92 33.89 33.43 32.09 31.27 29.86 29.61 29.18 29.10 28.87 29.50 30.44 32.12 31.29 33.67 33.76 33.82 33.53 35.85 37.03 35.11 34.73 33.40 32.85 32.13 32.09 31.86 32.55 32.91 32.81 33.51 34.75 33.86 35.45 37.19 37.85 37.40 38.18 37.07 38.37 38.07 40.06 39.66 39.50 38.77 37.77 35.29 35.39 33.26 33.35 32.21 33.79 32.08 33.89 33.52 35.12 33.61 33.03 31.15 30.20 29.97 28.58 28.69 29.10 29.41 29.35 31.24 34.38 34.79 33.71 32.74 31.67 29.52 28.24 26.76 26.28 25.52 26.35 25.13 25.01 24.42 27.47 28.24 25.70 24.37 26.09 26.48 23.18 21.00 21.48 20.54 19.46 20.23 21.14 21.34 22.63 24.35 26.42 27.93 28.68 30.15 29.78 27.74 26.14 24.95 23.82 21.47 20.64 18.60 17.52 17.26 16.43 17.66 18.10 20.67 19.21 22.38 21.81 24.51 25.60 
22.96 22.08 20.99 19.99 19.56 19.73 22.33 22.77 25.69 25.52 24.83 27.72 29.93 29.25 28.93 28.46 25.98 23.32 21.45 18.83 17.34 14.53 12.25 9.03 6.96 4.73 0.00 5.83 7.72 9.16 10.52 12.11 13.84 15.13 17.76 20.95 21.57 23.79 25.77 26.67 26.68 25.63 25.22 24.13 22.61 21.99 19.50 18.05 16.20 16.74 16.56 18.46 18.99 21.56 22.12 21.34 19.57 20.80 19.49 20.00 20.66 23.38 25.66 25.38 24.13 24.31 23.01 22.71 22.62 21.53 22.02 21.62 22.18 20.91 20.94 21.31 22.98 23.24 24.81 26.27 29.24 29.10 29.87 30.15 30.11 27.81 27.03 25.93 25.59 24.95 24.97 24.68 24.31 25.64 27.09 27.54 28.76 31.30 34.25 32.89 33.20 33.92 34.84 34.67 34.61 33.62 33.12 32.98 32.26 32.13 32.31 32.27 32.67 34.92 36.36 37.05 36.98 37.10 37.57 37.01 35.51 34.96 33.90 32.88 31.40 31.27 30.90 30.74 30.15 30.95 31.64 33.28 32.55 34.70 34.90 34.91 34.58 37.07 38.85 36.60 36.59 35.31 35.25 34.19 34.11 33.71 34.50 34.41 34.61 35.07 36.78 35.49 37.19 38.65 39.65 39.11 39.74 38.88 40.18 39.75 41.85 41.34 41.45 40.70 39.47 37.58 37.75 35.73 35.24 34.26 35.80 33.82 34.87 34.83 36.25 34.99 34.13 32.83 31.87 31.73 30.04 30.44 30.73 31.07 30.59 32.61 35.54 35.91 35.05 34.04 33.04 31.31 30.05 28.93 28.25 27.66 28.14 27.13 26.99 26.17 28.88 29.80 27.83 25.90 28.01 28.14 25.33 23.48 23.72 22.91 21.81 22.56 23.21 23.58 24.39 26.24 28.41 29.36 30.67 31.82 32.00 29.58 27.91 26.46 25.51 23.26 22.41 20.42 19.57 19.02 18.89 19.79 19.31 21.53 20.30 22.18 22.55 25.21 25.90 
