0.00 4.52 7.03 10.39 12.46 14.84 17.54 20.08 22.78 21.93 21.22 21.34 20.80 20.96 22.54 23.02 25.17 27.40 29.31 28.64 29.36 29.78 30.07 28.03 27.82 28.59 27.56 25.12 25.60 26.66 25.65 23.13 24.12 25.01 24.05 22.54 23.66 24.59 23.52 22.11 20.62 20.78 19.79 19.40 19.61 20.79 21.16 23.13 26.27 27.58 26.04 26.59 26.80 26.38 26.09 26.25 26.42 25.98 25.76 25.27 25.37 25.54 26.36 25.71 26.07 26.73 26.68 25.35 26.58 27.34 27.01 26.23 25.13 24.85 23.83 23.79 23.90 25.07 26.03 26.25 28.31 29.42 28.31 27.01 28.22 27.96 27.10 26.68 27.11 26.64 27.25 27.75 27.38 27.91 28.68 27.84 27.22 29.04 30.59 30.73 31.34 31.07 32.21 32.56 31.18 29.89 31.26 31.63 30.87 32.06 
4.52 0.00 2.61 6.70 9.40 12.19 13.67 17.40 19.43 19.50 17.64 17.49 17.44 17.64 20.52 19.92 22.89 24.81 27.77 26.75 27.29 27.83 28.21 26.26 25.76 26.87 25.49 22.44 23.22 24.14 22.74 20.21 21.20 22.25 20.71 19.41 20.41 21.36 20.33 19.16 17.83 18.11 16.95 15.98 16.71 17.98 18.84 20.54 24.59 25.93 24.32 24.50 24.37 24.12 23.94 24.29 24.17 23.72 23.50 22.83 22.33 22.75 23.25 22.81 23.19 24.06 23.43 22.31 23.57 24.52 23.56 23.43 22.52 22.11 20.75 21.06 21.08 22.72 23.64 24.35 26.86 27.92 26.52 25.17 26.87 26.29 25.20 24.81 26.02 24.69 24.84 25.64 25.42 25.43 26.13 25.07 24.82 26.42 28.24 27.89 28.20 28.51 31.15 30.40 27.10 28.35 31.21 31.58 28.71 33.85 
7.03 2.61 0.65 4.59 7.69 9.83 12.38 15.08 17.61 16.78 17.16 15.78 16.27 17.52 21.09 21.41 23.97 26.78 29.56 28.54 28.70 29.38 29.40 27.23 26.45 27.36 25.60 22.57 22.95 23.47 22.04 19.22 20.22 20.80 19.22 17.86 18.72 19.62 18.92 17.48 16.13 16.63 15.77 14.84 15.40 17.62 19.14 21.45 24.63 26.58 25.20 25.50 25.13 24.68 24.54 24.56 24.19 23.66 23.40 22.64 21.99 22.24 22.72 22.23 22.44 23.15 22.65 21.44 22.82 23.60 22.83 22.78 21.94 21.69 20.17 20.59 20.48 22.29 23.63 24.64 27.48 28.54 27.20 25.77 27.53 27.01 25.86 25.24 26.28 25.02 24.61 25.40 25.38 25.01 25.48 24.47 24.46 25.74 27.19 27.35 29.25 28.62 29.99 31.38 30.65 29.26 31.14 31.42 31.10 34.21 
10.39 6.70 4.59 0.00 5.97 8.18 9.78 11.81 13.95 15.25 15.28 15.22 14.80 15.83 19.94 20.48 23.90 25.75 28.22 26.97 27.16 28.01 27.91 25.94 25.24 26.07 24.10 20.65 21.04 21.53 19.73 16.72 17.65 18.13 16.40 15.17 16.36 17.20 16.48 15.57 14.56 14.64 14.11 13.14 14.30 15.79 17.81 20.25 23.84 25.40 23.82 23.95 23.57 23.07 22.76 22.98 22.78 21.98 21.73 20.92 20.41 20.59 20.97 20.42 20.77 21.40 20.84 19.66 21.18 21.84 21.41 21.62 21.17 20.10 18.53 19.16 19.00 20.74 21.87 23.18 26.04 26.98 25.45 24.13 25.64 25.20 23.85 23.61 24.83 23.56 23.14 23.97 23.53 23.52 23.85 23.36 23.28 24.57 25.48 26.35 27.89 27.68 29.15 29.49 27.87 28.13 30.43 30.60 30.67 35.54 
12.46 9.40 7.69 5.97 0.00 5.30 6.89 9.58 13.22 13.64 13.02 12.39 13.70 13.68 17.62 18.86 23.47 25.72 27.76 26.51 26.92 28.54 28.23 26.39 25.92 27.78 25.63 22.49 22.37 23.32 21.02 17.82 18.72 19.77 18.28 16.42 18.41 19.32 18.72 16.62 15.07 14.34 13.80 13.04 14.19 16.17 17.37 21.02 25.23 27.14 24.37 24.58 24.47 24.48 23.70 24.24 24.39 23.85 23.21 22.78 22.49 22.70 23.31 22.57 22.78 23.83 23.38 21.78 23.41 24.40 23.71 23.19 21.97 21.09 19.76 19.77 19.88 21.41 22.87 23.85 26.55 28.09 26.68 24.80 26.55 26.43 25.20 24.56 25.50 24.65 24.77 25.64 24.49 25.00 25.38 24.73 24.02 26.09 26.83 27.07 27.96 28.75 30.11 30.46 29.34 31.06 32.33 31.19 30.37 35.31 
14.84 12.19 9.83 8.18 5.30 0.00 5.25 7.12 10.32 12.97 12.76 11.98 13.12 14.79 18.17 19.45 24.64 26.65 28.92 27.73 27.90 28.68 28.29 25.97 25.54 27.06 25.41 21.18 21.89 22.56 20.27 17.01 17.87 18.56 16.61 15.78 17.07 18.92 16.95 15.51 13.74 13.59 12.46 12.12 13.68 15.68 18.07 21.08 25.68 27.52 24.34 24.61 24.20 24.10 23.63 24.07 24.15 23.39 22.76 22.17 21.67 21.76 21.91 21.45 21.64 22.82 21.49 20.42 22.10 23.58 21.94 22.19 20.87 20.24 18.16 18.80 19.22 21.37 22.45 23.77 26.98 28.10 26.58 24.72 26.87 26.46 25.04 24.37 25.88 24.22 24.08 24.89 24.16 24.11 24.26 23.32 22.87 24.86 25.58 25.87 26.69 27.86 29.37 29.26 27.41 28.64 31.26 31.16 29.78 34.95 
17.54 13.67 12.38 9.78 6.89 5.25 0.00 5.24 7.96 10.72 12.68 12.93 13.53 15.91 20.65 21.22 25.67 28.38 30.14 29.06 28.51 29.19 28.22 26.51 25.67 27.40 25.43 22.05 22.34 22.94 20.53 17.44 18.15 18.29 16.20 14.90 16.77 17.35 15.40 13.57 12.65 13.02 12.32 11.72 13.74 16.38 18.43 22.01 26.67 28.64 25.74 26.06 25.32 25.11 24.45 24.90 24.50 23.96 23.06 22.37 21.45 21.58 21.74 21.09 21.36 22.20 21.13 19.89 22.16 22.85 21.41 21.37 21.08 20.21 18.53 19.22 19.91 21.40 22.70 24.45 27.97 28.88 26.99 25.96 28.31 27.58 25.81 25.42 26.76 25.19 24.22 25.29 24.58 24.13 24.18 23.41 22.99 24.37 24.70 25.00 26.39 26.80 28.31 29.75 28.37 29.55 29.81 30.68 29.94 35.26 
20.08 17.40 15.08 11.81 9.58 7.12 5.24 0.00 5.19 7.40 9.38 12.48 14.31 16.51 21.36 23.37 26.40 29.62 31.61 30.31 29.59 30.13 29.30 27.15 26.48 27.88 25.96 21.89 22.39 23.17 20.78 17.82 18.10 18.58 15.61 15.37 16.52 17.16 15.30 13.83 12.84 13.48 13.40 13.67 15.47 18.38 20.58 23.62 28.19 30.40 27.63 27.84 26.53 26.27 25.80 26.13 25.19 24.74 23.67 23.19 22.07 22.25 22.32 22.41 22.21 23.52 22.15 21.42 23.37 24.64 22.52 23.61 22.40 22.14 19.94 21.17 21.48 22.97 24.53 26.60 29.21 30.39 28.15 27.12 28.48 28.20 26.34 26.01 27.08 25.80 25.07 26.38 25.12 25.44 25.22 24.67 24.00 25.68 25.75 26.01 27.46 28.26 29.33 30.00 28.35 29.48 30.46 30.16 29.93 34.95 
22.78 19.43 17.61 13.95 13.22 10.32 7.96 5.19 0.00 4.95 6.73 11.19 13.96 16.89 21.68 22.92 26.67 29.33 31.20 30.73 30.62 31.30 30.23 27.84 26.94 28.63 26.53 22.44 22.61 23.35 21.45 17.83 18.45 18.39 16.45 15.79 17.76 17.66 17.08 15.37 14.30 14.34 15.03 15.70 17.70 20.04 22.59 25.11 28.97 31.42 29.63 29.63 28.42 28.23 27.92 27.37 26.78 26.04 25.22 24.46 23.87 23.95 24.34 24.01 23.80 25.45 24.48 23.68 25.34 26.40 24.99 25.41 24.19 23.84 22.04 23.11 23.22 24.57 26.22 27.85 30.74 31.80 30.56 28.38 30.17 28.77 27.59 26.95 28.13 26.93 26.79 27.70 26.68 26.61 26.92 26.03 25.21 26.86 26.99 26.88 28.65 28.46 29.96 29.55 28.51 30.54 31.62 30.47 30.22 32.95 
21.93 19.50 16.78 15.25 13.64 12.97 10.72 7.40 4.95 0.00 4.98 8.02 11.06 15.40 19.29 20.76 24.23 27.41 29.11 28.46 28.65 28.59 27.72 24.98 24.51 26.22 24.36 20.04 20.20 21.26 19.28 16.10 16.77 17.20 14.77 14.98 15.81 16.85 15.63 14.65 12.73 12.17 12.11 13.63 14.97 17.70 19.55 23.07 27.11 28.95 27.17 27.56 26.40 25.91 25.58 25.36 24.70 24.30 23.48 22.91 21.94 22.24 22.18 21.90 21.92 23.61 22.83 21.83 23.47 25.04 23.58 24.38 22.61 22.18 20.15 21.03 21.49 22.87 23.91 25.68 28.93 30.13 28.45 26.73 28.64 27.56 25.82 25.40 26.75 25.15 24.78 25.47 24.27 24.16 24.33 23.69 22.98 24.61 24.96 24.93 26.11 26.33 28.04 27.63 26.29 26.98 29.75 28.72 28.59 30.39 
21.22 17.64 17.16 15.28 13.02 12.76 12.68 9.38 6.73 4.98 0.00 5.57 8.23 11.65 16.17 18.56 21.25 23.67 25.54 24.84 24.31 24.50 23.67 20.97 20.46 22.35 20.64 16.48 17.11 17.87 16.11 12.97 14.32 14.38 12.27 11.85 13.93 14.85 14.11 12.71 11.14 10.51 9.03 9.26 10.86 13.20 15.24 18.24 23.11 25.01 23.12 24.29 22.81 22.18 22.01 22.17 21.26 20.92 20.27 19.43 18.37 18.62 19.16 18.80 18.79 20.53 19.58 18.72 20.53 22.00 20.61 21.01 19.66 19.10 16.73 17.46 18.20 19.12 20.57 22.49 25.99 27.23 25.44 24.08 26.20 24.99 22.96 22.78 24.07 22.39 21.34 22.49 21.27 20.57 20.85 20.19 19.59 21.09 21.74 22.20 23.65 23.27 25.66 25.83 24.55 25.91 28.56 28.21 27.65 29.78 
21.34 17.49 15.78 15.22 12.39 11.98 12.93 12.48 11.19 8.02 5.57 0.00 5.89 8.06 11.95 14.44 18.41 20.23 22.19 22.26 20.95 21.28 20.78 18.84 18.18 19.80 18.21 14.37 14.93 15.89 14.03 11.70 12.49 13.28 10.89 11.30 12.76 14.94 14.04 13.89 11.85 11.82 9.59 8.05 9.25 11.05 12.04 15.31 20.45 22.99 20.28 21.31 20.02 19.74 19.63 20.31 19.49 19.11 18.36 17.95 17.17 17.35 17.68 17.38 17.55 19.03 18.54 17.52 19.63 21.31 20.07 20.63 19.22 18.36 15.91 16.00 16.62 17.47 18.85 20.65 24.11 25.01 23.25 22.08 24.17 23.26 21.18 20.82 22.30 20.47 19.41 20.07 19.06 19.03 19.05 18.30 18.24 19.78 20.44 20.27 22.06 22.45 24.49 23.73 22.30 23.54 27.33 27.10 26.44 29.29 
20.80 17.44 16.27 14.80 13.70 13.12 13.53 14.31 13.96 11.06 8.23 5.89 0.00 5.78 7.70 10.61 14.36 17.31 18.81 19.04 20.04 20.29 19.83 17.29 17.01 18.84 17.24 13.97 14.54 16.01 14.08 11.74 13.20 14.31 12.22 12.36 14.43 16.85 16.70 15.61 13.71 12.88 11.16 9.39 8.47 9.86 10.40 13.04 17.12 19.10 17.67 18.70 18.05 17.95 18.33 18.65 18.70 18.24 17.75 17.68 17.68 17.60 17.96 17.56 17.98 19.87 19.69 18.65 20.66 22.59 21.58 21.31 20.01 18.87 16.53 16.37 16.35 17.04 18.22 19.93 22.74 23.95 22.23 21.04 23.13 21.93 20.43 19.93 20.89 19.65 19.24 19.61 18.33 18.51 19.01 18.36 17.85 20.02 20.66 20.90 22.61 23.15 24.58 23.57 22.66 24.23 26.41 26.39 25.25 27.90 
20.96 17.64 17.52 15.83 13.68 14.79 15.91 16.51 16.89 15.40 11.65 8.06 5.78 0.00 5.51 6.34 10.07 12.38 14.41 14.78 15.99 16.86 15.84 14.01 14.14 16.62 15.41 12.62 13.44 14.56 13.36 11.04 13.36 14.64 12.70 13.13 15.84 18.47 18.10 17.17 14.91 14.26 11.67 10.03 9.08 8.51 8.42 10.99 14.67 15.86 14.46 16.37 15.59 15.63 16.07 16.23 16.57 16.89 16.23 16.07 16.13 16.62 16.84 16.84 17.11 19.14 19.02 18.41 20.41 22.31 21.29 22.11 20.29 18.87 16.15 15.84 15.69 16.31 17.02 18.51 21.33 22.54 20.69 19.46 21.43 20.32 18.77 18.40 19.74 17.75 17.70 17.98 17.17 17.18 17.65 16.90 16.98 18.76 19.75 19.77 21.74 22.04 23.52 22.71 21.41 22.22 25.89 25.72 24.99 27.62 
22.54 20.52 21.09 19.94 17.62 18.17 20.65 21.36 21.68 19.29 16.17 11.95 7.70 5.51 0.00 5.87 7.15 10.41 12.14 13.43 13.47 14.45 14.82 12.39 12.84 15.83 15.07 11.64 13.15 15.11 14.67 12.61 14.29 16.47 15.01 15.67 18.62 21.61 21.14 20.46 18.09 16.79 14.39 12.29 10.60 9.62 7.31 9.79 12.79 14.16 12.42 14.86 14.38 14.66 15.44 16.93 16.39 16.86 16.47 16.59 16.27 16.88 17.54 17.50 17.44 19.64 19.84 19.53 21.19 23.15 22.66 23.23 21.61 20.04 17.33 17.01 16.50 16.60 16.98 18.53 21.10 22.40 20.77 19.37 21.20 19.67 18.24 17.95 19.43 17.87 17.32 18.30 17.19 17.62 18.17 17.80 17.60 19.80 20.34 20.84 22.03 22.25 23.61 23.95 22.49 23.52 26.03 26.76 25.25 27.69 
23.02 19.92 21.41 20.48 18.86 19.45 21.22 23.37 22.92 20.76 18.56 14.44 10.61 6.34 5.87 0.00 5.38 6.36 9.57 10.78 11.61 11.50 12.50 10.64 11.37 14.24 13.16 10.00 12.44 14.95 14.13 12.30 14.54 17.12 15.47 16.44 19.77 22.47 22.47 21.53 19.88 19.40 16.27 14.52 12.53 11.58 9.22 8.75 12.08 11.80 9.97 12.83 12.63 12.29 13.16 14.51 14.07 14.99 14.97 15.18 15.32 16.45 17.01 16.88 17.39 19.57 19.71 19.54 21.62 23.30 22.50 23.73 21.74 20.52 17.10 16.94 15.74 15.51 15.10 15.99 18.51 20.14 18.18 17.21 19.14 17.91 15.70 16.29 17.70 16.01 15.31 16.07 15.36 16.35 16.87 16.65 16.76 18.95 19.26 19.36 21.43 21.41 22.95 22.60 21.55 22.38 25.27 25.60 25.26 28.06 
25.17 22.89 23.97 23.90 23.47 24.64 25.67 26.40 26.67 24.23 21.25 18.41 14.36 10.07 7.15 5.38 0.00 5.16 7.51 9.77 11.34 13.02 12.50 11.30 12.32 15.33 14.97 12.55 14.83 17.71 17.38 15.45 17.42 20.35 19.18 19.78 22.64 25.87 26.19 25.44 23.22 22.68 20.53 17.75 15.57 13.88 11.91 11.65 11.66 10.94 8.48 12.03 11.45 12.36 13.20 15.17 14.36 16.17 16.14 16.81 17.03 18.05 18.81 19.13 19.49 22.00 21.99 21.98 24.29 26.22 25.51 26.19 24.87 23.49 20.28 19.69 18.29 17.85 17.23 17.50 19.35 20.81 18.81 17.40 19.35 17.79 16.54 16.32 18.10 16.55 16.50 16.70 16.60 17.82 18.89 18.68 18.87 21.21 21.26 21.42 23.65 23.58 24.77 24.14 23.25 23.49 26.79 26.66 27.03 28.94 
27.40 24.81 26.78 25.75 25.72 26.65 28.38 29.62 29.33 27.41 23.67 20.23 17.31 12.38 10.41 6.36 5.16 0.00 5.84 7.03 8.82 10.84 12.01 9.64 11.10 14.98 14.60 12.86 14.49 17.73 17.33 15.53 18.47 20.99 20.01 21.07 24.51 27.40 27.83 27.10 25.43 24.83 22.40 19.92 17.41 16.05 13.29 12.72 13.27 10.84 8.35 10.17 9.80 11.46 12.41 13.54 13.51 14.81 14.95 15.85 16.27 17.28 18.07 18.43 19.24 21.42 21.86 21.65 24.38 26.36 25.31 26.08 24.89 23.48 20.33 19.96 18.51 18.20 17.57 17.33 19.17 20.09 18.45 17.08 19.06 17.16 15.58 15.86 17.14 14.85 14.51 14.78 15.23 17.01 18.07 17.93 18.63 20.82 20.95 20.92 23.21 22.81 24.45 23.97 22.86 23.16 26.02 26.59 26.20 29.21 
29.31 27.77 29.56 28.22 27.76 28.92 30.14 31.61 31.20 29.11 25.54 22.19 18.81 14.41 12.14 9.57 7.51 5.84 0.00 5.97 6.85 8.59 10.29 10.08 9.79 13.68 14.35 11.88 13.72 17.24 17.40 15.91 18.32 21.45 20.89 21.63 25.00 28.06 28.46 28.15 26.63 25.68 23.49 21.03 18.65 17.17 14.64 13.69 13.60 13.03 8.00 9.39 8.33 9.60 10.80 13.15 12.19 13.54 13.75 14.93 15.23 16.51 17.33 18.11 18.75 21.23 21.57 21.93 24.03 26.09 25.29 26.23 24.91 23.64 20.44 20.03 18.63 18.21 17.60 17.54 18.88 20.02 18.33 16.73 18.37 16.09 15.23 14.61 16.36 14.38 14.28 14.21 14.30 16.11 17.83 17.90 18.22 21.06 21.27 21.59 23.21 22.82 24.11 24.10 22.76 22.62 26.56 26.40 26.03 27.76 
28.64 26.75 28.54 26.97 26.51 27.73 29.06 30.31 30.73 28.46 24.84 22.26 19.04 14.78 13.43 10.78 9.77 7.03 5.97 0.00 5.45 6.89 7.85 8.38 9.42 11.91 12.23 10.34 12.45 16.32 16.00 14.33 17.22 20.03 19.38 20.00 23.57 26.41 26.64 26.25 25.27 24.86 22.36 19.71 17.99 16.86 14.01 14.01 14.63 12.55 8.30 9.17 7.41 7.45 8.84 10.50 9.56 12.20 12.52 12.58 12.98 15.03 15.63 16.27 17.66 19.35 19.80 20.18 22.75 24.43 23.67 24.93 23.18 22.42 18.80 18.42 16.96 17.13 16.62 16.08 18.03 19.13 17.21 15.29 17.38 15.60 14.04 13.74 15.30 13.01 13.43 13.45 13.35 15.31 16.86 17.19 17.61 19.63 19.62 20.39 22.15 22.08 23.37 23.06 21.73 22.13 25.20 25.61 24.81 28.05 
29.36 27.29 28.70 27.16 26.92 27.90 28.51 29.59 30.62 28.65 24.31 20.95 20.04 15.99 13.47 11.61 11.34 8.82 6.85 5.45 0.00 5.71 6.60 7.03 8.85 11.42 11.58 10.33 12.80 15.77 15.58 14.19 16.84 20.23 19.19 19.97 23.70 26.56 26.59 26.26 25.34 24.66 22.34 19.71 17.88 16.65 14.22 13.67 14.68 14.23 10.07 10.91 7.38 8.51 8.33 10.27 9.48 11.76 11.81 11.94 12.43 13.67 13.51 15.48 16.47 18.61 18.99 19.62 21.91 24.27 23.90 24.78 23.11 22.31 19.48 19.03 17.23 17.26 16.55 16.68 18.11 19.16 17.08 15.28 17.26 15.42 14.05 13.81 15.68 13.92 13.61 13.94 14.76 16.44 17.55 17.88 18.16 20.79 20.52 21.19 22.87 23.22 24.34 23.73 22.11 22.95 26.48 25.79 25.43 27.79 
29.78 27.83 29.38 28.01 28.54 28.68 29.19 30.13 31.30 28.59 24.50 21.28 20.29 16.86 14.45 11.50 13.02 10.84 8.59 6.89 5.71 0.00 5.74 6.83 7.13 10.09 10.85 10.48 12.35 14.80 15.13 14.33 17.48 19.79 19.02 20.05 24.00 26.82 26.73 26.52 25.29 24.68 21.97 19.43 17.63 16.74 14.61 14.30 15.41 15.66 11.83 12.17 8.97 8.88 8.48 10.07 10.16 11.82 10.78 11.78 12.56 13.93 13.69 14.74 16.24 18.53 19.25 19.30 22.16 25.01 24.40 25.43 23.64 22.80 19.88 19.49 17.93 18.03 17.66 17.67 19.37 20.42 18.11 16.82 18.80 17.15 15.26 15.14 16.94 14.96 14.91 15.14 15.60 17.39 18.78 18.87 19.34 21.46 21.85 22.03 23.76 23.83 25.20 24.41 23.47 23.96 26.64 27.06 26.28 28.87 
30.07 28.21 29.40 27.91 28.23 28.29 28.22 29.30 30.23 27.72 23.67 20.78 19.83 15.84 14.82 12.50 12.50 12.01 10.29 7.85 6.60 5.74 0.00 5.83 7.02 7.75 9.47 9.44 11.08 13.10 13.76 13.74 16.05 18.32 17.98 19.24 22.82 25.74 26.43 25.78 24.63 23.79 21.84 18.82 17.25 16.73 14.98 14.48 15.09 16.49 12.51 13.24 10.30 10.73 9.75 11.30 10.47 11.89 11.32 11.61 12.45 13.57 13.74 14.48 15.16 18.07 18.80 19.16 21.94 24.27 24.17 25.27 23.65 22.75 19.97 19.46 17.98 18.35 17.87 17.89 19.30 20.68 18.95 17.48 19.29 17.88 16.82 16.43 18.17 16.70 16.50 16.92 16.73 17.98 19.14 19.65 19.79 22.20 22.02 22.57 23.98 23.90 25.12 24.98 23.48 23.92 27.39 27.39 26.67 28.38 
28.03 26.26 27.23 25.94 26.39 25.97 26.51 27.15 27.84 24.98 20.97 18.84 17.29 14.01 12.39 10.64 11.30 9.64 10.08 8.38 7.03 6.83 5.83 0.00 5.37 7.32 7.25 7.90 9.49 11.56 11.98 11.84 14.58 16.55 16.21 17.34 20.70 23.62 23.91 23.69 22.32 22.28 19.78 17.22 15.88 15.84 13.85 14.09 15.34 15.90 12.15 13.95 11.38 12.03 11.08 11.05 9.91 11.72 10.66 10.09 11.25 12.89 12.08 13.13 14.45 16.04 16.41 17.19 19.38 21.49 21.16 23.33 21.05 20.77 17.80 17.53 16.01 16.91 17.01 16.78 18.51 20.15 18.65 16.66 18.47 17.40 16.24 16.01 17.52 16.20 16.11 16.47 16.09 17.70 18.27 18.72 18.80 21.11 20.75 21.69 22.82 22.85 23.90 23.70 22.69 23.41 25.63 26.26 25.47 28.22 
27.82 25.76 26.45 25.24 25.92 25.54 25.67 26.48 26.94 24.51 20.46 18.18 17.01 14.14 12.84 11.37 12.32 11.10 9.79 9.42 8.85 7.13 7.02 5.37 0.00 5.72 7.12 5.93 7.60 9.92 10.94 10.42 12.90 15.69 15.69 16.21 19.54 22.71 23.24 22.69 21.90 21.36 19.51 17.27 16.15 15.92 13.66 14.38 16.32 17.14 12.69 14.46 12.22 12.37 11.23 11.31 9.39 10.75 8.73 8.12 9.76 10.55 9.64 11.79 12.97 14.78 15.13 16.13 18.50 20.69 20.57 22.04 20.26 19.74 17.77 17.31 15.84 16.53 16.49 16.80 18.42 20.01 19.03 16.98 18.85 17.52 16.48 16.07 17.96 16.70 16.66 16.90 16.58 18.28 19.12 18.94 18.75 21.39 21.34 22.06 23.80 23.67 24.64 24.32 22.86 23.88 26.68 26.54 25.71 27.99 
28.59 26.87 27.36 26.07 27.78 27.06 27.40 27.88 28.63 26.22 22.35 19.80 18.84 16.62 15.83 14.24 15.33 14.98 13.68 11.91 11.42 10.09 7.75 7.32 5.72 0.00 6.07 7.10 6.96 8.77 10.30 11.32 13.52 15.57 16.25 17.28 20.82 23.55 23.92 23.63 22.69 22.72 20.79 18.57 17.98 18.06 16.69 17.43 19.76 20.72 17.43 18.04 15.83 15.65 14.84 14.87 13.62 13.33 12.48 12.30 12.39 13.40 13.34 14.77 15.37 17.45 18.13 18.60 20.96 23.56 23.39 25.00 22.85 22.39 19.99 20.18 18.73 19.32 19.81 20.15 21.94 23.40 22.04 20.59 21.93 21.27 19.98 19.87 21.23 19.73 19.74 20.76 20.06 21.12 22.12 22.40 22.01 24.15 24.49 24.92 26.15 26.14 27.25 26.55 25.42 26.24 28.26 28.45 27.42 29.77 
27.56 25.49 25.60 24.10 25.63 25.41 25.43 25.96 26.53 24.36 20.64 18.21 17.24 15.41 15.07 13.16 14.97 14.60 14.35 12.23 11.58 10.85 9.47 7.25 7.12 6.07 1.09 5.63 7.39 7.16 8.37 9.49 12.19 13.29 13.79 15.67 18.49 21.27 21.89 21.77 21.31 21.01 19.11 16.99 16.54 17.34 16.25 16.70 19.04 20.44 16.98 18.02 15.49 15.79 15.16 15.03 13.57 13.31 12.48 12.01 11.81 12.23 12.89 13.28 14.14 15.90 16.63 17.70 20.28 22.64 22.13 23.69 22.10 21.46 19.02 19.09 17.77 19.04 19.51 19.86 21.28 23.12 21.85 20.14 21.57 21.27 20.33 19.75 21.28 20.01 19.81 20.67 19.94 20.53 21.37 21.61 21.40 23.57 23.76 24.43 25.72 25.40 26.41 26.17 24.64 24.73 27.88 27.79 26.45 28.11 
25.12 22.44 22.57 20.65 22.49 21.18 22.05 21.89 22.44 20.04 16.48 14.37 13.97 12.62 11.64 10.00 12.55 12.86 11.88 10.34 10.33 10.48 9.44 7.90 5.93 7.10 5.63 0.00 5.36 7.33 6.14 6.43 9.39 11.20 10.97 12.29 15.58 17.69 18.12 18.15 17.63 17.49 15.57 13.32 13.14 13.67 12.65 13.67 16.96 17.71 13.87 15.62 13.90 13.92 13.18 12.81 11.22 12.00 9.78 8.36 9.30 10.58 9.79 10.27 11.84 13.62 13.73 14.94 17.66 19.54 19.18 20.85 18.86 18.55 15.95 15.88 14.92 16.16 16.99 16.93 19.17 20.99 19.62 17.72 19.45 18.65 17.81 17.08 18.87 17.53 17.58 18.04 17.14 18.56 18.93 19.15 19.30 21.56 21.38 21.83 23.53 23.37 24.07 23.69 22.67 23.33 25.46 25.75 24.63 27.53 
25.60 23.22 22.95 21.04 22.37 21.89 22.34 22.39 22.61 20.20 17.11 14.93 14.54 13.44 13.15 12.44 14.83 14.49 13.72 12.45 12.80 12.35 11.08 9.49 7.60 6.96 7.39 5.36 1.07 6.11 7.47 6.04 8.32 10.48 11.59 12.21 15.25 17.91 18.41 18.46 18.02 18.21 16.08 14.82 14.21 15.14 13.82 15.32 18.41 19.34 15.55 16.67 15.35 14.07 13.01 13.31 11.98 10.99 9.34 8.90 9.85 9.98 9.37 10.62 12.57 13.92 13.81 15.78 17.97 20.59 20.12 21.66 19.69 19.29 17.02 17.13 16.11 17.14 17.35 18.22 19.88 21.75 20.52 18.77 20.24 19.80 18.83 18.34 19.80 18.96 19.11 19.36 18.42 19.68 20.69 20.68 20.71 22.99 22.78 23.60 25.07 25.13 25.67 25.18 23.67 24.42 26.91 26.65 25.73 27.56 
26.66 24.14 23.47 21.53 23.32 22.56 22.94 23.17 23.35 21.26 17.87 15.89 16.01 14.56 15.11 14.95 17.71 17.73 17.24 16.32 15.77 14.80 13.10 11.56 9.92 8.77 7.16 7.33 6.11 0.73 5.98 7.29 7.11 8.65 10.11 11.89 14.44 16.98 18.21 18.63 17.92 18.70 17.29 15.52 16.09 17.05 16.82 18.09 21.23 22.55 19.61 20.28 18.41 17.94 17.74 17.53 15.98 15.18 13.84 13.67 13.16 13.32 12.77 13.75 14.10 15.70 15.73 16.49 18.68 21.30 21.10 22.92 20.78 20.16 18.07 18.79 18.10 18.80 19.55 20.08 22.07 23.35 22.94 21.01 22.68 22.62 21.86 21.32 22.78 21.44 21.68 22.52 21.48 21.91 22.85 23.29 22.81 24.43 25.08 25.66 27.05 26.56 27.46 26.96 25.70 26.11 28.11 28.22 27.17 28.82 
25.65 22.74 22.04 19.73 21.02 20.27 20.53 20.78 21.45 19.28 16.11 14.03 14.08 13.36 14.67 14.13 17.38 17.33 17.40 16.00 15.58 15.13 13.76 11.98 10.94 10.30 8.37 6.14 7.47 5.98 0.69 5.41 7.53 6.75 7.81 9.33 12.42 14.24 15.29 15.90 15.84 16.28 15.11 13.28 14.04 15.69 15.76 17.21 20.56 21.95 18.98 20.12 18.46 18.33 17.99 17.71 16.10 15.58 14.45 13.42 12.84 12.81 12.63 11.87 12.52 14.15 14.19 14.54 16.97 19.16 18.02 20.21 18.28 18.20 16.02 16.51 16.10 18.05 19.13 19.82 21.24 23.32 22.58 20.51 22.21 22.24 21.22 20.85 22.50 21.15 20.87 21.54 20.65 20.86 21.64 21.93 21.65 23.63 23.96 24.63 25.62 25.35 26.37 26.17 24.35 24.26 27.21 27.35 25.56 27.14 
23.13 20.21 19.22 16.72 17.82 17.01 17.44 17.82 17.83 16.10 12.97 11.70 11.74 11.04 12.61 12.30 15.45 15.53 15.91 14.33 14.19 14.33 13.74 11.84 10.42 11.32 9.49 6.43 6.04 7.29 5.41 0.00 5.39 7.11 5.88 6.59 9.53 11.90 12.52 12.95 13.03 13.62 12.19 10.71 11.48 12.77 13.11 15.04 18.79 19.71 16.78 18.41 17.27 16.87 16.82 16.21 15.06 14.16 13.12 11.39 11.28 11.75 10.89 9.80 10.96 12.75 11.48 12.13 14.70 16.96 16.16 17.88 15.82 15.35 13.45 14.14 13.51 15.35 16.67 17.35 19.22 21.19 19.94 18.19 19.68 19.68 18.25 18.00 19.71 18.36 18.04 18.75 17.62 18.57 19.25 19.12 19.43 21.37 21.70 21.72 23.42 22.95 24.12 23.73 22.70 23.09 25.19 25.65 24.47 26.83 
24.12 21.20 20.22 17.65 18.72 17.87 18.15 18.10 18.45 16.77 14.32 12.49 13.20 13.36 14.29 14.54 17.42 18.47 18.32 17.22 16.84 17.48 16.05 14.58 12.90 13.52 12.19 9.39 8.32 7.11 7.53 5.39 0.52 6.01 7.45 6.47 8.36 11.16 13.03 12.89 12.71 13.57 13.21 12.45 12.97 14.95 15.31 17.50 21.35 22.65 19.98 20.96 19.80 19.51 19.18 19.47 17.67 16.99 15.33 14.34 13.94 13.58 12.72 11.98 12.25 13.18 12.26 12.60 14.73 16.96 16.22 17.85 15.99 16.00 14.42 15.15 14.81 16.70 17.58 19.27 20.62 22.67 21.99 20.35 21.75 21.69 20.66 20.21 21.49 20.32 20.44 21.13 20.26 20.44 21.43 21.18 20.98 23.01 23.36 23.94 25.54 25.14 25.85 25.63 24.50 24.46 26.55 27.15 26.18 27.69 
25.01 22.25 20.80 18.13 19.77 18.56 18.29 18.58 18.39 17.20 14.38 13.28 14.31 14.64 16.47 17.12 20.35 20.99 21.45 20.03 20.23 19.79 18.32 16.55 15.69 15.57 13.29 11.20 10.48 8.65 6.75 7.11 6.01 0.00 5.83 7.43 7.09 9.18 11.96 12.86 11.96 12.98 13.93 13.17 13.98 16.43 18.05 20.00 23.42 24.73 22.61 23.36 22.45 21.91 21.82 21.70 20.80 19.65 18.50 17.48 16.47 16.02 15.13 14.52 13.71 14.55 13.51 13.51 14.84 17.18 16.86 17.97 15.90 16.34 15.48 16.19 16.32 17.97 19.91 20.98 22.72 24.34 23.83 22.23 23.49 23.59 22.74 22.45 23.64 21.85 21.61 22.83 21.92 21.82 22.86 22.88 22.53 24.11 25.16 25.58 26.87 25.74 27.04 26.72 25.81 25.56 27.82 28.16 27.40 28.90 
24.05 20.71 19.22 16.40 18.28 16.61 16.20 15.61 16.45 14.77 12.27 10.89 12.22 12.70 15.01 15.47 19.18 20.01 20.89 19.38 19.19 19.02 17.98 16.21 15.69 16.25 13.79 10.97 11.59 10.11 7.81 5.88 7.45 5.83 0.52 5.42 7.58 7.31 8.93 10.22 9.83 10.68 10.89 10.14 11.89 14.13 16.53 18.79 22.36 23.52 21.17 21.85 21.73 21.10 21.01 20.65 20.09 18.79 17.73 16.13 15.40 14.74 14.06 12.69 12.85 13.02 11.93 11.77 13.41 14.56 14.13 15.91 13.70 13.71 12.27 13.71 13.81 16.76 18.13 19.44 21.46 22.94 21.96 20.07 22.11 22.09 20.70 20.42 22.03 20.13 19.64 20.82 19.80 19.57 20.45 20.70 20.24 22.30 22.92 23.63 24.42 23.92 25.18 24.97 23.20 23.14 26.17 26.91 25.25 26.77 
22.54 19.41 17.86 15.17 16.42 15.78 14.90 15.37 15.79 14.98 11.85 11.30 12.36 13.13 15.67 16.44 19.78 21.07 21.63 20.00 19.97 20.05 19.24 17.34 16.21 17.28 15.67 12.29 12.21 11.89 9.33 6.59 6.47 7.43 5.42 0.00 5.88 7.88 7.45 8.53 9.41 9.85 10.10 9.86 12.14 14.11 16.61 18.44 22.66 23.86 21.45 21.96 21.52 21.65 21.53 21.45 20.28 19.37 18.67 16.99 15.64 15.26 14.28 12.75 12.73 13.60 10.86 11.04 12.73 14.35 13.38 15.24 13.20 12.67 11.54 13.36 13.62 16.03 17.69 19.37 21.61 22.70 21.05 19.51 21.44 21.54 19.68 19.70 21.29 19.53 19.16 20.10 18.90 18.90 19.97 20.00 19.98 21.95 22.72 23.04 24.24 23.54 24.77 24.30 23.04 23.12 25.43 26.02 25.24 27.06 
23.66 20.41 18.72 16.36 18.41 17.07 16.77 16.52 17.76 15.81 13.93 12.76 14.43 15.84 18.62 19.77 22.64 24.51 25.00 23.57 23.70 24.00 22.82 20.70 19.54 20.82 18.49 15.58 15.25 14.44 12.42 9.53 8.36 7.09 7.58 5.88 2.44 6.59 8.37 8.11 9.51 10.87 11.58 12.54 14.84 17.68 19.72 22.21 26.09 27.65 25.28 25.48 25.03 25.02 24.94 24.35 23.79 22.72 21.89 20.46 18.59 18.49 17.51 16.01 15.21 15.11 13.40 13.52 13.63 15.51 14.62 16.25 14.43 15.03 13.56 15.56 15.94 19.03 20.85 22.35 24.50 25.86 24.75 22.61 24.46 24.38 22.91 22.55 24.14 22.51 22.04 22.82 21.96 22.04 22.93 22.80 22.65 24.72 25.29 25.88 27.30 26.62 27.55 26.99 25.71 25.80 28.17 27.76 28.09 28.73 
24.59 21.36 19.62 17.20 19.32 18.92 17.35 17.16 17.66 16.85 14.85 14.94 16.85 18.47 21.61 22.47 25.87 27.40 28.06 26.41 26.56 26.82 25.74 23.62 22.71 23.55 21.27 17.69 17.91 16.98 14.24 11.90 11.16 9.18 7.31 7.88 6.59 0.32 6.23 7.94 8.70 10.31 12.74 13.73 16.12 19.40 22.00 23.92 27.57 28.96 26.76 27.22 26.59 26.50 26.06 26.06 25.16 24.69 23.59 22.03 20.67 20.51 19.95 18.43 16.93 17.18 15.59 15.12 15.41 15.42 15.18 16.43 15.51 15.69 15.68 16.80 18.00 20.58 22.88 24.01 26.08 27.41 26.67 24.81 26.13 26.34 24.98 24.70 25.65 23.92 23.57 24.75 23.73 24.00 24.82 24.75 24.38 26.50 27.34 27.39 28.69 28.00 28.89 28.44 26.92 26.75 28.68 28.87 28.11 28.87 
23.52 20.33 18.92 16.48 18.72 16.95 15.40 15.30 17.08 15.63 14.11 14.04 16.70 18.10 21.14 22.47 26.19 27.83 28.46 26.64 26.59 26.73 26.43 23.91 23.24 23.92 21.89 18.12 18.41 18.21 15.29 12.52 13.03 11.96 8.93 7.45 8.37 6.23 0.44 5.64 7.12 8.96 10.97 12.91 15.58 19.01 21.12 23.23 26.93 29.18 26.50 26.46 25.85 25.18 25.19 24.85 24.60 23.48 22.32 21.18 19.65 19.85 18.60 17.78 17.10 17.00 15.36 14.31 14.72 14.39 12.81 14.42 13.36 14.45 13.93 15.54 16.65 19.47 21.71 22.96 25.36 26.64 25.65 23.14 25.03 24.79 23.50 22.97 24.16 22.65 22.38 23.44 22.22 22.29 23.59 23.37 23.09 25.35 26.53 26.21 27.32 26.65 28.02 27.51 25.54 25.29 28.98 28.13 27.50 27.80 
22.11 19.16 17.48 15.57 16.62 15.51 13.57 13.83 15.37 14.65 12.71 13.89 15.61 17.17 20.46 21.53 25.44 27.10 28.15 26.25 26.26 26.52 25.78 23.69 22.69 23.63 21.77 18.15 18.46 18.63 15.90 12.95 12.89 12.86 10.22 8.53 8.11 7.94 5.64 0.00 5.33 7.58 9.99 10.96 14.20 17.53 19.83 21.53 25.39 27.89 25.63 25.69 24.95 25.02 25.17 25.34 24.04 23.12 22.44 21.02 19.35 19.36 18.36 17.39 16.83 16.94 14.72 13.56 14.27 14.71 12.43 12.90 11.72 12.69 13.27 15.18 16.41 18.12 20.67 22.10 24.43 25.67 25.01 22.93 24.28 24.12 22.42 22.10 23.35 21.49 21.41 22.48 21.19 21.34 22.65 22.71 22.60 24.48 25.38 25.66 26.67 26.06 27.48 26.65 25.16 25.78 27.67 27.60 26.80 28.04 
20.62 17.83 16.13 14.56 15.07 13.74 12.65 12.84 14.30 12.73 11.14 11.85 13.71 14.91 18.09 19.88 23.22 25.43 26.63 25.27 25.34 25.29 24.63 22.32 21.90 22.69 21.31 17.63 18.02 17.92 15.84 13.03 12.71 11.96 9.83 9.41 9.51 8.70 7.12 5.33 0.00 6.00 7.00 9.38 11.36 15.48 17.97 19.71 23.14 25.86 24.04 24.53 23.98 24.17 24.94 24.68 23.44 22.45 21.88 20.53 18.14 18.38 17.51 16.32 15.47 15.55 13.68 12.56 13.28 13.63 12.09 11.94 10.05 11.28 11.01 12.75 13.57 15.94 18.76 19.97 22.43 24.32 24.14 22.16 23.66 22.82 21.26 20.82 22.34 20.50 19.93 20.90 20.18 20.29 21.44 21.39 21.49 23.37 24.31 24.91 26.57 25.42 26.84 26.57 25.19 26.24 28.49 27.83 27.46 28.41 
20.78 18.11 16.63 14.64 14.34 13.59 13.02 13.48 14.34 12.17 10.51 11.82 12.88 14.26 16.79 19.40 22.68 24.83 25.68 24.86 24.66 24.68 23.79 22.28 21.36 22.72 21.01 17.49 18.21 18.70 16.28 13.62 13.57 12.98 10.68 9.85 10.87 10.31 8.96 7.58 6.00 0.00 5.79 7.50 10.42 13.28 16.38 18.86 21.67 23.96 22.47 23.12 22.69 22.86 23.29 23.58 22.41 21.89 20.70 19.52 17.38 17.77 16.88 15.54 15.16 15.77 14.14 13.01 13.78 14.63 13.37 12.89 10.52 10.07 10.61 11.39 12.81 15.64 18.23 19.47 21.58 23.77 23.15 21.52 22.70 22.36 20.99 20.62 21.97 19.57 19.53 20.85 20.03 20.39 21.64 21.27 21.48 23.25 24.24 24.09 25.69 25.10 26.55 25.80 24.63 25.68 27.52 27.17 26.25 27.90 
19.79 16.95 15.77 14.11 13.80 12.46 12.32 13.40 15.03 12.11 9.03 9.59 11.16 11.67 14.39 16.27 20.53 22.40 23.49 22.36 22.34 21.97 21.84 19.78 19.51 20.79 19.11 15.57 16.08 17.29 15.11 12.19 13.21 13.93 10.89 10.10 11.58 12.74 10.97 9.99 7.00 5.79 0.00 6.09 7.25 10.95 13.32 16.03 18.37 21.18 18.89 20.27 18.96 19.32 19.38 20.21 19.30 18.84 17.47 16.64 14.89 15.40 14.52 13.31 13.41 14.37 13.31 11.71 12.99 14.50 13.29 12.65 9.59 9.00 7.67 8.90 9.72 12.81 14.72 16.33 19.30 21.72 20.57 19.09 20.10 20.19 18.83 18.42 19.88 18.37 18.05 19.23 18.46 18.79 20.11 19.55 19.24 21.61 22.87 22.78 23.87 23.61 25.31 24.71 22.72 23.45 26.82 26.43 24.44 26.12 
19.40 15.98 14.84 13.14 13.04 12.12 11.72 13.67 15.70 13.63 9.26 8.05 9.39 10.03 12.29 14.52 17.75 19.92 21.03 19.71 19.71 19.43 18.82 17.22 17.27 18.57 16.99 13.32 14.82 15.52 13.28 10.71 12.45 13.17 10.14 9.86 12.54 13.73 12.91 10.96 9.38 7.50 6.09 0.00 5.45 6.86 9.74 12.10 15.13 17.81 15.66 16.99 16.42 16.57 16.99 18.04 16.99 16.59 15.55 14.13 12.80 13.25 12.47 11.65 12.22 13.60 12.25 10.90 12.93 15.32 14.54 14.24 11.63 10.29 8.72 7.92 9.67 10.38 12.54 14.87 17.76 19.15 18.40 16.21 17.85 17.54 16.06 16.13 17.94 16.33 16.22 17.26 16.81 17.41 18.43 17.94 18.28 20.39 21.74 21.77 22.84 22.59 24.47 23.75 21.49 22.51 25.28 25.59 23.89 26.26 
19.61 16.71 15.40 14.30 14.19 13.68 13.74 15.47 17.70 14.97 10.86 9.25 8.47 9.08 10.60 12.53 15.57 17.41 18.65 17.99 17.88 17.63 17.25 15.88 16.15 17.98 16.54 13.14 14.21 16.09 14.04 11.48 12.97 13.98 11.89 12.14 14.84 16.12 15.58 14.20 11.36 10.42 7.25 5.45 2.00 6.18 6.70 9.53 12.63 15.35 13.88 15.01 14.37 15.51 16.38 17.11 16.17 15.95 15.40 14.36 12.46 13.61 13.27 12.23 12.50 14.11 13.67 12.90 14.20 16.95 16.10 15.83 13.18 11.75 8.48 8.84 7.23 8.42 9.62 12.43 15.31 17.20 16.14 15.21 16.76 16.47 15.03 15.37 17.31 15.74 15.79 17.13 17.10 17.18 18.35 18.12 18.28 20.41 21.62 22.09 23.42 22.84 24.42 24.17 22.09 22.71 25.26 26.18 25.21 26.54 
20.79 17.98 17.62 15.79 16.17 15.68 16.38 18.38 20.04 17.70 13.20 11.05 9.86 8.51 9.62 11.58 13.88 16.05 17.17 16.86 16.65 16.74 16.73 15.84 15.92 18.06 17.34 13.67 15.14 17.05 15.69 12.77 14.95 16.43 14.13 14.11 17.68 19.40 19.01 17.53 15.48 13.28 10.95 6.86 6.18 1.88 5.49 7.30 10.35 12.89 11.71 13.05 13.44 14.43 14.96 16.05 15.30 15.80 14.64 13.20 11.54 13.43 13.70 12.64 13.24 15.43 15.43 15.05 17.11 18.66 18.13 18.71 16.18 13.87 10.69 9.85 9.43 8.93 10.28 11.88 14.74 16.67 16.61 14.78 16.55 15.99 14.85 15.48 17.29 15.50 15.99 17.84 17.42 17.76 19.09 18.63 18.61 20.98 21.96 22.01 23.21 23.16 24.48 23.80 21.85 22.97 25.59 25.93 24.31 26.47 
21.16 18.84 19.14 17.81 17.37 18.07 18.43 20.58 22.59 19.55 15.24 12.04 10.40 8.42 7.31 9.22 11.91 13.29 14.64 14.01 14.22 14.61 14.98 13.85 13.66 16.69 16.25 12.65 13.82 16.82 15.76 13.11 15.31 18.05 16.53 16.61 19.72 22.00 21.12 19.83 17.97 16.38 13.32 9.74 6.70 5.49 1.55 4.80 6.36 9.94 8.78 10.60 9.92 11.17 12.31 13.92 13.23 13.82 13.47 12.58 11.14 12.85 13.79 13.51 14.43 17.08 17.46 17.16 19.39 21.94 20.54 21.30 18.45 15.67 11.79 11.07 9.16 8.64 7.75 9.96 12.84 14.72 14.52 13.50 15.05 14.80 13.71 14.57 16.54 15.14 15.87 17.64 17.07 17.81 19.00 18.08 17.49 20.00 21.37 21.47 22.38 22.31 24.00 23.59 20.99 22.14 25.66 25.36 23.06 25.45 
23.13 20.54 21.45 20.25 21.02 21.08 22.01 23.62 25.11 23.07 18.24 15.31 13.04 10.99 9.79 8.75 11.65 12.72 13.69 14.01 13.67 14.30 14.48 14.09 14.38 17.43 16.70 13.67 15.32 18.09 17.21 15.04 17.50 20.00 18.79 18.44 22.21 23.92 23.23 21.53 19.71 18.86 16.03 12.10 9.53 7.30 4.80 0.15 5.72 7.01 7.83 10.91 11.33 11.55 12.56 14.06 13.23 13.91 13.98 13.63 12.35 14.00 15.70 16.07 16.65 19.05 19.88 19.26 21.60 24.31 22.85 23.24 20.60 19.22 15.14 13.71 11.19 10.20 8.67 8.64 12.20 14.60 14.58 13.57 16.00 15.18 13.93 14.84 17.45 16.14 16.40 17.85 17.52 18.87 19.91 19.70 19.26 21.51 22.20 22.75 23.52 23.40 25.44 24.94 22.07 23.23 26.16 26.07 23.98 26.59 
26.27 24.59 24.63 23.84 25.23 25.68 26.67 28.19 28.97 27.11 23.11 20.45 17.12 14.67 12.79 12.08 11.66 13.27 13.60 14.63 14.68 15.41 15.09 15.34 16.32 19.76 19.04 16.96 18.41 21.23 20.56 18.79 21.35 23.42 22.36 22.66 26.09 27.57 26.93 25.39 23.14 21.67 18.37 15.13 12.63 10.35 6.36 5.72 1.13 6.22 7.04 11.05 11.92 13.94 14.65 16.71 15.95 16.71 16.61 17.48 16.24 18.33 19.66 20.07 20.31 22.67 23.34 23.14 25.11 27.66 26.52 26.72 24.33 22.52 18.23 16.83 14.02 12.25 10.30 10.72 13.15 15.95 15.49 15.49 18.41 18.11 16.45 17.68 19.59 18.72 18.94 20.90 20.48 21.24 22.66 22.66 22.15 24.29 25.49 25.97 27.03 26.03 28.03 27.49 24.55 24.98 28.24 27.74 26.76 27.53 
27.58 25.93 26.58 25.40 27.14 27.52 28.64 30.40 31.42 28.95 25.01 22.99 19.10 15.86 14.16 11.80 10.94 10.84 13.03 12.55 14.23 15.66 16.49 15.90 17.14 20.72 20.44 17.71 19.34 22.55 21.95 19.71 22.65 24.73 23.52 23.86 27.65 28.96 29.18 27.89 25.86 23.96 21.18 17.81 15.35 12.89 9.94 7.01 6.22 1.11 5.98 9.34 10.59 12.90 15.14 16.81 16.12 17.44 17.35 18.18 17.32 19.34 20.86 20.55 21.73 23.66 24.23 24.09 26.73 28.87 28.06 28.74 27.02 25.40 20.69 19.90 16.70 15.32 13.27 12.85 13.89 15.21 15.25 14.84 18.15 18.52 16.87 18.22 20.31 19.08 19.60 21.39 20.85 22.24 23.14 22.58 22.24 24.96 25.68 25.76 26.90 26.67 28.16 27.56 25.03 26.13 27.98 27.84 26.42 28.16 
26.04 24.32 25.20 23.82 24.37 24.34 25.74 27.63 29.63 27.17 23.12 20.28 17.67 14.46 12.42 9.97 8.48 8.35 8.00 8.30 10.07 11.83 12.51 12.15 12.69 17.43 16.98 13.87 15.55 19.61 18.98 16.78 19.98 22.61 21.17 21.45 25.28 26.76 26.50 25.63 24.04 22.47 18.89 15.66 13.88 11.71 8.78 7.83 7.04 5.98 0.00 5.25 6.28 7.91 10.89 12.03 11.50 12.59 13.17 13.67 13.39 14.97 16.83 17.10 18.57 20.57 21.38 21.30 23.88 26.36 25.88 26.83 25.17 23.04 18.43 17.58 14.82 13.59 11.74 11.50 11.75 12.11 11.29 11.20 14.11 13.49 12.08 13.75 15.97 14.63 15.57 17.40 17.45 18.68 19.80 18.68 18.74 21.77 22.57 22.95 24.27 23.76 25.38 25.01 22.58 24.55 27.40 26.30 24.23 26.40 
26.59 24.50 25.50 23.95 24.58 24.61 26.06 27.84 29.63 27.56 24.29 21.31 18.70 16.37 14.86 12.83 12.03 10.17 9.39 9.17 10.91 12.17 13.24 13.95 14.46 18.04 18.02 15.62 16.67 20.28 20.12 18.41 20.96 23.36 21.85 21.96 25.48 27.22 26.46 25.69 24.53 23.12 20.27 16.99 15.01 13.05 10.60 10.91 11.05 9.34 5.25 0.42 5.46 7.55 9.36 11.20 11.72 13.29 13.36 14.64 14.06 15.52 17.59 18.48 19.10 20.90 21.86 21.81 24.10 26.72 26.10 27.14 25.32 23.59 19.30 18.36 15.46 14.66 13.77 13.17 13.49 13.38 12.86 10.85 14.26 13.72 12.44 13.64 15.91 14.33 15.58 17.62 17.46 18.63 19.55 19.40 19.09 21.55 22.12 23.16 24.36 23.97 25.68 25.14 22.69 24.63 26.50 26.62 24.10 26.52 
26.80 24.37 25.13 23.57 24.47 24.20 25.32 26.53 28.42 26.40 22.81 20.02 18.05 15.59 14.38 12.63 11.45 9.80 8.33 7.41 7.38 8.97 10.30 11.38 12.22 15.83 15.49 13.90 15.35 18.41 18.46 17.27 19.80 22.45 21.73 21.52 25.03 26.59 25.85 24.95 23.98 22.69 18.96 16.42 14.37 13.44 9.92 11.33 11.92 10.59 6.28 5.46 0.76 4.92 5.82 7.49 8.27 10.19 9.41 11.15 11.09 13.11 14.58 15.72 16.22 19.29 20.56 19.89 22.49 25.16 24.91 25.71 24.24 22.16 17.91 17.03 13.97 13.29 12.56 12.38 13.40 13.72 12.04 9.87 12.01 11.29 9.89 11.30 13.15 10.94 11.76 15.30 15.00 16.27 17.28 17.25 17.03 19.67 20.86 21.40 22.89 22.50 24.58 23.71 21.31 23.44 25.47 25.07 23.44 25.79 
26.38 24.12 24.68 23.07 24.48 24.10 25.11 26.27 28.23 25.91 22.18 19.74 17.95 15.63 14.66 12.29 12.36 11.46 9.60 7.45 8.51 8.88 10.73 12.03 12.37 15.65 15.79 13.92 14.07 17.94 18.33 16.87 19.51 21.91 21.10 21.65 25.02 26.50 25.18 25.02 24.17 22.86 19.32 16.57 15.51 14.43 11.17 11.55 13.94 12.90 7.91 7.55 4.92 0.00 5.06 6.73 7.32 9.15 8.86 10.40 10.71 12.60 14.12 14.12 15.20 17.67 19.06 18.91 21.54 24.34 23.90 25.42 23.61 22.18 17.63 16.89 14.26 13.67 12.43 12.06 13.73 14.26 11.70 8.86 12.15 10.39 8.34 10.45 12.89 10.51 11.49 14.84 13.76 15.42 16.59 16.21 15.66 18.82 20.10 20.23 21.71 21.52 23.56 22.77 20.93 23.19 25.00 24.80 22.77 25.64 
26.09 23.94 24.54 22.76 23.70 23.63 24.45 25.80 27.92 25.58 22.01 19.63 18.33 16.07 15.44 13.16 13.20 12.41 10.80 8.84 8.33 8.48 9.75 11.08 11.23 14.84 15.16 13.18 13.01 17.74 17.99 16.82 19.18 21.82 21.01 21.53 24.94 26.06 25.19 25.17 24.94 23.29 19.38 16.99 16.38 14.96 12.31 12.56 14.65 15.14 10.89 9.36 5.82 5.06 0.00 5.39 7.05 7.26 7.62 9.68 10.27 10.90 12.19 13.44 14.22 16.43 17.94 18.38 20.82 23.58 24.18 25.08 23.61 21.56 17.58 16.47 14.55 13.81 12.47 12.13 13.79 14.05 11.81 9.75 11.60 9.67 6.86 9.69 11.97 9.73 10.29 13.92 12.88 14.87 16.14 15.94 15.29 18.26 19.29 19.99 21.35 20.78 22.07 21.86 20.14 22.25 24.29 23.90 22.22 25.06 
26.25 24.29 24.56 22.98 24.24 24.07 24.90 26.13 27.37 25.36 22.17 20.31 18.65 16.23 16.93 14.51 15.17 13.54 13.15 10.50 10.27 10.07 11.30 11.05 11.31 14.87 15.03 12.81 13.31 17.53 17.71 16.21 19.47 21.70 20.65 21.45 24.35 26.06 24.85 25.34 24.68 23.58 20.21 18.04 17.11 16.05 13.92 14.06 16.71 16.81 12.03 11.20 7.49 6.73 5.39 0.00 5.68 7.13 7.72 9.48 10.19 10.80 12.63 14.08 14.86 16.29 18.05 18.37 20.94 23.41 23.42 24.88 23.07 21.56 17.63 17.27 14.82 14.57 13.85 13.54 15.03 15.65 13.75 12.01 13.87 11.79 9.81 10.47 13.06 10.66 11.69 14.40 13.65 14.69 16.20 16.36 15.53 18.43 18.83 19.61 20.99 20.71 22.16 21.68 20.06 22.17 23.84 23.61 22.37 25.44 
26.42 24.17 24.19 22.78 24.39 24.15 24.50 25.19 26.78 24.70 21.26 19.49 18.70 16.57 16.39 14.07 14.36 13.51 12.19 9.56 9.48 10.16 10.47 9.91 9.39 13.62 13.57 11.22 11.98 15.98 16.10 15.06 17.67 20.80 20.09 20.28 23.79 25.16 24.60 24.04 23.44 22.41 19.30 16.99 16.17 15.30 13.23 13.23 15.95 16.12 11.50 11.72 8.27 7.32 7.05 5.68 0.63 5.44 6.78 7.59 7.47 9.50 11.49 12.50 13.09 15.96 16.98 17.00 19.77 22.73 22.87 23.94 22.65 21.05 17.50 16.79 14.79 14.53 14.16 13.20 14.81 16.24 13.92 11.55 13.78 11.91 9.71 10.88 11.91 10.23 10.27 13.72 12.20 13.96 14.95 14.98 13.91 17.52 17.87 18.21 19.70 19.82 21.16 20.64 18.55 20.73 22.97 22.51 21.20 24.13 
25.98 23.72 23.66 21.98 23.85 23.39 23.96 24.74 26.04 24.30 20.92 19.11 18.24 16.89 16.86 14.99 16.17 14.81 13.54 12.20 11.76 11.82 11.89 11.72 10.75 13.33 13.31 12.00 10.99 15.18 15.58 14.16 16.99 19.65 18.79 19.37 22.72 24.69 23.48 23.12 22.45 21.89 18.84 16.59 15.95 15.80 13.82 13.91 16.71 17.44 12.59 13.29 10.19 9.15 7.26 7.13 5.44 0.43 5.34 7.24 6.34 7.55 10.03 10.80 11.34 13.74 15.55 15.71 17.94 20.84 21.41 22.94 20.90 20.18 16.57 16.18 14.33 14.88 14.15 13.12 15.74 16.70 14.12 11.17 14.72 11.71 9.08 10.61 12.40 8.57 8.98 11.76 10.47 12.73 13.89 14.00 13.42 17.05 17.24 17.69 19.29 19.05 20.72 20.28 18.62 20.53 22.54 22.31 20.72 24.27 
25.76 23.50 23.40 21.73 23.21 22.76 23.06 23.67 25.22 23.48 20.27 18.36 17.75 16.23 16.47 14.97 16.14 14.95 13.75 12.52 11.81 10.78 11.32 10.66 8.73 12.48 12.48 9.78 9.34 13.84 14.45 13.12 15.33 18.50 17.73 18.67 21.89 23.59 22.32 22.44 21.88 20.70 17.47 15.55 15.40 14.64 13.47 13.98 16.61 17.35 13.17 13.36 9.41 8.86 7.62 7.72 6.78 5.34 1.61 6.22 7.11 6.12 7.70 9.87 10.94 12.06 13.44 14.81 17.08 20.13 20.40 21.63 19.96 19.11 15.48 15.07 14.05 14.54 13.47 13.36 15.91 17.07 14.34 12.16 15.01 13.28 10.17 11.35 12.63 10.44 9.27 11.70 10.07 12.59 13.59 13.60 13.05 16.24 16.54 17.22 19.14 18.71 19.46 19.41 18.08 19.50 21.81 21.88 20.27 23.18 
25.27 22.83 22.64 20.92 22.78 22.17 22.37 23.19 24.46 22.91 19.43 17.95 17.68 16.07 16.59 15.18 16.81 15.85 14.93 12.58 11.94 11.78 11.61 10.09 8.12 12.30 12.01 8.36 8.90 13.67 13.42 11.39 14.34 17.48 16.13 16.99 20.46 22.03 21.18 21.02 20.53 19.52 16.64 14.13 14.36 13.20 12.58 13.63 17.48 18.18 13.67 14.64 11.15 10.40 9.68 9.48 7.59 7.24 6.22 0.62 5.89 7.12 6.70 7.28 9.81 11.90 12.53 13.06 16.25 18.72 18.58 20.01 18.74 18.19 14.64 14.50 13.33 13.92 14.56 14.14 16.70 17.51 16.14 13.65 16.44 14.44 12.67 12.82 13.84 11.40 11.07 12.13 10.66 12.36 13.49 13.75 12.04 15.43 15.67 16.52 18.65 17.75 19.43 19.07 18.03 18.88 21.27 21.68 20.33 23.66 
25.37 22.33 21.99 20.41 22.49 21.67 21.45 22.07 23.87 21.94 18.37 17.17 17.68 16.13 16.27 15.32 17.03 16.27 15.23 12.98 12.43 12.56 12.45 11.25 9.76 12.39 11.81 9.30 9.85 13.16 12.84 11.28 13.94 16.47 15.40 15.64 18.59 20.67 19.65 19.35 18.14 17.38 14.89 12.80 12.46 11.54 11.14 12.35 16.24 17.32 13.39 14.06 11.09 10.71 10.27 10.19 7.47 6.34 7.11 5.89 0.71 5.47 7.39 6.41 7.17 10.28 11.72 11.69 13.92 16.88 16.68 18.44 17.34 17.00 13.38 13.67 12.41 13.36 14.10 13.98 16.24 17.93 16.00 13.65 16.02 14.35 12.50 12.65 13.26 11.26 10.59 11.93 9.13 11.32 12.12 11.20 9.39 13.57 14.30 14.28 16.70 17.43 18.43 17.80 16.34 17.72 20.54 20.10 18.98 21.98 
