0.19 4.45 4.93 8.15 10.33 13.66 16.06 19.42 22.16 23.95 26.64 29.19 30.56 30.28 27.97 27.17 27.28 25.94 22.39 20.90 21.83 18.73 16.06 14.84 13.90 12.65 13.54 12.01 12.95 13.91 14.82 18.58 22.96 25.89 28.31 30.43 32.19 34.47 34.42 32.94 33.66 33.58 32.66 28.85 27.54 26.55 24.65 23.23 23.22 23.00 22.77 24.38 24.86 26.19 26.75 27.36 27.03 26.61 26.65 24.04 21.58 20.13 19.70 15.62 13.72 14.05 14.18 12.58 13.54 14.64 17.29 18.17 22.28 25.05 28.31 30.37 32.78 35.33 38.18 38.53 37.91 38.32 38.82 37.52 34.77 33.12 32.36 31.92 30.40 28.48 26.43 26.81 24.84 22.86 22.05 22.58 20.63 19.15 19.81 20.05 17.92 18.20 17.88 18.88 19.06 20.44 23.22 25.58 27.99 30.48 33.85 35.54 36.71 38.37 41.00 40.80 40.82 42.16 44.07 42.37 39.72 40.18 41.51 39.38 36.66 37.41 37.47 35.32 33.96 35.18 34.43 33.44 34.13 34.34 33.97 34.06 35.45 34.83 35.35 35.79 36.75 35.65 36.85 35.46 36.31 35.34 35.52 35.24 35.78 35.95 37.70 38.31 39.37 39.49 41.97 42.32 42.04 43.13 43.41 42.00 39.80 40.31 40.35 39.81 39.53 40.31 41.57 42.63 42.71 43.24 42.85 42.89 39.68 38.82 37.69 35.64 32.59 32.28 31.41 29.76 27.16 26.53 26.20 24.36 22.22 21.64 21.72 20.08 19.47 20.08 20.45 20.65 20.47 20.24 21.22 21.28 21.16 21.23 21.97 22.01 25.51 22.72 24.65 24.13 35.99 
4.45 0.00 3.95 4.60 9.52 12.29 14.89 18.46 21.89 23.56 26.14 28.19 30.67 29.88 28.95 27.04 27.21 25.35 21.99 20.77 20.53 17.49 14.02 13.11 13.67 8.61 9.88 8.62 10.85 12.01 12.64 17.86 21.70 25.30 27.69 29.62 32.20 34.13 34.55 32.16 33.12 32.44 31.86 27.20 26.23 23.78 22.69 20.29 21.11 20.34 20.83 22.71 23.26 24.50 26.10 26.61 26.39 25.89 26.60 23.98 20.19 19.63 19.29 15.46 12.65 12.02 13.70 11.32 12.39 13.05 15.64 17.56 21.38 24.37 28.28 30.08 32.39 34.51 38.94 38.31 37.54 37.39 39.13 36.77 34.15 31.60 32.13 30.60 29.49 26.71 25.99 25.85 23.80 21.06 21.40 22.02 19.76 18.07 19.27 19.88 17.45 17.23 16.40 18.53 17.91 19.58 22.30 24.73 27.19 29.54 33.10 34.25 35.76 36.97 40.34 39.53 39.79 40.25 42.99 40.86 38.23 38.15 40.04 37.60 35.22 35.43 36.00 33.61 32.90 34.28 33.37 31.92 32.85 33.09 32.85 33.16 34.89 34.04 34.80 35.69 36.93 34.96 36.94 35.06 36.34 34.38 35.14 33.74 35.13 34.21 37.09 37.11 38.70 38.26 41.37 41.27 41.48 41.75 42.31 40.98 39.35 39.25 39.05 38.36 38.52 38.49 40.44 41.20 42.31 41.78 42.66 41.56 39.51 37.52 37.26 34.12 32.16 30.76 31.29 28.43 26.42 25.07 25.47 22.97 20.78 20.15 20.49 18.38 17.41 18.44 19.47 19.49 19.63 18.84 19.71 19.96 20.08 19.18 20.38 20.01 19.65 20.85 21.72 23.90 33.86 
4.93 3.95 0.00 0.47 6.69 9.88 11.72 15.04 18.47 21.15 23.97 25.61 27.10 28.10 27.40 24.97 22.80 21.73 20.62 17.60 17.91 15.47 13.11 11.94 11.51 7.01 7.02 3.57 7.92 7.97 11.07 12.48 16.49 19.77 23.58 25.11 27.95 30.30 31.00 28.43 29.47 28.97 29.39 24.83 23.22 20.96 18.97 17.27 17.32 16.64 17.27 18.99 18.37 20.26 22.96 23.49 22.29 22.57 24.01 21.41 17.81 17.25 17.70 12.99 11.13 11.07 10.72 8.49 9.44 9.93 12.21 14.14 18.14 20.54 24.58 26.25 27.94 30.82 35.80 35.24 33.94 34.19 36.45 34.02 30.40 28.56 29.44 28.05 25.69 23.62 23.70 23.72 20.38 18.00 18.99 19.53 16.66 15.62 17.34 17.73 15.42 15.07 13.94 15.71 16.01 17.48 19.71 22.22 24.97 26.88 30.15 30.98 32.67 33.96 37.25 36.47 36.77 37.18 39.93 38.05 35.65 35.16 36.60 34.47 32.54 32.71 33.06 30.70 30.43 31.48 30.83 29.37 30.22 30.66 30.92 31.20 33.21 32.43 34.05 35.04 36.47 34.57 36.64 34.82 35.87 33.77 34.17 32.80 33.54 32.93 34.96 34.84 35.84 35.53 38.38 38.51 38.30 39.12 39.72 38.92 37.68 37.20 37.18 36.70 36.50 36.52 38.97 39.70 39.90 39.77 40.99 40.30 36.62 35.22 34.36 31.51 28.31 28.02 27.97 25.67 22.96 22.17 22.42 19.71 17.47 16.83 17.72 15.66 14.77 15.82 17.28 17.43 17.56 17.04 18.47 17.93 17.89 17.78 19.15 18.99 17.93 19.13 22.56 22.66 30.67 
8.15 4.60 0.47 0.00 4.90 7.21 9.67 14.03 17.18 19.00 22.00 23.69 24.09 25.74 24.78 22.76 21.47 20.83 17.72 15.46 15.12 13.77 10.53 10.71 11.30 9.22 7.05 4.55 5.69 8.90 9.03 14.25 16.64 21.05 22.72 24.78 25.76 28.88 29.27 27.42 27.76 28.20 28.49 24.69 22.64 20.44 19.12 16.42 16.16 15.37 15.85 17.75 17.34 19.41 21.18 22.66 21.94 22.47 23.57 21.56 17.29 17.58 17.02 14.23 11.05 11.21 10.32 6.51 7.34 9.27 11.25 15.00 16.22 20.03 22.45 25.38 26.48 29.46 33.26 33.43 31.85 32.50 34.09 32.54 28.75 27.45 27.63 27.04 25.07 23.32 22.60 23.10 20.20 17.66 18.61 18.91 16.07 15.32 17.24 17.66 15.70 15.46 13.67 14.82 15.38 16.66 18.08 20.91 23.42 25.41 27.87 29.46 31.11 32.47 35.45 35.23 35.51 35.87 38.38 36.64 34.55 34.07 35.60 33.50 31.32 31.64 31.65 29.62 29.22 30.33 29.13 28.04 29.10 29.49 29.40 30.16 32.48 31.78 33.08 34.38 36.09 33.97 35.93 34.51 35.83 33.41 33.37 32.52 33.03 32.08 33.62 33.80 34.57 34.45 37.24 37.48 37.39 38.00 38.51 37.94 36.55 36.38 35.99 35.77 35.56 35.84 38.01 38.45 38.74 38.54 39.83 38.77 35.73 34.22 33.68 31.08 27.89 27.26 27.18 24.90 22.31 21.42 21.37 19.09 17.05 16.17 16.95 14.87 14.51 15.41 17.17 17.33 17.66 16.64 17.64 17.82 18.61 16.72 16.97 17.02 17.12 18.17 20.56 22.20 33.79 
10.33 9.52 6.69 4.90 0.00 5.87 7.56 11.41 12.57 15.24 18.36 20.95 20.78 21.47 18.69 18.25 18.32 17.59 14.38 12.28 13.21 10.51 7.11 8.22 10.15 8.10 9.21 5.30 3.59 5.24 6.32 9.75 12.52 15.95 18.53 21.12 21.72 25.02 24.73 23.46 24.65 25.17 25.03 21.22 21.44 20.12 18.83 16.05 14.36 14.07 13.67 15.70 15.95 17.82 18.54 20.19 20.70 19.91 20.41 18.21 15.12 14.98 14.42 10.36 9.89 10.18 8.60 5.82 5.14 6.18 8.78 10.41 12.70 16.10 17.90 20.76 22.37 25.47 27.38 28.71 27.73 28.05 28.46 27.15 25.34 23.29 22.25 22.06 21.72 19.53 18.49 19.04 17.60 14.05 14.82 15.66 13.49 13.02 15.48 16.12 14.75 14.95 12.43 12.44 10.93 11.61 12.62 15.19 16.69 19.71 22.34 24.29 24.58 26.10 29.04 29.15 29.96 31.53 34.77 32.74 30.61 30.88 33.01 29.96 27.56 28.34 28.98 25.97 25.67 27.17 26.46 24.77 26.89 27.15 26.92 27.72 30.05 29.15 29.79 31.41 33.05 31.50 32.85 31.26 31.19 28.94 28.47 27.37 27.17 26.28 27.55 28.00 29.08 28.65 30.90 31.29 31.70 33.00 33.59 32.89 31.80 31.99 31.61 31.12 30.39 31.42 32.57 33.88 34.52 34.92 34.30 33.95 32.28 30.97 29.56 26.95 25.21 24.55 24.36 21.95 20.21 18.71 19.50 16.92 15.82 15.15 16.12 14.32 13.92 15.74 16.67 16.80 17.22 15.72 15.89 15.32 14.66 15.08 15.66 17.21 17.89 16.87 19.15 20.71 26.99 
13.66 12.29 9.88 7.21 5.87 0.00 5.21 6.65 9.90 11.47 14.50 17.77 18.18 18.59 16.52 15.43 15.79 14.05 11.23 10.19 11.44 7.75 4.51 6.96 10.91 9.93 9.59 7.35 6.42 4.54 6.60 9.59 11.16 16.05 16.87 20.09 20.27 23.31 22.43 20.82 22.49 22.71 22.58 19.33 19.80 18.11 16.88 14.60 13.78 12.35 11.62 14.16 13.54 16.50 16.81 18.76 18.83 18.28 18.94 17.38 13.81 14.91 15.64 11.10 9.47 11.34 11.49 6.20 6.53 4.81 6.37 8.48 10.83 14.41 14.71 18.08 20.05 23.26 25.52 26.42 25.89 26.24 26.49 24.90 23.29 21.31 20.54 19.70 19.76 17.78 16.79 17.48 15.80 12.41 13.76 14.82 12.34 12.27 15.02 16.53 14.55 16.14 12.12 12.55 10.50 10.18 11.00 13.67 14.65 17.83 19.89 22.37 22.68 24.08 26.46 27.04 27.83 29.37 32.28 30.79 28.22 28.54 30.10 27.83 25.36 26.04 26.03 23.87 23.53 25.49 23.85 22.78 24.46 25.13 24.61 25.75 28.35 27.59 28.31 30.49 32.28 30.59 31.94 30.29 30.22 27.90 26.39 25.35 24.77 23.92 24.64 25.42 26.12 25.74 27.48 28.39 29.17 30.47 30.64 31.05 29.87 30.38 29.09 29.40 28.47 29.35 30.03 31.60 32.50 32.68 31.85 31.55 30.23 28.63 26.86 24.33 22.92 22.47 22.42 19.79 17.86 16.96 17.78 14.87 13.46 13.27 15.02 12.35 12.34 14.70 16.29 16.51 16.66 15.15 15.35 15.42 14.42 13.85 14.57 16.14 13.98 16.28 17.73 20.98 27.62 
16.06 14.89 11.72 9.67 7.56 5.21 0.00 5.28 6.80 10.12 12.18 15.16 15.82 16.99 16.28 13.54 14.46 13.61 11.55 7.96 11.37 10.31 7.60 8.61 12.44 11.25 12.63 8.72 9.54 6.48 6.65 6.74 7.92 11.51 15.29 16.60 18.61 21.22 20.60 19.20 21.24 21.45 22.31 18.60 19.43 17.43 16.08 13.64 13.51 10.94 10.59 12.16 11.48 13.71 15.55 16.72 16.60 16.51 17.41 14.56 12.00 13.48 13.47 7.65 7.56 11.03 10.04 5.24 7.36 6.29 5.04 6.58 9.72 11.64 13.97 16.47 18.64 20.83 23.30 24.67 23.63 23.95 24.97 23.21 21.65 19.68 19.33 18.43 18.28 15.98 16.28 16.65 14.98 11.81 13.32 14.40 11.77 12.00 15.67 17.04 15.91 16.86 14.03 13.93 11.60 11.03 10.70 12.93 13.84 16.07 17.65 20.23 20.75 21.77 23.84 24.59 26.32 27.30 30.19 28.88 26.97 26.64 27.73 25.20 23.58 23.80 23.89 21.34 21.57 22.81 21.79 20.35 22.51 22.85 22.91 23.94 26.81 26.05 27.02 29.29 31.61 29.59 30.88 29.08 29.82 26.65 25.26 23.52 23.83 22.05 22.61 22.74 23.42 22.87 24.62 25.36 26.34 27.68 28.33 28.58 28.35 27.98 27.06 27.00 26.25 26.31 26.91 28.58 29.73 29.44 28.59 28.65 27.43 25.64 23.67 21.49 20.60 19.96 20.35 17.60 16.52 15.59 16.79 14.16 13.15 13.28 15.01 13.31 13.39 15.91 17.88 17.91 18.14 16.09 16.35 15.12 14.42 13.57 13.46 16.08 14.42 14.93 17.26 19.70 25.61 
19.42 18.46 15.04 14.03 11.41 6.65 5.28 0.00 5.45 6.09 10.09 11.32 12.90 13.29 11.86 9.08 9.93 9.57 5.87 3.03 8.61 8.83 6.61 9.80 14.53 14.97 15.17 13.97 11.44 8.75 7.44 5.94 8.43 9.23 12.64 15.47 16.96 20.05 19.32 17.79 20.32 20.76 21.41 18.77 18.87 17.21 15.40 13.11 13.72 11.64 10.49 11.83 11.06 13.07 13.60 15.67 16.23 16.31 17.08 15.10 12.26 14.53 15.55 11.68 11.32 14.69 14.72 10.72 10.14 9.93 7.70 7.74 8.30 11.04 11.34 15.11 16.84 19.77 21.71 23.11 22.29 22.48 22.58 21.37 19.74 17.74 16.80 16.34 17.25 14.70 14.52 15.49 14.17 10.31 13.32 14.52 12.54 13.04 17.38 19.01 17.65 18.68 15.58 15.52 12.72 10.98 10.91 12.14 12.58 14.06 15.84 18.32 19.03 20.17 21.98 22.81 24.13 25.31 27.99 26.72 24.67 24.64 25.91 23.61 21.47 22.13 22.11 19.93 19.96 21.68 20.29 19.13 21.05 21.80 21.50 22.97 25.92 25.32 26.31 28.87 30.89 28.89 30.15 28.59 29.00 25.85 24.09 22.44 21.94 20.38 20.44 20.72 21.14 20.63 22.18 23.18 24.08 25.66 25.74 26.43 25.94 26.39 25.10 25.41 24.76 25.37 25.75 27.10 27.90 28.01 26.89 26.57 25.52 23.79 22.12 19.15 19.03 17.81 18.23 15.94 15.33 14.29 15.56 13.51 13.24 13.16 15.35 13.79 14.72 17.03 18.80 19.23 19.17 17.44 17.60 17.45 16.52 14.17 13.56 15.16 12.90 14.96 16.15 20.19 25.91 
22.16 21.89 18.47 17.18 12.57 9.90 6.80 5.45 0.34 4.59 5.93 9.18 10.63 11.93 10.17 8.47 10.01 10.72 8.86 8.31 11.81 12.29 10.00 13.71 18.32 17.35 18.24 14.42 12.66 10.13 8.22 7.24 5.47 8.26 10.39 11.69 13.43 16.98 17.37 16.90 19.37 20.88 21.11 19.31 19.99 18.94 16.43 14.08 14.36 12.38 11.19 11.96 10.77 11.78 11.20 13.52 14.67 15.63 16.73 14.87 11.95 15.23 16.68 13.66 13.41 16.30 15.91 12.16 10.99 9.80 7.54 6.69 4.98 7.05 7.18 10.11 13.08 15.85 18.27 20.22 19.73 20.08 19.22 18.42 17.25 14.75 13.16 14.29 14.85 11.64 11.44 14.38 11.92 8.26 12.18 15.81 13.13 14.28 19.77 21.99 20.06 20.67 18.13 18.45 14.80 12.06 10.97 11.56 10.95 11.56 13.27 15.33 16.03 17.34 19.58 20.26 21.28 22.69 25.48 24.03 22.24 22.56 24.17 21.37 19.34 19.86 20.37 17.43 17.91 19.62 18.37 16.68 19.46 20.20 19.57 21.61 24.57 23.93 24.85 27.67 30.13 28.17 29.63 27.59 27.83 24.19 22.92 20.65 19.64 17.33 17.78 17.45 18.02 17.17 18.87 19.18 20.51 22.48 22.66 23.50 23.07 23.58 22.95 23.20 22.49 23.00 23.51 24.65 25.16 25.41 24.25 24.38 23.31 21.46 19.10 16.94 16.45 15.40 16.38 14.88 14.57 13.91 15.42 14.23 14.22 14.86 16.57 15.58 16.26 19.48 20.77 21.17 21.66 19.39 19.25 18.12 17.24 14.80 13.44 15.25 13.62 15.13 15.67 19.83 20.95 
23.95 23.56 21.15 19.00 15.24 11.47 10.12 6.09 4.59 0.00 4.50 6.00 7.40 9.04 8.15 6.29 8.36 9.27 8.29 8.46 12.01 13.14 12.19 15.52 20.72 20.71 22.14 18.93 17.56 14.06 12.34 7.63 8.61 7.95 10.25 11.49 13.65 16.32 17.07 15.78 18.62 20.44 20.94 19.24 20.23 19.05 16.68 14.66 15.06 12.75 11.65 12.77 10.70 11.30 10.84 13.58 14.73 16.03 17.87 16.42 13.50 16.91 18.56 15.55 15.21 18.69 18.48 14.76 13.96 12.57 9.91 9.69 7.95 8.51 8.98 10.94 12.85 16.37 18.43 19.73 19.44 19.82 19.08 18.37 16.88 15.33 13.48 14.21 15.13 12.57 11.67 14.56 13.14 10.54 13.01 16.79 15.18 16.29 20.96 23.05 21.45 22.35 19.49 19.93 16.00 13.71 12.16 12.31 10.80 11.31 12.25 13.99 15.00 16.44 18.40 19.15 20.62 21.71 24.54 23.02 21.25 21.49 23.02 20.51 18.49 19.24 18.99 16.59 16.88 19.28 17.13 15.74 18.20 19.50 18.96 20.45 23.99 23.19 24.28 27.04 29.38 27.32 28.98 26.61 26.90 23.80 21.94 19.75 18.01 16.23 15.11 14.90 15.02 14.05 16.09 16.21 18.05 19.97 20.63 21.88 21.84 22.44 21.59 22.19 21.22 21.85 22.13 23.30 23.54 23.72 22.55 22.80 21.99 19.68 17.65 15.22 14.98 13.53 15.09 13.82 13.29 13.46 15.76 14.33 14.25 15.53 17.48 16.39 16.89 20.15 21.31 22.14 22.76 20.49 19.83 19.06 18.02 15.17 14.28 15.03 13.57 15.27 16.68 19.81 21.55 
26.64 26.14 23.97 22.00 18.36 14.50 12.18 10.09 5.93 4.50 0.35 4.31 6.30 7.98 7.84 6.84 8.57 9.74 8.98 7.40 13.03 15.13 13.83 17.49 21.62 21.59 22.45 19.56 19.62 14.26 11.83 6.04 7.07 7.24 7.19 9.44 12.72 15.75 16.80 16.22 18.50 20.44 20.94 19.65 20.94 19.87 17.15 14.82 16.34 13.26 12.45 13.06 10.94 11.22 11.62 13.89 14.69 16.91 19.10 17.36 15.16 19.25 20.78 17.21 17.03 20.88 20.73 16.01 15.94 14.08 12.57 10.83 10.13 9.69 9.00 10.48 12.04 15.07 18.45 19.77 18.71 19.69 19.70 18.97 17.27 15.31 14.15 14.49 15.14 12.28 11.96 14.88 13.96 11.78 14.19 17.69 16.20 17.33 21.75 24.30 23.03 23.63 20.96 21.43 17.89 15.68 13.64 13.36 11.28 11.41 11.99 13.52 14.47 16.20 17.68 19.10 20.71 22.11 24.30 23.51 21.14 21.55 22.65 20.41 18.38 19.36 18.88 16.52 16.50 18.63 17.05 15.77 17.82 19.55 19.03 20.98 23.95 23.57 24.37 27.17 29.61 27.69 29.15 26.92 27.22 23.96 21.60 19.49 18.00 15.32 13.92 13.40 12.85 11.75 14.61 15.08 16.31 18.88 19.81 21.47 20.87 22.03 21.10 22.12 20.54 21.16 21.03 22.65 22.51 22.63 21.19 21.65 20.61 18.33 16.56 14.48 14.46 13.15 15.26 14.13 13.25 14.01 16.28 15.36 15.38 17.30 18.76 17.99 18.44 21.85 22.59 23.67 24.39 22.00 21.22 20.96 19.50 17.17 15.69 16.36 14.98 16.03 16.85 19.97 21.84 
29.19 28.19 25.61 23.69 20.95 17.77 15.16 11.32 9.18 6.00 4.31 0.00 4.74 6.46 7.52 7.78 9.17 10.17 9.51 9.42 13.53 15.68 14.96 18.58 23.86 23.76 25.62 22.83 22.65 16.04 14.47 9.75 8.97 6.43 7.16 8.06 12.78 15.09 16.19 16.31 19.32 20.85 21.35 19.95 21.41 20.57 18.09 16.07 17.08 14.87 13.94 14.96 12.56 13.70 13.45 16.37 17.62 19.47 21.38 19.91 18.08 21.61 22.81 20.29 19.93 23.15 23.89 19.92 18.35 16.65 14.16 14.06 11.78 11.09 10.25 11.29 13.38 16.04 19.32 20.65 20.24 20.61 20.50 19.97 18.01 16.81 14.81 15.33 15.73 13.93 13.39 16.35 15.24 13.53 16.26 19.32 17.36 18.81 23.15 25.47 24.16 24.67 22.12 22.56 19.48 17.18 14.98 15.09 12.87 12.42 12.81 14.64 15.53 17.53 18.90 19.77 21.21 22.43 24.78 23.78 21.91 21.99 22.68 20.96 19.21 20.09 19.60 17.87 17.56 19.90 17.90 16.88 18.60 20.16 20.13 21.42 24.55 23.99 25.28 27.84 29.82 28.09 29.67 27.37 27.49 24.33 22.40 20.06 17.83 16.06 14.02 13.44 13.17 12.18 14.34 15.54 16.53 19.23 19.95 21.40 21.31 22.31 21.49 21.96 21.13 21.63 21.79 22.84 23.48 23.34 21.93 21.79 20.82 18.68 16.32 14.16 14.32 14.28 15.15 14.35 14.44 14.59 16.42 15.64 16.28 17.82 19.54 18.71 19.89 22.78 24.16 25.06 25.76 23.87 22.94 22.55 21.16 19.18 17.64 17.80 15.65 17.15 18.28 20.49 20.94 
30.56 30.67 27.10 24.09 20.78 18.18 15.82 12.90 10.63 7.40 6.30 4.74 0.52 4.62 6.09 6.08 7.71 8.46 9.08 9.89 13.39 14.77 14.91 18.43 23.26 23.43 24.13 22.03 21.53 15.94 15.48 12.42 11.50 10.24 9.80 10.96 13.30 16.93 18.12 17.55 20.12 21.75 21.98 20.53 21.98 21.19 19.36 17.16 18.04 15.76 14.54 15.50 14.32 14.86 14.09 17.72 19.45 20.74 21.89 20.90 19.42 22.17 24.01 21.30 21.67 24.30 24.44 20.79 18.78 16.40 14.38 14.12 12.46 10.59 9.91 11.97 13.56 15.94 18.88 21.26 20.82 20.63 19.52 19.24 18.35 16.15 14.81 15.15 16.08 14.27 14.62 17.01 16.38 14.57 17.44 20.03 18.33 19.41 24.31 25.96 24.36 24.82 22.68 22.94 19.27 16.60 14.76 14.33 12.64 11.59 12.34 14.30 14.72 16.62 18.59 19.33 20.44 22.20 24.67 23.66 21.94 22.17 23.09 21.02 19.29 20.05 19.96 17.60 17.79 19.51 17.78 16.58 18.93 20.12 19.43 21.65 24.49 24.13 25.16 27.62 30.01 28.11 29.72 27.03 26.77 23.26 21.41 18.70 17.12 14.87 14.23 12.71 12.70 11.90 13.77 12.82 15.53 18.14 18.79 20.82 21.14 22.05 20.87 21.47 20.70 21.02 20.97 22.35 22.75 22.67 20.70 20.49 20.49 17.52 15.14 12.57 13.68 12.03 13.98 13.06 13.80 13.92 15.75 14.54 15.15 17.20 18.76 18.05 19.62 22.92 24.02 25.07 26.00 24.25 23.82 23.02 21.14 19.64 18.90 18.45 15.29 16.72 17.92 21.35 19.78 
30.28 29.88 28.10 25.74 21.47 18.59 16.99 13.29 11.93 9.04 7.98 6.46 4.62 0.00 5.42 6.84 6.83 7.53 8.60 10.13 12.53 13.90 14.63 18.05 23.67 23.76 25.23 22.76 22.44 16.70 16.65 12.72 13.52 12.86 12.62 13.35 15.13 17.96 18.89 18.16 20.48 22.79 22.61 21.33 22.53 22.34 20.01 18.39 19.10 17.36 15.92 17.28 15.82 17.12 16.94 20.02 20.12 22.14 23.44 22.50 19.97 23.37 24.37 21.97 22.21 25.36 25.68 21.60 19.75 18.03 15.96 14.63 13.81 11.61 11.59 13.04 15.39 16.13 19.46 21.65 21.67 21.14 19.98 20.53 20.00 18.05 15.67 17.04 18.20 16.05 15.46 18.83 17.98 16.90 18.66 21.23 19.63 20.83 24.80 26.97 25.32 26.34 23.60 24.31 19.97 18.23 15.05 15.24 11.68 12.54 12.26 14.18 14.97 17.46 19.32 20.39 21.57 23.35 26.29 25.37 23.29 23.69 24.75 22.94 20.87 21.79 20.90 18.89 18.75 21.09 18.54 17.65 20.08 21.11 20.18 22.20 25.46 24.69 25.72 28.87 31.00 28.96 30.45 27.80 27.42 24.01 21.93 19.42 17.43 14.90 13.13 11.57 11.24 8.70 10.71 9.66 13.29 16.63 17.46 19.60 20.54 21.64 20.68 21.52 20.51 21.18 21.34 22.63 22.84 22.81 20.87 20.85 19.48 16.71 14.42 12.50 11.43 9.09 12.05 13.48 12.37 12.31 16.19 15.65 15.26 17.37 19.78 18.68 19.90 23.19 24.34 25.39 26.51 24.52 23.60 23.26 22.35 20.42 19.09 19.04 16.83 17.56 18.52 20.58 20.53 
27.97 28.95 27.40 24.78 18.69 16.52 16.28 11.86 10.17 8.15 7.84 7.52 6.09 5.42 0.00 5.31 7.03 6.21 6.40 7.77 10.70 11.51 11.63 15.37 21.22 20.99 22.20 21.16 21.74 15.49 16.44 11.58 12.60 11.23 12.89 13.64 15.08 16.60 16.66 15.90 17.96 19.41 19.71 18.22 19.69 19.47 17.79 15.38 17.02 15.27 14.34 15.71 14.27 16.17 16.57 18.17 17.59 19.75 21.57 19.95 17.89 21.28 23.21 19.68 20.10 22.85 23.40 19.10 17.75 14.83 13.65 10.56 10.75 8.42 9.51 11.66 14.10 15.62 18.48 20.34 19.72 20.09 19.41 19.39 19.19 16.16 14.16 15.63 17.18 13.49 13.40 16.80 16.23 14.12 16.50 19.40 17.79 18.49 22.82 24.91 23.59 24.23 21.72 21.79 17.31 15.23 12.69 12.02 9.44 10.17 11.22 12.83 13.48 15.61 17.94 19.51 21.09 22.78 25.36 24.67 22.62 22.72 24.06 22.13 20.04 20.93 20.49 17.94 17.87 19.91 17.91 16.87 18.93 20.24 19.03 21.32 24.18 23.73 24.02 27.03 29.79 27.63 28.79 26.25 25.87 22.04 19.86 17.64 15.82 12.48 11.61 11.65 10.42 7.17 10.63 11.43 12.66 14.79 16.91 18.57 18.98 20.01 19.24 19.81 18.85 19.64 19.37 20.56 20.36 20.51 18.59 18.59 17.77 14.85 12.97 10.70 10.88 8.53 11.63 10.65 10.34 9.80 13.82 12.72 11.86 14.42 16.35 15.45 16.39 20.11 21.07 22.38 23.24 21.18 20.93 20.76 19.92 17.96 17.09 17.30 15.31 16.32 16.56 20.09 19.99 
27.17 27.04 24.97 22.76 18.25 15.43 13.54 9.08 8.47 6.29 6.84 7.78 6.08 6.84 5.31 0.00 5.04 6.80 5.50 6.15 8.40 9.98 10.14 12.92 17.94 17.91 19.94 18.85 19.11 13.35 14.54 9.88 11.14 9.40 10.89 12.99 14.32 15.74 15.54 14.84 17.24 17.28 17.42 16.60 17.97 17.76 16.11 13.90 15.56 14.39 14.25 15.45 14.60 16.36 17.53 19.08 18.69 20.00 21.72 19.86 17.96 20.84 22.18 19.47 19.24 21.94 22.16 19.09 16.90 14.81 13.02 11.07 11.46 8.45 9.93 11.74 14.37 16.27 18.93 20.08 19.66 20.08 19.97 19.80 18.77 17.01 15.43 16.44 17.20 14.99 14.31 17.08 15.94 14.41 16.04 18.95 17.38 17.96 21.64 23.94 22.41 23.28 20.98 21.56 17.38 15.61 12.85 13.78 11.46 11.42 12.44 14.75 14.92 16.77 18.47 19.61 21.10 22.62 25.06 24.28 22.26 22.67 23.75 22.22 20.53 21.33 20.86 19.03 18.60 20.58 18.79 18.06 19.56 20.31 19.76 21.02 23.86 23.38 24.39 26.82 28.88 27.27 28.34 25.80 25.56 22.35 19.99 17.97 16.59 14.25 13.06 12.69 12.93 10.50 12.19 12.75 14.03 15.00 16.99 18.36 18.52 19.12 18.27 18.68 18.14 18.89 18.96 20.35 20.52 20.73 18.89 18.90 17.92 15.70 12.82 10.67 10.59 10.42 10.17 9.92 10.34 10.31 12.04 11.80 11.82 13.53 14.84 14.06 15.06 18.38 18.99 20.89 21.88 20.08 19.04 19.14 18.44 17.04 16.52 16.43 14.94 16.89 17.19 19.66 19.89 
27.28 27.21 22.80 21.47 18.32 15.79 14.46 9.93 10.01 8.36 8.57 9.17 7.71 6.83 7.03 5.04 0.59 5.44 6.78 5.96 6.98 9.53 11.07 12.78 16.29 17.23 19.58 18.45 18.71 14.02 14.97 11.59 11.98 11.56 12.94 14.64 16.14 16.60 16.44 15.50 17.28 16.74 17.41 15.75 17.23 16.58 16.12 14.33 15.86 15.10 15.31 17.35 16.86 18.89 19.58 21.26 21.49 22.59 23.73 22.36 20.49 22.72 24.04 21.30 21.09 23.27 23.65 20.15 17.88 15.06 13.52 12.11 11.62 9.89 11.24 13.41 15.65 17.60 19.94 21.63 20.63 21.29 21.13 20.99 20.27 18.37 17.70 18.25 19.04 16.89 16.50 18.49 18.19 16.66 17.81 20.49 19.26 19.62 23.08 25.01 23.99 24.51 22.28 22.37 18.69 16.68 14.15 14.43 13.39 13.69 14.96 16.34 16.86 18.46 20.64 21.48 22.68 24.47 26.99 26.01 24.13 24.65 25.67 24.04 22.25 22.97 22.84 21.09 20.92 22.15 20.62 20.14 22.11 22.30 21.42 22.90 25.18 24.93 25.79 27.77 30.12 28.50 29.84 27.41 27.10 23.56 21.77 19.01 17.62 15.50 15.37 14.59 14.85 12.93 13.98 13.70 15.00 15.77 17.37 19.92 19.91 20.37 19.35 20.09 19.48 20.02 20.40 21.49 21.88 21.78 20.50 20.06 19.57 16.95 14.34 11.85 12.70 10.09 9.73 9.88 10.64 10.09 11.95 12.35 12.82 13.42 15.27 14.33 15.50 18.45 19.40 21.00 21.96 20.35 20.21 19.97 19.04 17.92 17.69 18.15 15.95 17.96 19.13 22.34 22.10 
25.94 25.35 21.73 20.83 17.59 14.05 13.61 9.57 10.72 9.27 9.74 10.17 8.46 7.53 6.21 6.80 5.44 0.29 5.29 6.81 5.88 6.00 8.76 11.26 13.65 14.24 17.21 16.14 17.19 12.85 13.85 11.83 12.43 11.97 13.26 15.01 17.09 18.48 17.09 15.81 17.96 17.67 16.94 16.06 17.09 16.70 15.65 14.23 15.64 15.04 15.64 17.40 17.36 19.19 20.26 21.88 22.02 23.23 24.75 22.80 20.39 23.25 24.17 21.33 20.47 23.28 23.57 19.23 17.81 14.79 14.01 9.94 12.36 9.11 12.41 14.29 17.41 18.78 21.61 22.40 21.88 22.26 22.21 22.10 21.81 19.93 19.03 19.63 20.40 17.90 17.24 19.63 18.88 17.45 18.57 20.99 19.62 19.70 22.70 24.92 23.42 24.32 21.24 22.11 18.20 16.78 13.54 14.65 13.21 15.05 16.08 17.58 18.09 20.16 22.58 23.30 24.61 26.12 28.94 28.13 25.99 26.42 27.53 25.96 24.00 24.82 24.28 22.36 22.42 24.00 22.21 21.36 23.63 23.47 22.64 23.87 26.57 25.54 26.51 29.17 31.16 29.36 30.34 27.94 27.92 24.53 22.55 20.32 18.86 17.20 16.08 15.64 15.21 13.29 14.15 13.78 14.53 16.44 17.59 19.66 19.74 20.64 19.87 20.90 19.94 21.33 21.63 22.72 22.63 22.98 21.43 21.13 19.82 16.33 13.86 12.36 11.30 7.30 7.00 9.23 8.34 6.49 9.27 11.46 10.55 10.57 14.89 14.27 14.17 17.88 19.13 20.48 21.23 19.92 19.36 19.77 19.12 17.98 17.99 18.31 17.13 19.34 19.86 22.73 22.42 
22.39 21.99 20.62 17.72 14.38 11.23 11.55 5.87 8.86 8.29 8.98 9.51 9.08 8.60 6.40 5.50 6.78 5.29 0.00 5.02 6.39 5.93 5.22 8.79 12.35 12.16 13.69 13.50 14.96 9.38 12.45 9.21 11.69 10.82 12.51 14.08 16.81 17.03 16.67 15.08 17.33 16.36 15.66 13.32 15.04 14.24 13.49 10.92 13.07 12.95 13.67 16.05 15.77 17.68 18.86 20.28 20.58 21.74 23.59 21.30 18.91 21.63 22.98 19.17 18.57 20.88 20.56 15.63 13.84 10.93 9.01 6.05 8.26 7.21 10.08 12.87 15.77 17.93 21.14 22.45 21.67 22.38 22.29 22.07 21.80 19.86 18.87 19.14 19.87 17.14 17.05 18.93 17.88 16.09 17.54 19.79 17.63 17.56 20.31 22.59 20.99 21.36 18.37 19.47 15.73 14.25 12.01 13.43 12.45 14.20 16.11 17.70 17.83 20.17 22.50 23.35 24.36 25.92 28.73 27.64 25.53 25.88 27.17 25.53 23.62 24.59 24.06 22.02 21.93 23.61 21.63 20.86 22.87 23.13 21.62 23.17 25.17 24.85 25.19 27.65 29.78 27.99 28.99 26.62 26.38 23.33 21.74 19.55 18.29 16.61 16.26 16.08 15.68 13.23 15.13 15.32 15.83 17.25 18.01 19.38 18.81 19.74 19.15 19.95 19.28 20.46 21.03 21.81 21.79 21.96 20.32 20.10 19.01 16.72 14.29 11.74 11.44 9.01 9.51 7.73 6.88 5.64 8.49 8.40 6.89 7.15 12.00 11.14 10.63 14.74 16.52 17.75 18.12 17.18 17.22 17.26 17.02 16.19 15.81 16.71 15.72 17.60 18.86 21.26 21.84 
20.90 20.77 17.60 15.46 12.28 10.19 7.96 3.03 8.31 8.46 7.40 9.42 9.89 10.13 7.77 6.15 5.96 6.81 5.02 0.31 5.07 6.84 6.34 6.66 9.91 11.12 12.16 11.54 11.86 7.67 8.93 5.91 8.92 9.70 11.34 13.42 15.76 17.37 15.80 15.03 16.54 15.74 13.70 12.19 12.81 12.85 10.12 8.33 11.40 12.13 12.75 15.37 16.39 17.65 19.40 20.87 21.08 22.38 24.00 21.88 19.30 21.78 22.50 19.18 18.68 20.54 20.71 16.30 15.04 11.87 11.32 8.50 10.98 9.74 13.12 15.08 18.14 20.00 22.60 23.51 23.15 23.84 23.54 23.02 22.45 20.98 20.13 20.32 20.67 18.56 18.30 19.80 18.75 17.02 18.15 19.70 18.19 17.86 20.15 21.95 20.81 21.20 18.32 18.87 15.91 14.60 12.84 14.73 14.38 15.79 18.09 19.16 19.62 21.26 24.01 24.38 25.31 27.11 29.87 28.79 26.61 27.53 28.71 26.98 25.14 26.18 25.93 23.87 23.81 25.30 23.73 22.86 24.42 24.27 23.71 24.34 26.80 26.00 26.75 28.60 30.47 28.82 29.39 27.38 27.22 24.32 22.61 20.71 19.50 18.38 17.93 17.51 17.86 15.42 17.06 17.35 17.59 17.81 19.16 20.05 20.17 20.29 20.11 20.61 20.63 21.38 21.89 22.89 23.20 23.32 21.79 21.14 20.23 17.77 15.46 12.93 12.65 11.93 10.83 9.20 8.59 7.03 8.59 8.14 8.46 9.12 11.33 11.35 11.51 14.59 15.44 17.13 17.96 16.88 16.42 17.07 16.53 15.95 15.92 16.84 15.97 18.60 19.18 22.00 21.83 
21.83 20.53 17.91 15.12 13.21 11.44 11.37 8.61 11.81 12.01 13.03 13.53 13.39 12.53 10.70 8.40 6.98 5.88 6.39 5.07 3.22 5.68 7.75 6.28 7.50 9.95 13.63 11.62 12.57 10.10 12.30 9.70 12.01 12.59 14.54 15.64 17.19 17.46 17.65 15.44 16.62 14.85 15.13 12.31 13.45 12.61 12.52 10.91 13.33 13.72 14.82 18.08 18.95 20.80 21.98 23.50 23.82 24.94 26.64 24.18 21.50 22.87 24.12 20.88 20.36 21.70 21.42 18.28 15.85 13.32 11.86 11.92 12.92 13.38 15.71 18.44 20.60 22.57 25.17 26.40 25.86 26.01 25.95 25.28 24.65 23.20 22.52 22.42 22.56 20.80 20.36 21.54 20.83 19.54 19.91 21.46 19.73 19.73 21.52 23.04 21.75 22.52 19.69 20.08 17.15 16.31 14.79 15.97 16.34 18.19 20.62 21.96 22.41 24.25 26.34 27.05 28.05 29.83 32.49 31.45 29.30 30.21 31.44 30.00 27.79 29.16 28.89 27.30 27.16 28.50 26.71 26.27 27.70 27.72 26.43 27.65 29.52 29.29 28.97 30.66 32.05 30.81 31.38 29.78 29.44 26.54 24.68 22.93 21.81 20.09 20.31 20.47 20.39 18.23 19.19 20.01 19.42 19.77 20.73 22.82 22.58 22.73 22.23 23.02 23.13 23.86 24.18 25.34 25.75 25.64 24.45 24.07 22.90 20.46 17.00 15.44 15.13 13.40 10.55 11.32 11.05 8.14 8.60 9.75 9.80 9.04 12.19 12.26 12.99 14.57 16.32 17.57 18.70 17.59 17.92 18.32 17.98 17.26 17.43 18.47 17.26 18.94 21.09 23.80 23.73 
18.73 17.49 15.47 13.77 10.51 7.75 10.31 8.83 12.29 13.14 15.13 15.68 14.77 13.90 11.51 9.98 9.53 6.00 5.93 6.84 5.68 1.34 5.83 6.98 6.12 6.66 10.95 9.66 10.62 8.46 10.75 10.12 11.98 13.46 15.67 17.09 17.41 19.31 17.94 15.74 16.92 16.56 15.40 13.08 14.02 13.59 12.40 11.52 13.43 14.02 15.40 18.25 19.53 21.31 22.38 24.07 24.15 25.32 26.60 24.61 21.41 23.20 23.50 20.34 19.50 20.89 20.88 17.09 15.34 12.53 12.12 10.75 13.85 13.60 16.83 19.62 20.74 23.55 25.59 27.29 26.35 27.27 27.19 26.63 25.82 24.49 23.82 23.53 23.40 21.47 21.04 22.27 21.17 19.53 19.91 21.05 19.32 18.68 20.85 21.92 20.57 21.23 18.60 18.60 16.01 15.31 14.10 15.98 16.80 18.74 21.45 22.79 23.81 25.30 27.42 28.38 29.33 31.07 33.35 33.01 30.66 31.21 32.51 31.13 29.14 30.20 29.74 28.02 28.23 29.56 27.82 26.98 28.82 28.57 27.37 28.21 30.55 29.44 29.82 31.55 33.21 31.70 32.42 30.29 30.07 27.21 25.62 23.61 22.53 21.10 21.57 21.10 21.47 19.60 20.51 20.97 21.28 21.89 22.69 23.87 24.07 24.28 23.28 24.10 24.23 25.05 25.63 26.62 27.00 26.85 25.41 24.79 23.69 20.79 17.86 15.74 15.06 11.52 9.05 10.57 9.68 5.66 5.70 7.51 6.65 5.33 8.13 10.18 9.52 11.51 14.70 16.44 17.02 16.46 17.06 17.55 17.41 16.42 16.95 18.06 17.09 19.62 20.80 23.86 23.55 
16.06 14.02 13.11 10.53 7.11 4.51 7.60 6.61 10.00 12.19 13.83 14.96 14.91 14.63 11.63 10.14 11.07 8.76 5.22 6.34 7.75 5.83 1.54 5.74 7.99 6.73 8.87 8.86 8.91 6.03 9.55 8.15 10.55 12.48 15.45 16.62 17.15 18.37 17.81 15.07 16.83 15.97 15.70 11.57 12.84 11.46 10.36 8.51 11.26 12.89 14.53 17.76 18.48 20.33 21.13 22.82 23.58 23.98 25.54 23.07 20.61 21.90 22.49 18.96 18.55 19.59 19.01 15.74 13.31 11.36 10.69 10.00 12.77 13.69 16.86 18.96 20.90 23.20 26.27 26.97 26.74 27.03 27.70 27.09 26.24 24.71 24.09 23.69 23.43 21.38 21.05 22.17 20.50 18.62 18.78 20.00 17.49 17.15 19.03 20.39 18.63 18.82 16.32 16.71 14.07 13.70 13.03 15.27 16.08 18.47 20.92 22.88 23.36 25.29 27.31 28.29 29.91 31.30 33.94 32.99 31.10 31.78 32.89 31.33 29.19 30.27 29.75 27.91 27.86 29.32 27.45 26.82 28.28 28.37 26.75 27.87 29.27 28.65 28.51 30.64 32.28 30.79 31.64 29.69 29.17 26.67 25.48 23.56 22.15 21.10 21.31 21.12 20.77 19.31 20.68 21.26 21.71 22.82 22.75 23.79 23.56 24.20 23.18 24.14 23.85 24.93 25.34 26.56 26.71 26.61 24.83 24.07 23.20 21.04 18.30 15.39 15.06 15.04 13.54 11.75 10.89 8.37 8.83 7.08 7.06 5.65 8.43 7.95 8.02 9.97 13.46 13.92 14.47 14.29 15.48 15.61 15.86 14.96 15.32 16.38 15.60 17.51 19.48 21.98 22.94 
14.84 13.11 11.94 10.71 8.22 6.96 8.61 9.80 13.71 15.52 17.49 18.58 18.43 18.05 15.37 12.92 12.78 11.26 8.79 6.66 6.28 6.98 5.74 0.00 6.39 7.33 7.89 8.51 9.07 6.32 9.15 9.45 10.96 14.09 16.90 17.90 18.51 20.15 18.03 15.38 16.31 16.38 14.59 10.49 9.57 8.97 7.51 6.40 9.39 12.39 13.38 16.72 18.83 20.90 21.95 23.62 23.77 24.79 25.47 23.68 20.78 22.28 22.25 18.98 17.85 18.91 18.76 15.08 13.13 11.74 12.37 12.06 14.83 16.44 19.80 21.55 22.65 25.78 27.81 29.49 28.53 29.57 29.70 29.19 28.00 26.88 25.95 25.69 24.72 23.19 22.59 23.47 21.55 20.00 20.08 20.75 18.62 18.09 19.85 20.60 19.46 20.00 17.22 17.25 15.22 15.12 15.02 17.42 18.41 20.72 23.39 24.86 25.63 27.59 29.41 30.58 31.76 34.04 35.84 35.00 32.86 33.92 35.24 33.42 31.27 32.35 31.94 30.14 29.81 31.22 29.86 28.97 30.28 30.03 28.95 29.70 31.48 30.33 30.46 32.41 34.39 32.57 33.13 31.58 31.44 28.80 27.33 25.70 24.39 23.37 23.83 23.52 23.03 21.95 22.93 24.26 24.41 25.15 24.98 26.31 25.63 26.11 24.98 26.17 26.04 26.85 27.48 28.72 29.13 29.21 27.20 26.81 25.47 23.51 20.65 17.53 16.73 16.35 15.38 13.49 12.96 11.04 11.44 9.03 8.19 7.02 9.19 8.37 8.97 10.68 13.34 14.59 15.36 14.59 16.32 16.67 16.51 15.55 16.15 17.82 17.00 19.25 20.34 23.01 23.45 
13.90 13.67 11.51 11.30 10.15 10.91 12.44 14.53 18.32 20.72 21.62 23.86 23.26 23.67 21.22 17.94 16.29 13.65 12.35 9.91 7.50 6.12 7.99 6.39 3.23 6.12 8.05 7.82 10.23 9.89 11.99 13.04 16.47 18.08 20.49 22.34 22.21 23.64 21.93 18.81 19.78 19.61 19.53 14.59 13.64 12.35 12.41 11.17 13.45 16.13 18.18 21.14 21.76 24.28 25.55 26.75 27.86 27.46 28.72 26.14 23.52 23.94 25.33 20.93 19.44 19.93 19.65 16.09 14.08 13.99 14.61 15.53 17.53 20.72 23.66 25.88 27.29 29.75 32.47 33.44 33.15 33.19 33.74 32.66 31.86 30.71 29.84 29.05 28.55 26.69 26.18 26.46 24.76 23.30 22.91 23.66 21.60 21.46 22.76 23.56 22.57 23.23 20.91 21.01 19.28 19.52 19.86 21.80 23.01 24.98 27.65 29.24 29.94 31.70 33.68 34.30 36.10 37.20 39.83 38.18 36.30 37.27 38.96 37.00 34.91 36.08 35.84 33.93 34.03 35.37 33.59 32.74 34.42 34.04 32.47 33.50 35.35 34.36 33.83 35.81 37.95 36.14 36.98 35.39 35.52 32.84 31.16 29.76 28.65 27.64 28.21 28.34 28.34 26.78 28.05 29.02 29.40 29.64 29.27 30.21 29.98 30.19 28.71 29.76 29.96 30.53 31.09 32.41 33.30 32.96 31.57 31.06 30.26 27.55 25.00 22.16 21.35 20.02 17.63 16.91 16.20 13.16 12.53 12.68 11.46 8.37 10.48 10.88 11.19 11.64 14.98 16.48 17.32 17.15 19.06 19.75 19.76 19.39 19.31 20.79 19.78 20.53 23.19 25.79 26.00 
12.65 8.61 7.01 9.22 8.10 9.93 11.25 14.97 17.35 20.71 21.59 23.76 23.43 23.76 20.99 17.91 17.23 14.24 12.16 11.12 9.95 6.66 6.73 7.33 6.12 0.00 5.25 5.65 8.13 8.75 11.59 12.49 15.02 18.15 20.67 22.30 22.55 24.17 22.04 19.20 20.20 20.33 18.44 15.41 14.13 11.96 11.20 11.78 13.16 15.65 16.87 20.27 21.24 23.35 24.71 26.46 27.04 26.82 27.95 25.57 22.32 23.65 24.11 19.26 17.43 18.37 17.05 13.46 12.58 12.23 13.69 15.21 17.33 19.86 22.77 25.05 26.80 29.00 31.31 32.82 32.93 33.34 33.08 32.18 31.69 30.16 29.16 28.65 28.37 26.07 25.11 25.95 24.27 22.22 22.03 23.05 21.13 20.43 22.09 22.62 21.14 21.18 19.12 19.44 17.79 17.99 18.23 20.58 21.97 23.65 26.24 28.12 29.59 31.11 32.69 34.09 35.37 37.03 38.88 38.32 36.15 37.01 38.30 36.51 34.25 35.55 35.08 33.21 33.35 34.88 32.70 31.65 33.22 32.99 31.34 32.32 34.48 33.26 33.21 35.33 36.93 35.43 36.16 34.49 34.63 32.16 30.73 29.36 28.19 27.23 27.72 27.78 27.82 26.84 27.89 28.98 29.39 30.37 29.84 30.18 29.61 30.28 28.70 29.87 29.95 30.51 31.11 32.57 33.12 33.11 31.56 31.50 30.23 28.02 25.58 22.66 21.50 19.98 18.29 17.00 15.34 11.86 11.16 11.94 10.01 5.92 7.92 8.93 8.60 7.38 11.72 14.62 15.97 14.84 17.12 18.32 19.13 18.20 18.42 19.85 18.76 20.84 22.02 24.38 25.08 
13.54 9.88 7.02 7.05 9.21 9.59 12.63 15.17 18.24 22.14 22.45 25.62 24.13 25.23 22.20 19.94 19.58 17.21 13.69 12.16 13.63 10.95 8.87 7.89 8.05 5.25 0.00 4.95 6.95 7.94 11.18 12.78 16.00 18.53 21.65 23.37 23.99 25.66 23.45 20.71 22.26 21.63 20.58 16.30 15.21 13.35 11.21 11.06 12.77 15.06 16.31 20.33 21.07 23.48 24.15 26.56 27.51 27.62 29.07 26.10 22.59 23.62 23.49 19.41 17.90 17.49 16.36 12.43 12.60 11.95 14.87 15.45 18.86 21.00 23.68 25.61 27.65 29.86 32.23 33.53 33.99 34.07 34.27 33.00 32.24 30.49 29.13 29.05 28.84 26.34 25.26 26.25 24.27 21.92 21.43 22.99 20.57 20.20 21.84 22.98 20.93 21.29 18.46 19.55 17.32 18.22 18.33 21.02 22.38 24.29 26.58 28.92 30.21 31.78 33.52 34.39 36.82 37.39 39.99 38.52 36.99 37.35 38.91 36.61 34.72 35.50 35.45 33.24 33.46 34.75 32.84 31.83 33.36 32.94 31.33 32.28 33.91 32.88 32.83 35.10 37.56 35.44 36.93 34.61 34.66 32.06 31.24 29.84 28.89 27.63 28.23 28.24 28.36 27.09 28.78 29.58 30.43 31.17 30.46 30.83 30.31 30.51 29.61 30.62 30.77 31.11 32.14 33.22 34.34 33.86 33.06 32.28 31.78 29.26 27.26 23.98 23.26 22.59 21.55 19.01 17.48 16.61 16.35 14.38 14.06 10.70 12.71 11.15 10.61 10.21 13.75 15.65 17.59 16.89 19.03 19.53 20.12 19.31 18.98 20.19 19.40 20.17 22.15 24.56 25.70 
12.01 8.62 3.57 4.55 5.30 7.35 8.72 13.97 14.42 18.93 19.56 22.83 22.03 22.76 21.16 18.85 18.45 16.14 13.50 11.54 11.62 9.66 8.86 8.51 7.82 5.65 4.95 0.00 5.49 6.06 8.80 10.88 13.11 16.61 19.28 20.95 21.84 24.25 21.34 18.97 20.97 20.95 19.51 16.26 14.32 11.50 9.17 8.30 9.95 12.14 13.47 18.42 18.36 21.28 21.75 23.92 24.66 25.30 26.49 23.34 20.04 21.07 21.47 16.66 13.76 14.04 12.82 8.07 6.99 8.52 11.69 12.63 14.96 17.99 21.49 23.27 25.09 27.60 30.15 32.01 31.58 32.28 32.33 31.39 30.53 28.69 27.55 27.30 26.69 24.74 23.76 24.47 22.66 20.33 20.33 21.18 19.10 18.23 20.49 21.05 19.31 19.75 17.35 17.14 15.43 16.30 16.52 18.90 20.12 22.35 24.85 26.87 28.26 29.95 31.58 32.74 34.16 35.59 37.92 36.92 35.06 35.78 37.15 35.24 33.13 34.34 33.85 32.05 31.96 33.44 31.52 30.64 32.00 31.68 30.20 30.96 33.04 31.46 31.54 33.78 35.90 33.87 34.52 33.15 33.55 30.63 29.63 28.43 27.52 26.11 26.70 26.80 26.96 26.06 27.68 28.60 29.18 30.05 29.03 29.82 28.84 29.26 28.26 29.49 29.32 29.93 30.78 32.19 32.87 33.05 31.44 31.34 30.11 28.19 25.88 23.17 22.02 21.27 20.67 18.61 16.73 15.41 15.68 13.58 11.89 10.01 11.89 10.57 8.70 8.70 11.91 13.84 15.06 14.20 16.74 17.98 18.23 17.20 17.14 19.23 18.41 20.15 20.85 23.30 23.94 
12.95 10.85 7.92 5.69 3.59 6.42 9.54 11.44 12.66 17.56 19.62 22.65 21.53 22.44 21.74 19.11 18.71 17.19 14.96 11.86 12.57 10.62 8.91 9.07 10.23 8.13 6.95 5.49 0.00 5.69 6.48 9.88 12.59 16.35 18.50 20.73 22.08 23.78 22.46 20.01 21.57 21.91 21.17 17.06 15.00 13.03 10.78 7.94 7.67 10.78 13.14 15.83 15.37 19.54 20.65 22.50 23.38 24.22 24.24 20.72 17.96 19.24 19.13 14.50 12.76 13.61 12.74 9.24 8.49 10.56 12.76 13.34 15.72 18.48 22.16 23.55 25.42 27.72 30.67 31.86 31.65 31.97 32.23 31.33 30.74 28.98 27.97 27.45 27.33 25.23 24.71 25.30 23.60 21.78 21.55 22.61 20.25 19.75 21.69 22.62 21.11 21.56 19.03 19.00 16.82 17.43 17.61 19.62 20.56 22.94 25.55 27.17 27.99 29.58 31.36 31.92 33.44 34.67 37.55 36.17 34.56 35.17 37.24 35.09 33.64 34.53 34.78 32.58 32.93 34.15 32.54 31.45 33.21 32.75 31.17 31.97 34.14 32.57 32.09 34.27 36.49 34.68 35.59 33.98 34.77 31.98 30.73 29.20 28.64 27.31 27.75 27.71 28.17 27.03 28.56 29.14 29.81 30.56 29.61 30.04 29.56 29.87 29.09 29.89 29.91 30.57 31.50 32.64 33.69 33.49 32.64 31.80 31.35 29.14 27.38 24.50 23.79 22.60 22.45 20.48 19.21 17.10 16.86 15.49 14.63 12.03 13.44 12.89 12.68 11.71 13.67 15.18 16.87 16.51 18.51 18.96 19.30 19.02 19.03 20.09 19.55 20.25 22.73 24.67 25.04 
13.91 12.01 7.97 8.90 5.24 4.54 6.48 8.75 10.13 14.06 14.26 16.04 15.94 16.70 15.49 13.35 14.02 12.85 9.38 7.67 10.10 8.46 6.03 6.32 9.89 8.75 7.94 6.06 5.69 0.00 4.78 5.22 9.61 12.20 14.47 16.41 17.25 19.89 18.15 16.18 18.27 18.94 18.52 16.24 14.80 13.72 9.46 6.85 6.13 7.38 8.49 12.24 12.29 16.98 17.31 19.35 19.16 19.86 20.59 17.37 14.33 16.33 16.59 11.23 10.18 11.95 11.16 7.12 9.31 10.00 10.60 12.09 13.50 14.83 17.80 19.54 20.82 23.52 25.90 27.69 27.46 27.66 27.89 27.01 26.68 24.45 23.56 23.29 23.41 20.70 20.32 21.36 20.09 17.63 18.06 19.35 17.34 16.55 19.08 20.06 18.35 18.88 16.81 16.81 14.12 13.61 14.08 15.65 16.12 18.34 20.69 22.14 23.33 25.16 26.89 27.77 29.54 30.72 33.45 32.34 30.88 31.09 33.09 31.18 29.63 30.54 30.59 28.67 29.03 30.23 28.52 27.58 29.28 28.68 27.14 28.03 30.12 28.53 28.80 30.83 32.92 31.29 32.32 30.63 31.39 28.57 27.39 26.02 25.21 23.80 24.11 24.22 24.47 23.55 24.94 25.79 26.39 27.34 26.65 26.95 26.40 26.83 25.93 26.88 26.77 27.56 28.49 29.89 30.87 30.92 29.76 29.15 28.29 26.46 24.56 21.64 20.68 19.59 19.45 17.43 16.16 14.51 14.49 12.80 12.57 10.69 11.50 10.70 11.65 11.60 13.18 13.78 16.08 14.93 16.61 16.48 17.03 16.13 16.64 17.36 16.25 19.13 19.84 22.24 22.71 
14.82 12.64 11.07 9.03 6.32 6.60 6.65 7.44 8.22 12.34 11.83 14.47 15.48 16.65 16.44 14.54 14.97 13.85 12.45 8.93 12.30 10.75 9.55 9.15 11.99 11.59 11.18 8.80 6.48 4.78 0.00 5.08 6.98 10.19 13.30 15.01 15.57 18.04 17.99 15.88 17.92 19.23 19.86 16.45 16.05 14.54 11.84 6.56 5.20 5.85 6.64 10.10 11.44 13.67 15.09 17.47 17.36 18.17 19.28 16.18 12.37 14.27 12.64 8.66 8.29 10.99 8.62 6.10 10.28 10.52 9.93 10.35 13.31 14.28 16.72 18.52 20.22 22.30 24.31 25.69 25.54 25.64 25.45 24.90 24.48 22.02 21.01 21.11 21.54 18.86 18.34 19.78 18.61 16.51 16.78 18.64 16.55 16.31 19.06 20.70 18.92 19.72 16.74 17.32 14.57 13.83 13.37 14.94 15.33 17.37 19.20 20.79 21.71 23.61 24.65 25.74 27.67 28.75 30.99 30.16 29.01 29.16 30.76 29.08 27.83 28.52 28.67 26.82 27.29 28.46 26.79 25.98 27.37 26.99 25.61 26.37 28.24 26.89 27.27 29.27 31.18 29.58 31.04 29.36 30.02 27.04 25.99 24.50 24.29 22.74 22.92 23.00 23.62 22.82 24.09 24.90 25.85 26.71 26.38 26.77 26.63 26.62 25.65 26.41 26.44 27.07 28.14 29.57 30.65 30.60 29.86 29.13 28.41 26.36 24.80 22.07 21.19 20.23 19.74 17.52 16.77 15.86 16.08 14.18 14.38 14.04 14.47 13.43 13.92 14.77 16.62 17.22 17.84 17.49 18.11 18.45 18.26 17.05 16.68 17.15 15.86 18.02 19.39 21.62 22.68 
18.58 17.86 12.48 14.25 9.75 9.59 6.74 5.94 7.24 7.63 6.04 9.75 12.42 12.72 11.58 9.88 11.59 11.83 9.21 5.91 9.70 10.12 8.15 9.45 13.04 12.49 12.78 10.88 9.88 5.22 5.08 0.00 5.18 5.89 9.89 11.68 12.29 14.54 14.11 13.22 16.14 17.93 18.40 16.15 16.79 16.15 11.90 8.92 8.00 6.25 6.64 8.88 8.89 13.06 13.87 16.38 16.39 16.97 17.17 14.29 11.21 13.87 14.10 10.37 10.32 13.09 12.92 11.13 11.48 11.82 10.69 10.50 11.69 12.26 14.32 16.21 17.63 20.02 22.11 23.56 23.38 23.61 23.53 22.82 22.79 20.21 19.38 19.58 20.42 17.95 17.89 19.27 18.45 16.36 17.04 18.96 17.13 16.99 19.90 21.57 20.18 20.92 17.80 18.07 14.89 14.25 13.18 14.19 14.59 16.32 17.42 19.21 20.02 21.71 23.01 24.15 25.83 26.71 28.94 28.23 26.92 27.22 28.74 27.23 26.03 26.96 26.62 25.08 25.56 26.80 25.18 24.38 26.34 25.76 24.33 25.25 27.59 25.95 26.22 28.29 30.51 28.53 29.57 28.25 28.95 25.68 24.35 23.33 22.83 21.13 21.26 21.58 22.09 21.59 22.84 23.72 24.73 25.62 24.86 25.31 25.14 25.21 24.10 24.96 24.87 25.81 26.88 28.54 29.69 29.82 28.77 28.36 27.43 25.64 24.03 21.31 20.36 19.41 19.50 17.89 16.82 15.90 16.63 15.10 14.90 14.30 15.55 13.93 14.47 15.91 17.53 17.91 19.13 17.22 18.56 18.03 17.86 16.26 16.05 17.28 15.61 17.91 18.63 21.63 22.19 
22.96 21.70 16.49 16.64 12.52 11.16 7.92 8.43 5.47 8.61 7.07 8.97 11.50 13.52 12.60 11.14 11.98 12.43 11.69 8.92 12.01 11.98 10.55 10.96 16.47 15.02 16.00 13.11 12.59 9.61 6.98 5.18 0.49 5.62 6.59 9.58 10.36 13.08 13.56 13.52 16.25 18.62 19.40 16.95 18.13 16.48 13.78 10.42 10.50 7.11 6.98 6.42 5.06 9.20 10.71 11.63 12.34 13.43 12.55 9.19 7.56 12.12 11.99 7.94 8.94 13.72 14.12 12.18 12.22 12.10 11.85 10.82 10.67 10.96 12.65 14.01 15.38 17.77 20.20 21.45 21.57 22.20 21.91 21.39 21.31 19.11 18.11 18.61 19.57 17.35 17.68 19.16 18.36 16.89 17.55 19.55 17.78 17.94 20.48 22.32 21.39 22.12 19.37 19.31 16.48 15.54 14.64 15.30 14.72 15.77 17.22 18.05 19.10 20.30 21.86 22.85 24.43 25.12 27.48 26.63 25.46 25.99 27.66 26.31 25.38 26.35 26.26 24.59 25.11 26.74 25.04 24.36 26.09 25.90 24.52 25.41 27.90 26.13 26.20 28.18 30.57 28.39 29.80 28.21 29.34 25.91 24.73 23.20 23.07 21.10 21.20 21.34 22.08 21.08 22.26 23.42 24.41 25.25 24.52 25.10 25.01 24.93 23.95 24.71 24.90 25.67 26.80 28.41 29.75 29.97 29.08 28.39 27.79 26.02 24.40 21.88 21.06 20.51 20.25 18.49 17.57 16.93 17.52 15.76 16.04 16.18 16.94 15.81 16.34 18.42 19.42 20.01 20.65 19.55 19.55 19.22 18.34 17.33 17.08 17.23 15.88 17.92 19.45 22.44 22.53 
