0.00 4.91 5.87 9.12 10.95 12.43 14.84 15.92 18.31 19.62 22.31 23.81 26.08 28.06 29.21 30.91 32.89 33.62 32.56 33.55 33.76 33.64 32.17 30.88 29.83 29.49 27.03 26.36 26.73 26.02 23.60 23.51 23.94 22.54 20.84 21.06 20.62 19.28 18.31 18.25 17.12 17.42 16.69 18.20 18.26 18.62 19.78 22.01 22.32 22.40 21.09 21.42 21.08 21.44 21.46 22.51 23.94 25.45 26.95 27.85 28.87 29.24 30.56 29.70 29.81 29.73 30.24 29.81 29.61 29.53 30.35 29.85 28.09 27.65 26.71 26.38 26.30 26.82 27.05 27.69 28.53 30.26 30.99 30.56 29.57 30.72 30.65 30.17 29.69 30.38 30.34 31.05 31.70 32.12 31.87 31.92 30.63 31.01 32.60 32.12 30.68 31.14 30.52 28.62 26.52 26.10 25.55 24.58 23.53 23.04 22.52 21.31 21.29 21.45 21.44 20.81 21.53 21.95 22.94 23.62 25.18 25.07 26.35 27.61 27.55 27.32 27.07 26.33 25.48 24.66 25.18 25.33 25.38 25.68 27.33 27.61 29.04 29.66 29.96 28.36 28.48 27.47 28.56 28.79 27.00 25.58 26.32 27.09 24.49 23.93 24.88 25.23 23.89 23.83 26.31 26.44 28.24 
4.91 0.56 3.55 6.20 9.32 10.70 12.78 14.27 16.67 17.62 20.60 22.25 25.08 26.61 28.55 30.18 32.75 32.74 32.18 32.79 33.58 32.91 31.78 29.50 29.83 28.95 26.49 25.15 26.16 24.89 22.84 22.05 22.93 20.96 19.66 19.37 19.30 16.97 16.50 16.40 15.42 15.49 14.95 16.65 17.68 17.65 19.08 21.39 22.09 21.91 20.54 20.70 20.32 20.59 21.04 21.90 23.69 24.77 26.73 27.21 28.85 28.56 30.23 28.98 29.79 28.91 29.59 29.06 29.58 29.14 29.90 29.32 28.05 27.33 26.36 26.09 26.31 26.27 26.81 27.81 29.01 30.32 31.56 31.07 30.10 30.71 30.69 30.44 30.06 30.30 30.10 31.04 31.92 31.69 31.34 31.63 30.22 30.28 31.76 31.27 29.77 29.87 29.49 27.46 25.65 25.06 24.56 23.86 22.80 22.13 21.50 20.78 21.06 21.00 20.71 20.37 21.28 21.46 22.21 23.17 25.32 24.84 25.53 27.15 27.31 27.02 26.60 25.64 25.21 24.36 24.84 24.72 25.28 25.32 27.19 26.95 29.02 29.33 29.71 27.70 28.09 26.57 28.01 28.11 26.53 24.21 25.31 26.21 23.78 22.24 23.68 24.54 21.55 23.34 24.75 26.25 28.78 
5.87 3.55 0.00 3.22 6.25 8.10 10.37 11.53 14.04 14.96 17.65 19.04 22.38 24.88 27.01 28.65 31.23 31.58 30.72 30.73 31.35 31.45 29.86 27.55 27.37 27.21 24.45 22.99 23.27 22.65 20.44 19.68 19.97 18.04 16.77 16.75 16.27 13.86 13.57 13.55 12.51 12.23 11.79 13.86 15.08 15.09 16.02 18.79 19.74 20.19 18.58 18.54 17.54 18.73 19.50 20.52 22.15 23.81 26.00 26.20 27.78 27.44 29.34 27.92 28.77 27.43 28.06 27.40 28.18 27.26 28.28 27.70 26.82 25.87 25.01 24.79 25.25 25.10 26.05 27.38 28.69 29.52 30.94 30.63 29.63 29.76 29.78 29.81 29.65 29.33 29.05 30.12 31.34 30.66 30.20 30.30 29.36 28.88 30.14 29.25 28.03 27.95 27.41 25.31 23.24 22.57 22.31 21.41 20.36 19.71 19.39 18.67 19.30 19.04 18.90 18.18 19.49 19.45 20.56 21.26 23.86 23.04 23.94 25.14 25.61 24.96 24.93 23.86 23.76 22.65 23.17 22.73 23.73 23.65 25.77 25.27 27.64 27.70 28.37 26.08 26.46 24.55 26.05 26.31 24.76 22.53 23.43 24.32 21.24 20.66 21.79 23.21 19.57 21.35 24.31 25.33 27.45 
9.12 6.20 3.22 0.85 5.76 7.43 10.51 11.90 14.66 16.44 18.86 20.34 23.73 26.41 28.70 29.35 32.60 32.70 31.77 31.09 31.78 31.69 30.78 27.95 28.14 27.83 25.52 24.00 24.54 24.01 22.11 21.13 21.36 20.09 18.87 18.30 17.71 15.59 15.39 14.83 13.48 13.52 13.77 14.97 16.48 16.04 17.71 20.38 21.53 21.40 19.62 19.86 19.54 20.31 20.91 21.89 23.63 25.12 27.33 27.71 29.22 28.96 30.80 29.65 30.29 29.07 29.77 29.34 29.83 29.05 30.07 29.65 28.46 27.53 26.60 26.78 27.06 27.20 27.98 29.44 30.59 31.63 32.94 32.45 31.42 31.80 31.74 31.49 31.34 31.13 30.80 31.72 32.95 32.35 31.66 31.83 31.17 30.67 31.73 31.02 29.82 29.79 29.04 27.17 25.12 24.53 23.83 23.21 21.92 21.44 20.82 20.57 20.63 20.37 20.25 19.93 20.50 20.77 21.95 23.03 25.12 24.88 25.79 27.18 27.04 26.67 26.44 25.48 24.99 24.24 24.46 24.06 24.76 24.98 26.83 26.53 28.85 29.26 29.34 27.26 27.83 26.32 27.57 27.98 26.68 24.78 24.94 26.25 24.19 22.91 23.59 24.37 22.36 22.94 25.72 25.87 33.36 
10.95 9.32 6.25 5.76 0.00 5.21 7.18 9.56 12.26 15.06 18.04 18.61 22.48 24.81 26.54 28.59 31.14 32.43 30.17 30.59 30.75 31.67 29.51 27.23 27.48 27.55 24.30 23.07 24.52 23.94 20.93 20.40 21.42 19.78 18.35 18.57 18.39 15.75 15.66 14.31 13.09 13.51 12.75 14.23 14.92 14.77 16.88 19.76 20.45 20.06 17.79 18.24 18.23 18.98 19.11 20.46 22.09 24.04 26.37 27.12 28.35 27.98 29.96 28.69 28.70 27.97 28.92 28.32 28.44 27.89 29.62 28.80 27.22 26.00 25.55 25.20 25.47 25.51 26.49 27.66 28.46 29.98 31.85 30.97 29.52 30.25 30.50 29.90 29.19 29.50 29.69 30.41 31.45 31.17 30.87 31.02 29.69 29.72 31.50 30.52 29.25 29.61 28.96 26.50 24.75 24.07 23.53 22.45 21.42 20.89 20.45 19.87 19.85 19.80 19.85 19.63 20.36 20.44 21.87 22.70 25.07 24.51 25.72 27.17 26.98 26.73 26.58 25.05 24.70 23.86 24.29 23.55 24.49 24.71 26.64 25.98 28.32 28.99 29.43 26.75 27.52 25.64 27.29 26.98 25.11 23.31 23.90 24.83 22.18 22.65 23.66 24.53 24.27 22.96 24.65 25.64 25.59 
12.43 10.70 8.10 7.43 5.21 0.00 5.59 6.64 10.63 12.33 15.89 17.39 21.38 24.19 25.16 27.72 30.63 31.76 29.68 30.04 30.27 30.15 28.39 25.64 26.61 26.30 22.90 21.85 23.41 22.36 19.53 19.38 19.91 18.19 16.86 17.40 16.92 14.40 13.83 13.38 11.86 12.48 11.61 12.91 14.14 14.69 16.96 19.82 19.73 19.80 17.38 18.22 17.33 18.44 18.61 20.51 21.81 23.95 25.91 26.81 27.62 27.56 29.12 27.77 27.93 26.92 27.69 27.14 27.59 26.92 28.42 27.83 26.32 25.12 24.25 24.18 24.50 24.54 25.61 27.22 28.08 29.98 31.38 31.07 29.34 29.85 29.88 29.54 29.00 28.97 28.89 30.03 31.13 30.59 29.86 30.24 28.81 28.50 29.95 29.40 28.00 28.42 27.20 24.90 23.29 22.63 21.90 21.87 20.46 19.98 19.26 19.03 19.35 19.08 19.08 19.19 20.13 19.96 21.04 22.17 24.84 24.22 24.81 26.87 26.69 26.56 25.67 24.36 24.18 23.46 23.41 22.98 24.09 24.45 26.02 25.52 28.30 28.96 28.71 26.05 26.90 24.84 26.25 26.48 24.84 22.73 22.91 24.80 22.06 21.96 22.71 23.38 21.89 22.51 23.90 26.28 26.89 
14.84 12.78 10.37 10.51 7.18 5.59 0.00 5.52 7.53 10.87 13.23 16.01 20.08 22.13 23.81 25.71 28.29 29.52 27.26 28.04 28.11 28.75 26.72 24.23 25.08 25.23 21.94 20.67 22.32 21.28 18.57 18.04 19.28 16.75 15.64 16.09 16.57 13.30 13.68 12.92 11.47 11.95 10.92 12.28 13.68 14.07 16.71 19.16 19.32 19.75 17.83 17.76 16.43 17.29 18.11 19.70 21.03 23.08 25.26 25.40 26.50 25.98 27.97 26.36 26.85 25.49 26.24 25.53 26.62 25.49 27.19 26.51 25.69 24.06 23.25 22.91 23.59 23.35 24.61 26.11 27.22 28.57 30.17 29.68 28.45 28.75 28.79 28.74 28.47 28.24 28.01 29.18 30.60 29.66 28.80 29.07 27.77 27.13 28.28 27.38 26.38 26.54 25.66 23.13 21.74 20.64 20.41 19.85 19.28 18.70 18.28 18.40 18.86 18.51 18.39 18.42 19.57 19.06 20.34 21.26 24.15 23.18 24.07 25.75 25.91 25.42 25.14 23.85 24.04 22.78 23.14 22.38 23.84 23.60 25.69 25.18 28.13 28.19 28.47 25.75 26.81 24.30 25.67 25.81 24.56 21.97 22.19 23.39 21.08 20.98 21.58 23.76 22.27 21.50 23.15 25.22 26.54 
15.92 14.27 11.53 11.90 9.56 6.64 5.52 0.00 5.27 6.60 10.24 12.59 16.63 19.42 21.54 23.64 25.45 26.51 24.75 25.19 25.09 25.44 23.84 21.44 22.01 21.48 18.88 17.34 19.56 18.35 15.73 15.39 16.82 14.32 13.00 13.98 13.81 10.56 11.29 11.17 9.64 10.51 9.97 11.37 11.75 12.13 15.31 17.40 17.29 17.36 15.05 14.91 13.76 14.61 15.02 16.62 18.09 20.48 22.40 23.10 24.03 23.69 25.24 24.04 24.40 23.26 23.84 23.47 24.06 23.45 24.94 24.66 23.29 21.97 21.01 21.17 21.22 21.46 22.50 24.10 24.94 26.29 27.84 27.09 25.79 26.31 26.27 26.03 25.55 25.71 25.51 26.57 27.58 27.13 26.34 26.38 24.89 24.66 25.91 25.00 23.97 24.25 23.21 20.63 19.57 18.25 17.72 17.22 16.57 16.01 15.88 16.05 16.21 15.83 16.16 16.28 16.65 16.64 17.92 19.25 21.87 21.17 22.26 24.06 24.02 23.73 23.38 21.99 21.76 20.91 21.17 20.71 21.51 21.77 23.92 23.68 26.34 26.74 26.64 24.11 24.72 22.61 23.92 24.30 22.89 20.61 20.30 22.28 19.79 18.84 19.66 21.57 20.18 20.27 21.38 24.54 28.00 
18.31 16.67 14.04 14.66 12.26 10.63 7.53 5.27 0.00 5.53 7.06 10.79 14.07 17.53 19.11 20.68 22.52 23.68 21.61 22.36 22.07 22.79 21.31 18.41 19.24 19.28 15.95 15.28 17.28 16.93 14.14 14.18 15.78 14.24 13.28 14.49 14.55 11.82 12.66 12.55 11.52 12.45 11.29 12.85 12.98 13.22 15.44 17.98 17.76 17.29 15.01 14.36 13.62 13.78 14.14 15.09 16.74 18.75 21.26 21.94 23.40 22.98 24.54 22.94 23.12 22.25 23.09 22.53 23.03 22.80 24.99 24.53 22.80 21.59 20.71 20.50 20.40 20.39 21.58 23.50 23.94 25.34 26.96 26.23 24.72 25.06 25.17 24.70 24.17 24.25 24.32 24.95 25.95 25.59 24.82 24.93 23.26 23.25 24.64 24.17 23.28 23.45 21.99 19.87 19.02 18.10 17.18 16.97 16.38 15.97 15.63 16.18 16.64 16.41 16.70 16.88 17.50 17.19 18.48 19.53 22.04 21.17 22.37 24.21 24.04 23.67 23.15 21.79 21.34 20.38 20.64 20.30 21.42 21.71 23.59 23.46 26.27 26.59 26.46 23.75 24.41 22.50 23.62 23.79 21.90 20.10 19.98 20.72 18.29 18.26 19.20 21.48 21.13 20.62 21.65 24.77 26.02 
19.62 17.62 14.96 16.44 15.06 12.33 10.87 6.60 5.53 0.00 5.45 6.23 11.88 13.82 15.97 17.86 20.39 21.02 19.48 19.63 19.23 19.97 18.78 15.79 16.84 16.85 14.03 12.80 15.15 14.75 12.72 12.72 14.90 13.48 13.27 14.59 15.01 13.11 13.92 14.23 13.07 13.67 12.13 13.18 13.56 13.11 15.50 17.45 16.97 16.85 14.34 13.54 12.07 12.17 12.69 13.49 14.45 16.94 19.70 20.26 21.54 21.31 22.97 21.24 21.52 20.64 21.61 21.01 21.78 21.42 23.74 23.50 21.65 20.50 19.32 19.14 18.83 18.98 20.13 22.09 22.61 24.18 25.75 25.19 23.44 23.83 23.72 23.69 23.07 23.28 22.86 24.03 24.81 24.48 23.23 23.44 21.78 21.52 22.68 22.28 21.43 21.67 20.05 17.90 17.48 16.47 15.80 16.08 15.59 15.13 14.89 15.55 16.42 15.96 16.27 16.88 17.55 17.12 18.54 19.66 22.08 21.30 22.13 23.80 23.62 23.36 22.43 21.02 20.75 19.96 19.85 19.70 20.96 21.31 23.19 22.88 25.75 26.33 26.08 23.33 23.98 21.90 23.07 23.56 21.97 19.72 19.34 20.77 18.59 18.18 19.23 20.73 19.96 21.01 21.93 24.67 26.10 
22.31 20.60 17.65 18.86 18.04 15.89 13.23 10.24 7.06 5.45 0.00 5.26 8.06 11.52 13.37 16.20 18.14 18.87 17.94 18.51 17.83 18.36 16.84 14.28 15.17 16.21 13.15 12.17 14.39 14.97 12.95 13.43 15.42 14.56 14.49 16.28 16.90 15.45 16.67 17.09 15.70 15.67 14.04 14.95 14.20 14.00 16.02 18.10 16.90 16.60 14.33 13.59 11.52 11.43 11.77 12.83 13.81 15.56 18.64 19.19 20.56 20.33 21.97 20.65 20.99 20.05 20.64 20.40 21.42 21.20 23.11 22.93 21.35 20.24 18.93 18.43 18.41 18.70 19.90 21.82 22.48 23.89 25.11 24.60 22.98 23.24 22.87 22.95 22.65 22.64 22.32 23.36 24.58 23.88 22.48 22.56 20.82 20.43 21.57 20.97 20.19 20.58 19.22 17.14 16.14 15.36 15.13 15.91 15.56 15.44 15.36 16.41 17.05 17.03 17.21 17.78 18.24 18.26 19.65 20.32 22.74 22.17 22.93 24.15 23.93 23.84 23.10 21.61 21.29 20.25 20.56 20.22 21.28 21.39 23.90 23.51 26.33 26.69 26.58 23.55 24.07 22.03 22.94 23.48 21.93 19.70 19.34 21.16 19.02 18.17 18.54 21.53 20.14 20.28 22.27 24.68 26.07 
23.81 22.25 19.04 20.34 18.61 17.39 16.01 12.59 10.79 6.23 5.26 0.00 5.93 7.01 10.02 12.55 14.82 15.20 14.48 15.52 15.19 15.83 14.49 12.23 12.97 13.27 11.38 10.50 13.52 13.46 12.24 13.53 15.79 14.44 14.49 16.76 17.47 16.10 17.05 17.69 16.15 16.10 14.44 15.34 15.02 14.20 15.75 17.63 16.36 16.06 13.64 12.77 11.09 11.04 10.86 11.44 12.28 13.69 15.82 17.02 19.09 18.64 20.12 19.08 19.81 18.69 19.33 19.18 20.54 20.28 22.28 22.26 20.74 19.63 18.45 18.19 17.93 17.98 18.87 20.77 21.29 22.20 23.48 22.97 21.38 21.57 21.14 21.25 20.67 20.92 20.73 21.71 22.39 22.29 20.82 20.96 19.08 18.84 20.04 19.60 19.03 19.69 18.10 16.19 15.57 14.68 14.53 15.25 14.81 14.96 15.30 15.98 16.46 16.65 17.27 17.32 17.86 18.11 19.34 19.86 22.38 22.00 22.61 23.83 23.58 23.77 23.13 21.54 21.04 20.22 20.52 20.12 20.85 20.82 23.24 22.77 25.39 25.79 25.74 22.71 23.22 21.16 22.33 23.05 21.49 19.48 18.99 20.76 18.76 17.85 18.36 20.55 18.78 20.32 21.52 24.55 25.35 
26.08 25.08 22.38 23.73 22.48 21.38 20.08 16.63 14.07 11.88 8.06 5.93 0.00 5.94 7.21 10.12 11.39 13.40 12.73 14.13 14.73 15.09 13.92 12.21 13.41 13.32 10.86 11.59 14.98 14.82 13.55 15.16 17.58 16.55 16.95 19.53 20.33 18.93 19.90 20.27 18.98 18.90 16.66 18.04 17.56 16.42 17.18 19.07 17.98 17.38 14.65 14.01 12.65 11.95 12.06 12.37 12.96 14.01 16.26 17.35 20.03 19.57 20.91 20.15 20.71 19.95 20.41 20.58 21.72 21.70 23.78 23.91 22.38 21.49 20.53 20.51 20.07 19.94 20.61 22.16 22.25 23.13 24.07 23.50 21.89 22.22 21.87 21.87 21.30 21.57 21.56 22.19 22.77 22.66 21.70 21.82 20.06 20.13 21.33 21.01 20.51 21.09 19.67 18.12 17.77 17.37 16.81 17.38 17.25 17.51 17.78 18.78 19.16 19.73 19.67 20.33 20.70 21.13 22.05 22.80 24.76 24.18 24.77 25.98 25.62 25.59 25.15 23.52 23.24 22.43 22.62 22.03 22.83 22.89 24.84 24.37 26.80 27.51 27.23 24.34 24.62 22.96 23.93 24.61 22.91 21.57 21.28 22.47 19.96 20.09 20.31 22.05 20.70 21.62 23.07 25.63 25.13 
28.06 26.61 24.88 26.41 24.81 24.19 22.13 19.42 17.53 13.82 11.52 7.01 5.94 0.00 5.63 7.07 10.06 12.29 11.87 13.06 13.39 14.54 13.78 11.86 13.00 13.81 11.39 12.10 15.64 16.23 14.91 16.26 18.83 18.51 19.43 21.61 22.69 21.29 22.16 22.30 20.83 20.74 18.73 19.53 18.52 17.03 17.85 19.27 17.77 17.52 15.19 15.03 13.70 13.90 13.46 13.55 13.69 14.89 16.87 17.63 19.84 19.80 21.28 20.26 21.02 20.19 20.91 21.03 22.20 22.18 24.44 24.72 23.24 22.24 21.30 21.09 20.80 20.52 21.03 22.34 22.53 23.33 24.36 23.82 22.33 22.66 22.06 22.19 21.82 21.78 21.51 22.46 22.99 22.62 21.14 21.43 19.43 19.11 20.51 20.45 19.78 20.65 19.36 17.67 17.66 17.27 17.67 18.32 18.10 18.47 18.87 19.58 20.45 20.50 21.16 21.48 22.26 22.18 23.64 24.23 26.21 25.51 26.27 27.56 27.03 27.03 26.41 24.94 24.46 23.78 24.09 23.42 24.13 23.97 25.96 25.32 27.81 28.49 28.32 25.15 25.66 23.72 24.90 25.75 24.38 22.65 22.26 24.02 21.85 21.09 21.52 23.68 21.74 22.66 23.40 26.15 25.88 
29.21 28.55 27.01 28.70 26.54 25.16 23.81 21.54 19.11 15.97 13.37 10.02 7.21 5.63 0.51 5.34 7.63 9.68 10.95 12.11 11.47 12.90 12.31 10.50 11.49 12.80 11.57 12.12 15.50 16.74 15.80 17.34 19.71 19.75 20.48 22.50 23.77 22.55 23.59 23.44 21.58 21.28 19.44 20.01 18.34 16.63 17.59 19.03 17.12 17.20 15.17 15.27 14.14 14.49 13.86 14.05 13.69 14.48 16.22 16.90 18.90 18.65 20.31 19.57 20.29 19.55 20.17 20.41 21.71 21.71 24.04 24.27 22.77 21.90 20.86 20.62 20.34 20.07 20.66 21.72 21.91 22.66 23.68 23.02 21.57 21.68 21.24 21.36 20.91 20.87 20.39 21.27 21.91 21.09 19.66 19.76 17.77 17.39 18.70 18.61 18.11 19.09 18.22 16.49 16.29 16.24 16.84 17.56 17.56 17.99 18.43 19.20 19.60 20.16 20.82 21.30 21.83 22.31 23.76 24.19 26.15 25.71 26.62 27.55 27.35 27.24 26.92 25.08 24.54 23.82 24.46 23.67 24.15 23.89 25.90 25.14 27.61 28.18 28.04 24.87 25.37 23.44 24.22 25.16 23.78 21.89 21.66 23.84 21.29 20.29 20.54 23.15 21.63 21.79 23.61 25.95 26.55 
30.91 30.18 28.65 29.35 28.59 27.72 25.71 23.64 20.68 17.86 16.20 12.55 10.12 7.07 5.34 0.00 5.71 7.24 8.46 10.70 11.34 11.85 11.64 10.47 11.69 12.71 11.75 12.74 16.58 17.50 16.68 18.49 21.02 20.82 21.34 23.49 24.67 23.68 24.31 24.23 22.46 22.32 20.17 20.89 19.43 17.67 18.10 19.31 18.11 17.60 15.90 16.08 15.57 15.70 15.72 15.55 14.91 15.51 16.92 17.61 19.53 19.36 20.82 20.20 21.06 20.42 21.11 21.40 22.58 22.76 25.14 25.31 23.91 23.11 22.37 21.94 21.68 21.31 21.70 22.76 22.65 23.47 24.77 24.33 22.36 22.53 22.01 22.25 21.44 21.55 21.29 22.13 22.58 22.39 20.57 20.49 18.48 18.20 19.66 19.60 19.08 19.78 19.24 17.34 17.41 17.32 17.95 18.58 18.47 18.92 19.63 20.34 20.76 21.34 22.19 22.69 23.32 23.67 24.93 25.57 27.17 27.13 27.77 29.36 28.64 28.91 28.15 26.70 25.82 25.24 25.60 25.07 25.54 25.15 26.81 26.02 27.92 28.89 28.69 25.76 25.91 24.40 25.37 26.46 24.85 23.26 23.03 24.67 22.46 21.45 21.91 24.30 22.61 23.30 23.99 26.65 26.97 
32.89 32.75 31.23 32.60 31.14 30.63 28.29 25.45 22.52 20.39 18.14 14.82 11.39 10.06 7.63 5.71 0.00 6.25 7.01 9.01 11.12 12.68 12.71 11.99 13.25 14.20 13.38 13.90 17.98 18.92 18.36 20.34 22.49 22.21 22.87 25.27 26.37 25.06 25.97 25.71 24.44 24.09 21.77 22.13 21.18 19.35 19.07 20.59 19.75 19.67 17.38 18.13 17.50 17.78 17.08 17.56 17.71 18.24 19.45 19.80 20.91 21.03 22.81 21.91 22.56 22.10 23.28 23.44 24.78 24.94 27.54 27.51 26.03 25.48 24.83 24.43 24.09 23.77 24.30 25.18 24.94 25.63 27.12 26.19 24.35 24.35 24.26 24.09 23.21 23.50 23.43 23.99 24.68 24.38 23.02 22.68 20.53 20.79 22.40 22.16 21.93 22.84 22.32 20.53 20.30 20.37 20.81 21.10 20.83 21.22 22.13 22.72 23.15 23.89 24.60 25.27 26.12 26.40 27.47 27.93 29.71 28.96 30.26 31.53 31.13 30.66 30.44 28.99 28.30 27.54 27.82 27.28 27.91 27.74 28.95 27.67 29.55 30.54 30.72 27.68 27.72 26.43 27.80 28.34 26.67 25.23 25.22 26.55 24.27 23.77 24.07 26.29 25.27 25.04 26.76 29.25 29.12 
33.62 32.74 31.58 32.70 32.43 31.76 29.52 26.51 23.68 21.02 18.87 15.20 13.40 12.29 9.68 7.24 6.25 0.00 5.41 7.63 8.50 10.72 11.75 10.78 12.40 13.56 12.88 13.67 17.53 18.77 18.30 19.89 22.64 22.71 23.33 25.94 27.02 25.68 25.93 26.36 24.62 24.64 22.00 22.24 20.90 19.30 19.24 20.56 19.65 19.63 18.14 18.49 17.99 17.97 17.37 18.06 18.20 19.31 20.60 20.68 21.58 21.91 23.39 22.40 22.94 22.86 24.13 24.48 25.18 25.72 28.31 28.61 26.95 26.51 25.68 25.32 24.82 24.74 25.00 26.11 25.62 26.55 27.57 27.15 25.01 25.50 24.89 24.89 24.09 24.08 23.75 24.68 24.95 24.60 22.97 22.92 20.37 20.40 22.08 21.88 21.12 22.41 21.89 20.14 19.95 20.29 20.74 21.31 20.96 21.51 22.21 23.11 23.67 24.38 24.92 25.73 26.38 27.08 28.16 29.02 30.14 30.02 30.67 32.66 31.52 31.42 30.99 30.11 29.17 28.36 28.66 28.23 28.54 28.54 29.63 28.65 30.32 31.49 31.23 28.49 28.82 27.42 28.57 29.37 27.61 25.80 25.82 27.45 25.35 24.05 24.72 26.92 25.64 25.85 26.60 29.20 29.38 
32.56 32.18 30.72 31.77 30.17 29.68 27.26 24.75 21.61 19.48 17.94 14.48 12.73 11.87 10.95 8.46 7.01 5.41 0.00 5.79 7.29 7.79 9.29 8.76 10.15 10.95 10.30 11.44 14.62 15.79 14.99 17.36 20.12 20.33 21.03 23.53 25.34 23.77 24.21 24.19 22.86 22.26 20.10 20.12 18.77 16.57 16.82 18.28 17.25 17.92 16.66 17.13 15.77 16.46 15.27 16.18 15.98 17.23 18.61 18.96 20.60 20.38 21.92 20.88 21.91 21.39 22.81 22.89 23.99 24.23 27.18 27.21 25.62 24.92 24.29 24.00 23.47 23.10 23.61 24.63 24.44 24.94 26.23 25.52 23.85 23.93 23.37 23.45 22.50 22.50 21.95 22.79 23.32 22.44 20.66 20.43 18.17 17.89 19.19 18.92 18.52 19.39 18.85 16.89 17.11 17.30 17.95 18.77 18.81 19.18 20.12 20.97 21.49 22.19 23.01 23.53 24.02 24.88 26.49 26.93 28.62 28.24 29.46 30.70 30.20 29.86 29.86 28.61 27.67 27.05 27.35 26.55 26.71 26.77 27.94 27.02 28.93 29.60 29.45 26.82 27.22 25.44 26.48 27.23 25.43 23.68 23.68 25.58 22.90 21.99 22.30 24.81 24.45 23.72 25.48 28.02 28.80 
33.55 32.79 30.73 31.09 30.59 30.04 28.04 25.19 22.36 19.63 18.51 15.52 14.13 13.06 12.11 10.70 9.01 7.63 5.79 0.00 6.22 8.50 7.81 8.10 9.83 11.04 10.81 11.48 14.85 16.09 16.03 17.55 20.47 20.62 21.15 23.81 25.24 24.10 24.20 24.74 23.20 22.15 19.57 20.44 18.26 16.77 16.68 19.17 18.84 18.87 17.80 18.30 17.50 17.71 16.88 17.57 17.40 18.02 19.63 20.18 21.76 21.37 22.66 21.68 22.82 22.49 23.57 23.89 24.62 25.34 27.86 28.17 26.17 25.70 25.05 24.81 24.06 23.97 24.32 25.78 25.31 26.31 27.45 27.13 24.88 25.21 24.61 24.71 23.70 23.74 23.22 24.07 24.46 23.90 22.06 21.56 19.69 19.29 20.36 19.89 19.26 20.14 19.61 17.77 17.84 18.27 18.96 19.56 19.37 19.98 20.91 21.92 22.38 23.14 23.89 24.71 25.08 26.02 27.07 28.02 29.26 29.47 30.20 31.73 30.93 31.07 30.68 29.40 28.52 28.02 28.21 27.45 27.60 27.64 28.91 27.94 29.43 30.74 30.56 27.58 27.74 25.94 27.60 28.44 26.21 24.62 24.91 26.37 23.81 22.75 23.48 25.59 24.06 24.17 25.03 27.74 28.22 
33.76 33.58 31.35 31.78 30.75 30.27 28.11 25.09 22.07 19.23 17.83 15.19 14.73 13.39 11.47 11.34 11.12 8.50 7.29 6.22 0.00 6.47 7.57 6.83 8.19 9.77 10.37 10.61 13.55 15.42 15.65 17.09 19.25 20.11 21.31 23.53 24.92 23.59 24.11 24.41 23.00 22.11 20.01 19.97 18.65 16.82 17.06 19.32 19.43 19.73 17.85 18.96 18.09 17.94 17.19 18.39 18.40 19.07 20.80 21.22 22.32 21.96 23.62 22.65 23.42 23.02 24.39 24.63 25.62 25.96 28.59 28.54 26.83 26.35 26.05 25.72 24.99 25.02 25.63 26.61 26.53 27.42 28.71 27.90 25.95 26.32 26.14 25.77 24.77 24.86 24.60 25.07 25.20 24.81 23.55 23.23 21.31 21.04 22.12 21.30 20.54 21.62 20.98 19.13 19.03 19.53 19.82 20.13 20.03 20.76 21.63 22.18 22.85 23.85 24.50 25.17 26.08 26.65 27.75 28.65 30.28 30.12 31.09 32.35 31.94 31.82 31.85 30.35 29.59 29.05 29.42 28.26 28.60 28.79 30.05 28.47 30.26 31.03 31.66 28.60 28.58 27.07 28.75 28.76 26.45 25.10 25.49 26.95 24.50 23.92 24.14 26.08 25.56 24.81 26.28 28.74 28.67 
33.64 32.91 31.45 31.69 31.67 30.15 28.75 25.44 22.79 19.97 18.36 15.83 15.09 14.54 12.90 11.85 12.68 10.72 7.79 8.50 6.47 0.00 6.30 7.30 6.66 7.93 8.90 10.09 12.33 13.72 15.06 16.00 18.70 19.41 20.87 23.08 24.70 23.15 23.81 24.06 22.93 21.84 19.39 19.44 18.53 16.85 17.19 19.57 19.57 19.66 18.00 19.16 17.81 17.57 17.07 18.67 18.64 19.60 21.21 21.92 22.97 22.72 24.41 23.66 24.21 23.65 25.33 25.65 26.35 26.71 29.26 29.41 27.67 27.19 26.78 26.24 25.63 25.79 26.23 27.21 27.02 28.15 29.27 28.61 26.73 27.01 26.75 26.41 25.41 25.39 24.96 25.52 25.84 25.33 23.85 23.57 21.49 21.14 22.23 21.47 20.28 21.14 20.50 18.62 18.41 18.80 19.12 19.79 19.78 20.60 21.05 21.91 22.75 23.62 24.27 25.07 26.02 26.51 27.93 28.88 30.65 30.09 31.26 32.76 32.44 31.87 31.91 30.84 30.05 29.29 29.63 28.70 29.03 29.15 30.25 29.05 30.77 31.64 31.60 28.78 29.41 27.68 28.93 29.16 27.20 25.52 25.72 27.14 25.17 23.79 24.43 26.29 25.37 25.09 25.68 28.55 28.48 
32.17 31.78 29.86 30.78 29.51 28.39 26.72 23.84 21.31 18.78 16.84 14.49 13.92 13.78 12.31 11.64 12.71 11.75 9.29 7.81 7.57 6.30 0.59 5.63 7.13 6.56 7.08 8.91 11.55 12.02 12.57 14.90 17.02 16.78 17.84 20.86 22.56 21.17 21.76 21.97 20.73 19.77 17.65 18.06 17.48 15.53 15.74 18.22 18.65 19.46 17.31 17.87 16.67 16.91 15.78 17.26 17.94 18.87 20.61 21.26 22.85 22.22 23.91 23.09 23.88 23.03 24.52 24.55 25.26 25.39 28.22 28.11 26.33 25.55 25.21 24.78 24.10 24.06 24.80 25.87 25.55 26.44 27.88 27.23 25.28 25.43 25.08 24.82 23.67 23.58 23.07 23.84 24.35 23.69 22.12 21.73 19.91 19.55 20.49 19.82 18.80 19.37 18.28 16.45 16.29 15.91 16.50 17.77 17.88 18.00 18.66 19.90 20.38 20.96 21.70 22.71 23.24 23.95 25.43 26.51 28.13 27.99 29.23 30.85 30.65 30.13 30.24 29.07 28.26 27.62 28.02 26.92 27.26 27.26 28.56 27.37 29.24 29.59 29.57 27.05 27.69 25.51 26.75 26.93 25.42 23.45 23.47 25.04 22.63 21.96 21.94 24.10 24.02 22.85 24.04 26.74 27.67 
30.88 29.50 27.55 27.95 27.23 25.64 24.23 21.44 18.41 15.79 14.28 12.23 12.21 11.86 10.50 10.47 11.99 10.78 8.76 8.10 6.83 7.30 5.63 0.00 5.53 7.10 5.73 6.34 9.18 10.24 10.18 11.72 14.53 13.97 14.76 17.62 19.51 17.81 18.25 19.25 17.53 16.42 14.17 15.03 12.98 12.78 13.44 16.24 16.45 17.43 15.21 15.66 14.50 14.80 13.81 14.86 15.31 17.12 19.09 19.45 20.74 20.62 22.26 21.27 22.04 21.43 22.56 22.46 22.90 23.26 25.78 25.84 23.60 22.84 22.65 22.44 21.55 21.72 22.44 23.64 23.38 24.55 25.86 25.30 23.23 23.43 22.97 22.63 21.50 21.45 20.93 21.62 22.05 21.80 20.09 19.55 17.85 17.47 18.30 17.70 16.77 16.91 15.96 13.53 13.42 13.22 14.15 14.83 14.54 14.70 16.20 17.18 17.78 18.36 19.42 20.10 20.92 21.46 22.74 23.71 25.56 25.46 26.41 28.03 27.93 27.84 27.66 26.44 25.82 25.41 25.67 24.59 24.99 25.27 26.75 25.41 26.90 27.84 27.99 25.06 25.39 23.45 24.94 25.49 23.29 21.58 21.87 23.21 20.58 19.96 20.61 22.34 21.05 21.45 22.07 25.18 25.78 
29.83 29.83 27.37 28.14 27.48 26.61 25.08 22.01 19.24 16.84 15.17 12.97 13.41 13.00 11.49 11.69 13.25 12.40 10.15 9.83 8.19 6.66 7.13 5.53 0.00 5.63 6.66 6.01 7.56 9.02 10.43 11.64 13.46 14.39 15.68 18.09 19.58 18.62 19.32 19.32 17.58 16.61 15.05 14.92 12.71 12.72 14.93 17.29 17.24 18.05 16.24 16.91 15.72 15.87 15.53 16.57 17.30 18.74 21.14 21.29 22.17 21.89 23.76 22.60 23.11 22.34 23.57 23.37 23.89 24.14 26.76 26.45 24.50 23.83 23.72 23.24 22.51 22.72 23.57 24.81 24.78 25.89 27.17 26.46 24.69 24.86 24.40 23.88 22.84 22.74 22.43 23.03 23.58 22.99 21.83 21.63 19.70 19.16 20.11 19.22 18.56 18.68 17.30 14.96 14.67 14.85 15.14 15.24 15.24 15.68 16.77 17.44 17.90 19.15 19.71 20.52 21.70 22.36 23.35 24.49 26.53 26.36 27.13 28.63 28.94 28.87 28.90 27.43 26.97 26.49 26.83 25.57 26.11 26.42 27.92 26.35 27.90 28.90 29.33 26.40 26.61 24.74 26.34 26.15 24.03 22.44 22.47 23.81 21.36 20.96 21.28 23.08 22.48 22.08 22.91 26.10 26.25 
29.49 28.95 27.21 27.83 27.55 26.30 25.23 21.48 19.28 16.85 16.21 13.27 13.32 13.81 12.80 12.71 14.20 13.56 10.95 11.04 9.77 7.93 6.56 7.10 5.63 0.00 5.46 6.94 6.60 7.36 9.19 11.21 12.63 12.76 14.83 17.07 18.60 17.77 18.71 19.00 17.64 16.83 14.72 15.63 14.46 13.68 15.39 19.19 19.07 18.99 17.24 17.99 16.32 16.20 16.27 17.87 18.27 19.52 21.91 22.48 23.66 23.04 24.68 23.84 24.41 23.48 24.63 24.68 25.10 25.29 27.63 27.29 25.18 24.47 24.18 23.70 22.94 23.41 24.17 25.33 25.42 26.50 27.75 27.06 25.32 25.42 24.98 24.61 23.55 23.53 22.94 23.87 24.35 23.98 22.74 22.61 20.33 20.04 21.16 20.35 19.01 19.22 17.72 15.20 14.92 14.10 14.28 14.59 14.91 15.25 15.92 16.85 18.10 18.59 19.48 20.42 21.76 22.28 23.55 24.71 26.98 26.46 27.40 29.12 29.17 29.02 28.82 27.70 27.27 26.67 26.60 25.85 26.36 26.50 27.53 26.35 28.44 28.90 28.77 25.92 27.02 25.04 26.06 26.10 24.55 22.73 22.52 23.82 21.80 20.67 21.37 22.83 21.71 22.21 22.44 25.52 25.76 
27.03 26.49 24.45 25.52 24.30 22.90 21.94 18.88 15.95 14.03 13.15 11.38 10.86 11.39 11.57 11.75 13.38 12.88 10.30 10.81 10.37 8.90 7.08 5.73 6.66 5.46 0.00 4.83 6.98 5.90 6.03 8.56 10.49 9.91 10.23 14.00 15.03 14.16 14.49 15.54 14.08 13.43 11.58 13.45 13.17 12.13 14.00 17.39 17.21 17.57 15.69 16.06 14.41 15.00 14.36 15.68 16.36 17.79 19.95 20.36 21.85 21.22 22.78 21.92 22.82 21.75 22.65 22.42 23.02 22.94 25.18 24.67 22.65 21.79 21.30 20.81 20.24 20.40 21.14 22.41 22.21 23.44 24.77 24.15 22.20 22.46 21.86 21.68 20.56 20.51 19.98 21.06 21.75 21.19 20.06 20.04 17.84 17.58 18.74 17.94 16.82 16.45 15.23 12.92 12.60 10.66 10.72 11.50 12.17 10.85 12.16 13.42 14.45 14.18 15.69 17.09 17.68 18.18 19.74 21.02 22.90 22.73 23.49 25.18 25.41 25.26 25.31 24.21 23.77 23.27 23.40 22.55 23.04 23.18 24.30 23.40 25.29 25.64 25.15 22.67 23.76 21.49 22.37 22.53 21.45 19.23 18.98 20.26 18.52 17.71 17.89 19.39 19.17 18.81 19.55 22.61 23.63 
26.36 25.15 22.99 24.00 23.07 21.85 20.67 17.34 15.28 12.80 12.17 10.50 11.59 12.10 12.12 12.74 13.90 13.67 11.44 11.48 10.61 10.09 8.91 6.34 6.01 6.94 4.83 0.00 5.47 6.73 5.40 6.30 9.42 9.20 9.77 12.48 14.37 13.05 13.77 14.77 13.45 12.24 10.85 12.98 11.52 12.59 15.21 17.85 17.73 18.02 16.08 16.14 14.44 15.02 13.88 14.96 15.76 18.09 20.16 20.11 21.51 21.17 22.96 21.74 22.25 21.41 22.37 22.01 22.38 22.43 24.66 24.06 21.63 20.85 20.28 19.86 19.25 19.44 20.25 21.56 21.65 22.96 24.22 23.64 21.80 22.01 21.36 21.03 20.14 20.07 19.53 20.65 21.32 21.29 19.82 19.90 17.97 17.83 19.05 18.92 17.73 17.44 15.76 13.37 11.99 10.55 10.66 11.02 10.27 9.78 11.38 12.91 12.98 12.86 14.77 15.70 16.46 17.06 18.49 19.28 21.66 21.36 22.03 23.84 24.20 24.47 24.17 23.00 22.76 22.58 22.89 21.81 22.24 22.57 24.22 23.05 24.71 25.36 25.05 22.15 22.87 20.47 21.65 22.49 20.50 18.51 18.29 19.67 17.50 16.73 17.23 19.02 17.45 18.38 18.86 21.99 22.76 
26.73 26.16 23.27 24.54 24.52 23.41 22.32 19.56 17.28 15.15 14.39 13.52 14.98 15.64 15.50 16.58 17.98 17.53 14.62 14.85 13.55 12.33 11.55 9.18 7.56 6.60 6.98 5.47 0.00 5.89 6.89 6.33 7.64 9.16 10.70 12.63 13.84 14.05 14.95 15.04 14.21 13.90 12.95 14.93 13.60 14.59 17.87 20.61 20.36 20.49 18.59 18.67 17.53 17.46 17.07 17.99 19.36 20.63 23.09 22.91 24.32 23.73 25.66 24.09 24.45 23.49 24.67 24.34 24.59 24.58 26.99 26.25 23.80 23.06 22.62 22.00 21.47 21.74 22.48 23.94 24.15 25.30 26.54 26.17 24.62 24.63 24.00 23.69 23.06 22.78 22.31 23.22 24.30 23.83 22.78 22.96 21.34 20.98 22.25 21.90 21.23 20.90 19.06 16.15 15.28 14.33 13.61 12.95 12.27 12.66 13.48 14.28 14.82 15.61 16.61 17.58 18.46 19.42 20.56 21.48 23.77 23.57 24.13 25.89 26.38 26.44 26.33 25.07 24.88 24.48 24.68 23.56 24.01 24.52 26.22 24.68 26.20 26.72 27.06 24.12 24.49 22.26 23.54 23.71 21.99 19.50 19.50 20.97 19.07 18.53 18.83 20.76 19.63 19.57 20.89 23.82 23.79 
26.02 24.89 22.65 24.01 23.94 22.36 21.28 18.35 16.93 14.75 14.97 13.46 14.82 16.23 16.74 17.50 18.92 18.77 15.79 16.09 15.42 13.72 12.02 10.24 9.02 7.36 5.90 6.73 5.89 0.00 5.30 7.08 6.61 6.70 8.92 11.64 12.58 12.54 13.95 14.69 13.51 13.45 12.86 15.35 15.03 15.91 18.59 21.55 21.12 20.68 18.66 18.96 17.76 17.62 17.36 18.29 19.16 20.56 22.89 22.89 24.55 23.80 25.51 24.07 24.69 23.63 24.76 24.44 24.93 24.71 26.87 26.14 23.54 22.78 22.18 21.59 20.73 21.20 22.10 23.53 23.66 24.97 26.28 25.95 24.16 24.26 23.55 23.35 22.44 22.31 21.87 23.13 23.92 23.73 22.61 22.84 20.76 20.97 22.37 22.02 20.94 20.94 18.81 16.07 15.13 13.75 12.41 12.88 12.17 11.86 12.03 13.16 14.24 14.83 15.34 16.60 17.90 18.49 19.67 20.72 23.09 22.62 23.59 25.36 25.61 25.61 25.48 24.20 24.13 23.45 23.72 22.84 23.45 23.45 25.07 23.94 25.76 26.09 25.68 22.86 23.70 21.29 22.33 22.75 21.15 18.71 18.54 20.16 18.56 16.81 18.02 19.92 18.19 18.81 19.76 22.85 22.93 
23.60 22.84 20.44 22.11 20.93 19.53 18.57 15.73 14.14 12.72 12.95 12.24 13.55 14.91 15.80 16.68 18.36 18.30 14.99 16.03 15.65 15.06 12.57 10.18 10.43 9.19 6.03 5.40 6.89 5.30 0.00 5.20 6.92 5.77 5.83 9.10 10.22 9.78 10.16 12.02 10.74 10.91 9.68 13.38 13.45 14.08 16.82 19.67 19.38 19.50 17.29 16.90 15.55 16.32 15.68 16.03 16.96 18.54 20.52 20.48 22.20 21.58 23.20 21.88 22.93 21.70 22.31 22.12 22.78 22.38 24.44 23.52 21.06 20.17 19.41 18.83 18.16 18.51 19.11 20.52 20.52 22.03 23.51 22.87 21.11 21.28 20.58 20.50 19.42 19.37 18.99 20.38 21.21 21.00 20.08 20.30 18.18 18.72 20.18 19.54 18.54 19.04 17.17 13.99 12.72 11.16 10.38 10.86 10.02 8.53 9.11 10.99 11.37 10.58 11.66 13.25 14.11 14.60 15.98 17.34 19.41 18.99 19.67 21.64 21.92 22.02 21.93 20.87 20.52 20.08 20.38 19.80 20.35 20.33 21.93 21.02 22.90 22.96 22.37 19.60 20.41 17.56 18.63 18.80 17.72 14.93 15.36 16.80 14.95 13.10 13.88 16.59 15.13 15.32 16.64 20.13 21.58 
23.51 22.05 19.68 21.13 20.40 19.38 18.04 15.39 14.18 12.72 13.43 13.53 15.16 16.26 17.34 18.49 20.34 19.89 17.36 17.55 17.09 16.00 14.90 11.72 11.64 11.21 8.56 6.30 6.33 7.08 5.20 0.00 5.90 7.04 5.62 7.35 9.60 9.76 10.08 11.84 11.47 11.04 10.12 13.47 14.16 15.26 17.81 20.39 20.19 20.16 18.21 17.82 16.54 17.02 16.44 16.85 17.27 19.21 21.43 21.28 23.00 22.38 23.96 22.71 23.37 22.42 23.39 23.10 23.40 23.28 25.36 24.59 21.83 21.33 20.43 19.67 18.94 19.46 20.07 21.27 21.38 23.06 24.40 23.92 22.06 22.54 21.72 21.51 20.62 20.46 20.18 21.42 22.36 22.35 21.26 21.35 19.53 20.00 21.37 20.93 19.87 20.51 18.96 15.41 14.01 13.37 12.69 12.52 11.06 10.26 10.74 11.51 11.35 10.77 12.07 13.33 13.98 14.58 16.31 17.16 19.59 19.37 20.03 21.99 22.37 22.51 22.23 21.20 21.25 20.59 20.95 20.12 20.90 20.95 22.69 21.42 23.19 23.65 23.17 20.00 20.50 17.65 18.76 19.44 17.60 15.43 15.47 16.89 15.10 13.23 14.36 16.98 15.10 16.16 17.29 20.59 21.81 
23.94 22.93 19.97 21.36 21.42 19.91 19.28 16.82 15.78 14.90 15.42 15.79 17.58 18.83 19.71 21.02 22.49 22.64 20.12 20.47 19.25 18.70 17.02 14.53 13.46 12.63 10.49 9.42 7.64 6.61 6.92 5.90 0.00 5.93 7.16 7.14 7.96 9.75 11.09 12.23 11.95 12.90 12.02 15.32 15.94 17.29 19.56 22.65 22.91 22.25 19.90 20.32 19.58 19.16 18.36 19.22 20.14 21.60 23.37 23.39 24.97 24.50 25.99 24.62 25.09 24.37 25.47 25.42 25.65 25.62 27.74 26.82 24.31 23.75 23.06 22.24 21.46 21.95 22.50 23.90 23.94 25.30 26.79 26.24 24.61 24.70 24.03 24.00 23.14 23.13 22.54 23.82 24.73 24.55 23.50 24.02 22.17 22.43 24.05 23.49 22.68 23.08 21.53 18.32 16.45 16.27 14.70 14.26 12.90 13.24 12.48 13.35 12.77 13.39 13.57 15.02 15.95 16.95 18.30 19.18 21.33 21.29 22.02 23.94 24.33 24.23 24.11 23.12 23.08 22.44 22.52 21.68 22.41 22.49 24.27 22.94 24.27 24.63 24.58 21.47 21.53 18.95 20.02 20.29 18.77 16.05 16.15 17.50 16.01 15.00 15.89 18.42 16.40 17.10 19.13 23.07 23.40 
22.54 20.96 18.04 20.09 19.78 18.19 16.75 14.32 14.24 13.48 14.56 14.44 16.55 18.51 19.75 20.82 22.21 22.71 20.33 20.62 20.11 19.41 16.78 13.97 14.39 12.76 9.91 9.20 9.16 6.70 5.77 7.04 5.93 0.00 5.35 7.53 7.16 7.85 9.57 10.69 10.86 11.91 11.66 14.41 15.90 17.10 19.48 22.16 22.05 21.31 18.86 19.04 18.15 17.96 17.11 17.64 18.29 20.05 21.92 21.87 23.39 23.06 24.38 23.34 24.13 23.18 24.19 24.09 24.69 24.34 26.33 25.54 23.09 22.22 21.52 20.92 20.21 20.47 21.25 22.72 22.78 24.13 25.37 25.08 23.18 23.53 22.74 22.63 21.73 21.63 21.41 22.69 23.52 23.50 22.57 22.75 20.76 21.42 23.23 22.58 21.57 22.00 20.51 17.27 15.78 14.36 12.88 13.00 12.28 11.29 10.46 11.75 12.27 11.58 11.45 12.67 14.20 14.46 16.02 17.16 19.44 19.09 20.32 22.30 22.36 22.60 22.34 21.16 21.09 20.52 20.89 20.09 20.63 20.66 22.43 21.37 22.95 22.82 22.49 19.28 19.64 16.48 17.67 18.21 16.62 13.88 14.21 15.76 14.02 11.85 13.86 16.63 14.64 15.73 17.58 21.02 22.24 
20.84 19.66 16.77 18.87 18.35 16.86 15.64 13.00 13.28 13.27 14.49 14.49 16.95 19.43 20.48 21.34 22.87 23.33 21.03 21.15 21.31 20.87 17.84 14.76 15.68 14.83 10.23 9.77 10.70 8.92 5.83 5.62 7.16 5.35 0.00 5.69 7.07 6.59 8.38 9.98 9.76 11.09 10.96 14.98 16.16 17.53 19.88 22.95 22.74 22.19 19.82 18.81 17.61 17.53 17.14 17.23 17.85 19.25 21.31 20.96 22.59 21.88 23.43 22.45 23.64 22.52 23.03 23.08 23.84 23.51 25.29 24.50 22.21 21.28 20.12 19.75 19.26 19.39 19.79 21.49 21.94 23.00 24.26 23.65 22.21 22.11 21.43 21.55 20.56 20.40 20.23 21.78 22.75 22.46 21.74 21.97 19.96 20.59 22.75 21.93 20.90 21.74 20.64 17.30 15.04 14.51 13.40 13.26 11.65 10.58 9.97 11.35 11.13 9.85 9.53 11.48 12.22 12.24 13.81 15.90 18.07 17.61 18.80 21.00 21.05 21.09 21.08 19.75 19.46 18.89 19.19 18.66 19.23 19.10 20.94 20.18 22.04 21.82 21.13 18.00 18.32 15.00 15.94 16.86 14.89 11.46 12.28 14.12 11.45 8.50 11.08 15.29 12.77 13.20 15.67 20.17 21.62 
21.06 19.37 16.75 18.30 18.57 17.40 16.09 13.98 14.49 14.59 16.28 16.76 19.53 21.61 22.50 23.49 25.27 25.94 23.53 23.81 23.53 23.08 20.86 17.62 18.09 17.07 14.00 12.48 12.63 11.64 9.10 7.35 7.14 7.53 5.69 0.00 6.35 7.13 7.60 9.38 10.56 11.16 11.80 16.33 17.94 18.73 21.33 24.67 24.73 24.16 21.48 21.10 19.47 19.39 18.48 19.46 19.56 21.14 22.78 22.85 24.31 23.82 24.97 24.50 25.21 24.42 25.00 24.99 25.62 25.45 27.31 26.65 24.16 23.59 22.52 21.81 21.44 21.60 22.13 23.98 24.35 25.60 26.58 26.38 24.58 24.86 24.04 24.11 23.15 23.06 22.81 24.42 25.32 25.25 24.19 24.64 22.60 23.02 24.95 24.48 23.12 23.79 22.93 19.59 17.45 16.93 16.22 15.70 13.96 13.46 12.93 13.75 13.04 11.95 12.14 13.23 13.85 14.36 16.27 17.84 19.92 19.68 20.99 23.06 22.88 22.99 22.90 21.81 21.45 20.54 20.90 20.24 21.04 20.95 22.77 21.92 23.85 23.88 23.02 20.07 20.27 17.00 17.60 18.69 17.03 14.20 13.84 15.10 13.35 11.38 13.46 16.73 14.70 15.40 17.57 20.61 21.96 
20.62 19.30 16.27 17.71 18.39 16.92 16.57 13.81 14.55 15.01 16.90 17.47 20.33 22.69 23.77 24.67 26.37 27.02 25.34 25.24 24.92 24.70 22.56 19.51 19.58 18.60 15.03 14.37 13.84 12.58 10.22 9.60 7.96 7.16 7.07 6.35 0.49 6.22 7.13 9.25 10.49 12.59 12.73 16.98 18.77 20.20 22.40 26.15 26.10 25.45 22.60 22.45 20.88 20.16 19.37 20.29 21.13 22.05 23.44 23.56 25.25 24.60 25.90 25.09 26.19 25.09 25.83 25.88 26.52 26.52 28.45 27.56 25.37 24.84 24.01 23.40 22.90 23.30 23.81 25.67 26.18 27.26 28.61 27.94 26.35 26.38 25.67 25.62 24.77 24.81 24.61 25.95 27.02 26.72 25.80 26.34 24.51 24.76 26.57 25.87 24.80 25.42 24.41 21.28 19.58 18.74 17.57 17.41 15.74 15.34 13.92 15.09 14.74 13.96 13.82 14.52 14.65 15.67 17.50 18.84 20.92 20.88 22.29 24.13 23.85 23.98 24.11 22.72 22.57 21.72 21.92 21.31 22.10 22.28 24.07 22.98 24.81 24.81 24.33 20.84 21.16 18.28 19.15 19.61 18.54 15.14 14.81 15.62 14.50 13.21 14.58 16.88 14.47 16.10 18.87 22.77 22.69 
19.28 16.97 13.86 15.59 15.75 14.40 13.30 10.56 11.82 13.11 15.45 16.10 18.93 21.29 22.55 23.68 25.06 25.68 23.77 24.10 23.59 23.15 21.17 17.81 18.62 17.77 14.16 13.05 14.05 12.54 9.78 9.76 9.75 7.85 6.59 7.13 6.22 0.00 5.08 6.54 8.10 9.81 11.55 15.10 17.56 18.63 21.37 24.58 24.53 23.80 21.28 20.83 18.83 18.07 17.44 18.22 18.08 19.54 21.40 21.96 23.27 22.77 23.92 23.47 24.22 23.25 23.78 23.81 24.66 24.36 26.11 25.59 23.34 22.75 21.84 21.32 21.21 21.26 22.04 23.80 24.25 25.65 27.00 26.59 24.50 24.90 24.11 23.99 22.96 23.04 23.01 24.54 25.38 25.40 24.49 24.95 23.01 23.34 25.30 24.65 23.41 24.18 23.02 20.05 18.32 17.20 16.32 15.93 14.25 13.53 12.31 13.63 13.96 12.66 12.05 12.82 13.58 12.89 15.06 16.25 18.43 18.23 19.89 21.92 21.38 21.99 21.95 20.60 20.20 19.62 20.28 19.53 20.19 20.33 22.43 21.58 23.27 23.14 22.18 18.87 19.04 15.79 16.64 17.60 16.31 12.67 11.94 13.66 12.38 10.62 12.51 15.05 13.62 14.95 17.30 20.52 21.44 
18.31 16.50 13.57 15.39 15.66 13.83 13.68 11.29 12.66 13.92 16.67 17.05 19.90 22.16 23.59 24.31 25.97 25.93 24.21 24.20 24.11 23.81 21.76 18.25 19.32 18.71 14.49 13.77 14.95 13.95 10.16 10.08 11.09 9.57 8.38 7.60 7.13 5.08 0.00 4.77 6.14 9.16 10.17 14.52 17.07 18.03 20.85 24.44 24.68 24.23 21.55 20.96 19.01 18.13 17.55 17.72 17.99 19.22 21.04 21.54 23.04 22.60 23.86 23.24 24.29 23.02 23.28 23.49 24.33 23.93 25.83 25.25 23.34 22.56 21.45 21.25 21.01 21.09 21.91 23.80 24.33 25.66 27.18 26.43 24.69 24.75 24.14 23.91 22.92 23.01 23.09 24.60 25.78 25.85 25.08 25.26 23.12 23.68 25.80 24.83 23.70 24.42 23.66 20.26 18.30 17.70 17.18 16.46 14.66 14.20 13.90 14.48 14.32 13.51 13.11 13.61 13.60 13.03 14.58 16.46 18.49 17.95 19.86 22.01 21.79 22.03 22.36 20.73 20.45 19.66 20.30 19.63 20.33 20.39 22.34 21.49 23.38 23.15 22.30 18.71 19.42 15.82 16.82 17.76 16.58 13.07 13.14 14.53 12.74 10.86 12.63 15.42 13.15 14.58 17.06 20.65 21.88 
18.25 16.40 13.55 14.83 14.31 13.38 12.92 11.17 12.55 14.23 17.09 17.69 20.27 22.30 23.44 24.23 25.71 26.36 24.19 24.74 24.41 24.06 21.97 19.25 19.32 19.00 15.54 14.77 15.04 14.69 12.02 11.84 12.23 10.69 9.98 9.38 9.25 6.54 4.77 0.00 5.74 7.28 9.00 12.97 16.29 17.32 19.45 23.68 23.87 23.59 20.88 20.67 18.50 17.72 17.20 17.82 18.01 19.48 21.45 22.04 24.00 23.28 24.08 23.60 24.62 23.51 23.72 23.81 24.77 24.59 26.24 25.67 23.68 23.31 22.38 21.73 21.78 21.91 22.76 24.69 25.15 26.54 27.85 27.45 25.40 25.95 25.10 24.97 24.17 24.26 24.16 25.61 26.79 27.04 26.03 26.57 24.64 24.97 26.74 26.11 24.72 25.74 24.44 21.34 19.56 18.85 17.78 17.30 15.85 15.79 15.15 15.44 15.79 15.21 14.91 14.76 14.75 13.91 16.06 17.06 19.17 18.92 20.50 22.91 22.37 22.58 22.75 21.68 21.13 20.52 20.90 20.47 21.11 21.17 22.98 21.95 23.99 23.98 22.82 19.25 20.04 16.73 17.27 18.55 17.39 14.91 14.13 15.94 14.73 13.35 14.62 16.92 15.65 17.05 18.70 21.49 22.45 
17.12 15.42 12.51 13.48 13.09 11.86 11.47 9.64 11.52 13.07 15.70 16.15 18.98 20.83 21.58 22.46 24.44 24.62 22.86 23.20 23.00 22.93 20.73 17.53 17.58 17.64 14.08 13.45 14.21 13.51 10.74 11.47 11.95 10.86 9.76 10.56 10.49 8.10 6.14 5.74 0.00 6.03 6.91 10.89 12.64 15.11 17.91 20.56 21.09 21.34 19.06 18.62 16.14 15.82 15.45 16.41 16.90 18.36 20.29 21.11 23.06 22.04 22.72 22.19 23.39 22.25 22.36 22.57 23.37 23.33 24.95 24.27 22.60 22.25 21.49 20.95 20.87 21.30 21.96 23.79 24.24 25.59 26.93 26.42 24.67 24.95 24.37 24.46 23.60 23.94 23.55 25.05 25.86 25.99 25.45 26.17 24.33 24.84 26.22 25.49 24.47 24.84 23.89 20.98 19.60 18.43 17.24 16.89 16.14 15.30 14.64 15.30 15.49 14.99 14.64 14.50 13.98 13.84 15.06 16.46 18.24 18.18 19.63 21.91 21.71 21.80 21.78 20.66 20.60 19.96 20.41 19.81 20.70 20.77 22.56 21.39 23.40 23.40 22.73 19.11 19.71 17.10 18.15 18.56 17.22 14.52 14.37 16.31 14.84 13.82 14.56 16.78 15.38 16.90 18.83 22.86 22.68 
17.42 15.49 12.23 13.52 13.51 12.48 11.95 10.51 12.45 13.67 15.67 16.10 18.90 20.74 21.28 22.32 24.09 24.64 22.26 22.15 22.11 21.84 19.77 16.42 16.61 16.83 13.43 12.24 13.90 13.45 10.91 11.04 12.90 11.91 11.09 11.16 12.59 9.81 9.16 7.28 6.03 0.00 5.60 7.65 11.12 12.98 16.06 19.34 19.59 19.84 17.64 17.43 15.41 14.63 14.59 15.97 16.48 17.98 20.71 21.40 23.04 22.13 23.11 22.39 23.33 22.06 22.34 22.23 23.04 22.96 24.78 24.34 22.43 21.99 21.32 20.79 20.97 21.35 22.44 24.38 25.05 26.44 27.89 27.33 25.47 25.78 24.90 24.60 24.15 24.06 23.81 25.31 26.68 26.64 25.77 26.22 24.79 25.08 26.93 26.25 25.04 25.84 24.52 21.75 20.27 19.28 18.51 18.49 17.39 16.92 16.31 17.05 17.53 16.48 16.24 16.25 16.29 15.24 16.79 17.65 19.45 18.85 20.28 22.27 22.08 22.34 22.09 20.95 20.71 20.25 20.88 20.53 21.28 21.50 23.60 22.69 24.53 24.73 24.17 20.53 21.01 18.56 19.64 19.74 18.60 16.21 15.55 16.62 15.57 14.52 15.02 17.55 16.21 17.62 19.34 22.24 23.09 
