0.34 3.93 5.52 6.32 9.06 9.97 11.11 11.54 12.59 13.56 15.48 15.38 17.19 19.55 19.10 20.51 22.08 23.24 21.77 21.40 21.31 22.25 19.50 17.92 18.33 19.35 16.80 16.62 18.68 19.60 18.86 20.47 22.28 21.52 19.78 19.33 19.41 18.07 17.04 17.26 17.72 18.11 18.64 20.14 21.12 22.64 24.36 25.17 26.68 28.26 28.76 28.26 29.24 28.57 26.51 27.14 27.99 25.92 24.38 25.07 23.90 21.69 21.54 21.59 20.32 19.20 19.92 18.67 17.26 16.98 17.90 17.63 17.43 18.33 19.91 19.85 19.76 21.99 23.86 24.25 24.91 26.50 28.10 28.58 27.98 28.16 29.90 28.73 26.52 27.42 28.91 26.91 25.61 27.32 27.42 25.68 26.12 27.63 27.75 26.76 27.68 28.30 27.99 27.57 27.38 27.03 26.52 25.71 25.58 24.33 22.86 21.82 20.81 19.77 18.60 17.50 16.57 15.58 15.00 14.84 15.48 15.60 16.29 17.32 18.70 19.45 20.18 21.69 22.52 23.69 24.87 26.55 28.66 29.30 28.79 28.82 30.30 29.39 27.28 28.25 29.22 27.39 25.99 27.48 27.29 26.17 26.81 27.99 27.70 27.88 28.25 28.51 27.98 27.21 26.88 26.87 25.42 24.08 24.45 24.57 23.20 23.18 24.53 23.90 23.57 24.38 25.41 25.02 25.06 24.79 24.36 24.57 23.50 23.26 23.77 22.93 22.99 23.63 23.87 23.35 23.13 23.03 23.67 23.41 25.33 26.02 26.98 24.91 25.77 27.14 28.22 25.89 
3.93 0.00 3.53 5.38 6.85 8.78 9.83 10.77 11.10 12.83 13.85 14.29 16.25 17.53 18.54 18.43 19.60 21.35 20.83 19.72 18.58 20.21 18.59 15.92 16.32 17.92 15.19 14.42 16.53 17.66 16.81 18.00 19.51 18.94 18.12 17.06 17.40 15.41 15.82 15.61 16.02 16.34 17.22 18.20 19.09 20.37 22.74 23.02 24.71 25.92 27.13 25.90 27.44 26.51 24.68 25.12 26.58 23.80 22.38 23.19 22.11 19.22 19.39 19.51 18.30 16.67 17.74 16.59 15.20 14.14 15.47 14.94 15.74 15.93 17.68 17.64 18.32 19.78 21.75 22.03 23.53 24.31 26.04 26.68 26.90 26.09 28.13 27.07 25.26 25.76 27.51 24.94 24.20 25.48 25.94 23.49 24.69 25.85 26.04 24.57 26.24 26.38 26.31 25.60 26.08 25.21 25.11 24.08 24.48 22.67 21.35 20.39 19.55 18.19 16.51 15.90 14.67 13.67 12.96 12.86 13.50 13.33 14.60 14.98 16.57 16.85 18.44 19.43 20.70 21.35 22.94 24.22 26.90 27.40 27.16 26.77 29.09 27.65 25.29 26.23 28.03 25.05 23.94 25.46 26.00 23.86 24.72 25.98 26.24 25.86 26.36 26.77 26.97 25.54 25.05 25.27 24.26 22.30 23.04 23.21 22.13 21.60 23.33 22.33 22.28 22.78 24.21 23.59 23.90 23.40 22.98 23.20 22.13 21.56 22.45 21.31 21.60 22.12 22.90 21.40 21.61 21.32 22.29 21.91 24.78 24.63 24.25 22.09 25.35 26.86 26.19 24.34 
5.52 3.53 0.00 4.50 6.67 7.50 8.52 9.93 11.28 12.38 12.78 13.58 15.79 16.54 17.18 18.04 18.27 20.15 21.25 19.45 17.50 20.04 19.39 16.34 15.93 18.14 14.94 14.85 15.62 17.18 17.11 17.60 18.62 17.93 18.42 17.02 16.45 15.12 15.34 15.63 15.34 15.91 16.95 18.33 18.40 20.34 22.63 23.23 24.01 25.87 27.16 25.94 26.71 26.07 24.46 25.02 25.89 23.64 22.48 23.37 21.86 19.49 19.40 20.15 18.82 17.32 17.63 16.89 15.98 14.63 15.35 15.08 15.47 16.29 17.00 17.68 18.45 20.04 21.07 21.93 23.65 24.64 25.55 26.85 27.73 26.76 28.10 27.50 26.12 26.25 27.59 25.64 25.04 26.25 26.32 24.41 25.34 26.54 26.54 25.48 26.84 27.22 27.01 26.70 26.78 26.17 25.78 25.14 24.99 23.71 22.05 21.56 20.50 19.36 17.10 16.29 15.34 13.96 12.59 13.01 13.42 13.06 14.33 14.95 15.56 16.28 17.77 19.06 19.60 20.81 22.12 23.65 26.04 26.95 26.76 26.46 28.59 27.47 24.95 25.98 27.59 25.25 24.02 25.87 26.18 24.28 24.71 26.35 26.70 26.34 26.53 27.25 27.63 26.05 24.98 25.33 24.63 22.69 23.11 23.52 22.76 22.36 23.62 22.75 22.73 23.43 24.69 24.28 24.46 24.14 23.47 23.71 22.30 22.00 22.82 21.81 21.89 22.61 23.41 22.33 22.29 22.27 23.30 23.87 26.76 27.00 25.83 24.25 27.20 29.26 27.60 24.98 
6.32 5.38 4.50 0.00 4.05 7.40 6.84 8.50 9.84 11.83 12.33 12.89 13.96 15.55 16.53 16.33 17.66 18.64 19.84 18.48 17.16 19.03 18.13 16.09 15.60 16.44 13.08 13.92 15.65 15.33 15.56 16.71 18.08 16.86 16.06 15.66 16.38 13.79 13.66 14.70 15.02 15.48 15.97 17.71 18.61 19.84 21.85 22.43 23.83 25.47 26.38 25.47 26.92 26.02 23.61 24.79 25.76 23.22 21.45 23.04 21.93 19.17 18.86 19.41 18.46 16.32 16.67 15.45 14.41 13.49 14.19 13.77 14.06 15.03 16.03 16.28 17.47 19.31 20.36 21.38 23.34 24.28 25.02 26.83 27.64 27.17 28.16 28.01 26.33 26.95 27.53 25.83 25.06 26.55 26.31 24.61 25.87 27.05 26.67 26.05 27.61 27.98 27.25 27.22 27.56 26.97 26.05 25.64 25.77 24.48 22.37 21.93 21.18 19.80 17.12 16.19 15.56 13.54 11.24 11.13 12.98 12.15 12.71 13.74 15.24 15.47 16.64 18.22 19.46 20.40 21.74 23.13 25.51 26.74 26.28 26.63 28.73 27.93 24.84 26.29 27.65 25.46 23.78 25.93 26.28 24.55 24.48 26.32 26.65 26.51 26.10 27.28 27.47 26.17 24.52 25.20 24.25 22.48 22.43 23.06 22.34 21.92 22.97 22.46 22.55 23.12 24.06 23.93 24.24 23.90 23.04 23.46 22.25 21.88 22.55 21.68 21.96 22.64 23.28 22.33 22.62 22.64 23.04 23.57 27.31 27.39 25.39 22.92 29.27 29.33 27.21 25.08 
9.06 6.85 6.67 4.05 0.00 4.72 6.68 6.37 9.32 10.21 11.34 11.84 12.84 14.48 14.36 14.88 15.87 17.63 17.24 15.83 15.52 17.10 15.80 12.98 13.87 14.88 11.54 12.20 13.81 13.30 13.07 15.70 16.82 15.51 14.37 13.33 14.14 11.96 11.24 11.67 11.45 13.10 13.27 14.77 15.43 17.24 18.13 19.42 21.08 23.17 23.45 23.03 25.03 24.30 21.41 22.78 24.21 21.49 19.25 20.94 19.82 17.06 16.83 17.49 15.88 14.81 15.89 15.00 13.16 11.78 12.58 12.58 11.68 12.08 13.31 13.85 13.17 15.69 17.43 17.73 18.45 20.37 22.38 23.14 22.73 22.84 25.44 24.20 21.54 23.00 25.12 22.44 20.79 23.34 23.52 20.95 21.52 23.83 23.61 22.39 23.70 24.63 24.02 23.73 23.70 23.41 22.73 22.03 22.32 21.23 19.50 18.61 17.99 17.08 15.36 14.66 13.67 12.98 11.51 10.48 10.61 11.01 10.68 11.30 12.40 13.53 13.45 15.30 16.04 16.95 18.30 19.67 22.42 23.27 23.01 22.94 25.66 24.50 21.95 23.18 24.73 22.19 20.62 22.50 22.42 20.60 21.31 22.83 22.62 22.59 23.14 23.60 23.59 22.12 21.68 21.80 20.77 18.65 19.51 19.57 18.34 17.91 19.84 19.13 19.02 19.79 20.76 20.58 21.03 20.63 19.66 20.39 19.29 19.14 19.52 18.71 18.91 19.90 20.03 19.07 18.64 19.21 19.53 19.94 22.86 24.90 25.08 24.06 22.88 24.92 25.96 25.14 
9.97 8.78 7.50 7.40 4.72 0.00 5.60 7.83 6.98 9.23 10.50 12.12 12.48 13.95 14.17 14.20 15.62 16.74 17.72 15.73 14.73 18.04 16.10 13.64 13.80 16.87 11.32 13.17 13.98 15.45 13.71 15.73 16.33 15.74 14.38 13.60 13.64 11.04 12.11 12.03 11.42 13.44 13.31 14.69 14.73 16.53 17.68 18.69 19.85 22.05 23.02 21.62 23.73 23.38 20.94 22.24 23.55 21.04 19.01 20.55 19.29 16.01 16.33 16.95 15.82 14.35 15.62 14.50 13.04 11.42 11.50 11.34 12.06 11.90 12.36 13.19 13.24 15.11 16.22 17.30 17.99 19.60 20.88 22.24 22.40 21.80 24.09 23.41 21.36 22.52 24.27 22.05 20.79 22.85 23.02 20.39 21.38 23.28 23.23 21.79 23.70 24.19 23.64 23.30 23.74 23.01 22.80 21.97 22.79 21.25 19.60 18.75 18.39 17.44 15.64 15.12 13.71 12.81 11.92 10.44 9.88 9.28 11.01 10.78 11.35 12.42 13.08 14.48 14.78 16.34 16.96 18.64 20.98 22.36 22.10 21.67 24.49 23.40 20.68 22.33 24.21 21.69 19.90 22.16 22.12 20.24 20.83 22.62 22.43 22.54 22.78 23.56 23.55 22.29 21.31 21.95 20.69 18.93 19.28 19.92 18.28 18.21 19.94 19.30 19.20 20.09 21.16 20.80 21.53 20.97 19.91 20.75 19.70 19.30 19.96 18.81 19.43 20.30 20.52 19.31 19.62 19.31 19.90 20.71 24.11 25.40 24.97 22.79 23.31 25.88 25.81 24.33 
11.11 9.83 8.52 6.84 6.68 5.60 0.00 5.59 7.67 6.82 7.70 10.74 12.44 12.55 13.22 14.28 15.61 16.91 18.79 17.38 15.85 19.21 17.79 15.58 15.30 16.42 9.57 13.53 15.48 15.08 14.59 17.63 17.84 16.40 15.95 14.78 14.46 12.02 12.20 13.28 12.55 12.67 13.41 15.21 14.57 16.54 18.22 19.00 19.91 22.54 23.41 22.00 23.81 23.32 21.35 22.55 23.82 21.24 19.88 21.42 20.12 17.36 17.77 18.83 17.13 16.13 17.09 15.74 13.89 13.24 12.67 11.71 11.77 13.19 12.81 12.70 13.81 15.54 15.95 16.95 18.85 19.74 20.44 22.45 23.40 22.22 24.26 23.89 22.46 22.98 24.59 22.66 22.02 23.58 23.46 21.25 22.17 24.03 23.60 22.59 24.24 24.94 24.22 24.08 24.38 24.01 23.51 23.06 23.73 22.53 20.71 20.50 20.14 19.09 17.10 16.50 15.32 13.75 12.52 12.51 11.24 9.11 9.57 11.73 11.65 11.48 12.88 14.51 14.66 15.89 17.25 18.25 20.71 22.09 22.15 21.79 24.72 23.57 20.82 22.42 24.82 22.12 20.49 22.88 23.02 21.00 21.46 23.40 23.32 23.18 23.60 24.36 24.74 23.07 22.23 22.64 22.00 19.61 20.44 20.87 19.71 19.38 21.03 20.26 20.18 21.13 22.25 22.07 22.54 22.21 21.12 21.95 20.86 20.56 21.18 20.25 20.57 21.55 21.81 20.63 20.38 20.50 20.92 22.02 25.12 26.77 25.53 24.77 23.86 26.07 26.15 24.70 
11.54 10.77 9.93 8.50 6.37 7.83 5.59 0.00 5.07 8.02 6.59 9.04 10.37 12.33 12.51 13.52 14.50 16.27 17.52 16.07 14.99 17.12 15.74 13.22 13.49 11.87 4.69 8.65 13.24 10.64 10.78 15.41 16.64 15.13 13.28 14.08 13.58 10.24 9.07 11.26 10.46 12.37 11.52 13.33 13.62 15.93 16.28 17.16 18.15 20.97 21.33 20.16 22.25 21.63 18.57 20.76 22.33 19.70 17.84 20.15 18.93 16.21 16.59 17.87 16.10 15.48 16.50 14.87 11.95 11.58 12.45 10.12 8.63 10.46 11.73 11.14 11.06 13.29 14.56 15.47 16.86 18.36 18.78 20.86 21.26 21.00 22.70 22.34 20.10 21.56 23.20 21.08 20.36 22.81 22.51 20.55 21.39 23.62 22.92 22.09 23.67 24.50 23.33 23.33 23.60 23.44 22.61 22.02 23.00 21.66 19.79 19.59 19.47 18.87 16.64 16.55 15.39 14.02 11.74 11.04 11.75 8.71 7.61 8.02 10.69 10.12 10.81 12.26 13.69 14.46 15.44 17.09 18.63 20.33 19.84 20.34 23.04 21.89 18.90 20.88 23.13 20.48 19.03 22.10 22.13 20.39 20.54 22.86 22.47 22.80 22.61 23.67 23.42 22.20 20.82 21.52 20.15 18.06 18.66 19.29 17.96 17.70 19.24 18.69 18.80 19.76 20.75 20.65 21.28 20.88 19.51 20.54 19.50 19.16 19.79 18.84 19.36 20.40 20.33 19.32 19.36 19.34 19.66 20.83 24.28 25.68 24.60 23.03 23.16 24.88 24.69 24.23 
12.59 11.10 11.28 9.84 9.32 6.98 7.67 5.07 1.27 4.95 7.69 7.19 8.53 10.79 11.86 12.05 13.31 14.70 16.58 15.37 14.80 17.24 16.13 13.34 13.82 14.18 8.64 8.20 12.59 11.33 10.21 14.84 15.84 14.23 13.35 12.01 11.45 9.32 8.92 8.41 7.07 10.81 11.19 11.63 12.06 15.35 15.02 16.00 17.09 19.69 20.19 19.19 21.32 20.56 17.46 19.63 21.59 18.82 16.76 19.51 18.78 16.33 16.57 18.11 16.45 15.95 16.93 15.75 13.60 11.49 11.42 11.58 10.16 8.54 9.80 11.25 10.53 12.24 14.33 15.25 15.28 17.63 19.41 20.15 20.00 19.76 22.73 21.66 18.98 20.91 23.30 20.96 19.48 22.50 22.66 20.25 20.75 23.26 22.75 21.70 23.24 23.78 22.91 22.81 23.06 22.74 22.15 21.74 22.81 21.82 20.26 20.18 20.12 19.89 18.35 17.89 16.27 15.68 14.11 12.20 11.75 11.29 9.45 7.45 8.85 10.23 9.60 11.34 12.76 14.33 14.28 16.12 18.32 19.25 18.91 19.17 21.96 21.37 18.29 20.30 22.13 19.83 18.33 21.33 21.48 19.81 20.45 22.34 22.18 22.34 22.50 23.02 23.03 21.56 20.67 20.87 19.99 17.57 18.43 18.55 17.20 16.93 18.75 18.08 18.47 19.33 20.15 19.88 20.80 20.19 18.80 20.01 19.18 18.54 19.10 17.98 18.83 19.55 19.49 18.50 18.53 18.10 18.19 18.57 22.67 23.49 22.95 21.48 21.82 24.25 24.69 23.48 
13.56 12.83 12.38 11.83 10.21 9.23 6.82 8.02 4.95 0.00 5.95 8.26 7.17 8.48 10.52 11.60 12.57 13.83 16.57 15.18 14.99 18.92 15.53 14.76 12.76 15.65 7.67 11.24 12.64 14.38 12.44 16.50 16.83 16.40 14.97 14.40 14.06 11.53 11.35 11.43 9.49 11.47 11.98 12.71 12.74 15.07 15.83 16.34 17.42 20.22 20.68 19.46 21.06 20.85 17.81 19.57 21.25 19.11 17.58 19.99 19.30 17.25 17.99 19.64 18.26 17.59 18.76 16.95 14.97 13.59 12.86 11.90 12.10 10.44 9.82 10.43 11.46 12.41 13.65 14.99 15.91 17.21 18.76 20.28 19.99 19.39 21.71 21.18 19.01 20.27 22.65 20.68 19.60 21.90 22.88 20.54 21.14 23.35 23.35 22.02 24.05 24.28 23.61 23.30 23.80 23.35 22.95 22.41 23.54 22.73 21.35 21.29 21.15 21.06 19.59 19.24 17.68 16.29 15.54 13.75 13.10 11.37 11.41 8.46 7.73 7.59 9.95 10.47 11.46 12.92 14.34 15.17 17.08 18.54 18.51 18.28 20.83 20.42 17.65 19.33 21.61 19.35 18.25 21.00 21.44 19.97 20.91 22.84 22.69 23.10 23.07 23.46 23.44 22.07 21.08 21.17 20.23 18.01 18.70 18.87 17.37 17.33 19.17 18.47 18.92 19.93 20.82 20.60 21.49 21.00 19.69 20.92 19.95 19.45 19.99 19.13 19.79 20.84 20.64 19.67 19.96 19.58 19.57 20.59 24.38 24.70 24.38 22.20 24.03 24.97 26.10 23.98 
15.48 13.85 12.78 12.33 11.34 10.50 7.70 6.59 7.69 5.95 0.00 6.24 8.24 7.07 8.29 10.75 13.02 13.37 15.70 14.83 15.04 16.69 13.58 12.28 14.14 10.58 1.54 8.18 13.78 11.10 11.06 15.91 17.55 16.70 16.46 15.09 15.09 11.79 11.88 12.47 10.23 9.66 11.22 13.35 11.66 14.30 15.53 16.55 17.66 20.25 20.96 19.62 21.13 20.88 17.92 19.77 21.01 19.28 18.39 21.01 19.78 18.47 19.45 21.13 19.17 19.02 20.53 18.36 15.59 14.84 15.01 12.55 11.84 12.40 10.81 9.33 10.84 12.81 12.55 13.91 15.80 17.44 17.47 19.93 20.22 19.25 21.03 20.79 18.74 20.00 21.89 20.46 19.62 22.06 22.26 20.66 21.12 23.50 23.27 22.48 24.11 24.84 23.77 23.61 23.62 23.50 23.18 22.93 23.92 23.31 22.01 22.23 21.88 21.98 20.26 20.24 18.62 17.47 15.91 15.49 14.73 12.59 11.51 11.07 9.24 7.08 8.18 10.70 10.05 11.58 13.60 15.07 15.74 17.41 17.75 17.29 19.45 19.59 16.82 18.77 20.92 19.08 18.02 20.92 20.93 19.97 21.31 23.52 23.03 23.70 23.79 24.00 23.76 22.38 21.42 21.65 20.68 18.42 19.32 19.39 17.81 17.77 19.71 19.08 19.21 20.40 21.45 21.30 22.13 21.68 20.42 21.58 20.50 20.11 20.69 19.66 20.61 21.40 21.52 20.47 20.74 20.39 20.80 21.51 25.56 25.51 24.83 23.26 24.27 26.11 26.91 24.25 
15.38 14.29 13.58 12.89 11.84 12.12 10.74 9.04 7.19 8.26 6.24 0.00 5.78 8.09 6.92 8.64 10.62 12.59 13.72 13.33 12.70 16.77 14.25 10.59 10.93 11.59 2.94 2.87 10.21 10.84 9.67 14.86 16.57 15.59 14.80 14.65 13.82 11.78 10.35 10.45 7.79 9.59 8.57 9.06 9.42 12.17 12.97 12.71 14.67 17.33 17.80 16.93 19.07 18.28 15.22 17.43 18.97 17.02 16.21 19.05 18.28 16.55 18.13 19.83 18.24 17.91 19.07 17.40 14.78 14.20 14.09 12.68 11.28 10.83 10.69 9.17 8.45 9.68 11.56 11.51 13.17 14.40 15.70 16.71 17.37 17.12 19.00 18.31 16.07 17.85 20.26 18.26 18.04 20.66 21.12 19.13 20.25 22.44 22.14 21.10 22.95 23.37 22.40 22.09 22.50 22.07 21.76 21.45 22.77 22.02 20.67 20.90 20.73 20.72 19.17 19.13 17.60 16.71 15.25 14.03 14.09 12.22 11.57 9.67 9.60 6.89 6.37 6.30 9.17 9.30 10.59 12.17 14.07 14.96 14.97 15.48 17.25 17.03 14.23 16.43 18.77 16.37 15.68 18.64 19.13 17.90 19.48 21.82 21.66 22.05 22.22 22.47 22.12 20.82 19.83 19.92 18.91 16.56 17.36 17.54 15.84 15.66 17.81 17.18 17.69 18.56 19.56 19.28 20.14 19.78 18.63 19.68 19.07 18.45 18.99 17.96 18.85 19.76 19.56 18.66 19.51 19.18 19.01 19.95 23.85 24.47 23.41 21.84 24.19 26.28 25.58 23.34 
17.19 16.25 15.79 13.96 12.84 12.48 12.44 10.37 8.53 7.17 8.24 5.78 0.00 6.65 7.81 6.88 9.80 11.15 13.27 12.85 13.60 15.81 15.60 12.20 12.65 14.46 9.15 6.60 12.58 13.55 11.67 14.63 18.30 16.72 16.14 14.41 13.92 11.82 11.51 10.06 7.50 9.91 9.31 8.25 8.50 12.50 12.00 12.41 13.69 16.77 17.12 16.80 18.76 18.57 15.28 17.83 19.59 17.73 16.12 19.41 19.05 17.46 18.40 20.74 19.48 19.20 19.93 18.55 16.55 15.04 14.10 14.01 13.44 11.55 10.37 11.48 10.22 9.00 11.00 12.83 12.11 13.85 15.81 17.34 16.98 17.14 20.06 19.19 16.85 19.06 21.90 20.26 19.02 22.12 22.88 20.89 21.21 23.86 23.65 22.75 24.21 24.76 23.69 23.71 24.06 23.78 23.28 23.27 24.59 23.98 22.42 22.75 22.66 22.82 21.13 20.94 19.38 18.70 17.42 15.83 15.07 14.44 13.30 11.39 10.40 10.23 7.84 5.90 7.21 10.22 9.43 11.23 13.67 15.68 14.94 15.67 17.87 17.73 15.00 17.53 19.75 17.83 16.65 20.08 20.59 19.35 20.57 23.35 23.26 23.76 23.82 24.54 24.22 22.83 21.77 22.16 20.99 18.60 19.19 19.36 17.83 17.56 19.45 19.11 19.45 20.27 21.08 21.19 22.08 21.54 20.32 21.52 20.70 20.08 20.30 19.46 20.52 21.04 20.74 20.06 20.69 20.49 20.40 21.18 25.42 25.47 24.65 22.51 24.28 26.89 26.20 23.93 
19.55 17.53 16.54 15.55 14.48 13.95 12.55 12.33 10.79 8.48 7.07 8.09 6.65 0.00 6.21 7.82 8.30 8.68 11.61 12.02 12.49 16.18 13.13 14.19 13.44 15.21 8.36 12.17 14.19 15.72 14.15 17.14 19.41 19.21 17.99 16.80 16.98 14.53 13.60 13.29 11.03 11.45 10.60 10.00 8.79 11.11 13.07 13.22 14.17 17.16 17.96 17.45 19.44 19.25 16.25 18.59 20.22 18.44 17.54 20.52 20.13 18.65 20.13 22.38 21.05 20.92 22.10 20.35 17.89 16.75 16.46 15.11 15.02 13.70 12.64 11.80 12.24 10.37 10.07 11.03 13.27 13.09 14.92 16.42 17.09 16.63 19.09 18.98 17.25 18.90 21.75 20.24 19.61 22.14 23.17 21.34 22.18 24.62 24.54 23.63 25.71 25.91 24.80 24.57 25.36 24.77 24.47 24.18 25.89 25.25 23.87 24.12 24.21 24.21 22.49 22.30 21.15 20.12 18.44 17.29 16.76 15.37 14.91 13.29 12.02 10.34 10.16 7.17 5.50 6.35 9.81 10.18 11.93 14.38 14.62 14.72 17.14 17.56 15.32 17.54 19.86 18.10 17.34 20.34 21.04 19.92 21.65 24.29 24.46 25.01 25.15 25.62 25.35 23.90 22.77 22.98 22.02 19.81 20.24 20.43 18.74 18.62 20.59 20.11 20.58 21.46 22.54 22.58 23.32 22.92 21.89 22.85 22.07 21.31 21.77 20.85 21.55 22.44 22.11 21.36 22.39 22.10 22.05 23.15 27.00 27.54 26.39 24.30 27.09 28.49 27.94 24.76 
19.10 18.54 17.18 16.53 14.36 14.17 13.22 12.51 11.86 10.52 8.29 6.92 7.81 6.21 0.00 5.86 7.25 7.21 9.99 9.41 10.00 13.00 8.94 10.60 12.54 11.62 5.57 9.49 14.59 14.43 13.42 17.83 19.60 19.95 19.70 17.94 17.60 15.33 14.69 13.96 11.53 11.03 10.18 9.63 7.80 9.43 10.61 11.89 13.19 16.12 16.57 16.73 18.21 18.52 15.96 18.48 19.48 18.45 18.13 20.85 19.70 18.94 20.72 22.66 20.78 20.92 22.72 21.06 18.59 17.64 18.17 15.97 15.03 15.01 13.78 11.98 11.15 12.49 10.42 9.88 10.91 13.35 13.04 14.87 15.28 15.11 17.15 17.21 16.33 17.99 20.18 19.31 19.16 21.54 21.99 20.48 21.71 24.27 23.72 23.26 25.14 25.84 24.43 24.36 24.75 24.70 24.19 24.37 25.72 25.18 23.83 24.39 24.39 24.48 22.40 22.55 21.45 20.32 18.35 17.41 17.62 15.77 14.29 14.11 13.14 11.19 9.38 9.81 6.83 5.49 6.09 9.85 10.18 11.90 12.09 13.06 14.73 15.62 14.38 16.21 18.14 17.04 16.80 19.84 20.07 19.45 21.32 24.02 23.72 24.78 24.97 25.65 25.17 24.09 22.68 23.08 21.76 19.92 20.48 20.58 18.65 18.75 20.62 20.19 20.14 21.40 22.43 22.57 23.13 22.86 21.86 22.90 21.88 21.38 21.72 20.77 21.15 22.00 21.91 21.22 21.97 21.76 21.84 22.83 26.51 27.04 26.22 24.13 26.16 28.68 28.31 24.83 
20.51 18.43 18.04 16.33 14.88 14.20 14.28 13.52 12.05 11.60 10.75 8.64 6.88 7.82 5.86 0.00 5.77 8.34 8.71 10.53 8.59 13.99 11.84 11.14 10.66 15.17 9.36 9.17 13.90 16.38 14.20 17.80 20.34 20.18 19.83 17.88 17.21 15.75 15.30 12.80 9.47 11.21 9.94 7.49 6.15 8.44 8.13 7.54 11.34 14.96 14.76 14.46 17.42 17.40 14.65 17.55 18.83 17.68 17.48 20.27 19.47 18.29 19.78 22.09 20.86 21.27 22.22 21.09 18.77 17.78 17.75 16.64 15.85 14.66 14.34 12.95 11.94 10.91 12.15 9.54 9.31 9.93 12.90 13.28 14.28 13.34 16.63 16.46 15.08 17.43 19.66 18.79 18.78 21.22 21.69 20.21 21.42 24.00 23.99 23.42 25.42 25.63 24.43 24.33 24.74 24.53 24.30 24.43 25.91 25.56 24.01 24.87 24.63 24.94 22.90 23.34 21.80 20.95 19.15 18.22 17.80 16.51 15.40 14.32 13.97 12.05 10.66 9.26 9.10 6.03 4.84 5.50 9.75 10.40 10.79 11.43 14.55 14.80 13.62 16.14 17.84 16.68 16.31 19.44 19.92 19.07 21.04 23.57 23.71 24.74 24.94 25.41 24.96 23.70 22.70 22.82 21.67 19.65 20.35 20.43 18.67 18.68 20.66 20.06 20.44 21.57 22.51 22.59 23.14 23.01 21.94 23.04 22.12 21.32 21.78 20.71 21.35 22.19 21.76 21.18 22.19 21.70 21.66 22.69 26.76 27.29 25.78 24.21 27.42 29.22 27.91 24.40 
22.08 19.60 18.27 17.66 15.87 15.62 15.61 14.50 13.31 12.57 13.02 10.62 9.80 8.30 7.25 5.77 3.74 6.92 8.34 8.01 9.42 12.40 13.40 13.33 12.53 15.11 14.50 13.21 17.45 18.88 17.45 21.13 23.87 23.11 22.08 20.75 20.17 18.29 17.46 16.71 13.45 14.28 12.98 11.61 10.05 11.46 9.93 9.36 11.57 16.25 15.45 15.60 17.73 18.36 15.07 18.41 20.12 18.99 18.33 21.22 20.98 19.78 20.63 23.16 23.17 23.25 23.91 22.49 21.00 19.75 19.20 18.44 18.51 17.32 16.03 16.08 15.01 13.65 12.75 13.30 11.67 10.46 12.33 15.09 14.93 14.48 16.87 17.51 15.89 18.48 21.06 20.10 20.06 22.73 23.39 21.65 22.42 25.52 25.59 25.17 27.13 27.30 26.23 25.92 26.37 26.49 26.11 26.21 28.07 27.46 26.10 26.52 26.66 27.05 25.28 25.54 24.00 23.24 21.75 20.46 19.85 18.56 18.04 16.73 15.47 14.68 13.33 11.77 9.92 9.82 6.61 5.28 7.39 11.45 10.81 11.57 14.18 15.35 13.36 16.38 18.79 17.44 17.37 20.66 21.41 20.75 22.31 25.01 25.40 26.56 26.75 27.21 26.81 25.80 24.79 25.15 23.69 21.66 22.39 22.53 20.74 20.72 22.56 22.27 22.79 23.85 24.77 24.68 25.41 25.15 24.09 25.55 24.57 23.84 23.96 23.02 23.69 24.20 23.74 23.45 24.21 23.86 23.85 24.47 28.42 28.86 27.97 25.87 28.06 30.02 30.13 26.97 
23.24 21.35 20.15 18.64 17.63 16.74 16.91 16.27 14.70 13.83 13.37 12.59 11.15 8.68 7.21 8.34 6.92 0.00 7.41 6.96 7.66 10.79 10.39 12.44 12.84 14.09 12.73 15.18 18.42 19.70 19.03 22.63 24.69 25.12 25.25 23.15 23.21 20.58 19.68 18.60 16.95 16.17 14.71 14.08 11.57 11.59 11.33 9.87 9.48 14.45 15.43 15.30 17.56 17.89 15.83 18.86 20.73 19.89 19.43 22.42 22.28 21.63 22.85 25.21 24.66 25.30 26.22 24.68 22.58 21.79 22.29 20.69 20.24 19.88 18.98 17.65 17.19 16.07 14.97 13.82 14.37 11.77 11.78 12.91 15.56 14.72 16.95 16.75 16.49 18.44 21.19 20.41 20.31 23.13 24.09 22.72 23.90 26.74 26.98 26.52 28.72 29.08 27.83 27.87 28.55 28.36 27.89 27.96 29.69 29.35 27.81 28.70 28.68 28.96 26.95 27.56 26.21 25.32 23.31 22.56 22.16 20.52 19.31 18.67 17.56 16.00 15.13 13.96 11.62 10.31 10.20 6.76 5.99 7.29 10.92 10.69 13.46 14.58 14.01 16.09 18.39 18.09 18.12 21.24 21.77 21.55 23.73 26.20 26.56 28.12 28.31 28.99 28.63 27.36 26.33 26.35 25.21 22.94 23.60 23.63 21.95 21.87 24.05 23.46 24.06 25.26 26.24 26.43 27.06 26.77 25.89 27.07 26.33 25.31 25.75 24.53 25.13 26.04 25.53 25.02 25.96 25.56 25.55 26.39 30.35 31.09 29.60 28.15 30.79 32.68 32.09 28.10 
21.77 20.83 21.25 19.84 17.24 17.72 18.79 17.52 16.58 16.57 15.70 13.72 13.27 11.61 9.99 8.71 8.34 7.41 3.68 6.46 5.90 8.81 9.10 11.50 12.97 13.29 13.63 14.81 17.73 19.97 19.49 23.01 25.14 26.39 27.28 24.71 23.85 21.59 20.34 18.84 16.89 16.62 15.81 13.98 12.68 12.11 10.66 10.09 9.80 12.27 12.80 14.49 15.95 16.45 14.97 18.67 20.36 19.70 19.81 22.76 22.07 21.90 23.57 25.79 24.69 25.16 26.98 25.37 23.46 22.58 23.68 21.73 21.06 20.70 20.61 19.03 17.32 17.79 16.80 15.27 14.22 14.75 13.20 13.20 13.87 15.04 16.88 16.88 16.41 18.44 20.66 20.44 20.67 23.01 23.81 22.88 24.44 26.84 27.03 26.63 29.03 29.31 28.48 28.12 28.89 28.68 28.36 28.46 30.31 29.45 28.32 28.83 29.36 29.20 27.22 27.61 26.90 25.73 23.82 23.16 23.25 21.48 19.84 19.31 19.19 17.45 15.42 15.42 13.59 12.23 10.67 10.56 8.27 6.82 6.95 10.66 12.61 13.17 13.36 15.85 17.34 17.05 17.98 20.64 21.39 21.33 24.04 26.11 26.46 27.71 28.36 28.80 28.62 27.54 26.39 26.66 25.39 23.39 23.89 23.93 22.14 22.27 24.43 24.03 24.26 25.42 26.85 26.90 27.78 27.11 26.29 27.43 26.57 25.82 26.14 24.93 25.66 26.27 26.32 25.46 25.97 25.78 26.18 26.59 30.46 30.58 30.08 28.64 30.41 32.48 32.83 28.31 
21.40 19.72 19.45 18.48 15.83 15.73 17.38 16.07 15.37 15.18 14.83 13.33 12.85 12.02 9.41 10.53 8.01 6.96 6.46 0.00 6.36 7.37 5.42 10.02 10.41 11.23 10.84 13.11 15.17 17.93 17.07 19.96 23.08 22.96 23.92 22.01 22.16 19.58 18.98 18.11 16.61 15.72 15.27 14.99 11.42 12.79 10.96 9.60 10.37 11.86 9.97 11.24 15.23 15.11 13.25 15.84 18.49 17.50 17.31 20.39 20.08 19.81 21.12 23.93 22.91 23.60 24.87 24.10 21.74 21.05 21.89 20.85 20.06 19.81 19.51 18.65 17.09 17.24 16.52 14.94 14.08 13.62 14.30 12.14 12.23 11.39 15.69 14.87 14.41 15.77 19.08 17.96 18.38 20.96 21.56 20.72 22.19 25.15 25.41 25.32 27.07 28.17 26.99 27.55 27.53 27.86 27.35 27.76 29.04 28.76 27.20 28.22 28.06 28.33 26.11 26.82 25.53 24.73 23.06 22.43 22.28 20.81 19.58 18.73 18.18 16.99 15.77 15.00 13.66 12.45 11.13 10.06 10.47 7.15 5.32 5.60 11.68 11.24 11.27 13.72 16.46 15.37 15.76 18.68 19.30 19.16 21.31 23.98 24.26 25.67 25.96 27.03 26.73 25.90 24.76 25.08 23.95 21.81 22.61 22.81 20.93 21.11 23.06 22.59 22.85 24.08 24.97 25.37 25.81 25.68 24.60 25.73 24.88 23.92 24.39 23.41 24.09 24.89 24.45 23.75 24.58 24.02 24.07 25.01 28.83 29.50 27.95 27.10 29.98 32.08 30.80 26.64 
21.31 18.58 17.50 17.16 15.52 14.73 15.85 14.99 14.80 14.99 15.04 12.70 13.60 12.49 10.00 8.59 9.42 7.66 5.90 6.36 0.00 6.19 7.53 6.93 8.41 10.35 10.61 12.23 13.49 15.60 14.42 17.98 20.08 20.79 20.97 19.21 19.62 17.27 17.19 16.00 14.50 13.28 14.00 12.52 7.90 11.20 10.32 7.91 6.02 11.71 8.93 8.09 11.89 13.81 10.96 13.74 15.61 15.38 14.93 17.75 17.58 17.33 18.41 21.15 21.16 21.36 22.81 21.90 20.76 19.67 20.51 19.46 19.38 18.81 18.57 17.78 17.04 16.80 15.72 15.17 13.93 13.93 13.71 14.89 13.27 11.70 14.69 15.15 13.21 15.27 17.90 17.21 16.39 19.69 20.57 18.85 20.13 23.39 24.22 23.49 25.38 26.47 26.13 26.11 26.78 26.92 26.88 26.92 28.54 27.97 26.88 27.33 27.43 27.47 25.72 25.96 24.77 24.09 22.83 21.74 21.24 19.95 19.41 18.55 17.39 16.34 15.93 15.46 13.14 12.77 11.18 11.01 10.30 10.45 6.94 5.34 8.54 11.04 9.25 11.70 15.02 14.36 13.63 16.85 17.87 17.04 18.61 21.43 22.78 23.55 24.14 25.07 25.46 24.41 23.82 24.44 23.29 21.29 21.95 22.07 20.29 20.22 22.13 21.68 21.98 22.99 23.92 23.97 24.71 24.39 23.68 24.85 24.11 23.23 23.50 22.43 23.02 23.26 23.01 22.56 23.44 22.91 23.07 23.66 27.53 27.92 27.61 27.18 27.61 30.58 30.65 27.73 
22.25 20.21 20.04 19.03 17.10 18.04 19.21 17.12 17.24 18.92 16.69 16.77 15.81 16.18 13.00 13.99 12.40 10.79 8.81 7.37 6.19 0.00 6.09 8.81 6.95 8.38 9.40 11.94 12.96 15.82 16.04 18.22 20.66 21.63 22.83 20.78 21.01 19.53 18.81 18.18 17.78 16.37 15.88 15.67 11.90 12.80 12.43 10.05 7.13 11.53 10.79 9.46 10.49 12.74 12.20 14.77 16.03 16.07 16.60 18.34 18.78 19.09 20.15 22.68 22.82 23.61 25.17 24.02 22.84 21.77 22.96 21.83 21.43 21.32 21.47 20.23 19.41 19.81 18.76 17.32 17.14 16.24 16.14 15.78 16.34 13.38 14.84 14.37 15.00 15.18 17.90 17.08 18.12 19.95 21.17 20.57 21.69 24.69 25.58 25.11 27.40 28.38 28.06 28.06 29.00 28.97 28.93 28.88 30.71 30.05 28.77 29.18 29.43 29.23 27.60 27.78 26.79 25.87 24.56 23.54 23.24 21.83 21.12 20.36 20.01 19.00 17.94 17.80 16.19 15.24 14.81 14.07 13.01 12.20 11.89 8.17 8.78 8.79 11.11 11.83 14.25 14.55 15.18 17.22 17.93 18.46 19.95 22.40 23.57 25.02 25.88 26.68 26.99 25.88 25.56 26.10 25.12 23.20 23.94 24.03 22.25 22.31 24.49 23.75 24.27 25.33 26.57 26.56 27.28 26.96 26.22 27.10 26.45 25.42 25.90 24.69 25.23 25.93 25.74 24.76 25.82 25.30 25.51 26.23 29.89 30.87 29.87 28.50 30.83 33.12 32.77 28.11 
19.50 18.59 19.39 18.13 15.80 16.10 17.79 15.74 16.13 15.53 13.58 14.25 15.60 13.13 8.94 11.84 13.40 10.39 9.10 5.42 7.53 6.09 0.00 6.08 7.96 5.78 7.42 8.95 11.22 13.04 13.35 15.86 18.47 19.72 20.83 19.24 19.24 16.82 16.68 16.56 14.77 14.45 13.89 14.41 12.35 12.63 11.51 11.54 10.42 11.42 10.43 10.16 11.29 10.06 10.36 13.28 14.76 13.16 14.37 16.76 16.39 16.50 18.27 20.91 20.65 21.07 23.29 22.55 21.25 20.25 21.68 20.23 19.89 19.82 20.22 18.87 17.56 18.69 18.26 16.95 15.95 16.67 15.81 15.62 14.94 14.39 15.40 13.12 13.80 15.32 16.75 15.15 16.30 18.39 19.03 18.28 20.59 22.75 23.40 23.16 25.79 26.50 26.03 25.99 27.12 26.92 26.54 26.74 28.72 27.86 26.49 26.97 27.50 27.44 25.47 25.90 25.00 24.18 22.80 22.38 22.31 20.71 19.57 19.48 19.30 17.74 16.42 17.05 16.21 15.39 14.07 14.36 13.73 12.74 11.19 10.57 10.40 7.48 8.17 11.92 12.82 11.63 13.78 16.00 15.88 16.43 18.91 20.46 21.14 22.63 24.23 24.86 25.07 24.08 23.73 24.40 23.48 21.60 22.57 22.84 21.13 21.33 23.39 22.86 22.95 24.31 25.63 25.74 26.40 25.96 25.16 25.96 25.07 24.21 24.72 23.51 23.96 24.59 24.77 23.76 24.37 24.16 24.70 24.97 28.28 29.05 28.67 27.46 28.52 31.51 31.35 27.39 
17.92 15.92 16.34 16.09 12.98 13.64 15.58 13.22 13.34 14.76 12.28 10.59 12.20 14.19 10.60 11.14 13.33 12.44 11.50 10.02 6.93 8.81 6.08 0.00 5.81 7.91 5.58 7.06 8.31 10.96 10.62 13.45 14.93 15.68 16.79 15.81 17.49 15.09 13.80 13.62 13.14 10.13 12.21 11.81 8.10 10.66 10.72 9.96 9.39 12.76 9.11 8.83 11.18 9.69 7.64 10.15 13.36 11.06 11.72 13.58 14.42 13.51 14.84 17.95 17.35 17.97 19.81 19.37 18.02 17.09 18.33 16.98 16.54 16.51 16.97 15.64 14.90 15.63 15.66 15.02 14.50 14.91 15.09 14.78 13.97 11.80 14.85 12.49 11.10 12.24 15.71 12.69 13.37 15.28 16.46 14.91 16.70 19.92 20.25 20.22 22.51 23.53 22.83 23.23 24.05 24.16 24.00 24.21 25.78 25.22 23.54 24.15 24.44 24.32 22.40 22.70 22.02 21.19 19.79 19.27 19.28 17.93 16.80 16.40 16.45 15.04 14.03 14.57 13.81 14.00 13.44 13.14 13.37 12.94 11.34 9.00 11.43 8.48 6.88 7.70 12.60 9.83 10.76 12.98 14.02 13.17 15.19 17.75 17.92 19.26 20.34 21.41 21.68 20.72 20.34 21.18 20.55 18.55 19.67 20.35 18.86 18.93 20.85 20.29 20.80 21.78 22.87 22.82 23.69 23.21 22.28 22.87 22.25 21.33 21.83 20.72 21.32 22.03 21.89 20.82 21.78 21.29 21.49 22.24 25.99 26.72 25.56 24.95 27.45 29.51 28.80 25.13 
18.33 16.32 15.93 15.60 13.87 13.80 15.30 13.49 13.82 12.76 14.14 10.93 12.65 13.44 12.54 10.66 12.53 12.84 12.97 10.41 8.41 6.95 7.96 5.81 0.84 5.63 7.52 6.01 6.65 9.80 10.11 12.53 14.34 15.49 16.36 15.85 17.70 13.68 14.79 13.56 10.19 5.71 10.26 9.40 3.07 5.55 10.18 9.05 6.66 11.28 9.79 8.82 10.49 10.16 8.50 9.37 11.36 10.96 11.01 12.62 12.94 13.00 14.98 17.80 18.14 18.50 20.15 19.58 18.62 18.47 19.46 18.25 18.13 18.38 18.26 17.62 16.71 17.39 16.72 16.69 16.85 17.22 16.64 17.30 16.22 14.38 15.64 15.50 13.86 13.53 16.89 16.07 14.79 16.33 17.78 16.32 17.40 20.37 21.48 21.04 23.04 23.93 23.64 23.83 24.60 24.78 24.84 24.82 26.47 25.57 24.39 24.67 24.94 24.92 23.18 23.56 22.77 22.05 20.80 20.47 20.51 19.45 18.60 18.42 17.91 16.99 16.03 16.25 15.28 15.48 15.57 15.48 14.95 14.97 13.70 11.54 12.38 12.13 9.43 8.20 12.73 12.74 11.36 12.97 15.29 14.60 15.69 18.23 19.73 20.32 20.87 22.00 22.90 21.95 21.49 22.32 22.07 20.05 21.00 21.70 20.57 20.53 22.17 21.88 22.36 23.24 24.03 24.23 25.02 24.54 23.56 24.53 23.82 22.89 23.11 22.05 22.65 23.04 22.82 22.09 22.70 22.44 22.56 22.93 26.36 26.94 26.59 25.38 26.67 28.95 29.04 26.49 
19.35 17.92 18.14 16.44 14.88 16.87 16.42 11.87 14.18 15.65 10.58 11.59 14.46 15.21 11.62 15.17 15.11 14.09 13.29 11.23 10.35 8.38 5.78 7.91 5.63 0.00 5.66 8.34 7.12 9.56 10.89 13.69 15.39 17.89 18.60 17.94 19.04 16.61 16.33 15.76 15.78 11.80 13.33 14.60 11.35 13.04 14.57 15.32 13.31 17.26 14.87 14.09 14.38 13.59 12.14 12.42 12.82 11.42 14.02 15.11 14.99 14.36 16.99 19.72 19.86 20.84 22.54 21.90 20.38 20.25 21.70 20.56 19.82 20.54 21.22 19.84 19.22 20.18 20.24 20.03 20.16 20.68 20.21 20.23 19.64 17.13 18.27 16.45 16.67 15.16 16.55 15.19 17.43 17.46 18.64 17.28 19.41 22.12 22.80 22.77 24.97 26.12 25.58 26.10 26.86 27.02 26.89 26.84 28.52 27.90 26.32 26.75 26.88 26.95 25.08 25.33 24.30 23.78 22.48 22.34 22.44 21.57 20.68 20.61 20.73 19.52 18.85 19.24 18.77 18.82 18.18 18.58 18.35 17.73 16.84 14.84 15.19 13.52 13.14 11.45 11.84 10.94 14.23 14.70 15.56 15.11 17.43 19.57 20.51 22.20 23.14 24.10 24.75 24.20 24.07 24.67 24.18 22.33 23.49 24.14 22.82 22.96 24.97 24.33 25.03 26.23 27.17 27.14 27.86 27.53 26.63 27.34 26.64 25.61 26.05 24.91 25.34 26.03 25.86 24.88 25.66 25.29 25.42 25.87 29.31 30.18 29.27 27.55 29.37 31.27 31.53 27.78 
16.80 15.19 14.94 13.08 11.54 11.32 9.57 4.69 8.64 7.67 1.54 2.94 9.15 8.36 5.57 9.36 14.50 12.73 13.63 10.84 10.61 9.40 7.42 5.58 7.52 5.66 0.00 5.70 8.31 7.33 9.51 12.20 14.06 15.70 16.71 15.80 16.14 12.66 12.65 12.79 9.57 10.18 10.64 10.92 9.08 12.02 12.92 13.95 14.53 17.16 16.27 14.27 14.78 12.75 11.13 13.15 12.27 8.51 10.06 13.95 13.14 11.28 14.08 17.09 17.08 18.04 20.36 19.74 17.79 17.61 18.98 17.67 17.02 18.07 18.58 17.75 16.89 18.76 18.97 19.05 19.17 20.00 19.87 20.32 19.07 17.39 17.97 15.91 14.75 16.21 16.57 13.21 14.83 17.94 17.15 15.26 17.97 20.43 20.61 20.64 23.23 23.96 23.19 23.36 24.27 24.16 23.77 23.76 25.54 24.78 23.50 23.64 23.91 23.96 22.02 22.31 21.37 20.83 19.74 19.59 20.00 19.06 18.34 18.93 18.99 18.04 17.33 18.26 17.88 17.65 17.30 17.76 18.64 17.92 16.06 15.00 16.08 13.51 11.94 13.39 13.44 9.43 11.76 15.36 14.47 13.13 16.28 17.90 18.10 19.81 21.70 22.31 22.30 21.85 22.04 22.73 21.92 20.22 21.54 22.18 20.62 21.03 23.11 22.66 22.84 24.24 25.39 25.56 26.08 25.77 24.97 25.67 24.64 23.87 24.25 23.06 23.33 24.06 24.21 23.24 23.61 23.58 23.99 24.02 27.21 27.82 27.46 25.45 27.10 29.72 29.98 26.26 
16.62 14.42 14.85 13.92 12.20 13.17 13.53 8.65 8.20 11.24 8.18 2.87 6.60 12.17 9.49 9.17 13.21 15.18 14.81 13.11 12.23 11.94 8.95 7.06 6.01 8.34 5.70 0.00 6.41 8.81 7.56 10.59 12.13 13.29 14.42 14.10 14.43 11.57 12.50 9.94 6.38 4.09 10.87 9.04 6.46 10.34 14.34 13.83 14.04 17.46 16.48 14.98 17.02 13.55 11.41 12.14 14.32 8.77 8.99 10.78 12.76 11.44 13.64 15.52 16.01 16.81 18.97 18.41 16.82 16.60 17.57 16.23 15.92 16.65 17.36 16.65 16.19 17.39 18.12 18.53 19.03 19.57 19.97 20.64 19.31 16.94 18.93 16.48 14.55 14.04 17.79 13.35 13.12 14.68 16.85 14.19 16.37 18.59 19.56 19.28 21.49 22.35 21.66 22.01 22.50 22.39 22.48 22.12 23.68 22.87 21.70 21.58 21.84 21.50 19.96 19.87 19.04 18.39 17.63 17.48 17.83 17.19 16.85 17.22 17.47 16.76 16.31 16.74 16.54 16.88 17.21 17.46 18.16 18.24 16.88 14.77 16.79 14.52 12.55 11.66 15.31 10.60 9.96 11.24 14.61 11.96 14.25 15.75 17.05 18.27 19.60 20.89 21.19 20.73 20.44 21.52 20.89 19.26 20.36 21.21 19.92 20.12 22.26 21.73 22.29 23.25 24.39 24.37 25.10 24.79 23.85 24.39 23.50 22.52 23.05 21.83 22.35 23.24 22.87 21.83 22.42 22.10 22.20 22.65 25.97 26.70 25.55 24.31 26.80 29.16 28.24 25.16 
18.68 16.53 15.62 15.65 13.81 13.98 15.48 13.24 12.59 12.64 13.78 10.21 12.58 14.19 14.59 13.90 17.45 18.42 17.73 15.17 13.49 12.96 11.22 8.31 6.65 7.12 8.31 6.41 0.00 6.67 7.64 9.76 12.24 13.61 14.54 15.15 16.44 12.59 13.93 14.56 9.75 4.50 11.07 13.77 8.89 11.20 16.44 17.86 17.50 19.90 19.60 18.41 18.49 15.05 12.45 13.62 13.45 9.50 9.90 10.72 11.82 11.86 14.95 17.32 17.67 18.14 19.74 19.60 17.97 18.19 18.83 17.95 17.78 18.80 19.12 18.74 18.25 19.66 20.24 20.83 21.37 22.49 22.91 23.48 21.81 20.12 21.03 19.40 16.30 16.41 18.95 17.18 15.20 15.90 18.13 16.71 17.92 20.56 21.38 21.10 23.02 24.13 23.32 23.70 24.02 24.28 23.90 23.76 25.03 24.18 23.02 23.13 23.14 23.17 21.16 21.49 20.32 19.62 18.73 18.98 19.51 19.17 18.91 19.64 19.41 19.07 18.59 19.19 18.95 19.20 20.04 20.52 21.20 21.04 19.55 18.02 18.59 17.13 14.32 14.35 16.76 14.63 12.34 12.67 16.49 15.16 15.97 17.61 19.89 20.77 21.64 22.88 23.78 23.03 22.56 23.93 23.37 21.70 22.56 23.67 22.40 22.62 24.37 24.32 24.45 25.63 26.40 26.72 27.62 26.94 26.03 26.96 25.91 24.95 25.21 24.06 24.75 25.05 24.83 23.98 24.32 24.20 24.41 24.64 28.32 28.31 27.94 26.00 27.21 29.66 30.15 27.31 
19.60 17.66 17.18 15.33 13.30 15.45 15.08 10.64 11.33 14.38 11.10 10.84 13.55 15.72 14.43 16.38 18.88 19.70 19.97 17.93 15.60 15.82 13.04 10.96 9.80 9.56 7.33 8.81 6.67 0.00 5.03 9.00 10.25 12.33 12.45 13.97 15.47 12.93 14.02 14.63 14.68 11.45 14.95 16.24 15.56 17.23 20.55 21.32 22.20 25.09 23.71 21.74 22.64 19.32 16.21 16.57 16.67 11.93 11.73 12.94 12.13 11.13 15.13 17.88 17.84 18.72 20.95 19.99 18.52 18.48 20.07 18.91 18.65 19.93 21.05 20.04 19.73 21.17 21.82 22.15 22.68 24.34 24.68 25.36 23.84 22.31 23.25 21.28 18.66 18.54 20.15 17.14 17.59 18.16 18.56 16.84 19.32 21.83 22.50 21.82 24.41 24.92 24.04 24.25 24.90 24.53 24.59 24.06 25.74 24.72 23.38 23.50 23.47 23.59 21.69 21.75 20.28 19.86 18.44 19.25 19.65 19.61 19.61 20.52 20.89 20.43 19.76 20.64 20.48 20.97 21.27 21.99 23.36 23.34 21.29 19.92 21.21 19.01 16.65 16.79 17.80 14.37 14.95 15.39 15.95 14.18 17.03 19.27 20.42 21.34 23.00 24.11 24.64 24.31 23.95 24.96 24.63 22.86 23.94 24.78 23.63 23.83 26.09 25.55 26.04 27.07 28.36 28.17 28.83 28.41 27.68 28.13 27.28 26.23 26.69 25.38 25.75 26.57 26.19 25.19 25.90 25.58 25.69 26.05 29.42 30.15 29.07 27.16 29.29 31.65 31.29 27.34 
18.86 16.81 17.11 15.56 13.07 13.71 14.59 10.78 10.21 12.44 11.06 9.67 11.67 14.15 13.42 14.20 17.45 19.03 19.49 17.07 14.42 16.04 13.35 10.62 10.11 10.89 9.51 7.56 7.64 5.03 0.00 6.89 7.48 9.82 11.04 11.76 11.87 8.69 9.72 11.50 10.15 11.13 13.40 13.93 12.62 15.74 17.84 19.92 21.60 24.68 23.64 21.69 21.44 19.86 15.65 16.74 16.15 11.55 10.30 12.45 12.37 9.77 12.65 15.12 16.06 16.40 18.98 17.89 15.80 16.45 17.49 16.34 15.95 17.72 18.50 18.40 17.95 19.67 20.27 20.60 21.15 22.54 23.34 24.08 23.17 21.50 22.54 20.77 17.95 18.44 19.79 16.69 16.71 18.65 18.47 16.16 18.82 20.76 20.92 20.62 23.00 22.98 21.75 21.71 22.25 21.82 21.42 21.30 22.61 21.58 20.28 20.30 20.03 20.02 18.44 18.23 17.04 15.96 15.10 15.19 16.12 16.08 16.39 17.87 17.92 18.07 17.83 19.00 18.84 19.31 19.46 20.33 22.17 22.42 20.51 18.89 20.90 18.98 15.53 16.53 17.54 14.44 14.22 15.91 15.89 13.69 16.55 18.03 18.74 19.98 21.85 22.51 22.62 22.14 22.08 23.25 22.36 20.90 21.89 22.86 21.42 22.01 24.16 23.98 23.96 25.48 26.75 26.76 27.27 26.88 26.24 26.73 25.59 24.68 25.15 23.85 24.09 24.60 24.64 23.77 23.98 23.88 24.14 24.48 27.63 27.98 27.57 25.97 27.59 30.22 30.45 26.67 
20.47 18.00 17.60 16.71 15.70 15.73 17.63 15.41 14.84 16.50 15.91 14.86 14.63 17.14 17.83 17.80 21.13 22.63 23.01 19.96 17.98 18.22 15.86 13.45 12.53 13.69 12.20 10.59 9.76 9.00 6.89 0.00 6.08 7.68 9.51 12.24 12.71 11.71 12.41 13.80 12.81 13.48 16.07 16.74 14.90 18.12 20.56 22.62 23.68 26.13 25.66 23.36 23.68 21.04 17.66 17.96 18.30 13.89 12.86 13.00 12.91 10.67 12.41 12.53 14.27 16.04 18.15 17.15 15.06 16.86 17.28 16.96 16.66 18.36 19.00 19.27 19.13 20.47 21.10 22.05 22.19 23.80 24.33 25.65 24.60 23.27 23.83 22.89 19.68 20.20 21.61 18.98 18.24 19.25 19.31 18.04 18.88 20.79 21.37 21.76 23.81 23.87 22.67 22.98 23.27 22.73 22.39 22.17 23.45 22.30 20.65 20.54 19.92 19.97 18.54 18.50 17.07 16.76 15.18 15.78 15.77 16.48 16.78 18.13 18.82 19.04 18.96 20.02 19.72 20.80 21.09 22.09 23.44 24.11 22.89 21.51 22.46 21.31 17.73 18.34 19.75 16.54 15.80 16.01 17.10 15.47 16.22 17.71 19.67 21.18 22.42 23.56 23.94 23.66 23.19 24.58 23.65 22.25 23.01 24.15 22.75 23.25 25.31 25.06 25.51 26.68 27.64 27.66 28.06 27.83 26.83 27.58 26.34 25.34 25.73 24.55 24.96 25.89 25.40 24.56 24.88 24.61 24.68 25.38 28.74 29.34 27.73 26.75 28.96 31.18 30.28 26.41 
22.28 19.51 18.62 18.08 16.82 16.33 17.84 16.64 15.84 16.83 17.55 16.57 18.30 19.41 19.60 20.34 23.87 24.69 25.14 23.08 20.08 20.66 18.47 14.93 14.34 15.39 14.06 12.13 12.24 10.25 7.48 6.08 0.00 2.47 6.19 9.24 11.30 10.69 12.57 14.08 13.50 13.96 16.14 17.32 17.12 19.56 21.97 23.63 25.19 27.22 26.76 24.91 24.79 22.55 18.25 19.52 18.93 15.65 13.88 14.67 13.43 12.30 13.08 13.72 12.26 13.31 15.86 15.52 13.63 14.69 15.38 15.24 16.25 17.48 18.26 19.24 18.73 20.66 21.45 22.51 23.03 24.43 24.65 25.89 25.75 23.99 24.70 23.79 21.12 21.61 22.70 20.52 19.65 21.06 21.07 19.81 21.33 23.02 23.22 22.94 25.27 25.30 23.90 23.82 24.41 24.07 23.30 22.76 23.83 22.59 20.88 20.56 19.79 19.41 17.73 17.61 16.05 15.44 14.78 14.38 15.22 15.45 16.50 17.59 18.44 19.20 18.90 20.61 20.68 21.52 22.16 23.28 24.71 25.30 24.55 23.20 24.34 22.85 19.57 20.40 21.77 18.56 17.03 18.51 19.78 17.60 18.98 20.49 22.29 22.61 23.56 24.57 25.50 24.68 24.28 25.49 24.76 23.11 24.03 25.18 23.78 24.34 26.35 26.20 26.48 27.69 28.55 28.55 29.20 28.72 27.98 28.60 27.72 26.61 26.91 25.56 25.92 26.29 26.12 25.23 25.77 25.60 25.77 26.00 29.42 29.89 29.50 27.81 28.81 31.12 31.71 28.28 
21.52 18.94 17.93 16.86 15.51 15.74 16.40 15.13 14.23 16.40 16.70 15.59 16.72 19.21 19.95 20.18 23.11 25.12 26.39 22.96 20.79 21.63 19.72 15.68 15.49 17.89 15.70 13.29 13.61 12.33 9.82 7.68 2.47 0.00 5.82 8.93 9.98 11.42 12.45 13.99 13.40 14.53 16.32 16.85 16.51 19.56 21.04 22.51 24.27 26.99 26.00 23.56 24.78 22.57 18.18 18.89 20.42 15.17 15.27 15.32 13.42 12.42 12.27 12.66 11.48 12.11 13.75 13.16 12.06 13.15 13.76 13.87 14.25 16.11 16.71 17.45 17.81 19.32 20.37 21.34 21.98 23.59 23.88 25.22 25.08 23.30 24.63 23.82 21.04 21.71 23.14 20.55 19.89 21.48 21.55 19.68 20.99 23.33 23.14 22.81 25.02 25.09 23.49 23.63 24.06 23.36 22.67 22.07 23.26 22.12 20.36 20.16 19.23 19.07 16.92 16.95 15.29 13.75 12.86 13.71 13.51 13.92 14.59 16.21 16.71 17.37 17.74 19.28 19.82 20.60 21.03 22.57 24.23 24.89 23.49 22.64 24.94 23.36 19.36 20.94 22.17 19.07 17.66 19.32 19.57 17.46 18.81 21.46 22.04 23.00 23.86 24.95 25.42 25.09 24.47 25.41 24.70 22.94 23.87 24.76 23.40 23.80 25.99 25.49 25.88 27.13 28.11 27.84 28.47 27.96 27.25 27.71 26.79 25.61 26.08 24.71 25.09 25.85 25.48 24.51 25.27 24.95 25.08 25.68 29.13 29.95 28.89 27.62 29.43 31.58 31.49 27.61 
19.78 18.12 18.42 16.06 14.37 14.38 15.95 13.28 13.35 14.97 16.46 14.80 16.14 17.99 19.70 19.83 22.08 25.25 27.28 23.92 20.97 22.83 20.83 16.79 16.36 18.60 16.71 14.42 14.54 12.45 11.04 9.51 6.19 5.82 0.00 7.62 8.54 8.45 11.65 12.03 12.47 13.17 15.27 15.57 16.09 17.94 19.17 21.34 23.06 25.53 25.09 22.37 23.18 21.37 18.10 18.22 19.13 14.45 15.00 15.88 14.27 11.17 13.73 13.19 11.53 11.10 13.68 12.07 9.67 12.45 14.31 12.06 12.74 14.92 15.10 16.54 16.36 18.22 18.72 20.28 21.06 22.77 23.54 24.73 24.31 22.87 24.93 23.96 21.01 21.95 23.69 21.32 20.21 22.39 22.04 20.35 21.62 23.40 23.26 22.94 24.82 24.88 23.36 23.28 23.56 22.67 21.59 21.13 22.35 21.03 19.39 19.03 18.19 17.92 15.97 15.49 14.64 13.05 10.92 11.57 13.18 12.14 12.75 14.53 15.26 15.84 16.16 18.46 18.46 19.84 20.41 22.07 24.11 24.72 23.19 22.16 25.13 23.58 19.78 20.91 22.38 19.70 18.56 20.38 19.78 18.64 20.52 22.02 22.53 23.65 24.61 25.39 25.51 24.97 24.76 25.58 24.75 22.86 23.69 24.48 22.96 23.33 25.35 25.00 25.21 26.39 27.51 27.30 27.79 27.30 26.74 27.15 26.17 25.05 25.53 24.13 24.47 24.99 25.02 24.10 24.58 24.31 24.73 25.15 28.52 28.86 28.53 27.08 28.39 30.77 31.25 27.29 
