0.77 5.73 8.44 10.34 11.76 15.16 18.55 20.04 22.02 23.58 24.60 23.72 20.71 20.11 20.95 20.55 19.23 19.45 21.39 21.58 22.17 23.30 25.22 24.99 25.54 27.28 29.72 28.76 29.59 29.50 30.16 28.06 25.54 24.27 24.46 24.19 25.11 24.86 26.03 26.58 27.76 27.18 26.89 26.66 25.54 24.75 23.31 22.86 21.37 21.08 20.90 20.12 19.63 20.38 22.24 22.83 23.70 25.81 27.97 29.65 29.72 30.94 30.81 32.26 31.22 30.97 30.32 29.73 29.18 28.14 28.39 28.59 29.91 29.11 30.67 30.00 31.11 31.35 30.85 29.71 28.73 29.08 28.91 29.18 29.08 29.91 30.37 31.07 31.77 32.32 31.97 31.58 31.46 30.18 29.53 29.63 30.04 28.67 28.16 27.65 28.29 27.82 27.70 26.15 26.94 27.58 27.68 25.60 25.15 25.47 25.45 25.64 26.28 26.62 27.98 29.27 29.07 28.05 29.93 29.76 27.67 26.06 26.91 27.31 25.67 24.72 23.83 24.14 23.08 23.26 23.57 24.61 24.52 24.74 25.03 23.65 20.05 19.08 18.96 17.72 17.52 18.02 18.87 19.92 20.90 22.91 24.88 24.87 24.16 25.15 25.86 25.79 25.57 25.32 25.70 26.92 29.52 29.07 
5.73 1.16 6.64 7.45 11.37 13.16 17.16 18.86 21.28 22.49 23.83 23.24 20.10 19.30 20.59 20.43 18.49 18.55 21.04 20.59 20.75 21.91 24.64 23.60 24.32 26.41 29.52 28.14 28.70 28.65 29.40 27.53 24.85 22.88 22.96 23.15 24.33 23.86 25.66 26.05 27.31 26.64 26.76 26.12 24.86 23.95 23.02 22.42 20.42 20.19 20.69 19.66 18.48 19.69 21.98 22.09 22.71 24.98 27.41 29.34 29.03 30.36 29.52 31.70 30.18 29.93 29.02 28.88 28.40 27.03 27.11 27.64 29.08 28.09 29.39 29.25 30.61 30.49 29.53 28.96 27.79 28.22 27.51 28.46 28.31 29.02 29.44 30.34 31.00 31.40 30.87 30.71 30.84 29.15 28.51 28.91 29.47 27.95 27.43 27.08 27.81 27.48 27.41 25.88 26.60 27.39 27.23 25.06 24.32 24.60 24.41 24.73 25.32 25.63 27.10 28.79 28.41 27.24 29.03 29.33 26.31 25.08 25.95 26.87 24.74 23.58 22.24 22.99 21.38 21.90 22.28 23.72 23.35 23.55 24.35 22.79 19.00 17.50 17.02 15.67 15.39 15.35 16.74 17.50 19.16 20.87 23.60 22.58 21.48 23.49 25.34 23.71 21.95 23.49 25.11 25.52 27.27 28.07 
8.44 6.64 1.20 3.78 8.58 10.84 13.61 15.10 18.38 19.42 20.54 20.22 18.30 16.72 18.53 18.03 16.52 16.79 19.03 18.56 18.45 19.61 21.94 20.92 21.76 24.39 27.68 26.15 27.20 26.63 27.05 25.02 23.40 21.05 20.46 20.48 21.86 21.37 23.34 23.40 24.08 23.54 24.10 23.22 21.37 20.78 20.82 20.01 17.78 17.82 18.97 17.59 16.42 17.76 20.58 20.62 20.63 23.34 25.39 27.19 26.86 27.91 26.92 28.75 27.56 27.05 26.09 25.87 25.78 24.03 24.57 24.96 27.05 25.20 26.96 26.87 28.59 28.34 27.41 26.41 25.73 25.63 24.69 25.54 25.91 26.57 27.16 27.91 28.67 28.65 28.70 28.05 28.37 26.59 26.38 26.70 27.30 25.75 25.87 25.09 26.09 25.52 26.01 24.37 25.37 25.71 25.61 22.96 22.42 22.27 22.08 22.13 23.17 23.30 24.92 26.31 26.26 24.66 26.59 26.63 23.94 22.26 23.43 24.34 22.15 21.12 19.41 19.81 17.66 18.17 18.24 19.64 19.43 19.82 20.67 19.39 15.67 14.12 14.35 12.53 13.00 12.12 13.81 14.39 17.23 18.33 20.89 19.81 19.95 21.00 22.11 22.07 22.60 21.18 22.89 24.46 28.01 28.37 
10.34 7.45 3.78 1.04 6.15 7.53 9.95 12.48 15.00 16.26 16.75 16.95 14.40 13.99 15.29 14.77 13.45 14.50 16.84 16.17 16.64 17.57 19.38 18.68 19.65 21.94 24.63 24.04 25.22 24.86 24.72 23.04 20.97 18.79 17.97 17.48 18.46 18.05 19.46 19.56 20.40 20.03 20.09 19.50 18.29 17.57 17.23 15.98 15.17 14.71 15.55 14.18 13.80 14.46 17.24 17.62 18.71 20.65 22.42 24.40 24.24 25.31 23.84 25.93 24.82 24.34 23.05 22.86 22.76 21.13 21.34 22.03 23.85 22.58 24.21 24.22 26.14 25.85 24.51 23.87 23.17 22.89 21.68 22.75 22.89 23.39 23.63 24.78 25.59 25.84 25.42 25.42 25.87 24.36 23.78 24.41 25.18 23.83 23.40 23.04 23.97 23.36 23.35 22.17 23.54 23.86 23.25 20.83 20.39 20.05 19.45 19.90 20.53 20.62 21.89 23.69 23.54 21.93 23.39 23.93 21.35 19.88 20.65 21.76 19.77 18.51 16.72 16.70 14.69 14.80 14.73 16.19 16.05 16.63 17.66 15.85 12.45 11.15 10.76 9.59 10.33 9.54 12.12 12.93 15.62 16.19 18.18 17.41 18.13 18.77 19.87 17.93 17.86 18.63 21.54 21.06 24.68 27.24 
11.76 11.37 8.58 6.15 0.00 6.02 7.71 10.74 13.14 15.28 15.64 15.63 12.70 12.56 14.06 13.61 12.77 14.13 15.97 15.88 16.71 18.14 20.27 19.92 21.47 23.55 26.38 25.37 26.51 26.46 27.23 25.12 23.07 20.69 19.44 18.18 17.94 17.57 19.08 19.49 21.39 20.65 20.79 20.22 19.34 18.49 18.02 16.83 15.78 15.28 15.51 15.11 15.05 15.74 17.68 18.73 19.80 21.99 23.41 25.93 25.64 26.65 25.28 27.34 26.20 25.75 24.89 24.25 24.08 22.35 22.80 22.94 24.73 23.77 25.92 25.54 27.44 27.35 26.31 24.78 23.36 23.24 22.58 23.19 23.10 23.48 23.62 24.67 25.71 25.90 25.62 25.73 26.94 24.93 24.24 25.00 26.00 24.42 23.71 23.19 24.33 24.11 23.69 22.24 24.44 25.24 24.73 21.27 20.39 20.13 20.05 20.03 20.71 20.77 22.68 24.40 24.30 22.34 24.42 24.95 22.52 20.83 22.30 23.30 21.31 19.81 17.96 17.66 15.28 15.65 15.59 17.33 17.15 17.25 17.92 16.63 12.94 10.74 10.98 9.60 10.75 10.60 12.78 13.89 15.76 17.16 19.61 18.57 18.35 19.74 20.84 20.21 21.05 24.41 23.14 22.47 25.05 28.79 
15.16 13.16 10.84 7.53 6.02 0.00 6.80 7.48 11.17 13.05 13.83 14.07 11.33 11.83 12.53 13.08 12.83 14.28 15.63 15.37 16.19 18.24 20.52 19.46 20.44 23.79 26.89 25.82 26.55 26.54 27.24 25.31 22.78 19.87 18.37 17.72 17.59 16.69 18.16 18.75 20.21 20.36 20.16 19.57 18.27 17.68 17.35 16.30 14.69 15.01 15.12 14.47 14.17 15.30 17.55 18.57 19.09 21.41 22.95 25.61 24.71 25.96 24.12 26.58 25.03 24.67 23.31 23.12 22.95 21.21 21.15 21.55 24.01 23.02 25.31 25.20 27.34 27.21 25.67 24.56 22.95 22.64 21.06 22.21 21.90 22.28 21.85 23.37 24.36 24.63 23.74 24.16 25.32 23.36 22.66 23.84 24.85 23.33 23.03 22.79 23.81 23.78 23.87 22.42 24.37 25.46 24.84 21.50 19.82 19.97 19.16 19.20 19.54 20.25 21.72 23.88 23.30 21.82 24.21 24.35 21.45 20.07 21.83 22.85 20.98 19.44 17.50 17.12 14.44 14.54 14.41 16.10 15.73 16.18 16.62 15.80 11.83 10.66 10.18 9.20 10.60 10.99 13.21 14.34 15.87 17.49 19.65 18.81 18.00 20.02 20.94 20.05 20.69 22.84 22.75 22.09 24.93 28.26 
18.55 17.16 13.61 9.95 7.71 6.80 2.15 5.93 8.45 10.06 11.67 12.73 10.44 9.33 11.60 11.88 11.61 13.35 15.64 15.03 15.47 17.52 20.36 19.00 19.85 23.30 26.91 25.79 26.46 26.55 27.32 25.60 23.48 20.76 19.08 18.18 17.97 16.95 18.21 18.01 19.36 18.74 19.00 18.06 17.14 16.38 16.40 14.60 13.97 13.70 13.90 12.91 13.73 14.69 17.43 18.19 18.63 20.79 22.26 24.52 23.52 24.20 22.26 24.43 23.25 22.62 21.66 21.12 21.55 19.39 19.95 20.54 23.33 22.28 24.80 24.59 27.15 27.25 25.84 24.50 23.28 22.65 20.93 21.43 21.58 21.05 20.74 21.65 22.53 22.39 22.22 22.19 23.57 21.30 21.24 22.51 23.35 21.83 22.20 22.18 23.15 23.20 23.68 22.69 24.40 25.37 25.04 21.46 19.97 19.40 18.91 18.32 19.01 18.94 20.82 22.58 22.29 20.75 23.35 23.93 20.96 19.73 21.75 23.38 21.51 20.13 17.56 17.59 14.44 13.81 13.10 14.84 13.79 13.74 14.84 14.04 11.33 9.36 10.26 8.95 11.69 11.28 13.20 14.61 17.10 17.88 20.11 18.77 18.06 19.91 20.57 20.47 20.88 22.85 22.08 21.90 25.19 28.37 
20.04 18.86 15.10 12.48 10.74 7.48 5.93 0.68 5.88 6.43 7.86 9.31 6.57 5.73 9.34 10.32 9.06 11.24 14.52 14.59 14.83 16.45 19.21 18.31 19.08 22.36 25.59 25.07 26.00 26.46 26.35 24.59 22.09 19.78 18.86 17.76 17.48 16.23 17.60 16.74 17.75 17.08 17.08 15.43 14.93 14.35 13.63 11.86 11.79 11.74 12.10 11.32 12.56 13.84 16.56 17.33 18.43 20.49 21.55 24.06 23.14 24.18 21.40 23.82 22.20 21.52 20.17 20.18 20.06 18.20 18.77 19.94 22.45 21.43 24.06 24.05 26.53 26.67 24.98 24.02 22.63 22.20 19.88 20.76 20.08 19.88 19.02 20.27 21.05 21.19 20.31 20.59 22.15 20.25 20.18 21.53 22.46 21.40 21.46 21.65 22.77 22.83 23.42 22.28 24.28 25.10 24.33 21.28 19.85 19.22 18.38 18.35 18.33 18.41 19.68 21.91 21.65 19.98 22.49 23.32 20.66 19.57 20.96 23.04 21.19 20.20 17.53 17.39 14.45 13.90 12.36 13.62 13.00 13.23 13.93 12.89 10.39 9.70 10.38 9.17 12.45 13.21 15.34 15.94 18.94 19.48 20.93 20.41 20.04 21.23 21.06 20.14 20.64 22.92 22.17 20.89 24.42 28.25 
22.02 21.28 18.38 15.00 13.14 11.17 8.45 5.88 2.88 5.80 6.83 9.19 8.03 9.42 11.52 12.37 11.90 14.15 16.40 16.21 16.66 18.39 20.81 20.28 21.68 24.45 27.42 26.93 28.44 28.65 29.25 27.65 25.34 22.90 21.63 20.50 20.14 18.74 19.70 18.43 19.08 18.00 17.92 17.02 15.78 15.34 15.40 14.45 14.07 13.57 14.95 14.55 15.54 16.55 18.79 19.64 20.67 22.92 24.03 26.18 25.67 26.52 23.52 26.03 24.52 24.31 23.52 22.73 22.75 20.99 21.77 22.79 25.04 23.49 26.83 26.69 29.13 28.99 27.36 26.18 24.78 23.78 22.08 22.41 21.86 21.54 20.46 21.34 22.42 22.60 21.85 22.35 24.11 22.43 21.82 23.19 24.39 23.31 23.31 23.29 24.84 24.91 25.11 24.25 27.13 27.92 27.05 23.77 22.61 21.75 20.95 20.53 20.76 20.59 22.04 24.18 24.24 22.46 24.84 25.62 23.29 22.58 24.14 25.99 24.00 23.13 20.91 20.39 17.32 16.99 15.18 15.67 14.17 14.68 16.82 15.15 12.83 12.26 14.23 13.33 15.98 16.86 19.64 19.74 21.93 22.43 25.56 23.81 22.81 23.08 23.81 22.10 22.06 24.11 24.15 22.94 26.51 27.83 
23.58 22.49 19.42 16.26 15.28 13.05 10.06 6.43 5.80 0.42 5.03 7.34 7.05 8.48 10.39 11.55 11.17 13.05 16.06 16.16 16.41 17.85 21.62 20.34 21.45 24.42 27.60 27.01 28.11 28.62 29.32 28.11 25.66 23.35 21.88 20.91 20.34 18.94 19.69 18.72 19.12 17.84 17.79 16.24 15.42 15.39 15.03 13.51 13.47 14.42 13.91 13.48 14.90 16.27 18.24 19.12 20.19 22.21 23.40 25.69 24.69 25.80 22.56 25.34 23.43 23.73 22.45 22.03 22.31 20.65 20.83 22.31 25.02 24.00 26.74 26.82 29.40 29.23 27.43 26.32 24.76 23.76 21.85 22.00 21.44 21.03 20.18 20.79 21.68 22.38 21.49 21.95 23.45 22.01 21.66 23.21 24.03 23.20 23.28 23.29 24.88 25.08 25.28 24.35 27.40 28.43 27.70 24.17 22.85 22.06 21.48 20.70 20.48 20.71 22.31 24.60 23.94 22.98 25.33 26.16 23.43 23.23 24.83 26.65 24.77 23.72 21.53 21.29 17.89 18.23 16.01 17.26 14.79 15.63 17.20 16.51 13.67 13.23 15.36 15.27 17.63 17.76 20.52 20.53 22.47 23.21 26.44 24.55 23.48 24.53 25.17 22.67 23.16 25.51 25.49 23.20 26.53 27.66 
24.60 23.83 20.54 16.75 15.64 13.83 11.67 7.86 6.83 5.03 1.13 5.78 7.33 6.60 8.02 9.65 9.60 11.13 13.44 14.54 14.78 16.54 19.43 19.21 20.31 23.39 26.79 26.13 27.25 27.68 28.71 27.47 25.59 23.13 21.82 20.41 19.93 18.16 19.30 17.87 18.49 16.88 16.43 14.87 14.38 13.87 12.91 10.86 12.15 12.22 10.53 10.04 12.86 14.22 15.94 17.36 18.39 20.79 21.81 23.73 22.44 23.55 20.40 23.05 21.50 21.93 21.02 20.36 20.66 19.48 20.37 21.44 24.32 23.54 26.09 26.20 29.08 29.21 27.34 25.90 24.55 23.63 21.57 21.58 20.71 20.33 19.45 20.14 20.58 21.20 21.28 21.21 22.58 21.19 21.29 22.84 23.70 22.71 23.44 23.41 24.73 24.76 25.40 24.68 27.67 28.47 28.03 24.19 22.41 21.35 21.14 20.28 20.04 19.99 22.09 24.21 23.58 22.55 25.41 25.96 23.27 22.83 24.89 26.76 24.83 23.72 21.73 21.24 17.86 17.66 16.18 17.02 15.28 15.77 17.49 16.62 14.43 13.69 15.93 15.23 17.86 17.64 20.27 20.09 22.71 23.31 26.05 24.14 23.89 24.54 24.68 23.09 23.33 25.63 25.38 24.11 27.23 28.49 
23.72 23.24 20.22 16.95 15.63 14.07 12.73 9.31 9.19 7.34 5.78 0.00 6.66 7.58 7.00 8.01 8.97 11.12 13.07 13.65 14.71 15.87 18.21 17.73 20.01 22.46 25.53 25.47 26.83 27.46 28.03 26.95 25.12 23.33 22.07 20.70 20.10 18.82 20.12 18.95 19.84 18.52 18.32 16.42 15.62 15.32 14.55 13.32 13.03 13.85 13.23 12.96 14.11 15.24 17.17 17.71 18.82 20.86 21.92 24.02 22.81 23.94 20.94 24.10 22.27 22.77 21.70 21.69 21.63 20.42 21.27 22.45 24.85 23.97 26.45 26.86 29.51 29.76 27.44 26.57 25.13 24.31 21.89 22.30 21.22 21.08 19.95 21.03 21.95 22.70 21.91 22.34 23.59 22.82 22.34 24.12 24.50 24.29 24.50 24.51 25.41 25.71 26.25 25.86 28.32 29.10 28.38 25.09 23.35 22.30 21.42 21.34 21.25 21.50 22.87 25.34 24.63 23.89 26.06 27.31 24.34 24.38 25.54 27.42 25.28 24.51 22.43 21.75 18.25 18.55 16.88 18.31 17.04 18.30 19.81 18.56 15.87 15.42 17.09 16.12 18.50 18.33 21.21 21.36 23.49 24.14 26.23 24.63 23.94 25.20 25.64 23.17 23.56 26.64 26.63 24.51 27.18 28.50 
20.71 20.10 18.30 14.40 12.70 11.33 10.44 6.57 8.03 7.05 7.33 6.66 0.00 5.86 7.19 6.38 6.94 9.21 11.51 11.24 11.87 13.53 16.20 15.32 16.62 19.70 23.27 22.66 24.27 24.63 25.78 24.19 22.69 20.60 20.01 18.44 17.77 16.53 18.01 16.83 18.02 16.57 16.71 15.79 13.98 13.42 13.21 12.29 10.96 11.75 12.42 11.75 11.75 13.07 14.77 14.82 15.73 18.35 19.19 21.80 20.89 21.70 19.04 22.16 20.85 20.88 20.15 20.45 20.09 18.76 19.91 21.26 23.07 22.33 24.90 25.15 27.43 27.73 25.55 24.63 23.12 22.47 19.97 20.16 19.20 18.71 17.56 18.96 20.46 20.94 20.37 20.89 22.84 21.59 21.03 22.84 23.74 22.89 22.69 22.94 24.11 24.14 24.17 23.79 26.43 26.98 25.61 22.68 21.58 20.79 19.67 19.75 19.83 19.87 21.15 23.69 23.34 22.46 24.74 25.88 23.14 22.58 23.90 25.40 22.76 22.05 20.08 19.70 15.78 15.95 14.75 16.59 15.55 16.52 18.82 17.47 14.21 12.91 14.64 13.04 15.90 15.59 18.67 19.18 21.77 22.16 24.67 23.11 22.45 23.45 24.15 22.20 22.39 25.42 24.90 23.76 25.29 26.28 
20.11 19.30 16.72 13.99 12.56 11.83 9.33 5.73 9.42 8.48 6.60 7.58 5.86 0.00 5.32 7.10 5.55 6.39 9.70 10.21 9.96 10.68 14.57 14.08 15.01 17.51 21.12 20.53 21.90 22.65 23.64 22.28 20.36 18.64 18.11 16.59 15.91 15.06 16.21 15.81 16.87 15.68 15.79 14.77 13.37 13.52 11.97 10.67 9.40 11.65 10.36 9.05 10.38 12.47 12.88 13.52 14.42 16.89 17.93 20.65 19.29 20.56 17.62 21.02 19.08 19.48 18.63 18.78 18.74 17.15 18.40 19.58 22.12 21.25 23.68 23.92 26.29 26.69 24.31 22.83 21.46 20.51 17.78 17.66 16.66 16.88 16.28 17.35 18.77 20.39 20.14 21.22 22.28 21.40 20.71 22.92 23.46 22.52 21.89 22.11 23.46 23.28 23.18 22.61 25.15 25.90 24.43 21.51 20.10 19.31 18.51 18.24 17.95 18.34 20.37 23.03 22.41 22.00 24.05 25.20 22.34 22.14 22.70 24.44 21.66 20.87 18.68 18.45 14.81 14.93 13.76 15.99 15.67 16.55 18.62 17.38 13.84 12.43 13.81 12.09 14.75 14.73 17.46 17.78 20.31 21.26 23.68 22.26 21.95 23.10 23.77 21.64 22.31 25.43 25.51 23.05 25.04 25.93 
20.95 20.59 18.53 15.29 14.06 12.53 11.60 9.34 11.52 10.39 8.02 7.00 7.19 5.32 0.00 5.41 6.45 5.59 7.04 8.93 10.05 10.94 13.78 13.74 15.32 17.58 21.33 21.34 23.34 23.80 25.17 23.42 22.26 20.18 19.40 18.01 17.54 16.32 16.94 16.69 18.20 17.31 16.78 15.84 14.98 14.15 12.25 11.26 10.82 11.47 9.59 9.34 11.22 12.36 12.37 14.17 15.39 17.92 19.11 22.11 20.49 21.86 19.41 22.44 20.64 21.13 20.49 20.61 20.48 19.53 20.25 21.21 23.72 22.76 25.08 25.25 27.99 27.90 25.70 24.56 23.08 22.08 19.59 19.69 18.51 18.80 18.63 19.85 21.45 22.72 23.16 23.21 24.74 23.65 23.14 24.84 25.95 24.76 24.19 24.42 25.61 25.40 25.05 24.51 27.02 27.64 26.19 23.19 21.84 20.91 19.95 19.87 19.51 19.98 22.15 25.09 24.61 23.85 25.87 26.79 24.24 23.44 24.50 25.77 23.48 22.34 20.24 19.71 16.46 16.46 15.63 17.09 16.94 18.40 20.14 19.13 15.20 13.75 14.85 13.93 15.44 15.51 17.59 18.08 20.88 22.09 24.34 23.24 22.63 23.79 24.16 22.81 23.25 26.19 24.97 24.81 26.36 26.69 
20.55 20.43 18.03 14.77 13.61 13.08 11.88 10.32 12.37 11.55 9.65 8.01 6.38 7.10 5.41 0.00 5.15 6.88 6.52 6.63 8.63 10.31 11.71 11.34 14.25 16.63 19.38 19.89 22.15 22.92 23.74 22.70 21.29 19.57 18.65 17.50 17.47 16.22 17.41 17.07 18.95 17.94 17.66 17.10 15.64 15.63 13.85 13.39 11.80 12.85 12.29 11.81 12.12 13.32 13.92 14.84 15.56 17.66 18.71 21.85 20.70 21.93 19.02 22.60 20.80 21.29 20.32 20.56 20.82 19.87 20.40 21.46 23.89 23.18 25.04 25.46 27.85 27.89 25.50 24.55 23.19 22.26 19.66 20.13 19.21 19.50 19.50 21.09 22.43 23.94 23.80 24.06 25.32 24.74 24.18 25.54 26.37 25.42 24.93 24.90 26.26 26.13 25.89 24.98 27.45 28.00 26.43 23.23 22.31 21.39 20.08 20.03 20.38 20.64 22.51 25.47 25.29 24.17 26.00 27.20 24.58 23.83 24.20 25.84 23.10 22.10 19.92 19.47 16.63 16.81 16.24 18.26 17.91 18.67 21.09 20.18 16.80 14.56 15.56 13.72 16.23 15.19 17.79 18.29 21.10 21.47 23.84 22.46 22.23 23.31 23.85 22.03 22.57 25.85 26.01 24.11 26.88 27.68 
19.23 18.49 16.52 13.45 12.77 12.83 11.61 9.06 11.90 11.17 9.60 8.97 6.94 5.55 6.45 5.15 0.00 4.87 7.04 5.85 6.22 7.79 10.62 9.80 11.17 13.87 16.47 16.01 18.10 19.00 20.21 18.87 17.68 15.63 15.47 14.13 14.68 13.25 15.10 14.01 15.86 14.93 15.01 14.79 13.15 13.14 12.22 10.94 8.58 10.27 11.37 9.33 9.07 10.95 12.10 11.84 12.36 14.78 15.36 18.79 18.32 19.04 15.89 19.63 17.90 18.16 17.82 17.94 18.08 17.05 18.15 19.18 21.22 20.38 22.63 22.60 25.07 25.16 22.45 21.55 19.95 19.28 16.77 17.35 16.26 16.95 17.48 18.65 20.11 21.70 22.27 22.21 23.87 22.53 22.09 23.32 23.97 22.78 22.27 22.37 23.74 23.59 23.24 22.34 25.10 25.48 23.95 20.83 19.84 19.15 17.52 17.69 17.91 18.07 19.89 22.71 22.34 21.32 23.43 24.24 21.58 20.66 21.53 22.59 20.01 18.94 17.14 17.26 14.33 14.90 14.54 16.63 16.25 17.17 18.84 18.13 14.72 12.99 13.37 10.75 12.76 12.38 15.28 15.68 18.16 18.81 21.30 20.00 19.55 20.89 21.41 19.42 20.41 23.49 23.15 22.47 25.03 26.66 
19.45 18.55 16.79 14.50 14.13 14.28 13.35 11.24 14.15 13.05 11.13 11.12 9.21 6.39 5.59 6.88 4.87 0.00 5.42 6.92 5.55 5.96 8.82 9.42 10.08 12.45 15.51 14.97 16.88 17.92 19.35 18.00 16.52 14.86 14.73 13.64 13.81 13.00 14.95 13.98 15.58 14.87 15.37 14.28 12.77 13.11 11.88 9.72 6.84 10.22 9.63 7.00 7.30 10.47 10.56 9.80 11.32 14.14 14.83 18.05 18.08 18.98 15.95 19.54 17.43 18.33 17.86 18.15 18.31 17.24 18.29 19.25 21.44 20.44 22.78 22.65 24.80 24.68 21.75 20.55 18.92 17.98 15.63 16.26 15.52 17.15 17.89 18.56 20.58 22.56 23.01 23.05 24.43 23.41 22.68 23.87 24.34 22.65 22.13 21.99 23.28 22.66 22.65 22.03 24.16 24.85 23.47 20.36 18.71 17.88 17.08 17.33 17.16 17.86 20.18 22.74 22.49 21.61 23.62 24.38 21.63 20.94 21.37 22.19 19.71 19.10 16.85 16.87 14.37 15.18 15.11 17.09 17.41 18.47 20.80 19.51 16.36 14.30 14.97 12.24 13.50 12.84 15.53 15.61 18.25 18.77 21.03 19.44 18.87 20.14 20.76 19.23 20.12 23.04 22.97 21.85 24.46 26.22 
21.39 21.04 19.03 16.84 15.97 15.63 15.64 14.52 16.40 16.06 13.44 13.07 11.51 9.70 7.04 6.52 7.04 5.42 0.59 5.82 7.17 6.26 8.10 8.98 10.54 12.94 16.11 16.75 18.39 19.82 21.07 20.65 19.09 17.19 16.45 15.77 15.93 15.24 17.20 16.90 18.24 18.31 18.54 17.77 15.88 16.05 14.68 13.35 11.39 12.09 11.75 10.53 10.71 12.23 11.99 12.64 13.70 15.89 16.64 20.72 20.11 21.38 19.01 22.37 20.64 21.29 21.10 21.18 21.71 20.52 21.15 21.82 24.18 22.93 24.91 24.63 27.05 26.46 23.73 22.76 20.92 20.24 17.91 18.98 18.32 20.30 20.98 22.42 24.08 25.63 25.70 25.68 27.23 26.43 25.58 26.70 27.42 25.87 25.02 24.88 25.67 25.23 24.76 23.92 26.30 26.98 25.59 22.51 21.03 20.33 19.32 19.77 19.95 20.66 23.02 25.91 25.64 24.36 26.28 27.00 24.42 23.06 23.70 24.55 22.15 21.02 18.67 18.67 16.32 17.13 17.02 19.23 19.44 20.99 22.96 22.34 18.91 16.68 16.99 15.19 15.82 15.09 16.38 17.04 19.49 20.19 22.17 21.00 20.35 21.23 21.52 20.23 21.59 23.28 23.24 22.84 25.87 26.82 
21.58 20.59 18.56 16.17 15.88 15.37 15.03 14.59 16.21 16.16 14.54 13.65 11.24 10.21 8.93 6.63 5.85 6.92 5.82 0.00 5.04 7.01 6.60 6.64 8.67 11.58 13.84 14.20 17.07 17.63 19.20 18.34 17.34 15.34 15.19 13.83 14.90 13.63 16.43 15.74 18.10 17.61 18.38 17.65 15.99 15.59 14.78 13.93 11.23 12.19 12.40 12.33 10.76 11.78 12.79 13.07 13.19 14.58 16.14 19.53 19.03 19.89 17.72 21.44 19.68 20.63 20.02 20.16 20.54 19.63 20.30 20.96 23.28 22.08 23.84 23.68 26.07 25.35 22.92 21.60 20.04 19.06 17.10 18.38 18.23 19.53 20.48 22.13 23.56 24.82 24.74 24.98 26.50 25.53 24.79 25.47 26.35 24.62 23.93 23.31 24.69 24.28 23.77 22.77 24.84 25.71 24.05 20.93 19.76 19.18 17.92 18.33 19.08 19.88 21.95 24.69 24.29 22.92 24.96 25.94 22.79 21.39 21.90 22.97 20.30 19.33 16.37 17.01 15.03 16.23 15.93 18.46 19.07 20.38 22.40 21.22 17.96 16.10 16.50 14.17 15.49 14.39 15.87 16.03 18.73 18.89 20.81 19.25 18.87 19.57 19.97 18.80 19.77 21.72 21.97 21.45 24.71 26.46 
22.17 20.75 18.45 16.64 16.71 16.19 15.47 14.83 16.66 16.41 14.78 14.71 11.87 9.96 10.05 8.63 6.22 5.55 7.17 5.04 0.00 5.03 7.21 5.66 6.45 9.33 11.73 11.23 13.55 14.96 16.05 15.03 13.95 12.29 12.77 10.83 12.24 11.99 14.03 13.55 15.91 15.27 15.45 15.86 14.15 13.65 12.98 11.85 8.95 10.41 11.24 9.14 7.69 9.52 10.92 10.29 10.26 13.03 13.21 16.83 16.83 18.08 15.51 19.40 17.91 18.86 19.01 18.76 18.93 18.05 19.22 19.77 21.64 20.51 22.39 21.98 24.13 23.52 20.75 19.67 17.68 16.88 15.32 16.92 16.57 17.80 19.00 20.64 22.05 23.46 23.90 24.06 25.17 23.99 23.28 24.24 24.49 22.87 22.04 21.85 22.86 22.47 21.54 20.73 23.16 23.57 21.60 18.87 17.92 17.39 15.88 16.53 17.85 18.31 20.38 22.89 22.36 21.24 23.32 23.95 21.00 19.42 19.87 20.82 18.06 16.36 13.93 15.04 13.26 14.51 13.88 17.29 17.95 19.32 20.68 20.50 17.54 15.87 16.31 13.54 14.29 13.45 15.50 15.36 17.55 17.52 19.67 17.66 17.54 18.67 18.79 16.23 17.81 19.94 20.16 19.25 22.98 24.63 
23.30 21.91 19.61 17.57 18.14 18.24 17.52 16.45 18.39 17.85 16.54 15.87 13.53 10.68 10.94 10.31 7.79 5.96 6.26 7.01 5.03 0.00 5.46 6.57 5.71 7.00 10.02 10.41 12.00 13.24 15.24 14.30 12.66 12.03 12.16 10.27 11.75 12.29 14.79 14.15 16.63 16.64 16.94 17.02 16.17 15.24 13.98 13.18 10.87 11.71 11.61 9.00 8.10 10.46 10.83 8.88 9.94 12.24 13.50 16.05 16.94 18.71 16.39 19.77 18.01 19.55 19.46 19.46 19.60 18.92 19.74 20.16 21.95 20.69 22.22 21.89 24.06 23.29 20.03 18.73 17.48 16.85 15.14 17.14 17.26 19.00 19.99 21.24 23.24 24.59 24.74 25.07 26.47 24.91 24.36 25.00 25.32 23.20 22.28 21.87 22.63 21.91 21.26 20.24 22.37 23.05 21.32 17.83 16.84 16.63 16.05 16.59 17.59 18.62 20.94 23.52 23.31 22.21 24.06 24.45 22.02 20.75 20.69 21.48 19.11 17.99 15.36 16.33 14.86 16.07 15.97 19.35 20.04 21.40 22.97 22.94 20.38 17.84 18.16 15.60 15.84 14.59 16.43 15.76 17.53 17.77 19.84 17.71 17.42 18.41 18.99 17.16 18.14 20.34 20.82 19.97 22.80 25.01 
25.22 24.64 21.94 19.38 20.27 20.52 20.36 19.21 20.81 21.62 19.43 18.21 16.20 14.57 13.78 11.71 10.62 8.82 8.10 6.60 7.21 5.46 0.00 5.79 7.23 7.14 9.02 11.30 13.49 14.46 15.95 15.83 15.09 13.95 14.14 13.08 14.22 15.01 18.04 17.45 19.70 20.01 20.71 19.91 18.86 18.40 17.18 16.41 14.18 14.40 14.34 13.03 12.39 13.28 13.57 13.11 13.07 15.32 16.52 19.86 19.31 21.41 19.45 22.64 21.12 22.22 22.17 22.43 22.86 21.83 21.79 22.15 24.31 22.69 23.97 23.48 25.67 25.11 22.26 20.99 19.38 19.39 17.92 20.05 20.07 21.91 22.85 24.68 26.37 27.30 27.42 27.73 29.23 27.89 27.03 27.74 28.10 26.01 24.66 23.94 24.40 23.78 22.97 21.83 23.71 24.52 23.09 19.92 18.69 18.93 18.28 19.15 20.23 21.33 23.62 26.08 26.13 24.96 26.60 27.39 24.66 23.42 23.43 24.32 21.84 20.91 18.16 19.12 17.25 18.77 18.87 22.52 22.89 23.97 25.75 26.02 23.40 21.00 20.76 18.39 18.15 17.11 18.09 17.23 18.76 19.07 20.67 19.11 18.57 19.42 19.20 17.88 19.73 21.09 20.64 20.22 24.23 25.41 
24.99 23.60 20.92 18.68 19.92 19.46 19.00 18.31 20.28 20.34 19.21 17.73 15.32 14.08 13.74 11.34 9.80 9.42 8.98 6.64 5.66 6.57 5.79 0.00 4.59 7.01 7.67 8.04 11.19 12.59 13.52 11.67 11.82 10.56 11.47 9.92 12.27 12.85 15.98 15.83 18.85 19.02 19.17 18.79 18.06 17.36 16.41 15.24 12.77 13.34 13.50 12.38 10.20 11.76 12.52 12.12 11.73 13.40 14.89 18.06 17.45 18.62 17.07 20.89 19.12 20.30 19.95 20.49 20.83 19.58 19.68 20.03 21.76 20.39 21.50 20.91 23.22 22.67 19.75 18.03 16.76 16.84 15.89 17.79 18.55 20.16 21.38 22.82 24.20 25.54 25.51 25.75 27.14 25.73 24.91 25.15 25.58 23.45 22.04 21.08 21.73 21.26 20.23 19.02 20.86 21.81 20.19 16.69 15.62 16.11 15.73 16.62 18.20 19.02 21.20 23.51 23.16 22.09 24.33 25.00 21.97 20.63 21.19 21.82 19.29 18.46 16.09 17.16 15.76 17.75 17.81 21.24 21.24 22.71 24.81 24.51 21.44 19.17 19.73 17.15 16.63 15.48 16.45 15.70 17.27 17.34 18.84 16.37 16.14 16.86 17.16 15.86 17.81 19.53 19.12 19.11 22.88 25.05 
25.54 24.32 21.76 19.65 21.47 20.44 19.85 19.08 21.68 21.45 20.31 20.01 16.62 15.01 15.32 14.25 11.17 10.08 10.54 8.67 6.45 5.71 7.23 4.59 0.00 5.02 7.57 6.72 10.29 10.53 12.50 10.45 9.79 9.12 9.02 8.07 11.21 12.48 15.06 15.43 19.49 19.20 19.30 19.08 18.87 17.98 16.62 15.40 12.63 12.83 13.74 11.33 8.91 10.82 12.11 10.81 11.11 13.92 14.33 17.73 17.45 18.71 16.73 20.72 19.16 20.20 20.36 20.31 20.04 18.96 19.62 19.63 21.07 19.44 20.96 20.19 22.45 21.83 18.88 17.34 15.89 16.22 15.56 17.94 18.31 20.18 21.39 22.64 23.79 25.26 25.96 26.08 26.96 25.66 24.79 25.38 25.28 23.04 21.51 20.84 21.73 20.55 19.22 18.17 20.29 20.69 19.16 15.50 14.65 15.36 14.98 16.11 17.68 18.47 20.60 22.93 22.70 21.50 23.59 24.51 21.65 20.50 20.84 22.36 19.60 18.85 16.31 18.15 16.42 18.46 18.31 21.72 22.17 23.56 25.85 25.39 22.29 20.45 21.11 18.04 17.43 16.21 17.63 16.32 17.82 17.65 19.08 16.48 16.41 17.58 17.53 14.92 16.91 19.28 18.67 18.04 22.38 24.24 
27.28 26.41 24.39 21.94 23.55 23.79 23.30 22.36 24.45 24.42 23.39 22.46 19.70 17.51 17.58 16.63 13.87 12.45 12.94 11.58 9.33 7.00 7.14 7.01 5.02 0.00 6.17 7.89 8.70 9.30 12.19 11.35 11.26 10.71 11.23 10.53 13.51 15.51 18.89 18.98 21.94 21.84 21.65 21.57 21.35 20.52 19.48 18.32 15.85 15.49 15.18 13.62 11.85 12.40 13.71 12.56 13.31 16.24 16.92 19.71 19.75 20.95 19.22 22.59 21.04 22.24 21.95 22.06 22.17 20.94 20.83 21.19 22.68 20.83 21.80 21.56 23.66 22.95 19.63 18.19 17.03 17.66 17.27 19.81 20.33 22.27 23.53 24.61 25.89 27.44 27.74 28.13 29.04 27.39 26.63 26.99 26.82 24.44 22.83 22.36 22.67 21.67 20.23 19.45 21.29 21.68 19.99 16.76 15.42 16.43 16.70 18.00 19.44 20.45 22.15 24.76 24.20 23.35 24.90 26.02 23.44 21.99 22.34 23.71 21.42 20.33 18.35 20.09 18.80 20.76 21.32 24.60 24.88 26.72 28.46 28.57 25.87 23.52 23.80 20.80 19.63 18.15 19.80 18.37 19.14 19.09 20.68 17.94 17.34 17.89 18.97 16.91 18.71 20.88 20.25 19.65 23.33 25.24 
29.72 29.52 27.68 24.63 26.38 26.89 26.91 25.59 27.42 27.60 26.79 25.53 23.27 21.12 21.33 19.38 16.47 15.51 16.11 13.84 11.73 10.02 9.02 7.67 7.57 6.17 0.00 7.15 8.37 9.20 10.46 12.05 11.80 11.68 13.06 13.32 16.39 18.23 22.50 23.10 25.74 25.09 25.26 24.41 24.21 23.29 22.29 20.61 18.07 17.45 17.31 15.48 14.49 14.71 15.34 15.09 15.67 18.18 19.39 22.51 21.63 23.08 21.66 24.98 23.67 24.64 24.57 24.61 25.27 23.39 22.72 22.93 25.25 22.58 23.41 22.76 25.08 24.41 21.44 19.97 19.04 20.02 19.73 22.11 22.63 25.18 26.59 27.67 28.88 30.23 30.41 30.58 31.31 30.18 29.34 29.54 29.13 26.69 24.98 23.91 24.32 23.38 22.10 20.57 22.78 23.04 21.65 18.36 17.36 18.63 18.89 20.13 22.01 22.94 24.94 27.00 27.02 25.56 27.40 28.10 25.81 24.28 24.46 25.69 23.17 22.67 21.06 22.31 20.65 22.98 23.72 27.25 27.91 29.20 31.61 31.36 29.26 26.83 26.85 23.55 22.53 20.82 22.12 20.34 20.86 20.57 21.93 19.48 18.97 19.78 19.69 17.99 19.96 21.67 21.32 20.37 24.99 25.63 
28.76 28.14 26.15 24.04 25.37 25.82 25.79 25.07 26.93 27.01 26.13 25.47 22.66 20.53 21.34 19.89 16.01 14.97 16.75 14.20 11.23 10.41 11.30 8.04 6.72 7.89 7.15 0.00 5.39 7.57 8.91 8.11 9.11 9.25 11.63 11.08 15.02 16.71 20.74 21.68 25.36 24.64 24.28 24.16 23.69 22.87 21.62 20.26 17.51 16.87 16.21 14.31 12.62 13.78 14.03 13.03 14.27 16.78 18.14 20.96 20.27 21.34 19.62 23.23 22.00 23.23 22.86 22.88 23.41 21.63 20.92 21.15 22.72 20.70 21.06 20.34 22.48 22.01 18.40 16.98 16.22 17.59 17.83 20.00 20.89 23.35 24.81 25.78 26.71 28.76 28.92 28.65 29.27 28.09 27.29 27.26 26.78 24.35 22.91 21.94 22.18 21.15 19.62 18.29 20.24 20.77 18.96 15.42 14.73 16.17 16.59 17.79 20.26 20.81 23.02 25.23 24.69 23.67 25.36 25.93 23.08 21.80 22.25 23.59 21.15 20.78 18.56 20.37 19.52 21.70 22.65 26.14 26.51 28.50 30.37 30.44 27.92 25.92 25.83 22.37 21.16 19.55 20.53 19.06 19.52 19.24 20.40 17.71 17.16 17.66 18.33 16.52 18.62 20.63 19.80 19.57 23.69 25.35 
29.59 28.70 27.20 25.22 26.51 26.55 26.46 26.00 28.44 28.11 27.25 26.83 24.27 21.90 23.34 22.15 18.10 16.88 18.39 17.07 13.55 12.00 13.49 11.19 10.29 8.70 8.37 5.39 1.10 5.15 8.60 8.60 10.19 10.81 12.58 12.79 17.37 18.92 22.30 24.12 27.85 27.20 26.72 25.92 26.05 24.67 23.32 21.71 19.48 18.70 18.20 15.53 14.22 14.93 15.37 13.94 15.17 18.11 18.45 21.09 21.06 22.21 20.13 23.64 22.76 23.88 24.36 23.63 23.96 21.82 22.19 21.66 23.45 20.61 21.80 20.38 22.21 21.45 18.56 17.20 17.01 18.48 18.81 21.13 21.84 24.42 25.73 26.41 27.55 29.17 30.22 29.33 29.68 28.38 27.59 27.93 27.07 24.63 22.88 22.30 22.89 21.31 19.86 18.28 19.78 19.99 18.81 15.64 14.94 16.70 17.16 18.75 20.96 21.83 23.75 25.75 25.21 23.93 25.95 26.03 23.21 22.09 22.37 24.14 21.67 21.00 18.93 21.36 21.02 23.03 23.28 26.67 27.46 29.38 31.90 31.47 29.11 26.90 27.43 23.66 22.74 20.88 22.23 20.12 20.57 19.92 21.46 18.65 18.37 19.04 19.18 16.39 18.35 20.60 20.22 19.14 24.06 24.92 
29.50 28.65 26.63 24.86 26.46 26.54 26.55 26.46 28.65 28.62 27.68 27.46 24.63 22.65 23.80 22.92 19.00 17.92 19.82 17.63 14.96 13.24 14.46 12.59 10.53 9.30 9.20 7.57 5.15 0.00 7.09 8.32 8.79 9.90 13.37 14.05 17.01 19.87 24.25 25.22 28.12 27.45 27.28 27.00 26.12 24.92 23.99 22.39 20.04 19.12 18.65 16.65 14.96 15.47 15.99 14.38 15.55 18.25 19.42 21.96 21.36 22.97 21.18 24.00 22.51 23.85 24.01 23.44 23.99 22.10 21.80 21.65 23.11 20.56 21.04 20.08 21.83 20.53 17.04 16.84 16.33 18.04 19.01 21.01 22.21 24.63 26.17 26.56 27.86 29.35 29.98 29.39 29.64 27.88 27.13 27.04 26.80 23.79 22.35 21.77 22.23 21.01 19.58 18.54 19.55 19.05 18.03 14.87 14.39 16.23 17.24 18.49 20.61 21.58 23.25 25.64 25.05 23.77 25.27 25.45 22.65 21.34 21.59 23.40 20.93 20.52 18.95 20.81 20.75 22.71 23.30 26.72 27.89 30.18 31.84 31.93 29.68 27.34 27.38 23.99 22.72 20.72 22.02 20.15 19.91 19.30 20.73 17.03 16.87 17.71 18.22 15.89 18.31 20.49 20.00 19.42 23.69 25.04 
30.16 29.40 27.05 24.72 27.23 27.24 27.32 26.35 29.25 29.32 28.71 28.03 25.78 23.64 25.17 23.74 20.21 19.35 21.07 19.20 16.05 15.24 15.95 13.52 12.50 12.19 10.46 8.91 8.60 7.09 0.00 6.95 8.11 8.68 11.40 14.41 18.13 20.52 25.42 26.85 29.11 29.07 29.54 28.36 27.19 26.28 25.17 23.53 20.74 19.90 19.67 17.60 16.25 15.54 16.95 16.47 16.48 18.72 20.20 23.14 22.05 23.46 22.17 25.05 23.68 24.61 24.93 24.27 25.08 23.02 22.38 22.27 24.16 20.97 21.43 20.17 21.96 20.14 17.57 16.95 17.07 18.83 19.87 22.03 23.09 25.77 27.48 28.40 29.32 30.35 30.81 29.88 30.31 28.83 27.74 27.63 26.87 24.41 22.73 21.58 22.06 21.20 20.10 18.46 20.03 19.37 17.88 14.41 14.10 16.45 17.64 18.94 20.87 22.18 23.56 26.07 25.55 24.35 25.59 26.05 23.35 21.58 21.83 23.23 20.66 20.83 19.49 21.12 20.46 22.80 23.65 27.19 28.94 30.61 32.76 32.48 30.39 28.01 27.83 24.48 23.10 21.33 22.34 19.96 19.34 18.76 20.28 16.41 17.08 17.85 17.79 15.73 18.62 20.68 20.79 19.71 24.81 25.33 
28.06 27.53 25.02 23.04 25.12 25.31 25.60 24.59 27.65 28.11 27.47 26.95 24.19 22.28 23.42 22.70 18.87 18.00 20.65 18.34 15.03 14.30 15.83 11.67 10.45 11.35 12.05 8.11 8.60 8.32 6.95 0.00 5.81 6.97 9.44 11.49 15.72 18.69 23.05 24.93 28.11 27.24 27.15 26.10 25.63 24.61 23.52 21.80 19.47 18.32 17.97 15.68 14.61 14.47 15.21 14.32 15.63 17.53 18.42 21.15 20.81 21.60 20.08 23.17 21.98 23.18 23.08 22.81 23.09 21.48 20.76 20.29 22.01 18.82 19.62 17.16 18.86 17.23 14.43 14.06 15.34 16.93 18.06 20.33 21.60 24.17 25.96 26.63 27.80 29.00 28.98 27.90 28.48 26.71 25.75 25.42 24.88 22.54 21.39 20.22 20.54 19.91 18.59 17.41 19.34 18.28 16.21 12.39 11.95 14.46 15.08 16.71 18.91 20.54 21.57 24.13 23.13 21.93 23.92 23.70 20.75 19.62 19.50 20.82 18.71 18.19 17.15 19.12 18.88 20.66 21.89 25.57 26.90 28.73 31.07 30.76 28.43 26.33 25.98 22.40 21.26 19.60 20.18 17.72 17.61 16.91 18.06 14.97 15.10 16.31 17.24 15.43 18.03 19.84 19.98 19.47 24.17 25.22 
25.54 24.85 23.40 20.97 23.07 22.78 23.48 22.09 25.34 25.66 25.59 25.12 22.69 20.36 22.26 21.29 17.68 16.52 19.09 17.34 13.95 12.66 15.09 11.82 9.79 11.26 11.80 9.11 10.19 8.79 8.11 5.81 0.00 5.40 6.61 9.83 13.18 16.27 19.99 21.66 25.11 25.27 24.29 24.14 24.16 23.46 21.60 19.89 17.95 16.35 16.46 13.69 12.99 12.87 14.08 12.45 13.02 15.27 15.91 18.83 18.80 19.58 17.47 20.78 20.06 20.93 21.10 20.74 20.66 18.80 18.57 17.85 19.03 16.24 17.85 15.66 17.62 16.27 13.50 13.02 13.87 15.16 15.67 18.19 19.32 21.98 23.18 23.93 25.37 27.04 27.08 26.07 26.61 24.96 23.66 23.97 23.36 20.79 19.30 18.55 19.16 17.84 16.95 15.19 17.57 16.49 14.98 10.37 9.03 11.27 12.28 13.86 15.59 17.25 18.56 21.10 19.72 18.73 20.90 21.25 18.14 16.86 16.81 17.95 15.58 14.73 14.19 16.74 16.99 18.95 19.86 23.45 25.11 26.93 29.48 28.83 26.55 24.30 24.19 20.44 19.47 17.30 17.81 15.06 15.97 15.34 16.94 13.01 14.67 15.75 16.28 13.57 16.31 18.30 19.27 18.33 23.22 23.91 
24.27 22.88 21.05 18.79 20.69 19.87 20.76 19.78 22.90 23.35 23.13 23.33 20.60 18.64 20.18 19.57 15.63 14.86 17.19 15.34 12.29 12.03 13.95 10.56 9.12 10.71 11.68 9.25 10.81 9.90 8.68 6.97 5.40 0.00 5.81 7.02 10.65 13.49 17.68 19.49 21.90 22.09 21.65 21.23 20.31 19.81 19.01 17.08 14.57 13.22 13.82 11.40 10.31 11.06 12.92 11.36 11.92 14.44 15.28 17.92 17.37 18.48 16.51 19.42 18.07 19.43 19.16 18.97 18.73 17.20 16.63 15.91 17.40 14.94 16.27 14.98 17.30 16.08 13.18 12.59 12.64 13.53 13.94 16.48 17.60 20.13 21.05 21.97 23.50 24.74 24.58 24.12 24.51 22.30 21.14 21.25 21.40 18.28 17.18 16.45 17.38 16.28 16.11 14.73 17.08 16.44 15.15 10.03 8.57 9.22 10.78 11.42 12.82 14.63 15.68 18.24 17.45 15.94 18.14 18.54 15.89 14.74 14.78 15.67 13.02 12.62 11.74 14.31 14.95 16.88 17.84 21.48 23.03 25.46 27.61 27.50 24.79 22.56 22.39 19.10 17.43 15.03 15.65 13.24 13.78 13.70 14.21 10.57 12.21 14.12 14.81 12.74 15.67 17.86 18.28 17.80 21.95 23.43 
24.46 22.96 20.46 17.97 19.44 18.37 19.08 18.86 21.63 21.88 21.82 22.07 20.01 18.11 19.40 18.65 15.47 14.73 16.45 15.19 12.77 12.16 14.14 11.47 9.02 11.23 13.06 11.63 12.58 13.37 11.40 9.44 6.61 5.81 0.00 5.98 7.38 11.30 15.56 17.03 19.24 19.08 19.57 19.12 17.61 17.25 16.45 15.60 13.60 12.35 13.26 11.38 10.52 10.89 13.51 13.14 13.19 15.21 16.10 18.54 17.18 18.11 16.08 18.72 17.02 18.24 18.30 17.26 17.45 15.87 15.51 15.31 16.51 14.54 16.92 15.88 18.26 17.53 14.59 13.27 12.46 12.69 12.94 15.31 15.99 18.59 19.41 21.02 21.70 22.96 22.79 22.45 23.07 21.50 20.28 20.44 20.30 18.19 16.88 16.13 17.01 16.38 16.43 15.72 18.85 18.19 16.00 11.45 10.03 9.83 9.36 10.32 11.65 12.43 12.67 15.30 15.15 13.79 15.75 16.95 14.63 13.34 13.72 14.58 12.46 11.90 10.90 12.37 12.89 14.29 15.35 19.63 21.85 23.75 26.19 25.97 23.20 20.70 20.89 17.37 16.22 13.80 14.76 12.91 13.53 12.88 15.30 12.14 13.03 13.95 15.06 13.34 15.63 16.76 18.26 17.56 21.91 22.84 
24.19 23.15 20.48 17.48 18.18 17.72 18.18 17.76 20.50 20.91 20.41 20.70 18.44 16.59 18.01 17.50 14.13 13.64 15.77 13.83 10.83 10.27 13.08 9.92 8.07 10.53 13.32 11.08 12.79 14.05 14.41 11.49 9.83 7.02 5.98 0.00 5.71 7.69 11.57 13.05 15.52 15.52 15.55 15.66 14.35 13.52 13.56 13.09 11.37 10.67 11.52 10.11 9.63 10.60 13.03 13.07 13.43 15.86 16.03 17.94 16.45 17.03 14.83 16.96 15.59 17.01 16.62 15.52 15.49 14.42 14.62 14.34 16.50 14.50 17.04 16.08 18.55 17.87 14.58 12.86 12.18 11.75 11.63 13.64 14.12 16.35 17.99 19.22 20.27 21.60 21.46 20.56 21.46 19.87 19.03 19.19 19.40 17.35 16.90 16.06 16.81 16.05 16.42 16.12 19.29 18.75 17.11 12.97 11.01 10.34 9.47 10.18 10.93 11.73 11.15 14.35 14.05 12.75 15.11 16.38 14.10 13.25 13.38 14.70 11.93 10.87 10.21 11.18 11.31 12.84 13.88 17.88 19.16 21.67 24.35 24.25 21.42 19.15 19.10 16.05 14.93 13.15 14.13 12.83 13.60 13.23 15.38 13.59 13.25 14.35 15.69 14.37 15.54 17.45 18.16 18.05 21.62 23.37 
25.11 24.33 21.86 18.46 17.94 17.59 17.97 17.48 20.14 20.34 19.93 20.10 17.77 15.91 17.54 17.47 14.68 13.81 15.93 14.90 12.24 11.75 14.22 12.27 11.21 13.51 16.39 15.02 17.37 17.01 18.13 15.72 13.18 10.65 7.38 5.71 0.00 5.74 7.97 10.24 12.75 13.35 14.07 13.83 13.96 12.95 13.44 12.07 12.09 10.11 12.72 11.33 11.23 11.86 14.91 14.13 14.71 16.75 17.48 18.89 17.26 17.63 14.47 16.59 15.41 16.09 15.78 14.28 14.04 13.58 13.94 14.47 16.51 15.75 18.66 18.32 20.85 20.06 16.55 14.34 13.11 12.77 11.51 13.25 13.14 14.85 16.36 18.60 19.54 21.14 21.09 20.57 21.15 19.29 18.30 19.14 19.05 17.33 16.94 16.58 17.19 16.75 16.99 16.99 20.27 20.59 19.09 15.06 12.58 11.34 9.81 10.44 10.52 9.68 9.36 13.54 13.34 11.44 14.69 16.76 14.19 12.92 14.12 15.41 12.08 10.39 9.61 11.33 10.13 12.06 12.67 16.65 18.60 21.25 23.35 23.36 21.14 18.82 18.80 15.87 15.33 13.55 14.71 13.31 15.04 15.22 17.28 14.98 15.35 16.69 16.68 14.72 16.63 17.37 18.90 17.77 22.24 23.03 
24.86 23.86 21.37 18.05 17.57 16.69 16.95 16.23 18.74 18.94 18.16 18.82 16.53 15.06 16.32 16.22 13.25 13.00 15.24 13.63 11.99 12.29 15.01 12.85 12.48 15.51 18.23 16.71 18.92 19.87 20.52 18.69 16.27 13.49 11.30 7.69 5.74 0.00 6.10 7.27 9.62 9.80 10.52 10.80 9.52 9.05 9.79 9.73 7.78 6.43 10.06 10.77 10.37 11.94 14.81 14.93 15.03 17.41 17.73 19.69 17.92 18.01 15.15 16.77 14.34 14.75 14.38 13.42 13.11 12.59 14.09 14.25 16.64 16.29 19.65 19.18 21.81 21.44 17.78 15.79 13.45 12.11 10.89 11.44 11.64 12.97 13.56 15.80 17.48 19.18 19.04 18.81 19.46 18.13 17.07 17.77 18.35 17.14 17.27 16.59 17.72 17.77 18.05 17.36 21.08 21.55 20.29 16.32 13.71 12.84 10.83 10.84 9.92 10.22 9.96 13.17 13.30 13.49 16.64 18.43 15.94 14.71 15.79 16.85 13.67 12.68 10.99 10.88 10.97 10.61 11.65 14.86 17.11 19.34 21.85 21.33 19.27 16.92 17.08 14.37 14.48 12.69 14.25 13.44 15.29 15.64 18.17 15.88 15.64 16.78 17.89 15.63 17.42 18.74 18.90 18.20 21.96 23.41 
26.03 25.66 23.34 19.46 19.08 18.16 18.21 17.60 19.70 19.69 19.30 20.12 18.01 16.21 16.94 17.41 15.10 14.95 17.20 16.43 14.03 14.79 18.04 15.98 15.06 18.89 22.50 20.74 22.30 24.25 25.42 23.05 19.99 17.68 15.56 11.57 7.97 6.10 1.86 6.34 8.46 9.45 9.85 10.75 10.38 10.55 11.21 12.06 11.83 11.22 14.35 14.09 14.13 15.41 18.89 18.86 18.61 20.54 21.60 23.82 21.59 21.63 18.55 20.21 16.49 16.49 16.26 15.25 15.32 15.13 16.12 16.71 19.03 19.11 22.79 22.19 24.32 24.13 21.24 19.02 15.68 14.39 11.84 12.63 11.67 13.31 13.59 15.71 17.44 19.37 19.87 19.62 20.97 19.94 19.08 19.77 20.29 19.60 19.68 19.51 20.38 20.54 21.30 20.77 24.07 24.58 23.23 18.81 16.36 14.83 12.24 11.81 10.90 10.33 9.37 13.13 15.31 16.32 18.47 20.49 18.62 17.85 17.74 19.05 15.81 14.50 11.39 11.67 10.40 10.37 10.61 14.37 16.33 18.59 21.76 21.80 19.45 17.64 17.62 15.49 15.92 14.73 16.40 15.86 17.92 18.37 21.42 19.29 19.43 19.70 20.26 18.43 19.41 18.78 21.44 19.40 23.54 23.43 
26.58 26.05 23.40 19.56 19.49 18.75 18.01 16.74 18.43 18.72 17.87 18.95 16.83 15.81 16.69 17.07 14.01 13.98 16.90 15.74 13.55 14.15 17.45 15.83 15.43 18.98 23.10 21.68 24.12 25.22 26.85 24.93 21.66 19.49 17.03 13.05 10.24 7.27 6.34 0.00 5.20 5.45 7.26 7.35 7.98 7.81 8.94 10.59 10.55 10.51 12.31 14.02 14.46 15.92 18.67 18.98 19.32 21.33 22.53 24.13 21.84 21.82 18.75 19.36 15.21 15.39 14.92 14.26 15.01 14.62 16.39 17.32 20.17 19.34 22.95 22.76 24.75 24.36 21.37 19.26 16.22 14.31 11.03 11.88 10.12 11.33 12.23 13.80 15.54 17.95 18.81 18.55 20.35 19.26 18.79 19.99 20.51 19.36 20.04 19.68 20.87 20.43 21.07 20.87 23.97 24.60 23.15 18.85 15.93 14.93 13.00 12.03 10.19 10.27 10.92 14.91 16.04 16.44 19.88 21.57 19.62 18.68 18.88 20.54 17.71 15.91 13.97 13.62 12.25 11.37 11.04 13.46 14.72 17.17 20.32 20.51 18.74 16.49 17.16 15.33 16.15 15.11 16.67 16.23 18.47 18.64 21.22 19.21 18.85 20.14 20.73 18.66 19.77 20.77 20.90 20.29 24.06 25.08 
27.76 27.31 24.08 20.40 21.39 20.21 19.36 17.75 19.08 19.12 18.49 19.84 18.02 16.87 18.20 18.95 15.86 15.58 18.24 18.10 15.91 16.63 19.70 18.85 19.49 21.94 25.74 25.36 27.85 28.12 29.11 28.11 25.11 21.90 19.24 15.52 12.75 9.62 8.46 5.20 0.00 4.66 6.97 9.25 9.66 10.51 11.49 13.25 13.19 13.22 15.50 17.10 16.20 17.87 20.41 21.29 21.46 23.63 24.59 26.24 24.31 24.39 21.26 21.60 17.17 17.48 16.87 16.23 16.69 16.68 18.68 20.04 22.44 21.08 25.40 25.27 27.27 26.65 24.00 21.87 18.76 16.69 13.33 13.62 11.68 12.66 11.98 14.79 16.47 18.82 19.62 20.10 21.77 20.60 20.10 21.42 21.63 20.81 21.33 21.50 22.34 22.10 22.32 21.81 25.72 26.53 24.32 19.65 17.42 16.40 14.07 13.40 12.18 11.89 13.12 17.98 19.17 18.66 22.23 24.58 22.15 20.98 21.48 23.16 19.80 18.30 17.01 16.61 13.74 13.61 12.15 14.25 14.04 16.78 20.00 21.19 19.93 17.84 18.67 17.51 18.39 17.24 19.26 18.46 20.55 20.75 23.74 21.64 21.57 22.78 23.36 20.39 21.97 22.79 24.07 21.95 26.30 26.12 
27.18 26.64 23.54 20.03 20.65 20.36 18.74 17.08 18.00 17.84 16.88 18.52 16.57 15.68 17.31 17.94 14.93 14.87 18.31 17.61 15.27 16.64 20.01 19.02 19.20 21.84 25.09 24.64 27.20 27.45 29.07 27.24 25.27 22.09 19.08 15.52 13.35 9.80 9.45 5.45 4.66 0.00 4.65 6.81 7.79 8.93 9.89 11.27 11.57 12.29 14.00 14.92 14.85 16.87 19.67 19.62 20.27 22.49 23.70 25.17 23.36 23.48 19.95 20.43 16.17 15.68 15.27 14.96 16.40 16.00 18.23 19.24 22.08 21.41 24.89 24.61 26.84 26.63 23.79 21.09 17.92 16.23 11.54 11.36 9.44 9.81 9.48 11.89 15.34 18.25 18.90 19.43 21.15 20.44 19.76 21.06 21.26 20.70 20.93 20.49 21.83 21.65 21.30 20.61 24.54 25.82 23.70 18.90 16.87 15.66 13.07 12.49 11.05 12.00 13.69 18.48 19.82 19.58 22.96 24.94 22.74 21.74 22.19 23.82 20.74 20.04 18.06 17.67 14.79 14.48 13.06 14.52 14.00 16.06 19.03 19.73 18.90 16.97 18.42 16.53 17.90 16.88 19.12 18.46 20.17 20.49 23.46 21.35 20.62 22.01 22.94 20.66 21.96 24.05 23.53 22.64 25.45 26.42 
