2.20 6.62 9.52 11.28 13.14 14.17 16.94 18.24 17.80 19.14 19.37 20.26 19.90 21.89 22.62 24.09 25.48 25.77 26.50 25.86 24.50 23.35 22.64 21.83 20.86 21.61 21.89 21.73 20.62 20.97 22.05 22.71 23.29 24.76 26.97 28.10 28.77 28.98 28.06 26.96 25.72 25.54 25.70 25.54 25.62 26.91 27.62 27.22 27.76 29.55 30.43 29.03 28.99 29.78 29.68 27.70 27.45 27.10 27.63 27.37 27.56 27.69 29.47 28.58 26.11 25.44 26.06 25.57 25.40 26.82 28.50 28.24 26.90 26.64 27.27 27.29 27.22 28.83 31.14 32.00 31.61 32.58 33.39 33.07 32.06 32.80 34.87 33.87 32.27 32.43 34.11 33.33 31.55 32.48 33.63 32.29 30.57 30.68 30.89 30.52 31.05 30.93 30.33 29.60 28.04 28.44 27.54 26.21 25.70 25.83 26.47 26.36 26.93 28.06 31.19 32.04 31.22 30.98 30.36 29.09 28.15 28.14 28.41 28.91 29.96 30.93 30.53 29.55 29.78 30.60 31.19 31.62 32.88 34.23 33.89 33.01 32.66 33.43 33.36 32.76 33.57 34.93 34.79 33.37 34.10 33.86 34.14 34.36 35.22 34.04 32.96 32.75 32.42 32.10 32.58 33.09 34.41 35.35 36.10 35.93 35.60 34.99 35.16 34.91 34.61 33.70 34.28 35.17 35.34 33.71 32.98 32.11 31.24 30.12 29.86 30.10 31.52 31.50 32.49 32.61 32.28 31.86 32.35 32.84 34.84 35.09 35.55 35.80 36.00 35.33 35.63 34.95 34.34 33.91 34.11 32.73 33.73 33.27 33.55 33.77 33.23 31.28 31.35 32.38 31.42 30.07 31.03 32.30 34.89 36.09 
6.62 2.17 6.72 8.75 9.71 11.51 13.65 16.08 15.45 17.06 16.65 18.27 18.21 19.81 21.21 22.78 24.21 24.42 25.38 24.39 22.83 20.98 20.61 19.51 18.66 19.11 19.72 19.50 18.55 18.85 20.19 20.87 21.93 23.32 25.94 27.17 27.97 28.08 27.25 25.14 24.23 23.71 24.19 23.67 23.84 25.12 25.96 25.65 26.73 28.34 29.16 27.59 28.04 28.55 28.56 26.28 26.23 25.52 26.38 26.06 26.38 26.04 28.25 27.48 24.47 23.44 24.37 23.82 23.59 24.93 27.32 26.92 25.68 24.99 25.96 25.95 25.98 27.23 29.78 30.86 30.72 31.09 31.75 31.67 30.80 31.13 33.20 32.37 30.80 30.79 32.72 32.08 30.10 31.11 32.16 30.94 29.05 29.41 29.10 29.01 29.69 29.41 28.56 27.86 26.81 26.95 26.07 24.43 24.31 24.10 24.83 24.92 25.93 26.58 29.80 31.01 30.25 29.47 28.83 27.44 26.63 26.26 26.46 26.87 28.32 29.04 28.52 27.34 27.88 28.70 29.14 29.61 31.16 32.58 32.05 31.21 30.93 31.88 31.58 30.98 31.88 33.56 33.20 31.85 32.75 32.57 32.64 32.99 33.99 32.71 31.24 31.29 30.85 30.71 31.06 31.62 32.81 34.19 34.96 35.10 34.42 34.16 34.28 34.40 33.70 32.83 33.26 34.24 34.18 32.44 31.48 30.33 29.19 28.38 28.04 28.25 29.84 29.69 30.89 30.67 30.21 29.79 30.32 30.92 32.86 33.26 33.62 34.10 33.91 33.49 33.59 33.49 32.85 32.39 32.52 31.20 32.04 31.37 32.02 31.41 30.79 29.36 31.06 30.48 27.62 28.62 30.91 32.00 31.71 35.79 
9.52 6.72 1.72 5.82 7.86 9.09 11.40 13.30 13.47 14.78 15.50 17.03 16.81 19.30 21.66 23.53 24.79 24.59 26.54 25.37 23.11 21.00 20.65 19.54 18.07 18.36 19.05 18.91 18.09 18.39 19.71 21.07 22.09 23.97 26.65 27.75 28.61 28.45 27.65 25.34 23.85 23.30 24.05 23.59 23.96 24.92 26.11 26.11 27.72 29.04 29.97 28.39 28.89 29.22 29.39 27.02 26.85 26.18 27.00 26.55 26.64 26.18 28.44 27.65 24.41 23.02 24.42 23.84 23.37 24.89 27.49 27.42 26.09 25.55 26.64 26.52 26.36 27.61 30.29 31.77 32.14 32.12 32.38 32.22 31.87 31.66 33.58 32.68 31.53 31.32 33.45 32.28 30.56 31.38 32.66 31.08 29.43 29.39 29.31 28.76 29.92 29.55 28.67 27.99 26.83 27.06 26.12 24.72 24.54 24.23 24.83 25.24 26.43 26.81 29.87 31.20 30.75 29.77 29.27 27.62 26.66 26.13 26.41 26.59 28.07 28.72 28.29 26.82 27.81 28.29 29.02 29.29 31.30 32.37 32.06 30.94 31.01 31.68 31.48 30.43 31.83 33.26 33.22 31.41 32.99 32.48 32.74 32.86 34.29 32.87 31.56 31.17 31.14 31.02 31.58 31.84 33.30 34.68 35.56 35.45 35.29 34.55 35.10 34.88 34.38 33.14 33.99 34.45 34.49 32.57 31.94 30.27 29.11 28.17 28.25 28.14 29.84 29.63 30.89 30.55 30.11 29.44 30.30 30.59 32.43 32.63 33.49 33.73 33.63 32.89 33.41 33.08 32.68 32.12 32.41 31.03 32.50 31.63 31.84 31.60 31.72 30.36 30.05 31.26 30.11 29.42 31.55 31.69 33.96 35.74 
11.28 8.75 5.82 2.14 6.62 7.53 9.79 12.23 11.93 14.31 14.94 15.88 15.71 18.09 21.00 22.69 23.92 24.05 25.96 24.52 22.11 19.64 19.83 17.87 16.72 16.95 18.20 17.78 16.82 16.71 19.13 20.12 21.31 23.10 25.70 27.12 27.48 27.63 26.43 24.53 23.13 22.55 22.99 22.73 22.87 24.29 25.43 25.38 26.79 28.72 29.49 27.68 27.81 28.68 29.07 26.55 26.37 25.86 26.76 26.25 26.40 26.02 28.21 27.19 24.12 22.90 23.86 23.38 22.73 24.16 26.74 26.89 25.65 24.90 25.83 26.35 26.13 27.45 30.04 31.71 31.93 32.06 32.48 32.55 31.91 31.81 33.85 32.75 31.31 31.08 33.33 32.19 30.11 31.08 32.08 30.69 28.94 29.21 28.47 28.41 29.13 29.22 27.78 27.27 26.31 26.72 25.47 24.05 23.77 23.61 24.11 24.66 25.78 26.41 29.47 30.71 29.88 29.07 28.43 27.19 25.90 25.68 25.70 26.16 27.48 28.23 27.46 26.46 27.17 27.93 28.10 28.71 30.38 31.82 31.02 30.22 30.26 31.12 30.37 29.72 30.90 32.69 32.13 30.77 32.25 32.01 31.71 32.26 33.48 32.28 30.45 30.99 30.77 30.70 30.74 31.53 32.65 34.04 34.67 34.75 34.40 33.91 34.01 34.15 33.53 32.55 33.09 34.07 33.94 32.10 31.13 30.07 28.66 27.79 27.47 27.77 29.11 29.02 29.95 29.95 29.03 28.77 28.97 29.85 31.65 32.08 32.34 32.90 32.54 32.19 32.26 32.44 31.92 31.60 31.57 30.81 31.79 31.23 30.79 31.49 31.91 29.93 29.98 28.90 27.88 28.10 30.99 29.65 31.59 35.74 
13.14 9.71 7.86 6.62 1.97 5.13 7.38 9.53 11.09 12.71 12.44 13.53 14.24 16.72 18.39 21.03 23.29 24.26 24.89 23.36 20.41 18.67 18.16 16.57 15.42 16.15 17.25 16.33 14.75 14.94 16.78 18.44 19.37 21.80 24.36 26.16 26.90 27.05 25.56 23.75 22.36 21.96 22.03 21.23 21.13 23.00 24.23 23.69 24.16 26.81 28.11 25.79 25.94 27.03 27.25 24.29 24.09 23.91 24.77 24.63 24.96 24.90 27.34 26.46 23.07 21.99 22.89 22.20 21.66 23.23 25.61 25.30 23.53 22.88 23.93 24.25 24.09 25.81 28.53 29.89 29.32 30.15 30.95 30.52 29.25 29.78 32.37 30.89 28.84 28.84 31.44 30.18 27.67 28.83 30.43 28.79 27.03 27.26 27.19 26.68 27.75 27.75 26.74 25.68 25.07 25.34 24.15 22.06 21.90 22.12 22.73 23.24 24.23 25.25 28.90 30.10 28.71 27.96 27.38 25.63 24.76 24.43 24.65 24.87 26.04 27.12 26.39 25.12 25.71 26.69 26.77 27.06 28.75 30.43 29.85 28.44 28.41 29.20 29.02 27.65 28.93 30.71 30.65 28.70 30.19 29.80 30.08 30.36 32.01 30.36 29.03 29.15 29.37 28.98 29.35 29.92 30.96 32.24 33.18 33.01 32.96 31.95 32.42 32.02 31.70 30.25 31.11 32.14 32.57 30.25 29.47 28.25 27.20 25.95 25.79 25.93 27.30 27.08 28.40 28.27 27.34 27.00 27.62 28.13 30.44 30.69 31.15 31.32 31.43 30.55 31.18 30.67 30.43 29.79 30.08 28.47 29.19 28.79 28.32 28.46 28.21 27.46 27.76 29.03 27.72 28.96 29.14 28.76 29.84 34.79 
14.17 11.51 9.09 7.53 5.13 0.24 6.29 7.98 9.27 12.14 13.66 14.82 15.60 18.35 20.35 22.86 25.85 26.44 27.00 24.89 21.51 19.37 18.12 16.45 15.37 16.04 16.69 15.47 14.79 15.66 17.98 19.66 21.32 23.54 25.86 28.05 28.42 29.01 26.62 24.07 22.63 22.24 22.36 21.25 21.23 23.22 24.31 23.79 24.44 26.84 28.10 25.76 25.98 26.91 26.94 24.24 23.96 23.90 24.78 24.91 25.33 25.93 28.19 27.55 23.19 22.22 23.13 22.17 21.62 23.65 26.12 26.00 23.87 23.41 24.40 24.33 24.35 25.99 29.04 30.53 29.93 30.39 30.90 30.57 29.37 29.54 32.12 30.89 28.72 28.61 31.15 30.25 27.60 28.76 30.27 28.55 26.78 27.01 26.67 26.25 27.56 27.51 26.47 25.63 24.76 25.63 23.95 22.28 22.15 22.54 23.11 23.72 24.90 26.04 29.58 31.57 29.74 28.91 27.32 25.67 24.68 24.32 24.15 24.77 26.11 27.55 26.27 25.17 25.58 26.50 26.62 27.06 28.90 30.54 29.76 28.29 28.27 29.06 28.67 27.61 28.99 30.97 30.58 28.83 30.42 29.98 30.04 30.63 32.45 31.06 29.10 29.66 29.67 29.47 29.66 30.52 31.71 33.30 33.96 33.93 33.67 32.86 32.93 32.87 32.27 30.97 31.51 32.84 33.07 30.84 29.57 28.48 27.28 26.20 25.96 26.31 27.94 27.82 29.18 29.06 28.06 27.50 28.19 28.77 31.09 31.46 31.72 31.94 31.80 30.87 31.20 31.00 30.54 29.95 29.96 28.56 29.37 28.80 28.12 28.24 28.50 27.64 28.22 28.47 27.33 27.77 28.78 28.43 29.73 34.63 
16.94 13.65 11.40 9.79 7.38 6.29 0.00 6.30 7.65 10.57 12.24 14.78 15.69 18.48 21.61 24.37 27.06 27.75 28.51 26.77 23.34 20.43 18.76 17.08 16.12 15.13 15.75 14.84 14.80 15.74 18.43 20.64 22.29 24.68 27.28 29.14 29.89 29.51 27.47 25.15 23.83 22.90 23.05 22.12 21.97 23.54 24.78 24.25 25.09 27.45 28.42 26.29 26.99 27.58 27.41 24.34 24.84 24.14 24.97 24.82 25.80 25.58 28.19 27.30 23.71 22.37 23.57 22.72 22.12 23.84 26.37 25.93 24.16 23.62 24.95 24.49 24.32 25.94 29.04 30.18 29.94 30.31 30.88 30.55 29.70 29.78 32.48 31.00 29.33 29.11 31.89 30.63 28.49 29.25 30.88 29.06 27.48 27.27 26.84 26.28 27.96 27.51 26.53 25.76 25.26 25.37 24.36 22.56 22.85 22.78 23.44 24.22 25.45 25.92 29.72 31.58 30.38 28.83 27.61 25.86 25.27 24.43 24.25 24.20 26.03 26.95 25.96 24.46 25.39 26.12 26.44 26.93 29.20 30.62 30.06 28.72 29.01 29.49 29.35 27.99 29.81 31.27 31.33 29.10 31.24 30.41 30.77 31.04 33.27 31.31 30.06 29.97 30.35 30.00 30.70 31.19 32.57 33.91 35.04 34.83 35.09 33.85 34.38 33.80 33.63 31.74 32.71 33.41 34.03 31.11 30.35 28.58 27.89 26.31 26.68 26.62 28.51 27.96 29.55 29.27 28.60 28.04 29.04 29.49 31.73 31.88 32.49 32.81 32.74 31.82 32.46 32.07 31.74 30.93 31.17 29.45 30.53 29.52 29.11 28.90 29.13 27.81 28.08 29.59 28.37 29.05 28.88 28.66 31.09 35.10 
18.24 16.08 13.30 12.23 9.53 7.98 6.30 0.00 5.84 8.12 10.71 13.78 15.90 18.53 22.57 26.43 29.05 29.37 29.38 28.04 24.75 21.52 19.21 17.03 15.84 14.69 15.21 15.23 15.62 16.51 20.21 22.14 23.86 26.23 28.92 30.80 30.87 31.11 28.81 26.16 24.54 23.77 23.97 23.35 22.96 25.16 26.02 25.86 26.24 29.06 29.61 27.56 27.28 28.46 27.99 25.54 25.37 24.98 25.64 26.06 27.04 27.00 29.58 29.00 24.88 23.64 24.61 23.89 23.34 25.42 27.91 27.82 25.66 25.13 25.98 25.84 25.73 27.44 30.34 31.94 31.34 32.04 32.34 31.79 30.60 30.99 33.65 31.99 29.98 29.87 32.70 31.53 29.01 29.98 31.30 29.87 27.96 28.16 27.22 27.34 28.61 28.86 27.02 26.85 25.57 26.16 24.53 23.48 23.35 23.49 24.08 25.12 26.36 27.28 31.09 32.92 31.27 30.10 28.28 26.61 25.61 25.18 25.04 25.23 27.17 28.27 27.01 25.46 26.22 26.95 27.26 27.88 29.90 31.78 30.72 29.76 29.56 30.29 29.64 28.81 30.09 32.22 31.63 29.86 31.63 31.05 31.07 31.96 33.69 32.23 30.19 30.76 30.67 30.35 30.83 31.54 32.77 34.42 35.27 35.32 35.01 34.21 34.34 34.19 33.57 32.30 32.88 34.00 34.26 31.89 30.67 29.25 28.35 26.99 27.10 27.22 29.20 29.03 30.66 30.26 29.03 28.51 29.44 29.79 32.09 32.43 33.11 33.27 32.91 32.37 32.78 32.55 31.72 31.36 31.39 30.15 30.77 30.22 29.34 30.10 30.42 29.25 28.68 28.75 28.17 28.57 28.31 27.09 29.86 33.89 
17.80 15.45 13.47 11.93 11.09 9.27 7.65 5.84 0.00 5.74 6.76 10.40 12.14 15.95 18.69 20.91 24.27 24.79 24.63 23.36 20.35 17.59 15.29 12.68 11.34 10.83 12.50 11.83 12.57 13.28 16.27 18.62 20.63 22.92 25.73 27.69 28.44 28.08 26.05 23.28 21.84 21.05 21.07 20.21 20.14 22.15 23.26 22.91 23.43 25.94 26.97 24.48 24.48 25.01 24.71 21.59 21.71 21.14 22.10 22.50 23.73 23.64 26.72 25.74 21.77 20.49 21.37 20.72 20.39 22.76 25.28 24.71 23.03 22.04 22.74 22.94 23.06 24.77 27.46 28.79 28.39 28.92 29.02 28.42 27.07 27.60 30.00 28.42 26.34 26.41 28.64 27.64 24.99 26.27 27.46 26.10 24.42 24.86 24.12 24.17 25.75 25.46 23.80 23.12 22.23 22.53 20.82 19.25 19.71 19.70 20.04 21.06 22.86 24.10 28.20 29.51 28.03 26.80 25.26 22.87 21.92 21.65 21.80 22.41 23.71 24.83 23.70 22.55 22.92 23.89 23.61 24.79 26.74 28.61 27.49 26.43 26.17 26.93 26.21 25.47 26.71 28.78 28.17 26.28 27.77 27.30 27.44 28.14 30.23 28.26 26.53 26.68 26.72 26.29 26.44 27.34 28.61 29.93 31.06 30.84 30.79 29.83 29.99 29.75 29.33 28.07 28.75 30.04 30.24 28.01 27.00 25.62 24.62 23.71 23.42 23.69 25.49 25.47 26.78 26.22 25.04 24.79 25.25 25.90 28.11 28.77 29.03 29.27 29.16 28.19 28.57 28.38 27.85 27.45 27.19 25.63 26.56 26.16 25.73 25.33 25.62 24.46 24.67 24.26 24.16 25.40 26.14 24.22 28.78 29.67 
19.14 17.06 14.78 14.31 12.71 12.14 10.57 8.12 5.74 0.00 5.89 7.61 11.48 13.86 17.72 20.00 23.38 24.22 23.82 21.72 18.91 16.01 13.60 10.21 9.78 10.08 11.59 11.84 12.64 13.58 16.19 18.33 20.45 22.62 25.58 27.41 27.97 27.92 25.82 22.75 21.05 20.12 20.08 19.37 19.21 21.33 22.49 22.10 22.45 24.91 26.20 23.51 23.44 23.88 23.07 19.57 19.87 19.70 20.66 21.13 22.52 22.89 25.89 24.49 20.97 19.82 20.77 19.61 19.90 22.24 24.76 24.23 22.39 21.36 21.69 21.56 21.97 23.90 26.39 27.89 27.35 27.77 27.93 27.28 25.96 26.40 28.88 27.50 25.46 25.32 27.81 27.16 24.23 25.83 26.88 25.70 23.59 24.27 23.59 23.90 25.44 25.41 23.79 22.84 21.98 22.20 20.22 18.06 18.66 19.33 19.37 20.11 22.11 23.48 27.76 28.91 27.56 26.40 24.67 22.49 21.36 20.99 20.93 21.80 23.34 24.27 23.33 22.33 22.56 23.22 23.38 24.56 26.55 28.48 27.37 26.39 25.94 26.82 26.03 25.46 26.65 29.09 28.17 26.37 27.63 27.34 27.30 28.29 29.84 28.48 26.25 26.75 26.27 26.22 26.37 27.63 28.57 30.58 30.97 31.37 30.71 30.30 29.80 30.13 29.28 28.39 28.57 30.38 30.11 28.27 26.78 25.39 24.06 23.38 22.98 23.50 25.36 25.34 26.58 26.18 24.88 24.76 25.08 25.90 28.48 29.23 29.08 29.67 29.12 28.30 28.30 28.41 27.65 27.33 26.93 25.61 26.13 26.04 25.19 25.24 25.49 24.10 24.63 24.21 24.09 23.80 24.67 23.91 28.09 27.53 
19.37 16.65 15.50 14.94 12.44 13.66 12.24 10.71 6.76 5.89 0.00 5.85 7.31 11.49 14.12 17.19 20.27 20.93 21.28 18.68 15.89 13.42 11.14 8.16 8.71 8.83 10.86 10.73 12.26 12.19 14.82 16.54 18.61 21.31 24.34 26.18 26.56 26.52 24.65 21.57 20.07 18.87 18.81 17.26 17.10 19.67 21.03 19.93 19.80 22.82 24.21 21.41 21.50 22.03 21.25 17.69 17.70 17.26 18.13 18.40 20.02 20.52 23.72 22.71 18.95 17.84 18.82 18.41 18.16 20.44 23.16 22.95 21.05 19.56 19.78 19.64 19.80 21.27 24.02 25.59 25.24 25.64 25.69 25.01 23.66 24.22 26.99 25.65 23.45 23.69 26.33 25.23 22.60 23.95 25.40 24.14 22.32 22.65 22.09 22.21 23.71 23.56 22.42 21.91 20.99 20.70 18.81 16.70 16.37 16.57 17.45 18.35 19.68 20.92 25.54 27.26 25.66 24.38 22.57 20.52 19.82 19.24 18.99 19.52 21.43 22.48 21.68 20.25 20.36 21.07 21.30 22.77 24.94 26.84 25.99 25.01 24.75 25.40 24.80 23.92 25.32 27.29 27.02 24.77 26.42 25.83 26.05 26.39 28.42 26.48 25.01 24.75 24.74 24.73 25.42 26.29 27.61 29.09 30.26 30.01 30.07 29.10 29.32 29.13 28.44 27.03 27.59 28.67 28.85 26.26 25.37 23.48 22.35 21.27 21.32 21.44 23.67 23.47 25.09 24.40 23.29 22.92 23.50 24.29 26.89 27.44 27.83 28.13 27.82 27.10 27.32 27.16 26.45 25.90 25.71 24.02 24.78 24.12 23.84 23.34 23.97 22.44 22.63 22.92 23.02 23.05 24.68 23.51 27.89 28.54 
20.26 18.27 17.03 15.88 13.53 14.82 14.78 13.78 10.40 7.61 5.85 0.00 5.94 7.67 12.17 14.24 18.45 19.34 19.21 17.52 14.77 11.77 10.07 8.64 8.58 9.53 11.72 12.19 12.15 12.05 13.84 15.38 17.32 20.05 23.33 25.23 25.00 25.05 23.65 20.76 19.57 18.59 18.55 17.42 16.81 19.19 20.49 19.74 19.37 22.16 23.61 21.22 21.12 21.94 21.13 17.81 17.27 16.41 17.27 17.79 19.01 19.63 22.77 22.26 18.69 17.35 18.74 18.66 18.59 20.77 23.59 23.28 21.70 19.86 20.07 19.88 19.91 21.21 23.69 25.37 25.05 25.14 25.35 24.88 23.58 23.84 26.38 25.22 23.43 23.13 25.71 25.03 22.50 23.58 24.94 24.09 22.50 22.83 22.20 22.58 23.72 23.76 22.14 22.18 20.81 20.97 18.95 16.54 15.27 15.63 16.62 17.83 18.78 20.55 24.85 26.74 24.83 23.57 21.86 20.17 19.33 19.19 18.99 19.47 21.26 22.52 21.77 20.28 20.57 21.32 21.63 22.78 24.77 26.86 25.92 25.28 24.98 25.73 25.00 24.27 25.37 27.69 26.96 25.16 26.59 26.35 26.12 26.75 28.26 26.81 24.44 24.73 24.48 24.46 24.81 25.75 27.02 28.76 29.72 29.98 29.85 29.09 29.04 29.18 28.43 27.13 27.42 28.80 28.68 26.53 25.03 23.70 22.27 21.11 20.94 21.22 23.10 23.00 24.47 23.95 22.59 22.19 22.94 23.64 26.17 26.76 27.35 27.64 27.54 26.90 27.18 27.09 26.59 26.06 25.99 24.57 24.80 24.36 23.53 23.30 23.94 22.08 22.62 22.43 22.60 23.11 23.81 23.66 27.50 28.14 
19.90 18.21 16.81 15.71 14.24 15.60 15.69 15.90 12.14 11.48 7.31 5.94 0.00 5.53 7.14 10.54 13.33 15.18 15.18 14.17 11.83 9.49 8.39 7.63 8.86 10.99 13.56 12.74 12.05 11.79 12.44 13.80 15.36 17.40 20.55 22.42 22.96 23.14 21.54 19.27 18.44 17.68 17.37 16.19 15.17 17.32 18.88 18.53 18.16 20.88 22.20 20.10 20.27 21.05 20.15 16.75 16.10 14.82 15.23 15.54 17.35 17.28 20.37 20.10 16.84 15.74 16.91 17.39 17.57 19.96 22.83 22.54 20.83 19.25 19.31 18.97 18.88 20.15 22.13 23.84 23.60 23.62 23.34 23.13 22.02 22.04 24.08 23.39 21.82 21.76 23.75 23.34 21.03 22.42 23.66 22.92 21.50 22.47 21.68 22.08 23.06 23.17 21.60 21.55 20.78 20.73 18.47 15.78 14.39 14.21 14.85 15.81 17.37 18.70 22.97 24.79 23.24 21.79 20.19 18.74 17.96 17.93 17.90 18.81 20.30 21.50 20.85 19.35 19.46 20.37 20.38 21.67 23.41 25.66 24.89 24.22 24.01 24.99 24.26 23.61 24.67 26.86 26.21 24.41 25.78 25.53 25.30 25.84 27.49 25.53 23.50 23.48 23.48 23.11 23.17 24.23 25.37 27.17 28.23 28.53 28.83 28.00 27.93 27.86 27.20 25.81 26.32 27.51 27.80 25.37 24.22 22.63 21.29 20.13 19.94 20.22 22.01 22.02 23.27 22.74 21.28 21.12 21.61 22.32 24.52 25.26 25.76 26.26 26.03 25.43 25.83 25.94 25.42 25.03 24.78 23.39 23.63 23.36 22.29 21.80 21.86 20.65 20.97 21.22 21.07 21.98 23.25 23.07 25.85 26.43 
21.89 19.81 19.30 18.09 16.72 18.35 18.48 18.53 15.95 13.86 11.49 7.67 5.53 0.00 6.16 7.90 11.55 13.47 13.60 12.50 10.47 9.92 8.99 8.65 10.62 14.06 16.27 15.03 13.52 12.57 13.36 13.54 15.37 17.53 20.54 22.62 22.60 22.84 21.91 19.25 18.16 17.84 17.82 16.76 15.37 17.65 18.89 18.63 17.88 20.90 22.87 20.55 20.45 21.03 20.63 17.18 16.33 14.84 15.27 15.04 16.55 17.50 20.41 19.80 17.25 16.27 17.64 17.96 18.39 20.98 23.67 23.38 21.35 19.68 19.56 19.25 19.17 20.13 21.95 23.51 23.17 23.18 23.04 22.59 21.48 21.63 23.87 23.11 21.59 21.56 23.87 23.56 21.32 22.79 24.16 23.37 21.88 22.90 22.55 22.85 23.96 24.27 22.78 22.88 22.14 22.49 19.83 17.09 15.71 15.15 15.03 15.61 17.00 18.43 22.44 24.42 23.01 21.54 19.63 18.13 17.95 18.00 18.38 19.61 21.34 22.55 21.87 20.47 20.54 21.33 21.58 22.61 24.48 26.74 25.88 25.08 24.90 25.82 25.11 24.26 25.51 27.73 27.07 25.21 26.60 26.24 26.03 26.62 28.10 26.42 24.14 24.21 24.02 23.73 23.80 24.84 26.09 27.97 28.69 29.17 29.28 28.57 28.27 28.38 27.56 26.45 26.73 28.02 28.00 26.02 24.78 23.22 21.73 20.81 20.54 20.72 22.38 22.58 23.85 23.26 21.99 21.70 22.20 22.70 25.12 25.76 26.20 26.57 26.47 25.63 25.97 26.00 25.48 25.00 24.86 23.60 24.16 23.62 22.63 22.20 22.64 20.74 21.55 21.74 22.03 22.24 23.22 23.03 26.15 27.16 
22.62 21.21 21.66 21.00 18.39 20.35 21.61 22.57 18.69 17.72 14.12 12.17 7.14 6.16 1.55 6.22 7.44 10.04 10.88 10.67 9.04 8.86 9.88 10.01 12.34 15.31 18.48 16.65 14.91 14.09 13.92 14.31 15.61 17.43 20.47 22.16 22.54 23.13 22.28 19.88 18.80 18.24 18.25 16.93 15.69 17.45 18.74 18.03 17.30 20.56 23.12 20.61 20.54 21.54 21.25 17.77 16.38 14.58 14.47 14.12 15.42 15.97 19.76 19.11 16.71 16.11 17.35 18.19 19.19 21.47 24.28 24.00 22.27 20.29 19.71 19.50 19.36 20.12 21.68 23.01 22.81 22.79 22.76 22.30 21.18 21.39 23.79 22.81 21.08 21.44 23.71 23.09 21.05 22.72 24.29 23.37 22.06 23.07 22.59 23.23 24.38 24.62 23.55 23.67 23.07 23.08 20.82 17.97 16.73 15.52 15.15 15.74 16.53 17.55 22.18 24.35 22.85 21.53 19.58 18.28 17.86 18.47 19.02 19.91 21.78 23.07 22.71 21.02 20.86 21.56 21.86 22.85 24.88 26.84 26.10 25.15 25.01 26.01 25.28 24.47 25.71 27.90 27.33 25.39 26.84 26.53 26.36 26.86 28.60 26.60 24.75 24.48 24.21 23.90 24.18 25.09 26.44 28.04 29.01 29.11 29.45 28.60 28.62 28.40 27.74 26.47 27.26 28.21 28.23 26.01 25.22 23.50 21.90 20.87 21.03 21.02 22.61 22.53 23.97 23.43 22.28 22.02 22.50 23.02 25.33 25.88 26.05 26.54 26.44 25.61 25.95 25.93 25.41 24.95 24.75 23.35 23.81 23.38 22.61 22.28 22.58 20.98 21.03 21.64 21.67 21.75 22.97 22.80 26.12 26.06 
24.09 22.78 23.53 22.69 21.03 22.86 24.37 26.43 20.91 20.00 17.19 14.24 10.54 7.90 6.22 0.05 6.01 7.45 9.49 9.26 8.93 8.79 10.32 12.57 14.86 18.30 20.67 19.33 16.45 15.62 15.05 13.54 14.49 16.18 19.74 21.47 20.98 21.58 21.52 19.22 18.32 17.81 18.22 17.12 15.86 17.13 17.94 17.52 16.52 20.12 22.84 20.38 20.53 21.91 22.12 18.91 17.29 15.18 15.21 14.49 15.24 15.81 19.09 19.24 16.89 16.24 17.40 18.60 19.80 21.91 24.58 24.27 22.69 20.71 20.46 19.71 19.54 20.03 21.73 22.91 22.46 22.47 22.40 22.07 21.10 21.11 23.43 22.28 21.04 21.05 23.47 22.80 21.00 22.72 24.32 23.42 22.27 23.18 23.09 23.71 25.27 25.57 24.33 24.32 23.68 23.85 21.51 18.66 17.29 16.30 15.58 15.39 16.54 17.44 21.51 23.64 22.86 21.27 19.51 17.93 18.01 18.63 19.29 20.26 22.26 23.57 23.29 21.66 21.83 22.47 22.77 23.38 25.19 27.36 26.72 25.79 25.52 26.39 25.90 24.91 26.16 28.53 27.90 25.95 27.28 27.06 26.99 27.65 29.01 27.42 25.11 24.91 24.38 24.18 24.44 25.28 26.41 28.37 29.18 29.52 29.37 28.76 28.63 28.57 27.66 26.68 27.30 28.53 28.32 26.49 25.54 23.82 22.18 21.19 21.27 21.42 23.01 22.96 24.53 23.93 22.50 22.09 22.56 22.97 25.03 25.69 25.96 26.46 26.26 25.69 25.96 26.02 25.43 25.22 25.21 24.08 24.34 24.07 23.32 22.85 23.25 21.44 21.91 22.21 22.30 21.98 22.79 22.86 26.20 26.94 
25.48 24.21 24.79 23.92 23.29 25.85 27.06 29.05 24.27 23.38 20.27 18.45 13.33 11.55 7.44 6.01 0.72 5.29 6.88 8.98 8.87 10.18 11.81 14.74 17.42 21.47 23.55 22.50 19.95 18.92 17.83 15.96 15.42 16.74 19.36 20.59 21.20 21.97 21.64 20.42 19.66 19.04 18.93 17.80 16.69 17.20 18.00 17.17 16.48 20.39 23.40 21.71 21.78 22.86 22.99 19.65 18.73 16.83 16.45 15.05 15.62 15.71 18.81 18.59 17.27 16.92 17.81 18.97 20.65 22.93 25.52 25.09 23.17 22.08 21.72 20.66 20.36 21.17 22.68 23.70 22.67 22.68 22.43 22.38 21.25 21.22 23.35 22.31 21.07 21.31 23.52 23.46 21.73 23.68 25.26 24.07 22.84 24.30 24.26 24.82 26.57 26.79 26.14 26.10 25.61 25.50 23.39 20.93 19.78 18.22 17.22 16.84 17.56 17.84 21.17 23.33 22.32 21.73 20.00 19.17 19.07 19.47 20.29 21.83 23.61 24.95 24.48 23.27 23.32 23.62 23.84 24.57 25.98 27.93 27.53 26.65 26.30 27.12 26.58 25.84 27.11 29.21 28.94 26.49 28.13 27.67 28.21 28.53 30.13 28.06 26.28 25.62 24.90 24.63 25.09 25.62 26.87 28.64 29.94 29.56 29.65 28.78 28.90 28.57 27.96 26.88 27.97 29.01 29.15 27.17 26.42 24.47 23.24 22.15 22.21 22.31 24.30 24.20 25.74 24.95 23.56 22.96 23.29 23.25 25.21 25.79 26.20 26.45 26.38 25.62 26.24 26.37 25.70 25.76 25.88 24.30 25.22 24.99 24.55 23.64 23.88 22.45 22.29 22.50 22.43 21.37 23.86 22.72 27.52 26.58 
25.77 24.42 24.59 24.05 24.26 26.44 27.75 29.37 24.79 24.22 20.93 19.34 15.18 13.47 10.04 7.45 5.29 0.00 5.03 7.09 8.75 10.78 13.16 16.21 18.88 23.94 25.00 24.14 21.26 20.31 19.35 16.64 16.17 16.95 19.79 20.20 21.41 22.30 22.34 20.54 20.34 19.38 19.01 17.88 16.38 17.66 17.38 16.85 16.78 20.57 23.99 22.11 22.30 22.90 23.50 20.51 19.30 17.63 17.26 15.65 14.84 15.98 19.13 18.68 17.46 17.46 19.32 19.64 21.40 23.63 26.00 25.49 23.41 22.22 22.01 21.21 20.81 21.29 22.71 23.60 22.88 22.53 22.31 22.10 21.32 21.60 23.56 22.61 21.41 21.86 23.83 23.96 22.37 24.53 25.48 24.59 23.22 24.78 24.46 25.19 26.89 27.53 26.45 26.54 26.16 26.57 24.33 21.83 20.77 19.55 18.42 17.79 17.93 18.15 21.51 22.41 21.47 21.14 20.24 19.09 19.36 19.85 21.19 22.39 24.33 25.50 25.29 23.94 24.15 24.58 24.70 25.35 26.72 28.78 28.00 27.17 26.76 27.57 27.01 26.49 27.67 29.96 29.16 27.44 28.74 28.42 28.32 29.17 30.59 28.78 26.51 26.39 25.47 25.27 25.43 26.24 27.15 28.99 29.86 30.03 29.83 29.30 28.95 28.94 28.00 27.35 27.90 29.36 29.18 27.24 26.44 24.75 23.27 22.59 22.51 22.91 24.73 24.40 26.03 25.34 23.93 23.63 23.79 23.88 25.80 26.18 26.14 26.70 26.41 25.80 25.95 26.41 25.83 25.87 25.68 24.54 25.19 25.14 24.30 23.77 24.32 22.56 22.97 22.77 23.32 22.43 22.99 22.89 27.32 27.41 
26.50 25.38 26.54 25.96 24.89 27.00 28.51 29.38 24.63 23.82 21.28 19.21 15.18 13.60 10.88 9.49 6.88 5.03 0.00 5.22 7.18 10.37 12.95 15.76 18.97 22.45 24.58 23.44 21.25 20.84 19.67 17.19 16.07 17.86 20.51 21.21 22.40 23.84 23.39 22.19 20.97 20.24 19.80 18.80 17.27 17.92 18.32 17.81 17.60 22.05 25.04 23.44 24.01 25.03 24.74 21.64 20.61 19.08 18.53 16.35 15.67 16.34 19.73 19.35 18.16 18.54 20.15 20.78 22.68 24.59 26.66 26.60 24.85 23.50 23.00 22.40 21.69 22.11 23.34 24.50 23.28 23.36 22.92 22.84 22.26 22.35 24.38 23.52 22.20 22.63 24.44 24.50 23.20 25.30 26.52 25.52 24.46 25.73 25.24 25.99 28.06 28.43 27.51 27.58 27.10 27.49 25.21 22.85 21.75 20.56 19.79 19.36 19.46 19.88 22.62 24.09 21.99 22.65 21.83 20.60 20.33 21.22 22.60 23.50 24.70 26.68 26.36 25.21 25.20 25.66 25.73 26.22 27.77 29.79 28.70 27.84 27.50 28.41 27.61 27.21 28.61 30.70 30.00 28.06 30.07 29.28 29.24 30.05 31.86 29.64 27.42 27.06 26.36 25.93 26.05 26.81 28.00 29.55 30.39 30.33 30.53 29.62 29.38 29.12 28.41 27.61 28.68 29.72 29.49 27.59 26.85 25.06 23.73 23.11 23.32 23.64 25.32 25.09 26.29 26.17 24.88 24.63 24.63 24.89 26.65 26.88 26.48 27.04 26.95 26.02 25.91 26.47 26.08 26.03 25.60 24.30 25.29 25.03 24.58 24.12 24.77 22.90 22.76 23.01 23.45 21.79 24.42 23.43 28.54 26.66 
25.86 24.39 25.37 24.52 23.36 24.89 26.77 28.04 23.36 21.72 18.68 17.52 14.17 12.50 10.67 9.26 8.98 7.09 5.22 0.00 6.09 7.88 10.60 13.11 16.35 19.83 22.17 21.71 18.98 17.74 17.01 14.29 13.96 15.35 18.88 19.58 20.92 21.80 22.05 20.61 20.13 19.30 18.76 18.00 16.19 17.11 17.22 16.77 16.20 20.54 23.69 21.84 22.34 24.04 23.73 20.54 19.58 18.09 17.36 15.54 14.70 15.58 18.41 18.48 17.39 17.78 18.64 19.46 21.21 23.16 25.13 25.17 23.55 21.96 21.80 21.06 20.46 20.87 22.71 23.67 22.85 22.74 22.56 22.54 21.36 21.70 23.54 22.64 21.28 21.83 23.70 23.82 22.24 24.71 25.79 25.18 23.72 25.08 24.76 25.83 27.18 27.51 26.32 26.60 25.90 26.05 23.91 21.40 20.33 18.75 17.91 17.78 19.19 18.58 21.86 22.79 21.65 20.93 20.21 18.99 19.21 19.48 20.82 21.94 23.34 25.18 25.07 23.74 24.25 24.60 24.51 25.29 26.87 28.98 28.01 27.09 26.62 27.63 26.99 26.55 27.64 30.22 29.21 27.66 28.98 28.57 28.24 29.07 30.31 28.65 26.32 26.29 25.20 25.02 24.90 25.81 26.67 28.64 29.30 29.61 29.39 28.92 28.47 28.50 27.36 26.89 27.49 28.99 28.53 26.69 26.01 24.18 22.65 22.12 22.13 22.59 24.45 23.97 25.61 25.11 23.74 23.38 23.60 23.90 25.87 26.29 25.96 26.53 26.06 25.39 25.54 26.06 25.58 25.60 25.21 24.27 24.80 24.64 23.67 23.39 24.13 22.23 22.45 22.78 23.28 22.56 23.24 23.40 28.02 27.80 
24.50 22.83 23.11 22.11 20.41 21.51 23.34 24.75 20.35 18.91 15.89 14.77 11.83 10.47 9.04 8.93 8.87 8.75 7.18 6.09 0.00 6.25 8.09 10.84 13.02 16.66 19.55 18.34 16.59 15.19 14.07 13.30 13.63 14.80 18.12 19.84 19.76 20.80 20.81 19.69 19.03 18.04 17.26 16.49 15.18 16.25 16.60 15.79 15.86 19.74 21.97 20.26 20.52 22.25 22.06 18.35 17.20 15.96 15.54 13.53 13.66 14.34 17.88 17.60 16.28 16.30 17.07 17.72 19.12 21.38 23.79 23.47 21.44 20.29 20.22 19.18 18.20 19.19 21.10 22.50 21.57 21.67 21.79 21.63 20.31 20.60 22.81 21.56 20.39 20.75 22.69 22.59 21.19 23.09 24.63 23.77 22.61 23.67 23.38 24.11 25.58 25.66 24.68 25.13 24.35 24.52 21.98 19.85 18.98 17.11 16.09 16.20 17.63 17.49 19.96 21.73 20.28 19.38 17.90 17.31 17.68 18.03 18.65 20.01 21.77 23.54 23.22 22.17 22.50 23.01 22.96 23.92 25.31 27.43 26.56 25.65 25.07 26.21 25.58 24.87 25.97 28.25 27.70 25.55 26.98 26.59 26.56 26.81 28.06 26.35 24.62 24.28 23.41 23.12 23.36 23.89 24.72 26.76 27.81 27.66 27.49 26.85 26.87 26.59 25.63 24.86 25.87 27.08 26.89 25.03 24.25 22.49 21.24 20.46 20.58 20.92 22.62 22.76 24.09 23.64 22.03 21.82 21.95 22.23 24.10 24.96 24.66 24.99 24.52 24.05 24.41 24.57 23.93 23.89 23.81 22.49 22.86 22.73 21.92 21.73 22.31 20.64 20.68 21.41 21.56 21.06 23.19 22.78 27.05 26.70 
23.35 20.98 21.00 19.64 18.67 19.37 20.43 21.52 17.59 16.01 13.42 11.77 9.49 9.92 8.86 8.79 10.18 10.78 10.37 7.88 6.25 0.00 5.76 7.93 10.96 14.12 16.84 16.71 14.04 12.32 12.36 11.34 12.75 13.59 17.77 19.85 19.68 20.23 19.89 18.24 17.58 16.22 15.68 14.67 12.62 14.54 14.28 14.10 14.51 17.90 19.79 18.38 19.05 20.13 19.80 16.22 15.12 13.77 13.67 12.21 12.67 13.65 17.15 16.95 15.38 14.43 16.00 16.54 17.93 20.35 22.96 22.59 20.64 18.52 18.50 17.81 16.72 17.41 19.63 21.26 20.53 20.23 20.25 20.02 19.14 19.50 21.47 20.47 19.17 19.29 21.06 21.03 19.56 21.30 22.32 22.01 21.10 22.03 21.68 22.55 23.85 23.97 22.55 23.08 22.71 23.31 20.91 18.19 16.70 15.22 14.72 14.33 15.57 15.97 19.75 20.95 19.66 18.53 17.43 15.94 16.07 16.40 17.42 19.33 21.26 22.59 22.29 20.47 20.84 21.48 21.59 22.64 24.32 26.26 25.21 24.39 24.04 24.78 24.28 23.46 24.90 27.09 26.40 24.50 26.03 25.53 25.34 25.80 27.30 25.45 23.36 23.01 22.32 21.77 21.93 22.56 23.43 25.41 26.39 26.54 26.35 25.81 25.80 25.62 24.50 23.66 24.56 25.77 25.59 23.81 23.13 21.20 19.67 18.82 19.15 19.35 21.56 21.80 23.54 22.54 20.71 20.41 20.95 20.95 23.29 23.83 23.88 23.85 23.65 22.80 23.24 23.28 22.94 22.83 22.56 21.34 21.91 21.58 20.78 20.18 21.16 19.25 20.27 20.68 21.53 21.02 21.57 22.31 26.35 27.12 
22.64 20.61 20.65 19.83 18.16 18.12 18.76 19.21 15.29 13.60 11.14 10.07 8.39 8.99 9.88 10.32 11.81 13.16 12.95 10.60 8.09 5.76 0.00 5.91 7.96 11.00 13.85 13.97 11.80 11.10 11.81 11.92 12.61 14.49 18.47 21.02 20.97 21.06 19.96 18.27 17.36 15.40 14.69 13.59 12.41 13.08 13.25 12.77 13.87 16.87 18.77 17.28 18.18 19.27 18.94 15.36 14.46 12.97 13.12 12.75 13.74 14.14 18.41 17.64 15.73 14.98 16.04 16.07 18.05 20.27 22.39 22.22 20.54 18.26 17.87 17.42 16.47 17.02 19.03 20.73 20.22 20.04 20.11 19.80 19.36 19.53 21.45 20.34 19.16 19.16 20.84 20.63 19.38 20.82 22.10 21.58 20.72 21.74 21.06 21.77 23.43 23.35 21.83 21.91 21.52 21.99 19.83 17.29 15.45 14.36 14.65 14.67 15.24 16.09 20.30 22.46 20.76 19.53 18.14 16.80 16.38 16.53 17.70 18.91 20.80 22.31 21.80 20.29 20.48 21.26 21.38 22.24 23.82 25.74 24.66 23.82 23.62 24.50 23.62 23.15 24.60 26.70 25.93 24.30 26.08 25.57 25.12 25.86 27.59 25.45 23.16 22.80 22.28 21.71 21.42 22.23 23.21 25.13 25.99 26.12 26.28 25.65 25.47 25.22 24.35 23.43 24.31 25.37 25.41 23.42 22.54 20.74 19.30 18.57 18.95 19.36 21.31 21.63 23.20 22.43 20.62 20.53 20.91 21.35 23.26 23.79 23.56 24.03 23.68 22.83 22.97 23.28 22.92 22.58 22.23 20.97 21.49 21.20 20.45 20.19 20.99 19.12 19.49 20.49 21.13 19.79 21.90 21.94 26.32 25.68 
21.83 19.51 19.54 17.87 16.57 16.45 17.08 17.03 12.68 10.21 8.16 8.64 7.63 8.65 10.01 12.57 14.74 16.21 15.76 13.11 10.84 7.93 5.91 0.61 6.47 7.47 10.71 10.45 10.00 9.34 10.31 10.60 12.64 14.24 18.87 21.19 21.24 21.67 20.26 18.61 17.69 15.66 14.14 13.09 11.28 12.35 12.33 12.14 12.62 15.30 17.11 15.82 16.63 17.84 17.33 14.27 13.61 12.24 12.71 13.16 14.20 15.50 19.45 18.70 15.73 15.35 16.22 16.15 17.36 20.02 21.62 21.88 20.10 17.84 17.50 17.48 16.57 17.40 19.22 21.32 20.56 20.39 20.25 20.15 19.38 19.66 21.64 20.46 19.25 19.31 21.04 20.47 19.04 20.51 22.09 21.29 20.31 21.24 20.89 21.59 22.86 22.71 21.14 21.40 21.06 20.90 18.65 16.09 15.04 13.51 13.76 14.41 16.34 16.76 21.09 22.86 21.82 19.93 18.24 16.82 16.47 16.00 16.59 18.20 20.22 21.15 20.62 19.44 20.04 20.55 20.63 21.76 23.64 25.44 24.52 23.50 23.44 24.17 23.68 22.84 24.51 26.60 25.89 24.06 25.74 25.27 25.01 25.48 26.96 25.14 22.86 22.32 21.83 21.29 21.23 21.76 22.82 24.69 25.65 25.61 25.68 24.92 25.07 24.83 23.82 22.97 23.89 24.82 24.77 23.15 22.41 20.22 18.78 18.23 18.62 18.88 20.93 21.06 22.84 21.79 20.06 19.57 20.17 20.40 22.71 23.24 23.26 23.59 23.16 22.36 22.65 22.89 22.59 22.45 22.13 21.07 21.52 21.28 20.49 20.02 20.95 19.15 20.02 20.73 21.26 20.34 21.42 22.13 26.06 26.74 
20.86 18.66 18.07 16.72 15.42 15.37 16.12 15.84 11.34 9.78 8.71 8.58 8.86 10.62 12.34 14.86 17.42 18.88 18.97 16.35 13.02 10.96 7.96 6.47 1.72 5.65 7.80 8.68 8.91 9.43 10.37 12.23 13.52 16.31 20.04 22.46 22.16 22.85 21.69 19.56 17.81 15.89 14.41 12.41 10.68 11.72 12.32 11.95 12.84 15.38 15.99 14.96 15.67 16.21 15.33 12.85 13.13 12.17 12.49 13.77 15.53 16.38 20.37 19.52 16.24 16.17 16.93 16.66 17.47 19.35 21.19 20.82 19.01 17.33 17.57 17.03 16.47 17.32 19.61 21.15 20.53 20.69 20.81 20.88 20.12 20.32 22.02 20.74 19.51 19.43 21.22 20.76 19.21 20.50 21.92 21.21 19.99 20.86 20.62 21.28 22.83 22.47 20.99 21.08 20.79 20.28 17.47 15.21 15.45 13.44 13.66 14.74 16.95 17.74 21.76 23.67 22.08 20.86 19.27 17.57 17.03 16.69 16.86 17.98 19.84 20.86 20.32 19.23 19.62 20.23 19.97 21.73 23.40 25.27 24.11 23.35 22.99 24.17 23.41 22.81 24.15 26.32 25.64 23.67 25.21 24.95 24.84 25.23 26.87 24.93 22.99 22.29 21.51 21.25 21.36 21.88 22.83 24.61 25.58 25.33 25.12 24.55 24.50 24.18 23.27 22.63 23.62 24.75 24.77 23.03 22.28 20.39 19.07 18.41 18.59 18.92 20.87 20.79 22.14 21.48 19.82 19.32 19.50 19.73 22.14 22.73 22.61 23.06 22.79 21.99 22.40 22.68 22.22 22.17 21.93 20.63 21.44 21.13 20.41 19.93 20.80 19.27 19.46 20.18 20.38 18.99 22.20 21.74 25.99 25.51 
21.61 19.11 18.36 16.95 16.15 16.04 15.13 14.69 10.83 10.08 8.83 9.53 10.99 14.06 15.31 18.30 21.47 23.94 22.45 19.83 16.66 14.12 11.00 7.47 5.65 0.73 5.42 7.38 8.29 8.93 11.20 13.11 15.71 18.80 22.56 24.53 24.27 25.33 23.72 21.93 19.54 17.57 15.32 13.78 11.77 13.27 12.47 12.45 12.94 15.64 16.23 15.63 16.10 16.67 15.98 14.29 14.68 13.95 14.95 16.13 18.01 18.55 22.05 21.42 18.38 17.90 18.70 18.24 19.04 20.34 22.26 22.00 19.98 18.67 18.49 18.42 17.43 18.76 20.64 22.07 21.59 22.24 22.47 22.30 21.63 21.63 23.45 22.40 21.01 20.61 21.88 21.90 20.31 21.83 22.65 22.33 21.37 22.15 21.42 22.51 24.03 23.88 22.35 22.14 21.58 21.45 18.61 15.97 15.25 14.60 15.12 16.21 18.35 19.44 23.41 25.10 23.76 22.70 21.23 19.81 19.08 18.48 18.46 18.99 20.75 22.08 21.74 20.82 21.22 21.91 21.76 23.11 24.95 26.61 25.47 24.87 24.58 25.34 24.75 24.55 25.97 28.28 27.30 25.60 27.05 26.64 26.51 27.27 28.78 26.99 24.68 24.31 23.25 22.82 22.82 23.60 24.42 26.25 27.08 27.25 26.97 26.43 26.12 26.03 24.70 24.30 25.06 26.34 26.13 24.24 23.47 21.76 20.39 19.93 20.01 20.50 22.29 21.87 23.41 22.78 21.62 21.26 21.53 21.76 24.08 24.55 24.39 24.94 24.54 23.92 24.11 24.69 24.03 24.11 23.55 22.57 23.16 23.09 21.80 21.83 22.60 21.07 21.64 21.97 22.46 21.13 22.47 22.76 26.90 27.13 
21.89 19.72 19.05 18.20 17.25 16.69 15.75 15.21 12.50 11.59 10.86 11.72 13.56 16.27 18.48 20.67 23.55 25.00 24.58 22.17 19.55 16.84 13.85 10.71 7.80 5.42 1.08 6.07 8.10 10.56 11.47 15.16 17.15 20.47 23.60 26.53 26.23 26.65 25.12 22.91 20.52 17.59 15.24 14.03 12.81 12.79 13.19 12.69 13.53 15.94 17.15 16.01 16.21 16.47 17.02 15.16 15.66 15.37 16.69 17.89 19.77 20.38 23.77 22.92 19.96 19.72 20.67 19.49 19.85 21.11 23.12 22.89 20.86 19.94 19.79 19.60 18.76 20.07 21.61 22.95 22.19 23.09 23.14 23.12 22.41 22.76 24.37 23.17 21.79 21.74 22.89 22.74 20.97 22.91 23.83 23.44 22.28 23.31 22.38 23.28 24.86 24.75 23.13 22.70 21.67 21.48 19.40 16.55 16.05 15.59 17.38 17.94 19.99 21.27 25.02 27.27 25.76 24.98 23.22 21.96 21.55 20.57 20.24 20.73 21.95 23.32 22.93 22.52 22.78 23.41 23.48 24.31 25.70 27.63 26.66 26.10 25.81 26.54 25.81 25.71 27.36 29.52 28.77 26.95 28.73 28.09 28.04 28.87 30.61 28.43 26.06 25.53 24.77 24.41 24.24 24.82 25.90 27.75 28.55 28.54 28.56 27.88 27.47 27.01 26.11 25.41 26.29 27.41 27.44 25.46 24.45 22.45 21.54 21.29 21.50 21.78 23.11 23.04 24.51 24.22 23.21 23.16 23.47 23.63 25.55 26.00 25.89 26.27 25.99 25.11 25.50 25.83 25.40 25.15 24.78 23.42 24.33 23.95 23.42 23.06 24.04 22.08 22.50 23.15 23.21 21.04 24.56 23.69 28.20 26.79 
21.73 19.50 18.91 17.78 16.33 15.47 14.84 15.23 11.83 11.84 10.73 12.19 12.74 15.03 16.65 19.33 22.50 24.14 23.44 21.71 18.34 16.71 13.97 10.45 8.68 7.38 6.07 0.00 5.56 7.88 9.82 12.56 15.19 18.32 21.76 24.82 24.85 25.42 23.47 21.77 18.55 15.53 13.56 12.27 10.79 12.13 12.29 12.69 12.55 15.00 16.16 14.62 14.65 15.77 15.42 13.85 14.45 14.51 15.97 17.39 19.04 19.85 23.04 22.16 18.84 18.87 19.80 18.44 18.60 19.98 22.12 21.38 19.99 19.00 19.40 19.12 18.30 19.27 20.95 22.18 21.50 22.00 22.65 22.79 22.06 22.12 23.95 22.72 21.40 21.23 22.58 22.55 20.64 22.78 23.82 23.24 22.00 23.19 22.67 23.27 24.51 24.34 22.88 22.71 21.77 20.89 18.30 16.08 15.62 14.93 15.81 16.70 19.23 20.57 24.67 26.25 25.30 24.46 23.01 21.12 20.90 19.72 19.39 19.95 21.38 21.93 21.90 21.76 22.41 22.91 23.04 24.00 25.40 27.56 26.77 25.99 25.94 26.69 26.01 25.73 27.17 29.64 28.79 27.15 28.66 28.18 27.92 28.69 30.06 28.33 26.01 25.67 24.89 24.48 24.32 24.84 25.71 27.63 28.43 28.60 28.54 27.83 27.37 27.22 25.92 25.51 26.21 27.49 27.22 25.33 24.55 22.63 21.23 20.95 21.14 21.57 22.91 22.28 23.94 23.39 22.56 22.48 22.92 23.13 25.24 25.80 25.78 26.22 25.73 25.30 25.53 26.19 25.63 25.60 24.91 23.99 24.52 24.32 22.99 23.20 23.96 22.36 22.57 23.12 23.69 22.19 23.46 23.82 28.25 27.93 
20.62 18.55 18.09 16.82 14.75 14.79 14.80 15.62 12.57 12.64 12.26 12.15 12.05 13.52 14.91 16.45 19.95 21.26 21.25 18.98 16.59 14.04 11.80 10.00 8.91 8.29 8.10 5.56 0.00 5.40 6.27 9.74 11.26 15.24 18.66 20.47 20.68 21.54 20.38 17.86 15.30 13.14 11.77 10.22 9.64 10.59 11.93 11.20 11.47 14.43 14.80 13.64 14.72 15.08 13.69 12.16 13.98 13.73 14.78 16.42 17.94 18.19 22.03 21.04 17.68 17.46 18.38 17.13 17.24 18.64 20.63 20.34 18.97 17.55 18.00 17.59 16.74 17.49 19.76 21.11 20.47 21.30 21.66 21.44 20.42 20.77 22.72 21.61 20.24 20.04 21.54 21.44 19.63 21.53 22.69 22.30 21.03 22.17 21.68 22.29 23.32 23.35 22.29 22.16 21.21 20.67 18.45 15.74 15.53 13.99 14.92 15.59 17.82 18.73 23.38 24.89 23.34 22.87 21.64 19.72 19.31 18.35 18.38 18.83 19.94 20.75 20.52 20.62 21.31 21.88 21.68 22.88 24.34 26.56 25.70 25.14 24.81 25.70 24.84 24.43 25.93 28.41 27.84 25.90 27.48 26.90 26.98 27.45 29.03 27.25 25.28 24.95 24.01 23.57 23.63 24.20 24.98 26.74 27.62 27.64 27.44 26.62 26.33 25.91 24.85 24.20 25.31 26.49 26.35 24.40 23.92 21.90 20.50 19.78 19.97 20.39 21.83 21.44 23.01 22.36 21.27 21.12 21.51 21.78 24.06 24.85 24.95 25.38 24.95 24.35 24.61 25.21 24.72 24.58 24.09 22.86 23.92 23.43 22.33 22.25 23.26 21.19 21.18 22.21 22.72 20.93 23.82 23.30 28.10 26.58 
20.97 18.85 18.39 16.71 14.94 15.66 15.74 16.51 13.28 13.58 12.19 12.05 11.79 12.57 14.09 15.62 18.92 20.31 20.84 17.74 15.19 12.32 11.10 9.34 9.43 8.93 10.56 7.88 5.40 0.00 5.56 7.39 9.63 12.33 15.90 18.61 17.96 18.87 17.63 15.40 13.17 11.14 10.05 8.74 8.76 10.75 11.47 10.41 10.88 14.65 15.44 14.12 14.54 14.98 13.31 11.23 12.90 12.65 13.33 14.58 17.31 17.58 20.94 20.02 17.49 15.81 16.46 16.05 16.98 18.66 20.64 20.34 18.90 17.13 17.39 16.93 15.40 17.46 20.05 21.27 20.13 20.82 21.04 20.62 19.69 19.97 22.19 20.89 19.79 19.29 21.04 20.49 19.05 20.72 21.91 21.50 20.55 21.46 21.30 22.05 22.83 23.16 22.04 21.97 21.36 21.75 19.48 16.11 15.05 14.06 14.04 14.52 16.63 18.03 22.63 24.38 23.16 21.44 20.39 18.34 18.13 17.79 18.05 19.17 20.89 21.91 21.57 20.41 20.87 21.28 21.20 22.54 24.47 26.39 25.33 24.46 24.45 25.06 24.54 23.94 25.52 27.95 27.26 25.48 26.93 26.48 26.26 27.02 28.54 26.85 24.55 24.24 23.59 22.93 22.89 23.61 24.66 26.44 27.24 27.33 27.20 26.39 25.92 25.68 24.60 23.77 24.69 26.07 25.98 24.15 23.46 21.49 19.66 18.93 19.28 19.41 21.37 21.29 23.16 22.07 20.45 20.29 20.98 21.35 24.01 24.75 24.90 25.26 24.87 23.97 24.44 24.82 24.34 24.15 23.47 22.37 23.01 22.65 21.58 21.31 22.52 20.66 21.26 21.65 22.78 21.49 22.58 23.04 27.13 27.19 
22.05 20.19 19.71 19.13 16.78 17.98 18.43 20.21 16.27 16.19 14.82 13.84 12.44 13.36 13.92 15.05 17.83 19.35 19.67 17.01 14.07 12.36 11.81 10.31 10.37 11.20 11.47 9.82 6.27 5.56 0.00 5.81 7.80 10.95 13.91 16.54 17.25 17.68 16.57 14.60 11.60 10.42 9.52 9.51 9.88 12.26 13.25 12.81 12.96 16.11 17.04 16.17 16.17 16.38 14.69 12.81 12.72 12.50 12.95 14.26 17.11 18.08 21.27 20.61 17.92 16.54 17.14 16.99 17.44 19.45 21.69 21.77 19.91 18.18 17.50 17.33 16.34 18.17 19.84 21.50 20.83 21.16 21.11 20.74 19.99 20.54 22.37 21.40 19.83 19.99 21.17 20.92 19.09 21.01 21.93 21.84 20.62 21.77 21.27 22.07 23.15 23.47 22.31 22.62 22.13 22.27 19.99 17.27 15.29 14.23 14.55 14.84 16.03 17.61 22.18 24.28 22.95 21.58 19.86 18.24 18.22 18.45 18.70 19.72 21.55 22.71 22.11 20.71 20.55 21.55 21.36 22.48 24.33 26.54 25.34 24.67 24.40 25.72 24.69 24.34 25.60 28.05 27.24 25.71 27.12 26.89 26.27 27.14 28.61 26.75 24.40 24.22 23.66 23.26 22.88 23.80 24.82 26.56 27.26 27.34 27.33 26.59 26.00 26.03 24.85 23.95 24.62 26.03 26.08 24.22 23.22 21.31 19.73 19.01 19.26 19.37 20.88 21.32 23.12 22.37 20.41 20.49 21.15 21.99 24.15 25.18 25.13 25.75 25.00 24.39 24.45 24.90 24.25 23.93 23.29 22.25 22.65 22.36 21.48 21.45 22.34 20.32 20.75 22.06 22.43 20.42 23.46 23.34 27.32 26.16 
