1.91 5.63 7.86 10.04 12.18 13.35 15.13 16.36 18.43 19.08 20.31 20.53 21.11 22.49 24.03 24.35 24.43 24.95 24.98 24.84 25.12 25.06 24.67 25.04 25.87 25.49 26.30 27.05 28.16 27.97 29.53 30.19 32.23 31.27 31.24 30.44 29.53 28.39 29.28 28.08 28.87 29.22 28.83 27.63 26.60 25.98 26.40 25.86 26.19 26.69 27.98 28.52 30.71 31.22 31.37 30.15 29.17 27.92 26.86 26.48 27.10 26.77 27.26 27.46 28.85 29.29 30.07 29.79 30.49 31.00 31.87 31.14 30.70 30.38 29.69 28.31 27.54 27.02 25.89 25.15 26.09 26.27 26.21 26.22 27.90 28.22 29.26 29.85 30.49 30.81 32.44 33.29 32.96 33.09 31.99 32.10 30.19 30.59 29.70 30.77 29.40 28.51 26.92 28.16 28.61 30.46 
5.63 1.03 5.46 7.37 10.77 11.34 13.10 14.96 16.68 17.53 19.06 19.00 19.99 21.02 23.40 23.08 22.81 23.09 23.73 23.04 23.25 22.81 22.62 22.77 23.87 22.85 24.29 25.08 26.52 25.56 27.52 28.52 30.81 29.58 29.47 28.87 27.59 26.36 27.30 26.08 26.95 27.04 26.86 25.25 24.41 23.33 24.31 23.48 24.12 24.37 25.93 26.37 28.92 29.27 29.48 28.13 27.25 25.87 24.57 24.24 25.04 24.48 25.23 25.41 27.24 27.64 28.50 28.11 28.75 29.28 30.07 29.48 28.89 28.83 27.83 26.69 25.56 25.12 23.96 23.58 24.72 24.56 24.32 24.47 26.45 26.33 27.38 28.34 29.33 29.03 30.51 31.76 31.61 31.19 29.94 30.38 28.41 29.33 29.09 30.00 27.92 28.14 27.50 28.85 27.47 33.55 
7.86 5.46 0.88 6.24 8.18 9.58 10.69 12.61 14.68 15.64 16.77 16.44 16.68 18.82 21.33 21.25 19.87 21.04 21.52 21.10 21.01 20.81 20.73 20.40 21.36 20.69 22.27 22.86 24.19 23.55 25.74 26.65 29.10 27.73 28.02 27.03 25.93 24.17 25.66 24.04 25.04 24.82 24.78 22.99 22.27 21.14 22.36 21.45 22.11 22.41 24.40 24.53 27.05 27.32 28.18 26.46 24.80 23.19 22.40 22.06 22.76 22.33 23.79 24.02 25.50 25.92 27.34 26.77 27.42 27.69 28.95 28.11 27.30 27.14 26.91 25.40 24.00 23.58 23.04 22.53 23.24 23.16 23.02 23.05 24.87 24.82 26.07 27.09 27.86 27.27 28.56 30.02 30.16 29.61 27.63 28.45 27.69 28.09 26.16 28.71 28.27 26.64 25.96 26.99 28.24 31.24 
10.04 7.37 6.24 0.92 5.68 7.66 9.05 10.71 11.78 13.62 14.73 14.50 14.81 17.00 20.14 20.34 19.21 20.36 21.14 20.81 20.69 20.83 20.54 20.29 21.19 20.64 22.20 22.52 23.99 23.61 25.64 26.30 28.31 27.47 27.37 26.78 24.99 23.81 24.68 23.60 24.25 24.29 24.00 22.38 21.87 20.95 21.90 21.21 21.64 22.35 24.25 24.61 26.69 26.94 27.60 26.19 24.33 22.93 22.15 21.92 22.71 22.52 24.05 24.35 25.86 26.32 27.76 27.20 27.61 27.91 29.01 28.11 27.32 27.46 26.96 25.49 23.90 24.05 23.13 22.65 23.32 23.68 23.22 23.22 24.81 25.01 26.03 26.90 27.61 27.34 28.44 29.90 29.70 29.41 27.30 28.75 27.47 28.31 26.97 27.71 26.55 26.20 27.26 26.59 27.12 33.22 
12.18 10.77 8.18 5.68 1.33 6.79 7.33 9.30 12.04 13.44 14.04 14.24 14.98 16.13 18.24 19.95 19.27 20.71 20.12 20.88 21.27 21.66 20.92 21.11 22.57 22.00 23.07 24.14 25.88 25.34 26.63 27.78 30.38 28.82 28.43 27.91 27.08 25.24 25.84 24.61 26.02 25.62 24.99 23.46 23.24 21.63 22.25 21.32 22.35 22.72 24.29 24.66 27.42 27.43 27.40 25.66 25.55 23.31 22.14 21.53 23.14 22.50 23.83 24.12 26.24 26.75 28.07 27.33 27.88 28.41 29.65 28.43 28.24 27.90 27.22 25.23 24.35 24.05 22.83 21.86 23.45 23.48 23.07 22.81 24.91 24.86 25.94 26.60 27.71 27.39 29.34 30.14 29.92 29.63 27.78 28.03 26.56 27.98 27.20 28.91 27.59 28.91 27.30 26.23 26.24 31.91 
13.35 11.34 9.58 7.66 6.79 1.13 6.62 8.04 9.88 10.97 12.68 12.67 13.76 14.20 17.10 17.75 17.63 18.63 18.77 19.01 19.98 20.01 19.11 19.33 20.39 19.76 20.72 22.34 24.05 23.05 24.96 26.11 28.80 27.27 26.49 25.90 24.77 23.13 23.57 22.08 23.63 23.43 22.36 20.77 20.19 18.66 19.47 18.52 19.33 20.19 21.55 22.07 24.99 25.06 24.70 23.11 22.75 20.80 18.80 18.50 20.32 19.81 21.23 21.67 23.82 24.60 25.83 25.01 25.56 26.05 27.09 25.94 25.61 25.51 24.45 22.82 21.71 21.63 20.18 19.59 21.05 21.22 20.48 20.69 22.46 22.59 23.29 24.50 25.55 25.04 26.56 28.06 27.86 27.46 24.86 25.65 23.99 25.79 24.93 26.33 25.94 25.96 25.04 24.84 24.88 31.15 
15.13 13.10 10.69 9.05 7.33 6.62 1.04 6.87 7.75 9.44 11.27 11.58 12.94 14.06 17.41 17.38 17.12 18.79 19.31 18.98 20.13 20.06 19.48 19.28 20.67 19.73 20.95 21.90 23.67 23.06 25.01 26.18 29.10 27.50 26.69 25.78 24.84 23.05 23.58 21.97 23.72 23.42 22.49 20.38 20.21 18.51 19.71 18.41 19.52 19.78 21.28 21.48 24.80 24.68 24.72 22.85 22.64 20.23 18.72 18.16 20.11 19.47 21.35 21.53 23.69 24.15 25.77 24.80 25.65 25.79 27.14 25.82 25.67 25.26 24.74 22.74 22.06 21.30 20.44 19.60 21.41 21.06 20.81 20.52 23.17 22.61 23.81 24.63 25.86 25.03 26.57 28.04 28.44 27.45 24.67 25.21 24.24 25.48 24.27 26.75 25.92 26.17 23.99 24.54 25.23 30.05 
16.36 14.96 12.61 10.71 9.30 8.04 6.87 0.78 6.59 7.99 9.10 10.12 12.36 13.63 16.71 17.64 17.14 18.63 19.45 19.64 20.54 20.75 19.72 19.46 20.96 20.15 20.90 22.01 24.07 23.38 25.02 26.29 29.00 27.76 26.25 25.70 24.59 22.68 22.86 21.79 23.49 23.20 21.62 20.13 19.87 18.22 18.84 18.04 19.08 19.87 20.54 21.42 24.78 24.95 24.16 22.85 22.38 20.13 17.92 18.02 20.17 19.94 21.32 22.09 24.16 24.75 25.95 25.35 26.05 26.24 27.17 26.15 25.79 25.70 24.68 23.04 22.09 21.85 20.48 20.08 21.65 21.53 20.59 20.93 23.21 22.98 23.65 24.72 25.53 25.27 26.50 28.28 28.11 27.77 24.48 25.69 24.21 26.12 24.32 25.83 25.15 25.46 23.70 23.45 24.44 30.17 
18.43 16.68 14.68 11.78 12.04 9.88 7.75 6.59 0.22 6.37 7.54 8.44 10.79 12.46 15.45 16.36 16.98 17.40 17.64 18.44 19.86 20.06 19.26 18.67 20.50 19.26 20.57 21.99 23.68 22.97 24.68 25.54 28.58 26.97 25.77 25.37 24.42 22.18 22.52 21.63 23.52 22.79 21.16 19.94 20.09 17.63 18.22 17.17 18.71 19.09 20.24 21.24 24.95 24.72 24.22 22.72 22.75 20.13 18.35 18.41 20.82 20.03 21.63 22.18 24.77 25.20 26.13 25.62 26.17 26.41 26.96 26.00 25.69 25.68 24.41 22.99 21.98 21.65 20.35 19.97 21.61 21.56 20.80 20.91 23.39 22.60 23.43 24.28 24.88 24.70 26.19 27.90 27.72 27.16 24.33 24.54 22.93 24.37 23.62 24.45 23.63 23.56 23.10 22.97 23.90 27.30 
19.08 17.53 15.64 13.62 13.44 10.97 9.44 7.99 6.37 0.00 6.38 7.19 9.01 10.25 13.33 14.94 15.30 16.44 16.70 17.77 18.54 19.13 18.82 17.94 19.13 18.11 19.95 21.08 22.87 22.08 24.45 25.59 28.31 27.32 25.90 25.23 23.78 21.74 22.17 21.19 23.07 22.63 20.88 19.34 18.79 16.43 17.12 15.99 17.55 18.42 19.54 20.46 24.20 24.18 23.52 22.10 21.92 19.44 17.18 17.20 19.45 18.98 20.81 21.47 23.83 24.71 25.68 25.04 25.44 25.64 26.23 25.46 24.99 24.99 23.64 22.10 20.93 20.58 19.30 19.08 20.56 20.58 19.88 19.97 22.27 21.67 22.44 23.47 24.37 23.78 25.48 27.73 27.40 26.91 23.44 23.79 22.19 23.60 22.73 23.37 23.51 22.80 22.07 21.69 23.51 25.33 
20.31 19.06 16.77 14.73 14.04 12.68 11.27 9.10 7.54 6.38 0.00 5.60 7.77 8.68 11.51 12.69 14.08 15.52 16.26 15.85 17.09 18.24 18.25 17.37 18.48 17.83 19.37 20.75 22.39 22.44 24.62 25.78 28.68 27.40 26.39 25.70 24.07 22.30 22.72 21.41 22.89 22.73 21.30 19.24 18.55 16.59 17.46 16.10 17.38 18.15 19.38 20.10 23.87 23.84 23.16 21.84 21.77 19.29 16.87 16.77 18.79 18.49 20.59 20.95 23.17 23.99 25.29 24.53 24.55 25.20 25.79 24.99 24.35 24.43 23.14 21.68 20.41 20.04 18.77 18.41 19.98 19.81 19.21 19.04 21.29 20.62 21.47 22.87 23.89 23.38 24.71 26.99 27.20 26.46 22.90 23.55 22.15 23.66 22.05 23.15 22.75 22.59 22.41 21.93 23.28 25.23 
20.53 19.00 16.44 14.50 14.24 12.67 11.58 10.12 8.44 7.19 5.60 0.00 5.98 7.06 8.90 10.95 11.25 13.02 14.32 14.69 15.28 16.06 16.86 16.31 17.34 16.34 18.53 19.86 21.90 21.51 23.84 24.96 27.24 26.61 25.51 24.81 23.59 21.75 21.92 20.79 22.13 22.06 20.45 18.65 17.74 15.87 15.98 15.30 16.77 17.16 17.51 19.04 23.12 22.97 21.82 21.03 21.24 18.60 16.12 16.14 18.10 17.85 19.55 20.20 22.32 23.22 24.48 23.75 24.12 24.46 25.06 24.26 23.68 23.85 22.29 20.70 19.80 19.58 18.13 17.86 19.34 19.36 18.25 18.23 20.38 19.79 20.62 21.87 22.59 22.32 24.07 26.26 26.05 25.56 22.25 22.99 21.40 22.40 21.18 22.22 21.85 21.72 21.00 21.37 22.19 24.53 
21.11 19.99 16.68 14.81 14.98 13.76 12.94 12.36 10.79 9.01 7.77 5.98 0.00 5.99 7.95 9.97 10.67 12.39 13.61 15.03 15.85 15.73 16.24 16.60 18.06 17.29 19.34 21.76 22.82 23.04 25.22 25.85 28.42 27.52 26.12 26.02 24.58 23.25 23.11 22.16 23.45 23.66 21.84 20.27 18.82 16.52 16.29 16.19 17.37 17.37 17.58 19.79 24.13 23.97 22.75 22.61 22.94 20.19 17.76 17.69 19.62 19.26 20.59 21.28 23.61 24.41 25.09 24.61 24.77 25.44 25.59 25.12 24.93 24.87 22.90 21.88 20.73 20.58 18.90 19.08 21.10 20.81 19.32 19.11 20.99 20.59 21.29 22.21 22.52 22.76 24.60 26.70 26.30 26.31 23.07 23.53 21.70 23.12 21.96 22.98 21.65 21.58 21.27 21.03 21.34 23.32 
22.49 21.02 18.82 17.00 16.13 14.20 14.06 13.63 12.46 10.25 8.68 7.06 5.99 0.00 5.62 7.29 8.97 11.58 12.49 14.26 15.24 15.59 16.20 16.90 18.59 18.10 20.26 22.17 24.02 23.95 26.79 27.85 29.80 29.42 28.25 27.65 26.42 24.95 25.17 24.06 24.93 25.36 23.73 22.03 19.99 17.67 17.75 17.27 17.86 18.31 19.45 21.55 25.54 25.81 24.83 24.41 24.28 21.98 19.20 19.12 21.02 20.68 22.02 22.51 24.87 25.94 26.76 26.25 26.76 27.07 27.38 26.59 26.03 26.28 24.59 23.09 21.89 21.80 20.45 20.79 22.23 21.77 20.31 20.32 22.17 21.46 21.62 23.17 23.92 23.62 24.99 27.70 27.80 27.55 24.06 24.54 22.91 23.77 22.63 23.54 23.08 22.67 21.53 21.42 21.83 24.08 
24.03 23.40 21.33 20.14 18.24 17.10 17.41 16.71 15.45 13.33 11.51 8.90 7.95 5.62 0.00 6.19 7.59 11.17 13.25 14.16 16.30 17.15 18.18 18.46 20.93 20.59 22.52 25.38 26.89 27.34 30.13 31.10 33.71 32.53 31.19 31.07 29.23 27.79 28.16 26.82 28.16 28.44 26.89 24.60 22.59 20.38 20.94 20.04 20.44 21.02 22.48 24.39 28.18 28.61 28.08 27.29 26.97 24.52 21.93 21.87 23.82 23.39 24.79 24.93 27.35 28.27 29.35 28.68 29.12 29.55 29.59 28.93 28.47 28.64 27.00 25.74 24.28 24.38 23.12 23.15 24.74 24.10 22.69 22.53 24.45 23.26 23.32 24.94 26.10 25.34 26.11 29.20 29.80 29.22 25.23 26.46 24.67 26.00 23.72 24.84 24.00 23.61 22.68 22.19 22.95 23.64 
24.35 23.08 21.25 20.34 19.95 17.75 17.38 17.64 16.36 14.94 12.69 10.95 9.97 7.29 6.19 0.00 5.96 8.05 10.47 12.47 14.41 15.40 17.53 18.11 19.65 19.31 23.31 24.73 26.29 26.55 29.86 30.86 32.75 31.99 30.87 30.58 28.77 27.04 27.60 26.76 27.65 27.79 26.60 24.23 22.12 20.49 20.33 19.71 20.29 20.59 21.87 24.29 28.27 28.80 28.23 27.60 27.32 24.99 22.01 21.87 23.66 23.22 24.32 24.58 26.84 27.96 28.76 28.44 28.70 28.99 29.16 28.39 27.92 28.08 26.49 25.11 24.35 24.46 22.99 22.64 24.48 24.03 22.52 22.07 24.04 23.04 23.29 24.34 24.84 24.83 25.99 28.84 29.01 28.62 24.62 25.50 24.06 24.89 23.35 24.46 23.83 23.19 21.83 21.81 22.53 24.15 
24.43 22.81 19.87 19.21 19.27 17.63 17.12 17.14 16.98 15.30 14.08 11.25 10.67 8.97 7.59 5.96 0.00 6.14 7.63 9.95 12.24 13.51 15.52 16.47 18.16 17.94 20.67 23.23 24.65 25.56 28.85 28.98 31.57 30.53 29.46 28.71 27.32 25.90 26.66 24.85 25.97 26.46 25.55 22.72 20.19 18.52 18.73 17.93 18.16 18.27 19.53 22.44 26.80 26.84 26.78 26.53 26.50 23.53 20.84 20.31 22.38 21.53 22.53 22.55 25.32 26.05 27.21 26.33 26.74 26.84 27.44 26.52 26.00 26.02 24.56 23.36 22.70 22.69 21.31 21.34 23.24 22.79 21.25 20.44 21.99 20.99 21.85 21.90 22.01 22.15 24.07 26.40 26.09 25.88 22.54 23.31 21.49 22.84 21.42 22.55 21.55 20.99 20.63 20.63 21.54 23.59 
24.95 23.09 21.04 20.36 20.71 18.63 18.79 18.63 17.40 16.44 15.52 13.02 12.39 11.58 11.17 8.05 6.14 0.00 5.91 7.71 10.62 12.31 14.38 15.35 18.59 18.77 20.88 23.19 25.49 25.59 28.98 29.95 32.36 31.50 30.35 29.56 28.03 26.82 27.46 25.46 25.90 27.06 25.92 22.92 20.09 19.19 18.80 17.89 18.33 18.96 20.59 23.16 27.36 27.97 27.76 27.41 27.01 24.55 21.78 21.43 22.93 22.30 23.05 23.66 26.09 27.34 28.04 27.68 27.93 28.34 28.53 27.48 27.04 27.32 26.05 24.57 23.52 23.72 22.64 22.59 24.12 23.36 22.08 21.42 22.64 21.25 21.41 22.35 22.87 22.67 24.15 26.80 26.86 26.70 22.89 23.48 22.23 23.28 22.01 22.92 22.69 22.01 21.27 21.04 21.85 23.86 
24.98 23.73 21.52 21.14 20.12 18.77 19.31 19.45 17.64 16.70 16.26 14.32 13.61 12.49 13.25 10.47 7.63 5.91 0.00 6.01 7.58 10.62 12.86 15.37 18.03 18.36 20.81 23.23 25.27 26.06 29.05 30.08 32.92 31.42 30.34 29.37 27.49 25.73 26.72 24.53 25.38 25.89 25.04 22.13 19.50 17.57 17.20 16.43 17.32 18.27 20.77 22.96 27.00 28.06 28.14 27.03 26.37 23.99 22.02 21.06 22.52 22.00 23.34 23.47 26.13 27.31 28.44 27.88 28.59 28.76 29.06 28.06 27.58 27.74 26.23 24.71 23.53 23.68 22.59 22.64 24.30 23.45 22.20 21.20 22.97 21.02 20.55 21.59 22.83 22.01 22.90 25.97 26.49 26.05 22.13 23.33 22.10 22.98 21.25 22.54 22.33 21.41 21.52 21.23 22.19 22.88 
24.84 23.04 21.10 20.81 20.88 19.01 18.98 19.64 18.44 17.77 15.85 14.69 15.03 14.26 14.16 12.47 9.95 7.71 6.01 0.00 6.34 7.38 10.99 12.43 15.74 16.16 19.48 21.22 23.30 23.16 26.91 27.61 30.19 28.85 28.23 27.18 25.13 23.05 23.62 22.29 22.91 23.10 21.62 19.69 17.03 14.72 13.49 13.55 14.69 15.74 18.72 21.31 24.96 26.11 26.16 25.32 24.83 22.54 19.88 18.63 20.34 20.08 21.14 21.36 24.42 25.62 26.73 26.29 26.83 27.03 27.48 26.67 26.32 26.09 24.45 22.93 21.97 21.76 20.33 20.59 21.90 21.29 19.72 19.07 19.76 18.56 17.94 18.99 20.02 19.79 21.35 24.12 24.51 24.22 20.35 20.83 19.89 20.67 19.63 21.08 21.22 20.30 20.12 20.11 21.12 22.85 
25.12 23.25 21.01 20.69 21.27 19.98 20.13 20.54 19.86 18.54 17.09 15.28 15.85 15.24 16.30 14.41 12.24 10.62 7.58 6.34 0.00 5.69 7.75 10.97 13.26 15.15 17.96 19.69 21.23 21.87 25.24 25.99 28.57 27.48 26.25 25.14 22.73 21.10 22.18 19.89 20.99 21.22 20.26 17.70 15.00 12.89 12.67 11.65 13.12 13.78 17.20 19.78 22.94 23.59 24.35 23.90 22.93 20.48 18.42 16.95 18.48 18.37 19.31 19.99 23.44 24.52 25.91 25.35 25.48 25.62 26.60 25.87 24.92 24.74 23.18 21.43 19.91 19.72 18.61 18.89 20.41 19.37 18.02 16.58 16.98 15.61 16.03 16.70 17.83 18.36 20.64 23.01 22.51 22.39 18.87 19.67 18.35 19.55 18.68 20.10 19.77 18.94 19.40 19.21 20.65 21.88 
25.06 22.81 20.81 20.83 21.66 20.01 20.06 20.75 20.06 19.13 18.24 16.06 15.73 15.59 17.15 15.40 13.51 12.31 10.62 7.38 5.69 0.00 6.32 7.08 11.47 13.27 16.11 17.87 20.38 21.16 24.52 25.34 27.91 26.91 25.23 24.15 21.70 20.38 20.24 18.34 18.94 19.82 18.09 15.09 12.38 11.55 10.80 10.16 12.18 13.42 16.21 18.77 22.17 23.32 23.72 23.16 22.06 20.12 17.73 16.77 17.49 17.63 18.63 19.17 22.18 23.62 25.00 24.34 24.95 25.49 26.27 25.27 24.57 24.79 22.75 21.19 19.23 18.97 17.71 18.10 18.65 17.55 15.64 15.25 14.75 13.53 14.17 15.65 16.98 17.11 19.86 22.23 21.97 22.30 18.56 19.31 17.68 18.94 18.12 19.93 19.93 19.05 18.90 19.12 20.02 22.34 
24.67 22.62 20.73 20.54 20.92 19.11 19.48 19.72 19.26 18.82 18.25 16.86 16.24 16.20 18.18 17.53 15.52 14.38 12.86 10.99 7.75 6.32 0.00 6.05 8.07 11.74 13.06 16.64 18.67 19.52 22.09 23.61 26.23 24.79 22.63 22.25 19.47 17.80 18.17 15.70 16.39 15.89 15.51 13.04 11.67 9.60 10.09 9.50 12.35 12.95 15.27 17.22 21.67 23.36 23.21 21.43 20.49 18.77 16.52 15.05 15.56 16.10 17.52 17.50 20.38 22.22 23.73 23.11 23.95 24.37 25.05 23.68 23.23 23.06 21.50 19.75 17.94 17.21 16.43 16.21 17.54 15.37 14.49 13.29 14.26 12.51 13.49 14.71 16.83 16.84 19.52 21.49 21.25 21.50 17.95 18.56 17.52 18.49 17.29 18.64 19.39 17.92 18.96 18.64 19.92 21.18 
25.04 22.77 20.40 20.29 21.11 19.33 19.28 19.46 18.67 17.94 17.37 16.31 16.60 16.90 18.46 18.11 16.47 15.35 15.37 12.43 10.97 7.08 6.05 0.00 5.89 6.79 11.15 13.00 15.81 16.36 19.62 21.43 23.70 22.15 20.77 20.59 17.61 15.59 15.41 13.75 13.33 13.95 12.68 11.79 9.86 9.42 8.68 9.22 11.05 12.66 14.29 16.00 19.23 20.54 20.81 19.67 18.22 15.80 12.80 11.87 13.55 14.22 15.42 15.93 19.43 21.20 22.24 22.08 22.69 23.28 23.74 22.78 22.48 22.15 20.35 18.79 17.17 15.52 13.68 14.28 14.24 12.95 11.08 10.87 10.89 10.95 11.95 13.56 15.66 16.56 18.97 20.80 20.48 20.64 17.08 17.16 15.37 16.74 15.71 18.03 17.97 16.82 17.61 18.32 19.33 21.96 
25.87 23.87 21.36 21.19 22.57 20.39 20.67 20.96 20.50 19.13 18.48 17.34 18.06 18.59 20.93 19.65 18.16 18.59 18.03 15.74 13.26 11.47 8.07 5.89 0.00 6.28 7.90 11.23 12.57 14.58 18.53 19.63 21.52 20.47 19.88 19.54 17.12 14.46 14.79 10.98 11.81 12.54 13.02 10.72 10.84 10.28 11.50 10.75 12.48 12.73 15.15 15.97 18.93 18.94 20.51 18.62 17.78 14.83 12.96 12.34 14.15 14.16 15.64 16.61 20.21 21.46 22.95 22.33 22.71 23.05 24.23 23.01 22.40 22.12 20.92 18.81 16.89 14.91 14.41 13.44 14.24 12.84 11.74 10.61 10.96 11.26 13.26 14.38 17.02 17.92 20.29 21.68 21.07 21.10 17.97 17.57 16.13 17.48 16.59 17.68 18.21 16.88 17.89 18.41 19.76 21.88 
25.49 22.85 20.69 20.64 22.00 19.76 19.73 20.15 19.26 18.11 17.83 16.34 17.29 18.10 20.59 19.31 17.94 18.77 18.36 16.16 15.15 13.27 11.74 6.79 6.28 0.00 5.82 6.86 10.37 12.06 15.70 16.56 19.22 18.44 16.58 15.52 13.93 12.45 10.24 7.48 9.05 11.64 10.29 8.59 9.89 10.79 10.97 10.75 11.93 12.76 14.09 14.85 17.73 18.27 18.65 17.27 15.76 13.30 11.87 11.53 12.45 13.26 14.86 15.50 18.31 20.27 21.37 20.97 21.00 22.01 22.53 21.60 20.74 20.75 19.15 16.94 14.08 12.89 11.90 11.41 11.56 11.80 10.43 10.60 10.87 11.79 13.34 15.42 17.03 17.81 20.25 21.39 20.18 20.35 17.06 16.65 14.25 15.74 14.79 16.67 17.18 16.03 17.02 17.82 18.71 21.50 
26.30 24.29 22.27 22.20 23.07 20.72 20.95 20.90 20.57 19.95 19.37 18.53 19.34 20.26 22.52 23.31 20.67 20.88 20.81 19.48 17.96 16.11 13.06 11.15 7.90 5.82 0.00 5.60 8.68 9.92 12.75 15.13 18.03 16.93 15.99 15.00 12.47 11.43 11.52 8.95 11.20 12.40 13.73 12.22 13.48 12.41 13.93 11.95 13.78 13.82 15.05 15.13 18.05 18.93 18.22 16.83 15.27 13.32 11.12 11.63 12.48 13.77 15.96 16.57 18.83 20.60 22.10 21.10 22.13 22.10 22.83 21.51 20.95 20.58 19.04 16.69 14.15 12.80 11.90 10.83 11.55 11.79 11.28 11.40 13.12 13.99 16.66 17.92 18.73 19.63 21.63 22.79 21.99 22.02 18.46 17.74 15.93 16.91 15.30 17.10 18.07 16.45 17.52 17.81 19.46 21.16 
27.05 25.08 22.86 22.52 24.14 22.34 21.90 22.01 21.99 21.08 20.75 19.86 21.76 22.17 25.38 24.73 23.23 23.19 23.23 21.22 19.69 17.87 16.64 13.00 11.23 6.86 5.60 0.00 6.47 6.92 10.75 12.52 15.17 14.71 14.14 13.88 10.44 10.11 10.77 9.79 10.60 12.98 14.30 14.07 13.82 13.93 13.69 13.44 13.50 14.10 15.33 15.70 17.79 18.07 17.00 15.66 14.06 10.92 8.72 10.17 11.83 12.49 15.10 16.46 19.15 20.43 21.53 20.97 21.26 21.99 22.52 21.39 20.56 20.43 18.66 16.47 14.25 12.63 10.96 10.59 11.80 11.14 10.82 12.30 14.57 16.09 17.77 19.58 20.66 21.42 23.45 24.43 23.56 23.23 19.74 19.23 16.46 17.81 16.82 18.75 19.09 17.20 17.85 18.40 20.10 22.07 
28.16 26.52 24.19 23.99 25.88 24.05 23.67 24.07 23.68 22.87 22.39 21.90 22.82 24.02 26.89 26.29 24.65 25.49 25.27 23.30 21.23 20.38 18.67 15.81 12.57 10.37 8.68 6.47 0.00 5.98 9.37 10.42 13.13 13.58 13.86 12.07 9.81 9.91 10.83 9.52 12.02 15.01 16.12 15.20 14.82 14.37 14.73 13.91 14.56 14.85 16.36 15.81 16.98 17.45 16.67 15.45 15.02 11.92 10.67 11.29 13.38 14.34 16.20 17.69 19.94 21.05 22.24 21.27 21.56 22.10 22.90 21.16 20.12 19.63 18.46 15.82 13.83 12.92 12.11 12.16 13.52 14.10 13.77 15.29 16.91 18.51 20.04 21.46 22.82 23.33 25.26 26.53 25.17 24.97 21.63 21.10 18.57 20.43 19.65 20.94 20.17 18.06 19.39 19.32 20.97 21.45 
27.97 25.56 23.55 23.61 25.34 23.05 23.06 23.38 22.97 22.08 22.44 21.51 23.04 23.95 27.34 26.55 25.56 25.59 26.06 23.16 21.87 21.16 19.52 16.36 14.58 12.06 9.92 6.92 5.98 0.00 6.23 6.54 9.62 10.55 9.54 8.21 8.11 8.67 9.42 9.45 13.28 15.97 17.13 16.60 15.84 14.91 14.78 14.07 14.36 14.77 16.40 15.92 16.89 16.89 16.23 14.58 12.92 10.35 9.76 9.81 11.03 12.69 14.71 14.99 17.40 19.11 20.73 20.08 19.68 20.50 20.76 19.31 17.39 17.31 15.43 13.88 11.11 11.05 11.20 11.68 12.57 13.75 14.40 16.00 17.43 18.90 20.62 21.79 22.95 23.15 25.27 26.20 24.84 24.82 21.48 20.28 17.71 19.21 18.65 19.98 20.26 18.40 18.33 18.55 19.95 21.75 
29.53 27.52 25.74 25.64 26.63 24.96 25.01 25.02 24.68 24.45 24.62 23.84 25.22 26.79 30.13 29.86 28.85 28.98 29.05 26.91 25.24 24.52 22.09 19.62 18.53 15.70 12.75 10.75 9.37 6.23 1.22 6.19 9.81 10.76 10.07 9.82 9.03 10.65 11.44 12.49 16.47 18.59 20.24 19.19 17.65 15.67 16.72 15.67 15.57 15.78 17.04 16.31 17.48 17.44 16.88 15.78 15.46 13.05 10.91 12.31 13.37 14.55 15.95 17.01 19.36 20.33 21.77 21.48 21.63 21.27 20.65 19.09 18.27 17.49 15.62 14.07 13.12 13.50 13.35 13.89 14.93 16.99 17.75 18.99 20.56 21.42 23.37 24.58 25.80 25.81 27.12 27.95 26.76 26.80 23.37 22.60 19.97 21.69 20.78 21.71 21.08 19.27 20.39 19.59 20.74 21.18 
30.19 28.52 26.65 26.30 27.78 26.11 26.18 26.29 25.54 25.59 25.78 24.96 25.85 27.85 31.10 30.86 28.98 29.95 30.08 27.61 25.99 25.34 23.61 21.43 19.63 16.56 15.13 12.52 10.42 6.54 6.19 0.00 6.04 7.27 8.03 8.00 7.20 8.94 10.13 12.29 17.79 20.82 20.91 20.24 18.25 17.22 17.03 15.94 14.55 14.85 15.56 16.28 17.33 18.00 16.81 15.64 15.33 12.76 10.04 11.14 12.32 13.06 14.29 15.50 18.59 19.18 20.41 20.26 20.52 20.43 19.35 17.77 16.68 17.09 14.97 14.15 13.14 13.69 13.46 14.37 15.73 17.62 18.69 20.10 22.22 23.02 24.77 25.68 26.12 26.08 27.54 28.15 26.72 26.48 23.61 22.49 19.96 21.17 20.49 21.51 21.79 20.71 20.14 20.27 21.42 22.91 
32.23 30.81 29.10 28.31 30.38 28.80 29.10 29.00 28.58 28.31 28.68 27.24 28.42 29.80 33.71 32.75 31.57 32.36 32.92 30.19 28.57 27.91 26.23 23.70 21.52 19.22 18.03 15.17 13.13 9.62 9.81 6.04 2.70 5.98 8.81 7.97 9.10 11.97 13.78 16.23 21.44 23.06 23.58 22.51 21.18 18.99 18.18 16.15 15.06 14.52 15.45 15.52 18.39 18.79 18.81 17.82 17.31 15.29 12.33 13.58 14.05 14.86 15.44 16.42 20.00 21.06 21.71 20.84 21.29 21.49 21.07 18.88 18.33 18.14 17.34 15.64 15.33 15.13 15.44 16.89 18.30 19.50 21.39 23.01 24.95 25.25 27.67 28.05 28.52 28.10 29.80 30.32 28.50 28.41 25.47 25.07 22.42 23.93 22.63 24.01 23.25 21.78 22.13 21.75 22.80 23.90 
31.27 29.58 27.73 27.47 28.82 27.27 27.50 27.76 26.97 27.32 27.40 26.61 27.52 29.42 32.53 31.99 30.53 31.50 31.42 28.85 27.48 26.91 24.79 22.15 20.47 18.44 16.93 14.71 13.58 10.55 10.76 7.27 5.98 0.16 5.33 5.94 8.91 11.10 13.12 15.23 19.04 22.04 22.50 21.98 19.46 17.16 16.30 15.07 13.35 13.91 14.99 15.09 17.93 19.43 19.61 18.11 17.12 14.38 12.20 11.52 11.80 12.26 12.75 13.84 17.18 18.84 19.67 19.17 19.65 20.26 19.78 17.75 16.81 17.38 15.34 13.89 13.08 14.13 14.45 15.79 16.66 18.20 20.31 21.97 23.92 24.32 26.85 28.02 28.36 27.84 29.56 30.47 28.87 28.60 25.21 24.34 22.06 22.99 22.06 23.07 23.07 22.15 21.30 21.25 22.08 23.43 
31.24 29.47 28.02 27.37 28.43 26.49 26.69 26.25 25.77 25.90 26.39 25.51 26.12 28.25 31.19 30.87 29.46 30.35 30.34 28.23 26.25 25.23 22.63 20.77 19.88 16.58 15.99 14.14 13.86 9.54 10.07 8.03 8.81 5.33 0.73 6.13 7.38 9.58 11.47 13.81 18.43 19.73 20.28 19.81 18.43 15.41 15.76 14.33 13.77 14.39 15.80 16.62 19.49 20.88 19.94 18.53 17.69 15.54 12.15 11.77 11.81 11.55 11.37 12.61 15.70 17.56 18.88 18.53 18.93 19.16 18.81 17.60 16.75 16.70 15.09 13.75 13.92 14.78 14.90 16.22 17.55 18.85 20.73 22.09 24.94 25.02 27.01 28.00 29.08 28.18 29.16 30.19 28.95 28.29 24.70 24.27 21.75 23.13 21.45 22.82 22.30 21.84 22.03 21.45 22.27 22.96 
30.44 28.87 27.03 26.78 27.91 25.90 25.78 25.70 25.37 25.23 25.70 24.81 26.02 27.65 31.07 30.58 28.71 29.56 29.37 27.18 25.14 24.15 22.25 20.59 19.54 15.52 15.00 13.88 12.07 8.21 9.82 8.00 7.97 5.94 6.13 0.00 5.20 8.56 10.13 12.09 16.44 18.94 19.44 18.62 16.23 14.17 14.25 13.07 13.71 14.42 15.70 16.68 20.08 21.04 20.25 19.00 18.21 16.01 13.16 11.77 11.40 11.23 11.79 12.07 15.09 17.43 19.10 18.34 18.14 18.29 18.69 17.82 17.07 17.11 15.36 14.53 14.49 14.85 15.19 16.05 17.42 18.81 20.56 21.67 24.64 24.95 26.85 27.77 28.64 28.14 29.46 30.63 29.04 28.15 24.77 24.34 22.04 22.54 21.75 22.90 23.14 22.12 21.28 21.67 22.59 23.69 
29.53 27.59 25.93 24.99 27.08 24.77 24.84 24.59 24.42 23.78 24.07 23.59 24.58 26.42 29.23 28.77 27.32 28.03 27.49 25.13 22.73 21.70 19.47 17.61 17.12 13.93 12.47 10.44 9.81 8.11 9.03 7.20 9.10 8.91 7.38 5.20 0.00 6.68 8.44 9.27 13.12 15.58 15.98 14.29 12.41 10.48 11.57 11.01 12.15 13.30 14.83 16.08 19.04 20.50 20.27 19.12 18.26 16.05 13.34 11.80 11.57 10.36 11.00 10.67 13.74 15.83 18.14 17.25 17.02 17.60 17.78 16.99 16.80 17.05 15.94 14.77 14.14 14.01 14.02 15.18 17.02 17.61 19.56 20.23 22.99 23.53 25.78 26.64 27.17 27.26 28.55 29.55 27.98 27.23 23.70 23.53 21.29 22.36 20.98 22.57 21.80 21.14 20.88 20.91 21.82 22.76 
28.39 26.36 24.17 23.81 25.24 23.13 23.05 22.68 22.18 21.74 22.30 21.75 23.25 24.95 27.79 27.04 25.90 26.82 25.73 23.05 21.10 20.38 17.80 15.59 14.46 12.45 11.43 10.11 9.91 8.67 10.65 8.94 11.97 11.10 9.58 8.56 6.68 0.15 7.10 7.83 10.59 12.08 12.93 12.59 10.07 8.89 9.88 10.36 11.63 13.00 16.04 17.09 20.06 21.14 20.79 19.87 19.52 16.88 13.30 12.25 11.05 9.39 8.90 9.02 12.15 13.96 15.49 15.50 15.86 16.68 16.81 16.03 16.18 16.85 15.27 13.96 13.28 13.48 13.60 15.28 16.78 17.16 18.33 19.63 21.91 22.67 24.66 26.28 26.86 26.43 27.89 28.95 27.76 26.57 23.09 22.63 20.42 21.02 20.08 21.30 21.46 20.75 19.96 20.86 21.19 23.05 
29.28 27.30 25.66 24.68 25.84 23.57 23.58 22.86 22.52 22.17 22.72 21.92 23.11 25.17 28.16 27.60 26.66 27.46 26.72 23.62 22.18 20.24 18.17 15.41 14.79 10.24 11.52 10.77 10.83 9.42 11.44 10.13 13.78 13.12 11.47 10.13 8.44 7.10 1.79 6.04 8.29 11.00 11.97 11.07 10.91 8.70 11.45 11.82 14.09 16.06 19.29 20.30 23.24 23.95 23.36 22.32 22.31 19.51 16.20 14.66 13.67 11.89 11.05 10.80 12.93 13.68 15.22 15.91 16.42 17.28 17.61 17.52 17.28 18.43 17.15 15.88 15.18 15.68 15.97 16.62 18.73 19.61 20.97 21.18 23.94 23.75 25.86 27.03 28.03 27.44 28.54 30.02 28.83 27.67 23.76 24.03 21.82 22.90 21.00 22.22 21.56 21.02 20.98 20.67 21.77 22.71 
28.08 26.08 24.04 23.60 24.61 22.08 21.97 21.79 21.63 21.19 21.41 20.79 22.16 24.06 26.82 26.76 24.85 25.46 24.53 22.29 19.89 18.34 15.70 13.75 10.98 7.48 8.95 9.79 9.52 9.45 12.49 12.29 16.23 15.23 13.81 12.09 9.27 7.83 6.04 0.41 6.07 7.82 9.38 8.38 7.65 6.90 9.61 10.60 13.33 15.21 18.79 20.33 23.47 24.21 23.55 22.26 22.19 20.08 16.33 14.95 13.77 12.19 11.22 10.42 11.23 12.10 13.90 14.80 15.01 15.63 16.46 17.06 16.78 17.65 16.56 15.61 14.49 15.60 15.59 16.03 18.02 19.44 20.62 20.93 22.52 23.22 24.95 26.14 26.66 26.75 27.96 29.18 27.84 26.71 23.11 23.50 21.33 21.85 20.21 21.58 21.36 20.59 19.77 20.92 21.55 23.51 
28.87 26.95 25.04 24.25 26.02 23.63 23.72 23.49 23.52 23.07 22.89 22.13 23.45 24.93 28.16 27.65 25.97 25.90 25.38 22.91 20.99 18.94 16.39 13.33 11.81 9.05 11.20 10.60 12.02 13.28 16.47 17.79 21.44 19.04 18.43 16.44 13.12 10.59 8.29 6.07 1.96 6.29 8.30 8.21 8.68 9.12 11.33 12.78 16.68 18.93 21.69 22.94 25.94 27.59 28.07 26.15 25.86 23.23 19.57 18.05 17.47 14.75 14.42 11.91 13.58 13.86 15.27 15.92 16.22 17.22 17.80 18.41 19.14 20.12 19.40 18.54 17.83 18.27 18.45 20.05 21.28 22.12 23.68 22.89 24.56 25.07 26.96 26.91 27.29 27.68 29.24 30.13 28.93 27.83 24.60 25.00 23.18 23.80 21.90 22.80 22.61 21.66 21.52 21.20 22.79 24.00 
29.22 27.04 24.82 24.29 25.62 23.43 23.42 23.20 22.79 22.63 22.73 22.06 23.66 25.36 28.44 27.79 26.46 27.06 25.89 23.10 21.22 19.82 15.89 13.95 12.54 11.64 12.40 12.98 15.01 15.97 18.59 20.82 23.06 22.04 19.73 18.94 15.58 12.08 11.00 7.82 6.29 0.58 6.26 8.48 9.80 9.75 13.18 14.87 17.96 20.22 23.86 24.61 27.64 28.71 29.15 27.30 27.04 24.09 20.60 18.65 17.58 14.35 13.45 12.61 13.58 14.43 16.17 17.13 17.63 18.02 18.56 18.88 19.00 19.99 19.56 19.00 17.10 17.52 18.41 20.29 21.51 21.97 23.56 24.22 25.34 25.73 27.36 28.50 28.39 28.76 30.09 31.13 29.75 29.36 25.34 25.56 23.43 24.45 22.84 24.05 23.85 22.82 21.96 22.31 23.08 24.65 
28.83 26.86 24.78 24.00 24.99 22.36 22.49 21.62 21.16 20.88 21.30 20.45 21.84 23.73 26.89 26.60 25.55 25.92 25.04 21.62 20.26 18.09 15.51 12.68 13.02 10.29 13.73 14.30 16.12 17.13 20.24 20.91 23.58 22.50 20.28 19.44 15.98 12.93 11.97 9.38 8.30 6.26 0.00 6.64 9.01 9.48 12.17 13.96 16.95 19.84 22.95 25.05 27.38 28.29 28.38 26.70 25.78 23.04 18.99 16.58 15.71 12.80 12.42 10.94 12.60 13.30 15.00 15.72 16.32 17.07 17.18 17.19 17.18 18.36 18.73 16.91 15.51 17.41 17.10 18.69 20.90 22.18 23.51 23.90 25.36 25.69 26.97 27.70 28.06 28.13 29.11 30.39 29.22 28.68 24.75 24.90 22.84 24.23 22.39 23.30 23.18 22.18 22.72 21.89 23.15 23.71 
27.63 25.25 22.99 22.38 23.46 20.77 20.38 20.13 19.94 19.34 19.24 18.65 20.27 22.03 24.60 24.23 22.72 22.92 22.13 19.69 17.70 15.09 13.04 11.79 10.72 8.59 12.22 14.07 15.20 16.60 19.19 20.24 22.51 21.98 19.81 18.62 14.29 12.59 11.07 8.38 8.21 8.48 6.64 0.00 6.51 7.64 9.30 10.60 14.75 17.94 20.82 22.99 25.88 26.55 25.95 24.63 24.33 21.02 16.99 14.19 13.49 11.65 10.10 9.47 11.05 12.97 14.81 14.60 14.80 15.46 16.01 15.31 15.16 16.39 15.74 14.37 13.47 14.97 15.50 16.03 19.08 20.63 21.91 21.51 23.31 23.29 24.39 24.67 25.44 25.19 27.01 28.13 27.25 26.49 22.71 23.01 21.16 22.23 20.73 22.07 22.16 20.92 20.56 21.05 22.23 23.80 
26.60 24.41 22.27 21.87 23.24 20.19 20.21 19.87 20.09 18.79 18.55 17.74 18.82 19.99 22.59 22.12 20.19 20.09 19.50 17.03 15.00 12.38 11.67 9.86 10.84 9.89 13.48 13.82 14.82 15.84 17.65 18.25 21.18 19.46 18.43 16.23 12.41 10.07 10.91 7.65 8.68 9.80 9.01 6.51 0.00 5.91 5.37 9.40 12.45 16.26 18.59 20.21 23.74 24.91 24.09 22.88 22.58 19.78 16.07 13.08 13.01 9.99 10.67 9.76 12.38 14.01 16.33 15.30 15.01 14.95 15.29 14.47 14.18 14.69 13.78 13.39 12.24 13.36 12.48 15.54 18.44 19.50 20.17 20.30 21.13 21.41 22.26 22.51 23.39 23.46 25.02 25.94 25.12 24.16 21.23 21.67 20.59 21.51 19.98 21.41 21.37 20.32 20.24 20.52 22.05 22.98 
25.98 23.33 21.14 20.95 21.63 18.66 18.51 18.22 17.63 16.43 16.59 15.87 16.52 17.67 20.38 20.49 18.52 19.19 17.57 14.72 12.89 11.55 9.60 9.42 10.28 10.79 12.41 13.93 14.37 14.91 15.67 17.22 18.99 17.16 15.41 14.17 10.48 8.89 8.70 6.90 9.12 9.75 9.48 7.64 5.91 0.00 5.75 7.39 10.82 13.13 15.93 18.09 20.71 22.07 21.91 20.38 19.57 16.91 13.14 10.90 9.27 6.99 7.50 9.25 11.59 13.58 15.90 15.79 14.87 14.90 15.19 14.59 13.75 13.48 12.35 11.07 10.97 10.19 9.12 12.51 15.71 15.62 16.32 16.98 18.44 18.35 19.36 20.44 20.74 21.14 22.71 23.81 22.93 22.61 19.22 19.39 18.03 19.48 18.43 20.07 20.29 19.38 19.05 19.85 20.54 22.91 
26.40 24.31 22.36 21.90 22.25 19.47 19.71 18.84 18.22 17.12 17.46 15.98 16.29 17.75 20.94 20.33 18.73 18.80 17.20 13.49 12.67 10.80 10.09 8.68 11.50 10.97 13.93 13.69 14.73 14.78 16.72 17.03 18.18 16.30 15.76 14.25 11.57 9.88 11.45 9.61 11.33 13.18 12.17 9.30 5.37 5.75 0.00 6.39 8.17 11.31 12.66 15.93 18.83 19.95 20.88 19.33 18.85 15.71 12.31 8.51 9.58 7.97 7.88 9.82 14.28 15.27 16.99 16.52 15.94 16.35 16.38 15.86 15.25 15.80 13.71 12.60 10.63 12.39 11.38 13.19 15.55 17.30 17.36 17.23 18.17 17.97 19.37 20.41 20.65 21.35 22.81 24.41 23.38 23.17 19.70 19.96 18.52 20.35 19.16 20.22 19.88 18.68 19.89 19.68 20.38 21.77 
25.86 23.48 21.45 21.21 21.32 18.52 18.41 18.04 17.17 15.99 16.10 15.30 16.19 17.27 20.04 19.71 17.93 17.89 16.43 13.55 11.65 10.16 9.50 9.22 10.75 10.75 11.95 13.44 13.91 14.07 15.67 15.94 16.15 15.07 14.33 13.07 11.01 10.36 11.82 10.60 12.78 14.87 13.96 10.60 9.40 7.39 6.39 0.00 6.44 7.31 9.49 12.47 15.89 17.70 17.35 16.52 15.69 13.12 9.22 6.64 8.10 8.20 7.92 10.09 14.22 16.47 17.22 17.24 17.02 17.33 17.42 16.38 15.69 15.76 13.85 11.48 9.02 10.27 10.48 11.10 13.15 14.50 15.28 14.05 15.80 15.09 16.22 17.77 18.70 18.80 20.59 22.55 22.06 21.23 18.01 19.08 17.42 19.08 17.84 19.52 19.29 18.39 18.41 19.36 19.96 22.66 
26.19 24.12 22.11 21.64 22.35 19.33 19.52 19.08 18.71 17.55 17.38 16.77 17.37 17.86 20.44 20.29 18.16 18.33 17.32 14.69 13.12 12.18 12.35 11.05 12.48 11.93 13.78 13.50 14.56 14.36 15.57 14.55 15.06 13.35 13.77 13.71 12.15 11.63 14.09 13.33 16.68 17.96 16.95 14.75 12.45 10.82 8.17 6.44 0.00 5.71 6.80 10.42 14.03 15.24 15.74 15.16 13.94 11.69 9.18 7.80 8.70 8.81 10.64 12.87 16.88 18.59 19.28 19.63 19.73 19.86 19.85 18.94 17.84 17.57 15.16 12.99 10.86 10.77 10.34 11.69 13.17 13.58 13.80 12.51 14.94 14.46 15.10 15.98 17.87 17.92 19.81 21.84 21.81 21.07 18.11 19.42 18.54 20.10 18.59 20.05 19.65 18.17 18.62 19.29 20.13 22.61 
26.69 24.37 22.41 22.35 22.72 20.19 19.78 19.87 19.09 18.42 18.15 17.16 17.37 18.31 21.02 20.59 18.27 18.96 18.27 15.74 13.78 13.42 12.95 12.66 12.73 12.76 13.82 14.10 14.85 14.77 15.78 14.85 14.52 13.91 14.39 14.42 13.30 13.00 16.06 15.21 18.93 20.22 19.84 17.94 16.26 13.13 11.31 7.31 5.71 0.00 5.30 7.86 11.11 13.44 14.56 13.22 12.22 11.06 9.07 7.28 8.69 10.28 12.36 15.32 18.04 20.57 21.38 21.65 21.51 21.77 21.54 20.42 19.25 19.16 16.77 14.83 12.56 11.84 11.22 11.42 12.94 12.79 13.94 12.94 14.88 14.32 15.98 16.71 18.06 18.26 19.85 22.04 22.00 21.72 18.48 19.96 18.50 20.19 18.77 20.51 20.31 19.24 19.33 20.39 20.43 23.49 
27.98 25.93 24.40 24.25 24.29 21.55 21.28 20.54 20.24 19.54 19.38 17.51 17.58 19.45 22.48 21.87 19.53 20.59 20.77 18.72 17.20 16.21 15.27 14.29 15.15 14.09 15.05 15.33 16.36 16.40 17.04 15.56 15.45 14.99 15.80 15.70 14.83 16.04 19.29 18.79 21.69 23.86 22.95 20.82 18.59 15.93 12.66 9.49 6.80 5.30 0.33 5.76 7.92 10.05 12.25 11.71 11.02 10.22 9.34 7.66 10.69 13.04 15.46 16.95 20.44 22.75 23.32 23.48 23.90 23.57 23.69 22.67 21.76 21.56 20.03 17.81 15.73 15.04 13.15 13.52 13.89 14.02 14.85 13.75 15.81 14.56 16.44 17.79 18.83 18.95 20.73 23.11 22.70 22.67 19.25 20.04 18.97 20.80 19.69 20.84 20.66 19.28 20.80 20.41 21.06 23.00 
28.52 26.37 24.53 24.61 24.66 22.07 21.48 21.42 21.24 20.46 20.10 19.04 19.79 21.55 24.39 24.29 22.44 23.16 22.96 21.31 19.78 18.77 17.22 16.00 15.97 14.85 15.13 15.70 15.81 15.92 16.31 16.28 15.52 15.09 16.62 16.68 16.08 17.09 20.30 20.33 22.94 24.61 25.05 22.99 20.21 18.09 15.93 12.47 10.42 7.86 5.76 0.00 5.85 8.22 9.71 10.49 10.87 9.85 9.74 9.84 12.73 14.99 16.78 19.47 22.85 24.19 24.60 25.02 25.40 25.83 25.50 24.94 23.76 23.39 21.40 19.59 16.41 15.24 13.60 13.22 13.83 13.64 13.60 12.78 15.48 14.36 15.71 17.49 19.15 19.67 21.00 23.81 23.64 23.80 19.66 21.16 19.76 21.46 20.10 21.89 22.31 20.85 20.63 21.42 22.04 24.36 
30.71 28.92 27.05 26.69 27.42 24.99 24.80 24.78 24.95 24.20 23.87 23.12 24.13 25.54 28.18 28.27 26.80 27.36 27.00 24.96 22.94 22.17 21.67 19.23 18.93 17.73 18.05 17.79 16.98 16.89 17.48 17.33 18.39 17.93 19.49 20.08 19.04 20.06 23.24 23.47 25.94 27.64 27.38 25.88 23.74 20.71 18.83 15.89 14.03 11.11 7.92 5.85 2.33 5.67 7.88 9.81 11.90 10.63 11.20 12.42 15.17 17.27 19.98 22.60 26.28 28.36 28.60 28.41 29.76 29.22 29.96 28.27 27.67 27.12 25.04 22.49 20.48 19.02 17.00 16.80 17.07 16.48 15.93 15.61 18.06 17.59 18.48 20.36 22.30 22.47 23.48 26.48 26.73 26.72 23.00 24.51 23.45 25.15 23.67 25.18 24.84 23.77 24.67 23.50 25.09 25.10 
31.22 29.27 27.32 26.94 27.43 25.06 24.68 24.95 24.72 24.18 23.84 22.97 23.97 25.81 28.61 28.80 26.84 27.97 28.06 26.11 23.59 23.32 23.36 20.54 18.94 18.27 18.93 18.07 17.45 16.89 17.44 18.00 18.79 19.43 20.88 21.04 20.50 21.14 23.95 24.21 27.59 28.71 28.29 26.55 24.91 22.07 19.95 17.70 15.24 13.44 10.05 8.22 5.67 0.00 5.93 8.55 9.91 10.31 11.61 11.91 14.51 18.34 20.62 23.14 27.13 29.00 29.52 29.36 29.65 30.34 30.47 29.21 28.27 27.73 25.88 23.12 21.22 19.57 17.84 17.47 17.55 16.78 16.47 16.05 18.63 18.00 19.15 21.15 23.18 23.13 24.11 27.43 27.55 27.62 23.33 25.07 24.05 25.51 24.21 25.81 26.04 24.72 23.89 24.08 24.98 26.24 
31.37 29.48 28.18 27.60 27.40 24.70 24.72 24.16 24.22 23.52 23.16 21.82 22.75 24.83 28.08 28.23 26.78 27.76 28.14 26.16 24.35 23.72 23.21 20.81 20.51 18.65 18.22 17.00 16.67 16.23 16.88 16.81 18.81 19.61 19.94 20.25 20.27 20.79 23.36 23.55 28.07 29.15 28.38 25.95 24.09 21.91 20.88 17.35 15.74 14.56 12.25 9.71 7.88 5.93 0.00 5.83 7.74 8.86 10.81 11.89 14.91 16.80 20.76 22.43 26.04 28.37 29.21 28.86 29.97 29.22 30.64 29.14 27.71 26.96 25.33 23.38 21.46 19.66 18.09 17.30 16.93 16.25 14.71 15.06 17.12 16.55 19.18 21.16 21.65 22.55 24.61 27.56 26.88 27.50 23.97 25.08 23.53 25.50 24.24 25.71 25.05 24.26 25.46 23.47 25.13 25.63 
30.15 28.13 26.46 26.19 25.66 23.11 22.85 22.85 22.72 22.10 21.84 21.03 22.61 24.41 27.29 27.60 26.53 27.41 27.03 25.32 23.90 23.16 21.43 19.67 18.62 17.27 16.83 15.66 15.45 14.58 15.78 15.64 17.82 18.11 18.53 19.00 19.12 19.87 22.32 22.26 26.15 27.30 26.70 24.63 22.88 20.38 19.33 16.52 15.16 13.22 11.71 10.49 9.81 8.55 5.83 0.00 5.66 6.96 9.02 10.83 13.94 15.97 19.56 21.29 25.37 26.68 27.48 27.48 28.01 27.98 28.79 27.32 25.99 24.88 23.51 21.20 19.21 18.21 16.48 15.36 14.65 14.12 12.93 11.91 13.67 13.81 16.18 17.38 19.68 20.60 22.82 25.50 25.53 26.03 22.36 23.74 22.85 24.29 23.42 24.59 24.83 24.15 23.21 23.13 24.32 26.05 
29.17 27.25 24.80 24.33 25.55 22.75 22.64 22.38 22.75 21.92 21.77 21.24 22.94 24.28 26.97 27.32 26.50 27.01 26.37 24.83 22.93 22.06 20.49 18.22 17.78 15.76 15.27 14.06 15.02 12.92 15.46 15.33 17.31 17.12 17.69 18.21 18.26 19.52 22.31 22.19 25.86 27.04 25.78 24.33 22.58 19.57 18.85 15.69 13.94 12.22 11.02 10.87 11.90 9.91 7.74 5.66 0.00 5.37 8.28 9.79 12.25 14.89 19.44 21.08 24.56 26.24 27.68 27.85 28.52 28.24 28.83 26.92 25.36 24.76 22.57 19.53 18.63 17.92 15.37 14.60 13.11 13.48 12.47 11.54 13.62 13.34 15.15 17.44 20.24 21.12 22.43 25.46 26.01 26.11 22.66 24.21 23.30 25.04 23.27 24.97 24.64 24.67 24.33 23.33 24.74 26.12 
27.92 25.87 23.19 22.93 23.31 20.80 20.23 20.13 20.13 19.44 19.29 18.60 20.19 21.98 24.52 24.99 23.53 24.55 23.99 22.54 20.48 20.12 18.77 15.80 14.83 13.30 13.32 10.92 11.92 10.35 13.05 12.76 15.29 14.38 15.54 16.01 16.05 16.88 19.51 20.08 23.23 24.09 23.04 21.02 19.78 16.91 15.71 13.12 11.69 11.06 10.22 9.85 10.63 10.31 8.86 6.96 5.37 0.00 5.81 7.80 8.99 11.85 16.25 17.86 21.42 24.17 25.05 24.49 25.61 25.91 26.54 24.45 22.84 22.13 20.08 17.06 15.40 13.80 11.08 10.29 10.70 10.06 9.39 10.50 12.45 12.10 14.62 16.73 19.12 19.06 20.86 23.81 24.22 24.20 20.68 22.07 21.33 22.48 21.62 22.92 23.41 23.13 22.38 22.95 23.16 25.10 
26.86 24.57 22.40 22.15 22.14 18.80 18.72 17.92 18.35 17.18 16.87 16.12 17.76 19.20 21.93 22.01 20.84 21.78 22.02 19.88 18.42 17.73 16.52 12.80 12.96 11.87 11.12 8.72 10.67 9.76 10.91 10.04 12.33 12.20 12.15 13.16 13.34 13.30 16.20 16.33 19.57 20.60 18.99 16.99 16.07 13.14 12.31 9.22 9.18 9.07 9.34 9.74 11.20 11.61 10.81 9.02 8.28 5.81 0.00 5.67 7.39 9.50 11.67 15.02 18.63 20.22 22.10 22.10 22.66 22.90 23.90 22.14 19.94 19.75 18.11 14.31 12.17 11.46 7.41 7.93 8.67 7.31 7.75 9.10 12.46 11.50 13.33 16.29 17.36 18.00 20.25 22.75 22.16 22.28 19.36 20.30 18.91 20.43 19.66 21.09 20.89 21.10 21.72 20.98 21.23 23.49 
26.48 24.24 22.06 21.92 21.53 18.50 18.16 18.02 18.41 17.20 16.77 16.14 17.69 19.12 21.87 21.87 20.31 21.43 21.06 18.63 16.95 16.77 15.05 11.87 12.34 11.53 11.63 10.17 11.29 9.81 12.31 11.14 13.58 11.52 11.77 11.77 11.80 12.25 14.66 14.95 18.05 18.65 16.58 14.19 13.08 10.90 8.51 6.64 7.80 7.28 7.66 9.84 12.42 11.91 11.89 10.83 9.79 7.80 5.67 0.00 5.72 6.62 9.87 12.35 16.32 18.00 19.70 20.01 20.61 21.09 21.95 20.22 18.67 17.43 15.02 10.95 9.75 8.90 7.83 7.67 8.78 9.14 9.43 10.63 12.58 13.09 15.12 16.81 17.50 18.34 20.57 22.92 22.57 22.27 19.11 20.17 18.65 19.83 19.12 20.55 20.85 20.49 20.14 20.49 20.90 23.35 
27.10 25.04 22.76 22.71 23.14 20.32 20.11 20.17 20.82 19.45 18.79 18.10 19.62 21.02 23.82 23.66 22.38 22.93 22.52 20.34 18.48 17.49 15.56 13.55 14.15 12.45 12.48 11.83 13.38 11.03 13.37 12.32 14.05 11.80 11.81 11.40 11.57 11.05 13.67 13.77 17.47 17.58 15.71 13.49 13.01 9.27 9.58 8.10 8.70 8.69 10.69 12.73 15.17 14.51 14.91 13.94 12.25 8.99 7.39 5.72 0.00 5.15 7.16 10.23 13.64 16.18 17.62 18.30 19.99 20.06 19.91 17.90 17.88 16.81 13.70 10.07 8.12 9.59 6.53 9.72 10.53 11.06 12.36 13.17 15.30 15.80 17.01 18.13 20.09 20.63 22.40 24.78 24.91 24.47 20.88 21.68 19.97 21.48 20.13 21.65 21.30 20.22 20.34 20.26 21.55 22.43 
26.77 24.48 22.33 22.52 22.50 19.81 19.47 19.94 20.03 18.98 18.49 17.85 19.26 20.68 23.39 23.22 21.53 22.30 22.00 20.08 18.37 17.63 16.10 14.22 14.16 13.26 13.77 12.49 14.34 12.69 14.55 13.06 14.86 12.26 11.55 11.23 10.36 9.39 11.89 12.19 14.75 14.35 12.80 11.65 9.99 6.99 7.97 8.20 8.81 10.28 13.04 14.99 17.27 18.34 16.80 15.97 14.89 11.85 9.50 6.62 5.15 0.00 5.89 7.01 10.68 12.02 14.71 14.23 16.67 16.26 17.97 15.59 15.74 13.21 12.07 7.77 7.46 5.44 4.65 7.42 11.53 11.57 12.09 14.32 16.84 17.01 18.31 19.38 20.77 20.77 22.76 24.46 24.41 23.66 20.08 20.35 18.69 19.89 19.10 20.04 20.19 19.47 18.99 19.59 19.98 22.01 
27.26 25.23 23.79 24.05 23.83 21.23 21.35 21.32 21.63 20.81 20.59 19.55 20.59 22.02 24.79 24.32 22.53 23.05 23.34 21.14 19.31 18.63 17.52 15.42 15.64 14.86 15.96 15.10 16.20 14.71 15.95 14.29 15.44 12.75 11.37 11.79 11.00 8.90 11.05 11.22 14.42 13.45 12.42 10.10 10.67 7.50 7.88 7.92 10.64 12.36 15.46 16.78 19.98 20.62 20.76 19.56 19.44 16.25 11.67 9.87 7.16 5.89 0.00 5.18 7.50 9.89 11.61 13.10 14.00 15.21 16.36 14.64 13.38 14.11 11.18 8.67 6.27 9.43 8.53 11.77 13.28 16.43 16.81 18.83 20.47 19.96 21.91 22.83 23.74 23.40 24.42 26.04 25.55 24.60 20.68 20.86 18.59 20.27 19.15 20.21 19.28 18.50 19.62 19.01 19.54 21.03 
