0.16 4.32 4.87 6.57 8.26 9.81 10.39 10.47 12.14 12.93 12.89 13.60 16.26 16.94 18.01 19.96 22.03 22.39 23.05 23.56 23.62 24.04 23.26 23.24 20.62 18.66 18.26 18.16 15.57 14.61 15.41 15.73 14.57 15.23 15.53 16.84 16.95 16.33 17.08 19.94 20.49 20.58 20.06 21.32 22.38 22.46 22.40 23.52 24.51 25.10 24.74 25.57 26.00 26.55 25.61 25.43 25.49 25.63 25.56 25.38 25.59 25.33 25.50 25.53 26.11 26.26 27.11 27.80 28.28 28.67 30.96 32.84 33.02 32.48 34.55 35.26 33.88 32.96 32.59 30.81 29.20 28.45 28.23 27.42 27.47 27.62 27.55 26.61 26.73 26.70 26.58 26.34 26.55 26.45 27.09 27.55 27.82 28.23 29.91 30.69 31.37 30.34 30.30 28.95 28.60 28.17 28.64 28.65 29.32 29.54 31.22 31.11 29.70 30.00 32.18 31.62 30.51 31.69 33.19 32.35 32.29 34.00 35.42 34.55 34.35 35.20 35.63 34.01 33.40 34.70 34.55 33.29 32.18 31.09 31.22 29.72 29.33 29.14 29.62 29.64 30.17 30.96 31.00 30.22 30.45 31.66 32.56 31.95 31.10 30.91 29.81 29.09 28.63 27.66 27.35 27.07 27.64 27.98 27.99 28.93 31.45 31.39 30.01 30.49 32.68 31.45 29.51 30.29 31.76 30.18 29.42 31.37 32.62 31.59 29.49 29.16 28.41 27.76 27.54 27.81 28.61 28.98 30.46 31.30 31.00 30.28 30.04 28.87 28.37 27.32 27.09 27.20 27.74 28.10 28.51 29.64 31.94 32.12 31.08 30.19 29.26 29.43 29.12 28.25 27.51 26.42 25.55 25.01 23.73 22.96 23.17 23.59 24.25 24.95 25.52 25.62 25.67 26.54 26.99 26.28 26.37 27.88 28.65 28.19 
4.32 0.81 4.32 6.10 7.97 9.98 10.40 11.07 12.56 13.51 13.19 14.16 17.12 17.51 18.79 20.77 23.13 23.17 24.15 24.28 24.21 24.65 24.12 24.38 21.53 19.40 19.12 19.35 16.46 15.46 15.79 16.75 15.30 16.15 15.91 17.49 17.65 17.05 17.79 20.26 21.42 21.16 20.87 21.96 23.42 23.13 23.25 24.24 25.56 26.03 25.64 26.66 27.12 27.72 26.55 26.45 26.65 26.87 26.70 26.72 27.15 26.68 26.64 26.56 27.36 27.11 27.90 28.95 29.34 29.31 31.36 33.93 33.88 32.81 35.07 36.35 34.82 33.82 33.15 31.52 29.83 29.18 28.88 28.27 28.34 28.79 28.40 27.54 27.92 27.81 27.43 27.40 27.52 27.33 27.72 28.41 28.78 28.79 30.62 31.51 32.49 31.22 31.19 29.85 29.78 29.19 29.83 29.98 30.47 30.68 32.68 32.84 31.06 31.34 33.94 33.35 31.63 33.22 34.94 33.80 33.35 35.43 37.03 36.12 35.46 36.65 37.00 35.31 34.44 36.14 35.82 34.56 33.35 32.34 32.57 30.96 30.57 30.34 30.87 30.79 31.24 32.31 32.31 31.56 31.70 33.15 33.97 33.29 32.20 32.24 31.00 30.46 29.92 29.17 28.58 28.37 28.85 29.28 29.20 30.19 33.02 32.88 30.99 31.73 34.16 32.98 30.55 31.70 33.41 31.61 30.42 32.98 34.00 33.11 30.76 30.81 29.66 29.24 28.86 29.31 29.64 30.28 31.87 32.97 32.60 31.56 31.34 30.19 29.42 28.49 28.20 28.33 28.88 29.33 29.53 30.66 32.88 33.57 32.11 31.45 30.33 30.87 30.40 29.48 28.83 27.52 26.71 26.15 24.95 23.86 24.21 24.22 25.32 25.59 26.41 26.89 27.76 28.20 27.16 26.32 27.96 29.54 28.58 28.49 
4.87 4.32 0.21 4.48 6.69 7.84 7.93 9.44 11.30 11.98 11.03 12.34 15.15 15.89 16.48 19.32 20.79 21.60 22.01 22.62 22.28 23.21 22.64 22.89 20.17 18.31 17.91 18.32 15.44 13.89 14.39 15.08 13.78 14.27 14.33 15.87 15.89 15.62 15.74 18.93 19.91 19.94 19.41 20.84 21.97 22.12 21.69 22.95 24.37 24.82 24.43 25.43 26.03 26.50 25.34 25.12 25.65 25.56 25.55 25.38 26.10 25.36 25.37 25.27 26.36 25.88 26.83 27.73 28.46 27.99 30.02 32.62 32.97 31.57 33.70 35.01 33.95 32.38 31.73 29.72 28.45 27.48 27.42 26.61 27.24 27.16 27.20 26.04 26.94 26.58 26.33 26.17 26.75 26.14 26.66 27.04 27.65 27.45 29.41 30.07 31.50 30.00 30.24 28.50 28.74 27.98 29.06 28.92 29.74 29.60 31.96 31.98 30.61 30.65 33.44 32.56 31.24 32.65 34.38 33.16 33.03 35.12 36.72 35.68 35.09 36.13 36.53 34.78 34.03 35.47 35.15 33.74 32.75 31.30 31.67 29.92 29.82 29.50 30.06 29.91 30.51 31.35 31.51 30.54 30.85 32.12 32.97 32.21 31.53 31.40 30.34 29.45 29.14 28.15 27.77 27.17 27.80 28.06 28.31 29.01 32.07 31.82 30.29 30.62 33.32 31.73 29.67 30.43 32.22 30.38 29.39 31.81 33.23 32.06 30.08 29.69 28.71 28.14 28.28 28.25 28.80 28.99 31.04 31.80 31.71 30.48 30.38 28.74 28.39 27.06 27.16 26.89 27.66 28.05 28.43 29.39 31.99 32.49 31.24 30.15 29.23 29.63 29.16 28.02 27.49 26.38 25.58 24.74 23.66 22.72 23.17 23.29 24.22 24.92 25.56 26.57 27.58 28.24 26.98 26.97 28.55 30.26 29.30 28.24 
6.57 6.10 4.48 0.83 6.44 7.74 7.52 8.33 10.31 11.63 10.99 11.50 14.14 14.38 15.76 18.25 20.69 21.03 21.93 22.38 22.29 22.97 22.29 23.06 20.22 18.68 18.18 18.24 14.98 14.07 14.11 14.75 13.52 13.65 14.19 15.17 15.35 14.51 15.60 18.51 19.53 19.40 19.07 20.22 21.61 21.73 21.76 22.73 24.11 24.88 24.48 25.43 26.08 26.78 25.41 25.54 25.71 25.90 25.34 25.63 25.97 25.64 25.18 25.56 26.13 26.07 26.44 27.87 28.48 28.38 30.12 32.62 32.88 31.69 33.71 34.95 34.04 32.48 31.80 30.08 28.73 27.83 27.23 26.91 27.19 27.35 26.79 26.18 26.93 26.89 25.96 26.48 26.57 26.43 26.37 27.37 27.92 27.82 29.38 30.33 31.50 30.12 29.99 28.80 29.01 28.36 28.84 29.26 29.87 30.08 31.58 32.25 30.81 31.20 33.36 33.12 31.56 33.11 34.26 33.59 33.39 35.54 36.82 36.05 35.56 36.76 37.08 35.42 34.46 36.09 35.53 34.39 33.23 32.06 31.99 30.64 30.36 30.20 30.26 30.34 30.70 31.67 31.38 31.05 31.46 32.84 33.31 32.77 31.74 31.77 30.40 30.04 29.54 28.77 27.90 27.78 28.16 28.48 28.22 29.31 32.23 32.15 30.08 30.94 33.34 32.24 29.86 31.12 32.76 31.19 29.75 32.49 33.55 32.62 30.15 30.29 29.20 28.82 28.26 28.72 28.75 29.37 30.73 31.99 31.66 30.59 30.01 28.89 28.09 27.08 26.32 26.78 27.25 27.63 27.30 28.72 30.64 31.54 29.46 29.47 28.33 28.92 27.93 27.22 26.46 25.50 24.24 23.81 23.29 22.16 22.65 23.11 24.45 24.85 24.89 26.26 28.33 28.45 26.75 25.89 30.38 30.21 28.60 28.30 
8.26 7.97 6.69 6.44 1.19 5.74 6.62 6.89 7.97 9.13 10.15 10.77 12.10 12.78 14.19 16.92 18.55 20.42 20.89 22.06 22.38 22.99 21.99 22.53 20.07 17.55 17.15 17.10 14.24 13.07 13.35 13.88 12.30 13.29 13.61 15.13 14.46 13.46 14.81 18.28 18.42 18.32 18.25 19.78 20.77 21.13 21.28 22.41 23.36 24.58 24.45 25.41 25.55 26.61 25.60 25.31 25.05 25.34 25.31 24.99 25.24 24.77 25.04 24.90 25.42 25.38 26.22 27.39 27.83 28.02 30.23 32.88 32.49 31.78 34.55 35.69 34.35 33.02 32.68 30.58 29.28 28.24 27.92 26.96 27.41 27.39 27.37 26.23 26.92 26.77 26.63 26.47 26.53 26.38 27.06 27.82 28.03 28.20 30.20 31.12 31.92 30.43 30.55 29.25 29.40 28.54 29.41 29.62 30.03 30.18 32.56 33.19 31.27 31.47 34.40 33.85 31.78 33.25 35.29 34.26 33.80 35.91 37.54 36.55 35.93 37.22 37.75 35.68 34.99 36.68 36.48 34.98 34.00 32.74 33.05 31.14 30.84 30.47 30.88 30.78 31.14 32.24 32.18 31.33 31.82 33.29 34.10 33.28 32.19 32.14 31.09 30.21 29.98 28.80 28.27 27.76 28.48 28.76 28.59 29.68 32.96 33.03 31.05 31.92 34.92 33.63 31.12 32.38 34.56 32.69 31.25 34.16 35.33 34.17 31.57 31.61 30.91 29.97 29.50 29.85 30.05 30.54 32.47 33.63 33.00 31.73 31.50 29.95 29.14 27.61 27.10 27.07 27.52 27.93 27.84 29.12 31.29 31.89 30.29 29.46 28.62 28.80 27.94 26.68 25.76 24.58 23.44 23.09 22.04 20.87 20.74 21.52 21.80 23.14 23.65 24.49 25.52 28.15 28.66 28.53 26.25 27.72 29.42 29.77 
9.81 9.98 7.84 7.74 5.74 1.28 6.27 7.31 7.04 7.88 9.03 10.53 11.83 11.91 13.70 16.36 18.49 19.42 20.46 21.13 21.38 22.70 21.60 22.19 19.57 17.64 16.69 16.60 14.30 13.57 13.33 13.64 12.20 14.27 13.63 14.56 14.25 13.65 14.39 17.11 17.79 17.89 17.86 19.29 20.19 20.36 20.63 21.93 22.89 23.90 23.84 24.93 24.99 25.89 25.15 24.97 24.77 24.92 25.05 25.00 25.40 24.73 24.89 24.74 25.50 25.05 25.96 26.96 27.75 27.27 29.84 32.63 32.64 31.30 34.24 35.54 34.41 32.94 32.42 30.37 29.07 28.13 27.76 26.98 27.62 27.56 27.32 26.19 27.26 26.83 26.52 26.56 26.88 26.41 26.89 27.67 28.16 28.05 30.19 31.06 32.21 30.54 30.66 29.12 29.27 28.54 29.60 29.96 30.31 30.39 33.19 33.73 31.81 31.78 35.03 34.35 32.25 33.79 35.77 34.56 34.24 36.27 37.93 36.79 36.36 37.46 37.86 35.76 35.25 37.20 36.65 35.32 34.49 33.26 33.45 31.58 31.17 30.85 31.34 31.28 31.77 32.83 32.82 31.81 32.35 33.83 34.69 33.86 32.77 32.75 31.36 30.78 30.44 29.44 28.63 28.30 28.96 29.20 29.18 30.27 33.84 33.48 31.51 32.44 35.67 34.22 31.46 32.82 35.22 33.12 31.82 34.80 36.12 34.89 32.23 32.17 31.15 30.36 29.86 30.25 30.50 31.07 33.15 34.44 33.67 32.11 31.91 30.21 29.22 28.04 27.40 27.24 27.81 28.09 28.26 29.09 31.73 32.21 30.47 29.42 28.58 28.63 27.81 26.51 26.06 24.48 23.40 22.91 22.35 20.88 20.80 21.40 22.25 22.61 23.57 24.92 26.33 28.75 28.83 27.74 26.41 28.96 29.30 29.37 
10.39 10.40 7.93 7.52 6.62 6.27 1.18 6.02 7.48 7.04 7.06 8.65 10.73 10.90 11.68 14.34 15.38 16.55 17.43 18.50 18.24 20.29 19.96 20.27 17.89 15.90 15.96 15.78 13.28 11.22 12.63 12.41 11.11 12.45 13.03 13.35 13.33 12.66 12.80 16.06 16.74 16.59 16.12 17.38 18.88 18.80 18.80 20.04 21.41 22.18 21.99 23.21 23.50 24.25 23.17 23.11 23.08 22.96 22.78 22.91 23.55 22.67 22.64 22.63 23.66 22.90 23.59 24.86 25.69 25.06 27.30 30.38 30.61 28.90 31.66 33.23 32.47 30.52 30.08 27.91 27.21 25.78 25.55 24.65 25.66 25.31 25.18 23.94 25.34 24.84 24.58 24.43 25.27 24.53 25.02 25.60 26.18 25.93 28.04 28.65 30.01 28.20 28.70 26.90 27.23 26.17 27.83 27.71 28.14 28.00 31.42 31.90 30.16 30.08 33.46 32.42 30.83 32.19 34.32 32.85 32.89 34.81 36.38 35.14 34.92 35.82 36.27 34.17 33.88 35.36 34.91 33.43 33.08 31.36 31.82 29.79 29.87 29.34 29.89 29.54 30.14 31.14 31.27 30.05 30.59 31.89 32.93 31.92 30.98 30.77 29.78 28.98 28.92 27.57 27.08 26.50 27.28 27.31 27.35 28.40 31.96 31.61 29.74 30.60 34.07 32.27 29.78 30.94 33.29 31.07 29.76 32.85 34.15 32.76 30.35 30.26 29.53 28.49 28.33 28.40 28.68 28.97 31.18 32.21 31.78 30.15 30.14 28.08 27.58 25.92 25.96 25.58 26.30 26.80 26.93 27.84 30.60 31.28 29.39 28.40 27.75 27.79 26.69 25.14 24.65 23.44 22.22 21.56 20.94 19.85 19.86 19.91 20.64 21.35 22.17 23.70 25.44 27.86 26.84 27.31 25.27 27.25 27.56 27.84 
10.47 11.07 9.44 8.33 6.89 7.31 6.02 0.72 5.76 7.52 6.15 7.37 8.80 9.64 10.99 13.37 14.85 15.92 16.97 17.50 17.41 19.47 18.66 19.59 16.28 15.01 14.23 14.70 11.46 9.96 10.20 11.51 9.77 11.35 11.72 12.74 12.50 12.20 12.74 15.68 16.01 16.70 15.93 16.88 18.03 18.91 18.93 19.76 20.92 22.30 21.90 22.96 22.93 24.09 22.57 22.33 21.95 22.18 21.66 21.81 22.05 21.73 21.43 21.75 22.37 22.27 22.80 24.23 24.77 24.60 26.72 29.82 29.67 28.29 30.89 32.48 31.42 29.75 29.18 27.32 26.21 25.08 24.71 24.11 24.82 24.62 24.56 23.26 24.50 24.29 23.88 24.09 24.30 24.11 24.46 25.30 25.66 25.62 27.78 28.44 29.46 27.77 28.11 26.42 26.57 25.87 27.11 27.46 28.00 28.19 31.04 31.70 30.05 30.18 33.19 32.34 30.64 32.14 33.85 32.56 32.55 34.59 36.08 34.86 34.40 35.61 36.15 33.96 33.17 35.00 34.43 33.11 32.39 30.98 31.13 29.42 29.38 29.21 29.46 29.21 29.58 30.74 30.67 29.69 30.09 31.64 32.57 31.63 30.23 30.32 29.13 28.48 28.15 27.16 26.29 26.00 26.68 26.92 26.89 27.91 31.42 31.19 29.24 30.09 33.19 31.87 29.37 30.59 32.65 30.70 29.37 32.38 33.67 32.22 29.59 29.54 28.80 27.88 27.22 27.69 27.95 28.36 30.37 31.63 31.04 29.29 29.24 27.46 26.50 25.33 24.85 25.05 25.45 26.02 26.00 27.22 29.55 30.47 28.05 27.77 26.68 26.99 25.47 24.38 23.89 22.65 21.44 20.56 20.00 19.14 19.05 19.31 19.86 20.66 21.34 22.81 24.59 27.21 26.48 26.11 24.79 26.14 26.47 27.61 
12.14 12.56 11.30 10.31 7.97 7.04 7.48 5.76 2.03 6.06 7.06 6.61 7.65 8.02 10.34 11.73 12.64 14.35 15.86 16.11 16.27 18.57 17.93 18.23 16.73 14.37 13.84 13.77 12.24 10.82 10.71 11.80 11.70 13.16 14.15 15.29 15.15 14.61 15.67 17.85 17.56 18.21 18.43 19.13 19.63 20.53 20.54 21.58 22.02 23.85 23.59 24.33 23.83 25.26 24.30 23.56 22.68 22.95 23.06 22.92 23.04 22.70 23.17 23.05 23.41 23.62 24.31 25.77 26.19 26.36 28.26 31.03 30.29 29.49 32.42 33.96 32.67 31.27 30.93 28.98 27.74 26.61 26.47 25.93 26.59 26.52 26.40 25.33 26.34 26.10 26.00 26.16 26.30 26.15 26.60 27.60 27.64 27.92 29.96 30.72 31.82 29.72 29.91 28.50 28.54 27.89 28.97 29.52 30.17 30.42 33.06 33.92 32.20 32.44 35.21 34.69 32.81 34.17 36.00 34.84 34.33 36.35 37.86 36.80 36.08 37.47 37.95 35.70 34.82 36.73 36.43 34.78 34.03 32.75 32.98 31.24 30.98 30.93 31.36 31.34 31.58 32.93 32.87 32.07 32.37 33.91 34.73 33.58 32.33 32.33 31.27 30.35 30.03 28.98 28.23 27.88 28.58 29.07 28.90 30.03 33.36 33.22 31.35 32.22 35.17 33.89 31.45 32.63 34.36 32.72 31.43 34.16 35.00 33.89 31.41 31.42 30.56 29.54 28.87 29.43 29.81 30.11 32.00 33.49 33.06 31.29 30.94 29.07 28.15 26.69 26.23 26.30 26.37 27.06 27.03 28.11 30.12 30.72 28.28 27.75 26.49 26.86 25.24 24.25 23.35 22.48 21.04 20.64 19.68 18.96 19.05 19.68 19.98 20.63 21.79 22.40 24.78 27.03 27.12 26.07 26.28 27.46 28.30 27.76 
12.93 13.51 11.98 11.63 9.13 7.88 7.04 7.52 6.06 0.00 5.65 7.65 6.96 6.94 8.59 10.86 12.35 13.22 14.68 14.98 15.01 17.18 17.09 17.58 15.71 14.01 13.10 13.34 11.91 10.85 11.16 12.56 11.67 14.30 14.92 15.87 15.47 15.61 15.69 17.98 17.49 17.94 17.62 18.85 18.79 19.18 19.52 20.78 21.37 22.98 22.59 23.43 22.69 24.41 23.26 22.74 21.48 21.69 21.74 22.03 21.85 21.60 21.78 21.80 22.44 22.37 23.06 24.47 25.11 25.02 27.12 30.21 29.77 28.72 31.44 33.26 32.12 30.73 30.16 28.23 26.98 26.04 25.84 25.48 25.95 25.97 25.73 24.78 25.76 25.57 25.25 25.72 25.85 25.59 25.75 26.86 27.05 27.17 29.13 30.15 31.08 29.16 29.28 27.73 27.78 27.27 28.37 29.05 29.70 30.02 32.82 33.72 31.98 32.22 35.06 34.59 32.56 34.02 35.72 34.61 34.08 36.10 37.58 36.55 35.81 37.09 37.51 35.35 34.44 36.56 35.95 34.65 33.86 32.66 32.78 31.08 30.62 30.62 31.08 31.15 31.36 32.77 32.75 31.93 32.12 33.81 34.43 33.68 32.08 32.14 30.83 30.21 29.81 28.84 27.85 27.64 28.43 28.80 28.62 29.82 33.25 33.11 31.04 32.05 35.09 33.76 31.15 32.39 34.28 32.65 31.31 34.06 34.72 33.57 31.18 31.13 29.97 29.22 28.54 29.23 29.41 29.87 31.81 33.48 32.64 30.96 30.46 28.74 27.49 26.44 25.91 25.79 25.88 26.48 26.84 27.69 29.71 30.47 28.19 27.40 26.18 26.25 24.90 23.79 23.10 21.79 20.58 20.54 19.77 19.00 18.70 19.71 20.46 20.75 21.49 22.90 25.35 27.48 27.61 25.67 26.37 27.47 28.91 27.62 
12.89 13.19 11.03 10.99 10.15 9.03 7.06 6.15 7.06 5.65 0.00 5.07 6.87 6.06 6.80 8.07 9.63 10.82 11.39 12.32 11.61 14.30 14.59 15.34 13.22 11.03 10.96 11.77 9.65 7.28 9.65 11.20 9.85 11.84 13.42 14.63 14.42 14.23 14.02 16.55 16.44 15.85 15.41 16.11 16.53 16.85 16.76 17.84 18.67 20.03 19.48 20.47 20.09 21.46 19.67 19.31 18.68 18.60 18.05 18.28 18.69 18.02 18.10 18.24 19.27 18.93 19.29 20.88 21.68 21.42 23.18 26.74 26.48 25.32 27.85 29.89 28.85 27.48 26.71 25.00 24.10 23.12 22.74 22.15 22.98 22.77 22.55 21.25 22.50 22.29 22.14 22.22 22.60 22.26 22.58 23.54 23.50 23.74 25.97 26.50 27.71 25.77 26.09 24.63 24.54 24.17 25.36 25.98 26.41 26.63 29.79 30.80 28.92 29.31 32.22 31.58 29.78 31.27 32.93 31.68 31.31 33.35 34.58 33.34 32.74 34.06 34.37 32.43 31.72 33.56 33.03 31.77 31.27 29.96 30.12 28.60 28.27 28.20 28.41 28.23 28.53 29.77 29.71 28.85 28.96 30.43 31.32 30.36 29.07 28.89 27.90 27.36 27.00 25.81 25.09 24.80 25.51 25.76 25.61 26.64 30.37 29.95 28.05 28.96 32.26 30.76 28.15 29.49 31.48 29.61 28.05 31.06 31.83 30.52 28.17 28.09 27.26 26.39 25.85 26.23 26.31 26.80 28.93 30.06 29.49 27.80 27.59 25.59 24.48 23.31 23.31 23.31 23.26 24.26 24.48 25.67 27.89 28.70 26.16 25.84 24.67 24.87 23.23 22.23 21.20 20.28 18.63 18.24 17.64 16.88 16.93 17.42 18.10 18.51 19.79 20.92 23.68 25.26 25.23 24.36 25.70 26.64 27.38 26.00 
13.60 14.16 12.34 11.50 10.77 10.53 8.65 7.37 6.61 7.65 5.07 0.00 5.67 7.24 6.15 7.97 8.88 10.32 11.44 12.10 11.34 13.46 13.79 14.20 11.83 10.58 10.17 11.28 9.35 7.83 9.29 11.79 11.19 13.26 14.68 15.35 15.12 15.43 15.75 17.73 17.11 17.48 16.78 16.92 17.54 17.94 18.21 18.80 19.60 20.77 20.53 21.19 20.68 21.92 20.17 19.58 18.81 18.73 18.09 18.10 18.42 17.93 17.99 17.95 18.91 18.92 19.53 20.93 21.80 21.64 23.65 26.91 26.71 25.54 28.10 30.01 29.10 27.60 26.92 25.16 24.24 23.46 23.15 22.73 23.27 23.15 23.03 21.83 23.01 22.82 22.46 22.86 22.88 22.72 23.11 23.95 24.09 24.26 26.40 27.00 27.70 26.13 26.58 24.99 25.10 24.62 25.83 26.40 27.19 27.28 30.37 31.26 30.07 30.02 32.85 32.10 30.81 31.87 33.42 32.11 32.03 33.90 35.18 33.95 33.38 34.52 34.97 32.85 32.11 34.02 33.56 32.28 31.82 30.47 30.53 28.97 28.87 28.74 29.00 28.64 29.02 30.09 30.25 29.23 29.54 30.83 31.75 30.85 29.45 29.36 28.24 27.63 27.36 26.34 25.39 25.20 26.02 26.06 25.99 26.97 30.56 30.47 28.60 29.51 32.73 31.44 28.93 30.04 31.89 30.31 28.82 31.53 32.35 31.11 28.49 28.50 27.71 26.91 26.03 26.73 27.00 27.43 29.24 30.67 29.83 28.33 28.05 26.33 25.08 24.14 23.81 23.85 23.92 24.76 25.12 26.11 28.27 29.25 26.69 26.34 25.37 25.30 23.45 22.25 21.57 20.22 18.66 18.00 17.59 16.91 17.38 18.05 19.03 19.31 20.45 21.94 24.27 26.55 26.31 25.22 26.60 28.64 27.79 26.63 
16.26 17.12 15.15 14.14 12.10 11.83 10.73 8.80 7.65 6.96 6.87 5.67 0.00 5.85 6.81 7.21 7.53 9.04 10.80 11.53 11.16 13.35 13.69 14.11 13.19 11.70 11.06 11.86 11.83 11.09 11.33 13.56 14.15 16.58 17.12 18.02 18.17 18.62 18.43 19.98 19.64 20.17 19.70 20.02 20.09 20.53 20.51 21.13 21.78 23.17 22.96 23.16 22.47 23.60 22.73 21.60 20.76 20.65 20.63 20.14 20.30 19.87 20.29 20.09 20.69 20.87 21.70 23.10 23.68 23.92 25.73 29.18 28.38 27.69 30.25 32.54 31.27 29.94 29.40 27.74 26.63 25.73 25.62 25.12 25.65 25.54 25.42 24.47 25.64 25.33 24.94 25.34 25.39 25.19 25.56 26.83 26.76 27.12 29.03 29.85 30.21 28.76 29.02 27.79 27.63 27.20 28.22 29.11 29.82 30.16 32.79 34.15 32.57 32.66 35.37 35.10 33.26 34.30 36.11 35.14 34.62 36.49 38.07 36.98 36.14 37.43 37.92 35.68 34.85 36.94 36.48 35.01 34.25 33.12 32.94 31.31 31.15 31.29 31.50 31.46 31.56 32.95 32.98 32.07 32.24 33.64 34.38 33.21 32.14 32.17 30.97 30.00 29.77 28.75 27.78 27.59 28.57 28.93 28.52 29.77 33.19 33.33 31.38 32.40 35.55 34.40 31.71 32.79 34.50 33.14 31.59 34.07 34.72 33.80 31.31 31.25 30.46 29.44 28.44 29.36 29.71 29.94 31.59 33.24 32.53 30.76 30.16 28.79 27.54 26.13 25.53 25.88 25.76 26.93 26.93 28.26 29.87 30.88 28.41 27.95 26.88 26.79 24.51 23.51 22.68 21.21 19.84 19.17 18.81 17.88 18.49 19.54 20.69 21.21 22.78 23.70 26.54 28.88 28.82 27.50 29.30 30.80 30.28 28.41 
16.94 17.51 15.89 14.38 12.78 11.91 10.90 9.64 8.02 6.94 6.06 7.24 5.85 0.00 5.58 7.86 7.04 7.93 9.23 10.64 11.18 12.66 13.11 14.02 12.73 11.12 10.44 12.01 11.14 11.00 11.79 14.02 13.79 16.37 16.65 17.96 18.27 18.57 17.93 20.00 19.86 19.66 18.99 19.71 19.56 19.47 19.45 20.19 20.86 22.21 21.74 21.96 21.44 22.69 21.28 20.20 19.22 19.03 18.72 18.40 18.20 17.78 18.14 18.10 18.85 18.70 19.47 20.96 21.88 21.71 24.04 27.51 27.32 26.09 28.91 31.09 30.33 28.67 27.98 26.29 25.50 24.54 24.40 23.84 24.68 24.21 24.28 23.22 24.74 24.22 23.92 24.29 24.58 24.01 24.32 25.53 25.77 25.78 27.97 28.81 29.52 27.70 28.15 26.83 27.04 26.49 27.58 28.41 29.31 29.49 32.47 33.52 32.08 32.08 35.08 34.47 32.67 33.71 35.60 34.44 34.01 35.90 37.48 36.16 35.35 36.62 37.24 35.00 34.16 36.21 35.77 34.45 33.88 32.38 32.31 30.65 30.46 30.30 30.60 30.46 30.77 31.99 32.17 30.95 31.21 32.71 33.57 32.56 31.42 31.52 30.21 29.41 29.06 28.03 26.93 26.63 27.73 27.99 27.81 28.77 32.56 32.46 30.62 31.60 34.94 33.67 31.03 32.11 33.97 32.38 31.13 33.56 34.06 32.89 30.71 30.48 29.48 28.45 27.73 28.45 28.75 29.00 30.84 32.20 31.71 29.66 29.20 27.63 26.68 25.39 24.78 24.89 25.10 25.62 26.31 27.33 29.42 30.39 28.08 27.29 26.47 26.09 24.11 22.98 22.17 20.54 18.97 18.72 18.30 17.14 17.51 18.90 20.38 21.19 22.23 23.86 26.80 29.55 29.14 28.15 30.27 32.02 30.77 28.76 
18.01 18.79 16.48 15.76 14.19 13.70 11.68 10.99 10.34 8.59 6.80 6.15 6.81 5.58 0.33 5.74 6.65 6.43 7.17 8.10 8.32 10.91 11.27 12.64 11.65 10.23 9.60 11.64 11.04 10.24 12.43 14.90 13.86 16.82 17.60 18.93 18.78 18.76 17.91 20.23 20.10 19.16 18.25 18.89 19.05 18.62 18.11 19.02 19.59 20.78 19.71 20.49 19.95 21.26 18.90 18.22 17.44 17.16 16.00 16.10 15.72 15.32 15.44 15.65 16.39 16.26 16.67 18.33 19.17 19.06 20.97 24.75 24.57 23.49 25.93 28.36 27.83 26.44 25.47 23.91 23.47 22.65 22.23 21.72 22.59 22.36 22.04 21.08 22.51 22.16 21.75 22.11 22.46 21.84 22.10 23.27 23.25 23.54 25.56 26.54 27.38 25.94 26.25 25.13 25.17 25.00 26.01 26.79 27.17 27.74 30.71 31.86 30.08 30.45 33.27 32.76 30.96 32.17 33.72 32.53 32.10 34.06 35.28 33.94 33.22 34.50 34.95 32.92 32.10 34.06 33.83 32.68 32.24 30.63 30.78 29.06 28.94 28.61 28.85 28.47 28.67 30.02 29.97 28.86 28.87 30.62 31.51 30.56 29.49 29.41 28.28 27.72 27.38 26.15 25.31 24.89 25.81 26.04 25.75 26.79 30.34 30.39 28.42 29.52 32.94 31.62 28.96 30.22 32.13 30.48 28.85 31.63 32.23 31.13 28.80 28.50 27.60 26.78 26.14 26.40 26.42 27.11 29.10 30.25 29.40 28.09 27.71 25.98 24.87 23.78 23.60 23.75 23.40 24.46 24.81 26.10 28.01 29.25 27.04 26.58 25.63 25.66 23.48 22.54 21.63 20.25 18.52 18.36 17.47 16.43 16.90 17.84 18.88 19.56 21.83 22.88 25.34 27.49 27.96 27.05 28.74 30.16 30.13 27.43 
19.96 20.77 19.32 18.25 16.92 16.36 14.34 13.37 11.73 10.86 8.07 7.97 7.21 7.86 5.74 1.73 6.77 7.73 7.10 8.65 8.62 11.18 12.09 12.97 11.55 11.08 9.47 11.99 11.64 11.89 13.93 16.27 15.69 18.88 19.93 20.85 20.54 20.66 20.53 22.72 22.28 21.97 21.20 21.81 21.67 21.54 21.24 21.66 21.87 22.54 22.09 22.68 21.77 23.02 21.23 20.23 19.11 18.77 17.89 17.89 17.07 16.88 16.82 16.76 16.74 17.36 17.77 19.12 19.97 20.41 22.14 25.83 25.72 24.84 27.40 29.70 29.28 28.02 26.99 25.52 25.15 24.35 23.99 23.68 24.36 24.21 23.82 22.86 24.14 23.65 23.18 23.46 23.73 23.24 23.63 24.58 24.72 25.09 27.37 28.34 29.18 27.94 28.07 26.70 27.04 26.75 27.90 28.40 29.24 29.64 32.49 33.33 32.01 32.01 34.82 34.24 32.73 33.68 35.40 34.06 33.70 35.60 36.92 35.52 34.75 35.95 36.51 34.53 33.82 35.92 35.60 34.63 34.03 32.64 32.64 31.19 30.98 30.78 30.92 30.54 30.79 32.06 32.13 30.98 31.29 32.84 33.69 32.88 31.57 31.74 30.35 29.82 29.60 28.48 27.47 27.24 28.00 28.23 28.07 29.20 32.68 32.57 30.64 31.75 35.05 33.59 31.12 32.18 34.16 32.32 30.98 33.45 34.16 32.90 30.63 30.34 29.56 28.48 27.93 28.27 28.49 29.00 31.05 32.31 31.42 29.84 29.77 27.84 26.80 25.73 25.66 25.36 25.53 26.02 26.69 27.67 29.71 30.89 28.53 27.50 26.81 26.44 24.75 23.61 22.95 21.23 20.18 20.24 19.90 18.82 18.98 20.61 21.95 22.31 23.86 25.93 28.57 30.61 29.96 29.30 30.79 32.60 31.22 29.05 
22.03 23.13 20.79 20.69 18.55 18.49 15.38 14.85 12.64 12.35 9.63 8.88 7.53 7.04 6.65 6.77 0.61 6.88 7.33 8.17 8.70 11.18 12.66 14.06 13.19 12.37 11.68 13.72 14.09 14.66 15.86 17.84 17.87 21.14 21.55 22.63 22.56 23.08 22.39 24.20 24.08 23.87 23.42 23.60 23.78 23.65 23.17 23.47 23.59 24.40 23.92 24.12 23.08 24.08 23.13 21.89 20.81 20.25 19.82 18.98 18.58 17.87 18.02 17.49 17.39 17.91 18.68 19.62 20.73 21.09 22.93 26.75 26.43 25.83 28.64 30.71 30.43 29.09 28.46 27.00 26.53 25.67 25.50 25.06 25.77 25.67 25.38 24.18 25.22 24.80 24.42 24.60 24.72 24.42 25.02 25.89 25.78 26.55 28.94 29.56 30.60 29.17 29.59 28.33 28.43 28.43 29.46 30.18 31.10 31.26 34.09 34.98 33.21 33.27 36.28 35.90 34.04 35.14 37.01 35.82 34.98 36.91 38.46 37.27 36.32 37.64 38.19 36.26 35.51 37.62 37.52 36.32 35.85 34.47 34.57 32.95 33.02 32.64 32.89 32.53 32.66 33.93 33.92 33.09 33.19 34.79 35.55 34.65 33.72 33.75 32.52 31.85 31.53 30.44 29.53 29.18 29.92 30.23 30.01 31.20 34.64 34.37 32.64 33.63 36.82 35.48 32.96 34.19 35.93 34.22 32.82 35.22 36.02 34.95 32.65 32.49 31.66 30.61 29.77 30.19 30.32 30.62 32.38 33.73 33.12 31.32 30.92 29.49 28.76 27.30 26.92 27.01 26.88 27.51 27.59 28.55 30.55 31.38 29.36 28.64 27.68 27.40 26.11 24.78 24.16 22.62 21.75 21.80 21.67 20.24 20.78 21.97 24.16 24.20 25.90 27.02 30.09 32.21 32.31 30.91 32.51 33.36 33.50 32.15 
22.39 23.17 21.60 21.03 20.42 19.42 16.55 15.92 14.35 13.22 10.82 10.32 9.04 7.93 6.43 7.73 6.88 0.06 6.45 7.32 7.30 8.64 10.74 12.91 12.75 11.85 11.49 13.75 13.09 14.43 16.02 17.73 17.82 20.65 21.45 22.40 22.47 22.40 21.84 23.89 23.87 23.54 22.52 23.28 23.16 22.81 22.40 22.65 23.01 23.72 23.01 23.44 22.58 23.62 22.11 20.97 19.82 19.22 18.61 18.02 17.04 16.30 16.57 15.62 16.14 15.85 16.29 17.08 18.76 19.01 21.09 24.87 25.00 24.23 27.14 29.64 29.34 28.24 27.38 25.87 25.48 24.57 24.24 24.05 24.59 24.59 24.26 23.29 24.23 23.95 23.39 23.72 23.71 23.22 23.72 24.69 24.80 25.43 27.85 28.94 29.76 28.56 28.87 27.67 27.96 27.85 29.01 29.63 30.35 30.87 33.66 34.59 32.84 32.89 35.97 35.47 33.62 34.63 36.64 35.23 34.47 36.37 38.03 36.72 35.74 37.06 37.82 35.93 35.10 37.22 37.02 36.07 35.55 34.00 34.02 32.49 32.20 31.92 32.09 31.79 31.83 33.13 33.31 32.32 32.59 34.19 35.12 34.65 33.35 33.50 32.12 31.47 31.05 29.95 28.85 28.48 29.12 29.62 29.55 30.75 34.02 34.15 32.21 33.26 36.41 35.07 32.60 33.75 35.71 34.00 32.45 35.02 35.64 34.68 32.31 31.96 31.15 30.16 29.39 29.55 29.54 29.89 31.75 33.08 32.20 30.31 29.94 28.44 27.84 26.46 25.98 25.92 26.10 26.48 26.86 27.87 29.96 31.06 28.80 28.04 27.24 27.02 25.26 24.29 23.42 21.67 20.68 20.76 20.37 19.25 19.70 21.13 22.83 23.83 25.24 27.05 30.09 32.89 32.17 31.58 33.05 35.00 34.00 32.20 
23.05 24.15 22.01 21.93 20.89 20.46 17.43 16.97 15.86 14.68 11.39 11.44 10.80 9.23 7.17 7.10 7.33 6.45 1.87 5.96 6.67 7.71 8.90 10.86 11.58 11.22 10.60 12.88 12.59 13.84 15.56 18.32 17.97 21.22 21.58 22.98 22.81 22.53 21.82 23.94 24.08 23.31 22.42 22.70 22.95 22.49 21.64 22.00 22.40 23.02 22.09 22.34 22.14 22.95 20.97 19.72 18.95 18.31 17.45 16.74 15.67 14.99 15.10 14.58 14.50 14.06 14.33 15.21 16.62 16.92 19.00 23.19 22.86 22.41 25.41 27.95 27.89 26.59 25.75 24.55 24.03 23.15 22.63 22.35 23.03 22.95 22.75 21.84 22.90 22.55 21.97 22.41 22.45 21.96 22.25 23.36 23.35 24.09 26.37 27.52 28.87 27.41 27.76 26.71 26.87 27.06 28.17 28.78 29.23 29.88 33.05 33.84 31.76 32.22 35.22 34.75 32.66 34.01 35.69 34.38 33.47 35.62 36.90 35.75 34.74 36.28 36.88 34.97 34.09 36.24 36.22 35.21 34.72 33.10 33.28 31.59 31.33 30.69 30.93 30.47 30.52 31.96 32.10 31.22 31.24 33.16 34.17 33.47 32.57 32.41 31.25 30.71 30.26 28.91 28.09 27.56 27.98 28.51 28.68 29.73 33.26 33.17 31.40 32.31 35.61 34.42 31.69 32.98 35.07 33.23 31.52 34.09 34.92 33.90 31.68 31.02 30.21 29.32 28.90 28.55 27.98 28.85 31.17 31.93 31.03 29.58 29.36 27.68 26.64 25.63 25.27 25.38 24.92 25.76 26.12 27.20 29.24 30.19 28.16 27.82 27.03 26.62 25.11 24.18 23.30 21.59 20.45 20.64 20.00 19.09 19.83 20.83 22.43 23.44 25.81 26.55 29.00 31.33 31.73 31.53 32.77 33.76 34.18 31.26 
23.56 24.28 22.62 22.38 22.06 21.13 18.50 17.50 16.11 14.98 12.32 12.10 11.53 10.64 8.10 8.65 8.17 7.32 5.96 0.98 5.73 6.62 7.30 9.03 9.54 10.10 10.09 12.30 11.71 12.77 15.02 17.27 17.14 20.14 20.86 22.15 21.47 21.54 21.43 23.52 23.43 23.13 22.32 22.82 22.89 22.49 22.00 22.16 22.36 23.14 22.08 22.56 22.05 23.02 21.06 19.91 18.92 18.86 17.61 17.21 16.01 15.29 15.08 13.84 13.44 13.30 13.82 14.37 15.61 15.95 18.25 22.06 21.97 21.39 24.51 27.19 26.87 26.14 25.29 23.83 23.66 22.82 22.33 21.90 22.59 22.43 22.21 21.23 22.48 22.01 21.24 21.68 21.83 21.13 21.70 22.58 22.80 23.45 25.86 27.15 28.23 27.12 27.28 26.19 26.62 26.72 27.89 28.45 29.01 29.77 32.73 33.57 31.54 31.85 34.89 34.41 32.42 33.43 35.36 33.85 33.13 35.22 36.81 35.32 34.42 35.90 36.68 34.60 33.79 36.15 36.07 35.01 34.47 32.95 33.07 31.42 31.10 30.59 30.75 30.26 30.50 31.63 31.97 30.87 31.35 32.85 33.97 33.22 32.19 32.25 30.96 30.38 30.08 28.90 27.96 27.58 28.13 28.30 28.38 29.71 33.14 33.38 31.23 32.31 35.66 34.39 31.64 32.81 34.97 33.14 31.51 34.19 34.93 33.81 31.49 31.00 29.99 29.06 28.50 28.40 28.11 28.71 30.87 31.96 30.88 29.63 29.35 27.70 26.90 25.73 25.47 25.28 25.28 25.69 25.99 27.04 29.08 30.07 27.88 27.16 26.31 26.37 24.76 23.73 23.01 21.17 20.27 20.23 20.21 19.28 19.87 21.14 23.20 23.84 25.34 27.11 30.29 32.59 31.74 31.28 33.42 35.48 34.30 31.31 
23.62 24.21 22.28 22.29 22.38 21.38 18.24 17.41 16.27 15.01 11.61 11.34 11.16 11.18 8.32 8.62 8.70 7.30 6.67 5.73 0.00 5.81 6.44 7.59 7.93 7.97 9.30 11.31 11.20 12.12 14.05 16.18 16.05 19.36 19.98 21.21 20.89 21.28 21.14 22.88 22.75 22.66 21.89 22.51 22.33 22.34 21.58 22.11 22.21 22.97 22.06 22.26 21.78 22.67 21.28 19.91 18.89 18.57 17.97 16.73 16.01 14.83 14.62 12.87 12.65 12.45 12.78 12.23 14.14 14.24 16.35 20.43 20.68 19.83 22.74 25.16 25.34 24.54 23.82 22.54 22.39 21.64 21.24 20.54 21.11 21.05 20.95 19.64 20.70 20.17 19.74 19.84 19.86 19.52 20.23 21.06 21.06 21.98 24.39 25.45 26.58 25.52 26.06 25.01 25.41 25.59 26.75 27.39 27.88 28.46 31.46 32.25 30.19 30.37 33.49 33.09 31.09 32.30 34.27 32.91 31.84 34.11 35.85 34.48 33.27 35.00 35.85 33.72 32.78 35.18 35.17 34.04 33.49 31.92 32.04 30.36 30.31 29.66 29.75 29.49 29.69 30.90 30.89 30.14 30.42 32.07 33.13 32.45 31.49 31.43 30.28 29.63 29.42 28.03 27.25 26.89 27.54 27.71 27.42 28.71 32.22 32.33 30.28 31.38 34.63 33.33 30.59 31.91 34.07 32.24 30.56 33.20 34.25 33.10 30.61 30.26 29.32 28.33 27.51 27.63 27.37 27.70 29.51 30.83 30.01 28.39 28.01 26.83 26.14 24.85 24.41 24.60 24.58 25.10 24.90 25.86 27.70 28.62 26.45 25.72 25.06 25.22 24.13 22.82 22.19 20.84 19.91 19.86 19.89 18.83 19.45 20.58 22.32 23.01 24.57 25.79 28.47 30.78 31.33 31.60 31.64 33.45 33.68 32.36 
24.04 24.65 23.21 22.97 22.99 22.70 20.29 19.47 18.57 17.18 14.30 13.46 13.35 12.66 10.91 11.18 11.18 8.64 7.71 6.62 5.81 0.24 6.10 7.82 7.53 8.14 9.41 11.35 11.77 13.32 14.81 16.55 16.98 19.35 20.30 21.58 21.55 21.43 21.28 23.37 23.39 23.20 22.25 22.73 22.94 22.51 22.25 22.35 22.82 23.11 22.47 22.92 22.48 23.43 21.97 20.91 19.91 19.74 19.31 18.54 17.79 16.93 16.23 14.68 14.38 13.94 12.86 11.79 14.39 15.58 17.12 20.97 21.36 20.90 23.54 26.16 26.26 25.64 24.36 23.20 23.17 22.06 21.71 21.38 22.00 21.82 21.54 20.34 21.43 20.98 20.15 20.33 20.16 19.65 20.14 21.36 21.57 22.43 24.84 26.28 27.45 26.32 26.56 25.66 25.96 25.90 27.20 27.82 28.39 28.94 31.92 32.89 31.04 31.12 34.18 33.63 31.85 32.91 35.02 33.43 32.65 34.75 36.45 34.92 33.97 35.55 36.52 34.56 33.73 35.85 35.69 34.59 34.09 32.39 32.42 30.80 30.54 30.07 30.19 29.94 30.16 31.44 31.59 30.77 31.27 32.84 33.89 33.47 32.27 32.15 30.97 30.24 29.76 28.53 27.73 27.26 27.87 28.27 28.28 29.60 32.83 33.11 31.17 32.11 35.38 34.03 31.48 32.67 34.86 33.09 31.49 34.08 34.96 34.00 31.42 30.75 29.81 28.92 28.31 28.15 27.86 28.28 30.23 31.70 30.62 28.96 28.67 27.17 26.63 25.37 25.03 24.94 25.04 25.76 25.99 26.92 29.04 29.97 27.57 26.80 26.25 26.01 24.78 23.83 23.13 21.57 20.87 20.94 20.65 20.05 20.41 21.50 23.14 24.07 25.89 27.73 30.30 33.02 32.50 31.70 33.57 35.80 34.86 31.94 
23.26 24.12 22.64 22.29 21.99 21.60 19.96 18.66 17.93 17.09 14.59 13.79 13.69 13.11 11.27 12.09 12.66 10.74 8.90 7.30 6.44 6.10 1.63 6.26 6.34 6.77 7.44 9.29 9.99 11.99 13.22 15.34 15.70 18.40 18.91 20.86 21.29 21.09 21.03 22.95 23.48 22.95 22.23 22.51 22.77 22.70 22.07 22.40 22.52 22.94 22.17 22.71 22.35 23.12 21.64 20.69 19.89 19.62 18.99 18.47 17.52 16.44 16.19 14.82 14.53 13.41 12.75 12.13 13.55 14.31 16.49 20.42 20.61 20.03 23.21 25.80 26.08 24.85 24.09 22.99 22.90 21.61 21.14 20.65 21.19 20.78 20.61 19.45 20.40 19.62 18.90 19.19 19.47 18.55 19.05 20.17 20.82 21.30 23.81 25.10 26.79 25.02 25.78 24.75 25.25 25.19 26.58 27.16 27.89 28.35 31.58 32.29 30.67 30.81 33.82 33.12 31.38 32.47 34.20 32.76 32.19 34.12 35.57 34.35 33.54 35.00 35.78 33.91 33.19 35.25 35.26 34.10 33.71 31.90 31.96 30.15 30.01 29.44 29.63 29.29 29.63 30.90 30.94 30.25 30.72 32.38 33.29 32.77 32.02 31.79 30.73 29.81 29.40 28.00 27.30 26.72 27.11 27.67 27.74 28.87 32.16 32.43 30.61 31.82 34.97 33.72 31.22 32.48 34.50 32.70 31.30 33.79 34.80 33.64 31.41 30.56 29.42 28.53 28.15 27.69 27.05 27.87 30.16 31.09 30.03 28.68 28.64 26.86 25.86 24.93 24.76 24.85 24.50 25.48 25.98 27.07 29.29 30.04 28.16 27.43 26.76 26.26 25.02 23.94 23.58 21.91 21.24 21.36 21.08 20.23 20.85 21.55 23.12 24.49 26.21 27.17 29.64 31.81 31.89 31.71 32.35 34.10 34.00 31.23 
23.24 24.38 22.89 23.06 22.53 22.19 20.27 19.59 18.23 17.58 15.34 14.20 14.11 14.02 12.64 12.97 14.06 12.91 10.86 9.03 7.59 7.82 6.26 1.35 6.33 7.34 7.02 8.17 8.76 11.13 12.74 14.46 15.03 17.31 19.02 20.46 20.81 21.09 21.45 23.31 23.66 23.55 22.79 23.15 23.63 23.38 23.05 23.09 23.48 23.98 23.16 23.39 23.00 24.22 22.76 21.69 20.92 20.99 20.75 20.25 19.53 18.57 18.52 17.39 16.51 15.92 15.43 15.69 16.21 16.64 18.98 22.62 22.82 22.06 25.07 27.46 27.10 26.64 25.51 24.19 24.12 23.10 22.63 22.38 22.56 22.24 21.76 20.76 21.54 20.94 20.07 20.52 20.13 19.87 20.03 21.13 21.49 22.53 25.15 26.67 27.87 26.42 26.59 25.56 26.02 25.91 27.30 27.95 28.99 29.45 32.30 33.01 31.46 31.39 34.35 33.91 32.32 33.10 34.97 33.78 33.18 35.04 36.66 35.48 34.69 36.20 37.12 35.22 34.57 36.75 36.57 35.37 34.88 33.25 33.17 31.53 31.28 30.86 31.10 31.00 31.13 32.30 32.32 31.70 32.46 33.92 34.75 34.23 33.29 33.37 31.90 31.07 30.57 29.59 28.62 28.03 28.59 29.14 29.11 30.47 33.56 33.84 31.94 33.02 36.19 34.93 32.46 33.66 35.81 34.13 32.76 35.50 36.27 35.25 32.66 32.07 30.84 29.85 29.09 29.01 28.76 29.46 31.47 32.80 31.78 30.39 30.10 28.20 27.46 26.28 26.28 26.01 26.26 26.65 27.47 28.81 30.93 31.92 29.42 28.58 28.11 27.91 26.10 25.09 24.94 23.54 22.73 22.67 22.80 21.83 21.99 23.03 24.98 26.02 27.11 28.97 31.87 33.99 32.80 32.07 33.76 35.51 34.79 31.58 
20.62 21.53 20.17 20.22 20.07 19.57 17.89 16.28 16.73 15.71 13.22 11.83 13.19 12.73 11.65 11.55 13.19 12.75 11.58 9.54 7.93 7.53 6.34 6.33 0.84 5.77 6.66 6.93 6.86 8.69 10.78 12.33 12.13 14.66 15.90 17.63 17.93 18.59 19.13 21.18 21.45 21.12 20.48 20.98 21.55 21.48 20.69 21.26 21.79 22.18 21.21 21.50 21.64 22.39 21.21 20.05 19.57 19.45 19.45 18.51 18.51 17.35 17.41 15.50 15.24 14.41 14.52 14.57 15.57 15.62 17.30 21.41 21.97 21.36 23.95 25.40 25.86 25.05 24.03 22.18 21.98 21.31 21.05 20.15 20.75 20.24 19.98 18.57 19.48 18.74 18.06 18.23 17.59 17.50 18.07 18.65 18.84 20.10 23.10 24.22 25.81 24.09 24.77 23.31 23.74 23.61 25.11 25.79 26.54 26.83 29.68 30.46 28.75 28.80 31.80 31.44 29.82 31.04 32.99 31.67 30.92 32.98 34.78 33.46 32.50 34.24 35.21 33.30 32.56 34.82 34.86 33.62 33.21 31.42 31.47 29.88 29.85 29.17 29.44 29.26 29.42 30.41 30.54 30.01 30.36 32.02 33.07 32.43 31.55 31.48 30.45 29.58 29.21 27.87 27.08 26.51 27.10 27.44 27.25 28.22 31.63 31.63 29.81 30.94 34.17 32.98 30.47 31.78 33.88 32.24 30.84 33.61 34.74 33.43 30.86 30.56 29.44 28.08 27.22 27.36 27.34 27.64 29.51 30.87 30.25 28.62 28.19 26.82 26.23 25.06 24.85 25.03 25.00 25.70 25.93 27.19 29.85 30.20 27.97 27.23 26.75 26.49 24.72 23.57 23.45 22.58 21.43 21.61 21.63 20.70 20.63 21.57 23.39 24.46 25.49 26.89 29.54 31.36 31.29 31.12 31.28 32.48 32.59 31.25 
18.66 19.40 18.31 18.68 17.55 17.64 15.90 15.01 14.37 14.01 11.03 10.58 11.70 11.12 10.23 11.08 12.37 11.85 11.22 10.10 7.97 8.14 6.77 7.34 5.77 0.82 5.74 7.40 6.05 7.36 8.24 10.31 10.42 12.49 13.43 15.12 15.57 16.15 16.91 19.26 19.88 19.50 18.60 19.21 19.83 19.27 18.74 19.19 19.76 19.74 18.57 19.23 19.33 20.14 18.59 17.94 17.60 17.44 17.20 17.04 16.99 15.83 15.23 13.70 13.82 13.26 12.56 12.59 14.44 14.70 16.63 20.25 21.21 20.38 22.94 24.52 24.55 23.90 22.66 20.80 20.62 19.65 19.06 18.38 18.69 18.15 17.79 16.34 17.25 16.52 15.69 15.87 15.19 15.01 15.57 16.42 16.75 17.80 20.52 21.91 23.35 21.94 22.23 21.04 21.31 21.35 22.63 23.48 24.39 24.69 27.58 28.56 26.99 27.35 30.08 29.64 28.08 29.50 31.01 29.66 29.02 31.20 32.60 31.23 30.50 32.16 33.08 31.29 30.62 32.92 32.69 31.67 31.17 29.55 29.32 27.89 27.55 27.28 27.43 27.07 27.24 28.38 28.72 27.91 28.51 29.99 31.36 30.77 29.62 29.54 28.44 27.74 26.91 25.89 24.85 24.45 24.82 25.25 25.20 26.23 29.37 29.46 27.86 28.95 32.29 31.02 28.63 30.07 32.16 30.53 29.19 32.11 32.80 31.54 29.00 28.62 27.27 26.20 25.30 25.47 25.28 25.83 27.83 29.18 28.13 26.75 26.49 24.83 24.03 23.31 23.35 23.26 23.42 24.29 25.13 26.30 28.55 29.41 27.34 26.39 25.75 25.40 23.77 22.72 22.29 21.04 20.54 20.44 20.15 19.19 19.52 20.26 21.90 22.97 24.20 25.92 28.35 30.60 30.04 29.53 30.07 31.95 31.78 29.93 
18.26 19.12 17.91 18.18 17.15 16.69 15.96 14.23 13.84 13.10 10.96 10.17 11.06 10.44 9.60 9.47 11.68 11.49 10.60 10.09 9.30 9.41 7.44 7.02 6.66 5.74 0.70 6.06 6.76 6.53 7.19 9.00 9.91 12.19 12.75 14.27 15.10 15.86 16.88 18.98 19.58 19.28 18.75 19.45 19.53 19.52 19.29 20.26 19.99 20.04 19.59 20.25 19.96 20.68 19.50 18.94 18.65 18.52 18.38 17.82 17.93 16.45 16.03 14.90 14.89 14.13 14.06 14.50 15.73 16.08 17.75 22.20 22.29 21.45 24.12 26.19 25.87 24.39 23.51 21.89 21.25 19.50 19.28 18.72 18.96 18.09 18.10 16.81 17.65 16.56 15.98 15.94 15.79 15.07 15.53 16.14 17.26 17.72 20.39 21.67 23.62 21.66 22.16 20.65 21.01 20.76 22.48 23.27 24.35 24.66 27.65 28.73 27.28 27.43 30.12 29.93 28.45 29.55 30.88 29.76 29.27 31.24 32.57 31.64 30.76 32.43 33.32 31.61 31.03 33.24 33.30 32.03 31.73 30.04 29.72 27.95 27.88 27.46 27.64 27.23 27.54 28.73 28.91 28.31 28.73 30.33 31.51 30.90 30.09 29.88 28.94 27.82 27.25 25.86 25.05 24.57 24.89 25.63 25.50 26.63 29.73 30.17 28.32 29.54 32.68 31.68 29.37 30.68 32.67 31.19 29.99 32.51 33.42 32.18 29.85 29.15 27.64 26.46 25.90 25.84 25.26 26.16 28.54 29.57 28.24 27.13 27.15 25.29 23.68 23.37 23.64 23.74 23.41 24.82 25.66 26.86 29.17 30.11 28.29 27.30 26.51 26.29 24.75 23.45 23.00 21.70 20.98 20.71 20.08 19.11 19.62 20.18 21.53 23.19 24.67 25.73 28.33 30.66 30.72 30.14 30.65 32.64 32.65 29.90 
18.16 19.35 18.32 18.24 17.10 16.60 15.78 14.70 13.77 13.34 11.77 11.28 11.86 12.01 11.64 11.99 13.72 13.75 12.88 12.30 11.31 11.35 9.29 8.17 6.93 7.40 6.06 0.97 5.75 7.39 6.95 7.94 8.93 11.70 12.81 14.14 15.08 16.21 17.33 19.30 19.92 20.00 19.75 19.97 20.59 20.73 20.88 21.05 21.19 21.69 21.17 21.39 20.88 22.02 21.32 20.38 19.76 20.24 20.08 19.86 19.65 18.63 18.40 17.75 17.39 16.82 16.85 17.80 18.54 18.44 20.83 24.39 24.84 23.59 26.37 28.46 27.54 26.57 25.83 23.88 23.07 21.97 21.38 20.81 20.95 20.19 19.85 18.71 19.30 18.51 17.46 17.29 17.01 16.62 16.68 16.53 18.14 19.17 21.77 23.08 25.06 23.05 23.47 22.03 22.32 22.13 23.47 24.55 25.93 25.72 28.68 29.75 28.57 28.17 31.10 31.11 29.92 30.69 32.33 31.45 30.92 32.71 34.42 33.35 32.46 34.01 35.19 33.35 32.65 35.02 34.83 33.69 33.18 31.81 31.41 29.79 29.40 29.25 29.31 29.10 29.34 30.40 30.65 29.94 30.76 32.10 33.10 32.54 31.72 31.83 30.39 29.48 28.83 27.92 26.76 26.22 26.81 27.33 27.34 28.50 31.71 31.87 30.21 31.23 34.55 33.54 31.13 32.38 34.44 33.28 31.82 34.58 35.20 34.29 31.54 31.06 29.45 28.55 27.41 27.77 27.48 28.16 30.32 31.42 30.34 29.04 28.87 27.09 25.88 25.34 25.54 25.58 25.53 26.43 27.57 28.58 30.71 31.50 29.77 28.79 27.83 27.82 25.83 24.97 24.55 23.12 22.42 21.80 21.55 20.39 20.90 21.65 23.14 24.72 26.10 27.41 30.21 32.83 31.92 31.20 32.27 34.51 33.62 30.64 
15.57 16.46 15.44 14.98 14.24 14.30 13.28 11.46 12.24 11.91 9.65 9.35 11.83 11.14 11.04 11.64 14.09 13.09 12.59 11.71 11.20 11.77 9.99 8.76 6.86 6.05 6.76 5.75 0.00 5.22 6.90 6.54 6.64 8.95 10.67 12.10 13.08 13.22 14.18 16.86 17.77 17.54 16.92 16.86 17.75 18.37 17.58 17.84 18.36 19.37 18.27 18.71 18.24 19.49 18.25 17.54 17.04 17.29 17.44 16.26 16.63 15.65 15.85 14.34 14.95 14.10 14.57 15.72 16.41 16.46 18.75 22.61 22.69 21.98 25.05 26.32 25.52 24.82 24.05 21.74 20.78 19.98 19.37 18.14 18.32 17.75 17.07 15.54 15.85 15.26 14.64 13.74 12.63 13.16 13.94 13.02 13.88 15.55 18.76 19.63 21.73 20.14 21.07 19.24 19.63 19.34 20.99 21.72 22.50 22.57 25.54 26.71 24.78 24.96 27.95 27.92 26.24 27.76 29.63 28.42 27.56 29.89 31.43 30.20 29.23 31.18 32.26 30.42 29.67 32.07 32.22 31.01 30.75 29.05 28.97 27.28 27.17 26.64 26.80 26.51 26.64 27.76 27.80 27.28 27.72 29.32 30.35 29.86 29.15 28.98 27.88 27.16 26.65 25.19 24.25 23.88 24.33 24.69 24.32 25.63 28.92 28.98 26.92 28.53 31.79 30.62 28.14 29.66 31.84 30.29 28.96 31.79 32.78 31.45 28.84 28.47 27.23 25.81 24.70 25.17 25.20 25.69 27.27 28.70 28.05 26.51 25.88 24.81 23.93 23.18 23.03 23.75 23.69 24.80 25.26 26.83 28.55 29.66 27.57 27.07 26.11 25.79 23.86 23.07 22.34 21.35 20.17 20.30 19.62 18.95 18.82 19.83 21.18 22.94 24.05 25.44 27.50 29.82 29.95 29.35 29.83 31.29 31.00 29.83 
