0.08 3.80 6.92 10.92 12.64 15.45 19.54 21.73 24.20 25.31 27.63 27.81 28.22 28.04 27.87 27.58 27.86 28.16 27.83 26.87 27.34 28.88 28.92 28.17 29.79 31.53 31.31 30.34 30.07 31.28 29.79 27.52 27.56 28.12 26.52 26.11 26.98 26.19 25.42 26.26 26.96 25.67 23.70 23.60 22.99 21.22 19.11 18.91 17.92 16.14 15.97 16.56 14.69 14.76 15.39 16.46 16.44 16.70 18.17 18.60 18.61 19.76 20.20 19.11 19.15 20.12 20.13 18.54 16.43 16.10 15.23 16.49 16.70 17.80 20.04 22.10 24.43 25.57 26.48 26.69 26.42 25.99 27.52 27.33 27.38 27.21 29.47 28.48 28.27 27.83 29.08 28.63 27.64 27.99 27.70 26.26 23.65 22.39 20.66 18.24 16.02 14.29 12.69 11.12 10.75 11.68 13.69 15.57 17.17 18.05 
3.80 0.94 4.13 7.32 10.19 13.55 16.32 19.05 22.02 22.95 25.51 25.66 26.45 26.27 26.92 25.98 26.03 26.30 25.93 24.87 25.33 27.07 27.23 26.59 28.46 30.77 30.17 29.07 28.10 30.04 28.23 25.79 25.72 26.21 25.07 24.41 25.30 24.38 24.41 24.92 25.29 24.23 22.44 22.09 21.90 20.21 17.72 17.28 17.02 14.51 14.37 14.83 14.05 13.58 14.69 15.33 15.73 15.41 17.51 17.40 17.67 17.74 19.25 18.09 18.01 19.26 19.53 17.34 14.39 14.03 13.08 13.74 14.25 15.77 17.67 19.56 22.35 24.08 25.07 25.44 24.84 24.65 26.41 26.57 26.21 25.55 28.14 27.61 26.87 26.59 28.54 27.68 26.20 26.51 26.98 25.05 22.51 20.94 19.44 15.39 14.10 12.13 10.74 8.89 9.65 12.25 13.35 15.56 17.26 19.58 
6.92 4.13 0.77 4.72 7.51 10.60 12.55 15.14 17.39 18.56 20.92 21.15 21.79 22.80 23.00 22.38 22.17 22.87 22.15 21.85 22.72 24.34 24.03 24.50 27.31 28.97 28.15 27.26 26.31 27.46 25.67 23.32 22.75 22.91 22.10 21.53 21.81 21.02 21.20 22.17 21.59 20.83 19.29 19.03 18.39 17.18 15.46 15.05 14.12 11.28 11.56 12.14 11.57 11.27 12.43 13.04 13.47 13.16 15.85 16.11 16.11 16.33 17.96 16.68 16.99 18.32 18.45 16.15 12.81 12.67 11.50 12.05 11.83 13.19 14.98 16.52 18.97 20.55 22.23 22.41 21.70 21.65 23.86 24.05 23.54 22.98 26.08 25.06 24.05 23.51 25.86 24.47 21.99 22.65 23.57 21.83 18.88 17.81 16.28 13.76 11.86 10.05 8.52 7.51 10.31 11.92 14.54 15.54 17.94 19.87 
10.92 7.32 4.72 2.11 6.07 7.28 10.83 13.20 16.03 18.19 20.84 21.26 21.40 22.37 23.17 22.87 22.32 23.10 22.56 22.16 22.88 24.11 24.14 25.00 27.25 29.16 28.06 27.74 26.56 27.91 25.40 23.10 22.69 23.06 21.62 21.29 22.31 21.53 21.03 21.64 22.25 21.31 19.03 18.56 18.77 17.42 14.72 14.61 13.50 11.20 11.72 12.47 11.27 11.47 13.41 14.06 14.69 14.53 17.59 17.84 18.23 18.92 20.36 18.97 19.21 20.37 20.05 17.74 14.90 14.24 13.17 12.97 13.00 13.18 15.25 15.71 17.52 18.86 20.51 20.49 20.61 20.59 22.40 22.99 23.20 22.76 25.10 24.82 23.71 23.63 25.45 24.89 22.89 23.25 23.52 22.55 19.22 17.45 15.40 12.86 11.78 9.33 9.20 9.02 12.58 13.66 16.86 18.19 20.44 24.45 
12.64 10.19 7.51 6.07 0.00 4.81 5.89 10.29 12.95 14.97 17.04 18.04 17.77 17.85 19.20 19.01 19.35 20.37 20.84 19.92 20.06 22.49 22.99 22.56 24.41 27.06 26.67 25.81 24.95 26.75 24.93 22.24 22.65 22.88 20.46 19.59 21.29 20.07 18.75 20.36 21.48 20.18 17.69 17.13 17.85 15.36 13.69 13.26 11.75 9.54 10.25 10.91 9.36 9.18 12.09 12.93 13.40 14.08 17.18 17.71 18.07 19.76 20.85 19.16 19.66 21.10 20.76 18.53 15.66 14.67 12.93 12.20 11.89 11.67 12.26 13.22 14.93 16.85 17.04 17.13 18.12 18.07 19.47 20.11 21.36 21.15 23.57 22.89 22.33 21.73 22.98 22.26 20.50 21.10 20.79 19.44 16.89 15.25 12.77 10.06 7.58 7.76 7.91 8.82 10.86 12.24 15.84 14.34 14.44 17.23 
15.45 13.55 10.60 7.28 4.81 0.00 5.45 6.39 11.89 12.66 16.25 16.61 17.29 17.51 19.05 18.47 18.53 19.75 20.40 19.53 20.10 22.55 23.16 23.11 24.85 27.38 26.76 26.30 25.14 26.91 24.44 22.08 22.54 22.36 19.46 19.28 20.75 19.01 18.38 19.69 20.93 19.17 17.33 16.74 18.26 14.63 13.21 13.01 13.04 8.50 10.81 12.94 12.17 12.29 14.56 16.13 16.69 16.96 19.66 20.18 20.79 21.97 23.23 21.98 22.33 23.91 23.76 21.51 17.54 17.22 14.70 14.17 12.80 12.36 12.65 12.94 14.51 16.41 16.87 17.13 17.52 17.26 19.04 20.06 20.86 20.74 23.26 22.96 21.92 21.49 22.33 22.00 20.16 21.38 20.85 18.70 16.60 14.76 12.28 8.79 7.97 8.56 9.76 11.08 13.96 15.34 16.37 16.70 17.37 18.66 
19.54 16.32 12.55 10.83 5.89 5.45 0.00 5.87 6.98 8.55 11.46 13.58 14.00 14.73 16.61 15.93 16.17 17.76 18.37 18.05 19.54 21.52 21.83 22.26 24.60 26.91 26.50 25.99 24.91 26.45 24.41 21.97 21.67 21.15 18.65 18.04 19.28 17.43 17.15 18.48 18.96 17.58 16.02 15.70 15.52 12.68 11.82 12.53 10.56 6.72 10.23 13.44 12.28 11.72 14.59 16.54 17.51 17.75 20.87 21.82 22.35 23.62 24.81 23.30 23.89 25.54 24.90 22.69 18.91 18.32 16.16 15.63 14.08 13.01 12.54 12.39 13.57 15.17 14.88 15.54 15.46 15.77 17.53 18.45 19.27 19.03 21.82 21.16 20.27 19.45 20.51 19.77 18.02 19.31 18.63 16.72 14.21 12.97 10.03 8.60 9.07 9.42 10.41 12.32 16.07 15.03 16.56 17.18 18.98 20.84 
21.73 19.05 15.14 13.20 10.29 6.39 5.87 0.39 6.19 6.75 10.66 11.71 13.39 13.85 16.40 15.52 15.92 17.39 17.68 17.74 18.65 21.39 21.72 22.50 24.70 27.55 26.68 26.79 24.88 27.11 24.71 21.82 21.69 21.48 19.08 18.18 19.97 17.66 16.98 18.20 19.22 17.18 15.11 14.83 15.58 12.60 12.04 12.46 11.95 9.45 12.23 15.47 14.61 14.75 17.62 19.08 19.61 20.17 23.29 23.96 24.70 26.28 27.37 25.56 26.10 27.68 27.07 24.89 21.35 20.67 18.10 17.94 16.00 14.59 14.82 12.59 13.77 14.61 14.63 12.76 14.37 14.88 16.59 18.10 19.19 18.79 20.88 20.62 19.84 19.09 20.12 19.00 17.90 17.97 16.68 14.64 13.16 10.57 8.72 7.73 10.36 10.88 12.67 15.48 18.62 19.14 19.66 20.87 21.70 24.61 
24.20 22.02 17.39 16.03 12.95 11.89 6.98 6.19 0.00 4.79 6.36 8.87 10.28 11.93 13.89 13.83 14.45 15.90 16.28 16.19 17.58 20.56 21.25 21.40 23.33 26.42 25.91 25.75 24.28 26.25 24.25 21.43 21.39 21.00 18.56 17.36 17.88 15.76 14.97 15.74 17.02 14.93 13.19 12.91 13.41 11.30 11.68 12.83 13.16 11.92 13.45 16.72 15.76 15.95 18.72 20.19 20.90 21.73 24.54 25.08 25.64 27.49 28.69 26.72 26.98 28.51 28.50 26.13 22.57 21.91 19.97 19.49 17.60 16.30 15.56 13.03 13.14 13.62 11.30 9.50 11.81 12.66 13.87 15.03 17.01 16.43 18.37 17.89 17.87 16.47 17.42 16.88 15.54 15.35 14.11 12.21 10.86 10.04 9.43 10.42 12.48 13.32 14.76 17.48 20.88 20.89 21.93 23.26 26.01 26.58 
25.31 22.95 18.56 18.19 14.97 12.66 8.55 6.75 4.79 0.00 4.84 6.09 8.28 9.44 12.44 11.62 13.02 14.21 14.48 14.38 16.19 18.80 19.98 19.95 22.28 24.78 24.14 24.71 22.85 25.47 22.94 20.33 20.71 20.37 17.23 15.66 16.61 14.74 13.36 13.82 14.37 13.42 12.03 12.03 12.61 9.41 10.30 12.96 13.14 10.78 13.97 17.95 16.32 16.49 19.25 20.99 21.60 22.06 25.13 25.47 25.89 27.70 28.96 27.43 27.29 28.63 28.56 26.54 22.60 22.25 20.53 20.24 18.22 16.32 15.80 13.31 13.28 13.53 11.55 9.99 11.57 11.27 12.41 13.58 15.32 14.36 16.56 16.21 15.57 14.52 15.50 15.53 13.08 14.10 12.88 10.96 9.95 9.76 9.78 9.80 13.12 14.48 16.48 17.97 22.26 24.14 23.44 24.97 26.95 28.28 
27.63 25.51 20.92 20.84 17.04 16.25 11.46 10.66 6.36 4.84 0.32 5.56 6.79 8.38 10.19 11.20 11.33 13.99 14.45 14.26 15.24 18.13 19.03 20.18 21.71 24.50 24.57 24.84 23.14 25.10 23.09 20.53 20.23 20.17 17.14 15.35 16.52 14.45 13.31 13.11 14.16 13.82 11.77 11.84 13.59 12.03 11.96 14.02 14.51 13.14 16.19 19.73 17.83 18.33 21.22 22.49 22.68 23.55 26.52 26.85 27.48 29.25 30.92 29.18 29.39 30.45 30.04 28.03 24.35 23.57 21.66 21.26 19.44 17.50 16.36 13.34 13.80 14.11 11.77 11.08 11.87 11.03 11.95 13.12 14.11 13.48 16.00 15.25 14.19 13.13 15.02 13.45 11.39 12.26 12.13 10.02 10.02 10.53 11.20 11.69 15.05 16.34 19.47 19.86 23.60 24.14 26.55 25.91 28.00 30.26 
27.81 25.66 21.15 21.26 18.04 16.61 13.58 11.71 8.87 6.09 5.56 0.00 4.99 6.52 8.14 7.88 8.97 11.47 11.98 11.25 13.31 15.70 17.01 17.44 20.22 23.33 22.77 23.70 21.88 24.42 22.15 19.25 19.71 19.16 16.32 14.77 16.48 14.22 11.75 12.27 13.33 11.32 9.36 10.62 12.70 11.54 10.87 14.31 15.65 14.63 16.71 19.51 18.54 19.06 21.17 22.59 22.71 23.64 26.30 26.63 27.00 29.67 30.89 29.01 28.99 30.53 30.18 28.19 24.60 23.75 21.54 21.38 19.29 17.53 16.25 13.72 13.63 14.03 12.14 11.32 12.34 11.38 12.27 13.00 13.23 13.07 15.08 14.37 13.03 13.04 14.28 13.43 11.22 12.57 11.13 9.19 10.29 10.82 11.71 12.54 15.61 17.18 19.90 21.96 24.16 27.00 26.17 28.56 29.02 32.01 
28.22 26.45 21.79 21.40 17.77 17.29 14.00 13.39 10.28 8.28 6.79 4.99 0.00 5.19 6.70 6.34 8.13 9.85 10.28 10.25 12.50 15.21 15.00 15.87 18.69 22.55 22.13 22.49 21.93 23.99 22.10 19.27 19.36 18.81 16.28 14.85 16.33 13.15 11.53 12.39 12.70 10.84 10.02 10.80 12.63 11.40 12.02 15.00 15.94 15.42 16.82 19.76 18.97 19.32 22.15 22.91 23.47 24.27 27.05 26.86 27.75 29.78 31.49 29.45 29.35 30.92 30.94 28.96 25.07 24.08 22.15 21.88 19.71 17.19 16.13 14.46 14.04 13.96 12.62 12.09 13.32 12.49 12.63 13.61 14.12 13.51 14.72 14.35 14.23 13.19 14.11 12.92 11.14 12.66 11.99 9.82 11.46 11.96 13.32 13.38 16.19 17.10 20.00 20.94 24.36 24.48 26.92 27.06 28.08 29.55 
28.04 26.27 22.80 22.37 17.85 17.51 14.73 13.85 11.93 9.44 8.38 6.52 5.19 0.00 5.96 6.20 6.99 7.54 8.73 9.86 11.52 13.17 14.99 15.50 17.96 21.28 21.37 22.38 20.99 23.85 21.62 19.05 19.16 18.90 16.26 15.25 16.51 14.34 12.35 13.23 13.72 13.13 11.90 12.90 14.30 13.49 12.95 15.61 15.82 15.09 17.62 20.08 18.73 19.30 22.13 22.89 23.16 24.91 27.68 28.29 28.53 31.13 32.18 30.51 29.66 31.10 30.71 28.97 25.35 24.41 22.24 21.57 19.37 17.18 16.09 12.55 12.63 13.04 11.87 11.34 13.10 12.33 13.03 14.23 15.14 14.30 15.77 15.66 15.17 14.01 14.75 13.41 11.45 12.51 11.86 10.88 11.67 12.02 13.45 14.23 16.66 18.36 21.26 23.09 25.38 28.60 27.64 29.45 29.02 31.28 
27.87 26.92 23.00 23.17 19.20 19.05 16.61 16.40 13.89 12.44 10.19 8.14 6.70 5.96 0.00 6.08 7.39 7.55 7.32 9.21 10.88 12.06 13.26 15.22 16.67 19.75 20.64 22.08 21.07 23.03 21.31 18.23 18.26 18.32 15.73 14.09 16.26 13.93 12.49 13.26 13.99 14.02 12.44 12.76 14.82 13.71 13.42 15.52 16.34 16.25 18.18 21.44 20.24 20.74 23.35 24.07 24.72 26.14 29.15 29.31 30.00 32.14 33.30 31.71 31.37 32.18 31.27 29.75 26.13 24.84 22.34 21.86 19.86 17.65 16.45 13.50 14.13 15.03 13.76 14.19 14.89 15.13 15.84 16.89 16.79 16.10 17.44 17.01 16.34 14.67 15.48 14.53 12.29 13.40 12.94 12.77 12.93 12.77 14.28 15.64 18.46 19.14 22.32 23.59 26.19 26.38 28.80 28.56 30.00 31.56 
27.58 25.98 22.38 22.87 19.01 18.47 15.93 15.52 13.83 11.62 11.20 7.88 6.34 6.20 6.08 0.00 5.33 7.09 6.02 5.75 8.75 10.94 10.85 11.75 15.18 17.81 17.86 19.53 18.66 21.12 19.00 15.97 16.46 16.31 13.55 12.30 14.96 13.55 10.77 12.70 13.16 14.18 9.98 11.56 12.94 13.57 10.49 14.74 15.57 15.42 16.65 19.61 18.72 19.05 21.01 22.18 22.63 24.13 27.11 27.36 27.98 30.71 31.59 29.26 28.86 29.87 29.29 27.66 24.03 22.67 20.35 20.27 18.20 15.36 15.00 11.93 13.69 14.13 13.27 13.27 14.93 14.27 15.72 15.92 16.34 15.03 16.81 15.98 15.72 14.34 15.16 13.83 12.36 12.76 12.23 11.82 12.22 11.54 12.83 13.53 16.32 18.20 20.95 22.93 25.32 27.94 27.00 29.57 29.75 32.89 
27.86 26.03 22.17 22.32 19.35 18.53 16.17 15.92 14.45 13.02 11.33 8.97 8.13 6.99 7.39 5.33 0.14 6.03 6.93 5.48 6.78 9.30 9.92 10.60 13.40 16.79 16.23 17.27 17.25 19.94 17.63 15.10 15.90 15.66 12.90 11.65 13.94 11.81 10.47 12.32 13.62 12.59 10.28 11.03 12.64 11.24 9.61 13.39 15.09 14.16 15.32 18.62 17.50 18.06 20.52 21.04 21.72 23.21 26.24 26.11 26.53 28.66 29.93 27.60 26.87 28.21 27.72 25.86 22.16 20.95 19.35 19.10 17.33 13.69 13.51 10.92 12.45 12.47 12.27 13.17 14.72 14.13 15.10 15.81 16.81 15.59 17.56 16.72 16.74 15.04 15.94 14.68 12.60 13.33 12.60 11.27 11.44 10.93 11.62 11.86 15.68 16.42 18.67 19.77 23.96 24.25 27.15 27.64 29.21 33.66 
28.16 26.30 22.87 23.10 20.37 19.75 17.76 17.39 15.90 14.21 13.99 11.47 9.85 7.54 7.55 7.09 6.03 0.00 5.67 6.95 6.19 6.72 9.70 10.85 12.22 15.38 16.37 17.50 16.82 19.70 17.74 15.27 16.01 15.51 13.17 12.81 14.65 13.09 11.67 13.93 13.76 14.59 12.60 13.37 13.46 13.80 11.56 14.65 14.51 14.17 16.09 18.05 17.01 17.93 19.98 20.51 21.29 23.47 26.25 26.52 26.80 29.05 30.00 27.76 26.94 27.76 27.23 25.37 21.98 20.87 18.67 18.16 15.78 13.28 12.96 9.52 10.58 11.81 12.83 14.09 15.25 14.74 16.84 17.49 17.88 17.01 18.86 18.67 17.96 16.63 17.10 16.17 14.19 15.20 14.04 13.15 13.22 12.52 11.99 12.80 15.92 17.32 19.08 21.17 24.54 26.07 26.67 29.22 29.66 33.25 
27.83 25.93 22.15 22.56 20.84 20.40 18.37 17.68 16.28 14.48 14.45 11.98 10.28 8.73 7.32 6.02 6.93 5.67 0.00 5.32 6.75 6.21 6.90 9.21 11.15 13.43 14.46 16.12 15.25 17.76 16.75 13.62 14.18 13.87 11.49 10.25 12.94 11.46 10.56 12.00 11.80 13.02 11.45 11.55 12.95 12.46 11.03 13.46 14.06 13.21 13.87 17.73 17.05 17.20 19.06 20.18 21.37 22.55 25.05 25.33 26.24 27.75 28.26 26.41 26.13 26.61 25.39 23.62 20.76 19.52 17.27 16.78 15.28 12.70 12.51 10.65 12.41 13.34 14.40 15.55 16.81 16.25 17.96 18.20 18.67 16.82 19.08 18.62 18.67 16.89 17.27 16.18 14.63 15.63 14.75 14.33 14.03 13.41 12.96 13.83 16.11 16.60 18.35 20.19 23.60 24.15 26.39 27.75 29.72 31.50 
26.87 24.87 21.85 22.16 19.92 19.53 18.05 17.74 16.19 14.38 14.26 11.25 10.25 9.86 9.21 5.75 5.48 6.95 5.32 0.00 5.33 6.95 5.94 6.61 9.73 12.03 11.93 14.09 13.73 16.17 14.24 11.42 12.18 12.57 9.83 8.75 11.88 11.41 9.50 11.84 12.51 13.66 10.37 11.37 12.32 12.06 8.89 12.44 13.19 11.93 12.08 15.68 15.31 14.74 16.51 18.34 18.81 20.13 22.85 23.32 23.28 25.27 25.96 23.77 23.17 23.73 22.77 21.41 18.41 16.93 15.22 14.80 13.41 10.04 11.49 8.23 12.08 13.33 13.95 14.72 16.74 15.71 16.94 17.54 18.13 17.08 19.05 18.48 18.72 17.62 18.33 17.06 15.62 16.54 15.83 15.25 14.28 13.21 13.05 12.65 14.43 15.84 17.20 18.53 22.24 24.17 24.60 26.88 28.43 31.91 
27.34 25.33 22.72 22.88 20.06 20.10 19.54 18.65 17.58 16.19 15.24 13.31 12.50 11.52 10.88 8.75 6.78 6.19 6.75 5.33 0.00 5.82 6.96 6.05 7.55 11.30 11.58 12.52 12.96 15.65 13.80 11.31 12.80 12.84 10.45 9.45 12.23 11.22 10.54 12.75 14.37 14.02 11.56 12.06 13.16 11.63 9.11 12.31 12.94 12.23 12.24 15.30 14.37 14.70 16.54 17.37 17.71 19.26 22.08 22.03 21.74 23.65 24.67 22.22 21.29 22.33 21.88 20.16 16.88 15.49 13.40 13.09 10.95 8.85 9.32 7.78 11.05 14.05 14.31 15.31 17.29 16.94 18.40 18.83 20.10 19.10 21.54 20.46 20.32 19.18 20.09 18.73 16.56 18.05 17.37 16.28 15.27 14.37 13.49 12.92 14.79 15.68 16.60 17.66 21.73 22.68 24.68 25.92 28.70 32.48 
28.88 27.07 24.34 24.11 22.49 22.55 21.52 21.39 20.56 18.80 18.13 15.70 15.21 13.17 12.06 10.94 9.30 6.72 6.21 6.95 5.82 0.00 6.06 6.92 6.54 8.95 10.91 12.38 12.10 15.00 14.20 11.96 13.39 13.58 11.03 11.37 14.18 13.47 13.11 15.30 16.41 16.92 14.86 14.68 14.74 14.36 12.25 13.82 13.75 12.95 13.66 14.95 14.44 14.82 16.53 16.60 17.91 19.43 22.02 22.10 22.33 24.06 24.49 22.08 21.53 22.28 21.50 20.18 17.39 15.56 14.30 13.45 12.78 10.42 12.62 10.71 14.14 16.29 18.24 18.70 19.85 19.03 20.85 21.50 21.89 21.26 23.30 22.85 22.57 21.02 21.83 20.82 19.38 20.09 19.33 18.53 18.18 16.94 16.01 15.07 16.57 17.11 18.09 19.24 23.10 24.13 25.00 27.21 29.19 31.89 
28.92 27.23 24.03 24.14 22.99 23.16 21.83 21.72 21.25 19.98 19.03 17.01 15.00 14.99 13.26 10.85 9.92 9.70 6.90 5.94 6.96 6.06 0.00 5.65 7.08 7.51 8.28 10.58 10.26 12.79 11.61 10.51 11.30 11.14 9.00 9.64 13.13 12.37 11.76 14.58 15.93 16.50 14.12 14.21 15.47 13.96 11.58 13.40 13.69 11.89 10.59 13.68 13.45 12.96 14.09 15.54 16.52 17.60 19.58 20.11 20.71 21.63 21.44 19.31 19.50 20.04 19.08 17.45 14.96 13.39 11.89 12.43 11.93 10.57 12.45 12.58 15.50 17.42 18.51 19.58 20.77 19.86 21.72 22.35 22.96 21.64 23.81 23.45 23.11 21.87 22.31 21.47 19.97 20.83 19.90 19.38 18.98 17.71 16.42 15.75 16.57 16.67 17.13 18.70 21.83 22.20 24.22 25.84 28.13 29.32 
28.17 26.59 24.50 25.00 22.56 23.11 22.26 22.50 21.40 19.95 20.18 17.44 15.87 15.50 15.22 11.75 10.60 10.85 9.21 6.61 6.05 6.92 5.65 0.00 5.62 7.29 7.29 8.74 9.28 12.10 11.41 10.04 11.20 12.24 10.24 9.93 13.51 12.94 13.19 15.36 17.03 17.00 15.05 14.82 16.05 13.79 11.59 13.55 13.53 10.74 9.30 12.63 12.52 11.00 11.78 14.69 15.03 15.92 18.72 19.26 18.73 20.20 20.13 18.19 17.65 18.63 17.37 16.23 13.28 12.22 10.57 11.58 10.63 9.57 12.38 12.35 16.27 18.56 18.74 20.05 21.26 20.53 21.99 22.87 23.16 22.53 24.64 23.72 23.14 22.45 23.38 22.07 20.33 21.39 20.69 20.05 19.05 17.70 16.18 15.48 15.69 16.19 16.65 17.47 20.70 22.06 22.29 24.73 26.72 28.81 
29.79 28.46 27.31 27.25 24.41 24.85 24.60 24.70 23.33 22.28 21.71 20.22 18.69 17.96 16.67 15.18 13.40 12.22 11.15 9.73 7.55 6.54 7.08 5.62 0.15 6.18 7.43 8.10 8.39 11.84 11.40 10.54 12.15 14.14 12.70 12.31 15.30 15.96 15.74 18.04 20.28 20.31 18.31 18.22 18.10 16.14 14.48 15.44 14.50 12.77 11.98 14.19 12.66 12.03 12.43 14.56 14.82 16.55 19.20 19.80 18.84 20.63 20.60 18.87 18.12 19.34 18.54 16.83 13.10 13.14 11.95 11.49 11.23 11.21 14.00 14.35 18.26 21.25 21.86 22.96 24.02 23.63 24.73 25.07 26.08 25.58 27.74 26.38 25.33 25.17 25.95 24.29 22.78 23.76 23.02 21.90 20.94 19.65 18.15 17.05 17.55 17.77 18.02 18.67 21.64 22.99 23.68 25.13 27.73 29.57 
31.53 30.77 28.97 29.16 27.06 27.38 26.91 27.55 26.42 24.78 24.50 23.33 22.55 21.28 19.75 17.81 16.79 15.38 13.43 12.03 11.30 8.95 7.51 7.29 6.18 0.00 6.20 7.42 7.29 9.61 10.74 10.21 11.67 13.32 12.97 13.44 16.96 17.25 18.04 19.80 22.26 22.13 21.02 19.72 20.02 18.34 16.78 17.39 16.18 14.47 14.17 14.08 13.48 12.66 13.44 14.66 15.12 16.43 19.39 19.66 19.75 21.32 21.00 19.54 19.20 19.39 17.87 17.20 14.65 14.09 12.97 13.64 14.12 14.97 17.74 18.47 22.27 24.70 25.22 26.38 26.86 26.25 27.36 28.26 28.78 28.41 29.96 29.12 28.60 27.53 28.01 26.93 25.58 26.40 25.07 24.18 23.61 22.35 20.74 19.52 19.54 19.64 19.95 20.56 23.52 24.84 24.67 26.10 28.62 30.22 
31.31 30.17 28.15 28.06 26.67 26.76 26.50 26.68 25.91 24.14 24.57 22.77 22.13 21.37 20.64 17.86 16.23 16.37 14.46 11.93 11.58 10.91 8.28 7.29 7.43 6.20 1.03 5.59 6.36 7.24 7.13 9.00 10.13 10.22 8.94 12.03 15.02 14.98 15.47 18.43 21.13 21.06 19.29 18.54 19.31 17.94 15.86 16.51 16.61 14.19 12.45 13.75 12.51 11.09 11.95 13.41 13.74 14.40 17.26 17.89 17.71 18.89 18.62 16.53 17.01 17.39 16.41 15.28 13.35 12.58 12.57 13.99 14.54 15.31 18.16 18.97 22.32 24.60 25.23 26.22 27.01 26.09 27.62 28.17 28.90 27.73 29.52 28.92 28.08 26.86 27.29 26.26 25.13 25.32 24.36 23.48 23.10 21.21 19.91 18.88 18.94 18.08 18.24 19.30 22.13 22.26 23.23 24.63 27.02 27.50 
30.34 29.07 27.26 27.74 25.81 26.30 25.99 26.79 25.75 24.71 24.84 23.70 22.49 22.38 22.08 19.53 17.27 17.50 16.12 14.09 12.52 12.38 10.58 8.74 8.10 7.42 5.59 0.00 5.26 7.47 6.53 7.53 9.53 10.58 9.97 11.87 14.86 14.36 15.16 17.96 20.37 19.93 19.09 18.43 19.69 17.89 16.85 17.15 17.15 15.16 12.69 14.41 13.44 11.32 10.42 13.57 14.22 15.00 18.01 18.27 17.79 19.11 18.99 16.63 16.91 17.96 17.11 15.62 12.98 13.41 13.11 14.78 15.13 15.68 18.24 19.14 22.48 24.44 25.36 26.25 26.80 25.92 27.23 28.10 28.41 27.62 29.35 28.38 27.62 26.81 27.34 26.45 24.68 25.28 24.45 23.91 23.16 21.42 19.94 19.25 19.02 18.32 18.33 18.49 21.37 21.71 21.63 23.02 25.36 27.27 
30.07 28.10 26.31 26.56 24.95 25.14 24.91 24.88 24.28 22.85 23.14 21.88 21.93 20.99 21.07 18.66 17.25 16.82 15.25 13.73 12.96 12.10 10.26 9.28 8.39 7.29 6.36 5.26 0.00 5.67 6.70 5.70 6.71 9.12 9.05 9.30 11.89 12.71 13.36 15.29 18.13 18.17 17.15 15.88 17.48 15.57 15.06 14.79 14.93 12.35 10.33 11.64 10.95 8.09 6.84 10.66 11.95 12.04 14.84 16.47 16.38 17.02 17.32 15.39 15.46 15.85 15.99 14.43 11.58 12.55 12.91 13.32 13.04 13.82 16.39 17.52 20.79 23.07 23.77 24.35 24.95 24.11 25.61 26.26 26.89 26.36 28.42 26.96 26.06 25.39 26.14 24.38 22.87 23.69 23.10 21.62 20.76 19.50 18.03 16.87 17.43 16.79 17.10 16.84 19.88 19.93 20.41 22.14 23.81 25.84 
31.28 30.04 27.46 27.91 26.75 26.91 26.45 27.11 26.25 25.47 25.10 24.42 23.99 23.85 23.03 21.12 19.94 19.70 17.76 16.17 15.65 15.00 12.79 12.10 11.84 9.61 7.24 7.47 5.67 0.00 6.29 7.41 6.43 7.69 9.59 11.16 12.59 13.28 15.58 17.62 19.53 20.15 18.81 18.67 19.18 18.19 17.18 17.39 16.63 15.65 13.87 14.72 13.50 12.48 11.77 13.84 14.63 15.31 18.17 19.29 18.85 19.49 19.40 18.88 18.44 17.90 18.31 18.01 15.38 15.61 15.65 16.01 16.00 16.91 19.15 20.39 23.74 25.43 25.98 26.77 27.05 26.51 27.82 28.46 29.24 28.21 29.93 28.67 28.25 27.11 27.61 25.84 24.74 25.55 24.69 23.30 22.86 21.92 20.21 18.81 19.04 18.24 19.18 19.37 21.79 21.91 22.42 23.81 25.42 27.18 
29.79 28.23 25.67 25.40 24.93 24.44 24.41 24.71 24.25 22.94 23.09 22.15 22.10 21.62 21.31 19.00 17.63 17.74 16.75 14.24 13.80 14.20 11.61 11.41 11.40 10.74 7.13 6.53 6.70 6.29 0.00 5.43 7.30 6.37 6.45 9.35 12.11 11.28 13.27 16.29 18.05 18.24 17.49 17.14 18.27 16.61 15.75 16.17 15.98 14.12 12.82 13.32 12.69 11.37 12.16 13.47 13.59 14.78 17.70 18.01 17.56 18.75 19.13 17.16 17.51 18.45 18.54 17.84 15.41 15.34 14.60 15.46 15.18 16.47 18.49 19.45 22.46 24.26 24.35 25.06 25.31 24.77 26.16 26.94 27.58 26.15 27.77 26.83 26.35 24.74 25.43 24.03 22.83 23.01 22.50 21.49 20.91 19.35 18.28 17.30 17.96 16.81 17.11 17.84 21.04 19.97 21.18 22.89 24.90 25.30 
27.52 25.79 23.32 23.10 22.24 22.08 21.97 21.82 21.43 20.33 20.53 19.25 19.27 19.05 18.23 15.97 15.10 15.27 13.62 11.42 11.31 11.96 10.51 10.04 10.54 10.21 9.00 7.53 5.70 7.41 5.43 0.00 5.31 6.96 5.48 6.35 9.83 9.49 11.06 13.77 16.11 16.01 15.32 15.18 16.48 14.74 13.59 13.24 14.12 12.18 9.63 10.81 10.83 9.94 9.12 12.00 12.59 13.33 16.41 16.68 16.44 18.13 18.34 15.93 16.37 18.01 17.81 16.64 14.33 14.42 13.44 14.38 13.99 14.49 16.43 16.99 19.89 21.62 21.65 22.44 22.50 22.09 23.63 24.13 24.81 23.46 25.19 23.86 23.39 22.21 23.10 21.67 20.41 20.63 20.45 19.48 18.61 17.01 15.70 14.80 15.41 14.74 15.25 15.44 18.14 18.62 19.66 21.44 23.37 25.51 
27.56 25.72 22.75 22.69 22.65 22.54 21.67 21.69 21.39 20.71 20.23 19.71 19.36 19.16 18.26 16.46 15.90 16.01 14.18 12.18 12.80 13.39 11.30 11.20 12.15 11.67 10.13 9.53 6.71 6.43 7.30 5.31 0.00 5.88 7.42 6.23 8.21 10.12 11.69 13.89 16.00 16.58 15.34 14.47 16.59 15.01 12.33 11.60 13.37 11.58 9.24 10.22 11.53 10.41 9.17 12.79 14.56 14.92 17.38 18.93 19.39 20.04 20.45 18.75 18.69 19.73 20.04 18.70 16.07 15.81 14.93 15.52 14.77 15.16 16.72 17.32 19.87 21.73 22.33 22.59 22.66 22.45 24.11 24.44 24.81 23.87 25.68 24.19 23.47 22.69 23.46 21.88 20.46 21.48 21.23 19.70 18.74 17.90 16.93 15.60 15.99 15.62 16.66 16.90 20.13 18.98 21.53 22.81 24.80 25.97 
28.12 26.21 22.91 23.06 22.88 22.36 21.15 21.48 21.00 20.37 20.17 19.16 18.81 18.90 18.32 16.31 15.66 15.51 13.87 12.57 12.84 13.58 11.14 12.24 14.14 13.32 10.22 10.58 9.12 7.69 6.37 6.96 5.88 0.00 5.84 7.29 7.43 8.52 10.71 13.32 14.77 16.18 15.66 15.41 16.63 15.08 14.18 13.74 14.40 13.01 12.33 13.80 13.61 13.51 13.67 15.90 16.86 17.66 20.49 20.86 21.16 21.96 22.69 21.33 21.09 21.58 21.95 20.63 17.94 17.49 16.56 16.86 15.95 16.15 17.44 18.26 20.72 22.49 22.47 23.37 23.40 22.97 24.26 24.62 25.03 23.83 25.39 24.42 23.68 22.79 23.31 21.68 20.53 21.58 20.98 19.55 19.24 18.22 17.26 16.13 16.83 16.51 17.65 17.80 20.32 21.02 22.14 23.72 25.61 27.42 
26.52 25.07 22.10 21.62 20.46 19.46 18.65 19.08 18.56 17.23 17.14 16.32 16.28 16.26 15.73 13.55 12.90 13.17 11.49 9.83 10.45 11.03 9.00 10.24 12.70 12.97 8.94 9.97 9.05 9.59 6.45 5.48 7.42 5.84 0.00 5.48 7.78 6.44 7.55 11.21 12.92 13.81 13.02 13.76 14.67 13.44 11.75 13.37 13.38 11.71 10.98 13.67 12.88 12.76 13.71 15.46 15.86 17.60 20.44 20.38 20.78 22.28 23.10 20.86 21.36 22.10 22.22 20.36 17.39 16.83 16.09 15.91 15.01 15.42 16.60 16.87 19.21 20.71 20.70 21.19 21.39 20.66 21.73 22.18 22.68 21.07 22.49 21.54 21.04 19.78 20.37 19.25 18.17 18.92 18.49 17.29 17.00 15.66 14.91 14.36 15.66 15.26 16.31 17.30 20.95 19.92 22.22 23.23 25.73 26.07 
26.11 24.41 21.53 21.29 19.59 19.28 18.04 18.18 17.36 15.66 15.35 14.77 14.85 15.25 14.09 12.30 11.65 12.81 10.25 8.75 9.45 11.37 9.64 9.93 12.31 13.44 12.03 11.87 9.30 11.16 9.35 6.35 6.23 7.29 5.48 0.00 6.16 6.68 6.92 8.92 11.40 11.94 11.52 12.10 13.72 11.66 10.95 11.27 12.14 10.57 10.08 12.58 12.16 11.56 12.73 14.99 15.70 17.16 20.42 20.57 21.56 23.30 23.75 21.50 22.38 23.36 23.08 21.18 18.60 17.50 16.32 16.56 15.31 14.94 15.99 15.92 17.77 19.36 19.14 19.66 19.50 19.01 20.18 20.06 20.65 19.45 21.11 19.64 19.25 18.45 19.36 18.04 17.07 18.26 17.74 16.71 15.84 14.36 14.06 13.91 14.98 14.96 16.34 17.34 20.35 20.95 22.10 23.96 25.85 27.87 
26.98 25.30 21.81 22.31 21.29 20.75 19.28 19.97 17.88 16.61 16.52 16.48 16.33 16.51 16.26 14.96 13.94 14.65 12.94 11.88 12.23 14.18 13.13 13.51 15.30 16.96 15.02 14.86 11.89 12.59 12.11 9.83 8.21 7.43 7.78 6.16 0.00 6.01 7.09 8.46 10.59 11.78 11.09 11.60 12.54 12.30 11.39 11.89 13.62 13.36 12.84 15.39 15.33 15.51 15.76 18.67 19.76 20.86 23.38 24.58 25.24 26.33 26.70 24.86 25.66 26.17 25.64 24.11 21.45 20.21 18.73 19.02 17.57 16.90 17.60 17.68 19.22 20.73 21.02 21.29 21.53 20.86 21.95 22.03 22.02 21.19 22.87 21.67 21.03 20.08 21.12 20.07 18.95 20.08 20.18 19.07 18.08 17.09 17.20 16.38 17.76 17.84 19.68 20.20 23.20 23.39 26.33 26.25 29.08 30.12 
26.19 24.38 21.02 21.53 20.07 19.01 17.43 17.66 15.76 14.74 14.45 14.22 13.15 14.34 13.93 13.55 11.81 13.09 11.46 11.41 11.22 13.47 12.37 12.94 15.96 17.25 14.98 14.36 12.71 13.28 11.28 9.49 10.12 8.52 6.44 6.68 6.01 0.00 5.02 7.47 7.75 9.29 9.99 10.17 11.38 10.01 11.20 12.32 13.29 12.49 13.30 15.61 15.71 15.55 16.66 18.64 19.90 20.70 23.56 24.34 25.01 25.98 26.30 25.15 25.27 25.93 25.31 23.80 20.96 19.85 18.16 18.15 16.41 15.81 16.20 16.03 17.59 19.04 19.42 19.81 19.89 19.00 20.32 20.32 20.63 19.16 21.02 20.25 19.62 18.38 19.20 18.16 17.26 18.52 18.16 16.87 16.71 15.69 15.70 14.95 16.61 17.17 18.73 19.84 22.72 23.95 24.06 26.83 28.06 30.17 
25.42 24.41 21.20 21.03 18.75 18.38 17.15 16.98 14.97 13.36 13.31 11.75 11.53 12.35 12.49 10.77 10.47 11.67 10.56 9.50 10.54 13.11 11.76 13.19 15.74 18.04 15.47 15.16 13.36 15.58 13.27 11.06 11.69 10.71 7.55 6.92 7.09 5.02 0.00 5.69 6.31 7.49 7.91 9.28 9.63 9.21 9.96 12.54 12.84 12.67 13.37 16.08 15.09 15.52 16.91 18.55 19.31 21.37 24.09 24.19 25.00 26.64 27.35 25.42 26.06 27.02 26.48 24.63 21.46 20.29 18.43 18.43 16.99 16.18 16.66 16.21 17.30 18.79 18.87 19.08 19.05 17.90 18.72 19.09 19.39 17.74 19.20 18.72 18.34 16.92 17.81 16.91 16.46 17.62 17.71 16.37 16.14 15.01 15.65 14.89 16.68 17.02 18.66 19.33 22.74 23.83 25.34 25.90 28.53 30.04 
26.26 24.92 22.17 21.64 20.36 19.69 18.48 18.20 15.74 13.82 13.11 12.27 12.39 13.23 13.26 12.70 12.32 13.93 12.00 11.84 12.75 15.30 14.58 15.36 18.04 19.80 18.43 17.96 15.29 17.62 16.29 13.77 13.89 13.32 11.21 8.92 8.46 7.47 5.69 0.00 5.38 6.94 7.48 8.27 9.75 9.77 10.35 11.87 13.15 13.14 13.89 16.40 15.79 16.15 17.83 19.25 19.95 21.98 24.93 25.32 26.00 28.52 28.05 26.49 26.51 28.12 27.03 25.66 22.27 21.39 19.20 19.56 17.92 16.98 17.17 16.85 18.30 19.32 18.92 19.12 19.01 17.98 18.80 19.08 19.40 17.99 19.51 18.84 18.20 17.50 18.56 17.95 17.21 18.41 18.53 17.08 16.61 15.31 15.87 15.65 16.73 17.42 19.25 20.22 22.92 25.15 24.95 27.82 28.77 31.27 
26.96 25.29 21.59 22.25 21.48 20.93 18.96 19.22 17.02 14.37 14.16 13.33 12.70 13.72 13.99 13.16 13.62 13.76 11.80 12.51 14.37 16.41 15.93 17.03 20.28 22.26 21.13 20.37 18.13 19.53 18.05 16.11 16.00 14.77 12.92 11.40 10.59 7.75 6.31 5.38 0.81 5.89 7.13 7.17 8.91 9.79 11.20 12.01 13.86 14.37 14.84 17.22 17.64 17.77 19.45 21.00 21.89 23.27 26.41 26.80 28.08 29.21 29.62 28.16 28.37 29.20 28.30 26.94 23.82 22.69 20.45 20.47 19.18 18.41 18.04 17.75 19.88 20.88 20.33 20.27 20.52 19.25 20.15 20.48 20.78 19.39 21.34 20.25 19.84 18.85 20.12 19.00 18.29 19.60 19.89 18.77 18.04 17.29 18.19 17.31 18.15 18.72 20.96 21.34 23.92 25.95 27.65 27.76 30.21 32.56 
25.67 24.23 20.83 21.31 20.18 19.17 17.58 17.18 14.93 13.42 13.82 11.32 10.84 13.13 14.02 14.18 12.59 14.59 13.02 13.66 14.02 16.92 16.50 17.00 20.31 22.13 21.06 19.93 18.17 20.15 18.24 16.01 16.58 16.18 13.81 11.94 11.78 9.29 7.49 6.94 5.89 0.00 5.59 6.99 6.72 6.68 9.28 11.55 12.41 12.59 13.68 15.91 16.50 16.88 18.61 19.79 20.82 22.18 25.18 26.07 26.93 28.05 28.56 27.24 27.48 28.12 27.38 26.12 23.09 21.78 19.84 19.94 18.62 16.95 16.76 16.90 19.01 20.03 19.37 19.62 19.72 18.42 18.87 19.20 19.77 17.98 19.50 19.09 18.85 17.82 18.24 17.02 16.72 18.34 18.18 17.01 16.30 16.02 16.92 15.69 16.50 17.35 19.71 20.22 22.71 24.88 24.90 27.81 28.26 30.82 
23.70 22.44 19.29 19.03 17.69 17.33 16.02 15.11 13.19 12.03 11.77 9.36 10.02 11.90 12.44 9.98 10.28 12.60 11.45 10.37 11.56 14.86 14.12 15.05 18.31 21.02 19.29 19.09 17.15 18.81 17.49 15.32 15.34 15.66 13.02 11.52 11.09 9.99 7.91 7.48 7.13 5.59 0.00 5.27 7.15 5.95 7.57 9.72 10.72 10.57 12.23 14.17 13.88 14.16 16.35 17.74 18.30 19.98 23.79 23.90 24.54 25.97 27.45 25.66 25.73 26.64 26.18 24.51 21.29 20.15 18.71 18.54 16.64 14.93 15.22 15.31 16.93 17.93 17.41 17.47 17.53 15.96 16.32 16.96 17.79 15.87 17.46 17.29 17.13 15.53 16.22 14.93 14.55 15.48 15.92 14.33 13.90 13.00 14.09 12.80 14.30 15.06 17.17 17.41 20.29 22.36 23.39 24.77 26.47 29.51 
23.60 22.09 19.03 18.56 17.13 16.74 15.70 14.83 12.91 12.03 11.84 10.62 10.80 12.90 12.76 11.56 11.03 13.37 11.55 11.37 12.06 14.68 14.21 14.82 18.22 19.72 18.54 18.43 15.88 18.67 17.14 15.18 14.47 15.41 13.76 12.10 11.60 10.17 9.28 8.27 7.17 6.99 5.27 0.00 5.69 6.65 6.52 7.34 9.35 10.03 10.63 12.23 13.19 13.36 15.08 16.86 17.68 19.09 22.36 23.26 23.72 25.57 26.50 24.57 24.34 25.55 24.87 23.28 20.16 19.53 17.42 16.98 15.51 14.51 14.70 14.59 16.53 17.94 17.21 17.08 17.22 15.90 16.53 17.00 18.02 16.43 18.55 18.04 17.70 16.12 17.03 15.56 15.15 16.07 16.06 14.49 14.13 12.79 13.56 12.57 13.59 14.39 16.57 16.63 19.91 22.55 22.38 24.31 26.01 29.39 
22.99 21.90 18.39 18.77 17.85 18.26 15.52 15.58 13.41 12.61 13.59 12.70 12.63 14.30 14.82 12.94 12.64 13.46 12.95 12.32 13.16 14.74 15.47 16.05 18.10 20.02 19.31 19.69 17.48 19.18 18.27 16.48 16.59 16.63 14.67 13.72 12.54 11.38 9.63 9.75 8.91 6.72 7.15 5.69 0.41 5.58 7.18 6.70 7.80 9.70 11.25 12.16 12.78 14.46 15.87 16.80 18.05 19.97 22.84 22.99 24.22 25.76 27.19 25.06 24.95 25.91 25.28 23.32 20.51 19.77 17.69 16.95 15.93 15.15 14.39 14.73 17.32 18.67 17.59 17.64 18.18 17.05 17.84 18.95 19.78 18.80 20.91 20.00 19.26 18.24 18.91 17.37 16.65 17.83 17.87 16.06 14.87 14.45 15.00 13.72 14.67 15.41 17.38 17.30 19.73 21.85 23.17 24.38 26.33 29.59 
21.22 20.21 17.18 17.42 15.36 14.63 12.68 12.60 11.30 9.41 12.03 11.54 11.40 13.49 13.71 13.57 11.24 13.80 12.46 12.06 11.63 14.36 13.96 13.79 16.14 18.34 17.94 17.89 15.57 18.19 16.61 14.74 15.01 15.08 13.44 11.66 12.30 10.01 9.21 9.77 9.79 6.68 5.95 6.65 5.58 0.00 5.08 7.01 6.53 6.61 9.27 11.14 10.93 11.60 13.97 14.22 15.37 17.23 20.40 20.21 21.32 23.45 24.65 22.17 22.25 23.18 23.09 21.34 18.12 17.33 15.45 15.38 14.47 12.40 13.04 13.50 16.64 17.92 17.08 17.15 17.38 16.16 17.21 18.07 18.73 17.65 19.91 19.19 18.70 17.67 18.46 16.67 15.58 16.72 16.88 14.40 13.33 11.71 13.10 10.74 12.48 12.77 15.45 14.96 18.36 19.84 20.63 22.53 23.79 27.04 
19.11 17.72 15.46 14.72 13.69 13.21 11.82 12.04 11.68 10.30 11.96 10.87 12.02 12.95 13.42 10.49 9.61 11.56 11.03 8.89 9.11 12.25 11.58 11.59 14.48 16.78 15.86 16.85 15.06 17.18 15.75 13.59 12.33 14.18 11.75 10.95 11.39 11.20 9.96 10.35 11.20 9.28 7.57 6.52 7.18 5.08 0.38 5.43 7.19 6.23 6.87 9.67 10.26 10.12 11.52 14.32 14.49 15.83 18.86 19.82 20.38 21.93 23.14 20.81 20.69 21.64 21.53 19.75 16.57 15.17 13.69 14.27 12.22 10.67 11.80 13.03 15.45 16.66 15.92 16.21 16.53 15.47 16.37 17.10 18.06 16.76 19.04 18.70 18.39 16.91 17.90 16.16 15.41 15.57 15.72 13.98 12.80 11.66 11.35 9.39 11.35 12.36 13.57 12.95 15.93 18.06 19.56 20.80 22.04 25.40 
18.91 17.28 15.05 14.61 13.26 13.01 12.53 12.46 12.83 12.96 14.02 14.31 15.00 15.61 15.52 14.74 13.39 14.65 13.46 12.44 12.31 13.82 13.40 13.55 15.44 17.39 16.51 17.15 14.79 17.39 16.17 13.24 11.60 13.74 13.37 11.27 11.89 12.32 12.54 11.87 12.01 11.55 9.72 7.34 6.70 7.01 5.43 0.00 5.88 7.32 5.89 6.73 9.39 10.52 10.80 12.77 14.54 15.48 18.11 19.00 19.61 21.83 22.83 20.42 20.36 21.80 21.54 19.34 16.63 16.37 14.50 14.68 13.04 12.44 14.18 15.33 17.93 19.34 18.35 18.49 18.50 17.50 18.19 18.98 19.98 19.12 21.25 20.92 20.39 18.93 19.97 18.71 17.52 17.69 17.61 16.41 15.40 13.01 12.80 11.65 12.25 12.51 14.54 14.40 17.42 19.21 19.89 20.85 23.02 25.39 
17.92 17.02 14.12 13.50 11.75 13.04 10.56 11.95 13.16 13.14 14.51 15.65 15.94 15.82 16.34 15.57 15.09 14.51 14.06 13.19 12.94 13.75 13.69 13.53 14.50 16.18 16.61 17.15 14.93 16.63 15.98 14.12 13.37 14.40 13.38 12.14 13.62 13.29 12.84 13.15 13.86 12.41 10.72 9.35 7.80 6.53 7.19 5.88 0.58 5.56 7.29 6.78 6.16 9.47 10.84 10.70 10.96 14.79 16.31 16.43 17.66 20.87 21.75 19.36 19.14 21.09 20.27 18.39 16.02 15.48 13.90 14.07 13.27 13.31 14.62 15.60 18.52 19.53 18.16 18.47 19.13 17.49 18.01 19.18 20.85 19.83 22.41 21.64 20.99 20.08 21.41 19.67 17.82 18.18 18.05 16.60 15.43 13.47 12.99 10.58 11.39 12.30 13.72 12.59 16.30 18.14 19.60 20.21 22.52 24.85 
16.14 14.51 11.28 11.20 9.54 8.50 6.72 9.45 11.92 10.78 13.14 14.63 15.42 15.09 16.25 15.42 14.16 14.17 13.21 11.93 12.23 12.95 11.89 10.74 12.77 14.47 14.19 15.16 12.35 15.65 14.12 12.18 11.58 13.01 11.71 10.57 13.36 12.49 12.67 13.14 14.37 12.59 10.57 10.03 9.70 6.61 6.23 7.32 5.56 0.00 5.30 7.78 5.81 6.07 9.26 10.31 9.78 12.29 15.13 14.72 15.58 18.02 19.38 16.94 17.32 18.38 18.18 16.48 13.63 13.31 11.75 12.73 12.36 12.07 14.32 15.22 17.63 19.00 17.96 18.60 18.79 17.03 18.00 19.26 19.93 19.17 21.43 21.17 20.69 19.81 20.74 19.19 17.12 17.88 16.98 15.48 13.83 12.56 11.33 8.58 10.39 9.89 11.89 11.10 14.81 17.01 17.98 18.65 20.39 22.81 
15.97 14.37 11.56 11.72 10.25 10.81 10.23 12.23 13.45 13.97 16.19 16.71 16.82 17.62 18.18 16.65 15.32 16.09 13.87 12.08 12.24 13.66 10.59 9.30 11.98 14.17 12.45 12.69 10.33 13.87 12.82 9.63 9.24 12.33 10.98 10.08 12.84 13.30 13.37 13.89 14.84 13.68 12.23 10.63 11.25 9.27 6.87 5.89 7.29 5.30 0.00 5.89 7.10 5.89 5.83 9.26 10.06 10.55 12.48 14.64 15.01 16.57 17.46 15.65 15.82 16.40 15.77 14.34 12.21 12.15 10.74 12.52 12.35 12.67 14.09 15.44 18.06 19.72 18.75 19.33 19.20 18.20 19.15 19.87 20.85 19.77 21.99 21.59 21.73 20.23 21.01 18.87 17.65 17.91 17.69 16.08 14.70 12.68 11.88 10.42 10.51 10.17 11.47 11.03 13.83 15.99 17.76 18.40 19.30 21.59 
16.56 14.83 12.14 12.47 10.91 12.94 13.44 15.47 16.72 17.95 19.73 19.51 19.76 20.08 21.44 19.61 18.62 18.05 17.73 15.68 15.30 14.95 13.68 12.63 14.19 14.08 13.75 14.41 11.64 14.72 13.32 10.81 10.22 13.80 13.67 12.58 15.39 15.61 16.08 16.40 17.22 15.91 14.17 12.23 12.16 11.14 9.67 6.73 6.78 7.78 5.89 0.52 6.24 8.00 6.36 7.55 9.37 11.39 11.75 13.80 15.02 17.57 18.14 16.12 16.12 17.63 17.06 15.64 13.44 14.13 13.10 14.62 14.12 15.51 17.21 18.17 20.74 22.37 21.66 21.96 22.33 21.09 22.11 22.00 23.01 22.47 24.59 23.92 24.01 22.45 23.08 21.50 19.26 20.17 19.45 18.40 16.94 14.84 13.61 12.41 12.73 11.60 12.85 13.30 15.54 17.49 18.40 19.13 20.84 22.19 
14.69 14.05 11.57 11.27 9.36 12.17 12.28 14.61 15.76 16.32 17.83 18.54 18.97 18.73 20.24 18.72 17.50 17.01 17.05 15.31 14.37 14.44 13.45 12.52 12.66 13.48 12.51 13.44 10.95 13.50 12.69 10.83 11.53 13.61 12.88 12.16 15.33 15.71 15.09 15.79 17.64 16.50 13.88 13.19 12.78 10.93 10.26 9.39 6.16 5.81 7.10 6.24 0.00 5.48 6.97 5.75 5.44 9.29 10.41 10.51 11.66 15.77 16.47 14.36 14.51 16.43 16.10 14.93 12.39 13.02 12.54 14.32 14.23 15.02 16.75 18.04 20.77 21.93 20.51 21.58 22.35 20.74 20.55 20.80 22.13 21.56 23.87 22.64 22.68 21.61 22.73 20.95 18.63 18.87 18.09 17.24 15.66 13.76 12.84 11.01 11.48 11.06 11.85 10.21 13.46 15.91 16.90 17.96 20.08 21.65 
14.76 13.58 11.27 11.47 9.18 12.29 11.72 14.75 15.95 16.49 18.33 19.06 19.32 19.30 20.74 19.05 18.06 17.93 17.20 14.74 14.70 14.82 12.96 11.00 12.03 12.66 11.09 11.32 8.09 12.48 11.37 9.94 10.41 13.51 12.76 11.56 15.51 15.55 15.52 16.15 17.77 16.88 14.16 13.36 14.46 11.60 10.12 10.52 9.47 6.07 5.89 8.00 5.48 0.00 5.65 7.36 6.25 6.93 9.70 10.52 11.46 13.91 14.54 13.05 13.82 13.97 14.33 13.44 10.84 11.93 11.38 13.53 14.07 14.69 16.72 17.73 20.99 21.71 20.67 21.42 22.66 20.56 21.29 21.12 22.10 21.52 23.68 22.89 23.26 22.14 22.97 21.14 18.45 19.33 18.23 17.26 15.43 13.47 12.15 10.06 10.46 9.90 10.70 8.63 12.42 14.73 15.76 16.35 18.61 20.02 
15.39 14.69 12.43 13.41 12.09 14.56 14.59 17.62 18.72 19.25 21.22 21.17 22.15 22.13 23.35 21.01 20.52 19.98 19.06 16.51 16.54 16.53 14.09 11.78 12.43 13.44 11.95 10.42 6.84 11.77 12.16 9.12 9.17 13.67 13.71 12.73 15.76 16.66 16.91 17.83 19.45 18.61 16.35 15.08 15.87 13.97 11.52 10.80 10.84 9.26 5.83 6.36 6.97 5.65 0.00 5.63 7.25 6.54 7.84 9.90 10.79 12.26 13.13 11.95 12.55 12.70 13.36 13.57 11.74 13.17 12.69 14.88 15.54 16.78 18.36 19.64 22.10 23.15 22.43 23.08 23.69 22.51 22.92 23.06 23.80 23.06 25.29 24.55 25.04 23.99 24.63 22.64 20.59 21.21 20.45 19.33 17.66 15.37 14.12 12.89 12.75 11.45 12.41 11.31 13.06 15.36 16.60 17.37 18.53 19.92 
16.46 15.33 13.04 14.06 12.93 16.13 16.54 19.08 20.19 20.99 22.49 22.59 22.91 22.89 24.07 22.18 21.04 20.51 20.18 18.34 17.37 16.60 15.54 14.69 14.56 14.66 13.41 13.57 10.66 13.84 13.47 12.00 12.79 15.90 15.46 14.99 18.67 18.64 18.55 19.25 21.00 19.79 17.74 16.86 16.80 14.22 14.32 12.77 10.70 10.31 9.26 7.55 5.75 7.36 5.63 0.00 5.57 7.48 7.03 7.50 8.84 11.84 13.03 11.72 12.77 13.82 14.12 13.95 13.06 14.57 14.49 16.68 16.84 17.81 19.35 20.39 23.30 24.47 23.77 24.17 24.57 23.24 23.87 23.41 24.85 23.86 25.57 24.69 25.43 24.16 25.04 23.13 20.72 21.66 21.01 19.72 17.87 16.14 14.44 13.22 12.81 11.78 13.21 13.23 14.46 15.91 17.56 18.07 19.45 19.44 
16.44 15.73 13.47 14.69 13.40 16.69 17.51 19.61 20.90 21.60 22.68 22.71 23.47 23.16 24.72 22.63 21.72 21.29 21.37 18.81 17.71 17.91 16.52 15.03 14.82 15.12 13.74 14.22 11.95 14.63 13.59 12.59 14.56 16.86 15.86 15.70 19.76 19.90 19.31 19.95 21.89 20.82 18.30 17.68 18.05 15.37 14.49 14.54 10.96 9.78 10.06 9.37 5.44 6.25 7.25 5.57 0.00 6.01 7.42 7.28 8.28 11.45 12.32 11.01 11.78 14.15 13.57 13.94 12.57 14.56 14.45 16.75 17.67 18.85 20.20 21.48 24.81 25.80 24.52 24.91 25.77 24.49 23.82 23.62 24.86 23.88 25.33 24.33 24.95 24.17 25.27 23.76 21.51 21.95 21.97 20.63 19.15 17.10 15.14 13.84 13.02 12.38 12.61 12.32 14.33 16.26 16.74 17.87 18.95 19.34 
16.70 15.41 13.16 14.53 14.08 16.96 17.75 20.17 21.73 22.06 23.55 23.64 24.27 24.91 26.14 24.13 23.21 23.47 22.55 20.13 19.26 19.43 17.60 15.92 16.55 16.43 14.40 15.00 12.04 15.31 14.78 13.33 14.92 17.66 17.60 17.16 20.86 20.70 21.37 21.98 23.27 22.18 19.98 19.09 19.97 17.23 15.83 15.48 14.79 12.29 10.55 11.39 9.29 6.93 6.54 7.48 6.01 0.00 5.88 7.01 7.07 8.36 9.78 8.85 10.33 11.06 12.39 12.58 11.44 13.79 14.44 16.84 17.65 19.01 21.34 22.54 25.89 26.70 26.09 26.85 26.89 24.99 25.58 25.18 25.83 24.26 26.89 26.22 26.84 25.73 27.14 25.52 23.35 24.29 23.98 23.11 20.72 18.53 17.40 15.09 14.19 12.43 13.49 12.82 14.93 16.89 17.61 17.78 19.32 18.61 
18.17 17.51 15.85 17.59 17.18 19.66 20.87 23.29 24.54 25.13 26.52 26.30 27.05 27.68 29.15 27.11 26.24 26.25 25.05 22.85 22.08 22.02 19.58 18.72 19.20 19.39 17.26 18.01 14.84 18.17 17.70 16.41 17.38 20.49 20.44 20.42 23.38 23.56 24.09 24.93 26.41 25.18 23.79 22.36 22.84 20.40 18.86 18.11 16.31 15.13 12.48 11.75 10.41 9.70 7.84 7.03 7.42 5.88 1.47 6.41 7.10 7.82 9.55 9.28 10.16 11.55 12.98 14.46 13.60 16.20 17.03 19.74 20.00 21.82 24.27 25.65 27.82 29.23 29.19 29.84 29.40 28.36 28.48 29.02 28.80 28.19 29.73 29.68 29.70 29.27 29.97 28.57 26.85 27.85 27.69 26.51 24.61 22.46 20.19 18.77 17.40 15.44 15.25 14.84 16.42 18.15 18.81 19.21 19.10 19.75 
18.60 17.40 16.11 17.84 17.71 20.18 21.82 23.96 25.08 25.47 26.85 26.63 26.86 28.29 29.31 27.36 26.11 26.52 25.33 23.32 22.03 22.10 20.11 19.26 19.80 19.66 17.89 18.27 16.47 19.29 18.01 16.68 18.93 20.86 20.38 20.57 24.58 24.34 24.19 25.32 26.80 26.07 23.90 23.26 22.99 20.21 19.82 19.00 16.43 14.72 14.64 13.80 10.51 10.52 9.90 7.50 7.28 7.01 6.41 0.00 5.33 7.13 8.31 8.25 10.37 11.76 13.29 14.05 14.91 16.26 17.68 20.25 20.63 21.49 24.31 25.15 27.85 29.30 29.55 30.24 29.99 28.35 28.69 28.85 29.69 28.18 29.69 29.65 30.21 29.12 29.56 28.32 26.77 28.20 27.34 26.14 24.75 22.75 20.57 18.07 17.16 14.44 14.71 14.76 16.15 17.87 18.21 18.69 19.68 18.24 
18.61 17.67 16.11 18.23 18.07 20.79 22.35 24.70 25.64 25.89 27.48 27.00 27.75 28.53 30.00 27.98 26.53 26.80 26.24 23.28 21.74 22.33 20.71 18.73 18.84 19.75 17.71 17.79 16.38 18.85 17.56 16.44 19.39 21.16 20.78 21.56 25.24 25.01 25.00 26.00 28.08 26.93 24.54 23.72 24.22 21.32 20.38 19.61 17.66 15.58 15.01 15.02 11.66 11.46 10.79 8.84 8.28 7.07 7.10 5.33 0.49 5.54 7.17 7.23 9.53 11.66 13.09 14.12 14.40 16.41 17.46 20.34 21.09 22.58 24.78 26.11 29.08 30.35 30.15 30.74 31.12 29.69 29.42 30.31 30.85 29.59 30.75 30.65 30.64 29.86 30.54 30.14 28.40 29.56 28.73 27.71 26.84 24.84 21.72 18.80 17.32 15.78 14.38 13.47 14.81 17.46 17.56 16.98 17.82 19.14 
