0.00 5.37 5.68 8.36 11.71 12.38 14.65 16.58 18.50 18.54 20.55 22.09 22.56 22.70 23.57 24.30 23.46 24.25 25.48 26.15 25.30 26.70 29.45 29.53 27.98 29.44 29.41 27.89 25.29 25.58 24.38 24.04 23.15 23.32 22.62 22.32 21.78 21.05 20.96 20.08 20.53 21.04 21.48 21.52 22.95 24.60 24.95 24.25 25.16 25.85 25.56 25.71 26.54 26.58 26.32 27.24 28.77 28.46 29.03 30.04 31.13 31.31 32.12 32.59 33.55 33.91 34.83 35.30 34.60 33.95 35.19 36.35 36.61 36.74 36.65 36.30 35.41 34.95 33.50 32.52 30.74 30.51 29.57 29.69 29.49 29.95 29.87 30.29 30.35 30.01 29.54 28.59 28.69 28.68 29.50 29.63 31.76 31.60 32.96 34.09 36.71 36.04 36.03 36.51 36.89 37.23 36.56 35.07 35.31 36.66 35.99 34.56 35.11 36.40 36.56 36.02 35.81 35.74 36.73 37.41 38.04 36.48 36.23 37.07 37.13 35.06 35.38 35.73 36.20 34.33 33.41 33.16 33.56 32.20 31.76 31.61 32.30 32.21 32.58 32.44 32.34 32.17 33.07 33.27 31.98 30.50 31.13 31.04 29.82 29.81 30.56 30.10 28.68 28.39 28.60 28.46 28.85 27.94 28.22 29.20 30.22 29.36 29.59 30.75 30.55 29.48 30.78 30.30 29.68 28.72 30.33 29.49 30.21 30.14 32.25 31.93 31.40 31.77 32.16 30.08 27.96 27.23 27.96 25.72 26.02 25.54 26.74 25.43 29.81 
5.37 0.00 4.65 5.97 9.20 11.12 11.93 15.73 16.33 17.38 16.96 19.74 20.52 20.36 21.99 22.83 22.06 22.03 24.04 24.74 23.94 25.11 28.55 28.52 26.71 28.51 28.64 26.83 23.90 24.32 22.93 22.06 20.81 21.48 20.85 20.40 19.39 18.40 18.57 17.32 18.09 18.81 19.58 18.97 20.80 22.63 23.67 22.04 23.45 23.97 24.24 23.52 24.85 24.37 24.82 24.92 26.87 25.62 27.33 27.99 29.23 29.13 30.16 30.29 31.49 31.54 33.12 33.67 33.24 32.25 33.64 34.67 35.47 35.01 34.90 34.69 33.98 33.26 31.16 30.32 28.62 27.99 26.74 27.27 27.09 27.88 27.52 28.36 28.95 27.85 27.70 26.48 27.52 26.47 28.03 27.67 30.76 29.88 31.99 32.83 35.73 35.05 35.12 35.64 36.14 36.30 36.16 34.28 34.70 35.93 35.39 33.47 34.47 35.31 35.87 34.99 34.97 34.68 36.02 36.71 37.73 35.73 35.73 36.73 36.96 34.37 34.75 35.07 36.07 33.48 32.55 32.14 33.07 31.22 30.66 30.33 31.50 31.03 31.58 31.28 31.47 31.05 32.08 32.14 31.25 29.00 30.12 29.85 28.84 28.43 29.54 28.78 27.71 26.84 27.12 26.95 28.25 26.67 26.92 27.89 29.76 28.15 28.67 29.87 30.08 28.20 30.10 29.19 29.28 27.37 29.32 28.18 29.29 28.69 30.98 30.51 30.63 30.04 30.55 28.22 26.85 24.46 25.27 22.92 22.82 23.09 23.66 23.56 27.88 
5.68 4.65 0.00 1.62 6.07 8.45 10.50 12.18 13.88 14.20 15.91 17.14 18.85 18.19 20.34 21.14 19.45 19.64 21.47 22.36 21.43 22.95 26.76 27.02 25.29 27.23 27.04 25.25 21.78 22.00 20.20 19.35 18.05 18.93 18.92 18.07 17.33 16.37 16.96 15.59 16.26 16.37 17.58 16.95 18.14 20.19 21.22 19.65 20.42 21.68 22.32 21.72 22.62 22.53 23.12 23.56 24.73 23.31 24.99 26.16 27.11 26.54 27.50 27.80 29.33 29.45 30.95 31.73 31.63 30.18 31.54 32.85 33.73 33.37 32.62 32.66 31.98 31.02 28.34 27.49 25.34 24.93 23.77 24.40 24.27 25.13 25.27 26.13 26.98 26.06 25.72 24.42 25.60 24.04 25.63 25.28 28.73 27.86 30.22 31.32 34.75 33.61 34.20 34.81 35.04 35.71 35.51 33.81 34.22 35.46 34.72 32.76 33.51 34.78 34.97 34.47 34.57 34.37 35.51 36.37 37.20 35.67 35.38 36.76 36.76 34.09 34.62 35.08 35.70 33.28 32.40 32.12 32.62 30.60 29.89 29.58 30.50 30.06 30.53 30.15 30.69 30.09 30.96 30.95 30.17 27.93 28.76 28.52 27.64 27.29 27.99 27.47 26.44 25.85 25.67 25.70 27.32 25.88 25.85 27.10 28.93 27.32 27.84 29.19 29.20 27.14 28.59 27.81 27.87 25.74 27.64 26.10 27.60 26.71 28.89 28.46 29.09 28.82 28.85 26.81 25.77 24.05 23.96 22.19 21.67 21.42 22.68 22.31 26.31 
8.36 5.97 1.62 0.00 3.66 6.44 8.24 11.52 11.94 12.92 14.30 16.01 15.21 15.38 16.94 18.71 17.90 17.91 19.90 21.21 20.04 22.10 24.98 25.89 23.95 26.38 25.37 24.34 20.35 20.92 17.98 17.65 15.68 16.78 15.81 15.90 15.02 14.45 14.38 13.69 14.52 14.57 15.40 16.00 16.61 18.81 19.69 18.64 19.21 20.56 20.52 20.13 21.10 21.37 21.34 22.08 23.59 22.45 23.49 24.57 26.01 25.72 26.17 26.66 28.23 28.69 29.57 30.69 30.72 29.77 30.77 31.79 32.62 32.29 31.28 31.43 30.87 30.03 27.10 26.69 24.51 24.35 22.27 22.98 22.64 23.89 23.77 25.21 25.87 25.64 24.58 23.68 24.89 23.78 24.95 24.95 28.44 27.84 30.02 30.81 34.29 33.28 33.80 34.21 34.72 35.20 35.16 33.63 33.93 35.30 34.49 32.58 33.26 34.63 34.66 33.88 34.06 33.83 35.01 35.74 36.91 34.98 34.75 35.75 35.99 33.21 33.84 34.11 34.89 32.36 31.52 31.03 31.66 29.75 29.16 28.84 30.29 29.47 29.69 29.43 30.26 29.54 30.17 30.24 29.80 27.42 28.02 27.90 27.35 26.90 27.55 27.16 26.36 25.67 25.13 25.43 26.90 25.41 25.15 26.69 28.71 26.87 26.71 28.38 28.57 26.14 27.38 26.98 27.41 25.14 26.36 25.29 27.02 26.15 28.12 28.16 28.81 28.23 28.07 26.65 25.82 23.27 23.60 21.26 21.16 21.01 23.74 22.31 30.81 
11.71 9.20 6.07 3.66 0.00 4.98 7.43 9.93 11.17 11.70 13.37 14.28 15.54 14.25 15.15 16.60 15.74 16.33 18.55 19.29 18.04 19.56 23.12 23.40 21.43 23.98 23.70 21.96 18.76 19.39 17.27 17.05 15.55 16.39 15.43 15.31 14.85 13.87 14.11 13.08 14.24 14.21 14.53 14.37 15.02 16.77 17.55 16.16 17.22 18.45 17.85 17.53 18.89 19.14 19.19 20.42 22.25 21.62 22.20 23.42 24.95 24.95 25.70 26.32 27.41 28.19 29.11 30.58 30.47 29.50 30.34 32.03 31.80 32.22 31.16 31.34 31.00 30.44 27.54 26.80 24.95 24.60 22.69 23.30 22.45 23.59 23.06 24.68 25.19 25.02 23.69 22.82 23.35 22.90 23.56 23.68 26.97 26.29 27.72 28.92 32.47 31.20 31.13 31.83 32.75 33.33 32.84 30.80 31.46 33.29 32.18 30.09 31.01 32.60 32.25 31.73 31.92 31.68 32.55 33.76 34.67 32.78 32.05 33.91 34.22 31.52 31.71 32.52 32.91 30.66 29.30 29.32 30.05 28.47 27.54 27.42 28.10 28.05 28.04 28.00 28.27 27.92 28.94 29.16 28.01 25.78 26.55 26.44 25.22 25.22 25.94 25.43 24.13 23.55 23.62 23.66 24.74 23.40 23.57 25.14 26.48 24.72 24.60 26.57 26.24 24.41 25.82 25.61 25.16 23.59 25.20 24.28 25.59 25.42 27.21 27.16 26.56 26.93 26.23 24.55 23.28 22.83 23.39 21.16 22.81 21.24 21.83 21.81 23.61 
12.38 11.12 8.45 6.44 4.98 0.00 6.04 8.45 8.51 11.03 11.31 13.09 13.66 14.00 14.33 15.70 14.68 15.01 17.67 18.11 17.15 18.61 22.71 22.93 20.64 23.83 23.36 21.62 18.12 18.98 16.48 15.92 14.17 14.95 14.26 14.19 13.50 12.24 12.53 12.02 13.01 13.73 13.23 13.88 14.16 16.78 16.88 15.76 16.44 17.73 17.17 16.34 18.00 18.15 18.27 19.15 21.34 20.37 21.67 22.37 23.94 23.66 24.97 25.28 26.86 27.21 28.61 29.72 30.07 28.33 29.65 30.97 31.96 31.43 30.67 30.48 30.50 29.46 26.43 25.60 23.96 23.41 21.12 21.82 21.26 22.16 21.83 23.33 24.77 23.77 22.80 20.98 23.15 21.37 23.24 22.86 26.96 25.72 27.71 28.39 32.30 30.64 30.69 31.37 32.56 32.99 32.38 30.53 31.40 33.09 31.56 29.62 30.97 32.24 31.78 31.15 31.76 31.29 32.45 33.52 35.03 32.78 32.44 34.03 34.61 31.42 32.06 32.57 33.44 30.67 29.65 29.35 30.32 28.29 27.62 27.30 28.35 27.73 28.12 27.82 28.32 27.63 28.65 28.87 28.08 25.46 26.35 26.06 25.15 24.83 25.59 24.93 23.89 23.01 22.86 22.99 24.74 22.72 22.93 24.48 26.57 24.22 24.40 26.17 26.57 24.06 25.86 25.18 25.68 23.62 25.33 23.99 25.84 25.26 27.25 27.13 27.33 27.04 26.27 24.40 23.55 22.44 22.87 19.87 20.73 20.09 20.65 21.67 24.28 
14.65 11.93 10.50 8.24 7.43 6.04 0.00 6.80 8.59 9.52 11.57 12.22 13.53 13.07 14.89 15.33 13.93 14.39 16.66 17.49 16.25 18.06 22.17 22.43 19.83 23.33 23.09 21.45 17.83 18.57 16.24 15.74 13.52 15.15 14.37 14.60 14.01 13.19 13.74 12.61 13.51 13.27 13.58 13.17 14.04 15.41 15.77 14.15 15.45 16.57 15.73 15.00 16.85 17.10 16.72 17.81 20.24 19.11 20.09 21.25 22.81 22.36 23.47 23.94 25.59 26.04 27.22 28.78 28.80 27.54 28.32 30.17 30.51 30.69 29.25 29.57 29.41 28.83 25.33 24.51 22.54 21.91 19.75 20.24 18.92 20.46 19.99 21.54 22.70 22.13 20.51 19.33 20.97 19.64 21.53 21.19 25.46 24.42 26.50 27.42 31.23 29.74 29.74 30.53 32.04 32.27 31.73 29.64 31.06 32.14 30.95 28.66 30.24 31.23 30.90 30.23 30.93 30.55 31.77 32.78 34.23 32.31 31.77 33.66 34.05 31.08 31.67 32.28 33.11 30.44 29.37 29.23 30.11 27.95 27.30 27.08 27.98 27.58 27.68 27.62 28.17 27.51 28.50 28.70 28.07 25.49 26.22 26.08 25.06 24.92 25.70 25.09 24.12 23.32 22.99 23.02 24.87 22.93 22.91 24.53 26.35 24.20 24.06 26.10 26.06 23.87 25.35 24.95 25.34 23.41 25.12 23.78 25.57 25.04 26.53 26.76 27.04 26.99 25.68 24.03 23.33 22.69 22.15 20.82 21.24 19.61 19.62 20.55 23.08 
16.58 15.73 12.18 11.52 9.93 8.45 6.80 0.00 6.49 9.13 9.26 10.63 11.79 12.85 13.96 15.15 14.25 14.99 17.06 17.54 17.03 18.75 22.71 23.16 21.05 24.11 23.51 21.99 17.68 17.69 15.28 14.59 12.44 13.38 13.03 13.29 13.72 13.11 13.81 13.59 14.57 14.87 14.75 15.67 14.55 16.99 16.98 16.45 16.15 18.19 17.42 16.82 18.40 19.14 18.69 19.67 21.57 21.01 22.00 23.07 24.35 24.85 25.60 25.96 27.39 28.27 29.46 30.67 30.42 29.39 30.56 31.55 31.65 31.79 30.89 30.78 30.33 29.71 26.55 25.58 23.47 23.05 20.83 21.18 19.92 21.56 21.72 23.27 24.11 23.64 22.87 21.92 23.37 22.35 24.24 24.13 28.05 27.04 29.25 29.98 33.46 32.00 32.08 32.72 33.73 34.21 33.75 32.18 32.76 34.49 33.22 31.30 32.16 33.70 33.22 32.60 32.84 32.77 33.64 34.97 36.03 34.13 33.36 35.18 35.23 32.43 32.83 33.77 34.44 31.99 30.79 30.71 31.31 29.54 28.75 28.61 29.60 29.16 29.25 29.21 29.70 29.35 29.93 30.29 29.55 27.05 27.59 27.66 26.41 26.49 26.93 26.88 25.34 25.03 24.15 24.66 25.88 24.66 23.86 25.93 27.42 26.00 25.14 27.38 27.20 25.26 26.31 26.44 26.64 24.98 26.13 25.43 27.16 26.72 28.23 28.75 29.07 28.92 27.71 26.80 26.41 24.62 24.42 22.11 22.32 21.22 21.23 22.50 27.05 
18.50 16.33 13.88 11.94 11.17 8.51 8.59 6.49 0.00 6.40 7.79 8.41 10.15 11.66 12.51 13.46 12.55 13.34 15.56 16.12 15.21 17.13 20.84 21.15 18.81 22.77 21.59 20.59 16.78 17.52 14.29 14.82 12.78 14.61 14.12 14.98 15.77 15.16 15.24 14.15 14.59 14.87 14.48 13.94 12.70 14.91 15.54 13.60 13.06 15.88 15.72 15.42 16.35 18.01 17.87 18.58 20.10 20.03 21.37 22.23 23.66 24.28 25.25 25.13 26.14 27.22 28.56 30.21 29.78 29.04 29.67 30.92 30.10 30.29 29.52 29.75 29.48 28.94 25.63 24.74 22.47 21.84 19.83 20.85 19.84 21.16 20.72 22.97 23.78 23.08 22.28 22.10 23.33 22.48 23.87 23.83 27.60 26.76 28.92 29.57 33.23 31.60 31.32 31.92 32.74 33.40 32.97 31.13 31.94 33.78 32.57 30.53 31.50 32.97 32.48 32.01 32.35 32.08 32.88 33.77 34.79 32.65 31.95 33.66 33.80 30.99 31.63 32.16 32.71 30.30 29.52 29.32 30.12 28.50 27.94 27.45 28.13 27.92 28.23 27.94 28.57 28.10 29.32 29.36 28.50 25.94 26.64 26.55 25.44 25.21 25.73 25.38 24.27 23.51 23.13 23.35 24.85 23.07 22.87 24.64 26.04 24.28 23.82 26.10 25.93 24.08 25.76 25.50 25.70 23.96 25.39 24.44 26.39 25.94 27.49 27.66 28.18 28.11 26.92 25.31 25.28 23.84 23.77 22.07 23.41 21.66 22.21 23.23 25.15 
18.54 17.38 14.20 12.92 11.70 11.03 9.52 9.13 6.40 0.00 6.25 8.98 8.35 10.05 11.27 12.26 10.49 11.53 13.36 13.84 12.71 14.43 18.61 18.94 16.87 20.66 19.58 18.81 14.72 16.43 12.68 13.87 11.66 14.05 13.66 15.65 15.65 15.65 14.76 14.27 14.24 14.44 12.69 12.78 11.51 12.74 12.68 10.41 10.42 13.25 12.48 11.28 13.72 14.90 14.78 14.93 18.08 17.56 19.01 19.64 21.74 22.01 23.12 23.26 24.44 25.51 26.68 28.36 28.41 27.29 27.95 29.21 28.94 28.84 27.97 28.15 28.12 27.42 24.13 23.40 21.08 20.81 18.10 19.51 18.38 20.06 19.75 21.90 22.84 22.02 21.30 20.45 22.31 21.03 22.95 22.39 26.40 25.37 27.50 28.12 31.46 30.15 29.66 30.51 31.21 31.99 31.11 29.60 30.53 32.43 30.62 28.97 29.97 31.32 30.51 30.15 30.67 30.48 31.23 32.27 33.27 31.39 30.50 32.31 32.51 29.79 30.22 30.92 31.34 29.13 28.15 28.07 28.85 27.23 26.44 26.20 26.86 26.67 26.85 26.72 27.17 26.93 27.86 28.33 27.09 24.69 25.30 25.15 23.87 23.86 24.06 23.64 22.23 21.41 20.98 21.36 22.56 20.48 20.42 22.61 23.61 21.38 21.39 23.90 23.84 21.56 23.71 23.57 24.08 22.36 24.07 23.10 25.09 24.80 26.36 26.68 26.99 27.03 25.79 24.29 24.46 22.07 22.38 20.32 21.52 20.37 21.07 21.84 24.40 
20.55 16.96 15.91 14.30 13.37 11.31 11.57 9.26 7.79 6.25 0.00 6.50 8.81 7.73 10.46 11.74 10.41 11.29 13.34 13.62 12.23 14.76 18.27 19.46 16.88 21.17 20.03 19.43 14.90 16.23 12.70 13.89 11.45 14.37 14.51 16.23 16.52 16.56 16.34 14.98 14.99 14.88 14.38 12.72 12.46 13.24 12.57 10.10 10.98 12.66 11.81 10.66 13.63 15.00 14.11 14.67 17.62 17.54 18.25 19.73 21.35 21.70 22.59 22.81 23.94 24.97 26.09 27.78 27.77 26.70 27.26 28.81 28.60 28.74 27.69 27.77 27.81 27.27 23.95 23.13 20.97 20.25 17.75 18.58 17.33 19.21 19.53 21.47 22.52 22.27 21.46 20.29 22.04 20.82 23.28 22.82 26.54 25.87 27.82 28.13 31.43 29.73 29.35 29.96 31.02 31.72 30.75 29.09 30.18 31.88 30.46 28.63 29.66 30.94 30.19 29.78 30.21 29.95 30.84 31.97 33.16 31.11 30.23 32.18 32.57 29.71 30.29 31.06 31.73 29.26 28.30 28.22 29.18 27.35 26.65 26.55 27.24 27.06 27.23 26.90 27.54 27.10 28.27 28.51 27.49 24.90 25.63 25.43 24.14 24.08 24.66 24.29 22.79 21.98 21.61 21.76 22.96 20.98 20.95 22.73 24.04 22.11 21.80 23.93 23.96 22.05 23.90 23.66 23.95 22.50 24.31 23.51 25.18 24.75 26.54 26.79 27.25 27.14 26.54 24.83 24.40 22.89 22.96 20.93 22.38 20.89 21.97 22.59 25.00 
22.09 19.74 17.14 16.01 14.28 13.09 12.22 10.63 8.41 8.98 6.50 0.00 7.04 9.50 8.35 10.88 11.46 12.19 13.21 14.43 13.22 15.28 19.17 19.99 18.82 22.02 21.41 20.58 16.63 17.26 13.71 14.92 12.92 16.26 16.57 18.20 18.83 19.17 18.55 17.82 17.54 17.90 16.96 16.15 13.34 15.23 14.96 13.42 11.54 14.66 13.98 13.87 14.99 16.67 16.26 16.66 18.61 18.85 20.41 21.24 22.91 23.51 24.66 24.67 25.81 27.24 28.70 30.15 30.25 29.15 30.11 31.35 31.06 31.12 29.98 30.01 29.81 29.37 26.27 25.45 23.40 23.15 20.35 21.39 20.14 22.02 22.27 24.61 25.26 25.26 24.11 23.39 24.66 23.78 25.93 25.84 29.42 28.59 30.46 31.06 33.93 32.46 32.17 32.66 33.79 34.11 33.62 31.84 32.91 34.46 33.46 31.45 32.57 33.89 33.38 32.56 33.03 32.66 33.58 34.48 35.65 33.65 32.73 34.56 34.92 32.00 32.71 33.33 34.17 31.66 30.65 30.48 31.54 29.71 29.18 28.89 29.45 29.20 29.48 29.06 29.67 29.36 30.17 30.58 29.64 26.93 27.48 27.44 26.31 26.15 26.58 26.51 24.97 24.30 23.75 24.04 25.11 23.67 23.16 24.90 26.06 24.90 23.98 25.68 25.88 24.40 25.84 25.43 25.92 24.41 26.15 25.44 27.20 26.75 28.46 29.23 29.15 29.18 28.34 27.25 27.13 25.01 24.71 23.06 24.18 23.52 23.90 24.79 25.71 
22.56 20.52 18.85 15.21 15.54 13.66 13.53 11.79 10.15 8.35 8.81 7.04 0.00 6.17 8.16 8.72 8.91 10.48 12.31 12.32 12.23 13.14 16.50 17.54 15.98 20.29 18.53 19.02 15.28 16.69 12.50 14.75 13.70 16.81 16.91 18.63 19.06 18.58 18.40 16.82 16.58 16.19 15.43 13.39 10.29 12.51 13.26 9.79 6.70 10.90 11.87 10.51 10.15 13.81 14.15 13.72 15.30 16.79 18.39 18.49 20.56 21.66 22.91 23.14 24.53 26.03 27.57 29.27 29.11 28.39 29.31 30.89 30.63 30.44 29.24 29.17 28.93 28.20 25.35 24.70 22.65 22.09 19.81 20.85 20.14 21.42 21.67 23.78 24.88 24.34 23.27 22.57 23.84 22.93 24.79 24.79 28.41 27.44 29.08 29.84 33.00 31.27 31.07 31.84 32.81 33.45 32.49 30.73 31.48 33.35 32.20 30.50 31.65 33.24 32.38 31.67 32.04 31.84 32.57 33.46 34.53 32.63 31.60 33.44 33.50 30.84 31.52 32.24 32.96 30.62 29.47 29.38 30.38 28.72 28.22 27.78 28.40 28.15 28.32 27.83 28.35 28.10 29.14 29.26 28.39 25.83 26.24 26.26 24.93 24.67 25.03 24.90 23.79 22.76 22.38 22.58 23.57 21.79 21.54 23.56 24.43 22.81 22.27 24.58 24.22 22.79 24.61 24.12 24.47 23.25 24.90 24.18 25.88 25.57 27.08 27.26 27.88 27.86 26.85 25.73 25.45 24.15 23.95 22.23 23.43 22.85 23.03 24.39 24.45 
22.70 20.36 18.19 15.38 14.25 14.00 13.07 12.85 11.66 10.05 7.73 9.50 6.17 0.00 5.55 8.97 7.00 9.34 10.67 11.33 10.88 13.32 14.98 16.36 14.61 18.52 17.20 17.09 13.20 15.45 11.29 13.99 13.07 16.57 17.19 19.09 19.28 19.29 19.30 18.42 17.87 17.39 15.94 14.99 12.72 13.79 12.82 10.38 7.99 10.72 9.78 8.29 8.44 12.45 11.12 9.78 13.24 14.81 15.26 15.14 18.82 19.69 20.86 21.29 23.20 24.40 25.77 27.36 27.75 26.67 27.82 29.26 29.42 29.02 27.92 27.74 27.58 26.88 24.03 23.40 21.53 21.24 18.60 20.11 19.20 21.12 21.32 23.12 24.04 23.62 22.31 21.47 22.80 21.90 23.76 23.46 27.33 26.17 27.69 28.61 31.59 30.14 29.78 30.68 31.96 32.39 31.55 29.81 30.91 32.34 30.96 29.27 30.68 31.82 31.08 30.30 30.90 30.64 31.48 32.35 33.71 31.79 30.90 32.68 33.09 30.21 30.92 31.63 32.51 30.06 29.04 28.90 29.87 28.23 27.67 27.36 28.18 27.79 27.88 27.28 27.87 27.49 28.56 28.79 27.56 25.00 25.62 25.46 24.17 24.20 24.37 24.23 22.86 22.09 21.55 21.67 22.77 20.83 20.63 22.72 23.57 21.64 21.40 23.55 23.29 21.47 23.65 23.20 23.64 21.96 24.09 23.14 25.24 24.88 26.55 26.95 27.38 27.26 26.01 24.64 24.88 22.66 23.03 21.09 23.39 21.46 22.18 22.94 23.76 
23.57 21.99 20.34 16.94 15.15 14.33 14.89 13.96 12.51 11.27 10.46 8.35 8.16 5.55 0.00 6.92 8.24 7.69 9.63 10.95 10.38 12.06 14.66 15.15 13.71 17.63 16.95 16.68 12.29 14.24 11.24 13.43 12.09 16.21 17.64 19.86 20.11 20.46 21.26 19.79 19.34 19.12 18.17 16.34 14.83 15.19 14.67 12.08 11.65 11.74 10.64 9.82 11.08 12.48 11.67 11.81 14.57 14.87 15.32 16.15 18.76 19.67 21.04 21.70 23.08 24.57 26.14 27.85 27.88 27.20 28.17 29.81 29.95 29.58 28.48 28.43 28.18 27.59 24.53 24.03 22.19 21.77 19.02 20.55 19.76 21.50 21.95 23.88 24.36 24.16 22.83 22.34 23.45 22.64 24.30 24.33 27.91 26.65 28.01 28.78 31.83 30.18 30.22 30.98 32.31 32.86 32.06 30.47 31.38 32.89 31.98 30.30 31.49 32.60 32.09 31.49 31.93 31.54 32.44 33.65 35.00 33.04 32.08 34.23 34.78 31.96 32.53 33.46 34.32 31.79 30.72 30.65 31.66 29.79 29.18 28.85 29.64 29.30 29.34 28.83 29.16 28.66 29.79 29.76 28.73 26.02 26.61 26.62 25.20 25.04 25.66 25.43 24.09 23.40 22.90 23.15 24.03 22.33 21.99 23.60 24.88 23.17 22.73 24.51 24.73 22.69 24.52 23.98 24.59 23.05 24.92 24.44 25.92 25.52 27.13 27.39 27.82 27.84 26.86 25.83 25.17 24.01 23.59 21.82 23.33 22.41 22.84 23.86 24.46 
24.30 22.83 21.14 18.71 16.60 15.70 15.33 15.15 13.46 12.26 11.74 10.88 8.72 8.97 6.92 0.00 6.87 9.16 7.88 9.79 10.60 12.28 14.00 15.20 14.05 17.82 16.91 17.24 14.23 15.02 12.17 14.77 13.91 17.52 19.06 21.03 21.71 21.69 21.82 20.47 20.55 20.08 19.26 17.12 15.44 16.20 15.59 13.42 11.24 12.93 11.89 11.18 11.20 12.38 12.22 12.61 13.19 14.05 15.23 15.75 17.67 19.02 20.93 21.25 22.62 24.20 26.33 27.73 28.05 27.28 28.70 30.09 30.27 29.85 28.79 28.55 28.45 27.77 25.03 24.35 22.89 22.46 20.31 21.61 21.08 22.56 23.16 24.70 25.55 25.04 23.70 23.01 24.26 23.34 25.17 24.83 28.57 27.10 28.55 29.38 32.65 30.92 30.99 31.64 32.96 33.25 32.66 31.16 32.23 33.70 32.73 30.96 32.09 33.43 33.08 32.26 32.63 32.48 33.49 34.52 35.79 33.92 33.30 35.22 35.84 32.94 33.66 34.45 35.25 32.72 31.53 31.48 32.39 30.57 29.99 29.41 30.03 29.56 29.92 29.34 29.42 28.98 29.98 30.13 29.19 26.46 26.82 26.93 25.76 25.43 25.89 25.56 24.60 23.80 23.51 23.49 24.61 22.87 22.45 23.97 25.31 23.60 23.13 24.75 25.05 23.08 24.50 24.15 24.84 23.16 25.00 24.42 26.45 25.85 27.76 27.96 28.42 28.10 27.48 25.83 26.21 23.85 23.97 22.05 23.43 22.61 23.12 24.05 24.44 
23.46 22.06 19.45 17.90 15.74 14.68 13.93 14.25 12.55 10.49 10.41 11.46 8.91 7.00 8.24 6.87 0.00 5.72 8.64 7.33 8.92 10.76 12.27 12.17 12.89 15.05 13.33 15.24 13.04 14.71 11.60 13.99 13.77 17.39 18.64 20.80 21.34 20.90 21.02 19.96 20.40 19.77 18.26 16.85 15.30 15.95 15.62 13.06 9.80 11.73 11.88 10.01 7.98 11.24 11.51 9.64 10.51 12.62 14.39 13.02 15.68 17.28 19.24 19.90 21.19 22.76 24.65 26.53 26.53 26.24 27.55 29.24 29.34 29.07 27.89 27.81 27.73 27.25 24.33 23.90 22.16 22.17 20.12 21.40 20.81 22.62 22.86 24.90 25.59 25.32 23.42 22.80 23.97 23.14 24.42 24.10 27.74 26.37 27.62 28.58 31.73 30.08 30.06 31.12 32.11 32.60 31.57 30.37 31.20 32.83 31.74 30.07 31.35 32.76 32.42 31.59 31.72 31.88 33.10 33.81 34.78 33.31 32.96 34.72 34.93 32.36 33.27 33.80 34.64 32.17 31.07 30.89 31.99 30.08 29.60 28.99 29.54 28.93 29.16 28.45 28.47 27.96 29.17 29.25 28.13 25.71 26.03 26.10 24.62 24.49 24.69 24.48 23.31 22.58 22.10 22.39 23.04 21.15 20.81 23.01 23.90 21.70 21.40 24.04 23.92 21.95 23.80 23.36 23.93 22.26 23.93 23.50 25.37 25.13 26.73 26.74 27.39 27.49 26.30 25.08 25.22 23.66 23.73 22.14 22.22 21.91 22.50 24.06 24.55 
24.25 22.03 19.64 17.91 16.33 15.01 14.39 14.99 13.34 11.53 11.29 12.19 10.48 9.34 7.69 9.16 5.72 0.00 5.81 8.46 6.97 9.55 10.70 11.84 11.31 14.22 12.45 13.59 11.21 13.54 11.09 13.12 13.18 17.12 19.01 20.36 21.21 21.08 21.55 20.31 21.12 20.76 19.98 18.20 17.86 17.83 16.94 14.43 12.50 12.96 12.08 9.51 7.91 9.87 9.67 7.35 8.88 11.24 11.24 10.26 14.22 15.96 17.10 17.92 20.40 21.69 23.27 25.10 25.51 25.17 26.50 27.94 28.24 27.86 26.81 26.40 26.32 25.77 23.25 22.30 20.98 21.02 19.41 20.54 20.34 22.00 22.82 24.20 24.98 24.60 22.94 22.06 22.86 22.33 23.59 23.28 26.86 25.36 26.80 27.89 30.87 29.07 29.29 30.50 31.68 32.01 31.39 30.03 31.03 32.72 31.52 29.96 31.19 32.50 32.13 31.43 31.62 31.72 32.99 33.83 34.91 33.45 33.03 34.71 35.09 32.49 33.31 33.85 34.62 32.29 31.19 31.10 31.95 30.28 29.80 29.21 30.02 29.31 29.50 28.80 28.80 28.29 29.44 29.45 28.08 25.73 26.20 26.11 24.59 24.87 25.18 24.85 23.67 23.19 22.84 22.82 23.73 22.19 21.79 23.53 24.20 22.47 22.03 24.00 23.73 21.94 23.81 23.29 23.55 21.79 23.80 23.12 25.08 24.77 26.67 26.92 27.22 27.23 26.00 24.36 24.84 22.67 22.78 21.51 21.90 21.53 21.95 23.09 24.18 
25.48 24.04 21.47 19.90 18.55 17.67 16.66 17.06 15.56 13.36 13.34 13.21 12.31 10.67 9.63 7.88 8.64 5.81 0.00 6.02 8.41 7.68 9.61 11.50 11.78 14.24 12.71 13.89 11.85 13.68 12.02 14.16 14.37 18.42 20.04 21.77 22.52 22.74 23.73 22.50 22.63 23.10 22.85 20.83 19.63 20.35 19.28 17.36 15.85 16.21 14.76 13.72 12.82 12.96 12.75 11.70 12.36 12.50 13.29 13.16 15.86 16.78 18.34 19.26 20.97 22.83 24.61 26.47 26.59 26.30 27.50 29.20 29.15 28.89 27.66 27.49 26.93 26.70 24.00 23.58 21.72 22.08 20.50 21.76 21.29 23.17 23.76 25.38 25.57 25.28 24.18 23.30 23.83 23.43 24.84 24.78 27.97 26.78 28.21 28.92 31.82 30.47 30.59 31.48 32.56 33.46 32.75 31.38 32.07 34.13 33.47 31.80 32.93 34.37 34.07 33.44 33.51 33.56 34.71 35.97 36.99 35.38 34.86 36.85 37.26 34.60 35.46 36.21 36.89 34.38 33.48 33.20 34.13 32.32 32.02 31.51 32.20 31.71 31.87 31.07 31.14 30.79 31.95 31.80 30.59 27.99 28.46 28.48 26.85 26.99 27.60 27.58 26.02 25.81 25.40 25.53 26.03 24.74 24.35 25.61 26.28 24.90 24.32 25.84 25.64 24.09 25.70 25.03 24.99 23.71 25.33 25.04 26.16 26.30 27.93 28.30 28.14 28.69 27.73 26.68 26.48 24.71 24.83 23.26 23.75 23.14 24.01 24.92 25.92 
26.15 24.74 22.36 21.21 19.29 18.11 17.49 17.54 16.12 13.84 13.62 14.43 12.32 11.33 10.95 9.79 7.33 8.46 6.02 0.00 5.02 8.73 7.01 9.27 10.72 13.42 11.98 13.97 12.30 14.33 12.35 15.65 15.54 19.32 21.01 22.75 23.12 23.64 24.47 23.34 23.55 23.92 23.72 21.81 20.89 21.54 20.90 18.07 16.40 16.88 16.16 14.21 12.89 13.62 13.13 11.92 11.52 12.33 12.90 12.49 14.70 16.67 18.68 19.16 20.64 22.81 25.03 26.69 26.76 26.79 27.91 29.73 29.57 29.45 27.96 27.84 27.21 26.95 24.23 24.13 22.74 23.05 21.51 23.07 22.55 24.56 24.92 26.55 26.70 26.62 25.21 24.32 24.67 24.41 25.77 25.52 28.77 27.54 28.95 29.76 32.63 31.35 31.33 32.32 33.66 34.45 33.68 32.53 33.41 35.40 34.36 32.92 34.06 35.58 35.15 34.54 34.66 34.66 35.83 36.95 38.26 36.47 36.11 38.06 38.57 35.73 36.67 37.34 38.09 35.51 34.45 34.41 35.32 33.53 32.98 32.30 33.11 32.48 32.69 31.89 31.90 31.60 32.58 32.52 31.29 28.77 29.08 29.01 27.55 27.65 28.29 28.01 26.68 26.31 26.10 26.24 26.59 25.13 24.62 26.43 26.68 25.18 24.59 26.70 26.12 24.79 26.00 25.86 25.93 24.56 26.17 25.81 27.46 27.43 29.06 29.36 29.55 29.57 28.67 27.12 27.41 25.11 24.85 23.71 24.12 23.78 23.96 25.06 26.08 
25.30 23.94 21.43 20.04 18.04 17.15 16.25 17.03 15.21 12.71 12.23 13.22 12.23 10.88 10.38 10.60 8.92 6.97 8.41 5.02 0.00 5.50 8.29 7.08 9.96 12.50 9.74 12.76 11.89 13.51 12.42 14.68 14.61 17.98 19.68 21.74 22.07 22.54 23.03 21.87 22.42 22.74 22.23 20.84 20.48 21.17 20.45 18.00 16.41 16.99 16.23 13.85 11.75 13.15 12.81 9.78 9.90 10.82 11.65 9.44 12.32 14.58 16.97 17.39 18.45 20.80 23.17 24.77 24.41 24.69 26.06 27.61 27.61 27.60 26.02 25.93 25.70 25.31 22.58 22.69 21.72 22.00 20.30 21.93 21.55 23.36 23.82 25.64 26.20 25.73 24.18 23.50 24.09 23.46 24.66 24.52 27.65 26.45 27.78 28.65 31.78 30.00 30.03 31.46 32.57 33.65 32.64 31.71 32.73 34.73 33.61 32.37 33.65 35.20 34.49 33.99 33.84 34.04 35.09 36.35 37.21 35.78 35.35 37.35 37.64 35.18 36.02 36.82 37.43 34.98 33.89 33.80 34.78 32.95 32.33 31.60 32.41 31.75 31.83 31.09 31.07 30.78 31.82 31.95 30.53 28.08 28.37 28.43 26.52 26.83 27.04 27.02 25.50 25.11 24.69 24.81 25.28 23.48 23.04 24.90 25.43 23.42 23.00 25.36 24.96 23.43 25.14 24.65 24.75 23.55 24.95 24.52 25.93 26.21 27.68 27.97 28.34 28.67 27.43 26.32 26.50 24.63 24.57 23.39 25.02 23.17 23.85 25.43 26.67 
26.70 25.11 22.95 22.10 19.56 18.61 18.06 18.75 17.13 14.43 14.76 15.28 13.14 13.32 12.06 12.28 10.76 9.55 7.68 8.73 5.50 0.00 5.97 9.29 7.77 11.37 10.81 12.43 12.09 15.17 13.15 15.52 15.98 19.12 20.73 22.48 22.69 23.28 23.84 23.01 23.65 24.21 23.81 22.14 22.30 23.11 22.60 20.28 19.84 19.59 18.08 15.79 14.83 14.85 13.75 11.42 11.59 11.48 11.24 9.09 12.90 14.68 15.86 16.96 18.66 20.79 22.94 24.58 24.54 24.80 26.11 27.81 27.73 27.52 25.95 25.66 25.33 24.77 22.08 22.07 21.09 21.58 20.47 22.23 22.25 23.91 24.30 26.58 27.00 26.63 24.74 24.17 24.45 24.31 24.90 25.10 28.14 27.30 27.74 29.40 31.72 30.85 30.68 31.99 33.11 34.32 33.54 32.46 33.25 35.48 34.43 33.13 34.50 36.00 35.38 34.80 34.77 34.84 35.86 37.08 38.21 36.58 36.20 38.13 38.51 35.94 36.71 37.57 38.24 35.89 34.66 34.66 35.34 33.78 33.09 32.41 33.24 32.62 32.63 31.99 32.11 31.72 32.51 32.64 31.41 28.91 29.08 29.28 27.64 28.00 28.41 28.43 26.91 26.96 26.49 26.83 27.18 25.92 25.17 26.84 27.21 25.48 24.65 26.60 26.13 24.46 25.79 25.49 25.63 24.14 25.83 25.38 26.97 27.07 28.78 29.09 29.37 29.35 28.29 26.94 27.14 24.89 25.13 24.33 25.67 24.47 24.65 26.65 27.73 
29.45 28.55 26.76 24.98 23.12 22.71 22.17 22.71 20.84 18.61 18.27 19.17 16.50 14.98 14.66 14.00 12.27 10.70 9.61 7.01 8.29 5.97 0.00 6.84 8.99 9.86 11.23 12.76 12.72 15.22 15.45 17.11 18.37 21.59 23.44 25.58 25.48 26.10 27.44 26.16 26.09 27.23 27.40 25.62 25.20 26.80 26.41 23.93 23.46 23.49 22.18 20.17 19.03 18.52 18.19 15.86 15.77 14.61 15.16 13.51 15.83 16.80 18.48 19.49 21.56 23.73 25.56 27.31 27.33 27.21 28.50 30.04 29.96 29.37 27.78 27.66 27.26 26.69 24.14 23.77 23.10 23.78 22.72 24.38 24.78 26.19 26.46 28.39 29.21 28.57 26.96 26.20 26.59 26.43 27.28 27.56 30.71 29.62 30.43 31.65 34.40 33.37 33.46 34.67 35.62 36.67 35.86 34.57 35.44 37.80 37.17 35.65 36.93 38.76 38.10 37.50 37.60 37.71 38.64 39.98 40.85 39.31 38.70 40.85 41.29 38.67 39.39 40.29 41.03 38.55 37.60 37.24 38.25 36.38 36.05 35.30 36.26 35.59 35.70 34.83 35.15 34.67 35.43 35.35 34.42 31.78 32.10 32.32 30.94 31.12 31.76 31.82 30.61 30.39 30.30 30.34 30.81 29.31 28.84 30.05 30.42 28.70 28.03 29.66 29.20 27.58 28.84 28.40 28.27 27.10 28.56 28.60 29.65 30.05 31.53 32.09 32.05 32.43 31.17 30.33 30.02 28.00 28.28 27.10 28.73 26.41 27.69 28.92 29.93 
29.53 28.52 27.02 25.89 23.40 22.93 22.43 23.16 21.15 18.94 19.46 19.99 17.54 16.36 15.15 15.20 12.17 11.84 11.50 9.27 7.08 9.29 6.84 0.00 6.40 10.73 8.38 12.40 12.89 15.55 15.75 19.60 18.66 22.54 24.14 26.25 25.93 26.23 27.85 26.32 26.03 27.20 27.54 25.90 25.33 27.22 26.84 24.75 23.88 24.44 23.18 20.78 20.04 19.66 18.95 16.40 15.78 15.12 15.29 12.60 15.63 16.54 17.99 18.73 20.76 22.77 25.05 26.89 27.31 27.25 28.49 30.01 29.90 29.26 27.65 27.10 26.85 26.03 23.67 23.72 23.03 23.83 23.03 24.68 25.38 26.86 27.17 29.11 29.81 29.09 27.54 26.64 27.41 26.75 28.02 27.61 30.78 29.77 30.60 31.81 34.60 33.26 33.44 34.52 35.81 36.69 36.27 35.07 36.31 38.64 37.79 36.24 37.66 39.27 38.72 38.06 38.23 38.16 39.14 40.15 41.22 39.41 39.10 41.01 41.60 38.93 39.79 40.59 41.30 38.86 37.79 37.62 38.48 36.77 36.21 35.56 36.43 35.79 35.77 34.97 35.18 34.60 35.47 35.33 34.41 31.71 32.07 32.18 30.95 31.20 31.88 31.99 30.59 30.56 30.33 30.42 30.69 29.00 28.60 30.02 30.08 28.20 27.73 29.53 29.03 27.10 28.57 28.06 28.50 26.91 28.81 28.62 30.54 30.42 32.21 32.62 33.08 32.74 31.71 30.21 30.66 28.06 28.23 27.11 28.98 27.48 27.77 28.85 29.96 
27.98 26.71 25.29 23.95 21.43 20.64 19.83 21.05 18.81 16.87 16.88 18.82 15.98 14.61 13.71 14.05 12.89 11.31 11.78 10.72 9.96 7.77 8.99 6.40 0.00 5.80 6.63 10.11 11.16 13.50 14.24 16.76 17.92 19.53 21.93 23.81 24.34 24.81 25.68 23.66 24.07 24.75 24.99 23.70 24.08 25.45 25.32 23.11 23.28 23.37 21.82 19.33 19.18 18.45 17.05 14.36 14.38 13.49 12.88 10.46 12.84 13.86 15.26 15.77 17.41 19.78 22.43 24.09 24.79 24.58 25.99 27.50 27.49 26.88 25.23 24.94 24.82 23.93 21.91 21.35 21.65 21.78 21.11 22.92 23.54 25.16 26.09 27.72 28.28 27.46 26.08 25.48 26.06 25.31 26.28 25.95 28.83 27.53 28.58 29.60 32.53 31.15 31.45 32.35 33.73 34.89 34.40 33.18 34.57 36.94 36.12 34.49 35.90 37.65 36.97 36.05 36.04 36.12 37.30 38.16 38.94 37.37 37.03 38.98 39.44 36.95 37.84 38.65 39.36 36.98 36.11 35.76 36.69 34.81 34.50 33.71 34.61 33.90 34.18 33.19 33.50 32.89 33.91 33.86 32.85 30.13 30.54 30.57 29.12 29.03 29.73 29.76 28.69 28.26 27.97 27.85 28.55 26.57 25.96 27.29 27.61 25.75 25.26 27.21 26.50 24.83 26.19 26.00 26.08 25.03 26.64 26.79 28.06 28.57 30.00 30.53 31.14 31.04 29.69 28.65 28.74 26.68 26.66 25.46 27.51 26.58 26.90 28.62 29.87 
29.44 28.51 27.23 26.38 23.98 23.83 23.33 24.11 22.77 20.66 21.17 22.02 20.29 18.52 17.63 17.82 15.05 14.22 14.24 13.42 12.50 11.37 9.86 10.73 5.80 0.00 6.46 9.86 10.33 13.99 15.21 18.01 18.57 22.10 22.29 25.63 25.82 26.15 27.25 25.58 26.16 27.17 27.24 25.85 26.62 28.21 28.19 26.51 26.57 26.89 25.49 23.02 23.08 22.26 21.05 18.27 18.18 17.01 16.78 13.49 16.21 15.85 17.23 17.88 19.95 21.53 24.29 25.78 26.22 26.19 27.65 28.85 29.06 28.41 26.41 25.52 25.39 24.33 21.97 21.99 21.91 22.68 22.33 24.28 25.05 26.47 27.29 29.11 29.89 28.94 27.24 26.38 27.36 26.54 27.26 27.17 30.13 29.26 29.73 31.40 34.03 33.36 33.24 34.88 35.27 37.07 36.34 35.07 36.06 38.82 37.92 36.39 37.56 39.72 38.87 38.13 37.85 38.07 38.95 40.11 40.92 39.45 38.94 40.78 41.34 38.72 39.68 40.44 41.22 38.84 37.94 37.63 38.29 36.57 36.13 35.43 36.13 35.55 35.59 34.82 35.01 34.77 35.34 35.53 34.44 31.93 32.18 32.49 31.02 31.77 31.98 32.55 30.74 31.19 30.36 30.71 31.13 29.74 28.56 29.97 30.51 28.61 27.33 29.19 28.81 26.87 27.84 27.78 28.03 26.63 28.72 28.65 30.14 30.35 32.20 32.98 33.23 32.83 31.46 30.03 30.64 28.27 28.31 27.27 30.39 28.39 28.22 29.29 30.60 
29.41 28.64 27.04 25.37 23.70 23.36 23.09 23.51 21.59 19.58 20.03 21.41 18.53 17.20 16.95 16.91 13.33 12.45 12.71 11.98 9.74 10.81 11.23 8.38 6.63 6.46 0.00 6.53 8.08 10.86 12.04 14.78 16.27 19.14 20.70 21.85 23.51 24.27 26.31 24.44 24.78 26.19 26.94 25.51 25.78 27.88 28.45 26.12 25.72 26.54 25.39 23.00 22.33 21.56 20.33 17.52 16.58 15.93 15.68 13.69 15.84 15.24 15.99 16.73 18.80 20.64 23.19 24.89 25.82 25.47 26.84 28.11 27.99 27.11 25.12 24.12 23.45 22.93 20.72 19.64 20.37 20.94 21.36 22.67 23.80 25.57 25.85 27.81 28.84 27.92 25.72 25.27 26.11 25.55 25.84 26.28 29.26 27.93 28.62 30.29 33.46 32.43 32.67 33.78 34.98 36.20 35.86 34.16 35.37 37.81 37.51 35.51 36.91 38.68 38.41 37.18 37.44 37.20 38.55 39.38 40.58 38.80 38.47 40.19 41.03 38.29 39.25 39.98 40.93 38.29 37.51 36.93 37.98 35.85 35.70 34.94 35.91 34.90 35.23 34.09 34.67 34.05 35.11 35.03 34.12 31.41 32.11 32.04 31.03 30.94 32.04 31.74 30.90 30.63 30.74 30.25 31.09 29.26 28.77 29.77 30.22 28.23 27.49 29.14 28.37 26.34 27.25 27.35 27.31 26.31 28.13 28.62 29.90 30.26 31.89 32.73 33.28 32.81 31.41 30.31 30.26 28.50 28.41 27.28 28.59 28.08 28.83 30.06 30.90 
27.89 26.83 25.25 24.34 21.96 21.62 21.45 21.99 20.59 18.81 19.43 20.58 19.02 17.09 16.68 17.24 15.24 13.59 13.89 13.97 12.76 12.43 12.76 12.40 10.11 9.86 6.53 0.00 6.49 9.27 10.20 13.51 15.47 18.40 19.48 22.98 22.39 23.68 25.61 23.89 23.95 24.91 26.03 24.23 24.83 26.83 27.48 25.22 24.86 25.69 24.55 22.03 22.18 21.60 20.82 17.82 17.81 16.46 16.64 13.85 16.70 16.13 16.55 16.40 18.50 19.38 21.60 23.50 24.17 23.77 25.10 26.66 26.44 25.55 23.52 22.19 21.48 20.59 18.53 17.79 17.62 18.80 19.14 20.78 21.85 24.26 24.82 26.50 27.44 27.02 24.82 24.07 25.09 24.65 25.48 25.47 28.37 27.73 28.59 30.02 32.72 32.23 32.00 33.01 34.18 35.56 34.98 33.62 34.56 37.34 36.62 35.08 36.20 38.23 37.55 36.65 36.53 36.57 37.39 38.57 39.50 37.97 37.32 39.31 39.82 37.16 37.94 38.79 39.62 37.15 36.07 35.88 36.72 34.94 34.52 33.96 34.70 33.99 33.98 33.09 33.33 33.05 33.96 33.87 32.77 30.26 30.72 30.98 29.64 30.23 30.86 30.95 29.69 29.83 29.26 29.39 29.93 28.28 27.43 28.78 29.04 26.93 25.95 27.71 27.05 24.73 25.53 25.36 25.93 24.44 26.19 26.44 28.18 28.42 30.28 31.18 31.76 30.81 29.69 28.04 28.80 26.13 26.30 24.98 28.16 26.63 27.12 27.77 28.92 
25.29 23.90 21.78 20.35 18.76 18.12 17.83 17.68 16.78 14.72 14.90 16.63 15.28 13.20 12.29 14.23 13.04 11.21 11.85 12.30 11.89 12.09 12.72 12.89 11.16 10.33 8.08 6.49 0.00 6.65 7.78 10.64 12.30 15.62 16.86 19.37 19.57 19.31 21.93 20.55 21.41 21.24 21.62 20.32 21.15 22.71 22.97 21.07 21.85 22.25 20.61 18.17 18.85 18.23 16.45 14.34 14.98 13.79 13.05 11.72 14.14 14.25 14.73 14.69 16.01 16.84 19.08 20.38 21.40 20.42 22.00 23.26 23.97 22.67 21.31 19.94 19.62 18.31 16.74 15.35 15.99 15.61 17.20 17.95 19.16 20.76 22.24 24.22 24.85 24.18 22.29 21.88 22.29 21.63 22.57 23.27 25.68 25.11 26.21 27.55 30.85 29.12 28.99 30.29 31.77 32.65 31.94 30.63 32.03 34.24 33.50 32.02 33.34 35.19 34.45 33.37 33.37 33.31 34.60 35.51 36.50 34.77 34.38 36.34 37.16 34.32 35.24 35.95 36.77 34.09 33.35 32.87 34.01 31.95 31.93 31.11 32.00 30.97 31.47 30.31 30.76 30.12 31.26 31.03 29.85 27.24 27.98 28.02 26.88 26.90 27.94 27.72 26.73 26.23 25.98 25.63 26.61 24.77 23.98 24.96 24.93 22.99 22.10 23.93 23.10 21.03 21.90 22.20 22.27 21.10 22.43 22.86 24.60 25.34 26.75 27.72 28.47 27.99 26.37 25.40 25.55 23.66 23.20 22.10 24.45 23.99 24.16 26.11 27.33 
25.58 24.32 22.00 20.92 19.39 18.98 18.57 17.69 17.52 16.43 16.23 17.26 16.69 15.45 14.24 15.02 14.71 13.54 13.68 14.33 13.51 15.17 15.22 15.55 13.50 13.99 10.86 9.27 6.65 0.00 6.23 8.07 10.41 13.78 15.50 18.28 18.71 20.50 21.17 20.62 21.37 21.98 22.13 20.68 22.00 23.40 24.13 22.00 22.41 22.93 22.56 19.69 20.33 19.83 19.43 17.28 17.83 16.72 17.32 15.75 18.04 17.41 17.72 17.31 18.43 19.07 20.82 21.42 22.48 21.77 22.86 24.00 24.47 23.67 22.10 20.39 19.96 18.53 15.67 14.03 14.85 14.13 14.92 16.71 18.00 20.04 21.28 24.01 24.77 23.93 22.22 21.23 22.03 21.39 23.01 23.06 26.24 25.68 27.43 28.57 31.38 30.33 30.66 31.53 32.78 33.62 33.16 31.72 32.85 35.16 34.51 32.95 34.33 36.09 35.59 34.49 34.56 34.41 35.47 36.37 37.52 35.75 35.21 37.12 37.77 35.03 35.94 36.59 37.26 34.86 34.00 33.77 34.45 32.71 32.56 31.96 32.56 31.74 31.86 31.17 31.40 30.95 31.88 31.92 30.93 28.24 28.78 29.30 28.17 28.38 29.19 29.19 27.82 27.64 27.02 27.14 27.97 26.37 25.27 26.53 26.84 25.06 23.61 25.19 24.72 22.66 23.24 23.08 23.36 21.62 23.45 23.34 25.00 25.48 27.73 28.41 29.08 28.26 27.04 25.85 26.42 23.85 23.79 22.14 24.98 24.49 24.50 25.98 26.89 
24.38 22.93 20.20 17.98 17.27 16.48 16.24 15.28 14.29 12.68 12.70 13.71 12.50 11.29 11.24 12.17 11.60 11.09 12.02 12.35 12.42 13.15 15.45 15.75 14.24 15.21 12.04 10.20 7.78 6.23 0.00 6.70 7.45 11.53 13.01 15.46 16.87 18.26 18.75 17.00 17.99 18.97 18.78 17.26 17.99 20.00 20.90 18.38 18.37 19.84 19.91 17.60 17.57 17.55 17.07 15.96 16.57 15.53 15.96 15.70 17.36 16.95 17.43 17.28 18.46 18.73 20.37 21.17 21.63 20.59 21.94 23.01 23.46 22.57 21.39 20.10 19.91 18.23 15.89 13.93 14.43 13.32 13.61 14.16 16.02 17.66 18.84 20.85 21.42 21.46 19.67 18.92 19.14 18.99 20.11 20.59 23.50 23.02 24.42 25.93 28.43 27.82 28.02 29.05 29.94 31.08 30.53 28.98 30.10 32.47 31.85 30.19 31.45 33.43 32.94 32.07 32.36 32.06 33.14 33.94 35.19 33.42 32.92 34.67 35.64 32.81 33.73 34.17 35.02 32.29 31.67 31.14 32.26 30.02 29.98 29.21 30.14 29.03 29.43 28.50 29.18 28.37 29.46 29.61 28.72 26.00 26.54 27.00 26.13 26.08 26.96 26.66 25.43 25.03 24.79 24.39 25.22 23.70 23.16 24.04 24.29 22.68 21.81 23.40 22.61 21.06 21.93 21.57 20.94 19.77 21.48 21.46 22.85 23.61 25.44 26.64 26.92 26.62 25.23 24.34 24.20 22.39 22.32 20.81 22.59 22.71 23.37 24.93 26.08 
24.04 22.06 19.35 17.65 17.05 15.92 15.74 14.59 14.82 13.87 13.89 14.92 14.75 13.99 13.43 14.77 13.99 13.12 14.16 15.65 14.68 15.52 17.11 19.60 16.76 18.01 14.78 13.51 10.64 8.07 6.70 0.00 6.01 8.99 10.85 14.53 15.31 16.81 17.83 18.46 17.22 18.76 18.91 17.67 17.96 19.85 20.99 18.59 18.59 19.87 19.89 17.69 18.71 18.70 18.15 17.42 18.37 17.34 17.84 17.60 19.66 19.05 19.10 18.78 19.47 19.64 20.59 21.71 22.22 20.85 21.95 23.43 23.56 22.79 21.36 20.42 20.10 18.88 15.71 14.52 13.73 12.42 12.57 13.31 13.94 16.64 17.90 20.40 20.94 21.18 19.66 18.73 19.51 19.35 21.12 21.01 23.82 23.88 25.86 26.56 29.41 28.49 28.99 29.08 30.57 31.08 30.67 29.06 30.47 32.61 31.85 30.21 31.61 33.39 33.08 32.08 32.36 32.21 33.10 33.98 35.05 33.44 32.90 34.79 35.42 32.73 33.53 34.10 34.76 32.34 31.37 31.18 32.21 30.48 30.07 29.53 30.30 29.64 29.63 28.85 29.32 28.87 29.79 29.88 28.89 26.32 26.93 27.41 26.47 26.63 27.40 27.42 26.13 25.98 25.22 25.37 26.08 24.50 23.63 24.70 24.84 23.18 21.97 23.56 23.15 21.15 21.98 21.41 21.54 19.81 21.35 21.57 23.52 24.05 25.78 26.98 27.40 26.64 25.08 24.07 24.35 22.13 21.67 20.24 21.67 22.48 22.74 24.41 25.33 
23.15 20.81 18.05 15.68 15.55 14.17 13.52 12.44 12.78 11.66 11.45 12.92 13.70 13.07 12.09 13.91 13.77 13.18 14.37 15.54 14.61 15.98 18.37 18.66 17.92 18.57 16.27 15.47 12.30 10.41 7.45 6.01 0.00 6.17 7.01 10.92 13.28 13.89 14.83 15.94 16.50 16.38 16.31 15.45 16.21 17.94 18.15 16.13 17.15 18.22 17.17 15.64 17.66 17.72 16.57 16.49 18.30 17.10 17.16 17.64 19.45 19.16 19.47 19.23 20.30 20.27 21.11 22.03 23.17 21.46 22.29 23.44 24.26 23.25 22.00 21.50 22.02 20.76 18.62 16.12 15.73 13.53 13.68 13.35 13.87 15.35 17.29 19.65 20.73 20.09 18.54 18.55 19.39 19.31 20.58 21.32 24.04 23.83 25.39 26.47 29.20 28.28 27.98 28.78 30.21 30.68 29.84 28.58 29.94 31.75 30.80 29.37 30.77 32.39 31.93 31.11 31.28 31.12 32.28 33.11 34.18 32.50 32.05 34.06 34.74 31.99 32.82 33.47 34.15 31.53 30.75 30.49 31.67 29.67 29.48 28.93 29.88 28.82 29.04 28.17 28.85 28.19 29.19 29.27 28.27 26.02 26.51 26.90 25.86 26.09 26.79 26.86 25.57 25.28 24.57 24.72 25.61 24.00 22.88 23.70 24.00 22.33 21.00 22.80 22.15 19.92 20.50 20.66 20.99 19.31 20.37 21.15 23.51 24.17 25.48 26.63 27.36 26.94 25.14 24.30 24.29 22.57 21.67 20.57 22.01 21.97 22.01 24.16 25.45 
23.32 21.48 18.93 16.78 16.39 14.95 15.15 13.38 14.61 14.05 14.37 16.26 16.81 16.57 16.21 17.52 17.39 17.12 18.42 19.32 17.98 19.12 21.59 22.54 19.53 22.10 19.14 18.40 15.62 13.78 11.53 8.99 6.17 0.00 6.00 8.96 10.89 13.84 14.33 15.16 15.72 18.01 16.88 16.75 17.61 20.06 20.11 18.63 18.87 20.33 19.75 18.01 19.84 20.19 19.57 19.46 20.65 19.83 20.31 20.57 21.95 21.71 21.96 21.48 22.26 22.47 22.96 23.74 24.58 23.26 23.73 24.79 25.31 24.93 23.26 23.26 23.16 22.34 19.11 18.32 16.36 14.33 12.88 12.68 13.20 14.60 15.59 19.05 20.48 20.09 18.86 18.10 19.80 19.62 21.42 21.74 24.83 24.65 26.81 27.31 30.15 29.01 29.40 29.85 30.94 31.44 31.16 29.51 30.86 32.81 32.04 30.49 31.72 33.36 32.98 32.04 32.32 32.08 33.09 34.07 35.12 33.45 32.96 34.83 35.48 32.79 33.59 34.24 34.84 32.38 31.44 31.48 32.27 30.63 30.22 29.86 30.42 29.77 29.87 29.27 29.52 29.21 30.23 30.42 29.31 27.02 27.74 28.22 27.23 27.42 28.07 28.05 26.61 26.42 25.70 25.79 26.33 24.92 23.52 24.71 24.75 23.01 21.75 23.27 22.64 20.21 21.16 21.09 21.80 19.94 21.88 22.39 24.74 25.35 27.16 28.18 28.61 28.11 26.35 25.39 25.73 23.41 22.63 21.21 22.45 22.95 22.67 24.03 25.12 
22.62 20.85 18.92 15.81 15.43 14.26 14.37 13.03 14.12 13.66 14.51 16.57 16.91 17.19 17.64 19.06 18.64 19.01 20.04 21.01 19.68 20.73 23.44 24.14 21.93 22.29 20.70 19.48 16.86 15.50 13.01 10.85 7.01 6.00 0.00 5.69 7.36 10.06 12.76 12.81 12.85 14.57 15.24 14.24 15.85 18.12 18.95 17.34 17.61 19.58 19.35 18.10 19.35 20.04 19.43 19.40 20.76 20.24 20.62 21.01 21.97 21.93 22.32 21.95 22.68 23.15 24.16 24.94 25.18 23.89 24.66 25.95 25.88 25.50 23.95 24.17 24.33 23.65 20.46 19.54 18.86 16.69 14.61 13.89 13.11 14.92 14.82 17.45 19.09 19.29 18.01 17.01 18.64 18.65 20.80 21.03 24.79 24.14 26.14 26.68 29.00 28.42 28.50 29.24 30.08 31.31 30.79 29.37 30.20 32.48 31.51 30.08 31.22 32.89 32.11 31.48 31.58 31.37 32.30 33.37 34.44 32.91 32.27 34.14 34.71 32.20 32.90 33.60 34.27 31.83 30.95 30.66 31.77 30.01 29.74 29.02 29.50 28.98 29.44 28.46 28.61 28.42 29.65 29.79 28.33 26.34 27.13 27.58 26.31 26.66 27.29 27.15 25.44 25.28 24.82 24.22 24.80 23.02 22.33 23.05 23.24 21.48 20.54 22.25 21.28 19.19 20.30 20.37 21.20 19.90 21.45 22.02 24.14 24.93 26.80 27.54 27.89 27.60 26.19 25.26 24.98 23.33 22.35 20.86 21.94 21.74 22.49 24.04 25.34 
