1.57 4.96 6.57 8.34 9.92 11.62 13.97 15.47 16.77 17.94 20.28 21.63 21.67 22.90 24.99 26.53 27.33 26.53 26.33 26.12 24.28 23.79 23.44 23.84 23.18 21.96 23.22 23.50 23.26 22.32 22.10 22.38 22.61 23.46 24.44 25.36 27.13 28.41 28.86 29.10 30.64 30.18 29.91 30.40 31.51 29.37 29.28 29.84 29.92 28.13 29.17 29.80 28.93 28.56 30.76 30.81 30.25 30.51 32.09 31.57 30.43 29.51 27.72 26.44 24.71 24.39 24.43 24.51 25.07 25.97 26.99 27.92 27.87 28.27 29.12 27.94 26.83 28.32 28.71 26.49 26.46 28.48 28.66 26.87 27.74 27.19 26.59 26.23 26.43 27.01 27.84 28.55 28.57 29.95 30.51 29.25 29.35 30.67 30.26 28.78 29.99 30.82 29.95 28.64 29.71 28.85 29.49 27.83 26.74 25.63 25.18 24.02 23.49 23.02 23.15 24.17 25.72 26.87 26.72 26.40 26.84 26.07 25.94 26.33 27.72 28.08 27.54 28.08 29.18 28.57 28.13 29.20 30.34 30.03 30.30 29.67 29.17 30.62 31.44 29.59 30.62 29.68 31.63 33.28 
4.96 0.09 4.06 6.36 8.37 9.16 11.68 14.07 14.59 15.90 18.07 19.09 19.14 20.56 23.15 24.66 25.32 24.43 24.31 23.95 21.45 21.06 20.84 21.76 20.64 19.23 21.40 21.83 21.21 19.99 20.31 20.53 20.79 21.65 22.79 23.63 25.34 26.38 26.77 27.05 28.85 27.98 27.34 28.01 29.46 26.47 26.67 27.54 27.82 25.39 27.01 28.01 26.77 26.11 29.14 29.51 28.33 28.96 30.85 30.58 28.89 27.82 25.77 24.59 22.54 22.38 22.18 22.38 22.96 23.97 25.29 26.39 26.50 26.76 28.25 26.61 25.54 26.94 28.13 24.99 25.52 27.26 27.93 25.22 27.00 25.70 25.40 24.76 25.41 25.73 26.76 27.44 27.49 28.80 29.58 28.13 27.99 29.94 28.91 27.09 28.52 29.48 28.39 26.90 28.60 27.52 28.09 26.16 25.21 24.01 24.01 22.55 21.87 21.44 21.73 22.71 24.39 25.37 25.50 24.72 25.24 24.34 24.18 24.45 26.50 26.39 25.93 26.54 28.35 27.36 26.39 27.50 29.24 28.43 28.38 28.64 28.82 29.23 28.46 26.71 30.23 29.47 29.78 30.63 
6.57 4.06 0.00 4.35 6.78 7.64 9.08 11.70 13.12 13.90 16.03 16.76 16.75 18.39 21.65 23.11 23.20 22.17 22.22 21.41 18.66 18.33 18.63 19.18 18.09 16.85 19.49 19.95 19.55 18.41 18.74 18.82 18.89 19.93 21.19 21.88 23.71 24.45 25.15 25.14 27.29 25.77 25.20 25.37 26.79 23.71 24.08 24.76 25.10 22.75 24.68 25.71 24.44 24.10 27.61 27.85 26.96 27.35 30.19 29.55 27.53 26.21 24.46 22.72 20.25 20.00 20.06 20.09 20.67 21.93 23.69 25.00 25.35 25.52 27.43 25.71 24.48 25.97 27.32 24.29 24.55 26.42 27.04 24.52 26.16 24.84 24.72 24.09 24.66 24.84 26.04 26.63 26.58 27.88 28.87 27.12 27.13 28.51 27.87 25.70 27.42 28.10 27.52 25.86 27.71 26.31 27.15 24.98 23.86 22.73 23.19 21.56 20.35 20.19 20.81 21.45 22.68 24.01 24.48 23.28 23.49 22.52 22.75 22.67 24.58 24.80 24.56 24.99 26.85 25.58 24.78 25.79 27.63 26.83 27.23 27.71 28.49 29.37 28.49 27.03 29.92 29.73 30.27 29.32 
8.34 6.36 4.35 0.12 6.29 7.63 8.28 10.03 12.24 13.80 15.26 16.45 16.45 17.99 21.74 23.81 24.19 23.15 22.77 22.55 19.50 19.26 18.92 19.82 18.86 17.95 19.96 20.60 20.29 19.16 18.99 19.74 19.77 20.81 21.49 22.50 23.95 24.83 25.08 25.39 27.25 26.22 25.37 26.04 27.19 24.60 24.51 25.69 25.75 23.88 25.47 26.74 25.65 25.37 28.49 28.96 27.90 28.69 30.78 30.47 28.43 27.45 25.17 24.02 21.29 21.27 20.83 21.13 21.57 22.95 24.40 25.91 26.18 26.59 28.16 26.90 25.78 27.24 28.47 25.77 25.92 27.76 28.41 25.92 27.53 26.30 25.85 25.31 25.73 25.95 26.92 27.76 27.71 29.15 29.98 28.57 28.64 30.25 29.52 27.42 28.86 29.79 28.98 27.42 29.31 27.77 28.42 26.23 24.97 23.91 24.00 22.80 21.51 21.19 21.26 22.43 23.73 24.99 24.77 23.95 24.09 23.14 22.90 23.44 25.26 25.55 24.90 25.88 27.59 26.69 25.58 26.94 28.86 28.25 28.06 29.06 30.38 30.38 28.88 26.65 33.39 30.58 31.31 30.20 
9.92 8.37 6.78 6.29 0.49 6.01 7.22 9.11 10.50 12.92 15.03 15.75 16.44 18.18 21.70 24.40 25.63 23.85 22.00 21.97 19.66 19.08 18.65 19.61 18.97 17.22 18.65 19.50 19.14 17.53 16.76 17.53 18.16 19.06 19.22 20.42 22.04 23.28 23.12 23.67 25.90 24.73 23.81 24.82 26.69 23.59 23.61 24.78 25.43 23.02 24.81 26.35 25.60 25.26 27.88 28.67 27.40 28.17 29.96 29.75 28.19 26.85 24.02 22.38 20.17 19.40 19.00 19.23 19.78 20.96 22.19 23.94 23.96 24.55 26.12 24.66 23.24 25.45 26.41 23.46 23.26 26.04 26.50 24.07 24.99 24.37 23.56 23.11 23.16 24.02 24.93 26.08 25.84 28.11 28.95 27.39 27.56 29.89 28.89 26.71 28.27 29.78 28.12 26.47 28.03 26.86 27.18 25.08 24.03 22.65 22.08 20.85 20.16 19.63 19.19 20.74 22.61 23.99 23.11 22.42 23.00 21.97 21.32 22.16 24.64 25.10 23.87 25.14 27.07 26.18 24.79 26.34 27.63 27.62 27.29 27.62 27.32 30.03 30.25 29.53 28.36 28.21 31.21 33.91 
11.62 9.16 7.64 7.63 6.01 0.00 5.71 7.88 8.13 10.21 12.56 13.95 14.01 16.87 19.73 22.35 23.67 22.26 20.69 20.33 17.56 17.26 15.99 17.14 16.65 14.85 16.68 17.67 17.34 16.32 15.11 15.96 16.58 17.86 17.94 19.06 20.74 21.57 21.32 21.51 23.98 22.38 21.23 22.16 24.30 20.84 20.96 22.21 23.03 20.37 22.40 24.11 23.55 22.96 26.43 26.96 25.85 26.58 29.11 28.51 26.81 25.21 22.49 20.58 17.97 17.58 17.13 17.49 17.70 19.11 20.44 22.01 21.99 22.51 24.61 22.89 21.55 23.68 25.09 21.68 22.01 24.47 25.31 22.27 23.97 22.74 22.42 21.56 22.07 22.61 23.96 24.78 24.94 26.68 27.92 25.84 26.12 28.08 27.30 24.69 26.68 27.79 26.29 24.19 26.39 24.79 25.51 23.35 22.43 21.12 20.84 19.43 18.43 17.97 17.93 19.46 21.16 22.80 21.95 21.06 21.64 20.26 20.00 20.70 23.58 23.81 22.89 23.79 26.17 24.81 23.43 24.72 26.82 26.29 25.84 26.99 27.03 28.49 28.25 26.78 27.84 27.48 29.42 30.86 
13.97 11.68 9.08 8.28 7.22 5.71 0.00 6.27 7.19 8.75 10.77 12.72 13.48 15.67 19.62 21.63 22.71 21.54 20.42 19.26 16.36 15.41 15.11 15.94 15.10 13.78 15.91 17.23 17.32 15.81 15.21 15.47 16.20 17.21 17.49 18.34 20.14 20.87 20.52 20.93 23.43 21.64 20.05 20.99 23.34 19.60 19.61 20.82 22.02 19.44 21.39 23.20 22.60 22.42 25.87 26.78 25.51 26.57 29.38 29.05 27.00 25.35 22.78 20.43 17.60 16.91 16.73 16.29 16.80 17.94 19.73 21.16 21.35 21.94 24.49 22.47 21.30 23.35 24.95 21.49 21.81 24.33 25.26 22.29 23.71 22.72 22.47 21.81 22.19 22.88 24.17 25.04 25.04 26.96 28.00 25.94 25.88 27.89 26.92 24.23 26.18 27.18 25.57 23.52 25.53 24.15 25.12 22.75 21.95 20.58 20.91 19.16 18.04 17.84 18.14 19.12 20.35 22.07 21.80 20.79 21.11 20.08 19.86 20.48 23.20 23.72 22.93 23.95 26.14 24.98 23.59 24.92 26.75 25.96 25.46 26.64 26.99 29.22 27.98 27.54 28.08 27.82 29.11 30.39 
15.47 14.07 11.70 10.03 9.11 7.88 6.27 0.00 6.48 8.11 9.75 12.17 13.95 16.40 19.57 22.53 23.42 22.25 20.63 19.28 16.36 15.27 14.23 14.89 15.47 13.96 16.97 17.73 18.28 17.40 16.22 17.03 17.57 19.07 19.23 20.42 22.07 22.62 22.23 22.55 24.74 23.30 21.63 22.94 24.80 21.73 21.38 23.12 23.84 21.78 23.34 25.30 24.51 24.23 27.53 28.42 27.28 28.07 30.66 30.04 28.35 26.85 23.94 21.93 19.18 19.00 18.24 18.05 18.58 20.56 21.54 23.70 23.15 23.94 25.83 24.41 22.56 25.06 26.29 23.27 23.30 26.08 26.93 24.15 25.51 24.77 24.46 24.01 24.04 25.04 26.03 27.15 26.75 28.91 29.97 28.08 27.83 30.08 29.05 26.43 27.85 29.22 27.63 25.53 27.45 25.90 26.69 24.25 23.32 22.07 22.24 20.91 19.91 19.44 19.27 20.66 22.12 23.67 22.98 22.17 22.75 21.51 21.19 22.12 24.90 25.41 24.32 25.82 28.13 26.95 25.38 27.04 29.14 28.35 27.40 29.62 29.77 30.98 29.44 28.52 30.75 28.32 29.53 30.64 
16.77 14.59 13.12 12.24 10.50 8.13 7.19 6.48 0.00 5.57 7.61 9.72 11.80 13.77 16.95 19.27 21.39 19.21 17.42 16.22 13.82 12.49 11.50 12.54 13.42 12.21 15.44 16.72 16.74 15.89 15.40 15.81 16.64 18.05 18.34 19.66 21.20 22.00 21.55 21.80 23.87 22.43 20.81 22.19 23.84 20.72 20.72 21.90 22.61 20.61 22.51 23.97 23.08 23.10 25.92 26.70 25.68 26.51 28.63 28.21 27.12 25.59 22.43 20.56 18.60 17.79 17.27 17.01 18.07 19.42 20.90 22.86 22.82 22.68 24.59 22.75 21.21 23.25 24.54 21.66 21.99 24.87 26.17 23.35 25.01 23.99 23.78 23.25 23.46 24.35 25.39 26.40 26.18 27.92 29.17 26.88 26.89 29.22 28.04 25.06 26.56 27.86 26.20 24.22 26.14 24.73 25.47 23.36 22.53 21.28 20.62 19.65 19.12 18.29 17.71 19.58 21.27 22.14 21.41 20.69 21.81 20.08 19.87 21.00 23.98 24.32 23.26 24.46 26.97 25.75 24.17 25.99 27.99 26.88 26.09 26.68 27.28 28.16 27.76 27.82 29.27 26.69 28.73 29.86 
17.94 15.90 13.90 13.80 12.92 10.21 8.75 8.11 5.57 0.00 6.33 8.56 10.29 12.61 15.59 17.90 19.34 18.27 15.19 14.77 12.36 11.97 9.26 11.30 13.14 12.88 15.73 17.14 17.04 16.33 15.37 15.79 16.43 18.26 18.69 19.52 21.08 21.69 21.43 21.46 23.45 22.12 20.49 21.75 23.47 20.61 20.60 21.73 22.35 20.44 22.20 23.93 22.77 22.81 25.56 26.31 25.43 26.28 28.60 28.46 26.95 25.71 22.12 20.63 18.04 17.63 16.96 16.41 17.52 19.05 20.30 22.03 21.61 21.80 23.87 22.18 20.52 22.32 23.63 20.87 21.56 24.29 25.47 22.89 24.84 23.51 23.31 22.92 23.15 24.33 25.02 26.49 26.05 27.73 28.54 26.60 26.40 28.62 27.48 24.63 25.92 27.38 25.54 23.53 25.43 24.22 25.05 23.36 22.39 21.39 20.77 19.84 18.89 18.34 18.13 19.77 21.21 22.14 21.58 20.54 21.43 20.12 19.92 21.18 24.10 24.63 23.58 24.80 26.82 25.69 24.17 26.03 27.94 27.27 26.17 27.82 27.85 28.61 28.00 27.24 29.25 27.11 29.26 28.91 
20.28 18.07 16.03 15.26 15.03 12.56 10.77 9.75 7.61 6.33 0.00 6.86 8.69 10.60 13.24 16.24 17.11 16.57 13.79 12.77 10.86 10.32 10.63 13.22 14.76 14.47 17.83 18.95 18.50 16.58 15.82 15.84 16.61 18.13 18.98 19.53 20.73 21.61 21.51 21.43 23.36 21.92 20.26 21.39 23.24 20.09 19.98 21.29 22.25 20.38 21.95 23.70 22.73 22.85 25.80 26.94 26.09 26.97 29.49 29.26 27.67 26.02 22.45 20.14 17.69 16.56 16.00 15.43 16.40 17.91 19.41 21.15 21.09 21.22 23.19 21.85 20.33 21.80 23.26 20.54 20.71 23.90 25.07 22.82 24.42 23.46 23.01 22.65 22.87 23.88 24.75 26.04 26.00 27.78 28.35 26.26 26.14 28.51 27.04 24.07 25.53 27.05 25.14 22.79 24.54 23.76 24.78 22.72 21.74 20.95 20.63 19.34 18.47 18.41 18.42 19.94 21.12 22.73 22.52 21.12 21.29 20.22 20.29 21.23 24.15 25.02 24.26 25.36 27.41 26.03 24.50 26.37 28.29 27.38 26.76 27.59 27.60 28.51 28.22 28.29 29.00 27.67 30.30 29.80 
21.63 19.09 16.76 16.45 15.75 13.95 12.72 12.17 9.72 8.56 6.86 0.00 6.84 8.18 10.29 12.43 14.29 13.05 10.62 10.99 8.52 8.75 9.90 13.89 15.13 15.60 18.50 20.08 18.56 17.11 15.63 16.42 16.61 18.24 18.61 19.69 20.90 21.53 21.34 21.71 23.50 22.49 20.65 21.93 23.93 21.07 20.71 21.96 22.77 20.62 22.31 23.98 23.02 22.79 25.78 26.81 25.90 26.76 29.30 28.94 27.31 26.17 22.57 20.57 18.12 17.10 16.09 15.21 16.36 18.00 19.19 21.22 20.57 20.67 22.33 21.06 19.18 20.17 22.25 19.33 19.41 22.40 24.26 22.12 24.10 22.88 22.96 22.52 23.16 23.81 24.85 25.93 26.13 27.74 28.64 26.52 26.77 28.63 27.69 24.77 26.28 27.74 26.08 23.95 25.56 24.25 25.24 23.16 22.34 21.31 20.87 19.76 19.04 18.75 18.51 20.17 21.48 23.20 22.37 21.24 21.39 20.50 20.43 21.64 24.50 25.42 24.29 25.72 27.73 26.59 25.04 27.00 29.34 28.53 27.43 28.39 28.78 29.50 28.32 28.27 30.54 29.47 30.10 29.82 
21.67 19.14 16.75 16.45 16.44 14.01 13.48 13.95 11.80 10.29 8.69 6.84 0.06 6.21 7.67 9.88 11.73 10.39 9.81 9.25 8.79 9.28 10.78 13.96 15.86 15.44 17.99 19.26 17.99 16.13 14.80 15.21 15.88 16.58 16.76 17.96 19.20 19.76 19.44 20.00 22.16 21.20 19.45 21.22 23.22 20.25 19.75 21.34 21.48 19.55 21.03 23.09 21.38 21.74 24.54 25.41 23.82 24.97 27.33 27.18 25.07 23.96 20.60 18.55 16.31 14.88 13.64 13.27 14.55 16.04 17.35 18.84 18.39 18.26 20.60 18.75 17.27 18.26 20.02 17.29 17.50 20.49 22.11 20.01 21.76 21.51 21.25 21.19 21.55 22.41 23.10 24.60 24.49 26.37 26.81 25.04 25.13 27.45 25.84 23.09 24.91 26.31 24.07 22.29 24.25 22.91 23.29 21.57 21.18 19.92 19.26 18.27 17.87 17.32 16.90 18.83 20.45 21.71 20.67 19.91 20.60 19.31 18.88 20.35 23.26 23.92 22.53 24.22 26.09 24.99 23.29 25.72 27.95 27.33 26.28 27.41 27.79 28.34 27.55 28.35 29.69 28.68 29.15 30.03 
22.90 20.56 18.39 17.99 18.18 16.87 15.67 16.40 13.77 12.61 10.60 8.18 6.21 0.00 6.25 7.71 8.95 10.01 7.43 8.27 8.16 11.48 11.68 15.50 17.21 18.30 20.60 22.10 20.10 18.37 16.64 17.00 17.16 18.46 18.47 19.19 20.53 21.40 21.00 21.01 23.06 22.20 20.26 21.51 23.69 20.75 20.39 21.69 22.22 19.93 21.67 23.48 22.24 22.35 25.39 25.97 24.35 25.42 28.01 27.78 25.76 24.48 21.36 19.53 17.13 15.86 15.33 14.72 15.78 17.24 18.76 20.01 18.58 18.23 20.54 18.86 17.44 18.15 20.17 17.43 18.09 20.54 22.43 20.18 22.76 21.81 22.12 21.89 22.54 23.22 24.17 25.58 25.57 26.86 27.63 25.62 25.81 27.77 26.85 24.11 25.80 27.35 25.33 23.42 25.15 23.64 23.99 22.39 21.76 20.59 19.85 19.06 18.72 18.09 18.07 20.11 21.60 22.95 22.17 21.08 21.72 20.57 20.38 21.55 24.43 25.09 23.91 25.21 27.05 25.81 24.27 26.41 28.96 28.21 27.28 28.33 28.81 29.63 28.45 28.55 31.12 29.62 29.97 29.80 
24.99 23.15 21.65 21.74 21.70 19.73 19.62 19.57 16.95 15.59 13.24 10.29 7.67 6.25 2.20 5.33 5.74 8.18 6.97 8.26 8.33 11.82 14.43 17.66 19.17 20.82 24.07 25.30 22.62 20.83 19.72 19.35 19.13 20.46 20.61 20.96 21.88 23.35 23.29 22.95 24.82 23.74 21.85 23.36 25.36 22.21 21.34 22.92 23.44 21.57 22.62 24.66 23.37 23.83 26.56 27.77 26.11 27.12 29.72 29.85 28.06 26.81 23.25 21.34 18.62 17.47 17.33 17.15 17.80 19.36 21.21 22.13 20.61 19.86 22.43 20.83 18.82 19.31 21.71 19.17 18.58 21.74 24.05 21.89 23.97 23.63 23.62 23.64 23.99 25.12 26.01 27.59 27.48 29.32 29.65 27.73 27.47 29.95 28.71 26.10 27.11 28.94 26.89 25.08 26.27 25.15 25.49 23.96 23.28 21.95 21.30 20.80 20.45 19.99 20.00 22.02 23.44 24.66 24.56 23.65 23.60 22.50 22.27 23.40 25.99 26.86 25.50 27.07 28.76 27.73 25.67 28.13 30.62 29.84 28.91 29.82 30.16 30.91 30.44 29.88 31.73 30.78 31.98 30.71 
26.53 24.66 23.11 23.81 24.40 22.35 21.63 22.53 19.27 17.90 16.24 12.43 9.88 7.71 5.33 0.00 5.01 7.68 9.08 12.13 12.35 15.13 17.05 21.66 21.02 22.77 26.49 27.20 24.41 22.99 21.24 20.77 20.33 21.37 21.68 22.18 23.39 24.97 24.76 25.23 26.51 25.95 23.68 25.26 26.99 23.87 23.15 24.74 25.00 23.10 24.12 26.20 24.65 25.03 28.03 29.14 27.29 28.41 30.88 31.30 29.25 28.42 24.47 22.89 20.10 18.97 18.77 18.59 19.28 20.71 22.50 23.96 21.99 21.71 23.40 21.51 18.81 18.53 21.82 18.63 17.80 21.32 24.70 22.46 25.11 24.70 24.91 25.03 25.48 26.61 27.46 29.29 29.15 30.82 30.84 28.91 28.79 30.89 29.68 26.96 28.53 29.97 28.32 26.65 28.23 26.87 27.85 25.91 24.84 24.17 23.43 22.71 21.91 22.00 21.69 23.58 24.41 25.88 25.30 24.83 24.99 23.90 23.42 25.02 27.57 28.67 27.04 28.70 30.44 29.52 27.83 29.85 32.43 31.65 30.86 31.65 31.92 32.86 31.42 31.11 33.72 32.63 32.69 31.26 
27.33 25.32 23.20 24.19 25.63 23.67 22.71 23.42 21.39 19.34 17.11 14.29 11.73 8.95 5.74 5.01 0.00 5.70 7.97 10.95 12.92 14.79 16.94 20.18 21.33 21.31 24.82 26.47 24.27 22.98 21.84 20.87 20.27 20.82 21.26 21.97 23.16 24.57 24.76 24.33 26.89 26.13 24.12 25.29 27.27 24.23 23.70 25.01 25.28 23.04 24.36 25.96 24.22 24.46 27.66 28.52 26.88 27.84 31.05 30.93 28.72 27.77 24.19 22.57 20.25 19.39 18.95 18.99 19.91 21.50 22.73 24.09 22.35 21.37 23.20 21.64 19.08 19.25 21.27 19.09 18.97 21.93 24.80 23.22 25.95 25.44 25.65 25.20 25.65 26.68 28.10 29.33 29.43 30.63 30.88 28.51 28.47 30.38 28.87 26.24 28.06 29.27 27.22 26.02 28.32 27.20 28.00 26.28 25.34 24.42 23.83 22.79 21.87 21.87 22.03 23.26 24.50 25.70 25.11 24.47 25.13 23.65 23.05 24.53 27.72 28.28 26.70 28.12 29.88 29.01 27.41 29.44 31.64 31.32 31.19 31.39 31.38 32.49 32.14 31.53 33.99 31.93 33.81 32.96 
26.53 24.43 22.17 23.15 23.85 22.26 21.54 22.25 19.21 18.27 16.57 13.05 10.39 10.01 8.18 7.68 5.70 0.00 6.91 9.48 9.92 12.94 13.98 17.87 18.93 20.84 22.85 24.78 22.47 21.66 19.44 19.21 18.82 19.85 20.31 20.88 22.56 24.40 23.76 23.63 25.62 25.89 23.48 24.47 26.40 24.16 23.52 24.59 24.60 22.66 23.43 25.41 23.70 24.04 26.23 27.44 25.57 26.79 29.34 29.82 27.24 25.99 21.69 20.73 18.44 17.73 17.77 17.94 19.45 21.06 22.52 23.78 22.17 21.76 23.17 21.49 19.83 20.22 21.65 18.93 19.78 22.90 25.03 23.20 25.75 24.98 25.42 25.38 25.59 26.85 27.70 29.51 29.25 30.22 29.98 28.11 28.26 30.00 28.67 26.29 28.11 29.39 27.58 26.28 28.23 26.59 27.47 25.95 24.72 23.50 22.88 22.31 21.14 20.79 20.39 22.31 23.19 24.57 23.84 23.46 23.87 22.82 22.23 24.27 26.85 27.61 25.89 27.67 29.02 28.03 26.56 28.68 31.29 30.66 30.07 30.77 30.94 32.04 31.28 30.59 33.31 32.46 33.18 31.98 
26.33 24.31 22.22 22.77 22.00 20.69 20.42 20.63 17.42 15.19 13.79 10.62 9.81 7.43 6.97 9.08 7.97 6.91 0.00 7.28 6.71 9.97 12.22 15.54 17.10 18.64 21.30 22.15 20.03 18.56 17.96 17.92 18.03 19.61 20.26 21.13 22.73 24.33 24.15 23.98 25.84 25.59 24.03 24.93 26.80 23.90 23.32 24.04 24.06 21.72 22.68 24.18 23.09 22.86 24.98 25.89 24.72 25.44 27.49 28.06 25.46 24.14 19.96 18.40 16.36 15.90 16.67 17.49 19.13 21.16 23.02 24.39 23.48 22.47 24.02 22.36 20.60 21.13 22.50 19.64 19.63 22.91 24.93 23.04 25.26 24.54 25.11 24.99 25.43 26.60 27.46 28.89 28.85 30.17 30.16 28.31 28.08 30.17 28.72 26.47 27.78 29.30 27.20 25.98 27.88 26.51 27.12 25.31 24.45 22.52 21.60 20.62 19.95 19.12 18.87 20.63 21.75 22.88 22.83 22.20 22.31 21.49 21.24 23.12 26.01 26.77 25.07 26.87 28.42 27.45 25.79 28.10 30.49 29.70 29.49 29.62 29.68 30.71 30.87 30.15 31.85 31.45 33.61 31.83 
26.12 23.95 21.41 22.55 21.97 20.33 19.26 19.28 16.22 14.77 12.77 10.99 9.25 8.27 8.26 12.13 10.95 9.48 7.28 0.00 6.92 8.51 10.09 13.06 14.52 16.19 19.44 21.13 17.87 17.86 16.76 17.23 17.75 19.42 20.20 21.49 23.59 25.31 24.86 25.41 27.27 26.68 25.06 25.89 27.75 24.46 24.06 24.67 25.09 22.35 23.52 24.79 23.43 23.15 25.17 25.67 23.86 24.99 27.13 27.41 25.10 23.89 19.35 17.93 16.16 15.32 16.88 18.31 20.60 22.31 24.05 25.74 25.31 25.02 25.69 24.13 22.44 22.46 24.16 21.00 20.96 24.10 26.31 24.20 26.66 25.69 26.07 25.78 26.39 27.41 28.29 29.62 29.32 30.81 30.51 28.24 28.15 30.21 28.51 26.28 27.93 29.74 27.81 26.60 28.60 27.31 28.38 26.00 25.01 23.67 22.70 21.10 19.75 19.25 18.48 20.37 21.08 23.55 22.39 21.67 21.68 21.11 21.02 23.00 26.24 27.08 25.63 27.02 28.93 27.92 26.31 28.33 30.68 29.91 29.83 29.98 29.94 30.84 30.45 30.05 32.06 31.75 32.96 31.48 
24.28 21.45 18.66 19.50 19.66 17.56 16.36 16.36 13.82 12.36 10.86 8.52 8.79 8.16 8.33 12.35 12.92 9.92 6.71 6.92 0.00 6.11 7.54 9.54 10.23 11.46 15.55 16.12 14.23 13.48 13.20 13.56 14.46 16.45 17.07 19.27 21.11 22.83 22.58 22.96 25.01 24.60 22.75 23.98 25.42 22.39 21.83 22.78 22.47 20.23 21.28 22.56 20.65 20.13 22.93 22.68 20.60 20.95 23.85 23.62 21.04 19.31 15.94 13.82 12.30 11.59 13.08 15.62 18.37 20.48 21.72 23.84 23.38 23.43 24.44 23.13 21.35 22.24 22.99 20.25 20.36 23.29 24.90 22.96 25.10 24.39 24.37 24.04 24.35 25.29 26.01 27.39 26.79 28.26 27.84 26.06 25.48 27.52 25.58 23.71 25.26 27.14 25.09 24.42 26.43 25.89 26.58 24.57 23.49 21.86 20.93 18.90 17.24 16.34 15.75 17.00 17.83 19.86 18.82 17.92 18.45 17.69 17.33 19.67 23.10 24.27 22.70 24.45 26.20 25.36 23.91 25.68 27.51 27.49 27.66 27.46 26.86 28.26 28.74 28.93 29.08 28.94 30.98 31.58 
23.79 21.06 18.33 19.26 19.08 17.26 15.41 15.27 12.49 11.97 10.32 8.75 9.28 11.48 11.82 15.13 14.79 12.94 9.97 8.51 6.11 0.00 5.84 7.06 8.43 10.77 13.30 14.81 14.05 14.19 11.89 14.21 15.64 18.01 18.83 21.05 22.74 24.56 24.19 24.55 26.14 25.93 23.99 24.70 25.99 23.28 22.37 23.52 23.09 20.82 21.45 22.91 20.71 20.64 22.19 22.59 20.17 21.35 23.41 23.39 21.05 19.75 15.74 13.90 12.62 12.01 14.92 17.09 19.93 22.38 23.92 25.82 24.46 24.74 25.57 24.43 22.74 23.95 24.44 21.29 21.89 24.73 26.24 24.15 26.33 24.98 25.11 25.05 25.51 26.28 26.69 28.51 27.86 29.01 28.28 26.50 25.94 27.86 26.06 24.20 25.87 28.02 26.42 25.42 27.70 26.74 27.78 26.05 24.64 23.45 21.57 20.40 17.78 16.91 15.74 17.69 18.21 20.27 18.98 18.93 19.56 18.67 18.45 20.76 23.66 24.62 23.10 24.83 26.32 25.59 24.02 26.09 28.15 27.59 27.72 27.81 27.53 28.33 28.71 28.26 29.55 29.28 31.43 30.73 
23.44 20.84 18.63 18.92 18.65 15.99 15.11 14.23 11.50 9.26 10.63 9.90 10.78 11.68 14.43 17.05 16.94 13.98 12.22 10.09 7.54 5.84 0.00 5.92 6.51 8.85 11.07 12.62 12.85 12.22 11.00 13.17 15.70 17.41 18.50 21.02 23.05 24.61 25.07 25.09 26.42 25.77 24.14 24.85 26.00 22.60 22.14 22.95 22.13 19.51 20.60 21.47 19.86 19.04 21.09 20.94 19.92 20.15 22.24 21.78 19.59 18.03 14.45 12.78 11.43 11.74 15.06 17.19 19.77 22.52 24.37 25.97 25.46 24.83 26.48 24.89 23.41 24.49 24.90 21.66 22.20 24.79 26.24 23.73 25.68 24.72 25.00 24.50 25.03 25.83 26.48 27.72 27.37 28.46 28.20 25.99 25.57 27.57 25.84 23.89 25.45 27.86 26.22 25.23 27.71 27.23 28.04 26.12 25.17 23.01 21.77 19.43 17.96 16.03 15.59 16.51 17.75 18.35 17.58 17.33 18.65 17.93 17.40 19.80 23.13 24.30 22.57 24.23 26.09 25.11 23.57 25.53 27.67 27.06 27.03 26.93 26.63 27.59 27.97 27.91 28.35 28.41 31.12 30.42 
23.84 21.76 19.18 19.82 19.61 17.14 15.94 14.89 12.54 11.30 13.22 13.89 13.96 15.50 17.66 21.66 20.18 17.87 15.54 13.06 9.54 7.06 5.92 0.00 6.14 7.42 9.28 12.00 12.32 12.79 12.73 15.30 17.47 19.67 21.34 23.29 25.59 27.11 27.27 27.40 28.68 27.71 25.62 26.36 27.33 24.38 23.69 24.53 24.03 21.73 22.37 23.38 21.09 20.65 21.66 21.83 20.36 20.81 22.30 22.01 19.69 18.39 15.59 13.46 13.99 14.45 17.57 19.88 22.83 25.18 26.67 28.46 27.55 27.91 28.91 27.58 25.59 27.04 27.49 24.71 24.57 27.12 28.25 26.17 27.77 26.76 26.63 26.26 26.50 27.40 28.03 29.13 28.54 29.66 29.12 26.82 26.28 28.54 27.05 24.97 26.87 29.28 28.21 27.27 29.92 29.31 30.76 29.12 27.74 25.78 23.73 21.65 19.31 17.69 15.96 17.28 17.49 19.26 17.91 17.37 18.87 19.04 18.87 20.96 24.36 25.55 24.19 25.62 27.50 26.61 25.07 26.89 28.93 28.29 28.56 28.55 28.13 28.82 29.09 28.64 29.16 28.94 31.50 30.43 
23.18 20.64 18.09 18.86 18.97 16.65 15.10 15.47 13.42 13.14 14.76 15.13 15.86 17.21 19.17 21.02 21.33 18.93 17.10 14.52 10.23 8.43 6.51 6.14 0.00 5.84 8.34 9.58 11.37 12.92 12.21 15.00 17.60 19.39 20.89 23.20 25.38 27.27 27.45 27.26 28.56 27.17 25.08 25.38 26.07 22.93 22.81 23.33 22.86 20.33 21.75 22.23 19.99 18.99 21.12 20.39 19.30 18.48 21.01 19.10 17.50 15.22 13.72 10.85 12.98 13.36 17.33 19.58 23.65 25.70 27.51 28.79 28.27 27.72 29.29 27.72 25.41 26.72 27.35 24.30 24.29 26.48 27.48 25.07 27.18 25.52 25.42 24.80 25.19 25.78 26.42 27.30 27.04 27.65 27.60 25.21 24.92 26.95 25.73 23.55 25.47 27.93 27.02 26.28 29.79 28.80 30.50 28.49 27.27 25.08 23.66 22.02 19.74 16.40 15.53 16.57 15.44 17.37 16.35 15.86 17.23 17.20 16.54 19.06 21.99 23.65 22.92 24.07 25.91 25.05 23.98 25.28 27.06 26.91 27.59 27.04 25.84 27.20 27.98 27.79 27.45 26.46 29.76 29.91 
21.96 19.23 16.85 17.95 17.22 14.85 13.78 13.96 12.21 12.88 14.47 15.60 15.44 18.30 20.82 22.77 21.31 20.84 18.64 16.19 11.46 10.77 8.85 7.42 5.84 0.00 6.61 8.01 8.89 10.26 10.55 13.43 15.71 17.65 18.90 20.99 23.80 25.29 26.05 25.28 26.92 25.16 23.38 23.49 24.51 20.74 20.37 21.28 21.24 18.31 19.44 20.07 17.54 17.60 18.90 18.90 16.56 17.18 17.34 15.93 12.97 11.78 10.23 8.78 10.67 11.18 15.11 17.97 21.88 23.84 25.60 27.58 26.80 26.77 27.72 26.22 24.09 25.68 26.00 22.68 22.82 25.29 25.93 23.30 25.15 23.63 23.53 23.12 23.77 24.20 24.57 25.73 25.44 26.17 25.39 23.12 23.03 24.97 23.72 20.94 23.09 25.73 25.26 24.44 27.87 27.37 29.24 27.08 25.11 23.16 21.75 19.76 16.27 14.62 12.78 13.42 11.04 13.51 12.77 12.67 14.92 15.11 14.79 16.72 19.48 20.98 20.41 22.27 23.92 23.36 22.23 23.65 25.29 24.72 25.45 25.21 24.45 24.97 26.26 25.56 24.97 24.76 27.99 28.09 
23.22 21.40 19.49 19.96 18.65 16.68 15.91 16.97 15.44 15.73 17.83 18.50 17.99 20.60 24.07 26.49 24.82 22.85 21.30 19.44 15.55 13.30 11.07 9.28 8.34 6.61 0.00 6.43 7.62 9.36 10.38 13.99 16.64 18.91 21.34 23.03 25.08 28.05 28.94 28.29 28.74 27.19 24.94 25.29 26.29 22.24 21.40 22.59 22.94 19.21 19.74 20.61 18.53 18.00 19.24 19.25 18.32 17.56 17.56 15.65 14.94 13.48 11.40 10.83 13.07 14.09 17.07 19.74 23.36 25.72 27.15 29.49 28.68 28.38 29.32 27.50 25.07 26.84 27.37 23.76 23.69 26.26 26.94 24.12 25.70 24.08 24.32 23.83 24.04 24.85 25.68 26.86 26.47 27.14 26.76 24.61 24.10 26.26 24.86 22.49 24.12 26.86 26.60 25.94 29.66 29.17 30.67 28.24 25.86 24.40 22.77 19.75 18.82 14.85 13.15 12.14 11.07 13.07 12.77 10.88 15.37 15.46 15.79 17.46 20.97 21.97 21.52 23.02 25.18 24.17 23.33 24.80 26.52 25.78 26.37 26.20 25.38 26.17 26.81 26.03 26.36 25.62 28.92 28.47 
23.50 21.83 19.95 20.60 19.50 17.67 17.23 17.73 16.72 17.14 18.95 20.08 19.26 22.10 25.30 27.20 26.47 24.78 22.15 21.13 16.12 14.81 12.62 12.00 9.58 8.01 6.43 0.00 5.50 7.35 9.16 11.60 15.10 17.21 19.85 21.83 25.01 27.09 28.31 27.53 28.54 26.32 24.40 24.65 25.79 21.30 20.64 21.55 21.68 17.82 18.53 19.60 17.66 17.13 18.57 18.86 17.50 17.45 17.56 15.59 13.35 12.34 11.24 9.36 12.65 15.08 17.40 19.57 23.52 25.69 27.11 29.19 28.56 28.66 29.44 27.26 24.92 26.40 27.22 23.54 23.91 25.96 26.54 24.08 25.73 24.19 24.00 23.80 23.98 25.01 25.72 26.83 26.36 27.42 26.34 23.99 23.37 25.36 24.19 21.70 23.26 26.62 26.13 25.69 29.16 28.57 29.78 27.01 25.31 23.72 22.12 17.64 15.29 13.03 10.10 8.74 9.22 12.24 11.29 10.32 13.39 14.47 14.50 16.29 19.31 21.04 20.37 22.53 24.32 23.81 22.67 24.25 25.74 24.87 25.52 25.54 24.98 25.42 26.47 25.67 25.23 25.17 27.92 27.91 
23.26 21.21 19.55 20.29 19.14 17.34 17.32 18.28 16.74 17.04 18.50 18.56 17.99 20.10 22.62 24.41 24.27 22.47 20.03 17.87 14.23 14.05 12.85 12.32 11.37 8.89 7.62 5.50 0.00 5.76 7.70 9.77 11.82 15.23 17.93 20.27 23.13 25.05 25.99 26.28 27.43 25.64 23.56 23.37 23.92 19.97 19.61 20.01 19.38 15.59 16.91 17.32 14.97 14.48 15.92 15.92 14.02 14.10 15.13 12.73 10.40 9.44 6.39 5.97 8.95 12.17 14.68 16.91 20.42 23.43 24.69 27.57 27.04 27.04 27.92 26.37 23.03 24.79 25.36 22.11 22.49 24.52 24.56 22.46 24.48 22.40 22.25 21.71 22.53 23.23 23.95 24.89 24.64 25.15 24.49 22.07 21.25 23.25 21.90 19.67 21.02 24.20 23.61 23.09 26.01 24.99 25.96 24.32 22.76 21.18 20.58 16.96 14.96 9.65 8.31 9.02 6.00 11.05 12.39 11.36 13.13 12.56 12.09 13.66 17.39 18.34 19.05 20.47 22.42 21.55 20.91 21.85 23.19 22.89 23.60 23.28 22.23 23.44 24.62 23.19 23.47 22.63 26.16 27.00 
22.32 19.99 18.41 19.16 17.53 16.32 15.81 17.40 15.89 16.33 16.58 17.11 16.13 18.37 20.83 22.99 22.98 21.66 18.56 17.86 13.48 14.19 12.22 12.79 12.92 10.26 9.36 7.35 5.76 0.00 5.50 7.07 9.40 11.08 14.95 16.38 19.11 20.83 22.25 21.57 22.82 20.55 19.39 19.55 19.71 15.40 15.14 15.32 14.23 11.59 13.52 13.76 11.13 12.44 14.81 14.38 11.79 12.46 14.73 13.23 10.50 7.76 6.60 5.13 7.43 9.16 12.37 15.09 18.91 20.84 21.94 24.46 24.16 24.45 25.21 23.33 20.25 22.51 22.90 18.83 19.92 22.89 22.69 20.30 22.25 20.54 19.88 19.45 20.21 20.84 21.42 22.39 22.37 23.38 22.51 20.11 19.24 20.86 19.62 16.91 17.79 20.98 20.97 19.81 22.80 21.28 23.23 20.94 19.43 16.78 15.64 11.31 7.92 4.75 5.32 5.01 3.22 9.67 11.91 10.28 10.83 10.74 10.06 12.20 15.32 16.59 16.54 18.57 20.31 19.91 18.71 19.96 21.48 20.71 21.42 21.20 20.67 21.36 22.79 21.33 21.18 21.23 24.28 25.40 
22.10 20.31 18.74 18.99 16.76 15.11 15.21 16.22 15.40 15.37 15.82 15.63 14.80 16.64 19.72 21.24 21.84 19.44 17.96 16.76 13.20 11.89 11.00 12.73 12.21 10.55 10.38 9.16 7.70 5.50 0.00 5.54 6.90 9.54 11.81 13.60 16.43 18.75 19.48 19.40 19.65 18.61 16.32 16.60 17.86 12.82 12.64 13.59 13.06 9.26 12.01 13.24 10.80 11.53 14.83 14.95 12.04 14.33 15.55 13.85 11.88 10.82 6.23 4.91 5.50 8.27 9.51 12.25 15.49 18.16 18.86 22.24 21.76 22.02 22.97 21.96 18.25 20.69 20.97 17.16 17.48 20.53 21.10 18.49 20.36 18.22 18.55 17.31 17.78 18.34 19.63 20.19 19.74 20.80 20.89 18.22 17.37 18.85 17.65 14.19 15.49 17.32 16.99 15.57 19.38 18.07 20.18 18.34 17.36 14.39 13.33 9.07 8.92 5.50 5.76 8.62 9.95 13.45 13.06 10.98 11.90 12.16 11.30 11.73 15.04 16.38 16.61 17.59 19.22 18.39 17.73 19.10 20.67 19.70 20.25 20.69 20.25 20.90 21.74 20.14 21.50 20.83 23.85 24.29 
22.38 20.53 18.82 19.74 17.53 15.96 15.47 17.03 15.81 15.79 15.84 16.42 15.21 17.00 19.35 20.77 20.87 19.21 17.92 17.23 13.56 14.21 13.17 15.30 15.00 13.43 13.99 11.60 9.77 7.07 5.54 0.00 5.38 6.53 9.82 11.07 14.01 16.41 16.70 16.85 17.43 15.71 13.79 14.44 15.33 9.93 10.16 11.26 11.03 6.75 10.48 12.88 10.79 10.94 14.69 15.34 13.06 14.62 16.60 15.88 13.78 12.25 7.89 6.12 6.28 6.87 8.30 10.51 13.60 15.98 17.26 19.93 19.33 19.43 20.73 18.56 15.88 18.37 19.03 14.66 15.87 18.95 19.63 17.10 19.45 17.04 17.02 16.42 16.65 17.27 18.75 19.51 19.30 20.31 20.17 17.41 16.50 18.31 16.80 13.62 14.09 16.19 15.79 13.76 17.42 16.39 18.31 15.11 13.63 11.41 9.90 6.10 5.85 4.65 5.87 10.50 12.78 16.24 14.57 13.56 13.79 12.80 12.34 12.58 15.07 15.44 15.13 16.55 18.03 17.26 16.24 18.10 19.45 18.16 19.10 19.59 19.36 20.11 21.18 19.64 20.23 20.62 22.91 24.07 
22.61 20.79 18.89 19.77 18.16 16.58 16.20 17.57 16.64 16.43 16.61 16.61 15.88 17.16 19.13 20.33 20.27 18.82 18.03 17.75 14.46 15.64 15.70 17.47 17.60 15.71 16.64 15.10 11.82 9.40 6.90 5.38 0.00 5.91 7.56 9.93 12.29 14.18 14.20 15.05 15.63 12.96 13.02 13.21 14.96 9.04 10.37 11.45 11.18 7.67 11.75 13.56 11.80 12.15 15.19 15.94 15.03 16.34 17.89 17.99 16.45 14.84 10.67 9.44 6.85 8.30 6.25 9.55 10.12 13.54 14.22 17.27 17.08 17.29 18.10 17.41 13.67 16.77 16.93 13.50 15.35 18.17 18.58 16.38 19.00 16.07 16.37 15.57 16.25 16.65 17.93 19.07 18.90 19.84 19.62 17.28 16.24 17.98 16.36 13.05 13.80 15.49 14.25 12.11 15.97 14.54 16.84 13.21 12.96 10.16 9.92 5.97 8.63 7.27 8.06 11.75 14.24 17.62 17.01 14.90 15.68 14.27 14.21 14.79 16.71 16.46 15.80 16.80 18.21 17.05 16.10 17.63 19.22 18.18 18.69 19.27 19.09 19.94 20.84 18.58 20.62 19.73 23.02 24.20 
23.46 21.65 19.93 20.81 19.06 17.86 17.21 19.07 18.05 18.26 18.13 18.24 16.58 18.46 20.46 21.37 20.82 19.85 19.61 19.42 16.45 18.01 17.41 19.67 19.39 17.65 18.91 17.21 15.23 11.08 9.54 6.53 5.91 0.00 6.79 7.06 9.95 11.31 11.20 11.96 11.10 8.12 7.52 9.71 9.62 3.57 6.03 8.98 8.64 5.83 10.66 14.25 11.83 13.51 17.41 18.97 17.30 18.87 20.96 21.06 18.97 17.68 14.30 12.52 10.07 8.13 7.05 7.36 8.69 11.31 12.05 15.95 16.07 16.40 17.37 15.27 11.09 15.85 16.48 12.26 14.49 18.36 18.89 16.20 18.49 16.14 16.74 15.95 16.37 16.70 18.08 19.25 19.36 20.45 20.66 18.21 17.17 18.77 17.53 13.89 14.37 15.05 14.76 11.89 15.07 13.39 15.04 10.98 9.30 8.28 7.53 4.06 7.95 10.48 10.69 15.38 16.98 20.79 19.91 18.40 18.69 17.19 16.19 16.18 18.03 17.71 16.61 17.53 18.95 18.37 17.20 18.67 20.13 19.09 19.33 19.86 19.70 20.36 21.49 19.45 20.17 20.16 23.37 24.37 
24.44 22.79 21.19 21.49 19.22 17.94 17.49 19.23 18.34 18.69 18.98 18.61 16.76 18.47 20.61 21.68 21.26 20.31 20.26 20.20 17.07 18.83 18.50 21.34 20.89 18.90 21.34 19.85 17.93 14.95 11.81 9.82 7.56 6.79 0.00 7.52 8.60 11.33 11.16 11.14 12.34 10.42 8.42 10.27 12.84 8.36 9.32 11.64 12.64 9.43 13.51 16.53 13.91 15.56 19.67 21.13 18.99 21.65 23.48 23.57 21.35 20.99 16.20 14.08 10.44 10.13 5.69 5.69 5.32 8.19 9.48 13.18 14.07 14.52 15.18 13.94 9.41 14.52 15.71 11.61 13.54 17.78 18.96 15.81 18.26 15.86 17.25 16.09 16.19 16.10 18.11 18.96 18.78 20.03 20.78 17.91 16.92 18.50 16.70 12.61 13.70 14.41 12.08 9.24 12.81 10.51 13.03 8.93 7.83 6.68 8.53 6.95 10.00 11.92 15.77 19.48 20.46 23.89 22.54 21.04 21.61 19.01 18.91 18.17 19.24 18.64 17.35 17.71 19.52 18.60 17.88 19.25 20.94 19.51 19.38 19.98 19.98 20.44 20.84 19.15 21.49 20.63 23.75 24.10 
25.36 23.63 21.88 22.50 20.42 19.06 18.34 20.42 19.66 19.52 19.53 19.69 17.96 19.19 20.96 22.18 21.97 20.88 21.13 21.49 19.27 21.05 21.02 23.29 23.20 20.99 23.03 21.83 20.27 16.38 13.60 11.07 9.93 7.06 7.52 1.31 6.48 8.68 9.41 9.73 9.40 7.88 7.24 8.22 11.12 6.21 7.46 10.00 12.51 10.11 13.01 17.09 15.55 17.10 20.97 22.69 21.38 23.28 25.25 25.62 23.81 22.47 17.46 16.53 12.89 11.32 7.33 7.01 6.29 7.09 8.26 11.71 12.84 13.24 14.67 12.07 8.40 13.55 14.96 10.59 12.36 17.17 18.39 15.20 17.57 15.68 16.82 16.24 16.45 16.27 18.00 18.98 19.07 20.59 21.28 18.72 18.02 19.63 18.36 14.72 15.13 16.20 14.30 11.28 13.47 11.09 12.63 8.15 6.98 6.23 8.45 8.57 11.51 14.53 17.40 21.15 22.77 25.49 25.19 23.62 23.65 21.22 20.60 19.72 20.89 20.14 18.35 18.92 20.52 19.74 18.63 19.64 21.08 19.77 19.38 20.03 19.81 20.54 21.15 19.64 20.93 20.93 23.20 24.31 
27.13 25.34 23.71 23.95 22.04 20.74 20.14 22.07 21.20 21.08 20.73 20.90 19.20 20.53 21.88 23.39 23.16 22.56 22.73 23.59 21.11 22.74 23.05 25.59 25.38 23.80 25.08 25.01 23.13 19.11 16.43 14.01 12.29 9.95 8.60 6.48 3.01 5.66 4.55 7.87 9.20 7.05 7.41 8.43 11.69 8.17 10.46 12.17 14.35 12.06 16.08 19.09 18.31 19.21 22.53 24.50 24.18 25.69 27.41 27.76 26.33 25.51 20.13 19.16 14.26 13.91 10.77 9.70 6.19 8.07 7.25 10.93 11.91 12.91 14.21 12.70 9.82 13.82 15.21 11.47 14.39 18.23 19.02 16.19 19.26 17.36 18.28 17.82 18.16 18.20 19.03 20.03 19.72 21.25 21.66 19.61 19.03 20.52 19.03 16.04 16.58 17.47 16.09 12.14 13.26 10.95 12.41 7.55 5.97 6.57 9.68 9.24 13.41 15.57 18.68 21.84 24.24 27.43 27.45 26.23 26.55 23.45 23.22 21.76 22.69 21.94 20.25 20.63 21.98 21.10 19.74 20.73 21.93 20.97 20.89 21.33 21.47 21.83 22.23 20.38 23.19 22.08 24.72 25.53 
28.41 26.38 24.45 24.83 23.28 21.57 20.87 22.62 22.00 21.69 21.61 21.53 19.76 21.40 23.35 24.97 24.57 24.40 24.33 25.31 22.83 24.56 24.61 27.11 27.27 25.29 28.05 27.09 25.05 20.83 18.75 16.41 14.18 11.31 11.33 8.68 5.66 0.00 5.79 7.01 9.98 8.67 8.46 9.83 12.86 9.11 11.15 13.14 14.67 13.27 16.83 20.61 19.35 20.23 23.97 25.91 25.40 26.80 28.91 29.34 28.58 27.17 22.44 20.98 15.62 15.47 12.41 11.71 8.02 9.09 8.20 9.89 10.90 12.65 13.92 11.44 7.24 13.97 14.38 10.85 13.94 18.90 18.51 15.71 19.23 18.01 18.78 18.24 18.96 19.01 19.92 21.07 20.96 22.65 23.10 20.89 20.27 21.69 20.47 17.29 17.38 18.88 17.15 14.20 15.26 12.07 13.36 9.31 7.76 9.30 11.86 12.31 15.12 18.83 21.27 24.47 26.92 29.19 29.24 27.76 27.32 24.70 23.93 23.13 24.28 23.32 21.45 22.15 23.55 22.66 21.27 22.27 23.60 22.45 22.01 22.86 22.49 23.03 23.54 22.08 23.71 23.21 25.50 25.71 
28.86 26.77 25.15 25.08 23.12 21.32 20.52 22.23 21.55 21.43 21.51 21.34 19.44 21.00 23.29 24.76 24.76 23.76 24.15 24.86 22.58 24.19 25.07 27.27 27.45 26.05 28.94 28.31 25.99 22.25 19.48 16.70 14.20 11.20 11.16 9.41 4.55 5.79 1.97 5.81 7.51 8.73 9.01 9.52 13.20 10.75 12.83 13.27 15.62 13.80 17.04 19.98 19.54 20.53 24.19 25.51 25.10 26.70 29.12 29.70 29.50 27.93 22.67 21.33 16.90 16.04 12.47 11.83 8.77 9.18 8.71 9.83 10.35 11.40 13.53 10.35 6.73 12.72 15.12 10.24 12.99 17.62 18.60 15.96 19.17 18.22 18.90 18.67 18.99 19.56 20.25 21.25 21.03 22.90 23.62 20.87 20.44 22.01 20.67 17.30 18.13 18.99 17.30 13.39 15.12 11.68 12.72 8.55 8.66 8.87 12.31 12.26 15.70 18.49 21.86 25.22 28.04 30.18 29.51 27.91 28.18 24.49 24.24 23.28 24.68 23.29 21.52 22.06 23.86 22.69 21.28 22.63 24.14 22.61 22.30 22.77 22.93 22.90 22.79 21.52 24.50 23.11 25.52 25.12 
29.10 27.05 25.14 25.39 23.67 21.51 20.93 22.55 21.80 21.46 21.43 21.71 20.00 21.01 22.95 25.23 24.33 23.63 23.98 25.41 22.96 24.55 25.09 27.40 27.26 25.28 28.29 27.53 26.28 21.57 19.40 16.85 15.05 11.96 11.14 9.73 7.87 7.01 5.81 1.21 4.76 4.91 6.09 8.51 10.71 9.97 10.88 11.75 14.29 13.91 16.00 19.24 18.65 19.60 23.36 25.45 24.20 26.10 27.85 29.07 28.84 27.31 22.53 21.47 17.59 16.54 13.22 12.95 10.59 10.68 9.94 11.64 11.24 11.48 13.54 11.34 8.68 12.88 13.65 10.83 12.62 17.33 17.65 15.11 18.37 17.40 18.24 17.96 18.59 18.84 19.97 20.88 20.64 22.85 23.29 20.86 20.49 22.49 20.80 18.05 18.54 19.99 17.67 14.94 15.52 11.80 12.43 8.93 7.69 7.74 10.43 12.57 14.69 17.63 21.15 24.51 27.57 29.60 28.50 27.07 26.82 24.37 23.18 22.82 23.76 22.84 20.85 21.52 23.02 22.23 20.77 21.97 23.52 22.34 21.68 22.19 21.98 22.64 22.81 22.16 23.82 23.42 24.88 25.09 
30.64 28.85 27.29 27.25 25.90 23.98 23.43 24.74 23.87 23.45 23.36 23.50 22.16 23.06 24.82 26.51 26.89 25.62 25.84 27.27 25.01 26.14 26.42 28.68 28.56 26.92 28.74 28.54 27.43 22.82 19.65 17.43 15.63 11.10 12.34 9.40 9.20 9.98 7.51 4.76 3.47 5.57 7.64 8.08 12.10 11.65 14.10 14.66 16.36 15.23 18.86 21.30 20.95 21.74 25.37 26.46 25.85 27.30 29.87 30.50 30.30 28.99 24.09 22.55 18.29 17.87 13.97 14.48 10.91 11.93 11.26 14.04 13.33 13.80 15.28 13.95 11.83 14.79 15.15 11.60 14.49 17.97 18.75 16.16 19.25 18.50 19.17 19.37 19.91 20.43 21.37 22.43 22.20 24.01 24.56 22.47 22.24 23.84 22.06 19.25 20.11 21.35 19.14 15.94 16.86 13.87 14.25 10.21 9.49 9.97 12.16 12.75 16.31 19.25 22.09 25.60 28.75 30.44 29.50 27.61 27.70 25.57 24.44 23.45 24.48 23.64 21.71 22.02 23.48 22.81 21.46 22.99 24.57 23.89 23.56 23.71 23.64 24.61 24.85 23.29 25.31 24.42 26.86 27.10 
30.18 27.98 25.77 26.22 24.73 22.38 21.64 23.30 22.43 22.12 21.92 22.49 21.20 22.20 23.74 25.95 26.13 25.89 25.59 26.68 24.60 25.93 25.77 27.71 27.17 25.16 27.19 26.32 25.64 20.55 18.61 15.71 12.96 8.12 10.42 7.88 7.05 8.67 8.73 4.91 5.57 1.83 5.81 7.63 9.15 8.50 10.14 12.19 13.13 12.55 15.94 18.91 17.95 19.15 23.42 25.17 24.18 26.15 28.47 29.32 28.86 28.01 23.14 21.68 17.16 16.34 12.34 12.50 10.01 11.12 10.68 14.01 14.39 15.15 16.37 14.02 11.42 15.42 14.78 10.23 13.05 16.83 16.97 14.05 17.73 16.76 17.75 17.78 18.61 19.53 20.37 21.79 21.63 23.86 24.46 22.39 21.66 23.62 22.28 19.02 19.46 21.06 19.19 15.67 15.99 12.95 13.20 8.38 8.25 10.16 10.61 10.85 14.38 17.87 20.86 24.25 27.62 28.79 27.45 26.35 26.59 23.95 23.27 22.18 23.83 22.52 21.05 21.01 23.18 22.20 21.16 22.42 24.49 23.34 23.08 23.59 23.56 24.00 24.45 23.55 24.86 24.41 26.22 26.29 
29.91 27.34 25.20 25.37 23.81 21.23 20.05 21.63 20.81 20.49 20.26 20.65 19.45 20.26 21.85 23.68 24.12 23.48 24.03 25.06 22.75 23.99 24.14 25.62 25.08 23.38 24.94 24.40 23.56 19.39 16.32 13.79 13.02 7.52 8.42 7.24 7.41 8.46 9.01 6.09 7.64 5.81 2.79 6.30 8.88 6.11 8.20 9.91 13.02 11.49 13.95 17.04 16.25 17.41 21.00 22.89 21.99 23.79 26.93 27.47 26.98 26.01 21.16 19.15 14.97 14.35 10.79 10.17 7.70 9.58 10.14 13.53 14.24 15.14 16.73 14.57 11.39 14.79 14.86 10.02 12.11 15.40 15.46 12.27 16.21 15.19 15.62 15.98 16.90 17.88 18.73 20.06 19.83 22.40 23.48 20.94 20.23 22.66 21.59 17.77 18.21 19.70 17.98 14.49 15.09 11.43 12.15 7.30 7.29 7.20 8.79 9.17 13.07 15.96 18.35 21.98 25.40 26.71 25.03 23.85 24.69 21.98 21.12 20.54 22.03 20.75 19.02 19.24 21.38 20.80 19.60 21.39 23.39 22.41 21.72 22.25 22.62 22.88 22.70 22.14 24.51 23.39 25.64 25.64 
30.40 28.01 25.37 26.04 24.82 22.16 20.99 22.94 22.19 21.75 21.39 21.93 21.22 21.51 23.36 25.26 25.29 24.47 24.93 25.89 23.98 24.70 24.85 26.36 25.38 23.49 25.29 24.65 23.37 19.55 16.60 14.44 13.21 9.71 10.27 8.22 8.43 9.83 9.52 8.51 8.08 7.63 6.30 3.29 7.11 6.51 7.32 8.18 11.44 11.64 12.41 14.62 15.61 16.74 20.22 21.68 21.25 23.28 26.30 27.44 27.02 25.87 21.01 19.20 16.19 15.22 12.23 11.69 10.26 11.56 12.46 15.22 16.18 16.67 18.92 15.84 13.39 15.80 15.19 10.75 12.15 14.68 14.18 10.96 15.01 14.47 15.20 15.87 16.87 18.12 19.56 21.08 20.91 23.19 24.40 22.40 22.02 24.12 23.18 19.84 20.27 21.74 19.79 16.75 17.14 13.79 14.30 10.84 9.56 8.54 10.34 11.71 13.75 15.90 19.37 22.38 25.08 26.71 25.17 24.25 25.01 22.70 21.89 21.08 22.95 21.82 20.09 20.47 22.79 22.13 21.10 22.64 24.87 23.56 23.31 23.82 23.69 24.17 24.44 24.09 25.23 24.96 26.23 26.33 
31.51 29.46 26.79 27.19 26.69 24.30 23.34 24.80 23.84 23.47 23.24 23.93 23.22 23.69 25.36 26.99 27.27 26.40 26.80 27.75 25.42 25.99 26.00 27.33 26.07 24.51 26.29 25.79 23.92 19.71 17.86 15.33 14.96 9.62 12.84 11.12 11.69 12.86 13.20 10.71 12.10 9.15 8.88 7.11 5.43 6.55 7.97 8.30 9.63 11.02 13.17 14.97 14.93 17.66 20.49 21.71 21.31 23.89 26.81 27.52 27.30 26.40 20.71 19.94 16.60 16.54 12.89 13.51 12.46 14.20 14.91 19.09 18.60 19.93 21.79 18.95 15.70 17.88 18.02 13.85 14.07 16.43 16.25 13.20 16.08 15.58 16.70 17.52 18.45 19.68 20.68 22.76 22.32 24.69 25.49 23.69 23.47 25.77 24.70 21.36 22.07 23.32 21.58 18.39 19.55 16.61 17.07 13.01 12.82 11.54 12.46 11.99 14.97 17.07 19.71 22.86 25.11 27.00 26.10 25.11 25.81 23.75 22.91 22.31 23.85 23.13 21.13 21.61 24.17 23.52 22.33 24.27 26.40 25.84 25.63 25.77 25.71 26.50 26.91 25.92 27.58 26.07 28.91 28.70 
29.37 26.47 23.71 24.60 23.59 20.84 19.60 21.73 20.72 20.61 20.09 21.07 20.25 20.75 22.21 23.87 24.23 24.16 23.90 24.46 22.39 23.28 22.60 24.38 22.93 20.74 22.24 21.30 19.97 15.40 12.82 9.93 9.04 3.57 8.36 6.21 8.17 9.11 10.75 9.97 11.65 8.50 6.11 6.51 6.55 1.32 5.27 6.92 6.83 6.72 9.39 12.09 11.52 12.75 16.68 17.97 17.17 19.22 22.60 22.98 23.02 21.86 16.47 15.32 12.53 12.03 7.91 9.11 9.08 11.12 12.99 16.88 17.06 18.13 20.54 17.14 13.78 16.40 16.63 11.57 12.05 14.21 14.26 9.98 13.67 12.40 13.56 14.05 15.51 16.64 18.31 20.08 20.19 22.34 23.40 21.49 21.20 23.30 22.74 19.23 19.93 21.98 20.08 16.75 17.82 14.82 14.43 10.76 9.75 9.90 8.43 7.29 11.07 13.88 15.29 18.75 21.53 23.56 22.35 21.82 22.12 19.78 19.24 18.64 20.67 19.86 18.01 18.82 21.63 21.16 19.88 21.81 24.23 23.05 22.66 23.54 23.52 23.73 24.51 24.35 25.11 24.48 26.22 26.50 
