0.00 5.45 5.99 9.86 10.44 12.19 14.95 16.11 16.37 15.23 17.40 18.18 19.41 20.55 22.25 22.23 22.62 24.00 25.01 24.81 24.31 23.16 21.62 21.84 22.04 20.50 21.40 22.19 23.07 23.05 23.92 23.59 23.54 23.74 25.02 24.41 24.08 24.03 25.86 24.85 22.85 22.83 24.69 23.30 20.96 20.60 22.26 21.30 19.23 18.16 18.13 18.08 18.24 18.75 19.85 18.69 18.34 17.52 16.11 15.27 15.11 14.68 16.85 18.78 20.62 21.62 23.74 24.23 23.67 23.07 22.92 22.54 21.73 19.78 20.78 20.56 21.03 19.88 17.72 20.94 23.87 23.55 25.98 
5.45 0.00 2.30 5.51 7.78 10.57 11.62 12.88 13.24 12.33 14.04 14.90 18.15 18.65 20.98 21.09 21.90 22.42 23.47 23.28 22.95 20.53 18.31 19.06 20.09 17.34 18.46 19.96 21.38 20.58 21.89 22.11 22.71 22.24 24.14 23.16 22.86 22.47 24.93 23.23 21.39 20.94 23.63 21.53 19.34 18.26 20.79 19.55 17.35 15.70 15.91 16.03 15.79 16.33 18.08 16.67 16.50 15.68 13.57 11.41 12.04 11.85 14.83 16.50 19.31 20.16 22.87 22.96 22.03 21.47 20.92 20.09 19.36 16.72 18.79 17.59 19.05 16.94 15.11 19.98 22.02 22.38 23.14 
5.99 2.30 0.94 4.77 7.16 9.17 11.88 12.14 13.02 12.35 14.15 14.71 18.67 19.49 21.97 22.30 23.24 23.55 23.67 24.03 24.21 21.38 18.74 19.44 20.68 17.88 18.62 19.68 21.46 20.33 21.91 22.15 22.82 22.37 24.22 23.02 22.64 22.10 24.28 22.72 21.10 20.53 22.35 20.55 18.98 18.05 19.63 18.60 16.78 15.48 15.53 15.14 14.95 15.39 16.97 15.46 16.16 15.36 13.09 10.63 12.22 13.05 15.10 16.44 19.55 21.00 23.38 22.99 21.93 21.21 21.02 19.82 19.48 16.86 18.17 18.10 19.40 17.36 15.14 19.49 22.64 22.37 23.23 
9.86 5.51 4.77 0.41 6.27 8.73 10.03 10.86 12.83 13.59 15.82 17.36 19.97 20.76 22.91 23.56 24.54 24.93 24.79 24.72 24.62 22.68 20.26 20.63 21.79 19.72 19.60 19.94 21.97 21.25 22.16 21.98 22.84 22.64 23.80 23.10 22.77 22.79 24.42 23.32 21.85 21.38 22.60 21.36 20.08 19.33 20.37 19.47 18.04 16.54 15.95 15.77 15.63 16.29 17.87 16.59 17.33 16.65 15.23 13.45 15.32 15.57 17.75 18.36 21.29 22.57 24.75 24.00 22.80 22.95 22.72 21.39 20.94 19.71 21.81 19.10 20.48 18.60 19.49 20.82 23.51 22.48 29.94 
10.44 7.78 7.16 6.27 0.00 5.77 6.70 8.22 11.23 12.24 15.09 15.45 18.65 18.73 21.61 21.92 22.87 24.44 24.56 23.89 22.86 21.04 19.20 19.34 19.99 17.61 18.63 18.93 20.19 19.47 20.54 20.57 21.54 21.07 22.98 22.07 21.89 21.59 23.66 22.42 20.69 20.61 22.76 21.00 19.40 18.94 20.54 19.12 17.13 16.01 15.50 15.52 15.82 16.58 18.38 16.84 17.70 16.78 14.81 14.27 15.32 15.23 17.55 18.81 21.51 23.21 25.32 24.92 23.52 22.85 22.09 20.78 19.84 18.92 20.30 19.19 19.81 20.25 20.85 20.29 20.91 21.88 25.88 
12.19 10.57 9.17 8.73 5.77 0.00 5.10 6.49 10.38 11.34 14.99 15.45 18.44 19.96 22.74 24.04 24.33 25.36 26.25 25.67 23.84 21.54 18.52 18.59 19.56 16.83 17.92 19.33 20.58 20.12 21.08 21.43 22.26 21.52 23.79 22.90 22.81 22.34 24.64 23.43 21.53 21.04 23.34 22.02 19.80 19.31 21.27 19.93 17.44 16.03 15.27 14.98 14.33 16.15 18.69 17.34 18.46 17.86 15.32 13.73 15.76 16.15 18.23 19.82 22.65 24.54 26.91 26.57 24.36 24.15 22.40 21.07 20.30 18.99 21.21 19.71 20.78 20.63 20.08 21.41 21.53 22.17 24.27 
14.95 11.62 11.88 10.03 6.70 5.10 0.00 4.97 7.01 9.24 12.76 14.13 17.98 19.49 22.85 24.17 24.33 25.93 26.35 25.98 24.78 21.99 18.65 18.92 19.94 16.53 17.58 17.76 19.76 19.72 21.05 21.10 22.42 21.83 24.37 23.17 22.95 22.13 24.69 22.75 21.18 20.26 22.46 20.22 18.76 17.16 19.68 18.23 15.91 14.33 14.52 13.17 12.65 14.60 18.11 15.86 16.76 17.10 14.69 12.00 14.45 15.42 18.14 19.12 22.20 23.92 26.38 26.41 24.16 23.06 21.69 20.19 19.62 17.56 19.92 18.69 20.43 20.16 19.35 20.14 21.47 21.89 23.52 
16.11 12.88 12.14 10.86 8.22 6.49 4.97 0.00 6.40 7.26 10.94 13.11 17.18 18.94 22.06 23.37 23.91 26.17 25.99 25.48 23.64 21.80 18.16 17.65 18.53 15.41 16.22 16.45 19.13 19.34 20.62 20.82 21.47 21.61 23.49 22.77 22.16 22.04 23.39 22.27 20.70 20.10 21.19 19.14 17.96 17.24 18.92 17.49 15.91 14.55 14.05 13.50 13.61 15.53 18.49 16.55 17.39 17.81 15.36 13.33 15.09 15.92 18.48 19.70 22.74 24.32 26.85 26.59 23.74 22.76 21.33 20.74 19.27 17.28 19.34 17.53 19.47 19.50 18.35 20.02 21.28 22.27 25.70 
16.37 13.24 13.02 12.83 11.23 10.38 7.01 6.40 0.00 5.53 7.89 10.41 15.26 16.89 19.22 20.70 22.51 24.38 24.36 23.72 21.75 19.40 16.15 16.04 16.31 12.79 15.06 15.54 17.11 16.83 19.00 19.20 20.30 19.58 21.85 20.88 20.81 19.88 21.51 19.72 18.59 17.75 19.24 16.38 15.88 15.17 17.20 15.06 13.87 13.08 12.98 12.56 14.21 15.84 18.02 16.32 17.22 17.09 15.30 13.31 14.70 14.19 16.89 18.32 21.56 22.72 25.40 24.87 22.70 21.22 19.72 18.48 17.20 14.53 16.73 15.15 17.01 17.95 15.96 19.19 20.69 22.92 24.43 
15.23 12.33 12.35 13.59 12.24 11.34 9.24 7.26 5.53 0.00 5.68 6.17 11.06 12.60 15.95 17.65 18.70 20.22 20.55 19.67 17.91 15.16 11.96 11.99 12.30 9.13 11.54 13.10 14.76 14.52 16.21 17.02 18.41 17.80 20.25 19.04 18.84 18.08 19.90 18.28 16.66 15.69 17.28 14.84 12.93 11.94 13.64 12.58 10.96 10.58 10.78 10.31 11.02 13.61 16.85 15.55 15.45 14.86 12.68 11.30 11.68 11.48 13.57 15.58 18.44 19.96 22.77 22.85 20.20 19.16 16.84 15.44 13.72 11.75 14.08 12.85 15.16 16.06 14.29 18.68 20.33 21.62 23.11 
17.40 14.04 14.15 15.82 15.09 14.99 12.76 10.94 7.89 5.68 0.00 6.34 9.16 12.58 15.90 17.69 18.74 20.15 20.43 19.64 18.48 16.10 12.74 12.83 14.61 10.84 13.39 14.48 16.49 15.94 17.59 17.81 19.33 18.88 21.85 20.35 19.94 19.00 21.00 18.75 17.11 16.26 18.27 15.09 13.27 11.83 15.28 14.23 12.51 12.44 13.28 13.13 13.84 16.15 19.49 18.58 18.38 17.63 15.29 13.13 13.35 12.55 14.84 16.19 19.64 20.93 24.08 23.98 21.82 20.07 18.20 16.11 15.44 12.76 15.23 14.10 16.95 17.75 15.20 18.95 21.29 22.86 23.36 
18.18 14.90 14.71 17.36 15.45 15.45 14.13 13.11 10.41 6.17 6.34 0.00 6.15 7.52 11.36 13.08 14.78 16.28 16.29 16.46 15.51 13.29 9.92 11.24 12.30 10.11 12.23 13.92 15.38 15.12 16.10 16.82 17.88 17.86 20.40 19.19 18.26 17.46 19.18 17.60 16.53 15.82 17.52 15.02 13.97 12.69 14.16 13.53 12.38 11.90 12.50 12.88 13.96 16.34 19.37 18.38 18.14 17.02 14.94 12.38 12.15 11.42 12.94 14.34 17.04 18.29 21.11 22.18 19.12 17.93 15.34 14.50 12.57 10.91 13.34 12.52 15.34 16.32 13.87 18.77 20.19 21.90 22.71 
19.41 18.15 18.67 19.97 18.65 18.44 17.98 17.18 15.26 11.06 9.16 6.15 0.57 6.53 7.74 9.77 12.23 15.74 15.70 16.39 15.52 13.94 11.52 12.66 13.68 12.15 15.28 15.85 16.55 15.88 16.92 17.24 18.69 18.32 20.79 19.63 19.03 18.23 19.55 18.11 17.22 16.76 18.42 17.01 16.73 14.86 16.67 15.91 14.57 13.82 14.99 16.06 17.43 19.15 21.58 20.16 20.58 19.87 16.71 13.27 13.15 12.57 13.83 14.75 17.43 18.32 20.92 22.03 20.10 18.16 16.25 14.56 13.78 12.32 15.27 13.54 16.67 17.21 15.01 18.09 19.05 21.68 22.14 
20.55 18.65 19.49 20.76 18.73 19.96 19.49 18.94 16.89 12.60 12.58 7.52 6.53 0.00 6.01 6.21 9.19 12.59 13.85 13.84 13.72 12.95 11.92 12.94 13.96 13.47 16.03 16.48 17.00 16.30 17.10 17.36 18.63 18.74 20.74 19.28 19.09 18.38 19.94 18.60 17.48 16.88 18.91 17.86 17.32 15.89 17.41 16.49 15.03 15.04 16.64 17.17 18.37 20.13 22.48 21.28 21.12 20.08 16.39 13.88 13.94 12.63 13.16 13.91 16.66 17.55 20.35 21.19 19.32 17.41 14.84 12.84 12.70 12.02 14.09 13.00 16.98 18.26 15.69 18.45 19.67 21.38 21.92 
22.25 20.98 21.97 22.91 21.61 22.74 22.85 22.06 19.22 15.95 15.90 11.36 7.74 6.01 2.11 5.84 7.31 10.91 11.97 12.61 13.06 13.30 11.96 14.59 16.27 14.75 17.97 17.93 18.76 17.27 18.15 18.19 19.37 18.73 21.30 19.82 19.70 19.14 21.29 19.72 18.84 18.73 21.00 19.50 18.95 18.07 19.82 18.19 16.35 17.28 18.66 18.88 19.70 21.56 24.69 23.62 23.06 22.09 19.45 17.04 16.15 14.58 14.74 15.26 16.64 17.36 19.64 20.72 19.15 17.06 14.51 12.93 13.78 13.03 16.27 15.45 19.52 19.75 16.44 19.69 21.43 23.52 22.98 
22.23 21.09 22.30 23.56 21.92 24.04 24.17 23.37 20.70 17.65 17.69 13.08 9.77 6.21 5.84 0.48 4.95 7.06 8.71 9.61 11.89 12.10 11.17 13.27 16.46 14.93 17.86 18.29 18.52 16.64 17.14 16.32 17.53 16.92 20.04 18.40 17.91 17.84 20.25 18.98 18.41 18.73 21.72 20.23 19.89 18.91 20.25 18.96 17.06 17.50 19.00 19.32 20.04 21.90 24.70 24.14 23.71 22.75 20.83 18.02 16.82 14.73 14.54 14.36 15.29 15.43 18.17 19.31 16.64 15.27 13.13 11.74 12.76 11.91 15.68 15.98 19.70 19.50 17.75 21.18 22.58 23.10 23.66 
22.62 21.90 23.24 24.54 22.87 24.33 24.33 23.91 22.51 18.70 18.74 14.78 12.23 9.19 7.31 4.95 1.06 5.27 6.52 8.10 10.03 11.55 10.11 12.43 15.41 14.98 17.85 17.81 17.84 16.08 15.69 15.10 16.02 15.68 18.39 17.15 16.96 16.88 19.52 18.46 17.72 18.38 21.43 20.15 19.62 18.38 20.52 19.39 17.56 17.55 19.15 19.93 20.74 21.90 25.12 24.34 23.91 23.26 20.82 17.73 16.45 14.80 14.57 13.70 13.83 14.11 16.33 16.17 13.70 13.11 11.71 10.13 11.79 11.86 15.46 15.10 19.08 20.09 18.36 20.93 22.97 24.27 25.07 
24.00 22.42 23.55 24.93 24.44 25.36 25.93 26.17 24.38 20.22 20.15 16.28 15.74 12.59 10.91 7.06 5.27 0.20 5.69 7.89 10.84 11.91 12.39 14.47 17.68 17.32 19.84 19.67 19.66 17.88 18.35 17.61 18.28 18.13 20.91 19.69 19.73 19.73 21.98 21.14 20.38 21.23 23.93 22.57 21.93 21.48 22.82 21.46 19.47 19.95 21.38 21.83 22.56 24.40 27.46 26.44 25.81 24.59 21.80 19.53 18.25 16.77 16.12 15.51 15.74 15.70 18.60 18.15 15.21 14.76 13.39 10.15 13.13 13.56 17.49 17.21 21.56 22.22 20.58 23.69 24.74 25.37 25.65 
25.01 23.47 23.67 24.79 24.56 26.25 26.35 25.99 24.36 20.55 20.43 16.29 15.70 13.85 11.97 8.71 6.52 5.69 0.31 5.48 8.53 10.53 11.12 13.84 17.53 16.17 18.92 19.40 19.54 18.70 18.56 18.61 19.22 18.40 21.45 20.82 20.69 20.54 23.44 22.29 21.21 22.10 25.03 23.56 22.53 21.99 23.90 22.22 20.20 20.69 21.79 22.43 23.28 25.05 28.39 27.49 26.31 25.24 23.10 20.27 18.68 16.70 16.83 16.11 15.51 15.27 17.85 17.23 15.21 14.70 12.58 10.54 13.89 14.28 18.77 18.79 23.20 23.14 21.26 23.38 26.34 27.06 26.52 
24.81 23.28 24.03 24.72 23.89 25.67 25.98 25.48 23.72 19.67 19.64 16.46 16.39 13.84 12.61 9.61 8.10 7.89 5.48 0.00 6.60 8.07 8.55 11.44 15.71 14.83 17.03 18.01 17.95 15.85 14.99 15.47 16.64 15.90 19.45 19.51 19.89 19.60 22.55 21.61 20.35 21.50 24.85 23.74 22.21 21.53 23.07 22.10 20.20 20.37 21.41 22.35 23.35 24.95 28.07 27.54 26.44 25.64 23.95 21.35 18.67 16.67 16.33 15.52 14.47 14.19 16.91 17.64 15.31 15.02 13.72 11.71 14.08 15.00 19.79 20.17 23.85 23.46 21.57 25.37 26.63 26.51 26.55 
24.31 22.95 24.21 24.62 22.86 23.84 24.78 23.64 21.75 17.91 18.48 15.51 15.52 13.72 13.06 11.89 10.03 10.84 8.53 6.60 0.00 6.65 6.93 10.57 12.92 13.07 15.33 16.42 16.09 14.52 12.93 13.28 14.91 14.57 17.46 17.53 18.80 18.61 21.04 19.74 19.07 19.75 23.27 21.99 20.91 20.05 21.66 20.23 18.99 19.41 20.22 21.25 22.45 24.03 27.31 26.62 25.90 24.84 23.07 20.21 18.09 15.50 15.14 13.75 12.87 12.29 15.77 15.95 14.28 14.97 13.50 12.19 13.54 14.70 18.42 19.12 22.07 22.77 21.33 23.13 25.19 26.43 26.67 
23.16 20.53 21.38 22.68 21.04 21.54 21.99 21.80 19.40 15.16 16.10 13.29 13.94 12.95 13.30 12.10 11.55 11.91 10.53 8.07 6.65 1.43 6.16 8.19 11.42 11.13 14.15 14.59 14.49 13.87 13.94 13.13 14.66 14.57 17.53 17.08 18.51 18.42 20.33 18.81 17.88 18.86 21.68 20.19 18.87 18.63 19.60 17.91 16.47 17.24 17.78 18.63 20.32 22.76 25.83 25.38 24.66 24.15 22.32 18.88 16.86 14.16 14.68 13.66 12.66 13.62 17.12 17.09 15.58 15.36 14.22 12.96 14.21 14.36 17.85 18.74 21.85 22.27 19.77 23.47 24.39 24.96 25.31 
21.62 18.31 18.74 20.26 19.20 18.52 18.65 18.16 16.15 11.96 12.74 9.92 11.52 11.92 11.96 11.17 10.11 12.39 11.12 8.55 6.93 6.16 1.73 5.40 6.78 6.58 10.18 10.30 10.33 11.08 10.56 10.79 12.65 12.25 16.59 16.87 17.13 16.31 19.22 17.18 16.11 16.26 19.61 17.24 16.14 15.08 16.94 14.60 13.07 12.95 14.03 15.09 17.29 19.20 22.78 22.15 21.84 21.05 20.06 16.68 13.83 11.32 12.62 11.30 10.86 11.72 15.47 16.42 14.45 14.00 13.18 12.54 12.99 12.47 16.29 17.37 20.36 20.26 18.23 21.42 23.84 24.50 24.44 
21.84 19.06 19.44 20.63 19.34 18.59 18.92 17.65 16.04 11.99 12.83 11.24 12.66 12.94 14.59 13.27 12.43 14.47 13.84 11.44 10.57 8.19 5.40 1.82 6.58 6.44 8.11 8.28 9.59 8.66 7.81 8.54 10.70 10.53 14.92 16.66 17.02 16.11 19.18 17.74 16.07 16.50 19.49 17.67 15.95 15.08 16.57 14.47 13.19 13.19 14.65 16.12 17.68 19.31 22.55 22.42 22.05 21.34 20.20 16.41 14.38 12.51 12.53 11.06 11.24 12.39 16.42 16.95 15.38 14.52 14.25 13.35 14.40 14.13 17.36 17.93 20.98 21.22 18.37 22.59 24.28 24.95 24.91 
22.04 20.09 20.68 21.79 19.99 19.56 19.94 18.53 16.31 12.30 14.61 12.30 13.68 13.96 16.27 16.46 15.41 17.68 17.53 15.71 12.92 11.42 6.78 6.58 3.32 5.66 7.26 10.11 10.57 10.49 9.33 11.44 13.64 13.31 16.95 18.41 18.89 17.61 20.06 18.44 17.14 16.84 19.55 17.76 16.31 14.94 15.96 14.22 13.76 14.29 14.88 16.15 17.78 19.41 22.70 22.57 22.62 22.06 20.82 17.41 15.80 13.53 13.91 12.95 13.83 14.58 18.28 19.03 16.95 16.54 16.11 15.48 15.70 14.78 18.70 18.53 20.39 21.18 19.09 22.12 24.18 25.25 25.53 
20.50 17.34 17.88 19.72 17.61 16.83 16.53 15.41 12.79 9.13 10.84 10.11 12.15 13.47 14.75 14.93 14.98 17.32 16.17 14.83 13.07 11.13 6.58 6.44 5.66 1.00 5.57 7.23 8.78 9.47 10.25 11.15 13.60 13.33 16.53 16.55 17.69 16.81 18.60 17.12 15.73 15.76 18.06 15.88 14.57 13.19 14.31 11.94 11.33 11.31 11.87 13.49 15.65 17.47 20.58 20.60 20.67 19.92 18.62 15.60 12.97 11.44 12.66 12.63 13.05 14.08 17.15 17.77 15.91 15.56 15.04 15.08 14.26 13.08 17.07 17.41 19.56 19.82 17.40 21.41 23.39 23.93 24.26 
21.40 18.46 18.62 19.60 18.63 17.92 17.58 16.22 15.06 11.54 13.39 12.23 15.28 16.03 17.97 17.86 17.85 19.84 18.92 17.03 15.33 14.15 10.18 8.11 7.26 5.57 2.75 6.00 7.47 8.89 10.38 11.94 14.57 13.94 17.82 17.99 18.78 18.34 20.33 18.21 17.11 17.19 19.39 17.01 16.20 15.06 16.94 14.94 13.35 13.39 14.52 15.63 17.19 19.20 22.55 22.42 22.71 22.53 21.73 17.86 16.17 14.31 15.08 14.16 15.33 16.48 19.31 19.60 17.77 17.57 17.83 17.84 17.84 16.33 20.20 20.02 22.11 21.94 20.03 22.79 25.34 25.74 25.25 
22.19 19.96 19.68 19.94 18.93 19.33 17.76 16.45 15.54 13.10 14.48 13.92 15.85 16.48 17.93 18.29 17.81 19.67 19.40 18.01 16.42 14.59 10.30 8.28 10.11 7.23 6.00 1.30 6.29 7.77 7.98 10.20 12.85 12.54 15.98 17.37 18.00 17.53 19.73 17.82 16.42 16.87 19.09 16.82 15.99 15.43 16.86 15.91 14.42 14.31 15.33 16.44 17.74 19.68 22.97 22.56 22.56 22.87 21.77 18.50 16.60 15.39 15.00 13.94 14.71 15.42 18.35 19.12 17.23 16.48 17.48 17.48 17.47 17.49 21.26 20.14 22.33 22.75 20.07 23.23 24.85 24.85 24.94 
23.07 21.38 21.46 21.97 20.19 20.58 19.76 19.13 17.11 14.76 16.49 15.38 16.55 17.00 18.76 18.52 17.84 19.66 19.54 17.95 16.09 14.49 10.33 9.59 10.57 8.78 7.47 6.29 1.59 6.19 7.11 9.45 11.21 11.42 14.57 16.18 16.56 15.92 17.98 17.01 15.79 16.21 18.13 16.38 16.78 15.91 17.32 16.99 16.30 15.88 15.94 17.24 18.45 20.14 23.58 23.10 23.23 23.03 22.62 19.43 17.14 15.41 15.53 14.38 14.78 15.24 18.15 18.85 16.81 16.71 17.54 17.56 17.55 17.58 21.72 19.96 22.10 22.66 21.24 22.86 24.55 25.33 25.16 
23.05 20.58 20.33 21.25 19.47 20.12 19.72 19.34 16.83 14.52 15.94 15.12 15.88 16.30 17.27 16.64 16.08 17.88 18.70 15.85 14.52 13.87 11.08 8.66 10.49 9.47 8.89 7.77 6.19 0.98 5.97 6.58 9.76 10.91 13.63 14.63 14.58 14.58 16.56 15.24 14.13 14.45 16.82 15.40 15.47 14.42 16.75 16.39 15.39 14.41 15.04 16.03 17.13 18.86 22.06 21.99 22.00 22.10 21.51 18.38 16.13 14.74 14.43 13.05 12.84 14.40 16.88 17.35 15.58 16.03 16.87 16.69 16.84 16.81 20.80 19.91 22.03 22.29 20.00 23.23 24.52 24.01 24.36 
23.92 21.89 21.91 22.16 20.54 21.08 21.05 20.62 19.00 16.21 17.59 16.10 16.92 17.10 18.15 17.14 15.69 18.35 18.56 14.99 12.93 13.94 10.56 7.81 9.33 10.25 10.38 7.98 7.11 5.97 0.81 5.29 7.55 8.46 12.89 13.51 13.80 13.73 16.57 15.21 14.27 14.44 17.69 16.78 16.37 15.51 18.51 17.80 15.19 14.84 15.94 17.01 17.57 19.32 22.56 21.91 22.12 22.48 21.96 18.17 16.38 15.15 14.79 12.00 12.36 12.98 15.93 16.71 15.56 16.02 17.54 17.86 18.53 18.29 22.07 21.33 23.47 23.81 22.13 23.94 26.19 26.52 25.44 
23.59 22.11 22.15 21.98 20.57 21.43 21.10 20.82 19.20 17.02 17.81 16.82 17.24 17.36 18.19 16.32 15.10 17.61 18.61 15.47 13.28 13.13 10.79 8.54 11.44 11.15 11.94 10.20 9.45 6.58 5.29 0.55 5.94 6.64 10.22 12.27 12.46 12.71 14.72 14.12 13.12 13.57 17.00 16.34 16.14 15.63 18.81 17.95 15.99 14.83 16.15 16.96 17.53 19.19 22.12 21.69 21.42 21.87 21.01 17.46 15.80 14.66 13.56 11.91 12.36 12.70 15.53 16.86 15.88 15.78 17.28 18.15 18.90 18.56 21.83 21.50 23.92 24.20 21.71 24.92 26.43 26.38 26.06 
23.54 22.71 22.82 22.84 21.54 22.26 22.42 21.47 20.30 18.41 19.33 17.88 18.69 18.63 19.37 17.53 16.02 18.28 19.22 16.64 14.91 14.66 12.65 10.70 13.64 13.60 14.57 12.85 11.21 9.76 7.55 5.94 2.93 6.13 8.34 10.57 11.61 11.55 13.70 13.43 12.64 13.51 16.15 15.77 16.77 16.71 19.20 18.96 17.40 16.77 17.36 18.03 18.64 19.47 22.37 21.96 21.96 22.01 21.85 18.58 17.17 15.69 15.68 13.96 14.73 15.37 18.43 19.03 17.91 18.15 18.77 19.19 20.35 20.16 23.21 22.17 24.41 25.11 23.78 25.05 27.53 27.84 27.30 
23.74 22.24 22.37 22.64 21.07 21.52 21.83 21.61 19.58 17.80 18.88 17.86 18.32 18.74 18.73 16.92 15.68 18.13 18.40 15.90 14.57 14.57 12.25 10.53 13.31 13.33 13.94 12.54 11.42 10.91 8.46 6.64 6.13 1.89 5.78 7.10 8.35 10.11 11.60 11.50 10.53 11.91 15.23 14.62 15.38 15.68 18.43 18.11 16.55 15.46 16.39 17.17 17.63 18.62 21.30 21.16 21.28 21.49 20.57 17.46 16.09 15.16 14.89 13.39 14.13 15.94 18.89 18.94 17.41 18.61 18.96 19.02 19.40 19.72 22.53 22.42 24.71 24.95 22.54 25.95 27.37 27.07 26.72 
25.02 24.14 24.22 23.80 22.98 23.79 24.37 23.49 21.85 20.25 21.85 20.40 20.79 20.74 21.30 20.04 18.39 20.91 21.45 19.45 17.46 17.53 16.59 14.92 16.95 16.53 17.82 15.98 14.57 13.63 12.89 10.22 8.34 5.78 3.48 6.34 7.70 9.40 12.47 11.63 11.50 13.32 17.06 17.02 17.76 18.14 20.70 20.25 18.41 17.78 18.57 18.80 19.10 20.44 22.84 22.45 22.51 23.14 22.82 20.15 19.01 18.13 17.69 16.63 18.09 19.54 21.97 21.80 20.24 21.13 21.60 21.18 21.58 21.58 24.71 23.75 26.18 26.33 24.94 26.03 28.65 29.11 28.06 
24.41 23.16 23.02 23.10 22.07 22.90 23.17 22.77 20.88 19.04 20.35 19.19 19.63 19.28 19.82 18.40 17.15 19.69 20.82 19.51 17.53 17.08 16.87 16.66 18.41 16.55 17.99 17.37 16.18 14.63 13.51 12.27 10.57 7.10 6.34 1.17 5.60 7.31 8.80 9.33 10.19 11.52 15.47 15.21 15.50 16.15 19.69 19.21 17.69 16.60 17.47 17.59 17.70 18.08 21.51 21.15 20.94 21.24 21.37 18.77 18.03 16.82 16.91 16.40 18.19 19.08 21.57 21.79 20.45 20.75 20.72 20.81 20.97 20.79 23.51 23.37 25.26 25.52 23.59 26.69 27.93 27.97 27.70 
24.08 22.86 22.64 22.77 21.89 22.81 22.95 22.16 20.81 18.84 19.94 18.26 19.03 19.09 19.70 17.91 16.96 19.73 20.69 19.89 18.80 18.51 17.13 17.02 18.89 17.69 18.78 18.00 16.56 14.58 13.80 12.46 11.61 8.35 7.70 5.60 1.47 5.47 7.56 8.34 9.50 10.69 13.73 14.05 14.61 15.00 18.50 19.02 17.41 16.61 17.14 17.79 17.43 17.70 20.71 21.14 21.05 20.90 21.05 19.34 18.13 17.64 17.81 17.43 18.79 19.74 22.13 22.27 20.83 20.88 20.97 20.66 21.31 20.80 24.10 22.97 24.91 25.30 24.41 25.86 27.70 27.98 27.57 
24.03 22.47 22.10 22.79 21.59 22.34 22.13 22.04 19.88 18.08 19.00 17.46 18.23 18.38 19.14 17.84 16.88 19.73 20.54 19.60 18.61 18.42 16.31 16.11 17.61 16.81 18.34 17.53 15.92 14.58 13.73 12.71 11.55 10.11 9.40 7.31 5.47 0.00 6.06 7.13 7.85 9.65 12.36 13.02 13.74 14.34 16.81 17.34 16.50 15.30 16.22 17.01 17.37 17.70 20.68 21.70 21.65 21.61 20.80 18.82 18.14 17.12 17.39 16.69 17.91 19.28 22.06 22.21 20.69 20.90 20.63 20.44 20.68 20.75 23.28 23.35 25.50 25.55 24.22 26.94 28.03 27.77 27.57 
25.86 24.93 24.28 24.42 23.66 24.64 24.69 23.39 21.51 19.90 21.00 19.18 19.55 19.94 21.29 20.25 19.52 21.98 23.44 22.55 21.04 20.33 19.22 19.18 20.06 18.60 20.33 19.73 17.98 16.56 16.57 14.72 13.70 11.60 12.47 8.80 7.56 6.06 0.38 6.20 7.45 8.53 11.44 12.86 14.75 14.92 17.28 17.90 17.79 17.76 18.50 19.67 20.16 20.86 23.48 23.96 24.45 24.06 23.39 21.85 20.98 20.12 20.11 19.66 20.53 21.85 23.99 23.89 22.78 23.30 22.95 22.68 23.27 22.76 25.18 24.57 27.11 27.18 26.63 27.87 30.12 30.36 29.66 
24.85 23.23 22.72 23.32 22.42 23.43 22.75 22.27 19.72 18.28 18.75 17.60 18.11 18.60 19.72 18.98 18.46 21.14 22.29 21.61 19.74 18.81 17.18 17.74 18.44 17.12 18.21 17.82 17.01 15.24 15.21 14.12 13.43 11.50 11.63 9.33 8.34 7.13 6.20 0.00 5.75 7.11 9.40 10.93 12.07 13.09 15.71 16.36 16.31 15.85 17.07 18.51 19.03 19.57 22.20 23.29 22.93 22.88 21.99 20.64 19.92 19.17 18.94 18.85 19.80 21.05 23.28 23.52 22.26 22.67 22.39 22.07 22.12 21.97 24.34 24.03 25.57 25.86 25.87 28.19 29.18 28.86 28.88 
22.85 21.39 21.10 21.85 20.69 21.53 21.18 20.70 18.59 16.66 17.11 16.53 17.22 17.48 18.84 18.41 17.72 20.38 21.21 20.35 19.07 17.88 16.11 16.07 17.14 15.73 17.11 16.42 15.79 14.13 14.27 13.12 12.64 10.53 11.50 10.19 9.50 7.85 7.45 5.75 0.00 5.11 7.80 8.41 10.40 11.19 14.03 14.80 14.84 14.78 15.83 17.21 18.13 18.59 21.37 22.12 22.40 22.11 21.30 19.68 19.06 18.31 18.44 18.18 18.89 20.21 23.01 23.06 21.61 21.50 21.68 21.52 21.58 21.17 23.99 23.05 24.13 24.60 25.07 26.21 27.36 27.56 27.57 
22.83 20.94 20.53 21.38 20.61 21.04 20.26 20.10 17.75 15.69 16.26 15.82 16.76 16.88 18.73 18.73 18.38 21.23 22.10 21.50 19.75 18.86 16.26 16.50 16.84 15.76 17.19 16.87 16.21 14.45 14.44 13.57 13.51 11.91 13.32 11.52 10.69 9.65 8.53 7.11 5.11 0.00 5.98 6.96 8.75 10.51 12.88 13.60 13.92 14.07 15.08 16.36 17.70 18.63 20.83 22.01 22.69 22.20 20.92 19.36 18.91 18.06 17.98 17.84 18.65 20.04 22.66 23.15 21.69 21.62 21.24 21.26 21.41 21.01 23.35 23.14 24.98 24.83 25.26 27.21 27.75 27.33 27.77 
24.69 23.63 22.35 22.60 22.76 23.34 22.46 21.19 19.24 17.28 18.27 17.52 18.42 18.91 21.00 21.72 21.43 23.93 25.03 24.85 23.27 21.68 19.61 19.49 19.55 18.06 19.39 19.09 18.13 16.82 17.69 17.00 16.15 15.23 17.06 15.47 13.73 12.36 11.44 9.40 7.80 5.98 0.55 6.33 7.58 9.71 12.04 13.98 15.11 15.72 16.99 18.55 19.96 20.78 22.70 24.28 25.49 24.08 22.57 21.83 21.46 20.37 20.41 20.22 21.31 22.47 25.04 25.19 24.13 24.01 23.76 24.01 24.28 23.11 25.31 25.29 26.88 26.60 26.29 28.59 30.16 30.05 29.30 
23.30 21.53 20.55 21.36 21.00 22.02 20.22 19.14 16.38 14.84 15.09 15.02 17.01 17.86 19.50 20.23 20.15 22.57 23.56 23.74 21.99 20.19 17.24 17.67 17.76 15.88 17.01 16.82 16.38 15.40 16.78 16.34 15.77 14.62 17.02 15.21 14.05 13.02 12.86 10.93 8.41 6.96 6.33 0.00 5.05 6.60 9.10 11.40 12.81 13.19 15.13 16.72 18.37 19.02 22.05 23.54 24.32 23.12 21.86 20.86 20.28 19.05 19.24 19.33 20.15 21.66 24.17 24.71 23.19 23.28 22.67 22.83 22.79 22.01 24.35 24.05 25.38 25.20 25.83 28.32 28.77 28.37 28.32 
20.96 19.34 18.98 20.08 19.40 19.80 18.76 17.96 15.88 12.93 13.27 13.97 16.73 17.32 18.95 19.89 19.62 21.93 22.53 22.21 20.91 18.87 16.14 15.95 16.31 14.57 16.20 15.99 16.78 15.47 16.37 16.14 16.77 15.38 17.76 15.50 14.61 13.74 14.75 12.07 10.40 8.75 7.58 5.05 0.00 4.44 7.14 9.20 11.03 11.72 12.73 14.55 16.77 17.91 21.29 23.20 23.75 23.26 21.88 20.12 19.06 18.23 18.58 18.29 19.34 20.77 23.86 24.03 22.44 22.21 21.59 21.84 21.92 21.27 23.91 23.05 23.85 24.55 24.68 26.27 27.21 27.15 27.41 
20.60 18.26 18.05 19.33 18.94 19.31 17.16 17.24 15.17 11.94 11.83 12.69 14.86 15.89 18.07 18.91 18.38 21.48 21.99 21.53 20.05 18.63 15.08 15.08 14.94 13.19 15.06 15.43 15.91 14.42 15.51 15.63 16.71 15.68 18.14 16.15 15.00 14.34 14.92 13.09 11.19 10.51 9.71 6.60 4.44 0.00 5.95 6.50 8.48 9.47 10.94 12.00 14.87 15.98 18.90 20.52 22.25 21.60 20.16 18.78 17.73 16.69 17.10 16.97 18.11 19.89 22.47 23.21 21.22 20.97 19.86 20.23 20.38 19.44 21.88 21.16 23.30 23.52 23.73 25.30 25.85 25.82 25.91 
22.26 20.79 19.63 20.37 20.54 21.27 19.68 18.92 17.20 13.64 15.28 14.16 16.67 17.41 19.82 20.25 20.52 22.82 23.90 23.07 21.66 19.60 16.94 16.57 15.96 14.31 16.94 16.86 17.32 16.75 18.51 18.81 19.20 18.43 20.70 19.69 18.50 16.81 17.28 15.71 14.03 12.88 12.04 9.10 7.14 5.95 0.00 6.15 7.67 9.53 11.01 12.65 15.22 16.68 18.92 21.05 22.90 22.23 20.63 19.91 19.08 17.74 18.11 18.35 20.12 21.29 23.67 23.85 22.52 21.99 21.03 21.45 21.63 20.37 22.92 22.46 24.10 24.31 23.99 26.18 27.73 27.66 27.28 
21.30 19.55 18.60 19.47 19.12 19.93 18.23 17.49 15.06 12.58 14.23 13.53 15.91 16.49 18.19 18.96 19.39 21.46 22.22 22.10 20.23 17.91 14.60 14.47 14.22 11.94 14.94 15.91 16.99 16.39 17.80 17.95 18.96 18.11 20.25 19.21 19.02 17.34 17.90 16.36 14.80 13.60 13.98 11.40 9.20 6.50 6.15 0.00 5.46 6.75 9.02 10.56 13.72 15.03 18.46 20.21 20.88 20.47 18.91 18.31 17.49 16.20 16.87 16.91 18.84 20.26 22.47 23.10 21.80 21.15 19.72 19.84 20.33 18.65 21.39 20.69 22.85 22.67 22.52 25.11 25.97 25.99 25.57 
19.23 17.35 16.78 18.04 17.13 17.44 15.91 15.91 13.87 10.96 12.51 12.38 14.57 15.03 16.35 17.06 17.56 19.47 20.20 20.20 18.99 16.47 13.07 13.19 13.76 11.33 13.35 14.42 16.30 15.39 15.19 15.99 17.40 16.55 18.41 17.69 17.41 16.50 17.79 16.31 14.84 13.92 15.11 12.81 11.03 8.48 7.67 5.46 0.00 4.98 6.32 8.23 10.49 12.40 15.66 17.26 18.29 17.64 16.10 14.92 14.20 13.94 14.67 14.47 16.24 17.96 20.57 20.93 19.62 18.81 17.50 17.86 18.11 16.98 19.33 18.72 20.32 20.91 21.06 22.42 23.86 24.10 24.56 
18.16 15.70 15.48 16.54 16.01 16.03 14.33 14.55 13.08 10.58 12.44 11.90 13.82 15.04 17.28 17.50 17.55 19.95 20.69 20.37 19.41 17.24 12.95 13.19 14.29 11.31 13.39 14.31 15.88 14.41 14.84 14.83 16.77 15.46 17.78 16.60 16.61 15.30 17.76 15.85 14.78 14.07 15.72 13.19 11.72 9.47 9.53 6.75 4.98 0.00 5.57 6.38 9.37 11.50 13.79 15.60 16.97 17.34 15.16 13.15 12.20 12.38 13.46 13.54 15.75 17.53 19.95 20.69 18.89 18.01 16.22 16.55 16.90 15.18 18.04 17.24 19.77 19.87 18.88 21.63 22.54 22.99 23.16 
18.13 15.91 15.53 15.95 15.50 15.27 14.52 14.05 12.98 10.78 13.28 12.50 14.99 16.64 18.66 19.00 19.15 21.38 21.79 21.41 20.22 17.78 14.03 14.65 14.88 11.87 14.52 15.33 15.94 15.04 15.94 16.15 17.36 16.39 18.57 17.47 17.14 16.22 18.50 17.07 15.83 15.08 16.99 15.13 12.73 10.94 11.01 9.02 6.32 5.57 0.00 5.21 6.54 8.69 11.04 12.92 14.32 14.58 13.00 11.55 10.64 10.34 12.68 13.87 16.35 17.31 19.64 20.42 19.12 17.47 15.80 16.38 16.57 14.66 17.04 17.33 19.23 19.44 18.92 21.38 23.08 23.57 23.50 
18.08 16.03 15.14 15.77 15.52 14.98 13.17 13.50 12.56 10.31 13.13 12.88 16.06 17.17 18.88 19.32 19.93 21.83 22.43 22.35 21.25 18.63 15.09 16.12 16.15 13.49 15.63 16.44 17.24 16.03 17.01 16.96 18.03 17.17 18.80 17.59 17.79 17.01 19.67 18.51 17.21 16.36 18.55 16.72 14.55 12.00 12.65 10.56 8.23 6.38 5.21 0.00 5.36 6.65 9.53 11.80 13.27 13.60 12.41 11.10 10.49 10.84 12.83 14.39 17.51 18.24 20.11 20.88 19.53 17.61 15.10 15.62 16.39 14.82 17.02 17.07 19.82 19.65 18.56 21.84 23.19 23.48 23.42 
18.24 15.79 14.95 15.63 15.82 14.33 12.65 13.61 14.21 11.02 13.84 13.96 17.43 18.37 19.70 20.04 20.74 22.56 23.28 23.35 22.45 20.32 17.29 17.68 17.78 15.65 17.19 17.74 18.45 17.13 17.57 17.53 18.64 17.63 19.10 17.70 17.43 17.37 20.16 19.03 18.13 17.70 19.96 18.37 16.77 14.87 15.22 13.72 10.49 9.37 6.54 5.36 0.00 4.95 6.99 9.55 11.42 11.76 10.24 9.89 9.74 10.60 12.97 14.16 17.30 18.83 20.86 20.84 19.41 17.49 15.09 15.21 16.05 14.84 17.51 17.40 18.64 19.30 18.96 20.64 22.64 23.02 23.47 
18.75 16.33 15.39 16.29 16.58 16.15 14.60 15.53 15.84 13.61 16.15 16.34 19.15 20.13 21.56 21.90 21.90 24.40 25.05 24.95 24.03 22.76 19.20 19.31 19.41 17.47 19.20 19.68 20.14 18.86 19.32 19.19 19.47 18.62 20.44 18.08 17.70 17.70 20.86 19.57 18.59 18.63 20.78 19.02 17.91 15.98 16.68 15.03 12.40 11.50 8.69 6.65 4.95 0.00 5.53 7.81 9.49 10.95 10.08 9.99 9.96 11.69 14.30 15.45 18.71 20.42 21.97 21.89 20.19 18.14 15.24 15.51 15.70 15.17 18.03 17.48 19.64 19.62 18.54 21.08 23.11 22.82 23.06 
19.85 18.08 16.97 17.87 18.38 18.69 18.11 18.49 18.02 16.85 19.49 19.37 21.58 22.48 24.69 24.70 25.12 27.46 28.39 28.07 27.31 25.83 22.78 22.55 22.70 20.58 22.55 22.97 23.58 22.06 22.56 22.12 22.37 21.30 22.84 21.51 20.71 20.68 23.48 22.20 21.37 20.83 22.70 22.05 21.29 18.90 18.92 18.46 15.66 13.79 11.04 9.53 6.99 5.53 1.57 6.36 7.50 9.75 11.12 10.71 11.66 12.54 16.70 18.20 21.02 23.00 25.42 25.19 23.06 20.74 17.36 17.15 17.49 16.35 18.81 18.37 20.14 20.21 18.73 21.10 23.68 24.52 24.42 
18.69 16.67 15.46 16.59 16.84 17.34 15.86 16.55 16.32 15.55 18.58 18.38 20.16 21.28 23.62 24.14 24.34 26.44 27.49 27.54 26.62 25.38 22.15 22.42 22.57 20.60 22.42 22.56 23.10 21.99 21.91 21.69 21.96 21.16 22.45 21.15 21.14 21.70 23.96 23.29 22.12 22.01 24.28 23.54 23.20 20.52 21.05 20.21 17.26 15.60 12.92 11.80 9.55 7.81 6.36 0.00 5.18 7.69 9.03 10.49 12.30 12.71 16.42 17.95 21.37 22.55 25.19 24.69 22.12 19.07 15.02 14.95 15.17 14.13 17.16 16.02 18.71 19.47 17.97 20.34 22.93 22.87 23.48 
18.34 16.50 16.16 17.33 17.70 18.46 16.76 17.39 17.22 15.45 18.38 18.14 20.58 21.12 23.06 23.71 23.91 25.81 26.31 26.44 25.90 24.66 21.84 22.05 22.62 20.67 22.71 22.56 23.23 22.00 22.12 21.42 21.96 21.28 22.51 20.94 21.05 21.65 24.45 22.93 22.40 22.69 25.49 24.32 23.75 22.25 22.90 20.88 18.29 16.97 14.32 13.27 11.42 9.49 7.50 5.18 0.00 5.03 7.04 9.22 11.43 12.85 15.38 17.24 20.45 22.17 24.41 24.19 21.26 18.06 14.73 13.88 13.86 13.02 16.51 14.36 16.70 17.57 17.32 19.48 21.62 22.96 23.51 
17.52 15.68 15.36 16.65 16.78 17.86 17.10 17.81 17.09 14.86 17.63 17.02 19.87 20.08 22.09 22.75 23.26 24.59 25.24 25.64 24.84 24.15 21.05 21.34 22.06 19.92 22.53 22.87 23.03 22.10 22.48 21.87 22.01 21.49 23.14 21.24 20.90 21.61 24.06 22.88 22.11 22.20 24.08 23.12 23.26 21.60 22.23 20.47 17.64 17.34 14.58 13.60 11.76 10.95 9.75 7.69 5.03 0.00 5.64 7.12 9.68 11.56 15.02 16.10 19.88 22.33 24.51 23.98 20.91 19.34 15.63 14.26 13.27 11.99 14.88 13.97 16.00 16.90 16.10 19.15 21.32 21.54 22.28 
16.11 13.57 13.09 15.23 14.81 15.32 14.69 15.36 15.30 12.68 15.29 14.94 16.71 16.39 19.45 20.83 20.82 21.80 23.10 23.95 23.07 22.32 20.06 20.20 20.82 18.62 21.73 21.77 22.62 21.51 21.96 21.01 21.85 20.57 22.82 21.37 21.05 20.80 23.39 21.99 21.30 20.92 22.57 21.86 21.88 20.16 20.63 18.91 16.10 15.16 13.00 12.41 10.24 10.08 11.12 9.03 7.04 5.64 0.00 5.15 6.99 9.23 12.46 14.23 17.78 20.05 22.43 21.64 18.90 17.65 14.87 12.85 12.64 10.45 12.74 11.26 14.15 14.84 13.04 17.46 20.16 21.71 22.31 
15.27 11.41 10.63 13.45 14.27 13.73 12.00 13.33 13.31 11.30 13.13 12.38 13.27 13.88 17.04 18.02 17.73 19.53 20.27 21.35 20.21 18.88 16.68 16.41 17.41 15.60 17.86 18.50 19.43 18.38 18.17 17.46 18.58 17.46 20.15 18.77 19.34 18.82 21.85 20.64 19.68 19.36 21.83 20.86 20.12 18.78 19.91 18.31 14.92 13.15 11.55 11.10 9.89 9.99 10.71 10.49 9.22 7.12 5.15 0.00 5.53 6.27 10.09 11.76 15.50 17.45 19.95 19.51 16.55 15.14 11.44 10.91 9.85 8.73 10.21 9.19 12.07 13.33 12.95 16.53 18.60 19.62 20.75 
15.11 12.04 12.22 15.32 15.32 15.76 14.45 15.09 14.70 11.68 13.35 12.15 13.15 13.94 16.15 16.82 16.45 18.25 18.68 18.67 18.09 16.86 13.83 14.38 15.80 12.97 16.17 16.60 17.14 16.13 16.38 15.80 17.17 16.09 19.01 18.03 18.13 18.14 20.98 19.92 19.06 18.91 21.46 20.28 19.06 17.73 19.08 17.49 14.20 12.20 10.64 10.49 9.74 9.96 11.66 12.30 11.43 9.68 6.99 5.53 0.00 5.02 6.97 9.40 12.73 14.83 17.09 17.09 14.77 12.56 9.30 9.97 10.26 7.58 11.05 9.84 11.75 14.04 12.10 15.80 17.84 18.98 20.31 
14.68 11.85 13.05 15.57 15.23 16.15 15.42 15.92 14.19 11.48 12.55 11.42 12.57 12.63 14.58 14.73 14.80 16.77 16.70 16.67 15.50 14.16 11.32 12.51 13.53 11.44 14.31 15.39 15.41 14.74 15.15 14.66 15.69 15.16 18.13 16.82 17.64 17.12 20.12 19.17 18.31 18.06 20.37 19.05 18.23 16.69 17.74 16.20 13.94 12.38 10.34 10.84 10.60 11.69 12.54 12.71 12.85 11.56 9.23 6.27 5.02 0.00 5.24 6.28 9.94 12.75 15.41 15.84 12.56 11.02 8.94 9.76 8.44 6.98 10.84 11.45 13.30 13.16 12.25 15.95 18.21 18.78 19.81 
16.85 14.83 15.10 17.75 17.55 18.23 18.14 18.48 16.89 13.57 14.84 12.94 13.83 13.16 14.74 14.54 14.57 16.12 16.83 16.33 15.14 14.68 12.62 12.53 13.91 12.66 15.08 15.00 15.53 14.43 14.79 13.56 15.68 14.89 17.69 16.91 17.81 17.39 20.11 18.94 18.44 17.98 20.41 19.24 18.58 17.10 18.11 16.87 14.67 13.46 12.68 12.83 12.97 14.30 16.70 16.42 15.38 15.02 12.46 10.09 6.97 5.24 1.31 5.72 7.00 9.75 12.85 14.35 10.78 10.15 9.00 9.48 8.92 8.06 12.83 12.71 13.89 14.49 11.87 16.65 18.79 19.95 20.82 
18.78 16.50 16.44 18.36 18.81 19.82 19.12 19.70 18.32 15.58 16.19 14.34 14.75 13.91 15.26 14.36 13.70 15.51 16.11 15.52 13.75 13.66 11.30 11.06 12.95 12.63 14.16 13.94 14.38 13.05 12.00 11.91 13.96 13.39 16.63 16.40 17.43 16.69 19.66 18.85 18.18 17.84 20.22 19.33 18.29 16.97 18.35 16.91 14.47 13.54 13.87 14.39 14.16 15.45 18.20 17.95 17.24 16.10 14.23 11.76 9.40 6.28 5.72 0.30 5.17 6.59 10.21 11.46 9.02 8.85 8.05 9.15 9.79 10.42 14.38 13.41 15.49 16.12 14.85 17.67 19.64 20.13 21.39 
20.62 19.31 19.55 21.29 21.51 22.65 22.20 22.74 21.56 18.44 19.64 17.04 17.43 16.66 16.64 15.29 13.83 15.74 15.51 14.47 12.87 12.66 10.86 11.24 13.83 13.05 15.33 14.71 14.78 12.84 12.36 12.36 14.73 14.13 18.09 18.19 18.79 17.91 20.53 19.80 18.89 18.65 21.31 20.15 19.34 18.11 20.12 18.84 16.24 15.75 16.35 17.51 17.30 18.71 21.02 21.37 20.45 19.88 17.78 15.50 12.73 9.94 7.00 5.17 1.39 5.32 7.67 10.60 9.34 9.46 7.76 10.66 12.98 12.76 16.93 16.78 18.34 18.49 17.37 18.84 20.66 21.38 22.13 
21.62 20.16 21.00 22.57 23.21 24.54 23.92 24.32 22.72 19.96 20.93 18.29 18.32 17.55 17.36 15.43 14.11 15.70 15.27 14.19 12.29 13.62 11.72 12.39 14.58 14.08 16.48 15.42 15.24 14.40 12.98 12.70 15.37 15.94 19.54 19.08 19.74 19.28 21.85 21.05 20.21 20.04 22.47 21.66 20.77 19.89 21.29 20.26 17.96 17.53 17.31 18.24 18.83 20.42 23.00 22.55 22.17 22.33 20.05 17.45 14.83 12.75 9.75 6.59 5.32 0.34 5.36 7.19 8.34 8.13 8.11 10.43 12.89 13.26 17.59 18.46 20.13 19.17 19.79 21.82 21.86 21.66 22.31 
23.74 22.87 23.38 24.75 25.32 26.91 26.38 26.85 25.40 22.77 24.08 21.11 20.92 20.35 19.64 18.17 16.33 18.60 17.85 16.91 15.77 17.12 15.47 16.42 18.28 17.15 19.31 18.35 18.15 16.88 15.93 15.53 18.43 18.89 21.97 21.57 22.13 22.06 23.99 23.28 23.01 22.66 25.04 24.17 23.86 22.47 23.67 22.47 20.57 19.95 19.64 20.11 20.86 21.97 25.42 25.19 24.41 24.51 22.43 19.95 17.09 15.41 12.85 10.21 7.67 5.36 1.23 6.41 7.07 9.69 10.26 13.10 15.69 16.57 21.23 20.97 21.38 21.56 20.59 22.34 23.48 24.42 25.02 
24.23 22.96 22.99 24.00 24.92 26.57 26.41 26.59 24.87 22.85 23.98 22.18 22.03 21.19 20.72 19.31 16.17 18.15 17.23 17.64 15.95 17.09 16.42 16.95 19.03 17.77 19.60 19.12 18.85 17.35 16.71 16.86 19.03 18.94 21.80 21.79 22.27 22.21 23.89 23.52 23.06 23.15 25.19 24.71 24.03 23.21 23.85 23.10 20.93 20.69 20.42 20.88 20.84 21.89 25.19 24.69 24.19 23.98 21.64 19.51 17.09 15.84 14.35 11.46 10.60 7.19 6.41 0.00 4.87 7.83 10.39 12.95 15.30 16.84 21.11 21.36 22.24 21.42 22.88 24.13 24.22 24.45 24.64 
23.67 22.03 21.93 22.80 23.52 24.36 24.16 23.74 22.70 20.20 21.82 19.12 20.10 19.32 19.15 16.64 13.70 15.21 15.21 15.31 14.28 15.58 14.45 15.38 16.95 15.91 17.77 17.23 16.81 15.58 15.56 15.88 17.91 17.41 20.24 20.45 20.83 20.69 22.78 22.26 21.61 21.69 24.13 23.19 22.44 21.22 22.52 21.80 19.62 18.89 19.12 19.53 19.41 20.19 23.06 22.12 21.26 20.91 18.90 16.55 14.77 12.56 10.78 9.02 9.34 8.34 7.07 4.87 0.00 5.53 6.84 9.18 12.82 14.53 17.72 17.94 19.23 20.32 19.49 20.50 21.99 23.93 24.50 
23.07 21.47 21.21 22.95 22.85 24.15 23.06 22.76 21.22 19.16 20.07 17.93 18.16 17.41 17.06 15.27 13.11 14.76 14.70 15.02 14.97 15.36 14.00 14.52 16.54 15.56 17.57 16.48 16.71 16.03 16.02 15.78 18.15 18.61 21.13 20.75 20.88 20.90 23.30 22.67 21.50 21.62 24.01 23.28 22.21 20.97 21.99 21.15 18.81 18.01 17.47 17.61 17.49 18.14 20.74 19.07 18.06 19.34 17.65 15.14 12.56 11.02 10.15 8.85 9.46 8.13 9.69 7.83 5.53 0.00 5.29 7.24 9.98 11.45 15.52 17.24 19.10 18.54 19.48 20.24 22.14 21.29 22.33 
22.92 20.92 21.02 22.72 22.09 22.40 21.69 21.33 19.72 16.84 18.20 15.34 16.25 14.84 14.51 13.13 11.71 13.39 12.58 13.72 13.50 14.22 13.18 14.25 16.11 15.04 17.83 17.48 17.54 16.87 17.54 17.28 18.77 18.96 21.60 20.72 20.97 20.63 22.95 22.39 21.68 21.24 23.76 22.67 21.59 19.86 21.03 19.72 17.50 16.22 15.80 15.10 15.09 15.24 17.36 15.02 14.73 15.63 14.87 11.44 9.30 8.94 9.00 8.05 7.76 8.11 10.26 10.39 6.84 5.29 0.00 4.46 6.43 7.93 13.44 13.64 14.75 16.30 16.80 17.87 19.27 21.46 21.72 
22.54 20.09 19.82 21.39 20.78 21.07 20.19 20.74 18.48 15.44 16.11 14.50 14.56 12.84 12.93 11.74 10.13 10.15 10.54 11.71 12.19 12.96 12.54 13.35 15.48 15.08 17.84 17.48 17.56 16.69 17.86 18.15 19.19 19.02 21.18 20.81 20.66 20.44 22.68 22.07 21.52 21.26 24.01 22.83 21.84 20.23 21.45 19.84 17.86 16.55 16.38 15.62 15.21 15.51 17.15 14.95 13.88 14.26 12.85 10.91 9.97 9.76 9.48 9.15 10.66 10.43 13.10 12.95 9.18 7.24 4.46 0.00 5.05 6.03 9.09 10.53 12.56 14.22 14.07 16.18 18.14 18.83 20.07 
21.73 19.36 19.48 20.94 19.84 20.30 19.62 19.27 17.20 13.72 15.44 12.57 13.78 12.70 13.78 12.76 11.79 13.13 13.89 14.08 13.54 14.21 12.99 14.40 15.70 14.26 17.84 17.47 17.55 16.84 18.53 18.90 20.35 19.40 21.58 20.97 21.31 20.68 23.27 22.12 21.58 21.41 24.28 22.79 21.92 20.38 21.63 20.33 18.11 16.90 16.57 16.39 16.05 15.70 17.49 15.17 13.86 13.27 12.64 9.85 10.26 8.44 8.92 9.79 12.98 12.89 15.69 15.30 12.82 9.98 6.43 5.05 1.06 4.91 7.62 8.50 11.64 12.88 12.88 13.86 17.01 18.69 19.21 
19.78 16.72 16.86 19.71 18.92 18.99 17.56 17.28 14.53 11.75 12.76 10.91 12.32 12.02 13.03 11.91 11.86 13.56 14.28 15.00 14.70 14.36 12.47 14.13 14.78 13.08 16.33 17.49 17.58 16.81 18.29 18.56 20.16 19.72 21.58 20.79 20.80 20.75 22.76 21.97 21.17 21.01 23.11 22.01 21.27 19.44 20.37 18.65 16.98 15.18 14.66 14.82 14.84 15.17 16.35 14.13 13.02 11.99 10.45 8.73 7.58 6.98 8.06 10.42 12.76 13.26 16.57 16.84 14.53 11.45 7.93 6.03 4.91 0.01 5.77 6.84 9.84 11.79 10.01 13.61 15.92 16.74 17.01 
20.78 18.79 18.17 21.81 20.30 21.21 19.92 19.34 16.73 14.08 15.23 13.34 15.27 14.09 16.27 15.68 15.46 17.49 18.77 19.79 18.42 17.85 16.29 17.36 18.70 17.07 20.20 21.26 21.72 20.80 22.07 21.83 23.21 22.53 24.71 23.51 24.10 23.28 25.18 24.34 23.99 23.35 25.31 24.35 23.91 21.88 22.92 21.39 19.33 18.04 17.04 17.02 17.51 18.03 18.81 17.16 16.51 14.88 12.74 10.21 11.05 10.84 12.83 14.38 16.93 17.59 21.23 21.11 17.72 15.52 13.44 9.09 7.62 5.77 2.28 5.98 8.25 12.17 10.52 11.62 16.29 16.85 17.61 
20.56 17.59 18.10 19.10 19.19 19.71 18.69 17.53 15.15 12.85 14.10 12.52 13.54 13.00 15.45 15.98 15.10 17.21 18.79 20.17 19.12 18.74 17.37 17.93 18.53 17.41 20.02 20.14 19.96 19.91 21.33 21.50 22.17 22.42 23.75 23.37 22.97 23.35 24.57 24.03 23.05 23.14 25.29 24.05 23.05 21.16 22.46 20.69 18.72 17.24 17.33 17.07 17.40 17.48 18.37 16.02 14.36 13.97 11.26 9.19 9.84 11.45 12.71 13.41 16.78 18.46 20.97 21.36 17.94 17.24 13.64 10.53 8.50 6.84 5.98 0.00 6.29 9.60 6.69 10.56 12.80 15.71 16.43 
21.03 19.05 19.40 20.48 19.81 20.78 20.43 19.47 17.01 15.16 16.95 15.34 16.67 16.98 19.52 19.70 19.08 21.56 23.20 23.85 22.07 21.85 20.36 20.98 20.39 19.56 22.11 22.33 22.10 22.03 23.47 23.92 24.41 24.71 26.18 25.26 24.91 25.50 27.11 25.57 24.13 24.98 26.88 25.38 23.85 23.30 24.10 22.85 20.32 19.77 19.23 19.82 18.64 19.64 20.14 18.71 16.70 16.00 14.15 12.07 11.75 13.30 13.89 15.49 18.34 20.13 21.38 22.24 19.23 19.10 14.75 12.56 11.64 9.84 8.25 6.29 0.58 7.18 5.80 10.02 11.43 13.94 16.44 
19.88 16.94 17.36 18.60 20.25 20.63 20.16 19.50 17.95 16.06 17.75 16.32 17.21 18.26 19.75 19.50 20.09 22.22 23.14 23.46 22.77 22.27 20.26 21.22 21.18 19.82 21.94 22.75 22.66 22.29 23.81 24.20 25.11 24.95 26.33 25.52 25.30 25.55 27.18 25.86 24.60 24.83 26.60 25.20 24.55 23.52 24.31 22.67 20.91 19.87 19.44 19.65 19.30 19.62 20.21 19.47 17.57 16.90 14.84 13.33 14.04 13.16 14.49 16.12 18.49 19.17 21.56 21.42 20.32 18.54 16.30 14.22 12.88 11.79 12.17 9.60 7.18 0.00 6.28 9.51 10.53 13.51 14.07 
17.72 15.11 15.14 19.49 20.85 20.08 19.35 18.35 15.96 14.29 15.20 13.87 15.01 15.69 16.44 17.75 18.36 20.58 21.26 21.57 21.33 19.77 18.23 18.37 19.09 17.40 20.03 20.07 21.24 20.00 22.13 21.71 23.78 22.54 24.94 23.59 24.41 24.22 26.63 25.87 25.07 25.26 26.29 25.83 24.68 23.73 23.99 22.52 21.06 18.88 18.92 18.56 18.96 18.54 18.73 17.97 17.32 16.10 13.04 12.95 12.10 12.25 11.87 14.85 17.37 19.79 20.59 22.88 19.49 19.48 16.80 14.07 12.88 10.01 10.52 6.69 5.80 6.28 0.00 5.22 6.28 10.05 12.26 
20.94 19.98 19.49 20.82 20.29 21.41 20.14 20.02 19.19 18.68 18.95 18.77 18.09 18.45 19.69 21.18 20.93 23.69 23.38 25.37 23.13 23.47 21.42 22.59 22.12 21.41 22.79 23.23 22.86 23.23 23.94 24.92 25.05 25.95 26.03 26.69 25.86 26.94 27.87 28.19 26.21 27.21 28.59 28.32 26.27 25.30 26.18 25.11 22.42 21.63 21.38 21.84 20.64 21.08 21.10 20.34 19.48 19.15 17.46 16.53 15.80 15.95 16.65 17.67 18.84 21.82 22.34 24.13 20.50 20.24 17.87 16.18 13.86 13.61 11.62 10.56 10.02 9.51 5.22 0.00 1.68 5.12 10.43 
23.87 22.02 22.64 23.51 20.91 21.53 21.47 21.28 20.69 20.33 21.29 20.19 19.05 19.67 21.43 22.58 22.97 24.74 26.34 26.63 25.19 24.39 23.84 24.28 24.18 23.39 25.34 24.85 24.55 24.52 26.19 26.43 27.53 27.37 28.65 27.93 27.70 28.03 30.12 29.18 27.36 27.75 30.16 28.77 27.21 25.85 27.73 25.97 23.86 22.54 23.08 23.19 22.64 23.11 23.68 22.93 21.62 21.32 20.16 18.60 17.84 18.21 18.79 19.64 20.66 21.86 23.48 24.22 21.99 22.14 19.27 18.14 17.01 15.92 16.29 12.80 11.43 10.53 6.28 1.68 0.00 4.99 10.91 
