1.24 4.81 7.57 9.14 11.14 13.45 15.20 17.38 19.02 21.16 23.63 25.06 27.33 27.42 26.80 24.88 23.29 20.41 20.01 17.36 18.23 17.17 19.12 18.83 19.30 19.35 19.74 20.55 20.70 22.18 23.26 24.47 25.07 26.81 29.06 29.93 30.23 31.58 33.86 34.21 33.29 34.24 35.74 34.40 32.12 31.67 32.06 31.21 28.86 28.04 29.30 27.89 26.17 26.99 28.16 26.37 25.38 26.88 27.26 25.00 24.40 25.49 24.31 22.64 20.99 19.73 18.07 17.61 17.36 18.44 19.14 21.70 23.93 25.24 26.23 26.98 27.69 27.43 28.24 27.82 27.08 25.99 24.73 23.97 23.33 23.41 23.31 24.01 24.86 25.70 26.10 25.42 24.16 23.18 23.98 24.48 24.66 23.36 23.87 25.35 26.16 25.13 25.14 25.38 25.77 25.29 25.73 26.94 28.24 28.69 30.21 30.29 30.68 30.65 31.03 29.53 29.93 30.71 29.04 27.20 28.34 28.51 26.44 26.41 28.05 27.92 26.47 26.32 26.09 25.71 26.97 26.85 25.96 25.54 27.27 28.92 
4.81 0.00 4.25 6.15 9.16 11.65 13.51 15.36 17.17 20.16 22.73 24.16 26.86 26.96 27.13 24.28 21.49 18.55 18.35 15.72 16.33 15.56 17.62 18.00 17.89 17.84 18.58 19.24 19.70 21.21 22.97 23.99 24.75 26.13 29.04 29.55 30.09 31.06 34.13 34.25 33.42 34.19 35.95 34.44 31.90 30.86 31.70 30.67 28.09 27.01 29.11 27.33 25.00 26.13 28.17 25.69 24.09 26.30 27.16 23.97 22.98 24.03 23.49 20.82 19.18 17.82 16.42 16.50 16.03 17.39 18.29 20.89 24.18 25.04 26.67 27.02 27.83 27.22 28.45 27.45 26.78 25.07 23.96 23.16 22.39 22.61 22.47 23.70 24.25 25.65 25.81 25.28 23.73 22.94 23.45 24.58 24.51 23.09 23.49 25.22 26.26 24.51 24.74 24.67 25.50 24.42 24.98 26.00 27.71 27.60 29.65 29.71 30.52 30.06 30.19 28.46 29.47 30.03 28.09 26.14 28.29 28.18 25.65 25.12 27.82 27.13 25.47 25.93 26.68 25.40 25.70 25.28 25.81 26.02 25.81 27.61 
7.57 4.25 0.00 4.41 7.36 9.60 10.81 14.19 16.05 19.17 21.69 23.20 26.00 26.58 27.00 23.67 20.83 16.57 17.10 14.07 14.67 13.02 15.23 15.83 15.84 16.16 16.88 18.09 18.03 20.53 22.68 23.73 24.23 25.81 28.98 29.35 30.18 31.28 34.84 34.79 33.89 34.34 36.19 34.45 31.64 30.44 31.22 30.12 27.10 26.11 28.58 26.78 23.98 25.13 27.63 24.99 22.80 24.90 26.04 22.64 21.36 22.19 21.43 18.92 17.20 15.93 14.91 14.71 14.54 16.30 17.66 21.02 24.00 25.21 26.90 27.32 27.83 26.99 28.42 27.02 25.76 24.25 23.40 22.60 21.65 22.10 22.57 23.78 24.30 25.76 26.23 25.53 24.19 23.17 24.06 24.83 24.77 23.29 23.65 25.12 25.91 24.16 24.30 24.29 24.81 23.89 24.34 25.32 27.15 27.11 29.13 29.36 30.68 29.64 29.65 27.66 29.02 29.27 27.28 25.41 27.60 27.48 25.01 24.88 27.44 26.67 25.13 26.32 27.48 26.16 25.19 25.53 27.17 26.34 26.03 26.08 
9.14 6.15 4.41 0.00 4.32 7.14 9.26 12.91 15.16 17.60 21.07 23.38 26.13 27.03 26.42 24.97 20.72 17.54 16.72 13.69 13.51 11.18 13.91 14.79 15.05 15.78 17.21 17.70 18.09 20.29 22.36 23.40 23.77 25.13 28.56 29.17 29.95 30.82 34.24 34.27 33.21 33.83 35.88 34.20 31.37 30.45 31.17 29.91 26.74 25.98 28.07 26.42 23.75 24.81 26.99 24.75 22.65 24.72 25.17 22.44 21.24 22.05 20.49 17.90 16.65 15.25 12.73 12.87 13.16 15.21 17.41 20.25 23.71 24.71 26.77 27.42 28.10 27.31 28.42 27.33 26.12 24.48 23.46 22.72 21.87 22.15 21.94 23.33 23.76 25.09 25.44 24.84 23.55 22.64 23.48 24.59 24.51 23.05 23.43 25.07 25.99 24.35 24.30 24.30 25.07 24.00 24.19 25.26 27.28 27.16 28.71 29.30 30.58 29.97 29.12 27.55 28.64 29.20 26.60 25.16 27.47 27.52 24.59 24.73 27.24 26.84 24.87 26.25 28.15 26.05 25.36 24.52 28.52 26.17 25.54 26.59 
11.14 9.16 7.36 4.32 0.00 5.95 7.27 11.11 13.80 17.32 20.34 22.02 25.11 25.42 25.06 22.77 20.51 16.62 15.61 12.79 11.70 10.23 13.07 13.29 13.51 14.30 15.39 15.43 15.78 17.27 18.80 20.29 20.98 22.97 25.82 26.62 27.37 28.69 31.38 32.00 30.90 32.71 34.50 33.06 30.32 29.74 30.10 28.75 25.89 25.19 27.23 25.35 22.84 24.21 25.52 23.14 21.31 23.56 23.89 20.50 19.99 21.49 20.78 17.47 15.99 13.54 11.80 10.65 10.94 12.85 14.67 18.31 22.32 23.08 24.54 25.19 26.18 25.38 26.02 25.32 24.78 23.27 21.59 21.04 20.46 20.71 19.90 21.21 21.68 23.68 24.52 23.72 22.51 21.20 21.76 22.66 22.20 20.56 20.93 22.61 23.40 21.44 21.27 21.49 22.58 21.64 22.10 23.35 25.23 25.61 27.39 27.63 28.65 28.21 28.34 26.07 27.40 28.18 26.07 23.82 26.27 26.46 23.34 23.09 25.24 25.03 23.15 24.22 25.14 25.09 26.22 26.97 24.05 23.01 25.50 28.56 
13.45 11.65 9.60 7.14 5.95 0.00 6.17 7.53 11.42 14.25 18.37 20.60 24.36 25.35 24.83 22.72 19.16 15.34 13.81 8.86 10.34 8.42 12.64 14.25 14.74 14.51 14.26 14.97 14.96 16.73 17.91 19.75 20.33 22.59 25.17 26.21 26.30 27.91 30.86 31.36 30.63 32.25 34.30 32.52 29.85 28.92 29.26 27.91 25.01 24.45 26.47 24.50 21.82 23.74 25.12 22.64 20.50 23.12 23.52 20.47 19.26 20.77 19.32 16.95 14.13 12.23 9.41 10.25 10.91 13.24 14.82 18.72 22.58 23.75 24.63 25.35 25.98 25.27 26.17 25.70 24.72 23.51 21.21 20.59 19.56 19.88 19.64 21.20 21.84 24.00 24.55 23.52 22.21 21.00 21.19 22.22 21.49 20.25 20.15 22.40 22.62 21.29 20.70 20.78 21.30 20.50 21.17 22.51 24.75 24.98 27.43 27.61 28.79 28.01 28.01 25.94 27.29 27.96 25.51 23.62 26.08 26.12 22.54 22.60 25.17 24.26 22.16 24.69 25.43 24.91 25.70 25.66 23.74 23.36 24.61 27.42 
15.20 13.51 10.81 9.26 7.27 6.17 0.00 6.13 7.04 11.06 13.79 16.95 20.40 21.38 21.27 18.43 15.20 11.65 9.47 5.96 6.74 6.72 10.95 12.48 13.30 12.52 12.87 12.68 13.26 14.37 15.67 16.60 17.23 18.85 21.44 22.11 22.79 24.21 27.19 28.13 27.90 29.54 31.22 29.78 27.26 26.26 26.41 25.34 22.69 21.88 24.19 21.99 19.47 20.82 22.79 19.87 18.03 19.89 20.73 17.12 16.64 17.16 16.84 13.81 12.72 9.82 8.77 9.39 10.55 12.26 14.25 16.86 21.11 21.97 22.69 23.01 23.50 22.94 23.41 22.40 21.88 20.32 18.52 17.26 16.38 16.71 16.74 19.00 19.65 22.16 22.89 22.10 20.97 19.39 19.64 20.32 19.71 17.74 18.12 19.70 20.35 17.86 18.10 17.66 18.54 17.66 18.39 20.07 22.32 22.88 25.02 26.04 27.42 26.61 26.15 24.26 25.78 26.27 23.63 21.86 24.52 24.08 20.79 20.90 23.64 22.12 20.27 22.71 24.58 23.91 22.75 24.46 22.80 22.13 22.11 24.84 
17.38 15.36 14.19 12.91 11.11 7.53 6.13 0.00 5.48 6.59 12.44 14.51 19.45 20.18 20.82 18.93 16.08 11.29 10.57 6.93 8.15 8.07 13.77 15.39 15.05 14.60 13.98 13.59 13.99 14.88 15.70 16.45 16.88 18.43 21.10 21.99 23.01 24.20 26.35 27.62 27.21 29.06 30.52 29.13 26.48 25.96 25.96 24.91 21.93 21.44 23.70 21.81 19.19 20.47 22.34 19.59 17.52 19.46 19.83 17.06 16.31 17.53 15.99 14.14 12.50 10.65 8.64 11.41 11.86 13.55 15.05 18.77 22.17 22.88 23.15 23.69 24.31 23.40 23.55 22.85 22.75 20.88 18.36 17.42 16.63 17.03 16.76 18.92 20.05 22.69 22.70 22.23 20.54 19.27 18.93 20.37 19.69 17.86 17.65 19.92 20.48 18.53 18.39 17.86 18.75 17.94 18.79 20.47 22.75 23.46 25.65 26.67 27.75 27.17 26.21 24.60 25.70 26.61 23.53 22.01 24.52 24.66 20.63 20.90 23.34 22.70 20.25 23.23 24.98 24.39 23.94 23.97 22.89 22.21 22.39 25.42 
19.02 17.17 16.05 15.16 13.80 11.42 7.04 5.48 0.00 5.21 6.83 9.78 13.72 16.09 15.72 15.30 12.53 9.58 8.34 8.04 9.14 9.88 15.07 16.66 15.94 14.98 14.27 13.65 13.93 14.06 14.56 14.29 15.51 16.27 18.46 19.37 20.44 21.43 23.52 24.52 24.15 26.32 28.15 26.39 24.02 23.50 23.72 22.26 19.46 18.82 21.20 18.88 16.07 17.41 18.85 16.36 14.12 16.43 16.89 14.25 13.84 14.66 14.23 11.82 12.16 10.01 8.52 10.37 11.44 12.79 13.94 17.26 20.29 21.20 22.20 22.27 22.89 21.03 21.50 20.44 20.67 18.28 15.91 14.58 13.73 14.52 14.27 16.51 17.56 20.64 21.52 20.99 19.26 17.23 17.38 18.40 17.97 15.89 16.10 17.91 18.62 16.01 16.41 15.58 16.29 15.70 16.50 18.39 20.15 21.41 24.39 24.62 25.52 25.01 24.81 22.53 23.70 24.25 21.91 19.93 22.63 22.32 18.86 18.98 21.26 20.29 18.39 20.96 22.50 22.02 22.04 22.30 22.40 21.02 22.10 24.56 
21.16 20.16 19.17 17.60 17.32 14.25 11.06 6.59 5.21 0.00 5.97 7.37 11.78 13.75 15.68 13.43 11.34 9.69 8.41 8.10 10.09 12.04 17.71 19.21 16.74 15.80 15.36 14.46 14.57 13.79 14.07 14.47 14.58 15.40 16.96 18.12 18.74 19.47 21.84 23.50 23.30 25.42 27.25 25.72 23.19 22.38 22.56 21.63 18.76 18.18 20.36 18.88 16.07 17.68 18.61 17.09 15.31 17.53 17.86 16.01 14.92 16.56 15.95 14.33 13.59 12.73 10.88 12.90 13.03 15.10 16.68 19.22 22.23 22.64 23.49 23.40 23.30 21.21 21.78 20.57 20.90 18.17 16.05 15.22 14.84 15.67 15.98 18.11 19.71 22.54 23.09 22.26 20.26 18.95 18.29 19.39 18.58 17.27 17.03 18.97 18.67 16.60 16.79 15.88 16.66 16.39 17.92 19.74 21.33 22.63 25.97 26.10 26.61 26.15 26.15 23.85 24.53 25.06 22.85 20.90 23.21 23.00 19.39 19.64 21.79 20.73 18.88 21.80 23.43 22.37 23.49 22.82 22.57 21.54 23.43 24.87 
23.63 22.73 21.69 21.07 20.34 18.37 13.79 12.44 6.83 5.97 0.65 5.19 7.32 11.09 12.59 11.70 10.38 8.96 10.20 9.70 12.12 14.88 20.72 21.05 18.53 17.86 16.29 15.34 14.83 13.99 14.31 13.50 13.05 13.50 14.86 14.90 16.18 16.69 19.16 20.43 20.87 23.43 24.55 23.39 21.06 20.26 20.28 19.26 17.01 16.04 18.67 17.20 14.83 15.98 17.20 15.83 14.14 16.43 17.49 15.90 14.62 16.28 16.96 15.55 15.16 13.73 12.98 14.46 14.17 16.35 17.69 20.19 22.28 22.90 23.68 22.95 22.40 20.63 20.83 19.11 19.47 16.56 15.39 14.32 14.71 15.69 16.41 18.90 20.76 23.56 24.02 23.00 21.11 19.60 18.95 19.55 18.80 16.87 16.77 17.82 17.75 14.82 15.59 15.02 16.36 16.24 17.81 19.69 21.74 22.77 25.95 26.23 26.98 26.25 26.09 23.56 24.31 24.85 22.60 20.59 22.78 22.20 18.75 19.36 21.66 20.31 18.16 21.80 23.44 22.52 21.97 22.78 22.68 21.72 23.06 24.67 
25.06 24.16 23.20 23.38 22.02 20.60 16.95 14.51 9.78 7.37 5.19 0.00 5.62 6.92 9.40 10.07 8.64 7.54 9.13 10.23 13.02 16.29 21.96 22.81 19.85 19.52 17.38 15.65 14.81 13.97 13.50 12.49 11.62 11.33 12.46 12.13 13.24 14.10 15.69 17.23 18.34 20.94 22.56 21.07 19.35 18.79 18.86 17.70 15.21 14.40 17.35 15.50 12.92 14.02 15.74 14.05 12.54 15.17 16.46 14.65 13.68 15.91 16.70 15.34 15.04 14.62 12.84 15.11 14.05 15.88 17.62 19.05 21.24 21.64 22.19 21.56 20.79 18.53 18.52 16.67 16.99 14.27 13.60 12.88 13.27 14.47 15.47 17.88 19.66 22.49 23.24 22.39 20.62 18.88 17.82 18.68 17.78 15.72 15.17 16.25 16.27 13.33 13.79 13.86 15.63 15.55 17.00 19.10 21.06 22.10 25.12 25.47 26.34 25.79 25.62 23.20 24.18 24.80 22.49 20.39 22.60 22.29 18.64 18.85 21.28 20.02 17.65 20.45 22.65 21.70 22.09 21.52 21.37 21.71 22.37 24.21 
27.33 26.86 26.00 26.13 25.11 24.36 20.40 19.45 13.72 11.78 7.32 5.62 1.68 5.58 6.36 7.92 8.06 8.11 9.38 11.68 15.94 19.10 23.98 24.45 22.82 21.38 19.40 16.65 16.41 14.40 14.53 12.77 12.16 11.29 11.71 10.83 13.34 11.87 15.00 16.93 18.00 20.62 22.80 21.77 19.60 19.00 19.27 18.11 15.42 14.73 17.66 15.79 13.19 14.26 16.19 14.76 13.11 16.32 17.67 16.10 15.52 18.99 19.89 18.33 18.67 17.91 16.18 17.07 16.12 17.92 19.18 21.03 22.61 22.41 23.08 22.25 21.75 18.68 18.14 15.85 17.15 13.88 14.24 12.93 14.61 16.46 16.81 19.51 21.16 24.25 24.72 24.23 22.18 20.16 19.30 19.99 18.83 16.48 16.24 17.29 17.31 14.18 14.78 14.70 17.23 16.86 18.04 20.10 21.99 23.24 25.91 26.46 27.14 26.82 26.47 24.21 25.00 25.94 23.47 21.46 23.71 23.53 19.83 20.16 22.39 21.74 19.19 22.31 24.02 23.13 22.66 21.83 21.80 21.69 22.44 24.24 
27.42 26.96 26.58 27.03 25.42 25.35 21.38 20.18 16.09 13.75 11.09 6.92 5.58 0.00 4.92 5.73 6.63 9.39 11.43 13.07 17.22 22.24 25.91 26.95 23.74 22.95 20.26 17.67 15.15 12.44 12.09 11.34 10.04 8.48 7.87 8.43 9.99 9.71 13.19 17.59 18.68 21.06 23.09 22.62 20.44 19.62 19.21 18.43 15.04 13.81 17.12 15.61 12.04 13.91 16.04 14.58 13.33 16.67 18.01 16.20 16.22 19.93 20.97 19.00 19.65 19.24 17.38 18.57 17.60 19.00 20.19 21.63 23.91 23.68 23.80 23.25 22.14 18.70 17.55 14.73 15.61 13.47 12.75 12.53 14.18 16.27 16.24 19.13 21.18 23.96 24.53 23.86 22.30 20.14 19.41 20.16 18.73 17.03 16.77 17.82 17.21 14.46 15.17 15.21 17.37 17.55 19.20 20.83 22.85 23.64 26.74 26.88 27.57 27.00 26.94 24.42 25.34 26.01 23.71 21.79 23.80 23.49 19.76 20.19 22.73 21.39 19.05 22.17 24.41 23.09 23.73 22.71 22.77 21.86 23.14 24.79 
26.80 27.13 27.00 26.42 25.06 24.83 21.27 20.82 15.72 15.68 12.59 9.40 6.36 4.92 0.00 4.98 6.58 9.53 12.94 14.09 17.73 21.68 26.47 26.84 24.42 22.83 19.91 16.52 14.39 12.35 11.81 10.58 10.58 9.01 9.19 8.28 10.96 10.76 15.13 18.06 20.18 22.09 24.09 23.26 20.85 19.86 19.44 18.25 14.62 13.31 16.78 14.34 11.18 13.05 15.59 13.74 12.48 16.00 18.03 16.49 16.60 20.53 21.66 20.27 20.38 19.61 17.94 19.22 18.28 20.20 20.91 22.77 24.58 24.76 25.16 24.15 23.30 19.66 18.56 15.79 16.65 12.82 13.16 12.65 14.51 16.33 16.56 19.16 21.16 24.12 24.66 24.11 22.24 20.28 19.39 20.03 18.37 16.72 17.07 18.38 17.39 14.69 16.34 16.63 17.83 18.24 19.83 21.78 23.63 24.51 27.39 27.77 28.48 27.72 27.40 24.94 25.68 26.44 23.89 21.82 24.05 23.62 19.58 20.45 23.05 21.68 18.89 22.80 25.18 23.77 22.95 22.76 23.55 22.92 23.62 24.44 
24.88 24.28 23.67 24.97 22.77 22.72 18.43 18.93 15.30 13.43 11.70 10.07 7.92 5.73 4.98 0.00 6.34 8.52 11.65 12.73 15.37 19.12 24.00 23.90 22.09 20.83 18.02 14.26 12.56 9.82 9.99 9.61 9.85 8.82 9.25 9.26 11.81 12.33 15.00 18.91 20.48 22.54 24.74 23.99 22.06 20.58 20.26 19.12 15.61 14.24 17.07 15.03 11.39 12.99 15.11 13.22 12.58 16.03 17.65 16.31 16.64 20.27 21.43 20.17 20.53 19.81 17.79 18.82 17.81 19.41 20.25 21.79 24.41 24.12 24.67 24.13 22.99 19.37 18.31 15.56 15.53 11.95 12.56 12.74 13.29 15.02 15.83 18.36 20.00 22.78 23.30 22.80 21.21 19.01 18.12 19.32 18.56 16.84 16.76 18.42 18.40 16.09 17.08 17.27 18.53 18.33 19.92 21.52 23.68 24.06 26.94 27.10 27.85 27.30 27.04 24.68 25.49 26.35 23.65 21.81 23.76 23.38 19.78 19.99 22.76 21.26 19.13 22.37 24.84 23.25 23.62 22.63 23.77 22.63 23.34 24.72 
23.29 21.49 20.83 20.72 20.51 19.16 15.20 16.08 12.53 11.34 10.38 8.64 8.06 6.63 6.58 6.34 0.00 7.80 9.58 10.45 12.85 15.86 20.07 19.86 19.16 17.14 13.19 11.32 9.67 7.66 8.58 9.23 10.17 9.83 11.31 12.48 14.63 14.08 16.74 19.31 20.59 23.01 25.38 24.99 22.78 21.06 20.45 19.58 16.43 14.77 17.71 15.51 11.77 12.66 14.84 13.59 11.87 15.64 17.26 15.40 15.36 19.48 20.60 19.47 20.32 19.11 16.87 17.69 16.87 18.15 18.82 21.16 23.59 23.67 24.08 23.48 22.85 19.63 19.35 16.63 16.36 13.57 13.60 12.40 12.33 14.13 14.14 17.22 18.74 21.55 22.32 22.12 20.00 17.83 17.38 18.95 18.67 17.06 17.15 19.02 19.93 17.82 18.05 17.93 18.72 18.56 19.53 21.38 23.70 24.00 26.38 26.53 27.59 26.68 26.46 24.20 25.42 25.79 23.38 21.37 23.57 23.05 19.85 20.09 22.60 21.87 19.74 22.58 24.44 24.03 23.88 22.74 24.31 23.06 23.88 25.53 
20.41 18.55 16.57 17.54 16.62 15.34 11.65 11.29 9.58 9.69 8.96 7.54 8.11 9.39 9.53 8.52 7.80 0.00 7.03 7.54 11.04 13.97 17.52 18.58 17.38 14.59 12.52 9.21 9.82 7.71 8.19 9.25 11.26 12.50 14.18 15.22 16.40 17.13 19.22 21.91 22.75 25.35 27.36 26.10 23.97 22.45 21.82 20.41 17.57 15.99 18.48 15.82 12.35 13.29 15.50 12.44 11.04 14.27 16.12 13.65 13.49 18.10 19.53 18.34 19.23 17.89 15.52 16.25 15.71 17.08 17.85 20.27 23.24 23.11 23.81 23.43 22.97 19.79 20.17 18.19 18.16 15.11 13.95 12.86 12.58 12.68 12.08 15.72 17.74 20.08 20.78 20.66 18.51 16.24 16.46 17.74 17.54 16.00 16.98 19.21 19.85 17.90 18.61 17.91 18.75 18.13 19.54 20.84 23.20 23.60 26.44 26.66 27.49 26.71 26.48 23.90 25.08 25.24 22.70 20.67 22.90 22.36 18.93 19.13 21.73 20.37 18.70 21.49 23.73 22.76 23.81 22.62 23.60 23.01 24.21 26.18 
20.01 18.35 17.10 16.72 15.61 13.81 9.47 10.57 8.34 8.41 10.20 9.13 9.38 11.43 12.94 11.65 9.58 7.03 0.00 6.16 8.56 11.12 15.24 15.74 13.98 12.70 10.50 8.10 8.95 9.75 10.12 11.48 13.44 15.90 18.24 19.31 19.84 21.15 23.58 25.75 26.20 29.04 30.33 29.02 26.35 25.33 24.35 22.80 19.82 18.53 20.35 17.46 14.15 15.29 16.70 14.72 12.83 15.44 16.64 15.49 15.81 19.20 20.29 19.80 20.18 18.88 16.39 17.18 16.13 18.25 18.99 21.95 24.52 25.35 25.74 25.60 24.52 22.29 21.98 21.04 20.60 17.81 16.09 15.35 13.75 14.86 13.66 17.07 18.51 21.30 21.74 22.04 19.68 18.02 17.77 19.02 18.41 17.47 18.79 20.75 21.21 19.53 20.48 19.67 20.11 19.70 21.11 22.39 24.15 25.21 28.32 28.80 29.63 28.74 28.28 25.73 26.63 26.57 23.63 21.43 23.72 23.27 19.61 20.11 22.35 21.53 19.10 22.45 24.60 23.97 23.76 23.39 24.75 24.26 25.36 26.24 
17.36 15.72 14.07 13.69 12.79 8.86 5.96 6.93 8.04 8.10 9.70 10.23 11.68 13.07 14.09 12.73 10.45 7.54 6.16 1.57 7.00 7.71 11.99 12.92 11.19 9.25 8.89 8.49 9.25 9.70 12.20 13.67 15.56 17.90 19.80 20.78 21.60 22.05 24.52 26.64 27.19 29.38 30.95 29.33 26.71 25.89 25.68 23.86 20.56 19.26 21.02 18.36 14.75 15.77 16.97 14.42 13.18 15.63 16.62 15.32 15.59 19.02 20.01 19.31 19.43 18.03 15.60 15.89 15.06 17.64 18.80 21.22 23.97 25.20 25.37 25.13 24.53 22.16 22.11 20.21 20.30 17.52 16.69 15.60 14.28 14.87 14.79 16.95 17.95 20.61 21.14 21.03 19.49 17.86 17.52 18.86 18.90 17.95 19.01 21.08 21.34 19.92 20.60 20.05 20.23 19.73 21.00 22.19 23.66 24.34 27.17 27.82 28.23 27.78 27.40 25.00 25.66 25.92 23.28 21.35 23.25 22.84 19.64 20.16 22.31 21.59 19.30 21.78 23.61 22.84 23.71 23.34 23.71 24.03 25.05 26.84 
18.23 16.33 14.67 13.51 11.70 10.34 6.74 8.15 9.14 10.09 12.12 13.02 15.94 17.22 17.73 15.37 12.85 11.04 8.56 7.00 3.19 7.06 8.25 9.66 9.45 9.46 9.33 11.09 12.34 13.44 15.21 18.05 19.13 21.63 23.17 24.43 25.20 26.00 27.29 29.24 29.15 31.49 32.74 31.61 28.31 28.33 27.88 26.49 22.85 22.11 23.87 21.34 17.39 18.27 19.43 16.98 14.42 17.47 18.46 16.61 16.27 20.16 21.10 20.51 20.91 19.85 17.18 17.93 17.09 19.36 19.95 22.62 25.50 26.49 26.69 26.48 26.07 24.79 24.64 23.18 22.79 20.79 19.97 18.45 17.08 18.07 17.13 18.98 18.45 21.77 22.61 22.93 21.22 20.31 19.92 21.89 21.54 20.94 21.37 23.56 24.09 22.74 23.43 22.76 23.35 22.46 23.38 24.28 25.52 26.36 28.27 28.94 30.09 29.34 28.60 26.54 27.01 27.15 24.77 22.87 24.74 24.28 21.23 21.63 23.82 23.44 20.97 23.11 24.88 24.64 24.64 25.03 25.07 24.40 25.77 28.72 
17.17 15.56 13.02 11.18 10.23 8.42 6.72 8.07 9.88 12.04 14.88 16.29 19.10 22.24 21.68 19.12 15.86 13.97 11.12 7.71 7.06 1.12 5.87 6.87 6.46 7.17 8.62 10.35 13.41 14.45 16.30 19.34 20.63 23.66 25.65 26.86 27.23 28.30 30.13 32.12 32.23 34.70 35.69 34.34 31.78 31.01 30.92 29.04 25.52 24.69 26.45 23.54 19.53 20.20 21.06 18.11 15.63 18.41 19.03 17.53 17.10 20.87 21.32 21.24 21.93 20.58 18.00 18.69 18.32 20.26 20.77 23.73 26.57 27.61 27.50 27.52 26.73 25.33 25.49 23.94 23.46 21.38 20.05 19.22 18.18 18.59 17.58 19.59 19.50 22.51 23.60 23.61 21.91 20.74 20.90 22.21 22.19 21.80 22.69 24.90 25.48 24.17 24.77 23.96 24.48 23.71 24.77 25.41 26.94 27.28 29.60 30.15 30.96 30.47 29.48 27.16 27.97 27.94 24.87 23.22 25.51 24.89 21.21 22.09 24.65 23.93 21.02 23.63 25.73 24.89 25.33 25.45 25.22 25.27 26.42 28.57 
19.12 17.62 15.23 13.91 13.07 12.64 10.95 13.77 15.07 17.71 20.72 21.96 23.98 25.91 26.47 24.00 20.07 17.52 15.24 11.99 8.25 5.87 2.92 6.28 7.66 8.32 10.99 12.71 15.11 18.16 20.96 23.36 24.90 27.41 29.68 31.32 31.53 32.83 34.32 36.50 37.48 39.10 40.40 39.18 36.55 35.89 35.13 33.40 29.74 28.77 30.12 27.13 23.26 23.59 24.02 21.48 19.10 21.21 21.76 20.35 20.56 23.76 23.90 23.60 24.24 23.46 20.77 21.59 20.73 23.58 24.00 26.64 29.54 30.47 30.75 30.45 29.62 28.10 27.98 27.06 26.50 24.74 23.02 22.52 21.57 22.10 20.97 23.26 22.50 25.31 25.69 26.23 24.15 23.56 23.46 25.12 24.38 24.51 25.93 28.05 28.76 27.82 28.48 27.79 28.14 27.28 28.30 28.88 29.75 30.61 33.21 33.36 34.27 33.45 32.20 30.04 31.02 30.89 27.08 25.41 28.03 27.51 23.35 24.11 26.76 26.03 23.19 26.31 28.25 27.37 26.83 27.00 28.01 26.75 28.29 28.78 
18.83 18.00 15.83 14.79 13.29 14.25 12.48 15.39 16.66 19.21 21.05 22.81 24.45 26.95 26.84 23.90 19.86 18.58 15.74 12.92 9.66 6.87 6.28 0.00 6.01 7.58 9.76 12.87 14.94 18.22 20.78 24.58 26.13 28.17 30.76 32.16 32.39 32.70 35.16 37.13 37.38 38.95 40.41 39.53 36.75 36.03 35.73 34.29 30.54 29.46 30.97 28.29 23.96 24.34 24.92 22.23 20.21 22.43 23.30 21.75 21.51 24.47 24.88 24.11 24.56 23.30 21.06 22.19 21.19 24.06 24.88 27.41 30.31 31.19 31.31 31.07 30.13 28.56 28.68 27.52 27.22 25.33 24.14 23.23 21.87 22.43 21.88 23.48 23.06 25.65 26.57 26.44 25.01 23.87 23.57 25.51 25.23 24.92 25.98 28.10 29.24 27.88 28.49 27.78 27.96 27.12 28.16 28.69 29.43 30.52 33.09 33.20 33.88 33.41 32.35 29.98 30.62 31.10 27.54 26.20 28.24 28.29 24.33 25.21 27.26 26.20 24.04 26.87 28.50 27.39 27.40 27.20 27.15 26.76 27.80 29.06 
19.30 17.89 15.84 15.05 13.51 14.74 13.30 15.05 15.94 16.74 18.53 19.85 22.82 23.74 24.42 22.09 19.16 17.38 13.98 11.19 9.45 6.46 7.66 6.01 0.00 6.45 6.21 10.66 12.89 16.17 19.76 21.95 23.88 26.28 28.56 30.21 31.29 31.60 33.88 34.81 35.03 36.64 38.40 37.45 34.70 34.38 34.05 32.73 28.75 28.11 29.94 26.97 22.90 23.49 24.49 21.71 19.49 22.05 23.04 20.90 20.10 23.34 23.22 22.46 22.37 21.32 19.18 20.51 19.74 22.33 22.99 25.81 28.64 29.37 29.63 29.27 28.77 26.79 27.24 25.75 25.84 24.00 23.42 21.84 20.79 21.92 21.44 22.60 22.41 25.42 25.74 25.54 23.68 22.91 22.75 24.48 24.72 24.08 24.69 26.98 28.08 26.62 26.69 26.30 26.34 25.45 26.10 27.04 27.77 28.43 30.91 31.11 31.91 31.41 30.68 28.40 29.02 29.34 26.36 24.93 27.11 26.99 23.42 23.89 26.47 25.57 23.33 25.83 27.70 26.97 26.55 26.04 27.34 25.55 26.67 28.31 
19.35 17.84 16.16 15.78 14.30 14.51 12.52 14.60 14.98 15.80 17.86 19.52 21.38 22.95 22.83 20.83 17.14 14.59 12.70 9.25 9.46 7.17 8.32 7.58 6.45 0.00 5.55 7.75 10.69 13.63 16.24 19.49 21.78 24.58 26.73 27.89 28.76 28.98 31.05 32.99 33.58 34.98 36.90 35.81 33.53 32.47 32.76 31.00 27.68 26.47 28.45 26.23 21.62 22.26 23.20 21.01 17.36 20.89 21.12 19.51 18.38 21.72 21.89 20.70 20.72 19.30 17.31 18.51 18.20 20.29 21.34 24.16 27.47 28.00 28.17 27.47 26.39 24.40 25.00 22.98 22.58 20.94 19.94 19.07 18.68 19.61 19.47 20.93 21.63 24.66 25.42 24.68 22.51 21.89 21.68 23.11 22.91 22.47 23.47 25.51 26.87 25.08 25.27 24.61 24.74 23.54 24.57 25.63 26.56 27.17 29.79 30.17 30.83 30.15 29.44 27.32 27.84 28.14 24.96 23.77 26.23 25.64 21.96 22.05 24.88 23.41 21.61 24.15 26.80 25.48 25.75 25.24 25.39 24.98 25.71 27.87 
19.74 18.58 16.88 17.21 15.39 14.26 12.87 13.98 14.27 15.36 16.29 17.38 19.40 20.26 19.91 18.02 13.19 12.52 10.50 8.89 9.33 8.62 10.99 9.76 6.21 5.55 0.00 6.43 7.48 10.78 13.38 16.94 18.70 21.61 24.07 25.18 25.76 26.85 28.89 30.84 31.53 33.55 35.47 34.11 31.85 31.16 30.91 29.23 26.08 24.95 26.50 23.68 19.73 20.20 20.94 17.34 14.71 17.68 18.19 15.89 16.26 19.40 19.45 18.01 18.05 16.77 15.39 16.30 16.54 18.18 19.24 21.88 25.29 25.91 25.93 25.23 24.52 22.12 22.31 20.05 20.32 16.95 16.22 15.42 16.78 16.79 16.53 19.03 19.73 22.81 23.22 23.06 20.74 20.04 20.14 21.44 20.94 20.33 22.29 24.14 24.75 23.08 23.35 22.95 23.22 21.93 23.11 23.94 24.84 25.33 27.67 28.32 29.12 28.42 27.60 25.60 26.72 26.58 23.14 21.80 24.75 23.97 19.92 20.52 23.15 21.70 20.02 22.86 25.15 24.04 24.06 23.84 24.86 24.00 24.76 26.21 
20.55 19.24 18.09 17.70 15.43 14.97 12.68 13.59 13.65 14.46 15.34 15.65 16.65 17.67 16.52 14.26 11.32 9.21 8.10 8.49 11.09 10.35 12.71 12.87 10.66 7.75 6.43 0.00 5.42 6.64 10.69 13.58 15.56 17.63 20.79 22.36 22.15 23.54 26.60 28.38 29.38 31.46 33.66 32.32 29.99 29.03 28.90 27.13 24.26 22.41 24.01 21.64 18.04 17.62 18.67 16.44 13.36 16.60 16.85 15.38 15.63 18.64 19.00 17.58 17.02 15.70 14.00 15.09 14.50 16.59 17.93 20.38 23.99 24.59 24.56 23.78 23.19 20.56 20.54 19.33 18.48 16.79 14.94 14.34 14.42 15.15 15.66 17.65 18.66 21.80 22.90 21.58 19.69 18.70 18.89 20.08 19.53 18.75 20.17 22.51 23.24 21.60 21.51 21.18 21.05 19.71 20.62 21.35 22.40 23.21 25.50 26.24 27.28 26.18 25.66 23.35 24.12 24.32 21.60 19.71 22.88 22.51 18.82 19.11 21.92 20.46 18.83 21.45 23.84 23.14 23.74 23.28 23.00 23.60 23.99 26.04 
20.70 19.70 18.03 18.09 15.78 14.96 13.26 13.99 13.93 14.57 14.83 14.81 16.41 15.15 14.39 12.56 9.67 9.82 8.95 9.25 12.34 13.41 15.11 14.94 12.89 10.69 7.48 5.42 0.00 4.89 5.74 9.81 12.13 14.27 16.80 18.04 19.31 20.42 23.65 25.83 26.68 28.38 30.72 29.64 27.51 26.39 25.98 24.72 21.63 20.16 21.90 19.29 15.59 15.74 17.16 13.90 12.19 14.18 15.44 13.42 13.65 16.85 17.34 15.55 15.29 13.57 12.45 12.69 11.88 14.18 16.02 17.94 21.54 21.71 22.53 21.69 21.40 17.93 18.40 15.40 16.39 13.63 13.85 11.81 12.55 13.18 14.15 15.46 16.46 19.92 20.96 19.81 17.94 17.30 17.21 18.05 17.61 16.70 17.59 20.24 20.95 19.37 18.87 18.55 18.82 17.12 17.20 18.37 18.96 19.72 22.30 22.99 23.58 22.71 22.68 20.20 20.49 21.37 19.15 17.47 20.33 20.52 16.84 17.51 20.34 19.31 17.54 20.11 22.45 21.62 22.28 21.92 22.30 21.67 22.73 25.59 
22.18 21.21 20.53 20.29 17.27 16.73 14.37 14.88 14.06 13.79 13.99 13.97 14.40 12.44 12.35 9.82 7.66 7.71 9.75 9.70 13.44 14.45 18.16 18.22 16.17 13.63 10.78 6.64 4.89 0.27 5.25 6.79 10.80 11.94 14.01 15.76 17.36 17.40 20.97 23.15 24.97 26.72 28.61 27.37 25.47 24.21 23.87 22.64 19.68 18.68 20.81 19.55 14.65 15.72 16.24 13.92 10.14 14.04 14.98 13.55 13.43 17.63 17.77 16.73 16.23 15.00 12.49 13.51 13.02 14.60 15.57 17.99 21.22 21.11 21.61 20.75 19.41 16.24 16.36 13.67 13.84 12.17 11.76 11.13 12.40 13.06 13.57 15.49 17.13 20.75 21.36 20.10 17.82 17.01 16.66 17.73 16.76 16.08 17.01 19.63 20.65 18.80 18.29 17.27 17.27 15.94 15.74 17.55 17.76 18.70 21.04 22.15 22.34 21.36 21.15 18.92 19.52 20.26 18.01 16.63 19.63 19.71 16.46 17.07 19.83 18.98 17.15 20.11 22.60 21.66 22.36 22.11 21.69 21.59 22.60 25.25 
23.26 22.97 22.68 22.36 18.80 17.91 15.67 15.70 14.56 14.07 14.31 13.50 14.53 12.09 11.81 9.99 8.58 8.19 10.12 12.20 15.21 16.30 20.96 20.78 19.76 16.24 13.38 10.69 5.74 5.25 1.23 5.85 6.97 9.97 12.34 14.13 15.69 16.58 19.57 20.89 22.66 25.04 26.61 24.99 22.65 21.43 20.99 20.12 18.01 16.75 19.22 16.35 12.61 13.36 15.08 10.33 7.35 12.21 14.65 11.57 12.08 16.53 17.75 16.29 16.34 14.27 12.79 13.40 13.38 14.29 14.94 16.55 20.77 20.62 21.24 20.39 19.87 16.37 17.03 13.95 15.32 11.90 12.74 10.53 13.56 12.69 13.76 15.83 17.90 20.78 21.29 20.18 17.72 16.09 14.89 16.17 15.90 14.97 16.15 18.64 19.25 17.52 17.25 15.64 15.86 13.98 14.65 15.27 16.12 16.50 19.12 19.65 20.42 19.17 19.04 16.62 17.83 18.64 16.35 15.12 18.51 18.44 15.35 16.17 18.73 17.78 16.35 19.69 21.65 21.02 21.06 20.64 21.71 21.15 22.40 24.31 
24.47 23.99 23.73 23.40 20.29 19.75 16.60 16.45 14.29 14.47 13.50 12.49 12.77 11.34 10.58 9.61 9.23 9.25 11.48 13.67 18.05 19.34 23.36 24.58 21.95 19.49 16.94 13.58 9.81 6.79 5.85 0.56 5.36 6.72 10.45 11.63 13.26 14.88 17.96 19.49 20.77 23.55 25.26 23.72 21.08 20.11 19.03 18.67 16.50 15.18 17.55 16.05 12.15 13.16 13.51 11.53 9.38 13.63 14.77 14.20 14.37 18.65 18.86 17.82 17.27 15.15 13.04 13.87 13.25 14.36 13.93 15.43 19.76 20.24 20.32 19.92 19.68 16.97 16.50 14.70 14.83 12.10 11.01 9.97 11.44 11.20 12.34 15.76 17.16 20.95 21.71 20.36 17.77 16.73 15.36 16.46 15.82 15.10 15.95 18.03 18.45 16.07 15.70 14.59 14.28 12.56 13.04 14.13 14.68 15.46 17.90 18.58 19.39 17.43 17.86 15.40 16.25 17.68 16.12 14.46 17.99 18.56 15.64 16.35 18.93 18.17 16.92 20.20 22.19 21.47 21.86 21.30 21.68 21.85 22.38 24.48 
25.07 24.75 24.23 23.77 20.98 20.33 17.23 16.88 15.51 14.58 13.05 11.62 12.16 10.04 10.58 9.85 10.17 11.26 13.44 15.56 19.13 20.63 24.90 26.13 23.88 21.78 18.70 15.56 12.13 10.80 6.97 5.36 0.23 5.23 6.86 9.44 10.61 12.70 15.18 16.97 18.94 21.36 22.44 21.79 19.30 18.17 17.22 16.84 14.87 13.35 16.60 14.35 11.62 12.04 13.55 11.35 11.09 13.95 15.32 14.30 15.09 19.03 19.99 18.91 18.88 16.96 15.20 15.34 14.20 14.70 15.06 16.27 19.69 19.65 20.95 20.08 19.41 15.91 16.44 14.01 14.61 11.16 11.95 10.69 11.83 11.55 13.19 15.96 17.90 20.87 21.82 20.76 18.73 17.16 15.40 16.32 16.03 14.66 14.69 16.47 17.23 14.53 13.78 11.79 13.23 11.40 11.50 12.31 13.65 13.58 16.64 16.82 17.27 15.75 16.54 14.42 15.22 17.11 16.14 14.44 17.90 19.23 16.35 17.00 20.09 19.67 17.83 20.90 22.56 22.10 22.09 20.17 22.12 21.05 22.02 24.29 
26.81 26.13 25.81 25.13 22.97 22.59 18.85 18.43 16.27 15.40 13.50 11.33 11.29 8.48 9.01 8.82 9.83 12.50 15.90 17.90 21.63 23.66 27.41 28.17 26.28 24.58 21.61 17.63 14.27 11.94 9.97 6.72 5.23 0.00 5.56 6.56 9.06 9.84 13.08 14.65 17.07 19.48 20.62 19.39 17.27 16.46 15.08 15.31 13.30 11.97 14.90 13.38 10.15 11.23 13.09 11.47 10.50 15.50 16.56 15.05 15.83 20.12 21.11 20.19 20.61 18.72 16.16 16.96 15.18 15.90 15.75 17.26 20.25 19.65 20.30 19.53 18.93 14.92 15.40 11.97 13.24 10.21 11.61 10.88 12.91 14.12 15.09 18.12 19.77 22.69 23.35 22.31 20.15 18.32 16.14 17.50 16.07 13.90 13.59 15.73 16.18 13.53 12.18 11.07 12.52 12.14 11.92 13.42 14.60 15.28 18.08 18.28 18.36 17.47 17.65 15.80 16.73 18.66 17.40 16.41 19.14 20.50 17.45 18.18 20.45 20.22 18.16 21.13 23.29 22.22 22.39 20.59 21.44 20.79 22.40 24.65 
29.06 29.04 28.98 28.56 25.82 25.17 21.44 21.10 18.46 16.96 14.86 12.46 11.71 7.87 9.19 9.25 11.31 14.18 18.24 19.80 23.17 25.65 29.68 30.76 28.56 26.73 24.07 20.79 16.80 14.01 12.34 10.45 6.86 5.56 0.00 5.54 6.65 8.08 11.12 13.42 15.35 17.62 18.98 18.23 16.64 14.79 13.25 13.75 13.02 10.15 14.07 12.63 10.16 11.50 14.10 12.72 11.64 16.79 18.89 17.43 18.10 22.43 23.56 22.79 23.24 21.53 19.43 19.36 17.81 18.34 18.64 19.25 22.06 20.98 20.75 20.11 19.52 15.30 14.42 11.94 13.22 9.99 11.86 11.33 13.98 15.77 18.02 20.44 22.67 25.34 26.14 25.34 23.33 20.99 18.76 19.23 18.43 16.15 16.11 17.00 16.91 14.03 13.70 12.05 13.56 12.81 13.75 15.22 16.58 16.76 19.44 19.43 19.83 19.37 19.44 17.34 18.64 20.77 19.08 17.88 20.73 21.67 18.73 19.28 21.69 21.34 19.24 22.17 23.92 22.95 22.49 21.13 22.47 21.69 23.23 24.63 
29.93 29.55 29.35 29.17 26.62 26.21 22.11 21.99 19.37 18.12 14.90 12.13 10.83 8.43 8.28 9.26 12.48 15.22 19.31 20.78 24.43 26.86 31.32 32.16 30.21 27.89 25.18 22.36 18.04 15.76 14.13 11.63 9.44 6.56 5.54 0.00 5.14 6.53 9.39 11.71 13.94 16.67 17.98 17.77 15.76 13.66 12.04 13.13 10.58 8.50 13.01 11.55 8.08 10.66 14.56 13.21 11.94 18.28 20.18 18.63 19.19 23.27 24.92 24.27 24.22 22.86 20.87 20.62 19.15 19.35 18.97 19.72 21.78 21.45 20.95 20.18 19.32 14.87 14.56 12.87 13.23 10.84 12.35 12.66 15.40 17.08 19.08 21.86 23.43 26.38 27.36 26.26 23.87 22.09 20.40 21.02 19.21 17.22 17.03 17.59 16.95 14.41 13.66 11.96 13.69 13.76 14.77 16.02 17.81 18.42 20.57 20.80 21.51 20.71 21.09 18.82 19.95 21.83 20.29 18.81 21.95 22.52 19.57 20.16 22.84 22.46 20.21 22.87 24.76 23.81 23.68 22.56 22.82 22.57 23.59 25.23 
30.23 30.09 30.18 29.95 27.37 26.30 22.79 23.01 20.44 18.74 16.18 13.24 13.34 9.99 10.96 11.81 14.63 16.40 19.84 21.60 25.20 27.23 31.53 32.39 31.29 28.76 25.76 22.15 19.31 17.36 15.69 13.26 10.61 9.06 6.65 5.14 0.00 5.64 7.28 9.97 12.67 15.33 15.98 16.35 14.86 12.98 11.43 12.57 10.04 8.64 12.93 11.14 8.64 11.86 15.53 13.96 13.68 19.04 21.27 19.86 20.44 25.06 26.86 25.41 25.30 24.34 22.69 22.10 20.20 20.29 20.28 20.57 22.50 21.86 21.91 20.39 19.28 15.54 15.62 13.15 13.93 12.02 13.98 14.71 17.88 19.16 20.78 22.82 24.60 27.54 28.48 27.43 25.01 23.30 21.79 22.02 20.70 18.23 17.69 18.31 17.50 15.34 14.46 12.39 14.78 15.16 16.03 17.38 19.33 20.09 22.31 22.75 23.63 22.98 23.17 21.00 21.90 23.56 22.00 20.43 23.89 23.98 20.69 21.10 24.33 24.22 21.68 24.54 27.16 25.88 25.18 24.59 25.35 24.36 24.99 26.62 
31.58 31.06 31.28 30.82 28.69 27.91 24.21 24.20 21.43 19.47 16.69 14.10 11.87 9.71 10.76 12.33 14.08 17.13 21.15 22.05 26.00 28.30 32.83 32.70 31.60 28.98 26.85 23.54 20.42 17.40 16.58 14.88 12.70 9.84 8.08 6.53 5.64 0.00 6.40 8.45 10.53 13.65 14.23 14.86 14.09 12.42 11.88 12.73 11.07 9.18 13.09 12.08 10.33 12.77 16.84 15.89 15.66 20.58 22.68 21.65 22.16 26.67 27.87 26.97 26.94 25.76 23.42 22.85 20.98 21.07 20.54 21.18 22.82 22.65 21.68 20.26 18.72 15.50 14.79 12.46 12.88 12.09 14.54 15.63 17.98 19.92 21.93 24.11 25.70 28.66 29.43 28.47 26.31 24.24 22.74 23.15 21.22 18.98 17.92 19.28 18.76 16.39 15.48 14.19 16.08 16.39 17.25 19.02 20.77 21.34 23.76 24.01 24.59 24.12 24.24 22.32 23.15 25.02 23.10 22.03 24.69 25.32 21.71 22.37 25.24 25.05 22.24 25.18 27.78 26.95 25.66 25.80 26.20 25.85 25.53 26.23 
33.86 34.13 34.84 34.24 31.38 30.86 27.19 26.35 23.52 21.84 19.16 15.69 15.00 13.19 15.13 15.00 16.74 19.22 23.58 24.52 27.29 30.13 34.32 35.16 33.88 31.05 28.89 26.60 23.65 20.97 19.57 17.96 15.18 13.08 11.12 9.39 7.28 6.40 1.93 6.43 8.66 10.73 13.57 12.96 11.63 11.00 11.83 12.65 10.51 8.40 13.61 14.25 11.57 13.25 18.18 18.17 17.30 22.06 24.74 23.94 24.59 28.37 29.83 29.16 29.61 27.55 25.22 24.86 23.28 22.64 22.02 22.72 24.28 23.67 22.70 21.34 21.01 17.56 17.47 15.46 16.38 15.53 17.77 18.13 19.99 22.15 24.01 26.43 27.96 30.75 31.78 30.82 28.62 26.76 25.15 24.97 23.24 20.68 19.84 20.82 20.18 17.95 17.76 17.04 18.42 18.30 19.17 21.16 22.77 23.51 25.94 26.07 26.56 26.27 25.87 23.81 25.05 26.76 24.71 23.44 26.34 26.82 23.40 23.95 26.78 26.58 23.71 26.33 29.07 28.18 26.76 26.79 27.88 27.34 27.84 27.42 
34.21 34.25 34.79 34.27 32.00 31.36 28.13 27.62 24.52 23.50 20.43 17.23 16.93 17.59 18.06 18.91 19.31 21.91 25.75 26.64 29.24 32.12 36.50 37.13 34.81 32.99 30.84 28.38 25.83 23.15 20.89 19.49 16.97 14.65 13.42 11.71 9.97 8.45 6.43 2.22 7.03 9.08 10.19 11.72 10.97 9.79 10.91 12.70 10.87 10.06 15.36 15.66 13.74 16.20 20.29 20.08 19.09 23.51 26.44 25.55 25.73 29.68 30.88 30.66 30.41 28.83 26.44 25.89 24.27 23.96 23.42 24.18 25.34 24.94 24.07 23.42 22.00 19.51 19.72 18.92 19.32 18.90 19.57 19.93 21.13 23.44 24.70 27.09 28.19 31.39 32.33 31.28 28.83 27.32 26.16 26.07 23.93 22.08 21.24 21.92 20.81 19.31 18.93 17.97 19.00 19.43 20.47 22.07 23.94 24.66 26.92 27.13 27.77 27.58 27.18 25.45 26.60 28.10 26.06 24.99 27.72 28.13 24.48 25.49 28.32 27.72 24.81 27.85 30.30 29.53 27.73 28.70 29.21 28.88 27.76 27.46 
33.29 33.42 33.89 33.21 30.90 30.63 27.90 27.21 24.15 23.30 20.87 18.34 18.00 18.68 20.18 20.48 20.59 22.75 26.20 27.19 29.15 32.23 37.48 37.38 35.03 33.58 31.53 29.38 26.68 24.97 22.66 20.77 18.94 17.07 15.35 13.94 12.67 10.53 8.66 7.03 3.03 7.05 7.67 9.26 8.99 7.92 9.27 11.54 10.27 10.90 15.05 15.29 14.14 17.30 20.21 20.00 20.00 24.50 26.60 25.38 25.92 29.76 31.39 30.16 29.98 28.49 26.42 25.69 23.96 23.55 23.13 23.52 24.82 24.50 24.08 23.13 22.12 20.05 20.59 19.86 20.39 19.15 19.72 19.83 20.71 22.93 23.90 25.82 27.20 30.30 31.75 30.36 27.89 26.66 26.14 25.55 23.40 21.38 20.88 21.30 19.72 18.27 18.53 17.18 17.69 18.43 19.88 21.65 23.01 23.85 26.44 26.84 27.03 26.95 26.93 25.12 26.54 27.97 25.73 24.45 27.57 27.86 23.94 24.59 27.89 27.62 24.72 27.28 29.86 29.41 27.91 28.93 29.95 28.46 28.21 28.98 
34.24 34.19 34.34 33.83 32.71 32.25 29.54 29.06 26.32 25.42 23.43 20.94 20.62 21.06 22.09 22.54 23.01 25.35 29.04 29.38 31.49 34.70 39.10 38.95 36.64 34.98 33.55 31.46 28.38 26.72 25.04 23.55 21.36 19.48 17.62 16.67 15.33 13.65 10.73 9.08 7.05 2.26 5.99 8.11 8.72 9.43 11.02 13.00 12.42 12.91 16.54 17.23 16.18 19.00 22.06 21.51 21.60 25.79 27.62 26.75 27.05 31.50 32.40 31.93 31.28 29.81 27.23 26.59 24.79 24.41 23.58 24.59 25.99 25.77 24.88 24.39 23.46 21.45 21.75 21.17 21.30 20.47 20.59 21.08 21.88 24.31 24.74 27.69 28.41 31.95 32.32 31.93 29.06 27.56 26.69 26.86 24.56 22.65 21.96 22.74 21.60 20.08 19.77 19.31 19.85 20.40 21.70 23.56 24.87 25.42 28.01 28.64 28.75 28.57 28.35 26.84 28.11 29.77 27.61 26.34 28.90 29.32 25.51 26.08 28.89 28.48 25.75 28.66 31.12 30.38 28.81 29.25 30.29 29.73 29.06 28.88 
35.74 35.95 36.19 35.88 34.50 34.30 31.22 30.52 28.15 27.25 24.55 22.56 22.80 23.09 24.09 24.74 25.38 27.36 30.33 30.95 32.74 35.69 40.40 40.41 38.40 36.90 35.47 33.66 30.72 28.61 26.61 25.26 22.44 20.62 18.98 17.98 15.98 14.23 13.57 10.19 7.67 5.99 3.91 6.87 7.78 9.03 12.55 14.02 13.13 13.47 17.76 17.96 17.34 19.75 23.13 22.86 22.61 26.73 28.54 27.53 28.47 31.96 33.37 32.54 32.69 30.87 28.35 27.86 25.91 24.99 24.29 25.25 26.64 25.74 25.42 25.04 24.98 22.55 22.65 22.15 22.91 21.68 21.53 22.28 23.15 25.20 25.72 28.41 30.14 32.79 33.44 32.88 30.76 28.77 27.68 27.65 25.55 23.36 22.25 23.56 22.69 21.05 20.37 20.55 21.27 21.46 22.91 25.10 26.22 26.93 29.36 30.00 30.27 29.70 29.81 28.25 29.60 30.95 29.05 27.64 30.24 30.67 27.19 27.71 30.31 29.72 27.10 29.48 32.13 31.06 29.47 30.49 31.69 30.31 30.13 29.63 
34.40 34.44 34.45 34.20 33.06 32.52 29.78 29.13 26.39 25.72 23.39 21.07 21.77 22.62 23.26 23.99 24.99 26.10 29.02 29.33 31.61 34.34 39.18 39.53 37.45 35.81 34.11 32.32 29.64 27.37 24.99 23.72 21.79 19.39 18.23 17.77 16.35 14.86 12.96 11.72 9.26 8.11 6.87 0.00 6.74 8.09 9.23 11.40 11.83 13.29 16.65 16.89 16.39 18.06 21.16 20.61 21.16 24.60 26.78 25.71 26.49 29.96 31.15 30.81 30.71 28.74 26.55 25.73 24.06 23.22 22.81 23.72 25.18 24.05 24.03 24.13 23.95 21.91 21.91 21.50 21.86 21.09 20.19 20.64 21.28 23.53 23.53 26.62 28.02 31.15 31.60 31.08 28.81 26.73 25.92 25.42 23.63 21.70 20.53 21.72 21.38 19.44 18.48 18.87 20.11 20.11 21.69 23.70 25.00 25.74 28.04 28.89 28.93 28.78 28.88 27.20 28.70 29.57 27.96 26.56 29.39 29.42 26.00 26.59 29.60 28.57 25.89 28.72 31.22 29.98 28.24 29.47 30.93 29.94 28.26 28.41 
32.12 31.90 31.64 31.37 30.32 29.85 27.26 26.48 24.02 23.19 21.06 19.35 19.60 20.44 20.85 22.06 22.78 23.97 26.35 26.71 28.31 31.78 36.55 36.75 34.70 33.53 31.85 29.99 27.51 25.47 22.65 21.08 19.30 17.27 16.64 15.76 14.86 14.09 11.63 10.97 8.99 8.72 7.78 6.74 0.15 5.97 7.39 8.51 9.66 10.79 14.23 13.89 14.32 16.07 18.23 17.84 18.27 22.39 24.30 22.55 23.69 26.92 28.34 27.32 27.70 25.97 23.72 22.98 21.42 20.78 20.55 21.18 22.49 22.09 22.28 22.25 22.04 20.00 20.37 19.56 19.78 18.58 18.24 18.28 18.58 20.30 20.25 22.97 24.58 27.52 28.17 27.93 25.37 23.80 23.03 22.66 20.57 18.63 17.95 19.08 18.66 16.87 16.17 16.31 17.96 17.70 19.29 21.36 22.20 22.94 25.45 26.00 26.48 26.31 26.73 25.10 26.37 27.68 25.77 24.27 27.23 27.41 23.71 24.37 27.46 26.99 23.88 26.54 29.01 28.09 26.66 28.12 28.38 27.48 26.69 28.12 
31.67 30.86 30.44 30.45 29.74 28.92 26.26 25.96 23.50 22.38 20.26 18.79 19.00 19.62 19.86 20.58 21.06 22.45 25.33 25.89 28.33 31.01 35.89 36.03 34.38 32.47 31.16 29.03 26.39 24.21 21.43 20.11 18.17 16.46 14.79 13.66 12.98 12.42 11.00 9.79 7.92 9.43 9.03 8.09 5.97 0.00 5.91 7.69 7.65 8.49 11.59 12.29 12.18 13.65 16.41 16.06 16.48 19.77 21.87 20.81 21.67 25.09 26.24 25.86 26.02 23.74 21.41 21.05 19.62 19.17 18.65 19.12 21.35 21.09 21.33 21.50 21.02 18.68 18.83 18.10 18.12 17.27 16.60 16.58 16.85 18.95 18.73 21.68 23.28 26.26 26.67 26.26 24.27 22.02 21.46 21.10 19.19 17.01 16.40 17.75 16.81 15.44 14.91 14.82 15.90 16.51 18.10 20.14 21.15 21.71 24.21 25.08 25.41 25.30 25.70 23.83 25.58 26.80 25.05 23.42 26.20 26.40 22.76 23.18 26.28 25.68 22.86 25.41 27.94 26.58 25.60 26.74 27.75 26.42 25.69 26.44 
32.06 31.70 31.22 31.17 30.10 29.26 26.41 25.96 23.72 22.56 20.28 18.86 19.27 19.21 19.44 20.26 20.45 21.82 24.35 25.68 27.88 30.92 35.13 35.73 34.05 32.76 30.91 28.90 25.98 23.87 20.99 19.03 17.22 15.08 13.25 12.04 11.43 11.88 11.83 10.91 9.27 11.02 12.55 9.23 7.39 5.91 0.00 5.88 6.68 6.77 9.58 10.53 11.15 12.41 15.37 15.33 15.36 18.27 20.98 19.90 20.99 23.66 25.36 24.75 24.85 22.61 20.36 20.36 18.72 18.10 17.92 19.34 21.13 20.94 21.30 21.67 21.22 18.84 18.63 17.59 17.93 16.63 16.20 15.90 16.16 18.04 18.42 20.62 22.57 25.27 25.83 25.88 23.93 21.79 20.63 20.65 18.43 16.06 15.22 16.28 15.43 13.77 13.86 13.69 14.64 15.37 17.59 19.44 20.66 21.65 24.61 25.03 25.94 25.85 26.27 24.41 26.00 27.24 25.48 23.80 26.61 26.67 23.12 23.48 26.45 25.60 22.94 25.24 28.13 26.53 25.08 26.51 27.04 26.11 25.53 26.88 
31.21 30.67 30.12 29.91 28.75 27.91 25.34 24.91 22.26 21.63 19.26 17.70 18.11 18.43 18.25 19.12 19.58 20.41 22.80 23.86 26.49 29.04 33.40 34.29 32.73 31.00 29.23 27.13 24.72 22.64 20.12 18.67 16.84 15.31 13.75 13.13 12.57 12.73 12.65 12.70 11.54 13.00 14.02 11.40 8.51 7.69 5.88 0.00 5.32 6.71 8.42 8.74 9.95 11.80 13.85 13.63 14.63 17.34 18.85 18.19 18.88 22.08 23.65 23.48 22.97 20.82 18.76 18.91 17.20 16.94 17.16 18.99 21.27 20.96 21.38 22.14 21.51 19.41 18.99 18.44 18.42 17.73 15.85 15.73 15.59 17.81 16.80 19.85 21.64 24.76 24.85 24.93 22.46 19.93 18.80 18.67 17.06 14.88 13.83 15.72 15.55 13.32 11.87 13.13 14.80 14.64 17.12 19.76 20.86 21.67 24.51 25.30 25.93 25.81 26.14 24.10 25.71 26.96 25.08 23.22 26.09 26.49 22.76 23.10 25.96 25.18 22.44 25.16 27.78 26.45 25.14 26.48 27.34 25.94 25.22 25.91 
28.86 28.09 27.10 26.74 25.89 25.01 22.69 21.93 19.46 18.76 17.01 15.21 15.42 15.04 14.62 15.61 16.43 17.57 19.82 20.56 22.85 25.52 29.74 30.54 28.75 27.68 26.08 24.26 21.63 19.68 18.01 16.50 14.87 13.30 13.02 10.58 10.04 11.07 10.51 10.87 10.27 12.42 13.13 11.83 9.66 7.65 6.68 5.32 0.00 5.19 7.97 6.97 7.66 10.01 11.96 10.98 12.13 15.78 17.33 15.88 16.36 20.31 21.74 20.63 20.60 18.78 16.53 16.03 14.79 15.21 15.83 17.40 19.72 19.82 20.23 20.38 20.33 17.81 18.07 16.98 17.55 15.25 14.30 13.34 13.51 14.38 13.74 16.70 19.46 21.52 21.47 21.57 19.01 17.00 16.00 16.13 14.75 12.18 12.08 13.88 14.25 11.25 10.36 11.57 13.90 13.14 15.32 17.86 19.43 19.59 22.74 23.26 24.18 23.77 24.34 22.44 24.24 25.37 23.61 21.69 24.56 24.84 21.29 21.65 25.01 24.22 21.64 24.16 26.44 25.49 24.46 24.44 25.56 24.65 24.36 25.61 
