1.83 6.30 7.83 9.89 11.88 14.64 18.52 19.70 21.86 24.03 25.10 26.19 24.60 24.08 23.40 22.77 21.18 20.74 20.93 20.22 19.21 20.14 20.54 19.54 20.02 20.57 20.32 18.70 18.12 15.98 15.19 13.88 15.42 15.67 17.08 18.73 21.02 22.01 23.10 23.61 21.22 19.61 21.20 19.68 16.13 15.00 15.71 14.12 12.86 13.78 14.97 15.69 18.91 21.32 22.95 23.75 24.18 25.16 26.33 24.88 23.97 24.23 25.25 22.51 20.29 21.12 21.73 18.99 17.17 19.70 20.45 18.32 18.01 18.85 20.76 21.09 22.03 23.96 25.37 26.44 26.40 26.24 26.19 27.42 26.58 26.80 26.29 27.33 25.48 24.11 24.17 26.00 24.75 22.36 23.15 25.14 23.84 22.51 23.70 25.16 25.73 25.73 29.33 
6.30 1.13 4.93 6.17 10.15 11.92 14.34 16.18 18.95 20.77 21.88 22.45 21.44 20.52 20.77 20.22 18.28 17.70 18.37 17.52 16.50 17.91 19.44 17.41 18.06 19.88 19.76 17.31 17.19 14.03 13.48 10.64 12.57 12.09 12.72 15.34 18.70 19.27 20.35 21.45 19.06 16.42 19.04 18.12 14.56 11.85 13.08 11.42 8.90 10.41 11.60 12.78 16.09 18.36 19.97 20.54 21.43 22.36 23.61 21.70 20.49 20.89 22.84 20.16 17.47 18.80 20.09 17.18 14.64 16.70 18.28 15.32 15.28 15.41 17.69 17.59 18.73 20.86 22.62 23.89 23.64 23.22 23.08 24.82 23.91 23.89 23.71 25.20 23.27 21.24 21.48 23.54 21.42 19.55 20.99 22.66 20.35 19.81 20.52 23.67 23.53 24.27 26.77 
7.83 4.93 1.23 4.69 7.71 9.32 12.21 12.35 15.15 17.45 17.80 19.22 17.07 17.48 18.01 17.38 14.66 14.93 16.53 15.55 13.74 16.12 18.40 16.38 15.91 18.26 19.71 16.76 15.62 12.96 12.41 9.16 10.02 8.92 9.85 11.32 14.94 14.65 16.19 16.99 15.35 12.63 15.46 14.94 12.28 10.44 12.01 9.33 7.36 8.46 10.17 10.47 12.44 14.62 16.77 17.35 17.78 18.14 19.59 17.86 16.48 16.70 19.04 17.00 14.11 15.91 17.72 15.25 12.58 14.86 16.39 13.83 13.62 13.20 14.80 14.83 15.93 18.17 19.80 20.49 20.22 19.98 19.88 21.32 20.11 20.58 20.96 22.44 20.33 18.46 18.97 20.91 19.46 16.93 19.19 21.68 20.39 18.53 18.92 22.60 23.50 23.64 25.19 
9.89 6.17 4.69 1.90 6.18 6.71 8.98 10.31 12.34 14.20 13.99 15.95 13.41 13.98 15.46 14.95 12.60 13.10 15.47 13.23 12.00 13.76 16.53 14.21 14.21 16.56 18.58 16.99 17.21 14.28 14.14 10.84 11.76 10.02 10.87 11.38 13.55 14.08 15.16 15.65 13.23 10.70 14.43 15.02 12.68 10.88 13.05 11.49 7.49 9.01 9.49 9.11 11.48 13.18 14.02 15.17 14.82 15.33 16.86 15.72 14.27 14.81 17.33 15.22 12.89 14.93 16.81 14.29 12.67 15.16 16.86 13.15 13.54 13.19 14.02 13.16 14.83 16.97 17.77 18.69 18.01 17.95 17.66 19.39 17.99 18.59 18.50 20.31 17.98 16.45 16.60 18.86 16.93 15.34 17.68 19.40 18.03 17.10 19.42 21.49 22.92 21.91 30.69 
11.88 10.15 7.71 6.18 0.00 5.91 6.38 10.12 13.14 15.19 14.49 17.40 15.78 14.92 14.52 14.61 12.74 13.45 15.88 14.69 13.46 15.30 16.57 15.24 15.60 17.63 18.82 17.64 19.46 15.44 14.51 10.58 10.98 8.41 9.59 9.93 12.18 12.52 15.05 14.78 12.60 9.95 13.49 13.28 11.36 10.53 13.76 10.70 6.86 7.78 7.48 6.74 8.72 12.31 13.35 14.37 14.81 15.50 16.54 14.95 14.72 15.13 17.23 14.22 12.53 14.61 16.84 13.67 12.63 16.41 17.94 13.27 12.21 12.25 13.64 12.55 13.05 15.86 16.48 18.26 17.35 17.05 16.87 18.86 18.08 18.37 18.26 20.04 18.45 15.94 16.57 19.37 17.49 15.18 17.15 19.53 18.46 19.01 22.30 21.78 20.43 21.97 27.41 
14.64 11.92 9.32 6.71 5.91 0.66 6.91 6.35 11.33 12.18 12.24 12.93 12.42 11.14 12.08 11.91 10.69 11.58 14.78 13.82 13.15 16.22 18.40 16.05 16.31 19.93 21.28 20.00 21.44 17.59 16.83 12.96 11.26 8.55 9.70 9.73 11.50 12.01 13.37 13.66 11.95 9.44 13.15 13.69 12.22 11.97 14.73 13.09 9.04 8.87 7.91 6.28 8.15 10.92 11.26 12.00 13.02 13.95 13.85 12.28 12.44 13.94 16.35 14.02 11.71 14.87 17.43 14.81 13.45 17.63 18.63 13.82 12.59 11.49 12.76 11.15 11.94 14.51 15.13 16.71 15.99 15.24 14.68 17.09 16.39 17.06 16.34 18.93 17.13 15.01 15.43 19.05 16.69 15.00 16.71 19.76 18.01 18.60 21.45 22.56 20.65 22.55 26.13 
18.52 14.34 12.21 8.98 6.38 6.91 1.58 6.75 8.97 11.60 11.11 13.41 11.39 12.46 12.62 12.80 11.08 12.58 15.98 15.41 14.38 18.24 20.60 18.31 18.43 22.59 24.46 22.94 23.98 20.79 20.26 15.42 13.98 10.78 10.96 9.46 10.88 10.59 12.48 12.51 10.60 8.47 12.62 14.04 12.83 12.07 15.23 14.14 11.08 10.19 8.61 7.38 8.01 10.03 10.68 11.04 12.51 12.84 13.33 12.06 12.18 13.51 16.65 14.55 11.90 15.62 18.96 16.61 14.88 18.77 20.34 15.75 14.46 13.11 13.38 12.17 12.81 15.30 15.42 16.82 15.97 15.22 14.45 16.96 15.88 17.19 16.59 19.08 17.26 15.11 15.79 19.13 17.28 15.29 17.39 20.57 19.03 19.78 22.42 22.35 21.42 22.72 24.86 
19.70 16.18 12.35 10.31 10.12 6.35 6.75 1.81 6.57 7.41 7.65 10.77 8.73 9.17 10.49 10.72 9.87 11.34 14.64 13.90 13.71 17.52 20.11 18.03 18.30 22.88 24.55 23.57 24.79 21.66 21.15 16.85 15.01 12.70 12.27 10.13 10.86 10.14 11.95 11.24 11.02 9.55 14.30 15.92 15.31 14.24 18.24 16.88 12.55 11.97 10.74 8.37 8.06 8.82 9.24 9.94 9.02 10.69 12.23 12.05 11.53 13.98 16.98 15.83 13.46 17.22 19.65 18.02 16.74 20.39 21.79 17.11 15.79 14.01 14.25 12.47 13.01 14.77 14.30 15.44 14.93 14.14 13.25 15.97 15.12 16.16 15.69 18.43 16.78 14.76 15.11 18.55 16.92 15.80 17.36 20.12 18.67 19.47 21.41 22.61 21.07 22.58 27.64 
21.86 18.95 15.15 12.34 13.14 11.33 8.97 6.57 2.90 6.48 6.41 9.08 9.53 10.57 10.78 11.98 10.59 12.00 15.34 15.69 14.94 18.92 20.93 19.71 20.36 24.32 26.42 25.23 26.25 23.19 22.71 18.16 17.15 13.53 14.51 10.35 10.65 9.16 10.40 11.14 12.07 12.27 16.82 18.64 17.74 18.39 21.30 19.94 15.54 15.41 14.50 11.87 9.35 10.04 9.07 9.14 7.98 9.62 12.56 12.45 12.49 15.40 18.29 17.60 16.35 19.89 22.05 20.89 20.11 23.61 24.83 19.90 18.74 17.30 17.50 14.98 14.22 15.24 14.65 15.30 14.50 13.59 13.01 16.10 15.41 16.35 15.53 18.93 17.59 15.94 16.16 19.66 18.59 16.97 18.50 20.48 18.90 19.94 22.33 22.51 22.34 23.99 26.23 
24.03 20.77 17.45 14.20 15.19 12.18 11.60 7.41 6.48 2.12 5.22 6.83 8.56 9.26 10.19 10.59 10.95 12.36 15.91 15.89 15.52 18.71 21.34 19.62 20.63 25.28 26.79 25.57 27.41 24.28 23.99 19.52 18.22 14.58 14.83 10.38 10.13 8.59 10.80 12.23 13.35 12.94 18.32 20.42 19.66 19.78 22.87 21.91 17.66 17.23 15.58 13.37 11.47 11.09 9.62 9.82 9.32 10.86 12.91 13.73 14.20 16.75 19.96 19.21 17.63 21.44 23.77 22.14 21.25 24.81 25.99 20.83 19.49 17.94 18.28 15.77 14.54 15.33 14.87 15.11 14.07 12.85 12.17 15.29 14.57 16.16 15.59 18.75 17.47 15.60 16.13 20.10 18.14 16.81 18.64 20.87 18.91 19.45 22.73 24.24 22.68 23.59 25.95 
25.10 21.88 17.80 13.99 14.49 12.24 11.11 7.65 6.41 5.22 2.46 6.48 6.88 7.95 8.60 9.91 10.89 12.20 15.25 15.20 14.61 18.79 21.07 19.94 20.81 25.07 27.31 25.90 27.93 24.87 23.84 18.87 18.34 14.28 14.63 9.62 10.13 9.68 11.94 13.94 15.24 14.27 19.22 22.02 20.98 20.79 23.93 23.05 19.11 17.60 16.76 14.38 11.53 11.45 9.56 9.11 9.59 11.03 12.70 13.59 14.21 16.96 20.28 20.01 18.01 21.91 25.00 23.38 21.88 25.50 26.89 21.76 20.02 18.57 18.83 16.10 14.95 15.87 15.06 15.15 13.57 12.39 11.97 14.73 14.07 15.75 15.28 18.65 17.60 15.85 16.32 19.97 18.46 16.98 18.60 21.25 19.50 19.85 23.54 23.87 23.19 24.92 26.19 
26.19 22.45 19.22 15.95 17.40 12.93 13.41 10.77 9.08 6.83 6.48 1.30 5.63 6.63 7.02 8.15 8.68 10.61 13.60 12.85 12.87 16.80 19.68 18.05 18.54 23.43 25.84 24.41 26.41 23.11 23.12 17.62 17.00 13.45 14.02 9.33 9.79 10.58 13.71 15.67 16.15 15.72 20.48 22.73 21.47 21.48 24.85 23.63 19.64 18.53 17.70 15.65 12.81 12.54 10.68 10.86 9.13 11.19 13.25 14.24 14.38 17.36 20.46 20.01 17.93 21.91 24.74 23.16 21.79 25.64 27.01 21.96 19.56 18.41 18.69 16.50 15.11 16.79 15.10 15.38 13.51 11.82 10.40 14.44 13.94 15.44 14.81 18.45 17.44 15.11 16.01 20.10 18.11 16.96 18.63 21.16 19.09 19.72 23.43 24.75 23.16 24.31 26.14 
24.60 21.44 17.07 13.41 15.78 12.42 11.39 8.73 9.53 8.56 6.88 5.63 1.44 6.18 7.27 6.81 7.66 9.32 12.41 12.40 10.97 14.74 16.80 16.26 16.50 21.21 24.03 23.00 24.86 21.55 21.76 16.16 16.27 12.43 13.54 8.54 10.99 11.06 14.13 15.96 16.46 16.35 20.42 22.77 21.51 21.23 24.58 23.05 19.34 18.01 16.53 15.15 12.61 12.40 10.67 11.74 10.02 11.44 12.65 14.05 13.98 16.99 20.09 19.73 18.22 21.46 24.04 22.50 21.63 25.34 26.74 21.38 19.29 18.14 18.60 15.77 14.58 15.42 14.71 15.07 12.60 9.72 9.09 13.15 12.03 13.22 12.71 16.55 15.65 13.37 14.75 18.75 16.94 16.16 17.99 20.09 17.85 19.16 22.67 23.25 21.97 24.11 25.28 
24.08 20.52 17.48 13.98 14.92 11.14 12.46 9.17 10.57 9.26 7.95 6.63 6.18 0.00 6.24 7.26 6.90 7.31 10.70 11.07 10.42 13.01 16.01 15.18 15.80 20.09 22.55 21.75 24.21 20.69 20.52 15.27 15.34 12.01 12.54 8.07 10.91 11.80 14.88 17.09 17.54 17.32 20.78 22.79 21.45 21.47 24.12 23.19 19.46 18.23 16.59 14.87 12.60 12.38 11.07 11.91 10.81 10.92 12.74 13.53 14.20 15.92 19.40 19.16 17.90 21.46 24.05 22.47 21.85 25.77 26.80 21.82 19.58 18.28 18.72 16.59 15.36 16.80 16.00 16.21 13.47 11.12 10.68 13.12 11.90 13.49 12.65 16.43 15.08 12.67 14.07 18.25 16.24 15.30 17.40 19.85 18.20 18.69 21.86 23.17 21.84 22.90 23.88 
23.40 20.77 18.01 15.46 14.52 12.08 12.62 10.49 10.78 10.19 8.60 7.02 7.27 6.24 0.82 5.94 7.22 6.48 8.24 9.66 10.84 12.43 14.79 14.89 16.03 19.28 21.95 21.38 24.06 20.60 19.96 15.13 15.40 11.74 13.15 9.20 12.13 13.18 16.81 18.80 18.93 18.14 20.93 23.17 22.31 21.46 24.35 23.07 20.18 18.47 17.09 15.44 13.29 13.43 12.25 12.31 11.33 12.51 13.00 13.48 14.26 16.59 19.08 19.03 17.89 21.66 24.76 23.10 22.49 26.25 27.40 22.22 20.14 19.33 19.52 16.97 16.57 17.85 16.82 17.26 14.63 13.18 12.54 14.45 12.48 13.93 13.36 16.33 15.52 13.90 14.26 18.08 16.57 15.58 17.15 20.17 18.26 18.51 22.11 23.09 21.55 23.67 23.82 
22.77 20.22 17.38 14.95 14.61 11.91 12.80 10.72 11.98 10.59 9.91 8.15 6.81 7.26 5.94 0.14 5.50 6.72 6.44 6.10 8.42 11.33 12.19 12.22 13.80 17.40 19.72 19.32 22.23 18.27 18.45 13.94 14.51 10.45 12.00 9.14 12.27 13.29 17.60 19.34 19.30 18.59 21.93 23.66 21.70 21.26 23.70 22.77 18.86 17.83 16.55 14.72 12.75 12.97 12.51 12.01 10.66 11.59 13.04 12.48 12.84 15.31 18.41 18.05 16.77 21.10 23.87 22.10 21.50 25.76 26.72 21.33 19.23 18.65 18.88 16.42 15.83 17.63 16.38 16.92 14.29 13.36 11.89 14.16 12.17 13.40 12.60 15.53 14.68 11.71 13.38 16.95 15.77 14.61 16.83 18.97 17.66 18.38 20.90 22.81 21.42 22.87 23.63 
21.18 18.28 14.66 12.60 12.74 10.69 11.08 9.87 10.59 10.95 10.89 8.68 7.66 6.90 7.22 5.50 0.70 5.34 7.31 6.05 5.82 9.25 10.73 10.40 11.22 15.76 17.35 17.12 19.68 16.70 16.66 12.70 13.70 9.53 11.77 9.20 12.29 13.56 17.32 18.80 19.37 18.86 22.39 23.45 22.17 20.89 23.43 21.80 18.35 16.60 15.81 14.62 12.61 12.41 10.96 11.94 11.15 10.90 12.36 12.37 12.24 14.28 17.44 16.64 15.66 19.69 22.70 20.72 20.13 24.46 25.89 20.37 18.28 18.29 18.96 15.92 14.38 15.88 15.94 16.17 13.40 11.53 10.96 13.28 10.18 10.70 9.98 13.95 11.94 8.34 10.23 15.35 13.66 11.92 15.32 17.79 15.93 16.74 19.93 21.01 19.93 21.82 23.51 
20.74 17.70 14.93 13.10 13.45 11.58 12.58 11.34 12.00 12.36 12.20 10.61 9.32 7.31 6.48 6.72 5.34 0.00 5.58 6.85 5.62 6.24 9.18 9.91 10.18 13.63 16.33 16.32 18.69 15.74 15.56 12.76 12.62 8.70 11.79 9.88 12.62 14.26 18.44 20.64 20.92 20.36 23.06 24.34 22.65 22.06 23.79 22.26 19.18 17.56 16.61 15.18 13.24 13.40 12.16 12.63 11.82 11.84 13.15 13.45 13.14 14.53 17.46 17.32 16.18 20.16 23.16 21.90 21.41 25.54 26.69 21.78 19.73 19.56 19.82 17.77 16.53 18.10 17.54 18.15 15.71 14.30 13.37 15.39 12.59 13.13 11.67 14.29 13.69 10.62 11.12 15.42 14.63 12.67 15.50 17.73 16.23 16.71 19.93 22.41 20.40 22.09 23.33 
20.93 18.37 16.53 15.47 15.88 14.78 15.98 14.64 15.34 15.91 15.25 13.60 12.41 10.70 8.24 6.44 7.31 5.58 0.64 5.70 7.26 6.35 7.99 9.36 11.42 13.41 15.73 16.82 19.93 17.10 16.95 13.80 14.45 11.21 13.97 12.93 15.59 16.45 21.22 23.27 23.30 22.36 25.06 26.26 24.88 23.45 25.50 24.06 20.92 19.45 18.57 17.21 15.41 15.37 14.93 15.38 14.55 15.07 16.43 15.89 15.99 17.04 19.61 19.43 18.69 22.20 25.28 24.21 23.69 27.61 28.86 24.01 21.99 21.74 22.29 20.24 19.41 20.72 20.21 20.81 18.83 17.91 17.07 17.55 14.89 15.98 14.06 16.30 15.71 14.25 14.07 17.03 16.15 15.00 16.68 19.25 17.63 17.85 21.35 22.87 21.64 23.47 24.23 
20.22 17.52 15.55 13.23 14.69 13.82 15.41 13.90 15.69 15.89 15.20 12.85 12.40 11.07 9.66 6.10 6.05 6.85 5.70 0.00 5.39 7.54 6.21 6.51 9.06 12.30 13.74 13.85 17.89 14.99 15.38 12.06 13.55 9.03 13.70 12.06 15.29 16.97 21.91 23.16 23.21 22.10 25.26 26.12 24.13 23.07 24.99 23.35 19.73 18.42 17.35 16.07 14.62 14.32 13.33 13.81 13.47 13.06 14.67 14.10 14.42 16.11 18.47 17.89 17.22 21.13 23.78 22.74 22.42 26.61 27.76 22.75 20.95 20.62 21.38 18.99 18.21 19.79 19.04 19.34 17.38 16.58 15.23 16.26 13.78 14.31 11.63 14.69 13.69 11.53 11.86 15.49 14.58 13.69 15.60 18.08 16.86 17.86 20.52 22.91 21.08 22.58 23.24 
19.21 16.50 13.74 12.00 13.46 13.15 14.38 13.71 14.94 15.52 14.61 12.87 10.97 10.42 10.84 8.42 5.82 5.62 7.26 5.39 0.00 5.39 7.30 5.82 6.32 9.99 11.55 11.54 14.24 11.89 11.98 9.74 10.55 7.16 11.92 11.45 13.75 15.73 20.77 22.51 21.97 21.47 24.68 25.69 23.51 22.02 24.18 22.85 18.86 17.32 16.01 15.06 12.60 11.90 11.09 12.00 11.81 11.25 13.08 12.73 12.89 14.27 17.02 16.44 15.74 19.95 22.24 20.99 20.57 24.85 26.15 21.33 19.83 19.41 20.14 17.56 16.57 17.82 17.37 17.28 15.69 14.52 13.58 14.85 12.15 12.26 9.92 13.13 12.09 8.40 9.10 14.06 12.84 11.81 14.04 16.73 15.31 16.46 19.85 20.59 19.68 21.35 22.55 
20.14 17.91 16.12 13.76 15.30 16.22 18.24 17.52 18.92 18.71 18.79 16.80 14.74 13.01 12.43 11.33 9.25 6.24 6.35 7.54 5.39 0.00 5.64 7.32 6.01 7.49 10.48 11.81 13.77 11.93 13.14 11.12 12.30 10.12 14.20 13.79 16.79 18.73 22.69 24.07 23.76 23.51 26.25 27.38 24.97 23.66 25.31 23.82 20.25 18.53 18.31 16.75 15.04 14.69 14.98 15.36 15.38 15.41 16.72 16.61 16.52 17.25 19.78 19.03 18.61 21.87 24.84 23.67 23.37 27.25 28.67 24.11 22.13 21.90 22.36 20.07 19.31 20.74 20.03 19.91 18.58 17.61 17.05 17.47 14.92 15.13 13.14 14.80 14.25 12.37 12.31 15.35 14.88 14.01 15.66 18.40 17.59 18.24 21.40 23.70 21.89 23.10 23.65 
20.54 19.44 18.40 16.53 16.57 18.40 20.60 20.11 20.93 21.34 21.07 19.68 16.80 16.01 14.79 12.19 10.73 9.18 7.99 6.21 7.30 5.64 0.21 5.66 7.28 6.55 8.28 10.32 13.27 11.56 12.55 11.71 13.15 11.97 15.79 15.87 18.89 20.33 23.31 24.75 24.81 24.45 27.22 27.69 25.70 24.58 26.51 25.05 20.96 19.77 19.43 17.94 16.43 16.70 17.24 17.56 17.58 17.60 18.79 18.66 18.31 19.25 21.18 20.90 19.46 23.61 26.20 25.25 24.50 28.61 29.95 25.67 23.17 23.11 23.92 21.49 20.39 21.67 21.63 21.46 19.55 19.11 18.88 18.70 16.02 16.59 14.43 15.49 14.89 13.68 13.86 15.92 15.20 14.15 16.03 18.75 17.67 18.58 21.95 23.39 22.21 24.06 24.77 
19.54 17.41 16.38 14.21 15.24 16.05 18.31 18.03 19.71 19.62 19.94 18.05 16.26 15.18 14.89 12.22 10.40 9.91 9.36 6.51 5.82 7.32 5.66 0.00 5.05 7.41 6.48 7.12 11.22 9.38 10.53 8.95 10.73 9.00 14.28 14.60 17.66 18.45 22.45 23.43 22.66 22.61 25.96 26.05 23.68 23.33 25.75 23.32 18.86 17.38 17.32 16.20 14.79 15.28 15.47 16.39 16.09 15.85 17.63 17.46 16.98 17.69 20.28 19.75 18.78 21.94 24.54 23.42 23.32 27.03 28.38 23.85 21.99 21.75 22.36 19.81 18.94 20.15 19.81 19.26 17.45 16.88 15.71 16.04 14.18 13.69 10.25 12.24 12.42 10.85 9.51 12.89 12.94 12.11 13.56 16.49 16.25 17.50 19.94 22.68 21.28 23.11 23.97 
20.02 18.06 15.91 14.21 15.60 16.31 18.43 18.30 20.36 20.63 20.81 18.54 16.50 15.80 16.03 13.80 11.22 10.18 11.42 9.06 6.32 6.01 7.28 5.05 0.00 5.93 7.55 6.67 8.99 8.43 8.81 7.72 10.02 9.14 13.52 13.64 17.46 18.94 23.14 22.94 22.31 21.81 26.16 25.39 22.97 22.37 25.32 23.10 18.52 16.84 16.08 15.53 14.30 14.48 15.00 16.31 16.16 15.59 17.36 17.87 17.30 17.78 20.04 20.22 19.17 22.20 23.75 23.28 23.18 26.62 27.68 23.38 21.89 21.50 21.94 19.07 18.43 19.50 18.79 18.05 16.85 16.58 15.39 16.06 13.76 13.77 11.18 12.90 12.16 10.39 9.67 12.61 12.38 11.50 13.12 15.70 14.87 16.91 19.36 20.88 20.38 22.71 23.77 
20.57 19.88 18.26 16.56 17.63 19.93 22.59 22.88 24.32 25.28 25.07 23.43 21.21 20.09 19.28 17.40 15.76 13.63 13.41 12.30 9.99 7.49 6.55 7.41 5.93 0.00 6.67 8.00 9.37 9.55 11.26 9.84 12.61 13.13 17.41 16.90 20.75 22.52 25.87 26.17 24.86 25.17 28.65 28.32 25.54 25.31 28.08 25.99 21.30 20.13 19.82 18.99 17.89 19.18 19.95 20.88 20.80 20.77 22.10 21.86 21.35 21.82 23.95 23.27 22.77 25.23 27.54 26.22 26.46 29.99 31.07 26.84 25.13 25.05 25.56 22.83 22.07 23.18 22.86 22.57 20.80 20.53 20.11 20.31 17.39 17.30 15.17 15.97 14.45 13.12 12.50 14.91 14.07 13.39 14.94 17.56 17.05 18.62 20.88 23.39 22.27 24.25 24.87 
20.32 19.76 19.71 18.58 18.82 21.28 24.46 24.55 26.42 26.79 27.31 25.84 24.03 22.55 21.95 19.72 17.35 16.33 15.73 13.74 11.55 10.48 8.28 6.48 7.55 6.67 1.82 6.68 8.78 8.35 11.13 11.19 13.41 14.60 19.70 19.97 23.02 24.97 27.62 27.74 27.29 27.03 30.23 29.70 27.44 27.00 29.88 27.61 22.69 22.24 22.17 21.30 20.29 21.17 22.49 23.43 23.72 23.90 24.76 24.56 23.91 24.48 26.32 25.58 24.17 27.61 29.40 28.37 27.72 31.44 32.44 28.57 26.65 26.71 27.67 25.03 23.67 24.81 25.08 24.88 22.97 22.32 22.57 22.44 19.24 19.32 17.01 17.12 15.83 14.26 13.57 15.05 15.25 14.19 15.29 18.01 17.31 19.09 21.37 22.93 22.48 25.24 25.68 
18.70 17.31 16.76 16.99 17.64 20.00 22.94 23.57 25.23 25.57 25.90 24.41 23.00 21.75 21.38 19.32 17.12 16.32 16.82 13.85 11.54 11.81 10.32 7.12 6.67 8.00 6.68 0.00 6.34 6.66 8.74 9.37 12.52 13.07 17.74 19.02 22.58 23.02 26.30 26.49 25.49 24.89 28.50 27.25 24.71 23.94 27.69 24.86 20.12 19.20 19.85 19.20 18.69 19.54 20.96 21.93 22.23 22.28 23.41 23.14 22.54 23.14 24.88 24.11 22.98 25.83 27.66 26.50 26.39 29.12 30.25 26.75 25.23 24.93 25.64 23.22 22.56 23.86 22.87 22.63 20.96 20.37 19.85 20.13 17.60 18.03 13.45 14.41 13.76 12.77 10.39 11.49 12.69 12.63 12.94 15.49 15.92 17.93 19.67 22.01 21.41 23.42 24.79 
18.12 17.19 15.62 17.21 19.46 21.44 23.98 24.79 26.25 27.41 27.93 26.41 24.86 24.21 24.06 22.23 19.68 18.69 19.93 17.89 14.24 13.77 13.27 11.22 8.99 9.37 8.78 6.34 0.58 5.86 8.09 8.84 12.27 14.10 18.98 20.16 23.61 25.30 28.20 28.32 26.95 26.37 30.08 27.84 25.38 24.64 28.01 24.90 21.07 20.29 20.44 20.50 20.48 21.16 22.43 23.71 23.59 23.42 24.80 24.73 24.03 24.20 25.80 25.59 24.52 26.83 28.39 27.53 27.02 29.99 30.94 27.44 26.47 25.54 26.24 24.31 23.65 24.65 23.71 23.67 22.35 21.48 21.14 22.03 19.43 19.88 17.08 17.76 16.39 14.75 13.54 14.49 13.71 13.54 14.41 16.93 16.47 18.16 20.16 21.70 21.46 24.25 25.18 
15.98 14.03 12.96 14.28 15.44 17.59 20.79 21.66 23.19 24.28 24.87 23.11 21.55 20.69 20.60 18.27 16.70 15.74 17.10 14.99 11.89 11.93 11.56 9.38 8.43 9.55 8.35 6.66 5.86 0.00 5.87 6.39 9.04 11.00 15.26 16.39 19.33 21.35 24.60 24.61 23.10 23.52 26.81 25.39 22.29 22.04 25.61 22.59 17.58 17.38 17.84 17.28 16.88 17.95 19.19 20.07 20.46 20.54 22.26 21.71 21.03 22.15 24.04 23.10 21.96 24.85 26.66 24.88 24.78 28.44 29.04 24.81 23.58 23.26 24.00 21.54 20.64 21.35 20.97 21.36 19.60 18.50 18.65 19.60 17.24 16.95 15.02 16.38 14.29 11.91 10.98 13.02 11.52 9.28 11.82 14.95 14.51 15.79 18.37 21.72 20.83 22.15 23.94 
15.19 13.48 12.41 14.14 14.51 16.83 20.26 21.15 22.71 23.99 23.84 23.12 21.76 20.52 19.96 18.45 16.66 15.56 16.95 15.38 11.98 13.14 12.55 10.53 8.81 11.26 11.13 8.74 8.09 5.87 0.00 6.09 7.14 9.85 14.30 16.29 18.96 20.47 23.92 24.60 23.02 23.04 26.78 25.79 22.68 22.22 25.68 23.05 17.73 18.29 18.72 17.80 17.42 18.78 19.39 20.98 21.57 22.02 23.01 22.66 22.09 22.88 24.67 23.77 22.45 25.28 27.03 25.43 24.90 28.29 29.20 25.07 23.66 23.29 24.08 21.85 20.77 21.63 21.59 22.24 20.78 19.65 19.49 21.00 18.70 19.08 16.85 17.09 15.80 14.42 12.83 14.71 13.89 12.51 12.58 16.62 15.66 16.95 18.36 21.43 21.60 23.64 24.09 
13.88 10.64 9.16 10.84 10.58 12.96 15.42 16.85 18.16 19.52 18.87 17.62 16.16 15.27 15.13 13.94 12.70 12.76 13.80 12.06 9.74 11.12 11.71 8.95 7.72 9.84 11.19 9.37 8.84 6.39 6.09 0.00 5.53 6.19 10.26 12.34 15.27 16.56 19.40 20.31 19.11 18.48 22.43 21.38 17.96 17.66 21.59 18.37 13.93 13.98 14.72 14.10 13.88 15.26 16.01 17.02 17.09 17.83 18.88 18.59 17.99 19.39 20.97 19.82 18.98 21.67 23.62 21.92 21.64 24.74 25.48 21.53 20.42 19.71 20.04 17.71 17.49 18.67 17.62 18.31 16.86 16.10 15.41 17.09 15.54 15.83 13.52 14.37 12.97 11.59 10.57 11.73 11.45 9.83 10.93 13.90 14.85 14.84 16.49 20.32 20.24 21.55 23.09 
15.42 12.57 10.02 11.76 10.98 11.26 13.98 15.01 17.15 18.22 18.34 17.00 16.27 15.34 15.40 14.51 13.70 12.62 14.45 13.55 10.55 12.30 13.15 10.73 10.02 12.61 13.41 12.52 12.27 9.04 7.14 5.53 0.00 5.72 7.52 10.59 13.59 15.16 17.79 18.14 17.23 16.92 19.96 18.56 17.00 17.49 20.06 16.28 12.49 12.59 13.45 12.14 12.76 14.48 16.01 16.95 16.98 16.93 17.81 17.79 17.98 18.20 20.06 19.21 18.61 21.16 22.97 21.49 21.43 24.35 25.53 21.57 20.31 19.34 19.67 17.96 17.28 18.44 17.89 18.58 17.30 16.54 16.00 17.98 16.64 17.59 15.78 16.96 15.03 13.69 12.78 14.79 13.91 12.81 12.98 16.20 15.05 16.29 16.68 20.33 20.56 22.60 23.09 
15.67 12.09 8.92 10.02 8.41 8.55 10.78 12.70 13.53 14.58 14.28 13.45 12.43 12.01 11.74 10.45 9.53 8.70 11.21 9.03 7.16 10.12 11.97 9.00 9.14 13.13 14.60 13.07 14.10 11.00 9.85 6.19 5.72 0.00 5.82 6.98 9.93 11.30 13.45 14.55 14.09 13.75 16.61 16.30 14.81 15.22 18.02 15.45 10.84 11.78 11.95 10.84 10.84 12.03 13.17 14.21 14.22 14.32 15.02 15.33 14.77 15.79 17.51 17.01 16.03 18.96 20.86 18.89 19.11 23.15 23.95 18.96 17.69 16.43 16.84 14.47 13.93 15.47 15.27 16.06 14.73 14.02 13.79 15.89 14.88 15.37 14.29 16.11 14.36 12.79 12.34 14.24 12.63 11.09 12.97 15.18 14.74 14.41 16.46 19.87 19.78 20.95 22.60 
17.08 12.72 9.85 10.87 9.59 9.70 10.96 12.27 14.51 14.83 14.63 14.02 13.54 12.54 13.15 12.00 11.77 11.79 13.97 13.70 11.92 14.20 15.79 14.28 13.52 17.41 19.70 17.74 18.98 15.26 14.30 10.26 7.52 5.82 0.85 6.35 7.64 9.65 12.18 14.03 13.23 12.81 16.54 16.78 14.75 14.74 18.28 15.73 11.87 12.96 13.19 12.06 12.10 13.19 13.48 14.93 14.27 14.85 16.23 15.91 14.71 15.82 18.10 17.14 15.71 18.78 21.01 19.56 19.69 23.71 24.64 19.67 18.22 17.49 17.50 15.37 15.23 17.09 16.88 17.90 16.88 16.35 15.39 18.09 16.81 17.57 16.31 18.60 16.72 15.88 15.41 17.71 15.44 13.82 14.82 17.70 15.78 16.34 17.52 20.43 20.36 22.38 22.77 
18.73 15.34 11.32 11.38 9.93 9.73 9.46 10.13 10.35 10.38 9.62 9.33 8.54 8.07 9.20 9.14 9.20 9.88 12.93 12.06 11.45 13.79 15.87 14.60 13.64 16.90 19.97 19.02 20.16 16.39 16.29 12.34 10.59 6.98 6.35 0.00 5.63 6.65 9.37 11.04 11.42 11.30 14.68 16.56 14.84 14.44 17.15 15.97 11.21 11.01 10.83 9.97 9.48 9.67 9.88 10.82 10.90 11.14 13.22 13.22 12.28 13.44 15.51 14.54 13.88 16.48 18.49 17.24 17.56 20.90 21.68 17.13 16.17 14.70 15.16 13.45 13.66 15.54 15.04 16.15 15.33 14.56 13.82 16.52 15.96 16.45 14.90 17.60 15.93 14.40 14.80 17.06 15.03 13.55 14.53 16.81 16.13 16.18 17.68 20.65 20.54 21.73 22.80 
21.02 18.70 14.94 13.55 12.18 11.50 10.88 10.86 10.65 10.13 10.13 9.79 10.99 10.91 12.13 12.27 12.29 12.62 15.59 15.29 13.75 16.79 18.89 17.66 17.46 20.75 23.02 22.58 23.61 19.33 18.96 15.27 13.59 9.93 7.64 5.63 0.00 4.99 7.20 8.84 9.34 10.36 13.93 15.10 14.83 14.81 17.86 16.09 11.91 12.12 12.76 10.77 11.14 11.45 12.61 13.17 13.42 12.60 13.98 14.31 13.57 13.21 15.17 14.30 12.93 15.61 17.81 17.02 16.52 20.17 21.34 17.66 16.39 14.79 15.45 14.41 14.56 17.04 16.83 17.67 17.07 16.86 16.20 18.75 17.77 18.97 17.71 19.86 17.89 16.62 17.04 19.27 16.90 15.78 16.30 18.55 16.84 18.16 19.00 21.58 21.54 23.18 22.97 
22.01 19.27 14.65 14.08 12.52 12.01 10.59 10.14 9.16 8.59 9.68 10.58 11.06 11.80 13.18 13.29 13.56 14.26 16.45 16.97 15.73 18.73 20.33 18.45 18.94 22.52 24.97 23.02 25.30 21.35 20.47 16.56 15.16 11.30 9.65 6.65 4.99 0.00 5.25 7.07 8.24 8.97 12.49 14.17 13.66 14.69 17.00 15.64 11.90 12.66 12.01 10.34 10.88 11.30 12.25 13.33 13.30 12.02 13.07 13.13 11.81 11.63 14.07 13.33 11.22 14.21 16.40 14.50 15.64 19.39 20.51 15.84 15.36 14.03 15.00 13.83 14.60 17.04 16.72 17.99 17.66 17.15 17.10 19.65 18.54 19.60 18.74 21.11 19.13 17.91 17.94 20.20 17.74 16.34 17.03 19.10 17.76 18.51 19.43 22.37 21.17 22.07 23.29 
23.10 20.35 16.19 15.16 15.05 13.37 12.48 11.95 10.40 10.80 11.94 13.71 14.13 14.88 16.81 17.60 17.32 18.44 21.22 21.91 20.77 22.69 23.31 22.45 23.14 25.87 27.62 26.30 28.20 24.60 23.92 19.40 17.79 13.45 12.18 9.37 7.20 5.25 0.00 6.49 8.70 8.21 11.86 14.40 14.15 14.20 17.44 16.82 13.04 13.91 13.28 12.10 12.38 12.73 14.17 15.30 14.67 13.52 15.01 14.05 11.72 12.56 14.36 13.19 11.56 14.69 16.18 14.71 16.03 20.42 20.72 16.89 16.79 16.43 17.41 16.04 17.24 20.16 20.26 21.08 20.57 20.55 20.06 22.64 21.44 22.27 21.55 23.77 21.75 20.54 20.96 23.32 20.47 18.60 19.28 21.83 19.26 19.82 21.82 23.39 22.33 24.33 23.97 
23.61 21.45 16.99 15.65 14.78 13.66 12.51 11.24 11.14 12.23 13.94 15.67 15.96 17.09 18.80 19.34 18.80 20.64 23.27 23.16 22.51 24.07 24.75 23.43 22.94 26.17 27.74 26.49 28.32 24.61 24.60 20.31 18.14 14.55 14.03 11.04 8.84 7.07 6.49 0.00 6.39 7.97 10.46 12.96 13.77 14.58 17.02 16.97 13.49 13.58 13.79 13.63 13.75 14.02 15.64 16.74 15.97 15.55 16.14 15.00 13.19 13.42 14.82 13.27 12.48 15.18 15.52 14.69 15.96 19.35 19.87 16.77 17.39 16.21 17.75 17.05 18.53 21.14 21.17 22.29 21.83 22.26 21.84 24.11 23.02 24.39 23.40 25.34 23.15 22.27 22.30 24.52 21.49 20.05 20.77 22.38 20.73 21.65 22.57 24.69 23.69 24.93 25.17 
21.22 19.06 15.35 13.23 12.60 11.95 10.60 11.02 12.07 13.35 15.24 16.15 16.46 17.54 18.93 19.30 19.37 20.92 23.30 23.21 21.97 23.76 24.81 22.66 22.31 24.86 27.29 25.49 26.95 23.10 23.02 19.11 17.23 14.09 13.23 11.42 9.34 8.24 8.70 6.39 0.00 6.11 8.71 9.73 11.43 11.93 14.94 13.60 11.10 11.44 12.45 11.64 13.54 14.34 16.42 17.84 17.44 15.45 16.29 16.27 14.15 13.64 14.71 13.77 11.34 13.76 14.83 13.60 13.81 16.90 17.89 15.50 16.49 15.52 16.63 16.64 18.49 20.64 20.94 22.03 21.37 21.95 22.34 24.31 23.01 24.62 23.93 25.48 23.21 22.05 21.77 23.91 21.27 19.70 19.56 21.27 19.25 20.66 21.78 22.98 22.60 24.67 24.24 
19.61 16.42 12.63 10.70 9.95 9.44 8.47 9.55 12.27 12.94 14.27 15.72 16.35 17.32 18.14 18.59 18.86 20.36 22.36 22.10 21.47 23.51 24.45 22.61 21.81 25.17 27.03 24.89 26.37 23.52 23.04 18.48 16.92 13.75 12.81 11.30 10.36 8.97 8.21 7.97 6.11 0.00 6.39 8.32 8.53 10.03 11.93 10.90 8.87 9.81 9.57 8.88 11.63 13.47 15.55 16.58 16.56 15.17 16.20 14.84 13.15 12.66 14.23 11.71 9.05 11.77 13.66 10.41 11.23 15.22 16.89 13.16 14.37 14.15 15.77 14.98 16.97 19.67 20.11 21.36 20.76 20.89 21.26 24.02 22.21 23.35 22.83 25.23 22.66 21.45 21.23 23.13 20.46 18.92 19.35 20.72 19.26 20.01 21.15 23.18 22.20 23.59 24.30 
21.20 19.04 15.46 14.43 13.49 13.15 12.62 14.30 16.82 18.32 19.22 20.48 20.42 20.78 20.93 21.93 22.39 23.06 25.06 25.26 24.68 26.25 27.22 25.96 26.16 28.65 30.23 28.50 30.08 26.81 26.78 22.43 19.96 16.61 16.54 14.68 13.93 12.49 11.86 10.46 8.71 6.39 2.31 7.03 8.89 9.21 11.97 11.97 10.36 11.22 12.42 12.88 15.25 17.34 20.36 20.87 20.42 19.44 19.79 18.56 16.11 16.12 16.34 14.28 11.99 14.22 13.75 12.32 13.61 17.83 18.07 14.79 15.96 17.13 18.72 17.95 20.07 23.10 23.58 24.58 24.42 24.11 24.70 26.78 25.63 26.39 25.84 27.84 25.52 24.30 24.21 25.98 22.68 21.27 21.68 23.40 21.15 21.93 24.52 25.05 23.64 26.19 26.33 
19.68 18.12 14.94 15.02 13.28 13.69 14.04 15.92 18.64 20.42 22.02 22.73 22.77 22.79 23.17 23.66 23.45 24.34 26.26 26.12 25.69 27.38 27.69 26.05 25.39 28.32 29.70 27.25 27.84 25.39 25.79 21.38 18.56 16.30 16.78 16.56 15.10 14.17 14.40 12.96 9.73 8.32 7.03 1.52 6.91 8.71 11.52 11.20 10.14 11.40 13.39 14.76 17.06 18.36 21.49 22.06 21.80 20.55 21.14 19.31 17.66 17.35 17.14 15.30 13.87 14.89 14.97 12.34 14.15 18.07 18.10 15.22 16.98 16.95 18.63 18.26 20.69 23.91 24.12 25.02 25.29 25.77 25.78 28.04 26.72 28.35 27.20 28.85 26.23 25.18 24.74 26.16 22.98 21.68 22.38 23.02 21.53 22.56 24.90 25.44 24.34 26.27 26.94 
16.13 14.56 12.28 12.68 11.36 12.22 12.83 15.31 17.74 19.66 20.98 21.47 21.51 21.45 22.31 21.70 22.17 22.65 24.88 24.13 23.51 24.97 25.70 23.68 22.97 25.54 27.44 24.71 25.38 22.29 22.68 17.96 17.00 14.81 14.75 14.84 14.83 13.66 14.15 13.77 11.43 8.53 8.89 6.91 2.16 5.85 9.01 8.65 7.87 10.09 12.63 13.33 16.15 17.91 20.74 21.56 21.97 20.36 20.59 19.47 17.31 16.90 17.66 15.30 12.83 14.44 14.34 11.76 11.86 15.22 16.49 14.05 16.42 16.60 17.57 17.90 20.21 22.91 22.92 24.22 24.31 24.28 24.96 26.59 25.33 26.42 25.83 27.62 25.07 23.52 22.81 24.80 21.70 20.19 20.47 21.58 19.65 20.45 23.71 23.50 23.12 25.52 25.93 
15.00 11.85 10.44 10.88 10.53 11.97 12.07 14.24 18.39 19.78 20.79 21.48 21.23 21.47 21.46 21.26 20.89 22.06 23.45 23.07 22.02 23.66 24.58 23.33 22.37 25.31 27.00 23.94 24.64 22.04 22.22 17.66 17.49 15.22 14.74 14.44 14.81 14.69 14.20 14.58 11.93 10.03 9.21 8.71 5.85 0.00 5.52 7.24 7.35 9.35 11.32 12.39 15.11 17.67 20.07 20.39 20.94 19.91 20.19 18.84 17.02 16.52 16.81 14.51 11.52 13.75 14.11 10.33 10.23 13.20 14.74 12.24 14.48 15.28 17.17 17.13 19.42 22.04 22.86 23.92 23.65 23.51 23.89 26.12 24.09 25.13 24.41 26.79 23.91 22.73 22.02 23.99 20.94 19.46 19.64 20.80 18.96 19.32 22.39 23.68 22.61 23.78 25.41 
15.71 13.08 12.01 13.05 13.76 14.73 15.23 18.24 21.30 22.87 23.93 24.85 24.58 24.12 24.35 23.70 23.43 23.79 25.50 24.99 24.18 25.31 26.51 25.75 25.32 28.08 29.88 27.69 28.01 25.61 25.68 21.59 20.06 18.02 18.28 17.15 17.86 17.00 17.44 17.02 14.94 11.93 11.97 11.52 9.01 5.52 1.17 6.58 8.02 10.32 12.02 14.33 17.35 19.93 22.60 23.66 22.94 22.86 22.77 21.90 19.68 18.64 18.35 17.02 14.09 15.99 16.51 13.78 13.53 15.99 16.31 14.62 16.10 17.59 19.35 19.34 21.39 24.38 25.33 26.16 25.84 25.55 26.23 28.01 26.58 27.27 26.92 28.41 25.80 24.33 24.11 25.51 22.33 21.00 21.25 22.50 20.32 21.21 24.60 25.31 24.70 26.59 27.30 
14.12 11.42 9.33 11.49 10.70 13.09 14.14 16.88 19.94 21.91 23.05 23.63 23.05 23.19 23.07 22.77 21.80 22.26 24.06 23.35 22.85 23.82 25.05 23.32 23.10 25.99 27.61 24.86 24.90 22.59 23.05 18.37 16.28 15.45 15.73 15.97 16.09 15.64 16.82 16.97 13.60 10.90 11.97 11.20 8.65 7.24 6.58 0.00 5.80 8.29 10.61 12.04 15.37 18.07 20.47 21.18 21.58 21.04 21.45 19.48 17.74 17.42 17.55 14.79 12.39 14.77 14.87 12.12 12.54 14.66 15.24 11.18 13.61 14.75 16.76 17.19 19.68 22.68 23.52 24.42 24.21 24.71 24.83 26.89 25.23 26.37 25.71 27.39 24.48 22.70 22.39 23.91 20.41 17.88 19.47 20.66 18.90 19.65 22.32 24.40 23.92 25.45 26.56 
12.86 8.90 7.36 7.49 6.86 9.04 11.08 12.55 15.54 17.66 19.11 19.64 19.34 19.46 20.18 18.86 18.35 19.18 20.92 19.73 18.86 20.25 20.96 18.86 18.52 21.30 22.69 20.12 21.07 17.58 17.73 13.93 12.49 10.84 11.87 11.21 11.91 11.90 13.04 13.49 11.10 8.87 10.36 10.14 7.87 7.35 8.02 5.80 0.00 5.63 6.90 8.33 10.96 13.54 15.96 16.19 17.35 17.03 17.48 15.67 14.68 14.82 15.86 12.73 10.22 12.53 13.22 10.49 10.46 13.18 13.23 9.40 10.77 12.00 13.45 13.73 16.70 19.10 19.73 21.16 20.73 20.71 21.11 22.87 21.14 22.24 21.76 23.71 21.00 18.66 18.53 20.86 17.35 15.26 16.75 18.45 16.44 16.71 20.16 21.99 21.33 23.65 25.43 
13.78 10.41 8.46 9.01 7.78 8.87 10.19 11.97 15.41 17.23 17.60 18.53 18.01 18.23 18.47 17.83 16.60 17.56 19.45 18.42 17.32 18.53 19.77 17.38 16.84 20.13 22.24 19.20 20.29 17.38 18.29 13.98 12.59 11.78 12.96 11.01 12.12 12.66 13.91 13.58 11.44 9.81 11.22 11.40 10.09 9.35 10.32 8.29 5.63 0.00 5.32 7.16 9.29 11.56 13.78 14.79 15.38 15.47 15.89 14.58 14.00 13.94 15.20 12.80 10.15 11.89 13.03 11.20 11.68 14.22 14.72 10.02 11.23 10.54 12.16 12.03 14.78 17.12 17.95 19.42 18.48 18.38 18.86 20.76 18.35 19.62 19.47 21.48 18.91 17.25 16.77 18.92 16.15 13.63 15.39 17.35 15.30 16.06 18.68 21.70 20.98 22.50 24.44 
14.97 11.60 10.17 9.49 7.48 7.91 8.61 10.74 14.50 15.58 16.76 17.70 16.53 16.59 17.09 16.55 15.81 16.61 18.57 17.35 16.01 18.31 19.43 17.32 16.08 19.82 22.17 19.85 20.44 17.84 18.72 14.72 13.45 11.95 13.19 10.83 12.76 12.01 13.28 13.79 12.45 9.57 12.42 13.39 12.63 11.32 12.02 10.61 6.90 5.32 0.00 5.59 7.48 9.77 11.59 13.23 13.86 13.43 14.57 14.02 13.04 13.07 14.54 13.12 10.79 12.97 14.17 12.92 13.28 16.87 16.66 12.61 12.45 11.66 11.62 11.22 12.52 14.69 15.60 17.34 16.41 16.21 16.63 19.09 17.07 18.49 17.63 20.01 17.54 15.64 15.38 17.98 14.65 12.84 14.95 16.55 14.31 15.81 18.84 21.06 20.29 22.95 24.51 
15.69 12.78 10.47 9.11 6.74 6.28 7.38 8.37 11.87 13.37 14.38 15.65 15.15 14.87 15.44 14.72 14.62 15.18 17.21 16.07 15.06 16.75 17.94 16.20 15.53 18.99 21.30 19.20 20.50 17.28 17.80 14.10 12.14 10.84 12.06 9.97 10.77 10.34 12.10 13.63 11.64 8.88 12.88 14.76 13.33 12.39 14.33 12.04 8.33 7.16 5.59 0.00 6.01 7.86 9.29 10.84 11.76 11.68 12.43 11.34 11.14 12.08 13.77 11.39 9.47 12.32 14.49 11.64 11.70 17.05 17.61 11.76 11.57 10.69 11.23 9.61 10.09 12.65 13.72 15.28 14.44 14.49 14.60 17.01 15.44 17.03 16.03 18.68 16.18 13.86 14.28 16.88 14.07 12.00 14.02 16.22 14.54 15.96 17.75 21.07 20.03 22.31 24.10 
18.91 16.09 12.44 11.48 8.72 8.15 8.01 8.06 9.35 11.47 11.53 12.81 12.61 12.60 13.29 12.75 12.61 13.24 15.41 14.62 12.60 15.04 16.43 14.79 14.30 17.89 20.29 18.69 20.48 16.88 17.42 13.88 12.76 10.84 12.10 9.48 11.14 10.88 12.38 13.75 13.54 11.63 15.25 17.06 16.15 15.11 17.35 15.37 10.96 9.29 7.48 6.01 0.99 5.78 6.98 7.92 9.37 9.54 10.84 10.31 10.34 11.62 14.27 12.77 10.54 13.86 16.09 14.25 13.96 18.24 18.92 13.58 12.18 10.51 10.98 9.06 8.50 10.74 10.81 12.91 12.72 12.31 11.88 14.60 13.25 14.99 13.76 16.85 14.41 12.39 12.01 15.41 12.58 11.04 13.15 15.49 13.94 14.74 16.35 19.11 18.88 21.22 23.00 
21.32 18.36 14.62 13.18 12.31 10.92 10.03 8.82 10.04 11.09 11.45 12.54 12.40 12.38 13.43 12.97 12.41 13.40 15.37 14.32 11.90 14.69 16.70 15.28 14.48 19.18 21.17 19.54 21.16 17.95 18.78 15.26 14.48 12.03 13.19 9.67 11.45 11.30 12.73 14.02 14.34 13.47 17.34 18.36 17.91 17.67 19.93 18.07 13.54 11.56 9.77 7.86 5.78 0.00 5.02 6.73 6.93 7.67 9.80 9.53 9.39 10.22 13.26 12.43 10.70 14.25 16.57 14.93 15.44 19.89 21.13 16.18 14.54 12.84 12.55 10.26 10.07 10.88 11.21 13.13 12.49 12.11 11.52 14.08 12.80 14.76 13.61 16.47 14.61 11.77 11.88 15.54 13.26 11.06 13.38 16.49 15.11 15.90 17.86 20.80 19.88 21.20 23.41 
22.95 19.97 16.77 14.02 13.35 11.26 10.68 9.24 9.07 9.62 9.56 10.68 10.67 11.07 12.25 12.51 10.96 12.16 14.93 13.33 11.09 14.98 17.24 15.47 15.00 19.95 22.49 20.96 22.43 19.19 19.39 16.01 16.01 13.17 13.48 9.88 12.61 12.25 14.17 15.64 16.42 15.55 20.36 21.49 20.74 20.07 22.60 20.47 15.96 13.78 11.59 9.29 6.98 5.02 0.74 5.02 6.18 7.32 9.07 9.50 9.56 11.16 14.02 14.30 12.91 16.51 18.77 18.15 17.94 22.78 24.36 19.13 17.22 15.43 15.12 12.43 10.71 11.65 11.53 12.85 11.24 9.62 10.48 13.57 12.45 13.64 12.56 16.15 14.47 12.02 12.41 16.58 14.29 12.37 15.02 17.61 15.77 17.35 20.03 21.11 21.00 23.07 24.39 
23.75 20.54 17.35 15.17 14.37 12.00 11.04 9.94 9.14 9.82 9.11 10.86 11.74 11.91 12.31 12.01 11.94 12.63 15.38 13.81 12.00 15.36 17.56 16.39 16.31 20.88 23.43 21.93 23.71 20.07 20.98 17.02 16.95 14.21 14.93 10.82 13.17 13.33 15.30 16.74 17.84 16.58 20.87 22.06 21.56 20.39 23.66 21.18 16.19 14.79 13.23 10.84 7.92 6.73 5.02 0.00 4.90 6.58 7.61 8.16 9.57 11.65 13.66 13.25 13.08 16.05 18.75 17.88 17.94 22.91 25.00 19.25 17.54 16.80 16.90 14.24 11.48 12.51 12.69 13.11 11.22 9.90 10.69 14.01 12.95 14.45 13.88 16.98 15.35 13.41 14.12 17.47 15.41 14.15 16.12 18.92 17.52 19.11 20.50 22.83 22.16 23.48 24.81 
24.18 21.43 17.78 14.82 14.81 13.02 12.51 9.02 7.98 9.32 9.59 9.13 10.02 10.81 11.33 10.66 11.15 11.82 14.55 13.47 11.81 15.38 17.58 16.09 16.16 20.80 23.72 22.23 23.59 20.46 21.57 17.09 16.98 14.22 14.27 10.90 13.42 13.30 14.67 15.97 17.44 16.56 20.42 21.80 21.97 20.94 22.94 21.58 17.35 15.38 13.86 11.76 9.37 6.93 6.18 4.90 0.00 5.00 6.98 6.93 8.64 10.13 12.38 11.95 12.49 15.07 17.41 17.20 17.74 22.47 24.45 19.60 18.30 16.53 17.16 13.75 12.67 13.23 12.40 13.79 12.44 11.71 11.31 13.80 13.32 15.21 14.78 17.32 15.91 14.49 14.77 17.80 16.01 15.10 16.98 19.26 17.21 19.51 21.52 22.38 22.00 24.07 25.00 
25.16 22.36 18.14 15.33 15.50 13.95 12.84 10.69 9.62 10.86 11.03 11.19 11.44 10.92 12.51 11.59 10.90 11.84 15.07 13.06 11.25 15.41 17.60 15.85 15.59 20.77 23.90 22.28 23.42 20.54 22.02 17.83 16.93 14.32 14.85 11.14 12.60 12.02 13.52 15.55 15.45 15.17 19.44 20.55 20.36 19.91 22.86 21.04 17.03 15.47 13.43 11.68 9.54 7.67 7.32 6.58 5.00 0.00 5.71 6.63 6.65 7.64 10.88 10.91 9.96 12.56 16.27 15.15 15.85 20.76 23.73 18.55 17.52 15.41 15.85 13.21 12.75 13.01 11.81 13.01 12.69 11.88 11.48 14.44 13.43 15.43 14.26 17.44 15.77 13.59 14.02 18.11 16.06 14.99 16.36 19.54 18.30 19.66 21.60 24.01 22.62 23.70 25.01 
26.33 23.61 19.59 16.86 16.54 13.85 13.33 12.23 12.56 12.91 12.70 13.25 12.65 12.74 13.00 13.04 12.36 13.15 16.43 14.67 13.08 16.72 18.79 17.63 17.36 22.10 24.76 23.41 24.80 22.26 23.01 18.88 17.81 15.02 16.23 13.22 13.98 13.07 15.01 16.14 16.29 16.20 19.79 21.14 20.59 20.19 22.77 21.45 17.48 15.89 14.57 12.43 10.84 9.80 9.07 7.61 6.98 5.71 1.11 5.79 7.01 6.61 8.46 10.35 10.23 11.81 14.97 15.28 15.54 20.66 23.10 19.28 17.39 15.65 15.98 12.94 12.09 13.57 12.86 13.38 12.27 12.53 13.27 15.27 14.51 16.33 15.50 18.29 16.97 15.49 15.93 19.59 17.70 16.22 17.20 20.41 18.79 20.46 23.57 23.64 23.23 25.53 25.82 
24.88 21.70 17.86 15.72 14.95 12.28 12.06 12.05 12.45 13.73 13.59 14.24 14.05 13.53 13.48 12.48 12.37 13.45 15.89 14.10 12.73 16.61 18.66 17.46 17.87 21.86 24.56 23.14 24.73 21.71 22.66 18.59 17.79 15.33 15.91 13.22 14.31 13.13 14.05 15.00 16.27 14.84 18.56 19.31 19.47 18.84 21.90 19.48 15.67 14.58 14.02 11.34 10.31 9.53 9.50 8.16 6.93 6.63 5.79 0.00 5.09 6.91 6.96 7.33 8.74 11.49 13.26 13.18 14.74 18.44 21.53 17.18 16.12 14.24 15.63 12.84 11.94 13.37 13.58 13.67 13.74 13.67 14.42 16.20 15.41 17.73 16.23 18.55 17.21 16.57 16.78 19.81 17.42 16.51 17.53 20.16 18.89 20.25 22.41 24.12 23.37 24.50 25.29 
23.97 20.49 16.48 14.27 14.72 12.44 12.18 11.53 12.49 14.20 14.21 14.38 13.98 14.20 14.26 12.84 12.24 13.14 15.99 14.42 12.89 16.52 18.31 16.98 17.30 21.35 23.91 22.54 24.03 21.03 22.09 17.99 17.98 14.77 14.71 12.28 13.57 11.81 11.72 13.19 14.15 13.15 16.11 17.66 17.31 17.02 19.68 17.74 14.68 14.00 13.04 11.14 10.34 9.39 9.56 9.57 8.64 6.65 7.01 5.09 1.05 5.53 7.45 5.65 6.55 9.04 11.52 11.03 12.27 16.62 19.21 14.99 14.11 12.24 13.79 10.71 10.96 13.19 12.67 14.12 14.15 14.72 14.98 16.71 15.39 17.51 16.46 18.39 16.69 15.90 16.31 19.06 16.57 15.56 17.15 19.35 17.03 19.54 22.53 22.63 21.73 24.23 24.75 
24.23 20.89 16.70 14.81 15.13 13.94 13.51 13.98 15.40 16.75 16.96 17.36 16.99 15.92 16.59 15.31 14.28 14.53 17.04 16.11 14.27 17.25 19.25 17.69 17.78 21.82 24.48 23.14 24.20 22.15 22.88 19.39 18.20 15.79 15.82 13.44 13.21 11.63 12.56 13.42 13.64 12.66 16.12 17.35 16.90 16.52 18.64 17.42 14.82 13.94 13.07 12.08 11.62 10.22 11.16 11.65 10.13 7.64 6.61 6.91 5.53 0.00 5.77 7.20 5.84 5.81 9.87 10.68 10.74 13.80 17.05 14.11 13.10 11.49 12.18 10.01 11.67 13.96 13.96 15.04 16.04 16.23 16.97 18.58 17.48 18.87 18.58 20.34 18.02 16.92 17.25 20.00 17.52 16.45 17.38 19.60 18.23 19.60 22.54 23.78 22.64 23.99 24.75 
25.25 22.84 19.04 17.33 17.23 16.35 16.65 16.98 18.29 19.96 20.28 20.46 20.09 19.40 19.08 18.41 17.44 17.46 19.61 18.47 17.02 19.78 21.18 20.28 20.04 23.95 26.32 24.88 25.80 24.04 24.67 20.97 20.06 17.51 18.10 15.51 15.17 14.07 14.36 14.82 14.71 14.23 16.34 17.14 17.66 16.81 18.35 17.55 15.86 15.20 14.54 13.77 14.27 13.26 14.02 13.66 12.38 10.88 8.46 6.96 7.45 5.77 2.42 6.09 7.28 6.41 8.49 9.69 11.16 13.86 17.20 14.87 14.67 13.31 14.44 12.53 14.02 16.67 17.26 17.37 17.40 18.64 19.19 20.74 19.64 21.51 20.50 22.13 20.26 19.55 19.87 22.27 19.67 17.98 18.61 21.33 19.30 20.57 23.42 24.35 23.41 25.76 25.30 
22.51 20.16 17.00 15.22 14.22 14.02 14.55 15.83 17.60 19.21 20.01 20.01 19.73 19.16 19.03 18.05 16.64 17.32 19.43 17.89 16.44 19.03 20.90 19.75 20.22 23.27 25.58 24.11 25.59 23.10 23.77 19.82 19.21 17.01 17.14 14.54 14.30 13.33 13.19 13.27 13.77 11.71 14.28 15.30 15.30 14.51 17.02 14.79 12.73 12.80 13.12 11.39 12.77 12.43 14.30 13.25 11.95 10.91 10.35 7.33 5.65 7.20 6.09 0.65 5.29 7.52 6.53 6.95 9.42 12.85 14.65 12.16 12.80 11.30 13.30 12.00 13.14 16.21 16.88 17.08 17.56 18.63 19.22 20.49 19.97 22.03 20.60 22.10 20.31 19.51 19.16 21.02 18.21 17.01 17.80 19.36 18.34 18.93 21.81 22.87 22.62 23.84 23.77 
20.29 17.47 14.11 12.89 12.53 11.71 11.90 13.46 16.35 17.63 18.01 17.93 18.22 17.90 17.89 16.77 15.66 16.18 18.69 17.22 15.74 18.61 19.46 18.78 19.17 22.77 24.17 22.98 24.52 21.96 22.45 18.98 18.61 16.03 15.71 13.88 12.93 11.22 11.56 12.48 11.34 9.05 11.99 13.87 12.83 11.52 14.09 12.39 10.22 10.15 10.79 9.47 10.54 10.70 12.91 13.08 12.49 9.96 10.23 8.74 6.55 5.84 7.28 5.29 0.39 5.86 7.54 6.35 7.19 10.16 11.88 10.15 9.67 8.75 11.37 10.04 11.84 14.65 15.75 16.69 16.86 17.61 18.58 20.14 19.55 20.72 20.25 21.83 19.61 18.26 18.13 19.75 16.56 15.25 16.43 17.82 15.16 17.16 20.14 20.29 19.02 21.94 22.22 
