1.97 5.57 7.42 8.85 11.47 12.77 14.61 16.46 19.01 20.11 22.59 24.54 26.40 26.61 24.92 24.53 25.40 24.69 22.27 21.27 22.33 20.50 18.44 16.12 17.57 15.85 13.49 12.65 14.35 13.79 14.90 15.85 18.14 19.61 19.32 22.93 24.21 24.62 25.65 24.37 21.22 20.61 22.84 18.69 16.90 16.84 18.85 15.42 16.76 15.24 15.53 15.51 17.68 18.60 21.53 23.35 26.50 28.07 28.94 29.57 31.00 30.66 30.32 29.17 29.52 29.38 27.17 26.22 26.70 25.51 23.10 23.40 24.84 23.61 22.32 22.35 22.38 20.70 20.64 20.69 21.37 23.05 24.54 25.95 27.49 29.86 30.61 31.54 30.95 31.27 30.26 29.83 29.61 28.91 27.81 28.35 29.58 28.12 27.58 27.11 28.02 27.14 25.70 25.39 26.16 26.54 27.10 27.03 27.43 27.18 27.08 25.41 23.10 23.07 22.89 19.84 18.20 18.38 18.48 15.75 14.44 18.07 19.11 18.73 20.26 25.83 
5.57 0.00 4.96 5.50 8.76 11.14 12.90 15.58 17.87 20.19 22.49 24.11 26.63 26.92 26.25 24.49 25.27 24.71 23.41 21.53 21.96 20.50 18.49 16.41 17.72 14.49 12.77 11.65 11.75 12.22 12.57 14.26 15.57 17.59 18.98 21.41 22.91 23.26 25.24 23.78 19.01 19.24 21.04 18.04 14.58 14.07 15.29 12.55 13.14 12.41 12.50 13.58 16.45 17.45 21.20 22.74 26.17 27.30 28.86 29.05 30.91 29.79 30.24 28.59 29.37 28.76 26.87 25.39 26.19 24.95 22.49 23.25 25.00 22.94 21.29 20.97 21.27 18.93 19.29 19.09 20.54 21.77 23.66 24.57 27.01 28.88 30.00 30.75 30.72 30.73 29.49 28.80 29.15 27.74 26.81 26.83 29.04 26.54 26.48 25.34 27.27 25.44 24.95 23.61 25.32 25.18 26.67 25.84 26.73 25.71 26.60 24.49 21.67 21.13 21.86 18.28 16.41 16.84 17.08 14.73 13.55 17.65 18.00 17.45 20.27 25.88 
7.42 4.96 0.00 2.01 6.32 9.72 11.11 13.93 17.02 19.24 22.28 23.64 25.63 26.84 27.15 25.11 24.00 24.42 24.16 21.57 20.84 20.35 20.17 16.40 17.49 15.88 13.23 10.15 10.41 9.40 11.79 12.79 12.83 16.54 17.44 20.59 20.14 20.53 23.52 22.65 17.04 17.88 20.24 16.81 13.92 12.98 13.20 10.17 12.37 9.89 11.45 11.75 14.36 15.91 19.62 20.70 23.55 25.10 26.96 27.37 29.05 28.20 29.13 27.49 27.79 27.59 26.33 25.16 25.65 24.76 22.78 23.50 25.22 23.35 21.10 20.70 20.46 18.45 18.60 18.48 19.72 21.03 22.27 23.37 25.56 28.06 29.02 30.19 30.50 30.42 28.62 28.18 28.61 27.35 25.85 26.26 28.32 26.05 25.31 24.43 25.99 24.62 23.34 22.29 23.45 23.56 24.49 23.92 24.39 24.05 25.08 22.92 18.94 19.50 20.44 17.01 14.72 15.63 16.11 13.99 12.67 15.97 18.67 17.91 20.61 22.81 
8.85 5.50 2.01 0.00 3.12 6.72 9.66 13.22 15.70 18.16 21.41 23.13 24.50 25.34 25.76 24.89 23.40 23.81 22.80 21.30 19.67 19.81 18.13 16.95 16.54 15.07 11.51 9.25 4.96 8.12 8.68 11.91 12.00 14.63 15.01 18.70 17.96 18.69 20.58 20.18 15.13 16.50 17.37 14.94 12.82 12.91 12.96 9.90 10.03 9.53 10.06 11.31 14.25 16.06 19.15 20.85 23.43 24.88 25.64 26.28 27.48 27.01 27.51 26.49 26.76 26.87 25.33 24.58 24.70 24.46 21.92 23.35 24.94 22.93 20.44 20.00 20.20 17.62 17.24 17.58 19.48 21.12 21.48 22.92 24.86 27.18 27.16 28.94 29.25 29.59 27.18 27.37 27.94 26.99 24.85 25.37 27.67 25.52 24.72 23.44 25.24 23.73 22.54 21.51 22.97 22.92 23.70 22.77 23.52 23.10 23.77 22.21 18.47 18.93 19.39 17.49 13.79 14.90 15.58 13.05 11.19 16.12 18.61 17.93 21.04 24.27 
11.47 8.76 6.32 3.12 0.00 4.70 7.05 9.36 11.68 13.92 17.65 19.29 20.87 20.29 19.26 19.02 19.73 18.48 15.98 13.80 15.67 14.32 12.06 10.93 14.75 12.23 10.62 8.20 6.03 6.44 7.93 8.21 9.98 12.61 12.80 16.73 17.60 16.33 18.14 18.55 13.07 14.86 15.56 13.16 12.05 13.04 13.21 8.35 8.89 7.03 7.04 8.69 11.02 13.24 15.52 17.12 20.38 21.64 20.83 22.29 23.85 23.06 22.94 21.60 22.94 23.37 20.96 20.33 21.26 20.48 18.03 19.00 21.24 19.80 18.54 18.82 18.05 15.40 14.54 14.17 14.57 15.77 17.01 18.77 20.01 22.10 21.98 23.85 24.77 25.21 23.55 23.54 24.56 23.92 21.75 22.87 24.88 23.43 22.46 21.80 23.12 21.54 19.43 18.54 19.99 20.06 20.17 19.47 20.96 20.32 21.07 18.50 15.99 16.00 16.46 12.15 8.92 11.72 13.33 8.88 7.68 13.55 16.37 13.79 15.30 21.42 
12.77 11.14 9.72 6.72 4.70 0.00 5.85 7.36 10.24 12.14 15.30 17.66 19.69 19.47 18.68 18.29 18.51 18.26 16.90 15.02 15.89 15.63 13.57 12.26 14.99 12.86 10.37 11.96 6.01 5.67 6.98 7.41 6.32 9.97 10.88 15.45 14.04 15.94 16.73 16.34 11.01 13.33 14.25 11.90 10.27 11.98 11.04 7.10 7.28 5.52 5.57 7.43 9.04 11.61 13.21 16.57 18.84 20.61 19.00 20.60 21.97 21.27 21.37 20.12 21.38 20.98 19.25 18.31 20.48 19.42 17.33 18.54 21.36 19.72 18.49 19.47 18.62 15.09 14.39 13.81 13.56 15.63 16.04 18.55 20.14 22.52 21.50 24.09 24.64 25.10 22.92 23.05 24.60 23.76 21.71 22.56 24.96 23.00 22.41 21.63 23.17 21.20 18.90 18.25 19.63 19.60 20.94 19.76 21.31 20.06 21.46 19.05 15.75 15.85 16.79 13.81 10.48 13.76 14.53 12.55 11.60 15.55 16.43 16.01 16.70 20.75 
14.61 12.90 11.11 9.66 7.05 5.85 0.00 5.61 7.22 9.83 11.58 14.22 15.69 16.68 15.91 14.84 14.42 16.05 15.21 12.79 13.76 14.52 13.10 9.25 13.22 13.51 11.26 9.73 9.26 9.60 8.93 8.00 7.69 9.06 8.86 14.66 15.03 14.49 15.81 15.86 8.32 12.97 15.25 11.84 11.47 13.79 14.91 10.57 12.21 7.45 7.39 6.24 8.06 9.55 12.78 12.85 16.02 17.09 16.42 18.08 19.72 18.21 19.58 17.03 19.03 19.19 17.70 17.28 19.35 18.82 16.65 17.95 20.70 19.03 17.63 18.49 18.47 14.71 13.39 12.51 12.39 12.87 13.65 15.40 18.16 20.17 19.41 22.01 23.25 23.26 20.83 21.24 23.03 22.09 19.79 20.58 22.89 21.19 20.47 19.63 21.37 18.68 16.79 15.63 17.15 15.74 17.89 17.27 18.55 17.23 19.40 16.58 13.13 14.07 15.02 11.57 8.56 12.09 13.12 10.91 11.64 14.41 15.17 14.39 16.94 18.92 
16.46 15.58 13.93 13.22 9.36 7.36 5.61 0.00 5.35 6.36 10.13 12.01 13.07 13.32 13.85 13.08 11.97 13.51 13.15 11.26 12.99 13.94 13.06 11.83 15.11 14.62 12.69 12.85 11.17 12.04 8.41 8.27 8.02 8.18 5.83 11.54 11.57 10.26 10.91 9.18 4.17 8.49 11.11 7.52 6.85 11.34 13.17 10.90 10.20 7.84 8.27 6.74 6.66 8.08 10.57 11.03 14.08 15.25 14.10 15.29 17.40 15.93 16.23 13.89 16.60 17.07 15.75 15.30 18.44 17.95 15.78 17.66 20.84 19.08 17.38 18.48 18.94 14.96 13.36 11.89 12.00 12.33 12.46 14.21 16.11 18.67 18.03 20.64 21.53 22.21 19.46 20.04 21.82 21.26 19.33 20.09 22.44 20.95 20.43 19.38 20.34 18.14 15.60 14.78 16.26 15.22 16.57 16.01 17.65 16.20 18.14 16.60 13.77 14.45 15.23 13.05 10.86 13.78 14.89 13.78 13.75 17.66 17.49 16.33 17.90 20.43 
19.01 17.87 17.02 15.70 11.68 10.24 7.22 5.35 0.12 5.38 5.91 9.48 10.43 10.93 9.35 8.59 8.03 10.47 8.78 6.56 9.62 12.08 10.96 10.60 15.70 16.48 14.18 14.45 13.50 13.17 11.18 8.87 8.73 8.59 9.03 11.36 11.88 10.39 12.62 14.08 7.27 11.79 14.34 13.51 12.44 16.16 16.98 13.64 13.94 10.92 10.42 9.33 6.95 7.51 9.27 9.72 12.89 13.30 10.83 13.41 15.05 13.85 14.49 12.66 14.94 16.18 14.12 15.18 18.07 18.48 15.99 18.69 21.57 20.46 18.45 20.27 20.71 16.40 13.90 11.84 11.58 11.51 11.65 12.66 13.33 15.64 15.86 18.38 19.71 21.04 18.30 19.18 20.57 20.26 17.94 19.35 21.52 20.08 20.09 19.02 20.43 17.49 14.43 13.36 15.13 13.88 14.25 13.89 16.00 15.41 17.08 16.17 13.52 14.97 15.33 13.39 11.35 14.37 15.66 14.59 14.37 17.90 19.31 18.02 20.98 21.73 
20.11 20.19 19.24 18.16 13.92 12.14 9.83 6.36 5.38 0.02 5.10 7.34 8.86 10.68 9.92 9.58 9.16 12.28 11.36 11.31 12.78 15.54 14.67 14.09 18.38 18.88 17.62 17.94 17.09 16.22 12.75 11.90 10.34 9.34 8.03 9.61 8.19 6.44 10.92 9.49 4.78 9.25 15.19 13.47 12.82 16.77 18.63 15.66 14.36 13.10 11.99 10.58 6.86 7.43 7.04 8.21 10.48 9.94 6.41 10.38 13.52 11.54 12.14 11.60 14.26 14.55 12.05 13.98 18.00 17.84 15.95 18.92 21.98 20.84 19.75 21.03 21.16 17.64 15.94 13.22 12.22 12.02 11.29 11.94 12.69 15.11 14.60 17.34 19.35 20.44 18.22 18.49 20.26 19.99 18.41 19.56 21.71 20.02 20.12 18.98 21.00 17.65 14.80 13.68 14.87 12.60 13.99 13.86 16.08 15.61 18.70 17.19 14.80 16.49 17.49 15.39 13.28 16.94 18.34 16.65 17.38 20.93 21.14 19.97 22.73 22.74 
22.59 22.49 22.28 21.41 17.65 15.30 11.58 10.13 5.91 5.10 1.34 4.78 6.10 7.91 8.11 7.51 6.25 10.28 10.16 10.50 11.34 13.93 15.01 15.03 18.45 20.16 19.25 19.55 19.33 18.60 16.34 14.08 13.54 11.14 9.37 11.45 10.47 9.13 13.01 14.32 9.41 13.68 18.45 17.20 16.16 20.42 22.00 19.28 19.73 16.49 16.72 13.34 11.19 10.29 8.85 7.24 9.58 9.74 6.80 9.68 14.42 13.22 14.31 12.24 15.77 17.30 15.00 16.10 19.36 19.89 18.08 20.41 23.14 22.49 21.13 22.23 22.05 18.59 17.61 15.22 13.58 12.28 10.41 9.45 10.56 13.54 12.80 15.82 18.76 20.25 17.84 18.62 19.74 19.82 18.25 19.36 21.44 20.03 19.72 18.99 20.65 16.91 14.52 13.38 12.73 8.39 12.46 13.09 14.68 14.52 18.44 18.01 15.07 17.72 18.78 16.42 14.75 18.54 20.17 17.70 18.70 20.80 22.64 20.20 24.37 23.52 
24.54 24.11 23.64 23.13 19.29 17.66 14.22 12.01 9.48 7.34 4.78 1.42 5.51 7.17 7.13 8.74 8.99 11.38 10.19 11.95 13.52 15.63 15.12 16.99 19.43 20.58 19.73 20.97 20.05 21.13 16.80 15.70 15.79 12.44 11.53 12.03 12.64 11.78 14.92 15.94 13.06 15.23 17.55 17.53 17.63 20.97 22.59 20.88 20.28 17.51 16.37 13.43 12.21 11.33 8.72 3.55 7.06 7.69 6.02 7.24 13.05 13.56 13.65 10.63 14.90 18.24 16.07 16.49 19.96 20.82 19.07 21.01 23.84 22.91 21.73 22.71 23.08 19.90 18.16 16.15 14.27 13.73 11.00 8.51 7.28 10.96 12.15 15.50 18.25 20.36 18.56 18.99 20.20 20.10 18.67 20.00 21.95 20.33 20.52 19.19 21.09 18.11 15.24 14.21 13.30 9.87 11.50 12.93 15.36 15.23 18.78 18.30 15.91 18.46 19.14 17.68 15.54 19.76 20.88 19.39 19.43 22.61 22.78 23.00 25.13 25.54 
26.40 26.63 25.63 24.50 20.87 19.69 15.69 13.07 10.43 8.86 6.10 5.51 2.80 5.25 5.21 5.99 7.62 8.85 7.85 9.72 12.28 13.79 14.30 15.73 18.77 21.08 20.30 20.81 20.96 20.35 19.10 14.74 17.08 11.02 14.05 12.25 15.13 12.74 18.40 18.16 17.01 17.75 19.02 19.33 20.43 22.55 23.80 22.30 22.09 18.89 18.81 16.17 14.07 12.76 12.45 8.94 9.49 9.36 10.49 12.37 15.84 14.80 16.81 14.39 17.24 19.46 18.52 19.25 22.44 22.80 21.11 23.05 25.86 24.57 23.03 24.62 24.56 20.96 19.59 17.13 15.58 13.55 12.84 10.60 7.19 9.80 12.70 15.66 17.78 19.84 18.22 19.64 20.62 20.53 19.22 20.61 22.83 20.82 20.64 19.54 21.06 18.08 15.61 14.05 14.23 11.40 11.73 12.58 16.04 15.19 17.72 18.34 16.40 19.31 20.45 18.33 16.97 20.44 21.80 19.63 19.70 22.07 23.98 22.45 24.72 25.42 
26.61 26.92 26.84 25.34 20.29 19.47 16.68 13.32 10.93 10.68 7.91 7.17 5.25 0.20 5.66 7.51 5.94 8.05 9.00 10.82 11.21 12.83 14.02 15.73 17.80 19.19 20.02 20.74 19.42 20.54 16.68 15.25 15.50 9.57 11.50 10.80 13.05 14.58 17.66 18.55 16.87 18.32 20.97 21.63 20.88 23.95 25.68 23.64 23.10 21.12 19.63 17.28 15.37 14.49 13.88 12.67 13.40 12.34 13.26 15.73 17.69 17.14 19.74 18.46 19.86 21.49 20.28 21.10 23.66 24.20 22.37 24.21 26.24 25.06 23.68 25.41 25.30 22.42 20.70 18.83 16.70 16.50 14.00 14.08 12.02 13.57 13.91 17.84 19.23 21.78 20.32 20.45 21.49 21.63 20.48 21.52 23.64 21.88 22.04 20.72 22.51 20.02 16.55 15.53 15.24 13.93 13.88 14.18 15.75 16.04 18.65 19.18 17.27 19.90 21.09 19.58 17.77 21.86 23.21 21.17 21.01 24.19 24.50 24.24 25.73 25.90 
24.92 26.25 27.15 25.76 19.26 18.68 15.91 13.85 9.35 9.92 8.11 7.13 5.21 5.66 0.34 5.59 6.80 6.17 6.12 9.26 10.06 9.81 10.94 13.41 15.54 16.31 16.82 18.67 18.73 17.58 14.80 12.57 14.34 10.15 11.83 13.23 14.58 15.44 19.78 20.10 18.20 20.40 23.74 22.93 21.67 23.73 26.98 24.04 23.58 20.38 19.77 16.95 14.95 13.81 13.65 11.94 13.75 13.43 14.59 17.01 19.62 18.94 21.69 19.90 21.87 23.42 21.58 22.19 24.33 24.49 22.40 23.74 26.23 24.55 22.79 24.38 24.68 21.28 18.86 17.23 15.31 14.13 11.20 11.85 10.88 13.15 12.90 15.54 17.63 20.23 19.13 19.72 20.41 20.63 19.41 20.03 22.01 20.22 20.12 18.54 20.44 18.14 16.03 13.87 14.31 11.50 13.14 11.78 14.51 13.77 17.41 17.57 16.11 18.64 19.84 18.30 17.65 20.77 21.82 19.54 20.95 22.82 23.58 22.77 25.78 25.40 
24.53 24.49 25.11 24.89 19.02 18.29 14.84 13.08 8.59 9.58 7.51 8.74 5.99 7.51 5.59 1.64 5.76 7.55 4.96 7.19 9.05 9.62 9.07 12.07 14.10 15.62 15.25 17.11 19.53 18.68 16.08 11.54 16.35 5.81 12.49 9.26 15.79 14.98 19.84 18.14 17.87 18.61 22.08 22.18 21.18 22.97 24.69 22.82 22.67 19.42 18.42 15.77 14.30 11.99 12.47 10.35 12.59 12.65 14.54 16.24 19.47 18.79 21.18 19.00 20.88 22.30 21.08 21.32 23.83 24.13 21.55 23.40 25.27 23.75 21.62 23.46 23.67 19.65 17.44 16.33 13.33 11.42 8.92 10.34 8.42 10.18 11.75 15.03 16.26 18.95 18.09 18.92 19.77 19.79 18.68 19.68 21.19 19.48 19.36 17.63 19.57 17.57 14.59 12.65 12.89 11.02 10.07 8.86 11.97 12.78 14.47 14.98 13.88 17.18 17.68 16.83 15.78 19.80 20.17 19.16 20.02 22.38 22.64 23.40 25.50 25.48 
25.40 25.27 24.00 23.40 19.73 18.51 14.42 11.97 8.03 9.16 6.25 8.99 7.62 5.94 6.80 5.76 3.80 5.83 6.89 6.11 6.97 9.19 10.23 11.64 12.58 15.67 15.34 16.33 17.23 16.28 13.21 8.61 8.42 0.13 5.35 4.97 11.11 13.96 17.08 17.03 18.57 19.17 21.47 22.48 22.80 23.25 24.02 22.55 23.16 20.26 18.15 16.89 15.71 13.36 14.06 13.19 15.46 15.59 16.73 19.20 21.51 20.75 22.26 20.55 22.18 23.01 22.42 22.72 24.99 25.43 23.33 24.65 26.61 24.96 22.93 24.33 24.39 20.86 18.59 16.96 15.52 14.38 12.20 13.18 12.64 13.82 14.37 17.04 18.77 20.78 19.75 20.52 21.52 21.31 20.26 21.65 22.93 21.01 20.79 19.84 20.78 19.32 17.10 15.02 15.60 13.47 13.11 11.66 13.86 13.36 15.73 15.91 14.78 17.34 18.65 17.69 16.54 19.81 21.67 19.38 20.03 22.17 23.83 23.37 26.32 26.64 
24.69 24.71 24.42 23.81 18.48 18.26 16.05 13.51 10.47 12.28 10.28 11.38 8.85 8.05 6.17 7.55 5.83 3.54 5.66 7.67 5.88 6.67 8.35 10.54 10.56 13.13 14.36 16.53 17.04 17.78 17.06 12.53 14.88 5.25 12.25 10.95 15.93 16.48 21.63 20.51 21.47 21.66 24.61 24.58 22.88 24.42 25.62 23.61 23.96 21.56 19.61 17.22 16.79 14.70 15.08 14.85 17.45 16.81 19.56 20.80 23.65 22.13 24.16 22.03 23.52 24.48 24.00 23.79 26.00 26.28 24.08 25.18 26.83 25.33 23.08 24.53 24.47 21.09 19.13 17.16 15.70 15.26 13.43 14.40 14.02 16.29 15.90 18.51 19.95 21.46 20.31 20.70 22.25 22.36 21.23 21.99 23.75 21.97 21.88 20.68 21.99 20.35 17.62 15.69 15.94 15.19 13.64 13.13 14.80 12.55 15.32 15.92 14.59 16.78 18.03 17.45 16.20 19.87 21.10 20.18 20.62 23.31 24.22 24.94 26.66 27.44 
22.27 23.41 24.16 22.80 15.98 16.90 15.21 13.15 8.78 11.36 10.16 10.19 7.85 9.00 6.12 4.96 6.89 5.66 3.19 5.28 7.12 5.66 6.16 8.72 10.16 11.05 11.80 14.54 14.45 15.36 13.38 10.98 12.87 10.14 12.56 14.75 15.25 16.12 20.28 21.77 19.54 22.03 25.73 24.41 21.17 23.32 25.84 23.46 22.89 20.07 18.82 15.72 15.19 12.15 13.40 13.65 16.08 15.37 18.12 20.42 23.15 21.86 23.50 21.85 23.80 24.65 23.46 23.16 25.72 25.68 23.00 24.14 25.87 23.86 21.40 22.63 22.51 19.28 16.35 15.08 12.80 12.51 10.18 12.21 11.62 13.56 14.85 17.44 18.26 20.12 19.02 19.72 21.29 21.22 19.96 20.51 22.09 20.37 20.02 18.11 19.34 18.25 15.53 13.12 13.78 12.25 12.15 9.64 12.12 9.49 13.56 13.02 11.66 14.25 16.94 15.55 14.45 18.43 18.92 17.39 19.14 21.56 22.09 21.90 25.19 25.98 
21.27 21.53 21.57 21.30 13.80 15.02 12.79 11.26 6.56 11.31 10.50 11.95 9.72 10.82 9.26 7.19 6.11 7.67 5.28 2.72 5.70 7.50 5.82 6.85 7.98 11.04 11.19 12.79 14.14 14.28 13.00 8.95 12.84 6.08 13.16 12.46 15.38 16.13 19.70 20.98 19.94 21.64 23.64 23.06 20.42 22.44 23.98 21.85 21.19 18.35 17.02 14.36 13.92 11.11 12.75 13.27 16.13 16.27 18.45 20.08 22.85 21.26 22.83 21.07 22.91 23.60 22.51 22.33 24.92 24.65 22.14 23.23 24.95 22.89 20.49 21.86 21.66 17.72 14.51 13.96 12.47 10.64 7.87 12.14 12.45 14.02 14.63 18.56 19.72 21.35 19.70 20.35 21.56 21.69 20.41 20.93 22.03 20.21 19.80 17.89 19.22 18.52 15.71 13.10 13.36 13.32 11.06 8.42 10.92 10.54 12.27 11.25 9.06 12.82 14.60 13.00 11.76 17.24 17.57 16.36 17.67 21.19 21.30 21.74 24.65 26.25 
22.33 21.96 20.84 19.67 15.67 15.89 13.76 12.99 9.62 12.78 11.34 13.52 12.28 11.21 10.06 9.05 6.97 5.88 7.12 5.70 4.42 5.67 7.59 6.15 6.27 9.23 11.04 11.38 10.20 12.15 11.29 8.08 10.40 4.53 10.48 13.67 15.73 16.59 20.94 22.55 22.91 22.48 23.23 23.09 21.77 22.71 23.57 22.18 21.46 19.10 17.62 16.12 16.04 14.39 15.19 15.49 18.74 19.13 20.45 21.72 24.11 23.02 24.20 22.47 23.91 24.99 24.11 23.94 25.76 26.12 23.83 24.78 26.05 24.53 21.99 23.07 22.82 20.01 17.12 15.75 14.46 14.79 13.35 15.16 16.95 18.53 18.33 21.46 23.23 23.97 22.22 22.82 24.25 24.16 22.91 23.71 24.56 22.86 22.41 20.78 21.07 20.21 18.43 16.05 16.19 14.74 15.15 12.66 14.62 12.40 13.97 12.98 12.41 13.57 15.55 15.17 14.12 17.80 19.03 17.29 18.27 21.41 22.81 23.03 26.17 27.47 
20.50 20.50 20.35 19.81 14.32 15.63 14.52 13.94 12.08 15.54 13.93 15.63 13.79 12.83 9.81 9.62 9.19 6.67 5.66 7.50 5.67 2.57 5.31 7.48 5.98 7.35 9.89 12.06 12.02 13.39 14.34 11.56 15.90 10.60 16.98 18.58 21.22 20.71 23.95 25.27 23.48 24.04 25.06 24.87 21.91 23.34 24.25 22.21 20.92 18.45 17.14 15.59 15.71 14.79 15.82 17.17 19.08 20.13 21.44 22.74 24.80 23.62 24.50 22.95 24.31 25.17 24.19 23.84 26.06 26.18 23.72 24.66 25.96 24.29 21.93 22.80 22.77 19.41 17.17 14.73 13.91 13.99 13.95 15.50 16.72 18.84 18.53 21.22 22.78 24.06 22.40 22.81 24.42 24.54 23.38 23.57 25.08 23.16 22.83 21.26 21.52 20.26 17.89 15.85 16.49 14.84 14.57 13.85 14.59 9.78 12.99 12.80 11.84 11.54 14.74 14.04 13.35 15.87 17.85 17.04 18.01 21.05 22.19 22.34 25.44 27.15 
18.44 18.49 20.17 18.13 12.06 13.57 13.10 13.06 10.96 14.67 15.01 15.12 14.30 14.02 10.94 9.07 10.23 8.35 6.16 5.82 7.59 5.31 1.78 5.58 7.51 6.82 7.88 10.43 8.89 11.13 10.27 9.38 12.83 13.27 16.16 19.18 18.87 19.50 22.93 24.14 21.66 22.62 24.84 23.50 19.95 21.25 22.10 20.05 18.16 15.90 14.62 12.95 12.76 12.21 14.44 15.55 17.29 18.48 20.39 22.16 23.59 22.41 23.48 21.97 23.36 23.96 22.29 22.28 24.93 24.71 21.91 22.89 24.44 22.69 20.44 21.14 20.81 17.72 15.45 13.49 11.70 12.53 12.16 14.96 15.81 17.78 18.53 21.24 22.04 23.62 22.23 22.73 23.85 24.00 22.52 22.87 24.37 22.45 21.74 19.88 20.56 18.91 16.56 14.02 14.09 12.67 13.25 11.29 11.40 6.34 12.05 11.14 8.40 7.93 13.23 11.70 9.71 13.44 15.86 14.24 15.97 19.33 19.69 20.65 24.32 24.96 
16.12 16.41 16.40 16.95 10.93 12.26 9.25 11.83 10.60 14.09 15.03 16.99 15.73 15.73 13.41 12.07 11.64 10.54 8.72 6.85 6.15 7.48 5.58 1.04 5.90 7.73 7.77 8.93 8.84 9.32 9.33 7.76 12.26 11.67 15.42 18.60 19.30 20.57 22.62 24.26 21.58 22.35 23.18 22.41 19.38 20.36 20.99 18.75 16.89 15.35 13.96 12.79 13.24 12.92 14.48 16.47 18.42 20.05 21.40 22.40 23.22 22.49 23.20 21.74 22.78 23.52 22.11 21.99 24.37 24.17 21.51 22.50 23.82 22.18 20.19 20.86 20.55 17.29 15.30 12.92 12.01 13.47 13.02 15.59 16.83 19.41 19.96 22.47 22.98 24.67 23.05 23.57 24.39 24.74 23.41 23.77 24.94 23.21 22.52 21.08 21.63 20.18 17.74 15.74 16.26 14.98 14.82 13.09 14.29 11.46 12.69 11.47 9.16 9.21 12.80 10.28 7.96 11.97 15.36 13.23 15.01 19.62 20.27 19.92 23.86 25.42 
17.57 17.72 17.49 16.54 14.75 14.99 13.22 15.11 15.70 18.38 18.45 19.43 18.77 17.80 15.54 14.10 12.58 10.56 10.16 7.98 6.27 5.98 7.51 5.90 4.13 6.55 7.79 8.56 9.92 10.52 10.54 10.05 14.38 13.79 17.00 21.14 23.72 24.04 25.81 25.64 23.66 23.05 24.38 22.95 21.12 21.72 22.65 20.10 19.10 17.06 16.27 15.53 16.67 16.08 17.38 18.38 21.56 22.58 24.33 24.50 25.45 24.09 25.50 23.84 24.46 25.57 24.70 24.12 25.70 26.21 24.06 24.65 25.82 24.61 22.67 23.33 22.98 20.16 18.25 16.28 15.34 17.23 17.27 19.03 20.46 22.61 22.82 25.18 26.37 27.23 25.54 26.05 27.26 27.22 25.90 26.55 27.59 26.07 25.68 24.40 24.69 22.79 20.69 18.79 18.82 16.89 17.17 16.08 17.50 14.02 15.87 14.57 13.07 12.37 14.35 13.56 12.28 14.29 17.30 15.89 16.93 20.73 21.81 21.83 25.34 26.17 
15.85 14.49 15.88 15.07 12.23 12.86 13.51 14.62 16.48 18.88 20.16 20.58 21.08 19.19 16.31 15.62 15.67 13.13 11.05 11.04 9.23 7.35 6.82 7.73 6.55 1.56 6.38 7.37 8.40 10.35 11.98 12.10 15.67 17.24 19.20 22.73 24.80 25.53 26.12 26.59 23.04 23.24 23.97 23.25 20.62 22.00 22.51 20.40 19.31 17.58 16.71 16.40 17.58 17.65 19.05 20.31 22.25 23.78 25.19 25.37 26.00 24.91 26.08 24.24 24.91 25.88 24.86 24.68 26.43 26.72 24.47 25.34 26.31 25.00 23.17 23.67 23.49 20.75 19.53 17.09 16.41 17.86 18.39 20.04 21.44 23.65 23.70 25.95 26.65 27.74 26.28 26.82 27.96 27.90 26.62 27.26 28.71 26.83 26.42 25.26 25.78 23.96 21.24 19.46 19.69 17.65 17.50 16.86 17.51 12.13 15.89 14.80 12.71 9.98 14.72 13.09 12.26 13.04 17.26 16.24 17.36 20.84 22.08 21.53 25.37 26.56 
13.49 12.77 13.23 11.51 10.62 10.37 11.26 12.69 14.18 17.62 19.25 19.73 20.30 20.02 16.82 15.25 15.34 14.36 11.80 11.19 11.04 9.89 7.88 7.77 7.79 6.38 2.95 5.51 6.04 8.45 9.14 10.92 13.67 16.31 18.33 22.03 23.45 24.15 25.58 24.58 20.33 20.57 22.46 20.66 18.61 19.60 21.25 18.57 18.44 16.10 16.28 15.32 16.65 16.06 18.21 18.92 20.72 22.17 24.16 24.16 25.09 23.85 24.67 22.29 22.81 23.89 22.49 22.41 24.76 24.99 22.15 23.17 24.71 23.50 21.70 22.03 21.86 19.22 18.22 15.84 15.40 16.55 17.26 18.62 20.38 22.79 23.64 25.60 25.75 26.87 25.94 25.88 27.35 27.04 25.55 25.89 28.15 26.07 25.31 23.74 24.83 22.85 20.21 18.03 18.34 16.70 16.27 14.90 14.75 9.87 13.98 13.49 9.21 6.43 12.71 11.66 8.16 10.02 14.57 13.59 14.44 18.00 19.68 19.93 23.62 24.39 
12.65 11.65 10.15 9.25 8.20 11.96 9.73 12.85 14.45 17.94 19.55 20.97 20.81 20.74 18.67 17.11 16.33 16.53 14.54 12.79 11.38 12.06 10.43 8.93 8.56 7.37 5.51 0.00 4.38 6.67 7.95 9.45 12.28 15.21 17.20 21.21 22.76 23.00 25.22 24.21 20.46 20.11 22.24 19.84 19.00 20.44 20.96 17.38 19.35 15.17 16.00 15.52 17.59 17.61 19.07 20.06 21.88 23.46 24.75 24.52 24.91 24.31 25.16 22.66 22.71 23.90 22.37 22.24 24.66 24.78 22.08 23.24 24.68 23.91 21.92 22.32 22.08 19.92 18.86 16.92 16.25 18.01 18.50 19.88 21.84 24.27 24.68 26.76 26.98 28.34 26.69 26.70 27.68 27.78 26.04 26.31 28.20 26.52 25.98 24.70 25.75 24.01 21.34 19.74 20.27 18.97 18.63 16.87 18.95 15.91 18.14 15.91 14.00 11.34 14.95 12.57 10.33 11.46 16.08 14.54 15.63 19.90 21.17 20.15 24.20 25.63 
14.35 11.75 10.41 4.96 6.03 6.01 9.26 11.17 13.50 17.09 19.33 20.05 20.96 19.42 18.73 19.53 17.23 17.04 14.45 14.14 10.20 12.02 8.89 8.84 9.92 8.40 6.04 4.38 0.65 5.13 6.25 7.69 10.51 12.86 15.77 20.54 21.72 21.88 23.17 23.20 20.04 19.32 20.07 17.37 18.09 18.10 19.08 13.20 15.11 10.53 12.84 12.91 16.46 15.98 18.56 18.72 20.89 22.57 24.01 23.47 22.67 22.63 24.36 21.88 21.60 23.05 21.99 21.89 23.84 24.42 21.70 22.87 24.08 23.17 21.19 22.13 21.71 19.47 18.47 16.63 15.92 17.21 18.12 19.35 21.63 23.64 24.04 26.24 27.21 27.95 26.53 26.47 27.91 27.63 26.34 26.52 27.92 26.50 26.15 24.86 25.81 24.00 21.85 19.98 20.24 18.53 18.93 17.56 18.18 15.61 16.87 15.95 12.64 10.82 13.52 13.03 10.15 11.38 14.90 14.08 14.58 17.76 20.60 20.08 23.67 24.80 
13.79 12.22 9.40 8.12 6.44 5.67 9.60 12.04 13.17 16.22 18.60 21.13 20.35 20.54 17.58 18.68 16.28 17.78 15.36 14.28 12.15 13.39 11.13 9.32 10.52 10.35 8.45 6.67 5.13 0.35 6.33 7.60 8.48 11.70 13.93 18.56 20.63 20.92 22.02 22.19 18.29 18.39 19.76 16.71 16.76 17.76 17.33 12.00 14.49 9.73 12.04 12.90 15.58 16.72 18.43 19.54 21.45 22.70 23.36 23.48 23.20 22.69 23.73 21.71 21.57 23.16 21.34 21.96 23.81 24.36 21.62 22.62 23.69 23.04 21.36 22.29 22.21 20.65 19.61 18.00 16.93 18.58 19.39 20.99 22.95 25.20 25.31 27.46 27.84 29.10 27.35 27.44 28.76 28.47 26.93 27.72 29.19 27.59 27.26 26.43 27.16 25.59 23.30 21.34 21.63 20.35 20.83 19.94 20.58 17.62 19.12 17.85 15.94 13.73 16.55 14.71 13.14 14.24 17.49 16.25 17.42 19.87 22.21 21.77 24.58 25.97 
14.90 12.57 11.79 8.68 7.93 6.98 8.93 8.41 11.18 12.75 16.34 16.80 19.10 16.68 14.80 16.08 13.21 17.06 13.38 13.00 11.29 14.34 10.27 9.33 10.54 11.98 9.14 7.95 6.25 6.33 0.00 5.76 5.44 9.50 12.39 15.96 16.91 17.71 20.04 17.82 15.28 15.14 17.15 13.47 13.84 14.31 15.13 11.16 11.11 8.68 10.15 9.99 13.42 13.08 16.43 16.55 19.65 19.64 20.87 20.57 22.13 20.59 20.45 18.76 19.17 20.33 17.81 18.85 21.28 21.40 18.12 19.64 21.34 20.44 18.87 20.13 20.87 18.62 17.57 16.17 15.72 16.76 17.45 19.24 21.51 24.15 24.66 26.48 26.78 27.41 25.81 25.83 27.52 27.01 25.21 25.91 28.29 26.52 25.78 24.81 26.23 24.26 21.91 20.00 20.80 19.55 19.59 18.83 20.04 18.06 19.34 17.01 14.49 14.73 17.01 14.61 12.66 15.33 18.01 16.05 16.21 18.87 21.28 20.73 23.72 23.87 
15.85 14.26 12.79 11.91 8.21 7.41 8.00 8.27 8.87 11.90 14.08 15.70 14.74 15.25 12.57 11.54 8.61 12.53 10.98 8.95 8.08 11.56 9.38 7.76 10.05 12.10 10.92 9.45 7.69 7.60 5.76 0.00 5.13 6.14 10.06 13.41 13.88 14.49 16.62 14.84 13.05 12.85 15.42 9.87 14.48 13.77 15.01 9.07 13.52 6.32 10.64 10.86 12.40 13.60 15.04 15.83 17.24 18.41 17.55 19.69 18.47 19.18 18.71 17.40 17.74 19.35 17.06 17.65 19.64 19.83 17.34 18.08 19.75 18.74 17.59 19.09 19.84 17.73 16.66 15.68 15.34 16.49 16.80 18.68 20.86 23.36 23.43 25.48 25.88 26.63 24.91 24.94 26.37 26.13 24.50 25.16 27.21 25.77 25.37 24.48 25.70 24.14 21.82 20.04 20.71 19.50 20.09 19.15 20.36 18.67 19.89 17.80 15.86 16.07 17.91 14.97 13.34 15.98 18.37 15.70 16.87 19.49 21.40 20.11 23.31 25.28 
18.14 15.57 12.83 12.00 9.98 6.32 7.69 8.02 8.73 10.34 13.54 15.79 17.08 15.50 14.34 16.35 8.42 14.88 12.87 12.84 10.40 15.90 12.83 12.26 14.38 15.67 13.67 12.28 10.51 8.48 5.44 5.13 0.00 5.28 6.53 11.34 12.90 12.78 13.37 12.19 11.59 11.37 9.27 5.47 8.67 10.99 8.75 5.99 8.35 3.09 8.37 9.67 10.57 10.66 14.64 14.32 18.40 17.82 17.19 17.13 18.07 17.40 18.43 16.29 17.63 19.48 16.39 17.68 18.90 19.82 17.40 18.66 19.72 19.19 18.10 19.97 20.83 18.70 17.63 16.79 16.42 17.40 17.74 19.48 22.19 24.35 24.07 26.07 26.92 27.05 25.64 25.81 27.25 26.72 25.54 25.96 27.84 26.68 26.94 25.91 26.88 25.49 24.06 22.10 22.41 21.99 23.32 22.10 22.83 21.29 22.55 20.87 18.42 19.15 20.12 17.84 16.19 18.04 19.97 18.18 18.00 20.35 22.32 21.33 24.05 25.11 
19.61 17.59 16.54 14.63 12.61 9.97 9.06 8.18 8.59 9.34 11.14 12.44 11.02 9.57 10.15 5.81 0.13 5.25 10.14 6.08 4.53 10.60 13.27 11.67 13.79 17.24 16.31 15.21 12.86 11.70 9.50 6.14 5.28 0.00 5.21 8.67 9.88 11.01 12.42 11.04 9.21 10.30 12.02 7.98 12.58 13.64 15.28 11.03 14.37 9.82 10.86 10.77 11.91 11.82 13.48 13.30 15.83 14.60 13.18 14.84 14.48 13.19 14.05 12.89 14.72 16.21 13.06 15.26 17.39 17.17 15.81 17.62 18.38 17.99 17.28 19.35 20.23 18.14 17.45 16.37 15.91 17.14 17.36 19.12 21.54 23.87 23.37 25.58 26.01 26.40 24.53 24.86 26.43 25.93 24.45 25.40 27.29 25.85 25.82 25.18 26.31 24.83 22.95 21.35 21.61 20.68 21.60 21.26 21.86 20.49 21.94 20.32 17.86 19.43 19.96 17.63 15.68 18.57 19.91 18.31 19.01 21.05 22.19 21.26 23.53 25.00 
19.32 18.98 17.44 15.01 12.80 10.88 8.86 5.83 9.03 8.03 9.37 11.53 14.05 11.50 11.83 12.49 5.35 12.25 12.56 13.16 10.48 16.98 16.16 15.42 17.00 19.20 18.33 17.20 15.77 13.93 12.39 10.06 6.53 5.21 1.71 6.87 6.46 7.57 9.28 6.57 4.35 7.15 6.70 4.84 8.66 10.67 11.59 10.72 13.20 10.92 10.77 9.80 10.73 10.40 12.88 11.32 13.53 13.00 11.33 11.05 10.86 9.69 12.50 9.52 11.30 12.94 10.14 12.62 14.86 14.59 13.46 15.64 17.19 16.97 16.65 18.86 19.83 17.77 17.21 16.37 15.96 16.86 17.60 19.22 21.76 23.78 23.67 25.78 26.40 26.38 24.53 24.73 26.42 25.73 24.04 24.93 27.39 25.68 25.20 24.74 26.46 24.69 22.69 21.38 22.40 21.25 21.49 21.05 22.17 20.86 22.51 20.48 17.82 19.43 20.89 18.19 15.91 19.40 20.45 18.82 18.86 20.66 22.73 21.74 23.60 24.41 
22.93 21.41 20.59 18.70 16.73 15.45 14.66 11.54 11.36 9.61 11.45 12.03 12.25 10.80 13.23 9.26 4.97 10.95 14.75 12.46 13.67 18.58 19.18 18.60 21.14 22.73 22.03 21.21 20.54 18.56 15.96 13.41 11.34 8.67 6.87 3.08 6.20 6.91 8.42 6.09 8.12 9.70 11.07 9.44 13.33 15.73 17.14 16.46 19.12 15.79 16.63 15.63 13.81 15.25 15.41 15.53 15.27 14.30 11.48 12.78 9.19 12.39 12.93 12.70 12.64 16.48 12.86 14.73 16.38 17.76 16.00 18.07 19.27 19.72 19.22 21.36 22.86 20.44 20.09 19.26 18.97 19.82 20.54 21.79 23.68 25.79 25.62 28.09 28.41 28.57 26.30 26.78 28.16 27.42 26.19 27.36 29.28 27.95 27.85 27.46 28.57 27.63 25.32 24.15 24.64 24.30 25.10 24.54 24.91 24.12 25.76 24.34 21.13 22.63 23.54 21.46 18.92 22.14 23.33 21.12 21.27 23.99 24.81 23.16 25.20 26.49 
24.21 22.91 20.14 17.96 17.60 14.04 15.03 11.57 11.88 8.19 10.47 12.64 15.13 13.05 14.58 15.79 11.11 15.93 15.25 15.38 15.73 21.22 18.87 19.30 23.72 24.80 23.45 22.76 21.72 20.63 16.91 13.88 12.90 9.88 6.46 6.20 2.65 4.54 5.51 5.84 6.36 7.71 9.55 9.38 11.52 14.70 18.97 17.60 19.91 17.26 18.36 17.08 15.46 15.71 16.95 14.24 15.63 12.59 9.55 6.80 5.67 7.09 11.92 8.68 11.86 14.22 9.72 13.22 15.46 15.23 14.47 16.90 18.04 18.36 18.30 20.78 22.26 19.32 19.01 18.03 17.84 18.96 19.39 20.26 22.11 24.39 24.12 26.52 27.52 27.55 25.57 26.12 27.39 26.87 25.50 26.46 28.35 27.24 27.57 26.36 27.49 26.51 25.16 23.30 23.94 23.49 24.71 23.51 24.36 23.67 25.54 23.60 21.03 22.60 23.45 20.85 18.29 22.04 22.76 20.47 20.07 22.61 24.28 22.42 23.79 25.25 
24.62 23.26 20.53 18.69 16.33 15.94 14.49 10.26 10.39 6.44 9.13 11.78 12.74 14.58 15.44 14.98 13.96 16.48 16.12 16.13 16.59 20.71 19.50 20.57 24.04 25.53 24.15 23.00 21.88 20.92 17.71 14.49 12.78 11.01 7.57 6.91 4.54 0.00 5.71 7.58 5.82 7.49 9.90 10.72 11.54 13.91 17.63 18.65 19.46 18.41 19.16 17.24 14.15 15.16 13.76 14.65 13.78 11.02 5.61 6.73 3.67 1.80 6.93 7.83 8.06 9.55 5.88 10.56 11.80 9.81 11.15 15.19 15.78 15.75 16.31 18.77 20.18 17.91 17.77 16.22 16.06 17.37 18.32 19.01 21.22 23.84 23.23 25.75 26.30 26.56 24.33 24.67 26.28 25.64 24.32 25.25 27.26 25.88 25.72 25.35 26.56 25.36 23.35 21.88 22.98 22.24 22.86 22.52 23.67 23.30 24.65 23.23 20.45 22.26 22.71 20.29 17.60 20.85 21.62 19.65 19.91 22.49 23.23 22.44 23.29 24.97 
25.65 25.24 23.52 20.58 18.14 16.73 15.81 10.91 12.62 10.92 13.01 14.92 18.40 17.66 19.78 19.84 17.08 21.63 20.28 19.70 20.94 23.95 22.93 22.62 25.81 26.12 25.58 25.22 23.17 22.02 20.04 16.62 13.37 12.42 9.28 8.42 5.51 5.71 2.37 6.72 7.22 6.31 7.75 9.11 10.94 12.21 15.87 17.42 18.70 17.50 18.57 17.27 15.69 15.45 15.78 13.95 14.05 12.27 9.90 7.46 4.79 6.20 9.76 7.95 9.30 9.82 9.34 10.44 12.55 10.80 12.42 14.76 15.54 15.61 16.46 18.64 20.17 19.01 19.17 18.07 17.51 19.03 19.67 21.14 23.40 26.00 25.45 27.68 28.20 28.35 26.47 26.77 27.93 27.61 26.15 27.10 29.12 27.82 27.55 27.08 28.64 27.17 25.26 23.72 25.02 24.15 24.81 24.31 25.41 24.74 26.08 24.50 22.15 23.45 24.34 21.91 19.37 22.20 23.05 21.27 21.13 23.08 24.58 23.28 24.89 25.78 
24.37 23.78 22.65 20.18 18.55 16.34 15.86 9.18 14.08 9.49 14.32 15.94 18.16 18.55 20.10 18.14 17.03 20.51 21.77 20.98 22.55 25.27 24.14 24.26 25.64 26.59 24.58 24.21 23.20 22.19 17.82 14.84 12.19 11.04 6.57 6.09 5.84 7.58 6.72 2.28 6.44 7.34 6.62 8.01 10.09 12.14 14.49 15.87 16.44 16.04 17.44 16.49 13.87 15.13 15.29 15.71 15.86 14.12 11.44 12.63 9.12 9.83 10.41 8.95 8.93 10.75 8.41 10.02 11.22 13.13 11.52 14.29 15.44 15.91 15.83 18.31 19.74 17.35 18.36 17.19 16.98 18.06 19.39 20.35 22.65 25.61 25.35 27.91 28.54 28.62 26.98 27.23 28.48 27.75 26.75 27.48 29.76 28.13 28.12 27.27 28.63 27.19 25.69 23.75 25.21 24.56 25.75 24.88 25.59 25.06 27.01 25.33 22.73 24.40 24.98 22.56 19.70 22.58 23.57 21.06 21.49 23.65 24.40 23.47 25.09 26.61 
21.22 19.01 17.04 15.13 13.07 11.01 8.32 4.17 7.27 4.78 9.41 13.06 17.01 16.87 18.20 17.87 18.57 21.47 19.54 19.94 22.91 23.48 21.66 21.58 23.66 23.04 20.33 20.46 20.04 18.29 15.28 13.05 11.59 9.21 4.35 8.12 6.36 5.82 7.22 6.44 1.65 4.84 5.31 6.56 6.46 9.01 11.62 11.39 12.24 11.15 11.15 9.14 9.01 10.35 10.41 11.14 15.00 12.64 9.45 11.40 10.22 6.95 8.34 6.88 8.17 7.85 4.55 7.20 9.37 7.64 8.11 11.32 13.35 11.97 12.56 15.08 15.63 12.49 13.80 12.70 12.69 13.74 15.31 16.44 18.68 21.93 21.91 24.65 25.55 25.97 24.22 25.06 25.87 25.43 23.86 25.13 26.57 25.54 25.27 24.59 25.37 24.43 23.06 21.23 22.23 22.00 23.08 22.09 22.81 22.66 24.76 22.91 20.18 22.09 23.23 20.24 17.29 20.58 21.37 18.88 18.32 21.33 22.15 20.97 22.94 24.91 
20.61 19.24 17.88 16.50 14.86 13.33 12.97 8.49 11.79 9.25 13.68 15.23 17.75 18.32 20.40 18.61 19.17 21.66 22.03 21.64 22.48 24.04 22.62 22.35 23.05 23.24 20.57 20.11 19.32 18.39 15.14 12.85 11.37 10.30 7.15 9.70 7.71 7.49 6.31 7.34 4.84 0.00 5.55 7.65 5.65 7.74 10.48 11.83 11.98 12.32 11.79 11.39 10.56 11.93 12.24 13.06 15.35 13.69 12.16 13.78 10.97 7.76 9.36 8.36 8.25 7.19 4.98 5.87 7.49 5.12 7.28 10.00 9.49 8.71 11.03 13.88 14.51 12.38 14.14 12.97 13.09 14.77 16.38 17.70 20.47 23.30 22.94 25.59 26.79 26.90 25.13 25.48 26.80 26.01 24.92 25.67 27.60 26.00 26.03 25.42 26.44 25.28 23.64 22.05 23.12 22.94 23.65 23.13 23.86 23.86 25.43 23.93 21.26 23.00 23.59 20.89 17.72 20.29 21.35 18.84 18.96 22.00 22.49 21.97 23.28 25.02 
22.84 21.04 20.24 17.37 15.56 14.25 15.25 11.11 14.34 15.19 18.45 17.55 19.02 20.97 23.74 22.08 21.47 24.61 25.73 23.64 23.23 25.06 24.84 23.18 24.38 23.97 22.46 22.24 20.07 19.76 17.15 15.42 9.27 12.02 6.70 11.07 9.55 9.90 7.75 6.62 5.31 5.55 2.08 5.85 7.69 6.27 7.42 10.44 12.92 10.60 12.38 12.31 13.83 13.88 16.18 15.38 18.23 18.14 16.57 15.85 14.00 11.99 13.51 11.38 12.16 12.21 9.53 8.47 9.56 8.12 8.47 8.76 11.19 10.29 13.05 13.93 14.56 14.23 15.57 14.92 15.33 17.28 18.67 20.67 23.08 25.60 25.39 27.99 29.31 29.41 27.44 28.09 29.20 28.95 27.31 28.36 30.02 28.98 28.48 28.31 29.38 28.24 26.54 24.86 25.81 25.39 26.50 25.66 26.55 26.00 27.69 25.95 23.66 24.71 25.58 22.92 19.73 22.23 23.12 20.73 20.13 23.16 24.08 22.58 24.57 26.22 
18.69 18.04 16.81 14.94 13.16 11.90 11.84 7.52 13.51 13.47 17.20 17.53 19.33 21.63 22.93 22.18 22.48 24.58 24.41 23.06 23.09 24.87 23.50 22.41 22.95 23.25 20.66 19.84 17.37 16.71 13.47 9.87 5.47 7.98 4.84 9.44 9.38 10.72 9.11 8.01 6.56 7.65 5.85 3.50 5.99 6.83 6.84 7.78 9.83 6.48 10.23 11.23 11.64 13.12 15.72 16.33 19.42 19.02 17.78 17.97 17.15 16.17 15.35 12.34 12.52 13.24 8.31 8.78 8.81 7.75 7.00 8.05 8.97 9.50 9.50 12.34 13.43 10.90 13.51 14.14 15.00 16.83 18.91 20.66 22.75 25.44 24.85 27.74 29.09 29.18 26.99 27.28 28.79 28.10 26.54 27.17 29.62 28.02 27.82 27.08 28.31 27.18 25.60 23.77 25.09 24.87 26.05 25.10 25.70 25.26 26.86 24.97 22.15 23.60 24.44 21.43 18.34 21.10 22.17 19.29 19.13 22.81 23.22 22.17 24.07 25.59 
16.90 14.58 13.92 12.82 12.05 10.27 11.47 6.85 12.44 12.82 16.16 17.63 20.43 20.88 21.67 21.18 22.80 22.88 21.17 20.42 21.77 21.91 19.95 19.38 21.12 20.62 18.61 19.00 18.09 16.76 13.84 14.48 8.67 12.58 8.66 13.33 11.52 11.54 10.94 10.09 6.46 5.65 7.69 5.99 4.61 5.95 8.19 7.61 9.58 7.71 9.95 10.38 12.20 13.28 16.30 16.73 19.78 19.58 18.71 18.81 18.04 14.71 15.24 12.15 12.83 10.60 6.57 7.96 10.13 6.38 4.94 6.93 7.50 6.18 6.01 8.69 9.69 6.23 9.53 11.54 13.40 15.08 17.01 19.05 21.33 23.40 23.36 26.02 27.45 27.54 25.20 25.53 26.60 26.19 24.36 25.68 27.42 26.19 25.92 25.08 26.32 25.21 24.03 22.31 23.22 23.11 24.34 22.97 23.75 23.23 24.96 22.83 19.61 21.23 22.07 19.24 16.52 19.39 20.22 17.26 16.94 20.94 21.84 20.28 22.64 24.36 
16.84 14.07 12.98 12.91 13.04 11.98 13.79 11.34 16.16 16.77 20.42 20.97 22.55 23.95 23.73 22.97 23.25 24.42 23.32 22.44 22.71 23.34 21.25 20.36 21.72 22.00 19.60 20.44 18.10 17.76 14.31 13.77 10.99 13.64 10.67 15.73 14.70 13.91 12.21 12.14 9.01 7.74 6.27 6.83 5.95 3.24 7.53 8.19 9.25 10.34 11.26 12.79 14.71 16.65 18.29 19.41 22.56 23.27 22.82 22.07 21.59 18.36 19.16 16.38 15.55 14.98 11.50 12.70 12.31 8.45 8.28 6.76 7.75 4.41 7.16 9.86 10.93 9.83 13.04 14.39 16.41 18.11 20.87 22.09 24.57 26.63 26.31 28.34 29.36 29.20 27.07 27.06 28.24 27.27 26.13 26.90 29.21 27.47 27.46 26.77 27.95 26.75 25.52 23.90 25.06 24.61 26.09 25.05 26.00 25.05 26.33 24.43 21.47 22.87 23.61 20.79 17.89 20.42 21.31 19.16 18.26 21.77 22.00 21.01 23.22 24.52 
18.85 15.29 13.20 12.96 13.21 11.04 14.91 13.17 16.98 18.63 22.00 22.59 23.80 25.68 26.98 24.69 24.02 25.62 25.84 23.98 23.57 24.25 22.10 20.99 22.65 22.51 21.25 20.96 19.08 17.33 15.13 15.01 8.75 15.28 11.59 17.14 18.97 17.63 15.87 14.49 11.62 10.48 7.42 6.84 8.19 7.53 4.12 7.30 8.90 8.76 10.35 12.66 16.26 17.69 21.26 21.17 24.46 25.97 26.01 25.55 25.29 22.45 22.11 18.57 18.33 18.52 15.45 14.95 17.52 13.36 11.42 8.75 9.21 8.20 7.37 9.77 12.23 12.65 15.83 16.61 17.87 20.52 22.63 25.33 27.24 29.78 29.40 31.33 31.47 31.11 28.95 29.35 30.18 29.57 27.62 28.98 30.66 29.22 28.98 28.57 30.07 28.69 26.97 25.65 26.62 26.49 27.68 26.89 27.74 26.85 27.71 26.09 22.96 24.24 25.06 22.84 19.33 21.89 22.13 20.23 19.45 22.82 22.98 21.87 24.24 25.22 
15.42 12.55 10.17 9.90 8.35 7.10 10.57 10.90 13.64 15.66 19.28 20.88 22.30 23.64 24.04 22.82 22.55 23.61 23.46 21.85 22.18 22.21 20.05 18.75 20.10 20.40 18.57 17.38 13.20 12.00 11.16 9.07 5.99 11.03 10.72 16.46 17.60 18.65 17.42 15.87 11.39 11.83 10.44 7.78 7.61 8.19 7.30 1.24 5.80 5.30 8.49 10.90 12.51 15.70 18.16 20.49 22.54 24.31 24.95 25.24 25.23 22.57 21.40 18.09 18.13 18.20 15.01 14.03 15.86 14.33 10.31 10.14 9.51 6.62 7.21 5.96 9.21 9.60 13.08 15.02 16.28 19.17 21.70 23.83 25.62 27.72 27.38 29.10 29.91 29.00 26.63 26.62 28.29 27.21 25.56 26.30 29.10 26.95 26.90 26.37 27.57 26.55 24.87 23.32 24.59 24.35 25.30 24.38 25.33 24.29 25.35 23.33 19.71 21.35 21.76 19.47 15.72 18.76 18.75 16.76 15.84 19.88 21.03 19.49 22.70 24.17 
16.76 13.14 12.37 10.03 8.89 7.28 12.21 10.20 13.94 14.36 19.73 20.28 22.09 23.10 23.58 22.67 23.16 23.96 22.89 21.19 21.46 20.92 18.16 16.89 19.10 19.31 18.44 19.35 15.11 14.49 11.11 13.52 8.35 14.37 13.20 19.12 19.91 19.46 18.70 16.44 12.24 11.98 12.92 9.83 9.58 9.25 8.90 5.80 1.98 5.26 6.17 9.84 12.62 15.19 17.07 18.96 21.70 22.91 23.85 25.42 26.00 23.25 21.38 18.67 18.71 18.58 14.94 15.32 15.76 13.92 10.49 11.83 11.20 7.63 6.51 7.27 7.05 7.14 10.90 13.13 16.20 19.14 20.87 22.75 24.31 26.03 25.42 27.78 28.91 28.10 24.57 25.18 26.33 25.87 23.60 25.85 27.98 26.39 25.84 25.15 26.53 25.48 23.94 22.31 23.17 23.01 23.61 22.97 24.01 22.88 23.85 22.08 18.77 19.59 20.34 17.96 15.39 16.60 17.67 14.44 14.89 18.54 19.60 18.48 22.07 23.35 
15.24 12.41 9.89 9.53 7.03 5.52 7.45 7.84 10.92 13.10 16.49 17.51 18.89 21.12 20.38 19.42 20.26 21.56 20.07 18.35 19.10 18.45 15.90 15.35 17.06 17.58 16.10 15.17 10.53 9.73 8.68 6.32 3.09 9.82 10.92 15.79 17.26 18.41 17.50 16.04 11.15 12.32 10.60 6.48 7.71 10.34 8.76 5.30 5.26 0.00 5.89 6.95 9.11 13.08 14.61 16.80 18.97 21.65 21.73 23.24 23.55 22.60 21.56 18.13 17.03 18.93 15.60 15.06 16.03 14.52 10.89 12.05 11.80 8.95 7.25 5.85 7.30 4.73 9.15 10.20 13.14 16.04 17.75 19.94 22.10 24.44 24.29 25.77 26.77 26.23 23.29 23.33 25.05 23.76 22.02 23.29 25.72 23.82 23.32 21.97 23.69 22.55 20.98 19.25 20.49 19.94 20.68 19.65 21.29 20.55 20.99 18.98 15.52 17.57 17.58 14.78 11.99 14.86 15.20 13.05 13.29 16.94 18.80 17.47 20.72 22.00 
15.53 12.50 11.45 10.06 7.04 5.57 7.39 8.27 10.42 11.99 16.72 16.37 18.81 19.63 19.77 18.42 18.15 19.61 18.82 17.02 17.62 17.14 14.62 13.96 16.27 16.71 16.28 16.00 12.84 12.04 10.15 10.64 8.37 10.86 10.77 16.63 18.36 19.16 18.57 17.44 11.15 11.79 12.38 10.23 9.95 11.26 10.35 8.49 6.17 5.89 0.00 6.13 7.74 9.45 11.72 14.68 17.23 20.31 19.97 21.05 22.01 21.19 20.49 16.92 16.26 16.53 12.65 12.05 14.23 13.57 9.77 10.79 11.67 10.85 9.38 8.76 6.19 6.58 5.45 8.13 10.25 12.75 16.05 18.36 20.58 22.94 22.65 24.54 24.67 25.10 22.14 22.57 23.44 22.99 20.73 22.00 23.53 22.05 21.37 20.12 21.44 20.35 18.62 16.99 18.47 17.31 18.96 17.78 19.32 18.18 19.74 18.18 14.34 16.21 17.28 14.33 10.55 14.28 14.61 11.82 12.18 16.57 17.83 16.41 20.01 21.22 
15.51 13.58 11.75 11.31 8.69 7.43 6.24 6.74 9.33 10.58 13.34 13.43 16.17 17.28 16.95 15.77 16.89 17.22 15.72 14.36 16.12 15.59 12.95 12.79 15.53 16.40 15.32 15.52 12.91 12.90 9.99 10.86 9.67 10.77 9.80 15.63 17.08 17.24 17.27 16.49 9.14 11.39 12.31 11.23 10.38 12.79 12.66 10.90 9.84 6.95 6.13 0.38 4.89 6.29 8.06 11.87 14.52 17.54 17.25 19.86 20.43 18.61 17.16 14.82 13.80 15.85 10.57 9.85 12.72 12.10 7.43 9.83 11.94 10.88 9.93 10.36 8.91 4.96 5.86 4.63 8.22 10.00 13.61 14.93 17.17 19.57 19.58 21.04 21.81 22.64 19.13 19.46 20.90 20.62 18.33 19.56 21.17 19.53 19.57 17.37 18.83 17.86 16.03 14.40 15.35 14.16 15.89 15.44 16.51 15.61 17.26 14.80 10.86 12.90 14.34 9.59 5.59 11.11 12.71 8.89 9.01 14.54 16.89 15.68 18.66 20.69 
17.68 16.45 14.36 14.25 11.02 9.04 8.06 6.66 6.95 6.86 11.19 12.21 14.07 15.37 14.95 14.30 15.71 16.79 15.19 13.92 16.04 15.71 12.76 13.24 16.67 17.58 16.65 17.59 16.46 15.58 13.42 12.40 10.57 11.91 10.73 13.81 15.46 14.15 15.69 13.87 9.01 10.56 13.83 11.64 12.20 14.71 16.26 12.51 12.62 9.11 7.74 4.89 2.41 4.59 4.40 8.44 11.93 13.08 13.84 17.48 18.45 16.33 13.46 11.97 12.44 11.99 7.09 7.12 11.31 9.60 5.63 9.16 12.33 11.28 10.15 10.89 9.20 5.98 4.78 5.08 5.75 8.60 10.65 13.11 16.06 17.30 17.38 18.85 19.84 20.45 15.92 17.46 18.75 17.81 15.33 17.58 19.44 17.16 17.48 15.36 17.90 16.32 14.57 13.14 15.22 13.52 14.92 14.86 16.89 15.68 17.07 16.13 11.82 13.66 14.54 12.49 9.54 13.21 14.44 11.45 11.60 15.31 16.43 16.56 19.29 20.29 
18.60 17.45 15.91 16.06 13.24 11.61 9.55 8.08 7.51 7.43 10.29 11.33 12.76 14.49 13.81 11.99 13.36 14.70 12.15 11.11 14.39 14.79 12.21 12.92 16.08 17.65 16.06 17.61 15.98 16.72 13.08 13.60 10.66 11.82 10.40 15.25 15.71 15.16 15.45 15.13 10.35 11.93 13.88 13.12 13.28 16.65 17.69 15.70 15.19 13.08 9.45 6.29 4.59 0.77 4.49 6.50 9.84 12.95 13.04 16.08 16.67 16.27 14.83 13.24 12.94 14.35 7.12 8.11 12.20 12.57 7.85 11.97 15.41 15.14 14.02 14.90 12.89 8.92 8.02 4.39 5.89 4.61 7.70 10.08 12.99 13.37 14.78 15.57 16.75 17.86 14.75 15.59 16.97 16.35 14.35 16.39 17.65 15.27 15.92 13.41 15.65 14.21 12.19 10.88 12.81 12.14 13.13 11.44 13.86 13.56 15.37 11.85 7.89 10.83 12.92 9.49 7.91 12.53 13.87 11.72 12.74 15.96 17.43 16.75 19.98 20.55 
