1.50 5.11 6.74 6.77 9.38 11.48 12.25 12.06 13.52 15.10 16.60 16.65 19.26 21.66 22.01 22.65 24.57 26.41 27.05 27.34 27.29 28.40 28.56 28.04 27.69 27.61 27.94 27.62 27.92 26.52 25.87 25.47 25.26 24.07 25.58 25.84 25.44 25.93 28.07 28.62 28.34 29.21 31.32 30.99 30.48 30.29 30.54 29.89 30.34 30.12 31.36 31.83 32.32 31.59 31.13 30.88 29.68 28.78 28.11 27.68 28.21 27.32 26.38 25.96 27.10 26.37 25.97 25.77 27.61 27.54 27.01 25.71 26.55 26.16 24.68 24.08 24.91 24.94 22.79 21.55 19.97 19.49 18.80 19.04 18.82 19.49 20.18 20.72 21.49 22.56 23.76 24.80 25.43 27.07 27.37 28.56 29.79 30.11 29.55 30.68 31.30 30.39 29.75 30.96 30.06 29.68 30.59 31.98 32.05 31.60 33.37 34.93 35.18 34.50 34.34 33.72 31.38 30.40 29.56 29.13 28.73 28.74 28.52 28.04 27.82 27.91 27.66 27.72 27.94 28.12 28.43 28.92 28.57 29.22 29.96 29.59 29.43 30.41 30.36 29.41 29.66 29.82 30.48 29.59 29.42 28.53 28.47 27.40 27.70 27.71 27.83 27.63 27.50 27.98 29.54 29.45 28.93 29.87 31.28 30.59 30.43 31.67 32.56 32.19 31.65 31.27 31.30 31.75 31.76 30.86 30.79 31.04 31.06 29.73 30.21 30.17 31.59 31.72 32.12 31.64 30.66 31.90 31.63 29.94 30.07 30.25 30.17 28.99 34.33 
5.11 0.52 4.77 5.65 7.23 9.16 10.16 10.74 11.95 13.59 14.53 14.52 17.70 19.56 20.49 20.46 22.79 24.59 25.36 25.78 25.55 26.69 26.94 26.30 26.16 26.26 26.37 26.20 27.03 25.20 23.96 23.95 24.07 22.54 23.30 24.15 23.89 23.90 26.22 26.87 26.61 27.05 29.38 29.08 28.41 28.02 28.06 27.80 28.27 28.12 29.25 30.19 30.85 29.82 29.39 29.60 28.53 27.42 26.42 26.17 26.96 25.86 24.79 24.29 25.48 24.99 24.34 23.65 25.63 25.86 25.47 23.76 24.44 24.28 23.25 21.82 22.89 22.69 21.28 19.73 18.01 17.47 17.35 17.30 17.56 17.89 18.88 19.29 20.41 21.09 22.84 23.68 24.46 25.81 26.05 27.49 28.82 28.93 27.87 29.62 30.24 28.84 27.52 29.49 28.93 27.89 28.38 30.51 30.64 29.50 31.24 33.13 33.76 32.79 32.74 32.22 29.86 28.85 28.32 27.63 27.51 27.56 27.32 26.70 26.74 26.63 26.11 26.31 26.81 26.87 26.90 27.72 27.32 28.06 28.70 28.36 28.31 29.61 29.20 27.98 28.28 28.38 29.30 28.35 28.20 27.16 26.97 26.09 26.42 26.47 26.64 27.10 26.92 26.81 28.47 28.63 27.82 28.67 30.19 29.58 29.19 30.66 31.44 31.23 30.63 30.19 29.58 30.61 30.87 29.52 29.08 29.64 30.13 28.04 28.26 28.32 30.34 30.09 30.79 30.02 29.47 30.42 30.35 28.37 27.60 29.95 29.31 28.96 34.03 
6.74 4.77 0.69 4.54 6.62 7.40 8.33 9.35 11.01 11.88 12.75 13.25 16.08 18.10 18.38 19.61 20.67 22.27 23.39 24.11 23.75 24.98 25.10 24.74 24.82 25.08 25.37 25.23 26.51 24.70 23.32 23.12 23.75 21.88 22.20 23.04 23.22 23.10 24.65 25.66 25.79 26.09 27.89 27.72 27.32 26.82 26.59 26.39 27.61 27.13 28.37 29.18 30.45 29.20 28.91 28.77 27.84 26.54 25.63 25.15 25.81 24.93 24.09 23.40 24.02 23.51 23.51 22.37 23.69 24.15 24.44 22.25 22.14 22.25 21.67 20.21 20.00 20.35 19.67 18.24 16.57 16.28 16.30 16.47 16.55 17.29 18.15 18.71 19.90 21.10 22.74 23.64 23.98 25.30 25.26 26.62 27.94 27.81 26.83 28.37 29.18 27.81 26.43 28.04 27.83 27.07 27.47 29.09 29.80 28.75 30.21 32.12 33.12 32.04 31.84 31.30 29.18 28.21 27.80 27.23 27.23 27.16 26.98 26.30 26.60 26.34 25.90 26.07 26.82 26.45 26.41 27.16 27.14 27.48 28.30 27.63 28.05 28.98 28.81 27.18 27.88 27.68 29.01 27.72 27.83 26.50 26.69 25.47 26.10 26.04 26.37 26.88 27.03 26.35 27.98 28.32 27.85 27.96 29.34 28.80 28.68 29.83 30.73 30.32 30.24 29.49 29.10 29.75 30.35 28.89 28.34 28.74 29.66 27.29 27.38 27.36 29.91 29.74 30.18 29.80 29.22 30.57 29.91 28.76 27.29 28.63 28.99 28.58 32.05 
6.77 5.65 4.54 0.00 4.48 6.15 6.12 7.06 7.90 9.63 10.95 11.03 12.84 14.25 15.37 17.03 18.53 20.08 21.31 22.09 21.98 23.11 22.97 22.77 22.85 23.53 23.31 23.52 24.32 22.91 21.03 21.15 21.33 19.45 19.74 20.72 20.95 20.58 21.83 23.36 23.78 24.11 25.49 25.71 25.26 25.02 24.08 24.31 25.53 25.44 25.77 26.71 27.49 27.13 26.23 26.45 25.48 25.03 23.67 23.38 23.85 23.21 22.17 21.53 21.95 21.75 21.24 20.17 21.08 21.40 21.03 19.38 19.64 19.21 18.10 17.44 18.12 18.07 16.84 15.53 14.57 13.54 13.94 13.77 14.34 14.62 15.79 16.03 17.13 18.51 19.90 21.47 21.86 23.56 23.12 24.95 26.22 26.34 24.82 26.49 26.82 25.93 23.84 25.63 24.58 24.77 24.90 26.86 27.10 26.92 28.04 30.23 31.24 30.26 29.73 29.22 27.35 26.64 25.71 25.47 25.54 25.51 24.80 24.73 24.89 24.69 23.78 24.81 25.25 24.97 24.42 25.80 25.45 26.08 26.43 26.38 26.46 27.72 27.19 26.09 26.65 26.59 27.13 26.21 26.29 25.18 24.68 23.67 24.13 24.50 24.05 24.99 25.07 24.46 25.48 26.49 25.61 25.67 26.68 26.98 27.08 28.24 28.55 28.48 28.00 28.07 27.22 28.07 28.26 27.26 26.37 26.96 27.18 25.59 25.50 25.87 27.88 27.98 28.16 28.10 27.32 28.25 28.12 26.11 24.84 26.35 28.34 27.21 34.46 
9.38 7.23 6.62 4.48 0.73 5.43 6.21 6.42 7.91 8.79 10.18 10.65 11.83 14.09 14.04 15.56 16.94 19.82 20.86 21.53 21.28 22.75 22.78 22.08 22.36 22.87 23.34 23.07 23.91 22.34 21.56 21.22 21.47 19.39 20.50 21.02 20.64 20.49 22.62 23.61 23.33 23.78 26.10 25.65 24.78 24.21 24.00 23.44 24.35 23.95 25.33 25.85 26.96 26.20 25.88 25.58 25.40 24.33 23.51 22.83 24.17 23.32 22.01 21.30 22.34 21.78 20.91 20.04 21.45 21.71 20.88 19.21 20.28 19.53 18.05 17.13 18.35 18.23 17.04 15.09 13.43 11.78 12.46 12.84 13.26 13.91 15.51 15.83 16.22 17.48 18.79 20.34 21.03 22.83 22.89 24.49 26.03 26.09 25.04 26.61 27.21 25.72 24.57 26.00 25.01 24.07 25.22 26.92 27.05 26.18 28.37 30.10 30.68 29.72 29.60 28.74 26.94 25.64 24.93 24.19 24.27 24.28 24.05 23.64 23.82 23.65 23.18 23.59 23.89 23.91 24.06 25.18 24.77 25.65 26.57 25.89 25.82 27.33 27.29 25.68 26.10 26.28 27.07 25.65 25.59 24.44 24.54 22.84 23.42 23.59 23.87 23.97 24.02 23.87 26.22 26.41 25.26 25.83 27.80 27.25 26.83 28.50 29.49 28.73 27.92 27.65 27.34 27.60 27.88 26.68 26.47 26.58 26.83 24.89 25.22 24.91 26.17 26.70 26.57 25.98 25.45 27.89 27.68 26.12 26.65 27.24 26.30 26.47 29.26 
11.48 9.16 7.40 6.15 5.43 0.00 6.17 7.14 6.87 8.00 9.03 10.72 11.96 13.23 13.49 15.64 16.78 19.29 20.38 22.26 21.29 23.34 23.18 22.78 22.91 23.85 23.83 23.85 24.75 23.51 21.87 22.33 22.36 20.58 20.75 22.00 21.34 21.45 23.55 24.62 24.25 24.61 26.97 26.61 25.63 25.13 24.60 24.16 25.24 24.84 26.03 26.96 28.44 27.39 26.91 26.81 26.64 25.45 24.24 23.96 25.22 24.41 22.70 21.73 22.31 22.28 21.02 19.72 21.10 21.51 21.33 19.11 19.86 19.15 18.67 17.90 18.63 19.27 17.76 15.99 14.20 12.70 13.59 14.29 14.66 15.46 16.71 17.77 17.72 19.05 20.42 22.01 22.64 24.22 24.22 26.01 27.38 27.45 26.02 27.94 28.29 26.92 25.03 27.20 26.14 25.19 25.29 27.81 27.85 26.96 28.55 30.92 31.31 30.46 30.21 29.72 27.43 26.42 25.73 25.21 25.38 25.60 25.42 24.85 25.27 25.01 24.30 24.66 25.38 25.19 25.26 26.38 26.17 27.14 27.87 27.25 27.40 28.97 28.55 26.89 27.38 27.53 28.30 26.95 26.98 25.61 25.51 24.23 24.59 24.87 25.17 25.58 25.40 24.87 27.33 27.72 26.44 27.14 28.92 28.48 27.87 29.78 30.44 30.06 29.15 28.94 27.96 28.83 29.02 27.88 26.90 27.58 27.84 25.69 25.49 25.63 27.30 27.91 27.35 27.20 26.73 29.02 28.13 25.66 26.65 27.73 27.26 27.68 31.59 
12.25 10.16 8.33 6.12 6.21 6.17 0.01 5.54 6.93 6.89 7.85 8.87 11.01 12.55 12.20 14.27 15.34 17.48 18.66 20.34 19.69 21.60 22.38 21.95 22.09 22.82 23.49 23.28 24.71 23.06 21.78 21.68 22.49 20.47 20.64 21.46 21.46 21.11 23.07 24.19 24.00 24.31 26.45 26.37 25.58 24.72 24.18 24.01 25.20 24.65 25.93 27.00 28.50 27.31 26.83 26.67 26.56 25.19 24.24 23.44 24.85 23.81 22.39 21.31 21.91 21.35 20.71 19.40 20.35 21.01 21.00 18.66 18.68 18.56 18.39 17.02 18.31 18.14 17.73 14.66 13.73 13.08 13.53 13.66 14.82 15.46 17.02 17.27 17.86 19.21 20.69 21.94 22.23 24.08 24.17 25.76 27.12 26.88 25.46 27.20 27.90 26.04 24.57 26.09 25.95 24.65 24.87 26.85 27.73 26.31 28.04 30.28 31.03 29.68 29.49 29.01 27.09 25.73 25.47 24.91 25.14 25.43 25.36 24.92 25.29 25.31 24.57 25.10 25.81 25.64 25.46 26.84 26.65 27.36 28.23 27.60 27.59 28.98 28.80 27.01 27.46 27.47 28.64 27.14 27.19 25.59 25.96 24.48 25.12 24.90 25.52 26.06 25.96 24.91 27.18 27.69 26.70 26.76 28.51 27.86 27.54 29.03 29.85 29.20 29.03 28.37 27.85 28.37 29.02 27.27 26.70 27.02 27.79 25.09 25.02 25.00 27.16 27.21 26.95 26.45 26.29 28.73 27.56 26.45 26.14 27.43 26.47 27.23 29.67 
12.06 10.74 9.35 7.06 6.42 7.14 5.54 0.00 4.90 6.82 6.23 8.18 9.09 10.83 11.00 12.94 13.84 15.26 16.55 17.71 16.82 19.13 19.22 18.60 18.89 19.86 20.54 21.12 21.95 20.77 19.37 19.65 20.02 18.26 18.39 19.22 18.83 18.92 20.21 21.69 21.44 22.08 23.68 24.15 22.70 22.51 21.42 21.99 22.41 22.56 23.39 24.87 25.20 24.70 24.13 24.39 23.49 22.87 21.54 21.28 22.16 21.48 19.91 19.19 19.79 19.39 18.16 16.93 18.35 18.08 17.75 15.45 16.22 15.93 15.13 14.67 16.10 16.19 14.63 12.05 11.40 9.45 10.79 11.04 12.05 13.40 15.31 15.42 15.67 17.71 19.04 20.45 20.90 22.90 22.62 24.51 25.64 25.88 23.92 26.11 26.09 25.00 22.53 25.11 23.95 23.49 23.04 25.65 25.59 25.15 26.36 28.84 29.33 28.26 27.68 26.84 24.86 24.03 23.28 23.01 23.29 23.64 23.40 23.02 23.20 23.48 22.69 23.55 23.92 24.01 23.78 25.13 24.57 25.60 26.36 25.76 25.64 27.17 26.95 25.23 25.62 25.77 26.78 25.18 24.96 23.89 23.98 22.63 22.69 23.26 23.41 24.06 23.65 23.28 25.21 25.88 24.01 24.84 26.32 26.24 25.18 27.31 27.57 27.04 26.09 26.49 25.43 26.23 26.25 25.28 24.37 24.84 24.75 22.96 22.88 23.09 24.58 25.21 24.33 25.00 24.49 26.35 25.04 23.28 24.41 24.81 24.08 24.92 30.30 
13.52 11.95 11.01 7.90 7.91 6.87 6.93 4.90 0.00 4.96 6.67 6.28 7.49 8.73 9.07 11.41 12.04 13.26 15.08 15.77 14.68 17.33 17.63 17.37 18.39 19.22 20.60 20.38 21.69 20.44 19.21 19.56 19.96 18.11 18.49 19.24 18.79 18.89 20.20 21.75 21.79 22.38 24.64 24.31 23.06 22.47 21.51 21.60 22.19 22.11 23.59 24.45 24.66 24.09 23.85 23.82 23.26 22.36 21.57 20.96 21.69 20.84 19.49 18.63 19.56 18.83 17.51 16.14 17.82 17.60 16.97 15.51 16.67 15.99 14.81 14.24 15.64 14.51 13.42 11.96 9.86 8.35 10.52 12.02 12.68 14.17 16.56 16.91 17.44 18.78 20.57 21.85 22.26 24.30 24.09 25.62 26.83 26.70 25.17 26.91 27.14 25.67 23.58 25.70 24.60 23.65 23.53 25.78 25.89 25.12 26.40 28.56 28.90 28.32 27.59 26.83 25.26 24.41 23.40 23.11 23.52 23.79 23.65 23.20 23.91 24.11 23.48 23.82 24.49 24.54 24.55 25.63 25.49 26.35 27.13 26.15 25.93 27.83 27.14 25.40 25.79 26.18 26.96 25.54 25.29 24.41 24.75 23.21 23.62 23.85 24.29 24.49 24.16 23.51 25.70 25.87 23.83 24.36 26.35 25.85 25.27 26.99 27.73 26.77 26.02 26.08 25.42 25.76 25.91 25.07 24.40 24.63 24.36 22.78 22.96 22.86 23.98 24.57 23.98 23.62 23.36 24.99 23.87 23.14 24.99 24.44 23.50 24.50 26.50 
15.10 13.59 11.88 9.63 8.79 8.00 6.89 6.82 4.96 0.00 5.11 7.07 6.66 7.29 7.87 10.06 11.78 12.03 14.01 15.22 14.80 16.83 17.91 17.44 18.31 19.67 20.78 20.72 21.44 20.72 19.48 19.58 20.21 18.22 18.52 19.47 19.24 18.91 20.78 22.10 21.96 22.68 25.01 24.88 23.09 22.94 22.17 22.12 22.77 22.85 23.89 24.81 25.15 24.83 24.31 24.12 23.67 22.58 21.82 21.19 21.73 20.95 19.54 18.53 19.07 18.15 17.17 15.47 16.85 16.70 17.14 15.51 16.13 15.41 14.88 14.11 16.17 15.34 13.89 10.57 11.90 10.60 11.70 12.99 15.57 16.43 18.02 18.27 18.75 20.27 22.00 23.31 23.66 25.69 25.50 27.00 28.10 28.12 26.41 28.04 28.21 26.76 24.80 26.56 25.72 24.33 24.06 26.32 26.54 25.33 26.54 28.79 29.21 28.47 28.04 27.32 25.62 24.74 24.12 23.74 24.33 24.76 24.64 24.13 24.91 25.19 24.20 24.52 25.29 25.50 25.27 26.56 26.14 27.33 27.99 27.26 27.11 28.96 28.16 26.34 26.73 27.16 27.77 26.43 26.42 25.56 25.62 24.43 24.74 25.37 25.58 26.13 25.72 25.00 26.93 26.92 25.49 26.22 27.51 26.82 26.31 28.30 28.73 28.06 27.11 27.19 26.18 26.96 26.92 25.78 24.62 25.12 25.14 23.04 23.03 23.28 24.89 25.13 24.41 24.21 24.00 25.29 24.32 22.77 24.34 25.42 24.32 24.82 27.28 
16.60 14.53 12.75 10.95 10.18 9.03 7.85 6.23 6.67 5.11 0.00 4.85 6.78 7.14 8.04 8.24 11.12 12.01 13.64 14.47 14.02 15.90 17.11 17.39 17.96 18.97 20.76 20.56 21.13 20.22 19.27 19.58 19.76 18.11 18.21 19.50 18.98 18.74 20.61 22.01 21.76 22.54 24.88 24.57 23.30 22.85 22.40 22.11 22.72 22.78 24.19 24.63 25.39 24.83 24.22 23.85 23.43 22.34 21.47 20.53 21.45 20.74 19.20 18.02 18.78 18.03 16.99 15.89 16.64 17.04 17.47 15.81 16.09 16.24 14.68 13.09 15.21 15.65 12.72 9.53 10.91 12.45 12.15 12.97 15.97 17.68 19.03 19.24 19.88 21.45 23.13 24.14 24.30 26.22 25.94 27.23 28.34 28.17 26.34 27.86 28.12 26.66 24.73 26.60 25.76 24.46 24.27 26.63 26.70 25.67 26.90 29.36 29.39 28.57 27.90 27.41 25.26 24.64 24.04 23.81 23.99 24.80 24.70 24.40 24.74 25.28 24.42 24.99 25.67 25.76 25.58 27.03 26.63 27.63 28.48 27.89 27.27 28.97 28.54 27.09 27.08 27.44 28.22 26.98 26.96 25.82 26.09 24.87 25.24 25.65 26.08 26.40 26.21 25.60 26.94 26.99 25.55 26.66 27.33 26.31 25.92 27.93 27.98 27.26 26.93 26.80 25.91 26.71 26.98 25.57 24.43 25.04 25.48 23.12 23.04 23.11 24.86 24.96 24.56 24.32 24.20 25.82 24.47 23.28 24.97 24.83 24.52 24.74 26.70 
16.65 14.52 13.25 11.03 10.65 10.72 8.87 8.18 6.28 7.07 4.85 0.00 5.12 7.42 6.50 8.01 9.40 10.73 11.57 12.41 11.16 13.37 13.90 14.48 14.62 16.22 17.71 18.81 18.68 17.85 17.00 17.47 17.65 16.10 16.43 16.91 16.44 16.56 17.87 19.10 19.11 20.25 22.22 22.02 20.53 20.73 19.92 20.20 20.84 20.82 22.31 23.32 23.33 22.54 22.27 22.14 21.40 20.10 19.11 18.14 18.92 18.02 16.57 15.58 16.60 15.64 14.18 12.98 15.06 15.14 15.19 13.10 14.35 15.00 13.62 12.37 14.19 14.33 12.62 10.17 10.66 10.89 12.25 12.97 14.71 16.34 18.12 18.41 19.01 20.55 22.16 23.29 23.50 25.56 25.07 26.51 27.49 27.34 25.62 27.37 27.70 26.03 24.01 26.27 25.58 24.04 23.88 26.10 26.31 25.05 26.24 28.35 28.38 27.56 26.67 25.76 24.03 23.16 22.23 21.93 22.47 23.33 23.21 23.02 23.56 24.20 23.39 24.22 24.52 24.84 24.65 26.12 25.45 26.45 27.21 26.57 26.15 27.61 27.33 25.72 26.13 26.16 27.13 25.88 25.39 24.39 24.88 23.56 23.70 24.40 24.76 25.09 24.88 24.77 26.40 26.15 24.27 25.73 26.88 25.53 24.44 26.62 26.55 25.42 24.76 25.36 24.27 25.04 25.25 24.08 23.17 23.56 23.64 21.55 21.79 21.41 22.70 23.04 22.36 22.44 22.18 23.48 22.33 21.20 22.12 23.76 22.46 23.68 25.17 
19.26 17.70 16.08 12.84 11.83 11.96 11.01 9.09 7.49 6.66 6.78 5.12 0.00 6.15 7.27 7.05 8.13 9.14 11.24 11.52 10.97 13.05 14.34 14.40 15.38 17.04 18.55 18.69 19.82 18.61 17.79 18.25 18.57 16.89 17.07 17.86 17.45 17.33 18.68 19.95 20.11 20.81 22.79 22.82 21.71 21.70 21.14 21.17 21.79 21.90 23.43 24.57 24.61 23.83 23.77 23.79 22.61 21.12 20.27 19.20 19.58 18.88 17.24 15.78 17.05 16.51 14.38 12.98 15.49 16.59 15.79 14.57 16.03 16.18 14.23 13.33 15.00 15.37 13.95 12.13 11.84 12.36 13.83 14.95 16.32 18.42 20.16 20.63 21.13 22.69 24.20 25.62 25.89 27.89 27.41 29.18 29.77 29.92 28.15 30.03 30.13 28.66 26.57 28.74 27.84 26.55 26.09 28.57 28.28 27.26 27.87 29.90 29.84 29.20 27.99 27.25 25.43 24.76 23.75 23.63 24.05 24.85 24.77 24.90 25.31 26.06 25.31 25.90 26.49 26.70 26.54 27.98 27.53 28.52 29.21 28.78 28.22 29.98 29.26 27.93 28.06 28.58 29.03 27.92 27.67 26.77 26.93 25.82 25.96 26.60 26.99 27.28 27.02 26.84 28.42 27.98 26.07 27.23 28.67 27.00 26.65 28.46 29.10 27.39 26.94 26.85 26.37 26.73 26.96 25.96 25.12 25.47 25.12 23.25 23.14 22.77 23.56 24.23 23.46 23.28 22.77 24.53 23.03 22.59 23.78 24.13 22.43 24.23 24.70 
21.66 19.56 18.10 14.25 14.09 13.23 12.55 10.83 8.73 7.29 7.14 7.42 6.15 0.00 6.02 7.51 7.01 7.61 10.22 11.33 11.33 13.22 14.42 15.39 16.48 18.58 19.21 19.40 19.99 19.31 18.02 18.69 19.28 17.33 17.34 18.35 17.97 17.41 19.17 20.53 20.56 21.02 23.65 23.79 22.44 22.31 22.09 22.20 22.86 23.17 24.29 25.49 25.79 25.13 24.66 24.68 23.54 21.97 21.17 20.15 20.22 19.45 18.15 16.92 17.09 16.31 15.57 14.25 16.17 16.81 17.72 16.26 17.37 17.29 16.09 15.08 16.73 17.20 15.91 14.04 14.83 15.27 16.56 17.38 18.95 20.60 21.76 22.50 23.31 24.58 26.17 27.68 28.28 29.95 29.88 31.13 32.14 31.90 30.27 31.83 31.98 30.54 28.59 30.52 29.79 28.16 27.74 30.09 30.12 28.45 29.21 31.18 31.52 30.46 29.56 28.78 27.18 26.27 25.68 25.41 25.87 26.59 26.87 26.50 27.43 27.87 27.18 27.42 28.12 28.32 28.21 29.36 29.20 30.11 31.02 30.34 30.12 31.61 31.04 29.34 29.70 30.06 30.48 29.09 29.17 28.15 28.35 27.42 27.66 28.41 28.91 29.23 28.92 28.81 30.36 29.95 28.33 29.66 30.51 28.85 28.12 30.16 30.48 29.51 28.52 28.52 27.84 28.84 28.60 27.18 26.15 26.75 26.67 24.26 24.13 23.99 25.26 25.38 24.51 24.14 24.14 25.19 24.27 23.16 23.91 25.06 23.78 24.84 25.32 
22.01 20.49 18.38 15.37 14.04 13.49 12.20 11.00 9.07 7.87 8.04 6.50 7.27 6.02 0.00 5.75 7.64 7.11 9.01 10.05 10.68 12.23 13.55 14.38 15.29 17.15 18.55 18.51 18.78 17.89 16.76 17.28 17.46 15.90 15.82 16.91 16.32 15.96 17.70 18.87 18.82 19.77 22.30 22.28 21.41 21.41 21.42 21.13 22.00 22.25 23.45 24.31 25.09 23.87 23.57 23.39 22.48 20.69 19.79 18.65 18.96 17.98 16.54 14.76 15.47 14.56 13.77 13.30 14.54 15.30 16.37 14.88 15.56 16.39 15.90 14.62 16.66 17.11 16.73 14.87 15.06 16.19 16.87 18.00 19.83 20.87 22.26 22.66 23.03 24.25 25.75 27.28 27.49 29.37 29.13 30.65 31.21 31.32 29.30 31.06 31.13 29.92 27.75 29.85 28.66 27.37 26.72 29.29 28.88 27.57 28.17 30.65 30.75 29.88 28.60 28.17 26.38 25.68 24.86 24.90 24.96 26.03 26.04 26.21 26.48 27.32 26.60 27.14 27.54 27.80 27.73 29.13 28.81 29.91 30.47 30.08 29.60 31.26 30.60 29.33 29.27 29.70 30.12 28.92 28.60 27.61 27.85 26.87 27.04 27.71 28.24 28.51 28.15 28.50 29.83 29.47 28.23 29.39 30.31 28.50 28.28 29.66 29.65 28.56 28.29 27.76 26.93 27.99 28.18 26.58 25.08 25.96 26.05 23.46 23.05 23.06 24.37 24.10 23.15 23.06 22.80 24.38 22.73 21.92 23.25 23.93 22.02 23.68 25.00 
22.65 20.46 19.61 17.03 15.56 15.64 14.27 12.94 11.41 10.06 8.24 8.01 7.05 7.51 5.75 0.00 6.61 7.67 6.75 8.14 9.09 11.02 11.98 12.59 14.25 15.85 17.53 17.77 17.46 16.62 15.76 16.28 15.68 14.13 14.79 15.22 14.22 14.47 16.03 16.87 17.01 18.39 20.58 20.48 19.64 20.11 19.45 19.46 20.11 20.82 22.13 23.51 23.28 22.42 21.87 21.81 20.73 18.67 17.75 17.04 17.71 16.10 14.03 13.21 14.04 13.00 11.89 11.77 13.99 14.32 15.52 14.33 15.47 16.25 16.03 14.89 16.46 17.30 17.50 16.39 16.11 16.50 17.53 18.42 19.65 20.90 22.64 22.72 22.82 23.94 25.76 27.23 27.44 29.14 28.99 30.31 31.12 30.87 29.08 30.73 30.95 29.39 27.54 29.56 28.66 26.99 26.71 28.99 28.73 26.86 27.90 30.05 30.26 29.05 27.93 27.41 25.65 24.84 24.01 24.07 24.62 25.44 25.56 25.70 26.31 27.02 26.41 27.09 27.41 27.61 27.76 29.05 28.50 29.38 30.14 29.60 29.25 30.61 30.17 28.74 28.80 28.98 29.71 28.32 27.89 26.83 27.31 26.23 26.29 27.22 27.74 27.98 27.90 28.16 29.68 29.38 27.75 29.05 30.03 28.43 27.32 28.85 28.89 27.74 26.58 26.80 25.96 27.07 27.14 25.69 24.39 25.11 24.99 22.67 22.39 22.30 23.32 23.04 22.16 21.95 21.64 22.45 21.58 20.74 21.24 22.55 20.89 22.73 24.53 
24.57 22.79 20.67 18.53 16.94 16.78 15.34 13.84 12.04 11.78 11.12 9.40 8.13 7.01 7.64 6.61 0.00 6.61 8.00 8.10 8.51 11.92 13.37 15.13 16.94 18.49 19.41 20.01 20.34 19.12 17.49 18.41 18.21 16.27 16.16 17.56 16.37 16.14 17.83 19.01 19.05 19.99 22.15 22.40 21.59 21.49 20.80 20.41 21.36 21.91 23.94 24.76 24.84 23.95 23.84 23.39 21.99 20.43 19.59 18.91 19.53 18.37 16.26 14.65 15.92 15.31 13.76 12.33 15.08 16.33 16.38 16.01 17.25 17.65 16.64 16.37 18.55 19.78 19.86 19.13 18.45 19.39 20.23 21.36 22.96 24.17 25.20 25.42 25.40 27.03 28.71 29.80 30.09 31.83 31.85 33.26 33.72 33.60 31.65 33.34 33.25 31.65 29.74 31.86 30.66 29.12 28.48 30.98 30.52 28.83 29.74 32.05 32.00 30.94 30.24 29.54 27.64 26.75 26.48 26.57 26.82 27.61 28.18 28.24 29.01 29.14 28.69 29.18 29.76 29.75 29.95 31.24 30.94 31.67 32.75 32.34 31.58 33.07 32.87 31.39 31.25 31.57 32.50 31.17 30.77 29.64 30.00 28.74 28.86 29.66 30.30 30.59 30.06 30.17 31.70 31.30 29.45 30.46 31.85 29.92 29.39 30.83 31.33 29.76 28.92 28.81 28.57 29.23 29.17 27.86 27.11 27.37 26.94 24.67 24.78 24.01 24.92 24.83 24.09 23.52 22.70 24.24 22.80 22.30 22.50 22.93 21.53 23.69 25.39 
26.41 24.59 22.27 20.08 19.82 19.29 17.48 15.26 13.26 12.03 12.01 10.73 9.14 7.61 7.11 7.67 6.61 0.00 6.19 7.44 8.11 10.76 12.53 14.60 17.54 19.05 19.81 20.32 21.42 19.82 17.62 18.85 18.72 16.27 15.87 17.73 16.75 16.44 17.91 19.20 19.27 20.71 23.08 23.39 22.50 22.76 21.79 21.68 22.46 23.29 24.72 25.87 25.82 24.97 24.31 24.21 22.86 21.11 20.56 19.75 20.06 18.64 16.99 15.71 15.99 15.44 14.86 14.13 16.49 17.37 18.14 17.41 18.42 18.49 17.93 17.50 19.69 20.64 20.95 20.75 20.17 20.77 21.95 23.06 24.65 25.81 26.54 27.09 27.59 29.04 30.19 31.71 31.89 33.86 33.51 34.85 35.40 35.12 33.25 34.71 34.77 33.09 31.32 33.16 32.30 30.58 30.00 32.16 31.87 29.95 30.84 33.02 33.18 32.16 31.43 30.94 29.10 28.20 28.12 28.09 28.38 29.22 29.57 29.76 30.29 31.04 30.15 30.55 31.15 31.54 31.52 32.76 32.42 33.52 34.36 33.88 33.26 34.86 34.34 32.80 32.71 32.88 33.55 32.38 32.08 30.96 31.03 30.18 30.22 31.14 31.55 32.23 31.60 31.60 33.00 32.78 30.98 32.06 33.00 31.44 30.64 32.56 32.65 31.70 30.41 30.52 29.90 30.89 30.52 29.14 28.01 28.47 28.19 25.82 25.59 25.23 26.05 26.13 24.71 24.08 23.41 24.61 23.57 22.37 22.45 24.06 21.96 23.81 25.56 
27.05 25.36 23.39 21.31 20.86 20.38 18.66 16.55 15.08 14.01 13.64 11.57 11.24 10.22 9.01 6.75 8.00 6.19 0.12 5.96 7.22 9.00 10.15 13.10 15.81 17.43 18.33 19.04 19.48 17.90 15.76 16.93 16.71 14.78 13.93 15.30 14.71 14.65 16.42 17.17 17.65 19.53 22.04 21.80 21.31 21.76 21.40 20.78 21.64 22.30 24.10 24.89 24.80 23.54 22.87 22.87 21.10 19.65 18.43 17.61 17.24 16.14 14.49 13.14 13.77 13.32 14.07 14.83 16.62 17.38 18.35 17.71 18.42 19.59 19.16 18.26 20.06 20.41 20.80 20.66 19.87 20.17 21.12 22.21 23.83 24.90 25.75 26.76 27.27 28.14 29.38 30.77 31.19 32.57 32.40 33.65 34.20 33.94 32.10 33.62 33.52 31.83 30.12 31.95 30.79 28.95 28.61 30.91 30.38 28.51 29.33 31.85 32.16 30.98 30.08 29.60 28.24 27.26 26.99 26.90 27.26 28.29 28.77 28.54 29.26 30.08 29.72 29.97 30.59 30.86 31.20 32.07 31.73 32.96 33.62 33.00 32.53 33.97 33.41 31.88 31.65 31.67 32.33 31.05 30.82 29.58 30.04 29.00 29.10 29.74 30.40 30.86 30.78 30.94 32.38 31.97 30.55 31.63 32.76 30.88 30.39 31.60 31.86 30.85 29.93 29.46 28.86 29.92 30.05 28.08 26.57 27.37 27.53 24.68 24.40 23.77 24.73 24.21 22.83 22.30 21.20 22.98 21.45 20.65 21.72 22.30 20.56 22.59 25.44 
27.34 25.78 24.11 22.09 21.53 22.26 20.34 17.71 15.77 15.22 14.47 12.41 11.52 11.33 10.05 8.14 8.10 7.44 5.96 0.00 5.59 7.25 8.92 10.44 13.21 15.41 17.03 17.58 17.43 16.07 14.47 16.24 15.34 13.96 14.08 15.31 14.47 15.00 16.11 17.16 17.82 19.25 21.45 21.35 20.77 20.53 19.34 19.58 20.32 21.21 23.04 23.88 23.09 21.85 21.51 21.45 20.04 18.32 16.91 16.39 16.87 14.69 13.48 12.84 12.94 13.42 14.13 15.15 17.32 17.81 18.91 17.93 19.02 20.44 20.14 19.34 20.79 21.56 21.38 21.05 20.04 20.21 21.22 22.17 23.18 24.29 25.70 26.44 26.75 27.61 28.85 30.47 30.43 32.34 31.82 32.90 33.45 32.88 31.23 32.64 32.81 30.87 29.07 31.03 29.98 27.85 27.52 30.01 29.69 27.34 28.01 30.65 30.99 29.95 28.46 28.34 26.83 26.03 25.56 25.63 25.98 27.26 27.48 27.74 28.24 29.31 28.69 29.57 29.81 30.42 30.46 31.77 31.00 32.27 32.87 32.21 31.47 33.26 32.42 30.77 30.56 30.80 31.36 30.36 29.66 28.91 29.13 28.36 28.26 29.57 29.80 30.82 30.45 30.93 32.08 31.88 29.98 31.32 32.45 30.58 29.33 31.07 31.14 30.18 28.81 28.53 27.86 29.03 29.19 27.40 25.84 26.82 26.72 23.99 23.81 23.11 24.04 23.60 22.12 21.42 20.53 22.17 20.91 19.94 19.89 21.79 19.77 21.82 24.63 
27.29 25.55 23.75 21.98 21.28 21.29 19.69 16.82 14.68 14.80 14.02 11.16 10.97 11.33 10.68 9.09 8.51 8.11 7.22 5.59 0.00 5.76 6.56 8.41 10.38 12.92 14.39 14.94 15.51 14.21 12.05 14.19 13.65 12.81 11.80 14.22 13.11 13.65 14.91 16.42 16.30 17.48 19.78 19.96 18.87 17.90 17.01 16.73 17.28 17.74 19.78 20.57 19.84 18.86 18.68 18.58 16.97 15.60 13.94 13.45 14.03 12.31 11.46 10.04 11.51 11.98 12.82 12.94 15.72 17.00 17.45 16.65 17.99 18.91 18.66 17.88 20.43 21.05 21.11 20.26 19.26 19.14 19.97 20.84 22.18 23.10 24.05 24.54 24.83 25.93 27.11 28.37 28.88 30.47 30.31 31.48 32.18 31.58 29.72 31.41 31.55 29.24 27.42 29.57 28.39 26.27 25.88 28.41 27.83 25.84 26.55 28.89 29.26 28.08 27.33 26.58 24.96 24.25 24.08 23.64 24.15 24.93 25.40 25.72 26.41 27.00 26.68 27.62 28.24 28.32 28.77 29.71 29.38 30.28 31.05 30.28 29.94 31.50 30.96 29.14 29.15 29.49 30.29 28.88 28.78 27.66 28.02 26.91 27.18 28.03 28.52 28.87 28.89 28.83 30.54 29.92 28.35 29.21 30.60 28.41 27.80 29.17 29.82 28.34 27.09 26.91 26.72 27.54 27.27 25.49 24.44 25.12 24.62 21.79 21.41 20.71 21.44 21.00 19.66 19.28 18.36 20.03 18.87 18.60 19.01 19.69 18.41 21.20 24.00 
28.40 26.69 24.98 23.11 22.75 23.34 21.60 19.13 17.33 16.83 15.90 13.37 13.05 13.22 12.23 11.02 11.92 10.76 9.00 7.25 5.76 0.00 5.54 7.06 9.37 11.22 12.89 14.05 15.22 13.79 12.05 13.51 14.14 12.40 11.62 13.98 13.63 13.93 15.72 16.23 16.24 18.03 20.75 20.07 18.92 18.57 17.47 16.75 16.85 17.69 19.04 19.81 18.97 18.52 18.03 17.84 16.54 15.19 14.38 13.76 14.46 12.93 12.30 12.09 13.48 13.66 14.60 15.02 17.31 17.99 18.87 17.61 18.59 19.82 19.63 18.78 20.71 21.77 22.05 21.15 19.86 19.95 20.70 21.62 22.66 23.61 24.44 24.99 25.27 26.45 27.63 28.89 29.47 30.71 30.70 31.72 32.55 31.90 30.14 31.58 31.68 29.42 27.75 29.47 28.59 26.49 26.18 28.32 27.96 26.10 26.82 29.13 29.38 28.44 27.49 26.67 25.04 24.17 23.95 23.39 23.89 24.89 25.37 25.76 26.32 26.97 26.90 27.52 28.12 28.61 28.90 29.80 29.52 30.52 31.09 30.53 30.27 31.60 30.90 29.23 29.26 29.23 29.94 28.72 28.71 27.22 27.54 26.79 27.14 27.65 28.20 28.72 28.69 28.88 30.43 30.06 28.64 29.48 30.77 28.98 28.14 29.44 30.08 28.78 27.74 26.93 26.85 27.26 27.20 25.38 24.18 24.55 24.34 21.29 20.83 19.79 20.78 20.29 19.10 18.26 18.00 19.34 18.62 17.75 17.81 19.86 18.19 20.77 23.41 
28.56 26.94 25.10 22.97 22.78 23.18 22.38 19.22 17.63 17.91 17.11 13.90 14.34 14.42 13.55 11.98 13.37 12.53 10.15 8.92 6.56 5.54 0.00 5.78 7.19 8.91 10.60 12.35 13.23 12.51 10.66 12.92 12.99 12.67 12.61 14.89 13.62 14.60 16.20 17.33 17.13 18.89 21.04 20.25 18.95 18.28 17.47 15.92 15.87 15.98 17.93 18.08 17.30 16.74 16.55 16.01 15.09 13.72 11.99 12.06 13.23 11.25 11.89 12.10 13.45 13.74 15.03 15.54 17.86 18.86 19.38 17.87 19.03 20.63 20.36 19.21 21.28 22.03 22.02 20.89 19.66 19.62 20.22 20.81 22.04 22.81 23.78 24.28 24.39 25.59 26.65 28.01 28.42 29.95 29.88 30.75 31.31 30.84 29.00 30.35 30.47 28.55 26.69 28.57 27.71 25.69 25.24 27.40 27.13 25.19 26.02 28.38 28.74 27.56 26.73 25.87 24.28 23.12 22.94 22.28 22.52 23.75 24.38 24.34 24.89 25.93 25.99 26.42 26.97 27.43 28.15 28.72 28.50 29.49 30.24 29.42 29.28 30.37 29.91 28.23 28.02 27.79 28.62 27.26 27.15 25.67 26.34 25.41 25.56 25.97 26.61 26.85 27.05 27.33 29.20 28.51 27.31 28.27 29.69 27.76 27.25 28.37 28.74 27.83 26.90 25.92 25.15 26.10 26.14 23.71 22.10 22.95 22.91 19.65 18.69 18.16 19.09 18.74 17.54 16.53 16.74 18.69 16.64 16.88 17.07 18.88 17.30 19.83 23.34 
28.04 26.30 24.74 22.77 22.08 22.78 21.95 18.60 17.37 17.44 17.39 14.48 14.40 15.39 14.38 12.59 15.13 14.60 13.10 10.44 8.41 7.06 5.78 0.00 5.55 6.88 8.30 9.50 11.35 10.01 9.19 11.56 11.82 11.25 12.33 14.46 14.07 14.02 16.31 17.11 17.78 18.32 19.94 19.91 18.52 17.49 16.02 15.11 15.04 15.08 16.51 16.96 15.78 14.71 14.42 14.69 13.82 11.72 9.69 11.19 12.01 10.15 10.68 12.19 13.46 13.55 14.70 15.79 18.27 18.82 19.41 18.14 19.59 21.20 20.75 19.54 21.68 22.52 21.68 20.90 19.56 19.43 19.93 20.22 21.11 22.20 23.28 23.94 23.93 24.85 26.15 27.17 27.59 29.04 29.07 29.57 30.11 29.74 28.05 29.29 29.44 27.40 25.58 27.55 26.50 24.53 24.02 26.24 25.91 23.87 24.47 26.97 27.27 26.08 24.94 24.42 22.92 21.81 21.32 21.13 21.39 22.49 23.22 23.30 23.82 24.76 24.74 25.21 25.79 26.07 26.87 27.66 27.23 28.27 28.98 28.16 27.68 29.17 28.53 26.74 26.28 26.49 27.08 25.88 25.55 24.42 24.98 24.04 24.22 24.82 25.52 25.73 25.94 26.19 28.11 27.26 26.13 27.17 28.49 26.33 25.75 27.09 27.33 25.95 25.28 24.26 23.30 23.96 24.32 22.02 20.07 21.14 21.13 17.15 16.94 16.31 17.36 17.11 15.48 15.29 14.91 16.74 14.97 15.56 14.75 17.61 16.02 19.13 22.01 
27.69 26.16 24.82 22.85 22.36 22.91 22.09 18.89 18.39 18.31 17.96 14.62 15.38 16.48 15.29 14.25 16.94 17.54 15.81 13.21 10.38 9.37 7.19 5.55 0.24 5.66 6.98 8.04 9.61 9.69 8.97 11.32 11.21 11.25 11.75 14.45 13.65 14.64 16.59 17.86 18.27 19.44 21.28 20.93 19.42 17.99 16.68 15.50 15.41 14.73 15.79 16.47 15.62 14.38 14.20 14.45 13.91 12.46 11.30 11.81 13.83 12.40 12.37 13.20 15.53 15.39 16.12 16.87 19.58 20.47 20.41 18.97 20.15 21.76 20.99 20.06 22.50 23.22 22.64 21.67 20.56 20.39 20.50 21.08 22.31 22.99 23.74 24.30 24.57 25.48 26.21 27.11 27.66 29.18 28.99 29.60 29.99 29.67 27.82 29.20 29.15 27.01 25.44 27.31 25.98 24.04 23.76 25.88 25.20 23.36 24.11 26.37 26.71 25.73 24.65 23.86 22.62 21.22 20.54 20.38 21.08 21.91 22.22 22.70 23.41 24.04 23.75 24.65 24.89 25.32 26.11 26.91 26.56 27.63 28.40 27.57 27.32 28.51 27.95 26.12 26.06 26.17 26.79 25.45 25.54 24.23 24.63 23.70 24.14 24.66 25.16 25.36 25.71 25.93 27.66 26.88 25.79 26.57 27.99 25.63 25.13 26.42 26.85 25.28 24.38 23.52 22.71 23.22 23.37 20.94 19.18 20.41 20.26 16.30 15.73 15.15 16.51 15.51 14.55 13.75 13.82 15.72 14.25 14.73 14.03 16.30 15.31 19.32 22.01 
27.61 26.26 25.08 23.53 22.87 23.85 22.82 19.86 19.22 19.67 18.97 16.22 17.04 18.58 17.15 15.85 18.49 19.05 17.43 15.41 12.92 11.22 8.91 6.88 5.66 0.62 5.55 7.46 8.42 8.33 9.04 10.93 11.34 10.90 12.47 14.54 14.22 14.71 17.66 18.07 18.72 19.84 21.84 21.05 19.79 19.09 17.22 15.57 14.83 14.71 15.79 16.58 15.51 14.97 14.73 14.94 14.35 12.94 12.05 12.74 14.71 13.46 13.82 14.55 17.27 17.25 17.47 17.89 21.15 21.80 21.72 20.29 21.27 22.86 22.20 21.30 23.44 24.61 23.57 22.88 21.22 21.51 21.52 22.18 22.87 23.94 24.39 25.18 24.99 26.14 26.81 28.02 28.11 29.58 29.26 30.07 30.58 30.10 28.13 29.43 29.51 27.47 25.60 27.47 26.37 24.52 24.11 26.28 25.58 23.92 24.64 27.15 27.33 26.62 25.18 24.29 22.57 21.42 20.38 20.22 20.77 21.63 22.05 22.72 23.13 24.26 23.92 24.67 24.97 25.61 26.07 27.04 26.73 27.66 28.00 27.84 27.47 28.55 27.69 26.42 26.23 26.09 26.59 25.56 25.34 24.01 24.09 23.60 23.82 24.22 24.59 24.99 25.36 26.00 27.59 26.90 25.72 26.79 28.14 26.29 25.35 26.19 26.79 25.26 24.30 22.86 22.27 22.49 22.48 20.36 19.06 19.43 19.36 15.34 15.73 14.73 15.41 15.50 13.88 14.02 13.96 16.24 14.91 15.54 14.65 17.72 16.10 19.31 22.11 
27.94 26.37 25.37 23.31 23.34 23.83 23.49 20.54 20.60 20.78 20.76 17.71 18.55 19.21 18.55 17.53 19.41 19.81 18.33 17.03 14.39 12.89 10.60 8.30 6.98 5.55 1.47 6.12 7.79 6.96 7.91 10.53 10.96 10.96 13.13 15.04 14.41 14.30 17.20 18.56 19.31 20.29 22.13 21.40 20.58 19.40 18.00 16.27 15.36 15.39 16.83 17.40 16.80 16.18 15.93 16.41 15.71 14.21 12.78 13.87 15.60 14.08 14.81 15.69 18.09 18.19 18.93 19.49 22.59 23.48 23.41 21.66 22.98 24.40 23.68 22.47 24.93 25.59 24.91 23.59 21.96 21.99 22.35 22.33 23.33 24.26 25.15 25.29 25.39 26.37 27.49 28.27 28.51 29.86 29.57 30.36 30.82 30.36 28.23 29.66 29.73 27.58 25.50 27.54 26.72 24.54 23.92 26.17 25.72 23.76 24.77 26.95 27.14 26.39 25.64 24.32 22.57 21.51 21.25 20.80 20.89 22.04 23.21 23.56 23.83 24.65 24.68 25.59 26.01 26.26 26.74 27.66 27.61 28.21 28.47 28.24 28.28 29.06 28.29 27.05 26.97 26.47 27.04 25.83 25.87 24.27 24.76 23.93 23.99 24.28 25.04 25.28 25.56 26.10 27.96 27.11 25.68 26.87 28.43 26.55 25.60 26.37 26.59 25.74 24.57 22.78 21.63 22.61 22.23 20.06 18.31 19.35 18.82 15.09 15.40 14.44 15.51 15.12 14.41 14.24 14.80 16.53 14.78 15.41 14.57 17.26 16.66 19.78 22.35 
27.62 26.20 25.23 23.52 23.07 23.85 23.28 21.12 20.38 20.72 20.56 18.81 18.69 19.40 18.51 17.77 20.01 20.32 19.04 17.58 14.94 14.05 12.35 9.50 8.04 7.46 6.12 0.00 6.46 7.17 6.70 8.16 10.25 10.25 12.23 14.02 14.57 14.04 17.02 18.42 19.78 19.91 22.39 22.15 21.12 19.85 18.29 16.96 16.79 17.08 18.34 19.25 19.18 18.21 17.93 18.54 17.70 16.34 14.45 15.68 16.95 15.82 16.20 16.99 18.70 18.29 19.46 20.12 22.46 23.17 23.32 21.87 22.82 24.67 23.61 22.59 24.72 26.02 24.78 24.17 22.47 22.52 22.73 23.26 23.87 25.03 25.76 26.43 26.43 27.69 28.13 29.21 29.14 30.96 30.31 31.03 31.24 30.84 29.06 30.35 30.17 27.99 26.13 27.90 27.02 24.73 24.26 26.23 25.64 23.72 24.60 26.71 26.72 26.35 25.34 24.65 22.84 22.04 21.67 22.14 22.29 23.89 24.73 25.40 25.29 26.46 26.05 27.23 26.90 27.60 27.90 29.27 28.51 29.57 29.69 29.46 28.91 30.28 29.15 27.64 27.35 27.39 27.64 26.78 26.55 25.54 25.56 25.06 24.86 26.09 26.44 27.21 26.76 27.41 28.90 28.12 26.42 27.74 28.95 27.16 26.17 27.53 27.32 26.42 25.00 23.73 22.43 23.38 23.09 20.70 19.15 19.66 18.98 15.36 15.31 14.47 14.93 15.24 14.01 14.00 13.97 15.58 13.89 15.48 14.23 17.31 16.55 19.51 21.64 
27.92 27.03 26.51 24.32 23.91 24.75 24.71 21.95 21.69 21.44 21.13 18.68 19.82 19.99 18.78 17.46 20.34 21.42 19.48 17.43 15.51 15.22 13.23 11.35 9.61 8.42 7.79 6.46 0.37 5.95 7.32 7.57 8.81 9.42 11.22 13.02 13.92 14.57 16.71 18.38 19.80 20.95 22.86 22.46 21.70 20.47 18.90 17.14 17.86 17.77 18.95 20.21 20.60 19.69 19.06 19.34 18.64 17.90 16.41 16.66 18.03 17.57 17.33 17.92 19.72 19.55 19.97 20.56 22.64 22.99 23.52 21.66 22.70 24.23 23.51 22.45 25.34 25.98 25.35 24.53 23.61 23.54 23.63 24.14 25.36 25.89 26.59 27.12 27.61 28.53 29.01 29.56 29.79 31.46 30.94 31.51 31.68 31.44 29.65 30.86 30.61 28.68 26.91 28.63 27.36 25.65 25.26 27.12 25.96 24.58 25.47 27.26 27.32 26.85 25.84 25.06 23.58 22.78 21.87 22.27 23.51 24.71 25.32 25.70 26.20 27.14 26.79 27.41 27.46 27.87 28.85 29.44 28.94 29.90 30.65 29.95 29.38 30.50 29.92 28.20 27.91 27.95 28.24 26.88 27.39 25.98 25.96 25.28 25.67 26.44 26.95 27.46 27.73 27.82 29.29 28.58 27.02 28.21 29.31 27.47 26.49 27.75 27.69 26.52 25.38 24.09 22.65 23.74 23.83 20.79 18.83 19.16 19.15 14.24 15.35 13.95 15.26 15.94 15.52 15.66 15.64 17.58 16.52 15.79 15.05 17.87 17.41 21.08 22.43 
26.52 25.20 24.70 22.91 22.34 23.51 23.06 20.77 20.44 20.72 20.22 17.85 18.61 19.31 17.89 16.62 19.12 19.82 17.90 16.07 14.21 13.79 12.51 10.01 9.69 8.33 6.96 7.17 5.95 0.00 5.66 7.43 6.51 7.06 8.95 11.18 11.42 12.42 14.26 15.56 17.22 18.44 20.09 19.48 18.94 18.21 16.09 14.29 14.76 15.51 17.19 18.73 19.18 18.44 17.87 18.26 17.74 16.30 14.70 15.08 16.91 15.92 15.57 16.30 18.87 18.23 18.74 19.35 21.59 22.36 22.30 21.02 21.79 23.47 22.35 21.77 23.96 25.15 23.69 23.10 21.82 22.16 22.09 22.49 23.34 24.20 24.91 25.61 25.60 26.68 27.25 28.26 28.13 29.63 29.11 29.78 30.19 29.67 27.68 28.95 29.01 26.97 25.18 26.94 25.90 23.97 23.65 25.56 24.52 22.96 23.82 26.13 25.88 25.37 23.79 23.25 21.85 20.79 19.93 20.35 21.52 23.10 23.74 24.33 24.79 25.76 25.37 26.26 25.99 26.70 27.11 28.14 27.29 28.33 28.46 28.09 27.44 28.57 27.83 26.34 26.01 26.15 26.43 25.13 25.28 24.18 23.97 23.41 23.77 24.69 24.88 25.67 25.71 26.37 27.62 27.04 25.61 26.69 27.79 26.08 24.98 25.96 25.83 24.54 23.41 21.82 20.24 21.07 20.79 17.71 15.50 16.60 15.56 10.62 12.11 12.18 13.59 14.16 14.14 14.84 15.49 17.59 16.32 16.16 15.60 18.85 17.76 20.05 22.13 
25.87 23.96 23.32 21.03 21.56 21.87 21.78 19.37 19.21 19.48 19.27 17.00 17.79 18.02 16.76 15.76 17.49 17.62 15.76 14.47 12.05 12.05 10.66 9.19 8.97 9.04 7.91 6.70 7.32 5.66 0.00 5.73 6.97 6.00 7.21 9.29 9.85 10.33 12.10 13.71 14.58 16.05 17.79 18.11 17.19 16.39 15.03 13.70 13.92 14.43 16.05 18.21 18.30 17.71 16.99 17.44 16.36 14.71 13.74 14.23 15.92 14.19 13.97 15.31 17.43 16.55 17.28 18.27 20.82 21.33 21.53 19.46 20.76 22.51 21.52 20.49 22.95 23.76 22.59 21.55 20.69 20.75 20.77 21.03 21.79 22.50 23.15 23.50 23.47 24.65 25.39 26.53 26.50 27.94 27.43 28.32 28.53 28.09 25.96 27.23 27.24 25.29 23.30 25.16 24.30 22.25 21.67 23.38 22.75 20.93 21.75 23.65 23.82 22.96 21.66 21.19 19.72 19.15 18.79 19.21 19.88 21.47 22.87 23.63 23.73 24.50 24.43 25.26 25.21 25.61 25.96 26.93 26.55 27.27 27.22 26.83 26.45 27.47 26.60 25.09 24.96 24.80 25.14 23.60 23.50 22.46 22.78 22.09 22.09 22.66 23.57 24.06 23.97 24.65 26.31 25.88 24.33 25.56 26.80 25.01 23.99 24.88 24.66 23.47 22.35 20.63 19.08 19.73 19.59 16.60 14.74 14.96 15.34 11.08 11.90 11.93 14.40 14.30 13.59 14.15 15.56 17.24 16.03 15.16 15.29 18.15 17.70 19.53 21.51 
25.47 23.95 23.12 21.15 21.22 22.33 21.68 19.65 19.56 19.58 19.58 17.47 18.25 18.69 17.28 16.28 18.41 18.85 16.93 16.24 14.19 13.51 12.92 11.56 11.32 10.93 10.53 8.16 7.57 7.43 5.73 0.00 5.73 6.84 6.47 7.60 9.83 10.24 12.23 13.72 15.45 15.46 18.28 18.24 17.91 17.29 16.37 15.00 15.71 16.38 18.40 19.60 20.37 19.72 19.35 19.62 18.91 17.29 15.81 16.34 17.71 16.30 15.73 16.23 18.19 17.23 17.98 18.64 20.68 21.60 21.67 19.56 20.55 22.57 22.07 20.47 23.00 24.59 23.21 22.49 21.82 21.88 21.71 22.30 23.19 23.99 24.50 25.23 25.17 26.03 26.71 27.81 27.77 28.93 28.70 29.48 29.66 29.13 27.46 28.47 28.54 26.58 24.79 26.16 25.34 23.47 22.52 23.95 23.29 21.53 22.04 23.86 23.88 23.43 22.10 21.46 20.37 19.79 19.79 20.74 21.64 23.17 24.54 25.40 25.61 26.43 25.83 26.65 26.49 26.89 27.25 28.44 27.67 28.65 28.69 28.34 27.39 28.85 27.91 26.35 25.73 26.11 26.14 24.72 24.49 23.67 23.84 23.34 23.40 24.47 25.09 25.77 25.44 26.09 27.89 27.15 25.47 26.94 28.30 26.59 25.28 26.59 26.66 25.31 23.74 22.60 21.06 21.43 21.06 18.96 16.28 16.43 16.82 13.29 14.02 14.18 16.49 16.70 15.93 16.54 17.31 19.12 17.68 17.97 17.21 20.34 19.36 21.14 22.43 
25.26 24.07 23.75 21.33 21.47 22.36 22.49 20.02 19.96 20.21 19.76 17.65 18.57 19.28 17.46 15.68 18.21 18.72 16.71 15.34 13.65 14.14 12.99 11.82 11.21 11.34 10.96 10.25 8.81 6.51 6.97 5.73 0.35 5.42 6.78 6.33 7.63 8.95 11.13 12.00 13.68 14.62 16.65 16.73 16.42 16.31 15.71 14.23 15.60 16.32 17.90 19.50 20.29 19.61 19.05 19.35 19.38 17.66 16.05 16.16 17.91 16.61 14.73 15.52 17.75 17.03 17.09 17.89 19.82 20.61 21.18 18.92 20.09 22.20 21.56 20.20 22.84 23.96 22.89 22.09 21.67 21.61 21.54 21.87 23.10 23.58 24.19 24.79 25.17 26.01 26.53 27.40 27.46 28.90 28.61 29.24 29.27 28.86 27.04 27.89 27.78 26.24 24.39 25.71 24.82 23.03 22.34 23.82 23.16 21.16 22.31 23.86 23.71 22.89 22.15 21.39 20.10 19.41 19.53 20.25 21.48 23.04 24.44 24.74 25.48 26.09 25.90 26.33 26.24 26.78 27.35 28.04 27.38 28.31 28.87 28.05 27.07 28.38 27.99 26.15 25.67 25.92 26.04 24.68 24.60 23.53 23.31 22.95 23.44 24.12 24.67 25.45 25.29 26.19 27.69 27.31 25.50 27.03 28.47 26.74 25.17 26.78 26.81 25.43 23.72 22.50 20.99 21.47 21.37 18.39 15.83 16.27 17.08 12.80 14.27 14.45 17.19 17.64 17.83 18.37 18.99 20.81 19.99 19.10 19.32 20.83 20.66 22.63 23.64 
24.07 22.54 21.88 19.45 19.39 20.58 20.47 18.26 18.11 18.22 18.11 16.10 16.89 17.33 15.90 14.13 16.27 16.27 14.78 13.96 12.81 12.40 12.67 11.25 11.25 10.90 10.96 10.25 9.42 7.06 6.00 6.84 5.42 0.00 5.28 7.10 6.14 7.02 9.15 10.59 11.72 12.99 14.77 14.47 14.18 14.27 13.26 11.90 13.77 14.93 17.16 18.84 19.54 18.96 18.19 18.39 18.18 16.24 13.82 14.08 16.01 14.09 12.15 13.21 15.89 14.44 14.98 16.09 18.39 19.03 19.21 17.28 18.46 20.03 19.04 18.04 20.98 21.69 20.43 19.87 19.25 19.49 19.34 19.96 20.87 21.65 22.52 23.14 23.08 24.28 25.05 25.77 25.77 27.29 27.00 27.64 27.78 27.16 25.44 26.50 26.56 24.42 22.80 24.64 23.37 21.29 20.78 22.49 21.54 19.37 20.22 22.05 21.93 21.08 19.98 19.07 17.84 17.35 17.52 18.46 19.63 21.51 22.79 23.17 23.95 24.85 24.37 25.03 24.83 25.45 25.70 26.47 25.73 26.79 26.79 26.07 24.96 26.55 25.79 24.09 23.36 23.64 23.86 22.31 22.14 21.10 21.02 20.56 21.07 21.99 22.54 23.38 23.30 24.07 25.78 25.47 23.82 25.24 26.62 25.02 23.79 24.95 24.89 23.89 22.33 21.09 19.14 20.07 19.67 16.90 14.21 15.18 15.53 11.29 13.07 13.70 16.65 16.89 16.83 17.60 18.76 20.57 19.48 19.19 18.76 21.76 19.97 21.95 23.99 
25.58 23.30 22.20 19.74 20.50 20.75 20.64 18.39 18.49 18.52 18.21 16.43 17.07 17.34 15.82 14.79 16.16 15.87 13.93 14.08 11.80 11.62 12.61 12.33 11.75 12.47 13.13 12.23 11.22 8.95 7.21 6.47 6.78 5.28 0.22 5.81 6.81 6.11 7.23 9.26 10.08 11.28 13.33 13.88 13.57 13.53 13.63 13.15 14.54 15.89 18.42 19.84 20.49 19.54 19.44 19.37 18.91 17.11 15.47 15.03 16.30 14.49 13.17 13.60 15.27 14.22 14.77 16.10 18.24 18.76 18.66 16.83 17.69 19.65 18.24 17.33 20.28 21.12 19.83 19.30 18.77 18.76 18.84 19.26 20.09 21.08 22.04 22.30 22.29 23.44 24.54 25.24 25.25 26.70 26.56 27.30 27.21 26.63 24.93 26.22 25.87 23.71 22.05 23.76 22.43 20.58 20.02 21.57 20.87 18.85 19.56 21.08 21.35 20.47 19.14 18.47 17.87 17.41 17.36 18.07 19.34 21.26 23.05 23.39 24.20 24.67 24.59 25.13 25.24 25.35 25.82 26.36 26.04 26.64 26.52 25.67 24.84 25.90 25.27 23.41 22.87 22.95 23.27 21.61 21.34 20.59 20.88 20.09 20.36 21.48 22.50 23.28 23.22 23.96 25.57 25.32 23.81 25.15 26.45 24.92 23.85 24.95 24.73 23.63 22.45 21.11 19.12 19.83 19.72 17.35 14.78 15.28 16.24 12.88 14.05 14.59 17.74 18.03 17.90 18.54 19.37 20.88 20.73 19.94 19.78 21.18 21.08 22.36 23.85 
