4.34 7.53 9.65 10.49 11.38 12.70 14.85 15.00 16.44 17.70 19.12 19.62 20.38 22.42 22.84 22.06 23.22 24.31 23.90 23.93 26.19 25.70 25.12 25.38 26.85 26.55 25.98 27.43 28.80 28.70 29.46 30.02 30.39 30.72 30.63 30.03 30.90 31.80 29.99 30.43 30.30 31.14 30.85 32.38 33.48 32.95 32.65 32.94 32.93 32.81 32.56 33.80 34.32 33.68 34.78 34.92 34.89 33.49 32.40 31.45 30.49 30.32 30.55 30.75 31.80 32.31 32.60 32.47 33.06 32.88 33.29 34.36 36.07 33.81 33.61 34.18 33.00 31.90 34.15 34.10 32.98 33.74 35.90 35.33 33.86 35.44 36.53 35.62 34.29 32.89 32.38 30.69 29.53 29.05 29.43 29.37 30.39 31.43 32.73 33.24 32.70 33.26 34.12 32.71 31.23 32.71 33.00 31.37 31.80 33.45 33.84 32.83 34.04 33.40 34.35 33.40 32.02 31.66 31.74 31.10 31.05 31.05 32.43 32.10 31.47 31.52 30.48 30.40 31.00 30.89 30.20 31.12 30.99 30.55 30.14 30.44 29.39 29.54 29.20 29.13 28.74 28.84 28.55 28.32 28.38 28.37 29.67 31.31 31.76 30.09 29.68 29.33 28.69 28.42 29.26 29.25 29.65 29.83 30.78 30.55 30.77 30.24 30.52 31.13 31.96 31.35 30.00 29.91 30.69 29.61 29.66 30.23 31.68 29.07 30.28 32.46 
7.53 2.47 6.51 8.02 10.10 9.95 12.36 13.43 14.05 15.33 16.98 16.79 17.93 20.00 21.00 19.63 21.32 22.29 22.09 21.77 24.67 23.91 23.57 23.36 25.24 24.65 24.44 25.52 26.92 26.77 28.37 28.42 28.83 29.06 29.73 28.59 29.30 30.57 28.78 29.10 28.66 29.70 29.39 31.05 32.01 31.28 30.79 31.00 30.86 30.74 30.23 31.98 32.38 31.43 32.66 32.86 32.47 31.06 30.14 29.50 28.18 28.24 28.23 28.48 29.22 30.21 30.57 30.52 31.16 31.04 31.21 32.69 34.39 32.05 32.03 33.09 31.80 30.31 32.93 33.11 31.15 32.21 34.65 34.28 32.25 34.12 35.18 34.41 32.84 31.18 30.72 28.87 27.77 26.95 27.42 27.28 28.58 29.54 31.12 31.57 30.92 31.53 32.92 31.34 29.54 31.55 32.08 29.93 30.57 32.47 33.14 31.67 33.36 32.53 33.49 32.37 30.86 30.38 30.51 29.94 29.71 29.86 31.44 31.14 30.45 30.47 29.23 29.39 30.20 29.95 28.76 30.06 30.14 29.33 28.76 29.17 28.22 28.26 27.77 27.76 27.43 27.28 26.94 26.96 27.48 27.01 28.21 30.21 31.23 28.78 28.34 27.93 27.92 27.10 28.20 27.90 28.98 28.54 30.05 29.58 30.61 29.38 29.49 29.85 31.58 30.31 28.25 28.99 30.93 28.60 26.27 28.22 30.86 28.78 28.01 32.13 
9.65 6.51 2.93 6.05 10.46 9.27 10.86 11.82 13.44 13.97 15.79 15.78 16.24 18.56 19.65 18.91 20.41 21.71 21.57 21.38 24.31 23.82 23.45 23.15 24.69 24.53 24.70 25.50 26.36 26.27 28.34 27.89 27.99 28.50 29.74 28.11 28.73 30.03 28.81 28.57 27.96 29.03 29.16 30.42 31.46 30.52 30.38 30.19 30.19 29.54 29.28 30.68 31.43 30.40 32.10 32.16 32.12 30.37 29.93 28.65 27.46 27.38 27.87 27.97 29.06 29.82 30.73 30.27 31.05 30.90 31.60 32.75 34.78 32.28 32.70 33.41 32.26 30.74 33.57 33.49 31.93 32.57 35.09 34.34 32.60 34.10 35.63 34.59 33.29 31.28 31.11 28.79 27.53 26.70 27.32 27.05 28.39 29.21 31.02 31.17 30.60 31.30 33.15 31.38 29.70 31.48 32.53 30.18 30.86 32.43 33.55 31.85 33.90 32.50 34.15 32.53 31.28 30.31 31.12 29.93 30.04 29.86 31.93 31.37 30.93 30.71 30.04 29.82 30.87 30.39 29.36 30.40 30.70 29.56 29.05 29.28 28.80 28.59 28.25 28.11 28.17 27.77 27.43 27.26 28.31 27.42 28.54 30.56 32.19 29.42 28.88 28.25 28.34 27.46 28.61 28.19 29.36 29.01 30.63 30.00 31.22 29.70 29.95 30.41 32.33 31.03 29.27 30.26 32.70 30.95 28.43 30.10 32.90 31.20 30.31 32.08 
10.49 8.02 6.05 1.30 7.12 8.39 8.94 8.96 10.98 12.72 13.74 13.67 14.28 16.20 17.64 16.93 18.72 19.91 19.86 19.77 22.69 22.38 22.13 22.12 23.49 23.31 23.24 24.20 24.93 25.11 27.09 26.88 26.90 27.64 28.59 27.35 27.61 29.32 27.35 27.72 26.73 28.01 27.18 29.22 29.75 29.32 28.41 29.10 28.80 28.75 27.86 29.86 30.33 29.53 30.68 31.12 30.75 29.24 28.26 27.80 26.45 26.37 26.29 26.88 27.75 28.58 28.87 29.13 30.31 30.04 29.96 31.77 33.60 31.17 30.97 32.33 31.32 29.82 31.93 32.54 30.68 31.72 33.61 33.58 31.79 33.50 34.06 33.55 32.01 30.08 29.49 28.03 26.49 25.72 25.76 26.20 27.25 28.14 29.42 30.23 29.68 30.42 31.59 30.52 28.81 30.77 31.15 29.40 30.08 31.70 32.36 31.03 32.93 31.60 32.67 31.53 30.26 29.44 29.65 29.08 29.06 28.93 30.54 30.26 29.81 29.86 28.71 29.09 30.03 29.71 28.20 29.66 29.81 28.87 27.87 28.43 27.74 27.64 26.72 26.93 26.85 26.79 26.01 26.47 27.46 26.73 27.18 29.41 30.84 28.21 27.24 27.10 27.26 26.40 27.04 27.05 28.14 27.72 28.96 28.72 30.05 28.76 28.62 29.41 31.39 30.34 27.99 29.76 32.59 30.00 26.88 28.40 33.57 29.96 29.30 32.00 
11.38 10.10 10.46 7.12 2.56 6.39 8.92 8.13 8.78 11.50 13.62 13.36 13.68 16.55 17.11 16.19 17.65 19.22 18.80 18.63 21.81 21.34 20.62 20.96 22.81 22.61 21.79 23.52 24.57 24.77 26.02 26.47 26.81 27.55 27.83 26.85 27.79 29.29 26.78 27.38 27.16 27.99 27.11 29.13 30.48 29.18 28.48 28.90 29.22 28.60 27.82 29.62 30.47 29.30 30.57 30.63 30.32 28.56 27.63 26.60 26.12 25.41 25.45 25.42 26.10 26.86 27.15 27.49 29.34 28.71 28.63 30.18 32.17 29.34 29.48 30.86 30.44 28.27 31.00 30.97 28.97 30.02 32.64 32.35 30.48 32.18 33.12 31.86 30.02 28.11 28.01 25.94 25.02 23.93 24.37 24.15 25.08 26.04 27.75 28.75 28.35 29.15 30.68 29.09 27.38 29.52 30.28 28.27 28.94 31.07 31.65 30.01 31.44 30.20 31.73 30.39 29.08 28.07 28.54 27.60 27.65 27.43 29.61 29.21 28.77 28.73 27.72 27.76 28.89 28.61 27.41 28.69 28.71 27.78 26.95 27.12 25.92 25.95 25.52 25.30 25.04 25.15 24.71 24.68 25.34 24.78 25.90 27.91 28.82 26.18 25.90 25.51 25.57 24.66 25.66 25.66 26.39 26.33 27.32 27.39 28.67 27.57 27.24 27.90 29.44 29.31 27.16 28.18 29.98 29.81 29.13 31.34 30.45 28.31 29.77 34.24 
12.70 9.95 9.27 8.39 6.39 0.77 6.40 7.30 7.03 8.30 10.88 11.88 11.50 14.24 15.33 14.51 15.67 17.52 16.60 16.81 20.05 19.84 19.11 19.16 20.96 21.07 20.34 21.96 22.77 23.24 25.04 25.17 25.26 26.06 26.89 25.39 26.18 27.96 25.70 26.03 25.51 26.54 25.95 27.99 29.47 27.88 27.17 27.46 27.79 27.14 26.23 28.22 29.26 27.82 29.31 29.18 28.88 27.06 26.23 25.12 24.36 24.02 24.08 24.02 24.87 25.60 26.37 26.20 27.98 27.54 27.67 29.31 31.36 28.48 28.78 30.07 29.28 27.23 30.24 30.31 28.13 29.09 32.11 31.63 29.49 31.48 32.53 31.26 29.25 27.16 27.08 24.89 23.73 22.91 23.27 22.92 24.20 25.08 27.30 27.86 27.52 28.27 30.27 28.28 26.53 28.90 30.09 27.66 28.50 30.73 31.74 29.65 31.46 30.01 31.72 30.12 28.54 27.62 27.91 27.05 26.96 26.88 29.19 28.79 28.23 28.14 26.92 26.97 28.24 27.87 26.48 27.98 28.13 26.94 26.05 26.16 25.08 24.97 24.57 24.49 24.41 24.27 23.73 23.70 24.64 23.84 25.10 27.21 28.66 25.45 25.22 24.53 24.76 23.77 25.05 24.87 26.22 25.72 27.21 26.77 28.52 26.91 26.53 27.22 29.48 28.76 26.20 27.97 30.09 28.55 26.99 29.15 29.76 28.08 28.28 32.74 
14.85 12.36 10.86 8.94 8.92 6.40 2.48 6.54 7.87 7.81 9.23 11.01 11.76 13.58 14.55 14.44 15.84 17.70 16.95 17.35 20.71 20.48 20.07 19.88 21.60 21.81 21.47 22.72 23.20 23.72 25.93 25.61 25.44 26.39 27.54 25.59 26.14 28.18 26.47 26.52 25.87 27.15 26.93 28.79 30.00 28.71 28.20 28.29 28.46 27.67 26.67 28.58 29.37 28.12 29.67 29.54 29.19 27.40 26.84 25.53 24.96 24.62 25.08 24.91 25.59 26.62 27.47 27.46 28.95 28.82 29.23 30.71 32.59 29.83 30.42 31.67 30.77 28.78 31.97 31.92 29.57 30.58 33.35 32.88 30.69 32.61 33.81 32.50 30.44 28.36 28.52 26.05 24.93 23.94 24.57 24.26 24.94 26.23 28.49 29.36 28.66 29.72 31.76 29.96 27.83 30.43 31.68 29.35 29.96 32.29 33.33 31.42 33.07 31.70 33.69 32.05 30.39 29.37 30.07 28.81 28.74 28.60 31.18 30.66 30.04 29.85 28.86 28.78 29.98 29.49 28.22 29.58 29.81 28.38 27.57 27.67 26.58 26.45 26.07 25.95 26.00 25.63 25.16 25.00 26.01 25.25 26.48 28.60 30.02 26.93 26.90 26.00 26.17 25.20 26.72 26.40 27.49 27.32 28.86 28.65 30.23 28.62 28.17 28.83 31.05 29.84 27.15 28.92 31.69 30.82 28.10 30.86 30.81 29.67 28.90 32.98 
15.00 13.43 11.82 8.96 8.13 7.30 6.54 0.00 5.99 7.54 7.36 7.94 9.76 12.39 12.67 12.36 14.78 16.31 15.86 16.19 19.45 19.30 19.02 18.86 20.41 20.45 20.10 21.33 21.66 22.33 24.53 24.39 24.16 25.17 26.23 24.64 25.30 27.35 25.28 25.89 25.11 26.51 25.76 28.24 29.18 28.14 27.07 27.73 27.62 27.15 25.90 28.05 28.68 27.52 28.84 28.67 28.29 26.63 25.85 24.78 23.92 24.05 24.22 24.38 25.16 26.14 26.83 26.80 28.21 28.31 28.35 30.31 31.90 29.45 29.51 31.06 29.66 28.27 30.82 31.49 28.77 30.19 32.48 32.33 29.75 32.12 32.82 31.90 29.52 27.84 27.57 25.61 23.98 23.63 23.86 24.17 24.59 26.02 28.03 28.92 28.01 29.19 31.02 29.57 27.35 30.12 31.02 28.87 29.19 31.70 32.80 30.91 32.39 31.17 32.92 31.34 29.35 28.72 29.07 28.24 27.77 27.94 30.09 29.71 28.70 28.95 27.81 28.04 28.86 28.67 27.15 28.69 28.43 27.39 26.47 26.67 25.38 25.44 24.81 24.89 24.62 24.69 24.01 24.25 24.98 24.43 25.45 27.59 28.77 25.83 25.75 25.17 25.18 24.48 25.70 25.67 26.69 26.38 27.80 27.67 29.15 27.64 26.93 27.96 29.87 29.24 26.28 29.00 30.94 29.54 27.02 29.71 30.79 27.50 27.91 32.43 
16.44 14.05 13.44 10.98 8.78 7.03 7.87 5.99 0.00 6.27 7.74 6.80 7.19 10.91 11.80 11.42 12.98 14.81 14.65 14.49 17.82 17.62 17.70 17.43 19.27 19.16 18.57 19.94 20.84 20.96 23.33 23.10 23.56 24.09 25.11 23.67 25.08 26.51 24.42 25.05 24.97 25.90 25.09 27.44 28.75 27.51 26.64 27.09 27.13 26.64 25.17 27.49 28.16 27.06 28.15 27.96 27.29 25.88 24.96 24.39 24.00 24.15 24.00 24.39 25.07 25.84 26.48 26.37 28.12 28.16 27.82 29.55 31.28 28.35 28.53 30.06 29.40 27.53 29.99 30.10 27.69 28.90 31.19 31.09 29.12 31.12 31.51 30.55 28.71 26.83 26.88 25.02 24.04 23.54 23.59 23.78 24.42 25.50 27.49 28.50 27.87 28.70 30.34 28.91 27.03 29.46 30.22 28.20 28.49 31.06 31.85 30.12 31.63 30.32 32.02 30.51 28.74 27.96 28.17 27.29 27.09 27.07 29.20 28.64 27.73 27.93 26.81 27.02 27.95 27.87 26.35 27.77 27.48 26.51 25.53 25.88 24.49 24.74 24.12 24.11 23.92 23.97 23.26 23.60 24.28 23.91 24.74 26.82 27.82 24.94 25.01 24.57 24.65 24.08 25.06 25.04 25.85 25.55 26.87 26.56 28.11 26.60 25.99 26.61 28.83 27.71 25.22 26.21 29.02 27.48 26.18 29.62 30.32 26.86 27.30 31.30 
17.70 15.33 13.97 12.72 11.50 8.30 7.81 7.54 6.27 0.00 6.21 7.71 7.36 8.58 10.54 11.67 12.53 13.17 13.39 13.68 16.96 16.53 17.03 16.34 18.26 18.35 17.93 18.95 19.74 20.39 22.84 22.78 23.02 23.97 25.12 23.60 24.68 26.62 24.73 25.22 24.84 26.22 25.65 28.00 28.98 27.82 27.02 27.24 27.28 26.82 25.56 27.76 28.40 27.22 28.38 28.16 27.33 25.98 25.12 24.39 23.90 24.19 24.30 24.49 25.09 26.16 26.94 26.76 28.35 28.56 28.39 30.09 31.50 29.00 29.19 30.73 29.74 28.13 30.60 30.99 28.23 29.57 31.77 31.69 29.39 31.67 32.03 31.09 28.94 27.18 27.14 25.20 24.14 23.64 23.91 23.99 24.83 25.96 28.12 29.20 28.54 29.39 31.20 29.63 27.89 30.23 31.19 29.03 29.41 31.83 32.88 31.11 32.63 31.35 32.91 31.47 29.51 28.76 28.84 28.18 27.80 27.94 29.87 29.57 28.49 28.57 27.32 27.62 28.48 28.29 26.58 28.11 27.92 26.87 25.86 26.18 25.01 25.05 24.47 24.71 24.45 24.53 23.67 23.89 24.73 24.28 25.20 27.44 28.31 25.59 25.62 24.93 25.20 24.62 25.80 25.56 26.68 26.18 27.56 27.28 28.87 27.30 26.45 27.42 29.39 28.53 25.63 27.53 29.59 27.86 26.22 28.70 30.32 26.77 28.22 30.69 
19.12 16.98 15.79 13.74 13.62 10.88 9.23 7.36 7.74 6.21 0.85 6.11 8.03 7.64 10.30 10.74 12.40 13.38 13.96 13.94 16.73 16.53 16.64 16.66 18.37 18.74 18.39 19.64 20.23 20.85 23.57 23.33 23.52 24.54 25.98 24.08 25.03 27.22 25.71 25.92 25.40 27.02 26.78 28.93 29.90 28.77 28.31 28.32 28.13 27.67 26.50 28.58 28.90 27.84 29.19 28.80 27.96 26.52 25.76 24.84 24.33 24.76 24.86 25.10 25.76 26.96 27.92 27.56 29.04 29.28 29.19 30.78 32.16 29.78 30.17 31.75 30.73 29.09 31.60 31.77 28.94 30.29 32.47 32.40 30.15 32.30 32.77 31.82 29.62 27.78 27.82 25.83 24.82 24.47 24.61 24.96 25.76 26.96 29.08 30.17 29.46 30.52 32.20 30.80 28.94 31.34 32.13 30.15 30.59 33.03 33.87 32.34 34.01 32.57 34.33 32.81 30.98 30.07 30.26 29.41 29.15 29.12 31.20 30.76 29.81 29.68 28.33 28.57 29.44 29.15 27.43 28.94 28.88 27.78 26.57 27.10 25.91 26.12 25.52 25.72 25.61 25.47 24.66 25.04 25.73 25.47 26.44 28.58 29.62 26.76 26.84 26.11 26.18 25.64 26.97 26.76 27.75 27.50 28.83 28.54 30.09 28.36 27.66 28.44 30.67 29.31 26.53 28.03 30.55 28.76 26.89 30.41 31.07 28.53 28.97 31.38 
19.62 16.79 15.78 13.67 13.36 11.88 11.01 7.94 6.80 7.71 6.11 0.00 6.05 8.61 8.43 8.96 10.83 13.04 13.30 13.64 15.82 15.76 16.04 16.00 17.72 17.90 17.47 19.01 19.31 19.86 22.33 22.34 22.25 23.34 24.63 23.20 24.13 26.41 24.79 25.45 24.88 26.65 26.25 28.60 29.37 28.50 27.66 27.76 27.41 26.82 25.73 27.71 28.12 26.87 28.05 27.80 27.06 25.46 24.76 23.79 23.46 23.60 23.80 24.09 24.89 25.90 26.84 26.70 28.37 28.40 28.34 29.93 31.54 28.83 29.31 30.70 30.09 28.01 30.72 30.83 28.49 29.29 31.69 31.43 29.48 31.21 31.82 30.77 28.79 26.73 26.77 24.89 24.08 23.57 23.82 24.09 24.93 26.20 28.30 29.45 28.83 29.77 31.66 29.95 28.35 30.40 31.46 29.22 29.89 32.06 33.29 31.37 33.07 31.54 33.40 31.77 30.18 29.18 29.48 28.54 28.40 28.12 30.22 29.82 28.98 28.74 27.61 27.68 28.66 28.09 26.58 27.96 27.98 26.82 25.93 26.11 25.07 25.22 24.66 24.97 24.70 24.81 23.92 24.16 24.83 24.48 25.54 27.80 28.55 25.85 26.06 25.41 25.60 24.99 26.16 25.99 27.03 26.60 27.86 27.73 29.28 27.52 26.61 27.76 30.13 29.01 25.88 27.73 29.99 28.21 25.94 29.01 30.75 28.58 28.20 30.56 
20.38 17.93 16.24 14.28 13.68 11.50 11.76 9.76 7.19 7.36 8.03 6.05 0.00 6.72 8.58 8.48 9.13 10.84 12.26 13.04 15.36 14.74 15.53 15.43 17.33 17.58 17.28 18.81 19.71 20.22 22.63 22.34 22.30 23.19 24.32 22.98 24.23 26.25 24.52 25.34 25.10 26.66 26.09 28.48 29.38 28.53 27.67 27.93 27.41 26.82 25.29 27.28 27.79 26.60 27.49 27.29 26.77 25.20 24.21 23.41 23.05 23.37 23.20 23.64 24.22 25.45 25.94 26.37 28.14 28.24 27.88 29.80 31.50 28.80 28.95 30.73 30.07 28.09 30.23 30.53 28.25 29.17 31.22 31.19 29.17 31.01 31.26 30.35 28.57 26.60 26.50 24.92 24.00 23.61 23.45 23.96 24.51 26.02 27.90 29.28 28.58 29.83 31.28 29.93 27.88 30.28 30.91 29.10 29.31 31.95 32.60 31.07 32.45 31.32 32.95 31.65 29.91 29.15 29.16 28.33 27.97 27.97 29.87 29.61 28.66 28.79 27.35 27.63 28.28 28.13 26.41 28.00 27.72 26.96 25.81 26.23 24.82 25.14 24.62 24.77 24.47 24.65 23.91 24.28 24.74 24.43 25.26 27.53 28.41 25.92 25.94 25.46 25.50 24.97 25.86 25.88 26.45 26.47 27.53 27.50 28.85 27.22 26.42 27.60 29.96 28.95 26.08 27.68 30.33 28.45 26.52 30.39 31.26 29.24 28.33 32.21 
22.42 20.00 18.56 16.20 16.55 14.24 13.58 12.39 10.91 8.58 7.64 8.61 6.72 0.00 6.35 8.54 7.81 9.11 9.35 11.71 13.65 13.79 13.71 14.61 16.30 17.38 17.26 19.06 19.65 20.55 23.07 23.04 22.98 24.14 25.43 24.08 25.33 27.78 26.35 26.98 26.82 28.70 28.52 30.51 31.32 30.39 29.83 29.52 29.04 28.52 27.49 29.05 29.49 28.24 29.41 28.87 28.31 26.75 25.99 24.78 24.49 24.72 24.89 25.07 25.96 26.98 27.95 28.05 29.98 29.93 29.96 31.54 33.42 30.60 30.97 32.32 31.85 29.74 32.25 32.29 30.10 30.97 33.35 32.76 30.81 32.69 33.15 31.88 30.07 28.06 28.06 26.10 25.48 24.92 25.21 25.41 26.29 27.68 30.12 31.04 30.73 31.62 33.48 31.76 30.14 32.21 33.26 31.00 31.71 33.81 34.93 33.02 34.88 33.31 35.16 33.51 31.98 30.90 31.19 30.11 29.98 29.65 31.83 31.28 30.60 30.22 29.08 29.04 30.00 29.36 27.82 29.29 29.48 28.34 27.48 27.59 26.65 26.52 26.12 26.34 26.22 26.22 25.46 25.64 26.42 25.90 26.81 29.16 30.30 27.58 27.59 27.06 27.50 26.62 27.61 27.48 28.70 28.12 29.38 29.23 30.88 29.01 27.90 29.32 32.01 30.69 27.59 29.66 32.33 30.46 27.96 31.23 33.55 30.84 30.07 32.25 
22.84 21.00 19.65 17.64 17.11 15.33 14.55 12.67 11.80 10.54 10.30 8.43 8.58 6.35 1.03 6.86 8.13 8.19 9.72 10.48 12.99 13.04 12.79 13.22 15.99 16.29 16.44 18.42 19.28 20.00 22.59 22.55 22.65 23.71 25.06 23.77 25.09 27.62 26.32 26.95 26.62 28.63 28.58 30.64 31.23 30.65 29.98 29.75 28.80 28.61 27.56 29.18 29.24 28.35 29.63 29.18 28.35 26.93 26.29 25.03 24.35 24.92 25.03 25.33 25.84 27.16 28.00 28.25 29.73 30.08 29.94 31.68 33.23 30.85 30.98 32.68 31.70 30.12 32.31 32.54 29.78 31.12 33.06 32.84 30.34 32.53 32.99 31.90 29.64 27.86 27.76 25.99 25.05 24.94 24.98 25.48 25.82 27.65 29.74 31.08 30.53 31.81 33.27 31.86 30.00 32.44 33.09 31.26 31.78 34.24 34.89 33.43 34.99 33.77 35.46 34.02 32.25 31.38 31.53 30.57 30.19 29.94 31.93 31.52 30.52 30.24 28.77 28.96 29.71 29.22 27.43 29.03 29.10 28.19 27.02 27.48 26.39 26.53 26.13 26.36 26.35 26.24 25.44 25.79 26.43 26.02 26.82 29.31 30.54 27.77 27.53 27.10 27.67 26.70 27.36 27.45 28.64 28.30 29.03 29.03 30.76 28.85 27.56 28.90 31.66 30.35 27.20 29.14 31.89 30.07 28.05 31.24 32.28 30.90 30.43 31.96 
22.06 19.63 18.91 16.93 16.19 14.51 14.44 12.36 11.42 11.67 10.74 8.96 8.48 8.54 6.86 0.00 6.79 8.97 7.92 9.14 11.05 11.89 11.89 12.43 13.40 14.41 14.21 16.46 17.21 17.93 20.56 20.64 20.68 21.46 22.75 21.50 22.61 25.07 23.94 24.62 24.36 26.20 26.31 28.18 28.88 27.99 27.46 26.86 26.18 25.62 24.78 26.41 26.60 25.48 26.73 26.42 25.64 24.19 23.51 22.38 21.89 22.26 22.42 22.84 23.64 24.67 25.56 25.77 27.66 27.73 27.69 29.55 31.40 28.73 28.85 30.41 29.69 27.77 30.03 30.40 27.85 28.89 30.86 30.69 28.33 30.37 30.65 29.73 27.62 25.69 25.42 23.64 23.02 22.70 22.81 23.11 23.84 25.55 27.77 28.87 28.37 29.51 31.30 29.75 28.00 30.30 31.12 29.04 29.68 31.98 32.91 31.16 32.87 31.65 33.16 31.66 29.98 29.13 29.30 28.38 28.06 27.94 29.74 29.33 28.35 28.04 26.66 26.74 27.45 27.05 25.38 26.82 26.97 25.92 25.22 25.33 24.43 24.45 24.20 24.29 24.31 24.07 23.49 23.60 24.39 23.81 24.92 27.24 28.24 25.41 25.39 24.80 25.24 24.37 25.19 25.01 26.21 25.79 26.93 26.88 28.53 26.73 25.52 26.84 29.67 28.39 25.38 27.31 30.13 28.23 25.86 29.18 31.47 29.37 29.00 30.76 
23.22 21.32 20.41 18.72 17.65 15.67 15.84 14.78 12.98 12.53 12.40 10.83 9.13 7.81 8.13 6.79 0.00 6.89 7.88 7.74 10.11 10.62 11.96 12.68 14.10 14.23 15.23 16.90 18.09 19.04 22.01 22.17 22.19 22.96 24.08 22.68 23.78 26.03 24.73 25.37 25.14 26.83 26.80 28.65 29.39 28.66 27.77 27.44 26.61 26.21 24.81 26.54 26.98 25.88 26.91 26.77 26.30 24.77 23.76 22.70 22.33 22.87 22.69 23.34 24.46 25.28 26.17 26.45 28.28 28.52 28.06 30.31 32.32 29.64 29.38 31.24 30.56 28.52 30.36 30.79 28.53 29.31 31.18 31.11 29.31 31.03 31.11 30.26 28.66 26.45 26.21 24.46 24.07 23.77 23.39 23.77 24.57 26.33 28.64 29.70 29.39 30.35 32.01 30.54 28.73 31.01 31.86 29.84 30.28 32.90 33.53 31.90 33.52 32.49 34.10 32.58 30.90 30.16 30.33 29.27 29.09 28.85 30.82 30.37 29.43 29.09 27.65 27.64 28.46 28.15 26.52 27.99 28.05 27.32 26.50 26.76 25.71 25.92 25.72 25.70 25.72 25.39 24.85 24.89 25.51 25.10 26.18 28.29 29.21 26.62 26.67 25.83 25.99 25.29 26.34 26.03 26.83 26.72 27.93 27.86 29.60 27.86 26.89 27.92 30.70 29.57 26.95 28.54 31.37 29.41 27.94 31.25 32.79 30.51 30.73 34.64 
24.31 22.29 21.71 19.91 19.22 17.52 17.70 16.31 14.81 13.17 13.38 13.04 10.84 9.11 8.19 8.97 6.89 0.00 6.04 7.79 8.41 9.92 10.72 12.54 13.70 14.69 14.41 16.73 17.54 18.61 21.90 21.62 21.69 22.62 24.10 22.65 23.58 26.02 24.89 25.49 25.27 27.27 27.50 29.12 29.58 28.77 28.27 27.63 26.81 26.57 25.67 27.26 27.63 26.64 27.86 27.55 26.94 25.46 24.75 23.53 23.13 23.60 23.82 24.34 25.29 26.34 27.23 27.59 29.59 29.60 29.57 31.48 33.61 30.85 30.93 32.48 31.88 29.84 31.98 32.33 29.89 30.91 33.03 32.65 30.41 32.41 32.71 31.69 29.64 27.52 27.35 25.41 24.91 24.42 24.53 24.86 25.61 27.48 29.98 31.11 30.50 31.62 33.44 31.93 30.12 32.46 33.48 31.29 31.79 34.08 35.05 33.37 35.04 33.82 35.35 33.75 31.83 31.04 31.27 30.34 29.88 29.85 31.73 31.30 30.20 29.80 28.41 28.55 29.29 28.87 27.13 28.76 28.90 28.09 27.41 27.66 26.58 26.69 26.42 26.45 26.23 26.18 25.48 25.51 26.20 25.81 26.71 29.04 29.93 27.26 26.95 26.39 26.76 25.97 26.81 26.68 27.77 27.38 28.67 28.71 30.54 28.79 27.49 28.73 31.59 30.41 27.49 29.30 32.33 30.76 28.43 31.33 33.71 31.74 31.79 34.56 
23.90 22.09 21.57 19.86 18.80 16.60 16.95 15.86 14.65 13.39 13.96 13.30 12.26 9.35 9.72 7.92 7.88 6.04 0.00 5.47 7.49 7.80 9.44 10.41 12.76 12.89 13.57 14.09 16.14 16.37 19.50 19.21 19.24 20.40 22.07 20.57 21.64 23.96 23.12 23.65 23.25 25.28 25.79 27.18 27.50 26.92 26.73 25.79 24.74 24.65 24.27 25.69 25.87 25.02 26.73 26.45 25.54 24.29 23.92 22.62 21.96 22.65 22.96 23.45 24.29 25.43 26.50 26.73 28.51 28.80 28.64 30.52 32.35 29.92 29.99 31.67 30.80 29.02 31.11 31.34 28.62 29.88 32.01 31.63 29.17 31.22 31.76 30.61 28.21 26.33 26.24 24.41 23.47 23.33 23.24 23.71 24.31 26.15 28.51 29.75 29.25 30.58 32.29 30.77 28.96 31.47 32.29 30.43 30.92 33.39 34.11 32.63 34.27 32.91 34.60 32.87 31.08 30.17 30.58 29.36 28.91 28.53 30.71 30.05 28.95 28.55 27.10 27.24 27.96 27.53 25.84 27.35 27.55 26.77 25.99 26.30 25.34 25.49 25.38 25.27 25.19 24.90 24.32 24.45 25.09 24.54 25.26 27.68 28.87 25.91 25.36 25.00 25.84 24.66 25.14 25.30 26.54 26.22 27.09 27.23 29.09 27.37 26.05 27.32 30.28 29.13 26.26 27.81 30.54 29.30 27.66 30.97 31.98 31.24 31.65 33.08 
23.93 21.77 21.38 19.77 18.63 16.81 17.35 16.19 14.49 13.68 13.94 13.64 13.04 11.71 10.48 9.14 7.74 7.79 5.47 0.00 5.86 7.73 7.84 9.63 10.76 12.16 12.62 14.41 14.29 15.75 18.46 18.68 19.03 19.71 20.93 19.89 20.68 23.15 21.81 22.45 22.08 23.92 24.18 26.04 26.15 25.62 24.98 23.99 23.17 22.91 22.55 24.15 24.41 23.37 25.02 24.99 24.15 22.64 22.29 21.10 20.76 21.30 21.53 22.40 23.42 24.55 25.48 25.92 27.65 27.96 27.59 29.50 31.70 28.90 29.09 30.57 30.26 28.00 30.40 30.44 28.35 29.00 31.32 30.72 28.90 30.39 30.80 29.58 27.69 25.42 25.17 23.28 22.76 22.33 22.29 22.51 23.54 25.48 27.66 28.87 28.34 29.51 31.39 29.63 27.95 30.22 31.26 29.15 29.83 32.12 33.09 31.38 33.09 31.76 33.26 31.72 29.97 29.13 29.37 28.32 27.88 27.61 29.50 29.14 28.03 27.60 26.22 26.34 27.12 26.63 24.99 26.50 26.69 25.89 25.47 25.79 24.69 24.88 24.55 24.77 24.47 24.19 23.49 23.61 24.21 23.61 24.49 27.15 27.90 24.88 24.17 23.70 24.23 23.28 23.88 23.82 25.07 24.89 25.99 26.28 28.07 26.36 25.13 26.42 29.61 28.26 25.35 27.04 30.24 28.46 26.25 29.52 31.96 30.54 30.37 32.64 
26.19 24.67 24.31 22.69 21.81 20.05 20.71 19.45 17.82 16.96 16.73 15.82 15.36 13.65 12.99 11.05 10.11 8.41 7.49 5.86 0.00 5.91 7.75 8.95 10.43 11.93 13.99 14.99 16.36 16.47 20.61 20.77 21.77 22.15 23.64 22.10 23.53 25.13 23.73 24.33 24.01 25.66 25.73 27.33 28.68 27.46 26.62 25.80 25.20 24.65 23.82 25.24 25.69 24.82 26.34 26.44 25.88 24.34 23.70 22.72 22.57 23.16 23.30 24.33 25.62 26.73 27.54 27.81 29.86 29.84 29.44 31.63 33.98 31.23 31.11 33.00 32.37 30.33 32.28 32.79 30.54 31.28 33.11 33.08 31.32 32.66 32.60 31.72 30.21 27.69 27.18 25.39 24.91 24.36 24.00 24.25 25.41 27.13 29.37 30.45 30.12 31.27 32.98 31.42 29.63 31.90 32.83 30.99 31.38 33.90 34.54 32.92 34.66 33.34 34.91 33.47 32.04 31.00 31.09 29.98 29.87 29.39 31.27 30.90 30.24 29.70 28.10 28.25 29.17 28.65 26.93 28.60 28.96 28.27 27.84 28.13 27.24 27.17 27.19 27.05 27.02 26.42 25.99 25.83 26.30 25.66 27.04 29.02 29.89 26.79 26.56 25.63 25.69 24.89 25.83 25.66 26.60 26.55 27.86 28.03 30.19 28.26 27.29 28.55 31.25 30.22 27.80 29.09 31.58 29.83 28.91 32.64 33.04 31.37 32.40 36.36 
25.70 23.91 23.82 22.38 21.34 19.84 20.48 19.30 17.62 16.53 16.53 15.76 14.74 13.79 13.04 11.89 10.62 9.92 7.80 7.73 5.91 0.00 5.40 7.66 8.36 10.09 10.72 13.35 14.00 15.20 17.72 18.84 19.48 20.10 21.74 20.51 21.64 23.57 22.16 22.71 22.29 23.85 24.10 26.15 26.61 25.92 25.16 24.26 23.42 23.17 22.56 24.17 24.70 23.85 25.39 25.53 24.88 23.53 22.91 21.87 21.60 22.41 22.69 23.58 24.64 26.01 26.67 27.25 29.15 29.26 28.90 30.91 33.32 30.48 30.55 32.14 31.70 29.62 31.84 32.05 30.01 30.74 32.86 32.38 30.57 32.10 32.20 31.17 29.32 26.99 26.49 24.59 24.05 23.47 23.47 23.65 24.54 26.42 28.93 30.08 29.62 30.48 32.39 30.67 29.05 31.25 32.30 30.33 31.02 33.16 34.00 32.38 34.01 32.58 33.87 32.46 30.85 29.94 29.83 28.91 28.56 28.38 30.04 29.78 29.07 28.36 26.76 26.98 27.80 27.10 25.44 27.25 27.80 26.98 26.67 26.89 26.06 25.94 25.87 25.80 25.87 25.44 24.88 24.62 25.26 24.59 25.58 27.85 28.58 25.52 25.00 24.27 24.58 23.69 24.51 24.52 25.76 25.67 26.90 27.23 29.10 27.51 26.23 27.56 30.58 29.23 26.61 28.06 30.91 29.47 27.92 30.96 32.78 31.88 32.14 34.55 
25.12 23.57 23.45 22.13 20.62 19.11 20.07 19.02 17.70 17.03 16.64 16.04 15.53 13.71 12.79 11.89 11.96 10.72 9.44 7.84 7.75 5.40 0.00 5.76 7.59 8.57 9.72 11.51 13.39 13.45 16.23 16.11 17.69 17.67 19.72 18.28 19.48 21.11 20.03 20.50 19.70 21.31 21.77 23.51 24.23 23.48 23.42 22.40 21.18 21.08 21.05 22.58 23.12 22.33 24.63 24.59 23.84 22.64 22.37 21.20 20.77 21.70 22.24 22.96 24.12 25.30 26.38 26.35 28.24 28.37 28.15 30.04 32.12 29.50 29.47 31.03 30.38 28.58 30.64 30.96 28.51 29.64 31.55 31.37 29.33 31.15 31.53 30.46 28.38 26.21 25.91 23.88 23.07 22.80 22.77 23.00 23.74 25.43 27.96 29.07 28.45 29.60 31.28 29.54 27.80 30.09 30.87 29.16 29.92 32.12 32.76 31.24 33.13 31.39 32.75 31.15 29.80 28.60 28.63 27.36 27.15 26.71 28.56 28.18 27.32 26.77 25.14 25.25 25.88 25.31 23.69 25.46 26.03 25.30 24.90 25.17 24.28 24.51 24.53 24.38 24.47 24.13 23.50 23.29 23.89 23.16 24.11 26.43 27.62 24.26 23.29 22.70 23.46 22.34 22.91 23.17 24.58 24.54 25.99 25.83 27.64 26.14 25.11 26.32 29.15 28.09 25.63 26.86 29.29 28.04 27.01 30.20 31.01 30.52 31.45 32.98 
25.38 23.36 23.15 22.12 20.96 19.16 19.88 18.86 17.43 16.34 16.66 16.00 15.43 14.61 13.22 12.43 12.68 12.54 10.41 9.63 8.95 7.66 5.76 0.00 6.14 7.85 8.00 10.13 11.25 12.48 14.55 15.46 15.70 16.35 17.79 17.25 18.33 20.15 18.78 19.16 18.76 20.18 20.50 22.35 23.57 22.47 22.18 20.73 19.86 19.64 19.43 21.20 21.93 21.02 22.85 23.05 22.71 21.33 20.74 19.87 19.81 20.66 20.87 21.91 23.03 24.39 25.13 25.85 27.42 27.69 27.23 29.39 31.59 28.74 28.61 30.27 29.87 27.79 29.96 30.26 28.29 28.99 30.91 30.80 29.04 30.70 30.69 29.87 27.94 25.56 24.88 23.22 22.44 21.94 21.84 22.16 22.78 24.62 26.93 28.39 27.68 28.74 30.34 28.55 26.94 29.18 29.96 27.94 28.94 31.02 31.71 30.12 31.98 30.46 31.40 30.01 28.55 27.48 27.32 26.32 26.01 25.86 27.55 27.27 26.24 25.70 24.08 24.09 24.63 24.17 22.47 24.22 24.81 24.01 23.81 24.10 23.47 23.41 23.45 23.34 23.63 22.96 22.48 22.01 22.68 21.95 22.91 25.02 26.10 22.81 21.84 21.09 21.81 20.82 21.44 21.75 23.29 23.28 24.41 24.66 26.47 25.03 23.94 25.12 28.03 26.75 24.34 25.78 28.43 26.79 25.39 28.86 30.46 29.32 30.13 32.40 
26.85 25.24 24.69 23.49 22.81 20.96 21.60 20.41 19.27 18.26 18.37 17.72 17.33 16.30 15.99 13.40 14.10 13.70 12.76 10.76 10.43 8.36 7.59 6.14 0.00 6.23 7.87 9.21 10.70 12.04 15.13 15.49 16.36 15.95 18.16 17.47 18.88 20.59 19.05 19.93 19.90 21.18 21.25 23.46 25.06 23.95 23.04 21.98 20.91 20.75 19.86 21.54 22.33 21.51 23.24 23.32 23.22 21.70 20.94 20.25 20.54 21.31 21.61 22.70 24.14 25.19 26.16 26.43 28.53 28.56 27.95 30.35 32.64 29.77 29.46 31.42 30.91 28.99 30.72 31.46 29.23 30.05 31.68 32.01 30.57 31.88 31.29 30.87 29.48 26.63 25.78 24.20 23.79 23.12 22.57 22.92 23.76 25.30 27.69 29.02 28.70 29.41 30.82 29.38 27.76 29.84 30.55 28.87 29.73 31.80 32.16 30.66 32.66 31.09 32.07 30.71 29.48 28.19 27.83 26.80 26.76 26.40 28.13 27.83 26.90 26.36 24.44 24.60 25.19 24.73 22.98 24.86 25.35 24.78 24.42 25.02 24.32 24.43 24.25 24.46 24.52 23.79 23.11 22.69 23.34 22.48 23.48 25.65 26.41 23.23 22.59 21.57 22.10 21.26 21.96 22.43 23.69 23.75 24.79 25.09 26.98 25.56 24.46 25.56 28.22 27.15 24.98 26.08 28.47 26.80 26.49 29.87 30.72 28.99 30.48 34.26 
26.55 24.65 24.53 23.31 22.61 21.07 21.81 20.45 19.16 18.35 18.74 17.90 17.58 17.38 16.29 14.41 14.23 14.69 12.89 12.16 11.93 10.09 8.57 7.85 6.23 0.00 5.96 8.30 8.86 10.75 12.98 14.05 14.40 14.80 16.18 16.27 17.21 19.42 18.24 18.71 18.40 19.95 19.98 22.39 23.68 22.58 21.93 20.44 19.05 18.96 18.23 20.32 20.93 20.16 22.07 22.30 21.86 20.54 19.99 19.49 19.51 20.56 20.81 21.95 23.22 24.61 25.31 26.07 27.95 28.00 27.40 29.50 31.78 29.03 28.80 30.53 30.03 28.21 30.21 30.66 28.64 29.64 31.47 31.41 29.82 31.44 31.20 30.42 28.55 26.19 25.31 23.62 22.91 22.38 22.25 22.53 23.40 25.08 27.47 29.00 28.51 29.20 30.46 28.92 27.52 29.46 30.09 28.33 29.17 31.17 31.68 30.26 32.08 30.48 31.15 29.79 28.36 27.29 26.79 25.87 25.88 25.74 27.26 26.97 26.24 25.33 23.50 23.70 24.39 23.50 21.65 23.57 24.46 23.59 23.32 23.86 23.56 23.46 23.35 23.44 23.67 22.91 22.03 21.64 22.11 21.52 22.29 24.42 25.12 21.96 20.73 20.01 20.56 19.78 20.55 21.22 22.69 22.92 24.23 24.52 26.22 24.86 23.96 24.88 27.54 26.26 24.29 25.47 27.80 26.12 25.89 28.44 29.62 28.44 30.57 33.23 
25.98 24.44 24.70 23.24 21.79 20.34 21.47 20.10 18.57 17.93 18.39 17.47 17.28 17.26 16.44 14.21 15.23 14.41 13.57 12.62 13.99 10.72 9.72 8.00 7.87 5.96 0.00 6.25 7.83 8.80 11.38 11.88 13.23 13.24 14.69 13.48 15.34 17.73 16.72 16.67 16.00 17.97 18.61 20.42 21.60 20.69 20.36 18.69 17.08 16.97 16.62 18.13 19.03 18.23 20.88 20.88 20.28 19.31 18.96 18.31 18.58 19.65 20.14 20.68 21.76 23.25 24.09 24.61 26.58 26.74 26.19 28.15 30.24 27.66 27.62 29.21 28.50 26.82 28.97 29.48 26.92 28.23 30.11 30.36 28.37 30.20 30.22 29.43 27.32 25.13 24.45 22.54 21.48 21.54 21.51 21.84 22.27 24.06 26.48 27.93 27.24 28.23 29.52 28.17 26.68 28.49 28.87 27.22 28.08 30.12 30.43 29.22 31.20 29.33 29.89 28.66 27.36 26.08 25.34 24.56 24.75 24.37 25.88 25.59 24.75 23.91 21.89 22.14 22.70 21.83 19.93 22.08 23.04 22.20 21.69 22.46 22.24 22.31 22.22 22.32 22.31 21.66 21.11 20.24 20.70 19.78 20.81 22.75 23.54 20.07 19.10 18.22 19.07 17.92 18.74 19.45 20.93 21.50 23.06 23.07 24.58 23.53 22.89 23.90 26.31 25.43 23.54 24.36 26.47 25.20 25.16 28.17 28.73 27.99 30.03 32.00 
27.43 25.52 25.50 24.20 23.52 21.96 22.72 21.33 19.94 18.95 19.64 19.01 18.81 19.06 18.42 16.46 16.90 16.73 14.09 14.41 14.99 13.35 11.51 10.13 9.21 8.30 6.25 0.00 6.33 8.43 9.66 11.61 12.11 13.11 14.26 14.16 15.55 18.34 16.75 17.44 16.55 18.94 19.33 21.69 22.58 21.64 20.63 18.94 17.04 17.14 16.47 18.29 18.78 18.52 20.51 20.89 20.68 19.42 18.77 18.50 18.81 20.22 20.31 21.57 22.37 24.01 24.59 25.44 27.28 27.35 26.77 28.90 31.24 28.29 28.31 29.90 29.69 27.59 30.06 30.37 28.53 29.27 31.46 31.48 29.96 31.37 31.24 30.30 28.50 25.86 24.95 23.27 22.62 22.15 22.23 22.49 23.51 25.23 27.77 29.17 28.44 29.32 30.83 29.06 27.61 29.46 30.12 27.99 28.80 30.85 31.34 29.84 31.72 29.76 30.32 28.99 27.66 26.32 25.71 24.78 24.74 24.50 26.29 25.88 24.69 24.06 22.24 22.02 22.71 21.89 20.18 22.07 23.10 22.50 22.35 23.06 22.79 23.05 22.90 23.10 23.00 22.34 21.06 20.50 20.67 20.49 20.89 23.00 23.55 20.33 18.58 18.13 18.14 17.69 18.40 19.60 21.13 21.61 23.09 23.28 24.83 23.82 23.28 24.30 26.88 25.90 23.92 25.06 27.24 25.53 25.20 27.79 28.59 27.83 29.64 31.99 
28.80 26.92 26.36 24.93 24.57 22.77 23.20 21.66 20.84 19.74 20.23 19.31 19.71 19.65 19.28 17.21 18.09 17.54 16.14 14.29 16.36 14.00 13.39 11.25 10.70 8.86 7.83 6.33 0.00 6.14 8.34 10.01 11.73 11.95 13.30 14.14 15.38 16.91 16.72 17.30 17.01 19.07 19.93 22.32 24.00 22.00 21.02 18.97 17.68 17.00 16.74 17.91 18.94 17.88 19.94 20.42 20.56 18.92 18.06 18.45 19.39 20.28 20.55 21.76 22.85 24.06 24.78 25.27 27.35 27.15 26.57 28.87 31.33 28.24 28.04 30.21 30.01 28.09 29.96 30.90 28.87 29.84 31.52 32.13 30.71 31.98 31.32 30.90 29.53 26.48 25.20 23.79 23.28 22.66 22.20 22.84 23.74 25.60 28.01 29.26 28.68 29.88 31.17 29.54 27.78 29.72 30.25 28.44 28.94 31.02 31.31 29.76 31.61 29.87 30.31 29.19 27.73 26.36 25.57 24.64 24.53 24.13 26.02 25.42 24.42 23.81 22.00 21.69 22.27 21.72 20.17 21.81 22.73 22.53 22.79 23.43 22.90 23.39 23.25 23.11 22.88 21.84 20.94 20.03 20.66 19.61 20.46 21.91 22.70 18.89 17.51 16.06 16.86 16.31 16.97 18.16 19.80 20.21 21.84 22.04 23.96 22.98 22.72 23.80 26.22 25.62 23.87 24.67 26.78 25.01 25.30 27.81 28.67 26.52 29.13 32.91 
28.70 26.77 26.27 25.11 24.77 23.24 23.72 22.33 20.96 20.39 20.85 19.86 20.22 20.55 20.00 17.93 19.04 18.61 16.37 15.75 16.47 15.20 13.45 12.48 12.04 10.75 8.80 8.43 6.14 0.00 6.50 8.71 9.51 10.54 12.22 13.05 14.40 16.38 15.62 16.26 16.44 18.61 19.50 22.24 23.50 22.12 20.61 18.73 16.55 16.46 15.41 17.55 17.57 17.30 18.79 19.74 19.42 18.58 17.77 17.82 18.42 19.80 19.94 21.01 21.72 23.26 23.77 24.39 26.43 26.31 25.58 27.72 30.07 27.22 27.06 28.93 28.79 26.93 29.22 29.64 27.99 28.94 31.07 31.09 29.73 31.23 31.10 30.04 28.29 25.86 24.82 23.17 22.36 22.13 22.04 22.35 23.37 25.26 27.79 29.26 28.65 29.57 30.91 29.25 27.70 29.51 30.16 28.15 28.78 30.81 31.23 29.64 31.42 29.62 30.09 28.60 27.19 25.94 25.17 24.16 24.09 23.90 25.52 24.97 23.86 23.23 21.30 21.10 21.65 20.79 19.26 21.28 22.35 22.11 22.20 23.00 22.49 22.91 22.48 22.74 22.37 21.53 20.25 19.25 19.40 19.16 19.60 20.96 21.16 18.23 15.81 15.07 15.21 15.00 15.77 17.09 19.14 19.73 21.62 22.26 24.19 23.17 22.95 24.03 26.41 25.43 23.68 24.71 26.74 24.65 25.23 27.36 27.94 26.91 29.35 32.12 
29.46 28.37 28.34 27.09 26.02 25.04 25.93 24.53 23.33 22.84 23.57 22.33 22.63 23.07 22.59 20.56 22.01 21.90 19.50 18.46 20.61 17.72 16.23 14.55 15.13 12.98 11.38 9.66 8.34 6.50 0.00 6.76 8.03 9.45 12.41 13.39 15.41 17.48 17.06 17.81 18.40 20.50 21.87 24.28 25.45 23.69 22.73 20.33 18.21 17.72 16.47 18.22 18.29 17.60 19.47 20.89 20.11 19.75 19.10 19.73 19.52 21.51 21.53 22.29 22.65 23.98 24.42 24.75 26.50 26.38 25.91 27.72 29.96 27.27 27.34 29.12 28.60 27.20 29.59 30.07 27.58 29.13 31.42 31.57 29.66 31.73 31.91 30.93 28.88 26.55 25.88 23.95 22.86 23.16 23.20 23.63 24.21 26.30 29.13 30.50 29.69 30.38 31.81 30.45 28.60 30.56 31.00 29.21 29.50 31.93 32.08 30.79 32.48 30.83 31.13 29.99 28.28 27.02 26.19 25.21 25.14 24.83 26.68 26.07 24.54 24.18 22.35 22.08 22.53 22.18 19.80 23.10 23.83 23.67 23.45 24.65 24.16 24.43 24.00 24.19 23.63 22.85 21.81 20.39 20.46 19.63 21.02 22.27 22.46 18.52 16.78 15.46 16.28 15.12 16.51 18.45 20.71 21.43 23.54 23.89 25.53 24.51 24.26 25.40 27.70 26.76 25.13 25.89 27.99 25.92 26.49 28.51 29.57 27.69 30.96 32.43 
30.02 28.42 27.89 26.88 26.47 25.17 25.61 24.39 23.10 22.78 23.33 22.34 22.34 23.04 22.55 20.64 22.17 21.62 19.21 18.68 20.77 18.84 16.11 15.46 15.49 14.05 11.88 11.61 10.01 8.71 6.76 0.00 6.24 9.14 10.27 12.15 13.83 16.92 16.42 17.66 17.80 20.34 22.18 24.85 26.42 24.38 22.52 20.28 18.00 17.24 15.66 17.76 17.23 16.50 18.36 19.36 18.97 17.92 17.14 18.05 18.09 20.16 19.66 21.19 21.67 23.03 23.32 23.86 25.91 25.67 24.98 26.86 29.43 26.38 26.48 28.12 28.13 26.42 29.08 29.44 27.60 28.69 31.20 31.23 29.69 31.59 31.47 30.48 28.74 26.08 24.95 23.47 22.71 22.64 22.43 23.02 24.02 26.16 28.59 30.32 29.33 30.32 31.45 29.62 27.88 29.99 30.46 28.23 28.80 31.28 31.64 30.04 31.91 30.30 30.64 29.04 27.47 26.00 25.11 23.83 23.63 23.32 25.24 24.63 22.88 22.89 20.26 20.57 20.88 20.16 18.16 21.54 22.22 22.52 22.81 24.23 23.02 23.47 22.97 23.13 22.44 21.56 20.11 18.96 18.85 17.97 18.76 20.29 20.51 15.85 13.21 12.88 13.16 12.22 14.33 17.05 19.73 20.34 22.36 23.28 25.16 24.46 23.99 25.24 27.20 26.34 24.57 25.52 27.60 25.28 25.71 27.50 28.05 26.79 29.74 31.76 
30.39 28.83 27.99 26.90 26.81 25.26 25.44 24.16 23.56 23.02 23.52 22.25 22.30 22.98 22.65 20.68 22.19 21.69 19.24 19.03 21.77 19.48 17.69 15.70 16.36 14.40 13.23 12.11 11.73 9.51 8.03 6.24 0.00 6.60 9.26 9.66 11.95 14.85 15.88 17.59 18.02 20.91 23.11 26.57 28.30 25.76 22.95 20.59 18.79 17.58 16.33 16.95 16.65 15.57 17.33 17.60 17.42 16.26 15.17 16.76 17.34 18.76 18.40 20.32 21.35 22.56 22.72 23.23 25.26 24.82 23.99 26.24 29.08 25.94 25.58 27.84 28.18 26.47 28.26 29.35 27.78 28.66 30.56 31.10 30.02 31.32 30.75 30.16 29.39 26.06 24.54 22.95 22.70 22.27 21.72 22.31 23.83 25.88 28.71 29.67 28.98 29.91 31.19 29.24 27.28 29.25 29.80 27.72 28.11 30.45 30.71 29.39 31.21 29.76 29.89 28.74 26.81 25.36 24.28 22.95 22.45 22.16 24.12 23.31 21.80 21.05 19.52 18.90 19.67 19.47 17.56 20.19 20.86 21.07 22.45 23.33 22.21 22.90 22.57 22.23 21.44 20.68 19.32 18.12 18.49 16.92 17.16 19.01 19.33 14.38 12.00 11.31 12.79 12.81 14.58 17.01 19.63 20.42 22.06 23.04 25.06 24.07 23.67 24.73 27.09 26.44 24.54 25.41 27.48 25.56 25.77 27.29 29.09 26.30 29.28 32.28 
30.72 29.06 28.50 27.64 27.55 26.06 26.39 25.17 24.09 23.97 24.54 23.34 23.19 24.14 23.71 21.46 22.96 22.62 20.40 19.71 22.15 20.10 17.67 16.35 15.95 14.80 13.24 13.11 11.95 10.54 9.45 9.14 6.60 0.00 7.08 9.09 9.78 12.12 13.51 16.03 17.41 20.66 22.74 26.34 28.38 25.58 23.19 20.69 18.29 16.68 14.13 14.80 14.46 13.64 14.70 15.84 15.81 14.81 13.81 15.09 15.77 17.13 16.87 19.05 20.40 21.80 21.95 22.46 24.52 24.06 23.18 25.26 27.97 24.91 24.66 26.59 26.94 25.30 27.32 28.13 26.84 27.71 29.94 30.06 28.97 30.58 30.08 29.17 28.03 25.31 24.15 22.41 21.90 21.95 21.80 22.12 23.57 25.65 28.44 29.38 28.54 29.40 30.95 28.78 27.05 28.68 29.46 27.22 27.56 29.61 30.22 28.77 30.54 28.79 29.38 27.91 25.95 24.60 23.62 22.27 21.87 21.50 23.23 22.44 20.87 20.68 18.24 17.86 18.92 18.35 17.12 19.14 20.39 20.79 21.71 22.55 21.41 22.14 21.76 21.88 20.71 20.30 18.81 18.02 17.46 17.28 16.84 18.51 18.25 14.06 11.70 12.32 13.19 13.71 16.30 18.49 20.68 21.13 23.12 23.81 25.94 25.07 24.55 25.59 27.91 27.06 25.01 25.83 27.92 25.81 26.25 27.58 27.99 26.65 29.63 32.27 
30.63 29.73 29.74 28.59 27.83 26.89 27.54 26.23 25.11 25.12 25.98 24.63 24.32 25.43 25.06 22.75 24.08 24.10 22.07 20.93 23.64 21.74 19.72 17.79 18.16 16.18 14.69 14.26 13.30 12.22 12.41 10.27 9.26 7.08 0.00 6.23 8.26 10.76 11.59 15.25 17.51 20.84 23.47 26.06 27.67 26.34 24.12 21.07 18.91 16.02 12.81 12.97 13.73 11.98 13.98 15.03 15.34 14.60 13.54 14.51 15.07 16.81 16.78 18.44 19.60 20.95 21.47 22.01 23.55 23.01 22.31 24.34 26.64 23.63 23.54 25.49 25.52 23.87 26.43 27.08 25.20 26.47 29.11 29.18 27.58 29.51 29.75 28.59 27.16 24.42 23.78 21.72 21.26 21.36 21.55 22.06 23.19 25.41 28.20 29.08 27.84 28.89 30.72 28.63 26.41 28.28 28.99 26.62 26.73 29.03 29.62 28.08 29.76 28.20 28.76 27.12 25.09 23.63 23.21 21.75 21.51 20.83 22.64 22.14 20.66 20.19 17.33 18.28 19.51 18.94 15.20 19.92 20.93 20.58 21.17 22.47 21.58 21.91 21.55 21.44 20.72 19.87 19.02 17.65 17.37 15.12 15.87 17.44 17.92 12.53 11.65 12.27 14.52 14.53 17.30 19.50 21.63 22.52 24.73 25.31 27.27 26.07 25.47 26.17 28.87 27.98 25.66 26.41 28.74 26.49 26.79 28.06 29.44 27.01 30.23 31.62 
30.03 28.59 28.11 27.35 26.85 25.39 25.59 24.64 23.67 23.60 24.08 23.20 22.98 24.08 23.77 21.50 22.68 22.65 20.57 19.89 22.10 20.51 18.28 17.25 17.47 16.27 13.48 14.16 14.14 13.05 13.39 12.15 9.66 9.09 6.23 0.00 5.59 8.65 9.22 12.17 15.34 17.65 19.89 22.72 25.00 22.50 20.79 16.67 14.96 11.01 8.04 9.36 10.30 9.80 11.75 12.85 12.96 12.05 10.34 11.46 11.79 13.64 12.48 14.94 17.02 17.84 18.43 19.19 21.41 20.61 19.70 21.75 24.35 21.03 21.13 22.93 23.41 21.69 24.37 24.88 23.51 24.36 27.09 27.07 25.77 27.65 27.32 26.52 25.16 21.94 20.97 19.26 18.91 18.66 18.36 19.26 20.99 23.09 25.58 26.89 25.82 26.47 27.97 25.91 24.03 25.62 26.14 23.84 24.27 26.58 27.00 25.27 27.17 25.33 26.13 24.28 22.06 20.87 20.18 18.21 18.39 17.93 20.11 19.53 17.92 16.62 13.74 14.20 16.30 12.92 10.50 15.41 17.43 16.49 17.69 19.63 18.74 19.27 19.06 19.00 17.81 17.39 16.07 14.45 13.95 12.84 13.52 15.07 14.87 11.36 10.57 10.43 12.22 14.25 16.56 18.39 20.57 21.38 23.63 24.15 26.10 24.95 24.36 25.24 27.50 26.48 24.18 25.00 27.07 24.90 25.11 26.70 27.06 25.77 28.17 30.59 
30.90 29.30 28.73 27.61 27.79 26.18 26.14 25.30 25.08 24.68 25.03 24.13 24.23 25.33 25.09 22.61 23.78 23.58 21.64 20.68 23.53 21.64 19.48 18.33 18.88 17.21 15.34 15.55 15.38 14.40 15.41 13.83 11.95 9.78 8.26 5.59 0.00 6.95 8.20 12.18 14.70 17.17 19.20 22.37 24.68 21.95 19.83 15.97 14.51 10.13 7.47 8.29 10.53 10.56 13.55 14.87 14.70 13.50 11.83 12.76 13.54 14.83 14.39 16.51 18.21 19.24 19.30 19.99 22.00 21.24 19.96 22.23 24.76 21.50 21.28 23.66 24.22 22.38 24.63 25.53 24.36 25.01 27.05 27.29 26.39 27.65 26.96 26.28 25.91 22.53 21.02 19.37 19.43 18.74 18.40 19.00 21.11 23.44 26.05 27.19 26.08 26.50 27.77 25.72 23.84 25.16 25.77 23.68 24.18 26.12 26.61 25.16 26.98 25.19 25.77 24.02 21.83 20.39 19.90 17.72 17.91 17.86 20.32 19.58 17.70 17.65 15.08 15.54 15.67 15.25 13.34 16.98 17.84 18.21 19.42 21.17 19.87 20.27 19.98 19.50 19.24 18.24 16.82 15.46 15.34 13.26 14.19 15.72 16.49 12.42 13.16 12.60 14.88 16.19 18.66 20.04 22.33 22.89 25.02 25.81 27.81 26.10 25.53 26.16 28.66 27.71 25.54 26.20 28.29 26.38 26.52 28.17 29.50 26.81 29.14 32.29 
31.80 30.57 30.03 29.32 29.29 27.96 28.18 27.35 26.51 26.62 27.22 26.41 26.25 27.78 27.62 25.07 26.03 26.02 23.96 23.15 25.13 23.57 21.11 20.15 20.59 19.42 17.73 18.34 16.91 16.38 17.48 16.92 14.85 12.12 10.76 8.65 6.95 0.00 6.98 9.71 12.43 15.03 17.75 20.29 22.13 20.92 16.63 14.31 11.82 8.90 5.00 6.83 11.05 11.58 14.28 15.96 15.97 15.45 13.54 14.69 15.10 16.36 16.51 18.05 19.85 20.90 21.45 21.54 23.42 22.74 21.58 23.38 25.69 22.68 22.09 24.40 24.66 23.12 25.09 26.08 24.90 25.63 27.75 28.00 26.92 28.62 27.82 27.16 26.30 23.22 21.94 20.02 19.67 19.39 19.14 19.84 21.26 23.73 26.47 27.10 25.89 26.30 27.55 25.80 23.70 24.78 25.84 23.67 24.04 25.86 26.70 25.38 27.21 25.23 25.95 24.57 21.74 20.75 20.03 18.09 18.08 17.88 19.87 19.58 18.33 18.71 16.24 16.37 17.33 16.69 15.91 19.33 20.07 20.23 21.57 22.46 21.40 21.66 21.74 21.75 20.87 20.30 18.96 17.93 17.05 16.38 16.61 18.43 18.48 15.06 15.98 17.08 17.47 18.66 21.24 22.41 24.59 25.32 27.73 27.95 29.64 28.36 27.46 28.29 30.60 29.63 26.88 27.81 30.03 28.17 27.76 29.25 29.94 28.68 30.18 32.42 
