2.11 6.11 8.28 9.96 10.93 13.57 15.77 16.93 18.60 20.18 22.39 24.91 24.58 24.45 24.51 24.76 23.42 22.21 21.25 20.46 19.13 17.08 17.09 17.27 16.55 16.00 15.80 15.82 16.11 16.98 18.42 20.41 22.55 24.73 27.16 28.40 29.54 30.66 32.22 31.24 30.53 29.93 31.04 29.38 27.43 28.14 28.75 26.48 25.56 26.51 25.86 23.30 23.49 23.66 22.73 21.16 20.20 20.09 19.88 19.22 19.68 20.79 22.07 22.79 23.54 25.60 27.43 28.51 28.82 29.94 30.56 29.09 29.29 29.03 27.33 27.00 28.31 27.55 26.42 27.22 28.93 28.27 28.07 29.09 30.11 29.66 30.22 30.20 30.26 29.76 28.97 27.18 25.25 24.95 24.24 22.94 22.06 22.49 23.04 23.57 24.50 26.13 28.40 29.64 29.66 30.49 30.72 30.68 31.67 32.55 32.12 31.79 31.87 32.91 31.54 30.38 31.02 31.47 29.37 28.69 29.54 29.41 27.90 28.29 29.62 28.60 27.39 28.09 28.99 27.48 26.55 27.08 25.91 24.92 23.76 23.19 22.87 23.55 24.43 25.82 27.33 28.38 28.04 28.36 29.87 30.42 29.96 30.76 32.13 31.69 31.45 32.23 31.55 30.11 29.41 29.65 29.13 27.33 26.14 25.26 23.90 24.14 24.57 25.35 25.60 27.05 28.53 28.87 29.34 29.53 30.35 28.44 28.28 28.26 27.41 24.94 24.13 23.01 21.33 20.52 20.28 20.47 20.67 21.56 22.79 24.84 25.80 25.85 27.04 26.74 27.50 26.87 25.30 25.55 24.59 24.08 21.45 20.57 20.24 19.47 18.60 18.44 19.57 20.08 19.70 21.24 22.62 21.78 21.19 23.79 24.80 23.34 24.52 26.13 27.88 26.54 33.92 
6.11 1.76 5.60 7.04 9.54 11.86 13.56 15.86 17.05 19.00 21.48 23.84 23.75 23.62 24.38 24.24 22.70 21.46 20.88 20.20 18.80 16.43 16.33 16.95 15.57 14.87 14.53 16.06 14.88 16.98 18.59 20.45 22.88 24.57 27.25 28.27 29.64 30.26 32.23 30.80 30.52 29.26 31.12 28.71 27.16 27.44 28.76 25.85 25.28 26.22 25.86 23.24 23.41 23.58 22.33 20.72 19.50 18.98 18.85 18.24 18.88 19.95 21.71 22.18 23.14 25.13 27.21 28.13 28.59 29.58 30.55 28.79 29.48 28.75 27.21 26.83 28.79 27.12 26.07 26.74 29.17 27.64 27.55 28.63 29.97 29.18 29.85 29.92 29.96 29.34 28.74 26.69 24.93 24.22 23.84 22.17 21.76 21.73 23.01 23.19 24.72 25.49 28.26 29.37 29.71 29.92 30.23 30.16 31.42 32.22 31.20 30.96 31.31 32.46 30.82 29.43 30.60 31.05 28.69 27.86 29.10 28.87 27.19 27.66 29.38 28.04 26.53 27.94 28.74 27.09 25.45 26.63 25.40 24.04 22.78 22.51 22.22 22.96 24.03 25.22 27.47 28.32 27.80 27.77 29.82 30.10 29.42 29.99 31.88 30.75 30.55 31.38 30.98 29.05 28.19 28.65 28.41 25.84 24.74 23.98 22.93 23.04 23.48 24.53 25.06 26.35 28.34 28.34 29.30 29.22 30.24 27.82 28.11 27.82 26.96 24.11 23.58 21.86 19.74 19.07 18.82 19.13 19.25 20.06 21.98 24.05 25.41 24.99 26.72 26.02 27.17 26.35 24.84 24.50 24.01 23.25 20.62 19.18 18.81 17.99 17.50 17.02 18.78 18.71 18.87 20.00 21.98 21.25 20.91 22.98 24.47 22.89 21.80 26.38 26.67 27.51 34.61 
8.28 5.60 0.00 3.72 6.89 9.51 11.18 12.97 14.64 15.98 18.11 20.72 20.53 21.19 22.38 22.35 19.99 19.07 18.70 17.92 16.25 13.88 14.28 13.78 12.90 12.39 11.60 12.63 11.66 14.07 16.03 17.86 20.17 22.28 24.97 25.90 27.09 27.66 29.90 28.21 27.61 26.45 28.40 25.91 24.26 24.79 26.37 23.44 22.59 23.65 23.95 21.53 21.78 21.63 20.22 18.78 17.15 16.60 16.47 15.61 16.39 17.24 19.10 19.52 20.45 22.66 24.80 25.72 26.46 27.73 28.97 26.66 27.26 26.53 25.13 24.35 26.41 24.68 23.62 24.50 27.11 25.36 25.44 26.51 28.02 27.04 27.80 27.68 27.73 27.14 26.56 24.46 22.27 21.78 21.48 19.85 19.32 19.50 20.92 21.07 22.46 23.35 26.00 27.30 27.84 27.71 27.97 28.00 29.43 29.46 28.72 28.39 28.96 29.49 28.26 26.54 27.90 28.20 26.37 25.03 26.25 25.97 24.86 25.15 26.74 25.09 24.04 25.43 26.46 24.07 22.72 23.99 22.62 21.27 20.30 19.92 19.89 20.54 21.87 23.07 25.75 26.72 26.03 25.70 28.08 28.09 27.35 27.52 29.76 28.44 28.17 28.56 28.41 26.13 25.39 25.38 25.24 22.62 21.45 20.64 19.74 19.91 20.19 21.49 22.29 23.49 25.47 25.87 27.20 26.54 27.63 25.17 25.65 25.16 24.35 21.37 20.89 18.98 16.29 15.62 15.13 15.74 15.90 16.72 18.58 21.16 22.44 22.19 23.91 23.44 24.34 23.43 21.43 21.28 20.60 19.95 17.52 16.04 15.62 14.75 14.30 13.69 15.64 15.89 16.21 17.25 20.12 18.69 18.23 20.92 22.66 21.04 19.11 24.02 26.76 25.53 32.21 
9.96 7.04 3.72 0.97 4.56 8.18 9.86 12.65 13.92 15.66 17.50 20.71 20.02 20.85 22.25 22.17 19.61 19.10 18.82 18.26 16.00 13.72 13.79 14.04 13.50 11.73 10.53 11.29 11.03 14.11 15.17 17.15 19.37 21.49 23.94 25.02 25.68 26.84 29.00 27.33 26.39 25.52 27.61 25.40 23.53 24.37 25.77 23.24 22.43 23.57 23.37 20.98 21.31 21.63 19.93 18.37 17.21 16.53 16.01 15.35 15.92 16.60 18.23 18.62 19.53 21.57 23.47 24.75 25.14 26.53 27.54 25.99 26.33 26.25 24.41 24.06 25.71 24.46 23.26 24.24 26.88 25.30 25.08 26.14 27.71 26.74 27.19 27.01 27.19 26.41 25.82 23.60 21.64 21.05 20.53 19.31 18.65 18.58 19.84 19.62 21.14 21.98 24.78 25.93 26.34 26.27 26.49 26.61 27.88 28.30 27.51 27.60 28.31 29.07 27.75 26.22 27.25 27.76 25.66 24.73 26.02 25.79 24.20 24.85 26.41 25.17 23.62 24.92 25.69 23.72 22.09 23.52 22.19 20.58 19.23 19.40 19.21 19.74 20.73 22.18 24.75 25.90 25.08 25.14 27.36 27.48 26.45 26.93 28.99 27.74 27.05 27.69 27.53 25.22 24.18 24.34 24.29 21.81 20.59 20.03 19.06 19.20 19.11 20.75 21.31 22.39 24.07 24.91 26.29 26.03 26.69 24.72 25.19 24.80 23.73 20.90 20.65 18.27 15.69 14.67 14.65 14.66 14.67 15.58 17.49 19.66 21.41 21.17 22.89 22.39 23.49 22.65 20.75 20.88 20.09 19.51 16.61 15.39 15.27 13.31 13.39 12.34 15.51 15.52 16.26 17.13 19.51 19.51 19.56 20.96 22.03 20.45 20.69 24.17 26.66 26.55 35.99 
10.93 9.54 6.89 4.56 0.00 6.01 7.43 10.30 11.73 14.19 16.52 19.50 18.98 18.88 19.52 19.87 17.35 17.26 15.99 15.88 14.41 11.89 13.10 13.66 12.55 10.89 9.11 9.68 9.78 10.64 12.37 14.08 16.57 19.11 21.55 22.67 23.58 25.20 26.92 25.12 24.51 24.02 26.52 24.00 22.02 23.23 24.67 21.53 21.07 22.68 22.23 18.77 19.84 20.50 19.32 17.23 15.55 15.04 14.23 12.99 13.47 13.91 15.72 15.91 16.61 19.05 21.47 22.56 22.74 24.24 25.42 23.55 24.63 24.33 22.75 22.16 24.46 23.18 21.89 22.95 25.51 24.21 23.81 25.13 26.69 25.84 26.23 26.15 26.05 25.37 24.85 22.14 20.37 19.25 18.52 16.32 15.85 15.50 16.86 16.32 17.87 19.33 22.70 24.14 23.76 24.24 24.71 24.22 25.81 26.76 26.38 25.46 26.58 27.90 26.60 24.38 25.95 26.42 24.34 23.19 25.24 24.85 22.97 23.48 25.65 24.22 22.61 23.95 25.32 23.37 22.37 23.13 21.28 19.26 17.36 16.57 16.44 16.46 17.62 18.99 21.41 22.79 22.25 22.38 24.83 25.46 24.77 25.27 27.20 26.04 25.78 26.57 26.42 23.99 23.50 23.80 24.18 21.17 19.96 18.85 17.80 17.75 18.11 19.13 19.62 21.32 23.17 23.81 24.64 25.09 26.24 23.65 24.10 24.24 23.58 20.20 19.96 18.27 15.59 14.35 13.72 13.76 13.74 13.89 15.49 18.76 20.18 19.99 21.48 20.96 22.28 21.06 19.73 20.08 19.55 18.28 15.01 13.37 13.44 12.28 11.99 11.81 14.70 14.92 15.08 16.79 18.90 17.50 16.52 20.30 22.11 21.40 21.78 23.84 25.92 25.41 28.72 
13.57 11.86 9.51 8.18 6.01 0.47 6.52 8.57 11.72 13.63 15.73 19.67 18.94 20.00 20.25 20.56 17.75 17.99 16.11 17.35 15.29 12.64 13.59 16.44 14.78 13.14 10.72 11.53 9.67 11.87 13.02 15.06 18.14 20.47 21.75 23.44 24.38 25.59 26.87 25.52 24.92 24.00 26.38 24.29 22.52 24.05 25.33 22.26 22.13 24.30 23.48 20.47 21.67 22.62 20.38 19.56 17.46 16.69 14.58 13.45 13.69 14.54 15.91 16.66 17.54 20.51 22.38 24.25 24.34 25.83 26.78 24.91 26.31 25.81 23.74 23.76 26.24 24.38 22.89 24.08 27.05 25.10 24.76 26.25 28.02 26.93 27.50 27.68 27.54 27.07 25.83 23.72 21.15 20.55 18.77 17.39 16.33 16.50 17.68 17.45 19.10 20.40 23.58 25.85 25.06 25.42 25.75 25.31 26.79 28.16 27.02 26.39 27.26 29.06 27.33 25.42 26.94 27.84 25.22 24.20 26.38 26.18 24.04 24.68 27.25 25.93 23.78 25.64 26.91 24.98 23.16 24.79 22.54 20.61 17.52 17.20 16.71 17.31 18.29 20.13 22.34 24.40 23.23 23.49 25.77 26.50 25.47 26.12 28.28 26.98 26.46 27.74 27.31 24.94 24.07 24.90 24.90 21.75 20.40 19.51 17.99 18.29 18.53 20.04 20.24 22.37 24.32 24.83 26.21 26.33 27.50 24.76 25.58 25.84 24.72 22.00 21.70 19.81 16.46 14.54 13.66 13.99 13.52 14.24 16.16 19.85 20.50 20.67 22.53 22.05 23.07 22.47 20.52 21.78 19.73 19.29 15.67 13.52 13.82 12.34 13.30 13.74 16.30 17.24 17.73 19.40 20.97 20.77 19.24 22.91 24.26 22.59 20.83 25.52 26.58 27.39 32.00 
15.77 13.56 11.18 9.86 7.43 6.52 0.00 6.08 6.97 10.07 11.33 15.54 15.79 16.04 17.17 17.78 15.18 14.71 13.85 14.76 13.08 9.71 11.75 12.92 12.48 11.46 9.81 8.75 6.84 8.23 10.89 11.99 14.65 16.45 18.86 20.35 21.57 22.45 23.77 21.93 22.18 20.78 23.41 21.17 19.85 20.79 22.63 19.23 19.69 21.20 21.19 18.14 19.73 20.15 18.52 17.44 16.55 14.88 13.16 10.93 11.53 11.49 12.93 13.25 14.60 17.61 20.21 22.09 22.82 24.01 25.05 23.20 24.78 24.00 21.94 21.49 24.52 22.26 20.75 22.02 25.14 23.19 22.74 24.31 26.16 25.03 25.56 25.78 25.79 24.80 23.81 21.19 19.37 17.95 16.64 14.33 13.73 13.71 14.87 14.63 16.16 17.88 21.75 23.56 23.55 23.72 24.17 23.65 25.26 26.18 25.49 24.63 25.62 26.76 25.42 23.17 24.89 25.46 23.26 22.19 24.22 23.89 22.04 22.65 25.10 23.59 21.80 23.53 25.10 22.86 21.58 22.65 20.95 18.31 15.52 14.69 14.06 14.52 15.71 17.13 19.84 21.47 20.66 20.76 23.45 24.10 23.13 23.80 26.21 25.00 24.33 25.47 25.36 22.87 21.91 22.69 22.95 19.50 18.07 16.99 15.55 15.43 15.72 17.24 18.06 19.63 21.69 22.68 24.37 24.25 25.52 22.99 24.07 23.92 23.31 19.82 19.85 17.58 14.89 12.79 11.30 11.16 11.48 11.80 13.68 17.11 18.72 18.24 20.59 19.88 20.69 19.67 18.12 18.49 17.16 15.96 12.51 11.24 11.25 10.39 11.54 11.97 15.55 15.99 16.71 17.88 20.35 18.29 17.76 21.01 22.47 21.80 20.12 23.58 25.57 25.58 29.93 
16.93 15.86 12.97 12.65 10.30 8.57 6.08 0.58 5.87 7.85 9.98 13.93 13.61 14.15 15.54 16.47 13.78 13.32 12.08 13.88 11.62 8.54 10.40 13.61 13.47 12.97 9.74 10.74 8.66 9.46 9.72 11.22 12.71 15.09 16.66 17.78 19.33 20.27 21.60 19.54 19.75 18.06 20.68 18.54 17.60 18.61 20.53 17.50 17.80 19.78 19.53 16.57 18.47 19.69 17.90 17.14 16.31 15.93 13.58 11.54 11.26 10.89 12.98 12.71 14.21 17.55 20.21 22.36 22.64 23.96 24.82 23.09 24.33 24.05 21.67 21.62 24.06 22.39 20.75 22.07 25.16 23.27 22.61 24.28 25.75 24.67 24.98 25.09 24.74 24.11 23.02 20.84 18.61 18.06 16.19 14.17 13.34 13.11 14.67 13.46 15.81 18.04 21.58 23.35 22.92 23.34 23.34 23.06 24.23 25.70 24.73 24.49 25.26 26.83 25.26 23.42 24.71 25.49 23.14 22.17 24.07 23.78 21.75 22.52 24.68 23.37 21.60 23.22 24.11 22.47 21.13 22.65 20.24 18.38 15.09 13.90 13.33 13.23 15.17 17.07 19.43 21.11 20.39 20.34 22.77 23.46 22.52 23.17 25.37 24.12 23.43 24.70 24.44 22.19 21.18 22.19 22.31 19.24 17.67 16.80 15.23 15.42 15.35 17.09 17.61 19.50 21.19 22.23 24.01 23.97 24.88 22.62 23.81 23.80 22.98 20.22 20.43 18.36 14.83 13.33 11.83 10.82 10.38 11.38 13.11 16.10 17.61 16.95 19.23 17.94 19.44 17.78 16.12 16.93 15.83 14.71 11.43 9.61 11.60 10.23 11.65 12.47 16.63 16.74 17.40 18.16 19.91 19.94 18.57 20.93 21.81 20.91 19.26 23.28 24.29 25.67 30.42 
18.60 17.05 14.64 13.92 11.73 11.72 6.97 5.87 0.74 5.60 6.26 10.61 10.95 10.87 11.51 13.63 11.65 11.85 10.83 13.02 12.47 10.27 12.02 14.45 14.75 14.10 12.48 11.96 10.41 8.94 8.86 8.95 9.81 11.73 13.62 14.08 15.47 17.17 18.69 16.44 16.64 15.41 18.31 16.40 14.94 16.23 18.11 14.93 15.86 17.94 17.53 15.32 17.41 18.62 17.17 16.73 15.97 14.79 13.85 11.24 10.38 9.22 10.83 10.82 12.26 15.70 19.37 21.35 21.70 23.19 24.16 21.63 22.66 22.76 20.82 20.44 22.67 21.42 20.16 21.24 23.61 22.35 21.98 23.17 24.23 23.34 23.73 23.57 23.30 22.63 21.99 19.61 17.85 16.50 15.39 12.35 11.67 10.96 12.28 11.17 13.76 16.34 20.82 22.12 21.73 22.47 22.25 21.41 22.62 24.30 23.51 22.83 23.54 25.48 23.94 22.08 23.12 24.04 21.64 20.88 22.57 22.45 20.25 20.90 22.93 21.87 20.23 21.62 22.99 21.70 20.95 22.32 19.83 17.33 14.14 12.80 11.64 11.10 13.05 15.65 17.68 19.31 19.04 19.20 21.07 21.99 21.07 21.77 23.39 22.43 21.88 23.02 22.79 20.74 20.31 21.34 22.10 18.96 17.54 15.90 14.84 14.75 14.83 16.40 17.00 18.99 20.80 21.59 22.96 23.09 24.11 21.91 23.00 23.64 23.04 20.36 20.74 18.50 15.05 13.12 11.71 10.37 9.58 10.28 11.97 14.45 15.88 14.96 16.89 15.84 17.21 15.87 13.95 14.72 13.92 13.44 10.12 8.87 10.74 10.66 12.37 13.03 16.77 16.90 17.48 18.17 20.27 18.40 17.60 19.72 20.95 20.04 19.99 22.88 24.12 25.09 25.93 
20.18 19.00 15.98 15.66 14.19 13.63 10.07 7.85 5.60 1.28 5.48 8.52 8.85 10.41 11.13 11.88 10.18 10.79 9.90 12.79 12.27 10.32 12.92 16.15 15.59 15.17 14.15 13.76 10.27 9.00 8.49 7.98 9.43 10.02 11.81 12.89 14.60 15.84 17.17 15.47 15.18 14.18 17.28 15.59 13.84 16.03 17.30 13.69 15.38 18.14 17.83 15.32 18.03 19.05 17.61 17.24 16.62 15.90 14.65 12.11 11.37 10.10 12.15 11.36 13.50 16.88 20.25 21.51 22.48 23.50 24.32 21.81 23.46 23.20 21.03 20.85 23.38 21.81 20.62 21.58 24.12 22.41 22.07 23.46 24.38 23.22 23.88 24.11 23.58 22.64 22.01 19.99 18.35 17.07 15.66 13.01 12.53 11.42 13.06 11.79 14.80 17.13 21.36 22.63 22.66 22.97 22.87 21.86 22.99 24.80 23.68 23.28 23.63 25.59 24.21 22.38 23.47 24.38 21.87 21.18 22.91 22.84 20.52 21.50 23.47 22.31 20.40 22.45 23.89 22.53 21.53 23.46 21.10 18.66 15.13 13.59 12.78 11.46 13.09 15.20 17.81 19.29 19.30 19.20 21.17 22.05 21.18 21.89 23.54 22.27 22.03 23.34 23.08 20.93 20.71 21.96 22.46 19.35 18.38 17.05 15.27 15.42 15.71 17.41 17.56 19.63 21.83 22.51 23.66 24.09 25.21 22.87 24.01 24.66 24.32 21.76 21.82 20.02 16.84 15.38 12.81 11.86 10.98 10.96 12.15 14.33 15.89 14.72 16.72 15.69 17.28 15.85 14.06 15.18 14.28 13.83 10.84 9.90 12.17 12.21 14.06 15.01 18.41 18.36 18.79 19.71 21.45 20.17 19.09 21.01 22.41 20.22 20.39 24.16 25.07 25.29 27.46 
22.39 21.48 18.11 17.50 16.52 15.73 11.33 9.98 6.26 5.48 0.25 5.35 5.98 8.24 9.68 11.22 9.75 10.91 10.30 13.54 12.89 12.04 14.74 17.77 17.39 17.43 16.20 16.26 12.73 11.14 10.65 9.65 9.81 10.50 12.09 12.10 14.07 14.77 16.18 13.85 14.39 12.34 15.33 13.89 13.61 14.75 16.55 12.91 14.80 17.39 17.64 15.95 18.49 19.60 18.10 18.07 17.05 15.84 14.48 12.07 11.11 10.09 11.86 12.15 13.86 16.88 20.11 22.43 23.17 24.34 24.59 22.69 23.99 23.82 21.29 21.27 23.60 22.20 20.65 21.90 24.22 22.90 22.43 24.00 24.76 23.83 24.21 24.75 24.28 23.36 22.51 20.81 18.81 17.28 15.48 12.93 12.18 11.40 12.44 12.45 15.25 17.25 21.10 23.18 23.22 23.91 23.27 22.54 23.67 25.22 24.20 23.55 23.78 25.61 24.12 22.29 23.16 24.11 21.85 21.19 22.56 22.56 20.75 21.60 23.32 22.21 20.67 22.80 24.38 23.00 22.44 24.37 21.81 19.26 15.75 14.35 12.83 11.82 13.01 15.12 17.27 18.83 18.77 19.05 20.75 21.91 20.99 22.06 23.54 22.70 22.10 23.59 23.16 21.38 20.79 22.31 22.70 19.85 18.52 17.16 15.62 15.91 16.40 17.85 18.24 20.28 22.46 23.47 24.94 25.18 26.32 24.38 25.27 25.97 25.72 23.24 23.12 21.21 18.05 16.81 14.22 12.79 11.91 12.45 12.83 14.97 15.69 15.08 17.35 16.32 17.35 16.37 14.34 15.06 14.29 14.34 11.48 11.01 13.33 13.89 15.35 16.16 19.02 19.44 20.07 20.94 22.99 21.17 20.35 22.12 23.10 22.16 21.75 24.81 26.46 26.27 27.81 
24.91 23.84 20.72 20.71 19.50 19.67 15.54 13.93 10.61 8.52 5.35 1.02 5.57 7.34 9.73 11.86 11.28 12.39 12.21 15.03 14.86 13.75 17.22 20.24 20.71 20.67 19.17 19.39 15.92 15.63 13.75 11.26 11.00 11.79 13.28 12.42 13.96 15.76 16.02 13.79 14.09 12.19 14.47 13.90 13.15 15.45 16.30 13.92 15.22 18.26 18.44 16.76 19.07 20.75 19.94 19.83 18.62 17.78 16.69 14.69 13.62 12.95 15.10 15.41 16.67 19.76 22.89 25.08 25.64 26.75 27.29 25.26 26.67 26.54 24.21 24.01 26.39 24.86 23.60 24.64 27.28 25.72 25.19 26.53 27.30 26.47 26.53 26.92 26.30 25.72 24.74 22.92 20.83 19.66 17.47 15.55 14.77 13.69 14.98 15.13 17.54 19.61 23.34 25.43 25.50 26.04 25.60 24.72 25.77 27.54 26.42 26.27 26.70 28.28 26.74 24.84 25.84 26.73 24.55 23.94 25.17 25.30 23.48 24.22 25.63 24.64 23.46 25.48 26.49 25.53 25.03 27.10 24.57 22.40 18.83 17.56 15.74 14.81 16.01 17.41 19.36 21.02 21.11 21.15 23.30 24.31 23.34 23.95 25.74 25.06 24.56 25.81 25.58 23.92 23.19 24.37 25.21 22.35 21.13 19.87 18.75 19.13 19.26 20.43 20.97 23.08 25.12 25.99 27.50 28.00 29.09 27.20 28.19 29.14 28.44 26.41 26.56 24.91 21.31 20.48 18.44 17.16 15.21 14.88 15.25 16.53 17.67 16.36 18.67 17.46 18.87 17.70 15.88 17.13 16.28 16.88 14.01 14.17 16.90 17.38 18.46 19.35 22.26 22.69 23.14 24.21 25.85 24.37 23.28 24.99 25.55 23.94 23.92 27.13 27.84 27.67 27.98 
24.58 23.75 20.53 20.02 18.98 18.94 15.79 13.61 10.95 8.85 5.98 5.57 0.60 4.53 6.62 9.22 9.23 10.35 10.67 13.73 13.53 13.23 16.53 19.81 19.65 20.69 19.07 18.99 15.79 15.06 14.67 12.19 10.76 11.94 12.70 12.19 13.61 15.08 16.01 13.47 13.77 12.39 14.71 12.73 11.79 13.40 14.94 11.95 13.07 16.07 16.21 14.84 17.06 19.05 18.08 18.03 16.92 16.39 15.08 13.20 12.68 12.11 14.11 14.67 15.90 19.32 22.39 24.48 24.74 26.31 26.48 24.09 25.59 25.55 23.09 22.65 25.19 23.89 22.52 23.67 25.91 24.58 24.20 25.60 26.14 25.30 25.45 25.75 24.94 24.37 23.29 21.33 19.25 17.93 15.98 13.88 13.44 12.65 14.23 13.66 15.98 18.77 22.61 24.57 24.38 25.34 24.52 23.65 24.54 26.39 25.47 25.34 25.68 27.58 25.73 23.95 24.80 25.95 23.35 22.80 24.46 24.57 22.37 23.04 24.99 24.20 22.54 24.36 25.90 25.03 24.51 26.27 23.68 21.60 18.11 16.77 15.26 14.11 15.19 16.93 18.35 20.11 19.96 20.66 22.72 23.71 22.40 23.37 24.86 24.38 23.61 25.23 24.92 23.45 22.61 24.08 24.55 22.07 20.69 19.71 18.62 19.21 19.16 20.40 20.63 23.20 25.49 26.22 27.37 27.83 29.14 26.98 28.14 29.00 28.43 26.32 26.67 25.00 21.19 20.04 18.10 16.98 15.13 14.35 13.80 15.67 16.23 14.58 16.14 15.83 17.00 16.05 14.01 15.58 15.34 15.87 13.63 14.34 16.84 17.10 18.12 19.36 22.19 22.86 22.93 23.99 25.91 24.04 22.67 25.00 25.46 24.48 23.79 26.84 28.00 27.77 26.43 
24.45 23.62 21.19 20.85 18.88 20.00 16.04 14.15 10.87 10.41 8.24 7.34 4.53 0.00 5.27 7.24 7.26 9.36 9.82 12.70 12.92 12.29 16.02 18.91 19.64 20.17 19.36 18.68 15.58 13.86 13.92 11.99 10.94 11.46 12.83 13.26 14.29 15.31 16.47 14.52 14.37 12.94 15.54 13.28 11.56 13.35 14.36 10.97 13.04 15.93 15.61 14.47 17.13 18.69 17.58 17.76 16.41 16.15 15.13 13.47 13.15 13.12 15.45 16.10 17.47 20.46 23.45 25.36 25.87 27.34 27.60 25.33 26.79 26.74 24.16 23.73 26.05 24.72 23.47 24.39 26.48 25.05 24.46 26.01 26.47 25.47 25.54 26.22 25.20 24.50 23.39 21.67 19.63 18.60 17.01 15.26 14.55 14.12 15.96 15.53 17.93 20.23 23.83 25.60 25.62 26.33 25.63 24.84 25.51 27.35 26.11 26.27 26.30 28.10 26.46 25.01 25.72 26.65 24.15 23.86 25.13 25.45 22.85 23.81 25.76 24.81 22.73 24.96 26.35 25.70 24.55 26.66 24.26 22.33 18.69 17.67 15.86 14.78 15.97 17.77 19.23 20.47 20.62 21.38 23.50 24.25 23.22 24.14 25.56 24.70 24.21 26.15 25.38 23.94 23.28 24.77 25.20 22.66 21.81 20.86 19.53 19.85 20.19 21.52 21.74 24.13 26.64 27.21 28.25 28.78 30.04 27.86 28.76 29.81 28.93 26.88 27.06 25.52 21.96 21.04 18.99 17.86 16.00 15.45 14.40 15.67 15.71 14.09 16.12 15.09 16.47 15.22 13.56 15.49 15.38 15.75 14.18 15.01 18.05 17.83 19.35 20.05 23.09 23.43 23.92 24.68 26.49 25.07 24.02 25.69 26.44 24.76 24.97 27.76 28.00 27.37 27.08 
24.51 24.38 22.38 22.25 19.52 20.25 17.17 15.54 11.51 11.13 9.68 9.73 6.62 5.27 0.00 5.54 6.42 8.12 8.90 11.82 12.60 12.06 15.20 18.23 19.27 20.07 18.74 18.59 16.18 14.01 14.00 13.05 12.32 12.72 14.15 15.14 16.35 16.97 17.51 15.60 15.64 14.03 15.50 12.80 11.58 12.95 13.12 10.06 12.44 15.03 14.46 13.68 16.47 18.05 16.48 17.10 16.20 16.21 15.50 14.22 14.43 15.03 17.09 17.90 19.51 22.82 25.34 27.31 27.75 28.91 29.07 26.94 28.47 28.28 25.87 25.50 27.64 26.29 24.68 25.76 27.84 26.36 25.55 27.12 28.06 26.98 26.85 27.04 26.74 25.85 24.70 22.74 21.04 20.18 18.71 17.00 16.59 16.25 17.71 18.06 20.15 22.10 25.51 27.56 27.33 27.88 26.73 26.07 27.02 28.57 27.27 27.05 27.36 28.96 27.28 25.89 26.76 27.58 25.22 24.74 26.20 26.11 23.96 24.94 26.78 25.77 23.71 26.01 27.70 26.67 25.76 27.77 25.58 23.48 19.64 18.40 16.89 16.50 17.32 18.85 20.63 22.10 21.83 22.54 24.18 25.15 24.29 25.29 26.78 25.90 25.58 26.99 26.44 24.77 24.41 25.79 26.27 23.75 22.97 22.21 20.78 21.22 21.74 23.40 23.50 25.82 28.00 28.79 29.89 29.86 31.01 28.95 30.17 30.73 30.26 27.75 28.17 26.38 22.98 22.03 20.18 18.81 17.37 17.01 16.31 17.02 16.83 15.41 16.65 15.75 16.58 16.15 14.40 15.76 16.08 17.24 15.38 16.47 18.67 19.40 20.59 21.55 23.93 24.29 24.78 25.69 27.46 25.88 24.85 26.87 27.38 26.05 26.25 28.54 29.75 29.08 28.34 
24.76 24.24 22.35 22.17 19.87 20.56 17.78 16.47 13.63 11.88 11.22 11.86 9.22 7.24 5.54 0.00 5.49 7.76 7.87 10.86 12.05 11.80 14.94 17.79 18.79 19.70 18.39 18.60 16.75 14.89 14.93 13.94 14.08 14.82 16.93 17.36 19.26 19.72 20.36 17.49 18.17 16.06 17.43 14.18 13.10 13.76 14.31 11.69 13.26 14.79 14.63 14.09 16.59 17.75 16.70 17.35 16.16 16.41 16.45 15.45 16.32 17.57 19.38 20.23 21.89 24.85 27.52 29.76 29.86 30.81 30.71 29.01 30.44 30.11 27.90 27.35 29.64 27.95 26.41 27.08 29.56 27.90 27.01 28.23 29.38 28.36 28.16 28.33 27.51 26.99 25.79 24.07 22.40 21.77 19.97 18.77 18.71 18.36 19.49 20.16 22.63 24.16 27.28 29.27 29.18 29.59 28.55 28.07 29.03 30.50 28.93 29.16 29.39 30.61 28.94 27.41 28.35 28.94 26.82 26.36 27.54 27.48 25.62 26.55 28.30 27.21 25.67 27.88 28.87 28.04 27.13 29.11 26.59 25.04 21.39 20.01 18.56 18.50 19.49 20.79 22.56 23.93 23.77 23.86 25.35 26.65 25.78 26.73 28.24 27.67 27.23 28.80 28.23 26.74 25.99 27.25 27.71 25.30 24.71 23.92 22.92 23.14 23.87 25.28 25.67 27.54 29.50 30.29 31.06 31.60 32.60 30.72 31.88 32.49 31.49 29.26 29.40 27.96 24.52 23.77 22.21 20.84 19.22 18.73 17.96 19.04 18.57 16.54 17.80 16.15 17.40 16.36 14.36 16.83 17.16 18.32 16.56 17.56 20.23 20.33 22.13 22.72 25.27 25.44 25.89 26.59 28.59 27.15 26.70 28.33 28.89 27.29 27.83 30.47 30.70 30.01 29.54 
23.42 22.70 19.99 19.61 17.35 17.75 15.18 13.78 11.65 10.18 9.75 11.28 9.23 7.26 6.42 5.49 0.00 5.05 6.57 7.75 8.85 8.94 12.22 14.62 15.56 16.06 14.80 14.71 12.62 11.84 12.23 11.99 12.71 13.88 15.92 16.81 18.24 19.03 20.09 17.70 17.49 15.66 17.07 14.24 12.23 12.88 13.32 10.98 11.54 13.01 13.00 12.16 14.32 15.52 14.27 14.40 13.06 14.08 14.02 13.41 14.72 15.96 17.88 19.17 20.64 23.60 26.37 28.75 28.82 29.33 29.33 27.56 28.84 28.57 26.27 25.68 28.07 26.31 24.51 25.31 27.43 25.76 24.95 26.28 27.13 26.08 26.20 26.12 25.40 24.79 24.15 22.40 20.40 19.62 18.28 17.18 17.03 17.32 18.13 18.81 21.14 23.12 26.06 28.00 27.78 28.33 27.41 26.84 27.86 29.24 27.93 27.63 27.82 29.43 27.45 25.77 26.57 27.18 24.98 24.28 25.89 25.70 23.87 24.60 26.45 25.54 24.10 25.81 26.97 26.32 25.76 27.32 24.59 22.98 19.87 18.65 17.25 16.96 17.84 19.63 21.53 22.73 22.20 22.61 24.09 25.03 24.30 25.23 26.71 26.14 25.76 27.11 26.79 25.13 24.75 25.95 26.28 23.89 23.53 22.66 21.64 22.09 23.07 24.32 24.54 26.65 28.70 28.86 29.82 30.46 31.52 29.54 30.51 31.34 30.40 28.08 27.94 26.56 23.19 22.18 20.38 18.96 17.54 17.21 16.54 17.97 17.25 14.58 15.12 14.22 14.78 13.57 12.16 14.51 14.83 15.46 14.06 15.67 18.03 18.51 20.14 20.92 23.55 23.83 24.18 24.85 26.73 25.64 24.66 26.71 27.34 26.25 26.91 29.07 30.04 30.17 29.78 
22.21 21.46 19.07 19.10 17.26 17.99 14.71 13.32 11.85 10.79 10.91 12.39 10.35 9.36 8.12 7.76 5.05 0.00 5.40 7.29 7.59 7.91 10.85 13.47 13.96 14.98 14.54 14.19 12.66 10.77 12.13 12.14 13.21 14.14 17.00 17.86 19.30 20.05 21.41 19.20 18.70 16.84 19.44 16.01 13.55 13.88 14.38 11.22 11.91 13.24 12.50 11.75 13.93 15.37 14.03 14.34 12.92 14.23 14.74 13.76 15.46 17.12 19.50 20.54 22.20 24.63 27.63 29.89 30.02 30.85 30.95 29.15 30.44 29.67 27.45 26.88 29.03 27.13 25.24 26.05 28.08 26.30 25.27 26.46 27.45 26.16 25.83 26.23 25.37 24.75 23.79 22.02 20.19 19.44 18.73 17.63 17.80 17.89 19.44 19.71 22.39 24.06 27.35 29.04 29.13 29.59 28.56 28.00 29.01 30.64 28.98 29.07 28.99 30.52 28.57 27.02 27.92 28.51 25.93 25.24 26.60 26.74 24.34 25.06 27.02 26.22 24.20 26.05 27.21 26.48 25.42 27.23 24.47 23.02 19.72 18.71 17.60 17.41 18.41 19.99 22.28 23.33 23.17 23.55 25.30 26.15 25.24 26.23 27.50 26.76 26.32 28.10 27.46 25.73 24.99 26.54 26.91 24.46 23.75 23.19 22.13 22.82 23.39 24.87 24.96 27.21 29.33 29.82 30.27 31.00 32.12 29.92 30.76 31.37 30.20 27.70 27.64 26.16 22.69 21.97 20.25 18.87 17.52 17.20 16.87 18.03 17.53 14.89 15.69 14.55 15.14 13.68 11.99 15.18 15.07 15.82 14.51 16.08 18.30 18.69 20.59 21.21 23.80 24.18 24.59 25.45 27.38 26.22 25.74 27.16 27.89 26.37 27.12 29.81 30.05 29.95 30.23 
21.25 20.88 18.70 18.82 15.99 16.11 13.85 12.08 10.83 9.90 10.30 12.21 10.67 9.82 8.90 7.87 6.57 5.40 0.00 5.62 7.32 6.16 8.31 10.91 12.26 12.58 11.83 12.19 10.73 8.81 10.47 11.71 12.87 13.86 16.87 18.70 20.13 20.53 21.65 19.55 19.36 17.91 19.36 15.69 14.12 14.02 14.01 10.47 11.43 11.90 10.77 9.87 12.70 13.27 11.08 12.24 11.24 12.62 13.28 13.07 14.48 17.14 19.66 21.17 22.88 26.11 28.38 30.59 31.00 31.46 31.63 30.44 31.71 30.96 28.48 27.92 29.71 27.76 25.72 26.76 28.50 26.62 25.30 26.73 27.63 26.16 25.76 25.59 25.13 24.21 23.23 21.24 19.51 19.08 18.26 17.32 17.36 17.83 19.38 20.63 22.89 24.48 27.43 29.69 29.56 29.84 28.70 28.50 29.45 31.01 29.23 29.07 29.34 30.78 28.73 27.55 28.43 28.94 26.29 25.71 27.24 26.79 24.30 25.18 26.90 25.81 23.22 25.49 26.82 26.07 24.69 26.71 24.45 22.60 19.22 18.32 17.35 17.47 17.96 19.98 22.22 23.55 22.87 23.42 25.41 26.26 25.36 26.60 28.12 27.40 27.07 28.51 27.85 25.98 25.37 26.99 27.31 24.84 23.92 23.48 22.39 22.91 23.34 24.79 24.93 27.24 29.02 29.62 30.28 30.95 31.78 29.57 30.66 31.04 29.62 27.02 27.28 25.56 22.05 20.84 19.17 17.92 16.68 16.22 15.77 17.02 16.95 14.09 14.72 13.48 14.63 13.25 11.97 14.14 14.89 15.58 13.78 15.65 17.98 18.30 20.00 20.75 23.29 23.48 24.04 25.14 27.26 26.03 25.35 26.94 27.73 26.65 27.42 29.61 31.10 30.77 30.38 
20.46 20.20 17.92 18.26 15.88 17.35 14.76 13.88 13.02 12.79 13.54 15.03 13.73 12.70 11.82 10.86 7.75 7.29 5.62 0.65 6.40 7.38 7.27 9.05 11.78 12.91 12.25 12.67 12.43 11.47 13.03 14.35 16.34 17.66 20.89 21.96 23.08 23.64 24.75 22.71 22.75 20.56 22.06 18.83 16.69 16.18 16.08 13.58 13.24 13.07 12.08 11.54 13.50 14.32 12.73 14.07 13.41 14.10 15.54 15.67 17.77 19.80 22.49 23.62 25.68 28.10 30.78 33.25 33.10 33.89 34.03 32.63 33.62 32.82 30.50 29.71 31.06 29.28 27.54 27.88 29.68 27.94 26.78 27.78 28.65 27.40 26.99 26.70 26.08 25.36 24.54 22.56 21.17 20.77 20.20 19.19 19.77 20.13 21.72 22.91 25.22 26.46 29.38 31.66 31.46 31.98 31.06 30.63 31.68 32.89 31.35 31.21 31.32 32.36 30.77 29.23 29.93 30.09 28.12 27.46 28.53 28.31 26.62 27.00 28.39 27.28 25.34 27.06 27.80 27.37 26.25 27.74 25.38 23.86 20.64 19.75 18.95 19.24 20.11 22.21 24.29 25.41 24.98 25.45 27.16 28.17 27.51 28.33 29.97 29.40 29.21 30.47 29.89 28.09 27.36 28.44 28.93 26.51 25.89 25.27 24.37 24.54 25.21 26.43 26.97 28.66 30.55 31.02 32.14 32.53 33.44 31.19 32.44 32.79 31.40 28.46 28.69 27.03 23.93 22.48 20.97 19.80 18.74 18.41 17.89 19.54 18.94 16.75 16.88 15.56 16.32 15.70 14.61 16.53 17.04 17.93 16.64 17.45 20.02 20.28 22.05 22.31 24.94 25.08 25.64 26.18 28.22 27.02 26.93 28.14 28.82 27.67 28.46 31.02 31.74 31.69 31.36 
19.13 18.80 16.25 16.00 14.41 15.29 13.08 11.62 12.47 12.27 12.89 14.86 13.53 12.92 12.60 12.05 8.85 7.59 7.32 6.40 2.00 5.97 7.71 7.97 8.91 11.08 10.50 11.26 10.53 10.80 11.96 13.90 16.18 18.24 21.11 22.11 22.87 23.69 25.05 22.97 22.49 20.51 21.95 18.92 16.77 15.83 16.49 13.69 13.29 13.06 12.68 11.31 12.66 13.38 12.60 13.24 12.28 13.73 14.35 15.26 17.07 19.38 21.38 23.37 25.23 27.54 30.04 32.49 32.51 32.94 33.14 31.96 32.70 31.88 29.58 28.63 29.94 28.19 26.34 26.65 28.05 26.30 25.16 26.13 26.88 25.63 25.71 25.20 24.27 23.65 23.17 21.39 19.62 19.54 18.92 18.06 18.42 19.51 20.77 22.17 24.39 25.79 28.64 30.74 30.86 31.13 30.27 30.08 30.86 32.23 30.64 30.31 30.29 31.72 29.88 28.30 28.66 29.05 26.90 26.27 27.19 27.14 25.43 25.79 26.82 25.97 24.39 25.62 26.20 25.71 24.89 26.31 23.63 21.99 19.28 18.50 17.73 18.07 18.95 20.94 23.14 24.56 23.98 24.28 25.91 27.00 26.25 27.24 28.74 28.43 27.93 29.17 28.86 26.98 26.08 27.37 27.74 25.47 24.75 24.16 23.19 23.51 23.94 25.44 25.69 27.83 29.38 29.99 30.84 31.57 32.55 30.01 31.19 31.77 30.61 27.66 27.29 25.74 22.69 21.38 19.60 18.62 17.78 17.54 17.40 18.50 18.08 15.86 16.26 14.50 15.12 15.24 14.43 16.28 16.10 17.22 15.70 17.04 18.97 19.65 21.16 21.44 23.59 23.85 24.36 25.15 26.69 25.82 25.40 27.03 27.50 26.64 27.50 29.57 30.31 31.15 31.04 
17.08 16.43 13.88 13.72 11.89 12.64 9.71 8.54 10.27 10.32 12.04 13.75 13.23 12.29 12.06 11.80 8.94 7.91 6.16 7.38 5.97 0.00 5.67 7.56 6.61 8.32 8.55 8.99 8.53 8.43 10.63 12.21 15.09 17.23 20.16 21.18 22.21 22.91 24.17 22.39 22.20 20.38 22.18 19.12 16.86 16.50 16.24 13.48 13.32 13.47 11.55 10.35 11.42 12.19 10.60 11.51 10.39 12.32 13.67 13.52 15.76 18.14 20.75 22.65 24.45 26.79 29.63 32.09 32.20 33.23 33.43 32.09 33.05 32.09 29.21 28.29 29.62 27.57 25.22 25.58 27.06 24.92 23.36 24.34 24.94 23.56 23.45 23.27 22.39 21.54 20.85 19.22 17.42 17.06 16.98 16.37 17.33 18.14 19.97 21.45 23.81 25.36 28.00 30.65 30.26 31.00 29.98 29.60 30.44 31.88 30.26 30.04 30.18 31.45 29.56 27.87 28.51 28.91 26.29 25.42 26.41 26.26 24.01 24.39 25.47 24.42 22.36 24.10 24.42 23.26 22.12 23.71 20.94 19.36 16.51 16.13 15.84 16.32 17.67 19.80 22.24 23.79 22.85 23.48 25.27 26.24 25.18 26.13 27.64 27.09 26.44 28.04 27.26 25.50 24.47 25.84 26.12 23.84 23.09 22.71 21.58 22.16 22.82 24.39 24.73 26.75 28.66 29.15 29.84 30.24 31.03 28.61 29.49 29.98 28.43 25.53 25.28 23.62 20.49 19.10 17.61 16.88 16.07 16.06 15.79 17.60 17.10 14.82 14.57 12.63 14.24 13.41 12.46 14.80 14.88 15.36 13.65 15.01 17.06 17.81 19.50 20.09 22.19 22.87 23.52 24.15 25.95 24.99 24.55 25.58 26.33 25.17 25.73 28.43 29.03 29.68 30.20 
17.09 16.33 14.28 13.79 13.10 13.59 11.75 10.40 12.02 12.92 14.74 17.22 16.53 16.02 15.20 14.94 12.22 10.85 8.31 7.27 7.71 5.67 1.67 6.54 7.61 7.76 8.66 9.82 9.62 10.41 12.74 14.86 17.30 20.04 22.78 24.42 25.37 25.36 26.44 24.58 25.23 23.07 24.36 21.60 19.94 19.14 18.79 15.27 15.68 15.19 12.85 11.05 12.81 12.62 10.62 11.54 11.32 13.47 15.39 15.73 17.42 20.90 23.75 25.75 27.40 30.63 33.02 34.87 35.14 35.88 36.14 34.77 35.72 34.39 31.41 30.48 31.35 29.10 26.43 26.96 28.44 26.05 24.16 25.24 26.40 24.81 24.67 24.40 24.23 22.97 22.11 20.55 19.49 19.29 19.19 18.96 20.18 21.13 22.79 24.21 26.77 27.94 31.21 32.88 32.96 33.17 32.47 31.88 32.78 34.04 32.63 31.96 32.13 33.15 31.31 29.39 29.94 30.30 27.76 26.68 27.82 27.37 24.78 24.98 26.04 24.84 22.50 23.89 25.08 23.87 22.35 23.92 21.73 20.21 17.60 17.24 17.14 18.35 19.77 21.88 24.29 25.44 24.74 25.00 27.42 27.73 26.64 27.49 29.25 28.43 28.21 29.17 28.72 26.57 26.10 27.11 27.37 25.03 24.59 23.83 22.79 23.44 24.45 25.90 26.48 28.32 30.29 30.59 31.55 31.55 32.35 29.81 31.04 31.11 29.62 26.81 26.67 25.14 21.43 20.16 18.43 18.08 17.53 17.74 17.90 19.22 18.97 16.74 17.03 15.41 16.94 16.33 15.04 16.80 16.74 17.55 16.14 17.16 18.75 19.43 21.17 21.76 24.10 24.39 25.07 25.72 27.43 26.37 25.63 26.83 27.22 26.18 27.09 29.10 30.07 30.37 31.01 
17.27 16.95 13.78 14.04 13.66 16.44 12.92 13.61 14.45 16.15 17.77 20.24 19.81 18.91 18.23 17.79 14.62 13.47 10.91 9.05 7.97 7.56 6.54 0.00 6.08 7.25 7.93 9.05 11.33 13.06 15.55 17.07 19.86 22.55 25.40 26.32 27.56 28.06 28.67 27.09 27.33 25.50 26.72 24.03 21.98 21.64 21.25 18.10 17.95 17.19 15.22 13.64 14.46 13.85 11.71 12.74 12.83 14.64 16.67 17.47 20.09 22.63 25.67 27.59 29.45 32.26 35.05 37.03 36.71 37.47 37.57 36.32 36.70 35.48 32.39 31.46 32.05 29.92 27.34 27.67 29.18 27.02 25.08 25.88 26.94 25.50 25.26 25.19 24.67 24.03 22.87 21.32 20.26 20.83 20.86 20.79 22.07 22.97 25.05 26.25 28.43 29.93 32.88 35.09 34.48 35.08 34.34 33.97 34.48 35.85 34.34 33.86 33.62 34.69 32.65 31.09 31.25 31.36 28.92 28.12 29.02 28.57 26.14 26.10 27.30 26.18 23.65 24.46 25.57 24.66 23.26 24.62 22.20 21.38 18.57 18.51 18.74 19.91 21.36 23.55 25.85 27.21 26.40 26.89 28.51 29.29 28.29 29.11 30.53 29.98 29.48 30.96 29.99 28.33 27.32 28.36 28.42 26.51 25.75 25.38 24.35 25.11 25.77 27.43 27.81 29.58 31.28 31.81 32.74 32.76 33.48 31.21 32.06 32.29 30.52 27.83 27.70 26.15 22.69 22.01 19.70 19.55 18.95 19.40 19.25 20.42 20.20 18.12 19.04 16.71 17.47 17.90 17.20 18.53 18.17 18.82 18.09 18.67 20.67 20.92 22.94 23.42 25.83 26.19 26.30 26.56 28.48 27.42 26.96 27.82 28.35 27.20 27.48 29.68 30.16 30.73 31.11 
16.55 15.57 12.90 13.50 12.55 14.78 12.48 13.47 14.75 15.59 17.39 20.71 19.65 19.64 19.27 18.79 15.56 13.96 12.26 11.78 8.91 6.61 7.61 6.08 0.00 5.29 6.85 8.47 9.51 11.62 14.99 16.78 19.24 22.10 25.01 26.70 28.01 28.78 30.10 27.60 27.59 25.69 27.11 24.47 22.04 22.01 21.65 18.86 18.02 17.89 16.10 13.73 13.74 13.45 11.39 11.64 11.21 13.92 15.50 16.35 19.30 22.06 24.86 27.09 28.98 32.03 34.90 36.53 36.70 36.73 37.03 35.28 35.77 34.44 31.34 29.92 30.80 28.70 25.91 26.10 27.38 25.39 23.62 24.59 25.12 23.96 24.08 23.76 22.89 22.54 21.66 20.12 18.66 19.58 20.34 20.12 21.14 22.63 24.71 25.99 28.41 29.53 33.08 34.47 34.48 34.46 34.02 33.21 33.94 35.13 33.81 32.95 33.05 34.19 31.96 29.96 30.41 30.49 27.66 26.79 28.03 27.51 24.80 24.95 26.01 24.88 22.70 23.55 24.29 23.40 22.09 23.40 20.54 19.92 17.72 17.80 17.83 19.25 20.49 22.32 24.96 26.67 26.26 25.72 27.27 28.25 27.40 27.95 29.30 28.73 28.40 29.65 29.27 27.45 26.30 26.99 27.58 25.19 24.80 24.27 23.91 24.19 24.97 26.71 27.48 28.67 30.51 30.80 31.79 31.67 32.38 29.82 30.87 30.88 29.25 26.66 26.17 24.58 21.23 20.65 18.59 18.50 17.73 18.10 17.89 19.34 18.80 17.31 18.19 15.70 16.64 17.33 17.26 18.47 17.61 18.60 17.33 18.33 20.31 20.47 22.26 22.42 25.04 25.28 25.81 26.07 27.55 26.63 25.94 27.56 27.86 26.78 27.40 29.22 29.76 30.19 30.82 
16.00 14.87 12.39 11.73 10.89 13.14 11.46 12.97 14.10 15.17 17.43 20.67 20.69 20.17 20.07 19.70 16.06 14.98 12.58 12.91 11.08 8.32 7.76 7.25 5.29 0.00 5.30 7.67 8.46 10.18 13.70 16.11 18.06 21.08 25.07 26.46 27.89 28.23 29.56 27.36 27.38 25.35 26.97 24.27 22.32 22.43 22.15 18.59 18.06 18.84 16.69 13.97 14.75 14.11 11.24 10.94 10.04 12.41 14.76 14.99 18.06 20.96 24.46 26.27 28.62 31.21 34.41 36.15 36.26 36.96 36.77 34.69 35.34 33.71 30.18 28.67 29.87 27.20 24.55 24.81 26.50 24.27 22.62 23.47 24.24 23.00 23.00 22.95 22.22 21.48 20.83 18.45 17.04 17.86 18.80 18.80 20.53 21.60 24.03 25.46 27.96 28.99 32.51 34.32 34.26 34.52 33.55 32.70 33.58 34.67 33.26 32.67 32.78 33.71 31.65 29.25 30.04 29.92 26.94 25.69 26.94 26.23 23.52 23.79 25.14 23.53 21.48 22.85 23.68 21.98 20.61 21.67 18.79 18.33 17.05 16.73 17.55 18.84 20.40 21.91 24.51 26.41 25.88 25.58 27.08 27.80 26.63 27.05 28.66 27.93 27.69 29.13 28.64 26.78 25.55 26.33 26.59 24.04 23.49 23.10 22.31 23.24 24.08 25.99 26.55 28.15 30.21 30.42 31.50 30.93 31.84 29.12 30.07 30.05 28.25 25.19 24.91 22.94 19.91 19.44 17.44 17.71 16.93 16.97 17.31 18.97 19.26 17.58 18.51 16.09 17.90 18.15 17.47 18.65 18.20 18.39 16.98 17.22 19.49 19.92 21.92 21.84 24.51 24.96 25.64 25.67 27.34 26.32 25.59 26.61 27.27 25.74 26.19 28.58 28.63 29.08 30.11 
15.80 14.53 11.60 10.53 9.11 10.72 9.81 9.74 12.48 14.15 16.20 19.17 19.07 19.36 18.74 18.39 14.80 14.54 11.83 12.25 10.50 8.55 8.66 7.93 6.85 5.30 0.00 6.21 6.20 8.59 11.14 14.31 16.45 19.31 22.60 24.94 26.18 26.78 27.45 25.67 25.65 23.48 24.88 22.67 20.57 20.94 20.37 16.78 16.02 17.16 15.10 12.19 13.90 13.72 10.41 9.73 8.41 10.29 11.26 12.68 15.16 18.18 21.08 23.61 25.67 29.27 31.88 33.92 34.45 34.90 34.77 32.88 33.59 31.87 28.07 26.80 27.80 25.00 21.96 22.45 23.91 21.58 19.74 20.91 21.67 20.44 20.61 20.62 19.92 19.16 17.95 15.66 14.44 14.95 15.87 15.80 18.23 19.28 21.23 22.94 25.70 26.80 30.15 32.06 32.14 32.14 31.72 30.85 31.77 32.69 31.44 30.53 30.66 31.42 29.41 26.99 27.43 27.51 24.51 23.34 24.61 23.74 20.82 20.96 22.31 20.82 18.34 19.84 21.01 19.37 17.27 18.79 16.14 15.13 13.88 13.54 14.86 16.20 17.64 19.57 22.16 23.76 23.02 23.21 24.97 25.43 24.17 24.88 26.52 25.60 25.41 26.55 26.08 23.83 23.23 23.93 23.96 21.05 20.55 20.17 19.59 20.35 21.48 23.15 23.64 25.68 27.69 27.87 28.53 28.33 29.08 26.20 27.06 27.07 25.17 22.16 22.03 20.35 16.93 15.74 14.56 14.90 14.40 15.14 15.97 18.09 18.66 17.25 18.17 16.39 18.49 18.09 16.61 17.95 17.51 17.56 15.68 15.73 17.47 17.93 19.47 19.71 22.61 22.98 23.39 23.91 25.66 24.45 23.38 24.91 25.45 24.10 25.32 27.70 28.57 28.66 29.71 
15.82 16.06 12.63 11.29 9.68 11.53 8.75 10.74 11.96 13.76 16.26 19.39 18.99 18.68 18.59 18.60 14.71 14.19 12.19 12.67 11.26 8.99 9.82 9.05 8.47 7.67 6.21 0.00 5.55 7.07 10.40 12.28 15.11 18.59 22.03 23.55 25.51 25.58 26.55 24.71 25.06 22.63 24.30 21.68 19.56 19.70 19.82 15.79 15.58 16.33 14.91 11.86 13.55 13.93 11.36 9.89 8.92 9.11 10.29 10.40 13.86 16.63 19.82 22.05 24.28 27.73 31.07 32.80 33.10 33.26 33.58 31.38 32.05 30.20 26.42 25.20 26.30 23.62 20.90 21.22 22.76 20.45 18.96 19.80 20.74 19.22 19.49 19.70 19.20 18.15 16.96 13.99 12.82 12.82 13.70 14.26 16.51 17.66 19.95 21.49 24.17 25.68 29.22 31.30 31.11 31.38 30.92 29.90 30.82 31.82 30.84 29.98 30.05 30.73 28.94 26.34 26.87 26.74 23.94 22.62 23.87 23.10 20.50 20.12 21.73 20.09 17.62 18.26 19.94 18.93 17.23 18.28 15.18 14.05 12.48 12.36 13.36 14.97 17.16 19.17 21.29 23.22 22.71 22.63 24.13 24.86 23.97 24.35 25.90 25.01 24.98 26.11 25.47 23.18 22.56 23.38 23.49 20.18 19.79 19.38 18.78 19.49 20.48 22.25 23.00 24.79 27.08 26.90 27.77 27.46 28.56 25.38 26.22 26.59 24.66 21.30 21.38 19.94 16.17 15.60 13.36 14.10 13.99 14.99 16.29 18.11 19.31 17.79 18.90 17.26 18.85 18.33 17.09 18.01 17.65 17.22 15.44 15.06 17.42 16.80 18.77 18.89 22.02 22.05 22.71 22.38 25.10 23.60 23.14 24.06 25.19 24.06 24.42 27.15 27.55 28.22 28.98 
16.11 14.88 11.66 11.03 9.78 9.67 6.84 8.66 10.41 10.27 12.73 15.92 15.79 15.58 16.18 16.75 12.62 12.66 10.73 12.43 10.53 8.53 9.62 11.33 9.51 8.46 6.20 5.55 0.00 4.91 6.13 9.50 11.92 15.07 18.23 20.06 21.92 23.23 23.67 21.94 22.20 19.72 21.48 19.10 16.38 17.11 17.07 13.49 13.03 14.16 12.76 10.68 12.32 12.80 10.63 10.05 7.41 8.54 7.78 8.29 10.20 13.71 15.64 18.24 20.00 24.00 26.85 29.18 29.26 29.71 29.64 28.00 28.66 26.96 23.45 22.32 23.71 21.17 18.36 18.71 20.23 17.99 16.69 18.10 18.56 17.11 17.57 17.81 17.26 16.07 15.31 12.89 11.28 10.79 11.21 11.55 12.92 14.15 16.42 18.23 20.80 22.39 25.51 27.96 28.02 28.18 27.81 26.97 27.98 29.17 28.10 27.31 27.75 28.69 26.71 24.13 24.76 24.74 21.86 20.45 21.90 21.21 18.44 18.34 19.73 18.42 16.00 16.77 18.04 17.05 15.80 17.13 14.15 12.36 10.44 10.70 11.13 12.18 14.58 16.85 19.14 21.39 20.67 20.47 22.05 22.94 22.01 22.64 24.01 23.36 23.04 24.30 23.83 21.53 20.82 21.78 22.11 18.83 18.06 17.43 17.02 17.39 18.10 19.84 20.76 22.64 24.39 24.52 25.05 24.96 25.77 22.63 23.34 23.40 22.04 18.77 18.73 16.60 13.89 12.52 10.99 11.49 12.16 13.18 14.44 16.89 18.48 17.04 18.40 16.82 18.25 17.55 16.53 17.57 16.63 16.27 14.14 14.29 15.45 14.63 16.67 17.13 19.72 19.89 20.59 21.26 23.29 22.30 21.91 23.39 24.33 23.69 24.18 26.73 27.18 27.95 28.55 
16.98 16.98 14.07 14.11 10.64 11.87 8.23 9.46 8.94 9.00 11.14 15.63 15.06 13.86 14.01 14.89 11.84 10.77 8.81 11.47 10.80 8.43 10.41 13.06 11.62 10.18 8.59 7.07 4.91 0.00 5.22 6.32 9.18 12.28 15.56 17.79 19.02 20.33 20.92 18.88 18.89 17.30 18.80 16.44 13.95 14.73 14.99 11.59 11.48 12.84 12.03 9.89 11.68 13.03 11.69 11.16 8.48 8.52 8.97 7.28 9.49 11.68 13.71 17.22 18.76 22.07 24.67 27.39 27.66 28.16 27.77 25.92 26.56 24.82 21.32 20.28 21.60 18.52 16.03 16.66 18.36 15.97 15.11 16.44 17.21 16.20 16.88 17.26 16.80 16.84 16.11 13.43 11.17 10.53 10.73 9.98 11.70 12.78 14.71 17.20 19.70 20.84 23.90 26.47 26.46 26.38 25.67 25.03 26.17 27.23 26.11 25.51 25.96 26.73 24.70 22.32 22.90 22.93 20.00 18.69 19.98 19.40 16.54 16.59 17.96 16.73 14.57 15.95 17.14 16.30 15.94 17.39 14.11 12.57 10.44 9.09 10.25 11.29 13.83 16.09 18.85 20.49 19.35 19.38 21.20 21.90 20.65 21.48 23.15 22.22 21.90 23.41 22.85 20.72 19.87 21.15 21.18 18.17 17.21 16.19 15.06 15.65 16.24 18.44 19.14 21.31 23.06 23.26 23.74 23.32 24.25 21.25 22.02 22.20 21.29 18.73 18.16 15.91 12.76 12.35 10.23 11.60 12.03 14.02 15.46 18.23 19.30 17.79 19.07 17.60 18.96 18.32 17.35 18.60 17.21 16.50 14.18 13.91 15.15 14.33 15.82 16.21 18.95 19.30 20.26 20.31 22.37 21.28 21.04 22.08 23.11 22.00 22.21 25.60 25.88 26.85 27.79 
