0.00 3.97 5.93 9.23 10.83 13.95 16.99 19.16 20.74 21.79 22.51 22.57 20.12 19.87 19.78 18.68 17.28 17.36 17.46 16.34 16.65 17.24 17.80 16.75 15.22 13.11 12.03 9.89 6.89 9.71 9.75 12.19 14.76 16.35 17.62 20.17 21.55 22.49 22.51 20.73 18.96 18.13 18.90 18.85 18.21 17.49 18.92 19.66 19.57 19.97 19.32 19.42 19.24 20.14 21.67 22.05 24.45 25.60 27.58 27.28 26.34 27.47 28.38 26.79 26.34 25.28 23.32 22.90 23.29 21.14 19.18 19.22 19.05 16.50 14.56 15.35 14.02 11.02 10.47 9.44 10.44 11.94 13.35 15.61 17.66 20.37 23.85 24.93 25.70 27.06 27.25 25.53 24.75 25.62 25.68 22.75 21.47 22.38 22.36 20.53 21.57 22.00 21.69 20.91 21.30 22.63 24.56 24.57 27.10 29.12 30.57 30.77 32.00 33.35 33.87 33.63 32.31 32.19 33.06 31.73 31.25 31.78 31.80 30.40 30.82 31.99 32.42 31.71 31.33 31.63 31.52 30.88 30.43 29.58 29.35 29.23 29.74 29.39 29.96 30.72 32.66 32.25 31.97 30.75 30.68 29.98 31.31 31.08 32.10 31.94 32.35 32.66 34.86 34.55 36.37 35.70 37.66 38.71 39.53 37.02 35.45 35.13 34.81 31.89 28.95 29.30 28.56 26.50 24.12 24.88 25.00 23.60 21.67 22.26 21.99 20.12 18.82 19.19 18.50 16.34 15.58 16.67 16.54 15.67 15.28 18.69 19.82 20.57 21.09 23.74 24.32 25.57 26.87 27.46 27.24 26.57 27.05 27.32 29.25 29.72 30.15 30.27 29.63 28.45 31.25 30.78 29.55 27.41 37.91 
3.97 0.00 4.36 6.70 9.75 12.59 15.53 17.57 19.37 21.07 20.14 20.55 18.46 18.47 18.97 17.10 14.88 15.06 16.15 15.12 14.33 15.79 17.27 16.14 13.71 10.88 11.21 6.60 4.60 5.76 6.88 9.83 12.05 14.20 15.52 18.14 19.94 20.67 21.12 18.88 17.60 15.70 17.69 17.14 17.01 15.93 18.46 18.87 18.10 18.88 17.99 18.02 16.96 17.97 19.08 19.74 22.27 23.38 25.40 25.21 24.25 25.65 26.66 24.86 24.47 23.76 21.69 21.10 21.75 19.62 16.96 17.42 17.51 14.68 12.31 13.02 12.67 8.86 7.84 7.88 8.52 9.62 10.76 13.38 16.47 19.18 22.03 23.67 24.13 25.72 25.85 24.31 23.06 24.26 24.58 21.60 20.26 21.23 21.16 18.95 20.78 20.62 19.85 18.69 20.04 21.00 22.50 22.53 25.43 27.33 28.34 28.64 29.82 31.44 31.06 31.35 29.50 29.48 29.97 29.02 28.37 29.05 28.94 27.99 28.13 29.71 29.80 29.59 28.97 29.62 28.77 28.55 27.87 27.04 26.36 26.35 27.05 26.92 27.15 28.27 30.34 29.83 28.77 27.92 28.37 26.96 27.97 27.83 29.15 28.74 29.21 29.53 31.98 31.75 33.92 32.92 35.01 35.89 37.42 34.31 32.96 32.77 32.90 29.77 26.59 26.92 27.06 24.85 22.21 23.01 23.50 22.15 20.07 20.54 20.83 19.07 17.60 18.05 18.06 15.89 14.52 15.95 16.21 15.51 15.02 18.26 19.50 19.99 20.13 22.60 23.34 24.65 26.21 26.25 25.41 24.69 25.53 25.20 27.23 28.20 29.02 28.03 27.18 27.01 28.60 29.32 27.38 27.32 35.91 
5.93 4.36 0.00 4.79 7.11 10.26 11.81 13.49 16.48 17.23 16.20 15.07 13.33 14.53 14.79 13.58 10.96 12.85 14.71 12.97 11.86 14.19 16.02 15.15 14.53 12.27 11.22 8.48 7.68 7.30 6.70 8.06 10.84 12.34 14.27 15.46 16.26 17.31 18.51 15.73 13.93 12.42 13.81 14.40 14.10 14.78 18.02 18.20 16.41 17.89 17.79 17.30 14.59 15.63 17.07 17.37 19.53 20.44 23.63 22.90 20.97 22.49 24.57 22.51 21.25 20.38 19.20 18.26 18.51 16.48 14.39 14.47 15.13 12.81 11.98 12.74 13.23 9.24 9.74 6.64 8.64 7.97 10.15 11.69 14.55 15.79 18.65 19.73 20.52 22.06 22.87 21.24 20.41 21.91 22.67 19.70 18.84 20.26 20.08 17.90 19.91 19.89 18.08 16.86 18.14 18.57 19.65 19.63 22.88 24.14 25.10 25.00 26.64 27.55 27.19 26.96 26.01 25.57 25.81 24.62 24.96 25.21 25.23 23.89 24.90 26.13 26.48 25.78 26.14 26.31 25.38 24.59 24.28 22.98 22.59 22.25 23.36 22.79 23.23 24.30 26.81 25.80 25.17 24.55 25.72 23.84 24.75 24.30 25.84 24.80 25.76 25.28 27.69 27.38 30.30 28.64 30.56 31.31 32.81 29.22 27.77 27.45 27.77 24.61 21.37 21.92 22.59 20.31 17.77 18.65 19.63 18.41 16.46 16.93 18.18 16.55 15.22 15.72 16.50 14.38 13.11 14.80 15.37 14.63 14.98 18.02 18.83 19.00 19.29 21.30 22.16 23.22 24.92 24.38 23.43 22.43 23.51 23.01 25.48 26.37 27.29 26.89 26.06 25.37 26.89 27.69 27.31 25.73 33.62 
9.23 6.70 4.79 0.73 5.45 8.29 10.65 13.15 14.39 16.30 16.26 16.63 13.68 13.85 15.66 14.29 12.53 13.58 15.67 14.27 13.19 15.67 17.84 16.90 16.18 14.53 14.81 10.28 10.60 8.66 7.88 5.45 8.74 10.85 11.38 13.12 14.66 16.03 15.81 13.74 13.42 11.07 13.14 13.09 13.53 13.55 16.76 17.49 15.81 17.07 16.42 16.41 13.91 14.66 15.39 15.71 17.63 18.92 21.60 21.43 19.19 21.05 22.52 21.24 19.83 19.24 17.77 17.47 17.84 15.55 13.36 13.69 14.21 10.89 8.73 10.83 12.66 9.28 8.11 5.75 9.37 8.98 9.10 10.50 13.11 14.47 16.41 17.99 18.29 20.33 20.20 19.63 19.07 20.92 20.92 18.82 18.42 19.89 19.32 17.52 19.60 19.72 17.48 16.36 17.12 17.62 17.89 18.02 20.45 21.79 22.25 22.81 23.99 25.45 24.49 25.28 24.35 24.32 24.05 23.70 24.06 24.33 23.73 22.87 23.74 25.16 24.97 24.77 24.88 25.18 23.66 23.53 23.19 22.15 20.66 21.28 22.13 21.82 21.35 23.07 25.40 24.47 23.19 23.40 24.75 22.68 22.68 22.67 24.17 23.00 23.22 23.27 25.46 25.16 27.63 26.55 28.23 29.47 30.40 27.33 25.58 25.84 25.44 22.56 19.01 19.92 20.06 18.50 16.11 17.47 18.27 17.23 15.71 16.09 17.15 15.80 14.91 15.27 15.62 14.02 13.08 14.45 14.70 14.18 14.80 17.43 17.85 18.03 18.44 20.10 20.53 21.90 23.88 23.27 22.21 21.62 22.61 22.05 23.97 25.45 26.98 25.71 24.63 23.83 26.06 26.69 26.68 25.64 37.71 
10.83 9.75 7.11 5.45 0.00 5.82 6.42 10.83 12.39 13.76 13.69 14.00 11.17 10.17 12.36 12.12 11.21 11.79 13.52 12.98 13.53 15.79 17.35 17.22 16.51 14.94 16.46 11.96 10.20 8.68 8.64 6.39 6.51 7.95 9.59 11.94 15.20 15.08 14.42 12.19 11.37 9.30 10.57 12.12 12.02 11.56 14.51 16.30 15.37 16.55 14.69 14.67 13.71 13.56 13.98 14.37 16.55 18.12 20.21 20.39 19.51 20.53 21.13 19.46 19.96 18.84 16.42 16.46 18.77 16.06 12.92 13.42 14.35 11.79 10.40 11.92 13.46 10.99 12.06 9.70 10.12 8.81 7.57 8.35 9.74 10.77 13.24 15.58 15.81 16.96 16.42 15.85 16.44 17.88 18.05 15.81 16.56 18.28 18.53 16.49 18.21 18.18 16.37 14.55 14.75 14.84 15.18 15.43 17.44 19.36 19.39 19.79 21.61 23.15 23.04 23.68 23.26 23.25 23.99 23.13 23.33 24.07 24.24 22.65 23.71 25.65 26.11 25.16 25.06 25.58 24.89 24.01 23.50 22.56 21.71 21.34 21.89 21.46 21.34 22.67 24.65 23.88 22.78 22.37 23.44 21.70 22.84 22.36 22.99 22.13 22.84 22.83 25.14 24.42 26.36 25.14 27.17 28.79 30.16 26.76 26.42 26.34 26.79 22.92 20.50 20.67 21.01 18.50 17.06 17.10 18.69 16.56 15.40 15.48 16.36 14.26 14.02 14.18 14.29 12.45 12.41 13.63 13.61 13.89 14.46 17.25 17.20 17.82 17.80 20.35 20.20 22.06 24.14 24.03 22.22 21.49 21.69 21.62 23.03 24.54 25.27 25.80 24.84 24.73 28.07 27.66 25.60 25.10 31.45 
13.95 12.59 10.26 8.29 5.82 0.00 6.33 7.62 11.30 12.18 13.45 13.73 12.05 11.52 12.85 12.08 11.77 12.49 14.81 13.89 14.11 17.37 19.12 18.69 18.22 16.79 18.56 15.47 12.88 11.71 9.96 8.64 7.50 7.66 8.74 12.55 14.91 15.68 14.48 11.72 11.16 7.85 11.13 12.31 12.50 12.81 16.86 17.84 15.97 18.12 15.75 16.02 13.51 13.78 13.42 14.09 16.59 17.50 19.29 20.05 18.51 19.83 20.36 18.67 19.42 18.33 15.98 16.03 18.56 15.99 13.45 13.93 15.08 12.86 11.98 13.91 15.17 13.28 14.29 13.40 12.05 9.47 7.80 8.03 9.76 10.47 11.79 14.55 15.48 16.75 15.72 15.14 15.97 17.83 18.03 16.21 17.05 19.18 18.91 17.52 19.49 19.68 16.84 15.17 14.88 14.74 14.63 15.17 17.51 19.14 18.90 19.45 21.08 22.65 21.78 22.90 22.02 22.02 22.32 21.97 21.89 23.09 22.87 22.08 22.94 25.26 25.12 24.91 24.73 25.23 23.99 23.39 22.73 21.75 20.71 20.55 20.68 20.46 20.36 22.07 24.29 23.38 21.85 21.79 23.09 21.10 22.05 21.86 22.48 21.93 21.89 22.27 24.19 23.73 25.34 24.10 26.04 27.66 28.72 25.41 24.86 24.90 24.99 21.86 19.00 19.32 19.94 17.61 15.63 15.74 17.48 16.51 15.27 15.54 16.75 14.97 14.74 15.30 15.64 14.08 13.89 15.64 15.44 16.02 16.28 19.32 18.77 19.31 19.20 21.40 21.27 23.17 25.30 24.79 22.69 21.79 22.10 21.52 23.21 25.16 25.89 25.62 24.24 23.76 26.88 27.01 25.23 26.02 33.74 
16.99 15.53 11.81 10.65 6.42 6.33 0.00 5.41 7.21 10.69 11.78 12.64 9.98 11.51 12.34 12.09 11.46 12.98 14.41 15.10 15.23 18.81 20.62 20.95 20.62 18.94 20.36 17.46 16.82 14.54 12.12 9.43 8.35 8.03 7.33 9.71 12.02 12.75 12.16 9.72 8.10 5.41 9.42 12.15 11.87 12.75 17.83 19.33 16.87 18.95 17.62 17.57 14.45 14.57 14.50 14.50 16.47 16.70 18.43 19.13 17.34 18.57 19.47 17.87 18.58 17.57 15.86 15.99 18.29 16.50 14.37 15.08 16.25 14.91 14.91 16.81 17.98 16.05 17.75 15.02 14.56 11.67 10.02 9.34 9.74 10.39 11.21 13.30 14.57 15.61 15.13 15.07 16.16 18.43 19.01 17.16 17.86 20.40 19.97 18.16 20.59 20.40 17.36 15.17 14.96 14.38 14.20 14.06 16.36 17.90 17.67 18.11 19.63 21.07 20.39 21.15 20.54 20.47 21.04 20.18 20.77 21.67 21.49 20.36 21.86 23.84 23.81 23.56 23.97 24.36 22.83 22.14 21.49 20.37 19.43 19.06 19.25 18.65 18.34 20.07 22.41 21.48 20.13 20.30 22.10 20.13 20.85 20.60 21.67 20.68 20.79 20.57 22.45 21.83 23.48 22.04 23.88 25.29 26.38 22.98 22.75 22.61 22.96 19.72 17.45 18.06 18.78 16.26 14.97 15.03 16.67 15.55 14.41 15.00 16.49 15.07 14.86 15.86 16.37 15.00 15.06 17.08 17.45 17.37 18.35 21.08 20.93 20.93 20.63 22.72 22.67 24.31 26.23 25.63 23.26 22.22 22.41 21.88 23.38 24.87 25.17 25.52 23.89 24.76 26.95 27.15 25.03 25.40 31.93 
19.16 17.57 13.49 13.15 10.83 7.62 5.41 0.00 6.20 7.85 9.71 12.61 11.21 11.76 13.29 12.84 12.56 13.94 15.26 15.78 17.13 19.97 21.88 22.73 22.70 20.95 22.42 19.86 18.89 16.68 14.31 11.74 9.59 9.54 8.84 9.41 12.16 13.39 12.68 9.28 10.66 8.53 10.89 13.31 14.30 14.72 18.83 20.23 17.85 19.90 17.89 18.85 16.01 16.17 15.26 15.24 17.04 16.96 18.00 18.49 16.58 18.54 18.38 17.26 18.73 17.83 15.52 15.96 19.08 17.11 15.75 16.59 18.17 16.70 16.27 18.73 20.27 18.05 19.29 16.88 16.00 13.79 12.38 10.47 10.40 9.18 9.93 11.96 13.31 14.73 14.24 14.72 16.55 18.83 19.49 17.89 19.11 21.40 20.90 19.25 21.55 21.55 18.61 16.39 15.53 14.98 14.15 13.89 15.65 17.18 17.28 18.04 19.21 21.06 19.65 21.14 20.02 19.99 20.62 20.41 20.95 21.97 21.76 20.92 22.29 24.25 24.13 23.84 24.20 24.37 22.85 22.00 21.74 20.39 19.32 19.12 19.58 18.90 18.33 19.80 22.32 21.28 19.94 19.77 22.01 19.28 20.50 19.98 21.86 20.64 20.58 20.34 22.06 21.16 22.82 21.55 23.58 24.95 25.91 21.88 21.80 21.46 22.18 18.51 16.44 16.88 17.53 14.92 13.85 14.76 16.11 14.93 14.46 14.57 16.61 15.47 15.45 16.36 17.34 16.06 16.41 18.29 18.47 18.52 19.34 21.75 21.49 21.76 21.21 23.22 22.99 24.56 26.37 25.95 23.42 22.60 22.86 22.31 23.38 25.76 26.47 25.91 23.58 23.90 26.76 26.12 24.06 25.11 33.75 
20.74 19.37 16.48 14.39 12.39 11.30 7.21 6.20 0.00 5.71 6.61 9.91 10.88 11.25 12.56 12.84 12.64 13.30 14.45 15.12 15.85 20.25 21.97 23.59 24.01 22.70 23.99 21.20 20.28 17.65 17.33 14.89 12.37 11.75 10.81 10.35 10.60 11.49 10.93 9.45 10.86 10.07 12.00 14.61 14.80 15.77 19.14 21.29 19.35 22.06 19.49 21.00 19.07 19.19 17.66 17.25 18.35 17.37 18.11 18.07 16.06 18.26 18.36 17.56 19.21 18.88 16.52 17.89 20.70 19.60 17.80 19.36 20.79 19.86 18.95 21.78 23.03 20.49 21.85 19.67 19.94 17.02 15.35 14.17 12.35 10.87 11.40 12.91 13.71 15.14 15.23 16.36 18.35 20.93 20.70 20.04 20.90 23.35 22.57 21.17 23.48 23.31 20.51 18.47 17.74 16.56 15.03 14.97 16.68 17.21 16.70 17.72 19.36 21.22 19.55 21.52 20.57 20.50 20.62 20.92 21.16 22.85 22.36 21.87 23.05 25.54 25.13 25.08 24.94 25.57 23.99 23.24 23.03 21.52 20.38 20.03 20.45 19.97 19.34 20.91 23.15 22.19 20.63 21.17 22.79 21.02 21.91 21.75 22.94 22.06 22.04 21.65 23.39 21.66 23.00 21.73 23.45 24.80 25.69 22.57 22.42 22.21 22.27 19.46 16.57 15.85 15.96 14.26 12.83 12.74 15.07 14.79 13.99 14.11 16.07 15.40 15.44 17.19 18.18 17.84 17.75 20.06 19.70 20.38 20.79 23.51 22.95 23.40 22.84 24.67 23.98 25.76 27.57 27.14 24.82 23.67 23.81 23.47 24.32 26.05 26.81 26.28 24.10 24.99 28.47 27.00 25.13 25.92 29.71 
21.79 21.07 17.23 16.30 13.76 12.18 10.69 7.85 5.71 0.00 6.46 8.18 9.35 11.47 12.08 12.77 12.51 13.62 13.77 15.16 16.49 19.90 22.52 23.72 24.85 24.01 25.35 22.93 22.13 19.90 18.03 16.53 13.28 13.78 11.60 12.83 12.93 12.30 11.86 10.53 11.24 10.20 12.94 15.47 13.67 15.66 20.05 21.85 19.95 22.80 20.51 21.77 20.00 19.89 18.43 18.20 19.13 18.29 19.30 19.28 17.39 19.91 20.47 19.85 21.58 21.09 18.91 19.92 22.67 21.57 19.71 21.16 22.74 21.79 20.90 23.70 25.32 23.31 24.09 22.74 22.34 19.91 17.68 16.22 15.05 14.36 14.29 15.70 16.25 18.32 17.65 18.77 20.66 22.88 23.04 21.89 22.98 25.14 24.45 22.77 25.28 25.16 22.80 20.19 19.75 18.59 17.18 16.51 18.07 18.77 18.67 19.17 20.83 22.76 21.24 22.49 21.72 21.67 22.32 21.67 21.80 23.75 23.93 22.90 23.91 26.47 26.37 26.12 26.04 26.65 25.28 24.29 24.10 22.46 21.62 21.01 21.58 20.94 20.63 22.31 24.59 23.70 22.34 22.72 24.53 22.80 23.93 23.00 23.96 23.05 23.29 22.48 24.03 22.17 23.63 21.85 23.68 25.08 26.11 22.88 22.73 22.60 22.76 20.38 16.41 15.88 16.42 15.47 12.50 12.22 14.85 15.73 14.84 15.06 16.81 16.28 16.82 18.43 19.46 18.77 19.07 21.21 21.18 21.38 22.05 24.91 24.21 24.54 23.94 26.10 25.12 27.01 28.78 28.36 25.80 24.69 25.13 24.65 25.96 27.79 28.55 27.69 25.47 25.70 28.63 27.82 26.03 26.09 30.80 
22.51 20.14 16.20 16.26 13.69 13.45 11.78 9.71 6.61 6.46 0.00 5.90 8.00 9.72 10.60 10.74 11.67 12.94 11.86 13.69 15.06 18.31 19.97 22.69 23.37 22.65 24.45 20.95 20.80 18.23 16.86 14.73 12.23 13.07 11.50 11.92 12.71 13.28 11.46 10.49 11.41 9.87 11.52 13.70 13.37 14.35 18.44 19.80 18.37 21.25 19.23 20.43 18.41 18.51 17.41 17.14 17.94 17.56 18.98 18.83 16.92 19.71 19.93 19.46 21.03 20.81 18.56 19.56 21.79 20.72 19.12 20.68 22.16 20.89 20.66 23.36 25.28 22.87 24.01 22.41 21.60 19.11 17.47 15.66 14.56 13.80 13.76 15.24 16.18 17.74 17.91 18.83 20.49 23.05 23.00 21.78 22.12 24.46 23.83 22.33 24.63 24.51 21.66 18.87 17.96 17.24 16.32 14.81 16.48 17.83 18.14 18.52 19.88 22.21 21.29 22.26 21.17 21.58 22.20 21.13 21.18 22.92 23.01 21.92 22.73 25.16 25.27 25.31 25.09 25.71 24.17 23.16 22.62 21.39 20.33 19.94 20.16 19.73 19.37 21.09 23.09 22.77 21.51 21.98 23.59 22.06 22.76 22.06 22.41 21.66 21.74 21.06 22.15 20.53 21.59 20.24 21.13 22.80 23.73 20.60 20.40 20.74 20.76 18.36 15.31 15.80 15.58 13.71 12.21 12.10 13.05 13.42 13.27 13.24 15.03 14.56 15.31 16.28 17.33 17.04 17.15 19.53 19.56 19.94 20.50 23.46 23.00 22.96 22.32 24.31 23.27 25.41 27.37 26.99 24.17 23.15 23.46 23.36 24.47 26.59 26.81 26.45 24.21 24.96 27.80 26.82 25.82 26.27 29.52 
22.57 20.55 15.07 16.63 14.00 13.73 12.64 12.61 9.91 8.18 5.90 0.00 6.65 9.10 9.25 10.01 10.10 11.89 12.01 12.86 14.29 17.35 19.56 20.83 22.68 21.57 23.28 20.02 19.30 16.80 15.51 13.14 12.02 12.45 11.79 12.42 14.11 14.86 13.54 10.29 12.05 11.23 11.52 13.64 13.43 13.96 16.31 18.58 17.11 19.90 18.16 19.44 17.72 17.94 17.00 16.83 17.36 17.34 19.15 18.85 16.90 19.93 19.79 19.18 20.56 20.40 18.37 19.35 21.86 20.68 19.02 20.44 22.19 20.61 19.95 22.56 24.50 22.17 23.05 21.79 21.48 18.63 16.95 15.59 14.80 14.31 14.30 16.52 17.07 18.63 18.43 19.17 21.01 23.44 23.44 21.89 22.58 24.80 24.04 22.76 24.47 24.57 21.68 19.17 17.92 17.79 15.63 14.86 16.21 17.95 18.02 18.91 20.14 22.70 21.52 22.91 21.39 21.88 22.73 22.23 22.03 23.83 23.78 22.81 23.52 25.99 25.58 25.71 25.20 25.59 23.87 22.96 22.58 21.14 20.18 19.78 20.33 19.78 19.34 21.02 23.47 22.89 21.32 21.71 23.47 21.54 22.03 21.64 22.27 21.44 21.31 20.93 22.53 20.94 21.95 20.44 21.63 23.26 24.45 21.16 21.27 21.61 21.70 19.34 16.14 16.63 16.61 15.26 12.88 13.21 14.01 13.48 12.32 11.75 14.17 14.24 13.58 14.61 16.33 15.59 15.67 18.19 18.39 18.54 19.34 21.97 21.55 21.93 21.20 23.19 22.74 24.66 26.74 26.23 23.61 22.52 23.35 22.74 23.73 25.92 26.94 26.05 23.61 24.43 27.14 27.07 25.18 26.02 28.64 
20.12 18.46 13.33 13.68 11.17 12.05 9.98 11.21 10.88 9.35 8.00 6.65 0.00 6.77 8.65 8.34 8.47 9.64 11.40 11.61 11.91 14.98 16.98 18.16 18.92 18.27 20.02 17.73 16.72 13.54 13.26 12.17 9.04 10.80 10.43 12.14 13.42 14.40 12.75 10.51 10.76 9.38 9.63 12.34 12.09 12.12 14.54 16.35 14.62 17.83 15.67 17.73 15.90 16.35 15.25 15.38 16.06 16.18 17.74 17.83 16.13 19.08 18.92 18.15 19.23 19.15 17.04 18.35 21.10 19.80 18.16 19.69 21.60 19.77 18.76 21.21 23.52 20.59 21.03 19.84 20.10 16.97 15.82 14.52 14.15 13.81 14.90 17.24 18.13 19.51 18.71 19.80 21.29 23.79 23.31 22.04 22.62 24.86 24.17 22.27 24.08 23.84 20.68 18.20 17.63 16.13 14.03 14.12 16.39 17.18 16.90 18.17 20.11 22.55 21.38 23.01 21.70 21.98 22.87 22.68 22.62 24.39 24.08 22.95 23.69 26.01 25.77 25.67 25.31 25.30 23.75 22.93 22.45 20.66 19.58 19.59 20.17 19.38 19.09 21.08 23.68 22.88 21.28 21.55 23.38 21.25 21.74 21.34 22.18 21.31 20.95 21.06 22.76 21.40 22.14 20.88 22.37 23.85 24.91 22.18 22.50 22.40 22.70 19.85 16.84 16.51 16.59 15.05 13.07 12.69 13.59 12.63 10.21 10.30 12.30 11.68 11.04 12.99 14.38 13.66 12.66 16.12 15.96 16.63 17.45 20.61 19.75 20.40 19.71 21.72 21.31 23.54 25.43 25.16 22.58 22.23 22.48 22.49 22.84 25.48 26.14 26.09 23.64 24.78 27.98 27.29 24.73 26.14 27.19 
19.87 18.47 14.53 13.85 10.17 11.52 11.51 11.76 11.25 11.47 9.72 9.10 6.77 0.00 6.58 8.47 6.42 6.91 8.08 9.81 9.87 12.60 14.50 15.86 16.63 15.70 18.32 15.02 13.98 10.79 11.53 8.36 5.77 8.28 10.31 11.66 13.21 13.94 12.92 10.99 9.84 8.80 9.26 11.52 9.32 11.11 12.91 13.85 11.23 16.02 13.83 15.20 13.78 14.40 13.66 14.23 14.99 15.36 17.57 17.83 16.65 19.74 19.74 18.71 19.69 19.40 17.38 18.35 20.89 19.45 17.60 19.04 20.55 19.05 17.96 20.62 22.21 19.64 20.30 19.06 19.05 16.02 15.11 13.69 14.00 14.22 15.80 17.30 18.81 19.91 19.64 20.26 22.14 23.75 23.52 22.38 22.76 24.96 23.96 22.25 23.84 24.00 21.01 18.47 17.63 16.72 14.99 15.22 17.12 18.35 18.17 19.27 20.85 23.37 22.58 23.70 22.42 22.93 23.69 23.15 22.94 24.49 24.63 23.30 24.02 26.22 25.76 25.44 24.87 25.14 23.71 22.82 22.45 20.60 19.72 19.39 20.20 19.16 19.29 21.35 23.63 22.98 21.54 21.68 23.11 21.11 21.69 20.66 21.37 20.42 20.50 19.96 21.74 20.39 21.69 20.01 21.73 23.65 24.73 21.79 22.06 22.39 22.86 19.84 16.72 17.02 17.18 15.40 13.54 13.64 13.98 13.31 11.57 11.56 12.37 11.57 11.26 13.03 13.60 13.27 12.74 15.49 14.90 15.60 16.75 19.82 18.80 19.45 19.07 21.01 20.32 22.77 24.78 24.32 21.78 21.01 22.08 21.25 22.52 24.47 26.17 25.25 23.30 23.87 27.09 26.79 24.70 25.17 26.78 
19.78 18.97 14.79 15.66 12.36 12.85 12.34 13.29 12.56 12.08 10.60 9.25 8.65 6.58 0.00 6.40 7.41 7.03 6.97 9.26 10.40 12.29 12.98 15.39 16.22 15.59 17.44 15.30 14.68 12.55 11.77 10.70 9.19 11.22 12.08 14.43 15.77 16.37 14.74 12.22 11.40 10.13 10.47 10.64 9.79 10.42 13.02 12.85 10.59 15.39 14.06 15.16 13.60 14.97 14.89 15.52 16.73 17.83 20.43 20.71 19.41 21.91 22.03 20.81 21.31 20.88 18.88 19.48 21.83 20.17 18.37 19.43 20.83 19.40 18.64 20.83 22.70 20.19 20.98 19.63 19.20 16.72 15.84 14.73 14.95 15.95 17.48 19.22 19.98 21.61 21.47 22.54 23.71 25.59 25.27 23.74 23.90 26.09 25.54 23.70 25.26 25.46 22.73 19.93 18.99 18.47 17.84 17.34 19.14 20.54 20.92 21.48 23.10 25.79 24.98 25.89 25.03 25.32 25.91 25.14 24.75 26.19 25.96 24.89 25.21 27.32 26.93 26.62 26.17 26.36 24.82 24.12 23.59 22.18 20.97 20.94 21.28 20.76 21.15 22.91 25.40 24.96 24.11 23.63 25.02 22.97 23.52 22.18 22.41 21.35 21.22 20.79 22.13 21.15 22.12 20.73 22.11 24.22 25.19 22.41 22.73 23.26 23.37 20.58 18.01 18.80 18.44 16.59 15.08 14.79 14.97 14.12 12.49 11.16 12.26 11.94 11.85 12.41 13.63 13.93 13.85 15.26 15.28 16.01 17.06 19.53 19.28 19.67 19.33 20.87 20.33 22.90 24.94 24.37 21.67 21.39 22.04 22.04 22.73 25.42 26.22 26.08 23.99 24.78 27.13 27.31 25.34 26.09 27.04 
18.68 17.10 13.58 14.29 12.12 12.08 12.09 12.84 12.84 12.77 10.74 10.01 8.34 8.47 6.40 0.00 5.94 8.34 6.85 7.43 9.59 11.78 12.89 13.52 14.06 13.28 15.66 12.32 12.78 9.92 10.25 9.12 10.33 11.71 12.78 14.88 17.15 17.65 16.26 13.57 13.66 12.34 11.81 12.78 11.33 10.48 12.32 13.13 11.04 14.31 13.10 14.29 13.15 13.83 14.36 14.81 16.03 17.09 20.16 20.56 18.71 20.95 21.60 20.73 20.85 20.07 18.38 18.83 21.29 19.54 17.47 18.47 20.36 18.68 17.66 19.76 21.57 19.13 19.52 17.81 18.05 15.76 15.13 14.24 15.05 16.01 17.97 18.96 20.18 21.50 22.05 22.03 23.53 25.13 25.13 23.24 23.41 25.57 25.00 23.09 23.91 24.27 21.89 19.26 18.29 18.07 17.41 17.27 19.20 20.52 20.65 21.39 23.04 25.60 24.64 25.97 24.65 24.83 25.37 24.83 24.66 25.74 25.80 24.58 25.17 27.09 26.52 26.06 25.50 25.67 24.08 23.31 22.94 21.59 20.60 20.27 21.11 20.53 20.73 22.57 25.00 24.60 23.30 23.33 24.63 22.31 22.43 21.43 21.78 20.62 20.49 20.16 22.13 20.80 22.04 20.73 22.44 24.21 25.41 22.69 23.06 23.15 23.39 20.84 17.66 18.16 18.19 16.54 13.60 13.35 13.74 13.47 10.77 8.55 10.40 10.80 9.44 9.86 11.69 12.44 11.06 13.62 13.98 14.85 15.17 17.95 17.53 18.28 17.29 19.15 18.82 21.53 23.20 23.02 20.27 19.82 20.71 20.20 21.71 23.83 25.50 24.66 22.88 23.94 25.95 26.15 24.50 25.18 26.69 
17.28 14.88 10.96 12.53 11.21 11.77 11.46 12.56 12.64 12.51 11.67 10.10 8.47 6.42 7.41 5.94 0.00 5.39 7.86 6.61 8.15 10.37 11.41 11.98 13.08 11.57 13.41 10.88 10.96 7.37 9.47 9.57 10.13 12.22 13.76 16.09 18.09 18.42 17.83 14.99 14.89 12.69 12.69 13.35 11.82 10.73 11.52 12.99 9.97 13.38 10.85 13.42 12.42 13.60 13.45 14.30 16.08 17.20 20.16 20.48 19.21 21.22 21.76 20.18 20.77 20.12 18.47 18.75 21.04 19.20 17.23 18.52 20.32 18.43 17.41 19.48 21.24 18.12 18.10 16.86 17.10 15.05 15.05 14.63 15.71 16.89 18.68 19.86 20.78 22.67 22.65 22.62 23.65 25.59 25.55 23.42 23.56 25.70 25.19 22.77 23.37 23.83 21.47 19.02 18.41 18.31 17.15 17.46 19.64 20.97 20.97 21.48 22.92 25.79 24.84 26.19 24.83 25.08 25.68 25.17 24.70 26.17 26.00 24.84 25.29 27.11 26.44 25.99 25.47 25.68 24.16 23.59 23.16 21.57 20.83 21.04 21.69 20.85 21.15 22.92 25.48 24.48 23.24 23.17 24.73 22.37 22.54 21.51 21.89 20.86 20.88 20.75 22.71 21.57 22.47 21.45 23.06 24.61 25.56 23.09 23.39 23.77 23.94 21.18 18.34 18.85 18.64 16.83 14.63 14.71 14.57 13.29 11.69 10.45 10.93 9.87 8.99 9.70 11.44 10.30 8.85 12.04 12.91 12.62 13.55 16.86 16.31 16.42 16.01 17.98 17.65 20.07 22.29 21.82 19.55 19.17 19.66 20.03 21.27 23.73 24.90 24.72 22.95 24.07 25.72 26.24 24.83 25.58 26.92 
17.36 15.06 12.85 13.58 11.79 12.49 12.98 13.94 13.30 13.62 12.94 11.89 9.64 6.91 7.03 8.34 5.39 0.00 5.58 7.91 6.58 8.18 9.86 11.20 12.29 11.76 12.31 9.86 10.10 8.00 9.37 10.09 10.53 13.43 15.76 18.68 19.57 19.56 19.36 16.22 14.81 12.91 13.00 12.75 9.73 9.89 11.40 10.60 7.49 11.53 10.50 11.85 12.21 13.60 13.89 15.11 17.59 19.04 21.95 22.31 21.52 23.94 24.18 22.48 23.31 22.35 20.60 20.62 22.57 20.17 18.34 19.37 20.92 18.52 17.63 19.75 21.27 17.97 18.25 17.04 17.45 15.59 16.03 15.81 17.10 18.71 20.63 21.45 22.90 24.36 24.14 24.43 25.47 26.89 26.92 25.32 25.23 27.03 26.38 24.36 25.04 25.10 22.98 20.42 20.37 19.94 19.41 19.53 22.00 22.65 23.27 23.63 25.31 27.81 27.07 28.17 27.14 27.25 27.85 26.97 26.84 27.94 27.76 26.41 26.88 28.61 27.81 27.23 26.72 27.02 25.58 24.94 24.58 23.24 22.43 22.41 23.21 22.44 22.97 24.77 27.06 26.23 25.07 24.95 26.31 23.94 24.25 22.96 23.27 22.14 22.30 21.85 23.85 22.68 24.01 22.59 24.33 26.26 27.61 24.65 24.99 25.51 26.03 22.68 20.01 20.83 20.75 18.38 16.40 16.51 16.03 15.00 13.38 12.59 12.48 11.66 10.71 11.91 12.03 11.90 11.08 13.08 13.10 13.20 14.40 17.39 16.61 16.97 16.37 18.73 18.01 20.77 22.80 22.41 19.95 19.79 20.48 20.31 22.02 24.26 26.01 25.35 23.57 24.67 26.96 27.69 25.84 26.78 28.63 
17.46 16.15 14.71 15.67 13.52 14.81 14.41 15.26 14.45 13.77 11.86 12.01 11.40 8.08 6.97 6.85 7.86 5.58 0.00 5.90 7.57 7.49 8.88 10.96 12.24 11.58 12.55 9.91 10.49 10.32 11.79 12.01 13.49 17.20 18.93 21.14 22.48 22.53 22.13 18.96 17.00 14.67 14.63 14.04 11.82 11.07 12.45 12.16 8.97 12.72 12.03 13.89 13.22 15.43 15.48 17.34 20.03 21.78 24.86 25.37 24.65 26.37 26.68 26.04 26.61 25.73 23.44 23.50 25.12 22.60 20.19 20.96 22.06 19.81 18.57 20.50 22.00 19.36 19.25 18.39 18.10 16.72 17.24 17.47 18.70 20.84 22.96 24.03 25.31 26.70 26.61 26.74 27.60 29.31 29.03 27.37 27.00 28.62 28.02 26.33 26.73 27.04 24.52 22.58 22.20 22.16 21.51 21.77 24.02 25.13 25.46 26.13 27.78 30.10 29.17 30.22 29.53 29.99 30.14 29.49 29.24 30.14 29.86 28.50 28.70 30.43 29.62 28.85 28.33 28.74 27.34 26.74 26.16 25.27 24.36 24.56 24.98 24.62 24.87 26.39 28.80 28.24 27.43 27.00 28.51 26.52 26.39 25.40 25.57 24.33 24.26 23.97 25.57 24.94 25.76 24.30 25.79 28.06 29.42 26.35 26.42 27.56 27.62 24.38 21.84 22.88 23.11 20.60 18.44 18.31 18.13 16.61 14.59 13.21 13.60 12.75 11.90 11.70 12.51 12.48 11.97 13.24 13.36 13.76 14.32 16.99 17.01 17.59 16.78 18.70 18.28 21.27 23.60 23.08 21.00 20.88 21.45 21.81 23.15 25.78 27.09 26.71 24.76 26.27 28.56 28.79 27.78 28.15 29.60 
16.34 15.12 12.97 14.27 12.98 13.89 15.10 15.78 15.12 15.16 13.69 12.86 11.61 9.81 9.26 7.43 6.61 7.91 5.90 0.00 5.58 8.06 7.90 8.76 10.13 8.91 11.40 8.42 9.46 9.27 11.55 12.09 14.62 17.76 19.05 21.20 22.78 22.89 22.76 19.45 18.26 16.43 15.75 15.70 13.59 11.91 12.51 13.11 10.88 12.54 11.48 13.30 13.24 14.11 15.36 16.96 19.09 20.78 24.33 24.98 23.70 25.22 26.02 25.46 25.91 25.09 23.03 22.92 24.33 22.04 19.36 19.49 20.78 18.64 17.32 18.58 20.01 17.81 18.16 16.36 16.76 15.55 16.34 16.33 18.07 20.21 22.28 23.13 24.36 26.01 25.78 25.71 26.67 28.32 28.08 26.38 25.96 27.83 26.82 25.04 25.51 25.83 23.47 21.42 21.16 21.41 20.98 21.20 23.65 24.62 24.79 25.76 27.51 29.83 28.82 30.21 29.56 29.58 29.93 29.41 29.36 30.06 29.89 28.38 28.67 30.43 29.63 28.61 27.94 28.39 27.20 26.40 26.10 25.13 24.29 23.98 24.91 24.32 24.24 25.99 28.04 27.83 26.40 26.55 27.95 25.85 25.92 25.02 25.41 24.38 24.27 23.87 25.78 24.71 25.64 24.35 26.01 27.96 29.31 26.33 26.85 27.47 27.70 24.72 21.90 22.98 23.00 20.90 18.49 18.51 18.32 16.73 14.83 12.89 13.07 12.43 11.12 10.48 11.57 11.64 10.61 11.88 12.74 12.99 13.68 16.17 16.51 17.21 16.21 18.37 17.88 20.74 22.77 22.45 20.32 20.05 20.72 20.65 22.31 24.55 26.23 25.61 23.71 25.49 28.10 28.76 26.89 27.84 30.00 
16.65 14.33 11.86 13.19 13.53 14.11 15.23 17.13 15.85 16.49 15.06 14.29 11.91 9.87 10.40 9.59 8.15 6.58 7.57 5.58 0.00 5.88 7.81 7.98 9.72 8.70 9.07 7.11 8.91 8.37 11.52 12.42 14.29 17.17 19.02 22.17 23.18 24.01 23.57 20.61 18.97 16.89 16.87 16.35 13.91 12.40 13.41 13.42 10.80 13.26 11.09 13.59 13.44 14.86 15.57 17.62 20.06 21.96 25.01 25.64 24.36 26.26 26.84 26.16 26.11 25.75 23.72 23.67 24.55 22.46 19.97 20.07 20.88 18.90 17.30 18.79 19.70 17.26 17.51 16.39 16.58 15.48 16.16 16.59 18.82 20.86 22.99 24.04 25.10 26.54 26.08 25.76 26.08 28.21 27.88 26.15 25.79 27.68 26.97 25.03 25.29 25.99 23.79 21.84 21.27 21.88 21.58 21.95 24.10 25.29 25.41 26.08 27.99 30.49 29.58 30.92 30.09 30.77 30.98 30.59 30.32 31.48 30.87 29.42 29.44 31.33 30.38 29.76 28.98 29.47 27.91 27.57 27.19 26.25 25.18 25.51 26.25 25.53 25.02 26.73 29.00 28.33 27.16 27.17 28.54 26.91 26.83 26.16 26.43 25.64 25.55 25.46 26.95 26.02 26.06 25.29 27.20 28.81 29.67 27.36 27.69 28.58 28.31 25.44 22.81 23.91 23.95 21.83 19.91 20.19 19.71 18.01 16.48 15.29 14.41 13.01 12.22 11.91 11.90 11.52 10.51 12.32 12.46 13.06 13.94 16.97 16.00 17.12 16.64 18.89 18.13 21.19 23.37 23.16 20.68 20.57 21.00 21.74 23.17 25.62 26.75 26.54 24.89 26.66 30.09 29.58 28.28 29.04 30.69 
17.24 15.79 14.19 15.67 15.79 17.37 18.81 19.97 20.25 19.90 18.31 17.35 14.98 12.60 12.29 11.78 10.37 8.18 7.49 8.06 5.88 0.00 6.73 8.92 9.07 9.96 11.44 8.82 11.65 12.12 14.08 15.56 17.94 21.27 23.53 25.95 26.82 26.75 26.56 23.92 22.13 20.10 19.23 18.29 15.64 14.71 14.96 14.16 11.26 14.41 13.72 14.99 15.31 17.44 18.91 20.79 23.28 25.10 28.05 28.91 27.89 29.89 30.18 29.41 29.66 28.97 26.78 26.94 27.90 25.24 22.60 23.08 23.44 21.03 19.31 20.81 21.21 18.77 19.02 18.60 18.83 18.12 19.06 19.42 21.60 23.95 25.96 27.26 28.29 29.45 28.67 28.93 29.21 30.38 29.78 28.53 28.01 29.63 28.63 26.86 27.69 28.23 25.96 24.41 24.34 24.86 24.94 25.56 27.84 29.05 28.97 30.16 31.45 34.32 32.88 34.82 33.74 34.15 34.07 33.65 33.16 34.42 33.50 32.03 31.91 34.04 33.12 32.71 31.47 32.31 30.67 30.46 29.99 29.25 27.89 28.11 28.77 28.27 27.80 30.06 31.73 31.68 30.08 30.47 31.41 30.03 29.92 29.08 29.18 28.76 28.63 28.43 29.90 28.88 29.37 28.47 30.22 32.42 33.24 30.84 30.97 31.71 31.78 28.75 25.91 27.39 27.30 25.09 22.78 23.25 22.96 21.31 19.59 18.34 17.38 15.82 15.13 14.81 14.21 13.74 13.32 14.19 14.20 14.03 15.37 18.28 18.17 18.79 18.60 21.05 20.58 23.71 25.89 25.87 23.24 22.94 23.70 23.99 25.58 28.12 29.33 28.91 26.74 28.32 32.00 31.78 29.34 29.95 32.33 
17.80 17.27 16.02 17.84 17.35 19.12 20.62 21.88 21.97 22.52 19.97 19.56 16.98 14.50 12.98 12.89 11.41 9.86 8.88 7.90 7.81 6.73 0.00 6.91 7.34 8.40 11.53 10.60 12.15 13.77 16.78 17.45 20.00 24.14 25.98 29.05 29.51 29.45 29.10 26.24 24.60 21.70 20.67 19.92 18.14 15.95 15.83 15.68 13.52 15.34 14.29 16.92 16.77 18.86 19.96 22.82 25.38 27.35 30.04 31.15 30.66 32.13 32.26 32.19 32.64 31.85 29.28 29.38 30.58 27.64 24.86 24.81 24.99 22.03 19.93 21.19 21.46 18.56 19.52 19.37 19.35 19.05 20.58 21.16 23.18 25.78 27.86 29.30 30.74 31.20 30.31 30.34 31.36 32.35 31.47 29.92 29.83 30.96 29.92 28.25 29.30 29.61 27.34 25.92 26.13 26.85 27.05 27.79 30.25 31.23 31.75 32.27 34.13 35.92 35.27 36.68 36.27 36.50 36.47 35.88 35.35 36.33 35.29 33.78 33.49 35.46 34.51 33.90 32.89 33.71 32.30 32.03 31.62 30.88 29.95 30.22 30.60 30.02 29.51 31.15 33.55 32.92 31.94 31.79 33.48 31.86 31.77 31.03 31.28 30.73 30.64 30.18 31.39 30.96 31.67 30.32 31.80 33.87 35.39 32.75 32.75 33.68 33.82 30.78 27.94 29.06 29.47 27.18 25.10 25.36 25.19 23.51 21.29 20.36 19.07 17.69 16.26 15.85 15.12 14.76 13.02 13.70 13.77 14.75 14.21 17.31 17.04 18.93 18.27 21.17 20.76 24.24 26.25 26.65 24.90 24.34 24.73 25.46 26.98 29.28 30.04 29.71 27.51 28.98 32.26 31.73 30.39 30.79 32.29 
16.75 16.14 15.15 16.90 17.22 18.69 20.95 22.73 23.59 23.72 22.69 20.83 18.16 15.86 15.39 13.52 11.98 11.20 10.96 8.76 7.98 8.92 6.91 0.00 6.42 7.72 9.69 10.23 12.35 14.49 17.12 18.91 20.01 24.48 27.32 29.31 30.06 29.89 29.80 26.69 25.09 22.95 22.16 21.54 19.52 17.21 17.04 17.61 15.48 16.24 14.84 17.28 17.94 19.29 20.78 23.09 25.80 27.54 30.24 31.59 30.79 32.45 32.49 32.27 32.86 32.09 29.41 29.29 30.44 28.01 24.84 24.55 24.85 22.41 19.88 20.57 20.61 18.31 19.17 18.28 18.57 18.61 20.47 21.24 23.34 25.48 27.84 29.02 30.34 30.90 30.21 30.17 30.92 31.76 30.73 29.35 29.18 30.26 29.10 27.37 28.58 28.95 26.73 25.57 25.80 26.87 27.38 28.36 30.75 32.00 31.97 33.26 34.53 37.32 36.00 38.28 36.87 37.39 37.03 36.68 36.09 37.11 35.96 34.59 34.05 36.15 34.90 34.37 33.26 33.83 32.48 32.56 31.98 31.47 30.19 30.42 30.97 30.63 29.96 32.17 33.79 33.84 31.93 32.53 33.63 32.24 31.69 31.39 31.55 31.29 30.78 30.78 32.18 31.58 32.03 31.46 32.66 35.17 36.11 34.09 33.78 34.71 34.66 31.91 28.98 30.29 30.18 28.23 25.66 26.31 26.16 24.54 22.46 21.23 20.53 18.42 17.26 16.43 16.12 15.15 13.97 13.84 14.34 14.43 14.01 17.00 17.00 18.18 18.05 21.09 20.99 24.04 26.12 26.53 24.63 24.19 25.03 24.92 26.76 29.34 30.46 29.57 27.10 28.59 32.05 31.80 29.48 29.83 32.11 
15.22 13.71 14.53 16.18 16.51 18.22 20.62 22.70 24.01 24.85 23.37 22.68 18.92 16.63 16.22 14.06 13.08 12.29 12.24 10.13 9.72 9.07 7.34 6.42 0.00 5.83 8.76 9.66 11.96 13.91 17.35 18.69 20.97 24.02 26.46 29.37 30.66 31.00 30.55 26.97 25.34 23.40 22.96 21.68 19.62 17.46 17.99 18.06 15.03 16.70 14.10 16.83 17.20 19.01 19.82 22.50 25.58 27.62 30.56 31.39 30.94 32.46 32.69 31.72 32.31 31.41 28.88 28.58 29.72 27.55 24.81 24.37 24.78 22.30 19.82 20.17 20.35 17.45 17.64 16.88 17.63 17.70 19.49 20.59 23.11 25.37 27.71 28.78 29.63 30.27 29.64 28.90 29.34 29.95 29.35 27.61 27.71 28.83 28.05 26.08 27.29 27.81 26.24 24.82 25.14 26.29 27.09 28.01 31.03 31.98 32.56 32.86 35.31 37.15 37.11 38.25 38.03 37.49 38.00 37.03 36.57 37.41 36.60 34.87 34.87 36.26 35.42 34.55 33.74 34.07 32.87 32.77 33.02 31.55 30.80 30.80 31.63 30.77 30.75 32.15 34.60 33.59 32.54 32.18 34.13 31.91 32.04 31.37 32.03 31.01 30.84 30.95 32.62 31.57 32.23 31.55 33.70 35.23 36.75 34.09 34.82 35.36 35.12 32.50 29.64 30.65 30.57 28.46 26.18 26.60 26.53 25.04 23.38 22.38 21.05 19.44 18.20 17.22 16.35 15.31 13.83 13.82 13.93 14.08 13.31 16.40 15.94 17.10 17.59 20.76 20.69 23.42 25.61 26.21 23.98 23.88 24.53 25.04 26.60 29.12 29.78 29.48 26.99 28.35 31.41 31.38 29.58 30.17 31.41 
13.11 10.88 12.27 14.53 14.94 16.79 18.94 20.95 22.70 24.01 22.65 21.57 18.27 15.70 15.59 13.28 11.57 11.76 11.58 8.91 8.70 9.96 8.40 7.72 5.83 0.00 6.81 7.88 9.83 11.73 15.44 17.35 19.52 23.33 25.14 27.93 29.63 28.68 28.54 24.84 23.44 21.35 20.48 19.43 17.76 15.69 15.88 15.59 12.78 14.53 12.57 14.57 15.25 17.12 18.17 20.24 23.95 25.76 28.43 29.14 29.01 30.38 30.78 29.60 30.68 29.20 26.88 26.43 27.96 24.96 22.49 22.31 22.83 20.06 17.79 18.55 18.29 14.55 14.49 13.29 15.05 15.26 16.61 17.53 20.52 22.99 25.14 26.28 27.40 28.01 26.97 26.82 27.37 27.77 26.89 25.33 25.51 26.45 25.54 23.62 25.24 25.57 23.85 22.58 23.46 24.27 24.71 25.77 28.76 29.79 30.23 31.16 33.15 35.47 34.67 36.37 35.53 35.47 35.69 34.96 34.50 35.38 34.22 32.67 32.17 34.14 33.35 32.50 31.52 31.78 30.81 30.42 29.93 29.09 28.02 28.20 29.06 28.22 28.00 29.86 32.10 31.64 30.26 30.25 31.78 29.87 29.92 28.93 29.57 28.87 28.84 28.58 30.24 29.37 30.50 29.88 31.84 34.00 35.48 33.34 33.43 34.04 34.29 31.35 28.23 29.48 29.62 27.02 24.57 25.12 24.97 22.99 21.38 20.27 19.08 17.31 16.50 15.32 14.46 13.42 12.22 11.04 11.70 11.29 11.22 13.30 13.37 14.50 14.89 17.72 18.01 20.93 23.32 23.76 21.44 21.23 22.86 22.46 24.07 26.84 28.54 27.26 25.11 26.45 30.24 30.20 27.92 28.65 30.58 
12.03 11.21 11.22 14.81 16.46 18.56 20.36 22.42 23.99 25.35 24.45 23.28 20.02 18.32 17.44 15.66 13.41 12.31 12.55 11.40 9.07 11.44 11.53 9.69 8.76 6.81 0.00 6.62 7.90 11.43 13.62 16.80 20.05 23.58 26.31 28.43 29.52 30.03 29.64 25.95 24.00 22.06 21.10 20.06 18.66 16.43 16.52 16.60 14.60 16.09 13.50 16.10 16.42 18.08 18.66 21.19 24.73 26.59 28.94 30.00 29.53 31.15 31.31 30.68 31.78 30.43 27.78 27.42 29.02 26.10 23.06 23.24 23.71 20.52 18.70 19.46 19.87 15.04 16.22 14.39 16.09 15.59 17.76 18.28 21.49 23.61 25.46 26.86 28.27 28.43 26.98 26.97 27.80 28.50 27.55 25.79 26.09 27.30 26.29 24.59 26.27 26.45 24.74 23.61 24.57 25.20 25.74 26.68 29.65 30.67 31.45 31.88 34.30 35.76 35.41 36.61 36.33 36.17 36.39 35.57 35.23 35.66 34.88 32.98 32.97 34.59 34.04 32.99 32.42 32.70 31.89 31.23 30.89 29.71 29.27 29.22 29.91 28.92 28.83 30.39 33.14 32.36 31.27 30.87 32.77 30.78 30.67 29.85 30.37 29.60 29.79 29.29 30.69 30.32 31.45 30.67 32.48 34.66 36.90 34.28 34.35 35.29 35.66 32.50 29.64 30.46 31.00 28.54 26.30 26.47 26.47 24.54 23.13 22.05 21.30 19.40 18.55 17.37 16.85 15.66 13.68 11.95 13.15 13.87 11.73 14.37 15.17 16.90 16.38 19.27 19.89 23.08 25.03 25.49 23.96 23.41 24.15 24.52 25.80 28.37 29.35 28.81 26.34 27.52 30.79 30.49 28.67 29.16 30.57 
9.89 6.60 8.48 10.28 11.96 15.47 17.46 19.86 21.20 22.93 20.95 20.02 17.73 15.02 15.30 12.32 10.88 9.86 9.91 8.42 7.11 8.82 10.60 10.23 9.66 7.88 6.62 0.00 5.90 7.49 10.69 13.16 16.06 19.96 22.78 25.52 25.63 26.49 26.17 21.85 20.66 18.96 18.21 16.94 15.55 12.88 13.85 13.63 12.29 13.62 11.47 12.85 13.00 14.42 15.40 17.77 21.13 23.23 25.83 26.64 26.21 28.39 28.53 27.60 28.63 27.30 24.69 24.03 25.92 22.98 19.96 19.84 20.49 17.44 15.75 16.34 15.67 11.28 12.74 10.65 11.40 12.04 14.05 15.03 17.43 19.83 21.71 23.43 24.50 25.15 23.75 23.73 24.71 25.42 24.40 22.61 23.04 24.07 23.01 21.41 23.03 22.91 21.00 20.15 20.90 21.90 22.50 23.60 26.42 27.93 28.33 29.12 31.22 33.09 32.68 33.94 33.53 33.50 33.67 32.95 32.67 33.34 32.32 30.91 30.82 32.85 31.88 30.78 30.08 30.45 29.43 28.73 28.17 27.32 26.54 26.39 26.90 26.24 26.21 27.93 30.27 29.71 28.47 28.45 30.14 28.11 27.95 27.42 27.82 27.04 26.91 26.72 28.39 28.04 29.44 28.69 30.73 32.99 34.96 32.21 32.64 33.36 33.68 30.52 27.61 28.75 28.91 26.28 24.08 24.34 24.30 22.34 20.29 19.46 18.68 16.98 15.95 15.06 14.33 12.95 10.55 10.09 11.26 10.58 9.34 12.25 13.69 13.75 13.52 16.48 18.09 20.48 22.46 22.93 21.53 21.10 22.01 21.48 23.50 25.18 27.06 25.85 23.97 25.10 28.13 27.93 25.68 26.67 28.56 
6.89 4.60 7.68 10.60 10.20 12.88 16.82 18.89 20.28 22.13 20.80 19.30 16.72 13.98 14.68 12.78 10.96 10.10 10.49 9.46 8.91 11.65 12.15 12.35 11.96 9.83 7.90 5.90 0.00 6.05 7.83 12.24 13.04 18.17 20.33 23.17 24.27 24.72 24.48 21.23 19.56 17.51 16.77 16.20 14.31 11.95 13.22 14.20 12.32 13.77 11.00 12.47 11.98 12.77 13.60 15.95 19.44 21.43 24.35 25.39 24.49 26.94 27.03 26.04 26.61 25.66 23.23 22.57 23.77 21.65 18.61 18.67 18.59 16.76 14.51 15.65 15.09 11.22 12.79 10.80 11.73 11.86 13.42 14.36 16.56 18.63 20.89 22.19 22.83 23.23 22.18 22.13 22.20 23.48 22.76 21.08 20.85 22.29 21.62 20.20 21.46 21.46 19.95 18.82 19.34 20.13 20.86 21.92 24.69 26.30 26.56 27.40 29.61 31.43 31.07 32.25 32.01 32.08 32.64 31.76 31.74 32.26 31.65 29.97 30.62 32.02 31.45 30.29 30.04 30.11 29.06 28.30 28.12 26.74 26.20 25.99 26.56 25.83 25.94 27.38 30.16 29.21 28.17 27.86 29.65 27.41 27.37 26.70 27.18 26.20 26.54 26.37 27.94 27.72 29.09 28.39 30.51 32.67 34.39 31.88 32.39 32.98 33.25 30.32 27.93 28.38 28.80 26.27 24.30 24.34 24.34 22.34 21.01 19.82 18.93 17.22 17.13 16.12 15.19 13.83 12.49 12.47 12.68 12.51 11.52 14.74 15.26 15.95 15.25 18.30 18.84 21.02 22.99 23.41 21.89 21.28 21.42 21.82 23.73 25.64 26.85 26.43 24.11 25.44 28.25 27.75 25.09 26.22 27.54 
9.71 5.76 7.30 8.66 8.68 11.71 14.54 16.68 17.65 19.90 18.23 16.80 13.54 10.79 12.55 9.92 7.37 8.00 10.32 9.27 8.37 12.12 13.77 14.49 13.91 11.73 11.43 7.49 6.05 0.00 6.54 7.28 10.94 14.33 16.53 19.58 20.77 21.76 20.37 17.40 16.10 14.93 13.52 14.05 12.45 10.53 11.90 13.43 11.67 13.57 10.38 11.71 10.49 10.81 11.50 13.84 17.02 19.29 21.99 22.98 21.72 23.90 24.20 22.97 23.25 22.12 19.89 19.80 20.89 17.83 15.41 15.98 16.79 14.03 12.73 13.77 13.68 9.92 11.35 9.94 11.58 11.00 12.12 12.28 14.52 16.52 18.23 19.50 20.17 20.52 19.11 19.42 20.16 20.89 19.60 18.15 18.37 19.79 19.03 18.14 19.62 20.04 17.73 16.83 16.97 17.83 17.92 19.57 22.11 23.73 23.82 25.17 26.97 28.93 28.12 29.88 29.22 29.33 29.66 29.19 29.00 29.56 28.68 27.63 27.94 29.78 28.84 28.00 27.38 27.79 26.53 26.18 25.47 24.63 23.18 23.24 23.32 23.00 22.94 24.91 27.25 26.78 25.53 25.60 26.69 25.06 25.24 24.33 24.68 24.18 24.46 24.26 25.92 25.73 27.57 26.91 29.02 31.26 33.02 30.59 31.06 31.67 31.72 29.13 26.19 27.18 27.35 25.02 22.62 23.04 22.94 20.95 19.25 18.47 17.72 16.07 15.87 15.46 14.41 12.93 12.40 12.66 12.77 12.74 12.78 15.32 15.10 15.59 15.49 17.38 18.22 20.39 22.60 22.49 20.67 20.05 20.65 20.43 22.18 24.28 25.74 24.65 22.60 23.12 26.11 25.98 23.23 24.29 26.73 
9.75 6.88 6.70 7.88 8.64 9.96 12.12 14.31 17.33 18.03 16.86 15.51 13.26 11.53 11.77 10.25 9.47 9.37 11.79 11.55 11.52 14.08 16.78 17.12 17.35 15.44 13.62 10.69 7.83 6.54 0.00 6.23 7.97 12.82 13.91 17.37 18.66 20.14 19.52 16.16 14.69 12.93 12.32 12.61 12.03 10.28 12.26 13.96 13.54 14.93 12.01 12.30 11.04 10.76 11.12 12.79 16.25 17.69 21.18 21.43 20.09 22.37 22.56 21.00 21.44 20.51 18.59 17.74 19.37 16.50 14.09 14.87 15.84 12.14 12.13 12.89 13.55 8.44 12.09 9.61 11.82 11.03 12.44 11.98 14.28 15.72 17.18 18.33 18.89 18.84 17.38 17.86 18.02 19.38 18.16 17.11 17.39 19.19 18.61 17.72 19.61 19.74 17.88 16.62 17.05 17.13 17.65 18.65 21.13 22.64 22.80 23.84 25.65 27.53 26.95 28.52 28.11 28.14 28.44 27.80 27.86 28.21 27.62 26.31 27.09 28.45 28.13 27.16 26.84 27.08 26.19 25.20 24.93 23.53 22.78 22.03 22.30 21.74 21.85 23.33 25.98 25.16 24.06 23.90 25.63 23.72 24.34 23.48 24.03 23.22 23.91 23.65 25.75 25.47 27.34 26.82 28.91 31.08 33.18 30.66 31.31 31.92 32.31 29.28 26.88 27.35 27.66 25.22 23.20 23.47 23.39 21.58 19.92 19.40 18.47 16.80 16.60 16.42 15.96 14.60 13.83 14.22 14.63 14.85 14.65 17.46 16.80 17.15 16.77 18.85 19.06 21.67 23.86 23.48 21.33 20.76 21.42 21.65 23.21 25.56 26.65 26.01 23.79 24.65 26.93 26.47 24.96 25.27 26.88 
12.19 9.83 8.06 5.45 6.39 8.64 9.43 11.74 14.89 16.53 14.73 13.14 12.17 8.36 10.70 9.12 9.57 10.09 12.01 12.09 12.42 15.56 17.45 18.91 18.69 17.35 16.80 13.16 12.24 7.28 6.23 0.00 6.13 7.80 11.15 13.94 14.91 16.71 16.26 13.54 12.30 10.78 10.62 12.24 11.52 9.87 12.48 15.07 13.92 16.30 12.54 12.65 10.56 9.73 9.67 10.80 13.55 14.76 17.81 18.96 18.17 20.29 19.98 18.26 19.24 18.22 15.21 14.78 17.32 14.28 11.97 13.17 13.46 10.06 9.99 12.37 11.71 7.30 11.03 10.58 11.03 10.30 11.44 10.75 12.54 13.45 14.92 15.40 16.05 16.18 14.98 15.11 15.94 17.33 16.31 15.13 15.91 17.90 17.78 16.86 18.98 19.13 17.04 15.51 15.69 15.79 16.27 17.10 19.17 20.93 21.16 21.94 23.70 25.63 24.90 26.65 26.09 25.92 26.32 25.76 26.05 26.57 25.91 25.06 25.96 27.56 26.87 26.20 26.13 26.17 24.85 23.99 23.70 22.41 20.82 20.26 20.19 19.74 19.41 21.62 24.03 23.26 21.60 22.22 23.99 22.05 22.44 22.09 22.66 22.00 22.51 22.62 24.83 24.67 26.67 26.20 28.52 30.80 32.47 30.01 30.44 31.23 31.57 28.79 26.00 27.03 27.22 24.82 22.59 23.14 23.17 21.37 19.73 19.04 18.51 16.76 16.42 16.56 16.19 15.10 14.49 15.33 15.52 15.79 15.79 18.61 18.32 18.04 17.74 19.51 19.99 22.03 24.24 23.68 21.59 20.92 21.68 21.36 23.01 25.13 26.70 25.38 23.35 24.07 26.31 26.35 23.97 24.62 26.69 
