0.00 4.75 5.74 8.88 11.01 13.82 17.84 19.82 22.77 24.75 27.36 29.06 30.14 29.49 29.06 28.49 27.60 25.62 23.40 21.05 19.41 16.34 16.04 14.49 13.13 12.34 13.48 13.99 14.10 15.08 16.54 17.30 18.56 20.81 23.46 23.64 25.42 26.43 26.96 26.15 26.08 26.05 25.46 25.39 23.45 22.41 20.55 20.51 18.12 17.43 16.67 16.13 13.54 14.11 14.55 13.47 12.65 12.99 12.37 11.52 9.69 10.74 12.07 12.21 14.99 16.52 20.18 21.93 24.66 27.34 28.10 27.44 29.14 30.48 30.49 28.81 29.62 30.28 30.17 29.66 31.27 31.65 31.60 32.06 33.31 33.20 33.60 33.10 33.96 33.95 34.22 34.87 34.33 33.63 33.32 32.17 31.21 30.62 30.89 29.68 27.77 27.29 28.25 27.05 25.54 26.25 27.08 24.77 23.94 25.05 25.85 23.28 22.91 22.35 24.23 23.21 23.79 23.49 24.58 25.19 25.08 24.41 24.77 23.62 22.37 22.71 22.20 20.95 20.91 20.61 19.33 20.85 21.93 20.69 20.00 22.41 22.80 21.61 21.73 23.36 23.54 23.64 24.44 23.55 23.14 23.15 24.55 24.70 24.26 24.35 25.51 31.73 
4.75 0.00 2.88 5.30 9.59 12.08 15.35 17.96 21.07 23.46 25.72 27.45 29.09 28.46 28.63 27.46 26.05 24.29 21.62 19.24 16.14 14.04 12.86 11.29 9.60 9.45 11.03 12.74 12.33 13.16 14.79 16.05 16.84 19.36 22.12 22.64 23.73 25.07 25.55 24.88 24.29 25.13 24.37 24.59 21.98 21.17 19.49 19.64 17.00 15.68 15.08 14.85 11.53 13.06 13.28 12.38 10.42 12.40 11.38 10.48 7.48 9.23 8.99 10.17 11.45 16.03 16.90 20.68 22.39 26.17 26.99 25.86 27.38 29.00 28.67 26.85 27.66 28.65 28.32 27.98 29.73 30.23 30.04 30.78 32.16 32.09 32.27 31.83 32.83 32.70 32.80 33.60 33.36 32.38 31.75 30.92 30.17 29.35 29.44 28.44 26.30 25.89 27.31 26.29 24.32 25.36 26.30 23.81 22.70 23.75 24.83 21.86 22.01 20.77 22.68 20.91 21.78 21.21 22.69 23.57 23.15 22.78 22.88 22.06 20.10 20.30 19.86 18.55 19.01 18.43 17.18 18.99 20.46 18.62 18.35 20.76 21.00 19.41 20.06 21.50 21.35 21.03 23.06 22.19 22.25 21.66 23.43 23.30 22.62 24.41 24.27 31.79 
5.74 2.88 0.00 3.30 6.77 9.22 12.02 14.70 17.32 19.44 21.83 22.58 23.59 23.97 23.92 22.39 20.74 19.36 17.15 14.43 12.58 9.79 8.79 7.53 6.68 7.01 9.30 10.59 10.29 9.83 11.41 12.74 13.89 16.16 18.81 18.38 19.33 20.74 21.21 20.05 19.19 20.08 19.35 19.31 16.42 16.42 15.36 15.21 12.08 11.58 11.25 10.28 8.61 9.60 10.37 9.36 8.46 11.04 10.98 9.22 8.44 8.95 7.62 8.36 10.82 12.11 13.76 16.99 19.41 22.64 23.25 22.41 23.26 24.94 24.54 23.11 24.20 24.86 24.43 24.47 26.57 26.93 26.85 27.60 29.06 28.77 29.28 28.26 29.82 29.40 29.65 30.14 30.01 28.88 28.50 27.34 26.65 25.73 25.83 24.97 22.73 22.55 24.23 23.45 21.57 22.89 23.80 21.37 20.81 22.04 22.69 19.92 20.47 18.86 19.85 17.83 18.50 17.78 19.11 19.57 19.44 18.75 19.68 18.24 16.52 16.86 16.21 14.37 14.80 14.15 13.23 14.56 16.13 14.52 14.62 17.06 16.81 15.49 16.54 17.90 17.89 17.56 20.04 19.04 19.50 19.01 20.76 19.99 21.22 22.39 23.68 29.27 
8.88 5.30 3.30 0.00 5.01 7.28 10.73 12.70 15.30 17.47 19.97 22.16 22.70 23.21 23.05 22.52 21.19 19.72 16.66 14.48 11.42 9.36 9.05 6.51 6.53 7.89 10.85 12.31 11.74 11.93 13.31 14.19 14.19 16.33 18.38 18.53 18.93 20.34 20.15 18.97 18.76 18.54 17.96 17.38 16.40 14.50 14.18 14.62 12.47 11.61 11.40 11.42 7.88 10.13 11.15 11.15 10.58 13.65 12.38 12.27 10.28 11.35 9.01 9.00 10.19 12.19 11.76 16.46 17.28 20.60 20.69 21.09 22.88 24.49 23.42 22.67 24.19 25.14 24.09 24.37 26.93 27.20 27.03 27.93 29.74 29.32 29.44 28.71 30.37 29.79 29.92 30.52 30.49 29.45 28.78 27.87 27.28 26.26 26.10 25.41 23.37 23.01 24.30 24.05 22.77 23.70 24.48 22.94 22.84 23.75 24.17 21.80 22.63 20.16 20.61 18.78 19.73 18.20 18.53 19.21 19.10 18.38 18.41 17.47 16.70 16.96 15.93 13.58 15.17 14.51 12.84 14.25 16.63 15.26 15.08 17.55 17.82 16.59 17.16 19.01 18.80 18.80 20.71 20.50 21.80 19.76 21.33 20.97 22.38 22.92 23.59 31.23 
11.01 9.59 6.77 5.01 0.00 5.58 7.36 10.75 13.07 16.75 18.42 20.30 21.54 20.90 20.16 20.68 19.71 17.16 14.76 12.82 9.56 7.35 7.25 6.91 6.94 8.38 11.62 13.39 12.86 12.57 13.47 13.01 13.09 15.04 17.54 17.42 18.48 20.37 20.35 19.24 17.99 18.56 17.81 17.33 15.44 14.17 13.47 12.80 10.06 9.14 9.74 8.91 4.89 8.30 11.23 10.73 10.00 13.76 13.80 13.34 11.76 11.45 9.23 8.66 8.23 8.42 10.16 13.69 15.93 18.44 17.71 17.28 19.39 21.25 20.53 19.56 22.13 23.13 22.53 22.41 24.81 25.20 24.83 25.99 27.99 27.42 27.09 26.38 27.99 27.48 27.38 28.20 28.70 27.30 26.67 25.23 25.20 24.23 25.02 23.68 21.79 21.55 23.70 22.87 21.27 22.76 24.04 21.73 21.45 23.44 24.15 21.61 21.88 20.18 21.32 18.85 18.76 17.85 18.45 19.57 18.58 17.91 18.43 17.89 16.95 17.85 16.66 15.00 15.62 15.08 13.53 14.63 16.64 15.24 14.06 17.45 17.61 16.58 15.59 18.26 17.55 18.27 19.29 18.80 19.22 19.78 21.35 21.32 19.63 19.89 22.45 29.72 
13.82 12.08 9.22 7.28 5.58 0.00 5.93 7.38 11.60 13.69 16.10 17.97 19.35 19.59 19.22 18.26 17.27 15.33 13.70 10.79 7.45 5.15 6.85 6.40 7.03 9.77 14.19 15.96 14.04 13.57 14.34 13.96 13.36 15.10 17.15 17.29 17.95 18.89 18.77 17.11 16.67 17.00 16.44 15.34 13.75 13.44 12.56 12.69 10.55 9.93 10.51 10.96 8.38 11.34 13.91 14.23 12.76 17.40 16.71 16.34 13.26 14.38 11.44 11.35 8.07 8.94 8.13 13.13 12.90 17.23 16.31 16.85 17.60 19.81 18.58 18.22 20.61 22.20 21.22 21.85 24.34 24.63 23.79 25.30 27.26 26.64 25.99 25.31 27.18 26.58 25.97 27.21 27.55 26.42 24.97 23.97 23.79 23.20 23.58 22.62 20.56 20.57 23.28 22.46 20.92 22.67 24.46 22.03 21.91 23.75 24.55 22.00 22.74 20.79 21.23 18.93 18.53 17.47 17.87 18.88 17.52 16.70 17.62 16.36 15.09 15.52 15.10 13.07 14.11 13.15 11.78 13.72 15.40 13.83 12.56 16.42 16.44 15.34 14.16 17.31 16.17 16.72 18.48 18.70 19.28 18.85 20.92 20.67 18.69 20.75 21.70 28.86 
17.84 15.35 12.02 10.73 7.36 5.93 0.00 5.76 7.63 11.76 13.41 15.20 16.92 17.00 16.72 15.41 14.92 13.59 11.38 9.72 8.55 7.17 8.91 9.45 11.16 13.88 17.64 18.14 16.89 16.13 16.08 15.87 15.24 16.02 17.55 16.69 17.44 17.70 18.25 16.22 14.78 14.16 14.52 12.69 10.78 10.24 11.22 11.42 8.45 9.05 10.80 11.70 10.17 12.40 15.45 16.16 15.56 19.23 19.62 19.26 17.29 16.19 13.08 11.82 10.61 8.51 5.51 9.39 11.52 14.85 14.27 14.11 16.50 18.29 17.29 17.14 20.27 21.23 20.41 21.17 24.31 24.21 23.34 24.67 27.07 26.09 25.72 24.92 27.08 26.18 25.73 26.71 27.53 25.62 24.50 22.99 23.24 22.07 22.86 21.72 20.01 20.00 23.01 22.56 20.89 23.05 24.74 22.86 22.78 24.70 25.36 23.09 24.33 21.85 22.19 19.35 19.33 17.47 17.96 18.45 17.32 16.66 17.78 16.93 15.59 16.31 15.95 13.41 14.03 12.94 11.96 12.43 14.36 12.65 13.35 15.04 15.95 14.57 14.37 16.40 16.18 16.08 18.39 18.08 18.91 18.94 20.03 20.29 18.66 19.37 21.80 27.10 
19.82 17.96 14.70 12.70 10.75 7.38 5.76 0.00 5.33 7.43 10.80 12.89 14.62 15.29 14.70 14.21 13.77 12.25 10.19 9.99 9.33 9.81 11.88 12.77 14.84 17.08 19.88 21.46 19.69 19.03 19.17 17.58 16.12 16.29 17.71 16.31 16.60 16.97 16.89 14.96 12.91 11.58 11.98 12.74 9.90 9.02 11.04 13.27 10.62 11.66 13.99 15.74 12.88 16.34 19.22 19.75 18.80 22.54 22.69 22.21 19.22 20.18 16.38 15.17 12.48 12.04 8.76 8.57 10.48 14.53 13.94 14.69 16.59 18.25 17.18 17.79 20.38 21.92 20.74 22.08 24.79 24.98 24.11 25.76 27.71 27.04 26.60 25.90 27.74 26.98 26.36 27.34 27.47 26.08 24.58 23.45 23.23 22.47 22.95 22.22 20.38 20.62 23.59 23.73 22.35 24.55 26.18 24.80 24.75 26.75 27.52 25.06 25.99 23.75 24.09 21.50 21.20 19.12 19.26 19.74 18.60 17.18 18.27 18.08 17.49 18.46 17.13 13.52 15.20 14.31 11.38 11.03 14.22 12.61 11.85 14.11 15.63 14.43 13.24 14.90 15.39 16.73 18.18 19.31 21.05 19.60 21.06 20.82 19.28 20.95 21.86 28.48 
22.77 21.07 17.32 15.30 13.07 11.60 7.63 5.33 0.00 5.40 6.74 9.81 12.45 12.01 11.56 11.58 10.96 9.59 8.93 9.78 10.36 11.77 13.82 15.42 16.34 18.67 21.23 23.13 21.56 20.35 20.79 18.88 16.38 15.86 16.96 14.92 14.74 14.85 14.72 11.73 9.82 9.21 10.16 10.47 9.60 9.71 11.18 12.48 11.99 12.73 14.62 16.09 14.55 17.72 20.74 20.92 20.69 24.70 25.08 24.04 20.80 21.38 18.05 15.92 13.48 12.18 10.90 9.58 9.80 13.03 12.64 12.84 16.21 17.87 16.98 17.47 20.31 21.61 20.81 21.82 24.30 24.35 23.92 25.78 27.46 26.87 26.22 25.45 26.80 26.37 25.81 27.10 27.14 25.28 23.94 22.35 22.49 21.72 22.77 21.90 20.08 20.73 23.71 23.64 22.17 24.78 26.70 25.28 25.95 27.84 28.79 26.20 27.66 25.20 26.37 22.92 22.88 20.38 20.41 20.91 19.14 18.58 19.51 19.91 19.62 20.99 19.16 15.94 17.09 16.00 13.00 12.65 14.26 12.51 10.37 13.27 15.07 13.28 10.91 14.14 15.49 15.71 17.98 18.58 20.32 18.76 19.70 19.12 21.53 21.00 22.51 25.94 
24.75 23.46 19.44 17.47 16.75 13.69 11.76 7.43 5.40 0.00 5.04 6.90 9.88 11.26 10.48 10.47 10.65 10.56 9.66 10.74 12.16 13.78 15.49 17.31 17.90 20.25 22.89 24.18 22.84 21.96 21.57 19.70 16.96 16.64 17.05 14.84 14.07 14.58 14.01 11.24 9.36 9.37 10.70 10.76 10.44 11.02 12.27 14.20 13.58 15.14 16.70 19.27 17.26 20.12 22.61 22.79 22.60 25.79 26.53 25.66 22.30 23.08 19.16 18.12 15.18 14.44 11.67 11.45 10.43 12.71 12.57 12.83 15.52 17.61 17.12 17.49 19.74 21.20 20.95 21.61 24.36 24.04 23.38 25.29 27.11 26.25 25.53 24.52 26.04 25.49 24.84 26.16 25.96 24.22 22.43 20.73 21.01 20.55 21.53 20.79 19.38 20.08 23.51 23.22 22.01 24.70 26.85 25.25 25.66 27.81 28.82 26.36 27.84 25.67 26.69 23.47 23.09 20.93 21.05 21.07 19.57 19.60 21.17 21.26 20.64 21.59 20.24 17.11 18.03 16.27 13.05 12.85 14.14 10.21 7.67 10.77 13.21 10.04 7.65 12.34 14.22 14.55 16.94 17.86 19.70 17.75 19.75 20.23 19.93 20.54 22.26 24.86 
27.36 25.72 21.83 19.97 18.42 16.10 13.41 10.80 6.74 5.04 0.00 5.35 7.18 8.99 9.84 10.18 10.00 10.37 10.49 11.75 13.64 15.12 16.88 18.77 19.55 22.11 24.64 25.92 24.69 22.52 21.92 19.68 18.20 16.90 16.53 13.86 13.20 13.12 13.31 9.75 7.93 8.39 9.57 9.90 10.71 11.61 13.43 15.10 13.94 15.83 17.95 19.77 18.20 20.18 23.63 23.83 23.57 27.00 28.36 27.32 24.28 24.57 20.64 19.75 17.10 16.54 13.94 13.10 12.09 14.58 13.16 12.99 15.62 17.78 17.79 17.96 20.16 21.69 20.99 21.90 24.41 24.24 23.22 25.29 26.94 25.94 25.02 24.18 25.49 24.64 23.91 25.39 25.15 23.22 21.57 20.25 20.49 19.71 20.88 20.66 18.91 20.04 23.31 23.39 21.92 24.73 26.92 25.26 25.61 27.96 29.18 26.96 28.60 26.25 27.10 23.89 23.78 21.72 21.62 22.08 20.61 20.82 22.83 22.88 22.09 23.25 21.92 18.86 18.84 16.97 14.72 14.13 14.79 12.01 10.46 11.76 13.38 12.06 10.17 12.75 14.75 15.67 17.54 18.26 19.23 17.90 18.73 19.01 20.02 20.59 22.26 24.32 
29.06 27.45 22.58 22.16 20.30 17.97 15.20 12.89 9.81 6.90 5.35 0.00 6.11 7.56 8.90 10.68 10.51 10.77 11.16 13.80 14.71 16.42 18.43 20.31 21.75 23.13 25.40 27.30 25.36 23.84 22.94 21.48 18.95 17.85 18.00 15.53 14.60 13.96 13.62 11.02 10.09 10.80 12.19 13.20 13.81 15.00 15.54 17.69 16.58 18.02 18.81 20.74 19.67 21.64 24.14 25.15 25.06 28.34 28.96 28.67 25.48 26.28 23.08 22.39 19.07 19.03 15.52 15.75 13.99 16.06 14.24 14.35 16.89 19.34 18.53 19.09 21.06 22.55 21.76 22.71 25.27 25.15 24.36 26.60 28.10 27.37 26.37 25.63 26.78 25.94 25.04 26.48 25.65 24.09 22.17 21.17 21.14 20.63 21.48 21.78 20.18 21.29 24.34 24.83 23.42 26.13 28.04 26.65 26.97 29.60 30.33 28.46 29.53 27.57 28.31 25.39 24.95 22.82 22.90 23.45 22.46 22.34 24.20 24.20 24.26 24.91 23.96 20.60 20.93 19.05 15.61 14.51 15.33 12.76 9.56 9.53 12.56 11.39 8.01 10.18 13.87 16.20 17.70 18.56 21.16 19.70 20.81 21.73 20.96 22.53 23.33 25.71 
30.14 29.09 23.59 22.70 21.54 19.35 16.92 14.62 12.45 9.88 7.18 6.11 0.00 5.11 6.50 9.13 10.34 10.72 11.46 14.14 15.28 16.19 18.02 20.90 22.04 23.66 26.24 27.44 25.83 23.76 23.59 21.49 19.17 18.05 17.57 15.40 14.47 13.80 12.98 10.71 9.55 11.12 12.67 14.06 14.28 15.58 15.95 17.28 16.08 17.16 17.61 19.90 19.76 21.62 24.68 25.57 25.86 28.80 29.57 29.08 26.59 27.15 23.31 22.92 19.11 18.46 15.89 15.34 15.47 16.88 14.80 15.14 17.51 19.24 18.63 19.35 21.67 23.23 22.19 23.20 25.50 25.86 24.77 26.86 28.36 27.94 27.14 26.38 27.40 26.53 25.90 26.63 26.52 24.50 22.88 21.51 21.73 20.76 21.66 21.55 20.14 21.47 24.28 24.77 23.44 26.27 28.17 27.06 27.63 29.92 30.74 28.75 30.23 28.06 28.87 25.84 25.31 23.44 23.27 24.22 23.22 23.26 24.65 25.01 25.15 26.14 25.12 21.93 21.91 20.48 17.24 16.43 16.78 13.90 12.32 13.40 13.93 12.42 10.80 13.51 15.24 16.73 18.94 19.84 20.85 19.88 20.73 19.93 21.74 22.41 23.79 24.92 
29.49 28.46 23.97 23.21 20.90 19.59 17.00 15.29 12.01 11.26 8.99 7.56 5.11 0.00 4.99 6.83 8.37 10.67 11.25 13.90 14.57 17.02 18.06 20.45 22.15 24.01 26.52 27.61 25.27 24.37 23.64 21.34 18.86 17.59 17.20 14.90 13.29 12.50 11.82 9.56 8.76 10.50 12.13 14.00 13.54 15.37 15.28 16.75 15.81 17.20 17.88 20.14 19.38 21.11 24.46 25.32 24.99 28.44 28.93 29.23 26.41 27.12 23.00 22.56 18.98 18.31 15.32 14.93 14.51 17.22 15.44 15.81 17.13 19.07 19.17 19.67 21.21 22.97 22.22 23.20 25.48 25.43 24.19 26.62 28.12 27.52 26.31 25.44 26.55 25.73 24.79 26.01 25.29 23.51 21.40 20.21 20.28 19.68 20.39 20.74 19.31 20.79 23.77 24.01 22.74 25.85 27.80 26.42 27.04 29.54 30.09 28.28 29.40 27.41 28.02 25.31 24.93 23.19 22.96 23.76 22.76 23.20 24.80 25.23 25.08 26.40 25.43 22.09 22.24 20.74 17.31 17.03 17.19 14.94 12.35 15.06 14.73 13.66 11.64 15.68 16.34 17.73 19.54 20.41 21.24 19.86 21.24 21.27 20.88 22.13 22.91 25.30 
29.06 28.63 23.92 23.05 20.16 19.22 16.72 14.70 11.56 10.48 9.84 8.90 6.50 4.99 0.00 5.07 6.99 9.59 11.10 12.95 15.41 17.11 18.59 20.06 22.10 24.55 27.32 28.09 26.32 24.42 22.89 21.14 18.32 17.31 15.98 14.01 12.18 12.02 11.23 9.65 10.16 11.23 12.09 13.39 13.76 15.01 15.53 16.72 15.89 17.39 18.44 19.88 19.15 21.18 24.72 25.04 24.84 28.45 30.03 29.50 26.68 27.20 22.82 22.16 18.32 18.21 15.13 14.55 13.91 17.31 16.16 16.04 17.24 20.03 20.14 20.43 21.48 23.22 22.35 23.37 25.60 25.38 24.03 26.12 28.10 26.93 25.66 24.86 26.05 25.07 23.97 24.96 24.87 22.77 20.96 20.07 20.23 19.15 20.17 20.61 19.36 20.49 23.57 23.62 22.41 25.47 27.65 25.94 26.80 28.98 30.01 27.67 29.50 26.95 27.65 24.91 24.96 23.14 22.97 23.66 22.58 23.18 25.09 25.24 25.33 26.35 25.89 22.60 22.38 20.84 17.52 17.61 17.70 14.95 13.19 15.28 15.65 13.72 11.85 16.00 17.43 17.84 19.53 20.05 20.68 19.65 20.44 19.77 21.26 21.51 22.72 23.59 
28.49 27.46 22.39 22.52 20.68 18.26 15.41 14.21 11.58 10.47 10.18 10.68 9.13 6.83 5.07 0.00 5.28 8.05 9.22 12.19 14.35 16.06 17.77 20.58 22.88 24.19 26.58 27.42 25.97 23.56 22.21 20.52 17.36 15.45 14.23 12.38 10.46 11.20 10.97 10.21 10.83 12.41 12.18 13.37 13.17 14.90 14.53 15.79 15.00 16.30 16.56 17.88 17.79 19.96 23.02 23.97 23.97 27.58 28.27 28.10 25.61 26.72 22.29 21.70 18.05 17.76 15.22 14.61 14.72 17.63 16.74 16.93 18.38 20.35 20.26 20.49 21.75 23.24 22.47 23.45 25.41 25.36 24.19 26.45 27.97 27.09 25.87 25.08 26.34 25.28 24.25 25.66 25.09 23.01 20.99 20.35 20.60 19.55 20.23 20.80 19.86 20.64 23.58 23.83 22.65 25.52 27.67 26.17 26.96 29.29 29.75 27.64 28.91 26.63 27.23 24.60 24.51 22.53 22.84 23.56 22.82 23.01 24.82 25.09 25.02 25.94 25.20 22.49 22.41 20.75 17.67 17.54 17.91 14.62 13.22 14.79 15.22 13.37 12.18 15.16 16.23 17.49 19.21 19.89 21.34 19.85 21.18 21.10 20.98 22.24 22.62 24.77 
27.60 26.05 20.74 21.19 19.71 17.27 14.92 13.77 10.96 10.65 10.00 10.51 10.34 8.37 6.99 5.28 0.00 5.93 7.77 10.30 12.15 15.03 16.94 20.00 21.89 23.88 25.94 27.63 25.42 23.51 21.75 19.91 15.93 15.28 13.38 11.10 9.72 11.04 11.85 10.61 11.14 12.15 12.68 12.84 13.61 14.09 14.42 15.11 14.57 14.82 15.37 16.48 16.96 18.76 21.82 22.99 23.31 26.42 26.58 26.82 24.35 25.19 20.99 20.74 17.60 17.51 15.02 15.16 15.43 18.53 17.50 17.71 19.42 20.91 19.85 20.33 22.13 23.56 22.41 23.31 25.55 25.60 24.77 26.51 28.40 27.32 26.61 25.66 26.86 25.70 24.83 25.87 25.89 23.61 21.72 20.86 21.16 19.89 20.38 21.00 20.08 21.01 23.61 23.88 22.86 25.70 27.62 26.34 27.56 29.56 30.15 27.74 29.13 27.07 27.87 24.88 24.72 22.93 22.99 23.69 22.94 23.19 24.78 24.75 24.68 25.30 24.62 21.76 21.93 20.43 17.82 17.81 17.99 14.22 13.99 15.89 15.58 13.41 13.84 16.47 16.83 17.79 20.11 20.38 20.87 19.93 21.62 20.11 22.24 22.04 23.97 25.31 
25.62 24.29 19.36 19.72 17.16 15.33 13.59 12.25 9.59 10.56 10.37 10.77 10.72 10.67 9.59 8.05 5.93 0.00 5.50 7.23 9.92 12.39 15.16 17.71 20.00 22.82 24.68 25.27 23.79 22.57 20.69 17.65 14.29 13.19 11.89 9.27 8.75 10.80 11.25 9.52 10.16 11.81 11.17 11.19 11.04 12.97 12.22 12.85 12.37 13.13 13.67 15.56 14.94 17.07 20.69 21.16 21.40 24.96 25.55 25.65 23.17 24.21 19.52 19.56 16.36 16.38 14.27 14.65 15.38 18.73 17.94 18.08 19.44 20.89 20.02 20.53 22.37 23.37 22.31 23.45 25.80 25.76 24.32 26.67 28.36 27.70 26.37 25.49 26.71 26.16 24.99 26.44 25.97 24.03 21.81 20.94 21.00 19.61 20.38 20.98 19.60 20.23 23.03 23.40 22.19 25.25 27.35 26.01 26.69 29.04 29.44 27.05 28.04 25.99 26.82 23.90 23.72 22.14 22.20 22.83 22.08 22.49 23.71 23.93 23.73 24.80 23.42 21.09 21.41 19.94 16.38 17.40 17.85 14.45 12.33 15.25 15.20 13.08 12.14 16.03 16.70 17.44 19.46 19.66 20.85 19.82 22.13 20.92 20.88 22.22 23.66 25.76 
23.40 21.62 17.15 16.66 14.76 13.70 11.38 10.19 8.93 9.66 10.49 11.16 11.46 11.25 11.10 9.22 7.77 5.50 0.00 5.11 6.12 9.90 12.13 15.07 17.36 20.08 22.07 23.19 21.71 20.18 17.34 15.57 11.74 11.36 10.26 9.59 9.60 11.97 13.16 12.40 12.75 13.10 12.99 12.40 12.41 12.54 11.99 12.22 10.92 12.02 12.75 13.35 13.63 15.53 18.86 18.84 18.57 22.51 23.25 23.32 20.61 21.99 17.42 17.20 14.04 15.21 13.54 14.20 15.19 19.13 18.25 18.08 19.63 21.43 20.50 20.85 22.37 23.50 22.35 23.15 25.61 25.55 24.26 26.09 28.27 27.25 26.11 25.01 26.33 25.58 24.74 25.74 25.93 23.71 22.00 21.16 21.34 19.83 20.41 20.79 19.39 19.78 22.38 22.58 21.30 24.25 26.21 24.91 25.45 27.52 28.09 25.47 27.00 24.63 25.50 22.70 22.70 21.12 21.07 21.36 20.47 20.89 22.17 22.36 22.24 23.17 22.19 19.95 20.16 18.08 14.48 15.91 17.12 12.30 9.73 13.60 14.71 11.03 9.91 15.15 17.20 16.47 18.74 18.71 19.70 19.06 20.84 19.58 20.86 21.23 23.26 23.78 
21.05 19.24 14.43 14.48 12.82 10.79 9.72 9.99 9.78 10.74 11.75 13.80 14.14 13.90 12.95 12.19 10.30 7.23 5.11 0.00 5.65 6.99 10.98 13.53 16.48 18.28 20.90 21.93 19.89 17.05 15.05 12.58 9.40 7.90 8.85 8.41 9.44 12.81 14.44 13.85 13.77 14.94 13.91 13.48 12.61 13.11 12.13 10.81 9.58 10.82 10.77 10.50 10.87 13.80 16.08 16.21 16.75 20.60 21.28 21.35 19.26 20.39 16.01 15.85 13.21 13.73 13.80 14.67 16.62 19.81 18.78 18.66 20.52 22.03 20.91 21.13 23.21 23.93 22.74 23.56 25.75 25.69 24.65 26.86 28.73 27.93 26.67 25.76 27.09 26.47 25.19 26.83 26.69 24.97 22.48 21.72 22.07 20.93 21.01 21.01 19.57 19.98 22.33 22.41 21.18 23.99 25.76 24.54 25.30 27.43 27.61 25.22 26.49 23.93 24.84 22.11 22.02 20.24 20.40 21.05 19.95 20.23 21.43 21.68 21.01 22.45 21.18 19.11 19.40 17.68 14.36 15.57 16.90 12.32 11.54 14.52 14.83 12.43 12.70 16.44 16.81 16.97 18.59 19.02 20.11 19.14 21.40 20.37 20.62 21.82 23.13 25.37 
19.41 16.14 12.58 11.42 9.56 7.45 8.55 9.33 10.36 12.16 13.64 14.71 15.28 14.57 15.41 14.35 12.15 9.92 6.12 5.65 0.00 5.67 7.34 10.80 12.99 16.00 18.36 19.28 17.08 15.26 12.91 11.42 7.59 8.78 9.96 9.85 11.36 14.44 16.27 14.96 15.51 16.05 15.27 14.57 13.90 13.52 12.85 12.43 10.87 10.84 11.02 10.79 10.54 12.58 14.84 14.52 15.36 18.14 18.26 18.44 16.42 17.42 13.10 13.57 11.60 12.50 12.39 14.35 16.76 19.77 18.66 18.60 20.31 21.61 20.22 20.67 22.86 23.64 22.53 23.12 25.15 25.30 24.63 26.64 28.41 27.39 26.53 25.82 27.08 26.17 24.98 26.49 26.66 24.86 22.80 21.97 22.12 20.95 20.95 20.83 19.35 19.56 21.51 21.49 20.68 22.93 24.21 23.14 24.20 26.01 26.28 23.89 25.60 23.27 23.90 21.21 21.01 19.52 19.33 19.60 18.66 18.99 19.78 19.62 18.83 19.54 18.34 16.01 16.52 14.41 11.92 13.94 14.49 9.99 10.27 14.29 13.98 11.34 13.69 16.68 17.04 16.79 18.80 18.75 19.88 19.39 21.31 19.13 21.63 21.65 23.50 25.61 
16.34 14.04 9.79 9.36 7.35 5.15 7.17 9.81 11.77 13.78 15.12 16.42 16.19 17.02 17.11 16.06 15.03 12.39 9.90 6.99 5.67 0.00 5.88 7.17 9.76 12.66 15.22 14.73 13.70 12.66 10.67 7.71 6.35 8.08 10.74 11.62 13.11 16.75 17.89 16.49 17.37 17.86 16.93 15.67 15.21 14.95 13.42 12.45 11.84 11.18 10.47 9.63 9.19 10.92 13.19 11.90 12.60 16.20 16.61 16.27 14.10 15.04 11.84 12.24 11.02 12.10 13.12 15.70 17.61 20.65 19.38 19.24 20.63 22.02 20.85 21.30 23.54 24.37 23.22 23.92 25.91 25.97 25.27 27.21 28.92 28.24 27.04 26.34 27.68 26.98 25.84 27.42 27.40 25.85 23.84 23.15 23.14 21.81 21.69 21.56 19.88 19.61 21.33 21.30 20.45 22.53 23.74 22.71 23.58 25.33 25.40 23.36 24.50 22.43 22.86 20.08 20.18 18.83 18.80 19.21 18.22 18.20 18.69 18.62 17.53 18.63 16.63 15.08 15.57 13.67 11.07 13.22 14.91 11.04 10.87 14.45 15.07 12.80 14.03 17.61 17.73 17.30 18.79 19.17 20.43 19.56 21.71 20.09 20.56 21.73 23.29 26.32 
16.04 12.86 8.79 9.05 7.25 6.85 8.91 11.88 13.82 15.49 16.88 18.43 18.02 18.06 18.59 17.77 16.94 15.16 12.13 10.98 7.34 5.88 0.00 5.59 6.83 9.61 12.46 13.05 11.08 10.84 8.57 7.98 6.94 9.59 12.90 14.77 15.69 19.08 20.24 19.16 20.20 20.77 20.03 18.85 17.43 17.00 15.09 13.99 12.67 12.41 11.69 10.86 9.67 10.77 12.83 11.74 11.25 14.59 15.22 14.47 12.18 13.62 10.53 11.55 10.51 13.15 14.33 16.69 18.61 21.37 20.22 19.89 21.84 23.25 22.30 22.58 24.71 25.35 24.51 25.14 26.83 27.08 26.25 28.11 30.04 29.23 28.15 27.44 28.58 27.97 26.87 28.22 28.37 26.71 24.85 24.12 24.10 22.85 22.24 21.82 20.35 19.92 21.17 21.35 20.41 22.07 22.93 22.07 22.96 24.26 24.54 22.28 23.90 21.79 22.29 19.49 19.64 18.53 18.67 18.50 17.70 17.49 18.05 17.56 16.61 16.64 15.56 13.40 13.80 12.01 9.93 12.55 14.48 11.62 11.21 15.15 15.79 14.28 15.08 18.23 19.04 18.45 20.14 20.02 20.93 20.24 21.58 19.84 21.44 21.61 23.11 24.10 
14.49 11.29 7.53 6.51 6.91 6.40 9.45 12.77 15.42 17.31 18.77 20.31 20.90 20.45 20.06 20.58 20.00 17.71 15.07 13.53 10.80 7.17 5.59 0.00 5.98 7.37 10.39 11.30 9.62 8.61 8.32 8.81 8.81 11.45 14.97 17.10 18.31 21.01 21.88 21.19 22.47 22.67 21.30 20.65 19.70 18.64 17.52 15.91 13.86 13.33 12.65 11.37 9.95 10.32 12.28 10.35 10.30 13.30 13.20 12.97 11.29 12.64 9.78 11.23 11.13 13.66 15.44 18.11 20.12 22.75 20.99 21.10 22.87 24.77 23.45 23.70 25.99 26.70 25.63 26.39 28.26 28.51 27.56 29.33 31.15 30.51 29.29 28.84 29.99 29.47 28.07 29.51 29.49 28.26 26.07 25.47 25.33 24.50 23.78 23.56 21.54 21.38 22.46 22.44 21.11 22.74 23.48 22.59 23.23 24.74 24.80 22.85 24.00 21.76 22.68 20.01 20.10 18.79 18.98 19.46 18.22 18.14 18.33 18.07 16.29 17.83 15.79 14.02 14.33 13.18 11.51 13.57 15.42 12.64 13.61 17.12 17.43 16.54 17.34 20.44 20.23 20.03 21.18 21.44 22.61 21.28 23.25 21.76 21.76 22.92 24.18 26.41 
13.13 9.60 6.68 6.53 6.94 7.03 11.16 14.84 16.34 17.90 19.55 21.75 22.04 22.15 22.10 22.88 21.89 20.00 17.36 16.48 12.99 9.76 6.83 5.98 1.59 5.66 7.37 9.64 8.63 8.41 8.64 10.38 11.53 14.27 17.53 19.49 21.27 23.89 24.56 24.07 25.62 25.21 23.78 23.14 22.40 20.94 19.12 18.49 16.08 15.57 14.72 13.80 12.40 12.45 12.99 12.37 11.21 13.64 12.93 12.53 10.85 12.98 11.03 12.58 12.84 15.49 17.99 20.36 21.93 24.55 23.95 23.41 25.08 26.43 25.41 25.35 27.71 28.21 27.19 27.61 29.22 29.82 29.01 30.65 32.47 31.83 30.92 30.11 31.21 30.83 29.50 30.95 31.35 29.91 27.89 27.20 27.03 25.90 25.43 25.16 23.29 22.69 23.86 23.52 21.97 23.52 24.21 23.11 24.20 25.25 25.63 23.58 25.23 22.80 23.56 21.22 21.44 20.16 20.23 20.64 19.77 19.10 19.25 18.38 16.58 16.89 15.67 13.77 14.85 13.70 12.86 15.12 17.06 14.91 15.74 19.15 19.94 18.48 19.61 22.11 22.98 22.58 23.85 22.99 24.35 23.38 25.07 23.19 24.96 24.03 25.94 28.20 
12.34 9.45 7.01 7.89 8.38 9.77 13.88 17.08 18.67 20.25 22.11 23.13 23.66 24.01 24.55 24.19 23.88 22.82 20.08 18.28 16.00 12.66 9.61 7.37 5.66 0.00 5.22 6.33 7.38 8.62 9.86 10.83 12.66 15.71 18.53 20.63 22.89 25.21 26.44 25.27 26.56 25.75 24.80 24.34 23.32 22.38 20.74 19.72 18.35 17.15 16.46 15.27 13.70 13.47 14.43 12.67 11.53 13.29 12.46 11.62 9.70 12.66 11.58 13.63 13.68 17.04 19.49 21.86 22.76 25.78 24.91 24.64 25.71 27.50 26.25 26.27 28.30 29.20 28.04 28.53 30.16 30.72 29.78 31.51 33.11 32.66 31.57 31.09 32.18 31.73 30.49 32.03 32.08 30.55 28.57 28.17 28.08 26.67 26.09 25.95 24.15 23.28 24.10 23.74 22.46 23.55 24.20 23.19 23.98 24.83 25.01 23.15 24.83 22.11 23.40 20.90 21.48 20.38 20.63 21.33 20.61 20.07 20.10 19.53 17.56 18.39 16.76 15.01 15.62 15.23 13.90 16.08 17.68 15.93 16.81 19.43 20.04 19.16 20.38 22.77 22.68 22.75 23.82 23.89 24.77 23.73 25.74 24.74 24.04 25.15 26.54 28.67 
13.48 11.03 9.30 10.85 11.62 14.19 17.64 19.88 21.23 22.89 24.64 25.40 26.24 26.52 27.32 26.58 25.94 24.68 22.07 20.90 18.36 15.22 12.46 10.39 7.37 5.22 0.00 5.01 6.40 9.49 11.29 13.09 14.04 17.04 21.35 22.17 24.14 27.29 28.85 27.90 28.80 28.15 27.81 26.77 26.09 24.88 23.43 23.29 21.33 20.39 19.33 19.15 16.99 16.58 17.02 15.27 13.13 14.71 13.95 13.56 11.90 15.40 14.89 17.34 17.44 20.71 22.82 24.71 25.86 28.36 27.37 26.68 28.68 30.06 28.77 28.34 30.62 31.47 30.39 30.64 32.42 32.85 31.75 33.70 35.29 34.79 33.77 33.36 34.43 33.92 32.95 34.45 34.42 32.73 30.83 30.19 30.18 28.86 27.89 27.49 25.81 25.04 25.48 25.65 24.28 25.29 25.66 25.03 25.73 26.31 26.49 24.98 26.60 24.29 25.45 23.33 23.69 22.77 22.72 23.57 23.00 22.55 22.25 21.68 20.22 20.81 19.46 17.42 18.34 17.67 16.96 18.59 19.93 18.59 19.13 22.04 22.00 21.14 22.52 25.05 25.15 24.81 26.18 25.74 27.29 25.71 26.92 26.03 27.68 26.74 28.39 28.24 
13.99 12.74 10.59 12.31 13.39 15.96 18.14 21.46 23.13 24.18 25.92 27.30 27.44 27.61 28.09 27.42 27.63 25.27 23.19 21.93 19.28 14.73 13.05 11.30 9.64 6.33 5.01 0.00 5.34 7.83 10.61 13.86 15.23 17.96 21.94 24.07 25.57 27.93 29.48 28.35 29.07 29.00 28.22 28.10 27.05 26.32 25.02 24.63 22.97 22.02 21.02 20.64 18.47 18.18 18.53 16.47 14.69 16.34 15.63 15.46 13.59 16.64 15.92 18.83 18.97 21.97 23.93 25.76 27.04 29.33 27.86 27.61 29.30 30.90 29.41 29.47 31.60 32.36 31.15 31.60 33.78 33.94 32.97 34.89 36.39 36.10 35.02 34.40 35.46 35.07 34.12 35.43 35.14 33.92 31.72 30.68 30.74 29.61 28.78 28.37 26.62 26.08 26.81 26.46 24.97 26.06 26.56 25.77 26.36 27.41 27.63 25.98 27.54 25.12 26.48 24.34 24.72 23.86 23.89 24.54 24.22 23.75 23.69 23.25 21.83 22.39 20.69 18.65 18.62 18.19 17.71 19.41 20.42 19.06 20.01 22.66 22.63 22.00 23.47 25.72 25.52 25.38 26.72 26.75 28.11 26.57 28.25 27.81 27.26 27.57 28.87 29.74 
14.10 12.33 10.29 11.74 12.86 14.04 16.89 19.69 21.56 22.84 24.69 25.36 25.83 25.27 26.32 25.97 25.42 23.79 21.71 19.89 17.08 13.70 11.08 9.62 8.63 7.38 6.40 5.34 0.00 5.71 8.07 10.39 12.99 15.91 20.43 21.24 23.12 26.00 27.66 26.47 27.20 27.12 26.80 26.20 25.22 24.35 23.20 22.78 21.11 20.00 18.77 18.64 16.92 16.47 16.56 14.71 13.17 14.80 13.92 13.77 12.40 15.65 14.01 16.82 17.19 19.99 21.67 23.70 25.27 27.39 26.33 25.94 27.40 28.81 27.49 27.63 29.97 30.54 29.04 29.81 31.92 32.35 31.21 32.90 34.74 34.43 33.40 32.61 33.79 33.52 32.53 33.35 33.81 32.29 30.27 29.19 29.12 27.90 27.24 26.86 25.11 24.59 25.47 25.14 23.31 24.62 25.27 24.43 25.17 26.08 26.42 24.75 26.51 24.34 25.39 23.28 23.76 22.47 22.88 23.22 22.37 21.88 21.80 21.31 19.50 20.16 18.58 16.05 15.83 15.06 15.02 16.96 18.35 16.89 17.88 20.81 21.31 20.11 21.33 23.75 23.85 24.03 25.39 24.99 26.37 25.47 27.42 27.57 27.76 26.97 28.89 30.42 
15.08 13.16 9.83 11.93 12.57 13.57 16.13 19.03 20.35 21.96 22.52 23.84 23.76 24.37 24.42 23.56 23.51 22.57 20.18 17.05 15.26 12.66 10.84 8.61 8.41 8.62 9.49 7.83 5.71 0.00 6.04 7.79 9.88 13.52 17.19 18.62 20.99 24.44 25.69 24.71 25.21 25.46 25.10 24.79 23.59 22.92 21.60 20.79 19.70 18.51 17.36 17.05 16.01 15.40 15.71 14.25 13.24 14.74 13.84 13.47 12.50 14.84 13.04 15.17 16.19 18.88 20.69 22.73 23.93 26.33 24.79 24.85 26.39 28.01 26.51 26.35 28.48 29.09 27.74 28.11 30.36 30.52 29.50 31.26 33.37 32.82 31.99 31.31 32.57 32.17 31.22 32.26 32.42 30.90 28.72 27.95 27.90 26.39 25.65 25.46 23.81 23.00 24.00 23.68 22.24 23.16 24.12 23.36 24.36 25.15 25.31 23.93 25.64 23.33 24.09 22.04 22.58 21.46 21.71 22.55 21.89 21.22 21.60 21.12 19.34 19.54 18.03 15.76 15.22 14.00 13.42 15.55 16.98 15.16 16.11 19.25 19.42 18.55 19.85 22.47 22.38 22.43 24.03 23.63 25.07 24.13 26.66 26.33 25.47 26.34 28.02 29.61 
16.54 14.79 11.41 13.31 13.47 14.34 16.08 19.17 20.79 21.57 21.92 22.94 23.59 23.64 22.89 22.21 21.75 20.69 17.34 15.05 12.91 10.67 8.57 8.32 8.64 9.86 11.29 10.61 8.07 6.04 0.00 5.68 6.79 10.23 13.83 15.82 18.40 21.73 23.68 23.18 23.77 24.27 24.28 24.05 23.05 22.12 21.07 20.24 19.14 18.01 17.07 16.56 14.99 15.17 15.88 14.01 12.96 15.70 15.17 14.25 12.54 15.04 13.36 15.24 15.58 18.78 20.41 22.56 23.85 25.92 24.49 24.50 26.43 28.05 26.59 26.10 28.20 28.89 27.32 27.79 29.65 29.80 28.58 30.70 32.70 32.15 31.17 30.82 32.06 31.65 30.93 32.11 32.32 30.54 28.57 27.65 27.56 26.16 25.14 24.80 23.34 22.38 23.28 23.45 21.95 23.25 24.12 23.39 24.57 25.43 25.68 24.08 25.83 23.53 24.31 21.86 22.78 21.25 21.63 22.35 21.93 21.46 21.47 21.31 20.17 19.83 18.81 16.01 16.63 14.35 14.08 15.36 17.11 14.77 15.99 18.74 19.23 18.04 19.57 22.44 22.85 22.64 24.24 24.17 25.56 24.75 26.22 25.94 26.54 26.70 27.80 27.89 
17.30 16.05 12.74 14.19 13.01 13.96 15.87 17.58 18.88 19.70 19.68 21.48 21.49 21.34 21.14 20.52 19.91 17.65 15.57 12.58 11.42 7.71 7.98 8.81 10.38 10.83 13.09 13.86 10.39 7.79 5.68 0.29 5.24 6.45 11.16 12.99 14.93 18.27 20.39 19.79 20.47 21.24 21.21 21.02 20.24 19.88 18.96 18.27 17.36 16.55 16.10 15.50 14.13 14.83 16.08 14.21 13.27 16.25 15.88 15.67 13.15 15.00 13.12 14.34 14.72 17.37 18.88 20.90 21.81 24.16 22.32 22.56 24.23 25.79 24.21 23.75 26.00 26.64 24.96 25.38 27.90 27.93 26.63 28.40 30.69 30.08 29.38 28.69 29.96 29.54 28.77 29.60 29.66 28.18 26.23 25.08 25.06 23.74 23.24 22.59 21.20 20.65 21.80 21.47 20.28 21.71 23.00 21.85 23.19 24.75 25.05 23.21 24.85 22.73 23.42 20.81 21.63 20.43 20.75 21.56 21.43 20.77 21.18 20.92 19.53 19.14 17.85 15.61 15.03 12.45 12.56 14.17 15.56 12.75 14.29 17.37 17.63 16.14 17.86 20.63 21.31 20.48 22.82 22.72 24.75 23.50 25.55 24.88 24.81 26.03 27.17 28.10 
18.56 16.84 13.89 14.19 13.09 13.36 15.24 16.12 16.38 16.96 18.20 18.95 19.17 18.86 18.32 17.36 15.93 14.29 11.74 9.40 7.59 6.35 6.94 8.81 11.53 12.66 14.04 15.23 12.99 9.88 6.79 5.24 0.57 4.98 7.14 9.65 11.14 14.57 16.95 16.37 17.32 18.05 18.02 17.80 17.18 17.46 16.40 16.15 15.05 14.81 13.97 13.51 12.58 13.53 14.67 13.37 13.02 16.07 15.52 15.60 13.81 15.08 12.59 14.29 13.90 15.95 16.72 18.48 19.59 21.61 20.31 20.12 21.89 23.09 21.49 21.12 23.44 23.79 22.05 22.61 25.01 25.26 23.96 25.73 28.01 27.67 26.72 26.05 27.17 26.91 26.07 26.67 26.92 25.16 23.44 22.19 22.05 20.95 20.53 20.18 18.78 18.35 19.70 19.94 18.26 20.25 21.35 20.87 22.03 23.50 23.96 22.64 24.31 22.23 22.68 20.36 21.21 19.66 19.93 20.63 20.33 19.80 19.95 19.62 18.42 18.21 17.37 14.80 15.00 12.88 12.82 14.04 15.23 12.49 13.87 16.80 16.92 14.96 16.60 19.30 19.38 19.17 21.15 21.38 22.71 22.28 23.97 23.08 23.97 24.17 26.07 27.96 
20.81 19.36 16.16 16.33 15.04 15.10 16.02 16.29 15.86 16.64 16.90 17.85 18.05 17.59 17.31 15.45 15.28 13.19 11.36 7.90 8.78 8.08 9.59 11.45 14.27 15.71 17.04 17.96 15.91 13.52 10.23 6.45 4.98 0.73 5.85 6.88 9.61 12.37 14.86 15.50 16.43 17.12 16.87 17.32 16.30 17.02 16.23 16.05 15.53 15.68 15.52 14.97 14.47 15.92 17.71 16.39 15.90 19.25 19.27 18.50 15.92 17.41 14.80 15.75 15.22 16.81 17.58 19.03 19.86 22.08 20.36 20.46 22.40 23.63 21.79 21.50 23.54 24.03 22.40 22.76 25.06 25.27 24.02 25.84 28.16 27.70 26.80 26.34 27.65 27.18 26.21 27.23 26.84 25.41 23.52 22.52 22.36 20.91 20.75 20.71 19.15 18.78 20.60 20.69 19.57 21.14 22.72 22.24 23.42 24.92 25.50 24.40 25.91 23.71 24.24 21.95 22.49 21.16 21.16 22.15 21.69 21.14 21.61 21.40 20.21 20.18 19.24 16.87 16.71 15.51 14.07 15.89 16.58 13.45 14.64 17.28 17.07 15.21 17.13 19.66 19.49 19.02 21.73 21.83 23.63 22.65 25.09 24.13 24.00 25.45 27.35 28.70 
23.46 22.12 18.81 18.38 17.54 17.15 17.55 17.71 16.96 17.05 16.53 18.00 17.57 17.20 15.98 14.23 13.38 11.89 10.26 8.85 9.96 10.74 12.90 14.97 17.53 18.53 21.35 21.94 20.43 17.19 13.83 11.16 7.14 5.85 0.04 5.23 6.91 10.16 11.88 13.02 14.12 15.10 15.42 15.65 14.87 16.24 15.31 15.65 15.60 16.59 16.33 16.49 15.72 17.62 19.59 18.45 17.85 21.67 21.56 20.72 17.91 19.80 16.81 18.00 15.92 17.86 17.93 19.17 19.76 21.94 20.03 20.24 22.23 23.80 21.39 21.04 23.32 24.22 22.02 22.76 24.85 25.29 23.75 25.94 27.97 27.60 26.53 26.31 27.72 27.36 26.40 27.43 27.34 25.51 23.43 22.79 22.14 20.85 20.52 20.81 19.19 19.05 20.82 21.56 19.81 22.47 24.17 23.75 24.71 26.71 27.37 26.09 27.50 25.46 26.18 23.57 23.98 22.27 22.57 23.61 23.00 22.65 23.43 23.45 22.31 22.57 21.59 19.13 19.42 17.95 17.15 18.17 19.05 16.50 16.89 19.60 19.18 17.60 18.76 21.77 21.59 21.27 23.26 23.48 24.44 23.92 25.51 24.79 25.46 26.13 28.18 27.95 
23.64 22.64 18.38 18.53 17.42 17.29 16.69 16.31 14.92 14.84 13.86 15.53 15.40 14.90 14.01 12.38 11.10 9.27 9.59 8.41 9.85 11.62 14.77 17.10 19.49 20.63 22.17 24.07 21.24 18.62 15.82 12.99 9.65 6.88 5.23 0.00 4.73 6.86 9.37 10.28 11.45 12.62 12.87 12.84 12.45 14.21 13.86 14.21 14.20 15.13 15.83 15.94 15.19 16.76 19.28 18.43 18.29 21.17 21.54 21.14 18.44 20.02 16.60 17.48 15.04 16.51 15.64 16.85 16.81 19.54 17.11 17.56 19.65 21.13 18.52 18.42 20.79 21.56 19.43 20.21 23.18 23.22 21.70 23.96 26.08 25.39 24.60 23.86 25.22 24.54 23.78 24.87 24.23 22.64 20.54 19.36 19.19 17.76 18.05 18.45 16.72 16.89 19.58 19.53 17.98 20.89 23.42 22.61 23.41 26.02 26.70 24.97 26.27 24.36 24.78 22.01 22.26 20.86 21.09 22.24 21.71 21.45 22.28 22.28 21.44 21.91 21.18 18.62 18.93 17.82 16.51 17.86 18.82 16.02 15.99 18.54 18.44 16.44 17.53 20.39 20.71 20.11 22.02 22.32 23.73 22.70 24.85 24.22 23.96 25.57 27.06 27.80 
25.42 23.73 19.33 18.93 18.48 17.95 17.44 16.60 14.74 14.07 13.20 14.60 14.47 13.29 12.18 10.46 9.72 8.75 9.60 9.44 11.36 13.11 15.69 18.31 21.27 22.89 24.14 25.57 23.12 20.99 18.40 14.93 11.14 9.61 6.91 4.73 0.00 5.38 7.37 8.49 9.93 11.32 11.00 11.58 11.09 13.06 13.11 13.58 13.47 14.36 15.28 16.16 15.43 17.05 19.59 18.97 18.70 22.13 22.60 22.17 19.68 20.54 17.26 18.00 15.43 16.07 14.89 15.54 15.40 17.52 15.66 16.45 18.17 19.48 17.06 17.28 18.87 19.72 17.79 19.15 21.53 21.91 20.48 22.94 24.77 24.19 23.19 22.29 23.57 22.84 22.31 22.78 22.01 20.25 18.85 17.34 17.74 16.36 16.95 17.26 15.82 16.49 19.04 19.37 17.56 21.01 23.35 22.51 23.13 25.73 26.68 24.77 26.32 24.39 24.78 22.03 22.40 20.83 20.66 21.75 21.37 21.32 22.08 22.03 21.31 22.13 21.63 19.32 19.87 18.99 17.61 18.68 19.81 16.97 17.26 19.94 19.45 17.57 18.33 21.05 21.11 20.87 22.63 22.61 24.23 23.02 24.78 24.25 25.32 25.24 27.55 28.53 
26.43 25.07 20.74 20.34 20.37 18.89 17.70 16.97 14.85 14.58 13.12 13.96 13.80 12.50 12.02 11.20 11.04 10.80 11.97 12.81 14.44 16.75 19.08 21.01 23.89 25.21 27.29 27.93 26.00 24.44 21.73 18.27 14.57 12.37 10.16 6.86 5.38 0.00 6.23 7.74 8.76 10.16 11.06 11.09 11.53 13.16 13.61 14.27 14.40 15.61 17.29 17.72 17.16 19.17 21.80 20.97 20.94 24.53 24.61 24.00 21.44 23.09 19.58 19.56 16.68 17.00 15.50 16.15 15.66 18.53 15.84 16.67 18.72 19.90 17.85 18.25 19.44 20.16 18.66 19.63 21.76 22.12 21.12 23.44 24.96 24.53 23.49 22.69 23.68 23.00 22.25 23.17 21.80 20.73 18.86 18.02 17.85 16.64 17.32 17.81 16.54 17.35 19.83 20.33 19.17 22.30 24.20 23.86 24.38 27.01 27.88 26.44 27.68 25.88 26.50 23.60 23.61 22.20 21.84 22.75 22.22 22.10 22.94 23.16 22.46 23.25 22.89 20.62 21.40 20.76 19.12 20.15 21.54 18.72 19.12 21.60 21.02 19.14 20.37 22.48 22.24 21.58 23.51 23.76 24.97 23.58 25.88 25.48 25.17 26.16 27.98 28.60 
26.96 25.55 21.21 20.15 20.35 18.77 18.25 16.89 14.72 14.01 13.31 13.62 12.98 11.82 11.23 10.97 11.85 11.25 13.16 14.44 16.27 17.89 20.24 21.88 24.56 26.44 28.85 29.48 27.66 25.69 23.68 20.39 16.95 14.86 11.88 9.37 7.37 6.23 0.00 6.15 7.50 8.23 9.28 10.61 10.14 12.67 12.64 13.76 14.16 16.08 17.19 18.34 17.65 19.65 22.19 21.56 22.11 25.71 25.41 24.60 22.66 23.74 19.74 19.48 16.48 16.91 14.95 15.44 15.02 17.29 14.67 15.48 17.17 18.70 16.61 17.22 18.49 19.48 17.87 19.00 21.04 21.60 20.65 22.87 24.21 23.68 23.13 22.22 23.11 22.37 21.71 22.04 21.15 19.52 18.30 17.16 16.75 15.27 16.55 16.61 15.69 16.43 18.98 19.75 18.68 21.94 24.21 23.65 24.92 27.17 28.41 26.84 28.36 26.31 27.02 24.12 24.01 22.11 22.38 22.69 21.94 21.86 23.10 23.14 22.39 23.17 22.94 20.62 21.67 21.15 19.21 20.29 21.99 19.47 19.63 22.25 21.67 20.08 20.81 23.25 22.59 22.18 23.83 23.88 24.77 23.93 25.31 24.89 25.85 26.10 28.07 27.47 
26.15 24.88 20.05 18.97 19.24 17.11 16.22 14.96 11.73 11.24 9.75 11.02 10.71 9.56 9.65 10.21 10.61 9.52 12.40 13.85 14.96 16.49 19.16 21.19 24.07 25.27 27.90 28.35 26.47 24.71 23.18 19.79 16.37 15.50 13.02 10.28 8.49 7.74 6.15 0.00 5.35 6.60 6.67 7.10 8.25 10.17 10.39 11.52 12.43 13.23 14.52 16.20 15.61 17.39 20.15 20.45 20.44 24.18 24.03 24.13 21.88 23.12 18.59 18.67 15.35 15.31 12.52 13.82 12.10 14.66 11.53 13.27 14.63 15.66 13.23 14.47 16.38 16.96 14.71 16.53 19.37 19.60 17.88 20.73 22.23 21.90 20.93 20.01 21.14 20.21 19.12 20.03 18.92 17.99 15.64 14.23 13.98 12.59 13.67 13.89 12.70 14.01 17.06 17.69 16.43 19.81 22.24 21.70 22.62 25.45 26.31 24.72 26.24 23.90 24.69 21.60 21.50 19.55 19.63 20.21 19.31 19.27 20.29 20.68 19.77 21.26 20.83 18.57 19.57 19.42 17.47 18.56 20.25 17.72 17.89 20.47 20.57 19.09 20.07 22.25 21.80 21.51 23.26 23.05 23.87 22.68 24.71 24.40 24.03 25.20 26.45 26.80 
26.08 24.29 19.19 18.76 17.99 16.67 14.78 12.91 9.82 9.36 7.93 10.09 9.55 8.76 10.16 10.83 11.14 10.16 12.75 13.77 15.51 17.37 20.20 22.47 25.62 26.56 28.80 29.07 27.20 25.21 23.77 20.47 17.32 16.43 14.12 11.45 9.93 8.76 7.50 5.35 0.00 5.31 5.86 6.34 7.34 8.77 9.05 11.32 11.40 12.26 13.31 15.74 15.01 16.70 19.86 20.18 20.52 23.92 24.40 24.51 22.39 22.72 18.84 18.48 15.27 14.80 11.99 11.87 11.12 12.78 10.10 11.77 13.47 14.55 12.34 13.65 15.39 15.85 13.76 15.83 18.68 18.46 17.00 19.70 21.80 20.89 19.92 18.73 20.14 19.23 18.21 18.93 18.40 16.48 15.13 13.29 12.79 11.55 13.39 13.35 12.18 12.55 16.40 16.98 15.54 19.05 21.93 20.55 21.91 24.22 25.80 23.71 25.45 22.84 23.70 20.40 20.51 18.33 18.33 18.69 17.97 17.72 18.92 19.10 18.75 20.25 20.43 17.87 19.11 18.87 17.47 18.01 20.14 17.87 18.17 20.80 20.97 19.49 20.47 22.81 22.69 22.59 24.14 23.41 24.31 23.56 24.95 24.20 25.12 24.81 26.16 27.46 
26.05 25.13 20.08 18.54 18.56 17.00 14.16 11.58 9.21 9.37 8.39 10.80 11.12 10.50 11.23 12.41 12.15 11.81 13.10 14.94 16.05 17.86 20.77 22.67 25.21 25.75 28.15 29.00 27.12 25.46 24.27 21.24 18.05 17.12 15.10 12.62 11.32 10.16 8.23 6.60 5.31 0.00 4.93 7.22 6.46 7.60 8.67 11.03 10.62 11.39 13.72 15.50 15.09 16.51 19.68 20.12 20.13 24.09 24.31 24.30 22.05 23.30 19.21 18.06 15.12 15.77 11.69 10.51 9.42 14.19 8.78 11.71 13.26 15.50 11.60 13.90 15.26 15.79 13.71 15.72 18.36 18.25 16.79 19.40 21.59 20.80 19.77 18.60 20.00 18.90 17.89 19.22 18.46 17.06 15.27 13.57 13.26 11.50 13.21 14.05 12.62 12.99 16.58 16.97 15.97 18.68 21.42 20.56 21.39 24.06 25.17 23.40 25.10 22.81 23.49 20.24 19.99 17.96 17.76 18.07 17.37 17.08 18.24 18.74 18.52 20.38 20.06 17.41 19.10 19.22 17.22 17.40 19.89 18.05 18.40 21.01 21.31 19.75 20.79 23.01 22.70 22.35 23.94 23.65 24.50 23.21 25.20 24.54 23.89 25.05 26.34 27.51 
25.46 24.37 19.35 17.96 17.81 16.44 14.52 11.98 10.16 10.70 9.57 12.19 12.67 12.13 12.09 12.18 12.68 11.17 12.99 13.91 15.27 16.93 20.03 21.30 23.78 24.80 27.81 28.22 26.80 25.10 24.28 21.21 18.02 16.87 15.42 12.87 11.00 11.06 9.28 6.67 5.86 4.93 0.00 5.80 7.00 6.61 6.74 9.75 9.94 10.74 11.86 14.82 14.22 15.61 18.66 19.03 19.58 23.44 24.02 23.24 21.41 22.23 17.91 16.87 13.90 14.01 10.64 9.61 9.53 11.67 7.92 9.90 12.32 12.94 9.92 12.45 14.77 14.99 13.46 15.62 18.24 18.32 17.61 19.69 21.46 20.60 20.09 18.82 19.56 18.66 18.00 19.00 18.26 16.28 15.48 13.42 12.66 11.29 12.89 12.79 11.89 12.50 15.58 16.28 15.09 18.42 20.87 19.94 21.16 23.58 24.84 22.73 24.60 21.97 22.84 19.46 19.26 16.92 17.31 17.38 16.68 16.58 18.24 18.17 18.18 19.98 19.66 17.15 18.63 18.86 17.25 17.39 19.64 17.94 18.23 20.92 21.14 19.70 20.61 23.08 22.63 22.10 23.49 23.33 24.23 23.07 24.24 23.35 23.84 24.46 26.05 26.04 
25.39 24.59 19.31 17.38 17.33 15.34 12.69 12.74 10.47 10.76 9.90 13.20 14.06 14.00 13.39 13.37 12.84 11.19 12.40 13.48 14.57 15.67 18.85 20.65 23.14 24.34 26.77 28.10 26.20 24.79 24.05 21.02 17.80 17.32 15.65 12.84 11.58 11.09 10.61 7.10 6.34 7.22 5.80 0.00 5.54 7.12 6.73 7.40 9.17 10.50 10.82 12.78 13.41 14.61 17.34 18.12 18.42 22.47 23.12 22.96 21.08 21.99 17.60 17.04 14.20 14.31 11.25 12.45 10.74 13.92 9.73 12.18 12.76 14.85 11.45 13.34 14.92 15.81 13.71 15.82 18.23 18.31 17.14 19.73 21.52 20.87 20.37 19.24 20.30 19.73 18.72 20.02 19.24 17.96 15.47 13.41 13.06 11.64 12.11 10.61 10.29 11.97 14.78 14.25 13.85 17.26 19.92 18.87 20.30 22.79 23.84 22.03 23.91 21.12 21.76 18.57 18.09 15.71 16.18 16.80 16.00 16.18 17.82 18.19 18.07 20.03 19.63 17.23 18.41 18.74 17.14 17.99 19.85 17.95 17.90 20.80 21.09 19.86 20.75 23.20 22.82 22.41 23.93 23.61 24.15 22.96 24.73 24.06 23.03 24.42 25.61 26.39 
