2.59 6.76 6.31 8.31 10.17 11.56 11.67 12.86 14.94 15.16 15.45 17.75 19.28 20.24 20.71 22.58 24.02 23.46 23.84 22.90 23.01 22.45 22.61 21.46 22.31 23.12 24.45 23.17 22.92 23.45 24.69 23.30 22.01 22.45 23.67 22.54 21.54 23.22 23.72 22.06 21.62 23.57 23.86 22.98 22.41 22.78 22.46 22.55 22.65 23.92 23.68 24.72 26.17 26.57 26.48 27.22 27.84 25.73 25.21 25.69 25.61 23.39 22.73 23.91 23.39 22.36 23.52 25.19 25.21 24.16 25.31 24.23 23.09 22.95 23.04 23.32 23.16 23.24 22.95 23.40 22.38 22.60 23.51 24.01 24.22 25.57 27.62 27.29 27.06 28.43 29.22 28.55 25.96 27.45 28.33 28.07 28.23 
6.76 2.12 4.97 5.86 9.01 9.31 9.92 12.26 13.90 13.40 13.64 16.45 18.53 18.38 19.94 21.72 23.55 22.00 23.32 22.31 22.39 21.37 21.57 20.40 21.79 22.73 24.27 22.64 22.51 23.41 24.76 23.22 21.62 22.07 23.65 22.12 21.01 22.83 23.34 21.21 20.82 22.60 23.15 22.08 22.01 21.89 21.70 21.80 21.92 23.36 23.01 23.94 25.50 25.94 25.96 26.63 26.96 24.86 24.08 25.08 24.98 22.03 21.65 23.64 23.22 21.32 22.65 24.59 24.66 23.16 24.87 23.46 22.11 21.62 22.63 22.60 22.58 22.31 22.76 23.06 22.39 21.66 23.00 22.73 23.27 24.00 26.78 26.01 27.04 28.14 29.92 28.47 25.03 28.35 28.76 28.61 27.75 
6.31 4.97 0.50 2.68 5.97 6.83 7.60 8.80 10.32 10.01 9.87 12.55 13.80 14.26 15.25 17.06 18.13 17.31 19.14 17.97 17.79 17.44 18.22 17.31 18.68 20.02 21.69 20.00 19.72 20.94 22.15 19.95 18.05 18.97 20.33 18.16 16.97 18.89 19.50 16.90 16.29 18.36 18.88 17.83 17.13 17.51 17.82 18.13 18.03 19.57 19.48 20.62 22.25 22.77 22.80 23.46 24.66 21.88 20.90 21.96 22.29 19.20 18.81 21.05 20.71 18.31 19.77 22.05 21.92 19.78 21.31 19.93 18.82 18.18 17.97 18.47 18.18 18.14 18.12 18.54 17.91 18.00 18.40 18.90 19.48 20.22 22.15 22.15 24.30 25.14 25.25 25.41 22.35 24.38 25.15 25.51 26.13 
8.31 5.86 2.68 1.24 5.25 6.86 6.65 8.33 10.07 10.81 10.23 12.52 14.60 14.74 15.94 17.29 19.45 18.62 20.21 18.71 18.71 18.19 19.51 17.87 18.88 20.37 22.89 21.37 20.62 21.91 23.53 21.89 20.20 20.42 21.77 20.14 18.89 20.06 20.54 18.50 18.12 19.75 20.39 19.18 18.41 19.21 19.46 19.29 19.24 20.74 20.94 22.18 24.38 24.50 23.93 25.25 26.68 24.32 22.05 23.62 24.60 22.09 20.18 22.56 22.84 20.68 21.13 23.28 23.70 22.02 22.67 21.04 20.94 19.69 18.67 18.23 19.00 19.02 18.40 18.83 18.69 18.78 19.30 19.74 21.03 21.76 23.80 24.75 27.27 27.96 28.19 27.15 25.43 27.18 29.00 27.39 31.83 
10.17 9.01 5.97 5.25 1.85 6.02 6.62 6.47 8.05 9.43 9.77 11.71 13.82 14.97 15.78 17.81 20.40 19.99 21.17 19.17 19.24 19.04 20.19 18.47 19.36 20.98 23.89 22.39 21.40 22.56 24.90 23.59 21.60 22.27 24.18 22.63 20.99 23.08 23.49 20.88 20.30 22.64 22.59 20.85 20.20 20.75 20.39 19.98 20.11 22.19 21.97 23.44 25.68 26.12 25.73 26.77 27.84 25.19 24.00 25.38 26.03 22.88 21.77 23.76 23.61 21.69 22.33 24.69 24.83 22.85 23.73 21.59 21.35 20.25 19.68 18.99 19.73 18.67 18.39 18.77 18.33 18.11 19.46 20.02 20.72 22.21 24.42 24.16 25.49 27.52 28.04 27.58 26.66 27.30 26.65 26.96 25.36 
11.56 9.31 6.83 6.86 6.02 0.81 5.67 7.22 6.95 7.69 8.51 11.48 12.26 12.82 14.93 17.30 19.24 18.32 20.33 18.79 18.37 17.58 18.92 17.41 19.16 20.47 23.70 21.70 21.41 22.74 24.91 23.40 21.45 22.19 24.34 22.58 20.88 23.20 23.34 20.62 19.86 22.45 22.16 20.78 20.03 20.64 19.81 19.79 19.60 21.88 21.33 23.26 25.02 25.52 24.87 26.38 27.13 24.51 23.46 25.37 25.42 22.40 21.38 23.58 23.11 21.03 22.10 24.59 24.43 22.49 23.39 21.68 20.57 19.68 19.35 19.72 19.42 19.06 18.58 19.78 18.55 18.01 18.74 19.47 20.16 21.65 23.63 23.95 25.76 27.85 28.07 26.76 25.28 27.16 27.03 26.87 26.38 
11.67 9.92 7.60 6.65 6.62 5.67 0.31 5.42 6.87 6.12 6.24 9.30 10.42 10.73 11.88 14.37 16.06 15.40 17.89 16.06 15.34 15.32 16.79 15.75 17.21 19.57 22.17 20.03 19.44 21.12 23.36 21.06 19.24 20.24 22.34 19.90 18.26 20.36 20.90 17.78 17.19 19.31 19.61 18.29 17.42 17.39 17.45 17.34 16.85 18.99 18.78 20.57 22.65 22.60 22.53 24.10 25.00 22.03 21.29 23.09 23.73 19.89 19.65 21.85 21.20 18.45 19.93 22.50 22.59 19.54 21.08 19.21 18.59 17.08 16.66 16.33 16.59 15.76 16.15 16.39 15.50 15.17 15.60 16.08 17.41 18.75 20.38 20.24 22.82 24.53 23.90 24.36 23.53 24.46 23.08 24.35 25.38 
12.86 12.26 8.80 8.33 6.47 7.22 5.42 0.06 5.26 7.31 5.77 7.42 9.59 10.71 11.55 13.57 16.71 15.90 18.30 16.42 16.33 15.92 17.79 15.81 17.73 20.27 23.15 20.88 20.08 21.90 24.12 22.31 20.28 21.03 23.14 21.13 19.95 21.88 22.02 19.48 18.92 20.89 20.87 19.60 18.18 18.35 18.20 17.91 17.52 19.97 19.89 21.85 23.74 24.67 23.83 25.68 26.58 24.53 22.46 24.64 25.00 22.45 20.98 23.42 22.75 20.60 21.35 23.82 23.40 21.26 22.07 20.10 19.47 17.62 16.17 15.58 16.43 15.35 15.32 15.97 15.27 15.13 15.54 16.23 17.86 19.60 20.92 22.11 25.03 26.80 25.61 24.94 24.12 25.88 25.15 25.22 27.33 
14.94 13.90 10.32 10.07 8.05 6.95 6.87 5.26 1.25 5.91 6.74 6.37 7.85 9.80 10.89 12.51 15.34 15.68 18.40 16.00 16.17 16.53 18.10 16.80 18.20 20.81 23.64 21.72 20.85 22.09 24.45 23.28 21.58 21.76 23.84 21.82 20.48 22.32 22.87 20.21 19.83 21.97 21.76 19.72 19.21 19.27 18.47 18.02 18.06 20.80 20.39 21.97 24.91 25.77 25.00 26.26 27.53 25.12 23.64 25.06 26.02 23.21 22.22 24.13 23.72 21.96 22.83 24.77 24.75 22.29 23.74 21.17 21.01 18.82 17.34 16.29 17.15 15.66 15.34 16.68 16.26 16.22 16.64 17.37 18.40 20.46 22.13 22.60 24.73 25.86 24.59 25.11 25.19 26.15 23.85 25.63 25.27 
15.16 13.40 10.01 10.81 9.43 7.69 6.12 7.31 5.91 0.00 5.24 7.37 6.61 6.81 9.44 11.52 13.71 12.73 16.39 14.56 14.30 14.11 16.42 15.18 16.85 19.06 22.00 19.69 19.06 20.71 23.06 21.08 19.49 20.46 22.44 20.39 18.45 20.78 20.88 18.45 17.75 20.27 19.87 18.28 17.60 17.69 17.31 16.68 16.67 19.64 19.56 21.60 23.94 24.75 23.87 25.50 26.24 24.04 22.62 24.25 24.38 21.90 21.15 22.65 22.01 20.12 21.54 23.53 23.07 21.19 22.60 20.12 19.47 17.58 16.18 16.02 16.58 15.85 14.96 15.85 15.45 15.96 14.81 16.38 16.93 19.24 20.66 21.42 24.09 24.46 23.41 22.57 22.28 24.84 23.23 23.63 24.91 
15.45 13.64 9.87 10.23 9.77 8.51 6.24 5.77 6.74 5.24 0.00 5.33 7.22 6.57 7.90 10.03 12.66 11.80 14.87 12.83 12.36 12.84 14.79 14.15 15.45 18.37 21.06 18.38 17.27 18.93 21.62 18.96 17.20 18.18 20.77 17.97 16.55 18.30 18.82 16.00 15.99 17.89 17.68 16.26 15.26 15.09 14.62 14.20 14.00 17.35 17.68 20.16 22.10 22.85 22.33 23.88 24.26 22.07 21.20 23.00 22.79 19.66 19.63 20.97 20.15 17.84 19.72 21.65 21.34 18.93 20.91 18.09 17.33 15.28 14.03 14.01 14.44 13.21 13.45 14.33 13.02 13.37 12.46 13.83 14.69 16.83 19.13 19.73 22.01 22.60 21.16 21.61 21.62 23.49 21.72 22.79 24.48 
17.75 16.45 12.55 12.52 11.71 11.48 9.30 7.42 6.37 7.37 5.33 0.00 6.13 7.57 7.16 9.02 12.38 11.88 14.58 13.40 13.58 13.58 16.39 15.87 17.91 20.54 22.71 20.67 19.25 19.99 22.44 20.44 18.85 19.21 21.56 19.61 18.30 20.44 20.18 18.15 17.73 20.14 19.51 18.07 16.50 16.02 16.05 16.15 16.27 19.43 20.07 22.24 24.39 25.55 24.59 26.19 26.49 24.74 23.38 25.33 25.31 22.84 21.85 23.42 22.66 20.91 22.17 24.11 23.68 21.96 23.01 20.10 19.07 17.20 15.23 15.15 15.99 15.01 14.81 15.43 14.32 14.56 13.84 15.97 16.37 18.31 20.66 21.66 24.27 24.48 23.50 23.69 22.52 24.97 23.96 25.08 24.54 
19.28 18.53 13.80 14.60 13.82 12.26 10.42 9.59 7.85 6.61 7.22 6.13 0.00 6.20 7.40 7.89 10.24 11.20 13.99 13.51 14.25 14.55 17.00 16.86 19.03 21.36 23.29 21.06 20.20 20.44 22.60 20.76 19.76 19.93 21.68 19.58 18.82 20.84 20.66 18.57 17.91 20.41 19.70 18.25 16.86 16.43 15.68 16.15 16.80 19.98 20.22 22.46 25.21 26.53 25.95 27.16 27.87 25.93 24.43 26.60 26.91 23.88 22.85 24.58 23.32 22.05 23.05 25.53 25.21 23.23 24.45 21.73 20.88 18.74 16.85 16.15 17.07 15.20 15.00 15.65 14.32 14.31 15.02 16.13 17.14 19.07 21.92 22.15 24.65 25.49 24.26 24.49 23.75 25.41 23.41 24.79 23.48 
20.24 18.38 14.26 14.74 14.97 12.82 10.73 10.71 9.80 6.81 6.57 7.57 6.20 0.00 5.68 7.09 8.55 8.58 11.95 11.50 12.67 13.07 16.03 16.15 18.87 21.05 23.08 20.82 19.62 20.31 21.70 19.16 18.08 18.45 20.20 17.92 16.66 18.86 19.07 16.97 16.13 18.51 17.94 16.26 15.24 14.86 14.46 14.79 16.13 19.31 19.43 22.15 25.02 26.21 24.95 26.51 27.02 24.79 23.46 25.30 25.07 22.06 21.52 22.87 21.79 19.87 21.89 24.20 23.89 22.08 23.12 20.98 19.82 17.68 15.44 16.51 16.57 15.27 14.22 15.02 13.14 13.31 11.77 14.86 15.65 17.92 20.73 22.01 24.12 24.18 23.26 23.31 22.19 24.44 23.13 24.12 23.52 
20.71 19.94 15.25 15.94 15.78 14.93 11.88 11.55 10.89 9.44 7.90 7.16 7.40 5.68 0.00 5.37 6.91 7.20 10.71 10.50 11.65 12.79 16.34 16.89 19.06 22.55 24.63 21.88 20.29 20.54 21.78 19.14 16.89 17.29 18.90 16.52 15.59 17.10 17.43 15.40 14.90 16.79 15.49 13.96 13.28 12.56 13.31 14.18 15.72 18.58 19.03 22.10 25.25 25.82 24.54 25.64 26.27 24.34 22.54 24.48 23.92 21.15 20.72 22.40 20.70 19.15 20.56 23.20 23.21 21.25 22.58 19.81 18.64 16.47 14.49 15.01 15.59 12.11 11.81 12.54 11.88 9.67 8.73 11.93 14.47 15.71 19.01 20.61 22.73 23.13 22.12 22.95 22.28 23.65 22.26 23.96 24.43 
22.58 21.72 17.06 17.29 17.81 17.30 14.37 13.57 12.51 11.52 10.03 9.02 7.89 7.09 5.37 0.00 5.57 6.09 9.21 9.78 11.64 12.49 16.76 17.09 20.47 23.67 26.01 23.12 21.67 21.01 22.59 19.59 17.52 17.27 19.11 16.55 15.94 17.48 17.63 14.78 14.91 17.18 15.70 12.91 12.82 12.61 13.46 14.95 16.16 19.11 19.97 22.98 25.92 26.41 25.35 26.51 27.13 24.88 23.32 24.64 24.56 21.49 21.23 22.48 21.95 19.98 21.65 24.07 24.28 22.57 23.77 21.18 20.09 18.10 16.11 16.21 16.09 14.67 13.89 14.41 12.70 13.16 12.47 14.85 16.18 18.69 21.15 23.23 25.44 25.27 24.26 24.67 24.16 25.74 23.82 25.08 25.25 
24.02 23.55 18.13 19.45 20.40 19.24 16.06 16.71 15.34 13.71 12.66 12.38 10.24 8.55 6.91 5.57 0.00 5.30 8.61 10.09 12.41 14.67 17.96 18.93 22.11 25.81 27.74 25.19 22.79 23.14 23.98 21.36 18.44 18.87 20.11 17.18 16.87 18.05 17.89 14.99 15.50 17.73 16.09 13.28 14.58 14.02 14.40 16.00 17.18 20.16 20.86 23.84 26.83 27.67 27.16 28.05 28.41 26.06 24.12 25.85 25.45 22.23 21.35 23.21 22.17 20.84 22.08 25.02 25.16 23.12 24.49 22.21 21.77 19.65 18.28 18.15 18.08 15.82 15.68 16.03 15.30 15.06 16.04 17.08 19.07 21.01 23.56 24.43 27.35 27.73 26.10 26.54 26.34 26.76 25.48 26.65 26.72 
23.46 22.00 17.31 18.62 19.99 18.32 15.40 15.90 15.68 12.73 11.80 11.88 11.20 8.58 7.20 6.09 5.30 0.00 5.54 6.10 8.75 11.07 15.37 16.52 19.58 23.03 25.47 22.36 20.60 21.01 21.47 17.90 15.19 15.66 16.23 12.73 12.82 14.27 13.70 11.91 12.26 14.53 11.79 10.18 11.32 11.28 10.81 12.82 14.25 17.46 18.03 21.17 24.41 25.48 24.49 25.84 26.06 23.54 21.79 23.36 22.70 19.57 19.32 20.70 19.11 17.66 19.68 22.38 22.08 19.59 21.11 18.88 18.43 16.49 14.56 15.47 15.65 13.62 12.72 13.80 13.64 13.64 13.15 15.87 17.40 18.76 21.43 22.40 25.97 25.80 24.26 24.14 24.42 26.18 24.12 25.44 26.18 
23.84 23.32 19.14 20.21 21.17 20.33 17.89 18.30 18.40 16.39 14.87 14.58 13.99 11.95 10.71 9.21 8.61 5.54 0.00 5.88 7.35 10.35 13.89 16.24 19.38 21.96 23.94 21.93 20.15 19.97 20.48 18.47 15.51 15.23 15.55 13.11 13.41 14.03 14.25 12.37 13.30 14.89 13.76 11.60 13.49 12.01 11.96 13.14 14.95 17.65 18.63 21.17 24.00 25.16 24.57 25.50 25.74 23.75 21.97 23.55 22.75 19.77 19.56 21.46 19.84 18.52 20.32 23.29 22.99 20.89 22.29 19.89 19.33 17.52 16.11 16.61 17.36 15.16 14.86 15.77 16.43 16.83 15.82 17.44 19.03 20.31 22.78 23.97 26.87 26.31 24.58 25.24 25.24 25.62 25.41 26.18 26.68 
22.90 22.31 17.97 18.71 19.17 18.79 16.06 16.42 16.00 14.56 12.83 13.40 13.51 11.50 10.50 9.78 10.09 6.10 5.88 0.00 5.10 6.56 10.26 11.41 15.65 18.44 20.52 18.12 16.76 16.51 16.97 14.88 12.33 12.67 13.72 11.11 10.92 13.03 13.24 9.39 10.65 13.96 12.57 10.66 10.82 9.63 9.11 10.05 10.96 13.51 14.92 18.37 20.44 21.74 21.38 22.55 22.32 20.68 19.32 20.98 19.76 16.73 16.86 18.67 17.18 15.39 17.57 20.23 20.23 18.54 20.29 17.98 17.33 15.76 14.39 14.88 15.29 13.80 13.55 14.23 14.47 15.35 15.46 16.48 17.85 18.76 21.31 21.52 25.10 24.90 23.42 23.71 24.39 25.54 23.46 24.92 25.56 
23.01 22.39 17.79 18.71 19.24 18.37 15.34 16.33 16.17 14.30 12.36 13.58 14.25 12.67 11.65 11.64 12.41 8.75 7.35 5.10 0.00 5.12 6.98 8.85 12.43 16.12 18.21 15.55 14.02 14.45 15.40 13.05 9.84 11.59 12.86 9.13 9.58 12.65 11.76 7.69 9.93 13.75 12.49 10.22 11.69 10.00 9.10 9.54 9.47 11.72 13.06 16.16 18.81 20.18 19.62 20.80 21.01 19.09 18.35 19.70 19.02 16.02 15.99 17.43 16.47 14.56 16.44 18.75 19.11 17.36 19.24 16.75 17.02 14.93 14.32 15.02 15.29 13.92 14.40 15.60 15.32 14.63 15.19 16.06 17.82 18.95 21.29 21.59 25.12 25.06 23.52 23.97 25.67 25.65 23.50 24.85 25.25 
22.45 21.37 17.44 18.19 19.04 17.58 15.32 15.92 16.53 14.11 12.84 13.58 14.55 13.07 12.79 12.49 14.67 11.07 10.35 6.56 5.12 0.00 5.58 6.82 9.85 12.99 15.57 12.83 11.07 12.14 13.81 10.15 7.86 9.91 12.41 8.46 9.58 12.76 13.20 9.82 11.68 15.06 14.47 12.77 13.12 11.44 10.17 9.58 8.97 10.25 11.08 14.02 16.92 18.62 17.93 18.98 19.58 17.31 16.21 17.95 17.66 14.84 14.83 16.39 14.97 13.73 15.58 17.93 17.64 16.10 18.21 16.09 15.86 14.55 13.98 14.60 15.38 14.30 14.34 15.62 15.11 13.79 14.33 15.43 17.29 18.33 20.35 20.99 24.07 23.77 22.82 22.72 24.82 25.65 23.13 24.61 25.59 
22.61 21.57 18.22 19.51 20.19 18.92 16.79 17.79 18.10 16.42 14.79 16.39 17.00 16.03 16.34 16.76 17.96 15.37 13.89 10.26 6.98 5.58 1.41 5.69 7.06 10.50 12.51 11.30 10.16 11.71 13.26 11.78 9.53 11.77 13.87 11.40 11.67 14.87 15.46 12.98 13.84 17.24 16.95 15.98 15.86 14.06 12.01 11.38 10.23 10.99 10.15 12.53 15.83 17.91 17.41 18.42 18.93 17.18 16.56 18.54 18.17 15.21 15.11 17.27 16.00 14.50 16.39 19.26 19.10 17.89 20.26 17.75 17.67 16.88 16.45 16.40 17.31 16.28 16.44 16.73 16.51 15.48 15.72 16.63 18.16 19.13 21.56 22.03 24.83 24.46 23.52 24.24 26.00 25.52 24.33 25.28 25.63 
21.46 20.40 17.31 17.87 18.47 17.41 15.75 15.81 16.80 15.18 14.15 15.87 16.86 16.15 16.89 17.09 18.93 16.52 16.24 11.41 8.85 6.82 5.69 0.70 5.39 7.65 10.09 8.61 8.46 9.73 11.91 10.17 8.87 11.30 14.09 11.97 12.01 15.79 16.47 13.68 14.90 18.69 18.07 16.70 16.93 14.81 12.34 10.90 9.90 10.63 9.77 11.75 14.18 16.26 16.04 17.18 17.58 16.05 15.10 17.15 16.50 13.08 13.38 15.63 14.53 12.68 15.11 17.89 17.80 16.76 19.65 17.30 17.04 16.62 15.81 16.35 16.27 15.68 15.57 16.41 15.59 14.60 15.34 15.85 17.19 18.05 19.89 20.78 23.53 23.45 22.21 22.67 24.54 25.17 22.74 24.14 25.33 
22.31 21.79 18.68 18.88 19.36 19.16 17.21 17.73 18.20 16.85 15.45 17.91 19.03 18.87 19.06 20.47 22.11 19.58 19.38 15.65 12.43 9.85 7.06 5.39 1.19 5.21 7.29 8.22 8.17 9.55 11.10 11.27 9.88 12.92 15.50 14.03 14.53 18.28 18.46 16.15 17.35 21.20 20.66 19.09 19.50 17.85 15.37 12.78 10.86 12.38 11.08 11.22 12.83 14.63 15.39 17.15 17.43 15.86 15.15 17.68 16.27 13.48 13.54 15.91 15.01 13.58 15.60 18.47 19.02 17.63 20.33 18.53 19.25 17.83 17.36 17.68 18.01 16.66 16.94 17.71 17.52 16.25 16.69 16.64 18.23 19.00 20.95 21.43 24.58 24.72 23.10 23.67 25.77 25.13 22.96 24.32 25.57 
23.12 22.73 20.02 20.37 20.98 20.47 19.57 20.27 20.81 19.06 18.37 20.54 21.36 21.05 22.55 23.67 25.81 23.03 21.96 18.44 16.12 12.99 10.50 7.65 5.21 0.34 6.37 7.55 9.04 10.51 13.17 12.47 12.15 14.86 18.05 16.61 17.39 20.58 21.65 19.72 20.91 23.86 23.69 22.71 22.65 21.19 18.55 16.59 14.10 14.20 12.06 12.11 14.47 16.01 16.30 18.42 18.93 17.05 16.30 18.30 17.62 15.46 15.11 17.36 16.49 16.40 18.00 20.43 20.91 19.83 22.35 20.84 21.23 20.33 19.74 20.28 21.02 20.30 20.38 20.99 20.29 19.45 19.76 19.30 19.70 20.77 22.66 22.92 25.46 25.65 24.62 24.53 26.84 26.87 24.12 25.80 27.27 
24.45 24.27 21.69 22.89 23.89 23.70 22.17 23.15 23.64 22.00 21.06 22.71 23.29 23.08 24.63 26.01 27.74 25.47 23.94 20.52 18.21 15.57 12.51 10.09 7.29 6.37 1.95 5.88 7.61 10.01 12.21 12.33 11.94 15.19 17.88 16.82 17.54 20.90 22.51 21.37 22.29 25.12 25.54 24.89 24.98 22.95 20.66 19.33 16.08 16.26 14.04 14.53 16.54 17.61 17.62 19.67 20.32 18.95 17.98 19.98 19.93 17.76 16.78 18.74 17.93 17.40 19.04 21.81 22.28 21.64 23.86 22.41 23.04 22.33 21.82 22.62 23.98 22.89 23.31 23.88 23.05 21.93 22.36 21.79 21.93 22.39 24.69 24.31 26.41 26.65 25.46 25.92 27.84 27.27 25.60 27.21 27.99 
23.17 22.64 20.00 21.37 22.39 21.70 20.03 20.88 21.72 19.69 18.38 20.67 21.06 20.82 21.88 23.12 25.19 22.36 21.93 18.12 15.55 12.83 11.30 8.61 8.22 7.55 5.88 0.00 4.87 7.06 8.61 9.38 9.65 12.03 14.46 13.94 14.88 17.73 19.11 18.17 19.34 22.50 22.47 21.97 21.90 19.64 17.33 16.08 13.83 14.98 12.75 14.12 15.15 16.38 15.82 17.05 18.14 17.38 16.50 18.66 18.18 15.76 14.92 17.12 15.78 14.64 16.37 19.28 20.01 18.81 21.43 20.13 20.64 20.04 19.39 20.85 21.40 20.01 20.53 21.75 20.66 19.24 19.95 19.65 20.14 20.68 22.25 22.50 24.60 25.04 23.49 23.70 25.70 26.36 23.87 25.58 27.00 
22.92 22.51 19.72 20.62 21.40 21.41 19.44 20.08 20.85 19.06 17.27 19.25 20.20 19.62 20.29 21.67 22.79 20.60 20.15 16.76 14.02 11.07 10.16 8.46 8.17 9.04 7.61 4.87 0.00 5.18 7.63 7.75 7.98 9.56 12.94 11.87 12.34 15.63 16.89 15.50 16.17 20.17 21.22 19.92 19.47 17.42 15.91 14.80 13.02 13.33 12.22 13.85 15.24 16.11 14.60 16.28 16.25 15.53 14.86 17.13 16.37 13.78 13.28 15.46 13.63 12.12 14.69 17.04 17.72 17.11 20.02 18.97 19.58 18.87 18.99 19.88 20.22 19.33 20.12 20.77 20.05 18.59 19.31 18.68 18.83 19.34 21.11 21.43 23.69 23.99 22.09 22.76 24.56 24.35 22.08 24.36 25.76 
23.45 23.41 20.94 21.91 22.56 22.74 21.12 21.90 22.09 20.71 18.93 19.99 20.44 20.31 20.54 21.01 23.14 21.01 19.97 16.51 14.45 12.14 11.71 9.73 9.55 10.51 10.01 7.06 5.18 0.00 5.99 7.26 7.30 8.50 11.62 11.71 11.59 15.00 16.96 15.65 16.94 20.33 21.28 20.20 20.51 18.03 16.85 15.37 14.26 13.48 12.64 14.59 17.22 17.05 16.46 17.66 18.25 15.77 15.27 17.83 17.39 14.98 13.89 15.78 14.15 13.63 14.82 17.14 17.60 17.36 20.50 19.59 20.09 19.84 19.47 20.83 21.53 21.25 21.50 22.07 20.95 19.55 19.47 19.15 19.26 19.45 20.78 21.31 23.82 23.64 22.28 22.64 24.40 25.11 22.39 24.55 26.31 
24.69 24.76 22.15 23.53 24.90 24.91 23.36 24.12 24.45 23.06 21.62 22.44 22.60 21.70 21.78 22.59 23.98 21.47 20.48 16.97 15.40 13.81 13.26 11.91 11.10 13.17 12.21 8.61 7.63 5.99 0.92 6.14 7.71 7.42 9.47 10.82 12.75 14.65 15.66 16.16 17.86 20.90 21.11 21.43 22.45 20.12 18.06 17.19 16.27 15.73 14.65 16.79 19.62 19.91 18.25 19.52 20.31 18.32 17.18 19.24 19.47 17.27 15.65 16.87 16.20 15.02 16.13 18.17 19.14 19.04 21.52 20.79 22.46 21.63 21.46 22.77 24.26 23.18 23.68 23.95 23.14 21.37 21.37 20.83 21.23 21.04 21.89 22.29 24.73 24.49 23.05 23.99 25.83 25.81 23.61 25.91 27.08 
23.30 23.22 19.95 21.89 23.59 23.40 21.06 22.31 23.28 21.08 18.96 20.44 20.76 19.16 19.14 19.59 21.36 17.90 18.47 14.88 13.05 10.15 11.78 10.17 11.27 12.47 12.33 9.38 7.75 7.26 6.14 0.12 5.73 7.49 7.34 7.53 9.54 12.34 12.64 12.90 15.01 17.53 17.71 18.30 19.41 16.82 14.84 14.89 13.51 14.19 13.12 15.99 18.00 18.61 17.07 17.41 18.76 16.90 15.31 17.77 18.05 15.10 13.83 15.68 14.63 12.84 13.69 15.89 17.36 15.89 18.44 18.16 19.86 18.83 18.69 20.50 21.32 20.11 20.69 21.55 20.08 18.68 18.64 18.19 18.58 18.62 19.16 19.49 22.20 22.54 20.99 21.42 22.51 24.05 21.68 24.11 25.27 
22.01 21.62 18.05 20.20 21.60 21.45 19.24 20.28 21.58 19.49 17.20 18.85 19.76 18.08 16.89 17.52 18.44 15.19 15.51 12.33 9.84 7.86 9.53 8.87 9.88 12.15 11.94 9.65 7.98 7.30 7.71 5.73 0.21 5.44 8.06 5.94 6.03 9.93 11.60 10.55 11.29 15.33 15.70 15.79 16.02 13.96 12.57 13.40 11.06 11.53 11.33 13.65 15.17 16.56 15.19 15.61 16.47 14.77 13.46 15.50 15.47 12.09 12.23 13.83 12.04 8.64 11.32 13.51 13.62 12.01 15.05 15.00 16.15 15.92 16.10 17.25 18.02 17.07 18.46 18.42 17.75 15.79 16.02 15.16 16.25 15.08 16.57 17.30 19.96 20.42 18.98 19.56 19.91 21.04 18.91 21.66 23.38 
22.45 22.07 18.97 20.42 22.27 22.19 20.24 21.03 21.76 20.46 18.18 19.21 19.93 18.45 17.29 17.27 18.87 15.66 15.23 12.67 11.59 9.91 11.77 11.30 12.92 14.86 15.19 12.03 9.56 8.50 7.42 7.49 5.44 0.00 6.16 7.31 5.84 7.68 10.21 10.39 10.81 14.24 15.15 15.75 16.39 14.68 13.63 13.58 12.80 12.56 12.53 14.56 16.98 17.85 17.30 17.28 18.10 15.74 14.81 16.41 16.36 13.37 12.86 14.53 11.84 9.36 11.79 13.52 12.58 11.08 14.67 14.47 15.05 15.10 15.97 17.22 17.94 17.99 18.61 18.87 17.38 15.94 16.20 15.11 15.47 14.28 15.74 17.07 20.14 19.86 19.46 19.67 20.03 22.10 20.22 22.67 23.98 
23.67 23.65 20.33 21.77 24.18 24.34 22.34 23.14 23.84 22.44 20.77 21.56 21.68 20.20 18.90 19.11 20.11 16.23 15.55 13.72 12.86 12.41 13.87 14.09 15.50 18.05 17.88 14.46 12.94 11.62 9.47 7.34 8.06 6.16 1.34 6.12 8.01 7.17 8.23 9.52 11.50 13.95 13.71 15.42 16.80 15.50 14.81 15.28 14.64 15.49 14.99 16.88 19.62 20.54 19.11 19.70 20.88 18.84 17.63 18.61 19.10 16.10 15.45 15.72 14.57 12.55 13.94 14.98 15.05 13.81 16.39 16.11 17.43 17.32 18.01 18.98 20.26 19.10 20.22 19.90 18.77 17.60 17.93 16.90 17.38 16.16 17.81 17.78 21.10 21.24 20.29 21.53 22.31 23.68 22.02 24.04 25.01 
22.54 22.12 18.16 20.14 22.63 22.58 19.90 21.13 21.82 20.39 17.97 19.61 19.58 17.92 16.52 16.55 17.18 12.73 13.11 11.11 9.13 8.46 11.40 11.97 14.03 16.61 16.82 13.94 11.87 11.71 10.82 7.53 5.94 7.31 6.12 0.00 5.12 7.29 6.14 6.01 8.51 11.02 10.79 12.13 13.59 12.07 11.24 12.60 10.76 12.25 12.82 15.31 17.58 18.93 17.39 17.83 19.76 18.04 16.14 17.89 18.48 14.86 14.15 15.52 13.91 11.10 12.69 14.33 14.08 12.60 14.81 14.32 15.88 15.07 15.14 17.07 17.47 15.82 17.00 17.59 16.46 15.00 15.09 14.12 15.41 15.18 15.12 15.31 19.45 19.91 19.03 19.70 20.16 22.54 20.44 23.01 23.72 
21.54 21.01 16.97 18.89 20.99 20.88 18.26 19.95 20.48 18.45 16.55 18.30 18.82 16.66 15.59 15.94 16.87 12.82 13.41 10.92 9.58 9.58 11.67 12.01 14.53 17.39 17.54 14.88 12.34 11.59 12.75 9.54 6.03 5.84 8.01 5.12 0.00 5.55 7.43 5.78 6.38 9.95 10.81 11.21 11.99 11.07 10.83 11.44 9.64 11.72 12.76 14.75 17.18 18.72 18.01 17.98 18.90 17.05 15.60 17.59 17.40 13.28 12.97 15.04 11.84 8.04 11.03 12.95 12.21 9.80 12.65 12.53 13.95 13.46 13.67 15.64 16.64 15.13 16.24 16.22 16.31 13.37 13.85 12.92 14.65 11.71 13.78 14.31 18.41 18.59 17.58 18.52 19.07 20.60 19.14 21.38 22.80 
23.22 22.83 18.89 20.06 23.08 23.20 20.36 21.88 22.32 20.78 18.30 20.44 20.84 18.86 17.10 17.48 18.05 14.27 14.03 13.03 12.65 12.76 14.87 15.79 18.28 20.58 20.90 17.73 15.63 15.00 14.65 12.34 9.93 7.68 7.17 7.29 5.55 0.00 6.25 7.09 5.92 8.15 10.68 12.06 12.47 13.11 13.53 14.25 13.19 15.84 16.38 18.35 20.78 22.61 21.30 21.61 22.14 20.21 18.76 19.82 19.98 16.48 16.19 16.55 14.61 11.84 13.47 14.99 14.01 12.04 15.47 14.16 15.08 15.31 15.81 17.20 18.24 18.09 19.33 18.98 17.60 14.79 14.99 15.14 14.41 11.29 14.24 16.49 19.27 19.44 19.73 21.15 20.70 23.27 21.15 23.75 24.35 
23.72 23.34 19.50 20.54 23.49 23.34 20.90 22.02 22.87 20.88 18.82 20.18 20.66 19.07 17.43 17.63 17.89 13.70 14.25 13.24 11.76 13.20 15.46 16.47 18.46 21.65 22.51 19.11 16.89 16.96 15.66 12.64 11.60 10.21 8.23 6.14 7.43 6.25 0.10 5.57 7.32 7.04 7.87 10.67 11.76 11.58 12.03 13.73 13.81 16.46 16.63 18.74 21.63 22.71 21.32 21.85 22.90 21.17 19.65 20.76 20.86 18.11 16.89 17.43 15.85 13.82 14.64 15.79 15.53 14.26 16.18 15.28 15.94 15.48 16.22 17.00 17.79 17.43 19.00 18.93 17.70 15.87 16.14 15.24 15.57 13.72 16.28 16.11 20.02 20.31 19.94 20.76 20.66 22.81 21.25 23.21 24.24 
22.06 21.21 16.90 18.50 20.88 20.62 17.78 19.48 20.21 18.45 16.00 18.15 18.57 16.97 15.40 14.78 14.99 11.91 12.37 9.39 7.69 9.82 12.98 13.68 16.15 19.72 21.37 18.17 15.50 15.65 16.16 12.90 10.55 10.39 9.52 6.01 5.78 7.09 5.57 0.00 4.98 7.04 6.12 7.00 9.19 8.14 8.69 10.09 10.73 12.74 14.18 16.76 19.47 20.25 19.34 20.20 21.23 19.66 17.98 19.80 20.10 16.55 15.78 16.87 15.09 12.25 13.77 15.10 14.82 12.91 15.29 12.86 14.19 13.37 13.49 14.33 15.54 14.07 15.93 16.91 15.86 14.42 13.90 12.84 13.33 13.31 13.59 13.70 17.71 18.97 18.51 19.14 18.69 22.10 19.74 22.30 23.30 
21.62 20.82 16.29 18.12 20.30 19.86 17.19 18.92 19.83 17.75 15.99 17.73 17.91 16.13 14.90 14.91 15.50 12.26 13.30 10.65 9.93 11.68 13.84 14.90 17.35 20.91 22.29 19.34 16.17 16.94 17.86 15.01 11.29 10.81 11.50 8.51 6.38 5.92 7.32 4.98 0.00 5.93 6.84 6.28 7.78 8.03 8.10 9.29 10.26 12.71 13.84 17.22 20.72 20.81 20.30 20.70 21.82 19.68 17.89 20.05 20.15 16.89 16.03 17.60 15.32 12.41 13.66 15.34 14.49 13.13 14.71 12.63 13.49 13.53 13.16 14.37 16.11 15.08 16.32 17.89 16.96 14.67 14.07 13.43 13.48 12.07 14.03 13.70 16.95 18.43 17.71 18.81 18.26 20.39 19.31 21.82 22.85 
23.57 22.60 18.36 19.75 22.64 22.45 19.31 20.89 21.97 20.27 17.89 20.14 20.41 18.51 16.79 17.18 17.73 14.53 14.89 13.96 13.75 15.06 17.24 18.69 21.20 23.86 25.12 22.50 20.17 20.33 20.90 17.53 15.33 14.24 13.95 11.02 9.95 8.15 7.04 7.04 5.93 0.00 6.34 7.63 8.58 9.60 11.37 12.03 13.28 16.63 17.69 20.30 24.21 24.56 23.16 23.97 24.46 22.65 21.15 22.55 22.21 19.30 18.51 19.92 18.20 15.89 17.44 18.92 18.07 16.55 18.33 15.78 16.25 15.46 15.78 16.92 18.74 18.18 19.38 20.20 19.37 17.37 17.18 15.93 14.87 14.16 15.70 15.46 19.22 20.42 20.47 21.26 19.63 22.78 21.25 23.89 24.36 
23.86 23.15 18.88 20.39 22.59 22.16 19.61 20.87 21.76 19.87 17.68 19.51 19.70 17.94 15.49 15.70 16.09 11.79 13.76 12.57 12.49 14.47 16.95 18.07 20.66 23.69 25.54 22.47 21.22 21.28 21.11 17.71 15.70 15.15 13.71 10.79 10.81 10.68 7.87 6.12 6.84 6.34 0.00 6.16 7.95 8.21 9.70 12.15 13.41 16.92 17.72 20.86 23.68 24.26 22.75 23.77 24.36 22.50 20.82 22.36 22.10 19.55 18.88 20.35 18.66 16.98 17.86 19.74 19.58 17.71 19.32 16.69 16.60 15.97 15.74 16.27 17.47 17.39 18.54 19.44 18.16 17.03 16.84 15.97 15.38 15.04 16.81 16.07 20.12 21.22 19.87 20.59 20.34 22.62 21.12 23.02 24.18 
22.98 22.08 17.83 19.18 20.85 20.78 18.29 19.60 19.72 18.28 16.26 18.07 18.25 16.26 13.96 12.91 13.28 10.18 11.60 10.66 10.22 12.77 15.98 16.70 19.09 22.71 24.89 21.97 19.92 20.20 21.43 18.30 15.79 15.75 15.42 12.13 11.21 12.06 10.67 7.00 6.28 7.63 6.16 0.00 5.48 6.80 7.74 9.36 11.84 14.84 16.21 18.71 21.65 21.97 21.00 22.91 23.21 21.03 19.40 21.43 21.28 18.46 18.19 19.80 18.38 16.64 18.16 20.28 19.76 17.90 19.22 15.94 15.60 14.41 13.64 13.24 15.05 13.93 15.07 17.31 16.77 15.32 15.30 14.48 14.55 14.82 15.61 16.17 20.31 21.43 20.10 21.13 20.24 23.56 21.42 23.17 24.49 
22.41 22.01 17.13 18.41 20.20 20.03 17.42 18.18 19.21 17.60 15.26 16.50 16.86 15.24 13.28 12.82 14.58 11.32 13.49 10.82 11.69 13.12 15.86 16.93 19.50 22.65 24.98 21.90 19.47 20.51 22.45 19.41 16.02 16.39 16.80 13.59 11.99 12.47 11.76 9.19 7.78 8.58 7.95 5.48 0.00 5.67 6.96 8.77 11.30 14.80 16.30 18.76 22.28 23.22 22.47 23.84 23.59 21.59 19.55 21.70 20.95 18.23 17.89 20.46 18.53 16.29 17.95 21.01 20.19 18.21 19.53 16.27 15.71 14.54 12.84 13.15 14.47 13.16 14.19 16.19 15.80 14.46 13.80 12.94 12.74 14.14 15.89 16.11 20.02 21.72 19.77 20.53 20.65 22.64 21.43 23.42 24.32 
22.78 21.89 17.51 19.21 20.75 20.64 17.39 18.35 19.27 17.69 15.09 16.02 16.43 14.86 12.56 12.61 14.02 11.28 12.01 9.63 10.00 11.44 14.06 14.81 17.85 21.19 22.95 19.64 17.42 18.03 20.12 16.82 13.96 14.68 15.50 12.07 11.07 13.11 11.58 8.14 8.03 9.60 8.21 6.80 5.67 0.00 5.52 7.24 9.19 12.19 13.59 17.34 20.26 21.77 20.73 21.85 21.55 19.85 18.78 20.41 19.49 16.67 17.37 19.56 17.98 16.03 17.90 20.72 20.46 18.01 20.05 16.68 16.19 13.63 12.43 12.47 13.20 11.64 12.36 14.33 13.14 12.23 12.49 10.72 11.30 13.42 15.13 15.75 19.75 21.13 20.07 20.60 20.16 23.61 21.45 23.35 24.04 
22.46 21.70 17.82 19.46 20.39 19.81 17.45 18.20 18.47 17.31 14.62 16.05 15.68 14.46 13.31 13.46 14.40 10.81 11.96 9.11 9.10 10.17 12.01 12.34 15.37 18.55 20.66 17.33 15.91 16.85 18.06 14.84 12.57 13.63 14.81 11.24 10.83 13.53 12.03 8.69 8.10 11.37 9.70 7.74 6.96 5.52 0.00 5.58 7.36 10.15 10.83 14.89 18.09 18.76 17.51 19.58 19.28 17.68 16.32 18.60 17.62 15.43 15.94 18.34 16.65 15.37 17.23 19.43 19.56 18.20 19.84 16.33 16.20 14.28 12.54 11.71 12.28 11.16 11.48 12.87 11.90 10.93 10.72 10.42 10.87 12.43 14.88 15.56 19.63 20.51 18.99 19.55 19.72 21.99 20.72 22.18 23.41 
22.55 21.80 18.13 19.29 19.98 19.79 17.34 17.91 18.02 16.68 14.20 16.15 16.15 14.79 14.18 14.95 16.00 12.82 13.14 10.05 9.54 9.58 11.38 10.90 12.78 16.59 19.33 16.08 14.80 15.37 17.19 14.89 13.40 13.58 15.28 12.60 11.44 14.25 13.73 10.09 9.29 12.03 12.15 9.36 8.77 7.24 5.58 0.00 5.81 8.36 9.45 11.73 15.29 16.57 16.22 17.53 17.58 16.47 15.48 17.45 17.15 15.14 15.99 18.47 17.08 15.92 17.71 20.50 20.86 19.33 21.10 17.84 17.07 14.86 12.85 12.52 12.99 10.89 10.59 12.41 11.80 9.88 10.89 10.89 12.26 14.04 16.28 17.11 20.98 21.56 19.95 20.29 19.56 23.24 20.72 22.62 23.99 
22.65 21.92 18.03 19.24 20.11 19.60 16.85 17.52 18.06 16.67 14.00 16.27 16.80 16.13 15.72 16.16 17.18 14.25 14.95 10.96 9.47 8.97 10.23 9.90 10.86 14.10 16.08 13.83 13.02 14.26 16.27 13.51 11.06 12.80 14.64 10.76 9.64 13.19 13.81 10.73 10.26 13.28 13.41 11.84 11.30 9.19 7.36 5.81 0.00 5.90 7.17 9.88 12.11 13.63 14.12 15.42 15.34 14.53 13.20 15.52 15.79 14.14 14.84 17.99 17.10 15.63 17.72 20.70 21.04 19.44 21.86 18.88 17.72 15.75 14.22 13.19 13.36 11.76 11.87 12.54 9.51 9.37 10.69 10.66 11.11 13.66 16.80 16.72 20.05 21.05 19.70 19.81 20.01 21.98 20.55 22.56 23.32 
23.92 23.36 19.57 20.74 22.19 21.88 18.99 19.97 20.80 19.64 17.35 19.43 19.98 19.31 18.58 19.11 20.16 17.46 17.65 13.51 11.72 10.25 10.99 10.63 12.38 14.20 16.26 14.98 13.33 13.48 15.73 14.19 11.53 12.56 15.49 12.25 11.72 15.84 16.46 12.74 12.71 16.63 16.92 14.84 14.80 12.19 10.15 8.36 5.90 0.46 6.07 9.37 10.97 12.85 13.24 14.72 15.00 14.41 13.51 15.67 15.85 14.57 15.94 19.06 18.05 17.09 19.29 22.59 22.76 21.67 24.06 21.48 20.04 18.23 16.86 16.11 15.25 14.05 14.09 12.51 10.67 10.02 12.57 12.08 13.72 16.65 19.29 19.59 22.71 23.33 22.03 22.29 21.41 24.50 22.13 23.91 24.93 
23.68 23.01 19.48 20.94 21.97 21.33 18.78 19.89 20.39 19.56 17.68 20.07 20.22 19.43 19.03 19.97 20.86 18.03 18.63 14.92 13.06 11.08 10.15 9.77 11.08 12.06 14.04 12.75 12.22 12.64 14.65 13.12 11.33 12.53 14.99 12.82 12.76 16.38 16.63 14.18 13.84 17.69 17.72 16.21 16.30 13.59 10.83 9.45 7.17 6.07 0.00 5.95 8.20 9.70 9.31 11.37 12.10 10.97 10.21 13.22 12.82 11.51 13.75 17.15 15.62 15.42 18.58 21.52 21.82 20.23 23.38 20.65 19.66 17.67 16.35 15.05 14.52 12.16 11.83 11.46 9.22 8.88 10.34 11.97 13.34 15.71 18.25 18.43 21.59 22.46 20.99 21.60 21.39 22.78 22.09 23.68 24.82 
24.72 23.94 20.62 22.18 23.44 23.26 20.57 21.85 21.97 21.60 20.16 22.24 22.46 22.15 22.10 22.98 23.84 21.17 21.17 18.37 16.16 14.02 12.53 11.75 11.22 12.11 14.53 14.12 13.85 14.59 16.79 15.99 13.65 14.56 16.88 15.31 14.75 18.35 18.74 16.76 17.22 20.30 20.86 18.71 18.76 17.34 14.89 11.73 9.88 9.37 5.95 0.00 6.07 7.62 8.95 11.60 12.33 11.40 11.64 14.43 14.61 12.74 14.88 18.04 17.38 17.49 19.87 23.26 23.80 22.57 25.12 22.98 22.41 20.70 19.26 18.39 17.00 14.71 13.61 13.33 11.84 11.01 13.30 13.62 15.25 17.64 20.22 20.59 23.59 24.47 23.27 23.47 23.15 25.55 23.57 24.92 26.16 
26.17 25.50 22.25 24.38 25.68 25.02 22.65 23.74 24.91 23.94 22.10 24.39 25.21 25.02 25.25 25.92 26.83 24.41 24.00 20.44 18.81 16.92 15.83 14.18 12.83 14.47 16.54 15.15 15.24 17.22 19.62 18.00 15.17 16.98 19.62 17.58 17.18 20.78 21.63 19.47 20.72 24.21 23.68 21.65 22.28 20.26 18.09 15.29 12.11 10.97 8.20 6.07 0.77 5.69 7.67 9.93 10.98 11.76 11.43 13.87 14.26 13.73 15.49 18.88 19.16 19.52 21.87 24.85 25.78 24.69 27.32 25.02 24.49 22.95 21.97 20.62 18.89 17.04 16.25 14.36 13.01 13.62 15.05 15.47 16.79 19.11 22.18 22.25 25.13 26.66 25.27 25.48 25.30 26.37 25.95 26.92 26.95 
26.57 25.94 22.77 24.50 26.12 25.52 22.60 24.67 25.77 24.75 22.85 25.55 26.53 26.21 25.82 26.41 27.67 25.48 25.16 21.74 20.18 18.62 17.91 16.26 14.63 16.01 17.61 16.38 16.11 17.05 19.91 18.61 16.56 17.85 20.54 18.93 18.72 22.61 22.71 20.25 20.81 24.56 24.26 21.97 23.22 21.77 18.76 16.57 13.63 12.85 9.70 7.62 5.69 0.23 5.95 8.25 9.91 9.97 11.05 12.99 13.61 13.00 15.51 17.68 18.30 18.61 20.93 24.27 25.17 24.81 27.55 25.11 24.49 23.28 22.70 21.03 19.11 17.96 16.28 14.24 13.82 14.50 16.33 16.47 18.80 20.96 22.49 23.17 26.55 27.45 25.86 26.08 26.50 28.22 26.28 27.09 27.38 
26.48 25.96 22.80 23.93 25.73 24.87 22.53 23.83 25.00 23.87 22.33 24.59 25.95 24.95 24.54 25.35 27.16 24.49 24.57 21.38 19.62 17.93 17.41 16.04 15.39 16.30 17.62 15.82 14.60 16.46 18.25 17.07 15.19 17.30 19.11 17.39 18.01 21.30 21.32 19.34 20.30 23.16 22.75 21.00 22.47 20.73 17.51 16.22 14.12 13.24 9.31 8.95 7.67 5.95 0.17 6.08 8.49 7.54 7.39 10.86 11.79 10.68 12.50 15.79 15.51 16.03 18.34 22.14 23.61 22.92 26.00 23.31 23.32 21.56 21.19 19.35 18.44 17.19 16.30 14.76 14.69 15.07 15.80 16.73 18.68 20.74 21.98 22.45 25.82 26.32 24.27 24.93 26.61 26.24 25.26 26.30 26.97 
27.22 26.63 23.46 25.25 26.77 26.38 24.10 25.68 26.26 25.50 23.88 26.19 27.16 26.51 25.64 26.51 28.05 25.84 25.50 22.55 20.80 18.98 18.42 17.18 17.15 18.42 19.67 17.05 16.28 17.66 19.52 17.41 15.61 17.28 19.70 17.83 17.98 21.61 21.85 20.20 20.70 23.97 23.77 22.91 23.84 21.85 19.58 17.53 15.42 14.72 11.37 11.60 9.93 8.25 6.08 0.00 7.04 7.96 7.02 9.23 11.45 11.16 11.91 14.74 15.71 16.22 18.18 22.02 23.84 23.22 26.16 24.08 24.09 22.50 21.89 20.57 19.87 19.11 18.18 16.98 16.31 16.18 17.87 18.32 19.63 21.58 23.33 23.61 26.13 27.26 25.52 25.80 26.82 27.74 25.40 26.70 27.39 
27.84 26.96 24.66 26.68 27.84 27.13 25.00 26.58 27.53 26.24 24.26 26.49 27.87 27.02 26.27 27.13 28.41 26.06 25.74 22.32 21.01 19.58 18.93 17.58 17.43 18.93 20.32 18.14 16.25 18.25 20.31 18.76 16.47 18.10 20.88 19.76 18.90 22.14 22.90 21.23 21.82 24.46 24.36 23.21 23.59 21.55 19.28 17.58 15.34 15.00 12.10 12.33 10.98 9.91 8.49 7.04 1.04 6.68 8.00 7.94 8.65 9.71 11.75 13.52 14.07 15.64 17.87 20.51 22.64 22.31 25.65 23.49 23.85 21.80 21.64 20.22 19.39 18.18 18.43 17.31 16.04 15.82 17.64 18.65 19.75 21.14 23.44 23.42 25.86 26.93 26.15 26.36 27.07 27.21 25.82 27.15 26.99 
25.73 24.86 21.88 24.32 25.19 24.51 22.03 24.53 25.12 24.04 22.07 24.74 25.93 24.79 24.34 24.88 26.06 23.54 23.75 20.68 19.09 17.31 17.18 16.05 15.86 17.05 18.95 17.38 15.53 15.77 18.32 16.90 14.77 15.74 18.84 18.04 17.05 20.21 21.17 19.66 19.68 22.65 22.50 21.03 21.59 19.85 17.68 16.47 14.53 14.41 10.97 11.40 11.76 9.97 7.54 7.96 6.68 0.00 5.77 7.88 6.76 6.72 9.34 11.50 11.05 13.05 14.96 17.18 19.27 19.37 22.37 20.50 20.53 18.26 18.87 17.61 17.09 16.54 16.68 14.73 14.77 14.34 15.91 16.43 18.55 19.45 20.89 21.41 24.46 25.06 24.06 24.12 25.78 26.35 24.17 25.51 26.13 
25.21 24.08 20.90 22.05 24.00 23.46 21.29 22.46 23.64 22.62 21.20 23.38 24.43 23.46 22.54 23.32 24.12 21.79 21.97 19.32 18.35 16.21 16.56 15.10 15.15 16.30 17.98 16.50 14.86 15.27 17.18 15.31 13.46 14.81 17.63 16.14 15.60 18.76 19.65 17.98 17.89 21.15 20.82 19.40 19.55 18.78 16.32 15.48 13.20 13.51 10.21 11.64 11.43 11.05 7.39 7.02 8.00 5.77 0.00 6.10 7.82 6.24 6.60 9.89 10.41 11.09 12.14 16.02 17.21 16.57 19.38 17.69 17.87 15.92 15.73 14.35 13.94 14.57 14.21 12.22 13.12 13.55 14.10 15.13 16.89 18.49 19.95 20.61 23.90 23.96 22.00 23.33 25.56 24.81 22.69 24.52 25.15 
25.69 25.08 21.96 23.62 25.38 25.37 23.09 24.64 25.06 24.25 23.00 25.33 26.60 25.30 24.48 24.64 25.85 23.36 23.55 20.98 19.70 17.95 18.54 17.15 17.68 18.30 19.98 18.66 17.13 17.83 19.24 17.77 15.50 16.41 18.61 17.89 17.59 19.82 20.76 19.80 20.05 22.55 22.36 21.43 21.70 20.41 18.60 17.45 15.52 15.67 13.22 14.43 13.87 12.99 10.86 9.23 7.94 7.88 6.10 0.00 6.36 7.66 6.12 7.77 9.62 11.06 11.01 15.15 17.46 16.28 18.90 18.34 18.80 16.54 17.07 16.43 15.82 16.20 16.09 15.27 14.79 15.00 16.65 16.89 18.20 19.65 21.72 21.59 24.61 25.48 24.40 24.79 26.81 26.82 24.45 25.96 26.21 
25.61 24.98 22.29 24.60 26.03 25.42 23.73 25.00 26.02 24.38 22.79 25.31 26.91 25.07 23.92 24.56 25.45 22.70 22.75 19.76 19.02 17.66 18.17 16.50 16.27 17.62 19.93 18.18 16.37 17.39 19.47 18.05 15.47 16.36 19.10 18.48 17.40 19.98 20.86 20.10 20.15 22.21 22.10 21.28 20.95 19.49 17.62 17.15 15.79 15.85 12.82 14.61 14.26 13.61 11.79 11.45 8.65 6.76 7.82 6.36 0.64 5.88 7.59 7.19 7.67 9.90 11.68 13.48 15.00 15.67 17.99 17.06 17.33 16.31 16.43 16.20 15.80 15.05 15.88 15.85 15.55 14.69 16.51 16.61 17.60 19.26 21.39 21.15 23.61 24.96 24.52 24.76 25.72 26.28 24.69 26.19 25.67 
23.39 22.03 19.20 22.09 22.88 22.40 19.89 22.45 23.21 21.90 19.66 22.84 23.88 22.06 21.15 21.49 22.23 19.57 19.77 16.73 16.02 14.84 15.21 13.08 13.48 15.46 17.76 15.76 13.78 14.98 17.27 15.10 12.09 13.37 16.10 14.86 13.28 16.48 18.11 16.55 16.89 19.30 19.55 18.46 18.23 16.67 15.43 15.14 14.14 14.57 11.51 12.74 13.73 13.00 10.68 11.16 9.71 6.72 6.24 7.66 5.88 0.00 5.39 7.55 6.08 6.63 9.42 11.98 12.84 13.18 16.28 14.80 15.06 12.95 14.09 14.17 13.10 13.62 14.06 14.01 13.45 11.94 13.79 13.41 15.10 16.30 18.07 18.46 21.24 21.83 21.25 21.52 23.05 23.88 21.92 23.65 24.32 
22.73 21.65 18.81 20.18 21.77 21.38 19.65 20.98 22.22 21.15 19.63 21.85 22.85 21.52 20.72 21.23 21.35 19.32 19.56 16.86 15.99 14.83 15.11 13.38 13.54 15.11 16.78 14.92 13.28 13.89 15.65 13.83 12.23 12.86 15.45 14.15 12.97 16.19 16.89 15.78 16.03 18.51 18.88 18.19 17.89 17.37 15.94 15.99 14.84 15.94 13.75 14.88 15.49 15.51 12.50 11.91 11.75 9.34 6.60 6.12 7.59 5.39 0.00 5.84 7.25 6.04 6.55 10.27 11.95 10.78 13.33 12.60 11.92 10.42 11.60 11.52 10.52 11.87 13.80 13.16 13.04 11.31 13.30 13.19 14.86 15.62 17.40 18.44 21.78 21.04 19.24 20.73 22.45 22.38 20.10 22.24 23.37 
23.91 23.64 21.05 22.56 23.76 23.58 21.85 23.42 24.13 22.65 20.97 23.42 24.58 22.87 22.40 22.48 23.21 20.70 21.46 18.67 17.43 16.39 17.27 15.63 15.91 17.36 18.74 17.12 15.46 15.78 16.87 15.68 13.83 14.53 15.72 15.52 15.04 16.55 17.43 16.87 17.60 19.92 20.35 19.80 20.46 19.56 18.34 18.47 17.99 19.06 17.15 18.04 18.88 17.68 15.79 14.74 13.52 11.50 9.89 7.77 7.19 7.55 5.84 0.00 6.11 7.68 6.73 8.65 11.36 11.89 13.78 13.02 13.75 12.61 12.87 13.57 13.98 15.16 16.08 16.13 15.59 14.48 15.09 15.00 16.42 17.47 19.27 19.98 22.45 22.84 21.75 22.21 23.05 24.53 22.19 23.87 23.91 
23.39 23.22 20.71 22.84 23.61 23.11 21.20 22.75 23.72 22.01 20.15 22.66 23.32 21.79 20.70 21.95 22.17 19.11 19.84 17.18 16.47 14.97 16.00 14.53 15.01 16.49 17.93 15.78 13.63 14.15 16.20 14.63 12.04 11.84 14.57 13.91 11.84 14.61 15.85 15.09 15.32 18.20 18.66 18.38 18.53 17.98 16.65 17.08 17.10 18.05 15.62 17.38 19.16 18.30 15.51 15.71 14.07 11.05 10.41 9.62 7.67 6.08 7.25 6.11 0.00 5.51 7.56 6.75 7.84 10.05 12.91 10.50 10.66 11.07 10.90 12.46 14.32 14.16 15.83 15.83 15.47 13.19 14.59 13.59 14.84 15.84 18.10 18.04 20.15 21.08 20.39 20.88 20.93 22.22 21.25 22.71 22.71 
22.36 21.32 18.31 20.68 21.69 21.03 18.45 20.60 21.96 20.12 17.84 20.91 22.05 19.87 19.15 19.98 20.84 17.66 18.52 15.39 14.56 13.73 14.50 12.68 13.58 16.40 17.40 14.64 12.12 13.63 15.02 12.84 8.64 9.36 12.55 11.10 8.04 11.84 13.82 12.25 12.41 15.89 16.98 16.64 16.29 16.03 15.37 15.92 15.63 17.09 15.42 17.49 19.52 18.61 16.03 16.22 15.64 13.05 11.09 11.06 9.90 6.63 6.04 7.68 5.51 0.00 5.74 7.50 7.65 7.67 11.33 9.22 10.19 8.93 9.81 11.71 12.26 13.17 14.77 15.30 12.87 9.73 11.45 10.78 12.25 12.87 15.19 16.31 18.81 19.14 18.38 18.72 18.30 20.71 19.52 21.16 22.04 
23.52 22.65 19.77 21.13 22.33 22.10 19.93 21.35 22.83 21.54 19.72 22.17 23.05 21.89 20.56 21.65 22.08 19.68 20.32 17.57 16.44 15.58 16.39 15.11 15.60 18.00 19.04 16.37 14.69 14.82 16.13 13.69 11.32 11.79 13.94 12.69 11.03 13.47 14.64 13.77 13.66 17.44 17.86 18.16 17.95 17.90 17.23 17.71 17.72 19.29 18.58 19.87 21.87 20.93 18.34 18.18 17.87 14.96 12.14 11.01 11.68 9.42 6.55 6.73 7.56 5.74 0.12 6.34 7.95 6.91 9.24 7.81 8.73 7.85 8.92 10.57 12.00 14.09 16.29 15.52 14.53 11.91 12.60 11.27 14.26 14.31 16.00 16.42 19.62 19.15 17.58 18.86 18.97 20.00 18.90 20.85 22.01 
25.19 24.59 22.05 23.28 24.69 24.59 22.50 23.82 24.77 23.53 21.65 24.11 25.53 24.20 23.20 24.07 25.02 22.38 23.29 20.23 18.75 17.93 19.26 17.89 18.47 20.43 21.81 19.28 17.04 17.14 18.17 15.89 13.51 13.52 14.98 14.33 12.95 14.99 15.79 15.10 15.34 18.92 19.74 20.28 21.01 20.72 19.43 20.50 20.70 22.59 21.52 23.26 24.85 24.27 22.14 22.02 20.51 17.18 16.02 15.15 13.48 11.98 10.27 8.65 6.75 7.50 6.34 0.15 7.15 7.79 9.16 8.70 10.59 10.14 11.34 13.98 17.05 18.64 19.89 19.53 18.38 15.46 15.79 14.37 16.34 16.86 18.25 18.58 21.61 21.29 20.45 20.82 20.25 22.74 21.82 23.54 23.67 
25.21 24.66 21.92 23.70 24.83 24.43 22.59 23.40 24.75 23.07 21.34 23.68 25.21 23.89 23.21 24.28 25.16 22.08 22.99 20.23 19.11 17.64 19.10 17.80 19.02 20.91 22.28 20.01 17.72 17.60 19.14 17.36 13.62 12.58 15.05 14.08 12.21 14.01 15.53 14.82 14.49 18.07 19.58 19.76 20.19 20.46 19.56 20.86 21.04 22.76 21.82 23.80 25.78 25.17 23.61 23.84 22.64 19.27 17.21 17.46 15.00 12.84 11.95 11.36 7.84 7.65 7.95 7.15 1.58 6.04 8.79 7.51 9.24 10.59 11.25 14.96 18.32 19.76 20.84 21.28 19.72 16.93 16.97 15.47 16.46 16.49 17.73 16.97 20.02 20.17 19.72 19.90 18.60 21.45 21.28 23.15 23.52 
