0.00 3.98 6.85 9.63 11.76 14.84 18.56 20.29 22.20 23.89 25.67 26.55 27.76 26.19 24.07 22.31 21.31 19.00 17.39 17.32 18.36 16.03 14.95 12.71 12.56 11.50 12.57 14.29 16.94 17.34 18.16 19.67 21.30 22.09 21.78 21.02 21.10 21.80 22.50 21.89 23.56 25.40 26.25 25.07 25.05 24.41 22.61 20.11 20.35 18.13 18.82 17.02 16.58 16.08 16.29 16.29 17.53 21.34 
3.98 0.00 3.54 6.40 9.20 13.01 15.40 18.19 19.18 22.39 23.54 24.48 25.62 23.68 21.49 19.89 17.44 16.81 13.65 14.94 13.53 13.19 10.01 8.81 7.17 7.01 7.41 10.92 13.62 14.37 15.83 18.12 19.25 20.41 19.71 19.58 19.00 19.14 20.68 19.91 21.11 23.06 24.66 23.31 22.38 22.41 20.67 19.13 17.80 16.28 16.41 14.62 12.19 11.72 13.31 13.28 16.00 20.80 
6.85 3.54 0.00 3.15 6.56 9.40 11.41 14.56 15.94 19.19 21.66 21.38 23.02 21.05 19.44 16.72 15.23 12.94 12.89 11.51 10.91 10.12 9.03 5.62 7.48 7.76 8.13 9.38 13.08 12.90 13.80 14.99 17.11 17.20 16.37 15.95 14.83 15.44 17.33 16.82 17.00 19.47 21.82 19.97 17.95 17.91 17.62 15.07 14.33 12.90 14.28 11.08 7.82 9.36 11.53 11.74 13.44 20.02 
9.63 6.40 3.15 0.00 3.90 6.02 9.28 12.23 14.19 16.72 19.01 20.19 21.66 21.09 18.67 17.29 15.18 13.76 9.49 8.83 8.39 8.42 6.79 6.16 8.25 10.14 10.23 11.05 13.55 14.11 14.02 15.23 16.98 17.23 15.53 15.51 15.79 15.26 17.54 16.73 17.70 19.30 20.81 19.32 17.88 17.60 15.63 15.00 14.08 12.75 12.44 10.07 9.20 9.33 9.93 12.27 14.43 20.84 
11.76 9.20 6.56 3.90 0.00 5.19 6.78 9.90 12.98 16.21 16.99 18.62 20.95 18.78 16.45 15.76 14.94 9.86 6.04 7.54 9.37 7.02 6.50 6.75 8.25 9.30 10.71 10.61 12.15 11.70 12.03 13.02 15.23 14.87 14.13 13.21 14.46 14.28 16.07 16.15 18.51 20.52 21.00 19.70 19.17 17.98 15.49 13.05 12.36 11.41 11.04 10.23 7.87 10.76 12.02 11.37 12.69 19.39 
14.84 13.01 9.40 6.02 5.19 0.00 4.87 7.41 10.94 14.08 15.21 16.96 19.80 19.05 16.52 14.66 13.51 10.53 8.95 8.01 9.06 10.25 10.81 10.49 9.81 11.96 11.64 12.54 13.14 13.18 13.01 14.20 15.23 15.76 13.30 14.07 14.58 14.70 16.92 16.87 18.71 20.61 21.71 20.38 19.15 18.48 15.79 14.82 13.04 11.47 10.94 9.49 8.20 9.71 10.41 12.60 15.34 18.99 
18.56 15.40 11.41 9.28 6.78 4.87 0.00 5.98 7.88 11.21 13.31 14.65 17.65 16.86 16.08 12.62 11.89 9.75 11.06 7.99 8.65 12.28 14.38 11.35 12.25 12.98 13.79 12.76 14.72 13.91 14.11 14.11 15.96 14.97 12.45 13.13 13.92 14.18 16.73 16.96 18.90 20.44 21.73 19.96 18.89 17.38 14.96 12.14 10.71 10.33 10.22 7.24 6.57 10.12 12.06 11.35 14.72 20.48 
20.29 18.19 14.56 12.23 9.90 7.41 5.98 0.00 5.83 8.89 10.85 12.68 15.39 16.41 13.90 11.62 10.64 9.61 7.10 4.86 7.10 11.63 13.11 12.44 11.81 15.19 14.24 14.34 15.48 14.85 14.07 14.03 15.56 14.64 12.03 13.07 14.63 14.62 17.00 17.17 19.00 20.90 21.69 19.75 19.46 18.27 15.65 14.57 13.40 12.17 12.82 11.94 11.57 13.79 13.46 15.09 18.63 22.00 
22.20 19.18 15.94 14.19 12.98 10.94 7.88 5.83 0.00 5.67 6.12 8.68 12.87 13.38 12.10 11.08 10.15 9.10 9.04 9.60 12.51 14.73 15.93 14.57 14.95 15.09 15.67 14.83 16.66 14.97 13.30 12.78 13.76 11.50 10.60 11.91 13.87 13.47 16.20 16.66 18.65 20.35 21.04 19.61 19.69 18.39 15.19 13.27 11.76 11.51 12.41 13.62 12.48 15.71 15.87 17.98 20.63 24.52 
23.89 22.39 19.19 16.72 16.21 14.08 11.21 8.89 5.67 0.32 5.79 7.56 11.73 12.06 11.98 9.91 10.18 7.79 10.39 12.64 15.48 18.88 18.93 17.40 15.93 17.96 17.43 16.93 18.28 17.44 15.23 15.88 16.46 15.65 12.34 14.65 16.35 16.60 18.91 18.86 20.71 22.46 22.98 21.56 19.99 19.98 17.34 16.32 14.23 14.50 16.70 16.29 15.33 17.90 17.77 19.33 23.54 24.50 
25.67 23.54 21.66 19.01 16.99 15.21 13.31 10.85 6.12 5.79 2.44 5.15 7.27 9.15 9.21 7.37 7.15 4.55 9.27 12.64 16.89 19.20 20.06 17.58 17.70 18.12 19.03 17.47 18.59 17.26 15.67 15.56 16.70 15.27 12.99 14.34 15.87 16.48 19.05 19.15 21.33 23.10 24.29 21.91 20.73 19.60 18.24 16.31 15.75 15.68 17.80 17.46 16.39 19.08 20.23 20.05 23.97 26.01 
26.55 24.48 21.38 20.19 18.62 16.96 14.65 12.68 8.68 7.56 5.15 0.33 5.30 7.69 7.65 7.43 9.63 9.19 11.60 16.25 20.35 22.45 21.66 21.19 19.14 20.80 19.61 19.38 19.28 18.13 16.03 17.07 17.12 16.05 13.12 15.42 16.26 16.63 19.59 19.25 21.29 23.37 24.40 22.22 21.06 20.70 18.08 17.74 16.96 17.02 18.31 17.94 17.40 19.22 20.64 21.85 24.41 25.62 
27.76 25.62 23.02 21.66 20.95 19.80 17.65 15.39 12.87 11.73 7.27 5.30 1.67 5.28 6.09 8.38 10.12 12.18 14.56 18.36 23.33 24.67 23.30 22.26 21.07 21.33 21.42 19.40 20.18 18.74 17.35 17.08 18.57 16.39 14.01 15.01 16.80 16.57 19.01 18.87 21.53 23.48 24.38 22.44 21.64 20.53 18.29 17.64 17.16 16.63 17.95 18.28 18.23 19.47 21.10 22.11 24.57 26.26 
26.19 23.68 21.05 21.09 18.78 19.05 16.86 16.41 13.38 12.06 9.15 7.69 5.28 0.00 5.93 7.41 9.55 11.49 13.15 17.15 20.86 23.65 21.91 22.23 18.74 20.88 20.24 19.08 19.30 19.25 17.21 17.69 18.31 17.16 13.25 15.00 16.19 15.41 18.15 17.51 20.01 22.59 22.64 20.90 19.52 19.03 16.39 17.50 15.54 16.75 18.84 18.89 18.00 19.30 21.31 22.31 24.16 25.48 
24.07 21.49 19.44 18.67 16.45 16.52 16.08 13.90 12.10 11.98 9.21 7.65 6.09 5.93 0.85 6.62 7.54 9.47 12.15 15.16 19.51 21.96 20.50 19.18 16.27 18.07 18.31 17.39 17.61 17.24 16.43 16.38 16.58 14.76 12.68 12.50 12.82 12.56 15.11 14.59 18.33 20.16 20.83 18.86 17.75 16.09 14.23 12.59 13.75 14.16 17.19 15.93 16.69 17.36 19.75 20.31 23.08 25.23 
22.31 19.89 16.72 17.29 15.76 14.66 12.62 11.62 11.08 9.91 7.37 7.43 8.38 7.41 6.62 0.00 6.84 8.87 9.37 13.32 16.96 18.97 16.44 16.97 14.19 16.08 16.24 15.94 17.87 16.94 15.61 16.68 17.29 14.88 12.50 12.08 13.04 11.17 13.84 12.91 16.72 19.22 19.44 17.30 16.43 14.69 11.37 10.46 10.87 12.09 13.80 13.33 13.84 16.68 19.13 20.55 22.81 24.64 
21.31 17.44 15.23 15.18 14.94 13.51 11.89 10.64 10.15 10.18 7.15 9.63 10.12 9.55 7.54 6.84 0.00 5.81 6.48 9.29 13.58 15.14 13.30 13.08 12.05 12.98 14.07 14.27 16.77 16.57 15.29 16.04 17.07 14.26 11.62 11.23 11.49 9.10 11.23 10.73 14.25 15.83 16.65 15.30 14.33 12.33 10.21 10.38 11.23 10.53 13.05 13.01 13.05 15.31 17.76 19.08 21.83 24.88 
19.00 16.81 12.94 13.76 9.86 10.53 9.75 9.61 9.10 7.79 4.55 9.19 12.18 11.49 9.47 8.87 5.81 1.18 5.67 6.78 11.92 13.73 12.74 13.02 10.07 13.23 14.60 14.83 17.79 19.12 17.80 18.64 20.10 17.67 15.16 13.83 13.69 11.37 13.59 12.02 15.65 17.85 18.13 17.11 15.39 14.16 11.36 12.78 11.45 12.65 15.19 16.44 15.30 17.66 19.19 20.88 22.52 24.87 
17.39 13.65 12.89 9.49 6.04 8.95 11.06 7.10 9.04 10.39 9.27 11.60 14.56 13.15 12.15 9.37 6.48 5.67 3.73 5.44 7.42 10.36 9.91 9.64 8.21 11.03 14.36 14.78 17.30 19.02 19.09 19.27 19.94 17.50 15.56 13.13 12.81 9.38 12.13 9.53 13.28 14.57 15.19 14.16 13.69 12.40 10.66 10.05 9.90 11.54 15.77 15.10 13.81 16.01 19.31 19.81 21.16 23.99 
17.32 14.94 11.51 8.83 7.54 8.01 7.99 4.86 9.60 12.64 12.64 16.25 18.36 17.15 15.16 13.32 9.29 6.78 5.44 3.19 6.56 7.63 7.00 9.42 10.10 11.75 14.60 15.68 19.73 20.94 22.32 21.62 23.16 20.16 17.46 15.71 14.56 11.64 13.79 9.57 13.18 14.44 15.26 15.88 16.48 14.61 11.79 13.85 13.83 14.52 17.01 17.33 16.09 18.60 20.53 21.38 22.81 24.69 
18.36 13.53 10.91 8.39 9.37 9.06 8.65 7.10 12.51 15.48 16.89 20.35 23.33 20.86 19.51 16.96 13.58 11.92 7.42 6.56 3.58 6.98 8.15 9.81 10.27 13.58 16.52 18.06 20.54 22.18 23.56 23.65 24.86 21.37 20.15 16.90 17.23 13.24 14.64 12.27 13.72 15.03 15.97 16.80 18.29 16.88 13.20 15.47 17.67 17.18 18.76 18.83 17.75 18.42 21.60 22.07 23.01 24.62 
16.03 13.19 10.12 8.42 7.02 10.25 12.28 11.63 14.73 18.88 19.20 22.45 24.67 23.65 21.96 18.97 15.14 13.73 10.36 7.63 6.98 3.10 7.24 8.54 8.61 12.07 16.01 16.50 20.22 22.22 24.41 24.44 25.46 23.84 20.49 18.53 17.31 13.78 13.71 8.39 12.08 14.14 14.89 17.35 19.11 17.15 13.62 17.09 16.93 17.93 19.79 19.38 17.60 19.62 21.56 21.71 22.49 24.94 
14.95 10.01 9.03 6.79 6.50 10.81 14.38 13.11 15.93 18.93 20.06 21.66 23.30 21.91 20.50 16.44 13.30 12.74 9.91 7.00 8.15 7.24 2.47 6.80 6.13 8.95 12.80 14.70 18.99 21.11 22.71 22.88 24.22 22.05 19.36 15.42 14.28 10.91 7.00 4.41 8.64 11.52 12.18 14.74 16.60 15.66 13.93 15.59 16.84 17.21 20.41 20.19 18.56 18.22 21.32 20.93 21.38 23.64 
12.71 8.81 5.62 6.16 6.75 10.49 11.35 12.44 14.57 17.40 17.58 21.19 22.26 22.23 19.18 16.97 13.08 13.02 9.64 9.42 9.81 8.54 6.80 0.78 6.08 7.22 10.39 11.00 15.05 17.44 18.99 19.95 21.92 20.65 18.36 15.07 12.93 8.61 9.69 5.20 8.60 11.34 14.16 15.29 16.47 15.13 13.40 15.65 15.33 16.79 19.19 17.83 15.62 15.97 19.32 19.78 20.35 22.74 
12.56 7.17 7.48 8.25 8.25 9.81 12.25 11.81 14.95 15.93 17.70 19.14 21.07 18.74 16.27 14.19 12.05 10.07 8.21 10.10 10.27 8.61 6.13 6.08 0.00 6.56 8.27 10.16 13.65 15.29 17.60 18.06 19.70 17.78 14.80 12.88 9.33 6.61 6.33 6.96 8.55 12.62 13.79 14.03 14.63 14.04 13.28 13.39 14.74 15.63 18.85 17.40 15.59 15.46 17.83 18.81 20.11 22.87 
11.50 7.01 7.76 10.14 9.30 11.96 12.98 15.19 15.09 17.96 18.12 20.80 21.33 20.88 18.07 16.08 12.98 13.23 11.03 11.75 13.58 12.07 8.95 7.22 6.56 0.56 7.74 7.24 11.11 13.63 15.60 17.35 18.90 16.96 14.12 10.99 10.08 6.90 5.37 6.94 11.72 14.14 14.26 15.35 14.99 14.33 12.48 14.15 14.72 15.94 17.81 17.84 15.96 15.80 17.77 19.44 20.81 21.94 
12.57 7.41 8.13 10.23 10.71 11.64 13.79 14.24 15.67 17.43 19.03 19.61 21.42 20.24 18.31 16.24 14.07 14.60 14.36 14.60 16.52 16.01 12.80 10.39 8.27 7.74 1.48 7.05 9.30 11.42 13.65 15.14 16.03 15.39 12.04 9.67 10.05 8.94 8.55 10.81 15.42 16.30 16.42 16.69 15.78 12.92 12.49 12.44 14.53 14.64 17.20 16.91 16.91 16.25 17.55 18.49 20.18 22.98 
14.29 10.92 9.38 11.05 10.61 12.54 12.76 14.34 14.83 16.93 17.47 19.38 19.40 19.08 17.39 15.94 14.27 14.83 14.78 15.68 18.06 16.50 14.70 11.00 10.16 7.24 7.05 0.59 7.10 8.00 10.57 12.74 13.80 11.43 9.95 8.73 7.02 7.93 10.08 11.88 15.31 16.20 15.36 15.69 14.11 11.55 11.55 12.41 13.60 14.60 16.99 16.95 15.32 15.73 17.63 19.15 21.46 22.22 
16.94 13.62 13.08 13.55 12.15 13.14 14.72 15.48 16.66 18.28 18.59 19.28 20.18 19.30 17.61 17.87 16.77 17.79 17.30 19.73 20.54 20.22 18.99 15.05 13.65 11.11 9.30 7.10 4.87 6.86 7.35 10.23 10.26 9.39 9.40 7.28 6.32 9.81 12.95 14.68 17.61 18.51 18.61 17.14 16.39 14.73 13.85 13.74 15.62 16.57 18.16 18.08 17.03 17.71 18.33 20.61 22.19 24.29 
17.34 14.37 12.90 14.11 11.70 13.18 13.91 14.85 14.97 17.44 17.26 18.13 18.74 19.25 17.24 16.94 16.57 19.12 19.02 20.94 22.18 22.22 21.11 17.44 15.29 13.63 11.42 8.00 6.86 3.33 5.67 6.75 7.19 8.36 7.75 6.28 8.78 12.00 14.79 16.93 20.20 21.26 20.24 18.66 17.36 15.97 13.60 13.06 14.32 15.12 15.19 16.15 14.88 15.76 17.36 18.77 22.01 22.81 
18.16 15.83 13.80 14.02 12.03 13.01 14.11 14.07 13.30 15.23 15.67 16.03 17.35 17.21 16.43 15.61 15.29 17.80 19.09 22.32 23.56 24.41 22.71 18.99 17.60 15.60 13.65 10.57 7.35 5.67 3.93 5.45 5.12 6.43 7.81 6.17 9.42 12.37 16.27 18.77 21.99 21.95 22.40 19.36 18.22 15.58 14.68 11.94 13.62 14.02 13.12 14.33 12.85 15.72 16.24 18.65 20.51 23.61 
19.67 18.12 14.99 15.23 13.02 14.20 14.11 14.03 12.78 15.88 15.56 17.07 17.08 17.69 16.38 16.68 16.04 18.64 19.27 21.62 23.65 24.44 22.88 19.95 18.06 17.35 15.14 12.74 10.23 6.75 5.45 2.10 5.46 5.50 8.15 9.51 11.52 14.55 17.38 19.26 23.99 24.64 23.21 20.61 18.81 16.46 14.57 13.07 13.66 12.63 11.33 12.96 11.62 12.89 16.05 18.08 21.21 22.42 
21.30 19.25 17.11 16.98 15.23 15.23 15.96 15.56 13.76 16.46 16.70 17.12 18.57 18.31 16.58 17.29 17.07 20.10 19.94 23.16 24.86 25.46 24.22 21.92 19.70 18.90 16.03 13.80 10.26 7.19 5.12 5.46 4.28 5.60 6.52 9.65 12.42 14.98 18.55 20.87 25.84 26.87 25.28 21.88 21.21 17.08 16.71 14.37 14.16 12.92 9.87 11.05 11.45 14.41 16.80 18.94 22.37 24.22 
22.09 20.41 17.20 17.23 14.87 15.76 14.97 14.64 11.50 15.65 15.27 16.05 16.39 17.16 14.76 14.88 14.26 17.67 17.50 20.16 21.37 23.84 22.05 20.65 17.78 16.96 15.39 11.43 9.39 8.36 6.43 5.50 5.60 2.16 6.43 8.38 11.57 13.80 16.65 19.41 24.45 24.73 22.25 21.12 19.69 17.63 14.02 11.74 10.23 8.83 7.63 8.48 9.43 12.22 16.07 17.60 21.60 22.90 
21.78 19.71 16.37 15.53 14.13 13.30 12.45 12.03 10.60 12.34 12.99 13.12 14.01 13.25 12.68 12.50 11.62 15.16 15.56 17.46 20.15 20.49 19.36 18.36 14.80 14.12 12.04 9.95 9.40 7.75 7.81 8.15 6.52 6.43 1.43 7.50 10.58 10.76 13.93 15.93 20.97 20.32 19.51 17.66 16.61 14.74 11.38 9.26 6.46 7.07 5.34 7.34 7.51 11.36 14.97 17.04 19.53 21.61 
21.02 19.58 15.95 15.51 13.21 14.07 13.13 13.07 11.91 14.65 14.34 15.42 15.01 15.00 12.50 12.08 11.23 13.83 13.13 15.71 16.90 18.53 15.42 15.07 12.88 10.99 9.67 8.73 7.28 6.28 6.17 9.51 9.65 8.38 7.50 2.21 8.16 9.17 11.57 13.95 18.20 18.85 17.53 16.64 14.39 9.95 8.73 5.79 6.87 4.86 3.81 7.78 9.63 9.75 13.44 16.23 19.69 21.65 
21.10 19.00 14.83 15.79 14.46 14.58 13.92 14.63 13.87 16.35 15.87 16.26 16.80 16.19 12.82 13.04 11.49 13.69 12.81 14.56 17.23 17.31 14.28 12.93 9.33 10.08 10.05 7.02 6.32 8.78 9.42 11.52 12.42 11.57 10.58 8.16 3.66 8.41 11.53 11.63 15.42 14.83 15.32 15.15 11.18 7.98 6.80 7.47 5.90 8.69 9.33 11.18 12.32 13.94 13.40 17.30 19.06 21.36 
21.80 19.14 15.44 15.26 14.28 14.70 14.18 14.62 13.47 16.60 16.48 16.63 16.57 15.41 12.56 11.17 9.10 11.37 9.38 11.64 13.24 13.78 10.91 8.61 6.61 6.90 8.94 7.93 9.81 12.00 12.37 14.55 14.98 13.80 10.76 9.17 8.41 3.66 9.08 8.88 11.91 13.65 13.29 10.16 9.21 6.73 6.13 4.50 2.81 7.48 12.27 11.77 11.18 13.69 16.85 18.07 21.14 22.23 
22.50 20.68 17.33 17.54 16.07 16.92 16.73 17.00 16.20 18.91 19.05 19.59 19.01 18.15 15.11 13.84 11.23 13.59 12.13 13.79 14.64 13.71 7.00 9.69 6.33 5.37 8.55 10.08 12.95 14.79 16.27 17.38 18.55 16.65 13.93 11.57 11.53 9.08 6.88 7.78 9.57 10.97 9.46 9.12 6.48 6.45 6.36 9.47 8.50 10.90 14.87 16.51 13.43 15.91 17.51 20.16 22.40 24.32 
21.89 19.91 16.82 16.73 16.15 16.87 16.96 17.17 16.66 18.86 19.15 19.25 18.87 17.51 14.59 12.91 10.73 12.02 9.53 9.57 12.27 8.39 4.41 5.20 6.96 6.94 10.81 11.88 14.68 16.93 18.77 19.26 20.87 19.41 15.93 13.95 11.63 8.88 7.78 3.69 6.77 4.86 4.70 6.21 5.06 5.60 7.39 9.97 11.95 14.60 17.00 18.41 16.82 20.35 21.65 22.56 24.72 25.44 
23.56 21.11 17.00 17.70 18.51 18.71 18.90 19.00 18.65 20.71 21.33 21.29 21.53 20.01 18.33 16.72 14.25 15.65 13.28 13.18 13.72 12.08 8.64 8.60 8.55 11.72 15.42 15.31 17.61 20.20 21.99 23.99 25.84 24.45 20.97 18.20 15.42 11.91 9.57 6.77 3.12 4.05 3.91 6.97 8.51 9.13 11.19 14.76 17.20 20.78 22.06 22.18 20.84 23.78 26.14 24.64 27.16 28.02 
25.40 23.06 19.47 19.30 20.52 20.61 20.44 20.90 20.35 22.46 23.10 23.37 23.48 22.59 20.16 19.22 15.83 17.85 14.57 14.44 15.03 14.14 11.52 11.34 12.62 14.14 16.30 16.20 18.51 21.26 21.95 24.64 26.87 24.73 20.32 18.85 14.83 13.65 10.97 4.86 4.05 1.73 5.36 6.72 10.83 12.89 13.68 18.01 19.26 23.60 24.85 25.99 23.33 25.90 28.06 28.14 28.69 29.82 
26.25 24.66 21.82 20.81 21.00 21.71 21.73 21.69 21.04 22.98 24.29 24.40 24.38 22.64 20.83 19.44 16.65 18.13 15.19 15.26 15.97 14.89 12.18 14.16 13.79 14.26 16.42 15.36 18.61 20.24 22.40 23.21 25.28 22.25 19.51 17.53 15.32 13.29 9.46 4.70 3.91 5.36 3.16 6.37 7.87 10.06 12.04 16.68 19.85 23.29 25.44 25.40 23.88 27.51 30.63 26.81 28.01 32.12 
25.07 23.31 19.97 19.32 19.70 20.38 19.96 19.75 19.61 21.56 21.91 22.22 22.44 20.90 18.86 17.30 15.30 17.11 14.16 15.88 16.80 17.35 14.74 15.29 14.03 15.35 16.69 15.69 17.14 18.66 19.36 20.61 21.88 21.12 17.66 16.64 15.15 10.16 9.12 6.21 6.97 6.72 6.37 2.31 7.36 9.14 9.59 13.79 17.23 20.76 22.93 24.36 23.20 26.04 28.53 26.53 27.74 30.43 
25.05 22.38 17.95 17.88 19.17 19.15 18.89 19.46 19.69 19.99 20.73 21.06 21.64 19.52 17.75 16.43 14.33 15.39 13.69 16.48 18.29 19.11 16.60 16.47 14.63 14.99 15.78 14.11 16.39 17.36 18.22 18.81 21.21 19.69 16.61 14.39 11.18 9.21 6.48 5.06 8.51 10.83 7.87 7.36 0.00 7.35 8.67 11.29 14.85 16.80 20.86 21.27 19.54 22.67 23.82 23.24 24.99 28.86 
24.41 22.41 17.91 17.60 17.98 18.48 17.38 18.27 18.39 19.98 19.60 20.70 20.53 19.03 16.09 14.69 12.33 14.16 12.40 14.61 16.88 17.15 15.66 15.13 14.04 14.33 12.92 11.55 14.73 15.97 15.58 16.46 17.08 17.63 14.74 9.95 7.98 6.73 6.45 5.60 9.13 12.89 10.06 9.14 7.35 0.00 5.88 7.77 10.71 13.19 16.79 18.95 17.17 18.29 20.22 20.20 23.62 24.15 
22.61 20.67 17.62 15.63 15.49 15.79 14.96 15.65 15.19 17.34 18.24 18.08 18.29 16.39 14.23 11.37 10.21 11.36 10.66 11.79 13.20 13.62 13.93 13.40 13.28 12.48 12.49 11.55 13.85 13.60 14.68 14.57 16.71 14.02 11.38 8.73 6.80 6.13 6.36 7.39 11.19 13.68 12.04 9.59 8.67 5.88 1.97 5.03 6.25 7.34 11.79 14.01 12.54 16.64 17.09 17.88 19.67 26.21 
20.11 19.13 15.07 15.00 13.05 14.82 12.14 14.57 13.27 16.32 16.31 17.74 17.64 17.50 12.59 10.46 10.38 12.78 10.05 13.85 15.47 17.09 15.59 15.65 13.39 14.15 12.44 12.41 13.74 13.06 11.94 13.07 14.37 11.74 9.26 5.79 7.47 4.50 9.47 9.97 14.76 18.01 16.68 13.79 11.29 7.77 5.03 0.78 5.55 5.60 9.63 11.06 11.79 13.15 16.06 15.25 19.38 22.38 
20.35 17.80 14.33 14.08 12.36 13.04 10.71 13.40 11.76 14.23 15.75 16.96 17.16 15.54 13.75 10.87 11.23 11.45 9.90 13.83 17.67 16.93 16.84 15.33 14.74 14.72 14.53 13.60 15.62 14.32 13.62 13.66 14.16 10.23 6.46 6.87 5.90 2.81 8.50 11.95 17.20 19.26 19.85 17.23 14.85 10.71 6.25 5.55 2.62 4.68 7.57 9.69 10.11 9.62 14.54 15.78 17.92 22.58 
18.13 16.28 12.90 12.75 11.41 11.47 10.33 12.17 11.51 14.50 15.68 17.02 16.63 16.75 14.16 12.09 10.53 12.65 11.54 14.52 17.18 17.93 17.21 16.79 15.63 15.94 14.64 14.60 16.57 15.12 14.02 12.63 12.92 8.83 7.07 4.86 8.69 7.48 10.90 14.60 20.78 23.60 23.29 20.76 16.80 13.19 7.34 5.60 4.68 0.12 4.15 6.46 8.98 9.17 12.20 13.57 17.45 20.05 
18.82 16.41 14.28 12.44 11.04 10.94 10.22 12.82 12.41 16.70 17.80 18.31 17.95 18.84 17.19 13.80 13.05 15.19 15.77 17.01 18.76 19.79 20.41 19.19 18.85 17.81 17.20 16.99 18.16 15.19 13.12 11.33 9.87 7.63 5.34 3.81 9.33 12.27 14.87 17.00 22.06 24.85 25.44 22.93 20.86 16.79 11.79 9.63 7.57 4.15 0.74 4.68 6.46 8.62 10.82 12.25 16.84 22.87 
17.02 14.62 11.08 10.07 10.23 9.49 7.24 11.94 13.62 16.29 17.46 17.94 18.28 18.89 15.93 13.33 13.01 16.44 15.10 17.33 18.83 19.38 20.19 17.83 17.40 17.84 16.91 16.95 18.08 16.15 14.33 12.96 11.05 8.48 7.34 7.78 11.18 11.77 16.51 18.41 22.18 25.99 25.40 24.36 21.27 18.95 14.01 11.06 9.69 6.46 4.68 0.00 3.87 6.20 9.41 10.84 14.63 20.62 
16.58 12.19 7.82 9.20 7.87 8.20 6.57 11.57 12.48 15.33 16.39 17.40 18.23 18.00 16.69 13.84 13.05 15.30 13.81 16.09 17.75 17.60 18.56 15.62 15.59 15.96 16.91 15.32 17.03 14.88 12.85 11.62 11.45 9.43 7.51 9.63 12.32 11.18 13.43 16.82 20.84 23.33 23.88 23.20 19.54 17.17 12.54 11.79 10.11 8.98 6.46 3.87 0.00 3.15 3.86 8.69 13.02 17.88 
16.08 11.72 9.36 9.33 10.76 9.71 10.12 13.79 15.71 17.90 19.08 19.22 19.47 19.30 17.36 16.68 15.31 17.66 16.01 18.60 18.42 19.62 18.22 15.97 15.46 15.80 16.25 15.73 17.71 15.76 15.72 12.89 14.41 12.22 11.36 9.75 13.94 13.69 15.91 20.35 23.78 25.90 27.51 26.04 22.67 18.29 16.64 13.15 9.62 9.17 8.62 6.20 3.15 0.00 4.19 5.38 10.22 14.97 
16.29 13.31 11.53 9.93 12.02 10.41 12.06 13.46 15.87 17.77 20.23 20.64 21.10 21.31 19.75 19.13 17.76 19.19 19.31 20.53 21.60 21.56 21.32 19.32 17.83 17.77 17.55 17.63 18.33 17.36 16.24 16.05 16.80 16.07 14.97 13.44 13.40 16.85 17.51 21.65 26.14 28.06 30.63 28.53 23.82 20.22 17.09 16.06 14.54 12.20 10.82 9.41 3.86 4.19 0.00 0.82 5.16 14.14 
16.29 13.28 11.74 12.27 11.37 12.60 11.35 15.09 17.98 19.33 20.05 21.85 22.11 22.31 20.31 20.55 19.08 20.88 19.81 21.38 22.07 21.71 20.93 19.78 18.81 19.44 18.49 19.15 20.61 18.77 18.65 18.08 18.94 17.60 17.04 16.23 17.30 18.07 20.16 22.56 24.64 28.14 26.81 26.53 23.24 20.20 17.88 15.25 15.78 13.57 12.25 10.84 8.69 5.38 0.82 0.00 1.30 7.40 
17.53 16.00 13.44 14.43 12.69 15.34 14.72 18.63 20.63 23.54 23.97 24.41 24.57 24.16 23.08 22.81 21.83 22.52 21.16 22.81 23.01 22.49 21.38 20.35 20.11 20.81 20.18 21.46 22.19 22.01 20.51 21.21 22.37 21.60 19.53 19.69 19.06 21.14 22.40 24.72 27.16 28.69 28.01 27.74 24.99 23.62 19.67 19.38 17.92 17.45 16.84 14.63 13.02 10.22 5.16 1.30 0.00 8.64 
21.34 20.80 20.02 20.84 19.39 18.99 20.48 22.00 24.52 24.50 26.01 25.62 26.26 25.48 25.23 24.64 24.88 24.87 23.99 24.69 24.62 24.94 23.64 22.74 22.87 21.94 22.98 22.22 24.29 22.81 23.61 22.42 24.22 22.90 21.61 21.65 21.36 22.23 24.32 25.44 28.02 29.82 32.12 30.43 28.86 24.15 26.21 22.38 22.58 20.05 22.87 20.62 17.88 14.97 14.14 7.40 8.64 9.37 
