0.75 3.28 5.04 5.36 7.37 8.65 10.41 9.72 10.20 12.60 15.08 14.58 14.81 17.14 19.90 19.97 20.75 23.24 25.41 25.94 26.36 28.28 29.19 29.34 27.98 27.46 27.11 25.50 22.97 21.57 20.29 18.88 17.76 15.69 15.64 13.70 14.63 15.08 14.68 14.61 16.35 16.82 15.96 17.51 17.89 19.03 20.27 21.78 22.52 24.74 27.59 30.21 31.87 32.75 34.08 33.20 31.04 31.68 33.91 32.29 29.69 30.96 32.36 29.91 26.49 28.84 29.00 26.64 25.09 26.27 24.89 23.09 21.91 22.39 20.12 18.38 17.41 17.88 15.97 14.92 14.07 12.90 12.74 13.00 12.17 12.58 14.24 13.94 13.47 12.85 15.21 15.34 14.89 17.72 20.06 18.11 19.78 21.15 22.99 25.93 
3.28 0.74 4.17 5.14 6.65 7.37 9.72 10.42 10.46 12.02 15.03 14.63 15.15 17.07 20.24 19.94 20.71 23.36 25.76 26.53 26.63 29.04 29.81 29.76 28.91 28.38 28.17 26.18 23.90 22.17 21.10 18.80 17.58 15.60 15.50 13.23 13.81 14.51 14.46 14.46 16.07 16.44 16.04 17.56 17.85 19.12 20.67 21.89 22.77 25.06 28.39 30.53 31.92 32.64 34.28 33.69 31.48 31.84 34.07 32.67 30.11 30.99 32.78 30.11 27.37 29.42 29.99 26.84 25.85 27.07 25.97 23.27 22.60 22.95 21.34 18.51 17.92 18.38 16.79 15.35 14.74 13.49 13.31 13.13 12.85 12.97 14.44 13.40 13.51 13.41 15.30 15.62 16.19 17.92 19.65 18.99 20.06 22.26 22.91 27.36 
5.04 4.17 0.33 2.94 6.29 6.28 7.64 8.75 10.13 11.02 12.77 13.59 14.09 16.50 18.67 19.36 19.92 23.07 25.38 25.78 26.24 28.50 28.82 29.08 28.79 28.23 27.58 26.11 23.47 22.28 21.19 19.26 17.32 15.41 15.54 14.01 13.81 13.96 14.60 15.12 16.26 16.68 16.09 17.87 18.00 19.46 20.57 22.35 23.25 25.81 28.52 30.90 32.41 33.11 34.71 33.80 31.77 31.67 33.78 32.37 30.20 30.40 31.93 29.35 26.99 28.90 29.08 26.03 24.77 25.99 24.63 22.16 21.28 21.83 20.33 18.57 17.35 17.80 16.49 15.40 15.18 14.27 13.70 14.10 14.42 14.53 15.47 14.08 14.79 14.18 16.39 16.89 16.84 19.81 20.86 18.75 21.79 23.09 23.99 24.12 
5.36 5.14 2.94 0.00 4.22 5.63 5.58 6.15 7.87 9.18 10.08 10.36 11.94 13.27 16.14 16.77 17.89 20.71 22.81 23.44 23.42 25.60 25.81 26.65 26.02 25.58 24.73 23.85 21.31 20.11 18.67 17.43 15.85 13.79 14.12 12.47 13.02 12.92 12.96 13.13 14.58 14.33 13.25 15.29 15.97 16.65 17.36 19.98 21.59 23.19 25.21 28.52 30.66 31.60 32.40 32.33 30.31 30.83 32.06 31.09 28.16 28.99 29.51 27.64 25.19 27.46 26.82 24.23 23.00 24.53 22.88 20.50 19.60 20.36 18.49 15.75 16.03 16.12 14.62 12.52 12.98 10.74 11.58 11.52 12.18 12.00 14.04 11.80 12.31 11.14 14.49 14.67 15.81 16.77 18.64 17.55 20.44 20.86 21.94 25.67 
7.37 6.65 6.29 4.22 0.51 5.27 6.77 5.63 5.99 8.21 10.19 9.96 10.28 12.32 14.31 14.77 15.23 18.93 21.05 21.73 21.29 23.88 24.15 24.67 23.17 22.43 22.12 20.75 18.71 16.72 16.14 14.39 14.17 11.73 12.85 9.83 11.45 12.52 11.61 11.46 13.13 12.71 11.26 13.24 13.15 14.36 14.95 17.63 18.82 21.05 23.05 26.30 27.81 29.09 30.61 29.83 27.65 28.28 31.17 28.64 25.35 26.60 28.59 25.19 23.19 25.51 25.40 21.76 21.40 22.65 20.58 18.51 18.20 18.83 16.64 14.55 15.16 15.40 12.96 10.64 10.57 8.92 10.47 10.93 11.73 11.85 14.36 12.12 12.52 11.65 14.49 14.72 14.93 18.29 19.14 17.67 18.66 19.31 21.33 25.36 
8.65 7.37 6.28 5.63 5.27 0.00 5.20 6.73 5.85 6.36 9.16 10.29 10.07 11.13 13.84 14.46 14.96 18.27 20.18 21.39 21.58 24.61 24.67 25.28 24.45 23.56 22.91 21.52 19.51 17.99 16.47 14.70 14.27 12.62 12.87 9.99 11.63 13.85 12.49 12.60 13.69 13.37 11.84 14.43 13.89 15.03 15.74 18.15 19.31 22.04 24.66 27.71 29.00 30.41 31.61 31.02 28.28 29.43 31.52 29.89 26.29 27.74 28.79 26.12 24.02 26.48 25.84 22.57 22.45 23.38 21.48 19.32 19.14 19.26 17.64 15.89 15.73 16.40 14.01 12.21 12.56 11.14 11.46 12.27 13.42 13.91 15.37 13.33 13.66 13.65 15.35 16.91 16.79 19.84 20.25 19.41 19.17 21.40 22.12 26.50 
10.41 9.72 7.64 5.58 6.77 5.20 1.73 5.39 6.89 6.06 7.67 9.73 10.09 10.97 13.51 14.86 15.26 18.59 20.59 21.92 22.06 24.94 24.96 25.62 25.26 24.25 23.58 22.07 20.90 19.11 18.52 16.55 16.60 14.29 15.36 13.29 14.03 14.66 14.04 14.33 14.90 14.33 13.30 15.05 15.65 15.99 16.79 18.92 20.57 23.30 26.27 29.21 30.32 31.75 33.46 32.50 29.98 30.30 33.03 30.82 27.84 28.19 30.02 26.82 25.29 27.18 26.91 23.36 22.96 23.97 22.14 19.78 19.54 20.37 19.16 17.06 16.40 17.27 15.22 13.45 14.09 13.72 13.85 14.74 15.56 16.40 17.68 16.08 16.14 15.79 17.85 18.59 18.57 22.05 21.43 20.60 21.16 22.00 23.66 25.03 
9.72 10.42 8.75 6.15 5.63 6.73 5.39 0.00 4.88 7.01 5.55 5.84 7.97 9.95 10.81 11.33 13.27 16.54 18.31 19.24 19.14 22.28 22.29 23.02 22.44 21.63 20.95 19.48 17.90 16.95 15.65 15.16 14.84 12.04 13.77 12.43 13.26 14.13 13.58 12.85 13.21 12.81 11.36 13.14 12.65 14.16 14.98 17.13 18.70 21.16 24.23 27.28 28.62 29.95 31.15 30.78 27.86 28.95 30.54 29.11 25.59 26.74 27.44 24.99 22.78 25.06 24.45 20.79 20.91 20.96 19.86 16.94 17.51 17.94 16.25 13.07 13.57 14.27 11.72 9.04 11.12 10.37 11.89 13.02 13.56 14.39 16.73 14.34 14.80 14.91 16.57 17.50 17.97 20.59 20.50 19.86 20.00 21.51 21.72 25.68 
10.20 10.46 10.13 7.87 5.99 5.85 6.89 4.88 0.00 5.03 6.90 5.34 5.54 8.04 9.98 9.44 10.02 14.30 15.67 16.29 15.68 19.76 19.71 20.54 19.64 18.83 18.74 17.39 16.05 14.93 13.74 14.09 13.40 10.52 12.77 11.94 12.80 13.77 12.33 11.95 12.42 11.53 9.43 11.44 10.73 12.16 13.07 15.39 17.27 19.91 21.91 24.98 26.46 26.93 27.98 27.38 25.14 25.84 27.83 25.86 22.75 23.36 24.75 21.60 20.49 22.36 21.17 18.05 18.55 18.32 16.40 14.36 15.07 14.92 12.85 10.27 11.89 12.63 9.79 7.60 10.14 9.71 10.93 11.73 13.81 14.35 16.90 13.49 15.46 14.32 16.94 16.50 17.26 19.83 19.20 18.27 21.06 21.13 21.27 24.62 
12.60 12.02 11.02 9.18 8.21 6.36 6.06 7.01 5.03 0.00 5.51 7.20 5.79 6.54 9.29 9.83 10.06 13.20 15.38 16.05 16.47 19.89 20.13 20.80 20.63 19.86 19.48 18.38 17.44 16.36 15.11 14.66 14.46 13.09 14.78 13.87 14.84 16.81 14.47 14.68 14.98 13.07 10.88 12.36 12.20 13.46 13.70 15.86 18.03 20.15 22.91 25.86 26.94 28.06 28.66 28.16 25.82 27.04 28.76 26.89 23.62 24.73 25.51 22.59 21.42 23.22 22.27 19.02 19.19 19.30 17.25 15.96 15.94 16.66 14.63 12.98 13.00 14.57 12.81 11.80 13.53 13.61 13.88 14.98 16.61 16.99 18.32 16.37 16.85 16.67 18.03 18.43 18.82 21.26 21.44 20.60 21.35 22.57 23.84 25.55 
15.08 15.03 12.77 10.08 10.19 9.16 7.67 5.55 6.90 5.51 1.26 5.48 7.00 5.94 7.35 8.65 9.98 12.26 14.03 16.05 16.12 19.51 19.99 21.60 21.07 20.39 19.86 18.91 17.44 17.22 16.03 15.79 16.08 14.90 16.73 15.82 16.00 17.76 16.14 15.60 15.44 14.15 11.91 13.33 13.21 14.06 14.57 16.35 17.88 20.94 24.06 26.84 27.27 28.58 29.88 28.95 26.36 27.33 29.68 27.20 23.98 24.95 26.48 22.78 21.21 23.78 23.23 19.31 19.06 19.68 18.49 15.93 15.91 16.81 15.61 13.42 13.59 15.07 12.52 12.60 14.74 14.82 15.29 17.10 18.12 18.34 20.34 18.12 18.38 18.23 20.18 19.80 20.22 23.23 22.32 21.16 22.64 23.83 24.93 25.51 
14.58 14.63 13.59 10.36 9.96 10.29 9.73 5.84 5.34 7.20 5.48 0.00 4.83 7.04 5.82 5.63 7.87 11.12 11.95 12.98 13.56 16.54 17.32 18.48 17.94 17.63 17.39 16.73 15.14 14.81 13.56 14.28 15.08 13.73 16.01 14.88 15.49 17.58 15.61 14.95 14.68 14.04 11.23 12.21 10.75 12.34 12.68 14.44 16.04 18.57 21.87 24.43 25.12 26.37 27.56 27.04 24.79 25.27 27.35 25.30 22.13 22.85 23.89 20.72 19.38 21.34 20.31 16.91 17.17 17.30 14.91 12.08 13.31 14.30 11.26 9.62 11.22 11.95 9.05 9.30 12.98 11.90 12.75 14.91 16.17 16.36 18.36 16.77 17.30 17.22 19.00 19.34 20.10 22.21 21.51 20.30 21.66 23.43 23.66 25.14 
14.81 15.15 14.09 11.94 10.28 10.07 10.09 7.97 5.54 5.79 7.00 4.83 0.00 4.88 6.84 5.15 5.36 9.48 10.70 10.89 10.78 14.68 14.52 15.16 15.08 14.58 14.42 14.02 12.93 11.96 11.21 13.12 13.77 12.28 14.71 14.72 14.95 16.87 14.85 14.36 14.39 13.11 10.63 10.80 8.80 10.24 10.88 12.46 14.46 16.98 19.13 22.23 23.35 24.08 25.14 24.61 22.77 23.01 25.09 22.81 20.18 20.76 21.85 18.62 17.29 19.21 17.44 14.30 14.88 15.02 12.23 9.34 11.64 12.68 10.82 8.53 10.55 12.54 10.83 10.16 12.61 12.80 12.73 14.52 15.39 15.58 17.26 15.58 16.58 16.40 18.05 18.39 19.03 21.38 20.34 18.36 21.42 22.35 22.22 24.76 
17.14 17.07 16.50 13.27 12.32 11.13 10.97 9.95 8.04 6.54 5.94 7.04 4.88 0.00 5.55 6.98 5.62 7.06 9.05 10.81 10.50 14.16 14.42 15.51 14.95 15.07 14.53 14.17 13.04 12.79 12.81 14.22 14.70 14.33 16.71 16.35 17.03 18.94 17.18 16.99 17.54 15.72 12.82 13.29 11.69 11.20 11.38 12.62 15.07 17.14 19.19 22.00 23.34 24.67 25.27 24.81 22.72 23.39 25.15 23.01 20.29 21.21 22.24 18.59 17.17 18.79 18.43 14.60 14.79 15.14 13.24 11.51 12.26 14.17 12.25 10.64 11.91 14.11 12.56 12.47 14.40 14.43 14.82 16.06 17.31 17.15 18.57 17.11 17.77 17.71 19.42 19.68 20.26 22.56 22.50 20.88 21.70 23.40 24.22 25.95 
19.90 20.24 18.67 16.14 14.31 13.84 13.51 10.81 9.98 9.29 7.35 5.82 6.84 5.55 0.00 5.62 7.25 6.62 7.19 10.04 10.95 13.37 13.79 15.89 15.53 15.36 15.10 14.49 13.35 14.22 14.42 15.58 16.40 17.10 19.45 18.63 19.22 21.64 19.91 19.61 19.69 17.83 14.91 15.49 14.01 12.80 12.56 14.37 15.73 17.79 20.25 22.59 23.60 25.10 26.34 25.06 22.89 23.52 25.87 23.04 20.05 21.01 22.32 18.44 16.45 19.25 18.78 14.57 14.87 15.83 14.05 11.75 13.40 14.74 12.77 11.70 13.47 14.72 12.66 13.82 16.08 16.24 16.85 18.16 18.95 19.12 20.82 19.05 19.60 19.46 21.29 20.95 21.76 24.01 23.05 20.77 23.60 24.49 25.18 25.05 
19.97 19.94 19.36 16.77 14.77 14.46 14.86 11.33 9.44 9.83 8.65 5.63 5.15 6.98 5.62 0.00 4.95 7.34 6.05 6.97 8.04 11.20 11.29 13.10 12.83 12.79 12.88 12.49 11.55 13.07 13.69 14.85 16.06 16.55 19.35 18.69 20.01 22.25 20.73 19.45 19.72 17.82 15.17 15.15 12.76 12.09 11.90 12.71 14.64 15.65 18.42 20.94 22.26 23.24 23.90 23.14 21.06 21.01 22.98 20.54 17.67 17.91 18.88 15.13 14.33 16.58 14.95 11.85 12.57 13.45 9.83 7.58 10.83 12.97 10.20 9.34 11.87 14.14 12.21 12.91 15.28 15.48 16.53 17.79 17.89 17.79 19.72 18.19 18.44 18.48 20.39 20.48 21.08 22.83 22.63 21.58 22.99 24.57 24.91 25.91 
20.75 20.71 19.92 17.89 15.23 14.96 15.26 13.27 10.02 10.06 9.98 7.87 5.36 5.62 7.25 4.95 0.00 6.03 7.28 6.96 7.54 10.32 10.36 11.23 11.15 11.06 11.44 11.58 11.19 11.98 12.93 14.81 16.14 16.23 19.42 19.27 20.60 22.60 21.17 20.53 20.83 19.00 16.04 15.95 13.18 12.69 11.58 12.64 14.30 15.47 16.65 19.73 21.63 21.63 22.04 21.43 19.64 19.26 20.77 18.28 15.88 15.87 17.01 13.65 13.17 15.39 14.50 11.62 12.55 12.94 10.96 9.32 11.64 13.65 12.43 11.18 13.39 15.91 14.83 14.24 16.74 16.38 17.61 17.82 18.44 17.98 19.75 17.37 18.19 18.26 19.94 20.05 20.45 22.48 22.20 21.21 24.55 24.49 25.73 28.22 
23.24 23.36 23.07 20.71 18.93 18.27 18.59 16.54 14.30 13.20 12.26 11.12 9.48 7.06 6.62 7.34 6.03 0.00 6.00 7.79 7.90 9.79 10.81 12.73 12.79 13.13 13.83 14.35 14.28 15.55 17.08 19.00 19.82 20.47 23.68 23.21 23.92 26.31 25.44 24.82 25.29 23.09 20.84 20.24 17.49 16.13 14.77 14.51 16.40 16.14 17.97 21.13 22.92 23.53 23.44 23.09 21.08 21.04 22.42 19.80 17.11 17.89 19.03 15.44 14.40 16.92 16.45 13.30 14.08 15.15 13.58 13.05 14.78 16.61 15.73 15.27 16.74 19.11 18.28 18.24 20.23 19.93 20.16 20.59 21.56 21.54 22.40 20.43 20.77 21.12 22.08 22.13 22.63 24.70 24.56 23.80 25.31 26.65 27.93 29.32 
25.41 25.76 25.38 22.81 21.05 20.18 20.59 18.31 15.67 15.38 14.03 11.95 10.70 9.05 7.19 6.05 7.28 6.00 0.00 6.40 7.37 8.77 9.68 12.04 11.71 12.73 12.94 13.93 14.09 16.23 17.88 19.78 21.07 22.43 25.81 24.99 25.62 27.67 27.57 27.00 26.97 25.05 22.16 21.89 19.01 16.92 15.47 15.80 16.08 16.33 17.97 20.56 22.36 22.92 23.60 22.90 20.25 20.54 22.85 19.80 16.44 17.25 18.60 14.91 14.32 16.75 15.75 12.79 13.85 15.11 12.83 13.20 14.82 17.07 16.30 16.44 17.59 19.72 19.04 19.03 21.30 21.14 22.00 22.35 23.16 23.07 24.35 21.84 22.43 22.38 23.60 23.22 24.14 25.96 24.95 24.42 27.70 27.85 28.44 28.50 
25.94 26.53 25.78 23.44 21.73 21.39 21.92 19.24 16.29 16.05 16.05 12.98 10.89 10.81 10.04 6.97 6.96 7.79 6.40 0.00 6.09 8.59 8.18 9.49 10.05 10.82 12.38 12.70 13.52 15.69 18.08 20.18 22.16 22.84 26.20 25.59 26.88 29.02 28.08 27.69 28.01 26.18 22.88 22.33 19.17 17.65 15.78 15.59 16.11 16.50 17.22 20.25 22.01 22.36 22.95 22.25 19.68 19.05 21.12 18.72 15.65 16.21 16.76 12.98 13.15 15.70 14.65 11.70 13.96 14.31 12.56 12.33 15.28 16.76 16.85 16.18 18.24 19.98 19.71 19.56 21.84 21.07 22.17 22.67 23.12 22.94 24.24 22.17 22.43 22.44 23.58 23.52 23.88 25.97 25.19 25.20 26.35 27.65 28.01 28.74 
26.36 26.63 26.24 23.42 21.29 21.58 22.06 19.14 15.68 16.47 16.12 13.56 10.78 10.50 10.95 8.04 7.54 7.90 7.37 6.09 0.00 6.49 6.55 7.41 8.44 9.03 10.26 11.75 13.10 15.11 17.46 20.45 22.54 23.67 25.92 25.80 27.69 29.13 27.72 27.28 27.89 25.65 22.05 21.13 17.63 16.29 14.62 14.09 14.58 14.63 14.98 18.61 20.56 20.57 20.29 20.55 17.95 17.15 17.70 16.17 13.66 13.69 14.02 10.43 11.32 13.59 12.43 9.81 12.50 13.02 11.67 12.54 15.21 16.83 15.99 15.84 17.68 19.79 19.44 19.22 21.55 20.56 21.07 21.53 22.20 21.56 22.56 20.78 21.98 21.55 22.48 22.26 23.11 25.20 24.41 24.23 26.94 26.45 27.75 29.71 
28.28 29.04 28.50 25.60 23.88 24.61 24.94 22.28 19.76 19.89 19.51 16.54 14.68 14.16 13.37 11.20 10.32 9.79 8.77 8.59 6.49 0.00 6.02 7.68 8.70 9.64 11.53 13.48 15.01 17.43 19.64 22.72 24.82 25.78 28.64 28.64 29.67 31.85 30.42 30.27 30.72 28.89 25.11 23.77 19.94 18.30 16.66 14.90 15.04 15.10 15.17 18.53 20.80 20.95 21.21 21.15 19.15 18.67 19.92 17.79 15.21 16.05 16.35 12.00 12.66 15.01 13.73 11.29 14.13 14.01 13.66 15.29 17.55 18.83 18.66 18.56 19.91 22.12 22.11 22.12 23.74 23.22 23.25 24.00 24.54 24.29 24.82 23.37 23.92 23.74 24.23 24.66 25.03 27.19 26.04 26.22 27.40 28.76 28.84 29.67 
29.19 29.81 28.82 25.81 24.15 24.67 24.96 22.29 19.71 20.13 19.99 17.32 14.52 14.42 13.79 11.29 10.36 10.81 9.68 8.18 6.55 6.02 0.00 5.54 6.02 7.92 9.74 11.90 13.85 15.77 18.73 21.39 23.53 25.51 28.52 28.14 29.87 31.36 31.53 30.88 31.06 28.53 24.78 23.28 19.95 17.72 15.94 14.72 13.66 13.18 13.69 16.23 18.07 18.64 19.19 19.29 16.33 16.80 18.05 15.91 13.12 14.09 13.90 9.28 10.26 13.07 12.11 9.05 12.34 13.17 12.70 13.90 16.38 18.06 18.54 18.37 19.39 21.50 21.57 21.04 23.04 22.47 22.81 23.16 24.12 23.66 24.77 22.79 23.58 23.06 24.16 23.85 24.57 26.14 25.05 25.82 28.27 28.23 28.78 28.88 
29.34 29.76 29.08 26.65 24.67 25.28 25.62 23.02 20.54 20.80 21.60 18.48 15.16 15.51 15.89 13.10 11.23 12.73 12.04 9.49 7.41 7.68 5.54 0.00 5.30 6.95 9.33 11.56 13.56 15.27 17.86 20.75 23.54 24.58 28.65 28.25 30.12 31.78 31.67 30.67 31.50 29.07 24.94 23.61 20.25 17.95 16.17 15.40 13.66 13.78 13.50 16.08 17.95 18.37 20.08 19.49 17.50 17.11 18.95 15.95 13.75 15.04 14.96 10.17 10.59 14.54 13.24 9.71 13.35 14.68 14.21 15.52 18.10 19.63 19.52 19.42 20.64 22.90 22.23 21.93 23.69 23.35 23.55 23.92 24.35 24.10 25.01 23.09 23.56 23.44 24.22 24.27 24.67 26.80 25.57 27.00 27.36 29.08 28.32 28.67 
27.98 28.91 28.79 26.02 23.17 24.45 25.26 22.44 19.64 20.63 21.07 17.94 15.08 14.95 15.53 12.83 11.15 12.79 11.71 10.05 8.44 8.70 6.02 5.30 0.00 5.80 7.81 9.98 11.78 14.21 17.17 19.31 21.64 23.39 27.01 27.00 29.76 31.40 31.15 30.07 30.17 27.98 23.98 22.65 18.95 17.25 15.52 13.95 12.41 11.65 11.83 14.40 15.77 16.67 17.67 18.13 16.15 15.88 16.53 14.74 13.18 13.65 14.06 9.05 10.64 13.50 12.20 8.85 13.41 14.40 13.83 14.94 17.83 19.47 19.05 18.44 19.92 22.07 22.07 21.16 23.16 22.36 23.04 22.81 23.10 22.83 23.77 21.77 22.17 22.23 23.24 23.13 23.63 25.84 25.05 25.65 27.83 27.89 28.22 30.28 
27.46 28.38 28.23 25.58 22.43 23.56 24.25 21.63 18.83 19.86 20.39 17.63 14.58 15.07 15.36 12.79 11.06 13.13 12.73 10.82 9.03 9.64 7.92 6.95 5.80 0.00 6.40 7.63 9.51 11.66 14.84 17.65 20.01 21.65 25.36 24.94 28.48 30.31 29.79 28.94 29.32 26.80 22.82 21.73 18.34 16.64 13.81 12.02 9.99 9.91 9.91 13.15 14.68 15.70 17.10 17.44 15.59 15.25 16.36 14.21 12.42 13.28 13.48 9.18 10.12 13.59 12.54 9.65 13.21 14.34 14.13 14.58 16.99 18.83 18.70 17.80 18.70 21.57 21.37 20.92 22.31 21.87 21.80 21.60 22.17 21.84 22.51 20.91 21.35 20.98 21.98 21.64 22.74 24.76 23.81 24.85 26.49 27.82 27.09 28.20 
27.11 28.17 27.58 24.73 22.12 22.91 23.58 20.95 18.74 19.48 19.86 17.39 14.42 14.53 15.10 12.88 11.44 13.83 12.94 12.38 10.26 11.53 9.74 9.33 7.81 6.40 0.00 5.63 7.17 9.59 11.71 15.45 18.36 19.91 23.17 23.90 27.18 29.48 29.03 28.71 28.33 25.76 21.31 20.98 17.83 15.71 12.36 10.39 8.47 8.68 10.13 13.15 14.92 16.07 17.30 17.40 15.38 15.61 17.76 15.62 13.02 13.31 15.22 10.79 11.40 14.90 15.16 12.10 14.05 15.67 15.53 15.67 17.07 19.68 19.40 18.57 19.17 21.76 21.33 20.51 22.08 21.58 21.14 21.30 21.73 21.24 22.08 20.53 20.94 20.20 21.02 21.45 22.01 23.90 22.63 23.62 26.64 26.88 26.28 26.65 
25.50 26.18 26.11 23.85 20.75 21.52 22.07 19.48 17.39 18.38 18.91 16.73 14.02 14.17 14.49 12.49 11.58 14.35 13.93 12.70 11.75 13.48 11.90 11.56 9.98 7.63 5.63 0.00 5.52 6.15 8.81 12.19 15.69 17.43 21.36 22.78 25.94 28.17 28.02 27.22 27.81 25.48 21.27 19.87 16.02 13.07 10.21 8.02 7.03 8.43 10.18 13.38 15.82 17.11 18.12 18.04 15.57 15.85 17.87 15.83 12.91 13.61 15.64 12.23 11.56 15.37 15.92 12.74 14.45 16.13 15.98 15.77 17.14 19.06 18.89 18.08 19.23 21.20 20.52 19.86 21.30 20.56 20.39 20.94 20.70 20.32 20.73 19.34 19.47 18.45 19.55 19.74 20.94 22.72 22.09 22.51 24.57 25.53 25.12 25.82 
22.97 23.90 23.47 21.31 18.71 19.51 20.90 17.90 16.05 17.44 17.44 15.14 12.93 13.04 13.35 11.55 11.19 14.28 14.09 13.52 13.10 15.01 13.85 13.56 11.78 9.51 7.17 5.52 0.00 5.42 6.47 10.09 11.73 15.28 19.28 20.94 23.27 26.28 25.96 25.76 24.95 23.64 20.68 18.58 13.53 10.77 9.08 7.04 6.98 7.85 10.91 14.10 16.05 17.39 17.62 17.34 15.86 15.89 17.17 15.66 12.99 13.52 15.75 11.91 11.32 15.36 15.60 12.41 14.27 16.31 15.53 15.73 17.00 18.81 18.19 17.59 18.34 20.52 20.16 18.94 20.01 19.29 19.54 19.27 18.68 18.22 18.99 17.25 17.64 17.23 18.74 19.17 20.15 22.61 22.09 21.49 24.74 24.51 24.98 26.75 
21.57 22.17 22.28 20.11 16.72 17.99 19.11 16.95 14.93 16.36 17.22 14.81 11.96 12.79 14.22 13.07 11.98 15.55 16.23 15.69 15.11 17.43 15.77 15.27 14.21 11.66 9.59 6.15 5.42 0.00 5.39 7.05 9.57 12.03 16.22 18.57 20.91 23.70 23.95 23.28 23.40 22.49 18.16 15.63 11.73 9.23 6.55 6.16 7.39 9.22 12.12 16.87 17.96 18.83 19.23 19.03 16.95 16.88 18.53 16.68 13.93 13.96 16.59 13.03 12.38 16.35 17.13 13.82 15.68 17.20 16.50 15.70 17.09 18.90 18.12 16.86 17.46 19.91 19.16 18.30 19.35 18.88 18.41 18.68 18.52 18.34 18.31 16.83 16.86 16.67 17.79 18.40 19.65 22.07 21.13 20.38 23.15 24.24 24.06 25.51 
20.29 21.10 21.19 18.67 16.14 16.47 18.52 15.65 13.74 15.11 16.03 13.56 11.21 12.81 14.42 13.69 12.93 17.08 17.88 18.08 17.46 19.64 18.73 17.86 17.17 14.84 11.71 8.81 6.47 5.39 0.00 5.58 7.26 9.52 12.67 15.16 18.69 21.02 20.74 20.88 21.01 19.13 14.42 12.63 9.99 7.88 6.61 7.43 9.45 11.06 14.95 19.14 20.30 20.42 20.80 20.33 18.19 17.84 19.86 18.58 15.08 15.11 17.91 14.69 14.07 17.58 18.33 15.61 17.16 18.30 17.47 16.46 17.16 19.60 18.26 17.15 17.62 19.89 18.75 18.05 19.42 18.66 17.77 18.22 18.12 16.84 17.35 15.97 16.51 15.43 16.59 17.63 19.28 21.46 20.11 19.77 24.15 24.20 23.60 24.40 
18.88 18.80 19.26 17.43 14.39 14.70 16.55 15.16 14.09 14.66 15.79 14.28 13.12 14.22 15.58 14.85 14.81 19.00 19.78 20.18 20.45 22.72 21.39 20.75 19.31 17.65 15.45 12.19 10.09 7.05 5.58 0.00 6.37 7.66 10.87 13.19 16.15 19.03 18.58 19.48 19.38 16.71 12.46 11.67 9.54 6.98 7.46 8.85 11.03 14.48 17.14 21.56 22.10 23.32 23.31 23.06 20.67 19.78 21.61 20.03 16.84 16.59 18.71 16.24 15.58 18.54 19.40 16.75 17.86 18.63 18.52 17.25 17.65 19.05 18.63 17.33 17.78 20.00 18.87 18.35 19.27 18.51 18.07 18.39 18.11 17.09 17.24 15.70 15.97 15.53 16.69 17.63 18.57 21.14 20.73 20.19 22.78 23.64 23.57 24.91 
17.76 17.58 17.32 15.85 14.17 14.27 16.60 14.84 13.40 14.46 16.08 15.08 13.77 14.70 16.40 16.06 16.14 19.82 21.07 22.16 22.54 24.82 23.53 23.54 21.64 20.01 18.36 15.69 11.73 9.57 7.26 6.37 0.00 6.44 8.07 10.70 13.40 16.45 16.51 16.84 16.49 14.34 10.69 11.36 10.14 8.33 10.12 12.06 14.93 16.48 19.58 23.09 25.29 25.58 25.54 24.80 23.27 22.20 22.82 21.23 18.07 18.10 19.91 17.25 16.40 19.54 20.58 18.02 19.26 19.89 19.55 18.45 18.63 20.02 19.52 18.13 18.46 20.28 20.24 18.80 19.09 18.74 18.73 18.65 17.91 17.53 17.99 16.09 16.18 16.53 18.30 19.35 20.49 22.91 22.47 21.22 24.82 24.59 25.77 27.36 
15.69 15.60 15.41 13.79 11.73 12.62 14.29 12.04 10.52 13.09 14.90 13.73 12.28 14.33 17.10 16.55 16.23 20.47 22.43 22.84 23.67 25.78 25.51 24.58 23.39 21.65 19.91 17.43 15.28 12.03 9.52 7.66 6.44 0.00 6.62 8.06 9.88 12.86 13.31 12.92 12.17 10.08 8.03 7.29 7.94 7.71 10.56 14.37 15.95 18.09 21.08 24.89 26.61 27.20 26.96 25.89 23.89 23.32 24.32 21.98 19.01 18.91 20.81 18.06 16.94 20.18 21.26 18.50 19.76 21.06 20.01 18.58 19.30 20.11 19.08 17.42 17.99 19.41 18.78 17.49 18.19 16.92 16.82 16.76 16.39 15.72 16.33 14.42 15.21 15.60 16.45 18.13 19.95 22.51 21.63 21.05 24.12 24.86 24.93 26.19 
15.64 15.50 15.54 14.12 12.85 12.87 15.36 13.77 12.77 14.78 16.73 16.01 14.71 16.71 19.45 19.35 19.42 23.68 25.81 26.20 25.92 28.64 28.52 28.65 27.01 25.36 23.17 21.36 19.28 16.22 12.67 10.87 8.07 6.62 0.00 6.93 8.66 10.97 11.87 10.72 10.36 10.06 7.58 8.37 9.35 11.36 15.24 17.99 19.55 21.82 25.52 29.07 30.39 30.75 30.72 29.02 26.41 25.73 27.04 24.89 21.42 21.62 23.53 20.27 18.73 22.24 23.73 20.71 21.65 22.61 22.14 20.49 19.97 21.91 20.43 18.67 18.39 20.59 19.49 18.26 18.42 17.54 16.97 17.78 16.88 16.20 16.45 15.74 16.46 16.00 17.07 19.30 21.72 23.88 21.93 21.61 26.14 25.77 25.39 25.91 
13.70 13.23 14.01 12.47 9.83 9.99 13.29 12.43 11.94 13.87 15.82 14.88 14.72 16.35 18.63 18.69 19.27 23.21 24.99 25.59 25.80 28.64 28.14 28.25 27.00 24.94 23.90 22.78 20.94 18.57 15.16 13.19 10.70 8.06 6.93 0.01 6.58 8.91 8.40 7.90 8.14 7.23 7.45 8.95 9.85 12.56 16.38 19.41 20.73 22.57 26.43 29.76 31.10 31.14 31.20 30.31 27.03 26.49 27.73 25.53 21.64 21.70 23.24 20.17 18.67 22.10 22.89 20.16 20.65 21.72 21.12 19.17 18.86 20.36 19.43 17.24 17.11 19.57 18.43 16.54 16.71 15.64 15.15 15.29 15.84 15.57 16.33 14.68 15.98 15.86 17.19 19.08 21.03 23.45 21.26 21.63 24.79 25.28 23.97 25.30 
14.63 13.81 13.81 13.02 11.45 11.63 14.03 13.26 12.80 14.84 16.00 15.49 14.95 17.03 19.22 20.01 20.60 23.92 25.62 26.88 27.69 29.67 29.87 30.12 29.76 28.48 27.18 25.94 23.27 20.91 18.69 16.15 13.40 9.88 8.66 6.58 2.01 5.93 6.35 7.46 7.50 6.46 7.47 10.18 12.17 14.34 18.11 21.40 23.13 25.89 28.37 31.71 33.19 33.33 33.01 31.72 28.71 28.36 28.78 26.80 22.38 22.46 23.15 20.84 19.69 22.67 23.67 21.07 21.79 22.78 22.01 20.08 19.50 21.08 20.12 17.97 17.53 19.35 18.50 16.37 16.34 14.85 14.26 14.24 15.39 15.23 16.18 15.57 15.85 16.62 18.72 20.36 22.03 24.93 24.00 23.29 26.48 25.68 26.34 28.69 
15.08 14.51 13.96 12.92 12.52 13.85 14.66 14.13 13.77 16.81 17.76 17.58 16.87 18.94 21.64 22.25 22.60 26.31 27.67 29.02 29.13 31.85 31.36 31.78 31.40 30.31 29.48 28.17 26.28 23.70 21.02 19.03 16.45 12.86 10.97 8.91 5.93 0.00 5.96 7.60 7.99 8.82 10.00 12.46 14.23 16.73 20.54 23.04 25.60 27.94 30.59 33.27 34.43 35.13 34.43 33.48 30.27 29.97 30.63 28.48 24.12 24.09 25.01 22.41 21.35 24.82 25.74 23.14 23.53 25.29 24.53 22.45 22.05 23.19 22.22 20.10 19.63 20.79 20.06 18.08 17.35 14.71 14.44 14.76 15.28 15.19 16.60 16.41 17.04 17.54 19.63 21.86 23.95 26.79 25.09 25.18 27.78 28.57 27.74 28.66 
14.68 14.46 14.60 12.96 11.61 12.49 14.04 13.58 12.33 14.47 16.14 15.61 14.85 17.18 19.91 20.73 21.17 25.44 27.57 28.08 27.72 30.42 31.53 31.67 31.15 29.79 29.03 28.02 25.96 23.95 20.74 18.58 16.51 13.31 11.87 8.40 6.35 5.96 0.13 4.90 7.49 9.60 9.96 12.05 14.35 16.01 18.94 22.23 23.90 26.88 29.35 32.56 33.67 33.61 33.40 32.23 29.41 28.79 29.64 27.22 22.98 23.20 24.55 21.27 19.79 23.09 24.60 21.57 21.62 23.40 23.25 20.70 19.77 21.94 20.99 18.26 17.59 19.23 18.43 15.91 14.66 12.44 11.87 11.72 11.72 11.01 13.99 13.85 15.42 16.45 18.21 20.01 22.39 24.87 24.02 25.11 28.54 27.40 27.35 27.79 
14.61 14.46 15.12 13.13 11.46 12.60 14.33 12.85 11.95 14.68 15.60 14.95 14.36 16.99 19.61 19.45 20.53 24.82 27.00 27.69 27.28 30.27 30.88 30.67 30.07 28.94 28.71 27.22 25.76 23.28 20.88 19.48 16.84 12.92 10.72 7.90 7.46 7.60 4.90 0.00 6.54 8.38 8.50 11.84 13.41 15.46 18.40 22.28 24.17 25.83 28.85 31.68 31.93 32.45 32.44 31.17 28.11 27.25 28.37 26.06 22.33 22.39 23.71 20.70 19.65 23.09 24.00 20.91 21.43 22.91 21.93 19.29 19.21 21.16 19.50 17.07 17.25 19.60 18.02 15.78 14.82 11.61 10.94 9.34 10.33 10.56 12.73 12.39 14.57 15.17 16.23 18.09 20.66 24.06 22.17 23.77 27.05 28.31 26.68 27.28 
16.35 16.07 16.26 14.58 13.13 13.69 14.90 13.21 12.42 14.98 15.44 14.68 14.39 17.54 19.69 19.72 20.83 25.29 26.97 28.01 27.89 30.72 31.06 31.50 30.17 29.32 28.33 27.81 24.95 23.40 21.01 19.38 16.49 12.17 10.36 8.14 7.50 7.99 7.49 6.54 0.14 6.52 8.36 10.65 12.57 15.32 19.60 22.46 24.35 26.80 29.30 31.85 32.38 32.62 33.06 31.48 28.48 27.36 28.26 26.85 22.89 23.10 23.73 21.67 20.18 23.63 24.21 21.87 22.01 23.74 22.25 20.09 19.90 21.58 19.34 17.43 18.18 19.95 18.38 15.44 15.44 13.63 11.67 9.22 10.33 11.38 12.02 12.26 12.83 15.23 17.80 19.95 21.34 25.31 24.49 26.19 28.20 28.48 28.92 30.53 
16.82 16.44 16.68 14.33 12.71 13.37 14.33 12.81 11.53 13.07 14.15 14.04 13.11 15.72 17.83 17.82 19.00 23.09 25.05 26.18 25.65 28.89 28.53 29.07 27.98 26.80 25.76 25.48 23.64 22.49 19.13 16.71 14.34 10.08 10.06 7.23 6.46 8.82 9.60 8.38 6.52 0.00 6.64 8.66 10.35 13.06 17.03 20.14 21.72 24.93 27.26 29.36 30.23 30.81 30.93 29.68 27.04 25.67 26.43 24.98 22.16 20.60 22.48 20.15 18.51 21.93 22.55 20.22 20.05 21.95 20.94 18.78 18.35 20.09 18.81 17.08 17.56 19.12 18.49 16.10 15.71 13.67 12.69 11.13 10.98 10.24 11.47 9.98 10.93 12.42 15.62 17.18 19.35 23.92 23.05 24.04 27.27 28.91 27.98 27.95 
15.96 16.04 16.09 13.25 11.26 11.84 13.30 11.36 9.43 10.88 11.91 11.23 10.63 12.82 14.91 15.17 16.04 20.84 22.16 22.88 22.05 25.11 24.78 24.94 23.98 22.82 21.31 21.27 20.68 18.16 14.42 12.46 10.69 8.03 7.58 7.45 7.47 10.00 9.96 8.50 8.36 6.64 0.00 6.17 7.05 9.65 12.74 15.78 17.43 20.16 23.28 25.84 26.61 27.34 27.12 25.77 23.13 22.37 22.90 20.74 17.48 16.89 18.53 15.78 14.36 18.32 19.32 16.59 17.21 18.94 17.96 16.21 16.13 18.16 17.14 15.56 16.39 17.82 16.58 15.01 14.51 12.71 11.85 12.66 11.06 10.51 10.03 9.36 9.40 11.40 12.14 15.11 17.49 21.06 19.56 22.16 25.08 25.58 25.25 25.96 
17.51 17.56 17.87 15.29 13.24 14.43 15.05 13.14 11.44 12.36 13.33 12.21 10.80 13.29 15.49 15.15 15.95 20.24 21.89 22.33 21.13 23.77 23.28 23.61 22.65 21.73 20.98 19.87 18.58 15.63 12.63 11.67 11.36 7.29 8.37 8.95 10.18 12.46 12.05 11.84 10.65 8.66 6.17 0.00 6.25 7.25 11.59 14.17 16.09 18.87 21.37 23.78 24.88 25.57 25.29 24.25 22.06 21.76 21.36 19.32 17.56 16.46 18.64 15.52 14.24 18.37 18.86 16.39 17.16 18.62 17.86 16.01 16.60 18.59 17.24 16.36 17.81 19.62 18.39 16.86 17.33 15.39 14.47 14.76 13.94 12.88 12.56 9.40 9.55 9.52 10.78 13.12 17.08 19.62 18.44 20.60 24.36 25.10 24.89 25.11 
17.89 17.85 18.00 15.97 13.15 13.89 15.65 12.65 10.73 12.20 13.21 10.75 8.80 11.69 14.01 12.76 13.18 17.49 19.01 19.17 17.63 19.94 19.95 20.25 18.95 18.34 17.83 16.02 13.53 11.73 9.99 9.54 10.14 7.94 9.35 9.85 12.17 14.23 14.35 13.41 12.57 10.35 7.05 6.25 0.12 5.78 7.63 11.28 12.05 15.42 17.81 20.27 21.15 22.07 21.29 20.99 19.05 18.27 18.18 17.15 14.27 14.51 15.59 12.74 11.76 15.06 15.92 13.25 14.85 16.60 15.58 13.78 15.10 17.37 15.67 15.18 17.67 19.64 18.30 17.33 18.15 16.83 16.13 15.71 15.72 15.09 14.06 11.27 9.24 10.11 10.95 11.97 13.58 18.22 17.56 19.12 22.15 23.09 23.22 25.13 
19.03 19.12 19.46 16.65 14.36 15.03 15.99 14.16 12.16 13.46 14.06 12.34 10.24 11.20 12.80 12.09 12.69 16.13 16.92 17.65 16.29 18.30 17.72 17.95 17.25 16.64 15.71 13.07 10.77 9.23 7.88 6.98 8.33 7.71 11.36 12.56 14.34 16.73 16.01 15.46 15.32 13.06 9.65 7.25 5.78 0.00 5.84 8.14 9.77 12.23 14.71 17.84 18.53 19.46 18.97 18.46 17.60 15.85 16.69 15.44 13.50 11.07 14.85 11.88 10.75 14.50 15.90 14.06 15.16 16.90 15.73 14.77 15.65 18.00 16.98 17.14 18.66 20.57 19.98 19.43 19.52 17.91 17.80 18.18 18.10 16.49 16.09 12.99 10.36 8.74 10.97 10.07 12.35 15.80 16.55 17.39 20.47 21.95 21.97 22.59 
20.27 20.67 20.57 17.36 14.95 15.74 16.79 14.98 13.07 13.70 14.57 12.68 10.88 11.38 12.56 11.90 11.58 14.77 15.47 15.78 14.62 16.66 15.94 16.17 15.52 13.81 12.36 10.21 9.08 6.55 6.61 7.46 10.12 10.56 15.24 16.38 18.11 20.54 18.94 18.40 19.60 17.03 12.74 11.59 7.63 5.84 0.00 5.59 6.40 9.75 11.43 14.46 15.20 16.61 16.13 15.99 12.84 12.39 13.64 13.03 8.65 7.00 11.65 10.20 8.21 11.87 15.02 13.16 14.66 16.17 15.78 15.64 16.82 18.86 18.71 18.42 19.93 21.79 20.94 20.45 20.83 19.41 18.63 19.80 19.79 18.20 17.67 14.87 12.16 10.73 9.86 10.20 11.72 14.80 13.79 16.03 19.58 20.57 19.66 21.45 
21.78 21.89 22.35 19.98 17.63 18.15 18.92 17.13 15.39 15.86 16.35 14.44 12.46 12.62 14.37 12.71 12.64 14.51 15.80 15.59 14.09 14.90 14.72 15.40 13.95 12.02 10.39 8.02 7.04 6.16 7.43 8.85 12.06 14.37 17.99 19.41 21.40 23.04 22.23 22.28 22.46 20.14 15.78 14.17 11.28 8.14 5.59 0.00 4.93 7.30 8.89 11.45 12.83 14.41 14.06 14.39 12.90 12.16 13.83 13.16 10.92 9.87 13.64 11.66 11.37 14.84 17.34 15.09 15.84 17.94 17.87 17.16 18.02 20.74 20.90 20.69 21.93 24.35 24.25 22.99 23.75 22.96 22.48 22.92 22.35 21.23 20.97 17.19 14.72 12.80 12.16 9.74 11.86 14.14 14.09 16.06 18.84 20.88 20.04 20.80 
22.52 22.77 23.25 21.59 18.82 19.31 20.57 18.70 17.27 18.03 17.88 16.04 14.46 15.07 15.73 14.64 14.30 16.40 16.08 16.11 14.58 15.04 13.66 13.66 12.41 9.99 8.47 7.03 6.98 7.39 9.45 11.03 14.93 15.95 19.55 20.73 23.13 25.60 23.90 24.17 24.35 21.72 17.43 16.09 12.05 9.77 6.40 4.93 0.00 5.33 6.32 9.11 10.86 11.91 11.36 12.00 10.32 10.23 11.89 11.57 9.23 10.08 13.46 11.77 11.82 15.75 17.72 15.86 17.43 20.05 20.10 18.80 20.32 23.11 23.16 22.21 24.41 26.77 26.39 25.19 26.16 24.85 25.23 24.89 24.52 23.36 22.86 19.00 16.99 15.04 14.30 11.52 11.10 14.05 13.32 14.36 16.90 18.78 18.98 20.74 
24.74 25.06 25.81 23.19 21.05 22.04 23.30 21.16 19.91 20.15 20.94 18.57 16.98 17.14 17.79 15.65 15.47 16.14 16.33 16.50 14.63 15.10 13.18 13.78 11.65 9.91 8.68 8.43 7.85 9.22 11.06 14.48 16.48 18.09 21.82 22.57 25.89 27.94 26.88 25.83 26.80 24.93 20.16 18.87 15.42 12.23 9.75 7.30 5.33 0.00 5.31 8.34 9.43 10.96 11.76 12.50 10.98 10.84 12.81 13.32 11.36 11.55 15.32 13.96 12.68 17.45 19.32 18.10 19.92 22.15 22.30 21.66 23.41 25.64 25.54 25.26 26.75 28.21 27.95 27.31 27.85 26.55 26.59 26.98 26.71 24.75 24.93 21.33 19.78 16.79 16.41 13.05 12.94 14.06 13.87 14.99 17.34 18.48 18.71 19.27 
27.59 28.39 28.52 25.21 23.05 24.66 26.27 24.23 21.91 22.91 24.06 21.87 19.13 19.19 20.25 18.42 16.65 17.97 17.97 17.22 14.98 15.17 13.69 13.50 11.83 9.91 10.13 10.18 10.91 12.12 14.95 17.14 19.58 21.08 25.52 26.43 28.37 30.59 29.35 28.85 29.30 27.26 23.28 21.37 17.81 14.71 11.43 8.89 6.32 5.31 0.00 5.52 6.80 8.42 9.64 11.16 8.80 10.33 13.04 13.54 11.62 12.51 16.21 15.35 14.44 18.74 21.23 19.80 21.20 23.62 24.23 24.06 25.18 27.10 27.31 27.46 29.17 30.80 30.20 29.76 30.80 29.66 29.06 29.32 29.82 28.20 27.61 24.21 22.04 19.19 18.54 16.36 15.27 16.34 13.92 16.24 17.76 18.52 18.19 19.91 
30.21 30.53 30.90 28.52 26.30 27.71 29.21 27.28 24.98 25.86 26.84 24.43 22.23 22.00 22.59 20.94 19.73 21.13 20.56 20.25 18.61 18.53 16.23 16.08 14.40 13.15 13.15 13.38 14.10 16.87 19.14 21.56 23.09 24.89 29.07 29.76 31.71 33.27 32.56 31.68 31.85 29.36 25.84 23.78 20.27 17.84 14.46 11.45 9.11 8.34 5.52 0.00 5.35 7.79 8.90 10.32 9.51 11.02 13.46 13.79 13.44 15.54 18.55 16.92 16.77 21.88 23.30 21.63 23.07 26.06 26.77 26.22 27.42 29.57 29.82 29.70 31.05 33.29 32.81 32.15 32.93 32.64 31.57 31.59 31.44 30.30 29.60 26.00 24.40 21.48 20.98 18.23 18.01 18.29 16.77 17.91 18.76 19.03 19.43 18.86 
31.87 31.92 32.41 30.66 27.81 29.00 30.32 28.62 26.46 26.94 27.27 25.12 23.35 23.34 23.60 22.26 21.63 22.92 22.36 22.01 20.56 20.80 18.07 17.95 15.77 14.68 14.92 15.82 16.05 17.96 20.30 22.10 25.29 26.61 30.39 31.10 33.19 34.43 33.67 31.93 32.38 30.23 26.61 24.88 21.15 18.53 15.20 12.83 10.86 9.43 6.80 5.35 0.54 5.83 8.50 8.71 9.29 10.70 12.79 13.02 12.89 15.13 18.03 17.00 17.50 22.22 24.24 22.47 24.67 27.23 27.95 26.64 28.45 30.85 30.64 30.14 32.38 34.10 33.78 32.48 33.57 32.73 32.56 31.50 31.89 30.56 30.02 26.19 24.82 22.06 21.02 19.62 18.47 18.86 17.28 17.50 17.67 18.82 18.19 19.25 
32.75 32.64 33.11 31.60 29.09 30.41 31.75 29.95 26.93 28.06 28.58 26.37 24.08 24.67 25.10 23.24 21.63 23.53 22.92 22.36 20.57 20.95 18.64 18.37 16.67 15.70 16.07 17.11 17.39 18.83 20.42 23.32 25.58 27.20 30.75 31.14 33.33 35.13 33.61 32.45 32.62 30.81 27.34 25.57 22.07 19.46 16.61 14.41 11.91 10.96 8.42 7.79 5.83 0.00 6.46 8.33 7.57 8.48 11.49 12.21 12.36 14.05 17.18 16.51 17.42 21.26 23.61 22.63 24.50 27.45 27.53 27.45 29.22 31.33 30.90 31.08 32.76 34.22 33.67 33.11 34.09 32.93 32.27 32.05 31.93 30.72 30.10 26.45 24.82 21.77 20.98 18.78 18.60 18.62 16.83 17.30 17.28 18.03 18.25 17.74 
34.08 34.28 34.71 32.40 30.61 31.61 33.46 31.15 27.98 28.66 29.88 27.56 25.14 25.27 26.34 23.90 22.04 23.44 23.60 22.95 20.29 21.21 19.19 20.08 17.67 17.10 17.30 18.12 17.62 19.23 20.80 23.31 25.54 26.96 30.72 31.20 33.01 34.43 33.40 32.44 33.06 30.93 27.12 25.29 21.29 18.97 16.13 14.06 11.36 11.76 9.64 8.90 8.50 6.46 0.70 6.44 7.40 7.17 9.32 10.76 11.15 12.14 15.08 15.46 15.85 19.28 21.75 21.47 23.68 26.00 27.11 27.08 29.15 30.88 30.74 31.11 32.94 34.38 33.67 33.30 34.56 33.23 32.50 31.52 31.70 30.21 29.42 25.91 23.52 21.28 20.43 18.97 17.39 18.06 16.68 18.19 17.95 18.59 18.43 19.52 
33.20 33.69 33.80 32.33 29.83 31.02 32.50 30.78 27.38 28.16 28.95 27.04 24.61 24.81 25.06 23.14 21.43 23.09 22.90 22.25 20.55 21.15 19.29 19.49 18.13 17.44 17.40 18.04 17.34 19.03 20.33 23.06 24.80 25.89 29.02 30.31 31.72 33.48 32.23 31.17 31.48 29.68 25.77 24.25 20.99 18.46 15.99 14.39 12.00 12.50 11.16 10.32 8.71 8.33 6.44 0.00 5.26 7.78 7.67 8.96 9.76 11.86 13.36 13.32 15.00 17.62 19.93 19.33 21.84 24.85 25.89 25.58 28.32 29.75 29.78 29.54 31.74 33.08 32.62 31.61 33.01 31.97 31.05 29.89 29.72 28.18 27.83 24.05 22.34 19.37 19.65 18.28 17.37 18.31 17.26 17.50 17.77 19.21 18.46 18.25 
31.04 31.48 31.77 30.31 27.65 28.28 29.98 27.86 25.14 25.82 26.36 24.79 22.77 22.72 22.89 21.06 19.64 21.08 20.25 19.68 17.95 19.15 16.33 17.50 16.15 15.59 15.38 15.57 15.86 16.95 18.19 20.67 23.27 23.89 26.41 27.03 28.71 30.27 29.41 28.11 28.48 27.04 23.13 22.06 19.05 17.60 12.84 12.90 10.32 10.98 8.80 9.51 9.29 7.57 7.40 5.26 0.00 5.62 7.54 6.44 7.38 9.46 11.62 10.92 11.98 15.77 17.53 16.66 18.96 22.71 23.92 23.26 25.65 27.81 27.33 27.24 29.48 30.87 30.18 29.32 30.57 29.29 28.61 27.18 27.15 25.27 24.98 21.57 19.95 17.35 17.32 15.91 15.01 15.53 15.30 15.33 15.11 16.83 16.92 17.96 
31.68 31.84 31.67 30.83 28.28 29.43 30.30 28.95 25.84 27.04 27.33 25.27 23.01 23.39 23.52 21.01 19.26 21.04 20.54 19.05 17.15 18.67 16.80 17.11 15.88 15.25 15.61 15.85 15.89 16.88 17.84 19.78 22.20 23.32 25.73 26.49 28.36 29.97 28.79 27.25 27.36 25.67 22.37 21.76 18.27 15.85 12.39 12.16 10.23 10.84 10.33 11.02 10.70 8.48 7.17 7.78 5.62 0.00 5.79 7.52 6.40 6.73 10.37 10.70 10.88 13.37 16.46 15.65 17.19 20.54 22.14 22.18 24.97 26.45 26.28 26.59 29.13 29.97 29.35 28.77 30.22 28.79 27.94 26.31 26.15 24.70 24.10 20.06 18.51 16.21 15.40 13.43 13.85 15.26 14.88 14.68 15.21 17.35 17.71 18.22 
33.91 34.07 33.78 32.06 31.17 31.52 33.03 30.54 27.83 28.76 29.68 27.35 25.09 25.15 25.87 22.98 20.77 22.42 22.85 21.12 17.70 19.92 18.05 18.95 16.53 16.36 17.76 17.87 17.17 18.53 19.86 21.61 22.82 24.32 27.04 27.73 28.78 30.63 29.64 28.37 28.26 26.43 22.90 21.36 18.18 16.69 13.64 13.83 11.89 12.81 13.04 13.46 12.79 11.49 9.32 7.67 7.54 5.79 0.90 5.85 7.29 6.20 7.94 9.66 11.06 12.44 14.73 15.46 17.15 19.04 21.19 22.34 24.71 25.92 26.43 27.03 29.11 30.23 30.11 29.38 30.59 29.54 28.62 26.90 26.24 25.28 25.06 20.95 18.53 17.03 16.76 15.64 15.06 16.71 16.11 16.91 17.60 18.86 19.78 20.05 
32.29 32.67 32.37 31.09 28.64 29.89 30.82 29.11 25.86 26.89 27.20 25.30 22.81 23.01 23.04 20.54 18.28 19.80 19.80 18.72 16.17 17.79 15.91 15.95 14.74 14.21 15.62 15.83 15.66 16.68 18.58 20.03 21.23 21.98 24.89 25.53 26.80 28.48 27.22 26.06 26.85 24.98 20.74 19.32 17.15 15.44 13.03 13.16 11.57 13.32 13.54 13.79 13.02 12.21 10.76 8.96 6.44 7.52 5.85 0.00 5.35 7.42 6.53 6.75 9.18 11.60 11.99 12.27 15.14 16.77 17.96 19.12 21.91 23.61 23.81 24.21 26.05 27.96 27.71 26.80 27.70 26.85 26.23 24.58 23.90 22.84 22.91 18.98 17.04 15.11 15.72 14.92 15.36 16.97 16.50 16.85 17.80 19.63 18.86 19.66 
29.69 30.11 30.20 28.16 25.35 26.29 27.84 25.59 22.75 23.62 23.98 22.13 20.18 20.29 20.05 17.67 15.88 17.11 16.44 15.65 13.66 15.21 13.12 13.75 13.18 12.42 13.02 12.91 12.99 13.93 15.08 16.84 18.07 19.01 21.42 21.64 22.38 24.12 22.98 22.33 22.89 22.16 17.48 17.56 14.27 13.50 8.65 10.92 9.23 11.36 11.62 13.44 12.89 12.36 11.15 9.76 7.38 6.40 7.29 5.35 0.00 5.33 7.74 5.57 6.28 9.40 11.22 9.89 11.48 14.71 15.30 14.96 17.72 20.10 20.17 20.16 22.64 24.34 23.95 23.23 24.39 23.41 22.64 21.36 20.89 19.55 19.49 15.98 14.43 12.44 12.63 12.42 12.90 14.36 14.25 13.43 15.42 16.97 16.89 17.91 
30.96 30.99 30.40 28.99 26.60 27.74 28.19 26.74 23.36 24.73 24.95 22.85 20.76 21.21 21.01 17.91 15.87 17.89 17.25 16.21 13.69 16.05 14.09 15.04 13.65 13.28 13.31 13.61 13.52 13.96 15.11 16.59 18.10 18.91 21.62 21.70 22.46 24.09 23.20 22.39 23.10 20.60 16.89 16.46 14.51 11.07 7.00 9.87 10.08 11.55 12.51 15.54 15.13 14.05 12.14 11.86 9.46 6.73 6.20 7.42 5.33 0.00 5.73 7.18 5.57 6.39 9.74 9.96 9.86 12.13 14.38 15.13 17.12 19.58 19.88 20.32 22.68 24.46 23.98 23.60 24.69 23.67 22.82 21.89 21.06 19.73 18.86 15.24 14.01 12.27 11.97 11.48 13.61 15.68 15.73 15.74 17.44 18.98 18.91 20.57 
32.36 32.78 31.93 29.51 28.59 28.79 30.02 27.44 24.75 25.51 26.48 23.89 21.85 22.24 22.32 18.88 17.01 19.03 18.60 16.76 14.02 16.35 13.90 14.96 14.06 13.48 15.22 15.64 15.75 16.59 17.91 18.71 19.91 20.81 23.53 23.24 23.15 25.01 24.55 23.71 23.73 22.48 18.53 18.64 15.59 14.85 11.65 13.64 13.46 15.32 16.21 18.55 18.03 17.18 15.08 13.36 11.62 10.37 7.94 6.53 7.74 5.73 1.09 5.68 7.80 6.56 8.05 9.40 11.30 11.67 12.99 15.66 16.91 18.14 19.98 21.17 23.10 24.46 24.93 24.29 25.21 24.32 23.87 22.44 21.52 20.57 20.19 16.66 14.49 14.04 14.13 14.49 15.85 18.21 17.36 17.60 19.93 20.75 20.95 20.76 
29.91 30.11 29.35 27.64 25.19 26.12 26.82 24.99 21.60 22.59 22.78 20.72 18.62 18.59 18.44 15.13 13.65 15.44 14.91 12.98 10.43 12.00 9.28 10.17 9.05 9.18 10.79 12.23 11.91 13.03 14.69 16.24 17.25 18.06 20.27 20.17 20.84 22.41 21.27 20.70 21.67 20.15 15.78 15.52 12.74 11.88 10.20 11.66 11.77 13.96 15.35 16.92 17.00 16.51 15.46 13.32 10.92 10.70 9.66 6.75 5.57 7.18 5.68 0.00 5.14 7.28 5.64 5.42 9.01 9.87 9.28 11.03 14.26 15.14 16.08 17.01 19.29 21.37 21.40 20.84 21.70 20.70 20.38 19.20 18.42 16.84 17.04 13.53 12.25 11.33 13.04 13.32 14.92 17.44 17.34 17.17 19.45 21.08 19.75 21.60 
26.49 27.37 26.99 25.19 23.19 24.02 25.29 22.78 20.49 21.42 21.21 19.38 17.29 17.17 16.45 14.33 13.17 14.40 14.32 13.15 11.32 12.66 10.26 10.59 10.64 10.12 11.40 11.56 11.32 12.38 14.07 15.58 16.40 16.94 18.73 18.67 19.69 21.35 19.79 19.65 20.18 18.51 14.36 14.24 11.76 10.75 8.21 11.37 11.82 12.68 14.44 16.77 17.50 17.42 15.85 15.00 11.98 10.88 11.06 9.18 6.28 5.57 7.80 5.14 0.00 5.49 7.48 5.38 6.10 9.06 9.53 9.45 11.89 14.48 14.19 14.27 17.32 19.58 19.54 18.70 20.41 18.83 18.08 17.71 16.74 14.82 14.35 12.68 11.72 10.21 11.57 13.42 14.80 17.19 17.16 16.43 19.60 20.37 20.50 21.12 
28.84 29.42 28.90 27.46 25.51 26.48 27.18 25.06 22.36 23.22 23.78 21.34 19.21 18.79 19.25 16.58 15.39 16.92 16.75 15.70 13.59 15.01 13.07 14.54 13.50 13.59 14.90 15.37 15.36 16.35 17.58 18.54 19.54 20.18 22.24 22.10 22.67 24.82 23.09 23.09 23.63 21.93 18.32 18.37 15.06 14.50 11.87 14.84 15.75 17.45 18.74 21.88 22.22 21.26 19.28 17.62 15.77 13.37 12.44 11.60 9.40 6.39 6.56 7.28 5.49 0.00 6.25 7.16 5.64 7.33 10.05 10.73 11.90 14.84 15.75 15.57 17.45 20.83 20.85 20.77 21.87 20.73 20.43 19.89 19.24 17.34 16.43 14.47 13.98 13.13 14.08 15.82 17.98 20.23 20.57 20.98 22.63 24.00 23.71 25.01 
29.00 29.99 29.08 26.82 25.40 25.84 26.91 24.45 21.17 22.27 23.23 20.31 17.44 18.43 18.78 14.95 14.50 16.45 15.75 14.65 12.43 13.73 12.11 13.24 12.20 12.54 15.16 15.92 15.60 17.13 18.33 19.40 20.58 21.26 23.73 22.89 23.67 25.74 24.60 24.00 24.21 22.55 19.32 18.86 15.92 15.90 15.02 17.34 17.72 19.32 21.23 23.30 24.24 23.61 21.75 19.93 17.53 16.46 14.73 11.99 11.22 9.74 8.05 5.64 7.48 6.25 0.00 5.37 7.63 6.59 7.47 10.02 11.91 12.93 13.84 15.42 16.22 18.77 19.84 20.16 21.37 20.37 20.29 19.68 18.56 17.82 18.17 14.99 14.92 14.05 15.43 17.25 19.38 21.38 20.39 20.30 24.43 24.47 24.51 24.33 
