1.01 5.24 6.55 7.39 8.46 10.63 11.78 12.07 13.03 14.28 15.26 15.86 18.26 20.51 20.88 22.22 24.58 25.59 26.01 27.57 30.67 31.80 32.65 33.83 35.06 35.48 37.07 37.38 36.58 36.20 35.93 34.09 32.97 32.09 31.21 28.82 27.27 26.93 27.57 26.02 25.65 26.96 28.82 28.20 29.08 30.03 32.27 31.76 31.30 31.11 32.77 32.50 32.48 31.66 32.31 30.98 31.73 30.60 30.86 30.10 31.69 30.96 31.77 31.41 33.10 33.09 32.48 32.64 32.28 31.24 31.48 31.87 32.11 32.45 32.59 32.57 33.39 33.17 32.64 32.34 33.41 32.07 32.73 32.41 33.93 32.53 31.52 31.05 32.28 30.61 30.05 30.26 30.70 29.26 29.47 30.40 30.57 30.03 31.57 31.90 32.02 31.36 30.71 29.09 28.36 27.34 27.42 26.66 27.36 27.61 28.24 27.99 28.34 28.26 28.90 29.96 30.04 29.08 29.23 29.59 29.14 29.01 28.47 28.75 28.22 28.58 27.67 27.37 26.06 27.18 27.45 28.02 27.80 28.86 29.53 30.34 31.45 32.01 34.69 35.81 36.33 36.81 37.45 36.58 35.41 34.95 35.45 35.72 34.51 33.38 34.77 34.14 32.95 32.23 34.32 34.60 35.00 33.14 34.45 39.91 
5.24 0.67 4.67 6.22 7.48 9.74 10.96 11.64 12.39 14.00 14.47 15.35 18.00 19.62 20.35 20.97 23.96 25.02 25.38 26.47 29.97 30.98 32.04 32.90 34.35 34.68 36.66 36.82 35.69 35.17 35.35 33.25 32.13 31.33 30.59 28.10 26.62 26.03 26.82 25.22 24.94 26.16 28.15 27.51 28.87 29.47 31.95 31.18 30.75 30.21 32.23 31.72 32.12 30.74 31.67 29.89 31.27 29.58 30.28 29.27 31.32 30.16 31.19 30.45 32.37 32.37 31.92 31.94 31.61 30.47 31.03 31.28 31.66 31.81 32.30 32.06 33.22 32.74 32.48 31.91 33.28 31.44 32.42 32.00 33.82 32.10 31.08 30.58 32.03 30.24 29.53 29.78 30.44 28.63 29.09 30.05 29.99 29.43 31.13 31.39 31.55 30.78 30.25 28.42 28.04 26.71 26.59 25.67 26.69 26.72 27.48 27.37 27.94 27.78 28.08 29.41 29.57 28.50 28.42 29.02 28.87 28.54 27.55 27.79 27.72 27.89 26.96 26.72 25.94 26.76 26.69 27.30 27.43 28.29 28.82 29.87 31.34 31.57 34.36 35.46 36.41 36.54 37.37 36.84 35.69 35.05 35.41 35.63 34.48 32.97 34.06 34.33 32.91 31.94 32.27 32.65 34.26 33.65 33.26 39.00 
6.55 4.67 0.19 4.44 7.04 7.80 8.77 9.76 11.09 12.56 12.52 13.61 15.82 17.68 17.93 19.27 21.61 22.78 23.45 25.03 28.07 29.23 30.38 31.25 32.75 33.00 35.29 35.64 34.36 33.68 34.09 31.94 30.78 29.85 29.43 26.75 25.60 24.85 25.42 23.86 23.89 24.87 26.67 26.07 27.96 28.45 30.85 29.77 29.63 28.76 30.93 30.14 30.69 29.21 30.31 28.33 29.64 27.99 28.87 27.75 29.84 28.68 29.91 29.06 31.10 31.11 30.92 30.64 30.30 29.12 30.01 29.98 30.23 30.37 31.30 30.78 31.97 31.42 31.81 30.77 32.15 30.23 31.99 30.97 32.98 31.06 30.83 29.65 31.06 29.07 29.09 28.88 29.54 27.59 28.55 28.99 28.92 28.04 30.43 30.27 30.66 29.55 29.23 27.18 26.65 25.33 25.53 24.56 25.67 25.52 26.41 26.37 27.14 26.56 26.82 27.95 28.53 27.21 27.20 27.74 28.17 27.72 26.25 26.35 26.76 26.92 25.66 25.62 24.96 25.89 25.26 25.98 26.32 27.21 27.56 28.68 30.53 30.62 33.32 34.41 35.66 35.60 36.56 35.67 34.84 33.74 34.23 34.59 33.86 32.02 33.44 34.23 34.35 33.83 33.55 34.07 35.24 35.70 35.29 38.47 
7.39 6.22 4.44 0.30 5.99 7.38 7.39 7.54 9.41 11.88 12.02 12.56 14.06 15.69 16.54 18.31 20.40 21.49 22.60 24.27 26.87 27.90 29.25 29.99 31.10 31.71 33.78 33.95 32.29 31.89 31.98 30.21 28.90 28.52 27.66 25.39 24.10 23.38 23.63 22.17 22.01 22.92 24.53 24.04 25.96 26.26 28.35 27.62 27.32 26.84 28.64 28.30 28.69 27.67 28.41 26.95 28.02 26.79 27.25 26.75 28.52 27.75 28.45 28.27 29.93 30.31 29.61 30.05 29.57 28.59 28.84 29.36 29.39 29.81 30.25 30.24 31.23 30.77 30.58 29.92 31.37 29.66 30.80 30.32 32.14 30.46 29.65 28.91 30.24 28.52 27.98 28.49 28.90 27.12 27.56 28.61 28.52 27.67 29.53 29.77 30.02 29.06 28.46 26.68 26.32 24.79 24.51 23.95 24.83 24.70 25.26 25.51 26.07 25.92 25.64 27.08 27.30 26.55 26.16 27.18 27.32 26.88 25.02 25.40 25.57 25.63 24.17 24.81 24.19 24.84 23.86 24.85 25.14 25.93 25.79 27.42 29.10 29.36 31.35 32.76 33.93 34.07 34.29 33.90 33.00 32.31 32.41 33.08 31.86 30.63 31.34 32.86 32.57 31.42 31.21 30.50 35.18 33.44 33.38 36.97 
8.46 7.48 7.04 5.99 0.45 5.65 6.86 6.37 7.15 7.96 10.08 10.47 11.60 12.83 14.08 15.06 17.11 18.86 19.83 22.10 24.88 26.43 27.51 28.40 29.89 30.42 31.93 31.93 30.55 30.02 30.34 28.09 27.62 27.02 26.59 23.30 22.56 21.95 22.78 20.73 20.61 21.78 24.12 22.73 24.39 24.55 27.51 25.61 25.45 24.68 27.71 26.58 27.52 26.01 27.80 25.54 27.21 25.47 26.73 25.63 28.21 27.00 28.13 27.41 29.61 29.56 29.28 29.43 29.45 27.80 28.24 28.51 28.86 29.15 29.85 29.68 31.03 30.27 29.64 29.06 31.03 28.93 29.90 29.12 31.46 29.43 28.51 27.52 29.79 27.35 27.10 27.19 28.17 25.83 26.43 27.59 27.97 26.90 29.07 29.38 29.64 28.52 28.25 26.04 25.84 23.95 24.21 23.05 23.88 23.69 24.69 24.46 24.91 24.57 25.32 26.53 26.92 25.51 25.73 26.04 25.98 25.15 23.91 24.04 23.76 23.74 22.82 23.04 22.44 23.38 23.27 24.02 23.95 25.26 25.63 26.72 28.12 28.59 31.37 32.83 33.65 34.10 34.77 34.00 33.49 32.51 33.14 33.39 31.73 30.82 32.64 33.27 31.98 32.85 34.86 35.50 33.81 33.50 35.11 41.66 
10.63 9.74 7.80 7.38 5.65 0.36 6.52 7.45 6.63 8.48 8.89 10.73 11.57 12.84 13.36 15.48 16.51 18.86 19.62 21.79 24.35 26.39 27.19 28.21 29.48 30.25 31.67 31.89 30.23 29.86 30.03 28.02 27.29 27.09 26.27 23.39 22.30 21.95 22.53 20.98 20.48 22.30 23.92 23.43 24.41 25.27 27.53 26.10 25.17 25.14 27.57 26.99 27.34 26.34 27.71 25.74 27.00 25.72 26.58 26.04 28.16 27.23 28.21 27.55 29.65 30.00 29.27 29.71 29.54 28.17 28.26 28.91 29.28 29.71 30.11 30.17 31.49 30.92 30.24 29.65 31.47 29.36 30.51 29.99 31.99 30.01 28.80 27.93 29.93 27.70 27.12 27.39 28.15 25.95 26.60 27.70 27.91 27.08 29.28 29.61 29.73 28.75 28.21 26.04 25.61 24.05 23.77 23.02 23.81 23.70 24.63 24.51 25.05 24.65 25.09 26.60 26.86 25.44 25.41 25.76 25.48 24.93 23.47 23.66 23.58 23.68 22.75 23.06 22.49 23.57 23.31 24.34 24.23 25.75 25.82 27.31 28.74 29.02 32.00 33.52 34.55 34.71 35.36 34.93 34.04 33.18 33.25 34.29 32.63 31.65 32.66 34.54 32.43 32.50 33.91 34.22 33.74 34.08 34.85 39.70 
11.78 10.96 8.77 7.39 6.86 6.52 0.95 5.94 7.01 7.34 7.48 8.54 10.48 11.19 11.20 12.35 14.64 15.23 16.25 18.70 22.04 23.67 25.26 26.44 27.92 28.68 30.46 30.66 28.98 28.64 29.04 26.93 26.51 26.00 25.63 22.41 21.84 21.10 21.80 19.89 20.14 21.27 23.28 22.21 24.19 24.31 27.23 25.18 24.85 23.94 27.25 25.96 26.75 25.22 27.10 24.56 26.06 24.35 25.68 24.63 27.18 25.85 27.10 26.09 28.40 28.52 28.30 28.37 28.66 26.90 27.46 27.64 28.26 28.37 29.27 28.99 30.74 29.90 29.71 28.79 30.67 28.47 30.27 29.33 31.48 29.29 28.70 27.42 29.44 26.77 26.85 26.58 27.36 24.88 25.93 26.73 26.84 25.76 28.42 28.40 28.81 27.74 27.68 25.09 25.02 22.96 23.21 21.99 23.02 22.50 23.84 23.80 24.52 23.76 24.33 25.66 26.37 24.56 24.74 24.68 25.00 24.32 22.72 22.02 22.64 22.79 21.85 21.76 21.65 22.82 22.49 23.24 23.44 24.69 24.92 26.18 27.77 28.12 30.96 32.65 33.88 33.97 34.84 34.11 33.72 32.38 32.69 33.12 32.16 29.96 31.41 33.08 32.92 33.25 33.23 34.38 33.27 34.26 33.93 38.68 
12.07 11.64 9.76 7.54 6.37 7.45 5.94 0.05 5.41 7.50 6.40 7.41 8.17 9.88 10.38 11.93 12.76 13.80 14.32 17.01 19.89 21.71 22.78 24.02 25.14 26.18 27.43 27.96 25.56 25.73 25.75 24.24 23.32 23.37 22.51 20.00 19.28 18.80 19.22 17.81 17.67 19.22 20.92 20.49 21.80 22.76 24.72 23.63 22.17 22.58 24.63 24.50 23.98 23.84 24.63 23.25 23.78 23.25 23.39 23.72 25.16 25.02 25.23 25.37 26.79 27.87 26.70 27.80 27.23 26.33 25.92 27.05 26.91 27.86 27.95 28.47 29.24 29.01 28.08 27.74 29.07 27.54 28.53 28.23 29.66 28.27 27.01 26.22 27.63 25.98 25.07 25.78 25.77 24.06 24.28 25.78 25.36 25.00 26.72 27.49 27.29 26.71 25.80 23.92 23.20 21.84 21.37 21.02 21.17 21.16 22.02 22.58 22.57 22.69 22.68 24.51 24.29 23.34 22.88 23.35 23.04 22.68 20.54 19.94 20.24 20.24 19.46 19.65 19.74 20.95 20.55 21.71 21.93 23.48 23.06 25.21 26.44 27.26 29.41 31.38 32.24 32.99 32.90 32.81 31.47 31.21 30.59 31.97 29.85 28.96 29.37 32.42 30.57 30.88 31.35 32.28 31.89 31.22 32.48 36.88 
13.03 12.39 11.09 9.41 7.15 6.63 7.01 5.41 0.06 5.30 6.48 6.25 7.07 7.67 9.49 10.30 11.33 12.05 13.57 14.51 17.32 19.81 21.03 22.02 23.35 24.31 25.40 25.96 24.01 23.47 24.03 22.34 22.62 22.36 22.15 19.42 18.91 18.41 19.15 17.67 17.63 19.28 21.49 20.70 22.27 22.85 25.10 23.18 22.36 21.68 24.43 23.41 23.91 22.69 24.35 22.05 23.54 22.01 23.03 22.58 25.21 24.32 25.22 24.74 27.04 27.55 27.19 27.83 28.08 26.43 26.70 27.07 27.67 28.03 28.76 28.53 29.87 28.90 27.93 27.29 29.25 27.25 28.36 27.53 29.43 27.75 26.85 25.81 27.95 25.82 25.52 25.59 26.17 24.17 24.48 25.73 26.01 25.31 27.19 27.64 27.75 26.56 26.05 23.79 23.52 21.60 21.63 20.73 21.30 20.89 22.05 22.31 22.58 22.60 23.16 24.63 24.62 23.37 23.14 23.29 22.66 22.20 20.39 19.90 19.54 19.16 18.69 19.16 19.02 20.08 19.86 20.85 21.49 23.06 23.04 24.46 25.99 26.79 29.42 31.13 31.99 32.28 32.91 32.14 31.56 30.58 30.87 31.34 30.16 28.00 29.44 30.17 30.00 29.86 31.33 33.11 32.77 32.00 32.41 35.77 
14.28 14.00 12.56 11.88 7.96 8.48 7.34 7.50 5.30 0.00 5.37 7.33 6.71 6.99 8.13 9.96 10.87 11.61 12.87 14.34 16.36 18.81 20.86 21.50 23.00 23.85 25.37 25.92 23.47 23.47 23.87 22.92 22.85 23.31 22.56 20.68 19.56 19.68 20.02 19.01 18.48 20.65 22.68 22.27 23.54 24.31 26.10 24.75 23.55 23.07 25.17 24.62 25.04 23.95 24.99 23.09 24.25 23.20 23.71 23.52 25.74 25.17 25.95 25.53 27.51 28.47 27.69 28.60 28.44 27.36 27.04 28.03 28.21 28.99 29.03 29.31 30.40 29.80 28.58 28.29 29.89 28.12 29.03 28.66 30.27 28.62 27.40 26.64 28.49 26.51 25.82 26.10 26.46 24.57 24.87 26.29 26.48 25.85 27.60 28.03 27.92 26.96 26.22 24.08 23.65 22.06 22.05 21.01 21.39 21.47 22.65 22.76 23.11 23.18 23.91 25.32 25.09 24.00 23.73 23.61 22.77 22.38 20.83 20.14 19.72 19.89 19.50 19.84 19.35 20.72 20.62 21.68 22.09 23.69 23.64 25.39 26.78 27.57 30.13 32.16 32.81 33.31 33.45 33.40 32.09 31.72 31.28 32.56 30.76 29.16 30.00 32.15 30.14 30.01 31.81 32.82 33.33 32.05 33.93 34.43 
15.26 14.47 12.52 12.02 10.08 8.89 7.48 6.40 6.48 5.37 0.06 5.42 6.75 6.43 6.79 7.44 10.02 9.13 11.06 11.77 14.33 14.94 17.30 19.16 20.73 21.66 23.12 24.04 21.45 21.88 22.78 21.27 21.47 21.81 21.57 19.07 18.31 18.02 18.85 17.62 17.58 19.37 21.53 21.17 23.04 23.42 25.65 23.96 23.12 22.14 24.69 23.62 24.35 22.77 24.25 21.53 22.97 21.43 22.57 21.72 24.19 23.30 24.60 23.73 25.79 26.42 26.16 26.49 26.69 25.05 25.39 25.72 26.42 26.57 27.20 27.16 28.89 27.85 27.06 26.39 28.24 26.36 27.57 26.95 28.83 26.88 25.96 25.02 27.02 24.59 24.25 24.18 24.60 22.29 23.02 24.16 24.21 23.46 25.59 25.74 25.73 24.74 24.60 22.05 21.73 20.07 20.63 19.23 19.64 19.67 21.73 21.43 21.34 21.50 22.45 23.58 23.33 22.26 22.38 21.69 21.05 20.87 19.41 17.83 17.97 18.41 18.14 18.00 17.71 19.27 19.24 20.47 20.70 22.37 22.28 23.64 25.01 25.75 28.62 30.41 31.37 31.45 32.02 31.42 30.90 29.83 29.81 30.52 29.65 27.29 28.50 29.91 29.44 29.10 30.25 32.69 32.08 32.29 32.99 33.54 
15.86 15.35 13.61 12.56 10.47 10.73 8.54 7.41 6.25 7.33 5.42 0.00 5.62 7.36 6.31 6.68 7.95 9.21 9.38 10.60 12.52 13.96 14.97 16.92 18.71 19.95 21.32 22.27 19.07 19.78 20.39 19.30 19.18 20.43 19.69 18.15 16.81 17.23 17.62 17.05 16.45 18.73 20.82 20.36 22.24 22.78 24.93 23.44 22.13 21.56 23.92 23.08 23.06 22.21 23.42 21.37 22.43 21.17 21.70 21.69 23.77 23.37 24.06 23.74 25.46 26.63 25.78 26.75 26.56 25.32 25.05 25.80 26.20 26.77 27.14 27.21 28.68 27.58 26.72 25.96 27.83 25.75 26.84 26.25 28.05 26.18 25.10 24.15 26.05 23.95 23.33 23.58 23.92 21.94 22.34 23.59 23.64 22.84 24.75 25.16 25.41 24.27 23.72 21.30 21.11 19.24 19.40 18.53 18.68 18.60 20.34 20.51 20.44 20.74 21.63 22.88 22.63 21.95 21.58 21.31 20.34 20.24 17.84 16.22 16.52 16.66 15.97 15.98 16.43 18.04 17.98 19.52 20.13 21.55 21.45 23.15 24.51 25.36 27.84 29.74 30.61 31.26 31.15 30.88 29.52 29.15 28.57 29.76 28.20 26.48 27.24 29.29 27.68 27.61 29.13 30.83 31.72 31.75 31.95 32.69 
18.26 18.00 15.82 14.06 11.60 11.57 10.48 8.17 7.07 6.71 6.75 5.62 0.00 5.78 7.00 6.46 7.06 8.21 9.82 10.58 12.31 14.23 15.49 16.92 18.55 20.73 21.96 23.12 21.06 21.15 21.58 20.50 20.76 20.93 20.67 18.52 18.10 17.82 18.82 18.03 17.95 20.12 22.61 22.15 23.67 24.63 26.87 25.26 24.14 23.69 26.06 24.99 25.07 23.89 25.47 23.05 24.33 22.78 23.53 23.17 25.63 25.17 25.95 25.78 27.88 28.72 28.20 28.93 28.85 27.46 27.44 27.93 28.41 28.95 29.70 29.51 30.60 29.50 28.53 27.78 29.52 27.41 28.35 27.72 29.62 27.79 26.73 25.82 28.00 25.77 25.08 25.28 25.92 23.91 24.24 25.33 25.60 24.84 26.65 27.30 27.76 26.54 25.73 23.53 23.26 21.31 21.30 20.42 21.12 20.92 22.02 22.20 22.52 22.70 23.36 24.90 24.85 24.05 23.81 23.74 23.05 22.31 20.27 19.15 18.97 18.27 17.56 17.49 17.79 18.98 18.68 20.24 20.93 22.79 22.64 24.39 25.98 26.93 29.56 31.29 32.04 32.59 32.96 32.01 31.21 30.23 30.32 30.98 29.50 27.30 28.80 30.14 29.60 29.15 30.65 33.55 32.75 33.13 32.66 34.77 
20.51 19.62 17.68 15.69 12.83 12.84 11.19 9.88 7.67 6.99 6.43 7.36 5.78 0.00 5.47 7.31 6.41 6.75 8.00 9.68 11.00 12.67 14.43 16.42 17.44 19.40 21.39 22.80 20.06 20.66 20.98 20.18 20.17 21.09 20.26 18.87 17.60 18.11 18.73 18.36 17.94 20.15 22.55 22.37 24.33 25.07 27.11 26.12 25.37 24.56 26.32 25.96 26.25 24.92 25.52 23.56 24.85 23.42 23.48 23.47 25.88 25.33 26.21 26.02 28.11 28.94 28.37 29.20 29.04 27.81 27.77 28.38 28.79 29.30 29.81 29.75 30.85 29.52 28.58 27.99 29.84 27.52 28.51 28.06 30.09 27.89 26.60 25.78 28.05 25.65 24.88 25.24 25.88 23.77 23.92 25.22 25.67 24.63 26.33 26.81 27.30 25.97 25.27 22.85 22.60 21.12 21.15 20.19 20.90 21.19 22.56 22.36 22.66 22.95 23.95 25.45 25.37 24.39 24.47 24.34 23.23 22.78 20.75 19.75 19.12 18.71 18.11 17.87 17.52 18.92 18.77 20.11 20.84 22.61 22.81 24.52 26.33 27.12 29.81 31.58 32.69 33.04 33.16 32.70 31.40 30.81 30.38 31.41 29.80 27.94 29.05 31.03 29.33 29.01 31.04 32.82 33.90 32.97 33.50 34.06 
20.88 20.35 17.93 16.54 14.08 13.36 11.20 10.38 9.49 8.13 6.79 6.31 7.00 5.47 0.00 5.44 6.78 6.12 7.14 7.69 9.83 10.45 12.19 13.62 14.50 15.92 17.74 18.85 16.82 17.80 19.07 17.78 17.93 18.31 18.05 15.95 15.32 15.37 16.55 15.94 16.38 18.18 20.34 20.40 22.77 23.40 25.46 24.63 24.27 23.19 24.99 24.39 25.38 23.36 23.96 21.41 23.13 21.08 21.54 21.00 23.47 22.96 23.90 23.72 25.43 26.34 26.18 26.86 26.56 25.37 25.68 26.15 26.63 26.95 27.52 27.52 28.82 27.60 26.44 25.88 27.70 25.50 26.14 25.82 27.75 25.67 24.14 23.55 25.61 23.17 22.27 22.74 23.28 21.10 21.22 22.71 22.81 22.01 23.64 23.96 24.22 23.32 23.09 20.47 20.10 18.64 19.10 17.98 18.42 18.92 21.03 20.65 20.30 21.10 22.29 23.66 23.28 22.81 22.84 22.54 21.64 21.28 19.50 17.86 17.72 17.60 16.90 15.71 15.76 16.92 16.96 18.39 18.91 20.76 20.73 22.67 24.20 25.01 27.43 29.55 30.63 30.96 31.13 30.38 29.79 28.77 28.49 29.36 28.40 26.12 27.09 28.75 28.40 28.03 29.20 31.57 30.90 32.32 31.76 32.28 
22.22 20.97 19.27 18.31 15.06 15.48 12.35 11.93 10.30 9.96 7.44 6.68 6.46 7.31 5.44 0.00 5.88 7.32 6.10 6.83 7.84 9.41 10.18 11.88 12.83 14.48 15.92 17.00 14.40 16.11 16.87 16.09 16.40 17.36 16.40 15.29 14.01 14.70 15.56 15.53 15.55 17.81 19.96 19.85 22.26 22.99 25.27 24.49 23.49 22.80 24.70 24.39 24.37 23.15 23.51 21.53 22.60 21.05 21.05 20.97 23.31 22.88 23.58 23.46 25.28 26.45 25.89 27.03 26.61 25.56 25.52 26.22 26.69 27.28 27.52 27.62 28.75 27.46 26.21 25.43 27.22 24.84 25.46 24.92 26.83 24.51 23.11 22.35 24.43 22.08 21.30 21.85 22.42 20.31 20.53 22.02 22.23 21.27 22.80 23.26 23.68 22.64 21.82 19.37 19.40 17.46 17.65 16.83 17.39 17.43 19.46 19.64 19.60 20.37 21.59 23.25 22.84 22.58 22.48 22.46 21.41 21.18 18.55 17.41 16.86 16.62 15.14 13.60 14.39 15.77 15.53 17.16 18.29 20.02 20.04 21.86 23.62 24.49 26.83 28.87 29.97 30.56 30.44 29.95 28.75 28.29 27.66 28.65 26.99 25.23 26.49 28.20 26.60 26.50 28.59 29.40 30.39 30.44 31.62 31.57 
24.58 23.96 21.61 20.40 17.11 16.51 14.64 12.76 11.33 10.87 10.02 7.95 7.06 6.41 6.78 5.88 0.00 5.78 7.02 6.68 6.90 8.68 10.45 11.78 12.36 14.42 16.61 17.47 15.60 16.79 17.96 16.99 17.97 17.67 17.68 15.53 15.48 15.11 16.46 16.25 16.81 19.15 21.73 21.62 23.61 24.60 26.96 25.88 24.94 24.49 26.83 26.03 26.11 24.60 25.78 23.19 24.23 22.45 23.10 22.62 25.21 24.70 25.45 25.32 27.44 28.44 28.04 28.89 28.87 27.65 27.76 28.19 28.81 29.15 29.72 29.43 30.48 29.07 27.83 26.94 28.53 26.05 26.91 26.19 27.93 25.79 24.31 23.72 25.93 23.51 22.77 23.32 23.99 21.87 22.17 23.49 23.66 22.65 24.45 25.00 25.52 23.96 23.27 21.07 21.22 19.11 19.32 18.57 19.88 19.69 20.88 21.28 21.63 22.23 23.15 25.12 24.99 24.40 24.47 24.79 24.06 23.31 21.52 20.49 20.19 19.14 17.96 16.85 16.75 17.74 17.41 18.71 20.16 21.63 21.35 23.07 24.75 25.80 28.44 30.41 31.45 32.00 32.34 31.42 30.64 30.02 29.78 30.14 28.71 26.85 28.58 29.25 28.46 28.44 30.50 31.05 31.23 31.78 32.59 33.81 
25.59 25.02 22.78 21.49 18.86 18.86 15.23 13.80 12.05 11.61 9.13 9.21 8.21 6.75 6.12 7.32 5.78 0.00 5.44 7.17 6.62 7.33 8.18 10.20 11.38 12.51 15.25 16.07 13.47 14.97 16.30 16.27 16.55 16.83 16.35 15.33 13.31 14.53 15.25 15.93 16.07 18.59 20.97 21.22 23.34 24.22 26.38 25.91 25.53 24.78 26.58 26.51 26.54 25.23 25.46 23.35 24.35 22.91 22.88 22.88 25.09 24.79 25.57 25.63 27.57 28.77 28.26 29.21 28.73 27.86 27.96 28.54 29.02 29.66 29.97 29.76 30.71 29.25 28.01 27.16 28.79 26.40 27.16 26.21 28.16 25.73 24.20 23.42 25.63 23.13 22.35 22.79 23.54 21.52 21.71 23.14 23.40 22.53 24.34 24.73 24.98 23.87 23.10 20.55 20.49 19.01 18.96 18.27 19.34 20.06 21.30 21.12 21.37 22.06 23.43 25.34 25.15 24.41 24.68 24.95 24.08 23.43 21.56 21.27 20.19 19.46 18.20 17.47 16.86 17.60 17.38 18.75 19.49 21.22 21.33 23.16 24.91 25.91 28.52 30.52 31.60 32.24 32.45 31.92 30.60 30.13 29.64 30.49 28.49 26.77 28.35 29.72 27.62 27.63 30.35 30.07 30.96 31.52 33.63 33.92 
26.01 25.38 23.45 22.60 19.83 19.62 16.25 14.32 13.57 12.87 11.06 9.38 9.82 8.00 7.14 6.10 7.02 5.44 0.00 5.31 7.08 6.51 7.17 8.16 9.87 10.81 12.83 12.92 11.00 12.53 14.09 13.64 14.27 14.36 14.44 11.98 10.43 11.48 12.97 12.69 13.98 16.58 18.56 19.04 21.39 22.27 24.46 24.17 24.03 23.06 24.82 24.72 25.63 23.45 23.88 21.57 23.16 20.99 21.38 20.92 23.37 22.89 23.89 23.80 25.56 26.66 26.66 27.33 26.78 25.92 26.38 26.76 27.18 27.72 28.27 27.94 29.10 27.69 26.36 25.39 27.24 24.80 25.04 24.37 26.39 24.04 22.27 21.44 23.69 21.13 20.23 20.79 21.48 19.39 19.67 20.99 21.13 20.55 22.86 22.70 22.88 22.07 21.90 18.91 18.91 17.47 17.87 17.04 17.94 18.66 20.71 20.23 19.84 20.80 22.24 23.92 23.61 23.30 23.51 23.90 23.18 22.80 21.00 20.36 19.55 19.17 17.76 16.24 15.61 16.50 16.21 17.44 17.95 19.67 19.71 21.51 23.17 24.07 26.98 28.88 29.83 30.31 30.50 29.54 28.58 27.91 27.74 28.38 26.80 25.12 26.67 27.49 26.46 26.47 28.44 29.24 29.06 30.92 32.00 31.69 
27.57 26.47 25.03 24.27 22.10 21.79 18.70 17.01 14.51 14.34 11.77 10.60 10.58 9.68 7.69 6.83 6.68 7.17 5.31 0.00 6.31 7.36 6.21 7.46 8.98 10.24 11.78 12.47 10.38 11.62 13.11 12.87 13.87 14.27 13.77 12.36 10.52 11.98 12.89 13.33 13.73 16.71 19.01 19.31 21.41 22.38 24.67 24.32 23.97 23.21 24.95 25.21 25.41 24.07 24.11 22.22 23.27 21.74 21.86 21.82 23.97 23.61 24.48 24.44 26.33 27.60 27.20 27.97 27.48 26.48 26.96 27.26 27.97 28.42 29.00 28.57 29.70 28.29 26.91 25.92 27.52 24.94 25.26 24.54 26.34 23.97 22.24 21.58 23.63 21.15 20.31 20.79 21.74 19.69 20.04 21.41 21.85 21.04 23.00 23.18 23.56 22.84 21.98 19.07 19.24 17.85 17.72 17.33 18.17 18.81 20.45 20.41 20.23 21.21 22.39 24.22 24.04 23.90 23.93 24.57 23.71 23.58 21.17 20.96 20.09 19.77 17.99 16.66 16.23 17.20 16.57 18.13 18.82 20.19 19.99 21.99 23.95 24.59 27.19 29.24 30.40 30.88 30.89 30.28 28.98 28.55 28.01 29.11 27.15 25.66 26.91 28.10 25.80 26.16 28.60 28.66 29.71 30.60 32.41 32.18 
30.67 29.97 28.07 26.87 24.88 24.35 22.04 19.89 17.32 16.36 14.33 12.52 12.31 11.00 9.83 7.84 6.90 6.62 7.08 6.31 0.00 6.51 7.69 7.58 8.23 10.30 12.89 13.97 12.16 13.36 14.85 15.32 16.84 16.98 16.37 14.61 14.11 13.98 14.76 15.09 16.06 18.49 21.25 21.30 23.06 24.27 26.42 25.84 25.55 25.13 27.16 27.01 27.36 25.99 26.76 24.48 25.51 23.99 24.59 24.22 26.36 26.11 26.87 27.01 29.17 30.11 29.77 30.58 30.19 29.21 29.46 30.09 30.56 31.10 31.41 31.12 31.98 30.70 29.27 28.15 29.42 27.10 27.52 26.83 28.18 25.96 24.25 23.53 25.56 23.31 22.42 23.23 24.14 22.11 22.35 23.97 24.32 23.51 25.15 26.10 26.64 25.38 24.24 22.23 22.17 20.62 20.24 19.85 21.16 21.69 22.64 22.69 23.10 23.76 24.68 26.63 26.53 26.33 26.41 27.25 26.50 26.19 24.11 23.99 23.22 22.38 20.60 19.99 19.39 19.93 19.10 20.58 21.26 22.58 22.18 24.32 26.63 27.05 29.84 31.69 32.65 33.29 33.27 32.60 31.74 31.04 30.69 31.32 29.50 28.01 29.64 30.18 28.65 28.91 31.34 32.51 31.90 32.90 34.49 35.44 
31.80 30.98 29.23 27.90 26.43 26.39 23.67 21.71 19.81 18.81 14.94 13.96 14.23 12.67 10.45 9.41 8.68 7.33 6.51 7.36 6.51 0.00 6.01 7.81 7.09 8.21 10.90 12.22 10.47 11.70 13.50 14.91 16.32 17.31 16.56 15.53 12.34 14.09 14.25 15.09 15.83 19.03 21.05 21.65 23.49 24.64 26.62 26.30 26.16 25.58 27.44 27.38 27.49 26.45 26.82 24.87 25.77 24.35 24.68 24.53 26.69 26.20 27.16 27.13 29.22 30.20 29.86 30.46 30.09 28.92 29.58 29.79 30.66 30.88 31.54 30.85 32.04 30.51 29.34 28.12 29.63 27.20 27.76 26.69 28.31 25.84 24.31 23.42 25.31 22.83 22.31 22.87 23.74 21.70 22.37 23.71 24.27 23.60 25.90 26.35 26.64 25.93 24.91 22.38 21.89 21.01 20.83 20.35 21.08 22.17 23.11 23.12 22.99 23.96 25.08 26.90 26.90 26.50 26.67 27.54 26.83 26.64 24.28 24.38 23.56 23.02 21.22 20.77 19.72 20.22 19.75 21.26 21.79 23.09 23.20 24.92 26.96 27.63 30.65 32.30 33.40 33.86 34.31 33.54 32.16 31.43 31.02 32.11 29.98 28.45 29.79 30.91 28.34 28.68 31.19 31.36 31.97 32.79 34.70 34.42 
32.65 32.04 30.38 29.25 27.51 27.19 25.26 22.78 21.03 20.86 17.30 14.97 15.49 14.43 12.19 10.18 10.45 8.18 7.17 6.21 7.69 6.01 0.00 6.43 7.24 6.90 9.02 10.64 8.92 10.60 12.00 12.63 14.19 15.41 16.27 12.80 9.44 11.73 13.63 13.25 14.16 17.33 19.94 20.29 22.28 23.35 25.62 25.52 25.34 24.79 26.56 26.57 27.09 25.51 25.96 23.95 25.28 23.40 23.69 23.36 25.77 25.42 26.08 26.07 27.69 28.89 28.66 29.32 28.64 27.85 28.41 28.93 29.23 29.76 30.24 29.90 30.91 29.45 28.14 27.08 28.60 26.03 26.36 25.48 27.17 24.72 23.09 22.23 24.03 21.65 21.21 21.91 22.33 20.57 21.16 22.60 22.52 22.52 25.03 25.45 25.55 25.03 24.60 21.90 21.31 20.62 20.76 19.97 20.63 21.69 23.19 22.78 22.30 23.26 24.41 26.45 26.24 26.02 25.92 26.99 26.65 26.34 24.18 24.17 23.38 23.10 21.19 20.43 19.26 20.14 19.55 20.89 21.02 22.78 22.81 24.60 26.23 27.19 30.22 31.87 32.44 33.33 33.56 32.68 31.42 30.64 30.30 31.03 29.22 27.86 29.37 29.84 28.36 28.53 30.51 31.45 31.01 32.81 34.65 33.31 
33.83 32.90 31.25 29.99 28.40 28.21 26.44 24.02 22.02 21.50 19.16 16.92 16.92 16.42 13.62 11.88 11.78 10.20 8.16 7.46 7.58 7.81 6.43 0.00 6.49 7.81 7.93 9.54 9.68 10.68 12.63 14.02 15.97 16.93 16.65 15.90 12.77 13.59 14.48 14.93 15.13 18.53 20.78 21.22 23.21 24.44 26.59 26.47 26.43 25.97 27.38 27.26 27.79 26.57 26.87 24.76 26.02 24.43 24.64 24.11 26.58 26.15 26.99 26.50 28.36 29.51 29.25 29.86 29.09 28.15 28.86 29.21 29.76 30.02 30.83 30.15 31.27 29.71 28.64 27.61 29.02 26.26 26.71 25.85 27.43 24.80 23.32 22.73 24.73 22.08 21.44 22.11 23.05 21.10 21.89 23.38 24.03 23.64 26.02 26.52 26.76 26.38 25.42 22.90 22.41 21.67 21.48 21.15 21.64 22.64 23.54 23.32 23.08 23.84 24.98 27.04 27.02 26.75 26.67 27.80 27.35 27.24 24.78 24.85 23.93 23.68 21.99 21.46 20.56 21.37 20.81 22.33 22.61 23.93 23.98 25.51 27.26 28.03 30.79 32.53 33.35 33.97 34.14 33.51 32.26 31.58 31.01 32.14 30.23 28.86 29.94 31.18 28.84 29.07 30.75 31.30 31.44 32.50 34.24 33.20 
35.06 34.35 32.75 31.10 29.89 29.48 27.92 25.14 23.35 23.00 20.73 18.71 18.55 17.44 14.50 12.83 12.36 11.38 9.87 8.98 8.23 7.09 7.24 6.49 0.00 6.15 7.68 9.02 9.88 12.21 13.75 15.24 17.58 18.39 17.83 16.62 15.21 15.07 15.44 15.61 15.86 19.12 22.04 22.47 24.25 25.82 27.99 27.87 27.67 27.04 28.27 28.45 29.10 27.72 28.12 25.85 26.89 25.28 25.77 25.21 27.55 27.04 27.78 27.37 28.99 30.06 30.07 30.57 30.02 29.15 29.71 30.30 30.64 31.16 31.71 31.29 32.23 30.87 29.65 28.54 29.67 27.21 27.78 26.77 28.11 25.67 24.11 23.43 25.48 22.93 21.95 22.94 23.93 22.18 22.45 24.83 25.56 24.99 26.85 27.75 28.59 27.33 26.24 24.23 24.05 22.96 22.83 22.34 23.28 24.04 25.01 24.50 24.47 25.25 26.20 28.27 28.21 27.92 28.14 29.00 28.81 28.50 26.39 26.44 25.35 24.97 23.40 22.85 21.80 22.55 22.05 23.71 24.02 25.54 25.27 26.95 28.46 29.30 31.81 33.64 34.70 35.04 35.04 34.55 33.81 32.99 32.32 33.13 31.74 30.18 31.59 32.02 30.74 30.86 32.47 33.22 33.18 33.24 34.55 35.28 
35.48 34.68 33.00 31.71 30.42 30.25 28.68 26.18 24.31 23.85 21.66 19.95 20.73 19.40 15.92 14.48 14.42 12.51 10.81 10.24 10.30 8.21 6.90 7.81 6.15 0.00 5.73 7.77 8.34 9.85 12.69 14.12 17.05 17.69 17.35 15.96 13.37 14.51 14.79 14.94 15.29 18.50 22.05 22.49 24.76 26.35 28.54 28.55 28.57 28.22 29.32 29.46 29.66 28.54 28.64 26.05 26.90 25.23 25.57 25.19 27.16 26.39 27.05 26.47 28.07 29.14 28.73 29.50 28.77 27.93 28.55 28.97 29.56 30.18 30.75 30.13 31.16 29.84 28.82 27.79 29.22 26.71 27.12 26.04 27.37 25.08 23.37 22.40 24.03 21.74 20.97 21.81 22.26 20.88 21.52 23.57 24.52 24.50 26.47 27.47 27.96 27.74 26.33 24.02 23.29 22.59 22.35 21.58 22.05 23.08 23.70 23.55 23.43 24.29 25.33 27.52 27.55 27.47 27.55 28.86 28.47 28.58 26.10 26.20 25.09 24.75 23.39 22.91 21.64 22.42 22.20 23.72 24.07 25.40 25.61 27.10 28.66 29.66 32.51 34.31 34.88 35.78 35.95 35.40 34.08 33.46 32.82 33.94 31.98 30.50 31.45 32.76 30.38 30.83 32.40 32.75 32.58 33.55 35.09 34.53 
37.07 36.66 35.29 33.78 31.93 31.67 30.46 27.43 25.40 25.37 23.12 21.32 21.96 21.39 17.74 15.92 16.61 15.25 12.83 11.78 12.89 10.90 9.02 7.93 7.68 5.73 0.00 6.52 7.56 9.41 11.72 13.93 17.21 18.05 18.43 16.64 14.07 14.65 16.28 16.52 16.82 20.27 23.28 24.10 26.45 27.77 30.23 30.37 30.64 29.88 31.32 31.06 31.42 29.76 29.92 27.14 27.94 25.81 26.18 25.38 27.31 26.60 26.94 26.30 27.87 28.86 28.49 28.91 28.50 27.42 28.18 28.53 28.96 29.55 30.51 29.91 30.83 29.56 28.66 27.72 29.28 26.73 27.42 26.29 27.89 25.47 23.96 22.78 24.35 21.90 21.57 22.16 21.86 20.97 21.60 23.60 24.15 24.78 27.72 28.20 29.00 28.63 27.58 24.70 24.25 22.94 22.90 21.99 22.53 23.24 24.04 23.59 23.85 24.61 25.53 27.86 27.89 27.84 27.98 29.32 29.31 29.13 26.91 27.40 26.52 26.32 24.49 24.03 22.77 23.75 23.40 24.86 24.97 26.64 26.70 28.15 29.60 30.59 33.60 35.17 35.74 36.52 36.85 36.06 34.74 34.24 33.94 34.74 32.95 31.49 32.87 33.40 31.72 32.19 33.72 34.36 34.25 35.07 36.47 34.55 
37.38 36.82 35.64 33.95 31.93 31.89 30.66 27.96 25.96 25.92 24.04 22.27 23.12 22.80 18.85 17.00 17.47 16.07 12.92 12.47 13.97 12.22 10.64 9.54 9.02 7.77 6.52 0.00 6.53 8.54 9.89 12.06 15.97 16.81 17.00 16.12 13.65 14.10 15.54 16.08 17.72 20.67 23.81 24.65 27.11 28.39 30.66 30.64 30.82 30.53 31.57 31.60 31.65 30.16 29.93 26.92 27.35 25.35 25.55 24.64 26.82 26.03 26.47 25.48 26.89 28.32 27.59 28.27 27.41 26.53 27.17 27.64 28.28 28.82 29.71 29.17 30.29 28.77 27.80 26.91 28.70 25.79 26.24 25.45 26.93 24.64 22.63 21.96 23.26 21.03 19.89 20.82 20.55 20.02 20.52 22.79 24.00 24.18 26.75 27.60 28.73 28.20 26.48 23.86 23.27 21.58 20.78 20.33 21.22 22.22 22.64 22.58 22.93 23.62 24.34 26.85 27.19 27.44 27.35 28.93 28.56 28.90 26.27 26.74 25.72 25.70 23.98 23.46 22.26 22.94 22.61 23.84 24.37 25.69 26.04 27.53 29.38 30.02 32.96 34.83 35.49 36.29 36.37 35.89 34.47 33.97 33.27 34.65 32.92 31.56 32.18 33.64 31.45 31.80 32.59 33.54 34.04 34.84 35.01 33.92 
36.58 35.69 34.36 32.29 30.55 30.23 28.98 25.56 24.01 23.47 21.45 19.07 21.06 20.06 16.82 14.40 15.60 13.47 11.00 10.38 12.16 10.47 8.92 9.68 9.88 8.34 7.56 6.53 0.00 6.15 7.56 8.85 11.95 13.55 13.69 12.40 11.46 10.49 12.92 13.37 15.40 18.98 22.50 23.04 25.57 26.95 29.42 28.91 28.99 28.41 29.34 29.47 29.48 27.50 27.23 24.37 25.13 22.57 22.87 22.18 24.19 23.27 23.67 22.69 24.34 25.23 25.09 25.53 25.22 24.00 24.72 25.19 26.11 26.54 27.20 26.89 28.07 26.69 25.08 24.27 25.92 23.13 23.20 22.35 24.11 21.24 19.67 18.62 20.50 17.45 16.82 17.52 18.14 16.96 17.84 19.93 21.72 21.55 24.02 25.28 26.68 25.33 23.76 20.86 20.54 18.50 18.09 17.10 18.32 19.33 20.30 19.68 20.36 20.82 21.48 24.07 24.44 24.27 24.67 25.98 26.18 26.16 24.03 24.38 23.41 23.38 21.50 20.84 19.41 20.15 19.51 20.88 21.28 22.72 22.75 24.84 26.68 27.34 30.06 32.18 33.08 33.63 33.67 33.17 32.41 31.40 30.83 31.95 30.65 28.98 30.12 30.86 29.45 29.80 31.22 33.24 32.49 33.47 33.97 35.02 
36.20 35.17 33.68 31.89 30.02 29.86 28.64 25.73 23.47 23.47 21.88 19.78 21.15 20.66 17.80 16.11 16.79 14.97 12.53 11.62 13.36 11.70 10.60 10.68 12.21 9.85 9.41 8.54 6.15 0.00 6.23 7.56 10.60 12.05 13.33 12.42 11.14 11.15 13.62 14.45 16.22 20.15 24.00 24.25 26.16 27.70 30.14 29.54 29.82 29.39 30.77 30.75 31.07 28.86 28.50 25.34 25.65 23.31 23.43 22.49 24.14 22.92 23.11 22.13 23.80 24.71 23.90 24.29 23.88 23.01 23.25 23.62 24.68 25.43 26.09 25.55 26.99 25.49 24.19 23.25 25.14 22.40 22.93 22.03 23.29 20.93 19.04 17.66 18.74 16.82 15.74 16.42 16.10 15.90 16.45 18.39 20.03 20.65 23.74 25.05 26.11 25.87 23.71 21.36 19.21 18.06 17.38 17.09 16.76 18.63 18.48 18.58 18.76 19.83 20.11 23.19 23.35 23.55 23.64 25.39 25.48 25.54 23.46 23.75 23.09 22.96 21.57 20.88 19.32 20.18 19.77 21.03 21.50 22.92 23.55 25.28 26.97 27.79 31.07 32.75 33.72 34.28 34.86 34.19 32.86 32.29 31.61 32.90 31.43 29.71 30.49 31.87 29.89 30.11 31.39 32.61 33.64 34.33 34.09 33.63 
35.93 35.35 34.09 31.98 30.34 30.03 29.04 25.75 24.03 23.87 22.78 20.39 21.58 20.98 19.07 16.87 17.96 16.30 14.09 13.11 14.85 13.50 12.00 12.63 13.75 12.69 11.72 9.89 7.56 6.23 0.00 5.91 7.41 10.02 12.52 12.35 10.91 11.36 15.62 15.58 17.64 21.73 26.30 26.13 28.07 29.08 31.91 31.20 31.18 30.78 32.20 32.23 32.55 30.44 29.74 26.42 26.40 23.90 23.93 22.61 23.91 22.53 22.74 21.59 23.17 23.63 23.04 23.12 22.91 21.70 22.44 22.58 23.24 24.17 25.16 24.74 25.64 24.38 23.33 22.61 24.35 21.71 22.90 21.66 22.88 20.25 19.20 17.21 18.46 15.96 15.77 15.91 15.34 14.83 16.26 17.57 18.77 20.19 24.14 25.32 26.74 26.26 24.60 20.77 19.57 17.84 17.73 16.26 16.35 17.14 17.63 16.73 17.82 18.36 19.01 21.89 22.51 22.44 22.88 24.56 24.97 25.10 22.98 23.52 22.99 23.21 21.47 20.82 19.33 20.50 20.20 21.23 21.40 23.47 24.18 26.07 27.73 28.63 31.89 33.70 34.17 35.24 35.75 34.73 33.30 32.79 32.49 33.29 31.81 30.13 31.47 32.22 30.83 31.23 32.50 33.76 33.77 35.17 35.59 33.82 
34.09 33.25 31.94 30.21 28.09 28.02 26.93 24.24 22.34 22.92 21.27 19.30 20.50 20.18 17.78 16.09 16.99 16.27 13.64 12.87 15.32 14.91 12.63 14.02 15.24 14.12 13.93 12.06 8.85 7.56 5.91 0.00 5.60 7.12 9.03 9.98 10.18 10.22 13.89 15.47 17.08 21.11 25.51 26.00 28.17 29.11 31.53 30.78 30.79 30.01 31.56 31.17 31.42 29.05 28.63 25.24 25.08 22.31 22.48 20.80 22.02 20.79 21.29 20.07 21.69 22.09 21.39 21.94 21.30 20.26 20.92 21.37 21.96 22.64 23.87 23.38 24.34 22.76 21.73 21.02 23.23 20.12 21.24 20.01 21.28 18.93 17.33 15.60 16.10 13.63 13.45 12.91 12.14 12.54 13.94 15.74 16.93 18.43 22.38 23.79 24.97 24.93 22.28 19.27 18.43 16.81 15.03 14.40 13.69 15.24 14.52 13.89 14.81 16.11 16.65 19.72 20.45 20.73 21.27 22.85 23.40 23.76 21.71 22.17 21.49 21.67 20.04 19.44 17.87 18.93 18.31 19.40 19.51 21.34 21.91 23.77 25.78 26.63 29.99 31.56 32.28 33.10 33.79 32.99 31.53 31.11 30.59 31.81 30.27 28.58 29.39 30.94 29.25 29.32 30.16 31.60 32.83 33.10 33.43 32.44 
32.97 32.13 30.78 28.90 27.62 27.29 26.51 23.32 22.62 22.85 21.47 19.18 20.76 20.17 17.93 16.40 17.97 16.55 14.27 13.87 16.84 16.32 14.19 15.97 17.58 17.05 17.21 15.97 11.95 10.60 7.41 5.60 0.00 5.74 7.61 10.74 12.17 13.70 16.82 17.87 20.99 23.52 27.65 28.20 30.83 32.20 34.43 32.67 32.41 31.33 32.11 32.00 32.60 29.98 29.32 26.36 26.15 23.55 23.40 22.15 23.75 22.19 22.81 21.53 23.14 23.17 22.78 23.22 22.74 21.27 21.74 22.25 22.85 23.73 24.74 24.53 25.44 24.05 22.61 22.10 24.05 21.01 22.10 20.79 22.70 19.85 18.78 17.25 18.40 15.11 14.16 14.52 13.27 13.16 14.82 17.63 19.39 20.70 23.59 25.00 26.27 25.46 23.97 21.13 20.55 18.09 16.37 15.10 14.67 15.19 15.33 13.66 15.13 16.04 16.99 20.16 20.81 20.93 21.78 23.46 23.97 24.52 22.83 23.42 22.47 22.70 21.48 20.79 19.69 20.11 19.43 20.51 21.01 22.51 22.66 24.36 26.57 27.01 30.19 31.83 32.75 33.19 33.49 32.81 32.23 31.43 30.87 31.84 31.03 29.11 30.19 31.22 30.24 30.18 31.34 33.06 33.50 32.98 33.78 34.55 
32.09 31.33 29.85 28.52 27.02 27.09 26.00 23.37 22.36 23.31 21.81 20.43 20.93 21.09 18.31 17.36 17.67 16.83 14.36 14.27 16.98 17.31 15.41 16.93 18.39 17.69 18.05 16.81 13.55 12.05 10.02 7.12 5.74 0.00 5.54 7.63 10.43 11.98 16.14 17.46 20.39 23.70 27.18 27.60 30.60 31.76 33.68 32.13 31.93 30.61 31.72 31.25 32.20 29.73 28.81 25.59 25.98 23.56 23.24 21.72 23.23 21.81 22.25 21.08 22.75 23.14 21.92 22.54 21.83 20.80 20.89 21.09 21.89 23.34 24.15 23.62 24.44 23.74 22.34 21.61 23.64 20.85 22.59 21.04 22.26 20.31 18.94 16.98 17.42 14.67 13.42 12.30 10.52 11.16 13.13 15.03 16.21 17.82 21.43 23.34 24.38 23.73 22.56 20.77 18.09 16.36 13.96 13.05 10.99 12.78 12.35 11.65 13.10 15.11 15.86 19.51 20.11 20.21 21.06 23.33 23.43 24.21 22.01 22.97 21.91 22.27 20.81 20.18 18.83 19.84 18.88 19.42 20.06 21.90 22.62 24.12 26.26 26.92 30.28 31.93 32.62 33.54 33.74 33.07 32.07 31.57 30.92 32.00 30.64 29.09 29.94 31.40 29.71 29.83 31.29 32.40 32.68 32.71 34.10 33.91 
31.21 30.59 29.43 27.66 26.59 26.27 25.63 22.51 22.15 22.56 21.57 19.69 20.67 20.26 18.05 16.40 17.68 16.35 14.44 13.77 16.37 16.56 16.27 16.65 17.83 17.35 18.43 17.00 13.69 13.33 12.52 9.03 7.61 5.54 0.00 5.44 7.37 9.76 13.15 15.52 18.33 21.52 25.05 25.57 28.01 29.57 31.43 30.57 29.98 29.15 29.95 29.94 30.54 28.34 27.22 24.43 24.83 22.27 21.72 20.10 21.76 20.21 20.60 19.49 21.71 21.98 21.00 21.26 20.69 19.26 19.86 19.89 20.28 21.59 23.22 22.49 23.25 22.01 21.49 20.75 22.67 20.16 22.84 20.66 21.85 19.78 18.90 16.84 17.21 14.39 13.44 12.41 10.51 10.57 11.93 14.01 14.37 15.68 19.43 20.42 21.96 21.37 21.09 17.04 15.13 13.22 12.21 9.67 9.40 11.01 12.42 9.64 12.23 13.67 15.44 18.57 19.36 19.15 20.19 21.85 22.43 22.75 20.65 21.25 20.43 20.73 19.29 18.63 17.10 18.17 17.59 18.20 18.26 20.56 21.65 23.44 25.36 26.09 29.69 31.22 31.56 32.46 33.12 32.27 31.16 30.78 30.54 31.38 30.09 28.43 29.82 30.78 29.67 30.05 31.56 32.91 33.20 33.97 34.75 33.34 
28.82 28.10 26.75 25.39 23.30 23.39 22.41 20.00 19.42 20.68 19.07 18.15 18.52 18.87 15.95 15.29 15.53 15.33 11.98 12.36 14.61 15.53 12.80 15.90 16.62 15.96 16.64 16.12 12.40 12.42 12.35 9.98 10.74 7.63 5.44 0.00 5.76 7.11 10.28 12.61 16.07 18.93 22.33 23.62 26.01 27.34 29.37 28.44 28.02 26.75 28.23 27.81 28.71 26.29 25.38 21.80 22.76 19.87 19.82 18.35 20.27 18.68 19.27 18.55 20.78 21.04 20.04 20.87 19.81 18.14 18.60 19.09 19.47 20.64 21.95 21.44 22.27 20.55 19.85 19.00 21.60 18.65 21.52 19.90 21.26 18.83 18.11 15.86 16.49 13.20 12.82 12.12 9.41 9.13 10.88 11.72 12.08 12.61 16.43 17.33 19.27 18.58 17.30 13.55 12.54 11.37 8.51 7.47 8.66 11.11 10.74 9.25 11.32 13.79 14.31 17.44 18.02 18.60 19.20 20.85 21.05 21.59 19.34 20.07 19.03 19.50 17.96 17.16 15.51 16.53 15.62 16.56 16.79 18.56 19.36 21.14 23.53 23.91 27.55 28.91 29.46 30.35 31.07 30.47 29.36 29.09 28.63 29.87 28.55 27.07 27.80 29.40 27.86 28.22 29.29 30.83 31.46 32.01 32.43 32.08 
27.27 26.62 25.60 24.10 22.56 22.30 21.84 19.28 18.91 19.56 18.31 16.81 18.10 17.60 15.32 14.01 15.48 13.31 10.43 10.52 14.11 12.34 9.44 12.77 15.21 13.37 14.07 13.65 11.46 11.14 10.91 10.18 12.17 10.43 7.37 5.76 0.00 5.48 7.42 10.26 13.09 17.21 20.41 21.39 24.25 25.05 27.10 26.52 25.65 24.67 25.85 25.87 26.30 23.78 23.48 20.25 20.98 18.62 18.80 17.73 19.47 18.39 19.23 18.64 20.99 21.26 20.57 21.47 20.45 18.77 18.90 19.49 19.81 20.81 21.69 21.37 22.26 20.85 19.68 19.09 21.42 18.64 21.11 19.95 22.00 19.20 18.22 17.11 18.40 14.91 14.14 14.67 12.36 10.79 10.98 12.47 11.52 11.81 15.13 15.78 17.35 15.93 14.85 11.10 10.65 8.61 7.82 7.88 9.58 11.69 12.83 11.60 13.66 14.26 14.99 17.65 18.54 18.40 19.21 20.72 20.89 20.94 19.04 19.47 18.28 18.29 16.93 15.99 14.96 15.19 14.39 15.52 16.43 17.09 17.75 19.83 22.30 22.47 25.97 27.56 28.14 29.25 29.83 29.42 28.88 28.37 28.01 28.97 28.20 26.71 27.65 28.65 27.91 28.19 29.45 31.30 31.22 31.46 31.97 33.37 
26.93 26.03 24.85 23.38 21.95 21.95 21.10 18.80 18.41 19.68 18.02 17.23 17.82 18.11 15.37 14.70 15.11 14.53 11.48 11.98 13.98 14.09 11.73 13.59 15.07 14.51 14.65 14.10 10.49 11.15 11.36 10.22 13.70 11.98 9.76 7.11 5.48 0.00 5.48 6.51 10.45 13.39 16.53 18.19 21.11 22.78 24.30 23.78 23.41 22.30 23.75 23.91 24.82 22.14 21.68 18.56 19.30 17.55 18.00 17.07 19.30 18.57 19.65 18.99 21.47 22.40 21.46 21.49 20.69 19.19 19.58 19.52 19.70 20.83 22.03 21.37 22.04 20.83 20.30 18.86 20.95 18.78 21.30 20.02 21.61 19.59 18.66 17.09 18.48 15.34 14.81 14.57 12.15 10.67 10.78 10.84 9.75 9.43 12.86 15.07 14.30 12.86 10.39 9.43 5.82 7.15 6.38 7.44 8.88 13.29 13.54 13.59 13.74 15.57 15.43 18.79 19.27 18.87 19.26 21.12 21.00 21.05 18.64 19.56 18.22 18.31 16.56 15.85 14.03 14.24 13.41 14.36 14.80 15.87 16.98 18.76 20.84 21.61 25.57 27.20 28.05 29.02 29.78 29.27 28.67 28.10 27.51 28.83 28.00 26.31 26.97 28.51 27.42 27.56 28.99 30.06 31.39 31.97 32.04 32.37 
27.57 26.82 25.42 23.63 22.78 22.53 21.80 19.22 19.15 20.02 18.85 17.62 18.82 18.73 16.55 15.56 16.46 15.25 12.97 12.89 14.76 14.25 13.63 14.48 15.44 14.79 16.28 15.54 12.92 13.62 15.62 13.89 16.82 16.14 13.15 10.28 7.42 5.48 0.00 5.77 7.38 11.14 13.71 16.32 19.73 20.59 23.37 22.76 22.36 21.64 23.25 23.48 24.16 21.82 21.12 18.24 19.33 17.93 18.33 18.08 20.64 20.59 21.37 21.24 24.07 25.24 24.15 24.02 22.48 21.29 21.64 21.32 21.03 22.09 23.59 22.83 23.22 22.38 22.06 20.67 22.18 20.43 23.59 21.93 23.31 21.51 20.84 19.30 20.86 18.40 17.67 17.47 15.69 13.80 12.91 13.20 12.76 11.28 14.86 14.55 14.22 9.55 10.83 5.95 5.22 6.90 9.06 10.11 12.58 15.76 17.27 16.38 17.13 18.22 18.63 21.72 22.19 21.69 21.84 23.32 23.05 22.93 20.36 20.72 19.09 19.06 17.27 16.69 14.28 14.31 13.55 14.78 14.67 16.39 17.46 19.36 21.14 22.13 26.10 28.13 28.52 29.80 30.58 30.17 29.24 28.75 28.25 29.32 28.22 26.73 28.14 29.14 28.04 28.59 30.26 31.13 31.08 32.69 33.84 32.39 
26.02 25.22 23.86 22.17 20.73 20.98 19.89 17.81 17.67 19.01 17.62 17.05 18.03 18.36 15.94 15.53 16.25 15.93 12.69 13.33 15.09 15.09 13.25 14.93 15.61 14.94 16.52 16.08 13.37 14.45 15.58 15.47 17.87 17.46 15.52 12.61 10.26 6.51 5.77 0.00 5.65 6.68 9.78 12.01 16.14 16.93 19.00 19.11 18.99 18.24 20.37 20.94 21.74 20.03 19.75 16.95 18.08 16.90 17.81 17.87 20.83 20.64 21.84 21.61 23.72 25.30 24.17 24.04 22.26 20.97 21.10 20.99 20.66 21.73 22.70 22.14 22.55 21.01 20.65 19.51 21.33 19.53 22.53 21.57 23.10 21.40 20.47 19.35 20.97 18.43 17.93 17.34 15.44 12.99 11.98 12.38 10.59 9.21 10.91 11.79 9.15 5.84 5.86 4.81 5.55 7.53 9.81 12.25 14.52 18.93 18.55 18.17 18.59 19.52 20.15 22.69 22.97 22.53 22.75 23.68 23.17 23.26 20.63 21.05 19.35 19.69 17.55 16.48 14.49 14.44 12.89 13.57 13.45 14.81 15.13 16.88 19.04 19.99 23.47 25.55 26.32 27.69 28.17 27.73 27.21 26.70 26.21 27.60 26.63 25.16 26.28 27.79 26.71 26.99 28.35 29.41 30.53 31.43 31.92 31.64 
25.65 24.94 23.89 22.01 20.61 20.48 20.14 17.67 17.63 18.48 17.58 16.45 17.95 17.94 16.38 15.55 16.81 16.07 13.98 13.73 16.06 15.83 14.16 15.13 15.86 15.29 16.82 17.72 15.40 16.22 17.64 17.08 20.99 20.39 18.33 16.07 13.09 10.45 7.38 5.65 0.00 5.56 7.15 9.33 11.92 14.07 16.52 16.54 16.17 14.75 17.13 17.63 19.33 17.60 18.41 15.69 17.01 16.29 17.27 17.86 21.16 21.13 22.46 22.17 24.20 25.14 24.94 24.70 22.99 21.50 21.78 21.59 21.34 22.04 22.64 21.99 22.66 21.08 20.36 19.55 21.82 19.58 22.29 21.74 24.42 21.95 21.36 20.43 23.01 20.43 19.52 19.09 17.72 15.30 13.82 13.41 12.61 10.90 10.99 9.76 7.60 5.98 6.18 5.64 7.31 9.90 13.33 13.98 16.67 19.76 21.12 20.78 21.73 22.47 22.79 24.73 24.78 24.19 23.86 24.73 23.72 23.22 20.95 21.54 19.87 19.62 17.63 16.51 15.01 14.68 12.59 12.57 12.81 13.29 13.30 15.13 17.46 18.21 21.62 23.98 25.09 26.31 26.38 26.42 26.46 25.82 25.39 26.58 25.96 24.61 26.11 27.32 26.95 27.29 28.77 30.72 30.96 31.31 32.00 33.93 
26.96 26.16 24.87 22.92 21.78 22.30 21.27 19.22 19.28 20.65 19.37 18.73 20.12 20.15 18.18 17.81 19.15 18.59 16.58 16.71 18.49 19.03 17.33 18.53 19.12 18.50 20.27 20.67 18.98 20.15 21.73 21.11 23.52 23.70 21.52 18.93 17.21 13.39 11.14 6.68 5.56 0.00 6.23 6.65 10.12 11.30 14.78 14.57 14.73 13.68 16.44 17.40 19.06 17.71 18.49 16.36 18.22 17.99 19.63 20.18 23.39 23.60 25.42 25.30 26.91 28.12 27.31 26.98 25.05 23.60 23.99 23.68 23.10 23.56 24.64 23.85 24.26 22.86 22.46 21.71 23.53 21.75 24.38 24.17 26.01 24.25 23.36 22.66 24.51 22.05 21.37 20.38 18.88 16.36 14.59 15.23 12.72 11.81 9.84 10.05 8.22 5.84 7.43 9.36 10.77 13.92 15.44 17.80 19.07 22.35 23.87 23.76 24.78 25.19 25.16 27.27 27.80 26.71 26.28 27.24 26.79 26.24 23.69 24.18 22.57 22.33 20.38 19.86 17.37 16.62 14.86 14.87 13.86 13.96 14.47 16.15 17.79 18.81 22.50 24.51 26.02 27.38 27.46 27.22 27.09 26.53 26.26 27.55 26.72 25.15 26.96 28.48 27.48 27.68 29.78 30.61 31.76 32.32 33.49 34.08 
