0.58 5.24 8.10 10.43 12.14 15.45 20.46 22.19 24.03 25.58 28.36 28.59 29.66 28.84 29.58 29.16 30.03 29.98 30.64 31.41 32.90 33.01 32.50 31.29 29.25 27.69 27.65 27.07 25.04 23.21 22.73 22.64 20.20 18.34 19.46 18.68 16.63 16.98 17.33 15.94 14.61 16.05 15.98 13.51 11.71 12.18 11.09 12.60 13.82 14.75 17.69 18.72 22.61 25.26 27.52 27.09 28.13 27.98 28.36 27.36 25.68 26.01 24.51 21.46 19.17 18.24 16.10 14.54 13.50 12.16 11.58 11.09 9.75 10.86 12.76 13.84 16.70 19.26 22.11 23.98 26.90 28.91 30.96 31.36 32.64 33.16 33.34 31.41 28.67 28.74 27.80 26.69 25.83 26.06 26.41 27.23 28.85 30.65 32.16 31.01 29.82 30.84 31.13 28.84 28.79 30.39 29.69 27.98 28.99 30.97 30.47 29.35 31.32 32.56 32.54 31.70 32.87 32.27 33.30 32.29 31.91 31.19 30.83 28.79 27.61 26.94 27.68 26.27 26.39 26.31 27.54 27.77 29.00 28.58 29.43 27.93 27.22 26.14 26.01 25.03 25.15 24.99 25.63 25.66 26.75 27.36 27.94 28.72 30.60 30.50 28.68 28.71 29.64 29.41 28.28 28.92 29.49 30.05 28.71 26.55 25.54 25.88 24.31 22.28 21.89 22.65 21.01 20.54 21.10 21.92 20.50 20.40 21.83 22.29 19.56 21.36 24.59 25.05 30.48 
5.24 0.37 5.15 6.51 9.97 12.42 16.37 19.15 21.57 22.69 25.22 25.41 27.51 25.76 27.19 26.24 27.01 26.65 27.91 28.25 29.66 29.60 30.05 28.70 26.01 24.31 25.29 24.27 21.22 20.00 20.46 19.97 16.54 14.69 17.20 16.02 13.27 13.37 14.88 12.89 11.73 13.74 14.48 11.95 10.81 10.56 9.17 8.29 10.28 11.39 14.11 15.69 20.14 22.29 24.60 23.86 24.87 24.91 26.49 24.94 22.78 23.38 23.36 18.70 16.56 16.18 14.45 12.72 11.35 9.81 7.95 9.25 6.95 7.92 10.02 11.74 15.09 16.91 20.46 22.14 25.25 26.83 29.19 29.58 30.74 30.74 31.36 29.56 26.64 26.18 24.72 23.40 22.67 23.00 23.05 24.03 25.91 28.08 29.64 28.36 27.18 28.41 28.16 26.00 25.83 27.79 26.61 24.97 25.97 28.28 27.14 25.89 27.95 29.39 29.03 28.26 29.97 29.06 30.08 29.10 28.99 27.98 27.72 26.06 25.05 23.70 24.53 23.19 23.67 23.23 24.80 25.07 26.63 26.25 27.38 25.48 24.69 23.54 23.63 22.36 22.69 22.44 23.42 23.31 24.59 25.22 25.78 26.52 28.25 28.41 26.14 26.22 26.91 26.92 25.25 26.21 26.77 27.25 25.88 23.92 22.96 23.41 22.04 19.84 19.27 20.12 18.52 17.82 17.93 19.39 18.00 17.36 18.08 19.37 15.97 19.24 22.00 23.66 28.35 
8.10 5.15 1.59 4.74 7.78 10.10 12.95 14.72 17.76 18.65 21.34 20.95 23.36 22.27 23.76 22.47 23.00 22.76 24.04 24.45 25.60 25.65 25.97 24.01 21.16 19.83 20.71 19.67 16.98 16.48 16.19 15.43 13.63 12.23 14.48 13.41 10.75 11.72 12.50 11.01 9.18 12.36 13.11 10.06 9.96 10.12 5.68 4.40 6.30 8.64 9.94 11.22 13.80 17.57 20.46 19.32 19.76 20.01 21.30 20.50 18.56 19.62 19.10 14.88 13.86 14.49 12.98 11.01 11.14 10.03 7.57 8.32 7.87 7.62 8.37 10.20 12.98 14.38 17.79 19.12 21.56 23.19 26.34 26.73 27.80 27.73 29.18 27.22 24.24 23.60 21.92 20.74 20.16 19.97 20.60 21.33 23.37 25.19 27.44 25.75 24.56 25.51 25.80 23.20 23.08 24.93 24.13 22.40 23.28 25.36 24.72 23.18 25.63 26.79 26.73 25.35 27.32 25.93 26.96 25.48 25.84 24.30 24.03 22.23 21.79 20.14 20.66 19.55 20.89 19.57 21.22 21.71 24.20 23.49 24.83 22.72 21.87 20.52 20.76 19.18 19.73 19.60 20.80 20.43 22.17 22.61 23.50 23.93 25.95 25.40 23.76 23.41 24.25 23.86 22.57 23.13 23.85 24.21 22.96 20.73 19.48 20.45 19.15 17.04 16.09 17.30 15.83 15.37 15.49 16.70 15.77 15.80 17.33 17.16 13.99 17.89 22.38 23.32 26.22 
10.43 6.51 4.74 1.85 5.64 6.68 9.21 11.44 13.95 15.45 17.35 18.23 20.03 19.53 21.13 20.64 21.05 21.22 21.97 22.77 24.02 24.07 23.72 22.39 19.78 18.45 18.71 18.26 15.48 14.91 14.56 14.25 11.76 9.58 11.83 10.29 9.16 10.10 12.22 9.20 8.08 11.41 13.35 11.26 11.84 10.37 8.29 7.12 8.31 6.97 9.94 8.81 13.09 15.28 18.20 16.90 17.67 17.32 18.88 18.51 16.76 18.62 17.93 12.40 12.13 13.62 11.11 10.24 11.12 11.29 8.32 9.86 6.63 8.75 7.72 9.18 11.52 13.55 15.94 17.20 19.10 20.77 23.54 24.58 25.48 25.81 26.63 25.72 22.70 22.36 20.20 19.60 18.84 18.78 18.76 20.06 21.80 23.84 25.53 24.36 23.00 23.97 23.55 21.48 21.73 23.67 22.20 21.22 22.42 24.27 23.19 22.23 24.97 25.85 25.34 24.43 26.70 25.06 25.58 24.50 24.92 23.25 22.38 21.18 20.73 19.16 19.03 17.52 18.78 17.93 18.85 19.79 21.82 21.64 22.54 20.74 19.71 18.97 18.45 17.29 17.60 17.64 18.45 18.32 19.82 20.60 20.88 21.75 23.73 23.74 21.34 21.89 22.58 22.74 20.82 22.18 22.39 23.15 21.56 19.57 18.26 19.34 17.74 15.75 14.83 16.24 14.08 13.54 14.04 16.27 15.45 14.08 16.48 16.45 15.16 17.45 22.02 21.84 32.58 
12.14 9.97 7.78 5.64 0.00 5.98 7.13 11.16 13.02 14.84 16.84 17.46 19.33 18.32 19.53 19.59 20.84 21.51 22.43 23.81 25.10 24.80 23.84 22.47 20.36 17.98 18.71 18.17 16.75 14.69 15.13 14.98 12.54 8.67 12.03 11.93 9.69 10.77 13.27 11.24 9.65 13.35 14.28 13.28 13.43 13.28 9.98 8.98 5.77 6.92 6.00 6.88 11.38 15.92 16.99 16.35 17.26 17.52 17.62 17.92 15.70 16.73 15.35 11.57 10.42 10.34 6.98 7.09 8.78 9.13 8.68 9.12 6.05 7.24 6.83 6.43 7.67 10.56 13.03 14.81 17.97 19.06 20.76 22.17 24.01 24.35 24.94 24.04 22.14 21.95 20.32 19.34 17.96 18.17 18.76 19.69 20.97 23.48 25.82 24.23 22.76 23.88 24.21 21.15 21.22 23.78 23.15 20.95 22.58 25.29 24.44 22.64 25.00 26.85 26.71 25.55 27.48 26.36 27.33 25.81 25.43 24.28 24.24 22.55 22.24 20.87 21.31 18.90 17.99 17.77 18.87 19.51 21.48 21.27 22.22 19.96 19.47 17.93 17.80 16.04 16.60 15.85 17.21 16.86 18.58 19.33 20.23 21.19 23.53 23.38 20.77 21.22 22.72 22.67 21.04 22.29 23.18 24.14 22.67 20.17 19.83 20.85 19.39 16.67 16.53 17.64 15.32 14.56 15.06 17.25 16.08 15.90 18.57 21.39 18.69 18.15 19.97 21.78 28.97 
15.45 12.42 10.10 6.68 5.98 0.56 5.89 7.26 11.05 12.31 14.59 14.85 17.53 16.70 17.99 17.34 18.74 19.32 21.01 22.22 23.30 23.16 21.96 21.06 18.11 16.03 16.40 16.32 13.54 12.53 12.19 13.03 8.26 5.02 9.84 9.92 7.05 9.19 13.02 11.41 9.44 14.27 15.99 15.19 15.13 16.07 12.95 10.59 8.24 6.90 7.92 6.79 10.98 14.68 16.40 15.26 16.85 16.47 16.92 16.33 14.18 16.56 15.46 10.19 10.17 11.51 9.02 9.08 10.99 12.60 10.28 12.81 8.90 8.62 7.34 7.03 8.29 8.56 10.91 12.81 16.31 17.31 19.06 20.49 22.56 23.07 23.67 22.73 20.37 20.50 18.27 17.93 16.84 17.47 17.22 18.90 19.94 22.71 24.61 23.33 21.43 22.75 22.43 19.83 19.82 22.71 21.60 19.63 21.14 24.20 23.02 21.36 23.89 25.88 25.43 24.34 26.40 25.14 26.10 24.87 24.50 23.38 22.98 21.89 21.31 19.61 19.75 17.53 16.81 15.90 17.21 18.37 20.51 20.41 20.94 18.86 17.81 16.33 16.06 14.63 15.51 14.42 15.63 15.94 17.26 18.24 18.98 20.29 22.34 22.53 19.40 20.01 21.13 21.23 19.14 20.79 21.63 22.42 21.33 18.75 18.19 19.26 17.83 15.67 15.39 16.64 14.48 14.30 14.92 17.62 16.09 16.67 18.74 20.29 17.55 18.83 21.15 22.61 28.68 
20.46 16.37 12.95 9.21 7.13 5.89 1.65 6.16 7.90 10.50 12.19 12.45 15.55 14.58 16.62 15.63 17.34 18.14 19.34 21.14 22.52 22.02 20.31 19.04 16.69 14.40 14.15 14.46 13.12 11.14 10.63 11.74 10.00 6.16 10.89 11.92 10.61 12.09 15.63 14.04 12.41 17.51 19.36 17.77 18.26 18.33 15.09 12.76 9.32 9.11 6.70 6.29 7.74 12.86 14.16 12.69 14.66 14.87 14.10 13.65 12.47 15.56 13.69 7.59 9.15 12.87 10.30 8.98 12.11 14.25 12.15 12.69 11.00 9.93 8.11 7.59 7.26 7.01 9.44 11.49 14.60 15.70 17.66 19.51 21.43 21.97 22.80 21.76 20.22 19.79 18.02 17.22 16.98 16.81 16.60 17.90 19.46 21.55 23.59 21.92 20.70 22.02 22.17 19.00 19.11 21.97 21.27 19.20 20.55 23.57 22.78 21.11 23.30 25.63 25.12 24.07 26.05 24.82 25.64 24.26 24.41 22.89 22.35 21.07 21.24 18.66 18.38 16.43 16.04 13.70 15.14 17.15 19.50 18.51 19.94 17.40 16.44 14.84 15.33 13.59 14.69 13.74 14.98 14.57 16.17 17.17 17.55 19.21 21.68 21.64 18.82 19.33 20.63 20.38 18.38 19.72 20.53 21.84 21.06 18.24 17.44 18.91 18.20 15.61 15.09 16.90 14.94 14.97 15.51 17.70 16.71 17.57 19.30 21.01 18.47 19.65 23.15 23.40 27.21 
22.19 19.15 14.72 11.44 11.16 7.26 6.16 1.08 6.03 7.01 9.81 11.11 14.35 13.66 15.62 14.91 16.71 17.26 18.96 20.36 22.57 21.92 20.35 18.71 16.29 13.46 12.70 13.43 10.81 9.01 8.60 10.90 8.32 5.14 10.26 12.54 11.73 14.36 17.53 16.77 15.66 20.49 21.92 21.46 21.42 21.26 16.95 15.99 13.00 10.78 8.19 5.62 7.68 11.03 12.30 11.44 13.23 13.01 13.48 13.74 12.01 14.82 13.89 8.79 10.36 13.07 11.48 12.87 15.47 17.21 15.23 16.53 12.99 13.57 11.01 8.25 8.92 7.46 9.55 9.94 12.80 14.02 16.52 18.66 21.17 21.58 21.94 21.51 19.51 19.69 17.14 17.14 17.45 17.60 17.57 18.94 19.97 22.80 24.45 23.11 21.14 22.72 22.46 19.40 19.84 23.15 21.86 19.94 21.41 24.75 23.65 21.98 24.58 26.89 26.29 25.00 27.06 25.83 26.47 25.34 25.44 23.97 23.26 22.35 22.34 20.05 19.50 16.70 16.61 14.10 15.08 16.44 19.04 17.85 19.84 17.23 16.23 14.41 14.78 12.88 13.86 13.40 13.95 13.96 15.52 16.72 17.18 18.75 21.22 21.64 18.52 19.42 20.65 20.46 18.40 19.92 20.73 21.90 21.19 18.35 17.83 19.41 18.19 15.86 15.93 18.26 15.86 16.12 17.12 20.40 18.69 19.11 21.19 22.56 18.98 20.75 23.83 24.67 31.27 
24.03 21.57 17.76 13.95 13.02 11.05 7.90 6.03 1.99 4.74 6.62 9.20 12.00 11.76 13.60 13.49 14.62 16.42 17.46 20.16 21.85 21.14 19.48 17.83 15.96 11.68 12.54 13.06 11.74 10.17 10.79 12.77 11.58 9.84 13.94 14.95 14.10 17.05 20.02 18.94 18.10 22.94 24.47 23.50 24.40 24.43 20.13 19.19 15.49 13.87 12.27 9.66 9.53 11.65 12.22 11.37 13.12 12.27 12.83 13.33 11.16 14.35 14.63 11.82 12.10 15.76 14.25 16.06 18.51 20.59 19.15 20.04 17.20 17.14 15.67 12.45 10.26 10.07 9.21 8.46 10.92 11.62 14.33 17.36 20.78 21.05 21.23 21.13 19.53 20.12 17.48 17.91 17.56 18.34 18.68 19.86 20.49 23.38 25.58 24.40 22.54 23.93 23.63 20.87 20.80 24.17 23.09 21.58 23.05 26.49 25.23 23.75 25.76 28.30 27.70 26.59 28.43 27.04 27.79 26.57 26.47 25.19 24.98 24.34 24.27 22.16 21.65 18.52 17.30 15.16 15.91 16.97 18.62 17.27 19.02 16.93 16.72 14.28 13.32 11.33 12.69 10.55 12.63 12.64 14.68 15.92 17.12 18.79 21.21 21.59 18.30 19.18 20.13 20.18 18.31 20.48 21.61 23.11 22.23 19.81 20.10 21.69 19.95 18.51 18.53 20.59 18.32 18.73 19.67 21.79 20.14 20.78 23.39 24.52 21.44 22.91 27.20 27.88 29.76 
25.58 22.69 18.65 15.45 14.84 12.31 10.50 7.01 4.74 1.25 5.21 6.14 9.81 10.07 12.30 11.04 13.13 14.42 16.52 18.35 20.33 19.41 18.06 16.56 13.17 9.86 9.61 11.39 9.49 8.91 9.40 12.45 11.57 11.00 14.75 16.53 15.18 18.45 21.27 20.06 19.30 24.02 26.04 24.99 25.42 25.44 21.58 19.79 15.55 14.66 13.28 10.73 10.49 11.41 11.26 9.49 11.44 10.74 11.34 11.69 10.39 14.19 15.10 11.66 13.78 17.92 17.07 18.35 20.92 22.75 21.77 22.62 19.30 19.12 16.48 12.96 11.24 8.97 8.88 6.73 9.50 10.16 12.62 15.74 19.56 19.92 20.71 20.37 18.79 19.44 16.94 17.08 16.88 17.39 17.77 19.16 20.13 22.96 25.16 23.73 21.79 23.23 22.85 20.32 20.18 23.39 22.52 20.77 22.39 25.44 24.56 22.75 24.98 27.34 26.94 25.73 27.67 26.40 27.12 25.88 25.73 24.85 24.59 23.83 24.13 21.97 21.67 18.57 17.43 14.77 15.65 16.54 18.26 17.02 18.94 16.56 15.92 12.59 12.49 10.88 11.14 8.68 11.33 12.14 13.31 14.33 15.88 17.70 20.14 20.58 17.23 17.87 18.70 18.78 17.04 19.37 20.20 21.90 21.43 18.91 18.93 20.98 19.60 18.00 18.06 20.42 18.51 18.89 19.73 23.04 20.87 21.65 23.82 25.70 21.87 23.78 27.48 27.41 30.35 
28.36 25.22 21.34 17.35 16.84 14.59 12.19 9.81 6.62 5.21 1.65 4.76 7.89 7.84 10.74 10.66 12.56 13.93 15.82 18.15 19.85 19.25 17.34 15.40 12.99 8.92 7.46 10.17 9.74 8.58 8.35 13.02 12.74 12.12 16.74 18.30 16.81 19.98 22.29 21.45 21.09 25.74 27.52 26.48 27.14 26.86 22.72 20.73 16.23 15.28 13.55 10.77 9.34 11.56 11.05 8.57 10.54 9.97 9.64 10.72 10.68 15.02 16.09 12.66 15.30 19.82 18.79 19.06 22.33 24.69 23.66 24.07 21.29 20.38 19.09 15.28 12.18 9.84 10.22 9.19 10.43 10.98 13.77 16.12 19.68 20.19 21.02 20.75 18.91 19.58 17.13 17.63 17.44 17.74 17.58 19.12 20.13 23.00 25.05 23.70 21.71 23.67 23.13 20.72 20.54 24.12 22.92 21.37 22.31 25.86 24.55 23.18 25.03 27.50 26.94 26.05 27.84 26.72 27.57 26.27 26.39 25.26 24.99 24.20 24.36 22.06 21.77 19.22 18.36 14.68 15.49 16.90 18.56 17.39 19.42 17.33 16.36 13.61 13.63 11.94 12.80 11.01 12.24 12.23 14.03 14.39 15.58 17.27 19.74 20.30 16.84 17.79 18.56 18.72 17.12 19.46 20.15 22.22 21.92 19.31 18.76 21.43 20.63 18.94 18.37 21.50 19.97 20.04 20.78 24.10 22.73 22.51 24.33 26.20 24.23 24.15 28.21 28.88 30.12 
28.59 25.41 20.95 18.23 17.46 14.85 12.45 11.11 9.20 6.14 4.76 0.00 5.93 6.03 8.74 9.67 11.62 12.40 14.46 16.17 18.36 17.73 16.16 14.53 12.07 8.88 7.62 9.93 9.34 9.88 9.96 14.32 13.50 14.04 17.29 19.43 18.25 21.29 24.02 22.52 22.13 26.49 28.30 27.21 27.76 27.40 23.25 21.48 17.03 15.99 13.64 11.56 10.49 12.75 12.24 9.20 10.61 9.59 10.45 12.20 11.88 15.60 16.86 14.34 16.60 20.24 19.52 19.80 23.09 25.18 24.59 24.59 21.74 20.95 18.83 15.97 13.39 11.66 11.51 9.79 10.75 11.25 13.12 15.12 18.42 19.66 20.25 19.93 17.86 18.87 16.42 17.31 17.12 17.78 18.01 19.60 20.69 23.71 25.91 24.44 22.78 24.83 23.98 21.34 21.51 25.14 23.73 22.02 23.21 26.38 25.29 23.59 25.19 27.68 27.17 26.29 28.00 27.07 27.51 26.86 26.72 25.63 25.11 24.85 24.91 23.06 22.58 20.10 19.27 16.51 16.83 18.02 19.57 18.67 20.41 18.19 16.78 14.69 14.13 12.99 13.49 11.81 12.10 11.61 13.25 13.16 14.24 16.40 19.13 19.34 16.16 17.17 18.20 18.38 16.76 19.20 20.13 21.97 21.27 18.84 18.67 21.32 20.35 18.73 18.66 21.64 20.04 20.79 21.67 25.05 23.02 24.15 26.07 28.40 24.08 26.17 29.83 30.15 31.40 
29.66 27.51 23.36 20.03 19.33 17.53 15.55 14.35 12.00 9.81 7.89 5.93 0.39 5.72 7.98 9.52 11.54 13.23 14.56 16.74 19.10 18.83 16.57 15.28 14.24 11.55 11.25 12.46 12.54 13.49 15.06 17.87 16.45 17.62 21.00 22.27 21.41 24.55 26.58 25.71 25.07 28.90 30.22 29.26 30.26 29.91 25.73 24.32 20.40 18.73 16.39 15.45 14.72 15.43 15.26 13.02 12.49 11.66 12.09 15.33 14.93 18.51 19.19 17.84 18.90 22.25 21.78 22.49 25.07 27.15 26.37 26.87 24.19 23.13 20.82 17.88 16.09 15.25 14.75 12.79 13.44 13.53 13.61 15.85 19.25 20.28 20.94 20.85 18.99 20.56 18.63 19.47 19.21 20.34 20.76 22.31 23.31 26.32 28.39 27.60 25.99 27.81 27.05 24.81 24.65 28.10 26.68 25.31 26.12 29.34 27.86 26.21 27.78 30.06 29.48 28.66 30.40 29.30 29.94 29.27 29.35 27.93 27.75 27.44 27.72 25.85 25.43 23.07 22.22 19.92 20.00 21.03 22.87 22.08 23.53 21.25 20.36 18.02 17.09 15.61 16.25 14.04 14.28 13.93 13.88 13.98 15.04 17.73 20.20 20.58 17.29 18.56 19.78 20.30 18.75 21.28 22.59 24.27 23.23 21.16 21.77 24.20 23.10 21.58 21.60 24.62 23.05 23.67 25.00 27.59 26.00 26.43 28.89 30.60 26.92 27.26 31.09 31.89 31.32 
28.84 25.76 22.27 19.53 18.32 16.70 14.58 13.66 11.76 10.07 7.84 6.03 5.72 0.00 5.24 5.93 7.90 9.62 11.40 13.89 15.55 15.96 13.55 12.75 10.79 8.81 7.93 10.35 10.49 11.08 12.50 16.08 14.72 16.50 19.64 21.14 20.67 23.40 25.68 24.58 24.16 28.43 29.77 29.08 29.62 29.61 25.21 23.45 19.37 18.30 15.99 14.36 13.78 15.36 14.27 11.02 11.73 10.37 11.58 13.34 13.75 17.44 17.84 16.30 17.85 21.12 20.73 21.17 24.20 25.90 25.05 25.82 23.30 22.32 20.28 17.77 15.74 14.40 13.84 11.54 11.95 11.20 11.69 13.53 17.35 17.82 19.01 18.32 16.59 17.68 16.38 16.98 16.93 18.01 18.77 20.33 22.07 24.97 27.50 26.71 25.17 26.99 26.30 24.26 24.02 27.22 25.77 24.16 25.11 28.34 26.92 25.28 26.76 29.39 28.71 28.06 29.46 28.71 29.21 28.41 28.10 27.33 26.87 26.22 25.95 24.41 24.15 21.65 20.64 18.20 18.82 20.04 21.71 20.92 22.23 19.86 18.83 16.41 15.93 14.34 14.78 12.37 12.45 11.27 11.12 10.95 12.89 14.69 17.13 17.83 15.22 15.36 17.28 17.51 16.63 18.81 19.96 21.72 20.98 18.87 19.29 22.03 21.04 19.63 19.88 23.07 21.65 22.41 24.00 27.19 24.81 26.57 29.03 31.73 26.79 28.28 31.70 31.86 30.97 
29.58 27.19 23.76 21.13 19.53 17.99 16.62 15.62 13.60 12.30 10.74 8.74 7.98 5.24 0.00 5.62 6.71 8.41 10.78 13.02 14.61 14.68 13.74 12.76 11.06 9.97 9.93 12.84 12.45 13.81 14.07 17.37 16.00 17.91 21.37 22.80 21.54 24.66 26.71 25.77 25.61 29.99 31.66 30.60 31.36 31.12 27.13 25.37 20.99 19.75 17.61 16.31 15.30 16.64 16.11 13.33 13.30 12.89 13.22 15.27 14.31 18.35 18.96 17.33 18.90 22.48 21.68 21.84 25.01 26.80 26.13 26.73 24.85 24.06 21.86 19.53 16.80 15.64 14.54 12.63 12.65 12.40 11.79 14.29 17.17 18.02 18.74 18.94 17.02 18.14 16.60 17.87 18.14 18.94 20.17 21.87 22.83 26.11 28.54 27.72 26.44 28.03 27.50 25.31 25.27 28.40 26.86 25.30 26.40 29.51 27.74 26.20 27.99 30.38 29.55 28.84 30.69 29.76 30.42 29.17 29.11 28.15 28.00 27.01 26.88 25.02 25.27 22.75 21.56 19.26 20.10 21.07 22.49 21.48 23.24 21.16 19.43 17.13 16.47 15.39 15.74 13.53 13.29 12.42 11.48 11.55 12.24 14.33 16.68 17.42 14.91 14.95 16.69 17.48 16.43 18.73 19.90 22.03 21.67 19.50 19.57 22.15 21.81 20.66 20.43 23.52 22.53 23.32 25.01 27.85 26.36 26.66 29.09 32.05 30.67 28.73 31.86 32.79 31.74 
29.16 26.24 22.47 20.64 19.59 17.34 15.63 14.91 13.49 11.04 10.66 9.67 9.52 5.93 5.62 0.00 5.15 6.56 7.91 10.60 12.02 12.18 11.74 11.70 10.37 8.50 9.78 12.71 12.35 14.21 14.59 17.57 15.99 17.75 21.18 22.06 21.14 24.18 26.68 25.69 25.47 30.18 31.64 30.84 30.77 31.09 27.33 25.40 21.48 20.19 18.08 16.71 15.63 17.03 16.78 14.32 14.64 13.59 14.79 15.98 14.74 17.95 18.82 17.40 18.81 22.44 21.87 22.18 25.01 26.96 26.06 26.89 24.88 23.90 21.49 19.19 17.00 15.48 13.83 11.55 11.57 11.58 11.38 12.68 16.31 16.55 17.59 17.20 16.06 16.59 15.08 16.43 17.52 18.29 19.91 21.54 23.19 26.11 29.27 28.19 26.85 28.47 27.94 25.41 25.35 28.35 26.97 25.14 26.19 29.25 27.76 25.76 27.41 29.92 29.37 28.45 30.08 29.39 29.98 29.02 28.90 28.00 27.57 26.91 26.75 25.15 25.11 22.68 22.11 20.11 20.58 21.44 23.03 21.96 23.52 20.76 19.14 16.56 16.20 14.78 14.78 12.46 12.19 11.43 11.08 9.09 10.54 12.63 14.71 15.16 12.97 12.87 14.94 15.10 14.01 16.60 18.40 20.38 19.74 17.79 18.46 21.12 20.43 19.27 19.72 22.72 21.60 22.71 24.82 27.89 25.80 27.42 30.12 33.33 28.89 30.32 33.96 34.50 33.27 
30.03 27.01 23.00 21.05 20.84 18.74 17.34 16.71 14.62 13.13 12.56 11.62 11.54 7.90 6.71 5.15 1.40 5.21 6.41 8.58 10.73 11.09 10.68 11.08 10.36 9.98 11.29 13.64 13.48 14.78 15.77 18.27 17.34 18.71 21.61 22.84 22.12 25.15 27.51 27.04 26.45 31.35 32.76 31.40 31.68 32.05 28.64 26.94 23.38 21.76 19.52 18.40 16.84 18.10 17.62 15.81 15.77 15.11 15.70 17.75 16.19 19.22 19.85 18.85 20.11 23.56 22.98 23.81 26.90 28.40 27.73 28.41 26.33 25.37 22.46 20.31 17.84 16.12 14.30 11.86 11.55 11.17 11.16 12.45 15.72 16.17 17.18 16.96 15.75 17.19 16.32 17.76 18.43 19.94 21.16 23.18 24.62 27.24 30.31 29.54 28.57 29.67 29.44 27.24 26.80 29.77 28.34 26.35 27.22 30.31 28.73 26.83 28.12 30.69 29.97 29.18 30.67 30.11 30.77 29.84 29.67 28.75 28.53 27.89 27.87 26.35 25.97 24.12 23.47 21.95 21.81 22.46 24.14 23.21 24.30 21.69 19.90 17.87 17.22 15.31 14.56 12.50 12.43 11.73 10.65 8.93 10.00 12.05 13.37 13.85 11.82 12.22 13.98 14.36 13.14 15.97 17.77 20.10 19.24 17.56 18.95 21.87 20.86 19.52 20.38 23.82 22.22 23.35 25.78 28.83 26.67 27.37 30.54 33.06 30.64 30.22 34.36 35.00 33.80 
29.98 26.65 22.76 21.22 21.51 19.32 18.14 17.26 16.42 14.42 13.93 12.40 13.23 9.62 8.41 6.56 5.21 0.77 5.12 6.34 8.07 10.41 9.69 10.04 9.75 10.32 11.94 13.95 13.75 15.35 16.33 19.01 18.00 19.56 22.32 23.23 22.51 25.64 28.12 27.19 27.34 31.73 33.43 31.96 31.76 32.22 28.91 26.93 23.21 22.05 19.69 18.72 17.68 18.88 18.53 16.46 16.48 16.04 16.94 18.26 17.23 20.35 20.52 19.24 20.79 24.47 24.07 24.22 27.32 29.15 28.27 28.94 26.96 25.95 23.70 21.86 19.19 17.77 15.64 13.80 12.63 12.53 12.11 13.90 16.22 16.69 17.94 17.92 16.46 17.89 17.38 18.96 19.50 20.91 22.30 24.34 26.30 29.02 31.62 31.21 29.88 31.29 30.92 28.39 28.21 30.85 29.46 27.14 28.15 31.03 29.76 27.64 29.26 31.46 31.02 30.06 31.56 31.09 31.68 30.63 30.26 29.70 29.30 28.47 28.07 26.97 26.75 24.61 24.07 22.47 22.74 23.50 25.39 24.62 25.80 23.01 21.61 19.54 18.78 17.07 16.84 14.96 14.33 13.18 12.43 11.02 11.54 12.24 13.43 13.89 12.00 11.18 13.22 14.14 13.32 15.56 17.53 19.53 19.30 17.79 18.71 21.65 21.18 20.13 20.84 23.98 22.84 23.87 26.33 29.65 27.34 28.94 31.91 35.17 31.96 32.87 36.27 36.97 35.77 
30.64 27.91 24.04 21.97 22.43 21.01 19.34 18.96 17.46 16.52 15.82 14.46 14.56 11.40 10.78 7.91 6.41 5.12 2.13 4.91 6.56 7.27 8.92 10.15 9.43 10.24 12.76 14.34 13.68 16.15 17.06 19.45 18.47 20.01 23.06 23.66 23.02 26.10 28.66 28.06 27.83 32.58 34.30 32.73 32.56 32.89 29.80 27.63 23.79 22.44 20.39 18.81 17.86 19.08 18.40 16.12 16.12 16.09 17.07 19.00 17.58 21.02 21.42 19.74 20.74 24.75 24.16 24.33 27.06 29.39 28.73 29.19 27.22 26.62 24.37 22.19 19.51 18.11 16.34 14.30 13.08 12.74 12.76 14.28 16.87 17.07 18.58 19.14 17.99 19.28 18.74 20.53 21.25 22.50 24.02 25.87 27.51 30.33 32.90 31.74 31.13 32.56 32.08 29.77 29.41 32.19 30.40 28.17 29.04 32.26 30.46 28.72 30.03 32.52 31.51 30.63 32.13 31.89 32.39 31.16 31.01 30.45 30.20 29.17 28.91 27.70 27.73 25.67 24.77 23.49 23.88 24.49 26.28 25.52 26.83 24.30 23.02 20.74 20.05 18.34 18.16 16.08 15.20 14.07 13.34 12.02 12.33 12.05 12.31 13.20 10.97 8.67 12.18 13.38 12.74 13.75 16.22 19.19 19.43 17.81 18.74 21.73 21.62 20.60 21.10 24.36 23.38 24.38 26.32 29.78 28.55 28.70 31.09 34.69 34.20 33.12 35.12 37.23 37.34 
31.41 28.25 24.45 22.77 23.81 22.22 21.14 20.36 20.16 18.35 18.15 16.17 16.74 13.89 13.02 10.60 8.58 6.34 4.91 0.00 4.67 5.88 8.31 9.59 10.74 11.20 13.90 15.19 15.35 16.81 18.60 20.76 19.71 21.35 23.98 24.62 24.01 27.43 30.06 29.17 29.14 33.85 35.71 34.07 33.56 34.11 30.85 28.73 24.71 23.45 21.03 19.96 19.34 20.55 19.84 18.32 18.54 18.58 19.50 21.06 19.66 22.81 23.20 21.75 22.61 26.15 26.10 26.10 29.09 30.70 29.91 30.80 29.19 28.42 25.79 23.95 21.45 20.02 17.70 15.49 14.68 14.44 14.00 15.87 18.47 18.91 20.33 20.90 20.19 21.51 20.50 22.13 23.00 24.31 25.78 27.85 29.44 32.47 34.61 34.02 32.27 34.17 33.44 31.28 30.79 33.34 31.65 29.77 30.60 33.61 32.01 29.89 31.36 33.82 33.24 31.98 33.37 33.21 33.82 32.82 32.61 32.27 31.64 31.08 30.65 29.68 29.39 27.73 26.93 25.69 25.74 26.89 28.32 27.60 28.41 26.30 24.70 22.89 21.67 20.19 19.61 17.66 17.11 15.72 14.61 13.29 14.14 13.55 13.91 13.80 10.99 8.03 12.10 13.87 12.70 13.50 16.97 19.82 19.75 18.33 19.91 22.75 22.06 21.59 22.14 25.52 24.34 25.48 27.42 31.05 29.14 30.54 32.76 36.45 35.71 34.40 37.29 38.59 38.83 
32.90 29.66 25.60 24.02 25.10 23.30 22.52 22.57 21.85 20.33 19.85 18.36 19.10 15.55 14.61 12.02 10.73 8.07 6.56 4.67 0.30 5.13 6.78 8.24 10.03 11.13 14.41 14.87 15.43 16.77 18.37 21.19 20.50 21.75 24.64 25.46 25.16 28.23 30.79 30.20 30.15 34.65 36.23 34.46 34.89 35.15 31.73 29.49 25.93 24.39 21.89 20.61 20.19 21.15 20.88 19.36 19.68 19.69 20.25 22.37 20.73 23.93 24.40 23.39 24.01 27.12 26.55 27.46 30.25 31.60 30.49 31.92 30.70 29.39 26.43 24.71 22.34 20.80 19.03 16.83 16.38 15.75 15.69 16.98 19.93 20.61 21.44 21.91 21.22 23.13 22.20 23.98 24.69 26.13 27.60 29.49 31.23 33.87 36.29 34.91 33.67 35.25 34.77 32.31 31.95 34.61 33.04 30.95 31.84 34.78 33.23 31.23 32.62 34.90 34.32 33.26 34.76 34.31 35.19 34.03 34.08 33.35 33.12 32.34 32.38 31.10 30.97 29.21 28.95 27.30 27.13 27.91 29.95 28.80 29.71 27.22 26.25 24.05 23.10 21.29 20.85 19.02 18.74 17.47 16.30 15.08 15.52 15.54 14.66 14.56 11.39 9.68 12.19 13.33 12.52 13.84 16.65 19.54 19.54 18.67 20.46 23.33 22.80 22.12 23.03 26.19 25.23 26.29 28.73 31.20 29.56 30.18 32.70 35.24 34.11 33.50 36.52 38.07 38.23 
33.01 29.60 25.65 24.07 24.80 23.16 22.02 21.92 21.14 19.41 19.25 17.73 18.83 15.96 14.68 12.18 11.09 10.41 7.27 5.88 5.13 0.00 4.86 7.23 8.60 10.05 12.85 14.21 15.14 16.27 17.82 20.27 19.81 21.09 24.16 25.24 24.40 27.81 30.33 29.96 29.91 34.43 35.64 34.59 34.42 35.05 31.02 29.39 25.60 24.48 21.96 20.85 19.92 21.26 20.70 18.50 19.48 19.21 20.58 22.44 21.20 24.30 24.15 23.14 24.08 27.65 27.11 27.80 30.52 32.17 31.02 32.28 30.37 29.25 26.57 25.06 22.48 20.44 18.51 16.36 15.73 15.15 15.50 17.54 20.72 21.13 22.39 22.52 21.82 23.02 22.24 24.01 24.91 26.38 27.68 29.84 31.72 34.61 36.43 35.63 34.23 36.29 35.46 32.77 32.42 35.23 33.57 31.23 31.98 35.07 33.62 31.68 33.26 35.36 34.78 33.99 35.38 34.95 35.56 35.04 34.35 34.19 33.56 32.96 32.45 31.63 31.31 29.54 28.94 27.68 27.73 28.63 30.33 29.62 30.39 27.94 26.48 24.68 23.61 21.63 21.11 19.28 18.94 17.61 16.64 15.91 16.22 16.03 15.81 15.32 11.86 10.26 12.09 12.92 12.52 14.46 16.25 18.88 19.89 18.44 19.90 22.92 22.62 22.30 22.84 26.38 25.06 26.37 27.88 31.38 29.35 31.21 33.33 36.51 35.97 35.48 38.09 38.99 39.08 
32.50 30.05 25.97 23.72 23.84 21.96 20.31 20.35 19.48 18.06 17.34 16.16 16.57 13.55 13.74 11.74 10.68 9.69 8.92 8.31 6.78 4.86 0.00 6.45 7.68 8.19 10.15 13.27 13.52 15.19 16.33 19.08 18.93 19.99 23.00 23.92 23.43 26.49 29.36 29.02 29.17 33.47 35.10 33.61 34.18 34.15 30.49 28.51 24.74 23.35 20.54 19.16 18.69 19.54 18.53 15.57 17.25 17.13 18.57 21.21 20.35 23.66 23.61 22.07 23.26 27.01 26.54 27.00 29.94 31.77 30.84 31.74 29.84 28.72 26.08 23.92 21.06 19.26 17.17 15.11 14.47 14.05 14.81 17.43 20.57 21.28 22.03 22.56 21.21 22.87 21.83 23.59 24.40 25.88 27.16 29.13 31.32 33.95 36.02 34.76 34.31 36.06 35.64 32.79 32.69 35.39 33.72 31.08 32.04 35.18 33.56 31.58 33.25 35.53 34.81 33.69 35.48 34.86 35.70 34.32 34.31 33.56 33.71 32.50 32.37 31.07 31.14 29.09 28.48 27.17 27.70 28.14 30.07 28.96 30.18 27.64 26.10 23.86 22.95 21.02 20.40 18.31 18.05 17.01 15.94 15.48 15.95 16.17 16.44 15.84 12.78 9.77 12.00 12.80 11.85 12.48 15.23 18.07 18.64 17.88 19.09 22.32 22.30 21.59 22.30 25.67 24.86 25.34 27.11 30.38 29.65 29.66 31.75 35.42 35.03 34.91 36.30 39.00 39.47 
31.29 28.70 24.01 22.39 22.47 21.06 19.04 18.71 17.83 16.56 15.40 14.53 15.28 12.75 12.76 11.70 11.08 10.04 10.15 9.59 8.24 7.23 6.45 0.00 5.53 6.85 8.74 8.65 10.79 13.25 14.54 16.39 16.64 17.58 20.23 21.07 21.04 24.40 27.07 26.63 26.95 31.27 32.79 31.50 31.55 31.76 28.65 26.44 22.76 21.38 18.89 17.87 16.64 17.55 16.20 13.96 15.35 15.55 16.90 19.70 18.67 21.90 21.82 20.55 22.15 25.37 25.41 25.79 28.60 29.89 28.63 29.80 28.09 27.30 23.88 22.54 20.03 18.31 15.68 14.91 13.88 14.14 14.42 17.15 20.39 20.70 21.65 21.79 20.77 22.11 20.99 22.45 23.31 25.03 26.20 28.29 30.32 33.20 34.86 34.18 33.44 35.04 34.52 32.06 31.83 34.27 32.65 30.37 31.47 34.37 32.89 30.73 32.37 34.58 34.11 32.80 34.36 33.76 34.53 33.45 33.18 32.66 32.43 31.64 31.34 30.28 30.18 28.25 27.79 26.50 26.80 27.33 28.99 28.19 28.69 26.19 24.83 23.13 21.71 19.90 18.99 17.55 17.06 15.88 15.31 14.58 15.24 15.46 16.05 16.72 12.21 8.28 11.06 12.25 9.77 9.28 12.89 16.60 16.63 15.38 17.25 20.81 20.43 20.23 20.74 24.39 23.30 24.02 25.39 28.85 27.62 28.74 30.49 33.66 33.78 33.98 35.88 37.00 37.76 
29.25 26.01 21.16 19.78 20.36 18.11 16.69 16.29 15.96 13.17 12.99 12.07 14.24 10.79 11.06 10.37 10.36 9.75 9.43 10.74 10.03 8.60 7.68 5.53 0.00 4.96 5.98 6.59 7.98 10.29 11.83 13.79 14.12 15.70 18.28 19.22 19.04 22.06 24.82 24.18 24.52 28.74 30.41 28.72 29.19 29.80 26.44 23.95 20.74 19.80 17.44 15.51 14.92 15.43 14.88 12.58 13.07 13.67 14.88 17.36 16.22 19.74 19.99 18.76 20.11 23.64 23.19 23.71 26.38 27.77 26.16 27.59 26.28 24.91 21.65 20.06 18.18 16.61 14.56 13.26 12.92 13.64 13.90 16.66 19.40 20.25 20.90 21.12 19.85 21.11 19.74 21.16 21.83 23.38 24.69 26.70 28.55 31.36 33.62 32.43 32.01 33.63 33.29 30.55 30.35 33.01 31.50 29.34 30.48 33.28 31.76 29.81 31.38 33.31 32.69 31.55 33.25 32.13 32.96 31.64 31.72 30.84 30.93 29.92 30.22 28.77 28.92 26.92 26.82 25.04 25.28 25.72 27.64 26.32 26.92 24.34 23.49 21.09 20.06 17.84 17.90 15.52 15.25 14.50 14.54 14.42 14.82 15.39 16.42 16.34 13.11 10.37 11.21 11.40 10.20 10.25 12.11 14.91 15.79 14.76 15.83 18.99 18.71 18.64 19.13 22.44 21.36 22.10 23.91 26.74 25.42 25.86 27.41 30.26 29.60 30.43 31.67 33.89 34.16 
27.69 24.31 19.83 18.45 17.98 16.03 14.40 13.46 11.68 9.86 8.92 8.88 11.55 8.81 9.97 8.50 9.98 10.32 10.24 11.20 11.13 10.05 8.19 6.85 4.96 0.00 5.08 5.93 6.29 7.40 9.19 11.65 11.40 12.08 15.46 16.40 15.45 18.75 22.24 21.69 21.64 26.38 27.92 26.58 26.87 27.50 23.96 21.85 18.75 17.88 15.24 13.84 11.57 13.27 12.68 9.62 11.26 11.19 13.31 15.81 14.67 17.83 17.86 15.87 18.25 21.56 21.19 21.52 24.70 26.15 24.86 25.97 24.62 23.28 19.72 18.09 16.24 13.81 11.12 9.95 9.88 10.75 11.98 14.93 18.56 19.04 19.91 19.97 18.58 19.33 17.58 19.03 19.62 21.22 22.50 24.79 26.79 29.79 32.07 31.23 30.41 32.05 31.58 28.97 28.56 31.20 29.64 27.41 28.36 31.18 29.62 27.60 29.35 31.27 30.48 29.61 31.23 30.44 30.77 29.92 29.50 29.05 28.58 27.98 27.91 26.94 26.61 24.57 24.51 23.06 23.14 23.72 25.43 24.49 24.93 22.27 20.86 18.78 17.36 15.28 14.50 12.62 12.51 12.33 12.38 12.51 13.62 14.48 15.43 15.60 12.28 11.32 11.20 10.77 9.41 10.66 10.99 13.02 14.06 13.10 13.88 16.39 16.64 16.46 17.12 20.54 19.18 20.11 21.53 24.49 22.90 24.08 26.14 28.56 29.18 29.78 31.26 31.98 33.09 
27.65 25.29 20.71 18.71 18.71 16.40 14.15 12.70 12.54 9.61 7.46 7.62 11.25 7.93 9.93 9.78 11.29 11.94 12.76 13.90 14.41 12.85 10.15 8.74 5.98 5.08 0.00 5.45 6.68 7.21 7.05 11.25 11.65 11.83 13.78 16.11 15.77 18.63 21.59 21.64 21.96 26.15 27.79 26.40 27.03 27.33 23.58 21.55 18.23 17.09 13.95 11.34 9.76 11.70 11.11 8.04 10.06 11.30 13.20 15.22 14.50 17.77 17.56 16.08 18.24 21.69 20.71 21.34 24.66 26.34 24.88 26.38 24.82 23.23 20.08 18.19 16.32 13.75 12.33 11.42 11.71 11.87 13.44 16.35 20.26 20.68 21.20 20.85 19.19 20.15 18.36 19.24 19.79 21.20 22.52 24.75 26.72 29.71 32.03 31.18 31.02 32.32 32.13 29.32 29.12 31.44 29.88 27.59 28.62 31.29 29.60 27.71 29.68 31.38 30.72 29.78 31.72 30.63 31.62 30.37 30.15 29.15 29.29 28.22 28.35 26.93 27.04 24.88 24.56 23.08 23.45 23.66 25.44 24.44 25.31 22.49 21.42 18.79 18.36 15.56 15.63 13.71 14.03 13.37 13.39 14.25 15.88 16.27 16.57 16.97 13.95 12.65 13.10 12.48 10.26 11.21 11.88 13.47 13.33 13.70 14.12 16.88 16.15 16.94 17.63 20.44 19.42 20.25 21.75 24.27 23.50 23.66 25.49 28.47 28.26 28.60 29.88 32.36 32.69 
27.07 24.27 19.67 18.26 18.17 16.32 14.46 13.43 13.06 11.39 10.17 9.93 12.46 10.35 12.84 12.71 13.64 13.95 14.34 15.19 14.87 14.21 13.27 8.65 6.59 5.93 5.45 0.00 5.64 7.02 6.66 7.46 9.78 10.94 12.12 13.18 14.53 16.69 18.97 19.04 20.09 24.03 25.51 24.36 25.45 25.77 22.10 20.62 17.35 16.55 13.74 12.42 10.72 12.91 12.92 10.89 12.70 13.35 14.73 16.62 15.49 17.85 17.63 15.84 18.17 20.97 20.07 20.54 23.82 25.20 23.56 24.93 23.99 23.19 19.42 18.39 16.09 14.70 12.25 12.25 10.96 12.85 14.02 17.33 20.43 21.72 21.85 21.28 19.64 21.01 19.24 19.86 20.01 21.28 22.50 24.72 27.06 29.47 31.51 30.97 30.34 31.61 31.17 28.73 28.26 30.57 28.98 27.04 27.82 30.47 28.79 26.81 28.43 30.56 30.00 29.10 30.75 29.88 30.69 29.97 29.66 28.84 28.52 28.02 28.03 26.83 26.62 24.67 24.43 22.99 23.10 23.38 25.12 24.02 24.65 21.98 20.74 19.54 17.61 15.81 15.26 15.28 13.45 13.56 13.96 15.00 16.32 17.38 17.95 18.01 14.84 12.91 13.02 13.49 10.50 9.25 10.74 13.24 12.76 11.67 11.78 15.42 15.02 15.39 15.46 19.36 18.11 19.10 19.84 22.69 21.74 22.59 24.08 26.27 27.82 27.22 28.79 29.90 31.23 
25.04 21.22 16.98 15.48 16.75 13.54 13.12 10.81 11.74 9.49 9.74 9.34 12.54 10.49 12.45 12.35 13.48 13.75 13.68 15.35 15.43 15.14 13.52 10.79 7.98 6.29 6.68 5.64 0.08 5.10 6.48 6.49 6.01 8.53 10.89 11.13 11.31 14.88 16.22 15.94 16.43 20.92 22.25 21.46 22.60 23.48 19.27 18.07 14.91 14.64 11.99 11.00 10.35 12.29 13.40 12.12 13.16 13.84 14.25 15.54 14.10 17.31 16.73 14.53 16.66 19.50 18.70 18.40 21.98 23.32 22.05 23.22 21.98 21.06 17.72 16.40 14.09 13.28 10.00 9.31 7.17 10.74 12.80 15.49 18.30 20.48 20.91 20.62 19.08 20.20 18.59 19.23 19.15 20.17 21.03 23.08 24.75 27.37 29.64 28.78 28.18 29.66 29.35 26.58 26.35 28.85 27.49 25.14 26.33 29.15 27.35 25.13 26.96 28.78 28.03 27.09 28.76 27.53 28.08 27.51 27.45 26.23 25.96 25.74 26.12 24.39 24.14 22.45 22.28 20.32 20.50 20.81 22.51 21.22 21.82 19.17 18.83 16.75 15.04 13.19 13.90 11.80 9.73 10.60 12.00 12.51 14.08 15.73 16.86 16.93 12.81 12.37 12.79 11.73 9.43 9.38 9.19 10.97 11.36 9.93 9.28 13.49 12.78 12.48 12.94 16.84 15.32 15.76 17.42 20.40 18.97 19.24 20.76 23.37 23.13 22.87 25.19 26.38 27.53 
23.21 20.00 16.48 14.91 14.69 12.53 11.14 9.01 10.17 8.91 8.58 9.88 13.49 11.08 13.81 14.21 14.78 15.35 16.15 16.81 16.77 16.27 15.19 13.25 10.29 7.40 7.21 7.02 5.10 0.00 5.09 6.67 5.48 5.84 9.32 10.80 9.80 12.22 15.71 15.29 14.57 18.99 20.60 19.95 21.25 21.84 18.19 17.50 14.15 13.83 10.92 10.44 9.13 12.27 13.38 12.03 14.24 14.69 14.71 16.01 14.85 17.40 16.68 13.87 16.25 18.99 17.58 17.82 21.31 22.72 21.42 22.39 21.62 20.53 17.54 15.40 13.92 11.85 8.61 8.02 7.73 10.22 13.09 16.31 19.07 20.85 21.39 20.94 19.17 20.29 18.10 18.84 18.48 19.70 20.50 22.52 24.27 27.44 29.44 28.63 27.52 29.08 28.68 25.89 25.42 28.21 26.63 24.27 25.38 28.35 26.59 24.25 26.06 27.93 27.22 26.20 27.98 26.88 27.33 26.73 26.41 25.70 25.44 25.07 25.22 23.89 23.54 21.54 21.35 19.75 19.89 20.24 21.67 20.62 21.09 18.45 17.29 15.78 14.69 12.42 12.65 11.38 10.31 11.19 11.81 12.97 15.20 16.61 18.10 18.06 14.32 14.01 13.84 13.33 10.32 11.83 10.58 10.83 10.84 10.31 10.24 12.20 12.07 12.61 13.13 16.30 14.98 15.03 16.44 19.48 17.77 18.34 20.40 22.17 23.11 22.36 24.32 25.20 26.45 
22.73 20.46 16.19 14.56 15.13 12.19 10.63 8.60 10.79 9.40 8.35 9.96 15.06 12.50 14.07 14.59 15.77 16.33 17.06 18.60 18.37 17.82 16.33 14.54 11.83 9.19 7.05 6.66 6.48 5.09 0.00 5.73 6.77 5.67 6.29 9.19 10.06 11.28 13.15 14.52 14.74 18.02 19.16 19.37 20.75 21.11 16.57 15.55 12.38 12.27 9.17 8.50 8.42 11.64 13.32 11.68 13.92 14.49 14.78 16.33 15.25 17.83 17.12 14.84 17.10 19.12 17.47 17.64 21.27 22.20 20.45 22.56 21.08 19.91 16.97 15.20 13.95 12.02 9.98 10.58 11.40 12.47 14.55 17.64 21.02 22.36 22.59 21.80 20.08 21.03 19.47 19.74 19.20 20.17 21.07 22.79 24.26 27.18 29.40 28.38 27.99 29.38 28.89 26.05 25.84 28.22 26.82 24.72 25.93 28.35 26.65 24.76 26.60 28.15 27.54 26.66 28.53 27.47 28.18 27.17 26.84 26.15 26.14 25.65 25.73 24.31 24.13 22.04 21.74 20.05 20.25 20.18 21.83 20.53 21.37 18.66 17.72 15.95 15.19 12.76 12.86 11.81 12.55 11.63 12.17 14.30 16.58 17.09 18.53 18.71 15.33 14.64 14.80 13.73 11.18 12.30 11.87 11.26 10.22 10.10 10.36 11.77 11.45 12.07 13.28 15.70 14.02 15.32 16.54 18.77 17.40 18.14 19.67 22.15 22.17 21.59 23.71 25.59 26.52 
22.64 19.97 15.43 14.25 14.98 13.03 11.74 10.90 12.77 12.45 13.02 14.32 17.87 16.08 17.37 17.57 18.27 19.01 19.45 20.76 21.19 20.27 19.08 16.39 13.79 11.65 11.25 7.46 6.49 6.67 5.73 0.00 5.40 7.19 6.16 5.76 8.78 12.03 12.04 11.92 14.38 17.92 18.75 18.52 20.78 21.12 17.12 16.48 14.29 13.83 12.10 12.08 12.47 15.45 17.68 16.24 17.99 17.47 17.99 19.15 17.52 19.39 18.88 16.40 18.44 20.09 18.37 18.24 21.62 22.37 20.87 22.51 21.61 20.89 17.57 16.62 14.37 13.39 10.98 12.25 11.55 14.89 16.48 19.07 22.02 23.46 23.68 23.05 21.45 22.54 20.72 21.15 20.72 21.23 22.15 24.05 25.63 28.41 30.43 29.55 28.59 29.95 29.75 27.07 26.32 28.75 27.65 25.65 26.47 28.86 27.46 25.47 27.04 28.80 28.43 27.49 29.21 28.03 28.76 28.16 27.98 27.01 26.81 26.42 26.78 25.47 25.06 22.85 22.78 21.12 21.29 21.58 23.05 22.05 22.41 20.04 19.12 18.39 16.05 14.79 13.79 13.98 12.50 13.71 14.30 16.53 18.41 19.63 20.55 20.68 17.34 16.66 16.32 15.58 12.91 12.62 10.68 11.52 10.87 7.39 5.93 9.67 10.60 9.77 9.41 14.50 14.51 14.29 15.30 18.04 17.39 17.60 19.47 21.24 22.08 21.13 23.63 24.82 25.55 
20.20 16.54 13.63 11.76 12.54 8.26 10.00 8.32 11.58 11.57 12.74 13.50 16.45 14.72 16.00 15.99 17.34 18.00 18.47 19.71 20.50 19.81 18.93 16.64 14.12 11.40 11.65 9.78 6.01 5.48 6.77 5.40 0.00 5.11 7.13 5.87 5.15 9.78 10.60 10.11 10.77 15.09 15.78 15.91 17.43 19.00 14.65 14.94 11.97 13.59 9.47 11.73 11.83 14.56 16.79 16.08 16.95 16.93 17.19 17.97 16.56 18.60 18.30 15.12 16.71 18.82 17.05 15.89 19.27 20.48 18.56 20.19 18.65 17.98 14.36 13.59 11.28 10.23 6.73 8.81 8.62 12.05 14.73 16.94 19.39 21.30 22.31 21.54 20.21 21.27 19.36 19.90 19.87 20.30 20.84 22.38 23.92 26.67 29.11 27.66 26.41 28.21 28.06 25.05 24.41 27.38 26.09 23.75 24.91 27.91 26.09 24.10 25.70 27.65 26.74 25.84 27.62 26.09 26.55 26.27 26.29 24.74 24.36 24.45 24.81 22.93 23.02 20.92 20.73 18.86 19.25 19.30 20.84 19.75 20.47 17.87 17.12 15.05 12.84 11.66 12.39 10.23 8.24 10.74 12.93 13.56 15.37 17.52 19.48 19.32 16.00 15.78 15.74 14.60 12.10 12.70 11.41 11.53 10.93 7.82 5.90 8.31 9.59 7.43 6.89 12.22 11.41 10.41 11.93 15.85 14.17 14.10 16.16 18.97 18.46 17.74 20.57 21.96 23.13 
18.34 14.69 12.23 9.58 8.67 5.02 6.16 5.14 9.84 11.00 12.12 14.04 17.62 16.50 17.91 17.75 18.71 19.56 20.01 21.35 21.75 21.09 19.99 17.58 15.70 12.08 11.83 10.94 8.53 5.84 5.67 7.19 5.11 0.00 5.41 7.19 5.31 5.84 9.26 10.17 9.60 11.96 14.95 14.87 16.44 17.55 13.41 13.79 10.72 10.98 7.07 9.45 10.43 13.54 16.14 16.08 17.27 17.47 17.73 18.60 16.72 19.02 17.91 14.85 16.81 18.47 16.07 15.13 18.31 19.36 18.20 19.27 18.27 16.67 14.03 12.68 10.97 9.44 7.56 10.63 11.28 13.75 16.11 19.28 21.46 22.82 23.41 22.94 21.40 22.09 20.22 20.81 20.51 21.07 21.53 22.95 24.48 27.61 29.54 28.02 26.87 28.47 28.11 25.06 24.55 27.40 26.21 23.90 25.20 27.88 26.48 24.42 26.15 27.74 27.38 26.61 28.28 27.27 27.68 27.35 26.92 25.88 25.55 25.54 25.34 23.74 23.69 21.76 21.24 19.48 19.87 20.22 21.27 20.15 21.03 18.17 17.21 16.14 14.36 12.83 12.15 12.45 12.01 12.92 14.14 16.30 17.52 19.31 20.18 20.41 17.18 17.05 17.01 15.56 13.33 14.30 12.79 12.57 10.90 9.53 8.07 8.91 8.49 8.67 8.56 11.07 11.22 11.43 12.40 15.04 14.09 14.53 16.63 18.46 17.53 18.16 20.85 21.86 22.25 
19.46 17.20 14.48 11.83 12.03 9.84 10.89 10.26 13.94 14.75 16.74 17.29 21.00 19.64 21.37 21.18 21.61 22.32 23.06 23.98 24.64 24.16 23.00 20.23 18.28 15.46 13.78 12.12 10.89 9.32 6.29 6.16 7.13 5.41 0.91 5.71 7.09 6.19 6.87 9.56 10.63 12.82 14.72 15.70 17.21 18.24 14.65 14.57 11.69 12.81 9.35 11.78 12.36 15.59 18.62 18.17 19.41 20.00 20.13 20.77 18.98 20.97 20.55 17.58 18.94 20.05 18.11 17.35 19.95 20.84 19.89 21.23 19.20 18.31 15.43 13.39 11.94 12.52 12.45 14.11 15.70 17.72 19.85 22.01 24.92 25.28 26.17 25.40 24.18 24.70 22.83 23.13 22.62 23.25 23.81 25.17 26.67 29.47 31.30 29.80 28.96 30.42 29.72 26.94 26.54 28.94 27.53 25.86 26.81 29.19 27.70 26.35 27.61 29.37 28.94 28.44 30.27 29.48 30.25 29.40 29.02 28.30 28.22 27.67 27.81 26.39 26.48 24.33 23.87 22.16 22.36 22.46 23.89 22.67 23.60 20.83 19.53 17.87 17.06 14.89 14.78 14.61 16.14 15.66 16.74 18.51 20.50 21.14 22.68 22.63 19.70 19.21 19.17 17.97 15.18 15.93 14.84 13.56 12.79 10.59 10.18 9.43 10.19 9.02 10.00 11.39 11.20 12.66 13.23 15.15 13.57 15.41 16.44 18.71 18.40 18.22 20.43 22.04 23.20 
18.68 16.02 13.41 10.29 11.93 9.92 11.92 12.54 14.95 16.53 18.30 19.43 22.27 21.14 22.80 22.06 22.84 23.23 23.66 24.62 25.46 25.24 23.92 21.07 19.22 16.40 16.11 13.18 11.13 10.80 9.19 5.76 5.87 7.19 5.71 0.00 5.38 7.77 6.34 6.04 8.98 12.60 12.67 13.07 16.07 17.28 13.23 14.06 11.22 11.77 11.59 12.80 13.87 17.81 20.45 19.39 20.83 20.56 20.64 21.45 19.16 21.12 20.54 17.74 18.53 19.63 17.45 16.78 19.42 20.00 18.99 20.15 18.18 17.79 14.91 13.06 10.80 12.56 12.72 14.50 15.52 18.65 20.63 22.52 24.80 25.94 26.47 25.70 24.55 25.20 23.20 23.33 23.01 23.43 24.04 25.22 26.70 29.58 31.08 29.74 28.79 30.30 29.83 26.89 26.40 28.91 27.58 25.71 26.82 29.38 27.83 25.94 27.58 29.49 29.07 28.18 30.07 29.32 29.98 29.39 29.19 28.21 27.94 27.58 27.89 26.39 26.21 24.16 24.04 22.39 22.32 22.37 23.91 22.67 23.33 20.69 19.77 18.61 16.71 15.42 14.95 15.49 15.42 16.53 17.32 19.04 20.59 21.66 22.94 22.86 19.95 19.81 19.29 18.14 15.77 15.57 13.05 12.33 12.23 9.32 5.74 6.36 7.91 6.85 5.67 9.11 9.89 9.07 9.58 13.99 13.05 13.26 15.16 17.56 16.57 17.39 19.97 21.30 21.75 
16.63 13.27 10.75 9.16 9.69 7.05 10.61 11.73 14.10 15.18 16.81 18.25 21.41 20.67 21.54 21.14 22.12 22.51 23.02 24.01 25.16 24.40 23.43 21.04 19.04 15.45 15.77 14.53 11.31 9.80 10.06 8.78 5.15 5.31 7.09 5.38 0.00 5.91 7.48 5.91 6.13 9.35 11.07 11.73 13.56 15.75 11.60 12.78 8.35 11.68 8.16 12.71 12.98 16.23 19.44 19.31 19.55 19.13 19.43 19.97 18.13 20.23 19.55 16.78 17.48 18.48 16.01 15.35 17.83 18.74 16.69 18.04 15.38 14.37 10.97 9.85 9.28 10.45 9.50 12.35 14.88 16.85 19.29 21.14 23.88 24.90 25.62 24.89 23.47 24.23 22.38 22.54 22.12 22.51 22.84 24.10 25.43 27.88 29.74 27.96 26.99 28.80 28.29 25.14 24.77 27.67 26.11 23.83 25.16 28.36 26.57 24.61 26.34 28.46 27.78 26.90 28.87 27.84 28.57 28.02 28.10 26.63 26.35 26.38 26.66 24.81 24.85 23.20 22.84 20.77 20.81 20.96 22.65 21.13 21.85 19.20 18.40 16.95 15.54 14.36 14.20 14.70 14.29 14.92 16.22 17.98 19.08 20.46 22.15 21.84 18.96 18.75 19.04 17.57 15.28 15.82 14.73 14.19 12.94 10.20 8.45 8.03 8.42 6.21 5.58 7.45 8.09 5.96 6.66 11.33 9.71 8.38 11.80 15.56 14.18 14.14 17.13 18.77 20.19 
