0.00 3.07 5.37 9.70 12.10 14.41 17.72 19.23 22.25 23.18 22.27 21.63 20.66 20.32 19.86 20.94 22.63 23.57 25.47 27.19 29.93 29.48 30.69 30.31 29.05 27.51 28.69 27.77 25.50 24.69 26.61 25.66 24.43 25.05 26.59 25.14 25.26 26.40 28.10 27.07 27.28 25.83 26.50 26.46 26.73 25.30 23.65 22.69 22.14 22.30 22.49 24.61 26.68 27.89 29.38 31.92 29.85 28.76 29.78 29.15 26.99 24.63 22.20 20.14 18.01 17.19 16.05 16.10 16.33 17.24 17.39 19.51 21.75 23.01 23.04 24.61 24.95 26.35 27.61 27.08 27.24 27.56 26.94 25.07 24.80 24.25 23.64 23.15 21.70 21.49 19.82 18.11 16.36 14.75 12.79 11.25 9.79 9.26 9.84 11.65 11.51 13.98 16.52 19.04 17.23 17.12 18.81 19.71 17.75 17.85 19.64 19.25 17.79 18.24 20.43 19.83 19.11 20.02 23.39 23.61 22.80 23.24 23.78 23.78 23.32 23.76 25.07 23.83 21.97 21.16 21.13 21.46 22.28 22.40 24.32 25.87 25.82 26.29 28.20 28.67 27.72 26.01 25.26 22.85 20.43 18.34 17.85 17.15 16.34 16.13 15.10 16.14 19.06 20.38 23.67 
3.07 0.95 4.39 7.21 11.07 14.26 16.64 18.87 21.71 23.23 22.16 21.64 19.92 20.01 19.89 20.88 22.71 23.39 26.07 28.03 31.05 30.68 32.10 31.95 30.86 29.17 29.69 29.24 26.74 26.02 27.53 26.55 25.27 25.76 27.15 25.49 25.34 26.35 27.69 26.72 27.03 24.99 25.32 25.64 26.23 24.63 22.63 21.59 21.48 22.21 22.50 24.78 26.71 28.22 29.70 32.44 30.95 29.83 30.57 30.45 28.26 25.92 22.66 20.88 18.51 17.41 15.38 15.57 15.75 17.14 17.37 19.70 21.66 23.31 23.05 24.86 24.02 26.20 27.87 27.35 27.05 27.81 26.96 25.10 23.84 23.59 22.66 22.79 20.85 21.82 19.73 18.19 15.88 14.62 11.83 11.33 9.10 9.15 9.96 13.64 12.92 16.27 18.56 21.57 18.78 18.86 20.10 21.26 18.68 18.44 20.08 19.81 17.94 18.36 20.17 19.92 18.61 19.97 23.11 23.55 22.53 23.23 23.65 23.71 23.12 23.67 25.46 23.98 22.22 21.12 21.47 21.53 22.49 22.46 24.66 26.33 26.61 26.93 28.70 29.28 28.16 26.11 25.74 22.65 20.43 17.81 17.53 16.23 15.73 15.52 13.62 15.98 19.07 20.37 21.17 
5.37 4.39 0.29 4.71 7.28 10.05 12.83 14.80 17.92 19.04 18.89 17.35 15.25 16.52 16.54 18.41 20.16 21.76 24.62 26.85 29.84 29.62 31.09 31.32 29.89 27.52 27.96 27.56 25.56 24.21 25.26 24.20 23.15 23.24 24.22 22.53 22.61 23.43 24.23 23.03 23.54 21.29 21.47 21.59 22.49 20.91 18.58 17.87 18.02 18.78 19.46 22.21 25.18 26.22 27.41 30.50 29.53 27.73 28.56 28.45 26.23 23.46 19.93 18.24 15.75 14.37 12.19 12.57 12.77 13.93 14.38 16.55 18.36 19.95 19.48 21.31 20.22 22.32 24.38 23.90 23.66 24.01 22.76 20.06 19.10 18.42 17.85 17.24 16.76 17.55 16.50 14.37 11.93 10.75 9.96 7.76 7.41 8.70 9.55 13.33 13.27 17.42 19.25 21.53 19.19 19.31 19.78 20.09 17.71 17.23 18.32 17.15 15.38 15.42 17.47 16.67 15.33 16.62 19.99 20.26 19.14 19.92 20.82 20.66 19.68 20.64 22.48 21.13 19.19 18.46 18.35 18.65 19.52 19.77 21.91 23.42 23.98 24.27 26.22 26.38 25.01 22.97 23.16 19.93 17.73 15.10 14.49 13.80 13.56 13.49 11.90 15.39 18.70 19.96 22.06 
9.70 7.21 4.71 0.74 5.35 6.78 10.63 12.78 15.53 17.69 16.86 16.43 15.03 15.55 16.64 18.13 20.54 21.76 24.95 26.80 29.89 29.31 30.60 31.04 29.58 27.49 27.26 27.40 25.11 23.64 24.37 23.40 22.36 22.54 23.17 21.81 21.94 22.88 23.39 22.33 22.84 20.88 20.75 21.13 22.21 20.85 18.77 18.25 18.76 18.97 20.00 22.80 26.22 26.83 27.86 30.69 30.08 27.99 28.39 28.36 26.65 24.03 20.42 19.32 16.32 15.31 12.77 12.34 12.67 13.43 13.76 16.17 18.18 19.20 18.38 20.25 20.15 21.58 23.22 23.48 23.59 24.35 22.02 19.64 18.70 18.22 16.79 16.71 15.76 16.61 15.32 13.28 10.74 10.01 8.12 7.26 8.18 10.21 11.63 15.33 16.23 20.11 21.35 23.63 21.54 21.16 21.11 21.15 18.84 18.41 19.18 18.40 16.92 16.52 18.02 17.78 16.67 17.29 20.27 20.84 19.72 20.17 20.55 20.92 20.22 20.73 22.70 21.49 19.85 18.64 18.38 18.53 19.79 20.04 22.50 24.01 24.79 25.01 26.83 27.27 25.98 23.84 23.84 20.83 18.53 15.35 15.14 12.76 13.65 13.46 13.87 15.25 19.03 19.57 25.82 
12.10 11.07 7.28 5.35 0.00 5.34 6.90 9.87 14.10 15.72 14.30 13.30 12.94 12.90 14.15 16.18 19.60 22.12 24.66 26.86 29.01 29.23 30.25 30.63 28.53 27.15 28.61 27.82 23.97 23.09 24.97 23.60 21.25 22.02 23.77 21.93 21.77 22.96 24.78 23.38 23.71 21.68 22.39 22.33 22.73 20.65 18.82 18.13 18.70 19.14 19.89 23.09 25.67 27.31 28.25 32.47 31.30 29.52 29.70 29.96 28.53 25.72 22.28 20.19 17.61 15.66 13.24 12.36 12.81 13.25 12.82 15.84 18.77 19.87 18.85 20.95 21.32 23.25 24.34 24.45 24.94 25.88 23.25 21.04 20.27 19.73 18.20 17.85 16.82 17.27 15.15 11.95 9.30 7.42 6.30 6.11 7.52 9.75 12.16 15.80 15.92 19.18 20.61 23.26 20.82 20.05 20.98 21.68 18.87 19.02 20.75 20.28 18.20 17.97 19.96 19.43 17.97 18.30 21.37 21.75 20.35 20.48 21.09 21.04 20.44 20.83 22.82 21.33 19.41 18.20 18.58 18.95 20.23 20.91 23.48 25.49 25.97 26.58 28.26 28.95 27.86 25.88 24.84 21.81 18.96 16.76 15.13 13.82 12.91 15.26 15.80 14.67 14.85 18.28 22.80 
14.41 14.26 10.05 6.78 5.34 0.00 5.83 7.24 12.00 14.43 13.38 12.35 11.56 12.90 14.49 17.01 21.62 24.03 27.10 29.02 31.70 31.50 33.09 32.88 31.01 29.20 30.42 29.33 25.74 24.53 26.08 24.63 22.45 22.84 23.75 22.09 21.70 23.14 23.88 23.10 23.29 21.32 21.23 21.56 22.12 20.13 18.16 17.64 18.68 19.62 21.34 24.74 28.03 29.62 31.20 34.05 33.65 32.05 32.33 32.19 30.72 28.39 24.30 22.07 19.14 17.36 14.45 13.59 13.80 14.12 13.64 16.51 18.91 20.45 19.02 21.50 20.61 23.36 25.07 25.85 25.62 26.33 23.54 21.85 19.87 19.25 17.64 18.71 15.86 17.13 13.45 11.22 8.52 7.71 6.87 7.22 10.02 13.13 14.33 19.03 18.80 22.13 23.69 26.30 24.08 22.74 23.74 24.57 21.86 21.05 22.56 22.20 19.86 19.59 20.57 20.51 18.80 19.58 21.80 22.76 21.05 21.81 21.53 21.93 21.09 21.60 23.79 22.04 20.21 19.13 19.76 20.06 21.57 22.26 25.07 26.87 27.60 27.95 29.62 30.12 29.02 26.68 25.85 21.80 19.14 16.17 15.15 13.64 12.81 15.34 15.98 16.95 16.34 19.69 22.20 
17.72 16.64 12.83 10.63 6.90 5.83 1.10 6.14 8.32 11.57 11.88 12.50 11.82 13.15 16.17 18.61 22.78 25.38 28.73 30.73 33.11 32.41 33.70 34.33 31.82 29.74 30.89 30.29 26.92 25.37 26.53 24.86 22.66 22.43 23.20 21.15 21.32 21.79 22.82 21.36 22.53 19.65 19.80 19.85 21.09 18.95 17.80 17.26 18.38 19.74 21.87 25.75 29.31 30.86 32.34 35.79 34.66 33.60 34.42 34.48 32.58 30.69 26.59 24.39 21.32 19.46 16.76 15.81 15.29 14.93 14.12 16.13 18.03 19.21 18.70 20.49 19.56 22.30 25.25 25.40 25.04 25.39 23.39 20.85 19.88 17.62 17.13 16.15 14.09 14.10 12.79 8.99 8.08 7.96 9.76 10.73 12.92 15.48 17.02 22.19 21.73 25.14 26.01 29.51 27.20 25.34 25.36 26.60 23.54 22.58 23.49 23.15 20.87 19.91 21.12 20.91 19.54 19.29 22.04 22.62 21.29 21.15 21.46 21.50 20.93 21.62 23.99 22.37 20.19 19.73 20.05 20.77 21.98 22.80 25.20 27.32 27.57 28.20 29.74 30.46 29.06 26.88 26.21 22.71 19.36 16.59 15.62 14.11 13.79 15.57 14.92 15.36 17.02 20.49 21.98 
19.23 18.87 14.80 12.78 9.87 7.24 6.14 0.00 5.52 7.18 8.24 10.19 11.69 12.79 15.41 18.41 22.19 24.72 28.02 30.05 32.04 31.89 32.90 33.49 30.33 28.88 29.47 29.17 25.13 24.02 25.31 23.53 20.86 21.53 22.13 20.31 20.31 21.65 22.15 21.06 21.59 19.25 19.05 19.19 20.45 19.45 17.85 17.50 18.62 20.05 22.18 25.48 29.13 30.71 31.93 35.22 34.50 33.24 33.64 34.17 32.91 31.24 26.59 24.66 21.57 20.75 17.54 16.16 15.12 14.62 13.09 14.74 16.23 17.55 16.48 19.65 18.64 22.08 24.47 24.68 24.46 25.85 22.55 19.83 18.70 17.09 14.68 13.96 10.67 11.54 9.62 8.08 7.84 7.88 9.96 13.17 14.59 17.93 19.21 23.85 23.30 26.97 27.84 30.91 28.31 26.47 26.44 27.45 24.36 23.54 24.47 24.33 21.63 21.02 21.81 22.25 20.37 20.52 22.47 23.42 21.50 21.49 21.16 21.64 20.68 21.23 23.65 21.98 20.13 19.02 19.62 20.13 22.11 22.71 25.58 27.47 28.35 29.02 30.65 31.44 30.02 27.95 27.26 23.10 20.55 17.45 16.63 14.50 14.81 16.10 15.80 16.73 17.73 20.66 23.65 
22.25 21.71 17.92 15.53 14.10 12.00 8.32 5.52 0.00 5.18 6.49 10.29 12.52 15.47 18.09 20.52 23.80 26.98 30.14 32.18 34.36 33.75 35.00 34.28 31.32 29.56 30.99 30.04 25.93 24.91 26.36 24.94 22.24 22.94 23.89 22.24 22.15 23.88 24.68 23.61 24.24 22.02 22.16 22.73 23.63 22.72 21.13 21.18 22.02 23.42 24.74 27.43 30.92 32.52 33.96 37.45 37.47 35.54 36.38 36.53 35.32 32.99 28.84 27.29 24.62 23.20 20.56 18.45 17.47 16.19 14.52 15.51 16.93 17.43 16.87 20.12 20.20 22.98 24.24 23.99 24.08 24.94 22.14 19.69 19.72 16.85 14.73 12.47 10.63 11.33 10.26 10.03 12.35 13.33 14.59 16.42 18.84 21.58 23.52 26.83 26.03 30.39 31.49 33.60 30.95 29.60 30.25 30.52 27.46 27.05 28.32 27.95 25.33 24.91 26.21 26.24 25.15 24.83 26.47 26.69 24.67 24.67 24.11 24.30 23.70 24.41 26.66 25.41 23.60 23.05 23.29 23.86 25.97 26.40 28.77 30.50 31.57 32.37 33.88 34.25 33.14 30.81 29.96 26.45 23.91 22.05 21.00 19.50 19.64 19.44 19.15 19.86 21.13 24.29 25.44 
23.18 23.23 19.04 17.69 15.72 14.43 11.57 7.18 5.18 0.00 4.93 7.42 10.39 13.99 17.20 19.74 23.51 27.44 31.38 32.78 34.98 34.16 35.68 34.58 31.57 29.48 30.73 29.97 25.66 24.72 26.27 24.91 22.20 22.40 23.18 21.17 21.19 22.76 23.36 22.63 23.65 21.12 21.19 21.14 22.08 20.26 19.74 20.17 21.22 22.75 24.23 27.45 31.18 32.54 34.12 37.64 37.86 36.38 37.35 37.54 35.89 33.29 29.17 27.87 24.68 22.69 19.84 18.24 15.90 14.66 12.53 14.69 15.06 16.62 15.77 19.01 17.98 20.77 22.56 22.71 22.36 22.79 20.65 18.70 17.03 16.00 12.58 11.96 9.47 10.71 9.92 11.34 14.51 14.85 15.82 17.38 20.76 24.02 25.14 28.84 28.47 31.96 32.68 35.03 32.47 30.96 31.38 31.62 28.35 27.74 28.73 28.33 25.62 25.52 26.42 26.25 25.04 25.04 26.35 26.97 24.83 25.29 24.21 24.50 23.65 24.48 26.57 25.05 23.25 23.23 23.77 24.25 25.77 26.47 28.77 30.60 31.79 32.64 33.95 34.55 33.38 31.09 30.50 26.83 24.92 22.52 21.17 19.22 18.60 19.15 20.10 20.55 22.39 23.57 24.97 
22.27 22.16 18.89 16.86 14.30 13.38 11.88 8.24 6.49 4.93 0.00 5.38 7.11 10.37 13.63 16.54 20.82 24.12 27.24 29.68 31.15 30.90 31.76 31.68 28.16 25.90 27.55 26.55 22.55 21.60 23.05 20.93 17.99 18.30 19.09 17.15 17.15 18.41 19.03 18.67 19.80 16.95 16.98 17.24 17.53 16.08 14.93 15.65 16.68 18.51 20.62 24.48 28.15 29.99 32.28 36.22 35.39 34.18 35.31 35.39 32.23 30.22 25.79 24.00 20.70 18.49 15.68 13.70 11.97 10.41 9.34 10.36 12.43 12.94 12.85 14.86 14.90 16.92 19.25 18.27 18.77 19.22 17.97 14.06 13.52 11.31 10.85 9.60 7.90 10.13 11.52 11.66 13.46 13.17 14.93 17.14 19.61 22.00 22.96 27.20 27.02 30.01 30.61 32.96 30.87 28.43 28.78 29.32 25.92 25.01 25.86 25.32 22.53 21.96 23.09 22.89 21.74 21.22 22.99 23.52 21.91 21.84 21.29 21.15 20.54 21.36 23.37 21.86 19.80 19.79 20.40 20.83 22.35 22.70 25.09 27.25 28.32 29.09 30.74 31.38 29.88 27.73 27.33 23.59 21.05 19.28 19.04 16.52 15.85 16.60 17.11 18.93 20.41 23.53 24.53 
21.63 21.64 17.35 16.43 13.30 12.35 12.50 10.19 10.29 7.42 5.38 0.00 5.90 7.25 10.47 13.50 17.75 20.90 23.67 26.50 28.79 27.95 29.06 28.94 25.74 24.00 25.37 24.13 20.30 19.24 20.78 18.41 16.17 16.87 17.75 15.73 16.31 17.73 18.57 18.52 20.11 16.97 16.88 17.45 17.79 15.48 13.73 13.91 15.24 16.79 18.56 22.17 25.85 27.95 29.55 33.95 33.03 31.90 32.44 32.67 30.03 28.87 23.74 21.58 18.84 15.88 13.03 10.60 9.91 8.82 7.67 10.07 11.65 13.06 12.21 13.85 13.51 15.68 17.80 17.42 17.15 18.25 15.42 12.51 10.31 8.74 8.29 10.12 8.54 11.80 13.41 13.43 14.51 13.78 14.97 16.92 19.52 21.33 22.75 26.11 25.87 28.87 29.19 31.78 29.81 27.38 27.58 28.31 25.63 24.33 25.45 25.20 22.66 22.09 23.06 22.82 21.57 21.17 23.13 23.87 22.16 22.14 20.80 21.01 20.18 20.71 22.70 21.38 19.22 18.81 19.09 19.35 20.86 21.22 23.79 26.27 27.40 27.74 29.72 30.48 29.35 26.88 26.52 23.11 20.46 18.35 17.13 15.95 15.17 16.31 15.87 18.46 20.15 22.55 23.89 
20.66 19.92 15.25 15.03 12.94 11.56 11.82 11.69 12.52 10.39 7.11 5.90 0.00 5.65 5.77 10.18 13.59 16.99 19.79 22.60 24.87 24.65 25.39 25.46 22.49 21.37 23.62 22.60 18.28 17.56 19.33 17.39 15.36 16.00 17.56 15.75 16.30 18.00 19.69 19.13 20.51 17.55 18.00 18.20 18.97 16.09 13.90 13.61 14.22 14.35 15.36 18.63 22.36 23.94 25.00 29.33 28.23 26.32 26.42 26.97 25.34 23.07 19.25 16.87 14.92 12.12 9.10 7.68 7.75 8.11 7.53 10.24 13.03 13.90 12.92 14.60 13.77 15.28 16.86 15.96 16.94 16.42 13.50 9.35 8.98 8.28 7.90 9.37 10.60 13.90 14.70 14.48 14.82 14.41 14.83 16.46 17.69 19.83 21.01 24.21 23.69 27.07 27.58 30.15 27.86 26.40 26.65 27.55 24.62 24.18 25.16 25.01 22.75 22.29 23.48 23.16 21.87 21.88 23.99 24.36 22.64 22.16 21.48 21.24 20.44 20.34 21.76 20.33 18.15 17.61 17.99 18.28 19.59 20.08 22.41 24.76 25.66 26.26 27.85 28.92 27.99 25.64 24.67 21.78 19.82 17.24 16.43 14.67 14.87 15.81 14.30 16.92 17.23 21.86 22.42 
20.32 20.01 16.52 15.55 12.90 12.90 13.15 12.79 15.47 13.99 10.37 7.25 5.65 0.00 5.20 6.25 11.07 13.77 16.92 19.00 21.48 21.92 22.82 22.09 19.17 18.38 20.33 18.95 15.54 14.75 16.80 14.88 13.13 14.00 15.91 14.12 14.95 17.19 19.37 18.59 20.13 17.16 17.58 18.28 18.31 15.30 12.91 11.66 11.96 12.24 12.94 16.41 20.02 22.10 22.29 26.46 25.70 23.82 24.16 25.21 23.62 20.53 17.41 15.21 13.22 9.12 8.28 6.78 7.73 8.05 8.50 11.80 14.78 15.14 12.99 14.76 13.27 15.47 16.32 15.29 15.04 15.33 11.07 8.07 7.37 9.26 7.67 10.49 12.16 16.29 15.82 16.00 15.76 14.08 15.35 16.55 18.14 19.31 20.62 23.93 23.10 26.01 26.44 29.06 26.97 25.11 25.90 26.41 23.76 22.82 23.97 23.72 21.37 21.09 22.20 22.10 20.87 20.66 22.93 23.65 21.97 21.87 20.99 21.00 20.00 19.71 21.26 19.73 17.72 16.84 17.06 17.07 18.15 19.09 21.31 23.28 24.70 25.15 27.12 27.83 27.13 24.59 24.01 20.76 18.85 16.70 15.65 14.38 14.36 14.91 14.69 17.57 18.56 20.88 22.16 
19.86 19.89 16.54 16.64 14.15 14.49 16.17 15.41 18.09 17.20 13.63 10.47 5.77 5.20 0.00 5.52 7.33 10.61 12.34 15.18 17.81 17.23 18.41 18.75 16.29 14.56 16.14 16.14 13.12 12.58 14.42 12.96 11.75 13.08 14.97 14.02 15.15 17.53 19.55 19.78 21.09 18.42 18.45 18.92 18.31 15.73 12.40 11.00 10.22 10.44 10.46 13.40 17.01 18.66 19.81 23.35 22.69 20.75 21.08 21.43 20.05 16.71 13.70 11.97 9.67 7.55 6.60 7.73 8.77 10.33 11.24 14.82 17.66 18.08 15.42 16.33 14.92 16.44 17.77 15.99 15.59 14.25 11.25 7.59 7.86 8.34 8.67 12.36 14.03 16.65 17.80 17.37 17.43 15.76 16.81 18.14 18.73 19.51 19.57 22.86 22.89 25.17 25.22 28.16 26.20 24.19 24.54 25.58 22.86 21.45 22.49 22.50 20.43 19.69 20.84 21.01 19.96 19.92 22.05 23.05 21.52 21.35 20.64 20.63 19.58 19.57 21.15 19.47 17.09 16.29 16.36 15.82 17.10 17.79 19.95 22.54 23.77 24.57 26.14 27.26 26.07 23.80 22.95 19.75 17.81 15.37 15.28 13.56 13.43 13.91 13.67 16.60 17.84 22.18 22.29 
20.94 20.88 18.41 18.13 16.18 17.01 18.61 18.41 20.52 19.74 16.54 13.50 10.18 6.25 5.52 0.00 6.40 6.83 9.93 12.24 15.14 14.57 15.56 16.16 14.27 12.56 14.39 14.28 11.01 10.54 12.89 11.34 10.42 12.84 14.92 13.81 15.36 18.41 20.58 20.79 22.26 19.59 19.75 20.46 20.14 17.39 13.80 12.17 11.15 10.00 10.03 12.09 14.84 16.30 17.42 20.27 20.68 18.26 19.68 18.80 18.59 15.79 11.94 9.23 9.29 6.79 7.89 9.47 11.48 13.29 14.35 17.89 19.74 20.92 18.62 19.77 17.11 18.87 19.29 17.36 15.26 14.88 10.89 8.54 8.79 10.41 10.72 14.93 15.37 19.85 19.94 19.33 19.78 18.55 18.49 18.81 19.31 19.99 19.75 22.42 21.91 24.80 24.46 27.66 26.12 23.64 24.01 24.91 22.63 20.90 21.96 22.14 20.38 19.97 21.17 21.30 20.45 21.12 23.54 24.34 22.65 23.11 22.00 22.02 20.91 20.96 22.08 20.41 17.94 16.46 15.88 15.31 16.65 17.06 19.46 21.93 23.47 24.12 25.89 26.93 26.07 23.66 23.02 19.95 17.66 15.67 15.33 14.80 14.75 14.68 15.23 18.17 19.82 21.97 23.43 
22.63 22.71 20.16 20.54 19.60 21.62 22.78 22.19 23.80 23.51 20.82 17.75 13.59 11.07 7.33 6.40 0.00 5.97 7.14 9.24 12.26 12.59 13.78 14.22 11.89 11.72 14.00 14.11 11.58 11.55 14.03 13.04 12.54 14.84 17.26 16.28 17.77 20.89 22.74 23.15 24.74 22.17 22.34 22.97 22.72 19.90 15.74 14.20 12.77 11.27 10.27 11.52 13.00 14.07 14.50 18.57 17.88 16.22 16.43 16.39 15.17 12.95 8.42 7.18 7.66 8.34 9.24 11.07 14.17 16.01 17.15 20.57 22.84 23.77 21.88 23.30 21.47 22.65 23.17 20.14 17.44 16.80 13.78 10.89 11.17 13.15 14.16 16.52 17.50 21.47 22.07 21.41 22.23 21.33 20.87 20.62 19.47 20.50 20.38 23.02 22.36 24.96 25.09 28.18 26.50 24.28 24.20 25.18 23.17 21.64 22.40 22.83 21.40 20.81 22.41 22.71 22.01 22.91 25.40 26.18 24.51 24.89 24.18 24.26 23.44 22.71 23.47 21.85 19.46 17.57 16.81 16.53 17.29 17.57 19.84 22.15 23.54 24.69 26.40 27.32 26.47 24.38 23.62 20.47 17.86 16.64 16.49 15.50 16.37 15.25 15.09 18.03 20.12 23.69 24.69 
23.57 23.39 21.76 21.76 22.12 24.03 25.38 24.72 26.98 27.44 24.12 20.90 16.99 13.77 10.61 6.83 5.97 0.00 5.69 6.42 9.52 10.04 11.89 11.20 9.63 9.73 12.65 12.28 9.80 10.98 13.59 12.14 12.10 15.45 17.95 16.93 18.35 21.82 24.54 24.18 25.77 23.22 23.75 24.02 24.22 21.49 18.15 15.71 13.67 11.70 10.15 9.99 11.54 11.69 12.33 15.69 15.69 14.29 14.49 14.40 13.25 10.02 8.04 6.85 8.52 9.36 11.24 13.06 16.23 18.56 19.56 22.95 25.71 26.01 24.53 25.80 23.71 24.52 24.95 22.24 19.45 19.76 16.14 13.00 13.09 15.54 15.15 18.43 19.47 22.84 23.16 22.32 23.19 21.69 21.20 21.49 20.68 20.74 20.75 23.35 22.56 24.58 24.56 27.70 25.69 23.11 23.36 24.39 22.22 20.66 21.46 22.26 20.56 20.24 22.14 22.64 21.58 22.23 25.45 26.42 24.53 25.08 24.72 24.71 23.38 22.84 23.65 22.08 19.30 17.53 16.84 16.45 17.15 17.22 19.40 21.53 22.71 24.15 26.22 27.12 25.99 23.85 23.47 20.09 18.56 17.34 17.04 16.39 16.30 16.18 16.53 19.24 20.77 23.16 24.99 
25.47 26.07 24.62 24.95 24.66 27.10 28.73 28.02 30.14 31.38 27.24 23.67 19.79 16.92 12.34 9.93 7.14 5.69 0.93 5.52 7.87 8.50 10.72 11.82 10.36 10.75 13.04 13.93 12.06 13.03 15.62 14.76 14.46 17.42 20.63 19.83 21.09 24.37 26.53 26.81 28.52 25.95 26.28 26.93 26.53 23.68 20.38 18.28 15.44 13.32 11.21 11.10 10.98 11.12 11.47 15.02 14.48 12.79 13.12 12.72 11.20 9.79 7.57 8.71 10.13 11.93 13.74 17.10 19.57 22.33 23.58 27.19 29.33 29.89 28.07 29.04 27.39 27.81 27.62 24.94 23.25 23.13 20.50 17.97 18.22 18.78 17.97 20.96 22.24 25.49 25.65 24.78 25.54 23.83 23.23 23.59 23.17 22.51 22.20 24.89 23.83 25.56 25.08 27.99 25.46 22.89 23.15 24.42 22.25 20.59 21.70 22.67 21.03 20.89 23.05 23.74 22.34 23.63 26.69 27.69 25.61 26.25 26.08 26.03 24.47 24.18 24.93 23.09 20.34 18.92 18.17 17.67 18.56 18.44 20.03 22.22 23.39 24.86 26.89 27.80 26.61 24.60 24.14 21.30 19.62 18.67 19.30 18.08 18.70 17.84 17.77 19.47 21.82 24.91 25.80 
27.19 28.03 26.85 26.80 26.86 29.02 30.73 30.05 32.18 32.78 29.68 26.50 22.60 19.00 15.18 12.24 9.24 6.42 5.52 0.00 5.07 5.85 8.05 9.76 8.92 8.96 12.12 13.78 11.42 12.70 15.87 15.68 14.57 17.97 20.86 20.09 21.37 24.45 26.76 27.21 28.80 26.43 26.61 27.17 26.90 24.55 20.87 18.51 16.16 13.63 11.73 11.84 11.25 11.09 11.20 14.63 13.79 12.11 11.57 10.84 10.59 9.52 7.54 8.70 11.46 13.20 15.94 18.81 20.80 23.34 25.17 28.34 31.12 31.73 30.19 30.97 28.81 29.55 29.70 26.75 24.95 24.99 22.42 19.71 19.17 20.79 19.99 22.77 23.08 26.42 26.32 24.96 25.71 24.86 23.66 24.00 22.92 23.35 22.48 25.02 23.34 25.52 24.69 27.56 24.82 22.17 22.44 23.85 21.50 19.88 20.94 22.61 20.99 20.65 23.29 24.00 22.64 23.95 27.54 28.22 26.08 27.03 27.21 26.68 24.91 24.25 25.49 23.69 20.82 18.84 18.63 18.07 18.44 18.23 20.04 21.78 22.95 24.48 26.61 27.34 26.06 24.19 23.91 21.17 20.01 18.83 19.52 18.78 19.15 18.97 19.08 21.13 22.46 24.80 26.68 
29.93 31.05 29.84 29.89 29.01 31.70 33.11 32.04 34.36 34.98 31.15 28.79 24.87 21.48 17.81 15.14 12.26 9.52 7.87 5.07 0.37 5.54 7.30 8.94 9.73 10.40 13.19 14.13 12.82 14.47 17.66 17.49 16.31 19.16 22.33 21.67 22.52 25.75 28.05 28.36 30.45 28.09 28.04 28.60 28.55 26.15 21.57 20.47 18.46 16.32 14.12 13.77 13.16 12.38 12.04 15.31 14.41 12.48 12.14 11.31 11.58 11.57 10.14 11.64 13.99 16.32 18.19 21.17 23.87 26.48 27.44 30.79 34.10 34.39 32.69 33.35 31.86 32.67 32.78 30.00 27.96 28.26 25.53 22.87 21.58 22.93 22.78 24.73 25.29 28.26 28.18 26.89 27.74 26.67 25.87 25.94 24.71 24.69 24.53 26.62 24.53 26.44 26.00 28.67 26.37 23.67 23.93 25.36 23.73 21.78 23.21 24.86 23.68 22.93 25.35 26.03 24.92 26.30 29.99 30.36 28.25 29.03 29.04 28.84 26.90 26.47 27.45 25.81 22.45 20.91 20.81 20.15 20.38 20.23 21.93 23.33 24.09 25.63 27.86 28.38 27.85 26.17 25.85 23.12 22.19 21.03 22.25 21.13 21.81 22.44 21.71 21.74 24.03 26.94 28.11 
29.48 30.68 29.62 29.31 29.23 31.50 32.41 31.89 33.75 34.16 30.90 27.95 24.65 21.92 17.23 14.57 12.59 10.04 8.50 5.85 5.54 0.00 5.86 8.02 8.05 8.78 11.53 12.96 11.30 12.76 16.32 15.81 15.08 17.97 21.37 20.38 21.38 25.08 27.03 27.68 29.04 27.09 26.84 27.98 27.91 25.35 21.55 19.57 17.21 15.18 13.48 13.25 11.97 12.13 12.02 14.93 13.39 11.97 11.61 11.68 11.13 11.26 9.81 12.35 14.29 16.34 17.67 20.99 23.99 26.56 27.51 31.48 34.41 34.59 32.08 33.92 31.72 32.93 32.22 30.02 28.18 28.60 25.50 22.75 21.65 23.15 22.63 24.77 25.38 28.37 27.82 26.97 27.77 26.75 25.58 25.87 24.31 24.73 24.23 26.60 24.49 26.42 25.63 28.10 25.23 22.63 23.00 24.66 22.62 21.66 22.66 24.32 22.71 22.70 25.00 25.93 24.64 26.29 29.64 30.57 28.30 29.49 29.20 29.04 26.95 26.72 27.73 25.81 22.58 20.78 20.40 19.72 19.77 19.34 21.18 22.78 23.57 24.78 26.70 27.84 26.78 25.34 25.31 21.99 21.47 20.62 21.52 20.33 21.05 22.29 22.02 22.95 24.37 26.51 28.50 
30.69 32.10 31.09 30.60 30.25 33.09 33.70 32.90 35.00 35.68 31.76 29.06 25.39 22.82 18.41 15.56 13.78 11.89 10.72 8.05 7.30 5.86 0.47 6.86 8.34 7.60 9.65 12.05 11.94 12.29 15.41 15.89 15.70 18.55 21.43 21.42 23.05 26.28 28.30 28.43 30.99 28.73 28.72 29.12 29.22 26.53 22.91 20.28 17.64 16.28 14.41 14.30 14.01 14.13 14.44 16.46 14.75 13.50 13.82 13.75 14.30 13.90 13.02 14.52 16.57 18.53 19.69 23.25 25.98 29.10 30.26 33.36 36.06 36.00 33.96 34.89 33.46 34.22 33.19 31.22 29.71 29.90 26.98 24.34 23.47 24.72 24.38 26.36 27.20 30.11 29.81 29.25 30.19 28.67 27.34 27.63 27.10 26.95 26.49 28.57 26.84 28.34 27.74 29.55 26.96 24.65 25.07 26.46 24.77 23.63 25.02 26.53 24.97 25.14 27.55 28.35 27.17 28.55 31.94 32.80 30.94 31.52 31.64 31.36 29.85 29.61 30.25 28.02 24.72 22.92 22.15 21.28 21.74 21.21 22.77 24.49 25.61 26.47 27.83 28.84 28.68 27.36 27.60 25.01 24.56 23.21 24.18 23.24 23.95 24.90 25.58 24.41 27.51 29.95 30.58 
30.31 31.95 31.32 31.04 30.63 32.88 34.33 33.49 34.28 34.58 31.68 28.94 25.46 22.09 18.75 16.16 14.22 11.20 11.82 9.76 8.94 8.02 6.86 0.00 6.53 7.71 7.93 9.21 9.94 11.97 13.99 14.10 14.82 17.38 20.21 19.72 21.63 24.84 26.90 27.77 30.22 28.12 28.04 28.30 28.89 26.44 22.43 19.59 18.20 16.36 14.58 15.06 14.69 15.20 14.98 18.41 16.38 14.77 14.55 15.04 14.96 14.96 13.01 15.01 16.38 18.49 19.87 22.79 25.69 28.33 29.31 32.68 34.75 35.69 33.84 35.14 33.29 34.09 33.70 31.42 29.71 29.72 27.57 25.15 24.18 25.22 24.99 27.03 26.71 30.11 29.63 28.86 29.45 28.47 27.30 27.76 26.83 26.90 26.51 28.49 26.46 27.95 27.30 28.94 26.42 24.16 24.64 26.35 24.76 24.20 25.37 27.11 25.79 25.88 28.32 29.49 28.03 29.74 32.78 33.76 31.67 32.60 32.38 32.15 30.16 30.02 30.49 28.42 25.20 23.02 21.95 21.27 21.85 21.32 22.70 24.01 25.14 26.01 27.39 28.46 28.03 26.92 26.81 24.44 24.53 22.78 24.03 23.50 24.24 24.67 24.98 25.66 27.55 29.17 30.61 
29.05 30.86 29.89 29.58 28.53 31.01 31.82 30.33 31.32 31.57 28.16 25.74 22.49 19.17 16.29 14.27 11.89 9.63 10.36 8.92 9.73 8.05 8.34 6.53 0.00 5.63 7.59 6.83 6.72 9.12 12.42 11.63 11.30 14.48 17.59 16.96 17.68 21.12 24.12 24.36 27.05 24.99 25.04 25.71 25.87 23.30 19.09 17.69 15.70 14.45 12.44 13.27 13.07 13.29 12.85 16.59 14.71 13.34 13.09 13.97 13.64 12.92 10.57 13.12 13.95 16.21 16.96 20.63 23.30 25.64 26.22 29.84 32.50 32.63 31.14 32.73 31.48 32.26 31.90 29.77 28.22 28.32 26.00 23.52 22.72 23.89 23.44 24.61 24.50 27.56 27.21 26.46 26.96 26.19 25.29 25.66 24.42 24.71 24.37 25.89 23.65 25.03 24.84 26.64 24.37 22.15 23.08 24.86 23.38 22.32 24.18 25.92 24.65 24.49 27.09 28.19 26.83 28.32 31.36 32.07 29.99 30.64 30.83 30.33 28.77 28.29 28.58 26.39 23.44 21.19 20.75 19.44 20.14 19.53 20.89 22.15 22.82 23.58 25.29 26.00 25.51 24.26 24.60 22.68 22.16 20.71 22.14 21.52 22.06 22.89 24.07 23.49 25.33 28.06 29.40 
27.51 29.17 27.52 27.49 27.15 29.20 29.74 28.88 29.56 29.48 25.90 24.00 21.37 18.38 14.56 12.56 11.72 9.73 10.75 8.96 10.40 8.78 7.60 7.71 5.63 0.00 5.23 7.35 5.41 5.67 9.28 10.35 9.29 11.02 15.11 14.91 15.23 18.36 21.35 21.79 23.98 21.91 22.33 22.56 22.56 20.24 16.80 14.65 12.80 11.65 10.70 11.49 12.09 12.63 12.54 15.53 14.66 13.15 12.91 13.46 12.55 11.24 8.50 10.58 10.69 12.65 13.13 16.31 19.62 22.02 23.10 27.18 30.17 30.72 28.69 30.29 29.51 29.63 29.05 26.83 25.85 25.86 23.72 21.14 21.00 21.85 21.58 22.96 22.67 25.37 25.34 24.36 24.66 23.80 23.07 22.77 21.64 22.15 21.78 23.13 21.11 23.04 22.63 24.51 22.27 20.16 21.19 23.28 21.79 21.19 22.58 23.75 22.81 23.02 25.42 26.17 25.22 26.81 29.65 30.39 28.39 29.23 29.25 29.05 26.75 26.35 26.68 24.71 21.28 19.00 18.57 17.14 17.01 16.12 18.42 20.07 20.72 21.30 23.17 24.31 23.21 21.67 22.14 19.36 19.37 17.74 19.64 18.41 19.53 20.55 21.93 22.80 24.18 26.23 28.74 
28.69 29.69 27.96 27.26 28.61 30.42 30.89 29.47 30.99 30.73 27.55 25.37 23.62 20.33 16.14 14.39 14.00 12.65 13.04 12.12 13.19 11.53 9.65 7.93 7.59 5.23 0.75 6.29 7.17 5.74 7.91 9.90 10.46 11.22 14.41 15.85 17.04 19.40 22.19 23.07 25.49 23.71 24.00 23.90 23.68 21.43 18.49 16.38 14.09 13.82 13.23 14.42 14.76 15.64 16.04 18.91 17.15 15.93 16.60 16.15 14.97 13.73 11.51 12.53 11.98 14.12 14.41 17.00 19.12 22.74 23.93 27.62 30.25 31.26 30.04 31.53 30.84 31.11 30.27 28.62 27.45 27.42 24.93 23.22 22.50 23.07 22.62 24.16 23.95 26.23 26.01 25.91 26.31 25.01 23.89 24.19 23.58 23.43 22.83 24.88 23.57 25.12 24.97 27.23 25.28 23.55 23.96 25.75 24.11 23.74 24.78 26.09 25.24 25.63 27.62 28.50 27.53 28.90 31.60 32.63 30.83 31.36 31.60 30.91 29.39 28.93 29.23 26.62 23.86 21.54 21.09 19.04 18.96 18.01 20.42 21.61 22.78 23.43 24.92 25.60 25.32 23.78 23.96 22.27 21.97 20.96 21.82 21.43 22.42 23.34 24.75 24.63 26.77 29.25 30.09 
27.77 29.24 27.56 27.40 27.82 29.33 30.29 29.17 30.04 29.97 26.55 24.13 22.60 18.95 16.14 14.28 14.11 12.28 13.93 13.78 14.13 12.96 12.05 9.21 6.83 7.35 6.29 0.00 5.64 7.38 6.78 7.11 9.19 11.37 12.93 13.43 15.62 17.82 20.08 21.39 24.01 21.91 22.70 22.80 22.84 20.62 17.50 15.48 14.94 13.98 13.81 15.50 15.90 17.22 17.27 20.40 18.98 17.66 17.99 17.77 16.33 15.28 12.90 12.38 12.35 13.65 14.09 15.84 17.73 20.44 22.23 26.03 28.59 29.78 28.55 29.91 29.20 29.64 29.14 27.10 26.21 26.17 24.04 21.75 21.79 21.97 21.58 23.16 23.01 25.26 25.16 24.48 25.11 23.85 23.32 23.49 22.62 22.66 22.24 24.75 23.44 25.13 25.07 27.62 25.60 23.96 24.52 26.35 24.52 24.22 25.54 27.03 25.78 26.00 28.48 29.46 28.46 29.75 32.47 33.23 31.42 32.03 31.94 31.57 29.80 29.24 29.20 26.88 24.11 21.81 20.64 19.10 19.21 18.34 19.86 20.82 22.57 23.90 25.00 25.62 25.07 23.69 23.75 21.36 21.36 20.32 21.59 21.02 22.18 23.14 23.16 24.51 26.33 28.22 29.78 
25.50 26.74 25.56 25.11 23.97 25.74 26.92 25.13 25.93 25.66 22.55 20.30 18.28 15.54 13.12 11.01 11.58 9.80 12.06 11.42 12.82 11.30 11.94 9.94 6.72 5.41 7.17 5.64 0.00 4.94 7.34 5.71 5.38 8.39 10.60 9.86 10.63 14.11 15.67 16.50 18.87 17.32 17.57 18.52 18.24 15.57 12.55 12.06 11.32 10.92 10.43 12.05 13.71 14.29 14.57 18.27 17.20 16.00 16.52 16.39 15.57 13.48 10.29 10.82 9.42 10.90 9.38 12.69 14.11 16.27 17.12 21.49 24.11 24.85 23.67 25.35 24.33 25.06 24.76 22.73 21.87 22.28 20.00 17.83 17.80 18.61 18.17 19.37 18.89 21.85 21.71 20.76 20.65 20.21 20.14 20.15 18.25 19.31 19.50 21.36 19.32 21.93 22.19 24.76 22.34 20.99 21.92 23.75 21.76 21.55 23.33 24.59 22.93 23.43 25.85 26.98 25.47 26.88 29.72 30.56 28.49 28.87 28.82 28.38 27.09 26.25 26.15 23.92 21.51 18.90 17.69 16.21 16.82 15.53 17.11 18.48 19.59 20.46 22.36 22.93 22.24 20.51 20.76 18.47 17.84 16.97 18.54 18.43 18.90 20.30 21.08 21.75 23.37 25.70 27.70 
24.69 26.02 24.21 23.64 23.09 24.53 25.37 24.02 24.91 24.72 21.60 19.24 17.56 14.75 12.58 10.54 11.55 10.98 13.03 12.70 14.47 12.76 12.29 11.97 9.12 5.67 5.74 7.38 4.94 0.00 5.43 7.10 5.30 5.82 9.22 10.04 10.21 12.78 14.96 15.66 17.43 15.91 16.36 16.72 16.04 14.46 11.62 10.58 9.87 9.86 9.99 12.51 14.08 15.26 15.95 19.59 18.72 16.99 17.85 17.53 16.42 14.27 10.79 10.56 9.13 8.99 8.39 10.50 12.37 14.42 15.37 19.58 22.60 23.70 21.81 23.43 22.42 23.01 22.75 20.99 20.02 20.77 18.95 16.94 16.83 17.73 17.71 19.28 18.70 21.38 21.22 20.04 20.03 19.18 18.91 18.30 16.94 18.48 18.67 20.53 18.71 21.89 22.35 24.56 22.28 21.04 22.00 23.84 22.18 22.33 23.50 24.20 22.91 23.76 25.90 26.54 25.33 26.74 29.41 30.19 28.20 28.56 28.39 28.23 26.43 25.72 25.80 23.50 20.60 17.95 17.09 15.77 15.78 14.61 17.05 19.10 19.94 20.37 22.40 23.79 22.97 20.95 20.87 18.18 18.33 17.23 18.33 17.93 18.92 19.88 19.85 21.84 23.30 25.00 27.32 
26.61 27.53 25.26 24.37 24.97 26.08 26.53 25.31 26.36 26.27 23.05 20.78 19.33 16.80 14.42 12.89 14.03 13.59 15.62 15.87 17.66 16.32 15.41 13.99 12.42 9.28 7.91 6.78 7.34 5.43 0.76 5.79 7.25 6.16 7.99 9.65 11.25 12.75 15.15 16.71 18.24 17.11 18.01 18.29 17.71 16.26 14.22 13.28 12.41 12.79 13.27 15.81 17.45 18.47 19.42 23.47 22.52 21.08 21.54 21.68 20.58 18.32 15.01 14.43 12.21 12.62 11.08 12.93 13.67 16.44 17.31 20.84 23.22 24.45 23.29 24.80 23.49 24.21 24.01 22.65 21.48 22.09 19.71 18.10 18.16 18.69 18.88 20.58 20.15 22.70 22.74 21.91 22.04 21.01 20.42 20.39 19.96 20.81 20.61 23.18 22.15 24.93 25.13 27.68 25.61 24.59 25.26 26.90 25.09 25.08 26.05 27.09 25.91 26.53 28.01 28.96 28.00 29.12 31.51 32.55 30.40 30.66 30.69 30.20 28.86 28.11 28.16 25.89 23.61 21.19 20.33 18.56 18.88 18.28 20.56 22.28 23.40 24.04 25.45 26.40 26.18 24.00 23.59 21.75 21.50 20.39 20.74 20.86 21.29 22.33 22.04 23.33 25.58 27.62 28.54 
25.66 26.55 24.20 23.40 23.60 24.63 24.86 23.53 24.94 24.91 20.93 18.41 17.39 14.88 12.96 11.34 13.04 12.14 14.76 15.68 17.49 15.81 15.89 14.10 11.63 10.35 9.90 7.11 5.71 7.10 5.79 0.00 5.31 7.47 6.36 6.71 9.05 11.37 12.49 14.25 16.63 15.38 15.90 16.65 16.45 15.29 12.57 12.32 12.48 13.09 13.91 16.28 17.61 19.22 20.24 23.87 23.06 21.62 22.57 22.12 20.96 18.71 15.54 14.58 13.00 11.94 11.02 11.81 12.66 14.27 15.07 18.72 21.41 22.03 20.62 22.52 21.46 22.09 22.06 20.21 19.57 19.64 17.18 15.43 16.21 16.41 16.43 18.73 18.33 20.59 20.77 20.05 20.30 19.02 18.83 19.36 19.05 20.31 19.85 22.66 22.27 24.79 25.38 27.46 25.59 24.30 25.47 27.22 24.78 24.34 25.97 26.99 25.54 25.51 27.86 28.78 27.95 28.61 31.38 31.90 30.02 30.01 30.14 29.86 28.26 27.17 27.11 25.26 22.96 20.46 18.72 18.02 18.86 18.01 19.59 21.58 23.10 23.89 25.24 26.44 26.13 23.91 23.59 20.88 20.60 19.17 20.29 19.51 20.14 20.29 20.01 22.46 24.49 25.80 27.16 
24.43 25.27 23.15 22.36 21.25 22.45 22.66 20.86 22.24 22.20 17.99 16.17 15.36 13.13 11.75 10.42 12.54 12.10 14.46 14.57 16.31 15.08 15.70 14.82 11.30 9.29 10.46 9.19 5.38 5.30 7.25 5.31 0.00 5.07 7.07 5.57 5.88 8.88 10.21 11.19 13.28 11.88 12.42 13.35 13.54 12.14 9.77 9.59 10.29 10.98 11.57 14.10 15.74 17.72 19.27 22.63 20.90 20.14 21.28 21.68 20.10 17.58 14.04 13.75 11.81 10.88 9.01 10.45 10.10 11.86 12.08 15.84 18.67 19.35 17.68 19.59 18.19 19.47 19.51 17.34 17.07 17.30 14.98 12.91 13.83 14.48 14.30 16.27 15.54 18.55 18.45 17.21 17.40 16.35 16.77 17.39 16.57 18.06 18.71 21.29 20.05 23.00 23.83 26.39 23.97 22.80 24.25 26.00 23.43 23.10 24.75 25.89 23.97 24.16 26.21 27.49 26.25 27.25 29.64 30.47 28.47 28.64 28.25 28.11 26.76 25.66 25.23 23.72 21.39 18.81 17.09 17.10 18.00 16.85 18.35 20.81 21.67 22.22 24.05 25.49 24.72 22.47 22.49 20.03 18.72 17.58 18.41 18.00 17.87 18.99 18.79 20.53 22.27 24.17 25.43 
25.05 25.76 23.24 22.54 22.02 22.84 22.43 21.53 22.94 22.40 18.30 16.87 16.00 14.00 13.08 12.84 14.84 15.45 17.42 17.97 19.16 17.97 18.55 17.38 14.48 11.02 11.22 11.37 8.39 5.82 6.16 7.47 5.07 0.00 5.86 7.16 5.94 7.48 9.97 11.47 12.90 12.12 13.46 14.03 13.70 13.12 11.29 11.42 11.63 12.67 13.46 16.74 18.56 20.52 21.95 25.24 24.15 23.03 24.22 23.78 22.33 19.84 16.60 15.46 12.87 11.87 10.78 10.73 10.25 11.65 12.74 15.14 18.26 19.30 17.80 19.48 17.88 19.10 19.71 18.00 17.03 17.69 15.82 13.74 14.00 15.13 15.54 17.11 16.74 19.79 19.51 17.94 19.04 18.10 17.71 18.93 18.73 20.23 20.86 23.71 22.46 25.24 25.96 28.32 26.10 24.60 25.83 27.52 25.36 25.08 26.19 27.00 25.56 25.93 27.88 28.71 27.84 28.44 31.04 31.74 29.89 29.97 29.84 29.56 28.04 27.17 27.01 25.07 22.61 20.45 19.23 18.83 19.59 18.44 20.30 22.85 23.72 24.15 25.97 27.60 26.72 24.66 24.47 21.59 20.73 19.64 20.32 19.57 19.74 20.27 19.53 22.09 23.63 25.06 26.50 
26.59 27.15 24.22 23.17 23.77 23.75 23.20 22.13 23.89 23.18 19.09 17.75 17.56 15.91 14.97 14.92 17.26 17.95 20.63 20.86 22.33 21.37 21.43 20.21 17.59 15.11 14.41 12.93 10.60 9.22 7.99 6.36 7.07 5.86 0.03 5.90 7.33 6.98 8.53 10.98 13.13 12.57 13.94 15.22 15.19 14.48 13.65 13.89 14.10 15.57 16.26 19.65 21.37 23.27 24.62 28.49 27.70 26.43 27.10 26.74 25.27 22.90 19.47 17.55 15.46 14.42 12.62 12.75 11.90 13.51 13.67 16.39 18.24 19.54 18.00 20.06 18.31 19.59 20.18 18.25 17.69 17.86 16.38 13.95 15.02 16.06 16.48 17.80 18.33 21.25 21.32 20.21 21.40 20.18 19.95 21.16 21.64 22.63 22.58 25.86 25.23 27.88 28.18 30.77 28.80 27.56 28.27 29.90 27.55 27.16 27.99 29.16 27.62 28.03 29.59 30.60 29.38 30.29 32.78 33.60 31.55 31.91 32.07 31.54 30.10 29.56 29.50 27.46 24.91 22.98 22.05 21.18 21.65 21.20 22.75 25.02 26.28 27.04 28.29 29.32 28.89 27.07 26.63 24.46 23.36 22.19 22.47 22.10 21.97 22.74 22.36 23.63 25.62 27.52 28.18 
25.14 25.49 22.53 21.81 21.93 22.09 21.15 20.31 22.24 21.17 17.15 15.73 15.75 14.12 14.02 13.81 16.28 16.93 19.83 20.09 21.67 20.38 21.42 19.72 16.96 14.91 15.85 13.43 9.86 10.04 9.65 6.71 5.57 7.16 5.90 0.00 5.15 7.36 6.49 7.51 10.28 10.00 11.01 12.01 13.70 13.19 12.11 12.41 13.64 14.79 16.40 19.12 20.88 22.62 24.73 28.38 27.28 26.17 26.79 26.60 25.25 22.89 18.99 17.55 15.65 13.95 11.89 11.49 11.09 11.16 11.38 13.85 16.43 16.51 15.38 17.12 15.82 17.29 17.45 15.64 14.78 15.56 13.62 11.06 12.86 14.24 14.62 16.50 16.86 19.43 19.64 18.98 19.57 18.30 18.66 20.02 20.44 21.33 21.73 24.73 24.67 27.25 27.96 30.27 28.31 26.74 27.97 29.47 27.06 26.27 27.42 28.65 26.97 27.01 28.92 29.72 28.82 29.46 31.77 32.55 30.48 30.69 30.66 30.58 28.83 28.14 28.04 26.16 23.69 21.59 20.69 20.21 20.72 19.92 21.34 23.42 25.06 25.75 26.94 28.02 27.28 25.50 25.44 22.94 21.89 20.58 21.39 20.28 20.45 20.57 20.27 22.41 24.18 25.41 26.91 
25.26 25.34 22.61 21.94 21.77 21.70 21.32 20.31 22.15 21.19 17.15 16.31 16.30 14.95 15.15 15.36 17.77 18.35 21.09 21.37 22.52 21.38 23.05 21.63 17.68 15.23 17.04 15.62 10.63 10.21 11.25 9.05 5.88 5.94 7.33 5.15 0.00 5.77 7.20 7.05 9.14 9.31 9.61 11.17 12.79 13.18 11.96 12.52 13.75 15.43 16.78 19.97 21.48 23.87 25.81 29.09 27.67 26.85 27.61 27.62 26.84 24.16 20.46 18.85 17.23 15.18 12.85 12.60 11.61 11.90 10.89 13.50 15.62 16.11 14.62 16.33 14.95 16.74 17.05 15.16 14.95 15.41 14.04 12.04 13.41 14.37 15.22 17.16 17.71 20.14 20.08 19.32 19.95 18.99 19.46 20.73 20.31 21.95 22.59 25.56 24.59 27.69 28.58 31.09 28.50 27.29 28.33 30.04 27.38 26.92 27.93 29.24 27.32 27.42 28.73 29.82 28.74 29.45 31.59 32.38 30.71 30.80 30.48 30.29 29.19 28.43 28.30 26.75 24.24 22.00 21.19 21.02 20.96 20.13 21.64 23.80 25.03 25.17 26.94 27.80 27.02 25.47 25.40 23.50 22.22 20.95 21.39 20.64 20.24 21.04 21.11 21.87 23.15 25.08 26.39 
26.40 26.35 23.43 22.88 22.96 23.14 21.79 21.65 23.88 22.76 18.41 17.73 18.00 17.19 17.53 18.41 20.89 21.82 24.37 24.45 25.75 25.08 26.28 24.84 21.12 18.36 19.40 17.82 14.11 12.78 12.75 11.37 8.88 7.48 6.98 7.36 5.77 0.00 6.37 8.02 8.85 9.18 11.01 12.15 14.14 14.57 14.54 14.50 16.52 18.46 20.21 22.81 24.95 27.12 29.22 32.53 31.21 30.57 30.70 30.75 29.77 27.78 23.58 22.34 20.23 18.16 15.46 14.54 13.37 13.06 12.61 14.51 16.81 17.35 16.00 17.26 15.80 17.59 18.40 16.90 16.09 16.78 15.44 13.49 14.66 16.58 17.63 19.42 19.46 22.45 22.40 21.52 22.68 21.81 21.69 23.03 23.25 24.56 25.51 28.54 27.72 30.73 31.44 33.56 30.96 29.41 30.41 31.86 29.29 28.87 29.60 30.71 28.89 28.89 30.54 31.34 30.40 31.18 33.60 34.41 32.80 33.21 32.68 32.59 31.16 30.80 30.62 28.97 26.21 24.25 23.20 23.01 23.03 22.13 23.51 26.14 27.45 28.07 29.04 30.58 29.65 28.18 27.75 25.79 24.46 23.51 23.73 22.86 22.46 23.09 22.27 23.69 24.77 25.85 27.49 
28.10 27.69 24.23 23.39 24.78 23.88 22.82 22.15 24.68 23.36 19.03 18.57 19.69 19.37 19.55 20.58 22.74 24.54 26.53 26.76 28.05 27.03 28.30 26.90 24.12 21.35 22.19 20.08 15.67 14.96 15.15 12.49 10.21 9.97 8.53 6.49 7.20 6.37 1.42 6.62 8.21 7.96 10.55 12.32 13.92 14.81 15.25 15.93 17.65 20.34 22.09 25.40 27.44 29.61 31.18 34.32 33.85 32.99 33.37 33.44 32.29 29.95 26.17 24.29 21.91 19.88 17.34 16.34 14.73 14.55 13.15 15.39 16.49 17.18 15.71 17.14 15.05 16.84 18.11 17.01 16.41 17.50 16.26 15.01 16.24 17.90 18.56 20.04 20.32 24.14 24.14 23.56 24.44 23.82 23.63 24.80 25.27 26.57 27.18 30.19 29.68 32.22 32.81 34.89 32.38 31.10 31.89 33.33 30.56 29.89 30.72 32.04 29.99 30.29 31.57 32.54 31.23 32.33 34.88 35.80 33.99 34.47 34.26 33.84 32.52 32.23 32.16 30.28 27.65 25.58 24.57 23.92 23.97 23.48 24.63 27.02 28.85 29.33 30.45 31.52 31.27 29.74 29.56 27.82 26.59 25.37 25.72 24.97 24.41 24.53 25.45 25.20 26.67 28.55 29.20 
27.07 26.72 23.03 22.33 23.38 23.10 21.36 21.06 23.61 22.63 18.67 18.52 19.13 18.59 19.78 20.79 23.15 24.18 26.81 27.21 28.36 27.68 28.43 27.77 24.36 21.79 23.07 21.39 16.50 15.66 16.71 14.25 11.19 11.47 10.98 7.51 7.05 8.02 6.62 0.00 5.93 7.25 8.26 10.33 12.72 14.06 14.27 15.46 17.20 19.44 21.97 25.18 27.35 29.37 31.26 35.00 33.92 33.01 33.51 33.84 32.61 30.83 26.73 25.00 22.65 19.82 17.29 16.15 14.53 14.45 12.91 14.14 15.17 15.67 13.85 15.34 13.53 15.69 16.75 15.70 15.31 16.61 16.08 15.06 15.99 17.53 18.35 20.39 20.39 23.63 24.12 23.42 24.23 23.68 23.75 24.85 25.07 26.78 27.38 30.24 29.68 32.54 32.82 35.05 32.60 31.39 32.23 33.57 30.63 30.02 30.97 32.24 30.16 30.27 31.94 32.71 31.49 32.31 34.74 35.38 33.91 34.26 34.18 33.60 32.02 31.57 31.69 29.76 26.86 24.94 24.34 23.47 23.54 23.08 24.31 26.58 28.09 29.25 29.98 31.13 30.57 29.38 28.76 26.88 25.94 24.91 25.19 23.97 23.62 23.99 24.66 25.00 26.03 27.35 28.70 
27.28 27.03 23.54 22.84 23.71 23.29 22.53 21.59 24.24 23.65 19.80 20.11 20.51 20.13 21.09 22.26 24.74 25.77 28.52 28.80 30.45 29.04 30.99 30.22 27.05 23.98 25.49 24.01 18.87 17.43 18.24 16.63 13.28 12.90 13.13 10.28 9.14 8.85 8.21 5.93 0.83 5.85 7.56 9.38 12.52 14.18 14.90 16.02 18.87 20.74 23.15 27.11 29.49 31.67 33.81 36.30 35.61 34.50 35.31 35.72 35.75 33.77 29.32 27.63 25.23 23.26 19.84 18.68 17.10 16.06 13.94 14.33 15.41 15.58 13.63 14.76 13.92 16.33 17.18 16.54 17.67 18.96 18.05 17.17 17.89 18.77 19.30 21.95 21.61 24.60 25.03 25.07 25.63 25.23 25.40 26.48 26.57 28.24 28.84 31.95 31.52 33.67 34.31 36.36 34.34 32.91 33.66 34.88 32.21 31.41 32.65 33.72 31.55 31.65 33.30 34.27 32.85 33.44 35.72 36.62 35.32 35.65 35.35 34.55 33.12 32.77 32.79 30.85 27.78 25.89 25.44 24.71 24.45 23.78 25.48 27.69 29.60 30.04 31.45 32.19 32.04 30.32 30.32 28.21 27.43 26.29 26.47 25.30 24.79 25.21 26.93 25.46 26.57 28.75 29.66 
25.83 24.99 21.29 20.88 21.68 21.32 19.65 19.25 22.02 21.12 16.95 16.97 17.55 17.16 18.42 19.59 22.17 23.22 25.95 26.43 28.09 27.09 28.73 28.12 24.99 21.91 23.71 21.91 17.32 15.91 17.11 15.38 11.88 12.12 12.57 10.00 9.31 9.18 7.96 7.25 5.85 0.00 5.33 7.33 9.36 11.16 12.72 13.57 16.00 18.21 21.02 24.22 27.22 28.95 31.30 34.19 33.94 32.67 33.21 33.51 33.43 31.49 26.75 24.62 22.51 21.18 17.76 16.36 14.40 13.42 10.34 11.61 12.21 12.64 10.71 12.21 11.97 13.85 14.67 14.47 15.50 16.42 15.06 14.26 16.07 16.94 17.72 19.63 19.26 22.35 22.63 22.32 23.26 22.55 22.62 24.20 24.56 25.91 27.04 30.07 29.47 31.67 32.40 34.41 32.03 30.34 31.24 32.31 29.46 28.78 29.58 30.80 28.54 28.48 30.38 31.22 30.08 30.76 33.16 33.85 32.67 32.71 32.38 31.61 30.30 29.80 29.79 27.93 24.62 22.63 22.26 21.76 21.47 20.99 22.52 25.27 27.20 28.12 29.32 30.52 29.89 28.41 28.00 25.45 24.81 23.93 24.22 23.11 22.83 22.79 24.58 25.06 25.42 26.61 28.04 
26.50 25.32 21.47 20.75 22.39 21.23 19.80 19.05 22.16 21.19 16.98 16.88 18.00 17.58 18.45 19.75 22.34 23.75 26.28 26.61 28.04 26.84 28.72 28.04 25.04 22.33 24.00 22.70 17.57 16.36 18.01 15.90 12.42 13.46 13.94 11.01 9.61 11.01 10.55 8.26 7.56 5.33 0.00 5.90 7.85 9.76 11.10 13.37 15.81 17.90 20.70 24.26 26.84 29.18 31.53 34.28 34.12 32.63 33.53 33.60 32.78 30.44 26.10 24.77 22.29 21.11 17.93 16.07 13.47 11.93 10.10 10.67 12.02 12.52 11.68 13.33 12.30 14.32 16.58 16.62 16.75 17.59 16.64 15.91 16.78 18.00 18.52 19.82 19.13 22.68 23.10 22.50 23.27 22.96 23.17 24.51 24.92 26.20 27.14 30.12 29.52 31.56 32.40 34.23 31.86 30.15 31.05 31.77 29.05 27.94 29.02 29.96 28.00 27.85 29.56 30.34 29.23 29.96 32.42 33.12 31.78 31.95 31.64 30.92 29.80 29.41 29.43 27.32 24.64 22.87 22.25 21.91 22.02 21.67 22.79 25.32 27.33 27.97 29.12 29.90 29.36 28.09 27.76 25.66 24.47 23.93 24.39 23.56 23.09 23.25 24.42 24.60 26.07 27.79 28.79 
