1.35 5.14 5.18 6.82 8.33 8.69 10.57 11.78 12.20 12.72 15.63 16.92 16.30 18.19 20.68 21.51 20.61 22.73 24.35 24.59 24.29 24.32 24.16 23.50 22.31 21.84 20.94 21.13 20.01 19.05 17.16 17.61 16.91 16.59 15.31 16.33 16.55 17.68 16.34 15.69 16.56 17.88 16.89 17.35 19.51 20.37 20.34 22.76 23.09 23.66 24.54 26.08 25.44 24.57 26.17 27.24 26.12 25.22 27.24 27.63 26.23 26.24 29.18 29.43 28.76 29.02 31.44 31.14 30.28 31.17 32.47 32.19 31.34 31.38 31.06 29.96 29.12 28.14 27.49 25.72 25.21 24.83 22.85 21.57 21.94 21.77 19.59 19.27 20.37 19.98 18.00 18.82 19.66 19.25 18.44 19.84 20.00 18.77 18.61 18.90 18.25 16.42 14.05 14.84 13.66 13.67 13.41 13.07 13.59 14.46 14.31 15.77 15.90 17.89 18.55 20.66 20.73 20.97 21.17 21.01 21.14 22.41 22.72 22.74 24.29 25.56 25.72 26.21 24.91 25.46 25.84 26.35 25.76 24.15 24.60 26.36 26.03 23.77 24.29 27.80 28.93 28.27 
5.14 0.00 4.17 5.03 6.85 6.60 8.86 10.92 10.70 10.27 13.63 15.40 14.67 16.00 19.80 19.91 18.47 21.34 23.88 23.19 23.55 22.95 23.24 21.66 20.95 20.22 19.66 19.37 18.29 16.69 15.46 15.80 15.27 14.13 13.77 14.59 14.58 16.15 14.58 13.72 14.99 16.32 14.74 15.76 18.30 18.78 18.42 21.40 21.80 21.89 22.57 24.68 23.90 22.58 24.71 25.84 24.78 23.36 26.29 26.12 24.71 24.28 28.37 27.96 26.98 27.52 30.75 29.75 28.66 29.50 31.45 30.48 29.85 29.83 30.25 28.32 27.37 26.19 25.97 23.72 23.19 22.96 21.11 19.37 20.06 19.70 17.81 17.20 18.39 17.81 16.26 17.18 17.94 17.06 17.20 18.54 18.85 16.98 17.51 17.53 17.27 14.51 12.29 13.04 12.68 12.46 11.70 11.21 12.11 13.23 12.79 13.99 15.02 16.34 17.04 18.84 19.43 19.24 19.89 19.39 20.02 20.75 21.31 21.24 23.12 24.09 24.10 24.85 23.73 24.08 24.46 24.65 23.36 22.14 23.53 24.23 21.93 21.80 23.58 26.18 25.45 27.40 
5.18 4.17 1.03 2.75 5.39 6.40 8.26 9.45 9.61 9.94 12.41 14.06 13.48 15.39 19.18 19.16 17.17 20.61 23.89 23.32 22.84 22.87 23.39 21.94 20.71 20.04 19.91 19.35 17.54 16.83 16.11 16.25 14.70 14.38 13.35 14.57 13.68 15.43 14.25 13.83 14.99 16.11 14.91 16.44 19.26 19.64 18.77 22.13 22.58 22.66 22.85 24.83 24.39 23.12 24.77 26.11 25.39 23.97 26.62 26.50 24.84 24.61 28.57 28.36 27.69 27.83 30.88 30.11 29.80 30.23 31.66 30.61 30.22 30.29 30.68 28.50 26.99 26.40 26.96 24.62 22.88 23.04 22.31 20.32 19.74 19.81 18.85 17.92 17.69 18.06 17.32 17.86 17.41 17.43 18.17 19.47 18.61 17.37 18.26 18.08 16.96 14.68 13.05 13.99 12.46 12.29 12.16 11.50 12.20 12.92 12.43 13.98 14.69 16.50 17.17 19.24 19.69 19.56 20.45 19.96 20.32 20.97 21.70 21.61 23.44 24.24 24.30 25.11 24.19 24.40 24.15 24.52 24.40 23.06 23.16 25.13 24.72 22.04 24.02 26.64 27.74 27.94 
6.82 5.03 2.75 0.96 4.84 6.09 6.48 8.07 9.56 10.72 12.11 13.71 14.37 16.01 19.19 20.09 19.49 22.21 24.59 24.40 24.49 24.29 24.38 23.46 21.93 21.55 20.86 20.93 19.50 18.66 17.70 17.97 16.69 16.21 15.62 16.15 15.03 16.71 15.79 15.15 16.26 17.68 17.23 18.37 20.73 21.36 20.99 23.37 23.81 24.35 24.16 26.29 25.80 24.53 25.76 27.49 26.84 25.15 27.04 27.78 26.75 25.85 28.86 29.64 29.61 29.27 31.26 31.09 31.20 31.53 32.09 31.57 31.78 31.49 31.06 29.45 28.35 27.25 27.47 25.76 24.06 23.99 22.92 21.38 20.68 20.55 19.60 18.72 18.58 18.63 18.44 18.74 18.41 18.43 19.62 20.83 19.79 19.04 20.55 20.22 18.52 17.13 16.04 16.04 14.29 13.80 13.77 13.69 13.68 14.24 14.44 15.28 16.39 18.25 19.06 20.73 21.05 21.06 21.62 21.42 21.60 22.46 22.73 22.98 24.39 25.63 25.56 26.78 25.18 25.56 25.23 26.13 25.18 24.46 24.88 24.89 24.14 23.16 25.94 26.14 27.14 29.19 
8.33 6.85 5.39 4.84 1.51 5.76 6.87 6.89 7.61 9.17 11.54 12.67 12.60 14.80 16.82 17.88 17.73 20.64 22.65 22.30 22.59 22.02 22.53 20.81 20.20 19.01 18.99 19.19 18.44 16.97 15.83 16.07 14.87 14.18 13.43 14.79 13.88 16.19 14.88 14.13 15.64 17.19 15.76 16.55 18.97 19.65 18.68 21.54 21.30 21.86 22.01 24.60 23.83 22.29 24.20 25.86 24.99 22.85 25.40 26.01 24.57 23.83 27.31 27.53 26.87 26.80 29.31 28.76 28.00 28.92 30.19 29.41 29.63 29.17 28.76 26.72 26.42 25.07 24.90 22.60 22.64 22.21 20.84 18.73 20.05 19.74 17.75 17.03 18.92 18.30 16.09 17.43 18.52 17.68 17.39 19.52 19.77 18.00 19.30 19.65 19.16 16.72 15.01 15.19 14.07 13.98 13.79 12.25 13.93 14.48 14.37 15.24 16.07 17.82 18.64 20.75 20.73 20.14 20.50 20.15 20.80 21.72 22.10 22.01 23.88 25.08 25.11 25.82 24.17 24.55 24.29 24.54 23.65 23.24 24.22 25.78 25.33 26.48 25.34 25.68 25.82 29.13 
8.69 6.60 6.40 6.09 5.76 0.00 5.60 7.06 6.12 6.86 9.13 11.01 10.49 11.65 14.22 14.73 13.50 17.37 19.73 18.99 19.40 18.98 19.70 17.53 16.62 16.56 16.11 16.87 15.38 14.59 13.03 14.32 12.77 12.78 11.83 13.62 12.30 15.17 13.58 12.92 14.37 15.81 13.96 15.12 17.49 17.63 16.40 19.85 19.46 19.50 19.03 22.39 21.25 19.79 21.50 23.67 22.48 20.89 23.30 23.68 22.07 21.44 25.25 25.13 24.11 24.44 26.99 26.10 25.09 26.49 27.59 26.57 26.52 26.49 26.27 23.62 23.02 21.97 22.04 19.33 19.35 19.34 17.87 15.60 17.15 16.88 14.70 14.10 15.90 15.11 12.95 14.81 16.15 15.08 15.04 17.52 17.94 16.08 17.65 18.10 17.59 14.98 12.11 12.95 11.46 12.31 10.41 8.52 10.64 12.77 11.55 12.27 13.49 15.82 16.18 18.70 18.49 17.93 18.10 18.06 18.51 19.56 19.70 19.90 21.79 22.87 22.48 23.60 21.81 22.18 21.43 22.19 21.09 20.80 21.68 23.01 22.25 22.56 22.68 23.72 23.71 27.58 
10.57 8.86 8.26 6.48 6.87 5.60 1.40 5.89 6.86 6.15 7.59 10.20 10.22 10.95 13.50 15.74 13.86 16.95 20.38 20.95 20.99 20.68 21.50 19.24 18.32 17.69 18.21 17.76 16.59 16.02 15.76 15.85 14.00 14.12 13.26 14.77 13.31 16.29 15.58 14.91 15.94 17.53 16.00 16.88 19.16 19.21 18.17 21.13 20.79 20.61 20.34 22.88 22.04 20.32 22.13 24.28 23.68 21.49 24.08 24.75 23.29 22.23 26.15 26.25 25.51 25.32 28.09 27.34 26.65 27.47 28.88 27.52 27.49 27.55 27.57 24.41 23.11 22.68 23.51 20.48 19.53 20.23 20.00 17.20 17.92 17.98 17.18 15.74 17.07 16.74 15.53 16.41 17.61 17.15 17.57 19.56 19.76 18.39 20.29 19.84 19.62 17.23 15.29 15.41 14.29 14.19 14.12 12.40 13.32 14.12 13.83 14.42 15.73 17.27 17.88 20.31 20.69 19.59 20.04 19.72 20.43 21.10 21.48 21.59 23.76 24.72 24.26 25.30 23.99 23.98 22.97 23.12 22.56 21.85 22.30 24.46 23.95 23.99 23.22 24.71 25.67 28.44 
11.78 10.92 9.45 8.07 6.89 7.06 5.89 0.03 5.49 7.10 6.86 7.77 9.59 11.32 12.91 14.06 14.83 17.65 20.29 20.30 21.43 20.49 21.48 19.89 18.49 18.02 17.64 18.48 16.92 16.39 15.16 15.84 13.26 13.80 13.24 13.85 12.63 16.59 16.09 15.62 16.92 19.04 17.51 18.13 19.72 20.76 19.62 21.61 20.77 21.40 20.55 22.95 21.73 20.66 21.66 24.47 23.64 21.93 23.54 25.07 23.78 22.96 25.93 26.85 25.96 26.22 28.04 27.95 26.76 27.97 28.72 27.97 27.86 27.80 27.21 24.71 23.96 22.80 23.33 20.50 20.04 20.45 19.90 17.23 17.98 18.41 17.25 15.96 17.04 17.19 16.20 16.89 18.17 17.94 18.77 20.54 20.74 19.62 21.84 21.43 20.96 19.08 17.24 17.51 15.29 15.45 14.83 14.96 14.75 15.14 15.02 16.13 17.07 18.54 19.43 21.73 21.90 20.80 21.08 20.85 21.41 22.43 22.34 22.77 24.63 26.04 25.32 26.78 24.74 25.09 23.66 24.79 23.92 23.36 23.17 24.65 24.55 24.16 23.82 24.56 25.64 28.81 
12.20 10.70 9.61 9.56 7.61 6.12 6.86 5.49 0.40 4.95 6.91 6.19 6.42 8.70 10.41 10.64 11.21 14.69 16.54 16.22 16.68 16.77 17.89 16.08 14.85 14.56 14.75 14.96 13.09 11.30 11.72 11.99 8.88 9.16 10.05 11.24 9.92 13.72 14.10 13.88 15.80 17.98 16.32 16.47 18.78 19.23 17.80 19.31 18.40 18.51 18.23 20.01 18.84 17.49 19.20 21.03 20.42 18.28 20.88 21.93 20.66 19.83 23.21 23.53 22.66 22.63 24.86 24.39 23.11 24.32 25.21 24.29 24.53 24.18 23.30 20.92 20.77 19.05 18.97 16.79 17.53 17.57 16.52 14.04 16.10 16.25 14.30 13.19 15.83 15.29 13.26 15.05 16.78 16.26 16.10 18.59 19.10 18.00 19.93 19.89 19.71 17.76 15.27 15.47 13.39 14.00 13.44 12.49 13.47 14.08 13.54 14.79 15.59 16.90 17.85 20.23 20.25 18.80 19.17 18.84 19.50 20.29 20.17 20.37 22.40 23.65 23.05 24.08 21.86 22.74 21.86 22.16 21.28 20.82 21.56 22.25 22.28 22.06 22.18 23.14 24.56 26.87 
12.72 10.27 9.94 10.72 9.17 6.86 6.15 7.10 4.95 0.00 5.42 7.00 5.46 6.60 9.10 9.94 9.37 12.46 15.57 14.89 15.88 15.64 16.87 14.75 13.98 14.00 14.31 14.56 12.76 12.55 11.86 12.70 10.59 10.73 11.12 12.77 12.16 15.66 15.14 14.72 16.49 18.03 16.37 16.73 19.01 19.12 17.36 19.31 18.02 17.85 16.98 19.15 17.43 16.27 17.73 19.74 18.78 17.42 19.80 20.66 19.20 18.81 22.06 22.60 21.00 21.93 23.81 23.48 21.71 23.43 24.03 23.63 22.82 23.23 22.13 19.70 18.22 16.79 16.88 14.88 15.32 16.41 14.77 12.60 14.42 15.17 12.80 11.87 14.47 14.72 12.89 14.66 16.70 16.39 16.42 19.09 19.79 18.73 20.87 21.09 21.00 18.43 16.14 16.86 14.66 15.04 14.09 12.88 13.79 14.76 14.11 15.01 16.60 17.51 18.01 20.08 20.20 18.71 19.12 18.54 19.16 19.66 19.46 19.90 21.81 23.16 22.22 23.63 21.43 22.03 21.18 21.34 20.35 19.65 20.41 20.84 21.35 20.54 21.35 21.79 23.70 25.41 
15.63 13.63 12.41 12.11 11.54 9.13 7.59 6.86 6.91 5.42 0.87 6.11 6.86 5.97 7.43 9.97 9.91 11.73 14.60 16.03 16.42 16.36 17.60 16.19 15.17 15.40 15.69 16.04 14.08 14.01 14.27 14.36 12.34 13.47 13.60 14.35 14.11 17.70 17.87 17.54 19.29 20.26 18.65 19.11 21.57 21.10 19.43 21.08 20.15 19.69 18.63 20.34 19.19 17.80 18.88 20.91 20.33 18.80 20.74 21.82 20.61 20.08 23.23 23.69 22.63 23.07 25.36 25.00 23.34 24.76 25.55 24.69 24.03 24.16 23.69 20.72 19.30 18.73 19.46 17.25 16.90 18.55 18.23 15.94 16.69 17.61 16.48 15.32 17.15 17.99 16.75 17.78 19.39 19.84 20.23 22.33 22.80 22.32 24.47 24.49 23.94 22.02 19.65 20.67 18.61 18.63 18.29 17.44 17.60 18.08 17.48 18.60 18.96 20.54 20.74 22.80 22.52 21.39 21.71 21.01 21.48 22.07 21.96 22.26 24.23 25.50 24.81 25.85 23.88 24.69 23.73 23.81 22.85 22.43 22.50 23.56 23.32 22.65 23.76 24.26 26.34 27.58 
16.92 15.40 14.06 13.71 12.67 11.01 10.20 7.77 6.19 7.00 6.11 0.00 5.00 7.05 6.06 6.89 8.46 10.86 12.10 13.16 14.57 14.08 15.57 15.37 13.74 14.27 13.80 15.27 12.32 12.89 11.54 11.16 8.88 11.69 11.75 11.55 11.46 16.88 17.15 16.46 18.52 20.46 18.92 19.24 21.04 21.22 19.65 20.35 19.17 19.02 17.61 18.90 17.61 16.09 17.08 19.41 19.07 17.27 19.38 20.65 19.96 19.27 22.02 22.72 21.69 22.33 24.32 23.85 22.38 23.77 24.59 23.66 23.21 23.74 22.59 19.91 19.18 18.18 18.67 16.93 17.09 18.54 17.86 16.33 17.09 17.92 16.53 16.23 17.78 18.32 17.23 18.47 20.02 19.96 20.38 22.69 23.40 22.76 24.73 24.65 24.36 22.22 20.15 20.55 18.90 19.09 18.44 18.13 17.63 18.28 17.77 18.48 19.14 20.59 21.08 22.84 22.32 21.37 21.61 20.87 21.39 22.38 22.12 22.53 24.48 25.83 25.15 26.45 24.18 24.94 23.80 24.07 23.13 22.39 22.68 23.36 23.28 22.48 23.35 24.23 25.71 27.47 
16.30 14.67 13.48 14.37 12.60 10.49 10.22 9.59 6.42 5.46 6.86 5.00 0.00 4.77 6.76 5.82 6.06 8.82 10.51 10.56 11.45 11.21 12.62 11.94 9.57 10.94 11.46 12.20 9.29 9.58 10.79 11.05 8.07 9.76 10.81 12.45 11.92 16.09 16.15 15.62 17.60 19.11 17.30 17.31 19.61 19.35 17.98 18.42 17.14 16.65 16.29 17.21 15.55 14.05 15.81 17.41 16.48 14.76 17.27 18.28 16.56 16.26 19.30 19.80 18.30 18.56 20.71 20.50 18.76 20.19 21.32 20.34 20.39 20.23 19.39 16.85 16.52 14.80 15.15 14.02 15.28 16.12 15.15 13.68 15.84 16.09 14.17 14.37 16.67 16.58 14.94 17.08 18.53 18.31 18.07 20.82 21.62 20.96 22.45 22.68 22.61 20.32 17.96 18.49 16.85 17.17 16.87 16.18 16.17 16.74 16.27 17.03 17.62 18.94 19.07 21.03 20.55 19.50 19.63 19.25 19.73 20.72 20.32 20.71 22.56 23.97 23.13 24.27 22.03 23.20 22.03 22.47 21.21 21.05 21.66 22.26 21.64 21.36 22.47 23.22 23.30 24.97 
18.19 16.00 15.39 16.01 14.80 11.65 10.95 11.32 8.70 6.60 5.97 7.05 4.77 0.00 5.47 7.10 5.58 6.83 9.82 10.41 11.08 11.09 13.40 12.21 10.70 12.34 13.20 13.58 11.30 11.67 11.90 13.09 11.38 11.92 13.04 14.78 14.82 17.67 17.73 17.18 18.94 20.19 18.65 19.01 20.98 20.60 18.99 20.13 18.59 17.79 16.88 18.11 16.12 14.51 16.21 17.73 16.24 14.89 17.15 17.92 16.22 15.98 19.21 19.51 17.97 18.72 20.83 20.62 18.83 20.45 21.74 20.78 20.33 20.30 19.47 16.65 15.97 14.64 15.72 14.69 15.70 16.96 16.33 15.36 16.96 17.70 16.10 16.19 17.89 18.38 17.27 19.09 20.50 20.39 20.46 23.14 24.10 23.43 25.03 25.62 25.36 23.30 20.85 21.25 19.61 19.73 18.87 18.52 18.22 18.92 18.29 18.99 19.74 20.76 20.90 22.92 22.55 21.20 21.07 20.92 21.51 22.13 21.67 22.19 24.19 25.54 24.78 26.01 24.06 24.72 23.74 23.98 22.95 22.11 22.48 23.32 23.14 22.43 23.14 23.65 24.48 25.80 
20.68 19.80 19.18 19.19 16.82 14.22 13.50 12.91 10.41 9.10 7.43 6.06 6.76 5.47 0.94 5.94 7.12 6.59 8.66 10.02 11.62 11.78 13.57 13.73 12.96 14.13 14.82 14.69 13.75 13.86 14.38 13.80 13.48 15.41 15.95 16.28 17.42 20.32 20.29 19.35 21.15 22.14 20.90 20.92 23.09 22.30 20.62 21.92 20.83 19.45 17.78 19.60 17.91 16.10 16.20 18.47 17.31 15.69 16.98 18.61 16.87 17.06 19.52 20.24 18.73 19.52 21.96 21.65 19.72 21.54 23.12 21.92 21.90 21.98 21.42 18.61 18.11 17.27 18.77 17.50 18.02 19.36 19.30 18.07 19.31 20.08 19.01 18.68 20.20 21.15 20.19 21.50 22.45 23.13 23.38 25.92 26.38 26.09 27.73 28.21 28.05 26.08 23.83 24.26 22.39 22.38 21.55 21.25 20.72 21.35 20.73 21.53 21.58 22.59 22.81 24.99 24.55 23.25 23.08 22.85 23.49 24.06 23.42 24.11 26.11 27.52 26.58 27.96 25.86 26.74 25.56 26.06 24.92 24.29 24.47 25.55 25.07 24.12 24.93 26.24 27.05 26.71 
21.51 19.91 19.16 20.09 17.88 14.73 15.74 14.06 10.64 9.94 9.97 6.89 5.82 7.10 5.94 0.00 5.70 7.50 6.67 7.33 10.09 9.75 11.91 12.63 12.13 13.15 13.16 13.16 11.18 13.15 11.92 10.44 10.24 13.82 14.02 14.13 15.58 19.61 18.93 18.44 20.52 21.85 20.18 20.66 22.54 22.11 20.22 21.73 20.34 19.03 17.00 18.65 17.16 14.12 14.37 16.81 15.93 13.58 15.21 16.90 15.52 14.91 17.33 18.86 17.55 18.07 19.60 20.00 18.56 19.98 21.12 20.49 20.61 20.67 19.98 17.84 17.69 16.58 17.50 16.37 17.18 18.64 18.42 17.52 19.13 20.03 18.31 18.75 20.40 21.04 19.98 21.61 22.96 23.05 23.34 25.91 26.75 25.97 27.47 28.12 28.18 25.96 23.88 23.82 22.26 22.13 21.47 21.07 20.32 21.29 20.66 21.02 21.23 22.37 22.46 24.33 23.61 22.40 22.39 21.86 22.52 23.34 22.78 23.37 25.35 26.57 25.93 27.29 25.53 26.07 25.05 25.46 24.55 23.45 23.85 24.90 24.46 23.73 24.66 25.86 26.61 27.60 
20.61 18.47 17.17 19.49 17.73 13.50 13.86 14.83 11.21 9.37 9.91 8.46 6.06 5.58 7.12 5.70 0.00 6.03 7.66 6.33 8.17 8.51 10.28 11.17 9.80 11.22 12.07 12.46 9.42 10.72 11.83 11.79 10.62 12.38 13.44 14.89 16.33 18.34 18.03 17.48 19.98 20.78 19.22 19.52 22.14 21.37 19.77 21.09 19.96 19.31 17.85 18.99 16.78 14.69 15.28 16.57 15.39 13.01 14.83 15.65 14.18 12.73 15.59 16.37 15.18 14.55 16.64 16.96 15.54 16.70 17.90 17.86 18.37 18.07 18.07 16.29 15.67 14.16 15.53 14.77 15.43 17.32 16.99 16.21 17.94 18.67 17.18 17.90 19.78 20.09 18.83 20.81 22.10 22.05 21.77 24.72 25.33 24.76 26.13 26.65 26.80 24.72 22.54 22.59 21.02 20.92 20.46 19.76 19.18 19.98 19.56 19.82 20.13 21.09 21.23 22.62 22.02 20.93 20.89 20.33 20.97 21.89 21.46 21.78 23.75 25.17 24.35 25.65 23.80 24.93 23.78 24.47 23.79 22.70 23.39 24.22 23.69 22.85 24.38 25.72 27.16 27.82 
22.73 21.34 20.61 22.21 20.64 17.37 16.95 17.65 14.69 12.46 11.73 10.86 8.82 6.83 6.59 7.50 6.03 0.00 6.85 8.07 8.56 9.08 12.07 12.54 12.56 13.75 14.67 14.99 13.19 14.80 15.09 15.69 15.08 16.64 17.74 19.23 19.69 22.37 22.01 21.37 22.58 23.75 22.33 22.87 24.65 23.92 22.43 24.23 22.44 21.71 20.42 21.07 18.51 16.58 17.61 18.23 16.14 14.24 16.35 16.96 14.45 14.18 17.28 18.19 15.53 16.20 18.33 18.76 16.95 18.79 19.98 20.00 19.70 20.48 20.15 17.97 16.83 15.84 17.31 17.12 17.41 19.51 19.37 18.53 19.46 20.78 19.53 20.14 21.37 22.33 21.61 23.43 24.30 24.34 24.71 27.21 28.21 27.69 29.27 29.90 30.07 27.98 25.83 25.76 24.54 24.30 23.60 23.04 22.39 22.96 22.45 22.87 22.93 23.93 23.85 25.69 24.77 23.36 23.14 22.85 23.30 23.81 23.35 23.58 25.64 27.05 26.37 27.90 26.29 26.76 25.83 26.06 25.69 24.38 24.82 25.90 25.59 24.72 25.54 27.27 27.99 28.97 
24.35 23.88 23.89 24.59 22.65 19.73 20.38 20.29 16.54 15.57 14.60 12.10 10.51 9.82 8.66 6.67 7.66 6.85 1.48 6.72 8.85 8.59 11.34 12.38 13.61 14.35 15.71 15.13 14.65 16.11 16.95 16.41 17.24 19.59 20.47 20.84 21.86 24.62 24.42 22.93 24.29 25.38 24.45 24.51 26.28 25.30 23.99 26.16 24.42 23.30 21.48 22.86 20.50 18.03 17.93 19.41 16.91 15.13 16.05 17.90 15.31 14.33 16.61 17.05 15.34 15.90 18.37 18.52 16.65 19.38 20.73 20.43 20.70 21.66 21.32 19.18 18.29 17.66 18.90 18.65 18.98 21.24 20.92 20.53 21.32 22.86 21.52 21.83 22.93 24.16 23.57 24.98 25.63 26.26 26.56 28.96 29.55 29.46 31.14 31.82 32.00 30.03 27.82 28.27 26.45 26.25 25.42 25.02 24.38 24.82 24.32 24.61 24.62 25.30 25.72 27.22 26.45 24.96 24.81 24.14 24.71 25.10 24.28 24.76 26.85 28.27 27.39 28.88 27.24 28.12 26.74 27.57 27.05 25.96 26.36 27.41 26.93 25.86 27.07 28.48 30.18 29.65 
24.59 23.19 23.32 24.40 22.30 18.99 20.95 20.30 16.22 14.89 16.03 13.16 10.56 10.41 10.02 7.33 6.33 8.07 6.72 0.00 6.35 6.68 8.38 9.09 10.70 11.19 12.45 12.19 12.05 13.35 13.93 13.45 14.58 17.29 18.39 19.19 20.36 23.68 22.63 21.42 23.33 24.65 22.96 23.25 25.48 24.67 23.14 25.40 23.89 23.13 20.95 22.42 20.43 17.17 16.96 18.21 16.54 13.45 14.67 14.82 12.97 11.14 12.93 14.37 14.01 13.96 15.44 15.68 15.33 17.34 18.64 18.99 19.42 20.29 19.25 17.69 16.38 16.11 17.05 16.39 16.50 18.87 18.76 18.22 19.44 20.73 19.38 19.88 21.50 22.33 21.59 23.51 24.62 24.71 25.00 27.59 28.67 28.29 29.76 30.72 30.80 28.89 26.61 26.91 25.24 25.08 24.17 23.71 22.77 23.63 23.09 23.07 22.98 24.51 24.29 25.73 24.54 23.32 22.82 22.01 22.79 23.37 22.53 22.76 25.26 26.48 25.75 27.61 26.00 26.45 25.38 25.92 25.65 24.12 24.60 25.66 25.06 24.85 25.45 27.44 28.61 29.52 
24.29 23.55 22.84 24.49 22.59 19.40 20.99 21.43 16.68 15.88 16.42 14.57 11.45 11.08 11.62 10.09 8.17 8.56 8.85 6.35 1.54 6.13 7.84 8.61 9.78 11.05 12.18 13.13 11.92 13.74 14.61 15.72 16.36 18.22 18.76 20.37 21.51 24.28 23.56 21.78 24.07 25.02 23.24 23.82 26.77 25.85 23.96 26.15 25.17 24.50 22.71 23.77 21.38 18.89 18.50 19.59 17.74 14.59 16.08 15.75 13.43 10.80 13.93 14.11 13.93 14.27 16.23 16.45 14.98 16.77 18.28 18.99 19.17 19.52 18.97 17.67 15.78 14.54 15.78 15.17 15.36 18.00 17.68 17.57 18.77 20.06 18.48 19.73 21.49 22.30 21.07 23.20 24.38 24.20 24.26 27.14 28.48 27.90 29.90 30.22 30.73 28.54 26.59 26.82 25.05 24.79 24.51 23.81 23.00 23.49 23.11 23.16 23.26 24.33 24.39 25.40 24.11 22.74 22.40 21.16 21.97 22.75 21.83 22.06 24.66 26.01 25.31 27.03 25.67 26.48 25.08 26.07 25.52 24.19 24.86 25.60 24.96 25.08 26.28 27.34 29.87 30.04 
24.32 22.95 22.87 24.29 22.02 18.98 20.68 20.49 16.77 15.64 16.36 14.08 11.21 11.09 11.78 9.75 8.51 9.08 8.59 6.68 6.13 0.00 5.49 5.84 7.76 8.54 9.90 10.10 10.07 12.07 13.43 14.32 15.32 16.90 18.49 19.79 20.50 23.06 22.63 21.19 23.07 24.23 22.76 23.42 25.69 24.86 23.23 25.55 23.82 23.47 21.51 22.60 20.05 17.54 17.78 18.57 15.31 12.29 13.95 14.26 9.32 7.25 11.92 12.79 10.77 11.26 13.97 14.15 13.06 15.26 16.72 16.88 17.38 17.65 17.30 15.71 14.01 12.61 13.59 12.96 13.01 15.80 15.13 15.26 16.80 18.19 16.46 17.98 19.76 20.53 19.73 21.78 22.94 22.87 23.44 26.23 27.54 26.92 28.65 29.34 29.72 27.50 25.69 25.81 24.50 23.89 23.23 22.83 21.87 22.23 21.82 21.80 21.89 22.79 22.50 23.78 22.47 20.98 20.38 19.47 20.41 20.88 20.39 20.49 23.27 24.62 23.89 25.80 24.56 25.05 23.88 24.36 24.46 22.93 23.34 24.32 24.22 24.37 24.62 26.59 28.11 28.91 
24.16 23.24 23.39 24.38 22.53 19.70 21.50 21.48 17.89 16.87 17.60 15.57 12.62 13.40 13.57 11.91 10.28 12.07 11.34 8.38 7.84 5.49 2.79 5.75 7.62 7.85 9.61 10.65 10.97 12.53 13.86 15.37 16.18 18.39 19.16 21.24 21.79 24.24 23.88 22.11 23.80 24.75 23.86 24.13 26.07 25.15 24.07 26.52 24.65 23.79 22.41 23.09 20.73 18.25 17.97 19.05 16.74 12.94 15.00 15.12 11.59 10.20 13.79 14.02 12.81 12.49 15.12 14.60 13.71 16.26 17.85 17.29 18.08 18.55 18.27 16.10 14.53 12.89 13.44 13.06 12.99 15.24 14.84 14.99 16.66 18.11 16.40 18.15 19.88 21.08 20.52 22.48 23.42 23.50 24.22 26.72 27.83 27.29 29.24 29.74 30.37 28.04 25.91 26.47 24.93 24.36 23.52 22.90 22.37 22.62 21.86 21.81 21.90 22.80 22.41 23.61 22.55 20.74 20.20 19.28 20.28 20.76 19.97 20.55 23.36 24.53 23.63 25.51 24.37 25.24 23.85 24.88 24.70 23.54 24.06 25.02 24.69 24.38 25.40 27.14 28.76 28.86 
23.50 21.66 21.94 23.46 20.81 17.53 19.24 19.89 16.08 14.75 16.19 15.37 11.94 12.21 13.73 12.63 11.17 12.54 12.38 9.09 8.61 5.84 5.75 0.00 5.00 5.40 7.30 8.15 9.22 9.99 11.24 12.73 13.99 15.02 16.98 18.63 19.69 22.27 21.78 20.30 22.32 23.59 22.19 22.42 24.62 24.23 22.56 25.02 22.80 22.32 20.65 21.78 19.13 15.97 16.27 17.54 14.91 11.79 13.08 13.53 9.96 9.84 12.57 13.48 12.80 13.04 14.94 14.48 13.80 15.90 17.81 17.62 17.90 18.26 18.04 15.67 13.75 11.60 12.37 10.63 10.53 11.96 12.34 11.93 13.61 15.08 13.70 14.76 17.18 18.06 17.70 19.75 21.14 21.05 21.57 24.25 25.42 25.01 26.68 27.49 27.94 25.73 23.68 24.10 22.60 22.03 20.98 20.50 19.69 20.24 19.59 19.26 19.33 20.30 19.93 20.99 19.67 18.34 17.84 16.43 17.63 18.27 17.65 17.92 21.12 22.33 21.85 23.85 22.52 23.10 21.88 22.49 22.65 21.25 21.77 22.71 22.82 22.97 23.35 25.29 27.08 28.08 
22.31 20.95 20.71 21.93 20.20 16.62 18.32 18.49 14.85 13.98 15.17 13.74 9.57 10.70 12.96 12.13 9.80 12.56 13.61 10.70 9.78 7.76 7.62 5.00 0.10 5.30 6.66 7.55 7.71 8.73 10.01 11.52 12.24 13.43 14.52 16.88 18.04 20.79 20.20 18.70 21.65 22.63 20.79 20.88 24.19 23.71 21.37 23.63 21.74 21.23 19.55 20.69 17.94 15.30 15.52 17.23 15.16 11.20 12.76 13.31 10.30 9.80 13.55 13.98 13.15 13.63 15.44 15.42 14.92 16.68 18.60 18.37 19.03 19.17 18.79 16.82 14.87 12.79 12.84 10.81 10.30 12.11 11.15 10.57 12.85 13.96 12.44 13.22 15.51 16.76 15.69 17.53 19.36 19.24 19.68 22.25 23.67 23.19 25.30 25.79 26.27 24.10 22.32 22.56 21.06 20.27 19.41 18.99 18.38 18.59 17.92 17.49 17.52 18.43 18.31 19.17 17.69 16.27 16.23 14.93 15.82 16.50 16.22 16.74 19.64 20.99 20.45 22.47 21.09 21.93 20.70 21.83 21.35 20.25 20.98 21.95 21.54 21.65 22.84 24.51 26.49 27.26 
21.84 20.22 20.04 21.55 19.01 16.56 17.69 18.02 14.56 14.00 15.40 14.27 10.94 12.34 14.13 13.15 11.22 13.75 14.35 11.19 11.05 8.54 7.85 5.40 5.30 0.00 4.50 6.51 6.86 7.86 8.96 10.69 11.15 12.86 14.68 16.17 17.12 19.87 19.57 18.35 20.71 22.09 20.10 20.66 23.39 22.93 21.05 22.98 20.97 20.62 18.71 19.79 17.45 14.65 15.22 16.79 14.13 11.03 12.85 13.45 10.49 9.68 13.54 14.74 13.80 14.42 16.77 16.80 15.90 18.06 19.93 19.64 19.90 20.83 20.38 17.87 16.14 14.31 14.15 11.68 10.63 12.06 11.07 10.03 12.19 13.52 11.32 12.87 15.44 16.29 15.81 17.55 19.18 19.25 19.83 22.59 23.79 23.39 25.14 25.96 26.20 24.08 21.74 22.54 20.71 20.19 18.85 18.71 17.95 18.28 17.14 16.88 17.08 17.98 17.69 18.65 17.36 16.09 15.87 14.43 15.63 16.58 16.17 16.70 19.77 21.12 20.43 22.67 21.29 22.07 20.67 21.57 21.42 20.05 20.70 21.89 21.97 21.67 22.02 23.70 25.50 26.83 
20.94 19.66 19.91 20.86 18.99 16.11 18.21 17.64 14.75 14.31 15.69 13.80 11.46 13.20 14.82 13.16 12.07 14.67 15.71 12.45 12.18 9.90 9.61 7.30 6.66 4.50 0.85 5.83 6.91 6.47 7.23 10.21 10.91 12.00 13.78 15.99 16.68 18.53 18.86 17.80 20.17 20.55 19.68 19.74 21.98 21.04 20.04 22.34 19.88 19.68 18.33 19.13 16.82 14.64 15.13 16.53 14.28 11.13 13.32 14.45 11.29 11.55 15.66 16.17 15.08 16.23 18.39 18.09 17.26 19.57 21.63 20.58 21.16 21.71 21.71 19.27 17.36 15.49 15.23 13.02 11.95 12.75 10.95 10.11 11.83 12.80 10.57 12.26 14.76 15.76 15.23 17.85 19.16 19.16 20.24 22.68 23.81 23.11 25.37 25.83 26.41 23.81 21.78 22.18 20.63 20.11 18.91 18.12 17.28 17.60 16.52 15.75 16.31 17.28 16.44 17.46 16.92 15.25 14.82 13.10 15.00 15.87 15.23 16.13 19.62 20.87 19.92 22.16 20.82 21.67 20.36 21.63 21.27 20.34 21.05 22.12 21.70 20.93 22.64 23.95 25.18 26.01 
21.13 19.37 19.35 20.93 19.19 16.87 17.76 18.48 14.96 14.56 16.04 15.27 12.20 13.58 14.69 13.16 12.46 14.99 15.13 12.19 13.13 10.10 10.65 8.15 7.55 6.51 5.83 0.07 5.60 6.88 6.37 7.60 9.49 10.72 11.96 13.93 15.07 16.96 17.68 17.29 19.09 19.87 18.84 19.66 21.61 20.77 19.56 21.75 19.31 18.78 17.89 19.12 16.68 13.61 14.36 15.93 12.77 9.95 12.46 13.02 10.27 11.45 16.26 16.39 15.64 17.00 19.32 18.70 18.34 20.33 22.08 21.62 22.37 22.91 23.06 20.47 18.74 17.01 17.20 14.88 13.41 14.20 12.81 11.50 12.64 13.40 11.50 12.67 14.90 15.67 15.24 17.67 18.79 18.64 19.22 22.06 22.87 22.71 24.44 25.15 25.62 23.64 20.93 21.72 20.27 19.93 18.26 18.14 17.07 17.44 16.42 15.98 16.45 17.36 16.62 18.10 16.69 15.27 14.63 13.41 14.86 15.84 14.97 16.27 19.25 20.69 19.90 22.34 20.61 21.44 20.25 21.38 21.16 20.04 20.71 21.82 21.81 20.95 21.62 23.33 24.72 26.29 
20.01 18.29 17.54 19.50 18.44 15.38 16.59 16.92 13.09 12.76 14.08 12.32 9.29 11.30 13.75 11.18 9.42 13.19 14.65 12.05 11.92 10.07 10.97 9.22 7.71 6.86 6.91 5.60 0.70 5.05 6.62 6.48 7.11 8.81 10.41 12.29 13.72 16.06 16.14 15.40 17.98 18.84 17.48 17.97 20.69 20.06 17.80 20.09 17.91 17.29 16.32 18.03 15.89 13.16 13.59 14.97 13.41 10.34 12.67 13.58 11.30 11.93 16.04 16.72 16.02 16.91 18.95 18.75 18.59 20.22 22.24 21.75 22.94 23.57 23.74 21.28 19.65 18.15 18.82 15.63 14.67 15.71 14.22 11.75 13.41 13.91 11.86 12.38 14.90 15.47 14.56 16.39 18.08 17.78 18.34 20.62 21.86 21.24 23.42 23.80 24.32 22.15 19.92 20.58 19.19 18.66 17.51 16.96 16.44 16.47 15.69 15.53 15.31 16.69 16.36 17.71 16.16 14.83 15.13 13.68 14.58 15.39 15.36 15.88 18.73 20.21 19.82 21.77 20.28 21.15 19.96 21.01 20.74 19.82 20.65 21.53 21.13 19.57 21.61 22.69 24.81 25.25 
19.05 16.69 16.83 18.66 16.97 14.59 16.02 16.39 11.30 12.55 14.01 12.89 9.58 11.67 13.86 13.15 10.72 14.80 16.11 13.35 13.74 12.07 12.53 9.99 8.73 7.86 6.47 6.88 5.05 0.00 5.27 7.36 5.82 7.03 9.22 11.54 11.94 15.30 15.25 14.45 16.79 18.74 16.38 17.12 19.85 19.56 17.32 19.15 17.19 17.20 15.63 17.15 15.83 12.76 13.57 15.06 12.97 10.51 13.34 13.95 12.50 12.58 16.80 17.96 17.22 17.96 20.26 20.30 19.57 21.65 23.39 23.12 23.61 24.48 24.63 22.08 20.72 19.14 19.11 16.16 15.22 15.88 13.24 11.19 13.02 13.40 10.25 10.92 13.65 14.35 12.96 14.90 16.83 17.13 17.26 20.22 21.04 20.57 22.22 23.35 23.24 21.38 18.53 19.67 17.79 17.71 15.85 15.15 14.64 15.59 14.28 13.61 14.43 16.08 15.91 16.84 15.73 14.60 14.93 12.90 14.40 15.31 14.75 15.52 18.41 20.02 19.29 21.22 19.71 20.63 19.43 20.66 20.36 19.17 19.95 21.26 21.31 20.01 20.70 22.32 23.58 25.18 
17.16 15.46 16.11 17.70 15.83 13.03 15.76 15.16 11.72 11.86 14.27 11.54 10.79 11.90 14.38 11.92 11.83 15.09 16.95 13.93 14.61 13.43 13.86 11.24 10.01 8.96 7.23 6.37 6.62 5.27 0.00 5.73 6.93 6.27 7.04 10.18 11.09 13.64 13.13 13.01 15.05 16.86 14.54 14.99 17.52 17.88 16.11 17.82 15.45 16.13 14.72 16.31 14.01 11.70 12.63 14.70 12.65 9.65 12.74 14.57 12.51 13.01 17.31 18.00 17.62 18.41 21.34 20.67 20.52 22.11 24.43 23.59 24.33 24.91 25.37 23.05 21.55 19.98 20.09 17.72 16.52 16.86 14.82 12.59 13.77 13.64 11.03 11.78 13.92 14.11 13.34 15.54 16.88 16.63 17.42 19.92 20.73 20.02 22.05 22.53 22.74 20.45 17.99 18.60 16.66 16.70 15.59 14.27 13.48 14.44 13.45 12.86 13.62 15.47 14.71 15.94 15.38 14.02 13.68 11.65 13.63 14.63 13.94 14.53 18.11 19.56 18.75 20.65 19.15 20.26 19.24 20.33 20.02 19.14 20.02 21.11 20.65 19.09 21.42 22.44 23.71 24.60 
17.61 15.80 16.25 17.97 16.07 14.32 15.85 15.84 11.99 12.70 14.36 11.16 11.05 13.09 13.80 10.44 11.79 15.69 16.41 13.45 15.72 14.32 15.37 12.73 11.52 10.69 10.21 7.60 6.48 7.36 5.73 0.00 5.57 7.09 6.39 7.81 9.99 12.91 12.59 12.89 14.97 16.34 14.82 15.24 17.49 17.37 15.97 17.99 15.75 15.14 13.49 16.03 13.92 10.85 10.40 13.80 12.20 8.85 11.18 13.74 13.04 13.29 17.68 19.09 19.17 19.78 22.44 22.39 22.25 23.74 25.77 25.68 26.16 26.84 26.91 24.86 23.33 21.85 21.96 19.64 18.03 18.38 16.67 14.42 15.18 15.04 12.80 13.27 14.89 14.76 14.22 15.99 17.40 17.01 17.52 20.11 20.86 20.50 22.28 22.62 22.83 20.92 18.23 18.88 17.11 16.94 15.63 15.33 14.51 15.36 14.72 14.56 15.29 16.56 16.34 17.35 16.67 15.20 14.88 13.46 14.81 15.55 15.01 15.65 18.79 20.23 19.86 21.78 20.23 20.92 20.12 20.99 20.66 19.56 20.45 21.60 21.60 20.33 21.28 23.20 24.45 25.85 
16.91 15.27 14.70 16.69 14.87 12.77 14.00 13.26 8.88 10.59 12.34 8.88 8.07 11.38 13.48 10.24 10.62 15.08 17.24 14.58 16.36 15.32 16.18 13.99 12.24 11.15 10.91 9.49 7.11 5.82 6.93 5.57 0.00 5.46 7.06 7.05 7.86 11.44 11.69 11.16 13.19 14.93 13.22 13.89 16.14 16.36 14.35 16.68 14.58 14.28 12.33 14.89 13.60 11.23 11.03 13.91 13.23 10.95 12.57 14.94 13.69 14.39 18.28 20.01 19.83 20.40 22.88 23.02 23.02 24.40 26.38 26.19 27.06 27.23 27.36 25.05 23.61 22.54 22.59 19.48 18.28 18.88 16.95 14.18 15.20 15.51 12.79 13.03 14.92 15.17 13.59 15.29 16.74 16.48 16.86 19.06 19.74 19.11 20.91 21.20 21.22 19.33 16.74 17.31 15.28 15.14 14.07 13.90 13.63 14.29 13.74 14.55 14.55 16.27 15.87 17.73 16.56 15.60 15.47 14.18 14.66 15.40 15.22 15.55 18.16 19.98 19.59 21.40 19.58 20.84 19.84 20.78 20.33 19.60 20.37 21.32 21.00 19.86 21.51 23.11 24.79 25.77 
16.59 14.13 14.38 16.21 14.18 12.78 14.12 13.80 9.16 10.73 13.47 11.69 9.76 11.92 15.41 13.82 12.38 16.64 19.59 17.29 18.22 16.90 18.39 15.02 13.43 12.86 12.00 10.72 8.81 7.03 6.27 7.09 5.46 0.00 5.39 7.13 6.70 9.12 9.95 9.80 11.53 13.79 12.62 12.96 15.93 15.92 13.96 15.72 13.75 14.00 12.50 14.84 13.43 10.75 12.14 14.51 12.78 11.04 14.23 15.46 14.22 14.83 19.70 20.88 20.45 21.29 24.22 24.27 23.84 25.67 27.68 27.49 28.14 28.86 28.61 26.16 25.05 23.79 23.60 20.92 20.05 20.37 18.17 15.39 16.63 16.33 13.77 13.61 15.87 15.31 14.32 15.60 17.11 16.30 16.98 19.12 20.01 18.82 20.74 21.07 21.26 18.89 16.53 16.92 14.74 14.72 13.74 13.13 13.20 14.47 13.76 13.98 15.02 16.88 16.94 18.34 17.41 16.64 16.67 14.93 15.19 16.01 15.65 15.84 18.40 20.30 19.96 21.63 19.88 21.00 20.03 20.76 20.41 19.34 20.12 21.28 21.44 20.75 21.29 23.07 24.37 25.98 
15.31 13.77 13.35 15.62 13.43 11.83 13.26 13.24 10.05 11.12 13.60 11.75 10.81 13.04 15.95 14.02 13.44 17.74 20.47 18.39 18.76 18.49 19.16 16.98 14.52 14.68 13.78 11.96 10.41 9.22 7.04 6.39 7.06 5.39 0.00 5.68 6.75 7.46 7.97 8.79 10.61 12.77 11.24 11.94 14.68 15.33 13.04 15.05 12.60 13.33 11.33 14.55 12.23 10.22 11.51 14.72 12.68 11.31 14.75 16.57 14.83 15.64 20.05 21.21 20.84 22.19 25.09 25.01 24.81 26.98 28.58 28.46 29.42 29.98 29.87 27.90 26.51 25.34 25.23 22.77 21.73 21.53 19.60 17.69 18.09 17.65 15.05 15.38 16.37 16.23 14.74 16.42 17.30 16.86 17.20 19.37 19.75 19.12 20.66 21.06 21.12 18.80 16.10 16.95 14.87 14.91 14.27 13.94 13.82 14.91 13.81 14.83 15.42 17.46 16.86 19.37 18.45 17.11 17.10 15.52 16.09 16.66 16.18 16.64 19.27 20.56 19.91 21.77 19.85 21.13 20.17 21.17 20.66 19.76 20.50 21.64 21.17 20.08 22.00 23.39 24.44 25.38 
16.33 14.59 14.57 16.15 14.79 13.62 14.77 13.85 11.24 12.77 14.35 11.55 12.45 14.78 16.28 14.13 14.89 19.23 20.84 19.19 20.37 19.79 21.24 18.63 16.88 16.17 15.99 13.93 12.29 11.54 10.18 7.81 7.05 7.13 5.68 0.03 5.92 7.87 7.35 8.23 11.18 12.48 11.55 12.79 16.05 15.72 14.32 16.32 15.01 14.04 12.55 15.26 14.33 12.01 12.94 16.05 15.52 14.15 16.73 18.42 17.92 18.11 22.45 23.76 23.76 24.32 27.18 27.48 27.31 28.96 30.83 31.05 31.57 32.24 31.95 30.10 28.40 27.17 26.93 24.81 23.08 23.46 21.63 19.72 20.11 19.57 17.37 17.27 18.42 17.61 16.38 17.79 18.58 17.89 18.29 20.31 20.64 20.02 21.83 21.76 21.75 19.79 17.03 17.67 15.75 15.82 15.26 15.07 15.14 16.53 16.05 16.55 17.60 19.01 19.06 21.22 20.54 19.04 18.96 17.61 18.06 18.49 17.91 18.48 20.83 21.80 21.52 23.26 21.49 22.15 21.26 21.92 21.64 20.59 21.19 22.22 22.21 21.35 22.01 23.78 25.02 26.50 
16.55 14.58 13.68 15.03 13.88 12.30 13.31 12.63 9.92 12.16 14.11 11.46 11.92 14.82 17.42 15.58 16.33 19.69 21.86 20.36 21.51 20.50 21.79 19.69 18.04 17.12 16.68 15.07 13.72 11.94 11.09 9.99 7.86 6.70 6.75 5.92 0.46 5.56 6.42 6.39 7.81 9.79 9.28 11.66 14.47 15.05 13.47 16.12 14.31 14.58 12.77 15.49 14.21 13.56 14.03 17.04 15.85 15.77 18.06 19.76 18.04 19.13 23.44 25.03 24.46 25.38 28.19 28.54 28.24 29.92 31.80 31.84 32.32 32.90 32.79 30.70 29.13 28.14 27.98 25.46 23.91 24.23 22.31 20.22 20.14 19.97 17.51 17.72 18.86 18.24 16.43 17.66 18.39 17.71 17.97 19.94 20.22 19.50 21.34 21.31 21.07 18.98 16.33 16.53 14.53 14.67 14.66 14.42 14.66 15.81 15.64 16.88 17.17 18.95 19.00 21.16 20.61 19.43 19.39 17.64 18.23 18.59 18.33 18.25 20.45 21.75 21.35 23.04 21.11 22.26 21.22 21.91 21.78 20.87 21.58 22.33 21.99 21.19 22.86 24.16 26.00 26.55 
17.68 16.15 15.43 16.71 16.19 15.17 16.29 16.59 13.72 15.66 17.70 16.88 16.09 17.67 20.32 19.61 18.34 22.37 24.62 23.68 24.28 23.06 24.24 22.27 20.79 19.87 18.53 16.96 16.06 15.30 13.64 12.91 11.44 9.12 7.46 7.87 5.56 0.10 5.50 7.08 7.62 9.44 10.12 12.13 15.00 15.79 15.22 17.30 15.32 15.99 15.20 17.60 16.38 14.80 16.82 18.74 17.67 17.27 20.47 21.55 20.51 21.60 26.06 27.08 26.45 27.87 30.87 30.71 30.07 32.42 34.02 33.62 34.31 35.05 34.88 32.33 31.19 30.00 30.05 27.50 26.07 26.26 24.46 22.34 22.17 22.15 19.96 19.97 20.68 20.23 18.82 19.74 19.94 19.22 19.49 21.41 21.82 21.04 22.90 23.25 23.28 20.77 17.57 18.67 16.49 16.90 16.42 16.43 16.58 17.81 17.42 18.30 18.96 20.75 21.04 23.13 22.74 21.44 21.29 19.83 19.85 20.52 19.91 19.90 22.09 23.59 23.17 24.78 22.91 23.79 22.69 23.39 23.23 21.78 22.42 23.52 23.75 22.71 23.21 25.02 26.29 27.21 
16.34 14.58 14.25 15.79 14.88 13.58 15.58 16.09 14.10 15.14 17.87 17.15 16.15 17.73 20.29 18.93 18.03 22.01 24.42 22.63 23.56 22.63 23.88 21.78 20.20 19.57 18.86 17.68 16.14 15.25 13.13 12.59 11.69 9.95 7.97 7.35 6.42 5.50 0.00 5.69 7.54 7.60 7.69 9.98 13.61 13.47 12.65 15.58 13.57 14.79 13.71 17.13 15.71 14.23 16.42 18.34 17.52 17.28 20.37 21.29 20.25 21.54 25.33 26.08 25.53 27.37 30.49 29.87 29.40 31.82 33.49 33.12 33.66 34.51 34.49 32.10 30.80 29.54 29.62 27.07 25.83 25.71 24.26 22.15 22.07 21.86 19.87 19.14 19.94 19.57 18.14 18.68 19.16 18.46 18.41 20.05 20.40 19.61 21.22 21.47 21.64 18.72 16.12 17.07 15.38 14.99 15.67 15.25 15.03 16.50 16.19 17.48 17.83 19.86 19.97 22.19 21.84 20.45 20.39 19.00 19.55 19.78 19.23 19.18 21.59 22.69 21.78 23.57 21.58 22.75 21.56 22.62 22.27 21.03 21.65 23.14 22.77 21.30 23.17 24.43 25.73 25.93 
15.69 13.72 13.83 15.15 14.13 12.92 14.91 15.62 13.88 14.72 17.54 16.46 15.62 17.18 19.35 18.44 17.48 21.37 22.93 21.42 21.78 21.19 22.11 20.30 18.70 18.35 17.80 17.29 15.40 14.45 13.01 12.89 11.16 9.80 8.79 8.23 6.39 7.08 5.69 0.00 5.89 7.45 6.08 7.10 10.87 12.19 10.65 12.92 11.85 12.58 11.87 14.83 13.98 13.06 14.98 17.38 16.86 16.47 19.26 20.77 20.13 20.83 24.32 25.46 25.49 26.43 29.15 29.12 28.72 30.66 32.52 32.14 32.74 33.28 33.15 30.90 29.61 28.37 28.12 25.81 24.37 24.44 22.66 20.83 20.88 20.91 18.62 18.36 19.08 18.47 16.71 17.61 18.24 17.27 17.27 19.10 19.34 18.24 20.10 20.14 19.56 17.01 14.29 14.97 12.55 12.52 13.10 12.75 12.10 14.30 14.52 15.22 15.55 17.96 18.47 20.49 19.96 18.97 18.67 17.85 18.19 18.79 17.88 18.10 20.36 21.50 20.54 22.21 20.12 21.00 19.96 20.75 20.69 19.20 19.92 21.33 21.34 20.21 21.24 23.20 24.27 25.84 
16.56 14.99 14.99 16.26 15.64 14.37 15.94 16.92 15.80 16.49 19.29 18.52 17.60 18.94 21.15 20.52 19.98 22.58 24.29 23.33 24.07 23.07 23.80 22.32 21.65 20.71 20.17 19.09 17.98 16.79 15.05 14.97 13.19 11.53 10.61 11.18 7.81 7.62 7.54 5.89 0.32 5.94 6.92 6.26 8.76 10.30 10.08 12.21 11.51 12.59 11.04 14.35 14.60 13.90 15.21 18.19 18.37 17.85 20.09 21.84 21.54 22.23 25.36 27.34 27.31 27.95 30.34 30.77 30.23 32.12 33.68 33.74 34.34 34.66 34.59 32.29 31.03 29.79 29.57 27.27 25.92 25.75 24.06 22.42 22.17 21.94 19.82 19.70 20.73 19.85 18.05 19.07 19.85 19.05 18.77 20.72 20.96 20.13 21.76 21.99 21.58 19.13 16.44 17.24 15.52 15.45 15.27 15.08 14.97 16.23 16.19 17.08 17.42 19.47 19.87 21.97 21.63 20.51 20.46 19.41 19.99 20.13 19.83 19.57 21.75 22.76 22.19 23.46 21.32 22.28 21.29 21.96 21.82 20.78 21.20 22.24 22.50 21.20 22.63 24.31 26.46 26.68 
17.88 16.32 16.11 17.68 17.19 15.81 17.53 19.04 17.98 18.03 20.26 20.46 19.11 20.19 22.14 21.85 20.78 23.75 25.38 24.65 25.02 24.23 24.75 23.59 22.63 22.09 20.55 19.87 18.84 18.74 16.86 16.34 14.93 13.79 12.77 12.48 9.79 9.44 7.60 7.45 5.94 0.63 5.89 7.25 7.34 8.64 9.72 12.24 11.38 12.83 12.45 15.21 15.37 14.52 16.24 19.03 19.06 18.40 20.86 23.16 22.82 23.52 27.00 28.82 28.44 29.06 31.94 31.95 31.59 33.13 34.87 34.60 35.23 35.39 35.18 32.81 31.65 30.52 30.39 27.84 26.32 26.61 25.23 23.19 22.77 22.89 21.08 20.68 21.38 20.88 19.21 20.09 20.77 19.90 19.82 21.72 22.27 21.34 22.92 23.14 23.10 20.34 17.30 18.15 16.62 16.66 16.33 16.27 15.82 17.14 16.90 17.89 18.56 20.40 20.67 23.08 22.71 21.49 21.19 20.58 20.82 21.20 20.42 20.32 22.23 23.35 22.57 24.25 22.37 23.06 21.89 22.26 22.27 20.59 21.32 22.66 23.21 22.12 22.74 24.66 26.19 27.37 
16.89 14.74 14.91 17.23 15.76 13.96 16.00 17.51 16.32 16.37 18.65 18.92 17.30 18.65 20.90 20.18 19.22 22.33 24.45 22.96 23.24 22.76 23.86 22.19 20.79 20.10 19.68 18.84 17.48 16.38 14.54 14.82 13.22 12.62 11.24 11.55 9.28 10.12 7.69 6.08 6.92 5.89 0.48 5.32 7.38 6.60 6.86 10.45 8.09 10.45 10.61 14.36 13.80 12.74 15.45 17.80 17.33 16.50 20.14 21.53 21.07 21.72 25.21 26.66 26.06 27.17 29.89 30.16 29.15 31.26 32.80 32.54 32.88 33.11 32.94 30.80 29.38 28.03 28.36 25.70 24.30 24.26 23.28 21.17 20.93 21.00 19.34 18.39 19.42 18.66 16.97 17.78 18.83 17.85 17.62 19.67 19.93 18.78 20.27 20.65 20.19 17.29 14.64 15.56 13.47 13.31 13.73 13.38 12.73 14.00 14.22 15.06 16.04 17.68 18.20 20.28 20.32 19.20 18.90 18.15 18.99 18.95 17.99 17.90 20.10 20.72 19.73 21.26 19.57 20.29 19.00 20.01 19.69 17.91 19.19 20.94 20.98 19.73 21.47 23.32 24.53 25.43 
17.35 15.76 16.44 18.37 16.55 15.12 16.88 18.13 16.47 16.73 19.11 19.24 17.31 19.01 20.92 20.66 19.52 22.87 24.51 23.25 23.82 23.42 24.13 22.42 20.88 20.66 19.74 19.66 17.97 17.12 14.99 15.24 13.89 12.96 11.94 12.79 11.66 12.13 9.98 7.10 6.26 7.25 5.32 0.00 6.06 7.35 6.11 8.40 7.48 9.55 10.25 13.71 13.51 12.47 14.76 17.62 17.12 17.09 19.91 21.58 21.23 22.02 25.24 26.50 26.43 27.20 29.79 29.63 29.20 30.68 32.27 31.94 32.25 32.44 32.32 30.37 29.02 27.72 27.70 25.49 24.02 24.17 22.62 20.97 21.15 21.15 19.11 18.67 19.91 19.20 17.22 18.28 19.54 18.52 18.41 20.26 20.58 19.43 21.48 21.66 21.24 18.78 16.04 16.75 14.75 14.83 14.36 13.97 13.46 14.78 14.67 15.66 16.36 18.46 18.82 20.98 20.67 19.64 19.17 18.79 19.07 19.35 18.17 18.26 20.24 21.01 19.90 21.40 19.23 19.97 19.09 19.60 19.56 18.25 19.33 20.85 20.99 20.19 21.02 23.23 24.35 26.34 
19.51 18.30 19.26 20.73 18.97 17.49 19.16 19.72 18.78 19.01 21.57 21.04 19.61 20.98 23.09 22.54 22.14 24.65 26.28 25.48 26.77 25.69 26.07 24.62 24.19 23.39 21.98 21.61 20.69 19.85 17.52 17.49 16.14 15.93 14.68 16.05 14.47 15.00 13.61 10.87 8.76 7.34 7.38 6.06 1.80 6.48 7.18 8.95 8.77 10.54 10.77 14.51 14.50 14.57 16.14 18.54 18.66 18.58 21.27 23.03 22.99 23.43 26.73 28.44 28.14 28.37 30.87 31.21 30.42 31.56 33.22 33.02 33.32 33.21 33.08 31.20 30.03 28.79 28.67 26.72 25.56 25.79 24.13 22.59 22.87 22.89 20.85 20.67 21.97 21.29 19.44 20.63 21.62 21.06 20.53 22.51 22.75 22.21 24.13 24.38 23.93 22.00 19.66 20.51 18.84 18.49 17.82 17.19 17.09 17.98 17.56 18.39 19.24 20.95 21.39 23.54 23.09 21.83 21.60 20.95 21.17 21.15 20.46 20.39 22.23 22.81 22.06 23.20 21.23 22.12 21.08 21.46 21.42 20.93 21.46 22.35 22.62 21.71 22.88 24.34 26.87 27.56 
20.37 18.78 19.64 21.36 19.65 17.63 19.21 20.76 19.23 19.12 21.10 21.22 19.35 20.60 22.30 22.11 21.37 23.92 25.30 24.67 25.85 24.86 25.15 24.23 23.71 22.93 21.04 20.77 20.06 19.56 17.88 17.37 16.36 15.92 15.33 15.72 15.05 15.79 13.47 12.19 10.30 8.64 6.60 7.35 6.48 0.01 5.69 7.71 7.00 9.12 10.21 13.39 13.04 13.13 14.96 17.38 17.26 17.17 19.91 22.23 21.94 22.87 26.02 27.90 27.22 27.44 30.19 30.52 29.72 30.47 32.00 32.13 32.31 31.88 31.74 29.91 28.70 27.68 27.75 25.25 24.22 25.00 23.90 21.72 22.05 22.53 20.80 20.19 21.52 21.27 19.43 20.48 21.64 20.88 20.72 22.70 23.28 22.63 24.17 24.55 24.35 22.24 19.66 20.70 18.74 18.65 18.06 17.86 17.30 18.04 17.81 18.65 19.53 21.10 21.46 23.74 23.38 21.88 21.51 20.81 21.16 21.02 20.03 19.82 21.60 22.21 21.09 22.76 20.61 21.31 20.20 20.61 20.67 19.68 20.86 22.04 22.31 21.77 22.27 24.34 25.85 27.34 
20.34 18.42 18.77 20.99 18.68 16.40 18.17 19.62 17.80 17.36 19.43 19.65 17.98 18.99 20.62 20.22 19.77 22.43 23.99 23.14 23.96 23.23 24.07 22.56 21.37 21.05 20.04 19.56 17.80 17.32 16.11 15.97 14.35 13.96 13.04 14.32 13.47 15.22 12.65 10.65 10.08 9.72 6.86 6.11 7.18 5.69 0.00 5.25 6.26 7.09 7.79 11.12 11.39 10.79 13.04 15.65 15.28 15.07 18.55 20.54 20.41 20.87 24.41 25.94 25.55 25.89 28.41 28.74 27.89 28.98 30.53 30.51 30.61 30.25 30.13 28.40 27.01 25.74 26.19 23.80 22.71 23.45 22.58 20.66 20.93 21.29 19.46 18.92 20.28 20.03 18.02 19.37 20.27 19.83 19.53 21.79 22.21 21.35 23.15 23.60 23.43 21.23 18.71 19.94 18.16 17.80 17.30 16.92 16.38 17.12 16.83 17.78 18.75 20.22 20.27 22.72 22.52 21.04 20.33 19.61 20.21 19.86 18.42 18.17 20.09 20.16 18.92 20.39 18.30 18.92 18.20 19.17 19.09 17.89 19.21 20.93 21.04 20.10 21.99 23.59 25.33 26.10 
