0.00 5.48 6.58 10.87 11.33 14.35 16.96 19.05 21.72 23.22 23.33 24.15 24.40 24.40 22.92 21.78 21.21 21.89 20.85 18.83 19.21 20.14 19.26 18.17 19.58 20.59 20.12 19.17 19.26 19.49 20.13 21.12 22.42 23.39 24.48 24.68 25.11 25.47 25.94 25.41 26.39 26.68 28.34 28.01 29.11 28.98 30.25 29.28 27.53 27.20 28.30 27.15 26.63 26.96 27.51 26.82 28.01 28.66 27.79 28.36 29.47 29.02 28.41 28.50 28.80 28.49 27.48 27.91 28.74 29.78 29.83 30.34 32.00 32.43 31.75 31.93 32.58 31.67 31.12 31.14 31.25 31.52 31.36 30.82 30.21 29.97 30.05 29.07 28.71 29.21 29.71 28.70 28.25 28.93 29.65 29.06 28.98 28.78 28.99 29.41 30.88 31.46 31.46 32.29 34.29 34.33 34.05 34.71 36.68 36.59 36.79 36.83 37.45 37.77 38.39 37.66 37.62 35.90 34.49 33.27 33.21 32.23 31.68 31.60 31.80 30.32 29.49 27.90 26.78 26.49 25.69 24.00 24.03 25.17 24.44 23.06 24.25 24.29 23.34 21.94 22.22 22.28 22.97 23.61 25.68 25.57 27.60 29.16 30.93 30.48 31.29 30.25 29.85 29.62 29.21 28.32 28.57 28.73 27.60 25.55 26.00 26.36 25.29 22.67 23.36 22.94 21.47 19.58 19.56 19.28 19.95 20.53 21.79 22.86 24.60 25.39 25.14 26.27 26.77 26.16 24.88 24.81 24.77 24.16 24.29 25.44 26.34 26.93 28.03 28.07 27.44 26.10 25.67 24.85 24.89 25.22 26.02 25.45 26.23 26.78 26.43 24.91 26.27 26.78 26.10 29.41 
5.48 0.00 3.36 6.83 9.64 12.18 13.58 16.52 19.30 21.39 20.37 21.58 22.05 22.62 22.00 19.87 19.43 20.50 19.16 16.97 17.60 19.26 18.12 16.74 18.64 20.14 19.29 18.17 18.11 18.38 18.88 19.83 21.35 22.67 23.52 23.59 23.62 24.25 24.66 24.05 24.92 25.08 26.49 26.11 27.53 27.23 28.64 27.59 25.92 25.66 27.05 25.51 24.86 25.47 26.12 25.27 26.72 27.98 26.35 27.40 28.62 28.34 27.12 27.32 26.98 27.17 25.82 26.17 27.04 28.27 28.33 28.44 30.00 30.77 29.90 30.23 30.85 30.04 29.26 29.61 29.19 29.93 29.64 29.32 28.49 28.43 28.64 27.70 27.20 28.29 28.82 27.80 27.28 28.15 28.89 28.19 27.53 27.64 27.35 28.00 29.01 30.18 29.74 31.00 32.78 33.01 32.20 33.25 34.84 34.80 34.67 35.07 35.31 36.00 36.39 35.94 35.30 33.80 32.08 31.03 31.07 30.15 29.50 29.39 30.04 28.18 27.59 25.62 24.81 24.61 23.88 22.01 22.38 23.88 23.18 21.38 22.80 22.70 21.30 19.64 19.78 19.88 20.30 21.40 23.49 23.45 25.43 27.93 29.80 29.32 29.97 29.22 28.64 28.81 28.21 27.56 27.19 27.99 26.65 24.48 24.89 25.76 24.97 21.85 22.44 21.85 20.74 18.34 18.17 17.33 18.34 18.79 20.48 21.41 23.45 24.24 24.01 25.19 25.96 25.13 23.54 23.40 23.57 22.88 23.36 24.37 25.34 25.94 27.60 27.27 26.47 24.77 24.80 23.18 23.35 22.94 24.39 23.77 25.16 24.16 22.80 23.11 25.33 24.83 23.62 29.32 
6.58 3.36 1.31 5.11 7.63 10.55 12.65 14.84 17.01 18.55 18.90 18.77 18.40 19.85 19.67 17.86 16.82 18.26 17.57 15.52 16.13 18.14 17.53 16.44 18.54 20.17 19.69 18.41 18.24 18.20 18.69 19.36 21.13 22.02 22.91 22.51 23.23 23.43 23.60 22.57 23.81 23.52 25.22 24.34 25.99 25.43 27.18 25.87 24.47 24.24 26.05 24.16 23.64 24.49 25.60 24.48 25.92 27.05 25.87 26.93 28.70 28.15 26.77 26.77 26.84 26.28 24.92 24.88 25.88 26.99 27.11 26.88 28.77 29.19 28.47 28.29 28.94 28.18 27.81 27.72 27.41 27.91 28.17 27.47 27.05 26.85 27.59 26.42 26.23 26.83 27.88 26.73 26.40 27.20 28.16 27.21 26.87 26.49 26.44 26.46 27.72 28.61 28.72 29.31 31.30 31.26 30.95 31.21 32.81 32.68 33.09 33.11 33.57 34.08 35.03 33.89 33.51 31.70 30.51 28.84 28.84 27.64 27.61 27.21 27.71 25.60 25.48 23.58 22.58 22.30 22.08 20.14 20.38 22.24 21.72 20.04 21.20 21.10 19.56 17.92 18.49 18.38 18.58 19.72 22.60 21.85 24.31 26.37 28.63 27.57 28.75 27.55 27.20 27.15 27.33 26.31 26.09 26.64 26.44 24.04 24.14 25.25 25.52 22.30 22.11 21.76 20.92 18.31 17.53 16.45 17.12 17.58 19.18 19.90 21.96 22.66 22.79 23.85 24.90 23.89 22.46 22.44 22.60 21.82 22.54 23.37 24.27 24.70 26.55 25.97 25.19 23.40 23.82 22.14 21.68 21.68 24.25 23.31 23.67 24.82 24.87 21.53 24.30 24.59 24.95 28.14 
10.87 6.83 5.11 2.26 6.53 8.66 10.77 13.31 14.60 17.33 16.89 17.98 16.00 17.66 17.83 16.85 15.88 17.58 16.82 15.28 15.15 17.21 16.58 16.01 17.84 19.47 18.85 17.74 17.07 17.11 17.06 17.65 18.92 20.03 20.26 20.07 20.64 20.96 20.56 20.04 21.21 21.39 22.97 22.69 24.10 23.48 24.67 23.96 22.67 22.30 23.52 22.42 21.71 22.63 23.03 22.77 24.07 25.74 23.69 25.77 27.36 27.02 25.08 25.60 25.44 24.77 22.97 23.45 24.34 25.14 24.82 24.99 26.85 27.11 26.10 26.31 26.99 26.15 25.44 25.84 25.65 26.37 25.92 26.02 25.66 25.56 25.49 24.96 24.79 25.51 25.74 25.17 24.81 25.40 25.85 25.26 24.71 24.39 23.82 24.21 25.12 26.14 25.81 26.91 28.76 28.80 27.93 28.75 30.28 30.40 30.46 30.85 31.26 31.91 32.40 31.67 30.94 29.45 27.96 26.44 26.34 25.32 24.89 24.65 24.92 23.26 22.87 21.63 20.42 20.43 19.80 18.36 18.61 20.34 19.68 18.32 19.51 19.29 17.58 16.12 16.61 16.16 15.98 17.05 19.44 18.91 20.96 23.98 26.16 25.38 26.54 25.97 25.29 25.24 25.31 24.83 23.92 24.89 24.50 22.90 22.74 24.15 24.14 21.58 21.84 21.49 20.36 18.00 17.30 15.73 15.90 16.06 17.68 18.30 19.91 20.83 20.87 21.82 22.56 22.09 20.91 20.61 20.49 20.25 21.13 21.70 22.46 23.17 25.04 24.24 23.35 22.21 22.68 20.81 20.27 20.62 22.80 21.97 23.12 21.87 21.48 19.88 23.98 21.85 22.87 27.71 
11.33 9.64 7.63 6.53 0.00 5.83 6.47 9.94 12.84 14.60 15.30 15.77 15.06 15.13 14.63 13.61 14.00 15.61 15.38 13.36 14.26 16.13 14.87 14.45 17.08 19.10 17.96 16.68 15.49 15.17 14.97 15.50 16.20 17.51 18.18 18.25 18.34 18.47 18.69 17.88 19.40 19.50 21.62 21.36 23.01 22.51 24.05 23.18 22.02 21.57 23.24 21.84 21.42 22.10 22.64 22.10 23.95 25.43 23.71 25.45 27.75 26.94 25.05 24.95 24.07 23.41 21.78 21.99 23.13 23.91 23.43 23.57 25.34 25.87 24.94 25.38 26.71 25.58 24.97 25.27 25.15 25.86 25.79 25.62 25.20 24.80 24.84 24.12 23.97 24.74 25.24 24.43 24.42 25.01 25.45 24.49 23.77 23.27 23.36 23.47 25.01 25.64 25.25 26.38 28.59 28.30 27.37 28.50 31.02 31.08 30.98 31.56 32.56 33.29 34.08 33.08 32.87 30.73 29.04 27.37 27.33 25.89 25.49 25.22 25.99 23.74 23.06 21.41 20.86 20.51 19.84 18.27 19.25 20.75 19.65 18.11 19.94 19.76 18.05 16.36 16.59 16.11 16.12 17.12 19.48 18.85 21.10 23.79 26.49 25.49 26.54 25.91 25.86 25.65 25.62 24.90 24.82 25.55 24.55 22.47 23.12 24.21 23.47 20.71 22.11 21.88 20.01 16.96 15.69 14.17 14.24 14.44 15.55 16.80 18.90 19.91 19.64 20.86 21.71 21.29 20.13 20.07 20.23 19.60 20.04 21.19 22.07 23.25 24.91 24.72 23.63 22.12 21.75 20.25 19.57 19.47 21.39 21.12 22.01 21.53 22.70 23.55 23.31 21.85 21.77 27.81 
14.35 12.18 10.55 8.66 5.83 0.00 5.70 7.25 11.06 13.73 13.90 15.17 15.23 15.53 15.26 14.09 14.64 17.06 16.75 15.15 16.18 18.52 17.44 17.33 20.08 22.52 20.89 19.97 17.89 17.70 17.26 17.79 18.43 19.92 20.40 20.18 19.77 19.83 19.97 19.29 20.15 20.36 22.07 21.75 23.65 22.98 24.28 23.54 22.41 22.23 23.53 22.16 21.90 22.89 23.30 22.92 25.20 27.22 25.14 27.48 29.52 28.99 26.61 27.31 25.54 25.22 22.68 23.39 23.75 24.82 23.88 24.20 25.80 26.44 25.11 25.89 27.20 26.21 25.24 25.88 25.61 26.67 26.49 26.37 25.79 25.53 25.79 25.02 24.92 26.20 26.95 25.99 25.98 26.95 27.48 26.44 25.28 25.21 24.70 25.01 25.90 27.04 26.14 27.50 29.48 28.97 27.73 29.30 31.66 31.88 31.72 32.54 33.56 34.72 35.24 34.56 33.71 31.76 29.73 28.05 27.72 26.59 25.80 25.49 26.36 24.15 23.40 21.37 20.94 20.94 20.49 18.89 19.81 21.73 20.97 19.49 21.39 21.15 19.17 17.66 17.71 17.40 17.03 18.43 20.65 20.38 22.25 25.32 28.04 26.88 27.92 27.01 27.19 27.19 26.70 26.32 26.35 27.28 26.16 24.13 25.17 26.48 25.65 23.10 24.43 24.28 22.41 19.33 17.49 16.01 15.63 15.41 16.49 18.07 20.29 21.56 20.73 22.45 23.28 22.72 21.19 21.38 21.81 21.28 21.56 22.83 23.90 25.17 26.97 26.58 25.50 23.79 23.51 21.55 20.91 21.42 22.89 23.20 23.40 23.07 22.73 22.29 23.60 22.98 22.24 27.80 
16.96 13.58 12.65 10.77 6.47 5.70 0.00 5.63 7.61 10.37 11.96 12.19 11.80 13.31 12.71 10.87 12.19 15.14 14.61 12.99 14.47 17.56 17.00 16.84 19.51 22.03 21.19 20.03 18.17 17.82 17.57 18.00 18.48 19.35 19.63 19.48 19.16 18.89 18.66 17.82 18.90 18.44 20.16 19.55 21.33 20.51 22.09 21.20 20.24 19.89 21.61 20.09 19.75 20.96 21.84 21.38 23.32 25.33 23.80 26.31 28.69 27.67 25.68 25.94 25.13 23.72 21.51 21.13 21.83 22.23 21.38 21.18 22.90 23.29 22.10 22.68 24.26 23.33 22.71 23.04 22.81 23.90 24.01 23.76 23.41 23.07 23.71 23.00 22.82 23.99 24.97 24.42 24.41 25.35 26.01 25.05 23.98 23.47 23.30 23.00 24.15 24.80 24.03 24.72 26.79 26.02 24.78 25.81 28.60 28.67 28.96 29.79 31.05 32.28 33.34 32.24 31.43 29.46 27.75 25.80 25.37 23.69 23.05 22.68 23.42 21.14 20.55 18.45 18.07 18.11 17.87 15.93 16.98 19.46 18.63 17.13 19.09 18.89 16.96 15.51 16.47 16.26 15.83 17.12 19.65 19.41 21.43 24.09 26.67 25.68 26.66 25.53 25.59 25.70 25.47 25.09 25.20 26.24 25.29 23.34 24.34 25.66 25.35 22.69 23.97 23.85 22.07 18.72 17.09 15.39 14.81 14.09 15.00 16.15 18.24 19.28 18.51 20.33 21.71 21.12 19.71 20.05 20.68 20.13 20.43 21.62 22.25 23.55 25.45 25.22 23.97 22.15 22.20 20.45 19.69 19.79 21.52 21.35 21.91 22.99 22.65 22.73 22.49 22.73 22.84 28.07 
19.05 16.52 14.84 13.31 9.94 7.25 5.63 0.00 5.93 7.64 8.96 11.08 11.31 12.03 12.69 11.25 12.87 15.45 14.89 13.95 15.54 18.24 18.06 17.88 20.43 22.36 21.53 20.65 19.04 18.77 18.32 18.70 19.00 19.65 19.92 19.49 19.11 18.72 18.08 17.56 18.28 17.99 19.44 19.39 21.02 20.00 21.06 20.75 19.54 19.33 20.56 19.52 19.19 20.68 21.16 21.11 23.15 25.44 23.58 26.65 29.07 27.88 25.38 26.08 24.92 23.56 20.98 20.86 20.77 21.50 20.39 20.35 22.18 22.80 21.45 22.06 23.52 22.68 21.98 22.50 22.53 23.52 23.18 23.38 23.14 22.81 23.30 23.07 23.15 24.08 24.95 24.58 24.62 25.32 25.93 25.23 24.23 23.74 23.06 23.02 23.65 24.76 23.30 24.44 26.23 25.69 24.00 25.47 27.87 28.15 28.26 29.59 30.60 31.79 32.59 31.91 30.79 28.96 27.19 25.41 24.66 23.26 22.37 21.79 22.33 20.23 19.73 18.03 17.32 17.60 17.13 15.28 16.74 18.92 18.22 17.13 19.76 19.07 17.06 16.19 17.16 16.87 16.53 17.76 19.68 19.81 21.42 24.97 26.96 26.51 26.95 26.30 25.73 26.14 25.78 25.29 24.94 26.24 25.38 23.46 24.40 25.82 25.36 22.89 24.56 24.33 22.36 19.70 18.28 16.44 16.06 15.11 15.72 16.53 18.38 19.43 18.88 20.59 21.77 21.48 19.87 20.03 20.59 20.24 20.73 21.61 22.50 23.92 25.71 25.38 24.15 22.41 22.36 20.71 20.24 20.71 22.57 22.72 22.97 22.71 22.57 22.20 23.20 21.89 22.39 27.54 
21.72 19.30 17.01 14.60 12.84 11.06 7.61 5.93 0.42 5.63 6.48 8.45 11.26 11.87 11.88 11.68 13.05 15.51 15.02 14.50 16.06 19.24 18.70 19.12 21.74 23.81 22.93 21.95 21.02 20.56 20.49 20.41 20.12 20.86 21.46 20.79 20.17 19.89 19.36 18.64 18.83 18.70 20.21 20.23 21.86 20.87 21.65 21.31 20.29 20.31 21.17 20.26 20.46 21.85 22.55 22.43 24.81 26.93 25.34 28.46 31.11 29.62 27.25 27.26 25.96 24.42 22.22 21.63 21.33 21.74 20.51 20.57 22.40 23.17 22.02 22.74 24.07 23.06 22.16 22.92 22.82 24.00 23.25 23.73 23.79 23.32 23.50 23.81 24.25 25.06 25.74 25.73 26.20 26.92 27.10 26.35 25.58 25.04 24.36 24.01 24.43 25.38 24.14 24.97 26.58 25.91 24.70 26.30 28.52 28.47 28.75 29.92 31.15 32.31 33.24 32.39 31.67 29.72 27.85 26.01 25.35 23.76 22.52 22.23 22.34 20.24 19.53 18.23 17.74 17.95 17.03 16.45 17.40 19.45 18.50 18.03 20.81 20.56 18.90 18.10 18.78 18.79 18.89 20.07 21.97 21.82 23.50 26.75 29.38 28.54 29.36 28.17 27.70 27.97 27.31 26.70 26.26 27.43 26.24 24.59 25.41 26.61 26.17 24.23 26.58 26.05 24.14 21.46 20.58 18.74 18.37 17.33 17.45 17.82 19.13 19.92 19.65 21.39 22.84 22.73 21.68 21.75 21.98 21.34 21.71 22.50 23.64 24.91 27.05 26.54 25.83 23.94 23.31 21.96 21.79 21.67 22.86 22.38 23.47 22.68 22.96 22.90 24.14 23.11 24.47 27.33 
23.22 21.39 18.55 17.33 14.60 13.73 10.37 7.64 5.63 0.00 5.23 7.11 8.91 10.88 12.25 12.32 13.74 15.20 16.04 15.89 16.80 19.57 20.27 20.62 23.30 25.19 24.50 23.29 22.06 22.03 22.02 21.88 21.60 22.63 23.56 22.97 22.07 21.89 21.53 20.65 20.70 20.38 21.73 21.50 23.17 22.04 22.90 22.91 21.50 21.65 22.40 21.48 21.78 23.17 23.78 23.88 26.49 28.78 27.24 30.51 32.78 31.48 29.21 29.39 27.45 25.97 23.55 22.96 22.14 22.55 21.15 21.53 23.08 23.71 22.37 23.20 24.69 23.87 23.16 23.79 23.88 25.12 24.54 24.85 24.63 24.11 24.65 24.74 25.27 26.28 27.22 26.94 27.46 28.23 28.60 27.85 26.78 26.50 25.82 25.60 25.48 26.75 25.03 26.29 27.29 26.65 25.39 27.55 29.44 29.89 29.94 31.32 32.46 33.80 34.52 33.88 32.52 30.63 28.86 26.98 26.16 24.93 23.70 23.38 23.61 21.11 20.52 18.69 18.31 18.85 17.80 17.66 18.52 20.40 19.54 19.40 22.50 22.27 21.11 20.32 21.18 21.08 21.28 22.41 24.36 24.47 26.09 29.48 31.46 30.82 30.91 30.21 29.61 30.04 28.86 28.76 28.03 29.33 27.85 26.37 27.30 28.38 28.06 26.46 28.41 27.86 26.02 23.35 22.37 20.64 19.99 18.91 18.81 18.95 20.55 21.24 20.94 22.69 24.58 24.71 23.18 23.35 23.69 23.05 23.23 24.22 24.98 26.55 27.97 27.77 26.94 25.37 24.96 23.30 23.57 23.67 24.91 24.38 25.34 24.31 24.75 23.87 25.48 24.28 25.84 27.67 
23.33 20.37 18.90 16.89 15.30 13.90 11.96 8.96 6.48 5.23 0.00 5.30 7.65 8.47 10.37 9.86 11.53 13.18 13.46 12.99 14.08 16.58 17.20 18.21 20.54 23.03 22.67 21.34 19.93 19.91 20.38 20.17 19.79 20.97 22.44 21.83 20.96 20.59 20.07 19.41 19.33 18.79 20.24 19.74 21.15 20.08 21.02 20.70 19.70 19.86 20.63 19.72 19.94 21.70 22.34 22.26 24.63 27.02 25.69 29.12 31.41 30.02 27.66 27.68 25.98 24.33 21.80 20.83 20.14 20.57 18.90 18.83 20.38 21.08 19.64 20.34 21.87 21.56 20.95 21.59 21.17 23.10 22.82 23.08 22.56 22.13 22.73 22.87 22.97 23.90 25.06 25.23 25.32 26.19 26.79 26.11 24.86 24.39 24.07 23.57 23.72 24.47 23.01 23.73 25.19 24.38 23.09 24.53 27.03 27.24 27.56 28.88 30.08 31.54 32.71 31.43 29.99 28.33 26.87 24.80 23.75 22.26 21.24 20.95 21.23 19.01 18.28 16.23 15.75 16.33 15.18 14.88 15.97 18.34 17.11 17.25 20.23 20.64 19.46 19.23 20.05 20.40 20.88 21.80 23.88 24.24 26.20 28.65 30.56 29.31 29.86 28.66 28.18 28.33 27.40 26.96 26.74 27.55 26.28 24.65 25.50 26.56 26.76 24.90 26.76 26.27 24.44 21.56 20.57 18.54 18.11 16.76 16.90 17.19 19.01 19.88 19.05 21.32 23.48 23.60 22.01 22.12 22.50 21.77 21.71 22.57 23.56 24.55 26.27 25.85 25.27 23.46 23.13 21.86 22.06 22.10 23.48 22.97 24.50 23.75 23.16 22.80 25.01 24.17 25.13 27.84 
24.15 21.58 18.77 17.98 15.77 15.17 12.19 11.08 8.45 7.11 5.30 0.00 6.04 8.34 8.01 9.00 9.79 12.20 11.87 11.90 12.50 15.25 16.02 16.64 19.42 22.00 21.63 20.64 19.29 19.54 19.52 19.71 18.98 20.67 21.80 21.53 20.47 20.05 19.54 18.90 18.61 18.38 19.50 19.16 20.52 19.45 19.97 19.88 18.99 19.44 20.03 19.15 19.56 21.48 22.13 22.04 24.21 26.95 25.24 28.79 30.92 29.68 27.08 27.32 25.04 23.63 20.97 20.43 19.03 20.34 18.67 18.36 19.70 20.75 19.36 20.05 21.58 21.21 20.60 21.26 21.21 23.04 22.67 23.16 22.66 22.28 22.81 23.16 23.08 24.05 24.95 25.22 25.24 25.92 26.21 25.81 24.40 23.92 23.10 22.90 23.06 24.31 22.17 23.40 24.92 24.42 22.46 23.99 26.77 27.02 26.93 28.89 29.76 31.30 31.77 31.06 29.43 27.53 25.88 24.14 23.29 22.08 20.71 20.43 21.15 18.96 18.06 15.71 15.08 15.89 14.67 13.75 15.23 17.62 16.02 16.26 19.61 19.97 18.65 18.53 19.59 20.14 20.45 21.74 23.67 24.38 25.89 28.57 30.47 29.63 29.56 28.64 27.87 28.26 27.08 26.56 25.84 27.06 25.80 23.82 24.72 25.72 25.58 23.55 25.49 25.01 23.23 20.43 19.32 17.37 16.53 15.56 16.06 16.53 18.93 20.06 19.53 21.67 23.33 23.30 21.77 21.57 21.65 21.14 21.13 21.94 22.40 23.62 25.18 25.17 24.52 22.98 22.53 21.41 21.83 21.95 23.06 23.37 24.91 23.64 23.28 23.23 25.24 24.22 24.46 27.23 
24.40 22.05 18.40 16.00 15.06 15.23 11.80 11.31 11.26 8.91 7.65 6.04 0.00 6.59 7.96 7.36 8.96 10.34 11.17 10.79 12.02 14.54 15.20 15.87 18.88 21.79 21.50 20.87 20.27 20.11 19.78 19.87 19.68 20.90 22.22 21.84 20.89 20.44 19.86 19.20 18.74 18.52 19.87 19.64 21.00 20.20 21.02 20.41 19.76 20.22 20.80 20.22 20.53 22.58 22.96 23.16 25.01 27.56 25.90 29.36 31.70 30.28 27.60 27.57 25.53 23.97 21.36 20.54 19.66 20.35 18.62 18.45 19.87 20.85 19.46 20.58 22.20 22.01 21.00 22.14 22.32 24.07 23.33 24.09 23.89 23.63 23.89 24.40 24.36 24.93 25.64 26.02 26.15 26.62 26.81 26.27 25.12 24.51 23.68 23.38 23.83 24.90 23.00 23.94 25.82 25.33 23.49 25.35 28.04 28.13 27.87 29.51 31.01 31.89 32.55 31.65 30.47 28.55 26.65 25.14 24.20 22.48 21.06 20.83 21.83 19.01 18.12 15.99 15.41 15.65 14.23 13.62 14.71 16.78 14.92 16.19 19.25 19.82 18.48 18.80 19.69 20.34 20.40 22.12 24.59 25.33 26.26 28.95 31.50 30.06 29.98 29.19 28.91 28.71 27.60 26.73 26.23 27.18 25.89 24.33 25.01 25.71 25.02 23.36 25.05 24.50 22.24 20.15 19.31 16.92 15.94 15.19 16.02 16.79 18.81 20.27 19.88 21.80 23.23 23.29 21.78 21.61 21.72 21.09 21.40 21.78 22.39 23.40 25.35 25.38 24.72 23.27 22.90 22.09 22.06 22.46 23.22 23.67 25.05 23.76 23.06 22.74 25.40 24.19 22.96 25.69 
24.40 22.62 19.85 17.66 15.13 15.53 13.31 12.03 11.87 10.88 8.47 8.34 6.59 0.00 6.13 7.97 7.02 7.64 9.15 10.40 11.22 12.92 14.41 15.43 18.33 21.16 21.16 20.62 19.81 19.91 19.96 20.26 19.80 21.52 22.75 22.77 21.63 21.34 20.63 20.09 19.70 19.51 20.72 20.32 22.04 20.92 21.83 21.68 20.79 21.12 21.67 20.92 21.60 23.12 23.41 23.48 25.99 28.22 26.71 29.74 31.81 30.63 28.16 28.18 26.03 24.66 22.10 21.54 20.36 21.15 19.48 19.78 20.67 21.40 20.05 21.21 23.15 22.70 21.90 22.65 23.10 24.69 24.20 24.52 24.35 23.85 24.23 24.71 24.63 25.19 26.25 26.29 26.25 26.91 27.19 26.79 25.50 25.07 24.35 24.13 24.33 25.84 23.92 24.85 26.32 25.92 24.62 26.26 28.85 29.21 29.10 30.53 31.61 32.71 32.98 31.97 30.27 28.48 26.75 25.17 24.09 22.79 21.60 21.52 22.18 19.30 17.98 16.45 15.69 15.46 13.85 14.18 14.87 16.32 14.08 15.52 19.33 19.68 19.04 19.12 20.28 20.87 21.18 22.66 25.12 25.92 27.12 29.97 31.96 30.91 30.81 29.87 29.36 29.16 27.61 26.92 26.36 27.09 25.93 24.30 24.98 25.47 25.24 23.64 25.16 23.91 22.41 19.90 18.74 16.43 16.14 15.11 15.93 16.46 19.46 20.85 20.15 21.55 23.69 24.04 22.27 22.10 22.67 22.08 21.92 22.61 23.31 24.08 25.90 25.51 25.01 23.41 23.49 22.19 22.79 22.85 24.49 24.10 25.85 24.66 24.36 24.08 26.45 25.03 24.32 26.23 
22.92 22.00 19.67 17.83 14.63 15.26 12.71 12.69 11.88 12.25 10.37 8.01 7.96 6.13 0.00 5.81 7.51 7.13 7.44 8.68 10.61 11.72 12.35 14.16 17.13 19.52 19.55 19.45 18.54 18.25 19.01 19.06 18.69 20.33 22.02 21.79 21.00 20.68 19.97 19.33 19.09 19.07 20.11 19.69 21.15 20.06 21.27 21.32 20.35 20.75 21.39 20.77 21.05 22.73 22.73 22.81 24.91 27.32 25.55 28.61 30.80 29.90 27.26 27.39 25.45 24.14 21.84 21.02 20.09 20.95 19.59 19.20 20.20 21.25 19.99 20.92 22.43 22.45 21.58 22.51 22.66 24.42 23.94 24.48 24.04 23.57 23.76 23.99 23.66 24.39 25.25 25.28 25.03 25.78 26.53 25.94 24.56 24.43 23.97 23.54 23.86 25.35 23.88 24.09 25.70 25.71 24.28 25.47 27.71 28.47 28.57 29.59 30.58 31.80 32.21 30.81 28.95 27.21 25.69 23.95 22.77 21.43 20.62 20.18 21.02 18.33 17.76 15.52 15.21 14.79 14.14 13.14 14.40 15.63 14.15 14.99 17.78 18.70 18.30 18.95 19.85 20.76 20.76 22.30 24.57 25.83 26.90 29.43 31.28 30.47 30.25 29.26 28.74 28.26 26.75 25.90 25.48 26.16 24.81 23.20 23.59 24.34 24.29 22.48 23.99 22.92 21.42 18.56 17.45 15.10 15.38 14.38 15.36 16.29 19.59 21.04 19.93 21.44 23.43 23.88 21.96 21.81 22.48 21.92 21.40 22.25 23.03 24.01 25.40 25.25 24.53 23.24 22.82 21.92 22.07 22.74 23.69 23.48 25.34 24.66 23.96 22.94 25.71 25.57 24.22 25.53 
21.78 19.87 17.86 16.85 13.61 14.09 10.87 11.25 11.68 12.32 9.86 9.00 7.36 7.97 5.81 0.00 5.78 7.98 6.45 7.05 8.58 10.81 11.26 12.40 15.21 17.22 17.44 17.43 16.93 16.33 16.75 16.90 16.52 18.46 20.22 19.91 18.96 18.69 18.24 17.36 17.14 17.14 18.81 18.01 19.68 19.23 20.38 20.32 18.63 19.51 20.49 19.67 19.73 21.59 21.91 21.89 23.89 26.37 24.70 27.73 29.58 28.52 26.01 26.03 23.84 22.89 20.79 20.10 19.05 20.18 19.00 19.22 20.27 21.05 19.63 20.62 22.06 21.45 20.71 21.98 21.76 24.08 23.53 24.29 23.32 23.21 23.57 23.71 23.40 24.13 24.75 24.60 24.29 25.07 25.16 24.70 23.38 23.29 22.45 22.33 22.80 25.06 23.05 23.85 25.43 25.71 23.84 25.11 27.19 27.88 27.60 29.07 29.62 30.69 30.78 29.75 27.96 25.98 24.15 22.82 22.03 20.70 19.48 19.13 20.18 17.86 17.12 14.43 13.82 14.56 13.10 11.23 12.42 14.87 12.74 13.05 16.01 16.94 16.44 16.83 17.99 19.12 19.27 20.80 23.14 24.54 25.73 28.23 30.14 29.31 28.81 27.74 27.14 26.90 25.27 24.52 23.91 24.96 23.47 21.62 22.20 23.10 22.79 20.96 22.57 21.20 19.25 16.53 15.03 12.62 12.91 12.33 13.69 15.35 18.56 20.33 19.42 21.33 22.76 22.74 20.78 20.61 20.72 20.17 19.82 20.60 21.17 22.49 24.06 24.07 23.33 22.03 21.75 20.39 20.81 21.22 23.05 22.21 24.35 23.85 24.02 23.09 25.38 24.56 24.18 26.15 
21.21 19.43 16.82 15.88 14.00 14.64 12.19 12.87 13.05 13.74 11.53 9.79 8.96 7.02 7.51 5.78 0.00 6.03 7.21 6.04 6.98 9.01 10.30 10.61 12.81 15.24 15.42 15.25 14.95 14.82 14.58 15.21 15.31 17.10 18.91 18.25 17.73 17.19 17.35 15.87 16.10 16.11 17.84 17.13 18.73 18.66 19.95 19.33 18.00 19.12 20.03 19.41 19.22 21.23 21.73 21.62 23.36 25.91 24.13 27.07 28.89 28.10 25.61 25.56 23.57 22.55 20.53 19.97 19.14 19.88 18.49 18.65 20.12 20.63 19.31 20.13 21.14 20.61 20.00 21.12 21.12 23.28 23.33 23.83 23.41 23.35 23.41 23.69 23.41 24.11 24.39 24.49 24.27 24.50 24.51 24.05 23.12 22.94 22.13 21.92 22.76 24.46 23.00 23.55 25.56 25.69 23.97 25.40 27.86 27.85 27.48 28.72 29.79 30.66 30.55 29.39 27.73 25.83 23.97 22.48 21.69 20.20 18.94 18.42 19.57 16.78 15.83 12.92 13.01 13.24 11.49 9.66 11.26 12.94 9.80 10.62 13.85 14.59 13.43 14.87 16.20 17.33 17.74 19.64 22.27 23.58 24.73 27.08 29.30 28.33 28.15 27.10 26.45 26.06 24.61 23.74 23.26 24.23 22.48 21.10 21.95 22.59 21.71 20.38 22.53 21.10 18.45 15.93 15.47 13.05 12.57 12.34 13.99 15.72 18.70 19.90 19.37 21.26 22.45 21.78 20.15 19.74 19.92 19.04 18.99 19.53 20.31 21.18 23.38 23.05 22.36 20.94 20.79 19.56 19.70 20.53 22.50 21.72 23.78 23.41 23.29 22.37 25.58 25.26 24.94 26.47 
21.89 20.50 18.26 17.58 15.61 17.06 15.14 15.45 15.51 15.20 13.18 12.20 10.34 7.64 7.13 7.98 6.03 0.00 5.82 7.35 6.33 7.27 9.79 10.85 12.22 14.34 16.48 15.40 16.20 15.87 16.55 17.08 17.02 19.08 20.57 20.66 19.78 19.82 18.84 18.53 18.26 18.52 19.30 19.52 21.14 20.55 21.09 21.41 19.98 20.65 21.06 20.58 21.06 22.82 23.09 23.23 25.05 27.71 26.13 28.96 30.55 29.85 27.57 27.63 25.57 24.79 22.66 22.23 21.51 22.54 21.42 21.22 22.09 23.09 21.83 22.10 23.51 22.89 22.38 23.42 23.54 25.38 25.16 25.97 25.41 25.05 25.21 25.70 25.37 25.90 26.68 26.57 26.15 26.57 26.92 26.48 25.17 24.94 24.54 24.44 24.92 27.23 25.92 26.25 28.01 28.36 27.30 28.52 30.66 31.20 30.77 31.86 32.46 33.39 32.98 31.46 29.31 27.68 26.03 24.47 23.35 22.30 21.41 21.04 21.84 19.11 18.27 15.93 14.89 14.57 12.85 12.48 12.85 13.61 11.16 12.27 15.48 15.79 15.49 16.64 18.11 19.20 19.97 21.61 24.28 25.75 27.22 29.58 31.47 30.73 30.62 29.23 28.51 27.99 26.36 25.50 24.73 25.27 23.55 22.50 22.78 23.36 23.16 22.21 23.61 21.62 19.51 17.42 16.35 14.35 14.76 14.76 16.61 18.71 21.47 22.94 22.09 23.75 24.84 24.66 22.59 22.28 22.25 21.38 20.90 21.60 22.24 23.62 25.12 24.79 23.93 22.81 22.74 21.20 21.49 22.23 24.62 23.68 25.72 25.64 25.90 25.10 27.34 27.08 26.65 28.47 
20.85 19.16 17.57 16.82 15.38 16.75 14.61 14.89 15.02 16.04 13.46 11.87 11.17 9.15 7.44 6.45 7.21 5.82 0.00 5.09 7.00 6.26 7.08 8.73 11.50 12.41 13.81 12.96 13.49 13.14 14.35 15.07 15.85 17.59 20.22 19.83 19.35 18.50 18.32 17.50 17.29 16.84 17.91 17.73 19.53 18.43 19.35 19.82 18.52 19.33 19.80 19.27 19.32 21.50 21.86 21.77 23.42 26.26 24.66 27.49 29.15 28.67 26.44 26.53 24.73 23.81 21.89 21.40 20.75 21.91 20.90 20.30 21.52 22.65 21.35 21.65 23.10 22.82 22.05 23.19 23.26 25.33 25.23 25.84 25.24 25.19 25.07 24.96 24.43 25.58 25.91 25.57 24.89 25.68 26.22 25.59 24.05 24.48 24.31 24.26 24.62 26.87 25.87 26.16 27.82 28.46 27.48 28.43 30.19 30.75 30.57 31.35 31.85 32.75 32.47 30.87 28.62 27.09 25.53 23.86 22.57 21.43 20.80 20.11 21.03 18.49 18.46 14.92 14.04 13.77 13.23 11.14 12.24 13.12 11.70 11.22 14.01 14.61 14.62 15.42 16.97 18.32 19.09 21.01 23.56 25.09 26.46 28.71 30.58 29.72 29.56 28.47 27.48 26.98 25.39 24.33 23.41 23.75 22.13 20.41 20.97 21.44 21.22 19.59 21.20 19.54 17.60 15.18 14.08 12.49 13.35 14.11 16.21 18.27 20.90 22.47 21.93 23.34 24.18 24.03 22.42 21.81 21.41 20.66 20.26 20.80 21.07 22.28 24.21 23.59 22.93 21.83 21.85 20.44 20.82 21.73 23.77 22.82 24.92 25.02 24.75 23.29 27.19 26.74 26.39 26.79 
18.83 16.97 15.52 15.28 13.36 15.15 12.99 13.95 14.50 15.89 12.99 11.90 10.79 10.40 8.68 7.05 6.04 7.35 5.09 0.00 4.86 7.08 5.78 6.77 9.09 10.90 11.15 10.98 11.32 9.62 10.59 11.77 12.32 14.30 16.64 17.02 15.93 15.69 14.64 14.15 13.69 14.03 14.91 14.89 16.33 16.15 17.33 17.40 15.40 16.43 17.95 16.95 16.93 19.32 20.22 19.83 21.60 24.35 22.99 25.34 26.89 26.16 24.00 23.84 21.92 21.41 19.58 19.27 18.77 20.28 19.36 19.40 20.63 21.40 20.24 20.83 22.08 21.14 20.95 21.94 21.89 24.30 24.69 24.81 23.96 24.46 24.75 24.08 23.53 24.41 25.01 23.76 23.30 23.83 24.08 23.48 22.40 22.48 22.29 22.56 23.41 25.68 24.65 25.74 27.72 27.69 26.49 27.58 29.37 29.34 29.05 30.15 30.43 31.05 30.44 29.05 27.38 25.36 23.55 22.18 21.30 20.09 18.88 18.29 19.07 16.99 16.20 12.81 12.05 13.16 11.23 8.35 9.72 12.15 9.37 8.36 11.81 12.17 12.28 12.62 14.83 15.56 16.81 18.32 21.23 22.50 24.19 26.39 28.51 27.43 27.35 26.03 25.47 24.93 23.43 22.43 21.67 22.60 20.22 18.67 19.39 20.31 19.04 17.22 19.25 17.74 14.91 12.54 12.09 10.36 10.85 11.87 14.26 16.73 18.92 20.83 20.55 22.04 22.32 22.32 20.47 19.87 19.25 18.32 17.82 18.53 18.57 19.75 21.95 21.51 20.74 19.44 19.90 18.01 18.60 19.42 21.75 20.75 22.91 23.04 23.55 22.54 25.26 24.91 24.80 27.07 
19.21 17.60 16.13 15.15 14.26 16.18 14.47 15.54 16.06 16.80 14.08 12.50 12.02 11.22 10.61 8.58 6.98 6.33 7.00 4.86 0.00 5.37 6.81 5.98 7.04 9.38 10.33 10.76 10.47 9.74 10.52 11.49 13.01 14.72 17.08 16.56 16.30 14.65 13.99 13.00 13.32 12.71 14.32 14.10 16.02 15.55 16.78 16.58 15.06 16.55 17.26 16.73 16.93 19.61 20.45 20.20 21.72 24.61 23.30 25.44 27.00 26.64 24.37 24.14 22.07 21.43 19.85 19.64 19.09 20.44 19.61 19.75 20.71 21.81 21.12 21.76 22.56 22.09 21.93 23.03 22.65 24.90 25.51 26.11 25.22 25.49 25.66 25.50 24.86 25.44 25.39 25.28 24.68 24.60 24.37 24.31 23.36 23.45 22.75 23.37 24.20 26.57 25.25 26.61 28.58 28.68 27.06 28.45 30.36 30.71 29.61 30.88 31.58 32.17 31.30 30.06 28.25 26.36 24.29 23.04 22.11 20.58 19.75 18.90 19.84 17.18 16.64 13.87 13.11 12.97 10.98 8.63 10.14 11.06 8.35 7.76 11.05 11.56 10.51 11.88 13.99 15.51 16.37 18.42 21.25 22.90 24.42 26.66 28.88 27.90 27.76 26.82 26.15 25.55 23.74 22.66 22.23 22.45 20.34 19.01 20.22 20.30 19.01 18.17 19.97 18.33 15.03 13.25 12.92 11.70 11.73 13.07 15.57 18.12 20.09 21.99 22.00 23.44 23.80 23.21 21.42 20.57 19.73 18.61 17.85 18.17 18.45 19.62 21.71 21.51 20.76 19.71 19.45 17.99 18.34 20.02 21.89 21.28 23.32 23.38 23.45 22.62 26.18 25.46 25.33 27.18 
20.14 19.26 18.14 17.21 16.13 18.52 17.56 18.24 19.24 19.57 16.58 15.25 14.54 12.92 11.72 10.81 9.01 7.27 6.26 7.08 5.37 0.00 5.86 7.27 6.89 7.61 11.01 8.82 11.19 11.26 12.89 14.14 16.31 18.50 20.40 20.02 18.88 17.53 16.42 15.55 15.77 14.95 15.49 15.98 17.46 16.52 17.58 17.66 16.47 17.72 18.15 17.50 17.93 20.41 21.37 21.33 23.02 25.95 25.09 27.61 28.85 28.37 26.47 26.49 24.48 23.74 21.90 21.79 21.26 22.70 21.64 21.27 22.23 23.89 22.64 23.05 24.33 24.25 23.84 25.15 25.28 27.11 27.49 28.31 27.77 27.43 27.34 27.83 27.51 27.36 27.66 27.60 27.14 26.99 27.20 27.16 25.92 25.84 25.62 26.13 26.65 29.32 28.11 28.97 30.59 31.30 29.98 30.88 32.95 33.36 32.85 33.78 34.40 34.94 34.16 32.75 30.80 29.01 27.11 25.83 24.64 23.53 22.54 22.20 22.84 20.43 19.70 17.11 15.83 15.57 14.33 13.08 12.76 14.03 11.96 11.50 13.65 14.27 14.34 14.37 16.39 17.56 19.24 20.55 23.74 25.18 27.04 29.20 31.04 30.37 30.19 29.15 28.36 27.59 25.57 24.87 23.68 23.94 21.64 20.59 20.93 21.18 19.84 18.79 20.33 18.52 15.98 14.11 13.73 12.94 14.01 15.63 18.50 21.10 23.16 24.98 24.59 26.15 26.31 26.24 24.19 23.24 22.31 21.36 20.45 20.60 20.72 21.93 23.85 23.40 22.38 21.46 22.05 20.01 20.38 21.79 24.46 23.71 25.39 25.74 26.39 25.13 26.87 27.18 27.28 28.98 
19.26 18.12 17.53 16.58 14.87 17.44 17.00 18.06 18.70 20.27 17.20 16.02 15.20 14.41 12.35 11.26 10.30 9.79 7.08 5.78 6.81 5.86 1.77 5.43 7.20 7.30 7.72 5.87 7.52 9.17 10.92 12.08 15.05 18.11 20.67 19.81 18.49 17.00 16.25 14.89 14.22 13.18 14.34 13.56 14.94 13.52 15.14 15.17 13.79 15.40 16.40 15.14 15.08 17.51 18.55 18.42 20.15 23.09 22.50 25.04 26.66 26.26 24.50 24.69 22.72 21.75 20.20 20.24 19.97 21.19 20.38 20.30 21.76 22.42 21.26 21.99 23.75 23.23 22.43 23.97 24.18 26.29 26.65 27.57 26.87 26.90 26.54 26.55 26.36 27.05 26.90 26.51 25.94 26.45 26.69 26.30 24.80 24.93 24.88 25.24 25.90 28.39 27.23 28.01 30.16 30.53 29.14 30.17 31.83 32.18 31.75 32.68 33.36 33.95 33.26 32.01 29.99 28.31 26.39 25.05 24.01 22.93 22.35 21.67 22.55 20.01 19.58 16.27 14.50 14.75 14.02 10.97 11.94 13.12 11.84 9.94 12.53 13.22 13.18 12.71 14.89 16.69 18.30 19.77 22.18 24.22 26.15 28.16 29.89 29.12 29.15 27.74 26.66 26.08 24.44 23.32 22.46 22.66 20.25 18.18 18.90 18.87 17.37 15.92 16.98 15.21 13.46 11.52 9.80 10.28 11.97 14.17 16.81 19.46 22.18 23.97 23.85 25.02 25.56 24.97 23.46 22.48 21.03 19.92 19.70 19.79 19.37 20.62 23.34 22.63 21.36 20.36 20.74 18.93 19.16 20.84 23.23 22.52 24.25 24.66 24.86 23.44 26.54 26.58 26.12 27.01 
18.17 16.74 16.44 16.01 14.45 17.33 16.84 17.88 19.12 20.62 18.21 16.64 15.87 15.43 14.16 12.40 10.61 10.85 8.73 6.77 5.98 7.27 5.43 0.00 6.12 7.54 7.14 7.49 8.77 8.17 10.80 12.36 15.75 17.70 20.55 19.32 17.96 16.71 15.65 13.81 12.86 12.82 12.76 12.11 13.19 12.09 14.17 14.24 12.65 14.44 15.81 13.96 13.93 17.00 17.86 16.84 19.04 22.14 21.66 24.13 25.47 24.92 23.22 23.02 21.14 20.73 19.02 19.18 19.24 20.75 19.82 20.12 21.42 22.35 20.76 21.97 23.01 22.49 22.04 23.59 23.31 26.12 26.59 27.19 26.23 26.61 26.85 26.30 25.97 26.60 26.90 25.71 25.11 25.64 25.82 25.51 24.46 24.64 24.46 25.14 25.94 28.91 27.61 28.86 30.51 30.91 29.31 30.77 32.28 32.33 31.56 32.60 33.19 33.72 32.78 31.54 30.04 28.02 26.00 24.75 23.72 22.70 21.92 21.37 21.99 19.45 19.39 16.02 14.48 14.85 13.64 10.18 10.71 13.05 10.57 8.09 11.42 11.61 11.33 11.05 13.92 15.67 17.51 18.59 21.49 23.07 25.27 27.23 29.17 28.25 28.29 26.65 25.43 25.16 23.53 22.35 21.65 22.49 19.71 17.70 18.93 18.76 16.89 15.44 17.02 15.49 12.42 11.78 10.74 11.54 12.51 14.54 17.14 19.60 22.13 23.55 23.38 24.63 25.39 24.75 22.71 21.89 20.84 19.61 18.92 19.40 19.22 20.13 22.54 22.04 21.19 19.58 19.89 18.20 18.61 19.88 22.40 21.85 23.65 23.92 24.38 23.97 25.62 25.94 25.32 27.50 
19.58 18.64 18.54 17.84 17.08 20.08 19.51 20.43 21.74 23.30 20.54 19.42 18.88 18.33 17.13 15.21 12.81 12.22 11.50 9.09 7.04 6.89 7.20 6.12 1.04 6.72 7.65 7.91 8.29 10.86 13.05 15.34 18.38 21.79 23.69 23.13 21.63 20.07 18.35 16.51 15.55 14.22 14.10 12.62 13.96 13.06 14.14 14.65 13.81 15.00 16.01 14.68 15.25 18.06 18.92 17.91 20.18 24.04 23.70 26.12 27.62 27.19 25.51 25.20 23.27 22.79 21.19 21.42 21.33 22.93 22.00 21.75 23.10 24.33 23.32 23.55 24.72 24.40 24.60 25.65 25.61 27.98 29.12 29.22 28.50 28.46 28.89 28.47 28.69 28.74 28.79 28.20 27.77 27.72 27.89 27.92 27.43 27.37 27.46 27.85 29.09 31.29 30.56 31.00 33.27 33.35 32.01 32.71 35.30 35.00 34.27 35.14 36.22 36.79 36.54 34.85 33.45 30.84 29.07 27.71 26.92 25.61 25.35 24.45 24.93 22.19 21.83 19.31 17.67 17.21 15.75 13.13 13.56 14.63 12.64 10.85 13.32 13.67 13.21 13.66 16.41 17.91 19.81 21.06 23.74 25.36 27.66 29.38 31.85 30.37 30.83 28.58 27.23 26.68 25.21 23.77 23.32 23.42 21.11 19.22 20.04 19.77 18.05 16.39 17.79 15.14 12.97 12.61 12.99 14.16 14.90 16.85 19.79 22.43 24.60 26.24 26.01 27.44 28.52 27.22 25.42 24.21 23.48 21.89 21.09 21.14 21.78 22.03 23.83 23.88 23.06 21.64 21.78 20.40 20.65 22.01 24.90 24.35 26.12 25.63 25.95 25.39 28.24 26.95 27.24 27.95 
20.59 20.14 20.17 19.47 19.10 22.52 22.03 22.36 23.81 25.19 23.03 22.00 21.79 21.16 19.52 17.22 15.24 14.34 12.41 10.90 9.38 7.61 7.30 7.54 6.72 0.00 6.60 7.48 8.52 10.64 13.25 16.10 19.63 23.79 25.84 25.34 23.79 22.18 20.30 18.27 17.24 15.17 13.98 13.36 14.96 12.37 14.81 15.30 14.11 15.30 15.96 15.49 15.69 18.19 19.52 18.78 21.19 24.46 24.37 27.15 28.78 28.33 27.02 26.75 25.06 24.77 23.17 22.80 22.99 24.33 23.54 22.73 24.20 25.69 24.12 24.51 26.30 25.75 25.49 27.21 27.01 29.66 30.00 30.50 29.70 29.51 29.77 29.53 29.57 29.41 29.97 29.36 29.21 28.98 29.22 29.31 29.06 29.05 28.94 29.75 30.65 33.25 31.95 32.69 34.67 35.01 33.55 34.37 36.45 36.61 36.00 36.91 38.07 38.29 37.87 36.46 35.11 32.73 30.99 29.74 28.87 27.70 27.11 26.62 27.09 24.71 24.21 21.59 19.91 19.72 18.09 16.19 15.75 17.49 15.79 14.95 16.58 16.47 16.04 16.12 18.16 19.50 21.51 22.78 25.37 26.75 29.02 31.15 33.11 32.02 32.34 30.49 29.04 28.10 26.56 25.01 23.93 23.88 22.12 19.68 21.02 20.49 19.19 16.96 18.02 15.90 13.76 12.81 14.48 15.38 16.29 18.31 21.80 23.73 26.33 27.78 28.04 29.17 29.62 28.77 27.01 25.95 24.98 23.68 23.05 22.93 22.66 23.14 25.56 24.88 23.70 22.34 23.12 21.52 21.61 23.19 26.22 26.00 27.26 27.33 27.99 28.05 28.46 28.31 27.78 29.38 
20.12 19.29 19.69 18.85 17.96 20.89 21.19 21.53 22.93 24.50 22.67 21.63 21.50 21.16 19.55 17.44 15.42 16.48 13.81 11.15 10.33 11.01 7.72 7.14 7.65 6.60 0.54 6.27 5.86 8.84 11.24 14.73 18.01 21.39 23.54 23.58 21.56 19.59 18.16 17.10 13.57 12.00 11.12 11.59 12.51 10.06 12.99 13.38 11.52 12.75 14.05 12.26 12.88 15.29 16.54 15.83 18.17 22.02 21.89 24.88 26.38 26.31 24.89 24.75 22.83 22.43 21.27 20.89 21.25 22.65 21.82 21.86 23.99 24.18 22.19 22.98 24.77 23.94 23.10 24.92 25.29 27.65 28.08 28.25 27.60 27.57 27.59 27.19 27.25 27.82 27.95 27.32 26.73 27.21 27.43 27.33 26.61 26.85 26.50 27.09 28.54 30.86 29.59 30.24 32.99 33.02 31.64 32.23 34.43 34.45 33.87 34.83 35.80 36.09 35.66 34.40 32.81 30.46 28.48 27.20 26.33 25.52 24.55 24.72 25.38 23.28 23.17 20.75 17.75 18.37 16.69 14.44 14.66 16.99 15.62 14.39 16.30 16.41 14.77 14.65 16.47 18.00 19.54 21.20 23.43 25.17 27.47 29.64 31.93 30.60 30.44 28.42 26.37 26.21 24.29 23.01 21.38 22.12 19.31 16.86 17.68 18.04 16.70 14.84 16.29 14.21 11.73 10.52 10.75 12.57 13.90 16.01 20.01 21.86 24.08 25.88 26.09 27.20 27.50 26.71 25.28 24.20 22.92 21.72 21.49 21.46 20.95 22.07 24.93 24.39 22.78 21.34 21.85 20.11 19.95 21.63 24.53 23.81 25.21 25.10 25.97 25.45 27.91 26.93 27.24 27.82 
19.17 18.17 18.41 17.74 16.68 19.97 20.03 20.65 21.95 23.29 21.34 20.64 20.87 20.62 19.45 17.43 15.25 15.40 12.96 10.98 10.76 8.82 5.87 7.49 7.91 7.48 6.27 0.00 7.15 7.64 9.36 11.81 14.99 18.54 20.95 20.52 18.56 18.05 15.62 13.78 10.95 10.25 10.10 10.46 12.83 11.80 13.28 12.81 11.01 12.08 13.05 10.18 10.94 13.69 15.07 13.04 15.87 19.68 19.95 22.32 23.56 23.35 22.48 22.39 20.39 19.95 18.69 18.74 19.52 20.90 20.46 20.26 22.65 22.98 20.85 21.36 23.17 22.02 21.34 22.65 22.81 25.65 26.14 26.81 26.02 26.15 26.42 25.70 25.59 26.22 26.51 25.71 24.69 25.22 25.20 25.08 24.21 24.63 24.25 25.22 26.41 29.38 27.79 28.95 31.75 31.60 29.97 30.86 33.51 32.96 32.36 32.94 34.38 34.22 33.61 32.62 31.66 29.15 26.74 25.32 24.32 23.36 22.57 22.40 22.84 21.00 20.67 17.72 15.21 16.01 14.76 12.34 12.97 15.71 14.44 13.46 15.70 15.16 14.06 12.75 14.53 15.17 16.71 18.43 21.13 22.78 24.94 27.50 29.80 28.24 27.93 25.70 24.62 23.54 21.82 20.43 19.31 19.89 17.58 14.72 16.07 16.66 15.61 13.52 14.32 13.04 10.54 8.23 8.10 11.02 11.78 13.54 16.60 19.35 21.73 23.85 23.97 25.57 25.58 25.20 23.08 22.49 20.98 19.64 19.33 19.52 19.74 20.53 23.54 23.12 21.96 19.84 19.88 17.85 17.89 19.19 21.79 21.79 23.15 23.23 24.16 24.81 25.77 25.34 25.42 27.70 
19.26 18.11 18.24 17.07 15.49 17.89 18.17 19.04 21.02 22.06 19.93 19.29 20.27 19.81 18.54 16.93 14.95 16.20 13.49 11.32 10.47 11.19 7.52 8.77 8.29 8.52 5.86 7.15 0.00 6.37 6.52 9.70 11.69 15.32 18.07 17.30 16.47 14.49 12.06 11.25 8.56 8.46 9.33 9.40 12.77 12.63 13.30 12.48 10.21 10.97 12.13 9.51 9.44 11.92 12.74 10.23 13.16 17.54 17.11 19.14 20.36 20.54 19.54 19.47 17.31 16.88 15.77 16.19 17.11 19.14 18.49 18.64 20.97 21.66 20.04 20.11 21.45 20.44 20.11 21.17 20.87 23.20 24.23 24.65 24.01 24.18 24.54 23.55 23.30 24.04 24.16 22.83 22.18 22.46 22.17 22.37 21.52 21.81 21.83 22.64 24.08 26.85 25.99 27.30 30.05 30.01 28.38 29.30 31.53 31.17 30.32 31.19 32.54 32.43 31.74 30.75 29.52 26.77 24.41 22.65 21.55 19.92 19.69 19.01 19.95 17.51 17.06 14.56 12.65 13.66 12.47 10.79 12.41 14.82 13.68 13.19 15.56 15.16 12.94 12.35 12.70 12.73 13.16 15.33 17.77 19.60 21.57 24.39 26.66 25.07 24.33 22.49 20.86 20.21 17.94 17.16 16.35 16.86 14.71 12.66 13.97 14.99 13.72 12.20 14.27 12.97 10.71 8.67 8.32 9.40 10.28 11.69 14.38 17.12 19.15 21.07 21.22 22.89 23.46 22.73 20.60 19.49 18.36 17.19 16.95 17.32 17.88 19.16 22.25 22.07 20.71 18.38 18.16 16.10 16.19 16.72 19.79 19.29 21.02 20.66 21.65 22.37 25.06 23.99 24.03 26.39 
19.49 18.38 18.20 17.11 15.17 17.70 17.82 18.77 20.56 22.03 19.91 19.54 20.11 19.91 18.25 16.33 14.82 15.87 13.14 9.62 9.74 11.26 9.17 8.17 10.86 10.64 8.84 7.64 6.37 0.00 5.64 7.12 10.39 12.92 15.62 15.56 13.80 12.26 10.08 8.39 7.95 7.49 9.68 10.68 13.84 13.26 14.73 13.92 11.31 11.91 13.50 11.31 10.78 11.96 13.33 11.15 13.25 16.74 16.02 18.03 19.65 19.47 17.99 17.92 15.36 15.33 14.34 14.36 16.15 18.48 18.25 18.14 20.44 21.06 19.10 19.47 20.89 19.34 18.89 20.20 20.27 22.09 22.95 23.61 22.93 22.92 23.41 22.45 22.03 22.38 22.40 21.13 20.17 20.25 19.85 20.16 19.41 19.69 19.85 21.07 22.43 25.26 24.96 26.41 28.65 28.56 27.19 27.89 29.85 29.50 28.94 29.61 30.78 30.52 30.13 29.09 27.89 24.98 22.48 20.83 19.69 18.13 17.56 17.57 18.16 15.66 15.45 12.75 11.42 12.21 11.75 10.85 12.16 14.90 14.14 13.49 16.51 15.76 13.24 11.66 11.83 11.30 12.08 13.64 15.78 17.92 19.87 22.86 25.00 23.74 22.80 20.76 18.86 18.35 16.83 15.42 14.17 15.52 13.69 10.33 13.56 14.95 14.47 12.17 14.80 14.11 12.37 9.97 10.25 8.96 9.40 11.29 14.01 15.04 17.88 20.39 19.83 21.28 21.66 21.17 18.77 17.45 16.64 15.56 16.07 16.28 16.89 18.23 22.09 21.73 19.76 17.25 17.06 15.12 14.57 15.38 18.29 18.08 20.00 19.79 21.12 21.52 23.28 22.88 23.38 25.82 
20.13 18.88 18.69 17.06 14.97 17.26 17.57 18.32 20.49 22.02 20.38 19.52 19.78 19.96 19.01 16.75 14.58 16.55 14.35 10.59 10.52 12.89 10.92 10.80 13.05 13.25 11.24 9.36 6.52 5.64 0.00 6.57 7.81 10.92 12.80 13.54 11.70 10.80 8.10 9.27 6.26 9.64 11.28 12.73 15.77 15.72 16.06 14.91 11.84 12.60 14.23 11.54 9.91 11.62 12.46 10.62 12.31 15.26 14.35 16.62 18.48 17.77 15.87 15.21 13.30 12.77 12.60 12.05 14.39 17.78 17.89 17.99 20.32 20.45 18.71 19.22 20.61 18.77 18.17 19.41 19.26 20.76 21.80 22.14 21.28 21.25 21.74 20.76 20.29 20.54 20.85 18.94 18.02 17.99 18.06 17.39 16.76 16.94 17.01 18.05 19.76 22.87 22.44 23.97 26.57 26.47 25.26 25.68 27.32 27.13 26.77 27.31 27.98 28.09 27.68 26.58 25.00 22.08 19.66 17.83 17.29 15.28 16.10 15.85 16.71 13.65 14.40 12.51 9.98 12.04 12.45 10.65 12.35 15.87 15.66 14.70 17.28 16.35 14.17 11.86 11.58 10.13 10.75 12.05 13.76 16.37 18.51 20.68 22.80 21.63 20.50 17.67 15.97 16.22 14.67 12.93 11.03 13.94 12.12 8.83 11.48 14.48 13.04 10.87 14.34 14.63 12.03 8.84 10.02 9.96 8.27 9.87 12.67 13.56 16.34 18.60 18.47 19.77 19.85 19.38 17.00 15.90 14.93 14.21 14.65 15.60 16.26 18.24 22.33 21.88 19.72 17.02 16.61 14.32 13.55 13.89 16.65 16.33 17.98 18.35 19.82 20.03 21.86 21.93 22.35 24.85 
21.12 19.83 19.36 17.65 15.50 17.79 18.00 18.70 20.41 21.88 20.17 19.71 19.87 20.26 19.06 16.90 15.21 17.08 15.07 11.77 11.49 14.14 12.08 12.36 15.34 16.10 14.73 11.81 9.70 7.12 6.57 1.94 7.16 8.44 11.21 10.85 9.33 7.71 6.98 6.35 4.78 8.16 12.99 13.55 16.79 17.01 18.37 16.75 13.26 14.11 15.82 12.74 10.88 12.13 13.35 11.06 12.78 15.21 14.56 15.99 17.49 16.71 14.73 13.83 11.68 11.69 11.29 11.43 14.22 17.46 17.99 18.05 20.57 20.78 18.97 19.53 20.53 18.87 18.05 19.03 18.58 20.30 20.91 21.42 20.24 20.42 20.93 19.60 19.26 19.83 19.56 18.12 16.62 17.32 16.53 16.62 15.11 15.82 16.08 17.56 19.26 22.74 22.17 23.78 26.21 26.00 24.44 25.00 26.79 26.29 25.61 26.05 26.70 26.79 26.49 25.76 24.25 21.38 18.30 16.79 15.65 14.51 14.52 14.02 14.43 11.88 13.00 9.60 7.39 10.72 11.62 9.48 11.20 16.53 16.55 15.18 17.45 17.06 14.72 12.49 10.74 9.53 10.07 11.70 13.17 14.95 16.89 19.85 22.27 20.81 19.55 16.73 15.80 15.56 14.18 13.13 12.41 14.55 13.87 10.92 13.78 16.07 15.97 13.93 17.31 16.72 14.73 12.56 11.93 11.77 10.66 10.45 12.31 13.16 15.03 17.45 16.93 18.46 18.17 17.53 14.60 13.88 13.32 13.34 13.99 15.54 17.37 19.24 22.78 22.57 20.69 18.00 16.92 14.42 13.22 13.24 15.69 14.90 17.03 17.72 19.52 19.27 21.11 21.17 22.28 24.88 
