0.60 4.95 6.32 9.10 11.35 13.97 16.51 17.35 19.48 22.30 25.92 27.79 29.38 31.34 33.74 34.87 35.35 36.50 37.95 37.93 35.48 33.30 31.11 29.66 27.21 25.93 24.35 24.17 23.98 23.48 23.15 24.17 25.38 24.96 25.68 25.20 23.64 23.79 24.73 26.06 26.14 27.26 28.04 30.46 29.79 29.30 31.06 31.59 29.46 30.50 32.35 31.57 30.25 31.79 33.22 32.05 31.98 33.45 34.61 33.88 33.65 34.57 35.79 35.17 34.53 34.67 34.73 33.60 32.42 31.59 31.36 31.11 31.90 31.59 31.54 31.36 31.59 31.86 31.36 31.18 31.79 32.22 32.84 32.55 31.54 31.66 32.70 32.33 30.63 31.11 31.17 30.30 28.52 30.01 29.96 27.92 27.34 28.60 28.48 27.58 28.58 29.75 29.21 29.43 30.44 30.48 30.20 30.70 31.24 31.00 32.34 31.23 30.50 30.84 31.55 30.38 30.98 32.54 31.93 31.83 32.65 32.84 32.20 32.74 33.85 32.68 33.15 34.06 33.51 33.07 32.99 32.11 31.45 31.07 31.71 31.50 32.58 30.36 31.37 34.80 
4.95 0.00 4.11 6.66 9.06 12.22 14.17 16.33 17.60 21.49 23.46 26.17 27.85 30.27 33.17 33.80 34.31 34.74 36.84 36.78 34.46 31.24 29.12 27.58 24.94 23.47 22.04 22.22 21.79 21.57 21.16 22.75 24.27 23.42 23.85 23.40 21.75 21.52 22.37 24.44 24.52 25.84 26.54 29.27 28.14 27.70 29.66 30.23 27.56 28.58 30.91 29.73 28.03 29.84 31.68 30.11 29.76 31.59 33.04 32.23 31.93 32.92 34.22 33.89 33.22 33.26 33.42 32.45 31.11 29.92 29.64 29.50 30.45 29.98 29.99 29.88 30.30 30.41 29.80 29.46 30.36 30.67 31.55 31.21 30.10 29.92 31.21 30.89 28.88 29.45 29.66 28.76 26.84 28.51 28.70 26.22 25.63 27.38 27.11 25.95 27.05 28.40 27.68 27.87 29.30 29.14 28.59 29.11 30.02 29.26 31.03 29.73 28.96 29.23 30.05 28.58 29.36 30.98 30.20 30.06 31.47 31.57 30.57 31.22 32.86 31.31 31.72 32.52 32.69 31.46 31.06 30.42 30.31 28.92 28.10 28.62 30.08 29.39 28.29 32.07 
6.32 4.11 0.00 4.77 7.59 9.88 11.20 13.82 16.00 18.35 20.91 22.50 23.98 27.07 30.01 30.85 30.55 31.51 33.98 34.24 31.86 28.59 26.12 24.65 21.79 20.51 19.53 19.58 19.26 18.87 19.14 20.70 22.34 21.32 21.65 21.24 19.53 18.92 19.50 21.32 21.52 23.12 24.37 26.89 25.95 25.62 27.91 27.92 25.29 26.33 28.55 27.09 25.34 27.22 29.19 27.31 26.98 28.65 30.57 29.33 29.14 30.05 31.84 31.31 30.91 30.83 31.31 29.92 28.80 27.14 27.58 26.87 28.11 27.29 28.10 27.42 28.16 28.03 27.73 26.98 27.89 28.02 29.23 28.49 27.30 27.07 28.68 28.09 25.73 26.32 26.96 25.92 23.92 25.94 26.76 24.18 23.40 24.96 25.27 23.78 24.82 25.99 25.66 25.53 27.19 26.67 26.45 26.47 27.78 26.81 28.88 27.27 26.91 26.58 27.56 25.71 26.63 28.09 27.52 27.17 28.76 28.45 27.82 28.20 30.14 28.08 28.83 29.83 30.06 28.63 28.36 28.21 28.55 27.23 26.46 27.68 29.25 28.14 28.19 30.49 
9.10 6.66 4.77 0.00 7.09 8.94 10.32 11.99 14.73 18.26 20.18 21.73 21.61 25.22 28.39 29.83 29.71 30.75 32.89 33.35 30.70 28.08 25.37 23.67 20.65 19.35 18.02 17.61 17.16 17.03 17.40 18.63 20.25 19.57 20.15 19.61 17.67 17.27 17.62 19.38 19.19 20.80 21.72 24.84 23.55 23.33 25.09 25.74 22.70 24.17 25.80 24.86 22.96 25.05 26.40 25.18 24.68 26.68 28.34 27.65 27.38 28.44 29.88 29.43 28.73 28.87 29.28 28.04 26.76 25.41 25.35 24.91 25.85 25.30 25.69 25.45 25.82 26.13 25.52 25.30 25.96 26.44 27.41 27.12 25.66 25.66 26.89 26.70 24.14 25.02 25.14 24.66 22.04 24.29 24.48 22.82 21.66 23.67 23.17 22.43 23.23 24.73 23.82 24.17 25.46 25.26 24.67 25.29 26.15 25.40 27.08 25.95 25.39 25.39 25.75 24.14 24.89 26.62 25.49 25.32 26.75 26.74 25.74 26.37 27.99 26.34 26.98 28.01 27.91 26.63 26.25 26.29 26.29 23.76 23.79 24.17 27.50 24.72 25.05 29.13 
11.35 9.06 7.59 7.09 0.00 5.23 7.37 10.07 11.66 14.63 17.47 19.53 20.23 22.24 24.67 26.60 27.44 29.25 30.80 31.61 28.85 26.21 23.68 22.62 20.18 19.10 17.38 16.95 16.33 16.24 16.35 17.41 19.60 19.17 19.48 18.56 16.59 16.15 16.43 18.12 17.52 19.29 19.84 23.33 21.94 21.23 23.26 24.27 21.62 22.69 25.06 23.87 21.88 24.03 25.94 24.47 24.22 26.23 28.03 27.25 26.88 28.32 29.78 29.29 28.51 28.73 29.04 27.43 26.06 24.40 23.68 23.24 24.48 23.79 23.93 23.47 24.21 24.35 23.71 23.26 24.51 24.97 26.18 25.61 24.68 24.38 25.76 25.24 23.34 23.84 24.29 23.02 21.15 22.95 23.39 20.58 20.37 21.92 21.89 20.45 21.99 23.48 22.55 22.56 24.19 23.92 23.42 23.78 24.73 24.18 26.11 24.55 23.69 24.04 24.82 22.92 23.83 26.00 24.79 24.45 26.21 26.49 25.33 26.02 27.78 26.07 26.34 27.08 26.37 25.82 25.91 25.76 25.36 25.41 26.16 27.70 25.79 24.32 26.35 32.96 
13.97 12.22 9.88 8.94 5.23 0.00 6.76 7.93 10.47 13.73 15.54 19.11 19.46 22.41 23.86 25.89 27.05 28.99 30.82 32.02 29.20 26.22 23.24 21.77 19.72 18.18 16.52 16.17 16.24 15.72 16.09 17.90 20.39 19.72 19.85 18.87 16.47 15.66 15.81 17.54 17.46 19.50 20.02 23.46 22.12 21.58 23.56 24.50 21.68 23.03 25.39 24.09 22.04 24.37 26.35 24.56 24.25 26.42 28.37 27.35 27.25 28.53 30.19 29.72 29.05 29.04 29.33 27.66 26.12 24.26 23.59 23.08 24.31 23.54 23.78 23.41 23.96 24.15 23.47 23.08 24.33 24.96 26.21 25.70 24.60 24.32 25.71 25.32 23.36 23.91 24.06 23.07 21.04 23.10 23.14 20.54 20.08 22.03 21.74 20.42 21.68 23.41 22.47 22.60 24.12 23.92 23.21 23.80 24.80 24.16 26.09 24.59 23.65 23.91 24.72 22.83 23.96 25.94 24.76 24.41 26.55 26.59 25.39 26.08 28.15 26.09 26.35 27.21 26.82 25.61 25.61 25.39 25.51 24.69 25.12 26.14 24.27 24.43 25.78 30.60 
16.51 14.17 11.20 10.32 7.37 6.76 0.00 6.75 8.36 11.44 12.18 15.77 17.02 19.98 21.34 22.58 23.85 26.00 29.02 30.25 27.48 24.40 22.22 20.82 18.62 17.10 15.39 15.63 15.35 15.49 15.71 17.86 20.91 19.75 19.81 18.98 16.85 15.54 15.50 16.84 16.68 18.80 19.50 22.83 21.58 21.24 23.17 23.76 21.20 22.52 24.72 23.27 21.21 23.59 25.70 23.79 23.22 25.39 27.38 26.32 26.12 27.50 29.01 28.73 28.25 28.29 28.44 26.78 25.23 23.17 22.65 22.00 23.08 22.43 22.91 22.54 23.18 23.18 22.54 22.21 23.59 24.02 25.26 24.82 23.81 23.49 24.91 24.57 22.58 23.17 23.34 22.30 20.62 22.40 22.82 20.11 19.62 21.33 21.45 19.73 20.91 22.45 21.84 21.77 23.32 22.92 22.26 22.75 24.05 23.12 25.23 23.72 23.02 22.81 23.68 21.95 22.98 24.84 23.78 23.69 25.68 25.67 24.49 25.27 27.33 25.22 25.49 26.62 26.17 24.69 24.07 24.60 24.97 24.42 23.48 26.13 24.29 23.71 24.59 28.85 
17.35 16.33 13.82 11.99 10.07 7.93 6.75 0.00 5.84 7.19 10.10 13.08 14.98 18.41 20.31 22.01 22.49 24.42 26.84 28.22 25.51 23.10 19.76 18.52 16.23 14.82 13.41 13.01 13.52 13.42 14.11 16.44 19.61 18.47 18.79 17.77 15.65 14.12 13.74 15.23 15.28 17.27 17.84 21.43 19.97 19.67 21.23 22.12 19.04 21.14 22.71 21.81 19.50 22.35 23.89 22.43 21.46 24.02 25.84 24.97 24.67 26.05 27.58 27.22 26.62 26.68 26.74 25.25 23.57 21.81 21.10 20.65 21.56 20.97 21.10 20.90 21.27 21.48 20.55 20.46 21.71 22.22 23.23 22.92 21.73 21.60 22.85 22.58 20.52 21.18 21.19 20.45 18.15 20.38 20.55 18.18 17.53 19.64 19.24 18.08 19.19 21.13 20.15 20.33 21.73 21.48 20.77 21.40 22.48 21.62 23.59 22.21 21.27 21.47 22.30 20.59 21.45 23.45 22.44 22.30 24.12 24.13 23.16 23.87 25.83 23.76 24.31 25.37 24.79 23.58 23.35 23.20 23.23 22.37 22.66 23.52 22.39 21.75 23.19 28.18 
19.48 17.60 16.00 14.73 11.66 10.47 8.36 5.84 0.00 5.66 6.40 10.19 12.42 15.38 17.23 18.65 19.50 21.31 23.08 24.73 23.78 21.19 18.42 17.46 15.04 14.39 13.02 13.14 12.82 13.50 14.44 17.35 20.14 19.35 19.29 18.89 16.80 15.21 14.32 15.63 15.42 17.31 17.37 21.01 19.60 18.96 20.57 21.46 18.28 19.97 21.54 20.80 19.01 21.32 23.09 21.75 21.58 23.61 25.28 24.89 24.47 25.94 27.30 27.04 26.27 26.77 26.90 25.52 23.58 21.97 20.99 20.60 21.45 20.87 21.27 20.86 20.76 21.13 20.18 20.01 21.10 21.68 22.93 22.53 21.22 21.09 22.33 22.09 20.06 20.87 20.92 20.13 17.80 19.95 20.39 17.86 17.59 19.30 19.09 18.14 19.44 21.13 20.26 20.56 22.01 21.49 20.75 21.62 22.71 21.61 23.88 22.09 20.89 21.49 22.27 20.55 21.23 23.87 22.55 22.82 24.08 24.45 23.11 23.96 25.60 23.73 24.16 25.19 24.38 23.27 23.29 22.67 22.90 21.88 22.67 23.04 23.28 21.79 23.76 27.12 
22.30 21.49 18.35 18.26 14.63 13.73 11.44 7.19 5.66 0.00 5.42 7.21 9.45 12.90 15.34 17.16 18.92 19.73 21.47 23.27 22.69 20.70 17.96 17.00 15.02 14.95 13.34 13.93 13.52 15.10 15.91 18.83 21.53 20.94 20.74 19.67 17.19 15.77 14.71 15.56 15.04 17.01 16.90 20.17 18.65 18.42 20.14 21.00 17.88 19.71 21.36 20.58 18.72 21.29 23.15 21.70 21.27 23.59 25.31 24.71 24.60 25.92 27.53 27.23 26.46 26.76 26.96 25.44 23.43 21.74 20.87 20.25 20.93 19.97 20.89 20.42 20.24 20.52 19.79 19.51 20.67 21.11 22.48 21.93 20.68 20.48 21.90 21.72 19.68 20.36 20.67 19.87 17.66 19.77 20.37 17.88 17.64 19.38 19.10 18.09 19.18 20.74 20.09 20.01 21.59 21.17 20.37 21.13 22.23 20.99 23.34 21.64 20.53 21.16 22.00 20.13 21.02 23.53 22.42 22.53 24.02 24.42 23.30 24.01 25.56 23.82 24.26 25.24 24.61 23.20 23.38 22.65 22.72 21.85 23.14 22.20 22.62 21.64 24.50 26.28 
25.92 23.46 20.91 20.18 17.47 15.54 12.18 10.10 6.40 5.42 0.00 5.92 7.17 10.54 12.60 15.08 16.98 18.55 20.43 22.16 21.11 18.47 17.05 16.12 14.18 14.32 13.45 14.07 14.35 16.72 18.25 20.86 22.62 21.99 21.82 20.97 18.07 16.64 15.65 16.28 15.63 17.40 17.56 20.44 18.78 18.39 20.04 20.95 17.64 19.92 21.84 20.83 18.76 21.58 23.79 22.23 21.78 24.19 25.89 25.22 24.74 26.43 27.86 27.73 26.98 27.36 27.29 25.87 23.53 21.90 20.88 20.32 21.03 20.32 20.93 20.52 20.46 20.81 19.53 19.60 20.98 21.42 22.44 22.15 20.83 20.92 22.29 22.32 20.16 21.04 21.30 20.68 18.53 20.75 21.39 18.81 18.38 20.08 20.06 18.95 19.63 21.45 20.75 20.88 22.05 21.55 20.65 21.45 22.58 21.34 23.66 22.04 20.92 21.25 22.19 20.49 21.43 23.93 23.05 23.13 24.61 24.94 23.87 24.42 26.19 24.31 24.72 26.00 25.55 23.98 23.82 23.62 24.12 23.00 22.67 23.40 24.37 22.95 24.65 25.99 
27.79 26.17 22.50 21.73 19.53 19.11 15.77 13.08 10.19 7.21 5.92 0.00 6.02 8.00 10.27 12.49 14.74 16.55 18.38 20.51 18.64 17.19 15.68 15.82 14.13 14.63 14.25 15.68 16.08 18.14 19.51 22.85 24.06 23.28 22.94 22.21 19.39 17.48 15.93 16.46 15.49 17.03 16.98 20.18 18.83 18.53 19.86 20.76 17.80 19.75 21.49 20.66 19.04 21.91 24.05 22.46 22.01 24.52 26.46 25.69 25.41 26.91 28.59 28.17 27.74 28.05 28.13 26.57 24.51 22.74 21.93 21.38 22.38 21.57 22.02 21.32 21.32 21.50 20.10 19.82 21.21 21.45 22.49 21.91 20.52 20.65 22.16 22.25 20.35 21.60 21.73 21.15 18.98 21.58 21.90 19.37 19.02 20.65 20.44 19.31 20.40 21.99 21.28 21.42 22.91 22.27 21.38 22.09 23.05 21.98 24.27 22.71 21.40 22.09 22.93 21.32 21.91 24.64 23.72 23.97 25.52 25.88 24.71 25.55 26.96 25.25 25.73 27.12 26.38 25.13 24.96 24.55 24.85 23.71 24.16 23.45 24.17 23.93 25.22 26.55 
29.38 27.85 23.98 21.61 20.23 19.46 17.02 14.98 12.42 9.45 7.17 6.02 0.00 6.14 7.44 10.29 11.73 14.32 16.19 17.70 16.87 15.12 14.03 13.69 13.75 14.11 13.58 15.91 16.83 18.73 19.61 22.75 24.82 23.63 22.82 22.11 19.60 17.47 15.78 15.93 14.87 15.74 15.49 18.76 17.57 17.16 18.43 19.65 16.70 18.70 20.42 19.90 18.16 21.00 23.21 22.20 21.67 24.15 26.05 25.70 25.11 27.03 28.25 28.41 27.75 28.19 28.08 26.86 24.76 23.26 22.25 21.98 22.74 21.88 22.15 21.53 21.29 21.35 20.11 19.62 20.35 20.73 21.52 21.09 19.49 20.09 21.66 21.85 19.93 21.59 21.89 21.53 19.42 22.34 22.36 19.91 19.70 21.36 20.66 19.86 21.01 22.76 21.46 21.85 23.40 22.67 21.53 22.11 23.07 21.97 24.39 22.69 21.45 22.14 23.13 21.41 21.99 24.76 23.70 24.19 25.44 25.99 24.49 25.48 26.84 25.29 25.34 26.82 26.26 25.53 25.32 25.24 25.34 24.58 24.62 24.41 25.18 24.25 25.70 27.07 
31.34 30.27 27.07 25.22 22.24 22.41 19.98 18.41 15.38 12.90 10.54 8.00 6.14 0.00 6.36 7.52 9.84 11.98 13.92 16.22 15.54 14.62 13.31 13.59 14.03 15.95 16.56 18.48 19.30 21.34 22.56 25.19 27.08 26.28 25.51 24.30 21.46 18.99 16.82 16.76 14.90 16.41 15.53 18.86 17.19 17.53 18.60 19.99 17.09 19.37 20.74 20.39 18.96 21.80 24.18 22.87 22.37 24.80 27.19 26.58 26.38 27.73 29.55 29.24 28.76 28.95 29.01 27.59 25.60 23.78 23.03 22.64 23.54 22.63 23.25 22.55 22.48 22.33 20.84 20.07 21.02 21.08 21.78 21.25 19.89 20.21 21.98 21.93 20.26 21.82 22.47 21.59 19.90 22.72 23.06 20.62 20.41 22.12 21.46 20.52 21.89 23.59 22.42 22.60 24.25 23.72 22.44 23.03 24.07 23.07 25.19 23.57 22.24 22.80 23.62 21.93 22.83 25.58 24.40 24.77 26.43 26.66 25.25 26.11 27.90 26.09 26.36 27.76 27.62 26.35 26.35 26.11 26.33 25.22 25.84 25.04 25.56 24.96 26.07 27.76 
33.74 33.17 30.01 28.39 24.67 23.86 21.34 20.31 17.23 15.34 12.60 10.27 7.44 6.36 0.00 5.91 7.34 9.51 12.34 14.58 14.55 13.24 13.00 13.20 14.74 16.63 18.28 20.55 20.77 23.98 25.87 27.99 29.08 28.10 27.58 25.51 22.37 19.71 17.70 16.62 15.40 16.55 15.97 18.58 16.89 17.27 18.55 20.14 17.25 19.64 21.52 21.14 19.54 22.97 25.29 24.27 23.30 26.12 28.12 27.85 27.07 29.16 30.76 30.89 29.88 30.35 30.30 29.24 26.79 25.31 24.17 24.06 24.72 24.04 24.14 23.62 23.59 23.54 21.67 20.93 21.64 21.96 22.17 21.74 20.40 21.07 22.66 22.79 21.04 22.94 23.46 22.93 20.84 23.90 24.30 21.67 21.10 23.31 22.92 21.95 22.98 24.89 23.58 23.92 25.52 25.07 23.54 24.20 25.41 24.56 26.11 24.56 23.39 23.74 24.48 22.98 23.91 26.52 25.19 25.67 27.09 27.75 26.06 27.36 28.93 27.38 27.21 29.10 28.90 27.59 27.07 27.53 27.93 26.79 26.02 26.65 27.63 26.80 27.21 27.60 
34.87 33.80 30.85 29.83 26.60 25.89 22.58 22.01 18.65 17.16 15.08 12.49 10.29 7.52 5.91 0.00 6.58 7.43 9.38 12.55 12.92 12.21 11.92 13.33 14.59 16.87 18.80 21.53 22.22 25.07 26.86 29.53 30.39 29.35 28.53 27.25 23.83 20.69 17.81 17.07 15.26 16.74 15.48 18.18 15.90 16.21 17.72 19.37 16.56 18.81 20.73 20.31 19.36 22.41 25.16 23.95 23.40 26.08 28.43 27.79 27.59 29.44 31.21 31.15 30.59 30.93 30.93 29.72 27.67 25.97 25.06 24.80 25.56 24.73 24.83 23.96 23.72 23.38 21.59 20.42 20.97 21.14 21.26 20.75 19.28 20.01 21.58 22.22 20.68 22.69 23.29 22.68 20.80 23.65 24.10 21.72 21.25 23.37 23.18 22.32 23.27 24.88 23.92 24.30 25.68 25.09 24.03 24.35 25.43 24.65 26.46 24.76 23.30 23.75 24.84 23.39 24.08 26.59 25.42 25.63 27.17 27.56 26.49 27.53 29.44 27.62 27.98 29.58 29.57 28.06 27.90 27.74 28.08 26.68 26.99 26.96 27.83 27.35 27.76 28.57 
35.35 34.31 30.55 29.71 27.44 27.05 23.85 22.49 19.50 18.92 16.98 14.74 11.73 9.84 7.34 6.58 0.00 5.73 6.68 10.05 11.41 12.21 12.07 13.47 15.64 16.87 18.75 21.13 22.46 25.54 27.08 29.71 31.95 29.99 28.98 27.62 25.36 21.07 18.73 17.65 16.06 15.86 15.32 16.85 14.80 14.58 16.18 17.90 15.19 17.38 19.27 19.42 18.24 21.05 23.66 23.16 22.72 25.08 27.04 27.10 27.22 28.78 30.27 30.62 30.30 30.82 30.82 29.63 27.60 26.13 25.22 24.84 25.55 24.61 24.82 23.69 23.31 22.53 20.67 19.53 19.92 19.66 19.62 19.14 17.69 18.51 20.07 20.99 19.76 21.97 22.28 22.26 20.17 23.21 23.49 21.28 21.09 22.91 22.78 21.89 23.15 24.47 23.80 23.82 25.39 24.67 23.83 24.18 24.96 24.10 26.60 24.31 22.54 23.20 24.58 22.65 23.38 26.02 25.14 25.17 26.36 27.04 25.79 26.97 28.70 27.24 27.33 29.28 29.10 28.19 28.00 27.68 27.82 26.93 27.21 27.99 28.60 27.23 28.74 30.63 
36.50 34.74 31.51 30.75 29.25 28.99 26.00 24.42 21.31 19.73 18.55 16.55 14.32 11.98 9.51 7.43 5.73 0.00 5.29 7.46 10.06 11.60 12.56 14.05 15.97 18.37 19.50 22.26 24.34 26.88 28.65 30.65 32.64 30.81 29.88 28.42 25.68 21.26 18.84 18.05 15.53 15.48 14.04 16.07 14.09 14.92 16.10 17.97 15.95 18.52 19.62 19.53 18.67 21.86 24.11 23.29 22.86 25.39 27.65 27.65 27.38 29.26 30.86 31.06 30.62 31.33 31.00 30.20 28.00 26.45 25.51 25.21 25.93 25.34 25.42 24.62 24.30 23.82 21.48 20.29 20.51 20.20 19.93 19.62 17.53 18.20 19.77 20.83 19.16 21.45 22.16 22.06 19.77 23.30 23.81 21.64 21.12 23.28 23.09 22.43 23.41 25.06 23.90 24.40 25.91 25.88 24.38 24.99 25.52 24.88 26.73 24.78 23.22 23.86 24.45 22.49 23.38 26.52 25.17 25.46 26.81 27.66 26.35 27.42 29.29 27.89 28.12 29.86 29.99 28.81 28.62 28.12 28.41 26.99 27.73 27.81 28.32 27.58 29.06 30.55 
37.95 36.84 33.98 32.89 30.80 30.82 29.02 26.84 23.08 21.47 20.43 18.38 16.19 13.92 12.34 9.38 6.68 5.29 0.00 6.28 8.20 10.50 12.06 14.51 16.99 19.27 21.43 23.84 25.10 29.20 31.27 33.38 34.25 32.87 32.11 30.25 26.92 22.94 20.58 19.06 16.88 15.80 14.96 16.32 14.75 14.97 16.59 18.79 17.00 19.27 20.70 20.23 19.63 22.82 25.35 24.18 24.04 26.64 29.07 28.90 28.74 30.43 32.49 32.67 32.21 32.58 32.74 31.59 29.49 28.08 27.03 26.77 27.62 26.64 27.02 26.13 26.13 25.42 23.10 21.53 21.35 21.41 21.30 20.42 18.09 18.61 20.44 21.29 19.80 22.11 22.89 22.95 20.83 24.10 24.84 22.39 22.32 24.46 24.57 23.66 24.80 26.50 25.44 25.80 28.00 27.65 26.06 26.20 27.58 26.51 28.25 26.03 24.79 25.15 25.95 23.89 25.06 27.54 26.56 26.75 28.41 29.04 28.03 29.05 30.84 29.52 29.83 31.65 31.52 30.41 30.04 30.00 30.14 28.95 28.65 29.68 30.81 28.89 30.42 30.40 
37.93 36.78 34.24 33.35 31.61 32.02 30.25 28.22 24.73 23.27 22.16 20.51 17.70 16.22 14.58 12.55 10.05 7.46 6.28 0.00 6.55 8.02 10.33 12.63 16.33 19.62 21.97 24.93 26.33 30.02 33.23 34.61 35.84 33.90 32.95 31.03 27.95 23.50 20.61 19.99 17.16 16.63 14.30 17.08 15.05 15.23 17.00 19.55 17.38 19.31 20.95 20.95 20.01 23.22 25.64 24.98 24.99 27.87 29.92 29.99 29.78 31.89 33.69 33.71 33.24 33.89 33.83 32.65 30.41 28.96 28.09 27.59 28.48 27.75 28.18 26.86 26.74 26.18 24.17 22.42 22.31 21.65 20.87 20.00 18.35 18.31 19.86 21.13 19.96 22.46 22.92 22.99 21.60 24.43 24.52 22.84 22.93 24.94 24.82 24.26 25.37 26.92 26.44 27.08 29.00 28.62 27.30 27.54 28.58 28.09 29.73 27.58 25.96 26.47 26.99 25.44 25.90 28.48 27.32 27.87 29.39 29.94 28.71 30.05 31.65 30.51 30.90 32.90 32.51 31.75 31.13 30.83 30.87 29.43 29.82 29.98 30.02 29.04 30.70 30.93 
35.48 34.46 31.86 30.70 28.85 29.20 27.48 25.51 23.78 22.69 21.11 18.64 16.87 15.54 14.55 12.92 11.41 10.06 8.20 6.55 0.00 6.10 7.16 10.04 13.12 16.99 19.66 21.87 23.84 27.45 30.11 32.94 34.55 32.29 30.06 28.60 26.48 21.56 19.23 16.72 15.00 12.25 12.50 14.03 13.37 13.21 15.43 17.50 15.50 17.24 19.42 19.30 18.95 21.36 23.99 23.50 24.26 26.23 27.90 27.91 28.23 30.00 31.70 31.78 31.96 32.26 32.22 30.78 28.84 27.40 26.63 25.92 26.92 26.13 26.30 24.93 24.56 23.94 21.88 20.27 20.28 19.19 18.35 17.36 15.39 15.99 17.51 18.40 17.32 20.16 20.67 20.86 19.13 22.30 21.83 20.21 20.73 22.50 22.21 21.89 22.80 24.45 24.05 24.74 26.72 26.26 25.60 25.51 26.50 25.72 28.09 25.63 24.22 24.48 25.31 23.09 23.96 26.24 25.46 25.90 27.70 27.89 26.69 27.75 29.77 28.40 28.87 30.69 30.80 30.11 29.78 29.48 29.49 28.67 28.94 29.63 30.10 28.07 30.49 31.66 
33.30 31.24 28.59 28.08 26.21 26.22 24.40 23.10 21.19 20.70 18.47 17.19 15.12 14.62 13.24 12.21 12.21 11.60 10.50 8.02 6.10 0.00 5.73 6.87 9.99 13.59 16.61 19.55 21.85 25.78 28.23 30.39 32.27 29.51 27.71 26.21 23.04 17.86 14.73 13.11 9.74 8.40 8.35 11.78 11.33 11.67 14.16 16.03 13.79 16.45 18.05 17.97 16.76 19.90 22.26 21.57 21.75 23.75 25.64 25.66 25.87 27.05 28.97 28.93 28.98 29.28 29.01 27.87 26.01 24.35 23.63 23.29 24.24 23.73 23.84 22.66 22.20 21.69 19.28 17.56 17.67 16.87 16.27 14.58 12.50 11.44 14.59 15.27 13.85 16.92 18.02 17.74 15.84 19.41 19.63 17.63 17.25 20.02 19.84 18.98 20.04 22.05 21.47 22.11 24.20 24.20 23.12 23.49 24.28 23.53 25.54 23.18 21.85 22.04 22.53 19.92 21.34 23.78 22.60 23.00 24.86 25.32 24.20 25.30 27.46 26.01 26.67 28.35 28.72 27.41 27.42 26.87 27.24 26.03 26.95 26.90 26.81 26.24 28.10 29.51 
31.11 29.12 26.12 25.37 23.68 23.24 22.22 19.76 18.42 17.96 17.05 15.68 14.03 13.31 13.00 11.92 12.07 12.56 12.06 10.33 7.16 5.73 0.00 6.43 6.92 11.22 13.26 17.25 19.02 23.81 25.21 27.93 28.83 27.30 25.49 23.70 20.65 15.48 13.41 10.69 9.32 8.15 8.60 11.30 11.30 11.26 13.27 14.68 13.09 15.16 17.10 16.62 15.61 18.55 21.11 20.05 19.86 21.90 23.96 23.74 23.43 24.74 26.50 26.73 26.41 26.37 26.26 25.08 23.46 21.86 20.94 20.76 21.62 20.71 21.22 20.26 19.69 18.79 17.09 15.10 14.83 14.25 14.66 13.25 10.19 9.57 13.08 13.78 11.85 14.12 16.06 16.06 14.19 17.32 18.28 15.73 15.45 17.99 18.21 17.15 18.36 20.18 19.41 20.00 21.92 21.68 21.07 21.14 22.32 21.49 23.27 21.19 20.19 20.02 20.84 18.39 19.77 21.61 20.65 20.77 22.72 23.12 22.31 23.43 25.23 24.00 24.77 26.55 26.61 25.48 25.12 25.06 25.46 24.45 24.36 25.23 26.15 25.02 26.13 27.34 
29.66 27.58 24.65 23.67 22.62 21.77 20.82 18.52 17.46 17.00 16.12 15.82 13.69 13.59 13.20 13.33 13.47 14.05 14.51 12.63 10.04 6.87 6.43 0.00 6.70 8.12 11.71 15.13 17.52 21.47 23.76 25.96 27.11 25.28 23.24 21.09 18.06 13.74 10.33 9.12 9.08 9.30 9.15 12.47 12.33 11.82 13.63 15.52 13.61 15.27 17.19 16.62 15.70 18.19 20.78 19.82 19.77 21.72 23.69 23.46 23.73 24.76 26.31 26.29 26.14 25.92 25.82 24.54 22.97 21.22 20.37 19.88 21.01 20.08 20.59 19.46 19.11 18.65 16.92 15.74 15.80 15.19 14.89 13.89 11.58 11.32 13.32 14.09 12.52 15.28 15.80 15.69 14.11 16.74 16.44 15.00 15.20 17.13 16.62 16.32 17.38 19.07 18.34 19.10 20.64 20.69 20.20 20.32 21.64 20.90 22.77 20.67 19.73 19.51 20.22 18.02 19.37 21.18 20.12 20.34 22.27 22.45 21.60 22.90 24.79 23.51 24.32 25.94 26.12 24.66 24.76 24.46 25.04 23.86 24.63 24.81 25.09 24.75 26.04 27.76 
27.21 24.94 21.79 20.65 20.18 19.72 18.62 16.23 15.04 15.02 14.18 14.13 13.75 14.03 14.74 14.59 15.64 15.97 16.99 16.33 13.12 9.99 6.92 6.70 0.00 6.50 6.20 11.76 13.99 17.66 19.82 22.57 24.46 22.56 21.43 18.46 15.20 10.94 9.69 8.20 8.55 8.37 10.31 13.80 12.93 11.88 13.62 15.37 13.39 15.25 17.10 16.73 15.92 18.28 20.29 19.43 19.29 21.19 22.56 22.51 22.87 24.07 25.12 25.25 25.18 25.14 24.79 23.45 21.71 19.96 19.12 18.45 19.29 18.62 19.35 18.39 17.95 17.79 16.27 15.10 15.34 14.89 14.84 13.14 11.08 11.33 13.50 12.97 11.60 14.35 14.87 14.31 13.36 15.37 14.60 13.22 14.21 15.39 14.77 14.58 15.42 16.50 16.00 17.14 18.87 18.43 18.16 18.72 20.06 19.25 21.23 19.39 18.36 18.42 18.95 16.62 18.14 20.40 19.15 19.42 21.29 21.53 20.37 21.65 23.76 22.19 22.77 24.73 24.75 23.70 23.59 23.73 24.19 23.35 23.76 24.52 25.39 24.30 25.33 28.19 
25.93 23.47 20.51 19.35 19.10 18.18 17.10 14.82 14.39 14.95 14.32 14.63 14.11 15.95 16.63 16.87 16.87 18.37 19.27 19.62 16.99 13.59 11.22 8.12 6.50 0.00 6.37 7.54 11.98 14.40 16.69 19.16 21.07 18.93 16.94 14.58 11.81 9.45 7.83 7.46 8.67 10.61 11.58 16.02 14.61 14.19 15.67 17.23 14.97 16.83 18.42 17.35 16.23 18.94 21.03 19.75 19.69 21.55 22.80 22.78 23.20 24.29 25.25 25.56 25.26 25.34 24.36 23.32 21.40 19.57 18.76 18.37 19.21 18.47 19.22 18.45 18.51 18.48 16.66 15.63 16.45 15.80 15.60 15.04 13.17 13.23 15.14 15.74 13.86 16.08 16.53 16.34 14.42 16.75 16.33 14.35 13.94 15.88 15.49 14.50 14.78 16.09 15.31 16.29 18.21 18.22 17.44 18.25 19.57 18.44 21.00 18.92 17.98 18.03 18.79 16.16 17.83 20.53 19.11 19.59 21.23 21.83 20.77 22.08 23.85 22.60 23.39 25.19 25.20 24.05 23.96 23.79 24.31 23.16 24.10 24.01 24.51 24.03 25.53 27.82 
24.35 22.04 19.53 18.02 17.38 16.52 15.39 13.41 13.02 13.34 13.45 14.25 13.58 16.56 18.28 18.80 18.75 19.50 21.43 21.97 19.66 16.61 13.26 11.71 6.20 6.37 0.00 6.24 7.24 11.69 12.61 15.64 17.25 15.40 14.40 11.70 10.25 7.71 8.09 8.67 10.36 11.95 14.17 16.61 15.35 14.43 16.13 17.60 15.18 17.37 19.10 17.84 16.28 19.08 21.06 19.56 19.61 21.40 22.72 22.30 22.57 23.66 24.76 24.94 24.83 24.44 23.63 22.20 20.59 18.61 17.66 17.06 18.03 17.34 18.47 18.02 18.11 18.48 17.05 16.31 17.23 17.12 17.54 17.23 15.42 15.26 17.01 17.44 15.40 17.11 17.58 16.93 14.94 17.19 17.04 14.27 13.54 15.70 15.23 13.95 14.22 15.80 14.74 15.23 17.03 16.93 16.35 17.06 18.39 17.34 19.80 17.99 16.76 17.16 18.11 15.88 17.41 19.74 18.59 19.10 20.58 21.21 20.59 21.53 23.10 21.93 22.88 24.56 24.48 23.51 23.20 23.49 23.98 23.02 22.66 23.15 24.73 23.61 24.72 25.79 
24.17 22.22 19.58 17.61 16.95 16.17 15.63 13.01 13.14 13.93 14.07 15.68 15.91 18.48 20.55 21.53 21.13 22.26 23.84 24.93 21.87 19.55 17.25 15.13 11.76 7.54 6.24 0.00 6.93 8.21 10.43 12.66 14.26 13.23 12.21 10.30 8.56 7.40 8.04 10.61 12.15 15.60 16.39 20.28 17.65 17.45 18.99 20.53 18.03 19.69 21.33 20.17 18.52 20.96 23.11 21.61 21.16 23.05 24.61 24.34 24.55 25.71 27.07 27.03 26.53 26.48 25.61 23.98 21.91 19.87 18.94 18.32 19.68 19.24 20.20 19.64 19.86 20.15 18.99 18.42 19.19 19.47 20.09 19.77 18.28 18.46 19.80 19.70 17.68 19.64 19.41 18.84 16.95 18.64 18.06 16.30 15.55 16.46 15.68 14.89 15.40 16.90 15.69 15.88 17.79 17.64 16.73 16.88 18.49 17.72 20.33 18.77 17.59 17.84 18.80 17.16 18.21 20.64 19.60 20.34 22.19 22.52 21.52 22.80 24.58 23.34 24.14 25.87 25.61 24.68 24.50 24.40 24.84 23.65 24.14 23.71 24.40 23.95 25.27 26.64 
23.98 21.79 19.26 17.16 16.33 16.24 15.35 13.52 12.82 13.52 14.35 16.08 16.83 19.30 20.77 22.22 22.46 24.34 25.10 26.33 23.84 21.85 19.02 17.52 13.99 11.98 7.24 6.93 2.87 6.83 7.21 9.88 12.16 10.74 11.03 8.95 7.84 7.67 8.92 11.52 13.81 16.40 17.65 20.93 18.85 18.58 20.62 21.73 19.33 20.82 22.61 21.54 19.46 22.05 23.92 22.30 21.87 23.79 25.06 25.06 24.90 26.40 27.45 27.65 27.00 27.03 26.19 24.66 22.05 20.53 19.68 19.27 19.79 19.49 20.73 20.25 19.95 20.47 19.24 18.84 19.55 20.02 20.50 20.38 18.44 19.05 20.32 20.12 18.43 20.34 19.96 19.34 17.67 19.45 18.42 16.31 15.97 16.63 15.69 14.91 15.31 16.25 15.47 15.99 17.67 16.89 16.02 16.49 17.83 17.32 19.83 18.64 17.51 17.77 18.65 17.29 18.13 20.64 19.63 20.31 22.39 22.94 21.57 22.74 24.57 23.38 23.71 25.58 25.52 24.85 24.63 24.82 25.00 24.19 24.39 24.02 25.43 23.90 25.59 27.06 
23.48 21.57 18.87 17.03 16.24 15.72 15.49 13.42 13.50 15.10 16.72 18.14 18.73 21.34 23.98 25.07 25.54 26.88 29.20 30.02 27.45 25.78 23.81 21.47 17.66 14.40 11.69 8.21 6.83 1.71 6.47 7.27 9.03 9.26 8.96 8.32 8.71 10.32 11.34 14.23 16.35 20.29 20.76 23.90 21.42 20.89 22.82 24.21 21.58 23.06 24.67 23.38 21.79 23.85 25.82 24.15 23.75 25.61 26.83 26.39 26.65 27.98 29.14 29.16 28.76 28.61 27.92 26.04 23.68 21.76 21.33 20.53 21.55 21.40 22.46 21.86 21.99 22.58 21.31 20.73 21.32 21.79 22.57 22.37 21.03 21.08 22.58 22.43 20.90 22.13 22.22 21.16 19.67 21.11 20.81 18.26 17.57 18.51 17.99 16.31 16.70 18.17 17.29 17.68 18.97 18.71 17.82 18.16 19.62 19.23 21.60 20.24 18.83 19.02 20.03 18.51 19.43 21.93 20.76 21.29 23.65 24.15 23.17 24.13 26.18 24.62 25.28 27.05 27.12 26.02 25.90 25.61 25.99 24.81 25.42 24.41 24.80 24.61 25.94 27.54 
23.15 21.16 19.14 17.40 16.35 16.09 15.71 14.11 14.44 15.91 18.25 19.51 19.61 22.56 25.87 26.86 27.08 28.65 31.27 33.23 30.11 28.23 25.21 23.76 19.82 16.69 12.61 10.43 7.21 6.47 1.69 5.46 6.68 6.87 8.74 8.89 9.60 10.93 13.45 16.23 18.19 21.90 22.56 25.98 23.25 22.47 23.97 24.91 22.65 24.41 25.74 24.87 22.49 25.14 26.65 25.25 24.44 26.51 27.92 27.47 27.31 28.72 29.92 30.14 29.70 29.61 28.70 27.12 24.39 22.99 21.53 20.98 21.89 22.26 23.02 22.77 23.00 23.82 22.59 22.17 22.49 23.00 23.76 23.55 21.85 22.15 23.41 23.41 21.97 23.05 22.79 22.21 20.61 22.43 21.96 19.41 18.54 19.61 18.90 17.67 17.95 19.10 17.31 17.61 19.10 18.65 17.19 18.18 19.81 19.33 21.31 19.84 18.41 19.09 19.97 18.47 19.60 22.10 20.70 21.54 23.70 24.43 23.32 24.57 26.38 25.15 25.36 27.33 27.40 26.54 25.95 26.28 26.69 25.64 24.90 25.31 26.80 25.55 26.39 26.69 
24.17 22.75 20.70 18.63 17.41 17.90 17.86 16.44 17.35 18.83 20.86 22.85 22.75 25.19 27.99 29.53 29.71 30.65 33.38 34.61 32.94 30.39 27.93 25.96 22.57 19.16 15.64 12.66 9.88 7.27 5.46 0.00 5.64 6.38 8.32 10.19 12.21 13.39 15.00 19.35 20.98 24.75 25.78 28.71 25.52 24.86 26.12 27.74 24.96 26.49 28.19 26.79 25.11 27.29 29.38 27.73 26.45 28.91 30.79 30.50 30.25 31.79 33.43 33.31 32.49 32.97 32.20 30.43 27.68 25.94 24.77 23.84 25.14 25.42 26.16 25.84 25.93 26.54 25.21 24.86 24.92 25.74 26.44 26.16 24.29 24.71 25.67 25.96 24.01 25.60 25.00 24.70 22.72 24.78 24.16 21.86 20.48 21.46 20.54 19.43 19.19 20.69 19.19 19.62 21.33 20.83 19.48 20.53 22.13 21.68 23.23 22.22 20.97 21.36 21.67 20.69 21.60 23.96 22.64 23.53 25.75 26.53 25.29 26.73 28.79 27.45 27.86 29.71 29.86 28.86 28.51 28.33 28.78 27.31 27.30 27.37 27.75 27.08 27.71 28.53 
25.38 24.27 22.34 20.25 19.60 20.39 20.91 19.61 20.14 21.53 22.62 24.06 24.82 27.08 29.08 30.39 31.95 32.64 34.25 35.84 34.55 32.27 28.83 27.11 24.46 21.07 17.25 14.26 12.16 9.03 6.68 5.64 2.06 5.58 8.02 10.80 13.13 14.64 17.60 20.86 23.13 26.48 27.45 30.48 27.47 26.70 28.48 29.00 26.73 28.07 30.12 29.25 26.94 29.54 31.79 30.28 29.37 31.52 33.59 33.40 33.88 34.78 36.62 36.13 35.78 35.85 36.01 33.77 30.89 29.46 28.51 27.60 28.35 28.22 29.14 28.37 28.50 28.87 27.73 27.32 27.96 28.45 29.52 28.95 27.21 27.46 29.27 28.25 26.60 27.84 27.87 26.79 25.07 26.94 26.58 23.33 22.41 23.41 22.31 20.17 20.10 21.72 20.83 21.38 23.32 23.28 22.41 23.12 24.57 24.10 25.80 24.76 23.75 23.72 24.06 22.88 23.94 25.92 24.84 25.54 27.79 28.62 27.45 28.75 31.12 29.44 30.07 31.68 31.84 31.13 31.01 30.78 31.18 29.98 29.78 30.52 31.44 28.76 30.24 31.36 
24.96 23.42 21.32 19.57 19.17 19.72 19.75 18.47 19.35 20.94 21.99 23.28 23.63 26.28 28.10 29.35 29.99 30.81 32.87 33.90 32.29 29.51 27.30 25.28 22.56 18.93 15.40 13.23 10.74 9.26 6.87 6.38 5.58 0.00 5.49 8.31 10.64 13.56 15.18 19.73 21.95 25.59 26.08 29.10 25.83 25.29 26.77 28.14 25.40 27.01 28.75 28.24 25.90 28.65 30.66 29.56 28.36 31.12 32.49 32.66 32.59 34.48 35.31 35.72 34.75 35.19 34.31 32.78 30.13 28.31 27.04 26.36 27.50 27.11 27.59 26.95 27.23 28.21 26.91 26.68 26.90 27.91 28.52 28.46 26.42 27.23 28.36 27.84 25.40 26.89 26.58 25.68 23.81 25.86 25.04 22.28 21.52 22.06 21.02 19.30 19.30 20.54 20.09 21.00 22.92 22.76 21.80 22.48 24.12 23.69 25.34 24.13 22.82 23.17 23.24 22.11 22.92 25.32 23.75 24.35 26.64 27.82 26.63 27.98 30.06 28.92 29.14 31.15 31.14 30.75 30.12 30.01 30.42 28.99 29.16 29.61 29.54 28.65 29.49 30.35 
25.68 23.85 21.65 20.15 19.48 19.85 19.81 18.79 19.29 20.74 21.82 22.94 22.82 25.51 27.58 28.53 28.98 29.88 32.11 32.95 30.06 27.71 25.49 23.24 21.43 16.94 14.40 12.21 11.03 8.96 8.74 8.32 8.02 5.49 0.00 7.06 8.97 11.26 13.43 17.84 20.02 23.33 24.31 27.55 24.54 24.15 25.63 26.78 24.55 26.27 27.95 27.14 25.14 27.72 29.57 28.29 27.78 29.99 32.01 31.71 32.07 33.25 34.79 34.67 34.71 33.94 33.35 31.73 29.45 27.26 25.54 25.10 26.28 25.88 26.37 26.02 26.67 27.28 26.24 26.24 26.32 26.99 27.87 27.65 25.72 26.03 27.30 26.77 24.94 26.00 25.45 24.79 23.24 25.02 24.13 21.30 20.90 21.67 20.34 19.05 19.73 20.80 19.69 20.67 22.82 22.29 21.21 22.10 23.86 22.97 24.94 23.38 21.95 22.28 22.75 21.27 22.18 24.59 23.06 23.65 25.95 26.98 26.14 27.20 29.35 27.96 28.36 30.09 30.43 29.90 29.42 29.45 30.15 29.11 28.32 29.37 30.54 28.57 29.69 29.33 
25.20 23.40 21.24 19.61 18.56 18.87 18.98 17.77 18.89 19.67 20.97 22.21 22.11 24.30 25.51 27.25 27.62 28.42 30.25 31.03 28.60 26.21 23.70 21.09 18.46 14.58 11.70 10.30 8.95 8.32 8.89 10.19 10.80 8.31 7.06 0.00 6.76 8.02 11.03 14.58 16.60 20.72 21.79 25.12 22.20 21.33 23.73 24.64 22.83 24.76 26.81 25.38 24.03 26.70 28.96 27.37 26.54 29.25 31.64 31.26 31.45 33.00 34.80 34.65 33.85 33.84 33.00 31.28 29.02 26.80 25.41 24.32 25.66 25.48 25.81 25.45 25.50 26.11 25.00 24.58 24.62 25.72 26.65 26.39 23.98 25.02 25.82 25.79 23.40 24.91 24.41 23.90 22.04 23.72 22.88 19.98 19.31 20.04 19.15 17.65 18.29 20.49 19.61 20.50 22.36 21.94 20.98 21.70 23.33 22.47 24.37 22.81 21.32 21.30 21.81 20.37 21.30 22.90 21.63 22.76 24.74 25.60 24.76 26.31 28.72 27.27 27.95 29.85 30.23 29.39 29.09 29.06 30.03 28.42 28.18 29.16 29.22 28.21 28.87 29.40 
23.64 21.75 19.53 17.67 16.59 16.47 16.85 15.65 16.80 17.19 18.07 19.39 19.60 21.46 22.37 23.83 25.36 25.68 26.92 27.95 26.48 23.04 20.65 18.06 15.20 11.81 10.25 8.56 7.84 8.71 9.60 12.21 13.13 10.64 8.97 6.76 0.00 5.92 6.77 10.28 11.94 15.90 17.93 20.15 17.66 17.95 19.54 20.86 18.90 21.12 24.34 22.94 21.31 24.25 27.08 25.70 24.98 27.47 30.01 29.68 30.07 31.62 33.71 33.23 32.65 32.34 32.19 30.20 27.86 25.80 24.59 23.57 23.96 23.26 23.50 22.64 22.92 23.36 22.69 22.37 22.38 23.59 24.74 24.38 22.03 22.49 24.01 23.54 20.66 22.66 22.48 21.52 19.09 21.23 20.67 17.01 15.83 17.86 17.00 14.62 15.61 18.27 18.22 18.39 20.35 20.24 19.76 19.84 21.43 20.74 22.53 21.15 20.22 19.60 19.82 18.52 19.21 20.35 19.14 20.32 22.59 22.92 22.21 24.26 26.91 25.43 25.95 28.19 28.85 28.10 27.76 27.99 28.75 27.81 27.47 28.92 29.44 27.64 28.75 30.34 
23.79 21.52 18.92 17.27 16.15 15.66 15.54 14.12 15.21 15.77 16.64 17.48 17.47 18.99 19.71 20.69 21.07 21.26 22.94 23.50 21.56 17.86 15.48 13.74 10.94 9.45 7.71 7.40 7.67 10.32 10.93 13.39 14.64 13.56 11.26 8.02 5.92 0.55 5.44 7.42 9.21 12.43 13.41 16.21 14.51 14.31 16.51 17.45 15.87 17.97 21.12 19.94 18.77 21.15 24.25 22.92 22.55 24.96 27.29 27.14 27.41 28.73 30.54 30.23 29.59 29.00 28.51 26.77 24.84 22.25 21.00 20.21 20.72 19.94 19.72 19.06 19.13 20.13 19.44 18.77 19.56 20.48 21.44 21.50 19.08 19.17 20.46 20.52 17.17 18.73 19.21 18.74 15.96 17.91 18.19 15.29 14.46 15.92 16.09 14.03 15.38 17.31 17.02 17.70 19.46 19.09 18.26 18.25 20.21 19.22 20.46 19.10 18.44 17.62 17.73 15.78 17.24 18.72 17.38 17.58 20.44 21.01 20.53 21.78 24.66 22.98 23.79 25.94 26.59 25.33 25.38 25.46 26.53 25.24 25.50 26.22 26.48 26.05 27.00 28.62 
24.73 22.37 19.50 17.62 16.43 15.81 15.50 13.74 14.32 14.71 15.65 15.93 15.78 16.82 17.70 17.81 18.73 18.84 20.58 20.61 19.23 14.73 13.41 10.33 9.69 7.83 8.09 8.04 8.92 11.34 13.45 15.00 17.60 15.18 13.43 11.03 6.77 5.44 0.87 5.89 5.92 8.68 10.24 12.96 10.73 11.09 12.94 14.44 13.08 15.04 18.30 17.37 16.46 19.16 21.77 20.92 20.78 23.18 25.39 25.33 25.66 26.92 28.68 28.30 27.77 27.13 26.57 24.90 22.63 20.14 18.69 17.99 18.28 17.41 17.57 17.25 17.14 17.95 17.25 17.28 17.92 18.66 19.30 19.43 17.74 17.44 18.68 18.46 15.41 16.66 16.64 16.22 14.10 16.73 16.65 13.63 13.58 15.75 15.33 13.92 15.92 17.68 16.92 17.19 19.41 18.88 18.03 18.14 19.76 18.69 20.16 18.33 16.98 16.80 17.03 14.82 15.70 17.76 16.28 16.57 18.90 19.41 19.10 20.60 22.86 21.42 22.14 24.25 24.79 23.86 23.61 23.97 25.04 24.30 23.66 25.03 25.83 25.38 25.55 26.87 
26.06 24.44 21.32 19.38 18.12 17.54 16.84 15.23 15.63 15.56 16.28 16.46 15.93 16.76 16.62 17.07 17.65 18.05 19.06 19.99 16.72 13.11 10.69 9.12 8.20 7.46 8.67 10.61 11.52 14.23 16.23 19.35 20.86 19.73 17.84 14.58 10.28 7.42 5.89 1.29 5.80 7.92 9.32 11.89 10.85 10.27 12.05 13.97 13.30 15.26 17.33 16.61 16.23 19.06 21.48 20.57 20.63 23.61 25.91 25.84 25.99 27.62 29.25 28.98 28.09 27.70 27.14 25.07 22.89 20.51 18.94 17.71 18.23 17.63 17.39 16.86 16.86 17.21 16.31 16.46 17.36 18.26 18.90 19.11 17.06 17.46 18.23 18.17 15.26 16.46 16.29 15.77 13.34 16.32 16.15 13.66 13.93 16.38 15.85 14.72 16.85 19.52 18.42 19.02 20.86 20.43 19.34 19.55 20.85 19.65 21.25 19.55 17.94 17.47 17.84 15.75 16.48 18.04 16.58 17.48 19.53 19.75 19.24 21.14 23.81 22.23 23.27 25.40 26.02 24.88 24.87 25.01 26.22 24.92 24.76 25.80 26.28 25.86 26.40 27.83 
26.14 24.52 21.52 19.19 17.52 17.46 16.68 15.28 15.42 15.04 15.63 15.49 14.87 14.90 15.40 15.26 16.06 15.53 16.88 17.16 15.00 9.74 9.32 9.08 8.55 8.67 10.36 12.15 13.81 16.35 18.19 20.98 23.13 21.95 20.02 16.60 11.94 9.21 5.92 5.80 0.60 5.79 6.63 8.03 6.71 7.25 9.24 11.39 9.62 12.89 15.25 15.20 14.45 17.66 20.11 19.39 19.31 22.20 24.46 24.32 24.30 25.83 27.42 26.98 26.39 26.24 25.77 23.86 21.75 19.36 17.73 16.60 17.28 15.39 15.56 14.85 15.04 15.53 14.81 15.20 16.13 16.81 17.81 17.81 15.53 15.64 16.64 16.63 12.82 14.89 15.16 14.20 11.64 15.04 15.29 12.61 12.42 15.71 15.41 14.50 16.16 19.03 18.04 18.32 20.61 20.09 18.76 18.44 20.00 18.74 20.55 18.69 17.42 16.83 17.04 14.66 15.70 17.46 15.89 16.68 18.89 19.21 18.26 20.12 23.09 21.45 22.15 24.28 25.20 24.45 24.20 24.49 25.65 24.75 24.45 25.32 26.44 25.24 25.88 28.47 
27.26 25.84 23.12 20.80 19.29 19.50 18.80 17.27 17.31 17.01 17.40 17.03 15.74 16.41 16.55 16.74 15.86 15.48 15.80 16.63 12.25 8.40 8.15 9.30 8.37 10.61 11.95 15.60 16.40 20.29 21.90 24.75 26.48 25.59 23.33 20.72 15.90 12.43 8.68 7.92 5.79 0.00 4.61 6.55 7.04 7.28 9.69 11.04 10.29 13.17 15.92 15.71 14.53 18.10 20.32 19.59 20.02 22.61 24.52 24.61 24.24 25.65 26.78 26.55 25.74 25.48 24.58 23.05 21.12 18.78 16.91 16.58 16.69 14.11 14.25 13.99 14.10 15.90 15.77 16.20 16.80 17.51 18.09 18.22 14.59 14.95 16.16 14.92 10.00 13.76 15.00 14.09 10.62 15.48 15.97 13.67 12.44 16.38 16.71 16.27 17.65 20.24 18.85 19.93 21.77 21.38 19.58 19.96 21.11 19.88 21.44 19.68 18.25 18.51 17.86 15.02 16.07 19.33 17.34 17.62 19.86 20.69 19.52 21.09 23.71 22.28 22.71 25.04 25.67 24.67 24.53 24.79 25.90 24.58 24.90 25.01 25.56 25.01 26.10 28.24 
28.04 26.54 24.37 21.72 19.84 20.02 19.50 17.84 17.37 16.90 17.56 16.98 15.49 15.53 15.97 15.48 15.32 14.04 14.96 14.30 12.50 8.35 8.60 9.15 10.31 11.58 14.17 16.39 17.65 20.76 22.56 25.78 27.45 26.08 24.31 21.79 17.93 13.41 10.24 9.32 6.63 4.61 0.00 5.55 6.31 5.88 7.31 9.45 9.03 10.79 13.61 13.63 13.10 16.27 18.54 18.25 19.06 21.73 23.52 23.29 23.32 24.53 26.17 25.85 25.29 24.83 24.21 22.46 20.32 17.77 16.23 15.05 15.10 12.66 13.35 12.75 13.11 15.07 15.20 15.17 15.90 16.35 17.37 17.25 14.37 14.22 15.40 14.22 10.02 12.84 13.92 12.65 9.78 14.19 14.93 11.75 11.73 15.58 15.88 15.70 17.73 19.98 18.92 19.83 22.02 20.78 19.79 20.00 21.34 19.47 21.68 19.68 18.46 18.18 18.01 15.72 16.54 18.64 16.88 17.24 19.75 19.99 19.10 20.38 22.98 21.51 22.35 24.50 24.92 24.10 24.15 24.55 25.32 24.43 23.92 24.37 25.65 24.94 25.58 26.62 
30.46 29.27 26.89 24.84 23.33 23.46 22.83 21.43 21.01 20.17 20.44 20.18 18.76 18.86 18.58 18.18 16.85 16.07 16.32 17.08 14.03 11.78 11.30 12.47 13.80 16.02 16.61 20.28 20.93 23.90 25.98 28.71 30.48 29.10 27.55 25.12 20.15 16.21 12.96 11.89 8.03 6.55 5.55 0.00 6.03 7.50 7.01 8.28 9.89 12.12 13.30 13.61 14.72 17.27 19.61 19.15 20.12 22.84 24.91 25.06 24.99 26.75 27.99 28.05 27.12 27.10 26.55 25.08 22.32 20.34 18.65 17.43 17.05 15.95 16.59 16.17 16.28 17.73 17.51 17.76 18.45 18.96 19.89 19.82 17.14 16.94 17.56 17.03 13.38 15.04 15.26 14.84 12.18 16.21 15.96 14.29 14.80 17.84 17.79 17.83 20.11 22.11 21.10 22.03 23.85 23.00 21.34 21.92 23.18 21.76 23.79 21.89 20.31 20.08 20.15 18.32 18.77 20.74 18.94 19.66 21.73 22.10 21.09 22.59 25.00 24.07 24.94 27.06 27.09 26.46 26.70 26.82 27.46 26.32 26.51 26.31 26.74 26.34 27.27 28.40 
29.79 28.14 25.95 23.55 21.94 22.12 21.58 19.97 19.60 18.65 18.78 18.83 17.57 17.19 16.89 15.90 14.80 14.09 14.75 15.05 13.37 11.33 11.30 12.33 12.93 14.61 15.35 17.65 18.85 21.42 23.25 25.52 27.47 25.83 24.54 22.20 17.66 14.51 10.73 10.85 6.71 7.04 6.31 6.03 0.00 5.29 7.24 6.75 6.50 10.08 12.44 11.73 11.60 15.21 16.90 16.25 16.43 19.52 22.15 21.67 21.56 23.15 25.15 24.68 24.07 24.20 23.95 22.33 20.16 17.63 16.22 15.01 15.38 12.88 14.91 14.44 14.83 15.77 16.18 16.39 16.96 17.63 18.73 18.68 14.94 14.91 16.06 16.00 12.41 14.05 14.11 12.79 9.99 13.69 14.87 11.61 12.15 15.51 15.70 15.21 16.72 19.78 18.34 18.80 21.24 20.26 18.76 18.89 20.58 18.82 21.63 19.32 17.68 17.66 18.28 15.58 15.71 18.31 17.00 17.71 19.75 20.33 19.25 20.40 23.02 21.74 22.81 24.48 24.93 24.42 24.73 24.85 25.38 24.96 25.01 24.61 26.00 25.02 26.36 28.05 
29.30 27.70 25.62 23.33 21.23 21.58 21.24 19.67 18.96 18.42 18.39 18.53 17.16 17.53 17.27 16.21 14.58 14.92 14.97 15.23 13.21 11.67 11.26 11.82 11.88 14.19 14.43 17.45 18.58 20.89 22.47 24.86 26.70 25.29 24.15 21.33 17.95 14.31 11.09 10.27 7.25 7.28 5.88 7.50 5.29 0.00 5.55 7.38 5.56 6.93 10.18 11.00 9.78 12.50 15.49 14.38 14.62 17.47 19.94 19.78 19.53 21.29 23.03 22.66 22.03 22.50 22.00 20.91 18.45 15.75 14.13 13.92 13.13 10.52 12.78 13.71 13.64 15.19 15.77 16.05 16.62 17.18 18.55 18.04 14.18 14.55 15.75 14.72 10.61 13.40 12.96 10.69 7.92 12.05 12.69 8.91 8.32 13.05 13.79 13.09 15.28 17.73 16.70 17.94 19.89 19.28 17.45 18.22 19.87 18.29 20.10 17.92 16.46 16.72 16.82 13.36 14.13 17.44 15.98 16.01 18.31 19.48 18.40 19.75 22.33 21.24 21.85 23.92 24.45 23.58 23.86 23.89 24.69 23.74 24.35 24.20 24.25 24.23 25.62 27.63 
31.06 29.66 27.91 25.09 23.26 23.56 23.17 21.23 20.57 20.14 20.04 19.86 18.43 18.60 18.55 17.72 16.18 16.10 16.59 17.00 15.43 14.16 13.27 13.63 13.62 15.67 16.13 18.99 20.62 22.82 23.97 26.12 28.48 26.77 25.63 23.73 19.54 16.51 12.94 12.05 9.24 9.69 7.31 7.01 7.24 5.55 0.45 5.93 7.00 6.30 7.65 9.27 10.20 11.76 14.15 14.38 15.19 17.78 19.45 19.58 19.84 21.62 23.66 23.34 22.92 22.93 23.32 21.46 19.12 16.15 15.19 14.39 14.21 12.20 14.42 14.28 15.17 17.05 17.35 17.29 18.34 18.95 19.77 19.90 17.24 17.10 17.77 16.70 13.66 14.79 13.89 13.17 10.61 12.98 13.62 11.20 11.88 14.03 13.95 14.73 17.20 19.65 17.84 19.05 21.31 20.15 18.76 19.30 20.88 19.20 21.21 19.39 18.50 18.22 17.97 16.31 16.76 19.30 17.40 18.21 20.16 21.15 19.98 21.26 23.56 22.53 23.31 25.42 25.73 25.02 25.18 25.37 25.83 25.26 25.02 25.16 25.87 25.57 26.75 27.31 
31.59 30.23 27.92 25.74 24.27 24.50 23.76 22.12 21.46 21.00 20.95 20.76 19.65 19.99 20.14 19.37 17.90 17.97 18.79 19.55 17.50 16.03 14.68 15.52 15.37 17.23 17.60 20.53 21.73 24.21 24.91 27.74 29.00 28.14 26.78 24.64 20.86 17.45 14.44 13.97 11.39 11.04 9.45 8.28 6.75 7.38 5.93 0.00 5.52 7.53 6.72 6.72 8.82 11.71 12.44 12.35 14.37 16.45 18.27 18.82 19.30 21.55 23.53 23.35 22.80 23.42 23.66 22.15 19.39 16.96 16.17 15.72 15.87 14.74 16.22 17.05 17.61 18.83 18.17 19.01 19.91 20.45 20.85 21.04 19.01 18.08 18.79 18.23 15.52 16.34 15.19 14.04 12.01 13.85 13.92 12.63 12.95 15.03 14.71 14.77 17.54 19.29 18.21 19.02 20.94 19.84 17.99 18.62 19.96 18.45 20.53 18.29 16.96 17.11 17.79 16.28 16.64 19.19 17.82 18.94 20.87 21.81 20.72 22.29 24.54 23.57 24.41 26.30 26.50 25.75 26.20 26.14 26.47 25.61 26.08 26.30 25.82 25.87 27.12 28.44 
