5.14 8.13 7.88 10.89 13.05 14.65 15.40 17.24 18.96 19.13 20.07 20.21 20.45 21.54 21.32 19.22 19.05 19.98 20.04 20.46 22.08 22.98 24.88 25.40 25.51 23.92 21.85 21.40 21.28 21.06 20.79 21.40 21.90 22.07 21.55 21.63 20.56 19.49 19.10 18.77 18.07 17.97 18.80 19.36 20.79 21.99 23.64 24.66 27.07 27.45 27.59 27.04 25.84 25.30 24.99 24.61 23.51 23.28 24.09 24.09 24.08 23.89 24.99 24.52 25.37 25.35 27.19 27.62 28.86 28.84 29.41 28.11 26.41 25.41 25.23 24.01 23.92 24.29 24.84 25.45 27.15 28.42 29.74 30.28 29.95 29.08 29.34 27.97 27.34 26.93 27.11 26.22 26.27 25.51 26.40 26.26 26.99 26.70 26.62 24.77 24.00 23.88 24.48 24.24 24.26 24.66 26.49 26.53 25.30 24.94 25.67 25.52 25.49 26.82 27.97 28.02 27.29 27.72 27.75 26.56 26.28 26.74 26.80 25.54 25.06 25.93 26.87 26.88 26.14 26.38 27.60 26.53 24.76 25.01 24.38 23.89 22.30 23.16 23.48 23.56 22.15 22.60 23.47 23.99 24.44 26.03 26.97 26.77 26.24 27.20 26.25 23.93 23.58 24.52 24.64 23.87 25.34 26.02 27.34 30.24 
8.13 4.34 6.10 7.51 10.71 12.34 13.20 14.91 17.31 16.84 19.30 18.95 19.85 20.14 21.05 18.62 18.91 19.42 19.93 20.46 22.27 22.86 25.38 25.93 26.41 24.43 22.62 22.02 21.48 21.00 20.78 20.90 21.68 21.59 21.70 21.19 20.25 19.06 18.93 18.49 18.09 17.95 18.68 19.07 20.35 21.55 23.83 24.59 27.14 27.50 27.97 27.32 26.48 25.28 24.71 24.38 23.26 22.42 23.15 23.32 23.68 23.16 24.31 23.76 24.89 24.85 26.79 27.04 28.75 28.25 29.32 27.74 26.13 24.23 24.71 23.43 23.17 23.32 24.02 24.81 26.82 27.90 29.33 30.38 30.33 29.03 28.82 27.68 27.37 26.77 26.52 25.64 26.07 25.03 25.69 25.58 26.84 26.12 25.98 24.25 23.95 23.19 24.04 23.68 24.22 24.30 26.28 26.14 25.32 24.44 24.97 24.99 25.25 26.53 27.32 27.78 27.27 27.29 27.15 26.17 26.32 26.53 26.54 25.16 24.97 25.64 26.60 26.48 26.13 26.55 27.57 26.26 24.61 24.65 24.07 23.45 22.38 22.76 23.40 23.24 22.04 21.99 23.27 23.45 24.39 25.81 27.31 26.25 26.29 26.81 25.89 23.56 24.07 24.27 23.56 22.88 24.40 26.55 26.36 29.59 
7.88 6.10 2.65 5.30 7.61 9.64 11.00 11.94 14.34 14.14 16.82 16.78 17.31 18.23 19.10 17.33 17.39 18.48 19.16 19.77 21.41 22.33 24.79 25.69 25.99 24.26 22.33 21.30 20.29 20.17 19.49 19.48 19.87 20.68 20.13 20.48 18.65 18.13 17.68 17.49 17.08 16.94 18.13 18.24 19.39 20.56 23.36 24.05 26.72 26.65 27.60 26.95 25.94 24.59 24.20 23.65 22.38 21.50 22.47 22.26 22.48 21.91 23.40 22.49 24.14 23.90 26.20 26.13 27.87 27.40 28.85 27.08 24.96 23.31 23.87 22.43 22.18 22.22 22.85 24.05 26.50 27.27 28.70 29.89 30.15 28.36 28.20 26.91 27.25 26.08 26.09 24.79 25.51 24.04 24.91 24.55 25.93 25.06 25.39 23.48 23.19 22.39 23.12 22.93 23.57 23.23 24.95 25.15 24.69 23.24 23.76 23.86 24.44 25.09 26.09 26.49 26.45 25.92 26.02 24.94 25.45 25.19 25.32 24.10 24.59 24.85 25.93 25.99 26.34 26.18 26.69 25.47 24.20 24.19 22.98 22.69 21.49 22.10 22.16 22.27 21.16 21.35 22.11 22.42 23.68 24.88 26.06 25.00 25.68 26.00 24.93 23.12 24.47 24.57 22.85 23.02 26.47 27.20 27.06 28.59 
10.89 7.51 5.30 2.86 6.50 8.08 9.54 10.74 12.66 12.57 15.33 15.52 16.81 17.46 18.73 16.63 16.89 18.00 18.67 18.95 20.50 21.54 24.09 24.64 24.81 23.20 21.32 20.77 19.64 19.43 18.50 19.09 18.94 20.06 19.08 19.39 17.79 17.46 17.18 17.29 17.20 16.99 17.87 18.10 19.22 19.98 22.61 23.21 25.77 26.01 26.54 26.03 25.27 24.40 23.84 23.29 22.11 21.73 22.62 22.09 22.47 21.90 23.28 22.39 23.75 23.59 25.76 25.94 27.50 27.12 28.40 26.89 25.18 23.62 23.72 22.59 22.36 22.52 22.84 23.82 26.17 27.14 28.20 29.33 29.82 28.21 27.62 26.56 27.07 26.25 25.90 24.89 25.30 24.09 24.56 24.26 25.57 24.71 24.58 22.85 22.90 22.35 22.84 22.49 23.21 23.09 25.19 25.18 24.50 23.36 23.78 23.95 24.20 25.22 26.13 26.70 26.26 26.03 26.22 25.21 25.75 25.34 25.37 24.51 24.63 24.87 25.88 26.12 26.50 26.25 26.81 25.79 24.45 24.36 23.02 23.00 21.90 22.12 21.92 22.24 21.14 21.24 21.72 22.21 23.63 25.06 25.89 25.03 25.48 26.29 25.22 23.31 24.67 23.80 22.85 22.52 26.68 26.32 25.97 28.25 
13.05 10.71 7.61 6.50 4.45 7.26 8.08 9.57 12.08 12.35 15.14 15.13 16.43 17.59 18.41 16.05 16.27 17.54 18.88 19.14 20.99 22.54 24.94 25.40 25.30 23.61 21.09 20.13 19.80 18.93 18.32 18.53 19.12 19.96 18.99 19.11 17.38 16.68 16.69 16.21 16.63 15.78 17.75 18.20 19.23 20.10 22.69 23.26 25.95 26.15 26.71 25.95 25.19 24.58 23.69 23.33 22.14 22.14 23.11 23.14 22.76 22.26 23.25 22.44 23.29 22.67 24.75 25.05 26.58 25.93 26.98 25.27 24.10 22.46 22.78 21.27 21.55 21.74 21.84 22.54 24.62 25.84 26.70 27.60 28.04 26.69 26.68 25.04 25.50 24.51 24.65 23.47 24.24 22.71 23.40 22.84 24.47 23.91 23.98 21.63 21.87 21.62 22.59 21.84 22.48 23.01 25.45 25.30 23.76 23.05 23.91 23.77 23.36 24.98 26.29 26.29 25.41 25.87 26.43 24.74 24.96 25.11 25.68 23.94 23.36 24.15 25.29 25.54 24.98 25.22 26.67 25.20 22.96 23.30 22.88 22.30 21.11 21.62 21.76 21.85 20.15 20.59 21.30 21.71 22.76 24.51 25.54 24.47 24.38 25.71 24.41 22.02 22.71 24.98 24.42 24.42 23.32 24.57 26.74 29.75 
14.65 12.34 9.64 8.08 7.26 2.96 6.52 7.74 10.30 10.76 14.07 14.60 16.02 17.11 18.70 16.63 16.91 17.67 19.05 19.62 21.80 23.08 25.74 26.42 26.59 24.41 21.57 20.88 19.55 18.75 17.78 18.31 18.81 19.16 18.95 18.50 17.48 16.42 16.30 16.67 16.67 16.71 17.92 18.07 19.14 20.75 23.22 23.82 26.21 26.87 26.91 26.18 25.54 24.72 23.43 23.25 21.87 21.62 22.47 22.72 22.43 22.35 22.45 22.02 22.65 22.36 24.11 24.35 26.00 25.68 26.49 24.92 23.36 21.44 22.34 20.86 21.03 21.56 21.65 22.60 24.88 25.79 27.05 28.15 28.66 26.85 26.31 24.98 25.58 24.54 24.10 23.09 23.90 22.59 22.82 22.63 24.74 23.78 23.70 21.77 22.17 21.56 22.32 22.00 23.09 23.34 25.52 25.73 24.11 23.20 23.42 23.39 23.49 24.96 25.77 26.00 25.39 25.74 25.74 24.22 24.86 25.22 25.12 23.64 23.30 24.11 24.90 25.20 24.94 25.48 26.33 25.00 23.09 23.42 22.67 22.50 21.25 22.06 21.76 22.57 20.47 20.76 21.34 21.77 23.00 24.62 25.36 24.47 25.10 25.50 23.53 21.87 23.21 24.32 23.37 22.97 22.65 25.32 26.02 29.09 
15.40 13.20 11.00 9.54 8.08 6.52 1.48 6.16 8.41 9.06 12.71 13.09 15.11 15.82 17.60 15.70 16.36 17.29 19.01 19.50 22.42 23.19 26.13 26.66 26.92 24.52 21.81 20.62 19.51 18.35 17.31 17.91 17.65 19.31 17.24 18.67 15.74 15.89 14.64 15.26 15.65 15.80 15.97 17.07 18.57 20.46 22.19 23.41 26.67 26.38 26.39 26.09 25.47 24.27 23.31 22.82 21.29 20.92 21.98 21.82 21.72 21.06 21.83 20.59 21.84 21.41 23.07 23.24 25.31 24.87 26.13 24.11 22.73 21.05 22.18 20.18 20.40 20.85 21.41 22.28 24.58 25.71 26.62 28.18 28.92 26.88 26.39 24.77 25.79 24.46 23.91 22.53 23.83 22.09 22.55 22.40 24.32 23.30 23.52 21.69 22.25 21.30 21.80 21.90 23.30 22.95 24.55 24.78 24.00 22.55 22.65 22.74 23.17 24.35 25.15 25.51 25.41 25.36 25.32 24.02 24.61 24.61 24.44 22.92 22.86 23.48 24.18 24.69 24.92 25.09 25.52 24.42 23.12 23.24 22.05 22.08 21.47 21.70 21.46 21.96 20.94 20.88 21.23 21.64 23.02 24.59 25.29 24.32 24.68 25.08 23.17 21.86 23.07 24.75 22.24 23.63 23.50 24.87 25.69 27.91 
17.24 14.91 11.94 10.74 9.57 7.74 6.16 1.29 6.17 6.36 9.43 10.84 13.19 14.41 15.60 13.78 14.91 16.08 17.51 18.70 20.84 22.44 25.09 25.71 25.27 23.14 20.34 19.21 17.36 16.62 15.48 15.40 15.31 15.54 13.84 13.61 13.49 12.55 12.21 12.56 14.69 14.45 15.30 16.17 18.86 19.61 21.93 22.95 25.68 25.88 25.02 24.88 24.55 23.61 22.22 22.04 20.83 20.61 21.48 21.41 21.65 21.24 21.57 20.68 21.81 21.17 22.86 23.30 25.18 25.19 25.66 23.99 22.77 20.91 21.22 19.49 20.13 20.96 20.92 22.07 24.44 25.56 26.42 27.85 28.32 26.80 25.86 24.54 25.34 24.50 23.76 22.66 23.41 21.93 22.24 21.73 23.98 22.83 22.78 21.00 21.55 20.83 21.12 21.46 22.43 22.51 24.38 24.91 23.33 22.30 22.43 22.63 22.85 24.41 25.17 25.86 25.34 25.32 25.17 24.15 24.58 24.31 23.89 22.88 22.56 22.96 23.83 24.44 24.90 24.67 25.38 24.08 22.82 22.67 21.71 21.51 21.11 21.22 21.02 21.78 20.48 20.54 20.86 21.15 22.83 24.77 25.40 24.14 24.25 25.51 23.77 22.05 23.16 24.37 23.21 22.83 23.04 24.76 24.93 27.52 
18.96 17.31 14.34 12.66 12.08 10.30 8.41 6.17 1.53 5.84 8.25 9.70 12.07 13.14 15.14 13.61 14.66 15.17 17.51 17.86 21.14 22.74 25.42 25.22 24.86 23.08 19.99 18.44 17.39 16.77 16.40 16.46 15.42 16.88 15.43 16.09 14.48 13.85 12.89 14.24 14.17 13.40 14.96 17.17 17.47 18.97 22.29 23.02 25.17 25.27 25.10 24.16 23.69 23.04 21.76 21.61 20.76 21.09 22.07 22.18 21.97 21.51 22.23 21.19 22.07 20.92 22.53 23.31 25.72 25.05 25.58 24.00 22.97 21.14 21.62 19.79 20.34 21.27 20.96 21.62 23.98 25.69 26.52 27.31 27.75 26.38 25.54 23.74 24.27 23.56 22.87 22.05 22.67 21.40 21.14 21.07 23.36 22.92 22.15 20.08 20.60 20.35 20.58 20.29 21.84 22.50 24.86 24.97 23.43 22.14 22.41 22.80 22.69 24.60 25.28 25.80 25.24 25.28 25.25 24.08 24.43 24.30 24.19 22.68 22.19 22.70 23.61 24.81 24.91 24.73 25.80 24.32 22.22 22.55 21.62 21.79 21.33 21.90 21.50 22.03 20.58 20.62 20.90 21.31 23.00 25.09 25.69 24.18 24.42 24.73 23.35 20.97 22.20 23.85 22.74 21.81 23.99 24.44 26.00 26.04 
19.13 16.84 14.14 12.57 12.35 10.76 9.06 6.36 5.84 1.44 5.65 6.54 9.40 10.20 12.26 11.23 12.08 12.80 15.79 16.82 19.61 21.43 24.09 24.29 23.62 21.62 18.56 17.85 15.46 14.87 13.65 13.96 13.54 13.90 13.35 13.13 12.54 11.53 11.39 12.37 12.54 12.80 16.06 16.31 18.25 19.59 22.69 22.00 24.57 24.44 24.12 22.78 22.57 21.67 20.31 19.81 18.38 18.93 20.33 20.14 20.00 19.64 20.66 19.26 20.41 19.07 21.31 21.48 23.34 23.31 23.42 21.60 20.52 18.97 19.86 17.90 18.13 18.90 19.39 19.85 22.61 23.98 25.05 26.30 26.47 24.79 23.74 22.41 22.79 22.24 21.38 20.88 21.32 20.08 20.07 20.21 22.16 21.38 21.22 19.10 19.68 18.54 19.09 19.00 20.90 20.70 23.32 23.33 21.73 20.21 20.53 20.65 20.95 22.67 23.02 23.63 23.03 23.43 22.98 21.63 22.58 22.72 22.33 20.80 20.36 20.99 21.55 22.49 22.56 22.87 23.74 22.35 20.44 20.84 19.78 19.88 19.38 19.83 19.29 20.06 18.63 18.59 19.13 19.53 21.20 23.50 24.02 22.56 22.74 23.18 21.65 19.53 20.89 21.78 21.43 20.40 21.68 23.27 24.75 25.01 
20.07 19.30 16.82 15.33 15.14 14.07 12.71 9.43 8.25 5.65 2.96 6.31 7.83 9.38 11.83 11.47 13.01 14.25 17.48 18.86 21.84 23.51 26.28 26.78 25.87 23.80 21.00 19.61 17.56 16.36 15.04 14.91 14.40 15.10 13.80 13.85 13.19 12.79 12.76 12.46 13.69 15.26 17.39 18.48 20.62 22.84 24.46 24.82 27.28 26.71 25.90 25.21 24.15 22.99 21.93 21.45 19.54 20.26 21.88 21.59 21.09 21.20 22.03 20.56 21.08 20.45 22.17 22.52 24.37 24.31 24.84 23.13 21.21 20.00 21.28 19.84 19.62 20.54 21.41 22.20 24.35 25.68 27.27 28.63 28.69 26.66 26.15 24.32 24.80 24.02 23.48 22.33 22.90 21.38 21.98 21.84 23.40 22.76 23.31 21.23 21.04 20.29 21.04 21.47 22.82 22.90 24.98 25.20 23.38 22.03 21.95 22.06 22.40 24.05 24.53 25.08 24.66 24.62 24.60 23.33 24.03 24.06 23.78 22.15 21.69 22.13 22.68 23.61 24.03 24.17 24.84 23.70 22.12 22.28 21.08 21.28 21.13 21.43 21.01 21.54 20.59 20.61 21.01 21.29 22.99 25.22 26.26 24.53 24.62 24.91 24.02 21.64 21.97 23.69 22.29 21.83 23.20 24.36 26.29 25.65 
20.21 18.95 16.78 15.52 15.13 14.60 13.09 10.84 9.70 6.54 6.31 1.50 5.40 6.74 9.63 9.60 11.67 13.28 15.53 17.38 20.70 22.77 25.06 25.32 24.79 22.60 19.97 18.08 15.59 14.71 12.18 11.76 10.81 12.39 11.16 10.76 10.61 10.51 10.71 11.09 12.57 13.69 16.51 17.53 20.15 21.37 23.71 23.84 25.76 25.05 24.51 23.98 22.77 21.55 20.15 19.99 17.85 18.21 19.90 19.90 19.84 19.42 20.87 19.53 20.54 19.09 21.77 21.95 23.78 23.32 23.95 21.68 20.45 19.00 19.59 18.09 18.26 19.41 19.74 20.46 23.25 24.89 26.30 27.54 27.62 25.89 25.33 23.44 23.80 23.44 22.64 21.27 21.80 20.10 20.48 20.26 22.08 21.25 21.57 19.44 19.92 19.31 19.62 19.82 21.37 21.16 23.49 23.24 21.32 20.44 20.84 20.91 21.22 23.12 23.59 24.64 23.76 23.70 23.68 22.52 22.97 22.78 22.46 20.99 20.02 20.58 21.17 22.24 22.35 22.44 23.42 22.23 20.54 21.06 19.67 20.27 19.48 19.99 19.10 20.16 19.02 19.40 19.68 19.83 21.43 24.03 25.12 23.49 23.35 24.06 23.03 20.48 21.83 22.74 22.21 21.20 22.02 24.54 25.10 25.23 
20.45 19.85 17.31 16.81 16.43 16.02 15.11 13.19 12.07 9.40 7.83 5.40 0.27 5.42 8.20 9.69 11.61 13.69 16.13 18.14 21.46 23.53 25.59 26.35 25.18 23.97 20.49 18.77 15.89 14.68 12.75 12.90 12.80 13.53 13.24 13.35 12.34 11.99 12.75 12.99 14.53 15.35 18.46 19.64 20.90 22.44 25.03 24.74 25.77 25.58 25.64 23.89 22.58 21.40 20.38 19.58 17.96 18.57 20.15 20.24 20.27 20.27 21.73 20.68 21.61 20.57 22.30 22.92 24.81 24.35 24.36 22.24 21.06 19.45 19.76 17.73 18.39 19.68 19.88 20.67 23.30 25.32 26.85 27.66 27.13 26.17 25.93 23.80 23.79 23.31 22.63 21.78 22.24 20.69 21.04 20.86 22.78 21.84 22.00 19.80 20.39 19.59 19.98 19.76 21.24 21.21 22.93 22.96 21.02 20.63 21.23 21.58 21.56 23.19 23.57 24.60 23.79 23.93 23.61 22.59 22.86 22.84 22.41 20.94 20.04 20.48 21.17 22.59 22.15 22.17 23.34 22.49 20.31 20.83 19.79 20.46 19.69 19.88 19.36 20.10 19.29 19.83 20.22 20.40 21.94 24.15 24.92 23.40 23.68 24.28 22.79 20.76 21.67 23.09 21.91 20.78 22.68 24.09 25.25 25.13 
21.54 20.14 18.23 17.46 17.59 17.11 15.82 14.41 13.14 10.20 9.38 6.74 5.42 0.00 6.39 7.31 9.47 11.37 14.85 17.44 19.73 23.20 25.15 25.89 23.60 22.90 19.68 17.52 12.92 12.82 11.07 11.86 12.43 13.24 13.04 12.82 12.26 11.58 11.57 12.99 13.69 15.50 18.12 19.10 21.15 23.03 24.99 24.54 25.85 25.51 24.56 23.12 21.61 20.33 19.20 18.11 16.13 17.24 19.07 18.84 19.31 18.90 20.77 19.92 21.44 20.51 22.58 22.68 25.04 25.05 24.68 22.61 21.20 19.24 19.32 17.26 17.31 18.36 19.02 20.10 22.68 24.20 26.56 27.63 27.42 25.98 25.65 23.59 23.64 23.18 22.57 21.64 22.01 20.84 21.54 21.84 22.89 21.99 22.05 19.89 19.80 19.00 19.32 19.22 20.90 19.78 22.57 22.57 20.98 20.46 20.80 20.94 21.35 23.05 23.43 24.33 23.50 23.60 23.15 22.18 22.64 22.55 21.73 20.23 19.71 20.38 20.98 22.47 22.24 22.26 23.38 22.19 20.25 20.87 19.61 20.02 18.82 19.22 18.43 19.63 18.56 19.37 19.60 19.80 21.44 23.74 24.52 22.91 23.11 23.55 22.49 20.15 21.43 22.41 22.06 21.43 22.02 23.36 24.53 25.05 
21.32 21.05 19.10 18.73 18.41 18.70 17.60 15.60 15.14 12.26 11.83 9.63 8.20 6.39 0.00 6.36 7.04 11.23 13.50 16.42 19.28 21.72 24.31 24.72 23.15 22.08 19.10 16.69 13.20 12.79 11.59 12.34 13.18 14.76 15.02 14.17 13.34 13.18 12.68 12.95 13.41 15.57 17.79 18.61 21.13 23.46 24.83 24.84 26.25 25.67 25.13 23.94 22.12 20.83 20.01 19.53 17.50 18.16 19.49 19.47 20.01 19.92 21.42 20.53 21.80 21.74 23.66 24.30 26.20 26.42 26.62 24.08 22.19 19.97 19.99 17.84 17.21 18.31 19.54 20.82 23.24 25.08 26.80 28.55 28.48 26.90 26.01 24.12 24.49 23.77 23.02 22.20 22.70 21.51 22.42 22.61 23.83 22.86 23.21 20.79 20.37 19.20 20.12 20.24 21.23 20.42 23.42 23.80 22.27 21.14 21.23 21.52 21.74 23.58 23.99 24.86 23.91 24.13 24.15 22.78 23.07 22.95 22.28 21.06 20.69 21.07 21.88 23.27 23.46 23.22 24.25 22.94 21.24 21.37 20.10 20.16 19.50 19.72 19.18 19.54 19.10 19.66 19.99 20.62 22.24 24.37 25.01 23.74 24.24 24.30 23.17 21.30 22.02 23.23 22.20 21.28 23.23 24.24 25.32 24.36 
19.22 18.62 17.33 16.63 16.05 16.63 15.70 13.78 13.61 11.23 11.47 9.60 9.69 7.31 6.36 0.00 6.19 8.13 10.23 12.29 16.09 18.37 20.62 21.45 19.84 18.13 15.29 13.04 10.02 10.09 8.82 10.48 11.55 14.56 14.16 13.40 12.11 12.11 11.41 10.45 11.15 13.18 14.63 15.77 18.37 20.02 21.83 21.70 22.96 22.05 21.24 20.63 18.84 17.67 16.71 16.96 15.18 15.69 17.20 17.19 17.02 17.21 18.90 17.68 18.98 18.45 21.15 21.36 23.55 23.57 24.54 22.03 20.47 17.72 17.49 14.56 14.30 15.49 16.51 17.92 20.76 22.41 24.35 25.89 26.43 24.53 23.76 21.73 21.98 21.12 20.38 19.56 19.99 18.32 19.72 20.06 21.70 20.37 21.03 18.17 18.61 17.14 18.17 17.86 20.05 19.27 22.14 21.83 20.56 19.29 19.39 19.31 19.48 21.63 22.44 23.17 22.27 22.43 22.50 20.79 20.82 20.72 20.41 18.71 18.29 18.88 19.73 21.06 21.20 21.02 22.12 20.97 18.92 19.06 17.63 17.82 16.94 17.41 16.50 17.05 16.35 17.07 17.42 17.99 20.06 22.27 23.02 21.90 22.31 22.12 21.12 19.32 21.00 21.55 20.87 19.85 21.54 23.21 23.22 23.53 
19.05 18.91 17.39 16.89 16.27 16.91 16.36 14.91 14.66 12.08 13.01 11.67 11.61 9.47 7.04 6.19 0.00 6.42 7.32 10.78 12.97 15.40 17.59 19.18 17.81 16.41 13.14 11.64 9.20 10.34 9.33 12.56 14.28 16.62 17.03 16.47 14.77 13.15 12.39 12.06 11.88 12.63 13.54 14.81 16.95 18.35 20.02 19.73 20.67 19.94 19.37 18.14 17.15 16.13 15.50 15.82 14.65 15.62 17.29 17.18 17.11 17.09 18.60 17.24 17.91 18.05 20.09 20.80 22.66 22.70 23.37 21.14 19.98 17.39 16.67 13.32 12.87 14.40 15.05 16.61 18.95 21.31 23.05 24.90 24.81 23.41 22.99 21.22 20.97 20.34 19.59 18.86 19.10 17.79 18.79 18.98 20.36 19.55 19.96 16.94 16.90 16.74 17.04 17.42 19.41 19.77 22.06 22.08 20.63 19.26 19.28 19.22 19.12 21.24 22.40 23.08 21.93 21.90 22.33 20.63 19.85 20.15 19.90 18.69 17.84 18.53 19.77 21.04 20.80 20.73 21.90 20.56 18.24 18.21 16.99 17.53 16.97 17.42 16.88 17.31 16.53 16.83 17.37 17.95 19.59 21.74 22.63 21.56 22.17 22.18 21.06 19.19 20.57 21.76 20.77 18.53 22.01 22.90 23.72 23.93 
19.98 19.42 18.48 18.00 17.54 17.67 17.29 16.08 15.17 12.80 14.25 13.28 13.69 11.37 11.23 8.13 6.42 0.00 6.69 7.76 10.03 13.10 14.95 15.85 13.74 12.73 11.00 8.57 6.78 8.61 9.37 12.22 14.78 16.82 17.25 17.21 15.12 13.81 12.16 12.05 11.58 11.38 12.00 12.95 15.48 16.49 17.90 17.42 18.47 17.26 16.44 15.83 15.27 14.65 14.51 15.10 14.28 15.40 16.76 17.15 17.15 16.60 17.78 17.15 17.75 18.06 19.73 20.61 22.84 22.77 23.55 21.34 20.29 17.24 17.61 14.49 14.02 14.33 15.38 16.87 18.88 20.64 22.94 24.89 24.82 22.90 22.83 21.13 21.32 20.44 19.63 18.96 19.66 18.42 19.70 19.79 21.46 20.24 21.27 17.89 18.50 17.05 18.52 18.30 20.47 19.83 22.71 22.65 21.21 19.67 20.02 19.91 20.00 21.81 22.87 23.53 22.30 22.35 22.35 20.56 20.58 20.47 20.01 18.70 18.53 19.22 20.53 21.69 21.38 21.52 22.69 21.20 18.46 18.53 17.45 17.60 16.57 17.05 16.51 17.19 15.99 16.40 17.05 17.45 19.19 21.70 22.57 21.50 21.78 21.62 20.81 19.20 20.63 21.31 21.04 19.29 21.21 23.01 23.55 24.68 
20.04 19.93 19.16 18.67 18.88 19.05 19.01 17.51 17.51 15.79 17.48 15.53 16.13 14.85 13.50 10.23 7.32 6.69 1.80 5.99 7.74 9.77 12.44 14.29 12.97 12.61 9.78 9.97 8.25 11.43 10.66 15.01 16.79 19.86 19.06 19.26 17.14 16.08 13.95 13.27 12.11 12.10 11.60 12.46 14.37 15.69 17.06 17.02 17.74 16.67 16.41 16.04 15.25 14.72 14.81 15.76 15.21 15.89 17.21 17.48 18.48 17.60 18.14 17.35 18.57 18.64 20.44 21.12 23.68 23.54 24.20 21.92 20.20 17.95 18.21 15.95 14.98 15.40 15.96 17.15 19.36 20.98 23.15 25.23 25.51 23.90 23.35 21.78 21.99 21.23 20.25 20.00 20.40 19.56 20.38 20.94 22.32 21.71 21.76 19.37 19.06 18.50 19.27 19.53 20.96 20.86 23.54 23.79 22.33 20.92 21.09 21.22 20.88 22.68 23.58 24.02 22.87 23.09 23.27 21.77 21.59 21.94 21.07 20.35 19.67 20.69 21.59 22.90 22.70 22.71 23.95 22.26 19.39 19.22 18.05 17.91 16.60 17.00 16.41 17.16 16.41 16.67 16.85 17.90 19.56 21.66 22.53 21.65 22.46 21.89 21.00 19.29 20.66 21.75 20.54 18.87 22.09 23.35 24.16 23.83 
20.46 20.46 19.77 18.95 19.14 19.62 19.50 18.70 17.86 16.82 18.86 17.38 18.14 17.44 16.42 12.29 10.78 7.76 5.99 1.31 6.60 7.42 10.37 11.61 10.70 9.77 9.13 8.86 8.90 10.99 12.13 15.95 18.69 20.75 20.78 19.73 18.07 17.00 15.22 13.84 12.08 11.24 10.84 10.92 12.84 13.38 14.67 14.78 15.67 15.37 14.44 14.95 14.59 14.25 14.45 15.72 15.21 16.30 17.64 18.07 18.62 18.37 18.74 17.36 18.12 18.25 20.04 20.63 22.39 22.62 23.59 21.14 19.56 17.13 17.46 15.31 15.02 15.27 15.20 16.18 18.51 20.37 21.58 24.28 24.98 23.04 22.16 20.68 21.64 20.91 20.13 19.53 20.01 19.05 20.15 20.57 21.99 21.49 22.07 19.35 19.58 19.20 20.00 20.16 21.81 22.06 24.49 24.51 22.96 21.77 21.93 21.83 21.33 23.13 23.88 24.18 22.97 23.38 23.64 21.84 21.98 22.28 22.04 20.59 20.26 21.42 22.23 22.94 23.05 23.42 24.31 22.70 20.06 20.00 19.02 18.59 17.64 17.99 17.59 17.96 17.44 17.69 17.89 18.38 20.30 22.40 23.13 22.29 23.00 22.77 21.54 19.99 21.60 22.14 21.39 20.38 22.23 24.22 24.19 24.96 
22.08 22.27 21.41 20.50 20.99 21.80 22.42 20.84 21.14 19.61 21.84 20.70 21.46 19.73 19.28 16.09 12.97 10.03 7.74 6.60 2.59 6.09 8.28 10.66 10.28 10.22 9.67 10.97 11.04 14.07 15.06 20.00 21.98 24.82 23.89 24.08 22.13 21.06 18.76 18.01 15.72 14.62 12.81 12.51 12.91 13.29 13.43 13.42 15.20 14.69 14.00 14.28 15.16 15.30 15.40 17.27 17.32 19.08 20.67 20.85 21.22 20.78 21.02 19.07 19.85 19.43 21.03 20.95 22.73 22.68 23.70 21.86 20.51 18.52 18.69 16.37 16.20 16.68 16.09 16.93 18.93 20.42 22.34 24.88 25.78 24.00 23.41 22.00 22.75 22.37 21.54 20.67 20.95 20.04 21.50 21.57 22.55 22.64 23.71 21.40 21.14 21.02 21.87 22.28 24.19 24.47 26.59 26.60 24.98 23.93 24.11 23.82 23.55 24.87 25.78 25.95 24.64 24.99 25.62 24.03 23.79 24.24 24.31 22.81 22.17 23.20 24.45 25.35 25.56 25.77 26.78 25.20 22.60 22.81 21.67 21.74 20.62 21.15 20.62 20.66 19.62 20.12 20.80 20.79 22.58 24.31 25.54 24.45 25.33 25.49 24.00 22.16 23.55 24.40 23.29 22.26 24.92 25.83 26.76 26.97 
22.98 22.86 22.33 21.54 22.54 23.08 23.19 22.44 22.74 21.43 23.51 22.77 23.53 23.20 21.72 18.37 15.40 13.10 9.77 7.42 6.09 1.23 5.33 7.55 8.70 9.24 9.40 10.00 11.65 14.98 16.36 20.21 23.83 25.62 25.44 25.44 23.22 21.85 19.67 19.27 17.34 14.48 12.56 12.47 13.26 12.33 13.14 12.84 14.60 13.88 13.75 14.59 15.52 16.44 17.09 18.54 18.27 20.24 21.44 21.63 21.57 21.06 21.64 19.70 20.08 19.93 21.30 21.25 22.86 23.05 23.89 21.47 21.05 19.20 19.95 17.70 18.24 18.70 18.10 18.14 19.97 21.19 23.37 25.49 26.42 24.39 24.42 22.29 23.79 23.25 22.42 21.50 21.94 21.19 22.31 22.27 23.87 23.59 24.76 22.42 22.55 22.15 22.80 22.87 24.39 24.79 27.18 27.06 25.24 24.45 25.07 24.80 24.29 25.97 26.81 27.40 26.01 26.21 26.59 25.33 25.16 25.48 25.22 24.24 23.47 24.61 26.12 27.16 26.78 27.07 28.35 26.72 23.93 23.96 22.98 22.68 21.35 21.71 20.94 21.43 20.19 20.89 21.45 21.67 23.00 25.26 26.22 25.17 25.66 25.91 24.41 22.71 24.09 24.64 23.72 23.12 24.59 26.05 26.37 26.67 
24.88 25.38 24.79 24.09 24.94 25.74 26.13 25.09 25.42 24.09 26.28 25.06 25.59 25.15 24.31 20.62 17.59 14.95 12.44 10.37 8.28 5.33 2.49 6.37 8.27 9.80 10.97 12.86 14.86 17.40 19.04 22.85 26.04 27.66 27.87 28.01 26.43 24.81 22.55 22.18 20.27 17.98 15.92 14.91 15.08 13.96 14.64 13.80 15.50 14.41 15.52 16.42 17.88 18.23 19.67 20.30 20.78 22.13 23.54 23.63 23.19 22.91 23.63 21.82 22.59 21.89 23.52 23.07 24.82 24.87 25.92 23.95 23.19 22.06 22.36 20.48 20.70 21.37 20.62 20.76 22.57 24.01 25.34 27.15 28.16 27.29 26.48 24.65 25.79 25.39 24.43 23.84 24.86 23.81 24.71 24.63 26.54 26.05 26.37 24.64 24.91 24.17 24.54 24.64 26.08 26.07 28.18 28.39 26.68 26.15 26.64 26.43 26.15 27.84 28.82 29.58 28.46 28.55 28.74 27.33 27.63 27.57 27.35 26.35 25.96 26.42 27.78 28.91 29.16 28.96 30.09 28.53 25.86 25.95 24.57 24.36 23.16 23.43 22.47 23.42 22.66 23.02 23.15 23.48 25.10 26.70 27.78 26.73 27.31 27.08 26.01 23.73 25.22 26.00 24.29 23.25 26.63 26.82 27.68 26.24 
25.40 25.93 25.69 24.64 25.40 26.42 26.66 25.71 25.22 24.29 26.78 25.32 26.35 25.89 24.72 21.45 19.18 15.85 14.29 11.61 10.66 7.55 6.37 0.00 6.14 7.50 9.49 12.01 14.69 17.25 19.69 23.69 27.36 29.20 28.84 28.31 26.62 25.02 22.77 22.25 19.66 18.05 15.58 14.57 14.47 13.29 13.29 11.76 13.18 13.36 13.34 14.96 16.89 17.89 18.83 19.99 20.36 22.26 23.34 22.95 22.62 22.91 23.46 20.34 22.28 21.30 23.45 22.57 24.38 24.14 25.76 23.31 22.70 21.52 22.57 20.18 20.72 21.15 20.59 20.57 22.16 23.62 24.51 26.54 27.76 26.30 26.12 24.70 25.70 25.56 24.73 24.38 24.69 23.94 24.98 24.88 26.53 25.73 26.42 24.74 24.78 24.31 24.96 25.23 26.54 26.46 28.40 28.79 27.22 26.19 26.77 26.70 26.19 27.89 28.79 29.67 28.44 28.52 28.60 27.33 27.57 27.42 27.12 26.30 26.03 26.76 27.66 28.68 28.84 28.77 29.80 28.45 25.87 26.02 25.09 24.76 23.41 23.81 23.24 23.88 23.17 23.56 23.69 23.76 25.30 27.52 28.45 27.13 27.25 27.69 26.23 24.44 25.54 26.05 24.96 24.42 25.93 26.81 27.38 26.86 
25.51 26.41 25.99 24.81 25.30 26.59 26.92 25.27 24.86 23.62 25.87 24.79 25.18 23.60 23.15 19.84 17.81 13.74 12.97 10.70 10.28 8.70 8.27 6.14 0.40 5.79 7.14 10.57 13.20 16.67 19.10 23.38 26.86 28.97 28.03 28.12 25.93 24.92 22.27 21.42 18.87 16.82 14.87 13.60 13.51 12.57 13.06 11.05 13.42 12.78 12.92 14.73 16.78 16.79 18.30 19.24 20.49 21.78 23.00 22.60 23.09 22.96 22.81 20.34 21.18 20.84 21.99 21.60 23.13 23.68 24.81 22.93 22.16 21.57 21.97 20.27 20.02 21.14 20.70 20.76 21.91 23.16 23.62 26.50 27.17 25.93 25.37 24.49 25.53 25.19 24.42 23.95 24.51 23.37 24.57 24.51 25.88 25.37 26.00 24.21 24.24 23.85 24.47 24.91 26.46 26.61 28.20 28.58 27.04 25.89 26.04 26.24 25.66 27.38 28.32 29.08 27.75 27.81 27.96 26.54 26.51 26.82 26.90 25.72 25.36 26.46 27.38 28.50 28.36 28.59 29.49 28.08 25.44 25.93 24.77 24.80 23.65 24.20 23.43 23.92 22.90 23.78 23.92 23.97 25.42 27.74 28.64 27.48 28.06 28.33 26.91 24.91 26.26 26.87 25.40 24.93 27.32 27.26 28.26 27.70 
23.92 24.43 24.26 23.20 23.61 24.41 24.52 23.14 23.08 21.62 23.80 22.60 23.97 22.90 22.08 18.13 16.41 12.73 12.61 9.77 10.22 9.24 9.80 7.50 5.79 0.00 5.69 7.03 10.72 13.49 16.18 20.02 24.14 25.79 25.66 25.44 23.59 21.55 18.94 19.01 15.51 13.36 11.46 11.02 11.25 10.75 11.23 10.54 12.79 13.11 13.16 13.54 15.08 15.07 15.69 16.88 17.98 19.37 20.51 20.70 20.40 19.82 20.45 18.04 19.11 17.85 20.42 19.84 21.85 22.46 23.91 21.46 20.93 19.84 20.53 18.60 18.79 19.54 19.20 19.05 20.01 20.92 22.76 24.39 25.42 23.73 23.59 22.21 23.63 23.10 22.46 21.94 22.78 21.32 22.76 22.38 24.65 23.76 24.68 22.52 22.60 21.78 22.52 22.57 24.09 24.33 26.21 26.06 24.61 23.67 24.29 23.95 23.82 25.62 26.50 27.25 26.01 26.01 26.20 24.81 24.85 25.01 25.19 24.24 23.71 24.83 26.31 27.30 27.06 27.36 28.41 26.73 24.36 24.35 22.93 22.81 21.78 22.25 21.06 21.73 20.57 21.13 21.67 21.99 23.59 25.98 26.86 25.54 25.88 26.29 24.82 22.73 24.47 24.84 23.93 23.24 24.51 25.88 26.49 26.42 
21.85 22.62 22.33 21.32 21.09 21.57 21.81 20.34 19.99 18.56 21.00 19.97 20.49 19.68 19.10 15.29 13.14 11.00 9.78 9.13 9.67 9.40 10.97 9.49 7.14 5.69 0.00 6.20 8.46 10.89 13.06 17.00 20.67 22.15 22.54 22.64 20.77 18.52 16.75 15.58 13.44 10.96 10.15 9.48 10.12 9.21 11.61 10.70 13.71 13.40 14.06 14.38 14.92 14.16 14.14 15.45 16.03 16.76 18.74 18.22 17.65 17.10 18.26 16.87 16.95 16.44 19.82 20.24 22.03 22.58 23.69 21.49 20.57 19.16 19.02 17.26 17.31 17.99 16.91 16.81 18.39 19.79 20.48 22.21 23.15 22.35 21.69 20.28 21.50 21.20 20.54 19.89 20.94 20.22 20.95 21.04 23.02 22.68 23.04 21.21 21.15 20.56 20.90 20.94 21.99 22.28 23.99 23.75 22.10 21.59 22.09 21.78 21.34 23.48 24.48 25.15 23.99 24.30 24.50 23.39 23.38 23.42 23.66 22.62 22.11 23.02 24.25 25.53 25.64 25.78 26.94 25.56 22.95 22.72 21.22 20.92 20.26 20.12 19.05 19.86 19.18 19.17 19.35 19.84 21.87 23.77 24.77 23.77 24.21 24.67 23.19 21.37 22.61 23.72 21.78 21.54 23.47 24.72 25.09 24.77 
21.40 22.02 21.30 20.77 20.13 20.88 20.62 19.21 18.44 17.85 19.61 18.08 18.77 17.52 16.69 13.04 11.64 8.57 9.97 8.86 10.97 10.00 12.86 12.01 10.57 7.03 6.20 0.00 6.25 7.09 10.81 13.50 17.61 19.44 19.88 19.87 17.56 15.42 13.37 13.47 11.22 10.62 9.40 9.14 10.36 11.84 12.69 11.90 15.27 15.24 15.28 13.99 15.15 14.38 14.48 14.87 15.65 16.33 17.45 17.12 16.95 16.63 17.50 15.66 16.95 16.47 19.81 20.11 22.79 23.06 23.86 21.56 20.41 18.81 18.71 16.62 16.37 16.70 15.66 15.41 17.36 18.31 19.11 21.02 22.53 20.57 20.35 18.92 20.27 19.96 20.08 19.29 20.50 19.53 21.36 21.04 23.12 22.01 22.74 20.60 20.82 19.73 20.24 20.37 21.71 21.59 23.18 23.09 21.66 20.21 20.72 20.56 20.42 22.25 23.21 23.77 22.85 22.73 23.16 21.80 22.16 21.71 21.79 21.13 21.00 21.58 22.77 23.93 24.49 24.41 25.18 24.00 21.52 21.27 20.06 19.71 18.68 19.00 17.78 18.60 17.25 17.74 18.04 18.09 20.10 22.43 23.66 22.43 23.03 23.04 22.20 20.02 21.70 22.49 21.01 20.48 21.89 24.04 23.86 24.48 
21.28 21.48 20.29 19.64 19.80 19.55 19.51 17.36 17.39 15.46 17.56 15.59 15.89 12.92 13.20 10.02 9.20 6.78 8.25 8.90 11.04 11.65 14.86 14.69 13.20 10.72 8.46 6.25 0.00 5.43 6.78 10.79 14.14 15.91 16.32 15.26 14.25 11.10 10.03 9.41 8.79 8.11 8.98 9.49 11.25 13.04 14.96 15.02 17.98 17.78 17.58 16.61 16.17 15.61 14.81 15.22 15.38 15.96 17.14 16.16 16.42 16.15 16.31 15.39 16.80 17.74 20.37 21.12 23.72 24.26 25.06 23.05 21.52 19.52 19.72 17.00 16.15 15.86 15.35 15.75 17.06 17.91 18.68 21.42 21.70 20.04 19.32 18.62 19.54 19.26 18.95 19.07 19.95 19.52 20.80 21.54 23.01 22.28 22.34 20.62 20.55 19.63 19.87 20.16 21.12 20.86 22.29 22.27 20.74 19.27 19.33 19.65 19.74 21.30 22.17 22.85 22.24 22.38 22.51 21.21 21.73 21.42 21.35 20.38 20.23 21.19 22.13 23.56 24.04 23.89 24.50 22.92 20.61 20.52 19.50 19.09 17.88 17.81 17.29 17.65 16.42 16.89 17.55 17.65 19.29 21.62 23.10 22.04 22.81 23.14 21.90 20.50 21.64 22.04 21.04 20.22 22.08 23.38 24.32 25.11 
21.06 21.00 20.17 19.43 18.93 18.75 18.35 16.62 16.77 14.87 16.36 14.71 14.68 12.82 12.79 10.09 10.34 8.61 11.43 10.99 14.07 14.98 17.40 17.25 16.67 13.49 10.89 7.09 5.43 0.00 6.10 7.21 11.55 13.94 14.37 14.54 12.10 11.61 9.20 10.40 9.97 10.62 11.20 13.30 13.40 15.72 18.44 18.15 20.16 19.65 20.28 19.20 18.45 16.60 15.96 15.21 14.90 15.31 15.99 16.19 16.12 16.13 17.31 16.65 18.30 19.17 23.15 23.95 25.92 26.27 27.28 25.29 23.68 21.36 20.80 18.23 16.64 16.16 15.15 15.26 16.78 18.30 19.25 21.16 21.51 20.52 19.95 17.92 18.98 18.97 19.14 18.88 20.53 20.18 21.88 21.88 23.72 23.41 23.46 21.08 20.81 20.04 20.35 20.07 20.95 20.87 22.48 21.97 20.33 19.34 19.44 19.08 19.19 21.32 22.00 22.54 21.89 22.26 22.31 21.04 21.63 21.47 21.63 20.74 20.38 21.29 22.83 23.87 24.08 24.34 25.03 23.46 21.05 20.99 19.71 19.38 17.82 18.01 17.04 17.73 16.38 16.75 17.32 17.75 19.25 21.95 22.74 21.77 22.52 22.83 22.07 20.14 21.64 22.02 21.73 20.99 21.80 23.27 24.53 25.19 
20.79 20.78 19.49 18.50 18.32 17.78 17.31 15.48 16.40 13.65 15.04 12.18 12.75 11.07 11.59 8.82 9.33 9.37 10.66 12.13 15.06 16.36 19.04 19.69 19.10 16.18 13.06 10.81 6.78 6.10 1.24 6.45 8.37 11.32 11.89 11.77 10.48 9.08 8.33 8.80 10.46 11.58 13.13 14.39 16.25 18.39 20.60 20.95 23.25 23.02 22.68 22.04 20.11 18.53 16.54 15.88 14.71 15.00 15.87 15.91 15.74 16.32 18.56 18.29 19.76 21.51 26.09 26.77 28.16 28.49 29.64 27.70 26.20 23.27 21.94 18.97 17.50 16.36 14.57 14.39 16.16 17.42 18.87 20.60 20.87 19.78 19.35 17.80 18.72 19.21 19.74 19.86 21.19 21.76 23.56 23.41 24.81 24.60 25.07 22.48 21.55 20.65 20.70 20.37 21.17 21.08 22.69 21.90 20.30 19.20 19.46 18.78 18.73 20.49 21.65 21.82 21.24 21.69 22.32 21.15 21.54 21.30 21.78 20.78 20.30 21.05 22.48 23.56 23.78 24.04 25.17 23.57 21.32 21.03 19.91 19.35 18.22 17.69 17.29 17.92 16.82 17.21 17.44 17.82 20.05 21.56 22.58 21.52 22.47 22.88 21.67 19.72 21.28 21.82 20.71 20.29 22.43 23.13 24.09 23.87 
21.40 20.90 19.48 19.09 18.53 18.31 17.91 15.40 16.46 13.96 14.91 11.76 12.90 11.86 12.34 10.48 12.56 12.22 15.01 15.95 20.00 20.21 22.85 23.69 23.38 20.02 17.00 13.50 10.79 7.21 6.45 1.50 6.13 8.31 10.29 10.94 9.72 8.21 9.66 10.85 11.95 14.22 16.33 17.69 19.21 21.64 23.79 23.59 25.71 26.11 26.13 24.77 23.14 21.63 19.33 18.39 16.68 16.56 17.21 17.15 17.11 18.31 20.54 20.03 22.51 24.28 28.04 28.48 30.42 30.90 31.71 29.92 28.46 25.79 23.90 20.94 18.97 17.37 14.85 15.00 16.57 17.70 18.39 21.04 21.72 19.88 19.47 18.47 19.31 19.69 20.75 21.04 22.57 23.17 25.27 25.26 26.76 26.06 26.17 23.68 22.85 21.98 21.97 21.71 22.47 22.50 23.81 23.49 21.63 20.25 20.15 19.95 19.55 21.26 21.73 22.51 21.73 22.49 22.60 21.68 22.55 22.46 22.30 21.33 21.00 22.18 23.14 24.37 24.81 25.11 25.93 24.62 22.17 22.05 20.61 20.41 18.44 18.34 17.85 18.45 16.56 17.40 18.14 18.31 19.79 21.88 23.03 22.38 22.60 22.99 22.31 20.21 21.87 22.92 21.64 20.86 22.10 23.96 24.06 24.63 
21.90 21.68 19.87 18.94 19.12 18.81 17.65 15.31 15.42 13.54 14.40 10.81 12.80 12.43 13.18 11.55 14.28 14.78 16.79 18.69 21.98 23.83 26.04 27.36 26.86 24.14 20.67 17.61 14.14 11.55 8.37 6.13 2.49 5.88 6.93 8.73 9.71 9.23 9.77 11.23 13.06 15.24 17.28 19.32 20.75 23.90 26.47 26.66 28.68 28.49 28.97 27.31 25.40 23.35 21.49 20.02 17.91 18.11 18.40 18.17 18.36 19.52 22.02 22.19 25.06 26.33 29.81 30.46 33.05 33.07 33.91 32.13 30.83 28.03 26.49 23.00 20.50 18.76 16.67 16.70 17.80 18.24 18.23 20.82 21.82 19.98 19.74 18.42 20.27 20.44 20.94 21.74 24.16 24.23 26.31 26.49 28.51 27.66 27.75 25.29 24.47 23.24 23.23 22.91 23.77 23.60 25.04 24.65 23.07 21.52 21.25 21.00 20.92 22.41 22.78 23.13 23.23 23.72 23.87 22.93 23.97 23.75 23.33 22.23 22.22 23.20 24.32 25.71 26.55 26.70 27.26 25.79 23.67 23.49 22.25 21.73 19.87 19.60 19.43 19.83 18.08 18.91 20.25 20.23 21.15 23.07 24.79 23.53 24.18 24.15 23.59 21.64 22.77 23.25 22.95 21.37 23.74 24.33 25.93 25.57 
22.07 21.59 20.68 20.06 19.96 19.16 19.31 15.54 16.88 13.90 15.10 12.39 13.53 13.24 14.76 14.56 16.62 16.82 19.86 20.75 24.82 25.62 27.66 29.20 28.97 25.79 22.15 19.44 15.91 13.94 11.32 8.31 5.88 0.00 5.52 8.40 8.91 10.72 11.66 13.84 14.97 18.55 20.63 22.39 23.14 25.18 27.87 27.69 29.81 29.20 29.93 28.63 26.18 24.22 22.15 21.16 18.62 18.37 18.90 18.72 19.27 20.65 23.85 23.73 25.88 26.83 30.86 31.42 33.87 33.96 35.28 33.47 31.98 29.07 27.70 24.39 21.46 19.80 17.04 16.82 17.25 17.67 18.03 19.88 21.13 19.44 19.93 18.54 20.13 20.90 21.96 22.34 24.86 25.07 27.44 27.09 28.90 28.13 28.70 25.88 25.29 24.08 24.22 23.58 24.23 23.96 25.36 24.88 23.28 22.03 22.01 21.10 21.01 22.94 23.41 23.60 23.59 24.03 24.60 23.11 24.11 23.64 23.93 22.82 22.21 23.30 24.92 26.02 26.58 26.67 27.59 26.36 24.00 24.04 22.42 22.32 20.17 19.78 19.20 19.89 18.50 19.51 20.63 20.60 21.98 24.04 24.86 23.74 24.19 23.92 23.30 21.53 22.73 22.93 23.03 22.12 23.31 24.39 25.61 25.92 
21.55 21.70 20.13 19.08 18.99 18.95 17.24 13.84 15.43 13.35 13.80 11.16 13.24 13.04 15.02 14.16 17.03 17.25 19.06 20.78 23.89 25.44 27.87 28.84 28.03 25.66 22.54 19.88 16.32 14.37 11.89 10.29 6.93 5.52 0.00 6.10 6.80 9.99 11.38 13.18 14.90 18.07 20.71 22.60 23.74 26.51 27.86 28.07 29.80 29.77 29.72 28.12 25.75 23.70 22.11 20.78 18.46 18.12 18.63 18.77 18.92 21.09 23.69 23.69 25.40 27.08 31.69 31.97 34.02 34.51 36.00 33.94 31.77 29.26 27.76 24.19 21.37 20.28 17.20 16.64 16.77 17.15 16.69 19.13 20.07 18.53 19.35 18.31 20.42 21.11 22.46 22.91 25.13 25.26 27.58 27.35 29.03 28.63 28.76 26.30 25.47 24.30 24.00 23.56 24.15 23.87 24.67 24.29 22.50 21.77 22.00 20.95 20.37 22.20 23.00 23.61 23.16 23.58 24.04 22.97 23.11 22.97 23.34 22.35 21.26 22.20 24.01 25.46 25.44 25.68 26.81 25.74 23.37 23.40 21.84 21.63 20.23 19.52 19.02 19.86 18.49 19.63 20.17 20.62 22.15 23.42 24.23 23.63 24.32 23.87 22.82 20.99 22.61 22.75 22.27 21.15 24.27 24.18 25.35 24.54 
21.63 21.19 20.48 19.39 19.11 18.50 18.67 13.61 16.09 13.13 13.85 10.76 13.35 12.82 14.17 13.40 16.47 17.21 19.26 19.73 24.08 25.44 28.01 28.31 28.12 25.44 22.64 19.87 15.26 14.54 11.77 10.94 8.73 8.40 6.10 0.00 6.53 8.19 10.35 12.12 14.44 18.05 20.17 22.66 23.05 25.75 27.39 27.73 28.95 28.93 28.73 27.38 24.36 23.36 20.47 20.41 17.71 17.29 18.05 18.71 19.33 20.46 23.26 23.04 25.04 26.79 30.94 31.56 33.58 34.09 35.45 33.06 31.11 28.40 26.69 23.55 20.80 19.71 16.72 15.58 16.25 16.46 16.14 18.00 19.07 17.70 18.20 17.45 19.60 20.40 21.71 22.65 24.82 25.05 27.25 27.53 29.23 28.67 28.49 26.19 25.10 23.92 23.76 23.10 23.91 23.50 24.84 24.13 22.42 21.05 21.51 20.59 20.48 22.08 23.07 23.66 23.33 23.40 23.94 22.66 23.64 23.16 23.21 21.72 21.03 22.12 23.88 24.75 24.99 25.05 26.33 25.10 22.76 22.42 21.39 20.82 19.05 18.62 18.44 18.93 18.00 18.66 19.97 20.29 21.82 23.41 24.65 23.77 23.72 23.65 23.00 20.86 22.42 23.37 22.52 21.63 23.16 24.61 24.84 24.85 
20.56 20.25 18.65 17.79 17.38 17.48 15.74 13.49 14.48 12.54 13.19 10.61 12.34 12.26 13.34 12.11 14.77 15.12 17.14 18.07 22.13 23.22 26.43 26.62 25.93 23.59 20.77 17.56 14.25 12.10 10.48 9.72 9.71 8.91 6.80 6.53 0.00 5.78 6.06 9.61 11.93 14.34 16.55 19.08 21.15 23.20 24.87 25.76 27.56 27.66 27.40 25.28 23.04 21.13 19.89 17.72 16.71 15.47 16.63 17.30 17.85 18.92 21.00 21.60 23.92 25.40 29.03 30.14 32.69 32.79 33.60 31.28 29.01 26.07 24.58 21.25 18.87 17.13 14.06 13.39 14.29 14.21 14.51 15.94 16.93 15.65 16.09 14.95 17.91 19.01 19.95 20.76 23.16 23.68 25.94 26.43 27.85 27.35 27.10 24.75 23.31 22.21 22.11 21.77 22.30 21.99 23.24 23.13 21.04 20.21 19.93 19.90 19.34 21.69 22.29 23.28 22.27 22.93 22.72 22.19 23.03 22.76 21.99 20.84 20.55 21.33 22.50 23.82 24.28 24.46 25.08 23.61 21.37 21.27 19.58 18.98 17.60 16.93 17.10 17.36 16.27 17.77 18.73 19.00 21.10 22.76 24.31 23.36 23.62 23.16 22.36 20.72 21.69 22.32 22.30 21.35 23.35 23.95 25.43 25.02 
19.49 19.06 18.13 17.46 16.68 16.42 15.89 12.55 13.85 11.53 12.79 10.51 11.99 11.58 13.18 12.11 13.15 13.81 16.08 17.00 21.06 21.85 24.81 25.02 24.92 21.55 18.52 15.42 11.10 11.61 9.08 8.21 9.23 10.72 9.99 8.19 5.78 0.00 5.96 7.95 10.14 12.76 15.16 17.75 17.79 21.41 23.43 23.25 25.10 25.41 25.22 23.13 20.53 19.22 17.13 15.26 13.52 13.66 14.26 15.34 15.77 16.73 18.87 19.47 21.06 22.23 25.82 27.52 29.72 30.05 31.00 28.83 26.64 23.49 22.26 18.72 16.46 14.02 11.51 10.90 12.22 11.87 13.00 15.14 15.42 13.43 14.19 13.87 15.54 16.46 17.64 19.04 20.65 21.50 23.49 24.03 25.09 24.87 24.70 22.31 20.54 19.69 19.76 19.03 20.13 19.70 21.36 20.88 19.07 18.01 18.25 17.69 17.47 19.73 20.99 21.61 21.29 21.62 22.06 20.80 21.57 21.15 20.90 19.72 18.94 19.95 21.22 22.09 22.57 22.60 23.19 21.74 19.59 19.21 17.19 17.07 15.06 14.58 14.33 14.96 13.11 14.89 16.28 16.35 18.47 20.86 21.88 20.71 21.47 20.71 20.63 18.38 20.25 20.84 20.84 19.87 20.85 22.42 23.50 23.93 
19.10 18.93 17.68 17.18 16.69 16.30 14.64 12.21 12.89 11.39 12.76 10.71 12.75 11.57 12.68 11.41 12.39 12.16 13.95 15.22 18.76 19.67 22.55 22.77 22.27 18.94 16.75 13.37 10.03 9.20 8.33 9.66 9.77 11.66 11.38 10.35 6.06 5.96 0.00 6.00 7.46 10.78 13.05 15.25 16.39 18.93 20.96 21.09 22.76 23.74 23.86 21.77 19.83 17.88 16.99 15.05 14.12 12.73 14.59 15.06 15.10 16.06 17.17 17.42 19.24 21.03 23.78 25.31 27.74 28.23 28.86 26.42 24.15 21.59 20.80 17.26 14.24 13.70 10.87 10.76 11.96 12.46 13.53 15.48 16.03 13.95 14.23 13.39 15.16 15.27 16.41 16.84 18.42 19.33 21.12 21.45 22.83 22.98 22.72 20.12 19.14 18.57 18.36 18.07 18.69 18.79 20.25 20.03 18.13 17.57 17.78 17.40 16.89 19.51 20.82 22.10 21.52 22.20 22.70 21.28 21.59 21.41 21.31 19.74 18.88 19.60 21.29 22.23 22.32 22.17 23.12 21.26 19.20 19.02 17.13 16.56 16.00 15.07 15.07 14.74 13.78 15.03 16.19 16.09 18.65 20.23 21.53 20.46 21.38 20.70 19.82 18.05 19.76 20.76 19.82 18.48 21.67 22.47 22.97 22.50 
18.77 18.49 17.49 17.29 16.21 16.67 15.26 12.56 14.24 12.37 12.46 11.09 12.99 12.99 12.95 10.45 12.06 12.05 13.27 13.84 18.01 19.27 22.18 22.25 21.42 19.01 15.58 13.47 9.41 10.40 8.80 10.85 11.23 13.84 13.18 12.12 9.61 7.95 6.00 0.00 6.16 7.51 10.58 12.91 14.13 16.73 18.35 18.78 20.57 20.83 21.27 20.13 17.65 16.37 13.97 14.10 11.96 11.86 12.36 14.28 13.88 14.80 15.20 15.43 16.90 19.25 20.86 22.47 24.76 25.37 26.04 24.01 22.07 19.15 18.07 14.92 12.31 11.63 10.29 9.61 11.46 13.19 14.01 16.42 16.59 15.17 14.81 13.24 14.40 14.49 15.13 15.60 17.11 17.74 19.55 20.05 21.56 21.03 20.98 18.57 17.60 16.60 17.34 16.92 17.85 18.08 20.09 19.92 17.89 17.21 17.76 17.73 17.38 19.87 21.20 22.69 22.07 22.23 22.76 21.43 21.87 21.63 21.35 19.99 19.35 20.17 21.18 22.24 22.25 21.94 22.71 21.22 18.85 18.63 17.23 17.22 16.02 15.88 14.81 14.94 13.65 14.62 15.25 15.82 17.76 19.68 20.76 19.58 19.76 19.73 19.64 17.70 19.89 21.05 20.34 19.01 20.86 23.03 22.88 23.64 
18.07 18.09 17.08 17.20 16.63 16.67 15.65 14.69 14.17 12.54 13.69 12.57 14.53 13.69 13.41 11.15 11.88 11.58 12.11 12.08 15.72 17.34 20.27 19.66 18.87 15.51 13.44 11.22 8.79 9.97 10.46 11.95 13.06 14.97 14.90 14.44 11.93 10.14 7.46 6.16 0.80 5.95 6.67 9.80 12.18 14.08 16.40 16.52 19.16 19.04 19.86 18.13 16.73 15.24 13.84 13.02 12.76 11.48 13.24 13.68 14.09 13.90 14.49 13.99 16.22 16.52 19.08 20.37 22.52 22.43 23.32 21.29 19.04 15.86 15.04 12.65 11.32 11.27 10.31 10.80 12.94 14.03 15.83 18.22 18.71 16.67 15.82 14.31 14.85 14.95 14.94 14.76 15.75 16.40 18.09 18.57 20.15 19.12 18.32 16.10 15.66 15.08 15.60 15.99 17.22 17.65 19.78 19.83 18.31 17.40 17.74 18.34 17.96 20.72 21.81 23.18 22.74 22.94 23.04 21.96 22.62 22.38 21.78 20.65 20.49 21.08 21.67 22.47 22.65 22.64 22.91 21.18 19.02 19.38 17.29 17.49 16.68 16.37 15.33 14.84 13.18 14.28 14.83 15.30 17.55 19.40 20.90 19.78 20.46 20.24 20.03 18.41 20.15 21.41 20.80 18.62 21.91 22.93 24.21 24.25 
