0.00 4.86 6.60 8.39 11.66 13.98 17.12 18.54 20.77 22.34 26.43 28.77 31.02 33.15 33.62 30.49 26.16 25.06 23.66 21.47 20.16 18.96 19.48 18.99 20.38 19.61 20.71 20.88 20.42 18.77 18.33 18.56 18.98 19.32 19.40 20.12 20.67 20.50 21.56 22.17 22.05 20.23 21.08 20.23 20.22 19.66 18.49 19.01 20.85 20.52 19.94 21.10 22.38 21.93 22.75 23.58 24.69 24.50 25.54 25.63 25.48 25.28 25.21 25.34 24.92 25.05 26.11 25.41 23.98 24.10 23.97 23.84 23.09 23.52 23.34 24.08 23.87 24.49 23.90 21.64 20.25 18.78 18.20 17.73 19.35 19.54 20.64 22.10 23.69 25.54 26.89 28.58 30.09 30.41 29.99 27.85 25.44 24.67 23.74 22.98 22.55 20.85 20.35 21.77 22.08 21.42 20.86 21.63 21.30 23.02 23.21 25.42 24.36 23.73 24.94 26.55 25.29 24.94 26.56 26.15 26.26 25.56 25.02 24.82 25.02 23.78 24.01 24.57 22.78 21.77 23.71 23.80 22.30 20.87 24.20 23.37 31.97 
4.86 0.00 4.88 6.00 9.56 11.47 14.42 16.69 18.24 20.84 23.40 26.78 29.73 32.10 33.44 29.65 23.67 23.19 21.69 18.89 16.73 16.14 16.09 15.79 16.83 16.85 18.14 18.13 17.21 15.24 14.48 14.92 14.45 15.09 15.59 16.11 17.14 16.91 18.90 19.79 19.35 17.39 18.47 16.94 16.76 16.58 15.23 15.47 17.47 17.45 17.22 17.79 19.94 19.02 20.16 20.99 22.12 21.59 22.69 22.95 23.00 22.53 22.45 23.12 21.98 22.37 23.47 22.86 21.03 21.30 21.60 21.40 20.05 21.19 21.27 22.39 21.85 23.04 22.38 19.91 17.38 15.92 15.34 14.63 15.40 16.51 17.61 19.76 20.66 23.09 24.64 26.67 27.86 28.66 28.33 26.57 23.21 22.30 20.78 20.48 19.66 17.20 16.99 18.57 19.49 18.26 18.16 19.17 19.11 20.71 20.78 23.89 22.40 21.24 22.46 24.73 23.51 22.63 24.66 24.23 24.78 23.62 23.01 22.74 23.37 21.50 21.85 22.91 21.49 19.30 21.37 21.44 18.47 19.63 21.97 22.55 29.23 
6.60 4.88 0.00 3.01 6.99 9.49 10.42 14.43 15.30 18.28 21.65 23.67 25.38 29.70 31.99 27.27 20.42 19.95 19.59 16.32 13.89 13.45 13.71 13.30 14.96 15.12 17.69 17.55 16.15 13.18 12.32 12.37 12.33 12.38 12.97 13.39 13.93 13.88 16.53 17.14 17.11 15.30 16.33 14.46 14.16 13.99 13.34 12.36 14.53 14.26 14.70 14.66 16.73 15.68 17.31 17.82 18.77 17.79 19.41 19.53 19.66 19.51 19.71 20.32 19.38 19.40 21.20 20.63 17.98 18.95 19.52 19.47 17.39 18.99 19.52 20.94 19.72 21.66 21.70 19.29 15.51 14.20 13.52 12.87 13.09 13.61 15.25 16.89 17.22 19.76 21.60 23.85 25.20 25.93 26.67 24.73 21.44 20.67 19.34 18.54 17.22 15.28 14.84 16.14 16.19 15.45 15.87 16.58 16.04 18.97 19.09 22.22 21.00 20.04 20.57 22.73 21.92 21.19 22.95 22.52 22.89 21.78 20.73 20.56 21.19 19.34 19.84 21.32 20.18 18.49 19.70 20.48 16.48 18.63 22.01 21.86 26.54 
8.39 6.00 3.01 0.00 4.17 6.33 9.61 11.29 13.54 15.61 19.53 21.77 22.54 26.79 29.24 25.70 19.26 18.80 18.17 15.13 11.51 11.10 11.44 10.84 13.02 13.37 15.37 15.92 14.44 11.58 10.17 10.34 9.95 9.41 9.50 9.72 11.74 11.60 14.36 15.61 15.81 13.94 15.67 13.97 13.30 12.79 11.71 11.91 12.88 12.37 12.91 13.09 14.30 13.77 15.48 15.87 16.41 16.04 18.09 17.98 17.99 17.78 18.03 18.80 17.43 17.97 19.94 19.46 16.82 17.58 18.08 18.30 16.41 17.69 17.97 19.70 18.72 20.90 20.63 18.58 15.45 13.57 12.90 11.66 12.14 12.14 13.27 15.59 15.69 17.69 18.54 21.44 22.74 23.71 23.65 22.99 19.49 19.25 17.40 16.90 15.55 13.50 13.31 13.92 14.18 13.73 14.62 14.95 14.61 17.17 17.37 20.44 19.07 18.03 18.46 20.87 19.84 19.26 20.66 20.31 21.24 19.87 18.44 18.68 19.57 17.44 17.58 19.82 19.41 16.63 18.00 18.24 17.56 18.12 21.63 21.01 31.95 
11.66 9.56 6.99 4.17 0.00 5.70 7.39 11.20 12.77 16.26 19.16 22.32 24.59 27.24 28.19 24.75 20.05 18.71 16.91 14.44 12.39 11.76 11.50 11.44 14.11 14.17 16.37 16.94 16.14 13.20 11.71 12.21 11.62 11.18 10.21 11.31 13.24 12.65 14.04 15.97 16.73 14.40 15.68 14.35 14.73 13.93 12.25 12.33 14.38 13.50 13.17 14.00 15.77 14.36 16.05 17.09 18.52 17.95 19.68 20.10 19.69 19.10 18.68 19.56 18.60 19.33 21.03 20.99 18.64 19.35 18.74 19.38 18.04 19.31 18.74 20.35 19.85 22.03 21.67 19.04 17.29 14.99 13.94 12.14 12.25 11.75 12.85 14.27 15.82 17.70 18.57 21.51 22.34 23.21 22.65 20.70 18.49 17.80 17.42 17.71 17.02 14.81 14.23 15.23 14.95 14.28 14.67 14.34 14.75 17.59 16.77 20.42 18.55 17.48 18.65 20.84 19.34 18.86 20.72 20.37 21.32 20.32 18.62 18.23 18.75 16.95 17.06 18.67 17.30 15.83 18.33 19.04 17.17 17.19 20.64 21.19 24.50 
13.98 11.47 9.49 6.33 5.70 0.00 6.26 8.06 11.16 13.76 16.73 20.13 23.58 27.02 26.75 23.33 18.19 16.24 15.08 11.26 10.63 9.36 11.08 10.73 14.46 14.80 17.01 17.18 15.68 13.05 11.15 10.51 9.88 8.96 9.04 10.35 13.02 12.51 14.85 17.20 17.87 15.02 17.13 15.12 15.13 14.71 13.12 11.90 14.52 13.67 13.04 12.85 16.12 14.42 15.55 16.49 18.29 16.76 18.77 18.35 19.16 18.43 18.32 19.26 18.72 18.96 20.72 20.16 18.20 18.45 18.29 18.61 18.08 19.51 19.99 21.47 20.99 23.51 23.26 20.85 17.73 14.88 14.43 12.07 11.55 10.42 11.65 12.88 12.90 15.64 17.37 20.35 21.73 22.62 21.94 19.94 17.31 16.63 16.24 16.58 16.81 13.60 13.51 14.22 13.86 12.96 13.13 13.42 13.56 16.87 15.57 19.67 18.16 16.98 17.86 20.52 19.07 18.50 20.78 19.85 21.19 20.01 18.21 18.03 18.76 16.38 16.43 18.76 17.29 15.93 17.72 18.67 15.75 17.64 20.07 21.70 25.23 
17.12 14.42 10.42 9.61 7.39 6.26 0.00 6.39 7.53 12.18 14.10 16.87 19.99 23.07 24.68 19.21 14.59 12.80 12.47 9.31 9.50 9.44 11.60 12.39 15.94 16.05 19.14 19.24 18.22 14.82 12.91 12.59 12.10 11.24 12.22 12.38 15.03 14.38 16.93 18.81 19.18 16.47 18.17 16.31 15.79 15.52 13.34 10.98 13.97 14.16 12.10 11.26 15.17 14.77 14.30 14.87 17.02 16.42 16.99 16.66 17.67 18.08 16.96 18.62 18.18 18.50 20.37 20.03 17.83 18.27 18.00 18.70 17.23 19.67 20.28 22.67 22.24 25.30 25.62 23.52 20.43 17.44 16.33 13.80 12.54 10.97 11.60 11.41 11.35 13.14 15.81 18.04 19.63 20.81 21.03 19.62 17.66 17.69 17.24 17.82 18.63 15.72 14.35 14.54 13.91 12.18 12.08 12.07 12.93 16.18 14.98 19.00 17.95 16.49 16.91 19.82 18.79 18.17 20.43 19.94 21.37 19.86 18.11 17.63 18.44 15.98 15.62 17.70 16.95 15.67 17.12 18.71 15.94 16.28 18.74 20.19 22.90 
18.54 16.69 14.43 11.29 11.20 8.06 6.39 0.00 5.59 7.64 11.79 14.70 17.77 21.02 21.01 17.83 13.16 11.00 10.50 8.23 8.81 9.51 12.05 13.86 17.08 18.23 19.57 20.20 18.22 15.52 13.96 13.47 11.92 11.96 12.73 12.75 15.11 14.70 17.00 19.00 19.49 16.99 18.91 17.05 16.82 16.18 14.63 13.72 14.98 14.43 14.42 13.30 15.41 14.76 15.39 15.66 17.11 15.96 17.81 17.06 17.74 17.16 16.90 18.29 17.79 17.86 20.13 19.45 18.04 18.43 18.40 18.93 18.07 20.00 20.72 23.03 23.07 26.21 26.47 24.15 21.41 19.26 17.65 15.43 14.41 12.64 11.88 11.71 11.44 12.32 13.55 17.04 19.03 19.66 19.71 19.02 17.16 17.35 16.73 17.73 18.52 16.47 15.49 15.25 13.75 12.21 12.17 11.61 12.06 15.12 13.85 18.06 16.92 15.14 15.48 18.74 17.64 17.15 19.35 18.97 20.60 19.34 17.18 16.78 17.75 15.34 15.10 17.66 16.96 15.08 16.44 18.55 14.66 16.51 18.36 20.93 25.12 
20.77 18.24 15.30 13.54 12.77 11.16 7.53 5.59 0.00 5.72 6.80 11.46 14.22 16.69 16.84 14.74 11.44 9.80 8.44 8.29 9.99 11.31 13.78 15.64 18.27 19.00 21.25 21.62 19.80 16.94 15.61 15.38 13.91 13.71 14.70 14.44 15.71 14.99 17.45 19.54 20.32 18.11 19.91 18.52 17.87 17.45 15.57 14.60 15.75 15.19 14.93 14.15 15.50 14.91 15.98 15.97 17.01 16.60 18.09 18.64 18.65 18.22 17.22 18.75 18.18 19.47 21.58 21.42 19.47 20.56 19.66 20.08 18.84 21.34 21.27 24.26 24.58 28.03 27.82 25.62 22.97 20.62 19.46 17.05 16.25 13.84 12.27 11.51 11.62 11.91 12.27 15.72 17.81 18.31 18.52 19.06 17.11 18.09 17.77 19.91 19.53 17.45 17.23 16.81 14.34 12.77 12.30 11.25 11.65 14.35 13.62 17.56 15.72 14.45 15.53 18.40 17.34 17.36 19.94 19.31 21.04 20.07 18.19 17.33 18.15 15.76 15.17 17.26 16.88 15.16 16.48 18.85 15.48 16.86 19.00 21.86 21.25 
22.34 20.84 18.28 15.61 16.26 13.76 12.18 7.64 5.72 0.00 5.92 7.65 11.98 15.17 14.84 10.98 9.03 7.54 8.15 9.09 11.82 14.14 16.93 18.95 20.23 21.55 23.43 23.71 21.85 19.37 17.87 18.11 16.83 16.47 16.74 16.98 18.20 17.47 19.37 21.86 22.02 19.75 21.60 20.39 19.38 19.15 17.69 16.71 17.55 17.35 16.58 16.14 17.48 17.05 17.01 17.68 18.40 17.84 19.17 19.56 19.81 19.11 17.94 19.97 19.38 20.76 22.69 22.42 20.43 21.23 21.39 21.68 20.49 23.33 24.76 27.31 27.07 30.01 30.18 28.04 25.80 23.01 21.92 19.63 18.62 15.69 13.50 12.01 11.73 12.07 12.58 15.81 17.76 19.36 19.82 20.39 18.80 20.31 19.87 21.98 22.11 19.80 19.31 18.97 16.89 14.01 13.23 11.96 12.06 14.54 13.39 18.10 16.37 15.02 15.98 19.06 18.04 18.36 21.11 20.83 22.09 21.30 19.15 18.85 19.03 16.76 16.15 18.70 17.43 15.48 17.34 19.55 16.34 18.02 20.24 22.46 22.81 
26.43 23.40 21.65 19.53 19.16 16.73 14.10 11.79 6.80 5.92 0.00 5.35 8.39 11.05 11.65 8.82 6.65 5.32 8.99 10.49 14.09 16.31 19.60 22.19 23.52 24.65 26.54 26.81 24.88 22.43 20.52 20.67 19.82 18.80 19.68 18.96 20.28 18.99 21.19 23.53 24.13 21.79 23.36 23.07 21.45 20.90 19.60 18.57 19.50 19.26 18.36 17.91 19.24 18.61 17.90 18.97 19.91 19.12 19.64 20.24 20.49 20.24 19.09 21.00 21.17 22.03 24.07 24.04 21.88 22.89 23.04 23.56 22.25 25.45 27.24 29.75 29.64 32.85 33.38 31.46 29.21 26.64 24.70 21.97 21.14 17.59 15.84 13.34 12.21 11.41 12.65 15.38 18.11 18.99 20.68 21.45 20.39 22.13 22.32 24.74 25.12 22.75 21.67 20.71 18.80 15.91 13.72 12.30 12.76 14.97 13.93 17.92 16.85 16.18 16.98 20.68 19.78 20.14 22.73 22.44 23.91 22.96 20.92 20.35 20.81 18.65 17.95 20.17 19.12 17.30 18.23 20.54 18.42 18.86 21.09 23.50 23.41 
28.77 26.78 23.67 21.77 22.32 20.13 16.87 14.70 11.46 7.65 5.35 0.00 6.91 8.39 10.25 8.22 7.21 6.57 10.40 13.35 16.91 19.53 23.63 25.26 26.71 27.70 28.98 28.62 26.80 24.46 22.85 22.67 21.32 20.58 21.64 20.64 21.80 20.79 22.33 24.24 24.62 22.80 24.51 23.96 22.87 22.58 21.54 21.32 21.60 21.55 21.14 20.76 21.43 20.87 20.02 21.04 21.54 20.71 21.16 22.16 22.05 21.75 20.05 22.51 22.18 23.35 25.29 25.14 23.68 24.90 25.38 25.43 24.52 27.40 29.25 31.61 31.41 34.85 35.53 33.51 31.16 28.98 27.38 24.95 23.38 20.28 18.05 15.99 13.69 12.11 13.33 15.96 19.06 21.02 21.77 22.59 22.00 23.53 23.81 25.89 26.71 24.60 23.58 22.83 20.42 17.88 16.26 14.34 13.89 15.97 14.37 18.45 17.50 17.24 18.70 21.89 20.97 21.56 24.18 23.95 25.15 24.83 22.48 21.94 22.23 20.40 19.39 21.89 20.79 18.65 19.20 21.75 19.01 20.15 21.91 24.15 22.81 
31.02 29.73 25.38 22.54 24.59 23.58 19.99 17.77 14.22 11.98 8.39 6.91 0.00 6.10 7.05 9.13 7.81 9.41 12.57 15.52 19.88 21.88 24.90 27.85 29.23 30.74 31.94 31.51 29.07 26.59 24.37 24.48 23.03 22.16 23.24 22.32 23.21 21.53 22.84 24.83 25.02 23.21 25.08 24.79 23.98 23.84 22.58 22.64 23.61 23.36 23.62 22.73 23.67 22.98 22.87 22.78 23.47 22.02 22.63 23.07 22.87 22.22 21.03 22.77 22.60 24.23 26.38 26.46 24.77 26.50 26.77 27.17 26.36 28.68 30.24 32.54 33.26 36.39 37.49 35.22 32.79 30.38 29.10 26.60 24.65 22.10 19.85 17.03 15.44 13.78 13.88 16.95 19.65 21.70 22.72 23.57 23.31 24.96 25.26 27.31 28.28 26.07 25.87 24.53 22.32 19.80 19.05 15.98 15.02 15.86 14.46 17.80 17.18 17.52 19.24 22.58 21.92 22.26 25.16 24.91 26.52 25.90 24.03 23.10 23.85 21.79 21.20 23.12 22.15 19.70 21.10 22.73 19.97 20.25 22.39 25.39 22.44 
33.15 32.10 29.70 26.79 27.24 27.02 23.07 21.02 16.69 15.17 11.05 8.39 6.10 0.00 5.60 7.60 9.07 10.97 14.70 17.99 20.74 24.85 28.26 31.57 32.94 33.80 34.62 33.99 31.66 28.55 26.97 26.54 25.69 24.61 25.61 24.95 26.35 24.75 26.05 28.29 28.57 27.04 28.66 28.35 27.46 27.18 26.10 26.23 26.75 26.49 26.31 26.20 26.81 26.01 25.70 25.93 26.02 24.78 25.55 26.04 25.83 25.00 23.51 25.49 25.60 26.96 29.03 29.09 27.45 28.76 29.56 29.75 28.76 31.13 32.97 35.66 35.70 39.26 39.80 37.88 35.55 33.52 31.76 29.45 27.31 24.94 21.91 19.79 17.79 16.65 16.44 19.65 21.72 24.07 25.08 26.53 25.91 27.76 27.87 30.29 31.01 28.46 27.86 27.25 24.85 21.96 20.66 17.66 16.21 16.52 15.07 19.49 18.74 19.37 21.16 24.25 24.08 24.58 27.24 27.24 28.88 28.44 26.42 25.74 26.17 24.61 23.44 25.68 24.37 22.43 22.77 25.07 22.30 22.09 23.97 25.11 23.66 
33.62 33.44 31.99 29.24 28.19 26.75 24.68 21.01 16.84 14.84 11.65 10.25 7.05 5.60 0.00 6.19 7.90 10.18 14.30 17.35 21.45 24.48 28.84 31.34 32.03 33.83 35.02 34.22 31.22 28.58 26.29 26.17 25.20 24.36 25.33 24.84 26.17 25.00 26.64 29.13 29.81 28.36 29.36 29.29 28.32 27.92 27.02 26.79 26.97 26.70 26.56 26.46 26.90 26.06 25.33 25.63 25.96 24.63 25.15 25.98 25.70 24.86 23.31 25.42 25.75 26.78 28.44 28.94 27.00 28.48 29.02 29.30 28.19 30.88 33.01 35.50 36.09 39.07 39.79 37.97 35.77 33.37 30.79 28.59 26.74 23.73 20.84 18.93 17.98 16.48 16.82 19.43 21.26 23.40 24.42 26.06 25.78 27.63 27.80 30.21 30.68 28.50 27.58 27.00 24.96 21.65 20.67 16.41 15.86 15.19 14.57 18.22 17.80 17.89 19.45 23.25 23.30 23.61 26.20 26.29 28.22 27.61 25.52 25.07 25.81 23.89 22.81 25.19 24.07 21.65 22.49 24.24 22.17 21.81 22.86 26.31 24.48 
30.49 29.65 27.27 25.70 24.75 23.33 19.21 17.83 14.74 10.98 8.82 8.22 9.13 7.60 6.19 0.00 6.15 8.64 11.27 14.59 17.91 21.53 25.68 29.46 29.51 31.09 31.65 30.63 27.63 25.27 23.18 23.30 22.43 21.35 22.17 21.44 22.77 21.42 23.03 25.00 25.51 23.72 25.32 25.30 24.46 24.25 23.58 23.72 24.24 23.89 24.26 23.73 24.44 23.56 23.28 22.66 22.98 21.13 22.08 22.45 23.02 21.23 19.99 22.10 22.54 23.24 25.24 25.30 24.09 25.33 26.03 26.04 25.42 27.61 29.93 32.46 32.88 36.22 36.42 34.50 32.32 30.17 27.45 25.22 23.78 21.13 18.43 16.82 15.57 13.99 15.30 17.80 20.01 21.20 22.29 23.49 22.73 24.57 23.79 26.88 27.38 25.19 24.24 24.48 22.13 17.95 16.38 13.78 11.76 12.98 10.12 14.70 14.63 15.00 16.35 19.64 19.03 20.17 22.50 22.75 24.54 24.36 22.32 22.09 22.89 20.74 19.64 22.50 21.69 19.41 19.77 22.20 19.88 20.99 22.56 24.15 22.71 
26.16 23.67 20.42 19.26 20.05 18.19 14.59 13.16 11.44 9.03 6.65 7.21 7.81 9.07 7.90 6.15 0.00 6.17 7.08 11.24 14.82 18.22 20.92 24.27 25.93 26.60 26.90 26.65 24.54 21.92 19.63 19.21 19.15 17.48 18.29 17.77 18.73 17.27 18.28 20.54 20.77 18.94 20.54 20.77 20.59 20.28 19.45 19.72 21.24 20.86 20.88 20.55 21.25 20.57 20.10 18.73 19.05 16.90 18.34 18.04 18.32 17.12 16.77 17.95 18.56 19.35 21.61 22.11 21.03 22.27 22.76 22.84 22.55 24.72 26.39 28.80 29.27 32.47 32.61 30.72 27.99 26.22 24.09 21.20 19.94 17.75 15.41 14.44 13.81 12.96 13.78 16.41 17.86 19.11 19.73 20.21 19.20 20.67 19.97 21.92 22.57 21.17 20.14 20.98 19.70 14.91 13.90 9.59 9.07 7.48 7.78 11.47 11.96 11.24 13.08 15.49 14.67 15.91 18.46 18.20 20.87 20.64 18.96 18.13 19.26 17.15 16.48 18.75 18.34 16.16 17.73 19.79 17.73 18.90 21.01 24.05 21.83 
25.06 23.19 19.95 18.80 18.71 16.24 12.80 11.00 9.80 7.54 5.32 6.57 9.41 10.97 10.18 8.64 6.17 0.00 6.34 8.22 12.62 14.68 18.04 21.12 23.16 24.56 24.55 23.87 21.95 19.28 17.55 16.90 16.66 14.53 15.90 15.32 16.88 15.85 17.95 19.76 20.48 18.78 20.70 20.19 20.06 19.70 19.36 19.14 20.09 19.88 19.68 19.86 20.11 18.91 18.65 17.27 17.90 16.12 17.80 17.64 18.21 16.99 16.72 17.99 18.70 19.58 21.75 22.17 20.62 21.48 22.09 21.79 21.53 23.56 25.31 27.70 27.94 30.88 31.35 28.96 27.03 24.59 23.18 20.24 19.19 17.28 15.06 14.63 14.13 13.42 13.89 16.93 18.53 19.60 19.87 19.87 18.27 19.47 18.13 20.78 21.04 19.06 17.82 18.33 16.82 12.53 10.35 7.79 6.78 6.38 7.82 12.55 11.11 9.98 12.35 15.07 14.02 14.91 17.06 17.23 19.20 19.25 17.66 17.20 18.48 16.52 15.83 18.67 18.09 16.04 17.39 20.03 17.37 19.31 21.40 23.83 21.87 
23.66 21.69 19.59 18.17 16.91 15.08 12.47 10.50 8.44 8.15 8.99 10.40 12.57 14.70 14.30 11.27 7.08 6.34 0.00 6.38 8.15 11.43 13.66 17.26 18.49 21.10 21.61 20.94 17.83 16.64 15.52 14.41 13.49 12.28 13.71 14.06 14.37 14.32 17.06 19.39 20.29 18.54 20.22 19.52 19.17 18.69 18.41 17.88 18.32 17.74 18.24 17.30 17.93 16.63 17.12 15.30 16.59 14.59 17.11 17.08 17.41 16.62 16.99 18.29 18.14 18.78 21.02 21.12 19.18 20.25 20.77 20.62 19.62 22.25 23.47 25.76 25.66 28.56 28.58 27.05 24.52 22.63 21.00 18.31 17.05 15.17 13.47 13.63 13.63 14.39 14.60 17.80 18.69 19.35 19.42 19.10 17.52 17.63 16.90 17.98 18.79 17.59 16.53 15.90 14.43 10.09 10.60 7.06 8.77 9.74 10.04 14.29 12.23 10.14 11.91 14.50 13.55 13.14 15.52 15.64 17.80 17.24 15.60 15.88 17.10 15.01 14.45 17.32 17.08 15.02 16.29 19.36 16.36 18.54 20.38 23.53 21.71 
21.47 18.89 16.32 15.13 14.44 11.26 9.31 8.23 8.29 9.09 10.49 13.35 15.52 17.99 17.35 14.59 11.24 8.22 6.38 0.00 6.26 7.13 10.66 13.83 15.67 18.34 18.60 18.28 15.35 14.44 12.08 12.03 11.58 10.76 11.36 11.83 13.05 12.61 15.49 17.97 18.67 17.01 18.46 17.92 17.51 16.54 16.01 15.77 16.45 15.66 16.15 15.36 15.96 14.66 14.80 13.18 13.95 12.23 15.50 16.00 17.13 16.45 16.65 17.88 18.03 18.49 20.76 20.42 18.77 19.17 20.04 19.54 19.37 20.74 22.26 23.90 24.45 26.63 26.99 24.85 23.03 19.71 18.04 16.10 15.62 14.00 12.55 13.17 13.82 14.64 15.15 17.98 18.94 19.75 19.40 18.77 16.33 16.92 15.27 17.09 16.70 14.11 12.80 13.50 10.88 7.41 7.19 6.32 6.89 11.79 10.68 15.43 12.55 12.14 12.59 14.61 12.73 13.35 14.87 14.91 17.06 17.03 15.03 15.43 16.70 14.55 13.91 17.43 16.73 15.28 16.58 19.75 16.58 19.00 21.04 23.73 21.92 
20.16 16.73 13.89 11.51 12.39 10.63 9.50 8.81 9.99 11.82 14.09 16.91 19.88 20.74 21.45 17.91 14.82 12.62 8.15 6.26 0.90 5.61 6.62 10.53 12.93 14.67 15.40 15.97 14.65 12.21 10.18 9.00 11.52 9.23 11.21 11.61 12.59 12.73 15.32 17.31 18.62 16.90 18.66 17.76 17.78 16.85 15.36 14.85 16.70 15.85 15.73 14.52 15.90 13.95 14.16 12.26 14.11 12.14 15.62 16.56 18.06 17.44 17.15 18.66 18.88 19.32 21.44 21.26 19.29 19.87 19.65 19.97 19.36 21.09 20.94 23.66 23.54 25.82 25.59 24.30 21.97 18.66 16.59 15.00 15.53 13.71 13.22 14.23 15.35 15.90 16.71 19.30 20.60 20.87 20.98 19.65 17.53 17.80 16.13 16.36 16.29 13.35 10.19 11.36 11.56 7.23 9.78 7.92 7.55 11.30 14.02 15.38 12.68 11.52 13.62 15.06 11.91 12.30 14.45 14.03 16.23 16.58 14.61 14.91 16.08 14.38 14.17 17.17 17.23 15.65 17.44 19.37 16.69 18.26 21.39 24.00 22.23 
18.96 16.14 13.45 11.10 11.76 9.36 9.44 9.51 11.31 14.14 16.31 19.53 21.88 24.85 24.48 21.53 18.22 14.68 11.43 7.13 5.61 0.00 5.39 7.08 10.39 12.45 12.92 11.94 11.47 9.20 7.71 7.21 8.10 6.78 10.36 11.29 11.68 12.34 15.94 18.06 18.85 17.71 19.32 18.18 17.74 17.63 15.64 14.67 16.00 15.55 14.39 13.83 15.10 13.42 12.86 11.86 13.96 13.44 16.63 17.59 18.82 18.46 18.84 20.05 19.53 20.14 22.36 21.95 19.55 19.87 20.29 19.95 19.32 20.40 20.80 22.79 22.91 24.73 24.81 22.92 20.72 17.08 15.74 14.16 14.73 13.43 13.31 15.06 16.35 17.34 17.90 20.53 21.50 21.59 21.69 20.18 17.35 17.09 14.77 15.49 13.98 8.51 6.03 8.64 8.02 6.50 8.78 10.93 11.36 14.89 15.63 20.43 16.28 15.59 16.91 18.57 14.90 14.68 16.84 16.75 18.05 18.07 16.44 16.10 17.36 15.48 15.21 18.42 18.06 16.62 18.40 21.04 17.55 19.38 21.45 23.72 22.19 
19.48 16.09 13.71 11.44 11.50 11.08 11.60 12.05 13.78 16.93 19.60 23.63 24.90 28.26 28.84 25.68 20.92 18.04 13.66 10.66 6.62 5.39 0.29 6.12 7.79 10.07 11.34 10.37 8.78 7.69 7.55 7.18 9.68 9.25 11.65 13.70 13.07 14.05 17.46 19.74 20.44 19.09 20.39 19.16 18.51 17.72 16.31 15.57 16.31 15.41 15.45 14.21 15.97 13.98 14.54 13.11 15.91 15.07 19.05 19.64 20.73 20.68 20.69 21.69 21.09 21.59 23.77 23.04 20.49 20.99 20.43 20.48 18.57 20.66 20.19 22.76 22.33 24.58 24.32 22.68 20.20 16.46 15.65 13.99 15.11 13.89 14.78 15.91 17.54 18.95 19.43 21.79 22.69 22.59 22.19 20.44 17.69 17.25 14.91 13.52 11.45 9.08 6.41 5.16 5.88 7.45 10.64 10.55 14.63 18.27 18.44 22.10 19.67 18.41 19.70 20.74 17.61 16.76 18.18 18.12 19.75 19.05 17.08 17.44 18.54 16.75 16.39 19.66 19.36 17.54 18.97 21.22 17.94 19.15 22.25 24.03 22.48 
18.99 15.79 13.30 10.84 11.44 10.73 12.39 13.86 15.64 18.95 22.19 25.26 27.85 31.57 31.34 29.46 24.27 21.12 17.26 13.83 10.53 7.08 6.12 0.00 5.62 7.05 8.12 8.53 7.07 6.37 5.66 4.79 7.36 8.78 10.04 11.39 11.94 14.19 17.86 20.49 21.05 19.99 21.13 20.22 19.41 18.65 16.49 16.42 16.89 15.53 15.19 14.26 16.11 14.79 14.68 14.28 16.85 16.19 19.36 20.91 21.92 21.81 21.76 22.93 22.03 22.53 24.20 23.72 21.22 21.17 21.46 20.95 20.21 20.91 21.11 22.70 22.84 24.58 24.41 22.49 19.80 15.68 14.76 13.81 14.59 13.93 14.85 16.60 17.89 20.18 20.49 22.74 23.66 23.72 23.46 21.81 18.19 18.02 15.66 15.01 12.84 9.30 7.43 8.99 10.74 10.31 12.58 14.65 15.97 21.09 20.69 24.18 21.39 19.84 21.57 22.16 18.23 18.37 19.92 19.35 20.54 20.03 18.31 18.63 20.03 18.00 17.68 21.28 20.52 18.84 19.99 23.14 19.14 20.75 22.67 24.85 23.25 
20.38 16.83 14.96 13.02 14.11 14.46 15.94 17.08 18.27 20.23 23.52 26.71 29.23 32.94 32.03 29.51 25.93 23.16 18.49 15.67 12.93 10.39 7.79 5.62 0.00 5.09 6.08 8.65 9.15 8.70 8.93 8.86 11.16 11.12 13.39 15.10 15.77 17.48 20.34 22.89 23.86 23.08 24.17 22.63 22.17 21.53 18.98 18.48 19.81 18.79 17.67 17.46 18.85 17.29 17.47 17.26 19.84 18.45 20.99 22.68 24.12 23.76 23.15 24.38 24.20 23.95 26.14 25.57 23.16 23.27 22.80 23.12 21.63 22.88 22.26 25.12 24.92 26.90 26.18 24.61 22.68 18.87 17.65 16.09 17.84 16.69 17.50 19.08 20.32 21.78 22.24 24.27 25.46 25.57 25.10 22.91 19.72 19.26 15.82 14.62 13.89 10.11 8.23 10.26 14.97 13.61 15.92 16.54 18.05 22.01 22.62 26.24 24.65 23.36 24.69 24.41 20.29 20.25 22.69 21.25 22.38 22.26 20.75 21.13 21.60 19.92 19.91 22.95 22.53 20.67 22.63 25.02 21.42 21.02 24.75 26.86 24.88 
19.61 16.85 15.12 13.37 14.17 14.80 16.05 18.23 19.00 21.55 24.65 27.70 30.74 33.80 33.83 31.09 26.60 24.56 21.10 18.34 14.67 12.45 10.07 7.05 5.09 0.00 4.56 6.24 8.67 9.20 9.88 9.55 10.99 12.05 14.33 15.39 15.74 17.66 20.84 22.78 24.02 23.23 23.99 22.48 21.78 21.80 19.15 18.47 19.72 18.75 17.41 17.68 19.09 17.11 17.36 17.82 19.88 19.78 22.15 23.79 24.66 24.52 23.80 25.16 24.25 24.69 26.37 25.95 23.05 22.98 23.19 22.93 22.04 22.52 22.53 24.62 24.31 26.19 25.70 23.39 21.42 17.93 17.17 15.98 17.21 15.91 17.02 18.98 20.46 21.69 22.28 24.15 25.44 25.89 25.42 23.55 19.97 19.64 16.38 15.77 13.19 10.99 9.42 12.12 14.00 15.38 14.53 17.55 18.46 23.42 23.49 27.28 25.90 23.76 24.80 25.43 21.25 21.01 22.83 22.01 22.87 22.67 21.24 21.34 22.17 20.17 20.13 23.52 22.92 21.30 22.57 25.48 22.51 22.84 24.96 26.82 25.40 
20.71 18.14 17.69 15.37 16.37 17.01 19.14 19.57 21.25 23.43 26.54 28.98 31.94 34.62 35.02 31.65 26.90 24.55 21.61 18.60 15.40 12.92 11.34 8.12 6.08 4.56 0.00 5.07 7.55 9.41 11.63 11.04 13.94 15.02 17.48 17.66 17.13 19.55 22.76 24.36 26.16 24.62 25.66 23.77 23.27 22.93 20.09 19.86 20.97 20.01 18.67 19.02 20.67 19.39 19.49 19.79 22.15 22.06 24.50 25.76 26.86 26.67 25.99 26.66 26.13 26.24 27.96 27.07 23.95 24.05 23.35 23.98 22.08 23.77 23.09 25.76 25.12 27.51 26.53 24.70 22.30 19.16 19.25 17.47 19.13 17.45 18.94 20.35 21.46 23.07 23.53 25.54 26.90 27.15 26.64 24.60 21.13 20.61 18.13 17.12 15.90 13.39 12.92 14.13 14.18 14.85 15.88 17.49 19.78 24.53 24.82 28.99 26.86 24.77 25.55 26.26 23.07 21.88 23.47 22.53 24.23 23.75 21.90 22.58 23.50 21.63 21.43 24.73 24.70 22.52 24.04 26.14 24.67 23.06 26.47 28.16 26.31 
20.88 18.13 17.55 15.92 16.94 17.18 19.24 20.20 21.62 23.71 26.81 28.62 31.51 33.99 34.22 30.63 26.65 23.87 20.94 18.28 15.97 11.94 10.37 8.53 8.65 6.24 5.07 0.00 5.87 7.59 9.18 10.68 11.93 14.83 15.90 17.53 16.96 19.34 22.95 24.96 26.34 24.76 25.20 23.54 23.48 22.49 19.70 19.16 20.71 19.55 18.73 18.71 20.71 19.45 19.27 19.45 22.11 21.75 24.00 25.50 26.76 26.25 25.35 26.38 25.31 25.59 27.25 26.28 23.23 23.22 23.52 23.23 22.42 23.05 23.27 25.11 25.28 26.90 26.15 23.57 22.13 18.67 18.66 16.76 18.69 17.36 19.17 20.32 21.74 23.56 24.09 26.31 27.43 28.19 27.75 26.11 22.55 21.45 18.91 18.88 16.59 14.02 12.85 14.64 15.68 15.69 15.81 18.32 19.64 23.81 24.74 27.80 25.54 23.83 24.86 25.58 21.98 21.74 23.58 22.45 23.75 23.53 22.10 22.42 23.64 21.75 21.81 25.29 24.81 23.00 24.12 26.88 24.59 24.50 26.81 27.89 26.23 
20.42 17.21 16.15 14.44 16.14 15.68 18.22 18.22 19.80 21.85 24.88 26.80 29.07 31.66 31.22 27.63 24.54 21.95 17.83 15.35 14.65 11.47 8.78 7.07 9.15 8.67 7.55 5.87 0.00 5.82 7.38 8.93 12.81 13.58 14.95 17.25 18.22 19.41 22.28 24.31 26.02 24.24 24.76 23.06 22.18 21.25 17.98 17.75 19.18 18.41 17.16 17.43 18.90 17.70 18.16 18.18 20.83 20.15 22.02 23.75 25.17 24.52 23.43 24.49 23.64 23.46 25.62 25.01 21.94 22.22 22.41 22.89 21.30 22.27 22.27 24.94 24.38 25.80 24.66 22.44 20.72 17.40 17.40 15.18 17.54 16.30 17.48 19.03 20.59 22.51 22.85 25.09 26.60 27.26 27.09 25.28 22.19 21.40 18.48 17.90 17.04 14.14 11.96 12.77 14.53 13.59 15.33 15.83 17.70 21.84 22.46 25.47 23.58 21.59 23.34 23.39 20.38 19.40 22.24 20.56 21.71 21.95 20.81 21.39 22.59 21.00 21.15 24.34 23.96 22.11 24.08 26.34 24.68 23.40 26.73 28.55 26.24 
18.77 15.24 13.18 11.58 13.20 13.05 14.82 15.52 16.94 19.37 22.43 24.46 26.59 28.55 28.58 25.27 21.92 19.28 16.64 14.44 12.21 9.20 7.69 6.37 8.70 9.20 9.41 7.59 5.82 0.00 5.10 6.29 8.54 10.69 12.05 13.58 14.91 16.66 19.34 21.56 23.42 21.75 22.84 20.77 19.76 19.11 16.10 15.73 17.17 16.13 14.15 15.47 16.79 14.92 15.39 15.90 18.64 18.26 20.21 21.33 22.65 22.01 21.12 22.23 21.36 21.04 22.76 22.21 19.49 19.29 19.84 20.00 18.82 19.29 19.66 22.11 21.26 22.72 21.60 19.23 16.91 13.31 14.05 11.61 14.02 12.49 14.81 16.58 18.08 19.63 20.33 22.68 24.37 25.53 25.63 23.90 20.78 20.23 17.30 16.99 15.61 14.39 11.91 13.35 12.56 13.00 12.29 14.74 15.02 19.85 20.15 24.30 21.39 19.55 20.67 21.72 18.06 16.50 19.51 18.09 19.92 19.88 19.00 19.43 21.01 18.80 18.91 22.17 22.23 20.25 22.02 24.21 22.95 22.97 25.18 26.28 24.98 
18.33 14.48 12.32 10.17 11.71 11.15 12.91 13.96 15.61 17.87 20.52 22.85 24.37 26.97 26.29 23.18 19.63 17.55 15.52 12.08 10.18 7.71 7.55 5.66 8.93 9.88 11.63 9.18 7.38 5.10 0.04 5.24 6.61 8.34 9.86 12.32 13.28 14.99 18.21 21.16 22.28 21.21 21.78 20.07 18.88 18.26 15.45 14.06 15.53 14.82 12.45 13.81 15.66 13.60 13.98 14.10 17.12 16.98 19.33 19.96 21.60 21.28 20.95 21.57 20.83 20.95 22.15 21.61 18.67 19.10 18.58 19.06 16.93 18.04 17.82 19.98 19.08 20.43 20.11 17.13 15.72 11.50 13.04 10.01 12.61 10.86 14.14 15.91 17.17 18.90 19.80 22.26 23.79 24.75 24.65 23.02 19.93 19.20 16.42 15.86 14.62 11.64 9.51 10.23 11.10 9.25 8.91 11.40 12.83 17.51 18.24 22.67 20.70 19.10 20.67 22.11 18.99 17.38 19.59 18.97 20.35 19.68 18.62 19.34 20.71 18.43 18.16 21.70 21.81 19.61 21.00 23.42 22.83 22.09 24.89 26.42 24.51 
18.56 14.92 12.37 10.34 12.21 10.51 12.59 13.47 15.38 18.11 20.67 22.67 24.48 26.54 26.17 23.30 19.21 16.90 14.41 12.03 9.00 7.21 7.18 4.79 8.86 9.55 11.04 10.68 8.93 6.29 5.24 0.44 4.06 4.85 7.04 9.43 10.42 12.78 16.47 19.18 20.81 19.53 20.51 19.33 18.36 18.00 14.20 13.19 14.71 13.87 10.79 12.38 13.98 12.04 11.43 11.69 15.20 15.40 17.99 19.00 20.65 20.13 19.85 20.40 19.50 19.06 20.90 20.12 17.39 17.34 17.83 18.07 16.17 17.08 16.69 18.98 18.08 19.59 17.89 15.68 13.99 10.33 11.42 8.71 10.99 10.10 13.11 15.33 16.94 18.89 19.87 22.50 23.94 24.97 25.03 23.55 20.67 19.01 16.18 15.44 14.27 10.32 7.69 11.18 12.10 10.56 11.46 13.37 14.10 18.64 19.37 24.00 21.01 19.47 20.48 21.99 19.21 17.89 19.84 18.75 20.46 19.83 18.29 19.14 20.73 17.81 17.67 21.57 21.63 19.24 20.82 23.45 21.49 21.82 24.10 25.60 23.88 
18.98 14.45 12.33 9.95 11.62 9.88 12.10 11.92 13.91 16.83 19.82 21.32 23.03 25.69 25.20 22.43 19.15 16.66 13.49 11.58 11.52 8.10 9.68 7.36 11.16 10.99 13.94 11.93 12.81 8.54 6.61 4.06 1.12 2.84 5.55 7.98 9.47 11.43 15.00 18.28 18.86 18.36 19.46 17.35 17.46 17.43 12.14 12.59 14.51 13.32 10.59 11.19 13.27 11.20 11.28 10.45 14.67 14.39 17.25 18.21 20.05 19.02 18.28 19.15 17.79 17.61 19.68 19.18 16.38 16.92 17.66 17.61 15.54 16.46 16.86 18.86 18.02 18.65 18.01 14.97 13.25 9.34 10.51 8.08 11.29 10.45 12.84 15.37 17.28 19.10 19.63 22.56 24.34 25.16 24.97 23.98 21.49 20.62 17.27 17.18 16.08 11.95 9.60 11.69 13.52 11.40 13.20 14.13 14.84 18.32 19.75 23.48 21.46 19.52 20.29 21.99 19.42 18.22 19.31 18.33 20.41 19.76 17.90 18.92 20.77 18.16 17.96 21.81 21.62 19.32 21.21 23.58 21.18 21.04 24.06 25.87 23.62 
19.32 15.09 12.38 9.41 11.18 8.96 11.24 11.96 13.71 16.47 18.80 20.58 22.16 24.61 24.36 21.35 17.48 14.53 12.28 10.76 9.23 6.78 9.25 8.78 11.12 12.05 15.02 14.83 13.58 10.69 8.34 4.85 2.84 0.00 4.02 6.04 7.71 9.68 12.98 15.72 17.55 16.37 17.27 15.25 15.19 15.71 10.71 11.27 13.48 11.77 6.77 9.00 11.45 9.27 9.28 8.40 13.01 14.05 16.28 16.71 18.81 18.42 17.62 18.43 17.34 17.43 19.35 18.58 15.83 16.59 16.87 17.03 15.01 16.19 15.99 18.55 17.40 18.85 16.95 13.98 12.20 7.91 9.78 7.59 10.72 11.42 13.66 15.59 16.95 18.73 19.51 22.27 23.96 25.26 25.37 23.90 21.25 20.42 17.34 16.49 15.08 12.53 9.62 11.99 12.55 11.54 12.40 14.62 14.87 18.23 19.12 23.15 21.61 19.50 20.55 22.10 19.65 17.84 19.78 18.62 20.54 20.07 18.40 19.04 20.77 17.99 17.84 21.35 21.22 18.78 20.57 22.94 20.71 20.83 23.16 24.79 23.20 
19.40 15.59 12.97 9.50 10.21 9.04 12.22 12.73 14.70 16.74 19.68 21.64 23.24 25.61 25.33 22.17 18.29 15.90 13.71 11.36 11.21 10.36 11.65 10.04 13.39 14.33 17.48 15.90 14.95 12.05 9.86 7.04 5.55 4.02 0.42 5.13 6.85 7.52 11.06 15.07 16.19 14.52 16.43 15.35 15.57 16.08 11.20 12.01 14.23 11.40 6.35 10.77 13.98 10.48 10.51 12.12 15.56 16.03 19.16 19.30 20.95 20.65 19.93 20.65 19.84 20.09 21.27 20.50 18.09 18.63 18.43 18.52 16.73 17.45 17.25 19.19 18.08 18.43 16.89 13.57 10.57 7.67 9.76 8.76 11.88 12.03 15.24 17.11 18.35 20.41 21.76 24.57 26.46 27.38 27.69 26.01 22.79 21.61 18.72 18.14 16.97 13.35 12.14 14.33 15.52 14.20 14.93 16.82 17.97 21.22 21.70 25.87 23.98 21.79 22.82 24.79 21.64 19.86 21.77 21.24 22.51 21.55 20.15 20.79 22.38 19.98 19.80 23.20 23.21 20.75 22.10 24.28 22.65 21.90 24.92 26.28 24.25 
20.12 16.11 13.39 9.72 11.31 10.35 12.38 12.75 14.44 16.98 18.96 20.64 22.32 24.95 24.84 21.44 17.77 15.32 14.06 11.83 11.61 11.29 13.70 11.39 15.10 15.39 17.66 17.53 17.25 13.58 12.32 9.43 7.98 6.04 5.13 0.79 5.12 5.54 7.82 11.49 13.67 12.48 13.70 13.42 13.55 13.06 9.55 9.63 12.28 8.63 4.72 8.80 12.52 8.35 7.62 10.61 14.35 14.24 16.43 18.07 19.46 19.50 18.83 19.63 18.20 18.62 20.11 19.35 16.68 17.73 17.80 18.11 15.72 17.67 17.72 19.99 18.81 19.61 18.26 15.11 13.18 9.15 11.28 10.09 13.19 13.50 15.64 17.28 18.65 20.21 20.99 24.03 25.67 27.14 27.16 26.13 23.19 22.28 19.42 19.22 17.42 14.19 12.33 15.12 16.60 15.34 16.51 17.94 18.56 21.66 22.06 25.51 24.34 22.25 23.15 24.98 22.54 21.10 22.56 21.38 22.95 22.31 20.32 20.89 22.31 19.67 19.30 22.63 22.55 19.97 21.35 24.00 21.98 22.16 24.20 25.83 24.08 
20.67 17.14 13.93 11.74 13.24 13.02 15.03 15.11 15.71 18.20 20.28 21.80 23.21 26.35 26.17 22.77 18.73 16.88 14.37 13.05 12.59 11.68 13.07 11.94 15.77 15.74 17.13 16.96 18.22 14.91 13.28 10.42 9.47 7.71 6.85 5.12 0.84 4.55 7.26 10.09 12.85 12.09 13.49 12.55 14.86 15.04 7.94 12.15 15.17 11.96 9.55 12.38 14.69 12.34 11.84 13.69 17.23 16.73 18.46 19.84 21.00 20.53 19.71 20.24 19.24 19.13 21.41 20.62 17.86 18.60 18.94 18.50 16.11 17.97 18.72 20.53 18.56 19.42 18.45 16.08 12.81 9.75 11.25 10.50 12.99 13.75 15.81 18.30 20.01 22.05 22.76 25.75 27.60 28.36 28.81 27.44 24.78 23.58 20.68 20.85 19.57 15.20 13.60 17.00 18.42 16.31 17.90 18.67 20.05 23.93 24.01 28.02 26.64 24.90 25.55 26.91 24.44 23.59 24.34 23.33 25.10 23.97 21.82 22.57 23.85 21.59 21.53 24.77 24.55 22.33 24.03 26.12 24.06 23.15 26.27 27.95 25.34 
20.50 16.91 13.88 11.60 12.65 12.51 14.38 14.70 14.99 17.47 18.99 20.79 21.53 24.75 25.00 21.42 17.27 15.85 14.32 12.61 12.73 12.34 14.05 14.19 17.48 17.66 19.55 19.34 19.41 16.66 14.99 12.78 11.43 9.68 7.52 5.54 4.55 1.93 5.41 7.55 9.56 9.38 9.52 9.15 11.84 10.26 4.86 8.89 12.89 8.53 6.16 10.83 12.71 10.32 11.94 13.09 16.15 16.36 17.94 18.99 20.13 19.60 18.42 19.48 18.34 18.75 20.60 19.77 17.28 17.95 18.03 17.87 15.38 17.40 17.97 20.36 18.94 20.36 19.01 16.72 13.69 10.63 11.35 10.98 12.84 13.97 15.87 17.81 19.34 21.02 22.31 25.09 26.99 28.67 28.55 27.33 24.53 23.59 20.68 20.35 19.00 16.08 14.62 16.92 17.79 16.22 17.78 18.40 19.95 23.14 23.71 27.35 25.79 24.32 24.92 26.49 24.16 22.86 24.34 23.25 24.39 23.64 21.33 21.80 22.94 20.42 20.36 23.53 22.97 20.80 22.34 24.40 22.97 22.56 24.44 25.68 24.43 
21.56 18.90 16.53 14.36 14.04 14.85 16.93 17.00 17.45 19.37 21.19 22.33 22.84 26.05 26.64 23.03 18.28 17.95 17.06 15.49 15.32 15.94 17.46 17.86 20.34 20.84 22.76 22.95 22.28 19.34 18.21 16.47 15.00 12.98 11.06 7.82 7.26 5.41 4.91 7.58 7.73 8.80 11.53 11.56 11.50 12.01 8.48 11.74 13.51 9.68 8.01 13.38 14.57 11.14 13.28 15.95 18.32 17.52 20.06 21.18 22.20 21.74 20.61 21.30 20.41 20.60 22.30 21.97 19.76 20.27 20.45 20.33 18.14 19.86 20.49 22.76 21.14 22.89 21.76 19.10 16.13 13.95 14.11 14.33 15.59 17.49 18.25 20.81 22.05 23.91 24.97 27.70 30.02 30.89 30.88 29.34 26.72 26.15 23.37 23.07 21.62 18.93 18.41 19.73 19.99 19.28 20.77 21.47 22.77 26.19 26.03 29.66 28.50 26.69 27.61 29.34 27.18 25.62 27.09 26.24 27.47 26.07 24.02 24.04 25.11 23.10 22.63 25.57 25.09 23.00 24.00 26.10 25.26 23.73 26.50 28.16 25.55 
22.17 19.79 17.14 15.61 15.97 17.20 18.81 19.00 19.54 21.86 23.53 24.24 24.83 28.29 29.13 25.00 20.54 19.76 19.39 17.97 17.31 18.06 19.74 20.49 22.89 22.78 24.36 24.96 24.31 21.56 21.16 19.18 18.28 15.72 15.07 11.49 10.09 7.55 7.58 3.78 6.50 7.53 9.51 10.99 11.63 11.53 11.36 12.62 13.87 13.37 11.36 15.12 16.93 15.34 15.65 18.13 19.69 19.02 21.02 21.91 22.43 22.22 20.90 21.76 20.10 21.21 22.82 21.77 19.44 20.70 21.06 21.05 18.90 21.33 22.47 24.31 23.08 25.71 24.36 21.15 17.33 15.76 15.42 15.37 15.91 18.21 17.88 20.97 22.70 24.55 25.20 28.62 30.64 31.87 31.20 30.68 28.46 27.56 25.02 24.82 23.24 20.82 19.96 21.91 21.88 20.94 22.36 22.66 24.24 27.52 27.04 30.94 29.05 28.03 28.88 30.71 28.52 27.21 28.95 28.08 28.65 27.92 25.64 25.50 26.35 24.04 23.66 26.51 26.07 23.95 24.72 26.96 25.49 24.92 26.71 27.86 25.96 
22.05 19.35 17.11 15.81 16.73 17.87 19.18 19.49 20.32 22.02 24.13 24.62 25.02 28.57 29.81 25.51 20.77 20.48 20.29 18.67 18.62 18.85 20.44 21.05 23.86 24.02 26.16 26.34 26.02 23.42 22.28 20.81 18.86 17.55 16.19 13.67 12.85 9.56 7.73 6.50 4.35 6.07 8.73 9.32 11.11 11.23 8.43 12.81 13.43 10.82 13.49 15.46 17.44 16.67 17.96 18.64 20.83 19.97 21.62 21.96 22.34 21.78 20.65 21.17 20.00 20.91 22.64 21.55 19.12 20.41 21.07 21.17 19.27 21.71 22.83 25.17 23.85 26.49 26.12 22.54 19.05 16.22 16.32 16.16 16.49 17.93 18.78 21.22 22.94 24.50 26.05 28.72 30.95 31.51 31.30 30.62 28.72 28.06 25.38 25.79 24.53 21.54 20.80 22.42 23.23 22.12 23.15 23.72 24.88 27.71 27.46 30.72 29.13 28.16 29.28 31.10 28.94 27.56 29.16 28.23 28.98 27.61 25.81 25.75 26.46 24.50 24.01 26.79 26.21 24.40 25.53 27.17 25.96 24.67 27.19 28.75 26.20 
20.23 17.39 15.30 13.94 14.40 15.02 16.47 16.99 18.11 19.75 21.79 22.80 23.21 27.04 28.36 23.72 18.94 18.78 18.54 17.01 16.90 17.71 19.09 19.99 23.08 23.23 24.62 24.76 24.24 21.75 21.21 19.53 18.36 16.37 14.52 12.48 12.09 9.38 8.80 7.53 6.07 4.38 6.60 7.86 7.43 6.14 4.97 10.11 9.53 5.81 9.00 13.32 13.83 12.68 14.98 16.80 19.09 18.39 19.37 20.06 20.55 19.82 18.50 19.28 18.21 18.82 20.62 19.53 17.21 18.50 19.10 19.07 17.27 19.62 20.58 22.89 21.90 25.09 24.39 21.55 17.79 14.88 14.35 13.83 14.35 14.65 16.14 18.25 19.78 21.43 23.65 26.28 28.39 29.69 29.51 28.45 26.66 25.85 23.64 23.36 22.36 20.30 18.96 20.81 21.00 20.00 21.34 21.59 22.72 25.92 25.57 29.23 27.23 26.07 27.31 28.85 27.08 25.75 27.12 26.19 27.15 25.72 23.76 23.62 24.48 22.18 21.98 24.71 24.02 21.77 23.09 24.83 24.42 23.53 25.36 26.64 25.09 
21.08 18.47 16.33 15.67 15.68 17.13 18.17 18.91 19.91 21.60 23.36 24.51 25.08 28.66 29.36 25.32 20.54 20.70 20.22 18.46 18.66 19.32 20.39 21.13 24.17 23.99 25.66 25.20 24.76 22.84 21.78 20.51 19.46 17.27 16.43 13.70 13.49 9.52 11.53 9.51 8.73 6.60 7.21 7.48 7.07 6.41 7.88 11.02 11.78 9.35 12.60 15.25 18.08 15.92 18.88 18.85 21.19 20.18 21.47 21.56 22.27 21.14 19.32 20.05 19.33 19.47 20.89 20.54 18.82 19.68 20.60 20.25 18.77 21.05 21.95 23.80 23.17 25.76 25.34 22.61 18.92 16.85 15.21 15.47 14.20 16.32 15.79 19.22 20.39 23.18 24.36 27.30 29.09 30.44 30.45 29.42 27.29 26.89 24.35 24.60 23.42 21.02 20.37 21.89 22.07 21.33 22.62 22.97 23.91 27.15 27.07 30.25 28.68 27.54 28.54 30.30 28.72 27.37 28.83 27.84 28.80 27.40 25.50 25.12 25.87 23.86 23.47 26.09 25.25 23.52 24.17 26.05 25.38 24.22 26.49 28.04 25.34 
20.23 16.94 14.46 13.97 14.35 15.12 16.31 17.05 18.52 20.39 23.07 23.96 24.79 28.35 29.29 25.30 20.77 20.19 19.52 17.92 17.76 18.18 19.16 20.22 22.63 22.48 23.77 23.54 23.06 20.77 20.07 19.33 17.35 15.25 15.35 13.42 12.55 9.15 11.56 10.99 9.32 7.86 7.48 3.98 6.89 8.16 7.21 9.02 11.58 12.76 12.69 13.74 16.64 16.61 17.27 17.63 19.88 19.28 19.59 19.72 20.38 19.06 16.39 17.15 15.82 16.88 17.99 17.37 15.32 17.19 18.29 18.28 17.60 20.00 21.35 23.30 22.79 25.85 24.78 21.55 17.79 15.68 14.06 12.70 11.59 13.33 12.55 16.24 18.05 20.59 22.35 25.64 27.96 29.11 29.14 28.16 26.37 25.48 23.42 23.02 22.14 19.87 19.22 20.33 20.60 20.11 21.50 21.70 22.89 26.17 26.18 29.50 27.99 26.79 28.22 29.79 27.89 26.32 28.26 27.26 28.19 26.39 24.53 24.21 24.97 22.74 22.53 25.11 24.56 22.42 23.59 25.48 24.32 23.62 25.62 27.17 24.81 
20.22 16.76 14.16 13.30 14.73 15.13 15.79 16.82 17.87 19.38 21.45 22.87 23.98 27.46 28.32 24.46 20.59 20.06 19.17 17.51 17.78 17.74 18.51 19.41 22.17 21.78 23.27 23.48 22.18 19.76 18.88 18.36 17.46 15.19 15.57 13.55 14.86 11.84 11.50 11.63 11.11 7.43 7.07 6.89 4.56 6.89 7.88 7.84 7.08 9.64 11.89 11.85 12.99 15.05 15.67 16.54 17.95 17.08 17.01 17.34 16.78 14.94 12.86 13.95 13.25 14.80 16.58 15.50 14.46 16.33 17.26 17.86 17.44 19.75 20.95 23.22 22.88 25.54 24.63 22.68 18.98 17.40 15.30 15.05 13.01 14.09 13.06 16.45 17.23 19.89 21.24 24.56 26.00 27.13 27.50 26.53 24.35 24.08 22.00 22.08 21.25 19.42 18.93 19.69 19.87 19.61 20.61 21.36 22.16 24.70 25.05 28.36 26.85 25.94 27.25 29.00 27.29 25.96 27.64 26.90 27.71 26.10 23.93 23.37 24.08 22.42 21.89 24.39 23.89 22.21 23.37 25.18 24.37 23.33 25.41 27.93 25.20 
19.66 16.58 13.99 12.79 13.93 14.71 15.52 16.18 17.45 19.15 20.90 22.58 23.84 27.18 27.92 24.25 20.28 19.70 18.69 16.54 16.85 17.63 17.72 18.65 21.53 21.80 22.93 22.49 21.25 19.11 18.26 18.00 17.43 15.71 16.08 13.06 15.04 10.26 12.01 11.53 11.23 6.14 6.41 8.16 6.89 4.59 6.18 8.09 7.00 7.08 10.72 12.85 12.89 13.51 15.61 16.62 17.52 17.24 17.94 18.08 17.62 15.75 14.21 14.59 13.94 15.52 18.17 17.71 15.34 17.29 18.18 18.54 17.58 19.94 20.98 23.24 22.87 25.87 25.25 22.86 19.93 17.25 16.22 15.09 14.48 14.46 14.28 16.14 17.00 18.78 20.54 23.52 24.91 26.41 26.24 25.38 23.39 23.05 20.64 20.82 20.34 18.59 17.89 19.34 19.75 18.99 20.26 20.67 21.53 24.36 24.53 27.87 26.20 25.25 26.47 28.06 26.42 25.08 26.73 25.63 26.72 25.36 22.98 22.52 23.36 21.32 20.75 23.39 22.83 20.71 22.01 24.00 22.72 22.16 24.22 26.07 23.98 
18.49 15.23 13.34 11.71 12.25 13.12 13.34 14.63 15.57 17.69 19.60 21.54 22.58 26.10 27.02 23.58 19.45 19.36 18.41 16.01 15.36 15.64 16.31 16.49 18.98 19.15 20.09 19.70 17.98 16.10 15.45 14.20 12.14 10.71 11.20 9.55 7.94 4.86 8.48 11.36 8.43 4.97 7.88 7.21 7.88 6.18 5.37 6.81 8.21 5.66 7.93 10.58 12.54 10.85 12.81 13.81 15.44 14.68 16.66 15.34 16.45 14.08 12.90 13.78 12.84 13.66 17.34 17.24 14.31 15.97 17.61 17.52 16.56 19.28 20.14 22.00 21.30 24.27 23.96 21.56 18.71 16.30 15.26 14.22 12.87 13.11 12.19 13.97 14.05 17.00 18.49 21.46 23.25 24.54 24.44 23.69 21.50 20.98 18.85 19.08 18.33 15.22 14.83 16.95 17.18 16.44 18.36 18.96 19.74 22.81 23.18 26.44 25.06 23.88 25.36 27.03 25.11 23.98 25.65 24.54 25.18 23.91 21.76 21.40 21.98 20.09 19.70 22.23 21.51 19.79 20.86 22.52 21.32 21.12 23.26 25.24 22.71 
19.01 15.47 12.36 11.91 12.33 11.90 10.98 13.72 14.60 16.71 18.57 21.32 22.64 26.23 26.79 23.72 19.72 19.14 17.88 15.77 14.85 14.67 15.57 16.42 18.48 18.47 19.86 19.16 17.75 15.73 14.06 13.19 12.59 11.27 12.01 9.63 12.15 8.89 11.74 12.62 12.81 10.11 11.02 9.02 7.84 8.09 6.81 5.19 7.03 8.44 6.84 5.94 10.03 11.71 11.46 10.78 13.40 13.89 12.50 12.06 13.25 11.33 9.72 12.47 11.92 13.33 16.44 16.96 14.57 16.38 17.00 17.34 17.02 19.73 20.44 22.30 22.16 25.54 24.82 22.18 19.52 16.87 15.53 14.07 12.26 12.83 11.08 12.35 12.63 15.40 16.93 19.68 21.79 23.54 23.18 22.46 20.41 20.30 17.98 18.44 17.62 15.01 14.41 16.54 16.87 16.36 17.88 18.40 19.50 22.60 22.54 26.13 24.57 23.46 24.53 26.68 24.66 23.23 24.74 24.19 24.75 23.19 20.87 20.84 21.48 19.59 19.08 22.08 21.32 19.58 20.55 22.66 20.25 20.93 22.60 24.70 22.12 
20.85 17.47 14.53 12.88 14.38 14.52 13.97 14.98 15.75 17.55 19.50 21.60 23.61 26.75 26.97 24.24 21.24 20.09 18.32 16.45 16.70 16.00 16.31 16.89 19.81 19.72 20.97 20.71 19.18 17.17 15.53 14.71 14.51 13.48 14.23 12.28 15.17 12.89 13.51 13.87 13.43 9.53 11.78 11.58 7.08 7.00 8.21 7.03 5.34 8.18 8.49 7.45 7.43 10.62 11.43 11.23 12.31 11.65 9.57 10.45 10.47 8.80 8.11 11.72 11.84 14.29 17.65 18.54 16.77 18.12 18.55 19.40 19.05 21.32 21.69 24.41 24.45 27.26 26.67 24.47 21.76 19.36 17.79 17.03 15.62 14.87 13.13 14.42 14.29 15.64 16.97 19.59 21.60 22.28 22.51 21.62 19.90 19.39 17.80 18.12 18.34 15.86 15.68 16.86 17.67 17.51 18.70 19.01 20.12 22.70 22.63 25.58 24.53 23.63 24.78 26.58 25.18 24.13 25.70 24.83 25.71 24.43 22.01 21.53 22.32 20.43 19.61 22.26 22.02 20.55 21.46 23.13 21.29 21.03 23.40 25.28 22.74 
