1.38 4.94 5.52 7.28 9.45 10.49 13.06 13.81 14.18 15.59 17.44 16.52 16.29 16.81 16.80 16.33 16.41 17.52 17.21 17.88 18.64 19.54 19.49 20.34 20.99 20.73 19.94 20.09 19.55 17.91 17.35 18.02 17.80 16.52 17.58 18.43 18.54 18.70 20.41 20.16 20.28 22.00 23.08 22.96 22.31 23.40 23.56 22.18 21.45 21.92 22.97 20.09 20.07 21.03 22.17 20.27 19.77 19.64 22.58 23.30 23.48 
4.94 0.00 2.68 5.04 6.81 8.47 10.47 10.82 10.78 13.22 15.27 14.33 14.34 14.17 15.43 13.83 14.09 15.27 15.96 15.74 16.63 17.60 18.36 18.83 19.71 19.61 19.34 19.32 18.01 16.24 15.81 17.46 16.73 14.78 16.02 17.09 17.43 16.54 18.85 17.95 18.53 20.21 21.81 20.59 20.08 20.94 21.42 19.14 19.35 19.17 20.94 17.40 18.15 18.27 19.82 16.78 16.50 18.33 21.02 21.19 22.67 
5.52 2.68 1.57 4.36 6.81 7.54 10.18 10.80 10.60 13.48 15.89 15.48 15.54 15.46 16.70 16.37 16.10 17.08 17.80 18.26 18.57 19.24 20.29 20.73 20.74 21.22 20.94 20.48 18.61 17.64 17.75 18.43 17.76 17.24 17.95 18.21 18.53 18.90 19.88 19.97 19.47 21.38 22.53 21.94 20.27 21.39 21.52 19.66 19.41 19.92 21.48 18.80 18.97 19.69 20.75 19.24 17.35 18.65 21.83 23.26 23.10 
7.28 5.04 4.36 1.77 5.49 6.81 8.12 9.70 10.37 12.52 14.48 15.43 15.80 15.57 16.66 16.04 17.01 17.83 17.76 18.58 19.20 19.57 19.54 20.76 21.01 21.16 19.96 20.24 18.85 18.25 17.25 18.23 17.88 16.87 17.76 17.87 19.28 18.43 19.24 19.17 20.12 20.69 21.41 20.91 20.27 21.04 21.00 18.87 19.21 19.00 20.27 17.71 19.56 18.91 20.50 17.23 19.08 19.23 23.46 22.94 27.97 
9.45 6.81 6.81 5.49 2.48 6.03 7.59 7.46 8.75 10.31 11.39 12.38 11.90 12.40 12.58 12.17 11.99 13.56 13.62 14.31 14.44 15.06 14.54 16.12 16.91 16.55 15.73 16.31 15.66 14.02 13.69 14.61 14.15 12.54 13.86 14.73 15.20 14.61 16.04 15.76 16.16 18.00 18.56 18.36 17.20 18.97 18.65 16.40 15.91 16.42 17.01 13.40 14.54 15.84 16.31 14.62 16.96 16.78 19.15 21.15 20.25 
10.49 8.47 7.54 6.81 6.03 1.74 7.06 7.74 6.94 9.27 10.66 11.56 11.26 11.44 12.64 12.69 11.72 13.71 14.35 14.89 15.03 16.32 16.33 17.05 18.01 17.99 17.66 17.36 16.32 14.77 14.68 16.16 15.36 14.18 14.79 16.16 16.00 15.41 16.71 16.61 16.79 18.70 19.50 18.87 18.05 19.24 18.96 15.99 16.25 16.40 16.90 13.28 14.81 16.07 16.66 14.39 16.19 17.90 18.58 20.87 21.77 
13.06 10.47 10.18 8.12 7.59 7.06 5.21 7.10 7.45 8.18 10.73 11.92 12.11 12.27 14.20 14.70 14.85 15.60 16.99 18.02 18.09 18.85 19.11 19.91 19.92 20.61 20.47 19.51 17.96 17.32 17.78 18.28 18.21 17.29 18.36 18.44 18.56 17.98 19.37 19.18 19.59 21.27 22.34 21.66 20.19 21.53 21.44 18.65 18.61 18.45 19.61 16.28 16.73 17.70 18.10 17.84 18.69 18.14 20.06 22.61 22.98 
13.81 10.82 10.80 9.70 7.46 7.74 7.10 2.72 6.50 8.07 8.80 9.74 10.84 12.30 13.25 13.32 14.41 16.90 16.52 17.64 17.53 18.44 18.35 19.37 19.18 19.58 19.36 19.05 17.28 17.48 17.01 17.97 17.27 16.89 17.09 17.92 17.97 17.48 18.21 17.55 18.45 20.22 20.72 19.61 18.91 20.35 19.92 15.71 17.17 17.31 17.48 14.64 16.49 16.62 16.80 16.35 17.12 17.45 18.47 21.62 23.80 
14.18 10.78 10.60 10.37 8.75 6.94 7.45 6.50 3.29 5.40 6.65 6.85 7.39 9.61 10.39 10.04 11.54 14.19 14.54 15.03 14.59 16.50 16.37 17.91 18.09 18.71 18.60 18.46 16.30 15.56 16.05 16.99 16.22 14.25 15.08 15.62 15.66 14.40 16.20 15.10 15.47 16.82 17.39 16.16 15.04 16.34 15.76 11.95 14.01 13.93 13.18 10.40 13.23 13.62 11.94 12.70 13.73 16.72 16.93 21.19 22.47 
15.59 13.22 13.48 12.52 10.31 9.27 8.18 8.07 5.40 2.37 6.11 7.47 6.52 8.69 10.44 11.20 11.79 14.26 15.61 16.81 16.67 18.10 19.02 19.57 20.43 20.21 20.77 20.14 18.36 17.50 18.19 19.57 18.96 17.98 18.13 18.88 17.83 17.29 18.48 17.86 17.81 19.48 19.80 18.73 17.16 18.44 18.40 15.38 16.13 16.26 16.42 14.14 15.16 15.65 15.08 15.36 15.63 17.16 19.02 21.56 23.70 
17.44 15.27 15.89 14.48 11.39 10.66 10.73 8.80 6.65 6.11 4.67 7.01 8.26 7.36 8.62 11.17 12.41 13.74 14.52 16.95 17.31 18.29 18.73 20.65 20.88 21.26 21.21 20.48 19.00 17.73 18.91 19.76 20.23 18.86 20.36 19.70 19.11 17.74 20.59 18.21 18.80 20.61 22.03 19.31 17.90 19.29 20.06 16.20 17.65 17.21 18.65 15.30 16.77 16.83 17.47 17.06 16.29 18.61 20.34 23.55 24.94 
16.52 14.33 15.48 15.43 12.38 11.56 11.92 9.74 6.85 7.47 7.01 1.87 6.21 8.10 6.98 6.99 9.22 12.87 12.14 14.41 14.79 16.63 16.96 19.25 19.03 19.64 19.45 19.12 17.27 16.44 16.50 17.88 17.84 15.94 16.30 16.81 15.95 13.71 15.11 12.38 13.82 16.12 16.27 12.46 13.27 16.22 15.34 9.89 13.48 16.77 15.08 12.31 14.34 16.67 14.61 15.49 15.86 18.26 19.48 22.97 23.33 
16.29 14.34 15.54 15.80 11.90 11.26 12.11 10.84 7.39 6.52 8.26 6.21 3.65 6.20 7.91 6.11 7.16 9.77 11.61 12.17 11.60 13.96 15.33 16.34 16.96 17.63 18.08 18.20 16.63 15.49 16.09 17.29 17.21 14.95 15.38 16.13 16.06 13.17 14.58 12.83 13.88 14.10 15.00 12.67 13.27 14.32 13.17 8.54 12.63 13.17 11.72 9.16 13.32 12.76 11.14 12.81 13.70 16.85 17.33 22.24 22.12 
16.81 14.17 15.46 15.57 12.40 11.44 12.27 12.30 9.61 8.69 7.36 8.10 6.20 3.13 6.37 7.99 6.75 7.40 9.86 12.88 12.18 13.27 14.92 17.08 16.81 16.77 17.42 19.14 16.33 16.39 16.67 19.13 18.39 16.35 16.77 17.68 14.70 13.79 15.48 14.84 14.91 16.41 17.52 16.06 15.23 16.37 16.56 14.41 15.07 15.82 15.87 14.27 14.43 15.66 15.49 15.95 15.57 17.61 19.30 22.76 22.38 
16.80 15.43 16.70 16.66 12.58 12.64 14.20 13.25 10.39 10.44 8.62 6.98 7.91 6.37 4.66 6.58 8.19 6.92 7.55 11.02 12.66 13.01 13.03 15.33 16.22 16.09 16.04 16.06 14.33 14.12 15.65 16.41 16.41 13.12 16.35 15.35 11.92 10.35 15.33 13.72 14.22 15.90 17.61 15.38 14.26 15.27 16.48 14.38 14.52 15.55 16.36 13.23 14.72 15.37 16.14 15.96 15.07 18.15 19.71 23.33 23.37 
16.33 13.83 16.37 16.04 12.17 12.69 14.70 13.32 10.04 11.20 11.17 6.99 6.11 7.99 6.58 1.89 5.89 8.21 6.93 8.45 10.20 12.24 12.62 15.65 15.77 15.69 15.39 16.91 13.62 12.52 12.68 15.26 14.17 10.58 12.70 14.90 11.80 9.20 12.30 10.73 11.44 13.18 13.98 11.21 9.77 12.81 12.30 8.14 7.54 13.28 12.44 8.70 10.74 14.89 13.52 13.90 15.17 18.35 18.76 22.13 22.35 
16.41 14.09 16.10 17.01 11.99 11.72 14.85 14.41 11.54 11.79 12.41 9.22 7.16 6.75 8.19 5.89 3.03 6.76 8.38 7.37 7.67 10.11 11.27 13.18 14.19 14.78 15.61 15.85 14.79 13.40 14.23 15.14 15.08 12.04 14.14 14.99 14.63 12.16 14.35 13.26 13.94 14.12 15.19 13.57 13.35 13.74 14.51 10.92 9.78 12.90 13.20 8.67 10.48 14.16 13.67 13.05 14.44 18.50 19.13 22.63 23.33 
17.52 15.27 17.08 17.83 13.56 13.71 15.60 16.90 14.19 14.26 13.74 12.87 9.77 7.40 6.92 8.21 6.76 3.61 7.33 8.82 9.24 10.22 11.04 13.69 13.68 15.41 14.41 16.83 13.29 15.03 14.58 17.00 15.04 13.70 14.68 16.29 12.69 13.86 16.13 15.52 15.24 16.82 16.95 16.81 15.27 16.60 16.52 14.97 13.85 14.84 15.13 13.37 13.12 15.88 17.37 17.22 16.78 19.68 21.09 23.54 23.92 
17.21 15.96 17.80 17.76 13.62 14.35 16.99 16.52 14.54 15.61 14.52 12.14 11.61 9.86 7.55 6.93 8.38 7.33 4.25 7.80 8.99 9.22 9.53 11.65 11.23 12.81 12.79 11.80 8.38 10.51 12.89 12.91 10.33 8.17 12.96 12.97 8.86 9.79 15.05 13.27 13.22 14.16 15.92 14.29 13.11 14.51 14.61 13.59 10.63 13.99 13.92 12.08 13.54 15.60 16.49 16.48 15.51 18.61 20.16 23.06 23.84 
17.88 15.74 18.26 18.58 14.31 14.89 18.02 17.64 15.03 16.81 16.95 14.41 12.17 12.88 11.02 8.45 7.37 8.82 7.80 3.75 8.19 9.71 10.10 13.85 12.99 13.87 13.10 14.70 11.60 10.33 11.17 14.65 12.61 9.69 12.00 14.63 12.32 11.31 14.61 13.28 12.82 13.52 14.40 12.15 9.25 11.12 12.73 9.35 4.70 10.76 13.34 10.55 11.05 16.00 16.73 16.57 16.22 20.22 20.75 23.31 24.04 
18.64 16.63 18.57 19.20 14.44 15.03 18.09 17.53 14.59 16.67 17.31 14.79 11.60 12.18 12.66 10.20 7.67 9.24 8.99 8.19 5.97 7.31 8.36 11.28 11.87 11.50 12.47 12.92 12.15 12.42 12.91 14.02 14.35 12.10 14.11 15.42 15.52 13.72 16.57 15.16 14.99 14.57 16.15 14.67 12.94 13.99 14.00 11.52 8.37 11.92 13.68 10.76 11.19 15.40 16.42 15.29 14.57 19.10 20.59 24.24 24.94 
19.54 17.60 19.24 19.57 15.06 16.32 18.85 18.44 16.50 18.10 18.29 16.63 13.96 13.27 13.01 12.24 10.11 10.22 9.22 9.71 7.31 5.33 6.54 9.61 6.94 8.81 9.82 12.85 10.45 12.45 13.14 15.65 14.56 13.14 15.11 16.77 15.23 15.55 17.82 16.35 16.43 16.57 17.45 16.61 15.00 16.24 15.33 14.35 13.02 14.27 14.85 13.58 13.94 16.88 18.24 17.64 17.02 20.70 21.97 24.22 25.26 
19.49 18.36 20.29 19.54 14.54 16.33 19.11 18.35 16.37 19.02 18.73 16.96 15.33 14.92 13.03 12.62 11.27 11.04 9.53 10.10 8.36 6.54 3.98 6.75 4.87 7.20 7.54 10.91 10.54 13.13 13.96 15.87 15.67 13.67 16.47 16.90 14.91 15.81 18.65 17.09 17.63 17.81 18.21 16.36 14.69 15.48 15.09 14.03 12.27 14.41 14.42 13.22 14.84 16.00 18.30 17.73 17.19 20.19 22.04 24.79 25.44 
20.34 18.83 20.73 20.76 16.12 17.05 19.91 19.37 17.91 19.57 20.65 19.25 16.34 17.08 15.33 15.65 13.18 13.69 11.65 13.85 11.28 9.61 6.75 6.19 6.29 6.86 10.15 12.09 12.29 15.93 16.53 18.09 17.56 16.43 18.70 19.80 17.89 18.52 20.81 19.44 19.66 20.34 21.69 19.42 17.40 19.29 18.72 17.05 14.35 16.36 16.39 15.73 16.20 18.64 19.85 19.77 18.98 22.17 23.41 25.32 25.76 
20.99 19.71 20.74 21.01 16.91 18.01 19.92 19.18 18.09 20.43 20.88 19.03 16.96 16.81 16.22 15.77 14.19 13.68 11.23 12.99 11.87 6.94 4.87 6.29 4.94 5.47 8.53 9.81 11.38 14.10 16.69 17.13 16.11 16.43 18.97 19.28 17.69 18.95 21.84 20.19 20.05 21.63 22.40 20.78 18.90 20.89 20.42 18.88 16.59 18.37 17.84 16.30 17.57 18.62 21.15 19.42 18.40 21.11 23.25 26.56 26.28 
20.73 19.61 21.22 21.16 16.55 17.99 20.61 19.58 18.71 20.21 21.26 19.64 17.63 16.77 16.09 15.69 14.78 15.41 12.81 13.87 11.50 8.81 7.20 6.86 5.47 5.91 7.91 9.52 9.81 12.75 15.18 16.64 15.10 15.81 17.86 18.41 18.07 18.84 21.39 19.34 20.45 20.89 21.80 20.08 19.20 20.03 20.11 18.67 17.71 18.22 18.23 17.73 18.07 19.34 21.06 20.26 19.18 21.33 23.39 25.17 26.08 
19.94 19.34 20.94 19.96 15.73 17.66 20.47 19.36 18.60 20.77 21.21 19.45 18.08 17.42 16.04 15.39 15.61 14.41 12.79 13.10 12.47 9.82 7.54 10.15 8.53 7.91 6.09 8.71 9.62 11.60 14.00 14.74 14.47 14.49 16.43 16.30 16.53 16.05 18.97 17.53 18.76 17.54 18.95 17.20 16.53 16.69 16.50 15.41 14.95 15.69 16.94 16.62 18.06 18.06 20.81 19.92 19.26 21.11 23.22 26.00 26.20 
20.09 19.32 20.48 20.24 16.31 17.36 19.51 19.05 18.46 20.14 20.48 19.12 18.20 19.14 16.06 16.91 15.85 16.83 11.80 14.70 12.92 12.85 10.91 12.09 9.81 9.52 8.71 8.00 8.17 11.06 13.20 13.89 13.13 14.32 15.46 15.34 14.88 15.36 17.92 17.01 17.30 17.21 18.42 16.39 15.89 16.29 16.66 15.08 15.30 14.85 15.40 15.43 17.22 18.47 20.11 19.91 19.41 22.07 23.18 25.24 25.59 
19.55 18.01 18.61 18.85 15.66 16.32 17.96 17.28 16.30 18.36 19.00 17.27 16.63 16.33 14.33 13.62 14.79 13.29 8.38 11.60 12.15 10.45 10.54 12.29 11.38 9.81 9.62 8.17 6.93 8.52 11.55 10.40 8.46 10.19 13.48 11.23 9.98 12.97 15.96 14.41 14.76 15.38 17.36 15.77 13.85 16.00 15.85 14.09 13.82 14.66 15.31 14.40 16.26 17.44 19.72 18.26 17.63 20.59 22.05 25.38 24.92 
17.91 16.24 17.64 18.25 14.02 14.77 17.32 17.48 15.56 17.50 17.73 16.44 15.49 16.39 14.12 12.52 13.40 15.03 10.51 10.33 12.42 12.45 13.13 15.93 14.10 12.75 11.60 11.06 8.52 6.87 8.93 11.65 9.15 8.98 10.42 12.00 11.54 12.48 15.10 13.53 13.71 13.88 15.16 13.04 11.44 11.82 13.22 11.78 10.66 13.46 14.68 14.39 14.94 17.67 18.78 17.91 16.69 20.51 21.14 23.45 24.03 
17.35 15.81 17.75 17.25 13.69 14.68 17.78 17.01 16.05 18.19 18.91 16.50 16.09 16.67 15.65 12.68 14.23 14.58 12.89 11.17 12.91 13.14 13.96 16.53 16.69 15.18 14.00 13.20 11.55 8.93 8.70 10.87 12.28 8.74 10.32 11.50 12.94 10.96 13.12 11.56 12.24 7.44 9.59 8.15 7.46 6.32 8.76 8.53 9.09 11.18 13.93 13.67 15.49 17.23 18.70 17.87 16.78 19.80 20.50 23.55 23.99 
18.02 17.46 18.43 18.23 14.61 16.16 18.28 17.97 16.99 19.57 19.76 17.88 17.29 19.13 16.41 15.26 15.14 17.00 12.91 14.65 14.02 15.65 15.87 18.09 17.13 16.64 14.74 13.89 10.40 11.65 10.87 7.90 9.74 11.70 10.74 9.50 12.06 12.96 14.91 13.91 14.29 11.80 14.58 13.29 13.35 12.98 14.75 13.88 14.93 15.31 16.32 16.63 17.44 19.87 20.46 20.16 18.58 22.00 22.31 24.96 24.78 
17.80 16.73 17.76 17.88 14.15 15.36 18.21 17.27 16.22 18.96 20.23 17.84 17.21 18.39 16.41 14.17 15.08 15.04 10.33 12.61 14.35 14.56 15.67 17.56 16.11 15.10 14.47 13.13 8.46 9.15 12.28 9.74 7.31 8.68 11.77 9.49 10.81 12.05 15.13 13.33 15.27 14.27 15.96 15.65 13.36 15.48 16.54 14.34 14.34 16.11 17.47 16.94 18.86 19.91 21.58 20.09 18.56 20.94 22.48 25.53 24.94 
16.52 14.78 17.24 16.87 12.54 14.18 17.29 16.89 14.25 17.98 18.86 15.94 14.95 16.35 13.12 10.58 12.04 13.70 8.17 9.69 12.10 13.14 13.67 16.43 16.43 15.81 14.49 14.32 10.19 8.98 8.74 11.70 8.68 5.61 8.23 10.19 9.47 9.58 12.32 11.47 12.02 12.45 14.26 12.88 9.79 12.50 13.49 11.78 10.82 15.13 16.46 15.95 17.35 19.85 20.66 19.92 18.34 21.80 21.86 24.15 24.43 
17.58 16.02 17.95 17.76 13.86 14.79 18.36 17.09 15.08 18.13 20.36 16.30 15.38 16.77 16.35 12.70 14.14 14.68 12.96 12.00 14.11 15.11 16.47 18.70 18.97 17.86 16.43 15.46 13.48 10.42 10.32 10.74 11.77 8.23 8.03 9.73 11.55 9.11 12.13 11.72 12.23 11.99 14.72 13.50 11.99 13.85 14.67 13.94 13.90 16.50 18.33 17.67 18.95 20.15 20.99 19.59 18.25 21.10 22.67 25.12 24.94 
18.43 17.09 18.21 17.87 14.73 16.16 18.44 17.92 15.62 18.88 19.70 16.81 16.13 17.68 15.35 14.90 14.99 16.29 12.97 14.63 15.42 16.77 16.90 19.80 19.28 18.41 16.30 15.34 11.23 12.00 11.50 9.50 9.49 10.19 9.73 6.78 10.02 10.23 12.51 11.99 13.35 14.61 16.22 14.91 15.04 16.87 16.85 16.54 16.55 18.05 19.37 18.93 19.73 20.98 22.33 21.35 19.85 23.02 24.10 25.87 25.40 
18.54 17.43 18.53 19.28 15.20 16.00 18.56 17.97 15.66 17.83 19.11 15.95 16.06 14.70 11.92 11.80 14.63 12.69 8.86 12.32 15.52 15.23 14.91 17.89 17.69 18.07 16.53 14.88 9.98 11.54 12.94 12.06 10.81 9.47 11.55 10.02 8.90 8.20 11.46 10.37 12.56 13.47 15.08 14.75 14.48 16.63 16.48 15.89 16.08 18.00 19.58 18.80 20.87 21.59 22.79 21.30 20.66 22.46 24.06 26.81 26.12 
18.70 16.54 18.90 18.43 14.61 15.41 17.98 17.48 14.40 17.29 17.74 13.71 13.17 13.79 10.35 9.20 12.16 13.86 9.79 11.31 13.72 15.55 15.81 18.52 18.95 18.84 16.05 15.36 12.97 12.48 10.96 12.96 12.05 9.58 9.11 10.23 8.20 4.58 7.28 7.40 8.70 10.84 11.59 11.54 11.23 13.40 13.83 13.40 13.80 16.24 17.27 16.61 18.79 20.21 21.14 19.58 20.35 22.57 23.46 24.72 25.15 
20.41 18.85 19.88 19.24 16.04 16.71 19.37 18.21 16.20 18.48 20.59 15.11 14.58 15.48 15.33 12.30 14.35 16.13 15.05 14.61 16.57 17.82 18.65 20.81 21.84 21.39 18.97 17.92 15.96 15.10 13.12 14.91 15.13 12.32 12.13 12.51 11.46 7.28 9.41 8.81 10.51 11.07 13.78 12.32 12.75 14.70 14.81 15.18 15.63 17.65 18.94 18.64 19.49 20.29 21.29 20.58 20.45 22.50 23.87 26.06 25.91 
20.16 17.95 19.97 19.17 15.76 16.61 19.18 17.55 15.10 17.86 18.21 12.38 12.83 14.84 13.72 10.73 13.26 15.52 13.27 13.28 15.16 16.35 17.09 19.44 20.19 19.34 17.53 17.01 14.41 13.53 11.56 13.91 13.33 11.47 11.72 11.99 10.37 7.40 8.81 4.46 6.89 8.71 8.04 7.49 8.90 11.68 10.11 11.26 12.57 14.75 16.44 16.77 17.24 18.60 19.98 18.61 18.79 21.62 22.78 24.61 24.62 
20.28 18.53 19.47 20.12 16.16 16.79 19.59 18.45 15.47 17.81 18.80 13.82 13.88 14.91 14.22 11.44 13.94 15.24 13.22 12.82 14.99 16.43 17.63 19.66 20.05 20.45 18.76 17.30 14.76 13.71 12.24 14.29 15.27 12.02 12.23 13.35 12.56 8.70 10.51 6.89 6.67 7.90 8.15 7.53 8.71 10.62 9.70 11.69 12.33 14.45 15.68 15.74 16.74 18.33 18.77 18.05 17.64 20.99 21.96 25.07 25.08 
22.00 20.21 21.38 20.69 18.00 18.70 21.27 20.22 16.82 19.48 20.61 16.12 14.10 16.41 15.90 13.18 14.12 16.82 14.16 13.52 14.57 16.57 17.81 20.34 21.63 20.89 17.54 17.21 15.38 13.88 7.44 11.80 14.27 12.45 11.99 14.61 13.47 10.84 11.07 8.71 7.90 5.14 6.62 7.43 8.15 7.34 8.38 11.25 11.72 13.41 15.80 15.49 16.43 17.88 19.10 18.34 18.85 20.94 22.22 24.42 25.05 
23.08 21.81 22.53 21.41 18.56 19.50 22.34 20.72 17.39 19.80 22.03 16.27 15.00 17.52 17.61 13.98 15.19 16.95 15.92 14.40 16.15 17.45 18.21 21.69 22.40 21.80 18.95 18.42 17.36 15.16 9.59 14.58 15.96 14.26 14.72 16.22 15.08 11.59 13.78 8.04 8.15 6.62 6.61 6.23 7.73 6.04 5.79 8.52 10.09 11.04 14.12 15.73 16.43 17.39 18.08 18.33 18.84 21.14 21.74 24.92 25.40 
22.96 20.59 21.94 20.91 18.36 18.87 21.66 19.61 16.16 18.73 19.31 12.46 12.67 16.06 15.38 11.21 13.57 16.81 14.29 12.15 14.67 16.61 16.36 19.42 20.78 20.08 17.20 16.39 15.77 13.04 8.15 13.29 15.65 12.88 13.50 14.91 14.75 11.54 12.32 7.49 7.53 7.43 6.23 4.17 6.95 7.21 4.72 6.57 9.51 10.14 11.45 12.50 14.86 16.96 16.95 16.82 17.84 19.49 20.57 22.35 23.63 
22.31 20.08 20.27 20.27 17.20 18.05 20.19 18.91 15.04 17.16 17.90 13.27 13.27 15.23 14.26 9.77 13.35 15.27 13.11 9.25 12.94 15.00 14.69 17.40 18.90 19.20 16.53 15.89 13.85 11.44 7.46 13.35 13.36 9.79 11.99 15.04 14.48 11.23 12.75 8.90 8.71 8.15 7.73 6.95 5.20 7.01 7.56 7.32 7.75 9.66 11.34 11.67 13.11 15.07 14.87 15.37 15.23 18.33 19.00 21.81 23.08 
23.40 20.94 21.39 21.04 18.97 19.24 21.53 20.35 16.34 18.44 19.29 16.22 14.32 16.37 15.27 12.81 13.74 16.60 14.51 11.12 13.99 16.24 15.48 19.29 20.89 20.03 16.69 16.29 16.00 11.82 6.32 12.98 15.48 12.50 13.85 16.87 16.63 13.40 14.70 11.68 10.62 7.34 6.04 7.21 7.01 3.60 5.57 8.08 6.64 8.64 10.89 11.77 12.66 15.16 15.87 17.37 17.66 18.93 20.19 21.70 22.84 
23.56 21.42 21.52 21.00 18.65 18.96 21.44 19.92 15.76 18.40 20.06 15.34 13.17 16.56 16.48 12.30 14.51 16.52 14.61 12.73 14.00 15.33 15.09 18.72 20.42 20.11 16.50 16.66 15.85 13.22 8.76 14.75 16.54 13.49 14.67 16.85 16.48 13.83 14.81 10.11 9.70 8.38 5.79 4.72 7.56 5.57 5.83 6.08 7.77 6.75 9.13 9.95 12.07 13.47 14.16 15.38 16.27 18.39 19.02 21.46 22.57 
22.18 19.14 19.66 18.87 16.40 15.99 18.65 15.71 11.95 15.38 16.20 9.89 8.54 14.41 14.38 8.14 10.92 14.97 13.59 9.35 11.52 14.35 14.03 17.05 18.88 18.67 15.41 15.08 14.09 11.78 8.53 13.88 14.34 11.78 13.94 16.54 15.89 13.40 15.18 11.26 11.69 11.25 8.52 6.57 7.32 8.08 6.08 3.51 6.07 7.44 6.95 7.71 9.42 12.07 12.03 13.85 15.76 16.85 17.79 19.41 20.68 
21.45 19.35 19.41 19.21 15.91 16.25 18.61 17.17 14.01 16.13 17.65 13.48 12.63 15.07 14.52 7.54 9.78 13.85 10.63 4.70 8.37 13.02 12.27 14.35 16.59 17.71 14.95 15.30 13.82 10.66 9.09 14.93 14.34 10.82 13.90 16.55 16.08 13.80 15.63 12.57 12.33 11.72 10.09 9.51 7.75 6.64 7.77 6.07 2.58 5.42 7.98 6.34 8.70 10.27 11.67 12.45 13.67 15.23 16.54 19.01 20.11 
21.92 19.17 19.92 19.00 16.42 16.40 18.45 17.31 13.93 16.26 17.21 16.77 13.17 15.82 15.55 13.28 12.90 14.84 13.99 10.76 11.92 14.27 14.41 16.36 18.37 18.22 15.69 14.85 14.66 13.46 11.18 15.31 16.11 15.13 16.50 18.05 18.00 16.24 17.65 14.75 14.45 13.41 11.04 10.14 9.66 8.64 6.75 7.44 5.42 2.08 5.88 7.27 7.09 8.37 10.12 12.78 14.23 14.68 15.36 17.95 19.71 
22.97 20.94 21.48 20.27 17.01 16.90 19.61 17.48 13.18 16.42 18.65 15.08 11.72 15.87 16.36 12.44 13.20 15.13 13.92 13.34 13.68 14.85 14.42 16.39 17.84 18.23 16.94 15.40 15.31 14.68 13.93 16.32 17.47 16.46 18.33 19.37 19.58 17.27 18.94 16.44 15.68 15.80 14.12 11.45 11.34 10.89 9.13 6.95 7.98 5.88 4.14 5.88 8.36 7.98 9.60 11.59 13.28 13.45 15.63 17.71 19.36 
20.09 17.40 18.80 17.71 13.40 13.28 16.28 14.64 10.40 14.14 15.30 12.31 9.16 14.27 13.23 8.70 8.67 13.37 12.08 10.55 10.76 13.58 13.22 15.73 16.30 17.73 16.62 15.43 14.40 14.39 13.67 16.63 16.94 15.95 17.67 18.93 18.80 16.61 18.64 16.77 15.74 15.49 15.73 12.50 11.67 11.77 9.95 7.71 6.34 7.27 5.88 1.81 5.47 7.91 7.58 9.60 10.29 12.61 12.86 15.40 16.92 
20.07 18.15 18.97 19.56 14.54 14.81 16.73 16.49 13.23 15.16 16.77 14.34 13.32 14.43 14.72 10.74 10.48 13.12 13.54 11.05 11.19 13.94 14.84 16.20 17.57 18.07 18.06 17.22 16.26 14.94 15.49 17.44 18.86 17.35 18.95 19.73 20.87 18.79 19.49 17.24 16.74 16.43 16.43 14.86 13.11 12.66 12.07 9.42 8.70 7.09 8.36 5.47 3.76 6.83 8.98 7.95 8.05 10.33 12.74 14.44 16.94 
21.03 18.27 19.69 18.91 15.84 16.07 17.70 16.62 13.62 15.65 16.83 16.67 12.76 15.66 15.37 14.89 14.16 15.88 15.60 16.00 15.40 16.88 16.00 18.64 18.62 19.34 18.06 18.47 17.44 17.67 17.23 19.87 19.91 19.85 20.15 20.98 21.59 20.21 20.29 18.60 18.33 17.88 17.39 16.96 15.07 15.16 13.47 12.07 10.27 8.37 7.98 7.91 6.83 2.46 8.16 8.58 8.34 9.61 11.15 16.11 16.52 
22.17 19.82 20.75 20.50 16.31 16.66 18.10 16.80 11.94 15.08 17.47 14.61 11.14 15.49 16.14 13.52 13.67 17.37 16.49 16.73 16.42 18.24 18.30 19.85 21.15 21.06 20.81 20.11 19.72 18.78 18.70 20.46 21.58 20.66 20.99 22.33 22.79 21.14 21.29 19.98 18.77 19.10 18.08 16.95 14.87 15.87 14.16 12.03 11.67 10.12 9.60 7.58 8.98 8.16 5.42 6.86 6.08 10.35 10.85 13.12 17.96 
20.27 16.78 19.24 17.23 14.62 14.39 17.84 16.35 12.70 15.36 17.06 15.49 12.81 15.95 15.96 13.90 13.05 17.22 16.48 16.57 15.29 17.64 17.73 19.77 19.42 20.26 19.92 19.91 18.26 17.91 17.87 20.16 20.09 19.92 19.59 21.35 21.30 19.58 20.58 18.61 18.05 18.34 18.33 16.82 15.37 17.37 15.38 13.85 12.45 12.78 11.59 9.60 7.95 8.58 6.86 0.00 4.80 7.75 8.32 11.90 16.31 
19.77 16.50 17.35 19.08 16.96 16.19 18.69 17.12 13.73 15.63 16.29 15.86 13.70 15.57 15.07 15.17 14.44 16.78 15.51 16.22 14.57 17.02 17.19 18.98 18.40 19.18 19.26 19.41 17.63 16.69 16.78 18.58 18.56 18.34 18.25 19.85 20.66 20.35 20.45 18.79 17.64 18.85 18.84 17.84 15.23 17.66 16.27 15.76 13.67 14.23 13.28 10.29 8.05 8.34 6.08 4.80 0.00 4.19 5.83 10.76 14.53 
19.64 18.33 18.65 19.23 16.78 17.90 18.14 17.45 16.72 17.16 18.61 18.26 16.85 17.61 18.15 18.35 18.50 19.68 18.61 20.22 19.10 20.70 20.19 22.17 21.11 21.33 21.11 22.07 20.59 20.51 19.80 22.00 20.94 21.80 21.10 23.02 22.46 22.57 22.50 21.62 20.99 20.94 21.14 19.49 18.33 18.93 18.39 16.85 15.23 14.68 13.45 12.61 10.33 9.61 10.35 7.75 4.19 0.00 0.94 5.42 11.87 
22.58 21.02 21.83 23.46 19.15 18.58 20.06 18.47 16.93 19.02 20.34 19.48 17.33 19.30 19.71 18.76 19.13 21.09 20.16 20.75 20.59 21.97 22.04 23.41 23.25 23.39 23.22 23.18 22.05 21.14 20.50 22.31 22.48 21.86 22.67 24.10 24.06 23.46 23.87 22.78 21.96 22.22 21.74 20.57 19.00 20.19 19.02 17.79 16.54 15.36 15.63 12.86 12.74 11.15 10.85 8.32 5.83 0.94 0.00 4.80 12.06 
23.30 21.19 23.26 22.94 21.15 20.87 22.61 21.62 21.19 21.56 23.55 22.97 22.24 22.76 23.33 22.13 22.63 23.54 23.06 23.31 24.24 24.22 24.79 25.32 26.56 25.17 26.00 25.24 25.38 23.45 23.55 24.96 25.53 24.15 25.12 25.87 26.81 24.72 26.06 24.61 25.07 24.42 24.92 22.35 21.81 21.70 21.46 19.41 19.01 17.95 17.71 15.40 14.44 16.11 13.12 11.90 10.76 5.42 4.80 3.49 16.07 
23.48 22.67 23.10 27.97 20.25 21.77 22.98 23.80 22.47 23.70 24.94 23.33 22.12 22.38 23.37 22.35 23.33 23.92 23.84 24.04 24.94 25.26 25.44 25.76 26.28 26.08 26.20 25.59 24.92 24.03 23.99 24.78 24.94 24.43 24.94 25.40 26.12 25.15 25.91 24.62 25.08 25.05 25.40 23.63 23.08 22.84 22.57 20.68 20.11 19.71 19.36 16.92 16.94 16.52 17.96 16.31 14.53 11.87 12.06 16.07 17.24 
