3.41 6.80 9.04 10.07 11.90 13.20 15.44 15.20 16.94 17.96 20.22 19.12 18.39 19.49 20.35 19.03 19.66 21.51 22.19 22.48 25.23 25.28 24.25 25.83 26.53 24.24 23.55 25.02 24.05 21.94 22.20 23.50 22.71 22.12 20.77 21.20 21.53 21.42 19.92 20.10 20.82 21.35 20.76 22.04 23.47 24.25 22.78 23.05 23.82 24.91 23.95 24.08 25.10 25.53 25.78 25.15 25.34 25.46 25.55 25.84 26.19 25.22 25.96 27.48 27.61 25.25 26.91 28.69 29.29 27.74 
6.80 2.47 6.23 6.82 9.51 10.81 13.09 13.91 15.04 15.83 18.25 17.53 17.42 18.05 19.32 18.21 18.60 19.86 21.36 20.96 23.68 23.46 23.10 24.56 25.79 23.08 22.46 23.79 22.89 20.27 20.93 22.15 21.41 20.60 19.85 20.20 20.91 20.32 19.33 19.32 20.64 20.36 19.92 20.94 23.00 23.36 22.49 22.04 23.64 24.15 23.50 22.92 24.78 24.26 25.10 23.99 24.68 24.36 24.99 24.09 24.74 24.06 25.73 25.37 24.88 23.72 26.53 27.85 27.40 27.06 
9.04 6.23 1.27 3.94 7.08 8.58 10.46 11.25 13.35 13.36 15.70 15.64 16.09 16.89 17.90 16.42 17.05 18.60 20.08 19.79 21.49 21.67 21.80 23.52 23.78 21.54 21.01 22.75 21.34 18.73 19.67 21.21 20.23 19.53 19.33 19.86 19.80 19.96 19.07 19.01 20.50 20.30 19.95 20.95 22.77 23.46 22.20 21.81 22.97 23.99 23.14 22.80 24.04 23.88 24.47 23.72 24.18 24.15 23.93 23.90 24.88 23.96 24.47 26.00 26.92 23.86 26.20 27.36 28.33 27.90 
10.07 6.82 3.94 1.69 5.16 7.15 8.63 11.22 11.92 12.64 14.64 14.96 15.02 15.70 16.82 15.03 16.81 18.27 19.36 18.63 21.57 21.29 20.84 22.66 22.97 20.37 19.75 21.88 20.50 17.72 18.70 20.36 18.89 18.48 17.65 18.45 18.06 18.41 17.48 17.36 18.62 19.52 18.48 19.49 21.44 22.56 20.98 20.64 21.96 23.13 22.53 22.10 23.56 23.18 23.57 22.83 23.29 22.88 22.48 22.82 23.54 22.52 23.75 23.96 23.62 21.60 25.96 26.21 26.59 27.77 
11.90 9.51 7.08 5.16 1.50 6.09 7.52 8.22 10.03 11.28 13.41 12.81 12.24 13.42 14.30 12.72 14.16 16.78 16.73 16.33 19.33 19.84 18.45 20.29 21.46 18.30 18.08 20.14 19.31 15.73 16.72 18.41 17.79 16.13 14.99 15.75 15.82 16.30 14.64 14.30 16.25 16.77 15.60 17.32 19.30 20.26 18.59 18.83 20.34 21.74 20.33 20.29 21.72 21.97 22.00 20.88 20.81 20.98 20.33 20.15 20.39 20.51 21.87 22.86 22.55 23.52 24.85 24.44 23.47 26.30 
13.20 10.81 8.58 7.15 6.09 1.33 7.37 7.46 9.08 9.68 12.03 12.50 12.55 13.04 14.21 13.62 14.38 16.46 17.57 16.28 19.42 19.49 18.68 20.25 21.62 18.31 17.79 19.55 18.55 14.98 16.02 17.38 16.66 15.54 14.71 15.73 16.72 16.19 14.86 15.38 17.14 16.20 15.86 18.27 20.29 20.57 19.51 19.75 21.68 22.55 21.23 21.05 22.76 22.48 22.78 21.59 21.85 21.83 21.26 21.14 21.48 21.84 22.86 23.32 22.84 22.72 24.67 25.55 24.21 26.39 
15.44 13.09 10.46 8.63 7.52 7.37 3.07 6.40 8.03 8.53 11.33 11.49 11.66 13.02 14.58 12.88 15.04 17.12 17.81 17.34 20.22 20.00 19.39 21.03 22.28 19.26 18.54 20.17 19.47 16.43 16.94 18.62 17.77 17.44 16.35 17.25 16.80 17.96 16.28 16.69 19.05 19.06 18.17 20.54 21.98 22.61 21.22 21.59 22.83 23.82 22.40 22.46 23.92 23.71 23.56 22.60 22.69 22.80 21.73 21.53 22.11 22.09 22.50 24.15 24.37 24.49 24.14 24.83 25.36 27.27 
15.20 13.91 11.25 11.22 8.22 7.46 6.40 1.48 5.66 6.88 7.96 8.19 8.62 9.91 11.00 8.61 11.66 14.75 15.26 13.85 18.02 17.71 16.51 18.41 19.31 15.85 15.58 17.31 16.46 13.69 14.63 15.61 13.80 13.67 12.61 11.78 10.77 13.46 12.69 11.45 14.12 16.12 15.23 16.92 18.75 20.37 18.88 18.94 20.01 21.43 19.95 19.79 21.22 21.02 21.06 19.92 19.87 19.68 18.92 19.20 19.60 19.63 20.27 21.32 20.89 20.74 21.94 22.40 21.72 24.61 
16.94 15.04 13.35 11.92 10.03 9.08 8.03 5.66 3.21 6.51 8.04 6.95 8.97 9.96 11.19 9.65 12.47 15.13 15.94 14.43 18.27 17.83 16.83 17.85 19.16 16.07 15.53 17.23 16.69 13.51 14.95 16.25 14.47 13.98 13.03 13.11 12.74 15.02 13.76 13.19 15.26 16.94 15.92 17.85 19.48 20.18 19.35 19.29 20.47 21.71 20.72 20.40 21.67 21.37 21.63 20.23 19.77 20.12 19.84 19.18 19.29 19.58 21.52 21.60 20.72 20.72 22.78 22.90 22.42 24.12 
17.96 15.83 13.36 12.64 11.28 9.68 8.53 6.88 6.51 1.27 6.44 7.04 7.07 8.20 10.12 9.75 12.02 14.43 15.42 14.23 17.17 16.82 15.92 17.17 17.88 14.66 13.19 15.15 14.73 11.21 11.07 13.34 12.63 12.08 10.90 12.78 13.52 14.96 13.27 14.37 15.98 16.04 15.55 18.13 19.10 19.42 18.97 19.42 20.34 21.19 20.30 20.00 21.50 20.80 20.98 19.77 19.89 19.96 19.77 18.92 19.47 19.41 20.73 20.84 20.81 20.79 22.54 22.90 23.12 24.32 
20.22 18.25 15.70 14.64 13.41 12.03 11.33 7.96 8.04 6.44 3.53 6.31 7.78 8.31 10.26 9.56 12.71 15.43 16.26 15.53 18.73 18.66 17.71 18.41 19.32 16.71 15.69 16.75 17.08 13.96 13.67 15.26 15.27 14.94 14.50 15.02 15.57 16.40 15.51 15.41 18.25 18.27 18.55 20.57 21.53 22.52 21.83 21.54 22.64 23.51 22.57 22.49 23.56 22.94 22.95 21.64 21.79 22.20 21.47 21.11 21.64 21.50 22.04 22.95 23.32 22.71 23.43 24.05 25.10 26.07 
19.12 17.53 15.64 14.96 12.81 12.50 11.49 8.19 6.95 7.04 6.31 0.29 5.52 7.31 7.35 7.13 10.23 13.07 13.39 13.68 16.88 16.55 15.11 16.19 17.57 15.03 13.68 15.71 15.10 12.87 13.61 15.19 13.59 14.84 12.88 13.69 12.69 15.27 13.38 12.77 15.49 17.03 16.54 18.39 19.44 20.96 19.90 19.16 20.35 21.72 20.42 19.81 21.44 20.60 20.81 19.66 19.39 19.27 19.09 19.10 19.45 19.16 20.38 20.78 19.84 20.07 21.96 23.22 22.64 24.29 
18.39 17.42 16.09 15.02 12.24 12.55 11.66 8.62 8.97 7.07 7.78 5.52 1.32 6.47 7.56 6.00 8.32 11.61 11.89 11.34 14.99 15.08 13.90 15.06 16.50 14.16 11.85 15.08 14.27 11.60 12.24 15.24 13.50 13.77 11.96 13.39 12.32 14.77 12.37 11.76 15.00 15.66 14.54 16.69 18.34 19.41 18.40 17.68 19.54 20.72 19.48 18.65 20.18 19.67 19.77 18.23 17.87 18.04 18.06 17.71 18.17 18.09 20.13 20.05 19.44 19.22 22.35 23.06 20.86 22.54 
19.49 18.05 16.89 15.70 13.42 13.04 13.02 9.91 9.96 8.20 8.31 7.31 6.47 0.37 6.90 7.00 7.24 9.61 11.49 11.26 14.36 14.40 13.31 15.16 15.58 12.79 9.95 13.45 14.62 11.12 11.42 15.03 15.06 14.99 13.95 15.39 15.07 16.23 14.60 14.60 16.17 16.31 16.23 17.71 19.25 19.79 19.22 18.77 19.97 20.93 20.12 19.53 20.71 19.98 20.27 18.91 18.82 18.88 18.70 18.13 19.23 19.38 20.27 20.50 20.48 20.68 23.05 24.10 23.05 23.68 
20.35 19.32 17.90 16.82 14.30 14.21 14.58 11.00 11.19 10.12 10.26 7.35 7.56 6.90 0.79 6.23 7.63 9.27 10.13 11.19 14.24 14.29 14.51 15.88 15.80 14.38 13.10 15.54 15.59 14.51 14.55 17.17 17.01 17.72 16.38 17.11 17.04 17.46 16.08 15.76 17.43 17.69 18.16 19.27 20.55 21.41 21.01 20.43 21.67 22.57 21.82 21.27 22.45 21.53 21.41 19.89 19.98 19.94 19.53 18.97 19.99 19.75 20.81 21.35 21.94 21.49 22.56 24.41 24.20 24.58 
19.03 18.21 16.42 15.03 12.72 13.62 12.88 8.61 9.65 9.75 9.56 7.13 6.00 7.00 6.23 0.00 5.68 7.91 7.82 8.14 12.11 12.35 11.68 14.23 14.72 11.92 11.74 14.76 13.94 11.90 14.05 16.21 15.08 15.86 14.31 14.37 14.44 16.58 13.83 12.77 15.11 16.29 15.71 16.90 18.30 19.91 19.13 17.99 19.64 20.81 19.25 18.27 20.03 19.08 18.85 17.12 17.41 16.57 16.41 16.19 17.03 15.98 17.74 18.45 18.27 18.41 21.58 23.16 22.44 23.87 
19.66 18.60 17.05 16.81 14.16 14.38 15.04 11.66 12.47 12.02 12.71 10.23 8.32 7.24 7.63 5.68 1.36 6.99 7.60 6.53 9.75 11.26 9.55 11.54 13.17 12.12 9.64 14.26 13.52 11.51 13.24 17.23 15.50 16.00 14.68 16.45 16.79 17.58 15.44 14.54 16.57 17.19 16.73 17.74 19.33 20.69 19.44 17.84 19.77 21.27 19.73 18.48 20.19 19.83 19.86 18.10 17.66 17.37 17.32 16.73 17.94 16.97 18.95 19.12 19.51 19.69 22.36 23.53 23.29 25.39 
21.51 19.86 18.60 18.27 16.78 16.46 17.12 14.75 15.13 14.43 15.43 13.07 11.61 9.61 9.27 7.91 6.99 1.83 7.40 7.54 10.22 11.36 10.13 11.78 14.18 12.97 10.49 14.58 16.14 14.21 15.98 19.26 19.07 19.32 18.52 19.83 19.44 19.92 18.56 18.31 19.11 19.15 19.62 20.93 21.66 22.65 22.09 21.00 22.12 23.32 21.94 21.40 22.55 21.95 21.71 20.56 19.59 19.47 18.64 18.37 19.01 19.24 20.08 20.78 21.93 21.81 23.28 25.02 25.55 26.39 
22.19 21.36 20.08 19.36 16.73 17.57 17.81 15.26 15.94 15.42 16.26 13.39 11.89 11.49 10.13 7.82 7.60 7.40 4.44 6.46 9.15 10.18 9.88 12.08 12.66 12.60 12.44 15.46 16.09 16.18 17.21 19.74 19.35 20.08 19.08 20.39 20.58 20.97 19.23 18.73 20.21 20.18 20.11 21.61 22.14 23.14 22.25 21.48 22.44 23.39 22.15 21.63 22.82 21.67 21.35 20.04 19.49 18.91 18.25 18.08 18.36 18.16 19.97 20.40 21.13 20.71 23.36 24.73 25.28 26.14 
22.48 20.96 19.79 18.63 16.33 16.28 17.34 13.85 14.43 14.23 15.53 13.68 11.34 11.26 11.19 8.14 6.53 7.54 6.46 0.83 6.03 7.00 7.04 9.07 10.68 9.78 10.56 13.95 13.49 12.94 14.96 17.14 17.22 18.13 16.88 18.55 19.55 20.20 18.10 17.66 19.48 19.43 19.03 20.17 20.90 21.93 20.55 19.18 20.76 21.79 19.89 18.73 20.39 19.80 18.97 17.62 17.35 16.58 16.06 15.94 16.23 15.29 17.13 17.50 18.18 18.53 21.30 23.09 23.87 25.35 
25.23 23.68 21.49 21.57 19.33 19.42 20.22 18.02 18.27 17.17 18.73 16.88 14.99 14.36 14.24 12.11 9.75 10.22 9.15 6.03 2.73 5.59 6.27 8.70 10.13 10.70 11.22 15.33 15.56 14.87 17.36 20.09 20.08 20.85 19.96 21.80 22.58 22.92 21.09 20.53 21.95 21.76 21.29 22.62 22.98 24.10 22.66 21.08 22.59 23.46 21.41 20.47 22.06 20.96 20.45 19.10 19.06 17.71 17.58 17.26 18.47 17.56 19.59 19.01 20.26 20.11 23.17 24.09 25.55 26.67 
25.28 23.46 21.67 21.29 19.84 19.49 20.00 17.71 17.83 16.82 18.66 16.55 15.08 14.40 14.29 12.35 11.26 11.36 10.18 7.00 5.59 1.66 5.48 8.24 8.79 9.76 10.89 14.81 14.70 14.75 16.74 19.20 19.32 19.89 19.20 20.77 21.12 21.50 19.87 20.07 21.08 20.94 20.54 21.89 22.78 23.46 22.03 20.71 22.09 22.54 20.07 19.30 20.73 19.77 19.04 17.85 17.19 15.59 16.06 15.62 16.11 16.03 18.25 18.66 19.81 19.99 22.39 24.17 24.52 25.72 
24.25 23.10 21.80 20.84 18.45 18.68 19.39 16.51 16.83 15.92 17.71 15.11 13.90 13.31 14.51 11.68 9.55 10.13 9.88 7.04 6.27 5.48 2.15 7.31 8.03 7.11 9.11 12.83 13.10 12.63 15.02 17.44 17.58 18.38 17.34 19.75 20.33 20.89 19.13 19.16 20.44 20.60 19.64 20.74 21.84 22.29 20.86 19.72 20.76 20.92 18.57 17.50 18.79 17.59 16.59 15.45 14.99 13.97 14.32 14.03 14.24 13.65 16.70 17.19 18.18 17.71 21.29 22.52 22.75 24.13 
25.83 24.56 23.52 22.66 20.29 20.25 21.03 18.41 17.85 17.17 18.41 16.19 15.06 15.16 15.88 14.23 11.54 11.78 12.08 9.07 8.70 8.24 7.31 2.87 7.57 8.34 8.56 11.59 12.32 12.77 14.42 16.34 16.96 17.64 17.96 19.86 20.59 21.23 20.07 20.02 21.27 21.07 20.48 21.77 22.73 22.76 21.60 20.52 21.54 21.89 19.83 18.84 19.99 18.88 17.94 17.22 17.32 16.22 16.26 16.18 16.58 16.25 17.77 18.47 19.79 19.99 22.01 23.68 24.67 25.79 
26.53 25.79 23.78 22.97 21.46 21.62 22.28 19.31 19.16 17.88 19.32 17.57 16.50 15.58 15.80 14.72 13.17 14.18 12.66 10.68 10.13 8.79 8.03 7.57 2.87 6.57 9.00 10.23 10.70 11.71 14.39 15.90 15.90 17.85 17.34 20.45 20.80 21.49 20.35 20.31 21.38 21.38 20.46 21.79 22.98 23.14 22.11 21.05 21.97 22.14 20.35 19.36 20.61 18.27 18.36 17.71 18.07 15.72 17.12 17.06 18.54 17.31 20.15 19.94 20.73 20.62 23.76 24.82 25.45 26.79 
24.24 23.08 21.54 20.37 18.30 18.31 19.26 15.85 16.07 14.66 16.71 15.03 14.16 12.79 14.38 11.92 12.12 12.97 12.60 9.78 10.70 9.76 7.11 8.34 6.57 2.72 6.54 9.11 8.08 7.81 10.76 13.67 13.34 14.35 13.85 16.33 17.14 18.07 16.49 16.71 18.02 17.90 16.70 18.49 20.36 20.45 19.04 17.24 19.37 19.30 16.96 15.27 17.23 14.92 15.02 14.72 14.58 11.72 13.61 14.58 14.69 13.49 16.66 18.09 18.64 19.02 20.98 22.83 22.58 24.69 
23.55 22.46 21.01 19.75 18.08 17.79 18.54 15.58 15.53 13.19 15.69 13.68 11.85 9.95 13.10 11.74 9.64 10.49 12.44 10.56 11.22 10.89 9.11 8.56 9.00 6.54 3.69 7.25 9.04 7.01 8.41 10.90 12.10 13.13 11.91 14.97 15.23 16.58 15.55 15.30 16.41 16.69 16.13 17.54 19.08 19.23 18.45 17.29 18.74 19.21 17.04 15.85 17.69 16.08 15.39 14.79 15.50 14.05 14.47 15.02 16.38 14.51 17.14 18.19 19.27 17.84 21.43 22.52 22.34 23.98 
25.02 23.79 22.75 21.88 20.14 19.55 20.17 17.31 17.23 15.15 16.75 15.71 15.08 13.45 15.54 14.76 14.26 14.58 15.46 13.95 15.33 14.81 12.83 11.59 10.23 9.11 7.25 4.26 7.39 9.04 8.73 9.94 11.47 13.88 13.60 15.98 16.33 18.34 17.22 17.67 18.20 18.21 17.93 19.49 20.93 20.81 20.28 19.54 20.72 21.20 20.27 19.04 20.37 19.33 18.89 18.52 19.17 18.54 18.73 18.60 19.60 19.83 20.73 21.39 22.26 22.50 24.01 25.43 24.91 26.32 
24.05 22.89 21.34 20.50 19.31 18.55 19.47 16.46 16.69 14.73 17.08 15.10 14.27 14.62 15.59 13.94 13.52 16.14 16.09 13.49 15.56 14.70 13.10 12.32 10.70 8.08 9.04 7.39 4.30 6.76 9.75 9.12 9.12 11.76 10.66 14.16 14.50 16.16 14.37 15.71 16.62 16.80 15.04 17.71 19.21 19.65 18.73 17.80 18.67 19.51 18.62 17.57 18.67 17.16 17.79 17.12 17.28 16.32 18.19 18.19 19.58 19.21 21.57 21.41 21.69 21.15 24.68 24.73 24.48 25.30 
21.94 20.27 18.73 17.72 15.73 14.98 16.43 13.69 13.51 11.21 13.96 12.87 11.60 11.12 14.51 11.90 11.51 14.21 16.18 12.94 14.87 14.75 12.63 12.77 11.71 7.81 7.01 9.04 6.76 2.25 6.28 8.09 7.29 7.64 7.29 11.08 12.08 13.37 11.49 12.47 14.45 14.13 12.59 15.77 18.01 17.79 16.55 15.34 17.60 18.37 16.77 15.42 18.10 16.73 16.97 16.16 16.89 15.55 17.23 17.18 17.98 17.55 19.88 20.39 20.62 20.85 22.98 24.66 23.02 24.09 
22.20 20.93 19.67 18.70 16.72 16.02 16.94 14.63 14.95 11.07 13.67 13.61 12.24 11.42 14.55 14.05 13.24 15.98 17.21 14.96 17.36 16.74 15.02 14.42 14.39 10.76 8.41 8.73 9.75 6.28 3.51 7.61 8.53 8.77 8.82 11.90 12.45 14.62 12.61 14.09 14.11 14.62 14.10 17.50 18.31 18.67 18.00 17.60 18.84 19.73 18.34 18.28 19.92 19.14 18.46 17.87 18.66 18.37 18.65 18.72 20.01 19.28 20.55 21.56 22.39 21.36 24.26 24.74 24.52 25.00 
23.50 22.15 21.21 20.36 18.41 17.38 18.62 15.61 16.25 13.34 15.26 15.19 15.24 15.03 17.17 16.21 17.23 19.26 19.74 17.14 20.09 19.20 17.44 16.34 15.90 13.67 10.90 9.94 9.12 8.09 7.61 3.26 7.19 9.18 9.15 11.74 12.62 15.07 12.90 14.93 15.90 15.92 15.46 18.99 19.36 20.14 19.50 19.45 20.17 21.44 20.59 20.38 21.51 20.70 20.73 19.92 20.18 20.25 20.34 20.47 21.47 21.44 23.15 23.75 24.15 24.06 25.74 27.46 26.34 26.76 
22.71 21.41 20.23 18.89 17.79 16.66 17.77 13.80 14.47 12.63 15.27 13.59 13.50 15.06 17.01 15.08 15.50 19.07 19.35 17.22 20.08 19.32 17.58 16.96 15.90 13.34 12.10 11.47 9.12 7.29 8.53 7.19 3.34 7.01 7.33 8.63 9.96 11.90 9.50 11.84 13.08 13.82 12.45 16.28 17.70 18.76 18.23 17.83 18.59 20.01 19.11 18.37 19.71 18.78 18.84 18.06 17.91 17.60 18.84 18.95 19.71 19.22 21.89 22.18 22.53 22.85 25.82 26.37 26.00 26.95 
22.12 20.60 19.53 18.48 16.13 15.54 17.44 13.67 13.98 12.08 14.94 14.84 13.77 14.99 17.72 15.86 16.00 19.32 20.08 18.13 20.85 19.89 18.38 17.64 17.85 14.35 13.13 13.88 11.76 7.64 8.77 9.18 7.01 3.25 6.21 8.66 9.50 11.21 10.23 11.95 13.67 14.38 13.50 17.16 18.46 19.88 19.33 19.02 19.91 21.40 20.36 20.16 21.62 20.43 20.18 19.24 18.84 18.57 19.16 18.91 19.05 19.63 21.77 21.75 22.20 22.75 24.82 26.53 25.65 26.13 
20.77 19.85 19.33 17.65 14.99 14.71 16.35 12.61 13.03 10.90 14.50 12.88 11.96 13.95 16.38 14.31 14.68 18.52 19.08 16.88 19.96 19.20 17.34 17.96 17.34 13.85 11.91 13.60 10.66 7.29 8.82 9.15 7.33 6.21 3.59 6.46 7.79 8.67 6.40 8.71 10.66 11.23 11.21 14.98 16.46 17.57 17.05 17.24 18.81 20.08 18.87 18.82 20.82 19.53 19.01 17.22 17.48 17.47 17.26 16.66 17.48 17.40 19.32 19.14 20.49 20.35 23.18 24.24 24.26 25.58 
21.20 20.20 19.86 18.45 15.75 15.73 17.25 11.78 13.11 12.78 15.02 13.69 13.39 15.39 17.11 14.37 16.45 19.83 20.39 18.55 21.80 20.77 19.75 19.86 20.45 16.33 14.97 15.98 14.16 11.08 11.90 11.74 8.63 8.66 6.46 3.78 7.36 8.85 6.56 8.92 11.08 11.58 11.55 15.44 17.37 18.10 17.12 17.84 19.20 20.80 19.64 19.76 21.47 20.52 20.04 18.29 18.56 18.38 18.06 17.31 17.74 18.01 20.06 20.10 20.28 20.23 23.26 24.62 23.93 24.82 
21.53 20.91 19.80 18.06 15.82 16.72 16.80 10.77 12.74 13.52 15.57 12.69 12.32 15.07 17.04 14.44 16.79 19.44 20.58 19.55 22.58 21.12 20.33 20.59 20.80 17.14 15.23 16.33 14.50 12.08 12.45 12.62 9.96 9.50 7.79 7.36 4.36 7.58 7.29 7.69 9.18 11.37 11.95 14.69 15.82 17.86 17.32 17.61 18.41 20.07 19.00 18.77 20.43 19.64 18.73 17.54 17.69 17.53 16.94 16.53 16.89 16.76 18.82 18.28 18.34 18.55 22.01 23.43 22.22 24.53 
21.42 20.32 19.96 18.41 16.30 16.19 17.96 13.46 15.02 14.96 16.40 15.27 14.77 16.23 17.46 16.58 17.58 19.92 20.97 20.20 22.92 21.50 20.89 21.23 21.49 18.07 16.58 18.34 16.16 13.37 14.62 15.07 11.90 11.21 8.67 8.85 7.58 4.65 6.97 9.32 9.41 10.11 11.83 14.97 15.58 17.20 17.55 17.47 18.59 20.16 19.47 19.63 21.23 20.07 20.24 18.23 18.72 18.81 18.00 17.16 17.55 18.23 19.86 19.29 19.84 19.95 22.40 23.48 23.58 24.60 
19.92 19.33 19.07 17.48 14.64 14.86 16.28 12.69 13.76 13.27 15.51 13.38 12.37 14.60 16.08 13.83 15.44 18.56 19.23 18.10 21.09 19.87 19.13 20.07 20.35 16.49 15.55 17.22 14.37 11.49 12.61 12.90 9.50 10.23 6.40 6.56 7.29 6.97 2.87 6.22 7.24 7.23 8.48 11.81 13.08 14.31 13.81 14.59 16.09 17.21 16.12 16.48 18.29 17.19 16.71 14.73 15.01 14.85 14.58 14.36 14.91 14.67 16.52 16.94 17.83 17.09 20.20 21.84 21.47 23.50 
20.10 19.32 19.01 17.36 14.30 15.38 16.69 11.45 13.19 14.37 15.41 12.77 11.76 14.60 15.76 12.77 14.54 18.31 18.73 17.66 20.53 20.07 19.16 20.02 20.31 16.71 15.30 17.67 15.71 12.47 14.09 14.93 11.84 11.95 8.71 8.92 7.69 9.32 6.22 2.95 6.41 7.68 7.60 10.16 11.40 13.15 11.94 13.15 15.18 16.10 15.26 15.83 17.50 16.29 16.33 14.97 15.70 15.42 14.12 15.03 15.32 14.47 15.81 16.83 16.55 15.88 19.21 20.94 20.34 21.68 
20.82 20.64 20.50 18.62 16.25 17.14 19.05 14.12 15.26 15.98 18.25 15.49 15.00 16.17 17.43 15.11 16.57 19.11 20.21 19.48 21.95 21.08 20.44 21.27 21.38 18.02 16.41 18.20 16.62 14.45 14.11 15.90 13.08 13.67 10.66 11.08 9.18 9.41 7.24 6.41 3.60 6.92 7.49 8.48 10.18 12.21 11.65 12.59 14.07 15.89 15.27 15.51 17.24 16.97 16.82 15.18 16.52 16.26 14.67 14.30 15.82 14.70 16.13 15.91 16.92 15.99 19.76 21.59 21.15 22.74 
21.35 20.36 20.30 19.52 16.77 16.20 19.06 16.12 16.94 16.04 18.27 17.03 15.66 16.31 17.69 16.29 17.19 19.15 20.18 19.43 21.76 20.94 20.60 21.07 21.38 17.90 16.69 18.21 16.80 14.13 14.62 15.92 13.82 14.38 11.23 11.58 11.37 10.11 7.23 7.68 6.92 3.01 6.16 7.85 8.62 9.97 10.51 11.21 13.04 14.39 14.66 14.73 16.59 16.22 16.93 14.77 15.68 16.28 14.81 13.68 15.39 15.11 16.08 16.52 17.82 17.54 20.31 21.81 22.06 23.26 
20.76 19.92 19.95 18.48 15.60 15.86 18.17 15.23 15.92 15.55 18.55 16.54 14.54 16.23 18.16 15.71 16.73 19.62 20.11 19.03 21.29 20.54 19.64 20.48 20.46 16.70 16.13 17.93 15.04 12.59 14.10 15.46 12.45 13.50 11.21 11.55 11.95 11.83 8.48 7.60 7.49 6.16 3.08 5.95 7.53 8.23 7.97 9.01 11.31 12.72 12.32 13.41 15.26 14.40 14.97 13.09 14.09 13.88 12.46 11.59 14.04 13.17 14.87 14.95 16.74 15.62 19.64 20.87 20.65 21.81 
22.04 20.94 20.95 19.49 17.32 18.27 20.54 16.92 17.85 18.13 20.57 18.39 16.69 17.71 19.27 16.90 17.74 20.93 21.61 20.17 22.62 21.89 20.74 21.77 21.79 18.49 17.54 19.49 17.71 15.77 17.50 18.99 16.28 17.16 14.98 15.44 14.69 14.97 11.81 10.16 8.48 7.85 5.95 2.09 6.05 7.28 5.97 7.62 10.70 11.99 11.36 13.43 15.45 15.55 15.87 15.15 15.58 16.19 13.38 14.11 15.06 14.89 15.00 16.21 17.02 16.41 20.04 21.28 21.42 21.79 
23.47 23.00 22.77 21.44 19.30 20.29 21.98 18.75 19.48 19.10 21.53 19.44 18.34 19.25 20.55 18.30 19.33 21.66 22.14 20.90 22.98 22.78 21.84 22.73 22.98 20.36 19.08 20.93 19.21 18.01 18.31 19.36 17.70 18.46 16.46 17.37 15.82 15.58 13.08 11.40 10.18 8.62 7.53 6.05 3.10 6.78 7.63 6.99 8.84 11.13 11.06 12.64 14.58 14.66 15.01 14.08 15.09 14.82 11.31 12.31 15.07 13.71 13.88 14.99 17.22 16.81 19.56 21.21 22.21 23.09 
24.25 23.36 23.46 22.56 20.26 20.57 22.61 20.37 20.18 19.42 22.52 20.96 19.41 19.79 21.41 19.91 20.69 22.65 23.14 21.93 24.10 23.46 22.29 22.76 23.14 20.45 19.23 20.81 19.65 17.79 18.67 20.14 18.76 19.88 17.57 18.10 17.86 17.20 14.31 13.15 12.21 9.97 8.23 7.28 6.78 1.90 6.76 7.75 8.12 10.24 11.36 12.38 14.78 15.14 16.48 14.81 16.28 16.75 14.64 13.93 16.23 15.70 16.38 17.14 19.24 18.93 20.85 22.59 23.42 23.84 
22.78 22.49 22.20 20.98 18.59 19.51 21.22 18.88 19.35 18.97 21.83 19.90 18.40 19.22 21.01 19.13 19.44 22.09 22.25 20.55 22.66 22.03 20.86 21.60 22.11 19.04 18.45 20.28 18.73 16.55 18.00 19.50 18.23 19.33 17.05 17.12 17.32 17.55 13.81 11.94 11.65 10.51 7.97 5.97 7.63 6.76 0.89 5.64 8.10 8.32 8.17 10.57 13.17 13.48 13.93 12.47 14.11 15.30 12.32 11.43 14.34 14.20 16.00 15.78 17.60 17.09 20.59 21.40 22.32 22.71 
23.05 22.04 21.81 20.64 18.83 19.75 21.59 18.94 19.29 19.42 21.54 19.16 17.68 18.77 20.43 17.99 17.84 21.00 21.48 19.18 21.08 20.71 19.72 20.52 21.05 17.24 17.29 19.54 17.80 15.34 17.60 19.45 17.83 19.02 17.24 17.84 17.61 17.47 14.59 13.15 12.59 11.21 9.01 7.62 6.99 7.75 5.64 0.00 6.24 7.99 6.82 8.75 11.86 11.54 12.88 12.25 13.99 14.09 11.41 12.40 14.09 12.80 14.37 15.76 17.04 16.70 19.40 21.63 21.92 22.48 
23.82 23.64 22.97 21.96 20.34 21.68 22.83 20.01 20.47 20.34 22.64 20.35 19.54 19.97 21.67 19.64 19.77 22.12 22.44 20.76 22.59 22.09 20.76 21.54 21.97 19.37 18.74 20.72 18.67 17.60 18.84 20.17 18.59 19.91 18.81 19.20 18.41 18.59 16.09 15.18 14.07 13.04 11.31 10.70 8.84 8.12 8.10 6.24 1.69 6.22 7.20 7.36 10.54 10.20 11.37 12.06 13.66 13.71 11.30 13.19 15.12 13.11 14.78 16.24 17.69 17.10 19.96 21.57 23.61 23.79 
24.91 24.15 23.99 23.13 21.74 22.55 23.82 21.43 21.71 21.19 23.51 21.72 20.72 20.93 22.57 20.81 21.27 23.32 23.39 21.79 23.46 22.54 20.92 21.89 22.14 19.30 19.21 21.20 19.51 18.37 19.73 21.44 20.01 21.40 20.08 20.80 20.07 20.16 17.21 16.10 15.89 14.39 12.72 11.99 11.13 10.24 8.32 7.99 6.22 0.65 6.66 7.83 8.24 9.23 11.69 11.78 13.43 14.77 13.38 14.85 16.08 15.33 16.81 18.16 19.17 18.99 21.22 23.48 24.08 23.81 
23.95 23.50 23.14 22.53 20.33 21.23 22.40 19.95 20.72 20.30 22.57 20.42 19.48 20.12 21.82 19.25 19.73 21.94 22.15 19.89 21.41 20.07 18.57 19.83 20.35 16.96 17.04 20.27 18.62 16.77 18.34 20.59 19.11 20.36 18.87 19.64 19.00 19.47 16.12 15.26 15.27 14.66 12.32 11.36 11.06 11.36 8.17 6.82 7.20 6.66 0.46 5.97 6.85 7.30 8.81 9.83 10.65 12.87 11.69 13.00 15.05 14.04 15.83 16.76 17.52 17.23 20.71 21.82 22.70 23.24 
24.08 22.92 22.80 22.10 20.29 21.05 22.46 19.79 20.40 20.00 22.49 19.81 18.65 19.53 21.27 18.27 18.48 21.40 21.63 18.73 20.47 19.30 17.50 18.84 19.36 15.27 15.85 19.04 17.57 15.42 18.28 20.38 18.37 20.16 18.82 19.76 18.77 19.63 16.48 15.83 15.51 14.73 13.41 13.43 12.64 12.38 10.57 8.75 7.36 7.83 5.97 0.00 4.94 6.19 8.30 9.48 10.26 11.33 10.91 12.72 14.03 13.58 15.60 16.48 16.90 16.99 20.47 22.02 22.49 21.97 
25.10 24.78 24.04 23.56 21.72 22.76 23.92 21.22 21.67 21.50 23.56 21.44 20.18 20.71 22.45 20.03 20.19 22.55 22.82 20.39 22.06 20.73 18.79 19.99 20.61 17.23 17.69 20.37 18.67 18.10 19.92 21.51 19.71 21.62 20.82 21.47 20.43 21.23 18.29 17.50 17.24 16.59 15.26 15.45 14.58 14.78 13.17 11.86 10.54 8.24 6.85 4.94 1.90 5.70 8.10 9.00 11.55 12.49 11.82 13.16 14.96 14.06 16.23 17.01 17.31 18.18 21.15 21.71 23.05 23.67 
25.53 24.26 23.88 23.18 21.97 22.48 23.71 21.02 21.37 20.80 22.94 20.60 19.67 19.98 21.53 19.08 19.83 21.95 21.67 19.80 20.96 19.77 17.59 18.88 18.27 14.92 16.08 19.33 17.16 16.73 19.14 20.70 18.78 20.43 19.53 20.52 19.64 20.07 17.19 16.29 16.97 16.22 14.40 15.55 14.66 15.14 13.48 11.54 10.20 9.23 7.30 6.19 5.70 0.00 6.78 7.87 8.60 9.77 10.21 11.99 12.76 12.78 15.35 15.93 16.30 17.52 20.43 21.28 22.33 21.65 
25.78 25.10 24.47 23.57 22.00 22.78 23.56 21.06 21.63 20.98 22.95 20.81 19.77 20.27 21.41 18.85 19.86 21.71 21.35 18.97 20.45 19.04 16.59 17.94 18.36 15.02 15.39 18.89 17.79 16.97 18.46 20.73 18.84 20.18 19.01 20.04 18.73 20.24 16.71 16.33 16.82 16.93 14.97 15.87 15.01 16.48 13.93 12.88 11.37 11.69 8.81 8.30 8.10 6.78 0.90 6.42 7.06 8.00 8.47 10.79 12.60 12.46 14.27 15.47 16.08 17.10 19.62 21.04 21.53 22.12 
25.15 23.99 23.72 22.83 20.88 21.59 22.60 19.92 20.23 19.77 21.64 19.66 18.23 18.91 19.89 17.12 18.10 20.56 20.04 17.62 19.10 17.85 15.45 17.22 17.71 14.72 14.79 18.52 17.12 16.16 17.87 19.92 18.06 19.24 17.22 18.29 17.54 18.23 14.73 14.97 15.18 14.77 13.09 15.15 14.08 14.81 12.47 12.25 12.06 11.78 9.83 9.48 9.00 7.87 6.42 0.00 4.69 6.92 6.70 8.32 9.27 10.37 12.63 13.33 13.71 16.03 18.73 19.43 20.66 19.98 
25.34 24.68 24.18 23.29 20.81 21.85 22.69 19.87 19.77 19.89 21.79 19.39 17.87 18.82 19.98 17.41 17.66 19.59 19.49 17.35 19.06 17.19 14.99 17.32 18.07 14.58 15.50 19.17 17.28 16.89 18.66 20.18 17.91 18.84 17.48 18.56 17.69 18.72 15.01 15.70 16.52 15.68 14.09 15.58 15.09 16.28 14.11 13.99 13.66 13.43 10.65 10.26 11.55 8.60 7.06 4.69 0.60 5.82 7.04 6.85 8.82 9.40 11.69 11.70 12.77 15.30 18.17 18.78 18.91 20.95 
25.46 24.36 24.15 22.88 20.98 21.83 22.80 19.68 20.12 19.96 22.20 19.27 18.04 18.88 19.94 16.57 17.37 19.47 18.91 16.58 17.71 15.59 13.97 16.22 15.72 11.72 14.05 18.54 16.32 15.55 18.37 20.25 17.60 18.57 17.47 18.38 17.53 18.81 14.85 15.42 16.26 16.28 13.88 16.19 14.82 16.75 15.30 14.09 13.71 14.77 12.87 11.33 12.49 9.77 8.00 6.92 5.82 0.00 5.94 7.59 7.09 7.63 10.14 11.26 11.81 14.05 16.87 17.31 19.01 18.54 
25.55 24.99 23.93 22.48 20.33 21.26 21.73 18.92 19.84 19.77 21.47 19.09 18.06 18.70 19.53 16.41 17.32 18.64 18.25 16.06 17.58 16.06 14.32 16.26 17.12 13.61 14.47 18.73 18.19 17.23 18.65 20.34 18.84 19.16 17.26 18.06 16.94 18.00 14.58 14.12 14.67 14.81 12.46 13.38 11.31 14.64 12.32 11.41 11.30 13.38 11.69 10.91 11.82 10.21 8.47 6.70 7.04 5.94 0.00 5.61 7.29 6.75 8.37 8.88 11.34 12.62 15.50 15.88 16.84 18.01 
25.84 24.09 23.90 22.82 20.15 21.14 21.53 19.20 19.18 18.92 21.11 19.10 17.71 18.13 18.97 16.19 16.73 18.37 18.08 15.94 17.26 15.62 14.03 16.18 17.06 14.58 15.02 18.60 18.19 17.18 18.72 20.47 18.95 18.91 16.66 17.31 16.53 17.16 14.36 15.03 14.30 13.68 11.59 14.11 12.31 13.93 11.43 12.40 13.19 14.85 13.00 12.72 13.16 11.99 10.79 8.32 6.85 7.59 5.61 0.00 5.61 7.30 6.70 7.51 9.65 12.73 13.64 14.42 15.93 16.52 
26.19 24.74 24.88 23.54 20.39 21.48 22.11 19.60 19.29 19.47 21.64 19.45 18.17 19.23 19.99 17.03 17.94 19.01 18.36 16.23 18.47 16.11 14.24 16.58 18.54 14.69 16.38 19.60 19.58 17.98 20.01 21.47 19.71 19.05 17.48 17.74 16.89 17.55 14.91 15.32 15.82 15.39 14.04 15.06 15.07 16.23 14.34 14.09 15.12 16.08 15.05 14.03 14.96 12.76 12.60 9.27 8.82 7.09 7.29 5.61 2.71 5.65 7.63 6.88 9.18 9.80 14.24 12.88 13.43 16.03 
25.22 24.06 23.96 22.52 20.51 21.84 22.09 19.63 19.58 19.41 21.50 19.16 18.09 19.38 19.75 15.98 16.97 19.24 18.16 15.29 17.56 16.03 13.65 16.25 17.31 13.49 14.51 19.83 19.21 17.55 19.28 21.44 19.22 19.63 17.40 18.01 16.76 18.23 14.67 14.47 14.70 15.11 13.17 14.89 13.71 15.70 14.20 12.80 13.11 15.33 14.04 13.58 14.06 12.78 12.46 10.37 9.40 7.63 6.75 7.30 5.65 0.00 5.24 7.56 7.87 7.64 10.08 11.83 12.16 14.32 
25.96 25.73 24.47 23.75 21.87 22.86 22.50 20.27 21.52 20.73 22.04 20.38 20.13 20.27 20.81 17.74 18.95 20.08 19.97 17.13 19.59 18.25 16.70 17.77 20.15 16.66 17.14 20.73 21.57 19.88 20.55 23.15 21.89 21.77 19.32 20.06 18.82 19.86 16.52 15.81 16.13 16.08 14.87 15.00 13.88 16.38 16.00 14.37 14.78 16.81 15.83 15.60 16.23 15.35 14.27 12.63 11.69 10.14 8.37 6.70 7.63 5.24 0.14 5.90 8.76 5.91 8.28 8.85 11.96 13.33 
27.48 25.37 26.00 23.96 22.86 23.32 24.15 21.32 21.60 20.84 22.95 20.78 20.05 20.50 21.35 18.45 19.12 20.78 20.40 17.50 19.01 18.66 17.19 18.47 19.94 18.09 18.19 21.39 21.41 20.39 21.56 23.75 22.18 21.75 19.14 20.10 18.28 19.29 16.94 16.83 15.91 16.52 14.95 16.21 14.99 17.14 15.78 15.76 16.24 18.16 16.76 16.48 17.01 15.93 15.47 13.33 11.70 11.26 8.88 7.51 6.88 7.56 5.90 0.00 6.74 7.19 7.85 9.00 9.61 14.48 
27.61 24.88 26.92 23.62 22.55 22.84 24.37 20.89 20.72 20.81 23.32 19.84 19.44 20.48 21.94 18.27 19.51 21.93 21.13 18.18 20.26 19.81 18.18 19.79 20.73 18.64 19.27 22.26 21.69 20.62 22.39 24.15 22.53 22.20 20.49 20.28 18.34 19.84 17.83 16.55 16.92 17.82 16.74 17.02 17.22 19.24 17.60 17.04 17.69 19.17 17.52 16.90 17.31 16.30 16.08 13.71 12.77 11.81 11.34 9.65 9.18 7.87 8.76 6.74 0.63 3.54 5.10 7.29 6.67 11.10 
25.25 23.72 23.86 21.60 23.52 22.72 24.49 20.74 20.72 20.79 22.71 20.07 19.22 20.68 21.49 18.41 19.69 21.81 20.71 18.53 20.11 19.99 17.71 19.99 20.62 19.02 17.84 22.50 21.15 20.85 21.36 24.06 22.85 22.75 20.35 20.23 18.55 19.95 17.09 15.88 15.99 17.54 15.62 16.41 16.81 18.93 17.09 16.70 17.10 18.99 17.23 16.99 18.18 17.52 17.10 16.03 15.30 14.05 12.62 12.73 9.80 7.64 5.91 7.19 3.54 0.00 4.00 5.60 4.92 8.41 
26.91 26.53 26.20 25.96 24.85 24.67 24.14 21.94 22.78 22.54 23.43 21.96 22.35 23.05 22.56 21.58 22.36 23.28 23.36 21.30 23.17 22.39 21.29 22.01 23.76 20.98 21.43 24.01 24.68 22.98 24.26 25.74 25.82 24.82 23.18 23.26 22.01 22.40 20.20 19.21 19.76 20.31 19.64 20.04 19.56 20.85 20.59 19.40 19.96 21.22 20.71 20.47 21.15 20.43 19.62 18.73 18.17 16.87 15.50 13.64 14.24 10.08 8.28 7.85 5.10 4.00 0.00 0.47 1.62 8.13 
28.69 27.85 27.36 26.21 24.44 25.55 24.83 22.40 22.90 22.90 24.05 23.22 23.06 24.10 24.41 23.16 23.53 25.02 24.73 23.09 24.09 24.17 22.52 23.68 24.82 22.83 22.52 25.43 24.73 24.66 24.74 27.46 26.37 26.53 24.24 24.62 23.43 23.48 21.84 20.94 21.59 21.81 20.87 21.28 21.21 22.59 21.40 21.63 21.57 23.48 21.82 22.02 21.71 21.28 21.04 19.43 18.78 17.31 15.88 14.42 12.88 11.83 8.85 9.00 7.29 5.60 0.47 0.00 0.38 3.98 
29.29 27.40 28.33 26.59 23.47 24.21 25.36 21.72 22.42 23.12 25.10 22.64 20.86 23.05 24.20 22.44 23.29 25.55 25.28 23.87 25.55 24.52 22.75 24.67 25.45 22.58 22.34 24.91 24.48 23.02 24.52 26.34 26.00 25.65 24.26 23.93 22.22 23.58 21.47 20.34 21.15 22.06 20.65 21.42 22.21 23.42 22.32 21.92 23.61 24.08 22.70 22.49 23.05 22.33 21.53 20.66 18.91 19.01 16.84 15.93 13.43 12.16 11.96 9.61 6.67 4.92 1.62 0.38 0.00 4.41 
27.74 27.06 27.90 27.77 26.30 26.39 27.27 24.61 24.12 24.32 26.07 24.29 22.54 23.68 24.58 23.87 25.39 26.39 26.14 25.35 26.67 25.72 24.13 25.79 26.79 24.69 23.98 26.32 25.30 24.09 25.00 26.76 26.95 26.13 25.58 24.82 24.53 24.60 23.50 21.68 22.74 23.26 21.81 21.79 23.09 23.84 22.71 22.48 23.79 23.81 23.24 21.97 23.67 21.65 22.12 19.98 20.95 18.54 18.01 16.52 16.03 14.32 13.33 14.48 11.10 8.41 8.13 3.98 4.41 6.89 
