4.38 7.45 9.21 9.41 10.72 13.00 15.15 14.78 16.37 18.16 20.34 22.09 23.01 22.99 23.64 25.15 25.35 26.50 27.28 28.03 27.08 26.68 28.17 28.94 27.69 27.45 29.51 30.29 29.74 31.64 32.28 32.47 31.04 31.44 32.06 30.82 28.80 28.71 28.23 26.06 25.17 25.64 24.21 22.62 22.99 23.58 22.25 22.17 23.37 24.54 23.96 25.04 26.29 27.34 26.99 26.42 27.44 29.27 29.68 29.19 30.60 30.82 30.83 30.59 29.74 28.65 27.78 27.26 26.58 26.31 26.43 26.14 26.44 27.43 26.92 26.93 26.77 27.29 27.30 27.21 27.27 28.38 29.71 31.03 33.38 35.16 36.61 37.34 36.89 36.63 36.56 35.50 33.74 33.50 32.13 30.84 30.24 30.06 29.94 30.42 31.55 30.86 31.60 32.76 34.39 34.87 36.02 35.61 35.63 35.56 35.96 35.70 37.21 37.57 36.73 35.46 35.39 35.88 36.62 36.30 37.87 39.02 39.88 37.64 37.78 36.87 37.15 35.46 36.49 35.06 35.65 35.38 35.06 33.46 34.40 33.59 34.64 34.04 35.57 35.54 37.45 38.25 38.38 37.72 36.99 35.66 36.43 36.17 36.58 35.67 37.59 37.45 36.18 35.49 35.13 34.71 33.71 33.33 33.24 32.30 31.60 32.01 32.48 31.98 31.79 32.80 32.16 31.48 30.63 30.72 31.56 31.83 32.61 32.30 34.11 35.15 35.86 34.99 35.79 35.77 35.53 35.84 36.41 36.29 36.92 35.87 34.93 34.00 44.44 
7.45 2.60 6.22 7.85 9.58 11.34 13.21 13.94 15.07 16.64 18.95 20.29 21.42 21.55 22.37 23.98 24.42 25.08 26.44 26.98 26.09 25.34 27.21 28.07 27.14 26.59 29.28 29.96 29.14 31.40 32.05 32.19 30.45 31.17 32.05 30.71 28.01 28.17 28.05 25.29 24.14 24.79 23.58 21.30 21.96 22.54 21.39 20.97 22.61 23.61 23.22 24.13 25.87 26.85 26.53 25.84 27.04 29.01 29.45 28.61 30.15 30.29 30.39 30.11 29.36 27.96 27.45 26.70 25.90 25.45 25.93 25.50 25.79 26.56 26.14 26.02 26.12 26.19 26.30 26.23 26.57 27.43 29.01 30.13 32.70 34.25 35.93 36.72 36.31 35.93 35.73 34.68 32.73 32.47 31.06 29.68 29.30 28.88 28.73 29.27 30.69 29.54 30.23 31.51 33.47 33.65 34.78 34.44 34.73 34.37 34.63 34.37 36.44 36.66 35.68 34.43 34.49 34.93 35.62 35.22 36.84 38.15 39.39 36.67 36.94 35.82 36.27 34.41 35.66 33.96 34.61 34.34 34.11 32.12 33.22 32.35 33.47 32.88 34.17 34.25 36.09 36.92 37.13 36.52 35.71 34.30 35.07 34.93 35.13 33.70 36.06 36.25 34.77 34.05 33.68 33.72 32.21 31.88 31.69 31.28 30.44 30.89 31.02 30.93 30.63 31.78 30.83 30.46 29.59 29.77 30.48 30.90 31.64 30.96 33.18 34.18 35.18 33.75 35.04 34.52 34.39 34.16 35.60 35.30 34.94 33.85 33.60 34.99 40.22 
9.21 6.22 1.51 5.06 9.06 9.83 10.98 11.81 14.11 15.02 16.39 17.53 18.32 18.84 19.99 21.71 21.93 22.74 24.19 24.93 24.43 23.59 25.47 26.38 25.69 25.47 28.10 28.81 28.23 30.25 30.63 30.47 29.05 29.49 30.68 28.96 26.25 26.32 26.61 23.85 22.23 23.10 22.13 20.04 20.34 21.30 20.05 19.94 20.91 22.48 21.96 23.41 24.74 26.13 25.85 25.14 26.11 27.94 28.39 27.31 28.95 28.86 29.40 28.75 28.22 26.87 26.88 25.71 24.33 24.05 25.01 24.41 24.00 25.00 25.04 24.92 24.68 24.92 25.11 25.04 25.23 26.34 27.96 29.13 31.73 33.25 35.11 35.75 35.28 34.57 34.61 33.17 31.08 30.72 29.67 27.90 27.43 26.91 27.07 27.50 29.01 27.83 28.73 29.95 32.09 32.04 33.27 32.80 33.40 32.71 32.98 32.64 35.19 35.26 34.38 32.92 33.29 33.44 34.34 33.64 35.62 36.69 38.43 35.29 35.78 34.20 35.06 32.76 34.39 32.24 33.21 32.62 32.50 30.24 31.58 30.45 31.92 30.77 32.43 32.06 34.34 35.05 35.63 34.77 34.36 32.38 33.41 32.78 33.31 31.75 34.34 34.35 33.28 32.24 32.30 31.94 30.59 29.90 29.84 29.33 28.93 29.00 28.99 28.80 29.04 29.96 28.95 28.49 28.07 28.08 28.98 29.05 29.95 29.03 31.51 32.45 33.89 32.26 33.36 33.02 33.32 33.54 34.06 34.68 33.51 32.48 32.63 32.78 40.24 
9.41 7.85 5.06 0.51 6.74 8.25 8.54 9.54 12.98 13.38 14.94 15.52 16.81 16.64 18.05 19.92 20.34 20.99 22.33 23.33 22.76 22.23 23.97 25.14 24.03 23.84 26.25 27.09 26.08 28.53 28.53 28.61 26.81 27.76 28.57 27.14 24.11 24.62 24.53 21.65 19.97 20.91 19.69 17.82 18.24 19.04 17.82 17.58 18.90 20.00 19.89 20.92 22.23 23.47 23.49 23.02 23.85 26.17 26.70 25.68 26.76 27.00 27.12 26.73 26.13 24.93 24.58 23.80 22.56 22.42 22.86 22.40 21.93 23.26 22.99 23.00 22.57 23.13 23.18 23.43 23.50 24.80 26.16 27.54 29.89 31.72 33.40 34.11 33.72 33.22 33.09 31.66 29.46 29.23 27.82 26.35 25.54 25.06 24.70 25.65 27.01 25.92 26.48 28.17 30.17 30.33 31.21 31.18 31.83 31.45 31.47 31.35 33.81 33.98 32.88 31.49 31.98 32.11 32.81 32.25 34.12 35.27 36.76 33.90 34.36 32.95 33.35 31.54 32.85 30.64 31.19 31.00 30.68 28.35 29.26 28.65 29.83 28.81 29.79 29.94 31.89 32.92 33.12 32.95 32.43 30.88 31.62 31.40 31.65 30.30 32.58 32.77 31.53 30.66 30.51 30.30 28.73 28.41 28.09 27.82 27.23 27.67 27.41 27.21 26.94 28.16 26.99 26.71 25.96 26.14 26.77 27.10 27.88 27.15 29.58 30.70 31.67 30.42 31.29 31.26 31.64 31.70 32.38 31.84 30.88 30.09 31.86 31.79 39.64 
10.72 9.58 9.06 6.74 0.46 5.91 7.16 8.61 10.51 11.55 13.65 14.80 15.90 15.55 16.57 18.06 18.75 19.88 20.78 21.65 20.95 20.07 22.35 23.53 22.52 22.02 24.75 25.41 23.98 26.56 27.05 27.19 25.59 26.48 27.70 25.76 23.17 23.20 23.19 19.85 19.03 19.75 18.20 16.00 17.09 17.47 15.58 15.63 17.13 18.44 17.75 19.19 20.74 22.38 22.10 21.32 22.40 25.13 25.66 24.63 25.70 26.07 25.92 25.85 25.28 23.84 23.00 22.14 21.53 20.71 20.36 19.98 20.06 21.42 20.67 20.80 20.73 21.44 21.29 21.55 21.81 23.29 24.61 26.02 28.04 30.52 31.88 32.90 32.68 32.38 32.31 30.38 28.45 27.95 26.55 24.60 24.28 23.46 23.31 24.10 26.02 24.62 25.45 27.13 29.51 29.52 30.65 30.33 31.11 30.58 30.64 29.99 32.50 32.58 31.39 29.25 29.87 30.04 30.83 30.04 32.27 33.82 35.59 32.54 33.55 32.15 33.00 30.70 32.37 29.78 30.96 30.62 30.58 27.73 28.95 27.82 29.13 27.90 29.36 29.08 31.63 32.54 32.86 32.30 32.29 30.28 31.23 31.07 31.85 30.11 32.59 32.57 31.19 29.93 29.63 29.31 28.18 27.71 27.71 27.09 26.59 27.16 27.25 26.65 26.27 27.53 26.71 25.86 25.10 25.04 25.89 26.25 27.02 26.20 28.49 29.33 29.86 28.53 29.09 28.91 29.27 30.74 31.64 32.19 31.80 31.39 29.95 31.40 36.24 
13.00 11.34 9.83 8.25 5.91 0.13 5.76 7.91 8.34 11.07 12.54 14.08 14.59 16.20 15.92 18.04 18.07 20.29 20.81 21.74 20.71 19.95 22.09 23.21 22.19 21.83 24.63 25.32 23.97 26.92 27.16 27.00 25.43 26.38 27.64 25.65 22.62 23.02 22.94 19.40 18.56 19.72 17.94 15.91 17.07 17.48 15.24 16.03 17.09 18.33 17.31 19.35 20.73 22.18 21.93 21.18 22.30 25.12 25.35 24.26 25.71 25.65 25.62 25.47 24.92 23.57 22.54 21.87 21.01 20.56 20.14 20.16 19.68 21.59 20.17 20.69 20.25 21.03 20.83 21.25 21.40 23.01 24.49 25.68 28.22 30.29 32.11 33.20 32.94 32.39 31.90 30.18 27.90 27.52 25.64 24.06 23.56 22.97 22.60 23.68 25.60 24.13 24.96 26.76 29.32 29.23 30.38 30.18 30.85 30.11 29.74 29.38 32.06 32.11 30.70 28.65 29.26 29.48 30.22 29.59 31.97 33.75 35.56 32.39 33.34 32.10 32.71 30.61 32.11 29.67 30.46 30.21 29.97 27.25 28.29 27.11 28.33 27.26 28.55 28.51 31.08 32.04 32.26 31.87 31.60 29.62 30.39 30.41 31.19 29.46 31.89 32.11 30.72 29.50 28.98 28.91 27.77 27.22 26.98 26.70 26.30 26.49 26.54 26.15 25.93 26.90 25.71 25.37 24.59 24.46 25.21 25.66 26.73 25.61 27.86 29.26 29.95 28.17 28.66 28.71 29.53 30.35 31.13 31.00 31.42 29.44 29.46 32.10 36.19 
15.15 13.21 10.98 8.54 7.16 5.76 0.00 6.25 7.35 8.55 9.30 11.47 12.72 12.87 13.85 16.17 16.26 17.82 18.81 19.28 18.52 17.63 20.09 21.01 20.22 19.79 23.02 23.48 21.92 24.72 25.23 25.01 23.32 24.27 25.95 23.70 20.66 20.93 21.26 17.98 16.95 17.93 16.36 14.42 15.57 15.47 13.80 14.26 15.36 16.25 15.60 17.36 19.19 20.76 20.53 19.68 20.99 23.38 23.42 22.29 23.56 23.36 23.50 23.29 22.92 21.53 21.12 20.15 19.18 18.22 18.57 18.06 17.35 18.66 17.85 18.07 18.32 18.77 18.73 18.89 19.23 20.52 22.25 23.41 25.55 27.91 29.70 30.96 30.87 30.06 29.73 27.67 25.88 25.02 23.46 21.37 21.41 20.58 20.52 21.22 23.37 21.93 22.92 24.61 27.15 27.02 28.23 27.90 28.96 27.78 27.68 26.99 30.27 29.90 28.59 26.41 27.35 27.06 27.98 27.14 29.90 31.50 33.42 30.06 31.44 29.80 30.59 28.14 30.16 27.43 28.04 27.79 27.82 24.90 26.11 24.93 26.19 24.97 26.51 26.32 28.86 29.84 30.45 29.85 29.77 27.38 28.34 27.95 28.88 26.99 29.61 29.78 28.62 27.39 26.95 26.92 25.94 25.12 24.69 24.66 24.55 24.63 24.33 24.05 24.21 25.01 23.49 23.03 22.75 22.45 23.23 23.61 24.72 23.60 26.00 27.33 28.26 26.56 26.92 26.84 27.65 28.86 29.20 30.51 29.64 28.47 27.21 30.18 33.96 
14.78 13.94 11.81 9.54 8.61 7.91 6.25 0.00 6.37 6.73 8.34 8.80 10.79 11.86 12.91 14.16 14.52 15.83 16.49 17.37 16.73 15.86 18.09 19.10 18.10 17.82 20.86 21.38 19.67 22.82 22.86 22.61 20.65 21.71 23.11 21.32 18.35 18.52 18.55 15.29 14.56 15.45 13.45 12.59 13.42 13.76 11.63 12.80 13.53 14.42 13.73 16.06 17.03 18.40 18.51 17.85 18.55 21.49 21.64 20.57 21.65 21.56 21.57 21.34 20.85 19.65 18.65 18.05 16.83 16.56 15.85 15.83 14.80 16.69 15.43 16.17 16.31 17.00 16.87 17.54 17.49 19.03 20.53 21.87 24.21 26.24 28.27 29.20 29.04 28.33 28.02 26.03 24.00 23.59 21.85 20.14 20.02 19.35 19.14 20.02 22.27 20.98 21.92 23.64 26.08 26.10 27.28 27.03 27.79 27.10 26.67 26.19 29.06 29.08 27.45 25.37 25.97 26.03 26.71 25.91 28.26 30.01 31.86 28.45 29.34 27.98 28.75 26.55 28.33 25.71 26.44 26.18 26.03 23.38 24.51 23.62 24.47 23.81 24.93 24.92 26.96 28.33 28.63 28.56 28.17 26.21 26.72 26.68 27.32 25.70 28.03 28.23 26.79 25.61 25.17 24.85 23.69 23.22 22.86 22.85 22.47 22.90 22.83 22.55 22.38 23.30 21.69 21.32 20.63 20.40 20.99 21.63 22.55 21.55 23.81 25.41 26.14 24.82 24.74 25.31 26.30 27.39 27.10 27.43 27.79 25.71 25.64 28.11 34.00 
16.37 15.07 14.11 12.98 10.51 8.34 7.35 6.37 0.60 4.43 7.06 7.34 8.80 9.51 10.97 12.04 12.48 14.29 14.47 15.37 15.15 14.32 16.65 17.23 16.73 16.29 19.22 19.73 18.02 21.02 20.86 20.73 19.18 19.97 21.23 19.25 16.84 17.01 17.08 13.56 13.42 14.03 12.45 11.14 12.55 11.99 10.37 11.43 12.46 13.29 12.55 14.97 15.78 17.14 17.65 16.72 17.32 20.39 21.07 19.53 20.49 20.49 20.31 20.32 19.95 18.82 17.55 16.89 15.98 14.93 14.35 14.14 13.43 15.37 14.34 14.99 15.57 16.06 16.26 16.79 17.00 18.45 19.71 20.94 22.78 25.32 26.86 27.96 27.68 27.38 27.17 25.26 23.21 23.03 21.51 19.86 19.46 19.11 18.80 20.16 22.41 21.15 22.10 23.81 25.91 26.29 27.64 27.22 27.79 27.33 26.91 26.50 28.87 29.34 27.70 25.56 25.51 25.77 26.10 25.24 27.23 29.01 30.93 27.40 28.20 26.84 27.56 25.41 27.28 24.63 25.47 25.60 25.36 22.79 23.80 23.01 24.02 23.23 24.24 24.10 26.45 27.84 28.09 27.70 27.70 25.54 26.00 25.96 26.70 24.92 26.91 27.12 25.39 24.48 23.65 23.43 22.27 21.94 21.80 21.83 21.13 22.02 22.53 22.11 21.53 22.57 21.06 20.33 19.38 19.24 19.71 20.24 20.80 19.97 22.29 23.74 24.19 22.91 23.14 22.64 24.09 25.12 25.29 25.85 27.68 24.56 24.65 26.37 29.25 
18.16 16.64 15.02 13.38 11.55 11.07 8.55 6.73 4.43 0.17 5.75 7.43 7.50 9.80 11.02 11.48 12.01 13.84 14.23 15.22 14.12 13.93 15.93 16.52 16.02 15.95 18.62 19.43 17.52 20.87 20.52 20.48 18.54 19.57 20.85 19.06 16.20 16.75 16.45 13.36 12.72 14.03 11.62 11.37 12.33 11.74 10.05 12.00 12.94 13.52 12.60 15.59 16.77 17.97 18.25 17.67 18.01 20.61 20.96 20.04 20.71 19.71 19.41 19.96 19.77 18.48 17.20 16.74 15.85 14.95 13.81 13.73 13.42 13.65 13.85 13.83 14.78 15.33 15.82 16.10 16.28 18.01 19.32 20.44 22.69 24.96 26.44 28.11 27.80 27.25 26.60 24.81 23.00 22.81 20.99 19.47 19.17 18.92 19.04 20.07 22.30 21.07 22.29 23.85 25.87 26.16 27.40 27.07 27.53 26.75 26.39 26.15 28.37 28.98 27.13 25.29 24.99 24.93 25.24 24.74 26.77 28.92 30.26 26.97 27.85 26.48 27.00 24.99 26.81 24.35 24.83 25.12 24.81 22.38 23.08 22.07 23.36 22.63 23.57 23.54 25.74 27.44 27.45 27.37 26.91 24.84 25.48 25.42 25.68 24.18 26.06 26.50 24.59 24.04 22.75 22.78 21.32 21.35 20.71 21.10 20.21 21.18 21.71 21.53 20.47 21.80 20.11 19.89 18.40 18.44 18.80 19.57 20.22 19.61 21.96 23.70 23.88 22.51 22.82 22.69 24.38 25.04 25.19 25.59 25.77 24.48 24.03 25.90 28.94 
20.34 18.95 16.39 14.94 13.65 12.54 9.30 8.34 7.06 5.75 0.00 6.03 7.49 8.08 8.43 10.09 10.67 12.94 13.30 13.81 12.40 12.41 14.47 15.22 15.19 15.16 18.15 18.68 16.82 19.98 19.86 19.37 17.56 18.64 20.26 18.43 15.60 15.92 15.40 12.33 12.03 12.47 9.77 10.20 11.67 10.30 8.66 10.74 12.27 12.26 11.65 14.94 17.00 17.94 18.19 17.82 18.64 20.70 20.73 19.41 20.25 18.96 18.60 19.07 18.82 17.35 16.58 16.41 14.97 13.70 13.57 13.47 11.48 12.12 11.84 13.22 14.19 14.89 15.19 15.82 15.87 17.33 18.71 20.00 22.06 24.63 26.21 27.86 28.06 27.11 26.28 24.77 22.88 22.66 20.66 19.14 18.75 18.84 18.78 19.81 21.83 20.65 21.66 23.33 25.37 25.56 26.91 26.41 26.95 26.22 25.72 25.26 27.71 27.95 26.36 24.56 24.25 23.97 24.16 23.74 26.47 27.76 29.48 25.74 27.20 25.70 25.78 23.75 26.05 23.55 23.62 23.81 23.88 21.30 21.86 21.25 22.42 21.57 22.68 22.84 24.72 26.21 26.87 26.44 25.79 23.61 24.62 24.19 24.43 22.90 25.32 25.39 23.69 22.95 21.83 21.83 20.70 20.21 19.40 20.16 19.65 20.59 20.38 20.33 19.65 20.89 18.92 18.64 17.64 17.39 17.85 18.52 19.45 19.02 21.37 23.16 23.97 22.35 22.33 22.56 24.19 24.84 24.78 25.74 27.03 23.76 24.36 25.83 28.24 
22.09 20.29 17.53 15.52 14.80 14.08 11.47 8.80 7.34 7.43 6.03 0.00 5.72 7.27 7.13 8.48 10.16 11.89 12.64 13.65 12.73 12.93 14.91 15.94 15.37 15.20 17.96 18.80 16.70 19.81 19.05 19.05 17.58 18.21 19.26 17.80 15.89 15.80 14.38 11.84 12.04 12.82 9.82 10.58 12.30 12.33 9.98 12.05 13.54 14.50 13.31 16.06 17.53 19.10 19.07 18.42 19.06 21.84 21.51 20.05 20.49 19.63 19.55 19.66 19.17 18.17 17.14 16.54 14.63 14.62 13.19 12.02 10.49 11.40 11.48 12.59 13.90 15.28 15.56 16.40 16.60 17.81 19.03 20.60 22.85 25.26 26.62 28.65 28.17 27.79 26.83 25.16 23.24 23.33 21.19 19.76 19.41 19.62 19.43 20.46 22.55 21.36 22.41 24.12 25.93 26.45 27.75 27.25 27.92 26.88 26.51 25.67 28.15 28.47 26.69 24.89 24.80 24.42 24.93 24.29 26.05 27.88 29.50 26.12 27.09 25.70 25.99 24.29 26.03 23.81 23.93 24.40 23.96 21.67 22.49 21.69 22.77 22.04 23.66 23.47 25.73 27.22 27.78 27.43 27.27 25.08 25.87 25.45 25.93 24.36 26.46 26.55 24.51 23.52 22.26 21.76 20.91 20.32 19.69 20.22 19.95 20.57 20.29 20.51 19.81 20.94 18.43 18.54 17.07 17.27 16.92 18.14 19.20 18.79 20.89 22.82 23.60 22.77 22.30 22.36 24.70 25.60 25.07 25.87 26.07 25.18 24.55 26.85 27.88 
23.01 21.42 18.32 16.81 15.90 14.59 12.72 10.79 8.80 7.50 7.49 5.72 0.00 5.98 7.35 7.46 8.86 10.75 11.46 12.43 12.77 12.30 14.34 15.05 15.02 14.74 17.75 18.49 16.56 19.11 18.76 18.78 17.59 18.25 19.11 17.84 16.14 16.57 15.82 12.93 13.11 14.42 12.57 12.07 13.63 14.11 12.02 13.16 14.74 16.11 14.61 17.26 18.57 20.39 20.35 19.81 20.14 23.09 22.85 21.37 21.58 21.11 20.08 20.34 19.64 18.41 17.07 16.95 15.36 14.53 13.65 13.42 12.08 13.54 12.83 14.35 15.33 16.60 16.63 16.73 16.85 18.09 19.32 20.64 22.53 25.42 26.72 28.13 27.86 27.66 27.02 25.58 23.40 23.54 21.64 20.23 19.60 19.68 19.60 20.89 22.85 21.85 22.71 24.59 26.52 27.06 28.23 27.84 28.39 27.64 27.01 26.21 28.37 28.61 26.90 24.86 24.65 24.72 24.90 23.83 25.73 27.70 29.77 26.01 26.89 25.96 26.39 24.18 26.05 23.91 24.49 24.56 24.22 22.22 22.85 22.31 23.27 23.08 24.00 24.36 26.44 28.25 27.96 27.97 27.87 26.00 26.15 26.05 26.65 24.82 26.53 26.52 24.65 23.27 22.02 21.67 20.73 20.26 19.53 20.18 19.59 20.29 20.41 20.38 20.01 20.91 18.54 17.66 16.42 16.13 15.98 17.04 18.03 17.79 20.25 22.20 22.86 21.86 21.97 22.49 24.08 25.48 25.22 26.31 27.52 25.49 24.96 27.22 27.63 
22.99 21.55 18.84 16.64 15.55 16.20 12.87 11.86 9.51 9.80 8.08 7.27 5.98 0.00 5.25 7.03 6.62 8.28 9.44 11.31 9.78 10.96 12.70 13.82 13.81 14.56 16.89 17.54 15.49 18.64 18.25 17.78 16.34 17.31 18.92 17.48 15.69 16.20 15.97 12.73 12.66 14.29 12.77 11.93 13.43 13.42 11.45 12.32 14.49 15.22 13.86 16.54 18.61 19.82 19.76 19.19 20.08 22.53 22.27 20.69 21.28 19.33 18.55 18.56 18.50 16.84 15.38 15.29 14.85 13.78 12.58 12.20 12.75 11.58 12.79 13.61 15.03 15.90 16.44 15.82 15.95 17.08 18.24 19.35 21.93 24.35 25.74 27.63 27.32 26.85 26.24 25.03 23.06 22.97 21.07 19.88 19.39 19.24 19.18 20.36 22.22 21.16 22.13 23.82 25.82 26.05 27.19 26.84 27.64 26.48 26.17 25.28 27.36 27.30 25.53 23.38 23.36 22.99 23.02 22.37 24.58 26.85 28.13 24.65 26.27 25.33 25.39 23.40 25.47 23.17 23.66 23.84 23.80 21.29 22.17 21.27 22.82 21.99 23.47 23.39 25.95 27.56 27.68 27.18 26.94 24.81 25.71 25.02 25.41 23.82 25.79 25.29 23.27 21.99 20.86 20.26 19.22 18.78 18.22 18.56 17.53 18.47 18.73 18.61 17.74 19.00 16.54 15.84 14.16 14.49 14.43 15.41 16.45 16.14 19.00 20.99 21.55 19.90 20.64 21.12 23.78 23.67 24.14 25.36 26.07 24.90 24.39 26.79 26.93 
23.64 22.37 19.99 18.05 16.57 15.92 13.85 12.91 10.97 11.02 8.43 7.13 7.35 5.25 0.00 5.74 5.88 6.55 7.70 9.51 7.53 8.77 10.69 12.30 12.99 13.66 16.28 17.11 15.45 18.60 18.31 17.89 16.39 17.68 19.36 18.15 16.18 16.81 16.72 13.97 13.68 15.37 13.52 13.12 14.19 14.65 12.79 13.55 15.30 16.64 15.32 17.88 19.67 21.49 21.08 20.45 21.13 23.76 23.19 21.83 22.12 20.90 19.39 19.54 18.84 17.26 15.54 15.57 14.38 12.37 11.60 12.11 10.43 9.79 11.10 13.26 14.32 14.91 16.13 16.06 15.91 16.90 18.27 19.53 21.95 24.49 25.93 27.73 27.79 27.32 26.65 25.78 23.72 23.56 21.68 20.57 19.95 20.07 19.83 21.05 23.01 21.93 22.46 24.36 26.30 26.45 27.30 27.18 27.83 27.00 26.40 25.47 27.60 27.58 25.73 23.90 24.07 23.48 23.61 22.97 25.76 26.85 28.42 25.37 27.13 25.64 25.71 23.68 25.77 23.70 23.78 24.15 23.95 21.75 22.29 21.85 22.64 22.51 23.57 23.84 25.77 27.74 28.03 27.56 26.81 25.31 26.03 25.49 25.11 23.85 25.86 25.41 23.03 22.01 21.15 20.80 19.74 19.15 17.88 18.69 18.05 18.45 18.44 18.29 17.52 18.31 16.26 15.26 14.07 13.77 14.46 15.02 16.03 15.84 18.34 20.55 21.19 20.01 20.15 21.40 23.29 23.74 23.60 25.15 26.60 24.62 23.86 26.32 26.69 
25.15 23.98 21.71 19.92 18.06 18.04 16.17 14.16 12.04 11.48 10.09 8.48 7.46 7.03 5.74 0.00 5.72 7.43 7.75 9.81 9.95 11.07 12.75 15.04 15.02 15.44 17.94 19.04 17.52 20.40 19.69 19.42 18.57 19.62 20.87 19.81 18.01 18.80 18.85 16.11 15.87 17.96 16.84 15.94 17.18 18.14 16.71 16.96 18.56 20.13 19.51 21.34 22.76 24.52 24.15 23.40 24.10 26.76 26.15 24.79 24.93 23.24 22.62 22.49 21.69 19.89 18.50 18.40 17.85 16.40 15.00 15.04 14.67 14.13 14.36 15.56 17.65 18.09 18.95 18.55 18.61 19.34 20.21 21.56 24.31 27.02 28.01 30.36 29.96 29.56 28.59 27.68 25.76 25.67 23.66 22.49 21.84 22.03 22.08 23.19 24.84 23.85 24.68 26.32 27.86 28.24 29.15 28.83 29.39 28.41 27.79 26.91 29.10 29.22 27.19 25.61 25.16 24.73 25.26 24.77 26.20 27.53 29.66 26.69 27.61 26.28 27.02 25.25 27.02 25.02 25.69 25.88 25.02 23.03 24.21 22.95 24.12 23.75 25.25 25.21 27.51 29.57 29.52 28.80 28.49 26.80 27.48 26.85 26.77 25.48 27.61 27.47 24.73 23.60 22.64 22.36 21.22 20.76 19.65 20.46 19.43 20.02 19.82 19.97 18.59 20.02 17.16 16.92 14.07 14.99 14.60 15.73 16.88 17.18 19.85 21.84 22.63 21.59 21.40 21.85 24.88 24.86 24.58 26.46 27.32 25.45 24.64 27.28 27.30 
25.35 24.42 21.93 20.34 18.75 18.07 16.26 14.52 12.48 12.01 10.67 10.16 8.86 6.62 5.88 5.72 0.00 5.36 7.11 8.00 8.89 9.50 11.53 13.23 14.49 14.01 17.30 18.54 17.16 20.39 19.89 19.86 18.95 19.93 21.25 19.85 18.02 19.20 19.73 16.85 16.54 18.98 18.08 16.81 17.78 19.46 17.72 17.80 19.56 21.42 20.30 22.22 23.48 25.23 24.91 23.79 24.70 27.37 26.86 25.14 25.76 24.31 23.17 23.02 21.87 19.97 18.52 18.32 17.66 15.96 15.08 15.12 15.33 15.38 14.78 15.72 18.08 18.23 18.92 18.26 18.99 19.51 20.08 21.24 24.38 27.05 27.94 29.57 30.31 29.68 28.41 27.55 25.73 25.76 23.77 22.33 21.66 21.87 22.33 23.15 24.99 23.88 24.92 26.11 27.65 28.25 29.46 28.97 29.40 28.52 27.98 27.07 29.14 29.19 27.27 25.27 24.94 24.88 25.36 24.13 25.61 27.81 30.30 26.23 27.00 26.33 27.34 25.01 26.62 25.08 25.94 25.87 25.03 23.00 23.84 23.05 24.25 23.67 24.75 25.01 27.70 29.19 28.84 28.37 28.28 26.48 26.92 26.39 26.50 24.89 27.02 26.51 24.02 22.74 21.79 21.33 20.21 19.56 19.23 19.38 18.70 19.27 19.91 18.75 17.92 18.92 16.63 14.47 12.12 12.27 12.49 13.43 14.99 15.22 18.50 20.67 21.64 20.80 20.96 21.09 23.74 24.35 24.03 26.20 27.29 25.03 23.97 26.85 27.30 
26.50 25.08 22.74 20.99 19.88 20.29 17.82 15.83 14.29 13.84 12.94 11.89 10.75 8.28 6.55 7.43 5.36 0.00 5.93 8.06 7.21 8.95 11.67 13.22 14.56 14.90 17.57 18.96 17.67 20.69 21.13 21.13 19.83 21.03 22.69 21.67 19.57 20.74 21.06 18.45 18.25 20.39 19.74 18.06 19.54 20.71 18.87 18.79 20.85 22.69 21.57 23.38 25.10 26.58 26.03 24.93 25.79 28.64 27.90 26.19 26.57 25.39 24.36 23.70 22.25 20.80 19.57 18.82 17.86 16.94 15.78 15.89 15.55 14.95 15.51 16.50 18.05 18.43 18.84 18.97 19.39 20.35 20.76 22.06 25.07 27.86 28.84 31.13 30.87 30.59 29.25 28.55 26.48 26.68 24.24 23.44 22.82 22.84 22.86 23.80 25.92 24.83 25.54 27.02 28.73 29.22 29.96 29.88 30.02 28.93 28.63 28.23 29.97 30.26 28.09 26.30 25.61 25.44 25.66 25.12 26.72 30.00 31.08 27.72 28.35 28.06 28.24 25.98 27.69 26.35 26.81 27.41 26.50 24.34 25.13 24.10 25.30 24.44 26.03 26.22 28.59 30.10 29.78 29.53 28.94 26.89 27.87 27.22 27.02 25.68 27.91 27.52 24.56 23.45 22.03 21.89 21.01 20.97 19.73 19.89 18.96 19.82 19.90 19.22 18.34 20.13 17.65 16.20 13.44 14.15 14.94 15.45 17.18 17.17 20.41 22.55 23.21 21.75 21.41 21.87 24.97 25.56 25.18 26.58 27.15 25.95 24.59 26.78 27.82 
27.28 26.44 24.19 22.33 20.78 20.81 18.81 16.49 14.47 14.23 13.30 12.64 11.46 9.44 7.70 7.75 7.11 5.93 0.00 5.58 5.62 7.20 9.39 11.16 12.54 12.91 16.56 17.22 16.02 19.71 19.72 19.98 18.74 19.67 21.69 20.69 18.63 19.29 20.22 17.85 17.24 19.01 18.84 17.69 18.70 19.90 19.17 19.13 20.60 22.44 21.90 23.75 25.09 26.51 26.16 24.76 25.46 28.15 27.79 25.78 26.11 25.02 24.16 23.20 21.71 20.26 18.91 18.05 16.76 15.84 15.45 14.58 14.36 13.32 13.76 15.18 16.62 16.97 18.32 18.31 18.76 19.05 20.11 21.81 24.25 26.80 28.10 30.01 30.27 29.37 28.55 28.10 26.06 25.62 23.77 22.85 22.37 22.12 22.12 23.29 25.43 24.25 24.77 26.36 28.47 28.51 29.43 29.09 29.56 28.70 28.12 27.61 29.56 29.48 27.51 25.74 25.70 25.51 25.71 25.01 27.69 29.13 31.36 27.90 28.96 27.84 28.25 25.82 27.74 25.79 26.78 26.47 25.77 23.60 24.41 23.64 24.45 23.97 25.64 25.45 27.56 29.11 29.52 28.77 28.25 26.46 27.53 26.93 26.42 24.97 27.37 26.76 23.94 23.06 22.23 21.60 20.49 20.08 18.96 19.18 18.63 18.87 18.80 18.09 17.45 18.43 16.75 15.20 13.77 13.68 14.71 14.34 16.85 17.20 20.16 22.31 23.52 21.82 21.46 22.10 24.30 24.67 24.13 25.75 26.76 25.32 24.71 26.40 27.18 
28.03 26.98 24.93 23.33 21.65 21.74 19.28 17.37 15.37 15.22 13.81 13.65 12.43 11.31 9.51 9.81 8.00 8.06 5.58 0.00 6.25 7.26 8.31 9.96 11.74 12.35 14.96 16.45 15.71 18.93 19.09 19.35 18.26 19.36 21.24 19.98 18.04 18.91 19.88 17.54 17.42 19.41 19.43 18.09 19.29 20.60 19.70 19.87 21.48 23.08 22.62 24.56 25.94 27.56 27.11 25.85 26.80 29.23 28.82 26.76 26.96 25.92 25.04 24.34 22.92 21.42 19.64 18.74 18.15 17.57 16.14 15.74 16.28 14.90 14.63 14.61 17.00 17.87 18.37 18.46 18.83 19.24 20.42 21.84 24.60 27.02 28.18 30.54 30.18 29.44 28.46 27.80 26.20 25.42 23.45 22.43 21.88 21.69 21.64 22.87 24.71 23.73 24.46 26.06 28.01 28.34 29.21 28.86 29.41 28.61 28.23 27.42 29.59 29.85 28.11 26.25 26.10 25.95 26.54 26.08 27.57 29.39 31.45 28.53 28.94 27.66 28.49 26.51 27.71 26.00 26.77 26.77 25.69 23.54 24.54 23.23 24.37 23.64 25.53 25.20 27.53 29.13 29.13 28.22 27.89 25.98 27.12 26.53 26.37 24.87 27.22 27.02 24.42 23.18 22.36 22.04 20.92 20.39 19.50 19.72 18.99 19.11 18.94 18.65 17.34 18.90 17.01 15.58 13.39 13.90 15.11 14.26 16.92 17.16 20.56 21.97 23.44 21.92 22.02 22.48 25.11 24.94 24.67 26.45 26.33 25.62 25.07 27.28 27.44 
27.08 26.09 24.43 22.76 20.95 20.71 18.52 16.73 15.15 14.12 12.40 12.73 12.77 9.78 7.53 9.95 8.89 7.21 5.62 6.25 0.00 5.64 7.55 8.10 9.66 10.21 13.97 14.66 14.62 17.67 18.21 18.31 17.56 18.56 20.43 19.16 17.27 18.19 19.27 16.81 16.99 19.35 18.90 17.24 18.92 20.37 18.83 18.82 20.74 22.58 21.82 23.60 25.13 26.97 25.99 25.10 25.91 28.50 27.69 25.93 26.17 25.36 24.24 23.38 22.04 20.62 18.38 17.50 16.67 16.08 14.54 14.83 15.02 14.40 13.15 12.89 16.01 16.02 16.67 16.13 17.58 17.92 19.24 20.65 23.09 25.77 26.85 28.57 29.11 28.16 26.79 26.15 24.77 24.07 22.01 20.34 20.19 19.80 19.97 20.78 22.88 22.09 22.89 24.39 26.26 26.78 27.90 27.53 27.82 27.39 27.01 26.24 28.40 28.81 27.23 25.25 24.66 24.79 25.43 24.39 25.87 28.03 30.35 26.69 27.17 26.43 27.36 24.78 26.66 24.86 25.76 25.44 24.83 22.61 23.30 22.48 23.58 22.74 24.00 24.38 26.66 27.82 27.47 27.23 26.73 24.80 25.45 25.28 25.15 23.74 25.81 25.77 23.06 21.87 20.89 20.78 19.55 18.92 18.66 18.54 17.77 18.03 17.99 16.77 15.77 17.11 15.37 13.96 12.07 12.71 13.80 14.35 15.35 15.91 20.09 21.67 22.28 21.35 21.78 21.97 23.84 24.51 24.10 25.14 25.68 25.07 24.47 26.68 26.39 
26.68 25.34 23.59 22.23 20.07 19.95 17.63 15.86 14.32 13.93 12.41 12.93 12.30 10.96 8.77 11.07 9.50 8.95 7.20 7.26 5.64 0.00 5.58 7.04 7.29 8.08 11.60 12.67 12.61 16.06 16.36 16.49 15.69 17.25 18.99 18.03 15.83 17.05 17.41 15.18 15.42 17.86 17.27 15.81 17.60 19.25 17.54 17.48 19.32 21.24 20.64 22.18 23.82 25.37 24.61 23.30 24.43 26.98 26.22 24.06 24.49 23.72 22.90 21.63 19.96 18.69 16.89 15.50 14.50 14.44 13.77 13.27 13.99 13.59 12.97 12.39 14.23 13.57 14.89 14.44 15.29 15.58 17.00 18.90 21.81 24.43 25.73 27.82 27.75 26.90 25.86 24.74 23.18 22.44 19.97 18.66 17.98 17.61 17.39 18.42 20.35 19.71 20.73 22.12 24.26 24.81 26.02 25.75 26.42 25.60 25.42 24.77 27.12 27.24 25.60 23.16 23.06 23.12 23.61 22.72 24.42 27.14 28.91 25.29 26.17 25.41 25.60 23.08 24.81 22.87 23.40 23.26 22.88 20.39 21.18 20.54 21.57 20.75 22.42 22.63 24.90 25.96 26.08 25.76 25.32 23.04 24.09 23.78 23.67 22.05 24.31 23.95 21.40 19.88 18.95 18.56 17.38 17.05 16.27 15.72 14.93 15.87 14.87 13.27 12.45 14.48 13.06 11.11 10.26 11.11 12.86 11.63 14.96 15.21 19.45 21.39 22.43 20.33 20.80 21.07 23.25 23.39 23.50 24.55 24.16 24.34 23.67 25.65 25.83 
28.17 27.21 25.47 23.97 22.35 22.09 20.09 18.09 16.65 15.93 14.47 14.91 14.34 12.70 10.69 12.75 11.53 11.67 9.39 8.31 7.55 5.58 0.00 6.15 7.30 7.78 11.25 12.72 13.47 16.61 17.35 17.66 17.13 18.39 20.32 19.16 17.62 18.12 19.07 16.94 17.35 19.39 19.52 18.48 19.72 21.25 20.28 20.18 21.34 23.44 23.12 24.74 25.91 27.88 27.21 25.95 26.62 29.07 28.47 26.38 26.50 25.68 24.71 23.49 21.73 20.42 18.81 17.56 16.28 16.07 15.75 15.42 15.35 15.69 14.45 13.29 14.92 15.08 16.13 15.67 16.56 17.00 18.77 20.94 23.03 25.67 27.22 28.93 28.83 27.93 27.00 26.43 24.94 23.74 21.46 20.07 19.85 18.96 18.67 19.66 21.61 20.99 21.70 23.38 25.87 26.26 27.10 27.01 27.74 27.02 26.50 26.14 28.87 28.99 27.01 24.69 25.13 25.24 25.58 24.33 26.56 28.79 30.74 27.54 28.25 26.83 27.46 24.59 26.25 24.00 24.78 24.32 23.83 21.25 22.09 21.27 22.15 21.90 23.70 23.87 26.01 27.49 27.69 27.38 26.75 24.81 25.65 25.58 25.38 24.05 25.87 25.74 23.16 22.19 21.26 20.81 19.44 19.11 18.35 18.13 17.37 17.45 16.93 16.24 15.12 16.25 14.01 12.74 12.28 13.38 12.37 11.45 16.00 17.72 20.22 22.31 24.29 22.84 22.97 23.44 25.19 25.39 25.00 26.13 26.52 25.55 25.20 26.80 26.34 
28.94 28.07 26.38 25.14 23.53 23.21 21.01 19.10 17.23 16.52 15.22 15.94 15.05 13.82 12.30 15.04 13.23 13.22 11.16 9.96 8.10 7.04 6.15 0.00 5.71 6.81 8.37 9.82 11.54 15.31 16.11 16.78 16.45 18.05 19.84 18.95 17.15 18.80 19.50 17.57 17.97 20.46 20.23 19.31 20.89 22.36 21.09 21.37 22.63 24.68 24.28 26.16 27.43 29.03 28.65 27.19 27.87 30.01 29.54 27.35 27.27 26.39 25.72 24.88 23.00 21.61 19.72 18.58 17.96 17.04 16.42 16.11 16.58 16.41 14.60 13.59 15.45 14.85 14.94 15.35 16.02 17.43 19.44 20.86 23.36 26.20 27.44 29.46 28.80 28.13 27.09 26.25 24.79 23.76 21.19 19.95 19.58 19.07 18.36 19.40 21.07 20.40 21.24 23.26 25.50 26.12 26.84 26.70 27.65 27.11 26.78 26.44 29.12 29.64 27.93 25.79 25.83 26.23 26.75 26.00 27.73 29.82 31.81 28.72 28.95 27.75 28.33 25.90 26.96 24.86 25.68 25.03 23.97 21.49 22.48 21.30 22.10 21.73 23.58 23.96 25.83 27.68 27.81 27.22 26.42 24.60 25.50 25.35 25.59 24.04 26.21 26.27 23.87 22.91 21.75 21.57 20.32 20.02 19.26 19.79 18.89 18.61 18.33 18.28 16.85 17.64 16.70 15.41 14.93 15.19 16.30 15.37 18.55 19.43 22.79 24.22 25.76 24.10 24.33 24.54 26.66 26.70 25.96 27.34 27.17 26.51 25.53 27.60 27.33 
27.69 27.14 25.69 24.03 22.52 22.19 20.22 18.10 16.73 16.02 15.19 15.37 15.02 13.81 12.99 15.02 14.49 14.56 12.54 11.74 9.66 7.29 7.30 5.71 0.00 5.31 7.05 7.59 9.34 13.36 14.30 15.01 15.07 16.36 18.33 17.40 16.10 17.81 18.56 16.16 17.24 19.69 18.85 17.70 19.71 21.37 19.89 20.35 21.87 23.80 23.27 25.15 26.38 27.86 26.99 25.74 26.32 28.55 27.93 25.92 25.83 25.03 24.25 23.40 21.97 20.71 18.40 17.66 17.02 16.26 14.71 15.34 16.58 15.49 14.24 12.92 15.15 12.48 13.88 13.39 15.26 15.93 17.99 19.67 22.05 24.94 26.48 27.97 27.60 26.58 25.46 24.29 22.60 21.61 19.26 17.45 17.12 16.36 16.15 16.75 18.88 18.14 19.13 21.04 22.97 23.77 24.92 24.76 25.46 25.18 25.08 24.74 27.39 28.11 26.65 24.69 24.33 24.63 25.21 24.42 26.03 28.15 30.15 26.56 26.98 25.91 26.35 23.82 25.38 23.35 23.90 23.18 22.44 20.00 20.73 19.69 20.59 19.91 21.56 22.24 24.13 25.51 25.67 25.01 24.32 22.37 23.34 23.23 23.28 21.95 24.20 24.18 21.92 20.81 19.86 20.01 18.75 18.46 18.49 18.60 17.83 17.86 17.69 17.23 15.39 16.55 15.30 14.69 14.18 14.55 15.77 16.61 18.26 18.59 22.28 23.98 24.76 23.86 24.06 24.33 26.16 26.33 25.70 27.01 27.94 25.92 25.02 27.13 26.73 
27.45 26.59 25.47 23.84 22.02 21.83 19.79 17.82 16.29 15.95 15.16 15.20 14.74 14.56 13.66 15.44 14.01 14.90 12.91 12.35 10.21 8.08 7.78 6.81 5.31 0.00 5.82 6.77 7.81 10.93 12.51 13.32 13.83 14.83 16.59 16.06 14.66 16.35 16.53 14.82 15.66 18.11 17.14 16.14 18.18 19.77 18.83 19.55 20.95 22.96 22.54 24.38 25.63 26.89 26.42 24.68 25.52 27.75 27.21 25.02 24.96 24.22 23.30 22.62 20.78 19.42 16.80 16.10 15.42 14.13 11.96 13.29 15.12 14.58 11.69 9.96 11.73 11.19 10.69 10.80 12.75 14.63 16.54 18.10 21.08 24.24 25.77 27.39 26.70 26.16 25.00 23.51 21.73 21.08 18.11 16.66 15.55 14.87 14.16 14.67 16.45 15.97 17.36 19.11 21.00 22.07 23.53 23.56 24.19 23.71 23.89 23.58 26.34 27.10 25.36 23.35 23.20 23.31 24.02 23.15 25.10 27.72 28.85 25.52 25.88 25.17 25.19 22.65 24.00 22.11 22.27 21.67 20.41 18.38 18.88 17.69 18.42 17.98 19.65 20.31 22.27 23.99 23.78 23.41 22.70 20.55 21.83 21.52 21.97 20.67 23.24 23.30 20.69 19.62 18.81 18.88 17.71 17.45 17.17 17.69 17.31 17.39 16.79 16.28 15.51 16.71 15.09 14.90 14.73 15.18 16.24 16.49 18.74 18.98 21.95 24.20 24.91 23.62 23.59 23.84 25.65 25.70 25.27 26.65 26.74 25.97 24.36 26.25 26.77 
29.51 29.28 28.10 26.25 24.75 24.63 23.02 20.86 19.22 18.62 18.15 17.96 17.75 16.89 16.28 17.94 17.30 17.57 16.56 14.96 13.97 11.60 11.25 8.37 7.05 5.82 0.00 5.88 7.45 10.18 11.84 13.08 14.00 15.38 17.54 16.95 16.02 17.41 17.75 16.50 17.59 19.69 19.53 18.69 20.09 21.89 21.52 21.84 22.86 25.14 25.06 26.85 27.66 29.41 29.01 27.45 27.88 30.25 29.79 27.61 27.52 26.75 25.73 24.77 23.39 22.04 19.74 19.19 17.99 17.30 16.42 16.55 17.21 17.26 14.66 12.60 13.93 13.02 14.50 13.81 15.03 17.14 20.11 21.04 23.07 26.18 27.88 29.12 28.97 28.10 27.11 25.81 24.23 23.08 20.33 18.27 17.67 16.48 15.77 15.70 17.24 16.81 18.18 20.01 22.53 23.55 24.94 24.87 25.74 25.43 25.00 25.13 28.07 28.38 26.55 24.67 24.87 25.37 25.73 25.00 27.25 29.40 31.01 27.64 28.00 27.07 27.27 24.51 25.91 23.73 24.51 23.24 22.14 19.69 20.48 18.83 19.44 19.24 20.75 21.17 23.75 25.49 24.99 24.55 24.24 22.16 23.00 23.21 23.87 22.93 25.47 25.70 23.43 22.70 22.04 22.25 21.03 20.60 20.22 20.88 20.55 20.52 19.76 20.12 19.66 20.57 18.92 19.22 18.83 19.06 19.62 19.73 22.06 22.27 24.86 27.09 28.09 26.25 25.83 26.23 27.51 27.77 27.20 28.68 29.02 27.10 26.42 28.07 27.44 
30.29 29.96 28.81 27.09 25.41 25.32 23.48 21.38 19.73 19.43 18.68 18.80 18.49 17.54 17.11 19.04 18.54 18.96 17.22 16.45 14.66 12.67 12.72 9.82 7.59 6.77 5.88 0.00 5.96 8.46 9.44 11.31 12.49 13.88 16.65 16.35 14.21 16.88 17.88 16.45 16.86 19.52 19.36 18.31 20.07 21.87 21.12 21.76 23.05 25.52 25.32 26.88 27.84 29.36 29.13 27.37 27.93 30.23 29.93 27.84 27.75 27.09 26.34 25.90 24.24 22.92 20.51 19.89 18.69 18.44 17.88 17.38 17.21 17.01 15.02 14.44 13.65 12.16 13.07 14.39 15.15 17.29 19.93 21.59 23.52 26.59 28.33 29.89 29.03 28.62 27.54 25.95 24.23 23.43 20.11 18.47 16.98 15.77 14.64 13.98 15.85 15.07 16.79 19.16 21.82 23.01 24.34 24.63 25.45 24.83 24.67 24.58 27.70 28.25 26.26 24.57 24.86 24.94 25.57 25.22 27.59 29.77 30.97 27.90 28.33 27.37 27.84 25.19 26.14 24.20 24.91 23.68 21.93 19.78 20.42 18.08 18.34 18.01 18.89 19.88 21.75 23.76 23.14 23.26 22.64 20.48 22.07 22.28 23.42 22.29 25.60 26.09 23.57 22.93 22.50 22.75 21.77 21.59 21.12 21.78 21.75 21.47 21.28 21.72 20.98 22.14 20.89 20.83 20.29 20.20 21.36 21.41 22.73 22.49 25.35 27.58 27.94 26.46 26.41 26.31 28.38 28.27 27.56 28.59 28.52 27.62 26.31 27.97 27.90 
29.74 29.14 28.23 26.08 23.98 23.97 21.92 19.67 18.02 17.52 16.82 16.70 16.56 15.49 15.45 17.52 17.16 17.67 16.02 15.71 14.62 12.61 13.47 11.54 9.34 7.81 7.45 5.96 0.00 6.49 7.38 8.57 9.48 11.00 12.97 12.87 10.89 13.63 14.81 12.36 12.85 16.31 16.00 15.23 17.17 18.70 18.34 19.03 20.82 23.07 22.66 24.35 25.38 27.05 26.22 24.87 25.23 27.78 27.43 25.78 25.77 25.38 24.79 24.31 22.96 21.57 19.36 18.06 17.22 16.85 15.99 15.39 15.51 15.40 13.35 12.02 12.45 10.58 10.04 11.18 13.57 15.77 17.80 19.50 21.81 25.31 26.98 28.45 27.95 26.96 25.88 24.35 22.12 20.77 18.01 15.80 14.61 12.11 11.48 11.47 13.37 11.88 13.55 16.64 19.15 19.86 21.56 22.01 22.59 22.36 22.31 22.29 24.99 25.44 24.02 22.47 22.44 22.70 23.09 22.86 25.22 27.29 28.55 25.56 26.25 25.14 25.15 22.99 24.26 22.08 22.62 21.52 20.24 17.66 17.88 15.76 15.65 14.56 15.38 16.06 17.71 19.38 19.33 19.57 19.09 17.41 19.21 19.51 20.28 19.73 22.86 23.24 20.85 19.92 19.73 20.44 19.41 19.15 18.97 19.63 19.77 20.05 20.19 20.02 19.63 20.96 19.78 19.27 18.79 18.84 19.66 20.06 20.34 20.36 23.63 25.50 25.91 24.79 25.05 25.35 26.84 27.30 26.53 27.47 29.20 26.63 25.42 27.51 27.79 
31.64 31.40 30.25 28.53 26.56 26.92 24.72 22.82 21.02 20.87 19.98 19.81 19.11 18.64 18.60 20.40 20.39 20.69 19.71 18.93 17.67 16.06 16.61 15.31 13.36 10.93 10.18 8.46 6.49 0.64 6.54 7.32 8.90 10.51 13.44 13.79 13.07 15.45 16.57 15.34 15.99 18.97 19.00 18.80 20.25 21.71 21.61 22.77 23.85 26.17 25.84 27.80 28.54 30.19 29.38 27.84 28.03 30.69 30.50 29.05 28.63 28.49 27.70 27.86 26.28 25.15 22.73 22.54 21.00 21.00 19.81 19.37 19.03 19.04 17.41 16.22 16.18 15.81 15.73 16.03 17.97 20.26 21.16 22.93 25.47 29.16 30.40 32.05 31.37 30.73 29.13 27.66 25.10 24.60 21.28 19.40 17.30 15.38 14.21 14.76 16.45 15.66 17.83 20.52 22.60 23.56 25.18 25.27 25.26 24.96 25.40 25.39 27.72 28.63 27.09 25.29 25.05 25.14 25.72 25.70 28.17 30.49 31.13 28.36 28.73 27.60 27.82 25.72 27.01 25.14 25.42 24.60 22.86 20.35 20.28 18.06 17.81 16.57 16.93 17.90 19.70 21.14 21.26 21.44 21.18 19.74 21.46 21.94 23.20 23.01 26.11 27.02 24.41 23.67 23.04 24.12 23.16 23.22 22.86 23.92 23.71 24.43 23.85 24.26 23.73 24.97 23.35 22.91 22.59 22.39 23.00 23.50 24.05 23.81 26.37 28.52 28.88 27.44 27.29 27.63 29.59 29.25 28.64 30.01 30.35 28.73 27.14 29.25 29.56 
32.28 32.05 30.63 28.53 27.05 27.16 25.23 22.86 20.86 20.52 19.86 19.05 18.76 18.25 18.31 19.69 19.89 21.13 19.72 19.09 18.21 16.36 17.35 16.11 14.30 12.51 11.84 9.44 7.38 6.54 0.06 5.66 6.12 7.69 10.33 11.53 10.78 12.29 13.15 13.35 14.40 17.05 17.39 17.66 19.24 20.98 21.12 21.82 22.99 25.73 25.79 27.44 28.26 30.42 29.95 28.36 28.42 31.34 31.18 29.28 29.12 28.93 28.24 27.74 26.40 24.97 23.32 22.32 21.28 20.95 20.12 19.69 18.36 18.61 17.01 16.08 15.52 15.89 16.73 17.47 17.67 20.10 21.59 23.35 25.64 29.28 30.44 31.48 31.30 30.59 28.97 27.21 25.28 24.20 21.05 18.05 16.28 14.44 13.61 14.01 16.18 15.82 17.68 20.24 22.40 23.56 25.02 25.14 25.33 25.39 25.30 25.36 27.79 28.23 26.49 25.00 24.97 25.51 25.63 25.48 27.84 29.80 31.22 28.27 28.81 28.07 28.16 25.95 26.79 25.06 25.55 24.40 22.57 19.64 20.02 17.25 16.70 15.21 15.82 15.80 18.08 19.30 18.97 19.69 20.26 18.94 20.95 21.60 22.68 22.73 26.34 26.87 24.53 24.22 24.25 24.71 23.82 23.71 23.77 24.18 24.31 24.58 24.28 24.13 24.10 24.97 23.14 22.66 22.35 22.16 22.69 23.27 23.92 23.49 25.90 27.82 28.23 27.15 27.15 27.79 28.71 28.90 28.71 30.02 30.89 28.53 27.74 29.76 29.48 
32.47 32.19 30.47 28.61 27.19 27.00 25.01 22.61 20.73 20.48 19.37 19.05 18.78 17.78 17.89 19.42 19.86 21.13 19.98 19.35 18.31 16.49 17.66 16.78 15.01 13.32 13.08 11.31 8.57 7.32 5.66 0.04 5.46 6.88 8.53 9.49 8.90 11.17 12.73 11.58 13.12 16.09 16.60 16.37 18.57 20.72 20.63 21.38 22.92 25.83 25.49 27.32 27.99 29.98 29.46 27.97 28.10 30.86 30.62 28.89 29.03 28.51 27.87 27.56 26.29 24.88 22.79 22.07 20.84 20.30 19.70 18.75 17.89 18.11 16.18 15.67 15.28 15.25 15.67 17.24 18.12 20.40 22.06 23.55 25.64 29.20 30.29 31.97 30.85 30.42 28.78 26.79 24.53 23.77 20.37 17.88 16.09 13.72 13.22 14.03 16.47 15.65 17.54 20.65 23.29 24.00 25.07 25.58 25.73 25.63 25.31 25.52 27.75 28.29 26.13 24.81 24.92 25.23 25.34 25.51 27.65 30.21 31.02 28.28 28.62 28.02 28.08 25.83 26.46 24.80 25.27 24.24 22.11 20.02 20.00 16.71 15.63 14.52 13.98 14.41 16.47 17.88 17.42 18.70 19.16 17.97 20.25 20.76 21.83 22.33 26.21 26.72 23.93 24.07 24.21 24.74 23.66 23.98 23.80 24.59 24.33 25.04 24.65 24.92 24.22 25.83 23.69 23.42 22.30 22.48 22.71 23.39 23.67 23.49 26.17 28.41 28.49 27.22 27.69 28.00 29.46 29.32 28.82 30.17 30.81 28.89 27.44 29.55 29.99 
31.04 30.45 29.05 26.81 25.59 25.43 23.32 20.65 19.18 18.54 17.56 17.58 17.59 16.34 16.39 18.57 18.95 19.83 18.74 18.26 17.56 15.69 17.13 16.45 15.07 13.83 14.00 12.49 9.48 8.90 6.12 5.46 0.11 5.35 7.35 7.04 6.64 8.69 10.32 9.15 9.85 13.12 13.56 13.38 16.08 18.41 18.46 19.52 21.65 23.87 23.59 25.08 25.99 27.56 26.61 25.62 25.75 28.25 27.91 26.74 27.60 26.87 26.31 26.23 24.77 23.40 21.66 20.30 19.25 18.38 18.07 16.82 16.15 16.64 14.36 14.22 13.49 14.39 14.05 15.25 16.66 19.24 20.28 22.30 24.32 27.40 28.98 30.14 29.34 28.42 27.24 25.25 22.63 21.48 18.40 16.03 14.13 11.63 11.70 12.41 15.23 14.42 16.16 19.55 21.81 22.50 23.69 24.20 24.45 23.98 24.11 24.01 26.55 26.64 25.19 23.51 23.45 23.54 23.79 23.83 26.71 28.44 30.18 26.87 27.97 26.23 26.05 24.36 25.60 23.19 23.59 22.85 21.29 18.03 18.13 15.25 14.31 11.88 11.60 11.92 13.51 14.08 14.30 15.95 16.76 15.62 18.15 18.62 19.68 20.32 24.60 24.58 22.16 22.05 22.38 22.64 21.96 22.29 22.58 22.81 23.06 23.61 23.80 23.51 23.31 24.88 23.03 22.13 21.27 21.21 21.69 22.28 23.18 22.75 25.75 27.08 27.23 26.57 27.03 27.40 28.59 29.02 28.49 29.71 32.00 28.40 27.26 29.14 29.61 
31.44 31.17 29.49 27.76 26.48 26.38 24.27 21.71 19.97 19.57 18.64 18.21 18.25 17.31 17.68 19.62 19.93 21.03 19.67 19.36 18.56 17.25 18.39 18.05 16.36 14.83 15.38 13.88 11.00 10.51 7.69 6.88 5.35 0.00 6.11 7.37 6.60 8.24 10.05 10.00 10.78 13.34 14.26 14.89 16.72 18.58 19.26 20.35 22.06 24.61 24.40 26.03 27.02 28.86 28.19 26.93 27.26 29.67 29.32 27.89 28.24 27.71 27.12 26.90 25.61 24.43 22.26 21.81 20.04 19.52 18.90 18.10 17.03 17.27 15.68 14.77 14.18 15.07 15.36 16.18 17.64 19.68 21.13 22.72 24.96 28.83 30.06 31.43 30.49 29.79 28.55 26.53 24.00 22.82 19.42 16.72 15.63 13.81 13.03 13.83 17.11 17.23 19.08 21.24 23.64 24.45 25.59 25.83 25.85 25.85 26.07 25.81 27.76 28.39 26.64 24.88 24.73 25.20 25.69 25.37 27.74 29.78 30.96 28.22 28.76 27.38 27.67 25.83 26.64 24.44 25.08 24.38 22.65 20.17 19.98 17.10 15.97 14.53 14.27 13.69 14.58 15.28 15.33 16.88 17.87 17.08 19.19 19.85 20.88 21.85 25.77 26.23 23.72 23.81 24.08 24.48 23.55 23.96 24.00 24.72 24.54 25.36 24.76 25.20 24.65 26.18 24.13 23.66 22.74 22.82 23.01 23.52 24.54 24.52 26.68 28.49 29.00 28.18 28.21 28.28 29.82 29.86 29.26 30.38 31.20 29.39 27.83 29.79 30.65 
32.06 32.05 30.68 28.57 27.70 27.64 25.95 23.11 21.23 20.85 20.26 19.26 19.11 18.92 19.36 20.87 21.25 22.69 21.69 21.24 20.43 18.99 20.32 19.84 18.33 16.59 17.54 16.65 12.97 13.44 10.33 8.53 7.35 6.11 0.35 6.50 7.17 6.80 7.99 9.49 11.29 12.54 13.22 15.07 16.87 18.88 19.45 21.13 22.89 25.52 25.38 26.95 28.12 30.12 29.62 28.31 28.52 31.06 30.92 29.14 29.24 28.84 28.58 28.43 27.00 25.34 23.71 22.95 21.66 20.86 20.45 19.85 18.36 19.10 16.45 16.72 15.25 17.15 17.00 18.10 18.88 21.18 22.85 24.36 27.24 30.62 31.96 32.69 32.51 31.77 30.12 27.83 25.78 24.53 21.27 18.72 18.23 17.09 16.31 17.62 20.48 20.63 21.80 23.98 25.81 26.73 27.81 27.56 27.79 27.77 27.92 27.57 29.78 29.94 28.26 26.43 26.38 26.78 27.20 27.17 29.82 31.17 32.66 29.61 30.43 29.04 29.09 26.94 27.99 26.25 27.17 25.99 24.36 21.91 22.51 18.68 18.04 16.53 17.15 15.80 16.84 18.01 18.22 19.05 19.67 18.96 20.93 21.59 23.04 23.71 27.70 28.26 26.15 25.96 26.17 26.44 25.71 25.90 26.20 26.65 26.79 27.16 27.06 27.06 26.79 27.99 26.24 25.63 24.52 24.56 24.73 25.42 26.31 25.84 28.42 30.05 30.43 29.46 29.64 30.21 31.15 31.12 31.10 32.15 32.77 30.10 29.73 31.10 30.94 
