1.17 5.38 7.04 9.14 11.91 14.84 17.96 19.53 22.26 23.94 28.32 30.15 32.39 33.61 34.64 34.72 35.62 34.74 33.81 33.33 32.64 32.30 31.86 31.92 31.57 30.50 29.33 29.26 27.52 26.24 25.50 25.11 23.66 23.38 23.40 23.35 23.06 23.42 24.12 25.62 25.41 26.66 27.75 29.81 31.22 31.53 32.01 31.83 30.59 29.97 30.29 30.36 30.92 29.73 28.57 27.55 27.50 27.76 27.95 28.75 30.14 31.56 31.93 33.10 33.50 33.77 33.59 34.22 34.65 33.59 32.38 31.47 29.90 28.53 26.02 22.50 19.90 17.88 16.64 14.82 12.95 13.30 14.43 17.22 18.84 20.23 24.78 26.14 25.38 24.94 25.56 25.46 25.08 25.55 25.72 25.54 25.61 25.86 26.51 27.05 28.01 28.18 28.77 27.06 25.63 24.57 25.15 23.64 23.40 23.92 25.53 25.77 26.67 27.28 27.86 28.19 28.61 29.06 29.85 30.59 32.57 33.18 33.87 33.63 32.80 31.35 30.25 29.56 29.78 30.73 29.36 28.17 29.15 29.49 28.72 27.73 29.37 29.64 29.77 29.39 
5.38 0.00 5.05 5.80 9.70 11.86 15.53 17.11 20.43 21.65 26.17 28.22 31.93 32.39 34.74 34.11 35.69 33.47 33.07 31.61 31.77 30.31 30.59 30.11 30.07 28.72 28.27 27.68 25.92 24.33 24.26 23.06 21.65 21.28 22.31 21.45 21.15 21.18 22.92 23.95 23.80 24.81 26.67 28.35 29.67 29.51 30.24 30.02 28.88 28.24 28.36 28.57 28.93 27.60 26.40 25.92 25.97 26.25 26.11 27.41 28.55 30.16 30.60 31.98 31.97 32.84 32.47 33.49 33.29 32.68 31.60 30.44 27.52 27.15 23.53 19.98 17.66 16.35 14.09 11.18 10.44 11.45 12.32 16.23 18.40 19.10 23.97 25.51 24.56 23.91 23.80 23.76 22.68 23.28 23.19 23.59 23.09 23.77 24.35 25.29 26.21 27.02 27.50 26.14 24.20 23.10 23.50 21.95 21.20 21.86 23.68 24.02 25.24 25.69 26.23 26.64 27.07 27.48 28.30 29.05 31.45 31.61 32.44 32.16 31.74 30.05 28.95 27.95 28.92 29.25 27.13 26.78 29.06 27.53 24.41 24.86 29.18 28.50 26.37 28.15 
7.04 5.05 0.00 3.48 6.94 9.17 11.65 14.58 18.08 19.63 23.26 25.67 29.82 31.22 33.41 33.33 34.31 32.40 31.46 30.49 29.84 29.15 29.48 28.97 28.44 27.35 27.53 26.79 24.15 23.29 23.94 22.62 20.02 20.19 22.03 21.00 19.84 20.22 21.98 22.74 21.57 23.17 24.90 26.61 27.75 27.59 28.15 27.51 26.64 25.59 26.50 26.53 26.48 25.01 24.39 23.73 23.64 23.93 23.99 24.99 26.19 28.10 29.39 30.22 30.24 31.48 31.77 31.62 30.35 30.06 29.54 27.86 25.08 23.49 20.78 16.55 14.59 12.49 10.47 9.07 8.44 9.91 11.48 15.25 18.47 19.46 23.85 25.02 24.23 22.71 22.41 21.72 20.36 20.56 21.13 20.93 19.99 20.82 21.81 22.93 24.25 25.28 26.68 24.67 22.55 21.44 22.16 20.00 19.17 19.76 22.03 21.97 23.18 23.84 24.69 25.02 25.23 26.06 26.82 27.66 29.96 30.19 31.01 30.67 29.92 28.05 27.19 26.34 27.10 27.52 25.56 25.89 28.51 27.28 23.26 24.49 28.75 28.46 25.92 27.08 
9.14 5.80 3.48 0.00 4.62 6.29 9.08 12.13 16.02 17.48 20.80 22.95 26.39 27.97 30.63 31.45 32.55 30.36 29.73 28.52 28.21 27.06 27.20 26.46 25.69 24.65 24.37 23.19 20.54 19.77 20.29 18.30 16.00 16.86 18.43 16.54 16.10 16.92 18.33 18.62 18.29 20.17 22.10 23.43 24.83 25.18 25.64 25.38 24.78 24.06 24.59 24.48 24.51 22.87 22.23 21.55 21.38 21.48 21.47 22.38 23.48 25.14 26.08 27.21 27.25 28.84 28.54 29.50 28.07 27.97 26.35 26.07 22.28 21.26 18.09 14.97 12.09 8.44 7.77 6.66 6.69 8.33 11.15 14.80 17.38 17.94 22.62 23.54 22.05 20.89 20.23 19.82 17.76 18.14 17.88 17.63 16.14 16.86 18.32 19.32 20.80 22.03 23.66 22.18 20.28 18.89 19.62 17.78 17.05 17.44 19.21 19.23 20.25 20.86 21.12 21.81 21.86 22.63 23.24 24.18 26.53 27.15 27.99 27.84 26.95 25.16 23.93 23.50 24.30 24.99 22.77 23.31 26.38 24.12 20.82 21.21 27.60 24.35 23.16 26.44 
11.91 9.70 6.94 4.62 0.00 6.07 7.25 10.50 13.10 16.85 20.37 22.40 25.54 26.94 28.82 30.00 31.07 29.82 28.09 27.79 26.48 26.48 25.82 25.82 25.30 24.09 23.04 23.01 20.24 19.80 19.62 18.05 16.95 17.29 17.71 16.01 16.51 17.16 17.81 19.44 19.79 21.35 22.30 24.36 25.67 26.14 26.27 26.18 26.36 25.43 25.80 25.89 26.69 24.87 23.20 22.39 22.52 22.58 22.43 23.57 24.76 26.72 26.48 28.19 28.04 29.54 28.22 28.84 28.18 27.54 25.53 24.33 22.41 21.18 18.46 13.61 8.78 8.15 6.71 6.54 8.07 10.63 13.19 16.77 17.48 18.40 22.54 23.98 21.95 21.00 20.82 20.77 19.54 20.38 19.23 19.44 18.13 19.75 20.19 21.80 23.00 23.98 25.06 23.60 21.87 20.27 20.20 18.26 17.91 17.92 18.93 19.18 20.24 21.00 21.01 22.06 22.55 23.32 23.72 24.70 27.39 28.32 29.28 29.08 28.42 26.22 24.87 23.70 23.82 24.85 22.98 22.81 25.13 25.19 23.95 25.48 24.54 23.78 25.06 28.41 
14.84 11.86 9.17 6.29 6.07 0.00 5.88 6.28 10.38 12.99 17.01 19.66 23.23 25.32 26.35 28.03 29.07 28.04 25.73 25.02 23.79 23.76 23.12 22.99 21.87 21.44 20.16 19.52 16.90 16.62 16.71 14.41 13.41 14.97 15.09 12.79 13.26 14.61 15.63 17.51 17.35 19.33 20.49 22.81 24.14 24.67 24.99 24.90 24.75 24.02 24.15 24.38 24.98 23.16 21.49 20.73 20.79 20.79 20.53 21.94 23.28 25.20 24.87 26.62 26.58 28.04 25.91 26.80 25.68 25.41 23.39 22.48 20.66 19.33 15.87 9.01 8.71 6.73 7.00 7.55 9.86 12.76 14.71 17.51 18.30 18.07 22.57 23.70 21.80 20.89 19.66 19.56 17.71 18.25 17.28 17.31 16.42 17.50 18.70 19.84 21.78 23.24 24.35 22.38 21.14 19.22 19.18 17.00 15.96 16.43 17.55 17.72 18.92 19.67 19.42 20.26 21.02 21.98 22.70 23.34 26.62 27.02 28.38 28.07 27.28 25.17 23.52 22.09 22.16 22.90 20.98 21.23 23.92 23.40 20.89 22.04 23.66 23.44 23.68 27.53 
17.96 15.53 11.65 9.08 7.25 5.88 0.00 5.69 7.61 11.84 15.30 18.83 22.58 24.26 26.66 27.50 28.16 26.62 25.15 24.40 22.79 22.87 22.48 22.07 21.70 20.94 20.71 20.02 17.77 17.82 17.91 16.09 15.69 16.24 16.94 15.89 15.71 16.04 18.07 19.24 18.97 20.07 21.75 23.70 25.17 25.31 25.36 25.32 25.29 24.44 24.54 24.80 25.30 23.59 22.16 21.41 21.23 21.25 20.71 21.92 22.97 24.65 24.55 26.27 26.21 27.20 25.27 25.34 24.54 23.78 21.94 20.23 18.25 17.28 11.94 7.55 6.19 6.83 8.08 10.66 12.38 14.36 15.60 18.81 20.13 20.42 23.55 25.19 24.03 22.15 20.24 19.83 18.10 18.11 16.99 16.87 15.89 17.65 18.05 20.28 22.63 25.11 25.74 24.12 22.53 20.94 20.73 18.01 16.82 16.70 18.29 17.85 18.98 19.49 19.48 20.49 20.81 22.29 22.55 24.32 27.17 27.91 28.72 29.14 28.34 26.05 24.78 23.39 23.46 24.06 21.86 21.99 25.44 25.04 21.68 23.97 24.35 23.86 23.41 26.77 
19.53 17.11 14.58 12.13 10.50 6.28 5.69 0.00 5.60 6.18 10.82 13.66 17.26 18.91 21.70 23.26 23.21 21.34 20.84 19.83 18.98 18.03 18.63 17.53 16.63 16.35 16.30 14.70 13.24 13.58 13.75 11.01 10.89 12.28 12.36 11.24 12.16 13.25 14.66 17.29 16.81 18.72 19.61 22.10 23.10 23.69 23.64 23.99 23.77 23.01 22.64 23.12 23.71 21.71 20.21 19.25 19.80 18.55 18.13 19.21 20.75 22.17 21.86 23.83 23.17 24.41 21.49 22.43 22.00 21.06 19.18 17.56 14.84 12.62 10.39 6.60 6.53 6.68 8.24 12.78 13.62 15.53 15.95 19.67 20.13 20.68 24.15 24.24 21.99 19.60 18.08 17.39 15.13 15.46 14.08 14.47 13.76 15.85 17.29 19.29 22.04 24.62 25.39 24.09 22.40 20.36 19.33 17.12 15.72 15.51 16.39 15.61 16.94 16.33 16.57 17.15 17.87 19.09 20.29 21.79 24.97 25.59 26.62 27.09 25.88 23.69 22.11 20.96 21.03 22.12 19.65 20.00 23.15 22.92 20.15 21.04 22.98 22.13 21.78 26.80 
22.26 20.43 18.08 16.02 13.10 10.38 7.61 5.60 0.00 6.05 7.56 10.70 13.62 16.56 18.37 20.31 21.36 19.41 18.03 18.02 16.28 16.46 17.29 17.26 16.28 15.92 15.72 14.99 12.83 13.89 13.87 11.41 11.95 12.83 12.24 11.06 13.13 13.83 14.27 17.45 17.94 19.65 20.37 22.42 23.97 24.26 24.38 24.13 24.06 23.70 23.17 23.96 24.75 22.85 20.70 20.26 19.93 19.77 18.73 19.90 21.26 22.26 22.11 22.75 22.17 23.03 20.90 21.08 20.38 19.09 16.38 14.31 11.13 11.35 8.82 7.68 8.36 10.86 11.40 14.17 14.83 17.57 19.32 21.85 21.87 22.43 26.50 24.98 21.42 19.81 18.64 18.02 15.96 16.43 15.10 16.06 15.23 17.94 18.82 22.22 24.42 27.10 27.53 26.66 24.71 22.80 21.44 19.49 17.96 17.24 17.84 16.99 18.01 16.88 17.04 17.57 18.63 19.16 19.92 21.77 25.16 26.24 27.06 27.51 26.23 23.77 22.16 21.00 21.38 22.18 19.61 19.25 23.23 22.11 20.24 21.06 24.08 22.50 23.02 26.54 
23.94 21.65 19.63 17.48 16.85 12.99 11.84 6.18 6.05 0.00 5.34 6.44 10.67 11.64 14.82 16.23 17.40 15.46 13.90 12.88 11.45 11.96 13.76 13.28 11.23 11.78 11.84 10.67 8.82 10.94 11.89 10.16 10.61 12.10 12.28 11.95 12.44 14.14 15.29 18.49 17.79 19.63 20.22 22.26 23.12 23.23 23.72 23.31 23.08 22.48 22.44 22.61 23.22 21.39 19.77 18.26 18.23 17.72 17.30 18.13 19.70 21.06 20.83 21.86 20.51 21.60 19.13 19.85 18.75 17.25 14.34 12.51 9.75 9.39 8.07 7.57 9.07 11.58 13.66 16.62 16.35 19.19 20.36 23.33 22.86 22.82 26.01 25.35 22.02 19.93 18.29 17.36 15.28 16.07 15.19 16.37 15.59 18.02 19.55 22.15 25.09 27.43 28.17 27.28 25.89 23.30 22.16 20.01 18.16 17.69 17.67 16.80 17.30 16.55 16.35 16.81 18.00 18.66 19.48 21.15 24.58 25.07 25.93 26.42 25.25 22.81 20.88 19.53 19.97 20.87 17.84 17.83 21.73 21.04 19.22 19.38 23.43 21.70 22.75 25.74 
28.32 26.17 23.26 20.80 20.37 17.01 15.30 10.82 7.56 5.34 0.05 5.68 7.14 9.96 13.17 15.83 14.81 13.99 13.83 12.69 11.63 11.78 12.79 12.61 12.62 12.48 11.61 10.93 10.64 12.34 11.42 11.01 12.52 13.38 12.95 14.37 14.48 15.22 18.00 20.57 19.68 21.04 22.12 24.10 24.89 24.88 24.89 24.43 23.78 23.30 23.27 23.19 23.78 22.20 20.66 19.22 18.65 18.76 18.54 19.12 21.04 22.88 22.88 23.52 22.23 22.49 20.26 20.24 18.92 17.08 14.26 12.86 9.49 10.90 10.21 10.50 11.30 15.18 16.51 19.62 19.51 22.12 23.17 25.61 25.49 24.40 26.79 26.56 23.41 21.59 19.83 19.38 16.91 18.57 17.66 19.21 17.68 20.93 22.58 26.01 28.31 30.70 31.49 31.20 29.52 26.82 24.95 22.49 20.53 19.72 19.95 18.26 18.85 18.25 18.42 18.38 19.32 20.04 20.82 22.38 25.79 26.41 27.38 28.15 26.85 24.32 22.59 21.14 21.49 22.31 19.85 19.95 24.27 22.78 19.98 20.52 24.98 23.38 23.52 26.03 
30.15 28.22 25.67 22.95 22.40 19.66 18.83 13.66 10.70 6.44 5.68 0.00 5.59 6.21 9.98 11.87 12.48 10.56 11.70 10.14 10.29 8.80 10.97 10.77 11.71 11.43 11.38 10.56 11.42 11.66 10.95 11.09 12.34 12.54 11.87 13.76 14.94 15.72 17.25 20.58 19.72 21.13 21.73 23.39 24.01 24.03 24.32 24.04 23.68 22.81 22.31 22.43 23.40 21.33 19.79 18.09 17.94 17.25 16.83 17.60 20.06 21.36 20.93 21.88 20.32 21.12 17.78 18.72 16.97 14.84 11.54 10.24 7.17 9.46 9.84 10.82 12.39 15.97 16.30 19.77 19.51 22.60 23.74 25.97 25.43 25.02 27.37 26.65 23.35 20.99 19.46 19.02 16.94 17.73 16.69 18.63 17.87 20.80 23.12 26.08 28.49 31.03 32.03 31.40 30.33 27.48 25.94 23.26 21.53 20.58 20.25 18.66 18.95 17.84 17.62 17.87 18.60 19.41 20.02 21.57 24.91 25.82 26.72 27.31 26.04 23.60 21.84 20.64 21.01 21.95 19.39 19.39 23.27 22.50 19.94 20.38 24.30 23.61 22.82 25.94 
32.39 31.93 29.82 26.39 25.54 23.23 22.58 17.26 13.62 10.67 7.14 5.59 0.00 5.83 7.45 10.69 12.13 11.31 11.89 12.04 11.79 10.65 11.76 12.01 11.51 12.56 12.02 9.72 10.59 14.07 12.35 11.80 13.90 15.26 14.74 16.44 17.08 18.50 20.40 23.65 22.86 24.00 24.32 25.90 26.62 26.64 26.80 26.67 26.07 25.24 24.57 25.09 25.63 23.73 21.48 20.39 19.47 19.78 18.53 20.42 22.09 23.19 22.35 22.83 21.46 22.03 19.39 19.18 17.68 14.84 12.22 11.42 10.01 11.84 12.27 13.97 14.65 18.75 18.63 22.08 21.87 24.94 26.61 28.58 27.46 27.09 30.15 29.12 24.72 22.75 20.83 20.73 18.44 19.83 17.78 20.19 19.55 22.92 24.82 28.24 30.69 33.30 34.78 34.24 32.98 30.72 29.08 26.57 24.37 23.14 23.01 21.22 21.35 19.96 19.58 19.78 20.22 20.71 21.55 23.43 27.01 27.66 28.38 28.93 27.67 25.47 23.38 22.61 23.07 24.45 21.40 21.49 25.48 24.67 21.73 22.27 25.95 24.52 24.04 27.01 
33.61 32.39 31.22 27.97 26.94 25.32 24.26 18.91 16.56 11.64 9.96 6.21 5.83 0.00 5.84 6.93 9.51 9.55 11.08 10.94 11.55 10.51 12.21 12.12 10.77 12.88 12.95 10.47 9.45 13.50 13.27 13.34 14.24 14.74 15.17 17.85 17.82 18.35 20.78 24.38 23.18 23.99 23.92 25.85 26.57 26.56 26.59 25.91 25.25 24.43 24.02 24.29 24.78 22.70 20.58 18.38 17.63 17.53 16.60 18.24 20.64 22.06 21.15 22.43 20.51 21.49 18.73 18.86 16.00 13.59 10.97 11.21 9.54 12.37 13.11 15.62 15.75 19.40 19.77 23.03 23.41 25.71 27.38 29.26 28.40 27.72 30.70 29.94 26.02 23.60 21.24 21.40 19.36 20.14 18.34 20.68 20.30 23.22 25.33 28.92 31.39 33.78 35.12 34.84 33.86 31.11 29.78 27.16 25.19 23.86 23.72 21.68 21.84 20.51 20.14 19.98 20.67 21.06 22.01 23.61 27.14 27.44 28.34 28.77 27.77 25.33 23.19 22.11 23.23 24.05 20.81 21.12 25.45 24.52 21.77 22.38 26.32 24.65 23.78 26.78 
34.64 34.74 33.41 30.63 28.82 26.35 26.66 21.70 18.37 14.82 13.17 9.98 7.45 5.84 0.53 5.79 6.27 8.43 10.39 9.88 11.40 11.51 12.42 12.27 12.95 12.61 13.29 13.98 12.56 14.31 13.91 15.38 15.61 15.39 16.37 19.23 18.54 18.79 21.45 24.46 23.66 24.26 24.38 26.00 26.88 26.82 26.59 25.76 24.46 23.97 23.61 23.42 24.04 21.91 20.36 17.61 16.28 16.79 16.02 17.64 20.29 21.14 20.37 21.69 20.51 20.54 17.44 17.29 14.65 11.11 10.03 9.36 8.63 11.76 13.41 15.47 15.68 19.24 20.48 24.07 24.90 27.09 28.21 30.41 30.11 28.67 31.41 30.78 26.71 24.22 21.84 21.49 19.14 20.50 18.90 21.38 21.10 24.28 26.10 29.79 32.68 34.74 36.19 35.92 35.13 32.48 30.71 28.19 26.18 24.96 24.29 22.46 22.40 21.31 20.65 20.71 21.26 21.81 22.59 24.23 27.59 27.91 28.60 29.21 28.13 25.66 23.67 22.63 23.45 24.14 21.34 21.71 25.88 24.48 21.48 22.48 26.83 25.16 23.97 26.18 
34.72 34.11 33.33 31.45 30.00 28.03 27.50 23.26 20.31 16.23 15.83 11.87 10.69 6.93 5.79 0.00 5.42 5.68 8.62 8.95 11.31 10.43 12.01 12.89 13.63 12.23 13.88 15.85 14.61 15.00 14.99 17.24 16.79 16.94 17.27 19.58 19.29 19.71 22.71 25.10 23.76 24.46 24.30 25.81 26.02 26.05 26.12 25.14 24.57 23.66 23.25 23.07 24.09 21.62 19.54 15.49 15.50 15.67 14.31 14.90 18.25 19.86 18.01 19.78 18.64 18.78 15.28 15.10 12.41 9.76 8.32 9.75 9.79 13.56 15.01 17.02 16.65 20.47 21.36 24.27 24.91 26.73 28.16 30.52 30.22 29.42 31.60 30.98 27.25 24.21 22.07 21.59 19.58 20.42 18.79 20.84 20.40 23.39 25.92 29.24 31.87 33.98 35.47 35.09 34.42 31.73 30.29 27.69 26.04 24.69 24.22 22.44 22.49 21.04 20.46 20.27 20.91 21.29 22.24 23.35 26.69 27.13 28.00 28.33 27.34 25.08 23.15 21.90 23.01 23.97 20.98 21.13 25.00 24.26 21.60 22.63 26.62 25.56 23.68 26.39 
35.62 35.69 34.31 32.55 31.07 29.07 28.16 23.21 21.36 17.40 14.81 12.48 12.13 9.51 6.27 5.42 0.18 5.51 7.38 9.35 13.11 12.86 14.10 15.89 16.98 16.22 16.81 17.01 16.05 17.84 17.08 18.55 18.77 19.22 18.98 21.54 21.22 21.50 24.44 26.48 25.05 25.62 25.41 26.65 26.92 26.75 26.90 26.74 25.65 24.84 24.23 24.94 25.43 23.39 20.34 17.86 15.79 17.13 14.05 16.46 19.13 20.14 18.53 20.32 18.71 19.41 15.18 15.84 13.19 10.42 10.32 12.09 12.32 16.31 17.61 18.54 18.59 22.25 23.26 25.97 26.38 28.51 29.83 31.85 32.00 30.62 32.90 32.06 28.59 26.09 23.36 22.66 20.72 21.92 20.15 21.96 21.15 24.32 26.72 30.15 32.53 34.75 36.06 35.49 34.85 32.46 31.05 28.46 26.80 25.50 25.13 23.39 23.57 21.97 21.55 21.41 21.89 22.29 22.99 24.35 27.28 27.76 28.48 28.87 27.71 25.49 24.27 23.04 23.96 25.27 22.84 22.46 26.62 25.72 23.30 23.89 28.05 25.97 25.69 28.61 
34.74 33.47 32.40 30.36 29.82 28.04 26.62 21.34 19.41 15.46 13.99 10.56 11.31 9.55 8.43 5.68 5.51 0.00 5.44 6.06 9.91 9.58 11.63 13.21 14.04 13.72 14.34 15.43 14.12 15.68 14.39 16.76 16.88 15.68 16.41 19.61 19.19 19.51 22.25 25.04 23.88 24.50 23.96 25.64 26.04 26.18 25.88 25.25 24.63 24.12 23.31 23.53 24.06 22.34 19.22 15.45 13.68 13.83 10.95 12.97 15.86 17.92 15.68 18.44 16.60 16.64 13.02 13.64 10.06 8.51 8.52 11.31 11.14 15.95 16.41 17.64 17.03 20.69 21.71 24.02 24.70 26.80 28.20 30.49 30.62 29.80 31.94 31.25 28.28 25.22 22.52 21.80 19.65 20.06 17.73 20.05 19.25 22.15 24.12 28.20 30.90 33.08 33.72 33.40 32.69 30.41 29.03 26.20 24.66 23.43 22.99 20.77 21.58 19.99 19.21 19.02 20.48 20.92 21.78 23.13 26.41 26.92 27.54 28.09 26.82 24.78 22.87 21.75 22.75 23.83 20.83 21.32 25.20 24.45 22.02 23.16 26.26 25.54 24.60 27.68 
33.81 33.07 31.46 29.73 28.09 25.73 25.15 20.84 18.03 13.90 13.83 11.70 11.89 11.08 10.39 8.62 7.38 5.44 0.45 6.04 8.45 9.51 11.84 13.38 14.10 13.53 14.57 15.67 13.79 14.99 14.19 16.95 16.01 15.51 16.87 19.44 18.64 19.30 22.21 24.81 23.75 24.60 23.93 25.17 25.74 25.73 25.45 24.81 23.67 23.23 23.02 22.89 23.30 22.15 20.05 16.92 13.44 13.90 12.41 13.05 14.88 16.62 15.25 17.44 15.50 15.22 11.04 11.97 10.70 7.64 9.62 11.68 12.63 15.19 16.36 17.01 16.62 19.83 20.80 23.31 23.94 26.10 27.23 29.68 30.14 29.02 31.42 30.82 27.32 24.66 22.17 21.01 18.20 18.98 16.39 18.68 18.13 21.09 22.91 27.21 30.12 32.16 32.22 32.36 31.66 29.29 27.29 25.03 23.75 21.93 21.46 19.49 20.57 19.12 18.59 18.90 20.64 21.39 21.79 23.63 27.05 27.24 27.52 27.98 26.87 24.43 23.01 21.41 22.40 23.16 20.97 20.95 24.76 23.54 21.01 22.11 26.11 24.82 24.03 26.40 
33.33 31.61 30.49 28.52 27.79 25.02 24.40 19.83 18.02 12.88 12.69 10.14 12.04 10.94 9.88 8.95 9.35 6.06 6.04 0.00 6.04 5.84 8.66 10.60 12.29 11.24 12.87 14.46 12.56 14.15 13.87 15.95 15.81 15.46 17.16 18.62 18.32 19.14 22.03 24.52 23.46 24.44 23.95 25.41 25.37 25.47 25.48 25.04 24.28 23.66 23.20 23.67 23.99 21.78 19.56 16.71 14.24 13.41 11.46 11.69 13.54 15.04 13.30 15.19 12.59 12.20 8.25 10.16 8.23 6.35 7.58 12.11 12.80 15.84 16.20 16.92 16.44 19.12 19.74 22.10 22.82 24.69 26.05 28.74 29.53 28.30 30.54 29.92 27.09 23.81 21.58 20.40 17.67 18.30 15.77 17.44 16.20 19.43 21.29 25.41 27.84 30.13 30.54 30.54 29.57 26.91 25.39 23.09 21.72 19.99 19.92 18.42 19.18 17.95 17.76 17.89 19.22 19.97 20.58 22.38 25.71 26.47 26.67 27.17 25.73 23.62 21.93 20.69 21.45 22.24 19.65 20.10 23.64 22.91 20.38 21.83 24.79 24.36 23.23 26.27 
32.64 31.77 29.84 28.21 26.48 23.79 22.79 18.98 16.28 11.45 11.63 10.29 11.79 11.55 11.40 11.31 13.11 9.91 8.45 6.04 1.28 6.17 6.60 8.65 10.05 10.26 12.36 11.78 9.80 12.65 12.25 14.12 14.91 15.79 16.80 18.92 18.69 19.21 22.05 24.36 23.23 23.68 23.65 25.23 25.41 25.26 25.06 25.26 24.67 23.69 23.40 24.12 24.88 22.88 20.29 18.18 16.02 14.84 11.97 12.86 13.27 14.61 12.90 14.05 11.95 12.82 8.50 10.52 10.49 8.67 8.91 12.83 13.79 15.88 16.35 16.69 16.18 18.89 19.01 21.31 22.05 23.96 25.02 28.22 29.27 27.88 29.52 29.71 27.57 24.40 21.43 20.35 17.63 17.55 15.56 16.29 14.62 18.10 20.25 23.48 25.67 28.09 28.97 28.72 27.56 24.85 23.46 21.10 20.17 18.30 18.60 17.06 17.95 16.79 16.90 17.21 18.52 19.05 19.86 21.73 25.04 25.61 26.35 26.54 25.28 23.16 21.85 20.32 21.03 22.00 19.69 19.73 23.55 22.98 20.53 21.43 24.77 23.57 23.35 26.87 
32.30 30.31 29.15 27.06 26.48 23.76 22.87 18.03 16.46 11.96 11.78 8.80 10.65 10.51 11.51 10.43 12.86 9.58 9.51 5.84 6.17 0.67 4.85 6.26 8.55 9.22 9.55 11.12 10.35 11.65 9.83 12.68 14.15 13.19 14.30 17.56 17.62 18.14 21.43 24.14 22.87 24.07 23.46 25.31 25.26 25.57 25.42 25.43 24.72 24.51 23.94 24.71 25.18 23.46 21.03 18.54 16.49 15.70 11.58 12.46 12.89 13.99 10.24 13.99 10.61 11.72 7.12 11.42 10.77 10.19 9.99 14.43 13.83 17.39 16.94 17.54 16.14 19.09 18.85 21.07 20.96 23.50 24.73 27.99 28.74 27.49 28.81 29.08 26.72 23.52 20.63 20.13 16.77 17.19 13.64 15.21 13.65 17.11 18.56 22.64 24.62 27.09 27.31 27.05 26.10 23.57 21.82 19.38 18.47 17.25 17.65 15.99 17.28 16.32 16.32 16.55 18.65 19.21 20.15 21.80 25.05 25.98 26.33 26.84 25.48 23.36 21.48 20.01 20.76 21.60 18.79 19.15 23.26 22.50 20.20 21.15 23.77 23.60 22.84 26.20 
31.86 30.59 29.48 27.20 25.82 23.12 22.48 18.63 17.29 13.76 12.79 10.97 11.76 12.21 12.42 12.01 14.10 11.63 11.84 8.66 6.60 4.85 3.32 5.96 6.80 7.19 7.79 10.05 8.65 9.50 8.06 12.38 12.95 11.50 13.56 17.63 17.45 18.02 21.68 24.40 23.23 24.08 24.11 25.33 25.44 25.62 25.90 25.73 24.71 24.51 24.86 24.88 25.01 23.68 21.87 19.20 16.94 15.36 12.42 11.84 12.61 12.72 8.65 11.51 9.47 10.44 6.90 11.30 12.10 11.62 12.54 14.55 14.58 17.48 17.53 17.77 16.64 18.64 18.81 20.68 20.93 23.21 24.59 27.81 28.60 27.18 29.04 29.19 26.50 23.67 20.61 19.49 16.39 16.11 13.24 14.25 12.77 15.89 17.23 20.97 23.31 25.48 25.37 25.31 24.19 21.94 20.17 17.68 17.25 15.96 16.94 14.73 16.28 15.76 16.41 16.87 19.20 20.26 20.99 22.46 26.04 26.35 26.92 27.20 26.10 23.84 22.26 20.48 21.18 21.84 19.12 19.48 23.51 22.25 19.23 20.53 24.64 23.28 22.12 24.85 
31.92 30.11 28.97 26.46 25.82 22.99 22.07 17.53 17.26 13.28 12.61 10.77 12.01 12.12 12.27 12.89 15.89 13.21 13.38 10.60 8.65 6.26 5.96 3.05 6.24 6.92 6.96 7.54 8.76 10.49 9.22 11.30 12.93 12.75 14.56 17.06 17.41 18.25 21.68 24.16 23.31 24.67 24.42 26.08 25.85 26.21 26.22 26.37 25.95 25.70 25.66 26.19 26.66 24.76 22.63 20.32 18.51 17.03 14.13 13.72 13.47 14.05 9.21 11.98 9.33 11.33 8.47 12.82 13.47 13.85 12.81 16.35 16.08 18.64 18.38 18.41 16.28 19.10 18.52 20.73 21.18 23.00 24.68 28.03 28.71 27.39 29.21 29.73 27.17 24.11 21.00 20.78 17.45 17.58 13.77 14.75 13.12 15.96 17.08 20.84 22.87 24.78 24.85 24.43 23.03 20.82 19.19 16.87 16.19 15.66 16.51 14.72 16.29 15.68 16.40 16.68 18.96 20.28 20.90 22.41 25.45 26.69 27.02 27.54 25.96 24.06 22.33 20.85 21.28 21.98 18.93 19.62 23.31 22.38 19.76 21.56 24.49 23.95 22.19 25.45 
31.57 30.07 28.44 25.69 25.30 21.87 21.70 16.63 16.28 11.23 12.62 11.71 11.51 10.77 12.95 13.63 16.98 14.04 14.10 12.29 10.05 8.55 6.80 6.24 3.21 5.76 5.81 5.82 6.24 9.56 8.68 10.49 12.25 13.52 14.92 17.13 17.00 18.48 21.68 24.14 23.40 24.50 24.75 26.23 26.46 26.36 26.38 26.67 26.75 26.11 26.27 26.75 28.07 26.17 23.46 21.45 20.38 18.25 15.63 14.96 14.40 13.63 9.82 11.50 9.92 12.70 10.10 14.46 15.56 14.86 14.04 17.03 16.90 19.67 19.14 18.70 15.55 18.52 18.21 20.51 20.65 23.00 24.21 27.48 28.46 26.85 28.89 29.28 27.74 24.69 21.25 20.90 18.11 17.72 14.27 15.51 13.04 15.98 16.48 19.85 21.77 23.62 23.62 23.12 22.15 19.15 18.35 15.64 16.12 13.56 16.49 13.63 16.75 15.40 16.56 16.83 19.12 20.13 21.17 22.31 25.40 26.27 27.44 27.37 26.16 24.10 22.87 21.10 21.50 22.23 19.58 19.69 23.79 22.72 20.24 21.32 25.12 23.62 22.77 25.93 
30.50 28.72 27.35 24.65 24.09 21.44 20.94 16.35 15.92 11.78 12.48 11.43 12.56 12.88 12.61 12.23 16.22 13.72 13.53 11.24 10.26 9.22 7.19 6.92 5.76 1.42 5.61 7.06 6.25 8.04 8.52 10.42 12.23 11.48 13.85 15.77 16.26 16.91 20.57 22.93 22.32 23.52 23.84 25.67 25.24 25.76 25.86 26.29 25.92 26.06 26.06 26.54 27.18 25.58 23.35 21.10 19.86 18.54 15.75 15.37 13.76 13.89 7.71 11.33 7.53 11.29 9.13 14.33 14.14 13.80 11.86 16.33 16.16 17.86 16.88 17.14 14.92 17.73 16.92 19.24 19.63 21.60 23.01 26.63 27.47 26.47 28.12 28.67 26.50 24.02 21.00 20.59 17.17 17.32 12.46 13.71 10.92 14.12 14.83 18.41 20.77 22.46 22.13 21.32 20.00 17.77 16.41 14.41 13.58 11.26 13.88 12.08 14.48 14.17 15.52 16.53 18.77 19.48 20.62 22.09 24.83 26.00 26.61 27.32 26.00 24.14 22.32 20.70 21.15 21.65 18.82 19.04 23.04 21.94 20.05 21.35 23.87 23.12 22.32 25.44 
29.33 28.27 27.53 24.37 23.04 20.16 20.71 16.30 15.72 11.84 11.61 11.38 12.02 12.95 13.29 13.88 16.81 14.34 14.57 12.87 12.36 9.55 7.79 6.96 5.81 5.61 1.82 6.01 6.98 6.83 7.20 9.97 11.01 11.18 12.78 15.17 15.35 16.25 19.59 22.75 21.77 23.16 23.50 24.99 25.44 25.69 26.02 26.14 25.88 25.75 26.42 26.26 26.65 24.89 22.90 20.50 19.20 16.96 14.61 12.17 11.93 10.39 5.93 8.65 6.32 10.90 10.26 13.58 14.18 14.51 13.66 16.45 16.56 18.26 16.56 16.33 14.66 17.06 16.97 19.15 19.24 21.29 22.91 26.25 27.49 26.21 28.34 28.39 25.95 23.29 20.38 19.59 16.95 16.67 12.48 13.82 11.28 13.57 13.98 18.10 20.42 21.91 20.94 20.36 19.00 16.83 16.00 13.73 13.93 11.55 14.28 11.38 14.46 13.03 15.05 15.95 18.44 19.70 20.68 22.15 25.36 26.08 27.05 27.53 26.32 24.26 22.80 21.33 21.42 21.94 19.11 19.89 23.39 22.27 19.47 20.96 24.68 23.14 22.14 24.63 
29.26 27.68 26.79 23.19 23.01 19.52 20.02 14.70 14.99 10.67 10.93 10.56 9.72 10.47 13.98 15.85 17.01 15.43 15.67 14.46 11.78 11.12 10.05 7.54 5.82 7.06 6.01 1.73 5.92 7.63 6.01 7.64 10.19 11.24 12.43 13.95 15.37 16.59 18.96 21.73 22.29 23.62 23.68 25.18 25.76 26.18 26.11 26.43 26.48 26.38 26.25 26.66 27.14 25.61 23.25 20.74 19.53 18.27 15.86 14.55 13.46 13.96 9.82 12.64 10.50 14.54 13.04 16.77 16.40 17.66 16.29 18.90 18.50 20.66 18.00 17.83 15.07 18.18 16.95 19.80 19.05 21.72 23.17 26.35 27.30 26.09 28.20 28.41 26.04 23.50 20.41 20.40 17.77 17.81 13.77 14.97 12.91 14.82 15.66 19.43 21.62 23.06 22.33 21.71 20.03 17.84 16.13 14.03 13.90 13.30 14.45 13.18 14.84 14.00 15.88 16.61 18.50 19.83 20.80 22.44 25.60 26.74 27.45 27.94 26.73 24.56 23.03 21.57 21.93 22.44 19.62 20.36 23.99 22.69 20.45 22.08 24.71 23.90 22.56 25.39 
27.52 25.92 24.15 20.54 20.24 16.90 17.77 13.24 12.83 8.82 10.64 11.42 10.59 9.45 12.56 14.61 16.05 14.12 13.79 12.56 9.80 10.35 8.65 8.76 6.24 6.25 6.98 5.92 1.49 5.91 6.67 6.68 7.18 9.23 11.39 12.68 12.97 14.87 17.06 19.72 19.20 21.20 21.80 23.34 23.86 23.95 24.26 24.57 24.62 24.07 24.31 24.48 25.44 23.26 20.75 18.49 17.62 15.68 13.70 11.98 12.11 12.31 10.52 12.45 11.42 14.30 13.04 15.79 16.96 16.79 15.98 18.17 17.64 18.60 16.83 15.39 12.27 14.90 13.79 16.22 15.41 18.38 20.33 23.74 24.78 23.39 25.56 25.91 23.85 20.81 18.16 18.58 15.23 15.77 11.46 13.75 10.02 13.51 14.35 17.66 18.91 20.87 20.65 20.04 19.04 15.74 15.42 12.46 13.39 10.24 13.25 9.72 14.35 13.35 14.88 14.68 17.38 18.19 19.09 20.61 23.89 24.90 25.69 25.82 24.87 22.84 21.20 20.01 20.22 21.06 18.01 18.86 22.52 21.82 19.12 20.02 23.68 22.18 21.87 24.97 
26.24 24.33 23.29 19.77 19.80 16.62 17.82 13.58 13.89 10.94 12.34 11.66 14.07 13.50 14.31 15.00 17.84 15.68 14.99 14.15 12.65 11.65 9.50 10.49 9.56 8.04 6.83 7.63 5.91 1.79 5.62 7.28 6.32 7.10 9.34 11.57 11.08 12.86 16.07 18.15 17.93 19.84 20.27 22.05 22.28 22.71 23.07 23.39 23.04 23.13 23.56 23.46 24.22 22.74 20.65 18.19 17.34 15.52 13.14 10.70 11.10 12.10 10.33 12.86 10.55 14.99 13.58 16.23 16.95 17.33 16.35 18.58 17.35 18.88 16.56 15.89 12.72 14.85 13.29 15.85 14.45 17.29 18.84 22.66 23.40 22.69 24.51 24.85 22.28 19.95 16.81 16.82 13.40 14.04 9.68 11.04 8.63 12.44 14.72 17.75 19.25 21.64 21.59 20.57 18.66 15.66 14.03 11.52 10.79 8.03 10.09 6.79 11.23 12.27 12.97 12.81 15.78 17.45 18.66 20.18 23.67 24.64 25.33 25.67 24.79 22.71 21.22 19.70 20.25 20.63 18.09 18.76 22.40 21.41 19.56 20.82 22.89 22.39 21.66 24.94 
25.50 24.26 23.94 20.29 19.62 16.71 17.91 13.75 13.87 11.89 11.42 10.95 12.35 13.27 13.91 14.99 17.08 14.39 14.19 13.87 12.25 9.83 8.06 9.22 8.68 8.52 7.20 6.01 6.67 5.62 2.31 5.87 6.65 5.77 6.93 9.77 10.04 11.02 13.96 16.96 16.48 18.36 19.33 21.01 21.50 21.86 22.83 22.80 22.27 22.30 23.36 22.98 23.33 21.80 20.12 17.17 15.93 14.08 12.75 9.82 11.15 12.71 11.03 13.87 12.87 16.31 15.79 18.70 19.55 19.63 18.30 19.23 17.84 19.19 16.94 15.79 13.74 14.65 14.01 15.25 14.25 16.47 18.78 21.74 22.33 21.25 23.63 23.62 21.42 18.73 16.34 16.28 13.98 14.38 10.37 12.69 11.00 14.42 16.01 19.79 21.35 23.29 23.34 22.35 21.00 17.77 16.86 13.48 14.09 11.30 12.86 9.99 12.16 11.97 14.07 12.99 16.14 17.66 18.76 20.63 24.31 25.06 26.03 26.56 25.59 23.55 22.13 20.88 20.74 21.42 18.84 19.71 22.97 22.01 19.43 20.57 24.00 22.55 21.92 24.36 
25.11 23.06 22.62 18.30 18.05 14.41 16.09 11.01 11.41 10.16 11.01 11.09 11.80 13.34 15.38 17.24 18.55 16.76 16.95 15.95 14.12 12.68 12.38 11.30 10.49 10.42 9.97 7.64 6.68 7.28 5.87 2.06 5.86 7.16 6.61 7.31 9.36 10.69 12.65 14.63 15.53 17.10 18.53 20.05 20.91 21.26 22.11 22.17 22.21 21.75 22.41 22.53 23.45 21.87 19.81 16.73 15.80 14.53 13.15 11.49 12.11 14.11 13.21 16.34 15.53 18.80 18.02 19.67 20.58 20.43 19.20 20.09 18.90 20.40 17.69 17.31 13.77 15.54 12.97 15.31 13.74 16.57 17.71 21.18 21.78 21.19 23.04 23.45 21.03 18.60 15.68 16.61 13.87 14.28 10.90 13.29 12.33 15.37 17.00 21.06 22.64 24.52 24.92 24.04 22.29 19.21 17.65 15.04 14.26 13.49 14.01 11.97 13.11 12.29 13.81 14.26 15.63 17.31 18.66 20.36 23.70 24.74 25.35 26.06 25.26 23.28 21.88 20.72 20.74 21.51 18.93 19.30 22.80 22.17 20.05 21.27 23.50 23.33 21.77 24.85 
23.66 21.65 20.02 16.00 16.95 13.41 15.69 10.89 11.95 10.61 12.52 12.34 13.90 14.24 15.61 16.79 18.77 16.88 16.01 15.81 14.91 14.15 12.95 12.93 12.25 12.23 11.01 10.19 7.18 6.32 6.65 5.86 0.79 5.48 7.44 6.81 7.03 9.40 11.73 13.37 13.29 15.34 16.48 18.13 18.76 19.13 20.23 20.19 20.05 19.43 20.19 20.64 21.90 20.13 18.44 15.51 14.85 12.56 11.70 10.22 12.40 13.72 13.09 16.30 16.40 18.47 17.69 20.01 20.87 20.02 18.56 20.12 18.63 19.63 17.18 15.77 12.77 13.88 10.49 12.34 10.51 13.58 14.87 17.74 18.84 18.40 20.48 21.23 19.02 17.04 13.85 14.95 10.73 12.66 9.11 12.72 10.92 15.12 16.61 20.21 21.26 23.45 24.69 24.09 22.26 18.93 17.87 14.73 14.25 12.05 14.24 10.92 12.33 11.45 12.47 12.17 14.28 15.65 17.64 19.05 21.97 22.69 23.73 24.27 23.54 21.52 20.12 19.30 19.59 20.56 17.75 18.61 22.00 21.25 19.04 19.53 23.10 21.66 21.55 24.57 
23.38 21.28 20.19 16.86 17.29 14.97 16.24 12.28 12.83 12.10 13.38 12.54 15.26 14.74 15.39 16.94 19.22 15.68 15.51 15.46 15.79 13.19 11.50 12.75 13.52 11.48 11.18 11.24 9.23 7.10 5.77 7.16 5.48 0.81 5.72 7.34 5.90 7.29 10.20 11.75 12.34 14.11 15.45 16.67 17.82 18.08 19.24 19.10 18.57 18.25 19.44 19.91 20.74 18.80 16.78 14.36 13.36 11.23 9.25 8.23 11.62 13.95 12.37 15.96 16.73 19.28 18.55 20.86 21.75 21.14 19.64 20.82 19.58 20.85 18.93 17.91 14.09 16.04 12.91 13.74 11.55 13.80 14.68 18.38 18.50 18.29 20.48 20.77 18.01 15.67 12.94 12.68 9.22 10.77 8.45 11.68 11.42 15.53 18.25 21.94 23.27 25.70 26.78 25.84 24.04 21.08 19.56 16.85 15.67 13.40 14.31 11.41 12.66 11.30 12.34 10.80 14.22 15.91 17.19 18.66 22.35 23.18 24.12 24.61 24.05 22.09 20.63 19.62 19.97 20.66 18.32 18.98 22.19 21.42 19.83 20.60 22.47 22.16 21.66 24.79 
23.40 22.31 22.03 18.43 17.71 15.09 16.94 12.36 12.24 12.28 12.95 11.87 14.74 15.17 16.37 17.27 18.98 16.41 16.87 17.16 16.80 14.30 13.56 14.56 14.92 13.85 12.78 12.43 11.39 9.34 6.93 6.61 7.44 5.72 1.59 6.28 7.40 6.85 8.43 11.07 11.81 13.93 14.56 16.48 17.46 17.84 18.78 19.13 18.47 18.18 19.41 19.81 20.64 18.95 17.15 14.83 13.84 12.17 12.06 10.84 13.39 15.67 15.85 18.23 18.81 21.39 21.22 22.88 23.27 22.88 22.31 22.30 20.53 21.86 20.30 18.85 15.48 16.72 15.34 15.54 13.59 14.55 15.39 18.24 18.62 17.98 21.06 21.07 18.45 16.12 14.36 14.34 11.68 13.43 11.90 15.40 14.36 18.84 21.11 24.46 26.33 28.57 29.37 28.41 26.75 23.88 22.42 19.50 18.63 16.10 17.77 14.46 15.32 13.78 14.30 13.60 15.59 16.84 18.74 20.11 23.83 24.37 25.31 26.06 25.46 23.58 22.02 21.02 21.17 21.96 19.70 20.41 23.63 22.82 20.57 21.10 24.77 23.31 23.21 24.99 
23.35 21.45 21.00 16.54 16.01 12.79 15.89 11.24 11.06 11.95 14.37 13.76 16.44 17.85 19.23 19.58 21.54 19.61 19.44 18.62 18.92 17.56 17.63 17.06 17.13 15.77 15.17 13.95 12.68 11.57 9.77 7.31 6.81 7.34 6.28 0.77 5.84 7.30 6.81 7.61 9.69 11.81 12.95 14.65 16.11 16.68 18.03 18.12 17.91 17.76 18.39 18.94 19.93 18.16 16.29 14.20 13.43 12.56 12.67 13.22 14.79 17.04 16.84 19.49 19.47 22.04 21.89 23.44 23.42 23.45 21.97 22.62 21.30 22.45 20.04 18.88 16.31 17.13 14.05 15.65 14.00 15.37 15.27 18.09 19.05 18.46 21.05 21.37 18.77 16.16 13.73 14.26 11.62 13.61 13.37 15.81 15.73 19.44 21.89 25.21 27.04 29.45 30.49 29.64 28.03 25.24 23.75 20.97 19.35 18.03 18.54 16.52 16.63 15.04 15.41 14.30 15.65 16.35 18.07 19.70 22.83 23.52 24.45 25.38 25.00 23.16 21.65 20.80 20.89 22.01 19.63 19.96 23.33 22.76 20.64 21.52 24.05 23.82 22.75 25.38 
23.06 21.15 19.84 16.10 16.51 13.26 15.71 12.16 13.13 12.44 14.48 14.94 17.08 17.82 18.54 19.29 21.22 19.19 18.64 18.32 18.69 17.62 17.45 17.41 17.00 16.26 15.35 15.37 12.97 11.08 10.04 9.36 7.03 5.90 7.40 5.84 0.00 5.57 7.49 6.92 7.06 9.84 11.61 12.82 14.06 14.65 16.28 16.16 16.01 15.79 16.86 17.17 18.22 16.39 14.84 12.59 11.91 11.34 11.63 12.59 14.86 16.47 15.91 18.65 19.51 21.62 21.42 23.29 23.47 22.31 21.19 21.67 20.65 21.81 19.15 18.23 15.54 16.51 13.07 14.77 12.82 14.01 13.12 16.35 17.76 16.78 18.93 19.32 16.66 14.56 12.25 12.09 9.07 12.29 11.99 14.60 14.56 18.25 20.94 24.35 26.28 28.56 29.86 29.49 28.08 25.32 24.28 20.95 19.16 17.80 18.10 15.57 15.89 14.67 14.30 12.71 13.52 14.72 15.97 17.90 20.76 21.83 23.02 23.91 23.34 21.63 19.97 19.66 20.22 21.19 18.43 19.24 22.61 21.94 19.68 20.16 23.76 22.35 22.66 25.20 
23.42 21.18 20.22 16.92 17.16 14.61 16.04 13.25 13.83 14.14 15.22 15.72 18.50 18.35 18.79 19.71 21.50 19.51 19.30 19.14 19.21 18.14 18.02 18.25 18.48 16.91 16.25 16.59 14.87 12.86 11.02 10.69 9.40 7.29 6.85 7.30 5.57 0.50 6.29 7.31 6.81 8.37 10.06 11.11 12.38 13.11 14.85 15.24 14.40 13.99 15.51 16.70 17.07 15.33 14.12 12.70 11.65 11.51 12.42 13.73 15.07 17.90 17.22 20.15 20.30 22.75 22.71 24.50 24.21 23.61 22.42 22.63 21.11 21.40 20.32 19.08 16.50 17.76 15.73 16.70 14.88 16.03 15.51 18.13 18.92 17.87 19.92 20.44 17.51 14.65 11.76 12.34 9.76 12.81 12.62 16.14 16.34 20.32 22.94 26.22 28.02 30.72 31.51 31.07 29.36 26.94 25.46 22.67 20.45 19.32 19.30 16.65 16.89 15.95 15.44 13.33 14.21 15.59 17.20 18.59 21.69 22.80 23.87 24.72 24.14 22.40 20.79 20.16 20.71 21.35 19.15 19.51 22.78 21.82 20.38 21.09 22.99 22.70 22.61 25.29 
24.12 22.92 21.98 18.33 17.81 15.63 18.07 14.66 14.27 15.29 18.00 17.25 20.40 20.78 21.45 22.71 24.44 22.25 22.21 22.03 22.05 21.43 21.68 21.68 21.68 20.57 19.59 18.96 17.06 16.07 13.96 12.65 11.73 10.20 8.43 6.81 7.49 6.29 2.02 6.30 7.34 7.64 8.79 10.45 11.99 12.91 14.81 14.89 14.69 14.86 16.09 16.90 17.52 16.30 15.24 14.19 14.00 14.41 15.49 16.59 18.29 20.11 20.24 22.57 22.84 25.23 25.46 26.53 25.93 24.91 24.28 24.17 22.27 22.65 21.45 20.47 17.86 18.71 17.81 18.60 17.24 18.22 18.81 20.72 21.15 19.78 22.02 22.04 19.74 17.02 14.70 15.00 13.69 15.93 15.84 18.45 19.13 22.70 25.49 28.71 31.14 33.17 33.67 32.95 31.73 29.26 28.20 25.25 23.49 21.63 21.66 19.67 19.83 18.50 18.32 16.79 17.15 18.01 18.96 20.88 23.60 24.45 25.58 26.49 25.74 24.10 22.55 21.70 21.96 22.72 20.78 21.06 24.28 23.15 21.08 21.87 25.27 23.93 23.93 25.83 
25.62 23.95 22.74 18.62 19.44 17.51 19.24 17.29 17.45 18.49 20.57 20.58 23.65 24.38 24.46 25.10 26.48 25.04 24.81 24.52 24.36 24.14 24.40 24.16 24.14 22.93 22.75 21.73 19.72 18.15 16.96 14.63 13.37 11.75 11.07 7.61 6.92 7.31 6.30 1.08 6.44 7.66 7.59 8.96 11.97 13.20 14.38 14.95 15.71 15.70 16.58 17.60 18.64 17.04 15.99 15.33 16.08 16.54 17.12 18.81 20.15 22.10 22.06 24.19 24.73 27.06 26.51 27.49 26.86 26.92 25.21 25.12 23.98 24.70 22.39 21.23 20.07 20.63 19.20 19.72 19.04 20.07 19.93 22.75 23.44 21.85 24.11 24.19 21.76 18.93 16.60 16.73 15.25 17.72 17.67 20.30 21.06 24.16 26.90 30.60 32.57 34.78 35.22 35.12 33.23 30.94 29.55 27.33 25.20 23.71 23.61 21.87 21.62 20.26 19.36 18.41 18.26 18.47 19.39 20.68 23.13 24.12 25.27 26.65 26.02 24.51 22.92 22.39 22.73 23.64 21.29 21.63 24.56 23.67 21.46 22.83 25.36 24.98 24.02 26.06 
25.41 23.80 21.57 18.29 19.79 17.35 18.97 16.81 17.94 17.79 19.68 19.72 22.86 23.18 23.66 23.76 25.05 23.88 23.75 23.46 23.23 22.87 23.23 23.31 23.40 22.32 21.77 22.29 19.20 17.93 16.48 15.53 13.29 12.34 11.81 9.69 7.06 6.81 7.34 6.44 0.00 5.61 6.37 7.05 8.43 10.17 11.93 12.41 12.90 12.82 13.80 14.53 15.61 14.84 14.00 13.40 13.80 14.41 15.16 17.03 18.56 20.35 20.69 22.89 23.31 25.09 24.56 25.73 25.40 24.98 23.12 23.26 22.93 23.92 20.53 19.90 19.01 19.89 17.43 18.59 18.24 18.73 18.11 21.03 22.64 20.96 22.80 22.88 20.70 18.06 15.43 16.01 14.01 16.03 16.15 18.87 19.84 23.25 25.54 29.18 31.15 32.91 34.12 33.48 32.24 30.15 29.03 26.47 24.50 22.74 22.41 20.30 20.24 18.43 17.40 16.28 15.84 15.71 16.11 17.76 20.02 20.95 22.07 23.76 23.60 21.89 20.61 20.37 21.15 22.10 19.50 19.85 23.11 21.80 19.81 20.73 23.93 22.69 22.57 25.89 
26.66 24.81 23.17 20.17 21.35 19.33 20.07 18.72 19.65 19.63 21.04 21.13 24.00 23.99 24.26 24.46 25.62 24.50 24.60 24.44 23.68 24.07 24.08 24.67 24.50 23.52 23.16 23.62 21.20 19.84 18.36 17.10 15.34 14.11 13.93 11.81 9.84 8.37 7.64 7.66 5.61 0.00 4.92 6.79 7.87 9.09 10.83 11.71 11.89 12.10 13.76 14.61 15.20 15.23 15.33 13.93 14.57 15.54 16.87 18.51 20.05 22.03 22.28 24.62 25.20 27.02 26.27 27.57 26.94 26.47 24.33 24.62 23.63 24.43 21.99 21.16 19.95 20.94 19.43 20.54 20.18 21.15 20.99 23.45 24.11 23.09 25.03 24.97 22.36 19.56 17.11 18.19 16.31 17.61 17.59 20.40 21.76 24.66 27.17 30.46 32.32 34.51 34.93 35.09 33.20 31.11 29.64 27.52 25.51 24.07 23.63 21.84 21.68 20.01 19.17 18.01 17.33 17.14 18.13 19.35 21.19 22.08 23.46 24.58 24.36 22.73 21.32 20.68 21.57 22.33 19.85 20.38 23.23 21.96 20.32 21.98 24.02 23.06 22.86 25.51 
27.75 26.67 24.90 22.10 22.30 20.49 21.75 19.61 20.37 20.22 22.12 21.73 24.32 23.92 24.38 24.30 25.41 23.96 23.93 23.95 23.65 23.46 24.11 24.42 24.75 23.84 23.50 23.68 21.80 20.27 19.33 18.53 16.48 15.45 14.56 12.95 11.61 10.06 8.79 7.59 6.37 4.92 0.95 5.88 7.38 7.36 9.49 10.15 10.36 10.85 12.74 13.21 14.61 14.83 14.84 14.29 14.67 15.60 16.82 18.59 20.32 22.45 22.88 25.26 25.56 27.56 26.86 28.01 27.29 26.85 25.54 25.12 23.89 24.25 22.72 21.85 20.15 21.13 20.62 21.06 20.63 21.32 22.39 24.28 24.27 23.15 25.74 25.49 22.35 19.84 18.18 18.39 16.74 18.00 18.24 21.09 22.17 24.98 26.90 30.48 32.92 34.55 35.04 34.82 33.62 31.60 30.58 28.37 26.53 24.79 24.23 22.60 22.13 20.59 19.50 18.61 17.82 17.63 18.42 19.26 21.10 22.06 23.56 24.40 23.88 22.33 21.21 20.42 21.23 21.84 19.58 19.85 22.97 21.70 19.62 21.10 24.37 23.10 22.76 25.17 
29.81 28.35 26.61 23.43 24.36 22.81 23.70 22.10 22.42 22.26 24.10 23.39 25.90 25.85 26.00 25.81 26.65 25.64 25.17 25.41 25.23 25.31 25.33 26.08 26.23 25.67 24.99 25.18 23.34 22.05 21.01 20.05 18.13 16.67 16.48 14.65 12.82 11.11 10.45 8.96 7.05 6.79 5.88 0.00 6.27 7.41 7.45 7.68 9.78 10.45 11.65 12.72 15.26 15.07 15.05 15.12 16.22 16.77 18.23 19.87 21.00 22.75 23.69 25.78 25.81 27.75 27.11 27.97 26.78 26.73 25.22 24.62 24.04 24.45 23.05 21.74 20.69 21.48 20.94 21.59 21.71 22.51 23.30 25.66 25.83 24.85 27.05 26.96 24.39 21.50 19.77 19.69 18.57 19.29 19.43 21.96 23.66 25.70 27.84 31.30 33.63 35.61 35.91 35.89 34.60 32.23 31.23 29.07 27.46 25.63 25.25 23.54 22.90 21.42 19.90 18.91 18.02 18.25 18.43 18.65 20.54 21.79 23.37 24.18 24.09 22.66 21.56 20.79 21.65 22.18 19.93 20.25 22.99 21.82 19.81 21.54 24.28 23.55 22.32 24.89 
31.22 29.67 27.75 24.83 25.67 24.14 25.17 23.10 23.97 23.12 24.89 24.01 26.62 26.57 26.88 26.02 26.92 26.04 25.74 25.37 25.41 25.26 25.44 25.85 26.46 25.24 25.44 25.76 23.86 22.28 21.50 20.91 18.76 17.82 17.46 16.11 14.06 12.38 11.99 11.97 8.43 7.87 7.38 6.27 0.00 5.68 7.15 7.16 7.99 9.18 10.62 12.21 13.84 14.33 14.05 14.55 16.01 17.34 18.30 19.89 21.40 23.47 24.22 26.08 25.42 27.18 26.28 27.65 26.72 26.43 24.68 24.81 24.16 25.39 23.02 22.26 21.35 22.18 20.82 22.06 22.04 22.99 23.34 25.73 26.30 25.23 27.35 27.56 25.05 22.60 20.40 20.38 18.85 19.97 19.57 22.12 23.40 26.41 27.94 31.42 33.28 35.36 36.23 36.21 34.88 33.24 31.83 29.71 27.83 26.06 25.39 23.56 23.12 20.91 19.73 18.40 17.80 17.11 17.26 17.69 20.12 20.96 22.22 23.28 23.70 22.22 20.56 20.45 21.65 22.44 19.87 20.52 23.25 21.74 19.41 20.75 24.16 22.27 22.08 25.01 
31.53 29.51 27.59 25.18 26.14 24.67 25.31 23.69 24.26 23.23 24.88 24.03 26.64 26.56 26.82 26.05 26.75 26.18 25.73 25.47 25.26 25.57 25.62 26.21 26.36 25.76 25.69 26.18 23.95 22.71 21.86 21.26 19.13 18.08 17.84 16.68 14.65 13.11 12.91 13.20 10.17 9.09 7.36 7.41 5.68 0.00 5.37 7.01 6.63 7.51 9.39 11.18 12.68 13.00 13.88 13.86 15.44 16.30 17.75 19.63 20.95 23.12 23.57 25.67 25.80 27.49 26.51 28.31 27.41 27.30 25.50 25.46 24.64 26.19 23.96 22.90 21.15 22.24 21.04 22.11 22.34 23.28 23.94 26.30 26.63 25.80 27.65 27.67 25.33 22.94 21.00 20.67 19.09 20.33 20.14 22.30 23.70 26.55 28.85 31.90 33.94 36.22 37.08 36.56 35.27 33.24 31.97 29.58 27.71 26.09 25.68 23.86 23.03 21.11 19.88 18.91 17.41 16.82 16.91 17.62 19.72 20.68 22.34 23.47 23.44 22.21 20.70 20.34 21.24 22.13 19.38 20.19 22.73 21.47 19.24 21.23 22.97 22.28 21.56 24.55 
32.01 30.24 28.15 25.64 26.27 24.99 25.36 23.64 24.38 23.72 24.89 24.32 26.80 26.59 26.59 26.12 26.90 25.88 25.45 25.48 25.06 25.42 25.90 26.22 26.38 25.86 26.02 26.11 24.26 23.07 22.83 22.11 20.23 19.24 18.78 18.03 16.28 14.85 14.81 14.38 11.93 10.83 9.49 7.45 7.15 5.37 1.22 5.86 7.61 6.75 8.14 10.01 12.13 13.26 13.63 13.82 15.27 16.50 17.95 20.06 21.24 23.44 24.75 26.27 26.06 28.09 27.72 29.06 27.98 28.26 26.63 26.72 25.14 26.41 24.46 23.27 21.17 22.14 21.19 22.36 22.41 23.43 24.42 26.56 26.86 26.15 28.25 28.32 25.91 23.86 22.31 21.55 20.00 21.12 21.29 23.14 24.08 27.27 29.43 32.56 34.11 36.60 37.22 37.02 35.22 33.71 32.35 30.04 28.09 26.51 25.91 24.36 24.20 21.90 20.45 19.02 18.39 17.46 17.25 17.55 20.06 20.75 22.55 23.60 23.64 21.91 20.51 20.42 21.07 21.57 19.60 20.26 22.68 21.35 19.11 20.69 23.51 22.14 21.64 24.19 
31.83 30.02 27.51 25.38 26.18 24.90 25.32 23.99 24.13 23.31 24.43 24.04 26.67 25.91 25.76 25.14 26.74 25.25 24.81 25.04 25.26 25.43 25.73 26.37 26.67 26.29 26.14 26.43 24.57 23.39 22.80 22.17 20.19 19.10 19.13 18.12 16.16 15.24 14.89 14.95 12.41 11.71 10.15 7.68 7.16 7.01 5.86 0.00 5.61 7.08 6.39 7.27 10.43 11.38 12.10 12.29 14.51 15.60 17.52 19.41 20.63 23.00 23.72 25.60 25.26 27.31 26.92 28.20 27.23 27.71 25.83 26.07 24.88 26.24 23.80 22.37 20.60 21.15 20.43 21.51 21.98 22.99 24.02 26.12 26.68 26.25 28.06 27.96 25.98 23.97 22.31 21.39 20.13 21.16 21.10 22.49 23.65 26.27 28.81 31.97 33.77 36.48 37.22 36.77 34.68 33.01 31.83 29.53 27.47 26.19 25.82 24.47 23.58 22.17 20.04 18.77 17.44 17.51 16.36 16.61 18.36 20.23 21.60 22.43 22.31 20.89 19.33 19.58 20.24 20.94 18.70 19.25 21.40 20.29 18.49 20.55 22.15 21.91 20.70 23.83 
