0.53 4.71 4.83 6.25 8.25 9.44 10.24 11.76 13.50 14.24 15.47 17.57 19.16 20.26 21.33 21.60 20.90 21.54 23.69 23.09 24.26 24.85 24.20 22.68 21.80 20.84 20.16 19.91 20.21 20.17 20.74 21.27 22.24 23.90 25.40 25.34 26.76 27.38 27.82 28.06 27.72 27.72 28.84 29.27 30.02 29.38 29.64 30.06 28.21 27.87 28.09 28.07 26.07 26.01 25.55 24.23 22.91 21.35 20.11 20.73 20.14 17.42 15.69 17.23 18.15 16.12 15.18 17.13 18.98 18.05 18.29 20.23 20.65 20.02 20.69 22.70 22.56 22.42 24.03 24.92 24.98 24.84 26.06 25.02 24.98 24.44 23.45 22.80 23.49 22.63 20.47 20.87 20.32 18.46 16.67 16.76 16.47 15.79 15.54 15.80 15.79 16.64 16.90 17.98 18.58 20.00 20.70 22.06 22.98 23.56 23.76 24.61 24.50 24.22 25.34 24.89 24.15 24.67 26.02 25.14 24.63 25.85 27.78 27.28 25.84 25.47 27.27 26.37 24.36 24.66 26.80 26.12 24.71 25.78 27.48 26.53 25.95 25.76 26.69 27.25 26.43 26.16 26.80 26.06 23.47 23.29 24.94 24.43 22.97 23.38 24.91 24.36 23.30 24.00 25.59 25.15 25.12 23.31 25.46 27.02 27.49 31.13 
4.71 1.03 4.61 5.24 7.92 7.58 9.12 11.78 12.76 12.72 14.10 16.24 17.88 18.64 21.11 21.08 20.34 20.89 23.59 22.55 23.71 24.31 24.05 21.57 20.60 19.28 19.02 18.43 18.40 18.40 19.65 19.85 21.20 23.06 25.05 24.60 26.21 26.62 27.41 27.69 27.80 27.40 28.68 28.95 29.78 28.79 29.84 29.85 28.48 27.37 28.51 27.65 26.31 25.48 26.05 23.61 22.75 20.31 20.36 20.13 19.86 16.82 15.55 17.26 17.87 15.53 14.58 17.09 18.72 17.21 17.36 19.62 20.11 18.78 19.99 22.07 21.80 21.03 23.52 24.24 24.35 23.77 26.02 24.27 24.57 23.64 23.20 22.47 23.65 22.00 20.00 20.36 20.19 17.32 15.84 15.77 15.50 14.10 14.44 14.90 14.70 15.47 16.53 17.05 18.05 18.84 20.14 21.30 22.46 22.44 22.91 23.95 24.18 23.28 24.65 24.19 23.47 23.61 25.33 24.43 24.24 24.95 27.06 26.62 25.56 24.45 26.49 25.83 23.87 23.73 26.26 25.22 23.91 24.71 27.12 26.02 25.67 25.21 26.43 26.99 25.96 25.46 26.58 26.10 23.11 22.56 24.86 23.71 21.94 21.95 24.61 22.95 22.13 23.15 25.90 24.23 23.11 23.19 25.98 26.50 25.37 32.88 
4.83 4.61 0.00 2.45 5.51 5.34 6.80 8.81 10.01 9.71 10.29 12.77 13.31 14.48 16.34 17.12 16.41 17.24 20.09 19.03 20.62 21.20 20.79 18.15 16.53 15.48 15.84 14.96 14.54 15.05 16.82 16.90 17.86 20.30 22.48 21.87 23.08 23.65 24.32 24.60 24.71 24.29 25.46 25.44 26.82 25.95 26.78 26.42 25.32 24.67 24.98 24.17 22.41 22.04 22.64 20.23 18.76 16.54 17.30 17.33 17.48 14.56 13.80 15.09 15.83 13.45 13.04 15.45 15.96 14.39 14.72 17.26 17.05 15.94 17.14 19.38 18.70 18.30 20.85 21.30 21.31 20.97 23.42 21.56 21.55 20.90 20.80 20.19 20.73 19.54 17.74 18.38 17.08 14.93 13.46 13.07 12.09 11.27 11.41 11.60 10.82 12.56 13.59 14.17 14.59 16.16 17.30 18.59 19.21 19.22 19.55 20.71 20.99 20.18 21.38 20.74 20.56 20.59 22.03 21.21 21.65 22.06 23.80 23.54 23.15 21.42 23.34 22.71 21.35 21.02 23.12 21.90 20.96 21.93 24.35 23.10 23.01 22.37 23.47 23.88 23.17 22.58 23.90 23.14 20.32 19.79 21.76 20.86 18.89 19.08 21.09 20.31 20.01 20.90 22.21 22.20 21.68 20.43 23.73 25.24 24.96 31.63 
6.25 5.24 2.45 0.00 4.43 5.39 5.55 7.97 9.20 10.00 10.54 12.54 13.64 14.38 16.25 16.47 16.52 16.81 19.87 18.93 20.59 21.27 20.81 18.63 17.17 16.04 16.16 15.36 15.02 15.63 17.59 17.58 18.54 20.46 22.75 22.21 23.33 23.54 24.05 24.88 24.86 24.37 25.25 26.00 26.97 26.34 26.23 26.68 25.79 25.16 25.10 24.56 22.86 22.68 22.80 20.65 19.42 17.47 17.01 16.54 17.83 14.86 13.06 13.44 15.66 13.27 12.43 14.35 16.06 14.34 14.94 17.22 17.34 16.34 17.17 19.48 19.16 19.04 20.84 21.58 21.67 21.68 23.63 21.96 22.09 22.02 21.45 21.01 21.49 20.85 18.65 19.32 18.19 16.14 14.58 14.01 13.19 12.10 12.27 12.19 11.99 13.32 14.21 14.82 15.48 16.58 17.51 18.79 19.41 19.78 20.13 20.87 21.24 20.83 21.95 21.46 21.07 21.40 22.49 22.15 22.36 23.01 23.88 23.96 23.04 22.13 23.22 23.39 21.86 21.89 23.14 22.90 21.86 22.85 24.71 23.96 23.78 23.14 23.57 24.24 23.44 22.98 23.58 23.31 20.79 20.26 21.92 21.28 19.51 19.56 21.15 21.19 20.78 21.68 23.55 22.14 21.94 21.88 25.92 24.74 25.11 33.80 
8.25 7.92 5.51 4.43 0.00 5.62 6.76 7.25 8.05 9.20 11.39 13.16 14.51 15.56 16.71 17.12 16.75 17.74 21.17 20.49 22.85 23.51 22.36 19.83 18.65 16.92 16.79 16.09 16.40 16.19 17.28 17.80 18.91 21.37 23.33 22.89 24.11 24.65 25.32 25.70 25.71 25.02 26.39 26.78 27.55 26.21 26.96 27.37 26.72 25.45 25.96 25.45 24.29 23.54 23.20 21.02 20.38 18.19 17.72 18.07 18.67 16.00 14.57 15.23 16.58 14.18 13.11 15.36 17.08 16.09 15.88 18.61 18.84 17.93 18.64 21.32 21.20 20.75 22.48 23.58 23.63 23.30 25.28 23.83 24.37 23.60 22.90 22.10 23.47 22.47 20.01 20.41 20.36 17.87 16.10 15.77 15.52 14.26 14.44 14.13 14.10 14.53 14.84 15.56 16.71 17.92 18.07 19.54 20.70 21.15 21.23 22.22 22.67 22.44 24.20 23.57 22.67 23.03 25.04 23.97 23.53 24.52 26.93 25.99 24.42 23.10 25.84 24.67 22.45 22.12 25.41 24.32 22.88 23.73 26.32 25.12 24.66 23.81 25.10 25.55 24.60 23.97 25.14 24.35 21.84 21.27 23.71 22.27 20.69 21.06 22.67 21.58 21.14 22.60 24.81 24.46 24.52 24.92 26.61 25.15 24.36 30.80 
9.44 7.58 5.34 5.39 5.62 0.00 5.06 7.40 6.52 6.81 8.85 11.66 12.59 12.86 14.85 15.42 14.91 15.61 19.71 18.64 21.67 22.81 20.78 18.44 16.21 14.72 14.31 13.63 13.26 13.45 14.43 15.09 16.25 19.54 21.15 20.79 22.15 22.96 23.45 24.41 24.27 23.89 24.86 25.52 26.35 25.01 25.59 26.17 25.42 24.07 24.19 23.54 22.83 22.13 21.69 18.85 18.35 16.12 16.15 16.55 16.81 14.16 12.55 14.61 14.66 12.29 11.24 14.12 15.53 14.24 14.14 17.14 17.18 16.47 17.63 20.59 19.82 19.79 21.68 23.10 22.85 22.49 24.59 23.11 23.55 22.71 21.77 21.26 22.78 21.55 18.51 19.34 19.19 16.55 14.21 14.23 13.39 12.34 12.21 12.73 11.40 12.80 12.97 13.73 14.23 15.86 15.98 17.90 18.59 18.95 19.15 20.46 20.78 20.15 22.23 21.93 20.97 21.24 23.06 22.16 21.92 22.99 24.78 24.41 23.10 21.53 23.52 23.16 20.64 20.67 23.33 22.54 21.07 22.15 24.64 23.39 23.01 22.12 23.37 23.98 22.90 22.34 23.53 22.89 20.01 19.49 21.77 20.17 18.71 19.15 20.87 19.30 19.67 21.52 23.58 22.62 23.17 23.03 25.11 24.36 23.68 30.82 
10.24 9.12 6.80 5.55 6.76 5.06 0.00 5.75 7.03 6.53 8.13 9.94 10.86 11.40 13.53 13.86 13.91 14.87 19.48 18.37 21.49 22.48 21.40 17.48 15.21 12.92 13.46 11.57 11.14 11.14 13.02 13.24 14.21 17.47 19.61 19.01 20.60 21.34 22.13 22.91 23.10 22.54 23.46 23.89 25.22 23.68 24.36 24.41 24.29 22.88 22.56 21.87 21.06 20.57 20.44 17.85 17.27 15.05 15.66 15.38 16.68 13.53 12.83 12.54 13.99 11.39 10.80 12.83 14.58 12.65 13.10 15.86 16.38 15.20 16.65 19.37 19.20 18.61 20.50 21.97 21.91 21.44 23.39 22.25 22.63 21.83 21.12 20.55 21.71 20.70 18.53 19.24 18.93 16.18 14.45 13.78 12.67 11.24 11.40 10.84 9.67 11.03 11.78 11.94 12.40 13.73 14.51 16.20 17.22 17.26 17.46 18.97 19.45 18.65 20.68 20.35 19.74 19.76 21.45 20.77 20.89 21.52 23.34 23.27 22.44 20.17 22.37 21.85 19.84 19.18 21.97 20.92 19.97 20.73 23.31 22.11 21.99 20.93 21.98 22.63 21.92 21.04 22.37 21.88 19.17 18.38 20.93 19.44 17.88 17.77 19.63 18.60 18.73 20.38 22.18 22.21 22.07 22.28 23.46 23.58 23.78 31.08 
11.76 11.78 8.81 7.97 7.25 7.40 5.75 0.00 5.76 7.38 7.53 9.57 11.83 12.61 14.24 15.51 15.62 16.26 21.23 20.11 23.65 24.71 23.10 20.09 16.68 14.96 14.44 13.37 12.03 13.26 15.29 15.86 16.55 20.26 22.26 21.98 23.03 23.78 24.20 25.18 24.95 24.68 25.28 26.15 26.90 25.88 26.07 26.68 25.97 24.62 24.71 23.84 23.27 22.19 22.47 19.66 18.78 16.84 16.30 15.36 17.02 15.41 11.74 12.04 14.39 13.13 11.41 13.61 15.84 14.86 15.32 17.99 18.50 17.77 18.60 21.67 21.30 20.92 22.17 24.10 24.03 23.47 25.16 24.17 24.83 24.19 23.42 23.04 24.05 23.26 21.02 22.30 21.49 18.78 16.78 16.48 15.12 13.85 12.98 12.79 12.44 13.26 13.32 14.17 14.59 16.38 16.22 18.05 19.14 19.82 19.79 20.79 21.17 21.09 22.80 22.46 21.40 22.03 23.61 23.33 22.74 24.11 25.63 25.53 23.67 22.60 24.41 24.41 21.57 21.66 23.85 23.53 22.06 23.07 25.49 24.54 24.29 23.35 23.99 24.80 23.81 23.24 24.03 23.69 20.83 20.36 22.55 21.78 19.95 19.76 21.31 21.35 21.73 23.26 24.48 23.95 24.74 24.02 25.36 24.43 25.30 32.11 
13.50 12.76 10.01 9.20 8.05 6.52 7.03 5.76 0.00 5.83 7.40 8.07 9.28 11.92 12.74 14.40 14.72 16.39 20.77 20.98 24.51 25.41 23.90 19.98 16.97 15.23 14.98 13.40 12.08 13.19 15.28 15.76 16.37 20.46 22.82 22.42 23.78 23.90 24.46 25.24 25.10 24.58 25.66 25.78 26.21 24.97 26.07 26.26 25.55 24.09 24.77 24.06 22.68 21.28 21.27 18.48 18.15 15.64 15.89 15.04 16.13 13.62 12.11 12.67 14.28 12.75 11.73 14.62 16.93 15.69 15.77 18.75 19.32 18.75 19.83 22.38 22.02 21.75 23.34 24.62 24.63 24.07 25.84 24.93 25.63 24.97 24.05 23.66 24.98 24.20 21.69 22.46 22.39 19.84 17.55 16.97 16.35 15.12 14.41 13.75 13.35 13.90 13.91 14.14 15.62 16.57 16.49 17.87 19.32 20.16 20.06 21.13 21.82 21.74 23.58 22.95 22.05 22.71 24.67 23.86 23.37 25.06 26.72 26.37 25.06 23.50 25.73 24.87 22.27 22.06 24.66 23.83 22.64 23.60 26.02 24.97 24.45 23.54 24.34 25.07 24.20 23.45 24.37 23.76 21.39 20.85 23.32 21.53 20.40 20.60 22.28 21.53 22.08 23.38 24.99 24.29 25.05 24.50 26.52 25.81 26.87 29.24 
14.24 12.72 9.71 10.00 9.20 6.81 6.53 7.38 5.83 0.00 5.64 7.69 8.00 9.00 11.96 13.17 13.90 14.82 20.45 19.77 23.82 25.15 23.81 19.80 16.53 14.04 13.86 12.29 10.44 11.09 12.77 13.67 14.91 18.67 21.48 20.95 21.85 22.34 22.89 24.08 23.87 23.19 24.23 24.68 24.89 23.74 24.49 25.12 24.24 22.74 23.13 22.38 21.22 20.08 20.04 17.49 16.42 14.41 15.01 14.45 14.89 13.13 11.26 13.08 13.94 11.63 11.13 14.16 16.61 14.84 15.11 18.21 18.88 17.97 19.36 21.94 21.49 21.43 23.10 24.53 24.26 23.72 25.55 24.44 25.05 24.30 23.23 22.83 24.17 23.47 20.75 21.78 21.45 18.97 16.86 16.03 15.02 13.37 13.33 12.57 11.27 12.72 12.75 12.67 13.65 15.09 15.25 17.09 18.58 19.04 18.89 20.32 20.60 20.32 22.36 21.87 20.71 21.52 23.29 22.42 22.18 23.99 25.59 25.30 23.82 22.30 24.26 23.53 20.88 20.91 23.24 22.36 21.21 22.38 24.47 23.35 22.93 22.07 23.05 23.62 22.34 22.04 22.82 21.88 19.05 19.11 21.36 19.48 18.21 19.15 21.12 19.78 20.73 22.32 24.31 22.92 24.64 23.57 25.74 24.67 26.12 27.82 
15.47 14.10 10.29 10.54 11.39 8.85 8.13 7.53 7.40 5.64 0.00 5.30 6.53 7.10 9.27 11.47 11.89 14.15 20.04 19.69 22.37 24.18 22.76 19.02 15.42 12.47 12.14 10.16 8.77 8.53 10.54 11.64 13.71 17.45 20.29 19.83 20.93 21.24 21.92 22.92 22.80 22.01 22.94 23.37 23.79 21.93 22.69 23.25 22.94 21.42 20.85 20.86 19.26 18.62 18.70 15.87 15.20 12.77 13.44 12.75 13.79 11.60 10.88 12.02 13.64 11.99 11.52 14.69 16.34 15.48 15.63 18.69 19.02 17.97 19.03 21.74 21.43 20.91 22.52 23.75 23.92 22.85 24.66 23.80 24.22 23.36 22.49 22.16 23.33 22.55 20.80 21.86 21.31 18.72 17.20 16.47 15.11 13.49 13.32 12.92 10.74 11.71 11.76 11.64 11.49 13.36 13.87 16.17 17.39 18.02 17.92 19.57 19.68 19.20 21.53 20.97 19.75 20.13 22.02 21.30 20.78 22.53 24.50 24.16 22.84 21.13 23.20 22.39 19.54 19.69 22.15 21.12 20.08 21.38 23.33 22.00 21.75 21.00 21.81 22.47 21.42 21.06 22.17 21.38 18.36 17.91 20.79 19.40 17.60 18.29 20.80 19.63 19.82 21.60 23.39 22.55 23.00 22.76 26.14 24.68 25.73 28.33 
17.57 16.24 12.77 12.54 13.16 11.66 9.94 9.57 8.07 7.69 5.30 0.00 5.99 7.94 8.76 11.52 13.20 14.64 20.41 20.78 23.93 25.39 23.73 20.67 16.64 14.26 13.25 11.33 8.87 10.07 12.50 13.70 15.86 19.45 21.59 21.21 22.13 22.76 23.26 24.22 23.91 23.24 23.99 24.27 24.55 23.27 23.65 24.13 23.68 22.35 22.00 21.23 20.33 19.86 19.19 16.39 15.53 13.53 13.29 12.65 13.72 13.01 10.47 12.57 14.72 12.98 12.53 16.03 18.43 17.00 17.15 19.85 21.01 19.86 21.13 23.54 23.13 22.69 23.73 25.36 25.37 24.24 25.86 24.99 25.98 25.08 24.22 23.96 25.13 24.68 22.83 24.19 23.49 21.03 19.50 18.84 17.87 16.40 15.92 15.45 13.92 14.36 13.83 13.31 14.25 15.07 15.76 17.57 18.77 19.83 19.65 21.14 20.88 20.89 22.90 22.50 20.91 21.75 23.76 23.02 22.09 24.38 26.40 25.97 23.90 22.92 25.21 24.32 21.02 21.35 23.77 23.00 21.63 23.09 25.04 23.85 23.23 22.45 23.25 23.95 22.65 22.59 23.51 23.10 19.66 19.31 22.39 21.80 19.52 20.03 22.48 21.81 21.97 23.61 25.64 24.48 25.42 25.34 27.40 26.36 27.02 29.25 
19.16 17.88 13.31 13.64 14.51 12.59 10.86 11.83 9.28 8.00 6.53 5.99 0.00 5.84 5.45 10.00 11.95 13.87 18.59 19.44 22.95 24.91 22.62 19.18 15.70 13.73 12.00 9.33 7.93 9.80 12.24 12.73 15.19 18.44 20.48 20.26 22.19 21.98 22.44 23.41 23.18 22.30 23.08 23.10 23.44 21.83 22.75 22.87 21.89 20.14 20.23 19.94 18.98 17.25 16.73 13.44 13.63 10.84 11.03 10.00 12.49 10.26 8.80 11.41 14.03 12.33 11.83 16.23 18.35 16.95 16.90 20.35 21.31 19.94 21.11 23.70 23.26 22.96 24.38 25.78 25.61 24.92 26.10 25.40 26.18 25.47 24.40 24.19 25.50 24.67 22.82 23.87 23.72 21.35 19.70 19.04 18.24 17.03 16.20 15.61 14.30 14.54 13.78 13.55 14.74 15.90 15.88 17.66 18.99 19.74 19.50 21.14 21.34 21.05 22.92 22.73 21.14 22.19 24.08 23.29 22.34 24.65 26.82 26.45 24.27 23.66 26.06 25.11 21.82 22.18 24.53 23.60 21.95 23.30 25.24 23.99 23.13 22.54 23.27 24.09 22.96 22.51 23.62 23.20 20.43 20.05 22.70 22.06 20.27 21.09 22.88 22.37 22.22 23.97 25.94 24.94 25.02 25.03 27.72 26.36 25.81 27.35 
20.26 18.64 14.48 14.38 15.56 12.86 11.40 12.61 11.92 9.00 7.10 7.94 5.84 0.00 6.20 7.52 9.64 10.85 16.29 17.85 21.17 22.86 21.68 18.18 15.13 12.98 11.13 9.46 9.06 10.45 12.32 13.59 15.08 18.63 20.08 19.53 21.12 21.19 21.58 22.56 22.47 21.34 22.12 22.44 22.56 20.96 21.45 22.14 20.53 19.07 19.38 18.76 17.40 16.01 15.70 13.29 12.82 10.84 12.08 11.86 13.77 12.23 11.10 13.80 16.25 13.84 13.85 17.45 19.45 17.30 17.42 20.60 21.43 19.77 20.96 23.73 23.39 22.85 24.24 25.89 25.88 24.86 26.53 25.36 26.21 25.34 24.31 24.03 25.28 24.80 22.68 24.16 23.57 21.42 19.58 19.22 18.23 17.03 16.26 15.89 14.56 14.76 13.89 13.69 14.65 15.87 15.70 17.96 19.44 19.58 18.92 20.83 20.95 20.51 22.27 22.17 20.97 21.70 23.46 22.75 22.30 24.45 26.59 26.33 24.42 23.25 25.44 24.71 21.68 21.75 23.81 23.12 21.60 22.53 24.51 23.25 22.73 21.82 22.66 23.48 22.45 22.37 23.20 23.05 20.11 19.95 22.32 21.62 20.11 20.90 22.97 22.15 22.39 23.81 25.77 24.81 25.98 25.54 27.64 25.93 26.13 28.10 
21.33 21.11 16.34 16.25 16.71 14.85 13.53 14.24 12.74 11.96 9.27 8.76 5.45 6.20 0.00 7.20 6.21 9.98 14.33 15.54 19.25 21.13 20.00 15.75 12.91 11.12 10.12 8.89 10.98 11.06 13.31 13.85 15.71 18.94 21.35 20.63 21.26 21.29 22.04 22.79 22.44 21.36 22.11 22.24 22.56 20.30 20.82 20.85 19.89 17.97 18.03 16.99 16.06 14.64 15.16 11.96 11.51 10.15 11.93 12.10 14.39 12.71 12.33 15.01 16.80 15.22 15.82 18.87 20.21 18.94 19.13 21.68 22.21 20.49 21.33 23.95 23.64 22.87 24.57 26.12 25.86 25.29 26.72 26.00 26.52 25.79 24.43 24.44 25.48 24.93 23.02 24.53 24.22 22.02 20.34 19.69 18.80 17.63 17.18 16.63 15.03 15.31 14.65 14.27 15.01 16.10 15.91 18.38 19.59 20.00 19.12 20.86 20.47 20.32 22.25 22.14 20.81 21.78 23.47 22.97 22.42 24.66 26.64 26.61 24.70 23.54 25.32 24.76 21.71 21.70 23.55 22.74 21.46 22.56 24.31 23.13 22.45 21.81 22.59 23.33 22.49 22.36 23.64 23.52 20.60 20.22 23.00 22.35 20.64 21.19 23.67 23.10 22.95 24.33 26.47 25.54 25.72 25.26 28.44 27.16 26.84 27.43 
21.60 21.08 17.12 16.47 17.12 15.42 13.86 15.51 14.40 13.17 11.47 11.52 10.00 7.52 7.20 0.00 7.17 7.58 11.38 12.51 16.50 17.82 16.38 14.06 11.25 9.90 9.69 9.44 11.14 13.05 14.67 15.10 16.24 19.27 21.39 20.44 21.22 21.09 21.70 22.32 21.87 20.77 21.27 21.23 21.22 19.73 19.71 20.00 18.46 17.36 17.40 15.90 14.42 14.38 13.61 10.87 10.71 10.93 12.22 12.78 14.33 13.62 12.51 15.19 16.77 15.48 15.85 18.59 20.31 18.92 18.85 21.39 21.86 20.20 21.00 23.56 23.07 22.70 23.96 25.47 25.44 24.77 26.05 25.34 26.15 25.36 24.01 23.78 24.98 24.44 22.55 23.91 23.58 21.39 19.84 19.68 18.46 17.71 17.28 16.40 14.80 15.00 14.13 13.80 15.02 16.21 15.62 17.78 19.49 19.76 19.07 20.67 20.18 20.06 21.64 21.56 20.25 21.17 22.89 22.47 21.84 24.24 26.25 26.02 23.95 22.62 24.70 23.95 20.74 20.68 22.57 21.86 20.64 21.62 23.60 22.13 21.65 20.81 21.88 22.50 21.73 21.84 22.93 23.04 20.25 19.76 22.72 22.45 20.70 20.90 23.29 22.84 22.85 24.42 26.51 25.70 26.42 25.88 28.12 27.09 26.76 28.53 
20.90 20.34 16.41 16.52 16.75 14.91 13.91 15.62 14.72 13.90 11.89 13.20 11.95 9.64 6.21 7.17 0.00 6.37 7.70 9.15 12.74 13.33 12.00 9.95 9.32 6.94 7.41 8.89 11.20 12.49 15.06 14.63 16.19 18.81 19.89 19.06 20.74 19.97 19.92 20.79 20.43 19.08 19.32 19.21 19.26 17.35 17.90 17.74 16.83 14.87 14.68 12.98 12.13 10.47 9.97 8.01 9.88 9.44 10.65 11.61 14.15 12.93 11.77 14.31 16.18 15.65 15.52 18.72 20.66 18.96 18.92 21.02 21.67 19.76 20.57 23.09 22.57 21.65 23.21 24.48 24.43 23.92 24.89 23.89 24.91 24.23 22.73 22.50 23.77 23.30 21.50 22.81 22.29 20.49 19.08 18.95 17.72 16.85 16.34 15.74 13.97 13.68 13.13 12.98 13.97 14.82 14.28 16.75 18.30 18.31 17.38 19.60 19.63 18.91 20.50 20.66 19.21 19.97 21.70 21.16 20.41 22.79 24.82 24.47 22.40 21.43 23.53 22.55 19.34 19.37 21.23 20.30 19.07 20.23 21.96 20.65 19.95 19.50 20.25 21.18 20.35 20.18 21.61 22.05 19.29 19.12 21.85 21.86 20.02 20.37 22.21 21.79 21.97 23.21 25.28 24.48 24.87 24.09 27.10 26.35 26.34 27.74 
21.54 20.89 17.24 16.81 17.74 15.61 14.87 16.26 16.39 14.82 14.15 14.64 13.87 10.85 9.98 7.58 6.37 0.00 6.33 5.98 10.10 10.00 8.83 7.48 7.16 5.71 7.62 10.35 12.57 14.28 16.38 16.64 17.35 19.73 21.52 20.30 21.26 20.84 20.76 21.40 21.11 19.61 20.08 19.86 19.47 17.84 18.10 18.26 16.54 15.10 14.84 13.84 12.32 11.27 11.20 9.94 11.11 10.47 12.38 14.07 16.83 14.97 14.00 16.97 18.78 16.82 17.22 19.66 21.13 19.62 19.18 21.61 21.95 20.63 21.10 23.75 22.93 22.06 23.67 25.55 24.90 24.13 25.31 24.63 25.20 24.45 22.69 22.55 23.77 23.39 21.31 22.71 22.51 20.37 18.85 18.88 17.98 16.94 16.39 15.90 14.03 13.78 12.74 12.61 12.79 13.66 14.28 16.76 18.13 17.91 17.19 19.40 19.67 18.82 20.48 20.58 19.39 19.88 21.58 20.92 20.24 22.46 24.64 24.15 21.98 21.09 23.04 22.10 18.76 18.94 20.68 19.77 18.42 19.44 21.44 20.17 19.74 19.12 20.02 20.94 20.21 20.28 21.59 22.01 19.51 19.37 22.14 22.14 20.43 20.84 22.71 22.19 22.34 23.52 25.41 24.80 25.79 25.52 27.59 27.16 26.75 28.82 
23.69 23.59 20.09 19.87 21.17 19.71 19.48 21.23 20.77 20.45 20.04 20.41 18.59 16.29 14.33 11.38 7.70 6.33 4.04 6.16 7.32 8.79 9.93 7.38 7.97 8.91 12.75 13.33 16.20 18.14 21.34 20.49 20.99 23.71 26.18 24.50 24.38 23.69 24.11 24.80 23.85 22.61 22.87 22.71 22.13 20.17 20.54 20.58 19.16 17.19 17.98 16.99 15.76 15.00 16.15 14.43 15.02 14.88 17.02 18.97 20.55 18.49 18.24 20.85 21.99 20.13 20.97 23.18 24.03 22.08 22.04 24.33 24.78 23.31 24.24 26.49 25.56 24.93 26.98 28.24 27.68 27.04 28.64 27.69 28.07 27.02 25.41 25.08 26.22 25.37 23.40 25.18 25.03 22.81 21.24 21.27 21.02 19.52 19.43 18.49 17.07 16.11 15.74 14.75 15.22 15.75 16.55 19.14 20.58 20.48 19.68 21.93 22.00 21.47 23.12 22.92 21.60 22.30 23.95 23.18 22.33 24.60 26.95 26.40 24.09 22.89 25.21 24.32 20.85 20.69 22.75 21.87 20.55 21.53 23.31 22.11 21.69 21.09 22.08 23.11 22.51 22.38 23.87 24.47 21.89 21.97 24.68 24.49 22.42 22.97 25.20 24.94 24.72 25.99 27.87 27.35 27.46 27.36 29.96 29.18 29.05 29.56 
23.09 22.55 19.03 18.93 20.49 18.64 18.37 20.11 20.98 19.77 19.69 20.78 19.44 17.85 15.54 12.51 9.15 5.98 6.16 0.92 4.47 4.65 6.50 6.95 8.06 8.86 11.66 13.12 15.99 18.42 20.44 18.94 19.83 22.77 24.67 22.97 22.85 22.69 22.88 23.43 22.73 21.20 21.58 21.40 20.84 19.43 19.58 19.68 17.89 16.56 16.78 15.56 14.43 14.61 14.91 13.80 14.96 14.38 16.14 17.86 19.29 17.40 16.25 19.27 20.35 18.89 19.11 21.64 22.67 21.45 20.59 23.64 23.37 22.27 22.56 25.21 24.13 23.59 24.97 26.41 26.03 25.38 26.76 25.82 26.49 25.58 23.97 23.23 24.27 23.83 21.73 23.35 22.53 21.03 19.63 19.51 18.75 18.01 17.54 16.97 15.00 15.01 13.28 11.99 12.87 13.24 13.77 16.72 19.01 18.74 17.60 20.06 20.75 19.94 21.04 21.19 20.08 20.80 21.97 21.62 20.67 23.04 24.76 24.49 21.74 20.67 22.95 22.13 18.65 18.58 20.53 19.82 18.57 19.66 21.52 20.42 20.13 19.51 20.33 21.54 20.84 21.16 22.40 23.00 20.29 20.37 23.16 23.22 21.12 21.61 23.80 23.28 23.30 24.85 26.68 25.98 26.41 27.30 28.90 28.37 27.71 29.60 
24.26 23.71 20.62 20.59 22.85 21.67 21.49 23.65 24.51 23.82 22.37 23.93 22.95 21.17 19.25 16.50 12.74 10.10 7.32 4.47 1.31 5.53 7.37 9.58 11.77 12.07 15.56 16.04 18.70 20.05 22.78 21.63 23.03 25.64 26.73 24.97 25.27 24.65 24.34 24.91 24.20 22.82 22.96 22.80 22.81 21.12 21.43 21.61 20.21 18.40 18.31 16.61 15.99 15.94 17.48 16.07 17.32 16.63 17.71 19.61 22.17 19.35 18.21 20.85 22.81 20.88 20.42 22.98 25.05 22.86 22.11 24.60 25.48 23.43 23.95 26.26 25.46 24.53 26.27 27.35 27.50 26.38 27.50 26.45 27.45 26.43 24.92 24.26 25.34 24.74 23.38 24.30 23.33 22.12 21.65 21.31 20.48 19.45 19.76 19.41 17.44 16.68 16.16 15.83 15.76 15.85 15.92 18.87 20.43 20.41 19.71 22.16 22.50 21.32 22.96 22.75 21.21 21.90 23.28 22.68 21.96 23.95 25.88 25.37 22.83 21.86 24.19 23.14 19.96 19.89 21.99 20.89 19.52 20.77 22.94 21.62 21.52 20.77 21.87 22.85 21.85 21.93 23.95 24.58 22.01 21.96 25.03 24.89 23.04 23.33 25.26 24.68 25.09 26.04 27.58 26.71 27.12 27.57 29.85 28.37 28.84 29.89 
24.85 24.31 21.20 21.27 23.51 22.81 22.48 24.71 25.41 25.15 24.18 25.39 24.91 22.86 21.13 17.82 13.33 10.00 8.79 4.65 5.53 0.00 5.80 7.82 10.91 11.76 14.86 17.09 19.70 21.07 24.04 22.94 23.73 26.29 27.61 26.01 25.98 25.91 25.67 26.24 25.49 24.46 24.81 24.87 24.29 23.30 23.34 23.69 21.56 20.69 19.85 18.76 17.73 17.39 18.49 17.26 18.31 17.67 19.34 21.17 23.26 21.06 20.13 22.55 23.84 21.51 21.86 24.07 25.21 23.43 23.10 25.64 25.92 25.03 25.24 27.78 26.45 26.11 27.55 29.39 28.50 27.70 28.77 27.99 28.48 27.62 25.72 25.51 26.33 25.73 23.98 25.40 24.55 23.00 22.10 22.13 21.68 20.70 20.44 20.22 18.56 17.91 17.12 16.52 15.16 16.21 16.91 19.89 21.52 21.84 21.45 23.69 23.57 22.69 24.20 24.27 22.53 23.31 24.32 23.78 22.99 25.04 26.77 26.25 23.67 22.92 24.74 23.83 20.19 20.61 22.55 21.53 19.80 21.41 23.64 22.45 22.29 21.96 22.77 24.18 23.06 23.60 25.28 26.01 23.31 23.62 26.32 26.30 24.37 24.86 26.81 26.11 26.30 27.52 28.64 27.73 28.65 29.10 29.87 28.96 29.00 30.77 
24.20 24.05 20.79 20.81 22.36 20.78 21.40 23.10 23.90 23.81 22.76 23.73 22.62 21.68 20.00 16.38 12.00 8.83 9.93 6.50 7.37 5.80 0.33 6.48 8.20 9.85 12.55 15.08 17.82 18.76 21.60 20.67 21.08 24.25 26.08 24.35 24.83 24.34 24.70 25.33 24.74 23.62 24.05 23.85 23.51 21.87 22.47 22.23 20.40 18.70 18.48 17.28 16.28 15.22 16.49 14.82 16.51 16.10 18.02 19.73 21.77 20.15 19.04 21.94 22.07 19.73 20.48 22.84 23.17 21.12 21.52 23.89 24.44 23.27 23.99 26.30 24.95 24.56 26.87 27.90 27.06 26.40 28.09 27.08 27.49 26.28 24.84 24.29 25.30 24.10 22.18 23.80 23.11 21.09 20.16 20.38 20.49 18.82 18.39 18.34 17.16 15.58 15.65 15.00 14.81 15.01 15.37 18.59 20.80 20.95 20.48 22.63 22.95 21.82 23.67 23.09 21.82 22.17 23.83 22.86 22.07 23.56 25.56 25.16 22.75 21.03 23.22 22.53 19.28 18.57 21.16 20.22 18.90 20.13 22.29 21.20 21.64 20.69 21.38 22.68 22.76 22.66 24.03 24.54 22.50 22.41 25.04 24.72 22.99 23.42 25.79 25.03 24.87 25.80 27.52 26.73 26.91 27.19 29.45 28.63 28.53 29.00 
22.68 21.57 18.15 18.63 19.83 18.44 17.48 20.09 19.98 19.80 19.02 20.67 19.18 18.18 15.75 14.06 9.95 7.48 7.38 6.95 9.58 7.82 6.48 0.00 6.76 7.72 10.68 11.85 15.20 16.66 18.60 17.93 18.51 21.07 22.42 21.33 22.14 21.58 22.03 22.91 22.77 21.46 21.99 22.32 21.81 20.32 20.46 20.84 19.07 17.39 17.13 16.19 14.87 13.52 14.38 13.16 14.32 13.00 15.29 17.16 18.44 16.61 14.80 18.49 19.38 17.21 17.67 20.60 21.15 19.31 19.63 22.10 21.88 20.55 21.31 23.61 22.56 22.17 23.67 25.18 24.55 24.01 25.38 24.44 25.06 24.18 22.58 21.97 22.67 22.09 19.96 20.95 20.05 18.66 17.60 17.46 17.35 16.39 16.30 15.93 15.44 14.15 14.06 12.99 13.72 13.24 13.72 16.52 19.31 19.16 18.44 20.33 20.67 20.13 21.28 20.95 19.54 20.34 21.54 20.62 19.96 21.66 23.35 22.95 20.37 18.81 20.80 20.30 16.63 16.02 18.17 17.79 16.88 18.32 20.67 19.50 19.65 19.10 19.55 21.18 20.90 21.05 22.21 22.89 20.37 20.41 22.73 22.78 20.86 21.24 22.90 22.26 22.46 23.73 25.33 24.22 25.27 25.73 26.89 26.07 26.57 28.71 
21.80 20.60 16.53 17.17 18.65 16.21 15.21 16.68 16.97 16.53 15.42 16.64 15.70 15.13 12.91 11.25 9.32 7.16 7.97 8.06 11.77 10.91 8.20 6.76 0.00 5.59 7.93 10.54 12.93 13.90 17.32 15.70 17.77 19.44 21.39 19.75 21.05 20.77 21.10 22.32 21.82 20.69 21.05 21.56 21.50 19.50 19.86 20.17 18.13 16.29 16.14 15.31 13.43 12.02 13.82 11.76 12.54 10.65 13.33 14.07 16.52 14.68 13.06 16.44 17.57 15.24 14.81 17.96 19.95 18.04 18.00 20.50 20.48 19.35 19.79 22.24 21.73 20.88 22.31 23.77 23.84 22.97 24.23 23.45 24.51 23.21 21.90 21.15 22.03 21.21 19.48 20.24 19.15 17.86 16.91 16.58 16.36 15.69 15.68 15.99 15.10 13.92 13.94 13.40 12.89 13.37 13.43 16.63 18.28 18.58 18.34 20.03 19.89 19.10 21.11 20.40 18.99 19.32 20.97 20.06 19.38 20.75 22.36 21.96 19.76 18.35 20.21 19.39 16.46 15.49 17.93 16.76 16.32 18.07 20.41 19.11 19.08 18.41 19.42 20.72 20.33 20.31 21.95 22.21 19.66 19.65 22.07 21.84 20.16 20.27 21.64 21.19 21.39 22.59 23.88 22.99 23.70 24.04 25.85 25.48 25.90 27.62 
20.84 19.28 15.48 16.04 16.92 14.72 12.92 14.96 15.23 14.04 12.47 14.26 13.73 12.98 11.12 9.90 6.94 5.71 8.91 8.86 12.07 11.76 9.85 7.72 5.59 0.00 5.76 6.34 9.58 10.11 13.00 13.18 14.33 16.68 18.34 17.52 18.92 19.67 20.27 21.04 21.04 20.31 20.44 20.75 20.50 19.14 19.55 19.55 18.02 16.34 16.43 15.65 14.58 13.40 13.86 11.82 12.60 10.33 12.42 13.39 15.62 13.17 12.55 14.44 16.70 13.20 14.04 16.45 18.69 15.02 17.25 18.46 19.05 17.51 18.83 20.97 20.34 19.23 21.49 23.05 22.79 21.86 23.52 22.90 23.67 22.43 21.37 20.68 21.51 20.89 18.83 19.45 18.51 16.81 15.34 14.58 14.63 14.47 13.77 13.54 12.25 12.28 12.24 10.65 10.11 11.62 12.37 15.11 17.10 17.95 17.57 19.52 19.39 18.53 20.04 19.79 18.41 18.60 19.80 18.97 18.51 19.60 21.10 20.71 18.68 17.18 18.67 17.67 14.67 14.51 16.37 15.39 14.93 16.68 18.92 17.81 18.01 17.47 18.42 19.59 19.25 19.75 20.91 21.32 18.80 18.74 21.03 20.58 18.73 18.92 20.46 19.76 20.30 21.04 22.59 21.54 23.29 22.72 24.60 24.24 25.02 27.40 
20.16 19.02 15.84 16.16 16.79 14.31 13.46 14.44 14.98 13.86 12.14 13.25 12.00 11.13 10.12 9.69 7.41 7.62 12.75 11.66 15.56 14.86 12.55 10.68 7.93 5.76 1.96 5.71 8.09 8.89 10.89 12.24 13.65 16.21 17.69 17.12 18.58 19.48 19.79 20.88 20.90 20.12 20.59 20.49 20.67 19.11 19.93 19.94 18.21 16.79 17.12 16.27 15.48 14.00 14.28 11.84 12.31 9.80 12.25 14.51 14.71 13.07 10.56 15.49 15.21 11.08 13.29 16.64 16.27 12.23 14.73 17.49 17.49 16.36 18.36 20.62 19.27 18.64 21.26 22.63 21.92 21.56 23.90 22.95 23.65 22.65 21.71 21.11 22.17 21.46 19.52 20.12 19.27 17.06 14.91 14.29 14.79 13.63 13.06 13.26 13.54 12.51 12.37 11.85 12.54 13.52 13.43 16.44 18.55 19.06 18.41 20.36 20.49 19.21 21.04 20.44 18.81 18.56 20.22 19.10 18.20 19.06 21.06 20.56 19.00 16.50 18.58 17.58 14.93 13.78 16.68 15.84 15.35 17.02 19.33 18.04 18.46 17.63 18.57 19.68 19.97 19.92 21.10 21.38 19.16 18.78 20.93 20.39 18.25 18.52 19.89 19.33 18.98 20.33 21.78 21.18 21.82 21.37 24.29 24.18 24.35 26.09 
19.91 18.43 14.96 15.36 16.09 13.63 11.57 13.37 13.40 12.29 10.16 11.33 9.33 9.46 8.89 9.44 8.89 10.35 13.33 13.12 16.04 17.09 15.08 11.85 10.54 6.34 5.71 0.00 5.38 6.21 9.33 11.34 12.56 14.80 15.79 16.43 17.40 18.28 17.86 19.90 19.83 18.98 19.46 20.22 19.77 18.37 19.15 19.57 18.24 16.79 16.94 16.66 15.66 14.62 14.69 12.53 12.03 8.35 11.10 12.47 14.49 10.31 7.55 12.64 15.06 10.80 11.21 15.55 17.19 12.63 15.40 17.41 16.90 16.30 17.60 20.25 19.28 18.79 20.46 22.09 21.82 21.75 23.44 22.53 23.49 22.89 21.74 21.04 22.00 21.78 19.64 20.01 18.47 16.96 14.81 13.54 13.09 13.23 13.04 12.83 12.64 12.59 12.23 11.14 12.76 13.21 13.43 16.15 18.37 18.80 18.56 20.14 20.41 19.49 20.95 20.14 18.40 18.61 20.05 18.92 18.06 19.44 20.85 20.38 18.20 15.66 17.23 16.71 13.21 12.28 15.46 15.89 15.25 16.99 19.53 18.77 19.20 18.29 19.17 20.60 20.32 20.31 21.34 21.89 19.50 19.00 20.65 20.30 17.97 17.96 19.25 18.56 18.43 19.32 21.30 20.83 21.95 20.67 23.31 23.43 24.07 26.70 
20.21 18.40 14.54 15.02 16.40 13.26 11.14 12.03 12.08 10.44 8.77 8.87 7.93 9.06 10.98 11.14 11.20 12.57 16.20 15.99 18.70 19.70 17.82 15.20 12.93 9.58 8.09 5.38 0.00 5.63 8.32 10.49 11.72 14.28 15.24 15.64 16.64 17.24 17.23 19.09 19.00 18.34 19.46 19.68 19.85 18.29 19.42 19.84 18.59 17.17 17.86 17.09 16.61 14.89 16.07 12.31 11.80 9.51 11.28 12.13 13.57 11.37 8.40 12.87 14.57 11.18 9.85 14.81 16.68 13.07 13.53 17.18 17.32 16.33 17.68 20.31 19.34 18.95 20.55 22.28 22.51 22.06 24.05 23.18 24.31 23.60 22.65 22.28 23.54 22.89 20.85 21.54 20.34 18.27 15.74 15.19 14.74 13.70 13.39 13.15 12.93 12.59 12.84 11.59 12.44 13.80 14.10 16.64 18.46 19.10 19.27 21.18 21.10 20.22 22.05 20.93 18.95 19.25 20.77 19.34 18.50 19.96 21.49 20.69 18.63 16.48 18.18 17.23 14.30 13.77 16.92 16.70 16.65 18.26 20.93 20.12 20.40 19.57 20.50 21.75 21.35 21.12 22.32 22.60 20.24 19.80 21.53 20.88 18.55 18.71 19.52 19.13 19.25 20.36 21.59 20.87 21.99 20.45 23.21 23.21 24.37 26.02 
20.17 18.40 15.05 15.63 16.19 13.45 11.14 13.26 13.19 11.09 8.53 10.07 9.80 10.45 11.06 13.05 12.49 14.28 18.14 18.42 20.05 21.07 18.76 16.66 13.90 10.11 8.89 6.21 5.63 0.00 5.25 6.99 8.93 11.39 12.57 12.91 14.27 16.00 15.87 17.44 17.57 17.47 18.39 19.04 18.98 17.90 18.74 19.42 18.17 16.94 17.40 16.87 16.58 14.87 15.11 11.73 11.76 9.35 11.05 12.24 13.93 11.58 10.94 13.13 15.70 11.60 12.35 14.99 17.67 12.27 15.91 17.23 17.93 17.03 19.18 20.91 19.93 19.68 21.52 23.32 23.14 22.83 24.89 24.14 24.98 24.42 23.59 23.22 24.46 24.04 21.96 22.86 22.03 19.84 17.29 16.72 15.94 15.18 14.55 14.22 13.39 13.39 13.74 12.31 13.14 14.75 15.07 17.58 19.51 19.84 19.78 21.66 21.79 20.81 22.31 21.73 19.86 20.05 21.06 19.83 18.75 20.07 21.51 20.73 18.79 16.96 18.12 17.21 14.57 15.23 17.72 17.70 17.61 19.37 21.52 20.53 21.01 20.15 20.92 22.13 21.67 21.70 22.99 23.17 20.45 20.24 22.19 21.42 19.08 19.17 20.29 19.28 19.35 20.08 21.42 20.25 21.82 20.31 22.98 23.05 24.11 26.99 
20.74 19.65 16.82 17.59 17.28 14.43 13.02 15.29 15.28 12.77 10.54 12.50 12.24 12.32 13.31 14.67 15.06 16.38 21.34 20.44 22.78 24.04 21.60 18.60 17.32 13.00 10.89 9.33 8.32 5.25 0.00 5.99 6.36 9.51 10.91 12.02 13.41 14.93 15.66 17.74 17.88 17.60 18.97 19.47 19.96 18.21 19.38 19.68 18.37 17.11 17.63 16.99 16.20 14.40 14.71 11.62 11.69 9.94 11.95 13.91 15.25 12.52 11.18 15.08 14.83 9.77 11.21 15.66 15.20 10.51 13.84 18.32 17.69 17.05 19.61 22.88 21.23 21.17 23.76 25.35 24.97 24.73 27.09 26.12 26.93 26.36 25.46 25.21 26.55 26.07 23.94 24.94 24.41 22.23 19.61 18.88 18.50 17.16 16.15 15.50 15.72 15.69 15.41 15.01 16.00 17.51 17.14 19.74 21.55 21.82 21.65 23.83 23.76 22.50 24.39 23.87 21.89 21.71 23.07 21.57 20.32 21.40 23.11 22.34 20.19 18.22 19.95 19.24 16.73 17.20 20.62 20.22 19.78 21.61 23.74 22.81 22.73 21.95 22.81 24.02 23.60 23.63 25.10 25.21 22.31 22.10 24.23 23.43 20.55 20.96 22.31 21.51 20.77 21.80 23.00 22.05 22.83 21.02 25.03 24.32 25.29 26.27 
21.27 19.85 16.90 17.58 17.80 15.09 13.24 15.86 15.76 13.67 11.64 13.70 12.73 13.59 13.85 15.10 14.63 16.64 20.49 18.94 21.63 22.94 20.67 17.93 15.70 13.18 12.24 11.34 10.49 6.99 5.99 0.04 5.25 6.90 8.86 10.37 12.33 12.88 14.00 16.84 16.96 16.26 17.71 18.64 18.80 17.30 18.29 19.16 17.76 16.61 16.81 15.96 14.79 13.50 13.68 10.90 11.61 10.02 13.17 14.51 17.07 14.66 12.37 15.71 17.83 12.86 14.21 16.62 19.25 13.72 17.75 19.12 19.87 18.64 21.52 23.47 22.81 22.27 24.48 25.95 25.98 25.69 27.86 27.03 28.04 27.65 26.70 26.57 27.93 27.55 25.24 26.18 25.38 23.08 20.94 20.43 19.56 18.54 17.84 17.24 16.90 16.75 16.64 16.01 16.85 17.52 18.11 20.53 22.31 22.38 22.42 24.40 24.26 23.25 24.97 24.29 22.27 22.45 23.83 22.14 20.73 22.26 23.90 22.63 20.24 18.50 20.72 19.91 17.06 17.90 21.36 21.47 20.86 22.79 25.41 24.14 23.85 23.30 24.45 25.69 24.89 24.84 26.30 26.30 23.14 22.91 25.15 24.44 21.70 21.85 23.33 22.30 21.85 22.61 23.99 23.02 23.90 22.08 24.67 24.53 25.54 27.78 
22.24 21.20 17.86 18.54 18.91 16.25 14.21 16.55 16.37 14.91 13.71 15.86 15.19 15.08 15.71 16.24 16.19 17.35 20.99 19.83 23.03 23.73 21.08 18.51 17.77 14.33 13.65 12.56 11.72 8.93 6.36 5.25 0.93 5.46 6.18 7.77 10.64 12.10 13.34 15.88 16.10 16.30 17.60 18.62 18.89 17.79 18.70 19.13 17.84 16.46 16.62 14.95 13.48 12.15 13.57 10.52 11.41 10.60 14.16 16.23 17.91 15.90 14.17 17.87 18.40 14.00 13.91 17.06 19.06 16.03 17.06 20.32 20.72 20.12 21.82 24.81 23.91 23.76 25.39 27.30 27.28 27.10 29.07 28.57 29.97 29.21 28.26 28.40 29.94 29.15 27.06 28.25 27.45 24.77 22.24 22.16 21.77 20.14 19.06 18.57 18.19 18.12 17.94 17.47 18.27 19.04 19.35 22.18 23.82 24.20 23.85 25.55 25.52 24.87 26.89 25.81 23.72 23.97 25.56 23.55 21.89 23.45 25.15 23.78 21.03 19.56 22.13 21.37 18.33 19.40 22.91 22.76 22.32 24.61 26.91 25.84 25.37 25.17 26.51 27.55 26.61 26.50 28.18 27.91 24.45 24.47 26.90 26.19 23.51 23.71 24.86 24.35 23.97 24.93 26.14 25.09 26.05 24.36 27.72 26.39 28.22 28.38 
23.90 23.06 20.30 20.46 21.37 19.54 17.47 20.26 20.46 18.67 17.45 19.45 18.44 18.63 18.94 19.27 18.81 19.73 23.71 22.77 25.64 26.29 24.25 21.07 19.44 16.68 16.21 14.80 14.28 11.39 9.51 6.90 5.46 0.45 5.52 6.38 9.40 11.59 12.89 15.49 16.16 16.52 18.27 19.00 19.85 18.93 19.95 20.40 19.34 18.32 17.71 16.39 15.07 14.51 15.49 12.70 14.19 14.27 17.37 19.55 21.06 18.11 17.88 20.76 21.75 17.39 17.93 20.75 22.13 18.09 20.54 22.88 23.07 22.87 24.43 27.58 26.73 26.57 28.69 30.31 30.03 29.94 31.90 31.65 32.43 32.08 30.94 31.50 32.67 32.27 29.61 31.24 30.52 28.14 25.40 25.64 24.64 23.39 22.35 22.04 21.13 21.21 20.95 21.01 21.75 22.58 22.73 25.46 27.18 27.43 26.79 28.73 28.72 28.08 29.53 28.78 26.64 26.99 28.02 26.34 24.70 26.15 27.25 26.07 23.51 22.46 24.73 24.31 21.54 22.77 25.69 25.59 25.33 27.44 29.62 28.45 28.25 28.05 28.92 30.28 29.07 29.38 30.63 30.61 27.11 27.11 29.52 28.78 26.01 26.38 27.79 26.71 26.38 27.44 28.62 27.64 28.23 27.03 28.76 28.28 28.81 29.90 
25.40 25.05 22.48 22.75 23.33 21.15 19.61 22.26 22.82 21.48 20.29 21.59 20.48 20.08 21.35 21.39 19.89 21.52 26.18 24.67 26.73 27.61 26.08 22.42 21.39 18.34 17.69 15.79 15.24 12.57 10.91 8.86 6.18 5.52 0.78 5.33 8.02 8.89 11.40 14.31 15.20 15.91 17.70 18.33 19.26 18.44 19.47 20.52 19.65 18.48 17.48 16.98 15.47 15.41 16.81 14.37 16.30 16.53 18.79 21.37 22.39 19.52 19.91 22.45 22.94 18.77 20.11 22.78 23.24 19.71 22.03 25.14 25.24 24.46 26.88 29.73 28.59 28.43 31.03 32.35 31.74 31.48 33.93 33.26 34.19 33.66 32.96 33.07 34.55 33.69 31.53 32.71 32.55 30.00 27.45 27.31 26.99 25.42 24.76 24.40 23.70 23.34 23.40 23.60 24.28 24.88 25.09 27.96 29.38 29.07 28.56 30.82 31.15 29.86 31.28 30.58 28.73 28.81 29.79 28.11 26.61 27.68 28.87 27.81 25.30 24.35 26.65 26.02 23.56 24.84 27.97 27.69 27.13 29.23 31.37 30.22 30.12 29.41 30.47 31.45 30.76 30.61 31.96 31.74 28.58 28.45 30.86 29.87 27.04 27.47 29.04 28.49 27.58 28.32 29.89 28.98 29.00 27.86 31.17 29.68 30.58 30.24 
25.34 24.60 21.87 22.21 22.89 20.79 19.01 21.98 22.42 20.95 19.83 21.21 20.26 19.53 20.63 20.44 19.06 20.30 24.50 22.97 24.97 26.01 24.35 21.33 19.75 17.52 17.12 16.43 15.64 12.91 12.02 10.37 7.77 6.38 5.33 0.00 6.06 7.12 8.31 11.16 12.29 13.04 15.04 16.10 16.84 15.98 17.18 18.20 17.65 15.75 15.11 14.36 13.99 13.99 15.01 13.82 15.68 16.13 18.05 20.02 21.28 19.11 18.80 21.40 21.99 19.34 20.28 22.55 23.42 20.64 22.78 25.38 25.18 24.73 26.13 29.22 28.49 28.04 30.24 31.60 31.04 30.99 33.17 32.76 33.72 33.44 32.64 32.99 34.15 33.51 30.94 32.53 31.60 29.04 26.68 27.02 26.02 24.91 24.05 23.69 22.75 22.86 22.78 22.75 23.42 23.97 24.32 26.79 28.17 28.31 27.79 30.01 30.10 29.21 30.30 29.58 27.83 28.14 29.34 27.40 25.62 27.10 28.39 27.04 24.36 23.29 26.18 25.50 22.71 24.04 27.20 27.08 26.06 28.45 30.70 29.76 29.20 28.90 30.02 31.04 29.71 29.88 31.13 31.26 28.08 27.88 30.08 29.39 26.61 26.85 28.74 27.86 27.18 28.36 29.69 28.80 29.06 28.65 30.24 29.75 29.71 30.92 
26.76 26.21 23.08 23.33 24.11 22.15 20.60 23.03 23.78 21.85 20.93 22.13 22.19 21.12 21.26 21.22 20.74 21.26 24.38 22.85 25.27 25.98 24.83 22.14 21.05 18.92 18.58 17.40 16.64 14.27 13.41 12.33 10.64 9.40 8.02 6.06 0.65 6.67 8.01 9.29 10.70 12.23 14.77 15.59 16.64 15.72 16.80 17.23 16.70 15.14 14.89 14.75 14.21 14.25 16.99 16.51 17.84 17.77 19.60 21.57 23.09 20.76 20.69 23.04 24.10 21.12 21.70 24.10 25.04 22.98 23.95 27.32 27.47 26.53 27.72 30.61 29.86 29.39 31.16 32.70 32.56 32.26 34.42 34.04 34.96 34.52 33.66 34.14 35.60 34.57 32.20 33.40 32.74 30.02 27.50 27.41 26.87 25.47 24.66 23.54 22.86 23.39 23.41 23.13 23.74 24.86 24.94 26.89 28.41 28.88 28.19 29.95 30.12 29.55 30.98 30.28 28.23 28.85 30.31 28.08 26.01 27.40 29.20 27.80 24.91 24.04 26.94 26.07 23.35 24.54 27.86 27.38 26.53 28.80 31.29 30.12 29.83 29.37 30.95 31.75 30.33 30.39 32.01 32.12 28.80 28.43 30.80 30.37 27.35 27.86 29.08 28.67 28.06 29.12 30.61 29.46 29.92 29.91 31.76 30.38 30.62 31.61 
27.38 26.62 23.65 23.54 24.65 22.96 21.34 23.78 23.90 22.34 21.24 22.76 21.98 21.19 21.29 21.09 19.97 20.84 23.69 22.69 24.65 25.91 24.34 21.58 20.77 19.67 19.48 18.28 17.24 16.00 14.93 12.88 12.10 11.59 8.89 7.12 6.67 0.05 5.58 7.61 7.97 9.52 11.46 12.75 14.30 14.06 14.44 15.04 14.78 13.44 13.68 13.42 13.77 14.37 17.59 17.04 18.82 18.28 19.95 21.95 23.05 20.93 20.69 23.57 24.01 21.11 21.54 24.08 24.85 22.76 23.52 26.91 27.21 26.53 27.73 30.70 29.97 29.42 31.73 33.25 33.17 32.84 35.09 34.53 35.62 35.16 34.45 34.70 36.11 35.27 32.75 34.18 33.35 30.65 28.31 28.28 27.31 25.72 24.89 24.34 23.37 23.29 23.63 23.90 24.32 25.17 25.34 27.57 28.85 29.26 28.60 30.53 30.56 29.87 31.49 30.66 28.76 29.00 30.41 28.33 26.30 27.79 29.46 28.08 25.64 24.77 27.56 26.81 23.92 25.20 28.35 27.94 27.17 29.44 31.46 30.30 29.84 29.62 31.07 31.78 30.70 30.57 32.31 32.07 28.96 28.51 31.23 30.14 27.41 27.76 29.75 28.63 27.92 29.22 30.83 29.63 29.84 30.19 31.49 30.61 30.21 31.93 
27.82 27.41 24.32 24.05 25.32 23.45 22.13 24.20 24.46 22.89 21.92 23.26 22.44 21.58 22.04 21.70 19.92 20.76 24.11 22.88 24.34 25.67 24.70 22.03 21.10 20.27 19.79 17.86 17.23 15.87 15.66 14.00 13.34 12.89 11.40 8.31 8.01 5.58 0.00 6.05 7.39 7.73 9.77 10.80 12.35 12.52 13.03 13.57 12.95 11.73 12.49 12.63 12.90 14.61 17.85 17.06 18.51 18.16 19.03 21.56 23.04 20.48 20.71 23.10 23.72 20.92 21.60 23.95 24.21 22.25 23.74 26.70 26.87 26.14 27.88 30.84 29.72 29.56 31.72 33.59 32.77 32.88 34.82 34.47 35.33 35.19 34.57 34.96 36.34 35.45 33.27 34.46 33.85 31.28 28.83 28.72 27.93 26.18 25.42 25.09 24.03 23.76 24.02 24.61 24.79 25.39 25.51 28.01 29.21 29.32 28.62 30.85 30.85 30.27 31.35 30.82 28.85 29.19 30.35 28.51 26.80 28.23 29.72 28.74 26.46 25.66 28.00 27.28 24.38 25.52 28.60 28.30 27.32 29.44 31.33 30.48 30.06 29.84 30.89 31.79 30.88 30.85 32.14 31.99 28.73 28.60 30.94 29.82 26.48 27.28 29.51 28.70 27.24 28.44 30.63 29.63 28.89 29.09 31.66 31.19 30.24 31.03 
28.06 27.69 24.60 24.88 25.70 24.41 22.91 25.18 25.24 24.08 22.92 24.22 23.41 22.56 22.79 22.32 20.79 21.40 24.80 23.43 24.91 26.24 25.33 22.91 22.32 21.04 20.88 19.90 19.09 17.44 17.74 16.84 15.88 15.49 14.31 11.16 9.29 7.61 6.05 0.00 5.89 7.37 7.98 9.09 10.25 11.06 12.10 12.85 12.41 11.70 12.93 14.18 15.54 17.43 19.80 19.49 20.50 19.70 20.39 22.99 24.26 22.45 21.80 24.44 24.88 22.66 23.01 25.07 25.27 23.66 24.82 27.92 28.15 26.93 28.43 31.32 30.63 29.71 32.16 33.58 33.21 32.72 35.10 34.57 35.55 35.25 35.00 35.35 36.67 35.97 33.67 35.04 34.30 31.65 29.25 29.38 28.37 26.94 25.80 25.32 24.47 24.40 24.41 24.80 25.31 25.97 26.06 28.32 29.53 29.77 29.17 30.92 31.11 30.48 31.62 30.82 29.02 29.53 30.72 28.92 27.07 28.65 30.43 29.38 26.96 26.29 28.89 27.97 25.04 26.16 29.35 28.83 27.78 30.10 32.04 30.77 30.47 30.21 31.52 32.31 31.35 31.25 32.54 32.45 29.55 28.92 31.24 30.45 27.62 27.83 29.85 29.14 28.14 29.25 31.29 30.46 29.71 29.64 31.73 31.21 30.29 32.00 
27.72 27.80 24.71 24.86 25.71 24.27 23.10 24.95 25.10 23.87 22.80 23.91 23.18 22.47 22.44 21.87 20.43 21.11 23.85 22.73 24.20 25.49 24.74 22.77 21.82 21.04 20.90 19.83 19.00 17.57 17.88 16.96 16.10 16.16 15.20 12.29 10.70 7.97 7.39 5.89 0.00 5.92 7.23 7.63 9.43 9.69 10.44 11.52 11.04 10.99 12.57 13.57 15.41 17.10 19.04 18.68 20.01 19.06 20.58 22.60 24.18 22.07 21.58 24.17 25.43 23.36 22.87 25.25 25.94 24.37 24.67 27.99 28.23 26.96 27.87 31.20 30.35 29.77 31.38 33.44 33.04 32.71 34.86 34.32 35.48 35.04 34.51 35.08 36.78 35.75 33.57 34.92 34.57 31.65 29.09 28.89 28.31 26.49 25.47 24.85 24.08 24.03 23.99 24.19 24.60 25.51 25.52 27.51 28.62 29.04 28.41 30.18 29.99 29.61 30.92 30.27 28.48 29.04 30.40 28.48 26.61 28.29 30.30 29.17 26.81 26.20 28.97 27.85 24.55 25.92 29.20 28.42 27.16 29.36 31.61 30.37 29.55 29.71 31.24 32.08 30.93 30.87 32.20 32.46 29.26 28.82 30.77 30.42 27.77 27.99 29.12 28.78 28.11 29.09 30.85 29.61 29.28 28.60 31.45 30.62 30.42 31.15 
