1.29 3.91 4.82 6.54 9.68 10.14 10.14 11.63 13.74 13.41 13.77 16.29 18.38 18.83 19.20 21.22 21.36 21.21 18.77 17.99 17.07 16.47 16.18 14.71 14.24 14.23 15.30 14.93 14.99 15.03 15.02 15.65 16.28 18.41 20.27 20.85 20.98 22.89 24.01 25.02 24.69 23.66 23.43 24.17 23.53 21.60 21.89 23.32 22.97 20.76 21.34 22.53 23.13 21.34 21.78 22.44 22.21 21.16 19.52 18.41 18.09 18.01 18.13 18.70 19.71 20.96 21.93 23.75 25.42 26.39 26.65 26.09 25.77 24.63 23.29 22.28 20.51 19.20 18.40 18.02 18.34 18.47 18.70 19.66 21.74 22.57 22.46 22.92 22.59 22.60 22.39 21.42 20.63 20.26 20.35 20.40 20.64 20.49 21.51 22.60 22.84 22.17 24.02 24.65 25.13 24.08 26.21 26.53 25.96 25.55 24.68 24.99 23.69 23.20 22.85 23.59 23.84 23.97 24.89 25.96 25.83 25.17 24.98 25.03 25.04 26.26 24.94 23.20 24.95 26.40 25.75 24.66 29.48 
3.91 1.92 4.35 5.62 8.97 9.89 9.82 11.62 13.36 12.22 12.79 15.54 18.38 17.77 18.97 20.71 21.30 20.76 18.62 17.99 17.20 16.27 16.43 15.04 14.92 14.72 16.27 15.98 16.46 16.29 15.94 16.60 17.17 19.09 21.12 21.42 21.66 23.16 24.79 25.79 26.16 24.25 23.69 24.76 24.64 21.75 22.04 23.97 23.66 20.94 21.66 23.46 23.67 21.86 21.95 23.64 23.26 21.62 19.65 18.78 18.55 18.30 18.47 18.93 20.24 21.58 22.56 24.13 25.97 27.22 27.36 26.88 26.75 25.01 23.39 22.20 20.59 19.16 18.55 18.09 18.60 18.94 19.14 20.07 22.55 23.62 23.46 24.48 24.14 23.94 23.29 22.67 21.64 21.37 21.20 21.15 21.47 20.91 22.08 23.05 23.25 21.87 24.20 25.19 25.66 24.16 26.70 26.93 26.53 25.86 25.01 25.37 24.25 23.78 23.40 24.14 24.15 24.36 25.82 26.60 26.71 25.77 25.45 26.16 26.49 26.82 25.27 24.42 24.51 27.84 25.97 26.46 31.00 
4.82 4.35 0.19 3.27 6.76 7.54 7.39 9.13 10.16 9.12 9.55 12.29 13.80 13.12 14.48 17.04 16.26 16.12 14.88 14.38 13.35 12.73 13.28 12.01 12.09 12.22 13.89 13.72 13.88 13.09 12.60 13.18 13.30 15.85 17.60 17.68 17.40 19.67 21.05 22.51 22.99 21.11 20.19 21.44 21.33 18.42 18.83 20.65 20.23 17.77 19.17 20.73 21.06 19.23 19.65 21.23 20.60 18.85 16.67 15.90 15.21 14.80 14.78 15.39 16.37 17.74 18.69 20.14 21.44 22.92 23.81 23.23 21.91 20.72 19.73 18.58 16.15 15.33 15.21 14.87 15.21 15.46 16.28 17.26 19.33 20.30 20.87 22.03 21.44 21.00 20.43 19.32 18.32 18.04 18.04 17.41 17.72 17.40 18.42 18.73 19.02 17.66 20.25 21.00 21.07 19.47 22.27 22.68 22.18 21.30 20.72 21.41 20.23 19.95 19.70 20.44 20.45 20.91 22.45 23.27 23.47 22.54 22.48 22.45 22.69 23.97 23.00 21.57 20.85 24.48 24.88 24.06 28.24 
6.54 5.62 3.27 0.91 4.77 6.54 6.56 8.02 9.49 9.05 9.97 11.47 13.36 13.11 15.56 17.36 17.50 17.50 16.63 15.73 14.81 14.33 14.56 12.97 13.04 12.81 15.47 14.04 14.51 12.87 13.18 13.35 13.97 15.96 18.36 18.09 18.34 20.09 21.84 22.88 23.49 21.81 21.17 22.00 22.01 19.48 19.79 21.31 21.28 18.83 19.74 21.13 21.74 20.55 20.90 22.44 21.85 20.08 18.29 17.03 16.49 15.77 16.18 16.42 17.03 17.91 19.48 20.85 21.78 23.29 24.20 23.64 22.26 21.19 20.37 19.44 16.85 15.91 15.99 15.48 15.30 15.39 16.88 17.54 19.33 20.27 21.26 22.71 22.17 21.96 21.68 20.89 19.46 19.24 19.09 18.62 19.07 18.45 18.90 19.41 19.81 18.78 20.48 21.37 21.56 20.05 22.46 23.38 22.51 21.89 21.21 22.67 21.58 20.83 20.15 21.58 21.65 21.73 22.86 24.64 24.94 23.99 23.28 24.24 25.42 25.84 24.18 22.08 22.84 26.00 26.43 25.07 33.05 
9.68 8.97 6.76 4.77 1.61 6.29 6.86 7.64 9.44 10.12 11.57 13.30 14.91 16.20 17.61 20.42 19.83 20.33 18.09 16.90 16.11 15.15 15.64 14.05 15.12 15.12 17.44 16.59 16.92 15.90 15.03 14.84 15.95 17.82 20.14 20.21 20.78 22.82 24.18 25.33 25.58 23.98 23.72 25.04 25.11 22.22 22.41 24.62 24.54 21.69 22.52 24.60 25.43 23.56 23.94 25.86 25.40 23.87 21.65 20.33 19.47 18.57 18.57 18.97 19.65 20.88 22.14 23.92 25.05 26.59 26.51 25.74 25.41 23.72 22.67 21.57 19.70 17.65 17.42 16.88 17.66 18.05 19.21 20.45 22.54 23.78 23.70 25.16 24.72 24.67 24.49 23.48 22.76 22.22 22.11 21.74 22.26 21.53 22.21 23.21 23.60 21.96 24.18 24.81 25.49 23.56 26.24 26.64 26.40 25.32 24.53 25.29 24.50 23.29 22.61 24.32 24.51 24.30 25.02 26.97 27.17 26.16 24.88 25.84 26.58 28.73 26.55 25.59 27.89 28.12 26.81 26.18 28.24 
10.14 9.89 7.54 6.54 6.29 0.32 5.69 7.60 7.50 7.78 9.28 11.84 13.25 13.41 16.10 18.06 17.72 18.24 16.33 15.10 14.19 13.37 14.75 13.73 15.23 15.36 18.13 17.76 17.79 17.04 15.28 14.79 15.14 17.12 19.21 19.20 19.30 21.57 22.79 24.31 24.67 22.72 22.07 23.71 23.84 20.94 21.24 23.87 23.64 20.79 21.95 24.11 24.95 23.00 23.45 25.98 25.20 23.35 20.62 19.02 18.64 17.40 16.89 16.94 17.90 19.33 19.68 21.65 23.23 25.51 24.99 24.45 24.05 21.92 20.58 19.69 17.75 16.27 16.17 15.98 16.80 17.65 18.85 19.97 22.44 23.91 23.33 25.14 24.46 24.23 23.39 22.68 21.80 21.64 20.75 20.60 20.91 20.25 20.55 21.96 21.98 20.54 22.03 23.49 24.05 22.19 24.66 25.20 25.00 24.44 23.13 24.03 23.20 22.45 22.08 23.51 23.45 23.65 24.52 26.34 26.64 25.29 23.73 25.69 26.43 28.12 25.58 24.76 25.66 27.39 26.20 26.79 29.70 
10.14 9.82 7.39 6.56 6.86 5.69 0.59 5.80 7.14 5.68 6.75 9.51 10.90 9.75 12.54 14.72 14.24 14.07 13.05 11.63 11.55 10.71 12.31 11.67 14.10 14.41 17.21 17.05 16.83 15.27 14.36 13.91 13.82 15.45 17.30 16.71 16.83 18.58 19.93 21.39 21.97 19.59 19.04 20.81 21.38 17.85 18.72 21.34 21.25 18.45 20.10 22.19 22.84 21.16 21.63 23.99 23.55 21.65 18.78 17.02 16.44 14.95 14.16 13.53 14.71 15.42 15.94 17.49 19.60 21.41 21.75 20.71 20.17 17.52 16.84 15.48 13.95 12.30 12.40 12.80 13.93 14.89 16.16 17.50 20.01 21.01 21.11 22.79 22.03 21.70 21.12 19.92 19.13 18.54 18.15 17.18 17.57 16.93 17.57 18.25 18.67 16.78 19.06 20.26 20.51 18.27 21.20 21.88 21.94 20.80 20.25 21.12 20.60 19.95 19.41 20.61 20.92 21.18 22.14 23.83 24.25 22.69 21.45 22.37 23.43 25.22 23.43 23.29 24.51 25.44 24.29 24.58 27.04 
11.63 11.62 9.13 8.02 7.64 7.60 5.80 0.00 6.04 6.96 6.46 7.34 9.80 10.44 13.09 14.66 14.97 15.17 14.29 12.89 13.14 12.72 14.29 13.78 15.95 15.91 19.82 19.68 19.38 17.63 16.09 15.78 15.63 16.91 18.70 18.40 18.17 19.83 21.01 22.80 23.23 21.03 20.30 21.71 22.52 19.55 20.09 22.62 22.96 20.68 21.28 23.54 24.71 23.81 23.57 26.32 25.43 24.00 20.85 18.99 18.15 16.84 16.00 15.14 15.70 16.09 17.03 18.90 20.55 22.25 22.61 21.51 21.38 18.58 17.24 16.17 14.93 13.53 13.92 13.68 15.68 16.46 18.38 19.70 22.36 23.45 23.46 25.46 24.53 24.13 23.78 22.69 21.54 20.93 20.24 19.55 19.81 18.96 19.12 19.84 20.17 18.77 20.57 21.51 21.91 20.17 22.89 23.60 23.25 22.64 21.83 23.07 22.41 21.63 20.76 22.51 22.87 23.27 23.99 26.21 26.74 25.06 23.39 25.46 26.61 27.45 24.71 24.55 26.23 27.33 25.26 26.30 30.68 
13.74 13.36 10.16 9.49 9.44 7.50 7.14 6.04 1.89 5.42 7.27 7.07 8.56 9.62 12.58 14.12 14.11 15.01 14.38 13.81 13.99 14.97 16.51 17.07 18.90 19.88 23.32 23.13 22.56 20.97 19.49 18.77 18.54 19.55 20.81 20.15 19.66 21.20 22.51 23.92 24.49 22.80 22.26 23.74 24.26 21.82 21.96 24.47 24.94 22.82 23.24 25.77 27.38 26.20 26.14 28.80 28.09 26.78 23.94 22.24 20.83 19.20 18.22 17.37 17.53 18.03 18.60 19.71 21.01 22.70 22.84 21.78 21.99 19.69 18.64 17.38 15.64 15.15 15.41 15.55 17.17 19.23 20.94 22.62 25.47 26.87 26.21 27.75 26.92 26.96 26.31 25.48 24.65 23.89 23.13 22.48 22.61 21.52 21.68 22.62 23.01 21.24 22.85 24.07 24.42 22.80 25.15 25.47 25.41 24.75 23.64 24.91 24.36 23.49 22.42 24.28 24.86 25.10 26.00 28.17 28.70 27.29 25.24 26.43 27.93 28.81 25.59 26.09 30.05 29.28 25.84 27.30 28.77 
13.41 12.22 9.12 9.05 10.12 7.78 5.68 6.96 5.42 0.00 4.99 7.08 6.18 6.49 9.50 11.59 11.01 11.77 11.39 10.38 11.22 11.54 14.50 14.72 17.27 18.00 22.23 21.63 20.65 18.94 17.80 16.39 15.34 16.31 17.67 16.39 15.56 17.22 18.44 20.27 20.47 18.40 17.92 19.85 20.54 17.98 18.80 22.13 22.57 20.36 21.39 24.34 25.31 24.03 24.29 26.90 26.18 24.58 21.59 19.78 18.37 16.75 15.06 13.72 13.95 14.22 14.03 15.29 16.87 19.27 19.03 17.88 18.23 15.95 14.81 13.90 12.23 12.13 13.41 13.52 15.32 17.37 19.37 20.73 23.38 24.80 24.20 26.15 25.08 24.80 23.83 23.09 22.01 21.35 20.19 19.87 19.57 18.24 18.59 19.57 19.76 17.12 18.85 20.40 20.97 18.75 21.40 21.88 22.03 21.44 20.10 21.65 21.32 20.93 20.11 21.72 22.17 22.83 23.61 25.63 26.16 24.56 22.82 24.10 25.63 26.08 23.51 23.27 26.24 27.42 24.75 25.57 27.94 
13.77 12.79 9.55 9.97 11.57 9.28 6.75 6.46 7.27 4.99 0.47 5.90 7.09 5.80 7.95 10.45 10.23 11.07 10.45 10.17 10.63 11.54 13.84 14.74 17.13 18.43 22.41 22.16 20.49 18.41 17.65 16.58 15.42 15.44 16.57 15.43 14.50 15.52 16.47 18.26 18.43 16.61 16.01 18.49 19.54 17.15 17.98 21.29 21.95 19.84 20.98 23.45 24.58 23.45 23.68 26.35 25.74 24.44 21.55 19.49 18.09 16.09 14.23 12.98 13.15 12.35 12.17 13.62 15.24 16.90 17.03 15.59 15.93 13.77 13.10 11.88 10.98 11.37 12.65 13.37 15.15 17.28 19.55 20.90 23.19 24.51 24.35 26.24 25.24 24.64 23.67 22.74 21.38 20.61 19.56 18.73 18.45 17.31 17.61 18.48 18.38 15.46 17.10 18.75 18.82 16.41 19.30 20.28 20.34 19.65 18.81 20.26 19.62 19.78 19.25 20.80 21.00 21.88 22.77 24.51 24.91 23.46 21.92 23.15 24.11 25.32 22.73 22.77 25.58 26.37 24.27 24.67 26.91 
16.29 15.54 12.29 11.47 13.30 11.84 9.51 7.34 7.07 7.08 5.90 0.00 6.10 7.27 7.67 9.38 10.82 11.99 12.55 12.34 13.10 13.92 17.45 18.36 20.46 21.92 25.76 25.41 24.08 22.16 20.45 19.72 17.89 17.77 18.25 17.21 16.13 17.06 17.47 19.49 19.79 18.14 17.55 19.44 21.44 19.76 20.39 22.97 24.27 22.59 23.30 25.86 27.35 26.54 26.50 28.94 28.58 27.83 24.77 22.81 20.96 18.91 17.20 15.54 14.96 14.66 14.26 15.14 16.56 18.88 18.11 17.18 16.92 15.27 13.96 13.41 13.15 13.89 15.03 16.26 18.57 20.97 22.88 24.49 26.87 28.35 27.94 29.95 28.63 28.53 27.83 26.73 25.04 24.23 23.12 22.35 21.88 20.91 21.01 21.63 21.37 19.04 20.35 21.58 21.45 19.28 22.03 23.23 23.08 22.42 21.53 23.23 22.84 22.59 21.96 23.83 24.35 24.96 25.53 27.75 27.86 26.85 25.23 26.31 27.71 28.42 25.36 24.74 27.17 28.83 26.24 26.84 28.38 
18.38 18.38 13.80 13.36 14.91 13.25 10.90 9.80 8.56 6.18 7.09 6.10 0.57 5.86 7.96 8.27 9.57 11.72 11.88 12.67 14.41 15.96 18.86 20.49 23.04 24.81 28.28 27.98 27.27 25.23 22.42 21.10 19.79 19.25 19.24 17.91 16.94 17.67 18.31 19.49 19.94 18.70 18.40 20.64 22.42 20.98 21.55 24.48 25.44 23.90 24.77 27.65 29.17 28.32 28.41 31.48 31.03 30.16 26.94 25.04 22.72 20.88 18.58 16.75 16.28 15.94 15.12 15.98 17.39 19.47 18.88 17.91 17.81 16.02 15.09 14.80 14.34 15.18 16.38 18.22 21.10 23.48 25.10 27.02 29.64 31.13 30.80 32.09 30.79 30.61 29.93 28.97 26.89 26.25 25.27 24.71 24.20 23.12 23.45 24.14 23.47 21.36 23.44 24.26 23.72 22.05 24.63 25.54 25.10 24.41 23.43 25.14 24.77 24.23 23.33 25.44 26.00 26.96 27.74 29.24 29.94 29.13 27.16 28.16 29.16 30.86 27.20 26.39 30.06 30.66 27.42 27.74 29.05 
18.83 17.77 13.12 13.11 16.20 13.41 9.75 10.44 9.62 6.49 5.80 7.27 5.86 0.00 5.91 7.45 7.39 8.89 10.27 10.71 12.69 14.18 16.70 17.90 21.21 23.10 26.91 26.49 25.59 23.44 20.66 19.31 17.70 17.33 17.25 15.74 14.31 14.88 15.08 16.89 17.38 15.98 15.36 18.06 19.98 18.43 19.13 22.74 23.70 21.82 23.19 26.43 27.37 26.14 26.85 30.08 29.00 27.93 24.91 22.79 20.38 18.34 16.15 14.96 13.60 12.98 11.90 13.69 14.71 16.73 15.97 15.12 15.11 13.23 12.60 12.48 12.04 13.46 15.69 16.84 19.36 21.45 23.61 25.53 28.13 29.62 29.10 30.77 29.24 29.06 27.91 26.95 25.09 24.37 23.15 22.59 22.01 20.45 20.68 21.64 21.26 18.56 20.32 21.34 21.14 19.06 21.81 22.12 22.02 21.76 20.50 22.47 22.19 21.95 21.15 23.30 24.07 24.79 25.49 27.55 27.92 26.68 25.20 26.25 27.66 28.32 25.19 24.66 28.28 28.58 25.61 26.34 28.05 
19.20 18.97 14.48 15.56 17.61 16.10 12.54 13.09 12.58 9.50 7.95 7.67 7.96 5.91 0.00 5.83 6.85 8.76 9.36 12.03 13.94 15.65 18.47 19.99 22.72 25.11 29.06 28.87 27.06 24.69 22.35 21.28 19.08 18.28 18.28 16.39 14.72 14.70 14.64 16.56 17.15 16.14 15.99 19.17 21.07 19.39 19.78 23.38 24.64 22.65 23.47 26.49 27.63 26.54 27.85 30.78 29.93 29.30 26.35 24.16 21.30 19.97 17.76 16.70 15.05 13.40 12.74 14.31 15.19 16.70 16.59 15.57 15.54 13.61 13.63 13.60 14.08 15.48 17.20 18.86 20.96 23.25 25.13 27.10 29.76 31.00 30.93 32.29 31.31 30.39 29.26 28.27 26.38 25.62 24.41 23.84 23.19 21.85 21.94 23.04 22.61 19.64 21.11 22.50 22.31 19.71 21.90 22.65 22.58 22.37 21.34 22.99 22.93 22.94 22.43 24.23 24.96 25.65 26.60 28.04 28.81 27.29 25.70 26.82 27.52 28.63 25.63 25.33 28.49 28.33 25.68 26.53 28.17 
21.22 20.71 17.04 17.36 20.42 18.06 14.72 14.66 14.12 11.59 10.45 9.38 8.27 7.45 5.83 0.00 5.95 7.86 9.27 11.56 14.80 16.53 19.81 22.10 25.53 26.77 31.06 30.98 29.64 27.14 24.31 23.27 20.88 19.53 18.96 16.89 14.70 14.64 14.51 16.42 17.91 17.23 17.59 20.39 22.39 21.01 21.43 24.55 25.94 24.50 25.27 27.76 29.14 28.88 29.52 32.08 31.82 30.97 28.05 25.65 23.02 21.67 19.35 17.53 15.41 15.04 13.36 15.12 15.91 18.34 18.29 16.35 16.18 14.46 14.26 14.61 15.32 17.10 18.85 20.69 23.27 25.06 27.40 28.91 31.82 32.90 32.84 33.96 32.46 31.89 31.16 29.66 27.89 27.02 26.11 25.44 24.82 23.95 24.16 24.99 24.34 21.52 23.01 23.92 24.07 20.99 23.25 24.08 24.61 23.58 22.43 24.18 24.59 24.60 23.97 25.85 27.03 27.70 28.51 29.87 30.67 29.10 27.64 28.13 29.43 29.95 27.43 26.70 29.58 30.18 26.95 27.75 29.38 
21.36 21.30 16.26 17.50 19.83 17.72 14.24 14.97 14.11 11.01 10.23 10.82 9.57 7.39 6.85 5.95 0.00 5.89 7.06 9.50 12.29 14.85 18.70 20.47 24.41 26.17 30.01 30.57 29.43 27.20 23.44 22.05 19.80 18.18 16.89 14.75 12.90 12.82 13.28 14.73 16.59 16.13 16.04 19.02 20.89 19.48 20.07 23.09 24.21 22.70 24.13 26.56 28.05 27.23 28.10 31.01 29.85 28.69 25.36 23.55 20.85 19.21 16.47 14.32 13.09 12.30 11.46 12.78 14.46 17.21 16.91 15.61 15.85 13.60 12.75 12.78 12.96 14.52 16.48 18.73 20.81 23.05 25.11 27.09 29.61 31.19 31.26 32.00 30.51 30.18 29.63 28.08 26.19 25.51 24.63 23.95 23.39 22.54 22.86 23.40 22.65 20.54 22.71 23.49 23.02 20.53 22.68 23.21 23.30 22.40 20.78 22.69 23.14 22.69 21.93 24.16 25.36 26.39 27.13 28.23 29.09 28.16 26.04 26.74 28.11 29.59 26.42 25.95 29.95 30.31 26.78 28.25 30.18 
21.21 20.76 16.12 17.50 20.33 18.24 14.07 15.17 15.01 11.77 11.07 11.99 11.72 8.89 8.76 7.86 5.89 0.00 6.31 7.33 10.13 11.87 16.42 18.59 21.84 24.92 28.78 28.62 27.37 25.52 21.70 20.22 17.97 16.68 14.65 12.78 11.13 12.05 12.18 14.52 16.85 15.49 14.75 17.88 19.86 18.02 18.61 22.03 22.96 21.16 22.70 25.69 26.37 25.62 26.99 29.66 28.37 26.92 24.10 21.96 18.68 17.54 14.79 12.61 11.29 11.22 10.81 12.65 14.58 17.35 17.55 16.61 16.79 14.25 12.52 11.99 12.16 12.79 14.97 17.13 19.36 21.10 23.14 25.41 28.04 29.71 29.83 30.86 29.43 28.96 28.04 26.53 24.75 24.18 23.25 22.69 22.19 21.48 22.01 22.30 21.61 19.29 21.67 22.41 21.82 20.12 22.62 22.05 21.74 21.08 19.47 20.99 20.95 21.11 20.47 22.61 24.02 25.00 26.02 27.39 28.33 26.99 25.39 25.89 27.33 28.03 25.38 24.78 28.29 28.99 25.55 27.15 29.48 
18.77 18.62 14.88 16.63 18.09 16.33 13.05 14.29 14.38 11.39 10.45 12.55 11.88 10.27 9.36 9.27 7.06 6.31 0.00 5.83 6.59 10.57 13.63 15.86 19.19 21.58 25.83 25.81 24.30 22.46 19.15 17.11 14.32 12.71 12.14 10.88 10.06 10.83 11.76 13.93 15.39 13.76 13.18 16.48 17.74 15.65 16.19 19.70 21.04 18.78 19.84 22.49 23.54 22.72 23.90 26.56 25.35 24.30 20.66 18.37 15.25 13.99 11.27 9.94 9.65 10.19 9.94 12.57 14.49 17.95 18.09 16.86 16.72 13.97 12.30 11.29 10.58 11.14 12.21 14.04 15.75 17.56 19.69 22.33 25.17 26.90 26.77 28.57 27.27 26.43 25.51 24.43 22.71 22.02 21.23 20.62 19.97 19.37 20.11 21.07 20.49 18.30 20.41 21.30 21.07 19.16 21.60 20.88 20.44 19.59 18.60 18.77 18.51 18.66 18.77 20.49 21.40 22.68 23.83 25.50 26.23 24.85 23.25 24.33 25.16 26.43 23.62 23.33 26.99 27.51 25.00 25.96 28.29 
17.99 17.99 14.38 15.73 16.90 15.10 11.63 12.89 13.81 10.38 10.17 12.34 12.67 10.71 12.03 11.56 9.50 7.33 5.83 0.00 5.61 6.12 10.35 12.61 16.32 18.12 21.63 22.97 21.51 19.25 16.50 15.66 12.26 10.60 10.84 10.10 9.77 11.78 13.06 15.65 16.02 14.51 13.90 16.55 17.80 15.06 15.46 18.99 19.95 17.51 18.27 21.02 22.03 21.08 21.80 24.62 24.27 23.29 19.39 16.92 13.77 12.81 10.63 9.29 9.40 11.08 11.58 14.20 16.60 19.55 20.34 18.66 18.38 15.44 14.28 12.80 11.96 11.16 12.09 12.91 14.70 15.53 17.38 19.85 22.66 24.30 23.83 25.73 24.42 24.05 22.77 21.74 20.27 19.42 18.76 18.51 18.68 18.05 19.01 19.87 19.79 17.46 19.58 20.44 20.62 18.43 20.79 20.34 20.26 19.06 17.74 17.62 17.73 17.66 17.53 19.30 20.47 21.43 22.57 24.42 25.14 23.29 22.05 23.09 24.52 25.33 22.94 22.25 24.51 26.64 23.90 25.29 27.37 
17.07 17.20 13.35 14.81 16.11 14.19 11.55 13.14 13.99 11.22 10.63 13.10 14.41 12.69 13.94 14.80 12.29 10.13 6.59 5.61 0.00 6.15 7.37 10.72 14.11 16.19 19.40 20.05 19.44 17.12 13.78 12.82 10.68 9.25 9.83 10.07 10.30 12.89 14.78 16.86 17.23 15.75 14.72 17.18 17.88 15.10 15.12 18.14 18.68 15.92 16.78 19.34 20.12 18.87 19.56 22.48 21.57 20.16 17.28 14.92 12.54 10.99 9.33 9.04 9.70 10.98 11.77 15.43 18.13 21.51 21.43 20.33 20.58 18.09 15.99 14.64 12.74 12.24 11.12 12.36 12.37 13.81 14.39 16.95 19.29 21.18 20.75 22.63 21.05 20.68 20.02 19.04 17.94 17.14 16.46 16.46 17.18 16.67 17.51 18.72 18.53 16.92 19.03 20.10 20.44 18.44 20.87 20.66 20.46 18.90 17.05 17.39 17.44 16.76 15.92 18.01 19.37 20.06 21.20 22.88 24.35 22.11 20.23 21.57 23.57 24.76 21.81 21.35 24.78 25.28 22.88 24.21 27.14 
16.47 16.27 12.73 14.33 15.15 13.37 10.71 12.72 14.97 11.54 11.54 13.92 15.96 14.18 15.65 16.53 14.85 11.87 10.57 6.12 6.15 0.00 6.13 6.85 10.58 13.02 16.40 17.04 15.95 14.51 11.48 10.14 9.61 9.00 10.42 10.88 11.60 14.86 15.99 18.01 18.23 16.78 16.11 17.57 18.32 15.51 15.36 17.65 17.71 15.26 15.77 17.83 18.66 17.40 18.14 21.19 20.05 18.22 14.63 13.10 10.51 9.68 9.20 9.08 10.46 12.83 14.58 17.59 19.89 22.86 23.37 22.07 22.47 19.85 17.67 16.50 14.05 12.81 11.99 11.60 12.28 12.38 12.76 15.18 17.46 19.49 18.85 20.53 19.06 19.31 18.09 17.20 15.85 15.48 15.03 15.02 15.57 15.52 16.40 17.54 17.58 16.04 18.32 19.46 19.70 18.33 20.92 20.50 20.12 19.23 17.13 17.26 16.66 16.10 15.23 16.89 17.83 18.75 20.09 22.18 22.98 20.71 19.78 21.14 23.14 23.77 21.40 20.94 23.35 25.34 22.68 25.01 27.46 
16.18 16.43 13.28 14.56 15.64 14.75 12.31 14.29 16.51 14.50 13.84 17.45 18.86 16.70 18.47 19.81 18.70 16.42 13.63 10.35 7.37 6.13 0.00 5.70 6.94 9.99 13.57 14.50 13.41 12.89 10.05 9.28 8.39 9.48 12.02 13.57 14.47 17.09 18.55 20.99 20.74 19.44 18.52 20.06 19.63 16.75 16.62 18.51 18.37 15.28 15.34 16.96 18.53 17.18 17.40 19.63 19.10 16.68 12.74 10.71 8.89 9.27 10.24 11.20 12.28 15.91 18.16 20.84 23.10 25.70 25.87 25.19 25.63 22.56 20.43 18.80 16.06 14.67 13.42 12.96 12.49 12.98 12.71 14.44 16.45 18.62 18.13 19.92 18.40 17.93 17.20 16.29 14.98 14.52 14.68 14.72 15.42 15.43 16.89 18.17 18.49 17.18 19.76 21.05 21.42 19.99 22.88 22.14 21.61 20.68 19.09 18.60 17.25 16.86 16.19 17.46 17.56 18.73 20.20 22.15 23.05 21.27 19.67 21.45 22.85 23.91 21.37 21.40 23.57 25.37 23.18 25.04 27.51 
14.71 15.04 12.01 12.97 14.05 13.73 11.67 13.78 17.07 14.72 14.74 18.36 20.49 17.90 19.99 22.10 20.47 18.59 15.86 12.61 10.72 6.85 5.70 0.33 6.37 7.54 10.39 12.22 11.75 11.21 9.74 10.09 9.95 10.82 13.47 15.88 16.98 19.25 20.53 22.39 22.79 20.84 20.17 21.55 21.04 17.86 17.64 19.69 18.93 15.33 15.29 16.97 17.96 16.32 16.54 18.72 17.38 14.94 11.17 9.81 8.80 8.78 10.11 12.25 13.75 17.55 19.23 22.16 24.46 27.01 27.27 26.45 26.88 24.00 21.83 20.60 18.06 16.65 14.78 13.82 12.98 12.40 12.38 12.86 14.89 16.44 15.99 17.97 15.89 15.73 14.46 13.84 12.69 12.69 12.86 13.70 14.65 15.02 16.29 18.08 18.45 17.30 19.98 21.70 21.82 20.71 23.01 22.80 22.31 21.32 19.67 19.57 18.55 17.71 16.54 17.41 17.95 18.75 19.38 21.35 22.55 20.55 18.55 19.71 22.17 23.09 20.73 20.73 22.79 25.47 22.63 25.19 27.66 
14.24 14.92 12.09 13.04 15.12 15.23 14.10 15.95 18.90 17.27 17.13 20.46 23.04 21.21 22.72 25.53 24.41 21.84 19.19 16.32 14.11 10.58 6.94 6.37 2.44 6.01 7.52 9.58 10.13 10.38 9.28 10.55 11.86 13.69 15.65 18.40 19.81 22.51 23.19 25.20 25.96 24.03 22.89 23.99 23.56 20.56 19.62 21.46 20.50 16.74 16.56 18.15 18.80 16.62 16.75 18.16 16.25 13.96 11.93 10.23 10.39 10.93 12.48 14.07 16.08 19.25 21.98 24.15 26.42 29.51 30.03 28.80 29.79 26.88 24.38 22.83 20.52 18.70 17.04 15.88 15.03 14.24 13.49 13.72 14.76 15.81 15.05 16.93 15.51 14.61 13.87 13.24 13.47 12.93 12.94 13.92 16.25 16.37 17.21 19.25 19.89 18.72 20.83 22.40 23.23 21.85 24.45 24.42 24.56 23.83 21.40 21.80 20.83 19.86 18.00 18.96 19.49 19.74 20.38 22.14 23.57 21.47 19.34 20.50 23.44 24.36 21.49 21.80 25.63 26.33 23.28 25.40 28.23 
14.23 14.72 12.22 12.81 15.12 15.36 14.41 15.91 19.88 18.00 18.43 21.92 24.81 23.10 25.11 26.77 26.17 24.92 21.58 18.12 16.19 13.02 9.99 7.54 6.01 0.00 5.46 6.92 8.17 9.16 9.18 10.06 11.94 14.61 17.04 19.60 21.45 23.59 24.41 26.24 26.91 24.67 23.63 24.71 24.45 21.00 20.24 21.31 20.40 17.08 16.67 17.88 18.38 17.03 16.41 17.70 14.72 13.29 10.41 10.24 9.89 11.43 13.99 15.43 16.88 20.50 23.13 25.64 27.68 30.43 30.74 29.99 30.71 27.96 24.96 23.80 21.56 20.12 17.79 16.54 15.12 14.34 14.07 14.06 14.97 16.23 15.59 17.18 15.01 15.27 14.22 13.47 13.41 13.69 12.98 13.55 15.90 16.22 17.41 18.54 19.17 18.28 20.80 22.17 22.59 21.96 24.59 24.38 24.37 24.17 21.87 22.53 21.40 20.27 18.29 19.18 18.96 19.19 20.35 22.50 23.66 21.17 19.28 20.71 23.43 24.23 21.79 21.82 24.21 26.57 23.42 25.84 28.27 
15.30 16.27 13.89 15.47 17.44 18.13 17.21 19.82 23.32 22.23 22.41 25.76 28.28 26.91 29.06 31.06 30.01 28.78 25.83 21.63 19.40 16.40 13.57 10.39 7.52 5.46 1.89 6.10 8.24 11.09 11.30 13.16 15.18 17.68 20.92 23.69 24.91 27.31 28.33 30.25 30.66 28.22 27.30 28.01 27.02 24.10 23.09 24.25 22.66 19.45 19.26 20.78 21.36 19.51 17.94 19.41 17.72 14.76 12.69 13.22 14.00 15.13 18.08 20.42 21.87 24.32 26.65 29.18 31.28 33.63 33.68 32.75 34.06 30.68 28.01 26.51 24.58 23.02 21.35 19.91 18.86 18.17 17.44 17.52 18.40 19.48 18.17 19.88 18.25 18.41 17.93 17.00 16.27 16.72 16.96 17.27 18.30 18.49 20.00 21.70 21.65 20.97 23.78 25.22 25.49 24.43 27.59 27.54 26.96 26.74 24.99 25.55 24.13 23.35 21.68 22.50 21.42 22.16 22.72 25.12 25.90 24.19 22.07 23.59 25.22 26.62 23.39 23.48 25.71 27.40 25.44 26.51 28.58 
14.93 15.98 13.72 14.04 16.59 17.76 17.05 19.68 23.13 21.63 22.16 25.41 27.98 26.49 28.87 30.98 30.57 28.62 25.81 22.97 20.05 17.04 14.50 12.22 9.58 6.92 6.10 0.00 5.53 8.24 9.90 13.00 15.55 18.30 20.98 24.03 25.23 27.33 28.11 30.19 29.83 27.69 26.83 27.57 26.68 23.43 22.84 24.71 23.27 19.93 19.77 21.75 22.49 19.88 18.39 19.78 17.35 15.59 13.12 13.91 14.81 16.28 18.38 20.68 22.03 24.72 27.09 29.58 31.45 33.83 33.86 32.91 33.27 30.55 27.75 26.61 24.48 23.02 20.68 19.61 18.64 17.64 17.07 17.11 18.75 19.40 18.11 19.99 18.47 18.35 17.91 16.72 15.95 16.70 16.80 17.17 18.72 18.49 20.24 21.66 21.89 20.99 23.87 25.46 25.81 24.27 27.28 27.35 26.69 26.33 24.92 25.68 24.18 23.11 21.48 21.94 21.88 22.39 23.17 24.83 26.17 23.80 21.72 23.49 25.55 26.65 23.58 23.51 25.16 27.59 24.80 26.38 28.42 
14.99 16.46 13.88 14.51 16.92 17.79 16.83 19.38 22.56 20.65 20.49 24.08 27.27 25.59 27.06 29.64 29.43 27.37 24.30 21.51 19.44 15.95 13.41 11.75 10.13 8.17 8.24 5.53 0.00 5.65 7.46 9.93 12.22 15.62 19.12 20.93 22.60 25.31 26.33 28.17 28.36 26.32 25.24 26.33 25.41 22.36 21.66 23.65 22.61 19.17 18.69 20.97 21.23 18.90 17.71 19.21 17.18 15.57 13.67 13.47 14.99 15.95 17.49 19.05 20.49 23.60 26.18 28.25 29.47 32.44 32.97 31.44 31.63 29.13 26.58 25.28 23.08 21.07 18.90 17.97 17.14 16.95 16.51 16.52 17.72 18.93 17.74 19.55 17.73 17.82 16.80 15.97 15.36 15.89 15.95 16.18 17.89 17.78 18.71 20.24 20.29 19.57 22.55 24.21 24.80 23.08 25.88 25.76 25.14 24.83 23.38 24.30 23.20 21.94 19.79 20.75 20.90 21.32 22.04 24.05 25.34 22.79 20.57 22.63 25.01 26.37 23.09 23.34 26.35 27.13 24.61 26.06 28.28 
15.03 16.29 13.09 12.87 15.90 17.04 15.27 17.63 20.97 18.94 18.41 22.16 25.23 23.44 24.69 27.14 27.20 25.52 22.46 19.25 17.12 14.51 12.89 11.21 10.38 9.16 11.09 8.24 5.65 0.00 5.82 7.38 10.46 13.36 16.21 19.28 20.59 23.44 24.55 26.37 26.44 23.98 23.11 24.07 23.64 20.26 20.01 21.48 21.10 17.63 17.91 19.38 19.92 17.95 17.36 19.02 16.76 15.82 13.36 13.56 13.83 15.20 16.65 18.06 20.21 23.18 25.45 27.62 29.10 31.68 32.05 30.65 30.99 28.34 25.58 24.35 21.93 20.26 18.29 16.99 16.31 16.32 16.81 17.26 18.82 20.30 19.52 20.83 19.27 18.88 18.00 16.77 16.11 16.44 16.34 16.02 17.50 16.63 18.04 19.05 18.88 18.03 20.84 22.20 22.72 21.60 24.06 23.96 23.57 23.71 21.94 22.81 21.62 20.23 18.48 19.76 19.97 20.39 21.64 23.72 24.73 22.39 20.69 22.65 25.12 25.88 23.05 22.96 25.50 27.58 24.48 25.99 28.14 
15.02 15.94 12.60 13.18 15.03 15.28 14.36 16.09 19.49 17.80 17.65 20.45 22.42 20.66 22.35 24.31 23.44 21.70 19.15 16.50 13.78 11.48 10.05 9.74 9.28 9.18 11.30 9.90 7.46 5.82 0.00 5.65 7.40 10.17 12.82 15.54 17.40 19.57 21.30 23.50 23.05 21.16 20.98 22.02 21.56 18.37 18.16 19.65 18.59 15.17 15.06 17.08 17.07 15.57 14.97 17.76 16.03 14.16 12.54 12.40 12.08 12.64 14.45 16.68 18.40 21.44 23.72 25.94 27.51 29.79 29.70 28.86 29.33 26.78 24.30 22.40 20.28 18.14 16.26 14.83 14.26 14.97 15.41 16.71 18.26 19.90 18.61 20.17 18.30 18.68 17.73 16.20 14.95 15.21 15.60 15.25 15.40 14.23 15.89 17.45 16.98 15.49 18.76 20.31 20.75 19.32 22.30 22.21 21.97 21.31 20.20 20.65 19.27 18.43 17.10 18.56 18.04 19.00 20.39 22.56 23.07 21.71 19.96 21.91 23.52 25.07 22.07 22.19 24.78 26.93 24.22 25.25 26.84 
15.65 16.60 13.18 13.35 14.84 14.79 13.91 15.78 18.77 16.39 16.58 19.72 21.10 19.31 21.28 23.27 22.05 20.22 17.11 15.66 12.82 10.14 9.28 10.09 10.55 10.06 13.16 13.00 9.93 7.38 5.65 0.00 5.74 7.44 11.35 13.46 14.65 17.68 19.48 21.87 21.63 20.13 19.78 21.00 20.64 17.55 17.39 19.03 18.41 14.94 15.20 17.52 18.34 16.51 16.04 19.42 17.93 16.51 14.00 13.63 13.17 13.27 14.69 16.41 18.19 21.11 23.27 25.99 27.45 29.75 29.82 28.78 29.04 26.29 23.90 22.12 20.07 17.99 15.86 15.13 14.92 15.54 16.27 17.91 20.02 21.40 20.45 21.83 20.24 19.94 19.14 17.80 16.74 16.74 16.92 16.44 16.94 15.82 16.96 18.15 18.06 16.48 19.12 20.83 21.21 19.73 22.34 22.31 21.89 20.96 20.18 20.81 19.90 18.65 17.49 18.67 18.99 20.10 21.71 23.57 24.18 22.34 20.85 22.42 24.52 25.17 22.33 22.48 24.80 26.92 23.70 25.72 27.49 
16.28 17.17 13.30 13.97 15.95 15.14 13.82 15.63 18.54 15.34 15.42 17.89 19.79 17.70 19.08 20.88 19.80 17.97 14.32 12.26 10.68 9.61 8.39 9.95 11.86 11.94 15.18 15.55 12.22 10.46 7.40 5.74 0.00 5.75 7.67 9.97 11.13 14.49 16.47 18.59 18.86 17.84 17.44 18.65 18.67 16.10 15.43 18.05 17.36 14.17 14.42 16.98 17.08 15.91 15.68 19.44 18.43 17.19 14.62 13.44 12.21 13.14 13.58 14.96 16.55 19.82 21.47 24.03 25.93 28.63 28.61 27.26 27.55 25.22 22.51 20.86 18.76 16.14 14.21 14.00 14.38 15.00 15.89 17.71 20.06 20.95 20.03 21.70 20.09 19.57 18.84 17.48 16.83 16.68 16.49 15.90 16.38 15.78 16.57 17.35 17.42 15.90 18.35 19.89 20.48 18.89 21.60 21.32 21.20 20.25 19.05 19.94 19.09 18.15 16.46 17.95 18.40 19.61 20.90 22.86 23.43 21.80 19.76 21.91 24.07 24.72 21.46 21.86 25.66 26.55 22.64 25.11 27.42 
18.41 19.09 15.85 15.96 17.82 17.12 15.45 16.91 19.55 16.31 15.44 17.77 19.25 17.33 18.28 19.53 18.18 16.68 12.71 10.60 9.25 9.00 9.48 10.82 13.69 14.61 17.68 18.30 15.62 13.36 10.17 7.44 5.75 0.61 6.10 7.73 9.77 12.35 14.40 17.09 17.78 16.65 16.32 17.88 17.93 15.70 15.14 17.44 17.13 14.62 15.05 17.17 17.45 16.74 17.13 20.41 18.98 18.20 15.69 14.47 12.88 13.93 15.12 15.74 17.40 20.46 22.04 24.68 26.97 29.40 29.16 27.82 28.34 25.55 22.56 20.87 19.27 17.68 15.96 15.66 15.95 17.10 18.37 20.33 22.43 23.22 22.56 24.19 22.76 22.16 21.44 20.08 19.64 19.35 18.79 18.14 18.24 17.35 18.32 18.98 18.46 16.93 19.51 21.29 21.38 20.01 22.51 22.41 22.09 21.58 20.34 21.59 20.72 19.95 18.60 20.14 20.67 21.73 22.87 24.59 25.03 23.20 21.83 23.41 25.51 25.82 23.20 23.43 25.77 27.65 24.43 26.56 28.21 
20.27 21.12 17.60 18.36 20.14 19.21 17.30 18.70 20.81 17.67 16.57 18.25 19.24 17.25 18.28 18.96 16.89 14.65 12.14 10.84 9.83 10.42 12.02 13.47 15.65 17.04 20.92 20.98 19.12 16.21 12.82 11.35 7.67 6.10 1.05 6.42 7.86 10.17 12.33 15.34 16.44 15.38 14.87 16.98 16.93 14.58 14.26 16.46 16.65 14.45 15.16 17.31 17.65 17.13 17.59 21.18 20.21 18.91 16.81 15.86 14.84 15.07 16.29 17.11 17.86 20.72 22.46 25.10 26.99 29.20 29.24 27.98 28.44 25.55 22.47 20.84 19.12 18.25 17.23 16.38 17.24 18.91 20.17 21.67 23.82 25.24 24.61 25.96 24.45 24.31 23.48 22.48 21.53 21.62 21.30 20.59 20.83 19.46 20.32 21.15 20.42 18.61 21.65 22.87 22.43 20.88 24.36 24.26 23.75 22.91 22.23 23.13 22.05 21.46 20.58 22.19 22.02 23.09 24.22 25.76 26.14 24.93 23.23 24.77 26.21 27.56 24.48 24.52 26.95 28.52 26.10 26.88 28.49 
20.85 21.42 17.68 18.09 20.21 19.20 16.71 18.40 20.15 16.39 15.43 17.21 17.91 15.74 16.39 16.89 14.75 12.78 10.88 10.10 10.07 10.88 13.57 15.88 18.40 19.60 23.69 24.03 20.93 19.28 15.54 13.46 9.97 7.73 6.42 0.00 5.06 7.49 9.31 12.17 13.60 13.24 13.74 15.56 15.36 13.36 13.19 16.06 14.78 13.54 14.87 17.30 17.93 17.51 17.92 21.38 20.69 20.04 17.12 16.48 15.74 16.10 16.44 17.02 17.77 19.85 21.68 23.85 25.38 28.43 28.38 27.05 27.47 24.57 21.97 20.37 19.69 18.49 17.35 17.29 18.03 19.53 20.22 21.45 24.02 25.37 24.96 25.80 24.48 24.26 24.08 22.78 22.07 22.20 22.24 21.55 21.69 20.86 21.73 21.96 21.15 19.67 22.12 22.99 22.63 21.35 24.30 24.40 24.01 23.35 22.42 23.40 22.32 21.95 20.94 22.31 22.10 23.21 24.42 26.22 26.64 25.10 23.60 25.11 27.00 27.58 24.45 24.20 25.85 28.22 25.32 26.53 28.32 
20.98 21.66 17.40 18.34 20.78 19.30 16.83 18.17 19.66 15.56 14.50 16.13 16.94 14.31 14.72 14.70 12.90 11.13 10.06 9.77 10.30 11.60 14.47 16.98 19.81 21.45 24.91 25.23 22.60 20.59 17.40 14.65 11.13 9.77 7.86 5.06 0.00 5.31 7.03 9.03 11.03 11.41 11.03 13.26 12.92 11.39 11.95 14.53 13.58 12.28 14.56 17.04 17.07 16.82 18.08 21.56 20.87 20.29 17.83 16.97 15.83 16.17 16.93 17.33 17.94 19.98 20.81 23.05 24.34 27.47 27.46 26.15 26.71 24.09 21.47 20.27 19.14 18.13 17.39 17.74 18.79 19.30 19.87 21.47 23.41 24.84 24.26 25.44 23.96 24.15 23.62 22.84 21.61 22.24 22.07 21.63 21.63 21.42 22.10 22.29 20.94 19.82 22.01 23.15 22.98 21.52 24.25 24.68 24.03 23.34 22.20 23.36 22.72 22.40 21.04 22.03 21.62 22.91 24.16 25.94 26.88 25.04 23.18 25.30 26.97 27.83 24.46 24.24 28.65 28.08 24.95 26.20 29.54 
22.89 23.16 19.67 20.09 22.82 21.57 18.58 19.83 21.20 17.22 15.52 17.06 17.67 14.88 14.70 14.64 12.82 12.05 10.83 11.78 12.89 14.86 17.09 19.25 22.51 23.59 27.31 27.33 25.31 23.44 19.57 17.68 14.49 12.35 10.17 7.49 5.31 0.00 5.44 8.11 10.24 11.22 11.75 13.41 14.02 12.72 13.15 15.86 15.40 14.47 16.85 18.51 18.73 18.60 20.20 23.59 23.12 22.29 19.94 19.53 18.47 18.92 19.16 19.59 20.32 21.57 22.11 24.76 26.51 29.19 28.10 27.54 28.13 25.16 22.31 21.01 20.63 19.73 19.54 19.59 20.54 21.07 21.90 23.28 25.75 26.61 26.27 27.62 26.53 26.36 25.89 25.02 24.26 24.62 24.19 23.68 23.77 23.44 24.19 24.66 23.46 21.66 24.12 25.43 24.95 23.65 26.29 26.76 25.80 25.66 24.28 25.80 24.89 24.49 23.40 24.22 23.90 25.03 26.30 28.11 28.10 26.55 25.25 26.68 28.80 29.11 26.18 25.78 28.96 29.20 26.00 27.43 30.23 
24.01 24.79 21.05 21.84 24.18 22.79 19.93 21.01 22.51 18.44 16.47 17.47 18.31 15.08 14.64 14.51 13.28 12.18 11.76 13.06 14.78 15.99 18.55 20.53 23.19 24.41 28.33 28.11 26.33 24.55 21.30 19.48 16.47 14.40 12.33 9.31 7.03 5.44 0.00 5.87 8.28 8.98 10.87 12.45 12.45 11.48 12.71 15.06 15.11 14.45 16.76 18.91 19.22 19.06 20.30 23.66 23.57 22.53 19.99 19.99 19.78 19.63 19.63 19.99 20.53 21.93 21.87 24.46 26.37 28.41 27.79 27.32 28.24 25.60 22.82 21.75 21.13 20.42 20.29 20.11 20.95 21.87 22.34 23.93 26.42 27.45 26.68 28.03 26.81 27.10 26.61 26.07 25.19 25.52 25.20 24.95 24.91 24.42 25.31 25.98 24.85 23.04 25.47 26.55 25.72 24.26 27.46 27.43 26.57 26.32 25.38 26.40 25.32 25.03 24.34 25.14 24.33 25.67 27.27 28.53 28.35 27.08 25.76 27.44 28.65 29.71 26.90 26.50 30.22 30.09 28.04 28.48 30.38 
25.02 25.79 22.51 22.88 25.33 24.31 21.39 22.80 23.92 20.27 18.26 19.49 19.49 16.89 16.56 16.42 14.73 14.52 13.93 15.65 16.86 18.01 20.99 22.39 25.20 26.24 30.25 30.19 28.17 26.37 23.50 21.87 18.59 17.09 15.34 12.17 9.03 8.11 5.87 0.00 6.51 8.53 9.10 10.99 11.92 11.37 13.01 15.87 15.67 15.11 17.17 19.23 20.13 19.87 20.76 23.93 24.11 23.32 21.08 20.56 20.86 20.81 20.73 20.80 21.58 23.16 23.78 25.74 27.20 29.74 28.82 28.10 28.89 26.98 24.27 23.00 22.53 21.95 21.52 21.44 22.23 22.82 23.33 24.70 27.14 28.47 27.31 28.55 27.25 27.79 27.62 26.94 26.06 26.57 26.58 26.05 25.70 25.77 26.66 27.51 26.32 24.67 26.95 27.78 27.03 26.00 28.72 29.06 28.00 28.11 26.95 28.13 26.63 26.41 25.91 26.84 26.08 27.22 28.47 29.73 29.64 28.28 27.22 28.50 30.39 30.58 27.59 27.41 31.12 31.41 28.06 29.19 31.44 
24.69 26.16 22.99 23.49 25.58 24.67 21.97 23.23 24.49 20.47 18.43 19.79 19.94 17.38 17.15 17.91 16.59 16.85 15.39 16.02 17.23 18.23 20.74 22.79 25.96 26.91 30.66 29.83 28.36 26.44 23.05 21.63 18.86 17.78 16.44 13.60 11.03 10.24 8.28 6.51 0.43 6.19 7.69 8.88 9.83 10.36 11.87 14.89 14.65 14.13 16.09 18.46 19.06 19.39 20.59 23.80 23.92 23.65 21.69 20.99 20.92 20.79 20.83 21.50 21.84 23.88 24.40 26.07 27.20 29.27 28.82 28.08 29.04 27.08 24.61 23.29 22.98 21.97 21.27 21.22 21.89 22.85 23.38 24.78 26.79 27.99 27.15 28.32 27.26 27.75 27.37 26.82 26.13 26.48 26.19 25.89 25.68 25.64 26.74 27.37 26.65 24.93 27.01 27.92 27.44 26.09 28.94 28.97 28.29 28.03 26.90 27.79 26.70 26.50 25.71 26.79 26.45 27.39 28.26 29.15 29.34 28.61 26.83 28.67 30.73 30.94 27.69 27.99 32.62 32.31 28.49 30.12 32.35 
23.66 24.25 21.11 21.81 23.98 22.72 19.59 21.03 22.80 18.40 16.61 18.14 18.70 15.98 16.14 17.23 16.13 15.49 13.76 14.51 15.75 16.78 19.44 20.84 24.03 24.67 28.22 27.69 26.32 23.98 21.16 20.13 17.84 16.65 15.38 13.24 11.41 11.22 8.98 8.53 6.19 0.00 5.41 7.47 7.99 7.96 9.69 12.93 12.77 11.74 14.24 16.11 16.71 16.43 18.33 21.83 21.99 21.42 19.64 18.88 18.28 18.04 18.87 19.37 19.97 21.24 21.91 24.11 25.63 27.73 26.81 26.16 27.02 24.19 21.62 20.26 20.16 19.37 18.55 18.57 19.52 20.34 20.95 22.65 24.71 25.89 24.93 26.64 25.69 25.67 25.25 24.58 24.24 24.34 24.04 23.67 23.70 23.39 24.44 25.41 24.88 23.02 25.16 26.55 26.22 24.78 27.34 27.49 26.59 26.62 25.09 26.06 24.85 24.56 23.79 24.78 24.50 25.48 26.02 27.58 27.73 26.60 25.33 26.67 28.46 28.71 25.94 25.81 30.30 30.31 26.78 28.18 30.90 
23.43 23.69 20.19 21.17 23.72 22.07 19.04 20.30 22.26 17.92 16.01 17.55 18.40 15.36 15.99 17.59 16.04 14.75 13.18 13.90 14.72 16.11 18.52 20.17 22.89 23.63 27.30 26.83 25.24 23.11 20.98 19.78 17.44 16.32 14.87 13.74 11.03 11.75 10.87 9.10 7.69 5.41 0.00 5.41 7.64 6.56 8.74 11.00 11.33 10.04 12.88 14.90 15.27 14.93 16.92 20.44 20.40 19.66 18.21 17.53 17.07 16.89 17.41 18.19 18.69 20.17 20.19 22.81 24.55 26.26 25.62 24.93 25.72 22.92 20.50 18.92 19.01 17.57 17.24 17.18 18.51 18.83 19.36 21.27 23.67 24.37 23.37 24.74 24.40 24.54 23.85 23.16 22.79 23.03 22.61 22.51 22.62 22.29 23.23 24.54 24.00 22.06 24.22 25.59 25.29 23.61 26.52 26.35 25.38 24.96 24.12 24.77 23.55 23.23 22.64 23.75 23.20 24.03 25.29 26.51 26.51 25.57 24.09 25.76 26.97 27.85 25.39 25.24 29.07 29.22 26.75 27.53 29.69 
24.17 24.76 21.44 22.00 25.04 23.71 20.81 21.71 23.74 19.85 18.49 19.44 20.64 18.06 19.17 20.39 19.02 17.88 16.48 16.55 17.18 17.57 20.06 21.55 23.99 24.71 28.01 27.57 26.33 24.07 22.02 21.00 18.65 17.88 16.98 15.56 13.26 13.41 12.45 10.99 8.88 7.47 5.41 0.00 6.03 7.67 7.20 9.50 10.64 10.67 12.45 14.36 15.52 15.84 17.51 20.88 20.53 20.81 19.44 19.15 18.97 18.78 19.14 19.73 20.38 21.92 22.75 24.82 26.49 28.53 27.59 26.70 27.08 24.51 21.70 20.11 20.06 19.11 18.03 18.23 19.44 20.30 20.70 22.42 24.82 25.86 24.71 25.98 25.51 25.67 25.43 24.58 24.23 24.40 24.26 24.03 24.02 23.92 25.09 26.52 26.06 24.22 26.42 27.90 27.29 26.04 28.48 28.42 27.15 26.81 25.95 26.72 25.22 24.94 24.51 25.63 25.50 25.97 26.90 28.50 28.54 27.39 26.21 27.49 29.18 29.61 26.71 26.62 30.19 30.58 27.62 28.57 30.80 
23.53 24.64 21.33 22.01 25.11 23.84 21.38 22.52 24.26 20.54 19.54 21.44 22.42 19.98 21.07 22.39 20.89 19.86 17.74 17.80 17.88 18.32 19.63 21.04 23.56 24.45 27.02 26.68 25.41 23.64 21.56 20.64 18.67 17.93 16.93 15.36 12.92 14.02 12.45 11.92 9.83 7.99 7.64 6.03 0.00 6.27 7.94 7.81 8.41 9.87 12.00 13.34 14.47 15.48 17.29 20.50 20.54 21.03 20.02 19.74 19.08 18.93 19.19 19.98 20.51 22.48 23.21 25.28 26.56 28.49 28.10 27.13 27.88 25.32 22.61 20.96 20.56 18.95 18.19 18.06 19.37 20.10 20.65 22.14 24.19 25.32 24.51 25.92 25.37 25.61 25.45 24.84 24.12 24.20 24.09 23.91 24.09 23.98 25.41 26.71 26.14 24.54 27.08 28.07 27.75 26.27 29.04 28.72 27.45 27.04 26.01 26.55 25.39 25.38 24.41 25.66 25.52 26.43 26.99 28.14 28.59 27.79 26.22 28.02 29.89 30.25 27.13 27.16 31.49 31.10 27.62 28.95 32.28 
21.60 21.75 18.42 19.48 22.22 20.94 17.85 19.55 21.82 17.98 17.15 19.76 20.98 18.43 19.39 21.01 19.48 18.02 15.65 15.06 15.10 15.51 16.75 17.86 20.56 21.00 24.10 23.43 22.36 20.26 18.37 17.55 16.10 15.70 14.58 13.36 11.39 12.72 11.48 11.37 10.36 7.96 6.56 7.67 6.27 0.00 5.19 7.49 6.59 6.78 8.94 11.52 11.62 11.90 13.67 17.07 17.71 17.52 16.58 16.47 15.61 15.23 15.94 17.07 17.39 19.35 20.68 23.03 24.39 27.10 26.43 25.73 25.77 22.88 20.28 18.31 17.73 16.15 15.04 15.30 16.19 16.80 17.23 19.06 21.01 22.42 21.32 22.77 21.86 22.07 21.73 20.90 20.40 20.86 20.65 20.54 20.78 20.83 22.19 23.59 23.48 21.67 24.10 25.48 25.14 23.68 26.21 25.90 24.92 24.24 22.98 23.55 22.37 22.11 21.60 22.41 22.56 23.39 24.31 25.63 25.74 24.69 23.50 24.98 26.64 27.09 24.38 24.27 28.51 28.35 25.45 26.88 30.04 
21.89 22.04 18.83 19.79 22.41 21.24 18.72 20.09 21.96 18.80 17.98 20.39 21.55 19.13 19.78 21.43 20.07 18.61 16.19 15.46 15.12 15.36 16.62 17.64 19.62 20.24 23.09 22.84 21.66 20.01 18.16 17.39 15.43 15.14 14.26 13.19 11.95 13.15 12.71 13.01 11.87 9.69 8.74 7.20 7.94 5.19 0.00 5.67 7.21 5.63 7.86 10.36 11.06 10.58 12.85 16.37 16.45 16.32 15.57 15.52 14.78 14.28 14.84 16.50 16.79 19.13 20.37 22.64 24.16 26.43 26.73 25.22 25.38 22.43 19.90 17.71 17.10 14.96 14.33 13.98 15.14 15.32 15.94 17.68 19.71 21.05 19.94 21.25 20.35 21.20 20.44 19.40 18.85 19.73 19.59 19.48 19.85 20.16 21.21 22.97 22.64 21.16 23.27 24.75 24.53 22.89 25.48 25.28 24.22 23.38 22.25 22.73 21.49 21.12 20.81 21.86 21.70 22.83 23.97 24.95 25.06 24.22 22.59 24.21 25.24 26.26 24.05 23.96 27.89 27.78 25.75 26.60 29.24 
23.32 23.97 20.65 21.31 24.62 23.87 21.34 22.62 24.47 22.13 21.29 22.97 24.48 22.74 23.38 24.55 23.09 22.03 19.70 18.99 18.14 17.65 18.51 19.69 21.46 21.31 24.25 24.71 23.65 21.48 19.65 19.03 18.05 17.44 16.46 16.06 14.53 15.86 15.06 15.87 14.89 12.93 11.00 9.50 7.81 7.49 5.67 0.00 6.19 7.32 7.25 8.60 10.81 11.98 13.29 16.81 17.81 18.06 17.93 18.13 17.47 17.28 18.14 19.53 20.27 22.27 23.55 26.02 27.68 29.65 28.98 28.30 28.45 24.99 22.12 19.96 19.60 17.63 16.01 15.17 16.65 17.39 17.74 19.23 21.21 22.97 21.92 23.27 22.38 22.68 22.59 21.64 21.14 21.74 21.82 21.84 22.26 22.58 23.77 25.36 25.21 23.68 25.84 27.15 26.95 25.37 27.96 27.60 26.31 25.33 24.44 25.12 23.88 23.40 23.40 24.41 24.95 25.54 26.63 27.78 28.27 27.00 25.73 26.44 28.14 28.65 26.11 26.16 29.31 29.97 27.16 28.72 30.99 
22.97 23.66 20.23 21.28 24.54 23.64 21.25 22.96 24.94 22.57 21.95 24.27 25.44 23.70 24.64 25.94 24.21 22.96 21.04 19.95 18.68 17.71 18.37 18.93 20.50 20.40 22.66 23.27 22.61 21.10 18.59 18.41 17.36 17.13 16.65 14.78 13.58 15.40 15.11 15.67 14.65 12.77 11.33 10.64 8.41 6.59 7.21 6.19 0.00 5.90 7.36 7.45 8.73 10.84 12.29 15.65 16.28 17.44 17.14 17.07 16.51 17.35 17.88 19.03 19.76 22.32 23.09 25.87 27.38 29.16 28.85 28.37 28.76 25.63 22.63 20.83 19.97 17.43 16.05 15.00 15.97 16.44 16.93 17.62 19.74 21.15 20.62 22.24 20.95 21.31 21.62 20.89 20.11 20.45 20.97 21.07 21.66 21.90 23.38 24.59 24.36 23.01 25.72 26.71 26.16 24.73 27.51 26.99 25.82 24.81 23.65 24.52 23.67 23.31 22.86 24.40 24.75 25.48 26.40 27.65 27.99 27.25 25.45 26.79 28.64 29.06 26.18 26.31 30.90 30.75 27.17 29.09 31.77 
20.76 20.94 17.77 18.83 21.69 20.79 18.45 20.68 22.82 20.36 19.84 22.59 23.90 21.82 22.65 24.50 22.70 21.16 18.78 17.51 15.92 15.26 15.28 15.33 16.74 17.08 19.45 19.93 19.17 17.63 15.17 14.94 14.17 14.62 14.45 13.54 12.28 14.47 14.45 15.11 14.13 11.74 10.04 10.67 9.87 6.78 5.63 7.32 5.90 0.00 4.91 7.60 7.06 7.48 8.59 12.67 13.64 13.77 13.57 13.54 13.63 13.86 14.78 16.10 17.11 19.78 21.12 23.76 25.51 28.08 27.71 26.92 26.78 23.44 20.82 18.87 17.55 15.35 13.67 12.95 13.11 12.90 12.97 14.58 16.38 18.24 17.49 19.14 17.36 17.96 17.54 16.90 16.18 17.03 17.59 17.89 18.64 18.99 20.50 21.87 21.63 20.15 22.90 24.27 23.80 22.25 24.89 24.40 23.37 22.63 20.96 21.69 20.84 20.66 20.11 21.22 21.76 22.76 23.38 24.62 25.23 24.22 22.98 23.96 25.58 25.75 23.37 23.22 27.03 27.88 24.97 26.61 29.74 
