1.04 5.15 7.49 9.72 11.90 14.70 19.22 21.44 24.58 26.99 29.93 31.09 29.82 27.81 24.45 21.61 18.30 17.11 15.77 14.82 13.38 14.60 13.10 12.96 15.29 16.27 14.20 15.49 17.64 17.99 16.89 18.66 20.27 21.09 22.08 24.26 25.77 26.00 26.19 25.99 25.04 25.33 26.27 25.94 25.43 26.29 27.34 26.16 26.56 28.38 28.83 27.62 27.36 27.73 25.57 23.42 21.69 20.74 19.75 18.73 17.86 18.29 17.43 18.03 19.96 20.31 21.41 20.90 20.13 18.03 17.03 17.58 17.51 16.36 16.38 17.90 17.43 16.74 18.15 20.77 20.84 20.33 21.56 21.91 22.18 22.72 23.18 22.05 21.67 22.55 23.86 23.64 24.65 23.19 25.24 24.19 32.51 
5.15 0.00 4.14 6.81 10.56 12.95 18.24 20.62 22.99 26.13 29.93 30.02 28.09 25.93 23.23 19.59 15.25 14.29 12.74 10.86 9.87 11.69 10.99 11.76 14.03 14.53 11.67 13.51 16.38 16.08 14.05 16.65 18.67 19.03 19.81 21.92 23.52 23.63 24.11 23.97 22.67 23.01 24.09 24.03 23.24 24.62 26.09 24.67 24.80 27.35 28.32 26.58 25.99 26.38 23.98 21.52 19.31 19.19 17.49 15.94 14.92 14.94 14.98 15.38 18.17 18.03 19.98 19.13 18.81 16.24 15.41 15.97 16.30 14.53 14.09 15.91 16.07 14.83 16.28 19.11 19.55 18.15 20.02 20.43 20.99 20.94 21.81 20.47 20.68 20.24 22.37 22.23 21.51 22.44 23.01 24.51 32.77 
7.49 4.14 0.00 5.70 7.06 10.65 15.42 17.62 18.86 22.17 25.80 26.31 24.15 22.78 19.91 16.41 13.32 12.10 9.85 8.31 6.42 8.84 8.86 8.24 11.88 12.11 9.77 11.00 13.77 13.65 12.34 13.86 15.23 15.65 16.34 18.38 19.07 18.97 19.74 19.24 17.72 17.98 19.86 19.67 18.47 20.09 22.70 20.99 20.27 23.41 24.95 22.93 21.66 21.96 20.30 17.52 15.41 14.09 13.54 12.08 11.38 11.90 12.36 12.75 15.52 15.79 17.60 16.78 16.31 13.21 12.31 13.12 13.75 11.35 11.03 12.80 12.99 12.02 13.06 15.45 15.84 14.49 16.48 16.08 16.87 17.32 18.54 16.70 17.17 17.81 19.48 19.09 19.06 19.46 22.54 21.47 29.59 
9.72 6.81 5.70 0.00 5.68 7.53 13.10 14.23 16.72 19.20 22.84 24.14 21.94 21.18 17.51 14.87 12.48 10.42 7.91 5.17 4.52 8.27 7.46 6.88 10.55 12.05 10.24 10.24 13.16 13.40 12.20 13.17 14.68 14.89 15.13 17.14 17.80 17.35 17.92 17.33 15.60 15.65 17.56 17.20 15.42 17.20 19.94 18.90 18.55 21.78 22.99 21.50 20.32 20.82 19.05 16.98 14.51 13.00 11.85 10.91 10.17 11.11 12.76 12.68 16.06 16.52 17.78 17.02 16.26 13.81 12.60 13.25 13.64 10.72 11.01 12.49 12.49 10.58 12.51 14.66 15.26 13.80 15.39 14.70 15.81 16.20 16.68 15.69 16.94 16.31 17.40 16.29 17.70 18.57 20.95 21.16 33.30 
11.90 10.56 7.06 5.68 0.00 5.49 7.74 11.41 14.06 17.07 20.22 21.95 21.47 19.20 16.12 13.13 10.49 8.62 7.49 7.25 7.58 10.68 11.14 11.17 13.37 13.67 10.72 11.24 14.30 14.09 12.01 13.41 15.26 15.18 15.21 17.84 19.09 18.83 18.12 18.15 16.99 17.15 18.26 18.14 16.27 18.06 19.52 17.67 18.39 21.11 21.62 20.18 20.64 21.13 18.57 15.69 14.61 12.68 11.77 10.25 10.29 11.68 12.97 13.49 17.43 18.14 19.40 18.66 18.37 15.07 14.14 14.93 15.63 12.56 12.47 14.56 13.43 11.06 13.21 16.01 16.25 14.45 15.78 15.15 15.97 16.20 15.61 13.66 14.07 15.44 17.46 17.66 18.32 18.19 20.11 21.09 25.94 
14.70 12.95 10.65 7.53 5.49 0.00 6.62 7.43 10.96 13.95 18.17 19.26 17.05 15.16 13.15 9.18 6.77 4.49 4.84 5.54 7.63 10.92 11.47 12.25 14.10 13.15 9.87 11.53 14.76 13.80 11.06 12.41 14.71 14.37 14.15 16.35 18.11 17.83 17.47 17.19 15.59 15.74 16.70 17.19 15.10 16.97 17.89 16.48 16.52 19.74 20.19 19.11 19.46 19.51 16.57 14.26 12.57 11.89 9.70 9.68 10.09 12.24 13.65 15.15 18.42 18.93 19.89 19.47 18.80 15.70 14.05 15.23 16.22 13.85 12.68 14.72 13.90 11.82 12.64 15.53 15.75 14.01 15.26 15.05 15.64 15.49 14.46 13.69 13.54 13.86 16.17 16.92 16.81 18.67 19.35 21.79 28.68 
19.22 18.24 15.42 13.10 7.74 6.62 1.15 7.03 7.37 11.19 14.95 16.46 15.33 15.01 12.09 8.45 7.84 8.52 8.72 9.41 10.31 14.31 14.29 13.76 15.44 15.40 12.24 13.41 16.01 16.14 13.44 14.71 15.88 15.43 14.94 17.28 18.29 17.72 17.54 17.10 15.55 14.91 16.39 16.23 14.06 15.51 17.10 15.15 15.52 18.61 19.54 18.00 18.49 17.91 15.16 12.36 11.62 9.03 8.57 9.32 10.61 13.02 15.20 16.49 20.36 20.94 21.90 20.92 20.32 17.12 15.78 16.71 17.56 14.83 13.85 15.45 14.60 12.59 13.13 15.60 15.40 13.78 15.36 14.89 15.71 15.32 14.98 13.04 13.52 14.41 15.73 17.37 18.02 17.55 19.04 20.40 27.66 
21.44 20.62 17.62 14.23 11.41 7.43 7.03 0.88 6.11 7.72 11.90 13.70 12.68 12.14 9.45 7.76 8.55 9.04 11.03 11.80 13.10 17.23 16.32 15.15 16.79 17.04 14.36 14.22 17.12 16.83 14.24 15.03 16.99 16.19 14.75 17.42 18.78 17.70 17.15 16.60 14.78 13.42 14.65 14.18 11.99 13.26 14.97 12.59 13.58 16.73 17.88 16.45 16.78 16.71 13.55 11.07 9.73 8.66 8.76 9.46 10.91 14.90 17.32 18.47 21.53 22.60 23.19 22.41 21.59 18.68 17.00 18.28 18.52 15.61 14.82 16.50 15.22 13.27 14.19 16.27 15.98 14.04 15.45 14.78 15.17 15.26 14.56 13.52 14.46 14.36 15.50 16.58 16.66 18.50 18.42 21.29 28.39 
24.58 22.99 18.86 16.72 14.06 10.96 7.37 6.11 2.03 5.47 7.42 10.50 10.01 9.71 8.68 8.47 9.32 10.79 12.98 15.45 16.62 20.90 20.20 19.58 21.75 21.02 18.62 18.53 20.73 20.06 17.18 18.51 20.17 18.95 17.05 20.05 21.86 20.21 18.49 18.25 17.31 15.94 16.12 15.29 13.74 13.91 14.52 11.54 13.39 15.46 15.69 13.70 14.67 14.33 11.52 8.54 9.57 9.60 10.66 11.41 12.93 16.79 19.52 19.74 23.03 24.48 25.58 24.83 24.06 21.50 19.92 20.77 20.87 18.51 17.68 18.98 17.45 15.30 16.20 18.63 17.92 16.00 17.29 16.80 17.98 17.16 15.86 14.47 15.77 15.71 16.88 18.43 19.14 19.42 20.52 22.20 24.04 
26.99 26.13 22.17 19.20 17.07 13.95 11.19 7.72 5.47 0.63 5.41 6.80 6.52 7.67 7.64 7.43 8.72 11.47 13.29 15.23 17.70 22.10 21.32 20.98 22.37 21.97 19.05 19.41 21.24 20.34 18.13 18.78 19.97 19.10 18.04 20.23 21.56 19.76 18.45 18.14 16.77 15.50 15.49 15.46 13.60 14.30 13.98 11.38 12.38 14.95 14.41 12.86 12.63 13.37 9.63 8.21 9.61 10.71 10.95 13.07 15.28 18.80 20.37 21.24 23.88 24.91 25.95 25.41 24.65 22.09 20.03 21.04 21.19 18.75 17.34 19.01 17.59 15.57 15.90 18.19 17.26 14.99 15.77 16.01 17.24 16.04 14.61 13.45 14.44 13.91 16.21 17.00 18.32 19.62 20.24 21.48 24.95 
29.93 29.93 25.80 22.84 20.22 18.17 14.95 11.90 7.42 5.41 1.12 5.46 6.59 8.76 9.73 9.46 11.39 14.80 17.67 19.70 20.85 24.91 24.29 23.34 24.92 24.52 21.54 21.09 23.11 22.39 20.38 20.64 21.93 21.16 20.89 22.52 23.49 21.80 20.98 20.31 18.29 16.91 18.01 17.61 15.08 15.63 16.19 13.28 13.54 15.93 15.10 12.76 13.00 13.12 10.69 9.31 11.19 12.11 14.17 16.29 18.12 21.25 23.08 23.58 26.67 27.47 28.33 27.72 27.47 24.05 22.32 22.95 23.43 20.67 19.64 21.41 20.01 17.62 18.10 20.05 19.08 16.35 17.25 17.23 18.35 17.50 15.99 14.69 15.79 16.37 17.26 18.21 19.68 20.11 21.18 22.46 25.66 
31.09 30.02 26.31 24.14 21.95 19.26 16.46 13.70 10.50 6.80 5.46 0.00 4.84 7.63 9.66 11.21 14.03 16.51 19.01 23.02 23.89 27.23 26.41 26.15 27.38 26.85 23.76 23.54 25.50 24.92 21.94 22.82 24.63 23.95 22.58 24.91 26.03 24.57 23.09 22.92 21.04 19.76 19.56 18.99 16.71 17.71 17.72 15.22 15.55 18.03 16.30 13.94 14.43 14.75 11.44 11.27 13.55 14.96 16.29 18.87 20.26 23.58 25.44 25.80 28.90 29.42 30.06 29.81 29.05 26.02 24.15 24.73 24.83 22.21 21.10 23.06 21.35 19.40 19.17 21.15 19.95 17.26 17.91 18.25 19.39 18.55 17.12 16.51 17.86 17.75 18.55 20.06 21.20 22.22 22.47 23.68 25.58 
29.82 28.09 24.15 21.94 21.47 17.05 15.33 12.68 10.01 6.52 6.59 4.84 0.44 4.85 6.44 9.52 12.33 15.46 18.23 21.70 23.90 27.76 26.79 27.23 28.79 27.92 24.95 24.58 26.61 25.37 22.60 24.08 25.62 24.42 23.00 25.83 27.59 26.06 23.76 23.69 22.81 21.68 20.75 19.79 18.25 19.23 18.68 15.14 16.60 18.49 16.70 13.56 14.34 14.78 12.58 11.65 14.45 14.70 17.49 18.36 20.14 23.13 25.79 25.82 28.91 29.27 30.97 30.18 29.53 26.69 25.23 25.31 25.36 22.43 20.92 23.03 21.06 18.38 18.22 20.39 19.50 16.37 17.34 18.37 20.10 18.93 17.80 16.71 17.94 18.45 19.94 21.08 21.59 21.60 23.20 24.61 24.80 
27.81 25.93 22.78 21.18 19.20 15.16 15.01 12.14 9.71 7.67 8.76 7.63 4.85 0.00 5.46 8.55 10.80 14.54 16.85 20.42 23.31 27.63 26.21 25.32 27.28 27.24 23.62 23.54 25.09 24.28 22.05 23.16 24.22 23.36 22.85 25.35 26.55 25.39 23.55 23.25 22.13 20.93 20.52 19.33 18.40 19.14 18.95 15.43 16.82 19.64 18.10 15.45 15.87 16.50 14.32 13.59 14.74 15.49 16.68 17.98 20.11 22.39 25.26 25.42 28.14 28.77 29.93 29.78 28.76 26.05 24.08 24.57 24.24 21.90 19.58 21.50 19.48 17.50 16.92 19.25 18.51 15.46 16.77 17.60 19.23 18.14 16.93 15.96 16.34 17.06 19.43 20.54 21.01 21.56 22.18 22.80 24.40 
24.45 23.23 19.91 17.51 16.12 13.15 12.09 9.45 8.68 7.64 9.73 9.66 6.44 5.46 0.00 5.84 8.26 11.09 13.93 17.22 20.06 23.81 22.70 22.27 24.20 24.05 20.69 20.63 22.77 21.64 19.49 20.32 21.92 21.43 21.43 23.44 24.83 23.67 22.32 21.77 19.99 18.80 19.37 18.07 16.34 17.62 17.96 14.78 15.49 18.48 17.94 15.67 16.15 16.89 14.48 12.66 14.21 14.22 15.05 16.16 18.96 20.88 22.61 23.12 26.43 26.38 26.92 27.00 26.58 23.22 21.38 22.07 22.00 19.20 16.91 18.57 16.88 14.71 15.02 16.55 16.18 13.89 15.50 15.54 16.83 16.05 15.68 13.54 13.99 15.20 17.62 17.72 18.60 19.47 20.40 22.20 23.50 
21.61 19.59 16.41 14.87 13.13 9.18 8.45 7.76 8.47 7.43 9.46 11.21 9.52 8.55 5.84 0.00 6.00 7.77 10.29 14.01 16.69 19.68 19.21 19.36 20.80 20.04 16.83 17.29 20.25 18.50 16.70 17.51 20.01 18.84 18.95 20.76 22.62 21.32 20.58 20.03 18.68 17.65 18.33 17.01 15.16 16.33 17.27 14.42 14.56 17.51 17.32 15.83 16.75 17.20 14.06 12.74 13.60 13.07 13.94 14.71 16.60 18.25 20.03 20.70 23.53 23.65 24.27 24.54 23.75 20.00 17.87 18.27 18.94 16.19 13.50 15.83 14.10 12.01 11.66 13.57 13.54 12.15 13.79 13.72 15.23 15.19 13.57 12.47 13.71 14.64 16.05 16.51 17.61 19.65 19.57 21.20 22.72 
18.30 15.25 13.32 12.48 10.49 6.77 7.84 8.55 9.32 8.72 11.39 14.03 12.33 10.80 8.26 6.00 0.00 4.61 5.30 9.79 11.60 15.07 14.80 15.49 17.30 16.31 13.38 14.21 17.22 15.70 13.47 15.24 17.43 16.88 16.49 18.85 20.96 20.12 19.01 18.81 17.75 17.09 17.08 16.27 14.26 14.96 15.66 13.18 13.79 16.75 16.83 15.84 16.91 17.24 15.06 13.24 13.32 12.81 13.57 13.82 14.74 15.89 17.87 17.94 20.57 20.80 22.11 21.47 20.60 17.01 15.31 15.39 16.35 13.48 11.05 13.56 13.24 10.95 11.61 13.78 14.16 12.04 14.06 13.93 15.86 14.83 13.72 11.73 13.69 14.15 15.80 15.52 17.16 18.46 20.04 21.95 22.84 
17.11 14.29 12.10 10.42 8.62 4.49 8.52 9.04 10.79 11.47 14.80 16.51 15.46 14.54 11.09 7.77 4.61 1.01 5.63 7.28 10.20 13.78 13.61 14.13 15.95 15.49 12.47 14.13 16.97 15.91 13.87 15.85 17.86 17.33 17.32 19.71 21.49 20.48 19.69 19.21 18.56 17.75 18.28 16.99 15.56 16.68 17.64 15.17 15.65 18.60 19.04 17.60 18.65 18.98 16.51 14.46 14.98 13.16 13.76 13.52 14.34 15.12 16.43 17.20 19.97 19.65 20.74 20.32 19.19 16.11 14.61 14.88 15.81 13.73 11.29 13.62 13.16 11.85 12.09 14.80 14.57 12.36 14.58 14.97 16.04 15.12 13.98 12.59 13.87 14.60 16.71 16.81 17.53 19.95 20.48 22.50 23.96 
15.77 12.74 9.85 7.91 7.49 4.84 8.72 11.03 12.98 13.29 17.67 19.01 18.23 16.85 13.93 10.29 5.30 5.63 1.39 5.62 6.61 10.46 10.43 10.99 13.15 12.73 10.05 11.71 15.26 13.59 11.82 13.94 16.70 16.73 16.89 19.19 20.96 20.19 19.41 18.97 18.22 17.73 18.24 17.04 15.31 16.81 18.17 15.84 16.38 19.36 19.33 18.20 19.38 19.64 17.13 15.04 15.16 14.02 13.50 12.92 13.52 13.83 14.36 14.85 18.12 17.67 18.12 17.84 17.50 14.01 12.06 13.00 14.30 11.92 9.61 13.28 12.95 11.34 11.80 14.91 15.20 13.23 15.16 15.62 16.55 15.52 14.91 13.32 14.22 14.60 17.01 16.84 17.28 18.66 20.77 21.95 23.45 
14.82 10.86 8.31 5.17 7.25 5.54 9.41 11.80 15.45 15.23 19.70 23.02 21.70 20.42 17.22 14.01 9.79 7.28 5.62 1.43 5.13 8.50 8.69 9.51 12.58 12.38 9.67 11.56 14.17 13.26 10.47 13.40 15.63 16.57 16.89 19.70 21.08 20.46 19.31 19.55 18.60 18.66 19.27 18.73 16.85 18.52 19.61 17.92 18.32 21.05 20.72 19.98 21.01 21.12 18.88 16.85 16.85 14.79 14.54 13.68 13.24 13.34 13.56 13.84 16.86 16.73 17.03 16.68 16.42 13.52 10.19 10.95 13.33 11.49 9.17 13.13 13.58 12.52 13.01 16.54 16.90 15.11 16.88 16.69 17.88 16.94 15.78 14.19 15.65 16.02 17.38 17.32 18.11 20.07 20.69 21.87 23.83 
13.38 9.87 6.42 4.52 7.58 7.63 10.31 13.10 16.62 17.70 20.85 23.89 23.90 23.31 20.06 16.69 11.60 10.20 6.61 5.13 0.55 5.62 6.31 7.34 10.20 10.88 8.40 10.07 12.45 11.91 10.06 12.51 15.08 15.81 16.27 19.90 21.64 20.29 19.12 20.18 19.76 19.17 19.62 19.71 18.02 19.11 20.41 19.07 19.73 22.04 22.46 21.40 22.71 22.63 20.52 18.27 18.26 15.95 16.14 14.38 14.14 14.04 14.15 13.26 15.64 15.49 17.16 16.32 15.87 13.12 11.00 11.19 13.30 11.93 10.70 14.40 15.27 14.31 15.02 18.02 18.43 16.74 17.79 17.29 18.25 18.08 16.84 14.63 16.16 17.22 18.96 18.67 19.25 20.21 22.17 23.89 24.46 
14.60 11.69 8.84 8.27 10.68 10.92 14.31 17.23 20.90 22.10 24.91 27.23 27.76 27.63 23.81 19.68 15.07 13.78 10.46 8.50 5.62 0.62 5.69 7.05 10.00 10.81 10.14 12.15 13.96 14.08 12.39 15.11 16.91 17.38 18.13 21.65 23.88 22.34 21.59 22.89 22.35 21.95 22.62 22.95 21.06 22.39 23.33 22.23 22.51 25.43 25.27 24.47 25.77 26.09 23.57 21.58 21.56 19.49 18.26 16.73 16.02 16.04 15.96 15.27 17.48 16.81 17.91 17.73 17.18 15.00 12.81 13.99 15.68 14.83 13.93 17.40 17.43 16.98 17.48 20.51 20.67 18.95 20.08 19.72 20.97 20.86 19.67 18.18 19.39 19.96 21.64 22.05 21.91 23.19 24.12 25.09 26.52 
13.10 10.99 8.86 7.46 11.14 11.47 14.29 16.32 20.20 21.32 24.29 26.41 26.79 26.21 22.70 19.21 14.80 13.61 10.43 8.69 6.31 5.69 0.00 5.29 7.97 8.52 8.43 9.68 11.97 11.78 10.74 13.16 14.20 15.13 16.30 19.98 21.81 21.37 21.19 21.48 21.30 20.48 22.15 21.91 20.37 21.55 23.11 21.72 22.27 24.29 24.72 23.57 24.94 25.01 22.47 20.49 20.92 18.32 17.23 15.47 14.87 14.75 14.31 13.78 14.95 14.89 15.27 15.19 15.66 12.73 11.70 13.71 15.58 13.92 13.04 16.39 16.45 15.40 16.23 19.25 19.71 17.81 19.14 18.93 20.03 20.02 19.67 17.93 19.50 19.67 21.89 22.05 21.56 21.79 24.66 25.26 25.63 
12.96 11.76 8.24 6.88 11.17 12.25 13.76 15.15 19.58 20.98 23.34 26.15 27.23 25.32 22.27 19.36 15.49 14.13 10.99 9.51 7.34 7.05 5.29 0.00 6.03 7.30 6.28 6.90 10.31 10.22 8.52 10.68 12.91 13.83 14.49 17.54 20.13 20.12 19.32 20.01 19.78 19.74 20.64 21.04 19.16 20.97 22.18 21.46 20.98 23.38 23.26 22.93 24.01 24.08 21.76 20.15 20.41 17.63 16.42 15.22 14.36 14.45 13.38 12.70 14.38 14.30 14.62 14.77 15.03 12.58 11.61 13.50 15.60 13.74 13.00 15.94 15.87 14.77 15.25 18.24 18.56 17.04 18.45 17.41 18.70 18.43 17.65 16.59 18.16 18.93 20.07 20.92 21.15 22.27 23.44 24.27 25.68 
15.29 14.03 11.88 10.55 13.37 14.10 15.44 16.79 21.75 22.37 24.92 27.38 28.79 27.28 24.20 20.80 17.30 15.95 13.15 12.58 10.20 10.00 7.97 6.03 1.23 6.92 7.42 7.30 8.95 10.47 9.62 11.07 13.51 15.12 15.32 19.04 21.73 21.39 20.80 21.19 22.12 21.43 22.22 22.07 20.57 22.21 24.08 22.96 22.74 25.15 25.72 25.49 26.57 26.79 24.43 22.62 22.64 19.86 19.16 17.96 17.31 17.53 17.16 16.49 17.81 18.25 19.21 19.47 18.53 16.51 15.39 16.88 17.63 16.47 15.35 17.83 18.59 17.62 18.15 20.65 21.03 19.78 21.03 20.21 21.50 21.55 21.47 19.52 20.64 21.57 23.14 23.91 24.04 23.32 25.71 26.96 26.82 
16.27 14.53 12.11 12.05 13.67 13.15 15.40 17.04 21.02 21.97 24.52 26.85 27.92 27.24 24.05 20.04 16.31 15.49 12.73 12.38 10.88 10.81 8.52 7.30 6.92 0.00 6.08 7.48 7.74 8.14 8.81 11.35 11.90 12.78 15.21 18.26 20.04 19.92 20.11 21.26 21.92 21.34 22.34 22.26 21.19 22.54 24.21 23.27 23.29 25.79 25.91 25.54 26.64 27.12 24.47 22.46 22.12 19.86 18.94 17.49 16.84 17.48 17.70 16.50 18.56 18.54 20.25 19.36 19.17 16.75 15.68 16.83 17.54 16.46 15.08 17.57 18.08 17.32 17.18 20.58 20.85 19.57 20.66 20.87 22.29 21.93 21.59 20.27 21.83 21.98 23.25 23.97 24.43 24.80 25.82 26.86 27.69 
14.20 11.67 9.77 10.24 10.72 9.87 12.24 14.36 18.62 19.05 21.54 23.76 24.95 23.62 20.69 16.83 13.38 12.47 10.05 9.67 8.40 10.14 8.43 6.28 7.42 6.08 0.00 5.28 6.89 5.87 5.46 8.02 9.26 9.70 11.30 14.67 16.27 17.06 17.85 18.04 18.94 18.53 19.97 20.18 19.21 20.27 21.83 20.90 20.74 23.10 22.92 22.29 23.41 23.40 21.23 18.88 18.74 16.65 16.08 14.65 13.89 15.14 15.20 14.69 15.90 16.57 17.16 17.21 17.01 14.63 12.98 14.49 15.63 13.48 12.26 14.87 15.90 13.79 13.95 17.64 18.91 16.81 18.42 18.75 20.47 20.38 19.58 18.53 19.80 20.17 21.11 22.07 22.98 22.62 24.88 25.66 26.20 
15.49 13.51 11.00 10.24 11.24 11.53 13.41 14.22 18.53 19.41 21.09 23.54 24.58 23.54 20.63 17.29 14.21 14.13 11.71 11.56 10.07 12.15 9.68 6.90 7.30 7.48 5.28 0.00 6.05 7.32 5.65 6.91 9.19 10.41 10.86 13.79 15.95 16.52 16.53 17.10 17.70 18.00 19.01 19.47 18.00 19.68 21.26 20.17 19.94 22.46 22.61 21.88 22.66 22.69 20.40 18.38 18.16 16.10 15.34 14.87 14.10 15.45 15.47 15.25 16.76 17.28 18.48 18.01 17.80 15.38 13.93 14.90 15.61 13.59 12.70 14.72 15.09 13.81 14.15 17.51 17.68 16.52 18.53 18.45 19.85 19.75 18.96 17.77 19.20 19.39 20.48 21.41 22.57 22.73 23.92 25.22 26.41 
17.64 16.38 13.77 13.16 14.30 14.76 16.01 17.12 20.73 21.24 23.11 25.50 26.61 25.09 22.77 20.25 17.22 16.97 15.26 14.17 12.45 13.96 11.97 10.31 8.95 7.74 6.89 6.05 0.70 6.32 7.01 6.73 8.00 10.11 11.44 14.11 16.35 17.33 17.30 18.24 19.14 19.55 20.75 20.21 18.88 20.58 22.78 21.37 20.94 23.78 24.48 23.50 24.41 24.52 22.33 20.09 20.35 17.79 16.83 16.01 16.25 17.23 17.86 17.51 19.40 20.06 21.73 21.14 20.55 17.74 17.22 17.68 18.63 16.32 15.95 17.40 18.28 16.51 17.77 19.90 20.27 18.80 21.15 21.13 22.27 22.34 21.83 20.53 21.28 21.75 23.02 24.13 25.15 24.33 26.00 27.77 27.47 
17.99 16.08 13.65 13.40 14.09 13.80 16.14 16.83 20.06 20.34 22.39 24.92 25.37 24.28 21.64 18.50 15.70 15.91 13.59 13.26 11.91 14.08 11.78 10.22 10.47 8.14 5.87 7.32 6.32 0.00 5.41 7.32 6.56 6.87 10.03 12.66 13.96 14.69 15.72 16.05 16.90 17.85 18.82 19.18 18.14 19.68 21.58 20.50 20.57 23.10 23.59 23.00 23.73 23.79 21.45 18.90 19.17 16.94 16.17 15.73 16.01 16.93 17.93 17.75 20.09 20.49 21.76 21.10 20.62 17.86 16.61 17.50 18.22 16.22 14.19 17.10 17.74 16.50 16.33 19.76 20.01 18.25 20.17 20.83 22.37 21.74 21.15 19.91 21.19 21.00 22.24 23.05 24.00 24.31 25.17 26.87 27.26 
16.89 14.05 12.34 12.20 12.01 11.06 13.44 14.24 17.18 18.13 20.38 21.94 22.60 22.05 19.49 16.70 13.47 13.87 11.82 10.47 10.06 12.39 10.74 8.52 9.62 8.81 5.46 5.65 7.01 5.41 0.00 5.21 6.90 5.79 7.55 9.97 12.19 12.29 13.43 13.48 14.54 15.09 16.67 16.65 16.07 17.21 19.23 17.98 17.86 20.44 20.84 19.96 20.88 20.75 18.61 16.38 16.66 14.47 14.17 13.57 14.54 15.39 16.39 16.08 18.74 18.54 19.67 19.07 19.46 16.04 14.91 15.85 17.23 13.82 12.00 15.10 16.70 14.00 13.98 18.07 19.03 16.91 18.45 19.36 20.79 20.62 19.92 18.81 20.04 20.07 20.69 21.88 23.04 22.72 24.60 25.50 26.26 
18.66 16.65 13.86 13.17 13.41 12.41 14.71 15.03 18.51 18.78 20.64 22.82 24.08 23.16 20.32 17.51 15.24 15.85 13.94 13.40 12.51 15.11 13.16 10.68 11.07 11.35 8.02 6.91 6.73 7.32 5.21 0.00 5.74 7.25 6.31 8.59 11.81 12.05 12.54 13.87 14.76 14.88 15.93 17.02 15.58 17.12 18.83 17.18 16.76 19.74 20.28 19.13 19.54 19.58 17.91 16.19 16.66 14.66 14.07 14.09 15.00 16.18 17.07 16.92 19.01 19.04 20.39 20.13 20.05 17.19 16.22 16.89 17.52 15.24 13.63 16.20 16.32 15.11 15.41 18.94 19.16 17.69 19.33 20.06 21.45 21.02 20.41 19.14 20.36 20.06 21.11 22.28 23.11 23.32 24.21 25.80 26.72 
20.27 18.67 15.23 14.68 15.26 14.71 15.88 16.99 20.17 19.97 21.93 24.63 25.62 24.22 21.92 20.01 17.43 17.86 16.70 15.63 15.08 16.91 14.20 12.91 13.51 11.90 9.26 9.19 8.00 6.56 6.90 5.74 0.33 6.36 7.59 8.49 9.87 11.59 12.26 13.92 14.26 14.97 16.36 16.93 15.85 17.57 19.22 17.43 17.40 20.27 20.79 19.41 19.97 20.34 18.64 16.77 17.23 15.42 15.26 14.54 15.27 17.12 18.66 18.21 20.11 20.54 22.93 22.32 21.87 18.97 18.40 19.01 19.52 17.20 16.15 17.92 18.30 16.99 17.76 20.73 20.72 19.67 21.14 22.14 23.04 22.95 21.92 21.15 21.51 21.67 22.47 24.05 24.52 23.61 25.26 27.14 27.27 
21.09 19.03 15.65 14.89 15.18 14.37 15.43 16.19 18.95 19.10 21.16 23.95 24.42 23.36 21.43 18.84 16.88 17.33 16.73 16.57 15.81 17.38 15.13 13.83 15.12 12.78 9.70 10.41 10.11 6.87 5.79 7.25 6.36 0.19 6.21 7.99 8.33 8.12 10.41 11.21 12.46 12.70 14.11 15.29 13.86 15.61 17.62 16.47 16.62 19.17 19.73 18.20 19.19 19.21 17.79 15.56 16.52 15.03 14.78 14.89 15.76 17.52 18.84 18.60 20.55 20.86 22.69 21.83 21.26 17.98 17.64 18.53 19.37 16.78 15.49 18.03 18.64 17.04 17.88 20.83 21.27 19.60 21.23 21.98 23.31 22.77 21.96 20.66 21.79 21.13 22.27 23.37 24.04 23.99 24.59 26.64 27.70 
22.08 19.81 16.34 15.13 15.21 14.15 14.94 14.75 17.05 18.04 20.89 22.58 23.00 22.85 21.43 18.95 16.49 17.32 16.89 16.89 16.27 18.13 16.30 14.49 15.32 15.21 11.30 10.86 11.44 10.03 7.55 6.31 7.59 6.21 0.98 5.85 7.79 7.31 8.65 9.23 10.50 11.08 12.39 13.77 11.68 12.74 15.28 14.21 13.76 17.03 17.72 16.43 17.05 18.08 16.49 14.25 15.54 14.42 14.27 13.84 15.38 17.14 18.33 17.96 20.58 20.69 22.24 21.59 21.39 18.43 17.72 19.07 19.93 17.38 16.13 18.78 19.02 17.47 18.16 21.31 21.23 19.76 21.51 21.93 23.16 23.02 21.75 20.91 21.64 21.41 21.83 23.11 24.75 23.65 25.28 26.56 27.73 
24.26 21.92 18.38 17.14 17.84 16.35 17.28 17.42 20.05 20.23 22.52 24.91 25.83 25.35 23.44 20.76 18.85 19.71 19.19 19.70 19.90 21.65 19.98 17.54 19.04 18.26 14.67 13.79 14.11 12.66 9.97 8.59 8.49 7.99 5.85 0.72 7.07 8.01 8.45 10.35 12.72 12.21 14.01 15.38 14.39 14.86 16.92 15.49 15.34 18.28 19.50 17.97 18.73 19.37 18.62 17.06 18.04 16.87 17.32 16.88 18.15 19.89 21.35 20.75 22.95 23.27 24.99 24.65 23.85 21.47 20.56 21.78 22.06 20.23 18.85 21.38 20.99 19.98 20.98 24.09 23.93 22.33 24.28 24.68 25.58 25.32 24.31 23.07 23.90 23.30 24.02 25.04 26.40 25.74 26.33 27.81 29.17 
25.77 23.52 19.07 17.80 19.09 18.11 18.29 18.78 21.86 21.56 23.49 26.03 27.59 26.55 24.83 22.62 20.96 21.49 20.96 21.08 21.64 23.88 21.81 20.13 21.73 20.04 16.27 15.95 16.35 13.96 12.19 11.81 9.87 8.33 7.79 7.07 0.60 6.70 8.61 10.29 10.89 12.03 13.91 15.46 14.24 15.63 16.95 15.77 16.18 19.12 19.82 19.23 19.80 20.52 19.67 18.18 19.39 17.82 18.44 17.68 18.89 21.03 22.60 21.96 24.02 24.44 26.28 25.91 25.09 22.97 22.13 23.15 23.62 21.37 20.54 22.72 22.45 21.27 22.57 25.77 25.34 23.95 25.86 26.21 26.67 26.89 25.87 24.56 24.73 24.87 25.55 26.57 28.35 26.54 27.83 29.50 29.89 
26.00 23.63 18.97 17.35 18.83 17.83 17.72 17.70 20.21 19.76 21.80 24.57 26.06 25.39 23.67 21.32 20.12 20.48 20.19 20.46 20.29 22.34 21.37 20.12 21.39 19.92 17.06 16.52 17.33 14.69 12.29 12.05 11.59 8.12 7.31 8.01 6.70 0.00 6.05 7.69 8.26 9.05 11.61 13.23 11.88 13.46 15.47 14.14 14.71 17.57 18.63 18.01 19.14 19.12 18.09 16.88 18.30 16.19 16.69 17.00 18.72 20.16 21.54 20.95 23.57 24.12 25.82 25.71 24.83 22.67 21.69 23.26 23.49 21.67 20.68 23.16 22.74 21.39 22.73 25.96 25.47 23.86 25.54 25.97 26.43 26.55 25.38 23.94 24.34 23.88 24.77 25.46 26.98 26.34 26.42 27.96 29.34 
26.19 24.11 19.74 17.92 18.12 17.47 17.54 17.15 18.49 18.45 20.98 23.09 23.76 23.55 22.32 20.58 19.01 19.69 19.41 19.31 19.12 21.59 21.19 19.32 20.80 20.11 17.85 16.53 17.30 15.72 13.43 12.54 12.26 10.41 8.65 8.45 8.61 6.05 1.46 5.92 7.30 7.51 9.40 11.99 10.32 11.70 13.75 13.44 13.79 16.91 17.76 17.63 18.82 19.43 17.78 16.04 18.00 15.92 16.41 16.73 18.23 19.74 20.92 20.50 23.14 23.63 25.23 25.00 24.80 22.48 21.60 22.93 23.95 21.75 20.82 23.21 22.98 21.50 22.43 25.61 25.05 23.31 24.75 25.19 25.92 26.00 24.45 23.35 23.49 23.50 23.57 24.63 26.69 25.25 26.69 27.93 29.15 
25.99 23.97 19.24 17.33 18.15 17.19 17.10 16.60 18.25 18.14 20.31 22.92 23.69 23.25 21.77 20.03 18.81 19.21 18.97 19.55 20.18 22.89 21.48 20.01 21.19 21.26 18.04 17.10 18.24 16.05 13.48 13.87 13.92 11.21 9.23 10.35 10.29 7.69 5.92 0.28 5.93 6.95 8.25 9.47 9.70 11.23 12.70 12.18 13.12 15.95 17.42 16.85 18.07 19.30 17.97 16.48 17.55 15.74 16.55 16.69 17.39 19.12 21.43 20.57 22.94 23.80 25.64 25.60 24.78 22.56 21.83 23.00 23.71 21.82 20.80 23.28 22.61 21.37 22.28 25.21 24.69 22.93 24.51 25.04 25.21 25.20 24.21 22.88 23.19 22.65 23.23 23.85 25.42 25.27 25.86 27.30 28.54 
25.04 22.67 17.72 15.60 16.99 15.59 15.55 14.78 17.31 16.77 18.29 21.04 22.81 22.13 19.99 18.68 17.75 18.56 18.22 18.60 19.76 22.35 21.30 19.78 22.12 21.92 18.94 17.70 19.14 16.90 14.54 14.76 14.26 12.46 10.50 12.72 10.89 8.26 7.30 5.93 0.35 5.51 7.71 8.47 7.92 10.06 12.33 10.87 12.03 15.08 16.10 15.70 16.91 18.41 17.80 15.57 16.93 14.56 15.64 15.71 16.60 18.52 20.87 20.52 22.69 23.22 25.00 24.72 24.03 22.09 21.29 22.32 22.80 20.94 20.30 22.38 21.52 20.23 21.50 24.34 23.29 21.82 23.63 23.65 23.41 23.86 23.07 21.58 21.46 22.13 22.85 23.31 24.49 23.90 25.21 26.88 27.48 
25.33 23.01 17.98 15.65 17.15 15.74 14.91 13.42 15.94 15.50 16.91 19.76 21.68 20.93 18.80 17.65 17.09 17.75 17.73 18.66 19.17 21.95 20.48 19.74 21.43 21.34 18.53 18.00 19.55 17.85 15.09 14.88 14.97 12.70 11.08 12.21 12.03 9.05 7.51 6.95 5.51 0.00 5.73 7.69 6.26 7.84 10.26 9.76 10.29 13.27 15.11 14.60 15.15 16.94 16.03 14.61 15.60 13.85 14.84 15.14 16.62 17.69 20.82 20.55 23.25 24.07 25.55 25.59 24.32 22.19 21.68 22.73 22.87 20.98 20.25 22.56 21.45 19.82 21.19 24.04 22.97 21.18 22.84 23.03 23.17 23.11 22.27 20.79 21.16 20.90 22.08 22.24 23.03 23.41 24.12 26.01 27.12 
26.27 24.09 19.86 17.56 18.26 16.70 16.39 14.65 16.12 15.49 18.01 19.56 20.75 20.52 19.37 18.33 17.08 18.28 18.24 19.27 19.62 22.62 22.15 20.64 22.22 22.34 19.97 19.01 20.75 18.82 16.67 15.93 16.36 14.11 12.39 14.01 13.91 11.61 9.40 8.25 7.71 5.73 0.72 6.78 7.36 6.94 8.66 9.79 11.14 12.74 14.14 14.85 15.70 16.57 16.21 14.92 16.29 14.05 15.26 15.84 16.93 18.61 21.47 21.53 24.30 25.02 26.71 26.22 25.80 23.53 22.33 23.82 24.49 22.26 21.15 23.20 22.49 21.02 21.76 24.53 23.71 21.70 23.01 23.40 23.58 23.42 21.97 20.94 21.29 21.62 21.72 22.09 23.81 23.56 24.80 26.21 27.63 
25.94 24.03 19.67 17.20 18.14 17.19 16.23 14.18 15.29 15.46 17.61 18.99 19.79 19.33 18.07 17.01 16.27 16.99 17.04 18.73 19.71 22.95 21.91 21.04 22.07 22.26 20.18 19.47 20.21 19.18 16.65 17.02 16.93 15.29 13.77 15.38 15.46 13.23 11.99 9.47 8.47 7.69 6.78 0.00 5.98 7.44 7.51 7.22 9.44 12.20 12.79 13.55 15.14 16.31 16.05 14.66 15.90 13.98 15.94 15.92 17.01 18.95 22.78 22.50 25.20 26.14 27.35 27.24 26.63 24.22 22.73 23.70 24.41 22.20 21.19 22.92 22.07 20.61 21.50 24.14 23.00 21.13 22.63 22.81 22.72 22.42 21.41 20.30 20.70 20.19 20.89 21.56 21.86 22.43 23.27 25.30 26.64 
25.43 23.24 18.47 15.42 16.27 15.10 14.06 11.99 13.74 13.60 15.08 16.71 18.25 18.40 16.34 15.16 14.26 15.56 15.31 16.85 18.02 21.06 20.37 19.16 20.57 21.19 19.21 18.00 18.88 18.14 16.07 15.58 15.85 13.86 11.68 14.39 14.24 11.88 10.32 9.70 7.92 6.26 7.36 5.98 0.00 5.55 7.52 6.07 6.56 9.37 11.15 11.06 11.80 14.00 13.62 11.29 12.66 11.76 13.53 14.40 15.36 17.95 21.53 21.51 24.55 25.00 26.49 25.49 25.09 23.14 21.43 21.84 22.31 20.38 19.69 21.38 20.10 18.62 19.99 22.39 21.18 19.48 21.24 20.86 20.22 20.66 20.00 18.11 18.11 18.65 19.69 20.15 20.48 20.87 22.40 24.21 25.39 
26.29 24.62 20.09 17.20 18.06 16.97 15.51 13.26 13.91 14.30 15.63 17.71 19.23 19.14 17.62 16.33 14.96 16.68 16.81 18.52 19.11 22.39 21.55 20.97 22.21 22.54 20.27 19.68 20.58 19.68 17.21 17.12 17.57 15.61 12.74 14.86 15.63 13.46 11.70 11.23 10.06 7.84 6.94 7.44 5.55 0.00 5.86 6.76 5.92 6.94 10.10 11.05 10.97 12.73 13.54 12.47 13.13 12.60 14.87 15.44 17.35 19.51 23.47 23.39 26.37 27.21 28.78 28.30 27.36 24.82 23.90 24.32 24.20 22.00 21.25 22.69 21.57 19.85 20.75 23.20 21.93 20.37 21.87 21.79 21.60 21.47 20.63 18.83 19.39 19.01 20.33 20.79 21.08 22.10 22.83 24.85 26.12 
27.34 26.09 22.70 19.94 19.52 17.89 17.10 14.97 14.52 13.98 16.19 17.72 18.68 18.95 17.96 17.27 15.66 17.64 18.17 19.61 20.41 23.33 23.11 22.18 24.08 24.21 21.83 21.26 22.78 21.58 19.23 18.83 19.22 17.62 15.28 16.92 16.95 15.47 13.75 12.70 12.33 10.26 8.66 7.51 7.52 5.86 1.49 5.86 7.39 6.91 7.77 10.38 11.40 12.55 12.19 11.95 13.73 13.19 15.75 17.09 18.72 21.44 25.20 25.73 28.67 28.82 30.41 30.49 29.92 27.34 25.65 26.69 26.50 24.01 22.59 24.39 23.05 21.61 21.94 24.25 23.29 21.64 22.62 22.94 22.97 22.77 21.09 19.86 20.32 20.86 20.93 21.65 23.14 23.05 24.20 25.43 27.17 
26.16 24.67 20.99 18.90 17.67 16.48 15.15 12.59 11.54 11.38 13.28 15.22 15.14 15.43 14.78 14.42 13.18 15.17 15.84 17.92 19.07 22.23 21.72 21.46 22.96 23.27 20.90 20.17 21.37 20.50 17.98 17.18 17.43 16.47 14.21 15.49 15.77 14.14 13.44 12.18 10.87 9.76 9.79 7.22 6.07 6.76 5.86 0.00 5.27 7.44 6.14 7.39 9.39 10.86 10.07 9.18 11.88 11.59 14.50 16.06 18.40 20.77 24.24 24.76 27.57 28.43 29.60 29.91 29.55 27.04 24.60 25.39 25.09 22.58 21.12 22.77 20.96 19.52 19.89 22.56 20.99 19.37 20.47 20.73 20.54 19.96 19.13 17.47 18.03 18.12 19.29 20.29 20.67 21.84 22.37 24.39 26.05 
26.56 24.80 20.27 18.55 18.39 16.52 15.52 13.58 13.39 12.38 13.54 15.55 16.60 16.82 15.49 14.56 13.79 15.65 16.38 18.32 19.73 22.51 22.27 20.98 22.74 23.29 20.74 19.94 20.94 20.57 17.86 16.76 17.40 16.62 13.76 15.34 16.18 14.71 13.79 13.12 12.03 10.29 11.14 9.44 6.56 5.92 7.39 5.27 0.00 5.81 7.42 6.87 7.91 10.01 9.25 8.80 11.84 12.10 14.50 17.00 19.77 22.51 25.50 25.99 28.90 29.00 30.23 30.04 29.67 27.39 24.58 25.11 24.71 22.17 20.36 22.14 20.50 18.59 19.02 21.45 20.24 18.43 19.86 19.56 19.20 19.05 18.44 16.86 17.25 18.07 19.31 20.57 21.20 21.27 23.17 24.63 26.01 
28.38 27.35 23.41 21.78 21.11 19.74 18.61 16.73 15.46 14.95 15.93 18.03 18.49 19.64 18.48 17.51 16.75 18.60 19.36 21.05 22.04 25.43 24.29 23.38 25.15 25.79 23.10 22.46 23.78 23.10 20.44 19.74 20.27 19.17 17.03 18.28 19.12 17.57 16.91 15.95 15.08 13.27 12.74 12.20 9.37 6.94 6.91 7.44 5.81 0.00 6.64 7.86 8.04 9.66 11.08 10.68 13.94 14.74 17.29 19.55 22.57 25.51 28.25 28.63 32.03 32.46 33.12 33.46 32.86 30.41 27.84 28.35 27.57 25.12 23.01 24.82 22.92 21.13 21.13 23.55 22.25 20.67 21.98 21.98 21.77 21.33 20.37 19.16 20.01 20.05 21.55 22.80 23.53 23.86 24.31 26.14 27.53 
28.83 28.32 24.95 22.99 21.62 20.19 19.54 17.88 15.69 14.41 15.10 16.30 16.70 18.10 17.94 17.32 16.83 19.04 19.33 20.72 22.46 25.27 24.72 23.26 25.72 25.91 22.92 22.61 24.48 23.59 20.84 20.28 20.79 19.73 17.72 19.50 19.82 18.63 17.76 17.42 16.10 15.11 14.14 12.79 11.15 10.10 7.77 6.14 7.42 6.64 0.05 6.08 7.44 8.89 9.35 10.37 13.73 15.19 18.12 20.19 23.00 26.74 29.47 30.33 33.68 33.46 34.52 34.42 33.88 31.24 28.85 29.46 28.25 25.49 23.77 25.62 23.62 21.63 21.66 24.19 23.08 21.23 22.18 22.36 22.33 21.98 20.67 19.45 19.99 20.74 21.62 22.78 24.87 23.74 25.26 26.28 27.90 
27.62 26.58 22.93 21.50 20.18 19.11 18.00 16.45 13.70 12.86 12.76 13.94 13.56 15.45 15.67 15.83 15.84 17.60 18.20 19.98 21.40 24.47 23.57 22.93 25.49 25.54 22.29 21.88 23.50 23.00 19.96 19.13 19.41 18.20 16.43 17.97 19.23 18.01 17.63 16.85 15.70 14.60 14.85 13.55 11.06 11.05 10.38 7.39 6.87 7.86 6.08 0.00 5.41 7.77 7.60 8.88 13.11 14.32 16.99 19.29 22.90 25.48 28.93 29.07 32.43 32.31 33.50 33.35 33.22 30.01 27.72 28.21 27.37 24.08 22.52 23.92 21.81 19.84 19.97 22.66 21.49 19.29 20.18 20.55 20.53 19.90 18.62 17.58 18.29 18.50 20.06 21.54 23.22 23.35 23.52 25.14 27.14 
27.36 25.99 21.66 20.32 20.64 19.46 18.49 16.78 14.67 12.63 13.00 14.43 14.34 15.87 16.15 16.75 16.91 18.65 19.38 21.01 22.71 25.77 24.94 24.01 26.57 26.64 23.41 22.66 24.41 23.73 20.88 19.54 19.97 19.19 17.05 18.73 19.80 19.14 18.82 18.07 16.91 15.15 15.70 15.14 11.80 10.97 11.40 9.39 7.91 8.04 7.44 5.41 0.00 6.39 6.95 8.29 11.70 14.47 17.75 19.70 23.17 26.62 29.25 30.44 33.46 33.44 34.96 34.19 33.58 30.77 28.02 28.39 27.50 24.31 22.40 23.94 21.54 19.77 19.68 22.22 20.80 18.73 19.91 20.08 19.89 19.64 19.22 17.94 18.87 19.49 21.21 22.61 24.96 23.75 25.44 26.81 28.21 
27.73 26.38 21.96 20.82 21.13 19.51 17.91 16.71 14.33 13.37 13.12 14.75 14.78 16.50 16.89 17.20 17.24 18.98 19.64 21.12 22.63 26.09 25.01 24.08 26.79 27.12 23.40 22.69 24.52 23.79 20.75 19.58 20.34 19.21 18.08 19.37 20.52 19.12 19.43 19.30 18.41 16.94 16.57 16.31 14.00 12.73 12.55 10.86 10.01 9.66 8.89 7.77 6.39 0.00 6.64 7.50 11.30 12.95 17.13 19.57 23.32 26.51 29.42 30.02 34.47 33.60 34.58 33.81 33.75 30.22 27.90 27.60 26.88 23.61 22.29 23.64 21.15 19.34 19.70 21.91 20.38 18.56 19.64 19.48 19.82 19.71 18.71 17.65 19.25 19.48 21.21 22.26 24.74 24.78 24.99 26.14 27.70 
25.57 23.98 20.30 19.05 18.57 16.57 15.16 13.55 11.52 9.63 10.69 11.44 12.58 14.32 14.48 14.06 15.06 16.51 17.13 18.88 20.52 23.57 22.47 21.76 24.43 24.47 21.23 20.40 22.33 21.45 18.61 17.91 18.64 17.79 16.49 18.62 19.67 18.09 17.78 17.97 17.80 16.03 16.21 16.05 13.62 13.54 12.19 10.07 9.25 11.08 9.35 7.60 6.95 6.64 0.00 5.16 7.64 10.34 12.87 16.22 19.40 23.79 25.86 27.35 30.94 31.43 32.59 31.88 30.77 27.84 25.71 25.74 24.23 21.01 19.77 21.99 19.08 16.63 16.87 19.65 18.32 16.45 17.66 17.39 17.91 17.84 17.54 15.92 17.23 17.78 19.55 20.48 23.16 22.65 24.35 24.97 26.45 
23.42 21.52 17.52 16.98 15.69 14.26 12.36 11.07 8.54 8.21 9.31 11.27 11.65 13.59 12.66 12.74 13.24 14.46 15.04 16.85 18.27 21.58 20.49 20.15 22.62 22.46 18.88 18.38 20.09 18.90 16.38 16.19 16.77 15.56 14.25 17.06 18.18 16.88 16.04 16.48 15.57 14.61 14.92 14.66 11.29 12.47 11.95 9.18 8.80 10.68 10.37 8.88 8.29 7.50 5.16 0.00 5.44 6.13 9.87 12.62 16.06 20.01 23.19 24.57 28.13 28.47 30.31 29.80 28.79 25.66 23.22 23.57 22.09 18.24 17.11 18.92 16.32 13.83 14.42 17.24 16.15 13.88 15.42 15.06 15.62 15.29 14.35 13.15 14.79 15.52 17.14 18.27 20.29 21.49 22.12 23.34 24.95 
21.69 19.31 15.41 14.51 14.61 12.57 11.62 9.73 9.57 9.61 11.19 13.55 14.45 14.74 14.21 13.60 13.32 14.98 15.16 16.85 18.26 21.56 20.92 20.41 22.64 22.12 18.74 18.16 20.35 19.17 16.66 16.66 17.23 16.52 15.54 18.04 19.39 18.30 18.00 17.55 16.93 15.60 16.29 15.90 12.66 13.13 13.73 11.88 11.84 13.94 13.73 13.11 11.70 11.30 7.64 5.44 0.00 5.87 7.38 11.37 13.83 18.28 21.36 23.09 26.34 26.98 28.84 28.70 27.57 24.66 22.51 22.58 21.95 17.93 17.00 18.50 16.62 14.15 15.20 17.47 16.54 14.17 16.14 15.85 16.51 15.72 15.27 13.98 15.36 16.28 17.85 19.33 21.37 21.50 23.13 24.20 25.43 
20.74 19.19 14.09 13.00 12.68 11.89 9.03 8.66 9.60 10.71 12.11 14.96 14.70 15.49 14.22 13.07 12.81 13.16 14.02 14.79 15.95 19.49 18.32 17.63 19.86 19.86 16.65 16.10 17.79 16.94 14.47 14.66 15.42 15.03 14.42 16.87 17.82 16.19 15.92 15.74 14.56 13.85 14.05 13.98 11.76 12.60 13.19 11.59 12.10 14.74 15.19 14.32 14.47 12.95 10.34 6.13 5.87 0.00 5.79 6.69 10.62 14.42 17.33 19.55 23.27 23.85 25.22 25.26 24.00 21.01 19.25 18.93 18.28 13.93 14.38 15.52 13.25 11.28 13.02 15.46 14.71 12.93 14.87 14.81 15.43 15.21 14.09 12.91 14.56 15.35 16.97 18.19 19.59 21.04 21.48 22.97 24.34 
19.75 17.49 13.54 11.85 11.77 9.70 8.57 8.76 10.66 10.95 14.17 16.29 17.49 16.68 15.05 13.94 13.57 13.76 13.50 14.54 16.14 18.26 17.23 16.42 19.16 18.94 16.08 15.34 16.83 16.17 14.17 14.07 15.26 14.78 14.27 17.32 18.44 16.69 16.41 16.55 15.64 14.84 15.26 15.94 13.53 14.87 15.75 14.50 14.50 17.29 18.12 16.99 17.75 17.13 12.87 9.87 7.38 5.79 0.00 5.45 6.96 12.15 13.37 16.07 19.38 20.70 21.73 21.92 20.59 18.42 16.19 16.66 16.37 13.14 12.84 14.80 13.20 11.03 13.04 15.83 14.87 13.72 15.96 15.95 16.85 16.63 15.82 13.76 14.94 15.42 16.80 17.72 18.89 19.47 21.28 22.01 23.49 
18.73 15.94 12.08 10.91 10.25 9.68 9.32 9.46 11.41 13.07 16.29 18.87 18.36 17.98 16.16 14.71 13.82 13.52 12.92 13.68 14.38 16.73 15.47 15.22 17.96 17.49 14.65 14.87 16.01 15.73 13.57 14.09 14.54 14.89 13.84 16.88 17.68 17.00 16.73 16.69 15.71 15.14 15.84 15.92 14.40 15.44 17.09 16.06 17.00 19.55 20.19 19.29 19.70 19.57 16.22 12.62 11.37 6.69 5.45 0.00 5.15 6.87 10.66 12.81 16.30 17.05 18.48 18.96 18.73 16.05 13.84 14.83 14.98 11.41 11.22 13.45 12.39 10.67 12.50 15.66 14.96 13.63 16.10 16.70 17.24 16.93 15.25 14.14 14.50 15.03 16.00 17.19 17.46 19.62 20.01 21.23 22.92 
17.86 14.92 11.38 10.17 10.29 10.09 10.61 10.91 12.93 15.28 18.12 20.26 20.14 20.11 18.96 16.60 14.74 14.34 13.52 13.24 14.14 16.02 14.87 14.36 17.31 16.84 13.89 14.10 16.25 16.01 14.54 15.00 15.27 15.76 15.38 18.15 18.89 18.72 18.23 17.39 16.60 16.62 16.93 17.01 15.36 17.35 18.72 18.40 19.77 22.57 23.00 22.90 23.17 23.32 19.40 16.06 13.83 10.62 6.96 5.15 0.00 5.40 7.18 9.62 12.87 14.53 15.95 16.32 16.55 14.20 12.54 13.73 14.65 10.48 11.76 13.96 13.66 11.82 14.43 17.19 16.71 15.18 18.02 18.25 19.35 18.69 17.34 15.45 15.99 16.33 17.25 17.74 18.41 19.11 20.60 22.23 23.23 
18.29 14.94 11.90 11.11 11.68 12.24 13.02 14.90 16.79 18.80 21.25 23.58 23.13 22.39 20.88 18.25 15.89 15.12 13.83 13.34 14.04 16.04 14.75 14.45 17.53 17.48 15.14 15.45 17.23 16.93 15.39 16.18 17.12 17.52 17.14 19.89 21.03 20.16 19.74 19.12 18.52 17.69 18.61 18.95 17.95 19.51 21.44 20.77 22.51 25.51 26.74 25.48 26.62 26.51 23.79 20.01 18.28 14.42 12.15 6.87 5.40 0.00 6.36 6.99 10.93 12.15 14.58 14.23 14.45 12.21 11.68 12.60 12.70 9.11 10.51 14.11 13.07 11.46 14.49 18.48 17.76 16.76 18.96 19.64 21.09 20.86 19.23 17.15 17.26 17.18 18.26 19.14 19.19 20.52 20.89 22.03 23.34 
17.43 14.98 12.36 12.76 12.97 13.65 15.20 17.32 19.52 20.37 23.08 25.44 25.79 25.26 22.61 20.03 17.87 16.43 14.36 13.56 14.15 15.96 14.31 13.38 17.16 17.70 15.20 15.47 17.86 17.93 16.39 17.07 18.66 18.84 18.33 21.35 22.60 21.54 20.92 21.43 20.87 20.82 21.47 22.78 21.53 23.47 25.20 24.24 25.50 28.25 29.47 28.93 29.25 29.42 25.86 23.19 21.36 17.33 13.37 10.66 7.18 6.36 0.00 5.46 7.71 9.93 12.11 12.30 12.98 11.91 10.73 12.50 14.43 11.34 12.25 15.26 15.20 13.46 16.28 19.81 20.17 18.85 20.81 21.94 23.30 23.03 21.77 19.59 19.32 18.88 19.37 20.01 20.35 20.21 21.12 22.44 23.12 
18.03 15.38 12.75 12.68 13.49 15.15 16.49 18.47 19.74 21.24 23.58 25.80 25.82 25.42 23.12 20.70 17.94 17.20 14.85 13.84 13.26 15.27 13.78 12.70 16.49 16.50 14.69 15.25 17.51 17.75 16.08 16.92 18.21 18.60 17.96 20.75 21.96 20.95 20.50 20.57 20.52 20.55 21.53 22.50 21.51 23.39 25.73 24.76 25.99 28.63 30.33 29.07 30.44 30.02 27.35 24.57 23.09 19.55 16.07 12.81 9.62 6.99 5.46 0.00 5.18 6.65 8.42 9.74 11.58 9.72 9.68 11.65 12.91 11.44 11.73 15.65 14.99 14.47 16.31 20.22 20.26 19.29 21.42 22.48 23.27 23.18 21.19 19.28 18.72 18.53 18.90 19.38 19.43 20.80 20.57 21.38 22.60 
19.96 18.17 15.52 16.06 17.43 18.42 20.36 21.53 23.03 23.88 26.67 28.90 28.91 28.14 26.43 23.53 20.57 19.97 18.12 16.86 15.64 17.48 14.95 14.38 17.81 18.56 15.90 16.76 19.40 20.09 18.74 19.01 20.11 20.55 20.58 22.95 24.02 23.57 23.14 22.94 22.69 23.25 24.30 25.20 24.55 26.37 28.67 27.57 28.90 32.03 33.68 32.43 33.46 34.47 30.94 28.13 26.34 23.27 19.38 16.30 12.87 10.93 7.71 5.18 0.34 5.95 7.81 9.70 11.36 11.21 11.29 12.57 14.34 13.65 14.74 17.50 17.37 17.13 19.26 22.62 22.45 21.60 23.69 24.76 26.02 25.67 24.19 21.78 20.72 20.80 21.05 21.20 21.07 20.73 21.80 23.52 23.48 
20.31 18.03 15.79 16.52 18.14 18.93 20.94 22.60 24.48 24.91 27.47 29.42 29.27 28.77 26.38 23.65 20.80 19.65 17.67 16.73 15.49 16.81 14.89 14.30 18.25 18.54 16.57 17.28 20.06 20.49 18.54 19.04 20.54 20.86 20.69 23.27 24.44 24.12 23.63 23.80 23.22 24.07 25.02 26.14 25.00 27.21 28.82 28.43 29.00 32.46 33.46 32.31 33.44 33.60 31.43 28.47 26.98 23.85 20.70 17.05 14.53 12.15 9.93 6.65 5.95 0.00 5.85 7.89 9.56 9.52 10.52 12.16 13.71 13.31 13.57 17.10 17.04 16.50 18.59 21.91 22.49 21.34 23.30 24.36 26.01 25.77 24.31 22.10 21.09 20.68 21.25 20.91 21.12 21.26 21.93 22.50 23.50 
21.41 19.98 17.60 17.78 19.40 19.89 21.90 23.19 25.58 25.95 28.33 30.06 30.97 29.93 26.92 24.27 22.11 20.74 18.12 17.03 17.16 17.91 15.27 14.62 19.21 20.25 17.16 18.48 21.73 21.76 19.67 20.39 22.93 22.69 22.24 24.99 26.28 25.82 25.23 25.64 25.00 25.55 26.71 27.35 26.49 28.78 30.41 29.60 30.23 33.12 34.52 33.50 34.96 34.58 32.59 30.31 28.84 25.22 21.73 18.48 15.95 14.58 12.11 8.42 7.81 5.85 1.06 6.11 9.45 8.06 9.55 11.66 13.76 12.69 13.43 17.18 17.57 16.19 17.91 22.37 23.32 22.06 23.62 24.96 27.17 26.20 25.02 23.00 21.98 21.92 21.82 22.26 23.27 21.85 22.66 24.07 24.24 
20.90 19.13 16.78 17.02 18.66 19.47 20.92 22.41 24.83 25.41 27.72 29.81 30.18 29.78 27.00 24.54 21.47 20.32 17.84 16.68 16.32 17.73 15.19 14.77 19.47 19.36 17.21 18.01 21.14 21.10 19.07 20.13 22.32 21.83 21.59 24.65 25.91 25.71 25.00 25.60 24.72 25.59 26.22 27.24 25.49 28.30 30.49 29.91 30.04 33.46 34.42 33.35 34.19 33.81 31.88 29.80 28.70 25.26 21.92 18.96 16.32 14.23 12.30 9.74 9.70 7.89 6.11 0.00 6.88 7.91 7.12 8.89 11.95 11.78 11.84 15.64 16.27 15.92 17.45 21.05 22.04 20.74 22.78 24.17 25.35 25.02 23.47 21.24 20.65 20.41 21.05 21.08 22.17 22.07 22.80 23.14 24.19 
20.13 18.81 16.31 16.26 18.37 18.80 20.32 21.59 24.06 24.65 27.47 29.05 29.53 28.76 26.58 23.75 20.60 19.19 17.50 16.42 15.87 17.18 15.66 15.03 18.53 19.17 17.01 17.80 20.55 20.62 19.46 20.05 21.87 21.26 21.39 23.85 25.09 24.83 24.80 24.78 24.03 24.32 25.80 26.63 25.09 27.36 29.92 29.55 29.67 32.86 33.88 33.22 33.58 33.75 30.77 28.79 27.57 24.00 20.59 18.73 16.55 14.45 12.98 11.58 11.36 9.56 9.45 6.88 0.54 6.40 7.77 7.58 8.99 10.16 11.50 13.98 13.83 15.02 16.21 19.81 19.66 19.16 21.11 22.48 24.00 23.09 22.22 20.16 20.14 19.85 20.44 20.73 21.89 21.31 22.41 24.12 24.66 
