0.75 5.75 7.65 10.73 12.00 13.25 16.05 18.11 19.66 18.17 19.26 18.48 18.01 18.60 18.99 19.39 20.64 22.41 23.82 24.94 26.71 26.41 25.77 25.83 26.73 26.22 25.90 25.97 25.93 26.02 26.49 26.94 26.23 26.09 24.49 23.95 21.64 21.19 20.87 19.69 18.30 18.84 18.86 18.53 18.71 18.91 19.21 20.62 20.95 21.09 20.41 21.85 22.38 22.89 21.63 20.86 21.68 21.84 20.88 20.50 20.92 20.52 20.46 19.62 19.60 20.07 21.15 21.84 22.29 23.49 25.39 25.98 26.20 27.40 29.13 29.50 29.10 30.37 31.12 29.30 29.91 30.96 31.05 28.44 27.57 29.05 28.51 25.54 24.16 25.08 23.66 21.11 21.28 21.33 19.12 18.53 19.47 19.18 16.48 17.14 17.24 17.58 16.21 16.55 17.47 19.48 21.20 22.33 24.55 26.11 26.16 26.82 28.26 28.90 28.85 29.18 30.76 30.84 31.28 30.14 29.21 29.35 28.93 27.83 28.64 27.65 29.10 27.96 27.68 26.14 27.50 26.37 24.62 23.97 23.71 23.30 22.84 23.33 24.40 25.50 26.81 27.92 28.99 29.15 29.40 30.18 30.58 29.47 28.59 29.71 29.50 26.71 26.87 28.13 27.37 26.16 27.17 27.15 26.10 25.94 27.41 26.06 26.95 27.63 30.42 
5.75 0.00 3.39 6.42 8.88 10.38 12.10 14.80 16.45 15.52 15.92 15.09 14.91 15.63 16.98 17.40 19.28 20.82 22.40 23.06 24.67 24.54 24.21 24.35 25.39 24.61 24.30 24.45 24.44 23.88 24.79 25.11 24.72 24.11 23.13 22.36 20.09 19.21 19.33 17.62 16.33 16.33 16.57 15.94 16.40 16.24 16.53 17.97 18.54 18.90 17.77 19.80 20.28 21.43 19.09 18.72 19.37 19.33 17.71 17.53 18.47 17.42 17.44 16.66 16.92 16.99 18.88 19.56 20.54 21.14 23.61 24.18 24.89 25.66 27.54 27.63 27.43 28.84 29.73 27.53 28.32 29.71 29.90 26.49 25.80 27.58 27.21 23.36 21.99 22.97 21.41 18.87 18.81 18.13 16.12 15.86 17.38 16.34 13.60 14.63 14.99 14.60 13.11 13.96 14.98 17.31 18.83 20.50 22.54 24.41 24.14 24.77 26.26 27.27 26.68 27.34 29.44 29.26 29.26 28.43 27.43 27.42 26.44 25.96 26.45 25.64 26.80 26.05 25.75 24.01 25.27 23.97 21.96 21.37 20.95 20.71 20.52 21.15 22.37 23.56 25.28 26.44 27.16 27.82 27.80 28.91 28.56 27.99 26.94 28.43 27.46 24.59 24.76 26.04 24.76 23.34 25.11 24.54 23.31 23.90 24.38 25.01 24.18 26.53 29.77 
7.65 3.39 1.35 5.25 7.79 8.98 11.73 13.85 16.41 15.11 15.54 14.80 14.93 16.41 17.70 19.23 21.73 23.69 24.67 25.25 27.27 27.26 26.34 26.65 27.79 27.45 26.29 26.66 26.65 26.58 26.10 26.57 25.68 25.56 23.84 23.21 20.63 19.75 19.77 18.06 16.66 16.51 16.80 16.14 16.35 16.37 16.37 18.01 18.29 18.72 17.85 19.86 20.77 21.28 19.17 18.59 19.06 18.42 17.10 16.94 18.28 17.06 17.48 16.88 17.20 17.46 19.68 21.08 22.15 22.68 24.95 25.77 26.69 27.02 28.29 28.37 28.19 29.71 30.54 28.31 29.17 30.56 30.61 27.18 26.24 28.19 27.25 23.61 22.39 23.19 21.35 18.37 18.66 17.70 15.30 14.90 16.70 15.98 13.26 14.74 14.42 14.80 13.28 14.63 15.27 17.83 19.80 21.65 23.56 25.42 25.10 25.32 26.72 27.70 27.22 27.39 29.44 29.33 29.58 28.46 27.56 27.13 26.48 25.42 26.40 25.00 26.74 25.52 25.87 23.77 25.22 23.71 22.15 21.18 20.95 20.57 20.80 21.50 22.68 24.10 25.99 26.96 28.02 28.58 28.80 29.39 29.06 28.46 27.84 28.94 27.76 24.78 25.12 26.16 24.91 23.32 24.76 25.02 23.59 24.13 24.39 24.10 25.23 26.70 29.34 
10.73 6.42 5.25 0.77 5.30 7.03 8.89 11.96 12.88 12.56 13.03 13.39 14.00 14.38 16.65 18.44 21.30 22.95 24.03 24.49 26.39 26.56 25.68 26.09 27.72 27.32 26.23 26.08 26.56 26.02 25.86 25.99 25.77 25.10 23.60 23.20 20.55 19.81 19.52 18.11 16.28 16.49 16.65 16.01 15.85 15.72 15.90 17.60 17.55 17.54 16.57 18.82 19.15 19.53 16.97 16.60 17.58 17.07 15.52 15.73 17.56 16.53 16.65 16.25 16.65 16.61 18.98 20.50 21.87 22.16 24.38 25.50 26.42 26.49 28.06 28.47 28.48 29.76 30.39 28.40 29.22 30.41 30.13 26.97 26.16 27.94 26.68 23.53 22.38 23.38 20.66 17.59 17.75 17.20 14.41 13.64 15.04 14.73 12.39 13.47 13.53 13.59 12.83 13.60 15.31 17.72 19.91 21.98 24.08 25.34 24.89 25.25 26.91 27.55 27.13 27.38 29.24 29.14 29.43 28.12 27.15 27.13 26.10 25.14 25.36 24.63 25.95 25.28 25.12 23.20 24.44 23.29 21.24 20.52 20.19 20.19 20.54 21.09 22.19 23.74 25.69 26.53 27.32 28.03 28.23 29.38 28.79 28.08 27.07 28.72 27.63 24.95 24.64 25.92 24.36 23.39 25.05 24.50 23.28 23.39 24.14 23.95 25.17 26.34 33.67 
12.00 8.88 7.79 5.30 0.43 5.56 7.05 9.57 13.29 11.79 12.08 11.69 11.71 12.77 14.87 16.56 19.80 22.66 23.55 23.87 24.65 25.53 24.40 25.24 26.20 26.75 25.40 25.61 25.01 25.45 25.18 25.95 25.09 25.18 23.44 22.69 20.04 19.29 19.05 17.38 15.75 15.90 16.36 15.46 15.08 14.90 15.31 17.79 17.50 17.68 16.67 18.46 18.67 19.68 17.33 16.42 17.60 17.90 16.29 15.76 16.93 16.00 16.07 15.59 15.11 15.77 17.31 19.21 20.14 20.90 23.41 24.51 24.81 25.73 27.76 28.49 28.03 30.09 30.96 28.75 29.16 31.07 30.83 27.26 26.09 28.34 27.35 23.54 22.32 23.79 21.81 18.22 18.52 18.37 15.95 14.82 16.06 15.74 13.44 14.21 13.19 13.76 12.76 13.29 14.55 17.91 20.14 22.28 24.53 26.33 25.22 26.06 27.44 28.70 28.03 28.81 30.43 30.78 30.95 29.31 27.71 28.06 27.16 25.60 25.96 24.94 26.95 25.75 25.13 23.07 25.17 23.50 21.13 20.17 20.09 20.20 20.18 21.05 22.38 24.13 25.77 27.08 27.95 28.34 28.01 29.88 29.89 28.88 27.61 29.83 28.78 25.00 24.14 26.44 24.16 22.89 23.91 25.52 23.71 24.65 26.63 24.76 24.37 26.52 27.45 
13.25 10.38 8.98 7.03 5.56 0.00 5.49 7.43 10.52 10.06 11.35 9.93 9.84 12.22 15.25 16.24 20.00 22.48 23.88 23.63 24.57 25.00 24.66 24.55 26.59 26.00 25.50 25.07 25.41 24.41 24.79 25.19 24.78 24.67 22.68 21.84 19.00 18.14 18.18 16.52 14.73 14.85 15.29 14.43 13.91 13.23 14.48 16.77 16.15 16.71 15.98 18.24 18.03 19.23 16.48 15.52 16.34 16.34 14.08 14.00 14.81 14.30 13.86 13.68 13.06 13.72 16.01 18.12 19.31 20.53 22.83 24.03 24.70 25.38 27.41 27.78 27.74 29.53 30.60 27.70 28.59 30.16 30.30 25.82 25.32 27.38 26.54 22.65 21.35 22.71 20.17 17.07 17.38 16.88 13.68 13.36 14.84 13.88 10.86 12.71 12.25 12.50 12.13 13.01 14.14 17.46 19.95 22.02 24.02 25.82 24.59 25.01 26.69 27.51 26.78 27.33 29.64 29.32 29.41 27.67 26.14 26.20 25.03 23.84 24.15 23.18 24.83 23.68 23.30 21.08 22.81 21.27 19.07 18.18 18.20 18.09 18.85 20.23 21.92 23.63 25.69 27.14 27.76 28.25 27.81 29.09 29.03 27.84 26.63 28.41 27.27 23.46 23.03 24.79 22.46 21.49 23.00 23.82 22.09 22.57 24.85 23.51 22.78 26.11 28.81 
16.05 12.10 11.73 8.89 7.05 5.49 0.02 6.05 7.67 9.15 11.52 12.03 12.25 14.57 17.98 19.18 23.05 26.11 27.17 27.17 27.54 28.18 27.31 28.15 29.11 29.32 28.20 28.86 28.31 27.93 27.52 28.05 27.19 26.87 24.77 23.89 21.03 19.93 20.03 17.92 16.67 16.72 17.29 16.01 15.46 15.53 16.53 18.94 18.17 19.19 18.54 20.82 20.55 21.63 18.95 17.71 18.11 17.41 15.56 14.72 15.80 14.16 14.76 14.51 13.99 15.15 17.69 20.11 21.62 22.60 25.27 26.26 27.12 27.63 29.14 29.91 29.38 31.74 32.53 30.14 30.31 32.37 32.39 28.52 26.92 29.35 28.29 24.42 23.24 24.82 22.60 19.33 19.43 18.42 16.00 14.91 15.87 14.71 12.40 13.47 12.98 13.76 14.06 15.15 15.98 19.18 21.79 23.83 26.12 28.13 26.68 26.54 28.05 28.97 27.73 28.12 30.30 30.35 30.20 28.59 27.15 27.04 25.88 24.23 24.96 23.66 25.54 24.31 24.35 21.76 23.61 21.97 20.31 19.42 19.63 19.32 20.56 21.93 23.74 25.55 27.83 29.09 30.17 30.36 29.85 31.03 30.40 29.95 28.58 30.41 28.85 25.16 24.42 25.85 23.22 21.99 23.39 24.70 22.30 24.45 25.96 24.04 23.39 26.43 28.70 
18.11 14.80 13.85 11.96 9.57 7.43 6.05 0.00 5.78 6.83 10.20 12.14 13.75 15.52 19.03 21.64 25.35 27.72 28.61 28.64 28.77 29.47 28.37 28.65 29.33 29.74 29.06 29.34 28.86 28.49 28.52 28.90 28.22 27.83 25.91 25.10 22.33 21.26 21.06 18.66 17.48 17.25 17.93 15.75 16.22 16.10 17.78 19.58 19.16 20.44 20.36 22.39 21.39 22.78 20.10 18.74 18.82 18.26 16.23 15.36 16.51 14.37 14.81 14.55 14.92 15.79 18.95 21.56 23.21 24.46 27.52 28.55 28.56 29.39 31.12 31.88 30.95 33.16 33.91 31.44 31.71 33.06 33.00 29.62 27.95 29.83 29.02 25.56 24.66 25.71 23.89 19.68 20.17 19.31 17.23 15.08 15.72 14.22 12.06 12.71 13.02 13.76 14.40 15.57 17.73 21.26 24.00 25.81 28.17 30.03 28.66 28.56 29.25 30.18 29.23 29.45 31.04 31.09 31.16 29.58 27.87 28.24 26.93 25.68 25.57 24.95 26.70 25.88 25.26 23.26 24.55 23.00 20.42 20.58 20.39 20.95 21.94 23.55 25.35 26.95 29.03 30.29 31.23 31.37 30.66 32.39 31.65 30.92 28.99 31.09 29.58 26.15 25.28 26.95 24.39 24.36 25.28 25.63 23.63 24.66 26.97 24.45 23.12 26.84 31.15 
19.66 16.45 16.41 12.88 13.29 10.52 7.67 5.78 0.00 4.92 7.47 11.30 13.17 16.42 19.77 21.62 24.53 27.77 28.60 29.07 28.83 29.45 28.45 28.18 28.50 29.36 28.71 28.53 27.75 27.70 27.62 28.25 27.36 27.28 25.36 24.43 21.72 20.24 20.76 18.64 16.63 16.22 17.04 15.13 15.12 15.47 17.47 19.70 19.56 21.06 20.94 22.63 21.75 23.29 20.93 19.41 19.97 18.93 16.41 16.25 16.81 14.32 13.88 13.83 13.45 15.68 18.38 21.14 22.85 24.37 27.58 28.31 28.52 29.32 31.64 31.72 30.89 32.47 33.54 30.65 31.27 32.00 31.69 28.39 26.75 28.34 27.61 24.22 23.57 25.15 23.02 19.32 19.90 19.53 16.76 14.26 15.42 14.46 11.58 12.08 11.63 13.42 13.95 15.25 17.44 21.22 23.57 25.47 27.63 29.60 28.97 28.98 29.50 29.95 29.86 29.75 31.53 30.97 31.57 29.71 27.64 28.06 26.87 25.40 26.37 24.93 27.79 26.48 26.15 23.52 25.59 23.68 21.24 20.93 20.95 21.54 22.33 23.61 25.35 26.89 28.49 29.78 30.82 30.61 30.20 31.50 31.55 30.14 28.81 30.76 29.34 25.72 25.12 26.56 23.98 22.89 24.91 25.18 23.05 24.22 27.36 24.62 24.23 27.00 28.85 
18.17 15.52 15.11 12.56 11.79 10.06 9.15 6.83 4.92 0.00 5.22 7.51 9.60 12.53 16.20 17.55 21.07 24.31 25.35 24.86 25.42 25.62 25.19 24.64 25.78 25.95 25.48 25.12 24.74 24.28 24.43 24.74 24.00 23.85 21.93 20.73 17.64 16.47 16.71 14.36 12.50 12.58 12.90 11.71 12.45 12.37 14.53 17.11 17.63 18.75 18.36 20.36 19.70 21.14 18.69 17.56 17.80 16.47 13.96 14.03 14.14 10.53 9.77 8.91 9.21 10.83 13.94 16.76 18.53 20.59 23.76 24.71 25.29 26.08 28.02 28.37 27.44 29.00 29.67 27.02 27.58 28.65 28.41 24.72 23.76 25.40 24.46 21.03 20.69 21.69 19.56 15.75 16.77 16.29 13.53 11.32 13.23 12.79 8.88 9.51 8.98 9.38 10.54 11.93 13.35 16.95 19.78 21.61 23.48 25.76 25.05 25.29 25.79 26.38 25.50 26.33 27.96 27.51 27.51 26.09 24.11 24.62 23.15 21.88 22.49 21.46 23.78 22.76 22.97 20.41 22.01 19.81 17.59 16.50 16.63 16.86 18.06 19.35 21.16 22.88 24.81 25.85 26.75 26.88 26.45 27.78 27.60 26.91 25.32 27.44 25.64 22.48 22.01 23.63 20.63 19.71 21.52 21.82 19.92 20.58 24.12 22.58 21.47 24.26 27.22 
19.26 15.92 15.54 13.03 12.08 11.35 11.52 10.20 7.47 5.22 0.00 6.54 8.42 11.69 14.75 17.30 20.53 23.71 24.20 25.04 24.71 25.34 24.55 25.16 25.95 26.05 25.21 25.03 24.26 23.83 23.84 24.12 23.02 23.08 21.41 20.42 17.61 16.30 16.77 14.23 12.96 12.77 13.68 12.71 14.05 13.98 15.87 18.81 19.30 20.21 19.74 21.94 21.57 22.60 20.28 19.23 19.04 17.70 15.70 15.56 16.04 12.40 10.80 10.47 10.29 11.24 12.82 15.99 17.88 20.23 22.60 23.82 24.41 25.40 27.09 27.73 26.67 28.51 29.38 26.75 27.24 28.45 28.41 24.77 23.56 25.48 24.57 21.25 20.91 22.26 20.30 16.58 16.71 16.58 13.88 12.42 13.50 13.01 10.43 10.81 9.45 8.98 8.98 11.01 12.27 15.41 18.10 20.36 22.33 24.52 23.37 23.56 23.98 24.97 23.58 24.18 25.92 25.79 25.50 24.05 22.52 23.14 21.75 20.09 21.38 20.42 22.69 21.78 22.24 19.98 21.63 19.70 17.17 16.22 15.18 15.26 16.54 18.18 19.63 21.89 23.55 25.04 25.57 25.94 25.00 26.58 26.34 25.93 24.45 26.58 25.06 21.65 21.25 22.91 20.07 18.97 21.12 21.81 19.33 20.51 23.85 21.88 21.50 24.40 26.76 
18.48 15.09 14.80 13.39 11.69 9.93 12.03 12.14 11.30 7.51 6.54 0.00 5.87 6.98 10.90 12.99 17.36 20.01 19.99 21.20 21.21 21.91 20.98 22.47 23.04 23.42 22.32 22.53 21.14 21.05 20.74 21.18 19.55 19.57 17.78 17.04 13.96 13.10 13.60 11.22 10.06 11.08 12.08 11.14 11.83 12.94 14.67 17.53 16.94 18.29 17.79 20.53 19.51 21.06 18.46 17.75 17.53 16.67 14.37 14.88 15.17 12.65 10.92 9.66 9.45 9.04 10.51 13.16 15.16 17.13 19.59 20.98 21.35 22.40 23.79 24.61 23.52 25.87 26.23 23.96 24.29 25.56 25.15 21.60 20.27 22.11 21.09 17.68 17.33 19.06 17.14 13.14 14.37 14.35 12.40 10.29 12.47 12.95 9.97 11.26 9.37 9.04 7.73 7.38 9.61 12.43 15.06 16.89 19.15 21.18 19.89 20.33 20.94 21.83 21.02 21.63 23.63 23.41 23.40 22.07 20.76 21.34 20.06 18.79 19.99 19.25 21.49 20.59 21.17 18.96 21.21 18.97 15.81 14.30 13.60 12.75 13.41 14.52 16.18 18.72 20.13 21.47 22.01 23.14 22.08 24.15 23.42 23.56 22.39 24.36 22.84 19.87 19.61 21.09 18.07 17.34 19.73 19.71 17.16 18.72 21.06 21.38 20.04 24.00 25.61 
18.01 14.91 14.93 14.00 11.71 9.84 12.25 13.75 13.17 9.60 8.42 5.87 0.00 5.11 6.35 9.05 12.82 16.30 16.40 18.17 18.61 19.34 17.77 19.22 19.80 20.81 19.81 19.72 18.00 17.85 17.69 18.25 16.78 16.45 15.16 15.03 12.42 11.16 12.60 11.29 10.78 11.58 13.44 11.69 12.95 13.86 14.96 17.25 17.33 18.67 18.07 20.26 19.58 21.02 18.17 17.67 17.84 17.12 14.25 15.16 16.17 13.27 12.19 10.21 8.74 8.42 8.74 11.22 12.88 13.91 17.25 18.55 18.36 19.77 21.14 21.83 20.92 22.71 23.54 21.22 21.74 22.86 22.70 18.84 17.98 19.67 18.76 15.02 14.46 16.44 14.24 11.42 12.39 13.35 9.91 8.33 11.46 12.98 9.94 11.68 10.23 11.01 7.26 7.68 7.18 11.08 11.91 14.50 16.96 19.07 17.45 18.36 19.23 19.97 19.88 20.62 22.70 22.79 22.90 21.72 20.44 20.94 19.99 18.98 20.35 19.88 22.52 21.80 21.91 20.20 22.53 20.42 17.74 16.19 14.83 14.15 13.60 13.78 14.30 16.32 17.95 18.92 19.16 20.03 19.85 21.40 21.55 21.54 21.28 23.20 21.93 18.95 19.09 20.78 17.88 17.00 19.61 20.32 17.83 19.18 21.61 21.50 20.57 24.37 24.52 
18.60 15.63 16.41 14.38 12.77 12.22 14.57 15.52 16.42 12.53 11.69 6.98 5.11 0.00 5.38 5.94 10.80 13.29 14.27 15.42 16.41 16.88 15.85 17.00 18.18 18.95 18.08 18.13 16.51 16.59 16.16 16.70 15.24 15.10 13.77 12.99 10.19 9.14 11.26 9.20 9.55 11.50 12.59 11.44 13.23 14.40 15.08 17.59 18.01 19.41 18.26 20.66 19.70 21.33 18.40 18.13 18.63 17.92 15.21 16.11 17.45 15.09 13.41 11.89 9.83 7.98 8.68 9.12 11.05 11.68 14.79 15.92 15.88 17.21 18.57 19.39 18.51 20.50 21.04 18.89 19.63 21.09 20.83 17.17 16.43 18.35 17.36 14.09 13.64 15.67 14.06 10.71 12.79 13.41 11.15 10.24 13.04 14.61 12.32 13.53 11.76 11.18 9.22 6.67 6.15 7.21 10.05 12.04 14.55 16.16 15.46 16.35 17.12 17.94 17.57 19.11 21.27 21.23 21.52 20.66 19.35 20.08 19.08 18.48 20.16 19.76 22.49 22.13 22.80 20.70 22.75 21.15 18.10 16.69 14.34 13.16 12.51 12.07 12.32 13.94 15.45 16.96 16.52 17.72 17.62 19.65 19.52 20.09 19.14 21.39 20.22 17.37 17.74 19.75 16.68 15.66 18.64 19.38 17.37 18.41 20.19 20.41 19.98 23.35 23.98 
18.99 16.98 17.70 16.65 14.87 15.25 17.98 19.03 19.77 16.20 14.75 10.90 6.35 5.38 0.28 5.18 7.30 11.24 11.36 13.64 14.02 15.17 14.17 15.65 16.57 16.91 16.03 16.19 14.32 13.90 14.34 14.48 13.66 13.95 12.60 12.94 10.79 10.61 12.20 10.94 11.34 13.47 14.80 13.61 14.61 15.75 16.72 19.37 19.65 20.70 19.26 21.68 21.14 22.45 19.60 19.52 20.19 19.85 17.44 18.30 19.71 17.01 15.51 13.55 11.36 9.75 8.71 9.40 10.20 10.07 12.63 13.61 14.25 15.52 16.62 17.94 17.01 19.34 19.96 17.63 18.58 20.20 20.34 16.18 15.94 17.91 16.98 13.17 13.47 15.23 13.64 11.44 13.28 14.45 12.53 12.52 15.35 16.94 14.72 15.61 14.84 13.86 10.30 8.73 7.51 8.57 8.55 10.49 12.97 14.84 14.09 14.80 15.47 16.43 15.97 17.32 19.61 19.78 20.28 19.71 18.63 19.66 18.80 18.56 20.45 20.27 23.03 23.20 23.54 21.96 23.90 22.52 19.20 17.64 15.20 13.44 12.28 11.55 11.04 12.11 13.15 14.05 14.91 15.81 15.56 17.60 17.82 18.49 17.81 20.29 19.74 16.73 17.11 19.49 16.70 15.71 18.98 19.73 16.95 18.65 20.17 20.13 18.94 22.91 24.23 
19.39 17.40 19.23 18.44 16.56 16.24 19.18 21.64 21.62 17.55 17.30 12.99 9.05 5.94 5.18 0.18 5.51 6.91 8.44 10.21 11.87 12.82 11.54 13.51 14.88 15.69 14.22 15.33 12.58 12.47 11.75 12.61 11.62 12.21 11.18 12.29 10.90 10.43 12.91 12.46 12.59 14.73 16.07 15.37 15.96 17.05 18.31 20.12 20.41 21.29 20.09 22.32 21.65 23.14 20.71 20.40 21.27 21.07 19.21 19.82 21.13 18.85 17.75 15.39 13.62 11.20 10.42 9.83 10.33 9.91 11.72 12.57 12.67 13.54 15.03 16.23 15.48 17.51 17.94 15.28 16.73 18.39 18.24 14.55 14.21 16.73 15.63 11.84 12.41 14.91 13.75 11.49 14.42 16.22 14.63 14.35 18.19 19.69 17.00 17.81 16.75 16.32 13.06 10.04 9.77 9.04 8.55 8.13 11.62 13.41 12.27 13.23 14.64 15.83 15.37 16.91 19.64 19.93 20.65 20.32 19.25 20.57 19.56 19.42 21.83 21.44 24.26 24.20 24.87 23.12 25.46 23.94 20.84 19.42 17.24 15.26 13.28 11.68 10.93 10.93 11.27 11.98 13.28 14.74 13.88 16.01 16.46 17.54 17.00 20.08 19.13 16.19 16.94 19.04 16.07 15.37 18.77 19.22 16.59 18.01 19.57 19.84 18.63 22.43 23.99 
20.64 19.28 21.73 21.30 19.80 20.00 23.05 25.35 24.53 21.07 20.53 17.36 12.82 10.80 7.30 5.51 1.50 5.72 6.67 9.08 10.09 12.20 10.87 12.09 13.59 14.50 13.27 12.98 11.63 11.14 10.96 11.86 11.70 12.47 12.04 13.70 12.82 13.11 15.66 15.27 15.35 17.17 18.47 17.34 18.03 19.26 20.49 22.60 22.61 23.66 22.45 24.55 23.77 25.18 22.94 22.91 23.57 23.51 21.67 22.98 23.96 21.63 20.26 18.52 16.92 14.14 12.49 12.27 11.47 9.35 11.43 12.00 10.81 12.13 14.10 14.70 13.43 15.36 15.79 13.33 15.53 17.75 17.61 14.01 14.04 16.59 15.18 11.42 13.25 16.20 14.79 13.68 17.25 19.06 17.23 17.52 21.47 23.43 20.31 21.58 19.99 20.05 16.93 14.17 11.37 11.18 8.60 8.98 10.99 12.22 11.49 12.94 15.51 16.53 15.84 17.96 21.05 21.63 22.34 22.35 21.27 22.90 21.56 21.93 24.07 23.93 26.40 26.89 27.57 26.29 27.94 26.86 23.88 22.65 19.88 18.17 15.83 14.25 12.84 12.02 11.89 12.46 13.29 13.63 13.39 15.64 16.83 17.87 17.77 21.03 20.45 18.00 18.40 20.70 17.98 16.88 20.43 21.03 18.48 19.01 20.50 20.31 20.17 24.12 25.01 
22.41 20.82 23.69 22.95 22.66 22.48 26.11 27.72 27.77 24.31 23.71 20.01 16.30 13.29 11.24 6.91 5.72 0.73 5.17 7.01 8.50 10.50 10.29 11.59 12.30 14.38 13.21 13.08 11.86 12.41 12.01 12.34 12.09 13.11 12.40 13.81 13.79 13.85 16.27 15.26 16.00 17.85 19.17 17.90 18.70 19.77 21.25 23.55 23.98 24.82 23.56 25.82 25.05 26.39 24.08 24.08 24.99 24.88 22.91 23.84 25.37 23.03 22.06 19.92 17.78 15.28 14.25 13.90 11.28 7.89 11.33 10.59 9.27 10.61 12.76 13.56 12.20 14.56 15.13 12.69 14.76 17.48 17.63 13.82 13.49 16.70 15.03 11.54 13.16 16.84 15.50 14.41 18.23 20.20 18.92 19.20 23.61 24.98 22.45 23.71 22.26 22.28 19.24 16.27 13.73 12.75 11.06 9.60 11.84 13.10 12.69 14.41 16.55 17.66 17.02 19.02 22.41 22.86 23.77 23.46 22.67 24.00 22.97 22.98 25.58 25.04 27.85 28.16 29.60 27.87 29.80 28.12 25.68 24.26 21.69 19.82 17.85 16.22 14.16 13.27 13.10 13.24 13.30 14.31 14.34 16.50 17.32 18.74 18.52 21.47 20.82 18.27 19.14 21.15 18.36 17.47 21.39 21.21 19.14 20.08 21.66 21.42 20.66 23.92 25.37 
23.82 22.40 24.67 24.03 23.55 23.88 27.17 28.61 28.60 25.35 24.20 19.99 16.40 14.27 11.36 8.44 6.67 5.17 0.88 5.27 7.62 8.80 9.18 10.22 11.97 12.66 12.17 12.55 10.74 11.27 10.71 11.87 12.35 12.80 12.20 14.64 14.19 14.88 17.72 17.13 17.30 18.96 20.51 19.65 20.19 21.08 21.97 24.63 25.05 25.76 23.86 26.29 25.90 27.16 24.13 24.26 25.64 25.44 23.31 24.32 25.82 23.73 22.81 20.41 18.47 16.50 15.48 14.02 12.49 11.12 12.20 11.81 10.24 11.50 12.87 14.08 12.06 14.55 15.15 12.47 14.87 17.55 18.02 13.48 14.25 16.66 15.97 12.60 14.11 17.00 16.81 15.25 18.50 20.44 19.16 19.72 23.82 25.00 22.85 23.91 23.29 22.76 19.30 16.73 15.06 14.33 11.61 10.58 12.22 13.95 12.85 14.71 17.02 18.66 17.83 20.04 22.99 23.73 24.62 24.37 23.37 24.90 23.76 23.92 26.10 25.91 28.73 29.26 30.51 29.10 31.36 29.82 26.85 25.34 22.96 21.17 18.86 17.02 15.03 14.26 13.42 13.22 13.20 14.50 14.88 17.20 17.84 19.10 18.94 22.23 21.08 18.28 19.32 21.78 18.92 17.71 21.94 22.01 18.98 20.11 21.93 21.06 20.44 24.06 25.60 
24.94 23.06 25.25 24.49 23.87 23.63 27.17 28.64 29.07 24.86 25.04 21.20 18.17 15.42 13.64 10.21 9.08 7.01 5.27 0.00 5.71 7.54 6.86 8.14 10.48 11.74 10.39 10.96 10.41 10.64 10.12 11.48 11.96 12.46 11.95 14.99 15.07 15.35 18.13 17.76 18.05 19.81 21.42 20.85 21.67 22.56 23.46 25.44 25.61 26.16 24.20 27.02 26.36 27.56 24.43 25.07 26.08 25.87 23.19 24.46 26.04 24.12 22.72 20.61 19.19 17.06 15.56 14.22 13.74 12.69 12.84 12.23 10.65 11.52 12.89 13.55 11.59 13.64 15.01 12.38 14.82 17.96 18.18 14.21 14.50 17.42 16.38 13.74 15.14 18.19 17.12 16.33 19.22 20.67 19.42 20.01 23.82 24.84 23.07 23.92 23.01 23.12 20.20 17.65 16.16 15.60 13.75 12.71 14.09 15.40 14.44 15.97 18.06 19.55 19.53 21.20 23.99 24.97 26.11 25.71 24.68 25.99 25.12 24.93 26.88 26.80 29.98 30.50 31.37 29.89 32.35 30.80 28.12 26.69 24.58 22.67 20.25 18.35 16.91 15.77 14.32 14.34 14.48 15.77 15.81 18.56 19.06 19.84 20.00 23.20 22.01 19.37 20.07 22.42 19.59 18.30 22.22 22.39 19.64 20.83 22.29 21.99 20.89 24.06 25.47 
26.71 24.67 27.27 26.39 24.65 24.57 27.54 28.77 28.83 25.42 24.71 21.21 18.61 16.41 14.02 11.87 10.09 8.50 7.62 5.71 1.27 6.39 7.51 7.79 9.37 10.80 11.31 11.39 11.37 12.66 12.03 12.82 13.15 15.12 15.10 16.89 16.15 17.04 18.41 18.14 18.86 20.57 21.91 21.59 22.48 23.66 24.48 26.56 26.30 26.79 25.34 27.54 26.97 28.02 25.64 26.32 26.88 26.43 24.10 25.34 27.02 24.41 23.36 21.62 19.95 17.51 15.98 15.55 14.79 12.97 14.58 13.33 10.77 11.88 12.82 13.39 10.99 13.38 15.07 13.54 15.35 17.89 18.31 15.66 15.48 18.46 16.71 15.02 16.09 18.92 17.50 16.60 19.35 20.92 19.88 20.32 23.66 25.01 23.51 24.46 23.44 23.47 20.55 18.41 16.51 15.94 14.29 14.75 15.75 16.94 15.44 16.88 18.94 20.98 21.13 22.86 25.27 26.35 27.89 27.33 26.03 27.33 26.50 26.22 28.00 27.87 31.54 31.62 32.67 30.95 33.79 32.19 29.76 28.26 25.56 23.93 21.36 19.62 17.86 17.40 16.36 16.25 16.23 17.20 17.32 19.62 19.97 21.40 21.09 24.22 23.13 20.40 20.93 23.45 20.77 19.67 22.51 23.39 21.40 22.90 23.48 22.53 22.96 26.33 26.13 
26.41 24.54 27.26 26.56 25.53 25.00 28.18 29.47 29.45 25.62 25.34 21.91 19.34 16.88 15.17 12.82 12.20 10.50 8.80 7.54 6.39 0.42 6.35 7.43 6.93 9.01 9.86 10.45 9.79 11.85 10.99 12.03 12.82 15.06 15.22 16.62 16.04 16.54 18.29 18.16 18.77 20.45 21.56 21.33 22.49 23.26 24.01 26.30 26.22 27.15 25.10 27.84 26.75 28.11 25.59 25.88 26.42 26.38 24.03 25.21 26.48 24.56 23.63 21.88 20.10 17.79 17.24 16.18 15.37 13.74 15.41 14.54 12.48 13.05 14.11 14.12 13.45 15.39 16.85 14.92 16.92 19.01 19.48 16.92 16.88 19.35 18.52 16.30 17.04 20.08 18.68 17.34 19.98 21.64 20.19 20.92 24.09 25.60 23.53 24.96 24.40 24.43 21.07 19.00 17.40 16.87 15.90 15.96 17.38 18.51 16.97 18.17 20.38 21.69 21.73 22.98 26.05 27.16 28.05 27.34 25.95 27.29 26.33 26.12 28.10 28.16 30.91 31.54 32.54 31.18 33.26 31.99 29.56 28.45 25.70 24.26 21.74 20.05 18.50 18.18 17.56 17.47 16.78 17.91 18.24 20.09 20.51 21.56 21.24 24.24 22.97 20.78 21.32 23.58 21.04 20.31 23.41 23.38 21.43 23.26 24.51 23.42 23.02 26.34 26.97 
25.77 24.21 26.34 25.68 24.40 24.66 27.31 28.37 28.45 25.19 24.55 20.98 17.77 15.85 14.17 11.54 10.87 10.29 9.18 6.86 7.51 6.35 0.94 5.60 7.57 7.58 8.49 8.56 8.40 9.58 9.11 11.11 12.35 12.90 13.73 15.48 14.84 14.73 17.49 17.40 17.94 19.00 20.71 20.56 21.54 22.25 22.55 24.83 25.06 25.63 23.65 25.59 25.37 26.53 23.63 23.60 24.62 24.68 22.53 23.21 24.83 23.14 22.37 20.05 17.98 16.92 15.43 14.30 13.65 13.04 14.29 13.01 10.50 12.67 12.68 13.64 12.01 15.16 16.32 14.45 16.93 18.98 19.17 16.12 16.78 19.44 18.24 15.65 16.76 19.23 18.34 16.90 19.58 21.05 19.59 20.12 23.95 24.84 22.77 24.08 23.87 23.41 20.03 18.37 16.58 16.11 14.72 15.52 16.85 17.79 16.08 18.19 20.35 21.36 20.40 22.34 25.53 26.29 27.21 26.15 24.98 26.15 25.24 25.33 27.04 27.05 30.25 30.35 31.65 30.16 32.68 31.14 28.83 27.09 25.03 23.07 20.48 18.93 17.40 17.30 16.58 16.58 16.21 17.29 17.66 19.57 19.51 20.71 20.15 22.94 22.09 19.33 20.02 22.79 19.87 19.14 22.46 22.80 20.15 22.00 24.26 22.52 22.56 25.73 26.94 
25.83 24.35 26.65 26.09 25.24 24.55 28.15 28.65 28.18 24.64 25.16 22.47 19.22 17.00 15.65 13.51 12.09 11.59 10.22 8.14 7.79 7.43 5.60 0.72 6.38 7.96 7.11 8.37 9.31 10.33 10.36 12.91 13.53 14.33 14.22 16.34 14.96 15.21 17.61 17.03 17.45 19.00 20.63 20.60 21.96 22.54 23.11 25.03 24.92 25.73 23.60 25.95 25.93 26.82 23.92 23.80 25.26 25.21 22.74 23.57 25.23 23.22 22.75 20.22 18.44 16.75 16.35 14.46 13.98 13.09 14.33 12.53 10.59 11.27 12.47 13.29 12.64 15.41 16.68 15.07 17.07 19.45 19.63 16.56 17.57 19.86 18.63 16.56 17.86 20.07 18.86 17.90 20.83 21.96 20.23 21.11 24.41 25.55 23.00 24.34 23.83 23.84 20.69 19.09 17.58 16.85 15.63 16.04 17.84 18.34 16.94 18.61 21.04 21.70 21.29 23.01 25.90 26.84 27.43 26.99 25.83 26.97 26.41 25.99 27.82 28.07 31.18 31.53 32.03 30.84 33.22 31.70 29.05 27.69 25.33 23.56 20.76 19.36 18.18 17.91 17.01 17.30 17.37 18.21 18.48 20.40 20.53 21.26 20.73 23.84 22.56 20.08 20.68 23.19 20.65 19.79 23.16 23.25 20.87 22.70 24.52 23.23 22.49 26.00 27.18 
26.73 25.39 27.79 27.72 26.20 26.59 29.11 29.33 28.50 25.78 25.95 23.04 19.80 18.18 16.57 14.88 13.59 12.30 11.97 10.48 9.37 6.93 7.57 6.38 1.87 6.23 7.66 8.32 9.64 11.53 12.19 14.04 14.94 16.48 16.36 17.53 16.37 16.87 18.60 17.42 18.49 19.52 21.05 21.01 22.34 22.92 23.45 25.54 25.47 25.62 24.21 26.24 26.44 27.47 24.85 24.84 26.08 25.73 23.56 24.30 25.68 23.70 22.81 20.67 18.90 17.25 16.74 15.61 15.14 14.45 15.08 14.05 12.46 13.85 14.31 16.00 14.92 17.18 18.66 17.21 18.82 20.28 21.21 18.62 19.15 20.87 19.97 18.38 19.96 21.67 20.48 19.26 21.79 23.02 21.53 21.66 24.74 25.87 23.71 24.74 23.97 23.87 21.17 19.47 18.10 18.21 16.79 17.46 18.46 19.45 18.40 19.60 21.27 22.12 22.20 23.94 26.76 27.11 28.23 27.48 26.76 28.06 27.35 27.13 28.76 29.02 32.16 32.08 32.67 31.66 33.84 32.32 29.88 28.30 26.28 23.99 21.60 20.14 18.65 18.42 18.29 18.52 18.53 19.17 19.51 21.55 21.53 22.05 21.54 24.38 23.43 20.78 21.14 23.91 21.45 20.72 23.44 24.34 22.03 23.90 26.00 24.16 24.00 27.73 28.01 
26.22 24.61 27.45 27.32 26.75 26.00 29.32 29.74 29.36 25.95 26.05 23.42 20.81 18.95 16.91 15.69 14.50 14.38 12.66 11.74 10.80 9.01 7.58 7.96 6.23 0.75 5.74 7.39 8.40 9.66 11.07 12.83 14.37 15.55 15.83 17.17 16.25 16.92 18.29 17.25 17.42 18.97 20.22 20.58 21.65 22.10 22.60 25.16 25.04 25.85 24.02 26.31 25.90 26.96 24.82 24.57 25.51 25.52 23.39 24.34 25.57 23.56 22.82 20.97 19.09 17.21 17.03 15.67 15.25 13.88 15.13 14.14 13.82 14.31 16.17 17.15 16.64 18.84 20.25 18.68 20.30 21.76 22.18 20.03 20.27 22.49 21.45 19.52 20.59 22.92 21.43 19.44 21.95 23.16 21.88 21.79 24.81 25.51 23.56 24.45 23.79 23.59 20.46 19.27 18.02 18.16 16.89 17.63 18.70 19.89 18.78 20.15 22.09 22.89 22.20 23.83 26.82 27.72 27.82 27.34 26.60 27.78 27.03 26.63 28.66 28.92 31.71 31.95 32.65 31.42 33.55 31.98 29.40 28.18 25.83 23.82 21.15 20.08 18.51 18.28 18.11 18.64 18.35 19.08 19.66 21.62 21.58 22.12 21.62 24.64 23.19 20.83 21.48 23.79 21.25 20.73 23.92 23.55 21.70 23.61 25.99 24.42 23.63 27.39 28.35 
25.90 24.30 26.29 26.23 25.40 25.50 28.20 29.06 28.71 25.48 25.21 22.32 19.81 18.08 16.03 14.22 13.27 13.21 12.17 10.39 11.31 9.86 8.49 7.11 7.66 5.74 1.32 6.13 7.34 8.61 9.31 12.32 13.31 14.22 14.41 16.44 14.71 15.36 17.28 16.22 16.90 17.85 19.74 19.56 20.72 21.10 21.64 23.79 24.17 24.52 23.10 24.72 24.88 25.82 23.36 22.84 23.95 23.91 21.90 22.82 24.21 22.27 21.43 19.63 17.51 15.69 14.91 14.44 12.91 11.86 13.59 13.61 12.85 13.92 15.79 17.04 16.68 18.88 20.22 18.39 20.46 22.13 22.56 19.24 19.84 22.55 21.75 18.84 20.01 22.26 21.15 19.27 21.44 22.53 20.77 21.08 24.29 24.81 22.05 23.40 22.88 21.98 18.71 17.66 16.58 16.40 15.02 16.17 17.49 18.42 17.19 18.92 21.14 22.18 20.89 22.45 26.18 26.74 26.77 25.92 25.62 26.61 25.79 25.50 27.23 27.43 30.36 30.46 31.33 30.14 32.47 30.85 28.45 26.79 24.74 22.56 20.36 18.91 17.48 16.76 16.77 17.16 16.98 18.17 18.45 20.27 20.22 21.16 20.51 23.10 22.03 19.63 20.19 22.45 19.80 19.44 22.28 22.48 20.09 22.27 25.94 23.05 22.99 26.58 28.16 
25.97 24.45 26.66 26.08 25.61 25.07 28.86 29.34 28.53 25.12 25.03 22.53 19.72 18.13 16.19 15.33 12.98 13.08 12.55 10.96 11.39 10.45 8.56 8.37 8.32 7.39 6.13 0.84 6.13 7.41 8.88 11.24 12.52 13.05 13.37 14.85 13.69 13.55 16.38 15.44 16.29 17.98 19.78 19.97 21.29 21.68 21.93 23.85 23.85 24.65 22.38 24.00 24.24 25.62 22.52 21.65 23.45 23.83 21.27 21.90 23.68 21.69 21.19 18.81 17.04 14.47 14.39 13.04 12.94 11.96 14.36 14.86 14.67 15.36 16.94 17.72 17.81 19.67 21.23 19.03 20.96 22.66 23.09 19.99 20.38 22.80 22.47 19.75 20.76 23.14 22.14 20.64 23.08 23.96 22.33 22.64 25.69 26.25 23.36 24.40 23.43 22.95 19.19 17.92 16.49 15.90 14.29 15.42 16.73 18.06 16.70 18.57 20.94 21.61 20.85 22.48 25.74 26.42 26.71 26.35 25.49 26.60 25.63 25.26 27.13 27.51 30.40 30.88 31.43 30.29 32.34 30.78 28.22 26.91 24.51 22.49 20.11 18.62 16.82 16.10 15.77 16.69 16.41 17.40 17.56 19.70 19.90 20.70 20.09 22.99 21.87 19.45 20.00 22.25 20.10 19.16 22.63 22.55 20.51 22.23 25.06 23.37 22.59 26.33 27.76 
25.93 24.44 26.65 26.56 25.01 25.41 28.31 28.86 27.75 24.74 24.26 21.14 18.00 16.51 14.32 12.58 11.63 11.86 10.74 10.41 11.37 9.79 8.40 9.31 9.64 8.40 7.34 6.13 1.01 5.44 6.92 9.70 11.02 11.66 11.73 13.69 13.02 13.44 15.73 15.12 16.50 18.13 19.94 19.70 21.23 21.79 21.92 23.58 23.60 23.91 21.78 23.15 23.84 25.06 22.00 21.19 22.64 22.76 20.38 20.85 22.47 20.35 19.31 16.81 14.97 12.94 11.97 10.67 11.59 12.33 14.58 14.57 15.30 16.60 17.69 18.53 18.30 20.16 21.70 19.90 21.09 22.96 23.41 20.94 20.93 23.48 22.67 20.56 21.69 24.00 22.35 21.14 23.58 24.80 22.60 22.47 25.85 26.68 23.90 24.62 23.39 22.91 19.55 17.78 15.95 15.61 13.47 14.20 15.95 17.00 15.72 17.86 19.88 20.73 20.13 21.97 25.18 25.88 26.29 25.81 25.28 26.23 25.34 25.08 26.60 27.12 30.02 30.27 31.32 29.82 31.95 30.65 27.98 26.47 24.23 21.88 19.62 18.05 15.52 13.69 14.24 14.86 14.59 15.11 15.73 18.36 18.43 19.08 18.93 22.12 21.03 18.36 18.85 21.71 19.35 18.74 21.64 22.64 20.27 22.20 24.91 22.78 22.59 26.51 27.48 
26.02 23.88 26.58 26.02 25.45 24.41 27.93 28.49 27.70 24.28 23.83 21.05 17.85 16.59 13.90 12.47 11.14 12.41 11.27 10.64 12.66 11.85 9.58 10.33 11.53 9.66 8.61 7.41 5.44 1.45 6.02 7.68 9.55 10.64 10.75 12.53 11.89 11.98 14.57 13.64 14.86 16.54 18.58 18.46 20.07 20.57 20.95 23.17 23.18 23.83 21.87 24.02 23.61 24.63 21.85 21.70 22.60 22.41 19.85 20.95 21.89 19.83 19.31 16.81 14.59 12.30 12.83 11.47 12.41 12.51 15.53 15.11 15.79 16.33 17.95 18.85 18.70 20.44 21.80 20.22 21.63 23.55 23.62 21.10 21.38 24.17 23.33 20.81 21.91 24.46 22.85 20.87 23.61 24.60 22.53 22.58 25.56 26.31 23.45 24.31 23.18 22.56 18.45 16.88 15.47 14.72 11.95 13.14 15.26 16.51 15.09 17.11 19.84 20.54 19.57 21.42 25.29 25.68 25.75 25.47 24.78 25.79 24.69 24.32 26.20 26.53 29.23 29.92 30.34 28.92 31.01 29.80 27.10 25.70 23.32 21.10 18.35 17.12 14.62 12.97 12.62 13.88 13.27 14.05 14.21 17.03 17.51 17.83 17.46 21.26 19.94 17.21 17.96 20.68 18.31 17.60 21.12 21.47 19.68 21.06 23.69 22.58 21.76 25.73 27.12 
26.49 24.79 26.10 25.86 25.18 24.79 27.52 28.52 27.62 24.43 23.84 20.74 17.69 16.16 14.34 11.75 10.96 12.01 10.71 10.12 12.03 10.99 9.11 10.36 12.19 11.07 9.31 8.88 6.92 6.02 3.03 6.30 7.64 9.05 9.86 11.13 10.90 11.23 14.12 13.59 14.33 16.20 18.72 18.39 19.85 20.50 21.20 23.04 23.33 23.82 22.21 23.99 24.19 24.98 21.92 21.86 23.01 22.41 19.76 20.64 21.97 19.83 19.08 17.05 14.75 12.97 13.32 12.84 12.67 13.49 16.09 15.95 16.20 17.01 18.64 19.55 19.65 21.65 22.42 20.67 22.33 24.21 24.29 21.34 21.87 24.97 24.20 21.53 22.52 25.02 23.66 21.91 24.21 25.03 22.71 22.67 25.93 26.47 23.68 24.62 23.75 22.96 18.80 17.40 15.81 15.57 12.95 14.38 15.90 17.19 15.53 17.44 19.83 20.86 19.64 21.47 25.46 25.71 25.77 25.23 24.75 25.52 24.34 24.30 25.91 26.19 29.01 29.06 30.10 28.44 30.69 29.44 26.80 25.23 23.31 20.89 18.63 17.13 15.49 13.74 13.77 13.49 13.31 13.97 13.74 15.52 16.34 17.29 16.90 20.24 19.35 16.50 17.54 20.04 17.82 17.52 20.54 21.24 18.69 20.95 24.23 21.99 21.86 25.51 27.53 
26.94 25.11 26.57 25.99 25.95 25.19 28.05 28.90 28.25 24.74 24.12 21.18 18.25 16.70 14.48 12.61 11.86 12.34 11.87 11.48 12.82 12.03 11.11 12.91 14.04 12.83 12.32 11.24 9.70 7.68 6.30 1.90 5.67 7.01 7.50 9.66 9.62 9.98 12.33 12.42 13.99 15.75 18.38 18.30 20.16 20.91 21.59 23.46 23.49 24.79 22.45 24.62 24.57 26.34 22.74 22.15 23.55 23.67 20.56 21.82 22.98 20.52 19.40 17.60 15.45 13.93 13.85 14.06 14.65 15.06 17.70 18.14 18.15 19.11 20.18 21.02 20.87 23.09 23.48 22.08 23.10 25.36 25.13 22.88 22.48 26.01 25.22 22.86 23.50 26.53 25.03 23.40 25.73 26.97 24.64 24.64 27.60 28.42 25.40 26.22 24.93 24.52 20.59 18.90 16.95 16.92 15.02 16.06 17.57 18.46 16.74 18.43 20.75 21.79 20.71 22.72 26.39 26.85 26.77 26.56 25.58 26.56 25.40 25.22 27.20 27.36 29.93 30.47 30.88 29.62 31.62 30.48 27.54 26.42 24.12 22.32 19.69 18.54 16.27 15.51 14.76 15.04 13.63 14.48 13.93 15.88 16.50 17.87 17.27 20.18 19.22 16.39 17.21 20.00 17.61 17.18 21.07 21.51 19.43 20.96 23.60 22.68 21.90 25.62 27.02 
26.23 24.72 25.68 25.77 25.09 24.78 27.19 28.22 27.36 24.00 23.02 19.55 16.78 15.24 13.66 11.62 11.70 12.09 12.35 11.96 13.15 12.82 12.35 13.53 14.94 14.37 13.31 12.52 11.02 9.55 7.64 5.67 2.34 6.30 6.79 8.79 8.19 9.73 11.89 11.84 13.10 15.10 17.09 17.48 19.08 20.44 20.97 23.12 23.48 23.93 21.94 24.35 24.82 26.19 22.96 22.73 23.87 23.48 20.52 21.42 22.61 20.20 18.97 16.93 15.41 13.82 14.10 14.32 15.28 16.16 18.26 18.61 19.12 20.04 20.80 21.52 21.31 23.23 23.83 21.73 23.03 25.11 25.48 22.69 22.75 25.90 24.97 22.55 24.18 26.76 24.91 23.16 26.00 27.36 24.77 24.11 28.08 28.95 26.18 26.76 25.61 25.39 21.66 19.53 17.49 17.63 15.71 16.92 18.34 18.91 16.92 18.58 20.82 21.97 20.85 23.12 26.91 26.76 27.16 26.60 25.50 26.66 25.54 25.39 27.14 27.10 30.16 30.03 30.95 29.43 31.86 30.34 27.45 26.32 24.01 21.58 19.46 18.29 16.04 14.89 14.82 14.48 13.08 13.48 13.15 15.10 15.44 16.44 16.01 19.08 18.02 15.29 16.18 18.63 16.62 16.29 20.03 21.00 18.70 20.70 23.34 21.58 21.65 25.44 26.93 
26.09 24.11 25.56 25.10 25.18 24.67 26.87 27.83 27.28 23.85 23.08 19.57 16.45 15.10 13.95 12.21 12.47 13.11 12.80 12.46 15.12 15.06 12.90 14.33 16.48 15.55 14.22 13.05 11.66 10.64 9.05 7.01 6.30 1.96 5.14 7.65 7.41 7.38 10.20 10.52 12.23 13.95 15.79 15.73 18.31 19.38 20.12 22.69 23.12 23.92 21.85 24.98 24.79 25.65 22.60 23.09 23.97 23.26 20.17 21.37 22.43 20.03 19.09 16.87 15.27 14.16 15.03 14.74 16.11 16.65 18.92 19.17 19.15 20.27 21.43 21.87 21.32 23.59 24.08 22.10 23.22 25.87 25.92 23.59 23.21 26.60 25.71 23.58 24.43 26.79 25.00 23.75 26.30 27.29 24.81 24.68 28.12 29.25 25.91 26.82 25.80 25.68 21.56 19.69 17.99 17.78 15.74 16.79 18.38 19.49 17.61 19.33 21.58 22.39 21.18 23.33 26.94 26.98 27.20 26.64 25.48 26.79 25.62 25.27 27.15 27.20 29.92 30.34 30.62 29.42 31.57 30.23 27.43 26.43 24.20 22.20 19.86 18.49 16.18 15.00 14.67 13.99 12.62 13.30 13.44 14.91 14.80 14.86 14.91 17.82 17.13 14.90 15.64 18.24 15.87 15.78 20.16 20.44 18.60 20.16 22.30 21.96 20.91 24.85 26.31 
24.49 23.13 23.84 23.60 23.44 22.68 24.77 25.91 25.36 21.93 21.41 17.78 15.16 13.77 12.60 11.18 12.04 12.40 12.20 11.95 15.10 15.22 13.73 14.22 16.36 15.83 14.41 13.37 11.73 10.75 9.86 7.50 6.79 5.14 1.00 5.61 6.17 5.82 8.18 9.16 10.70 11.77 14.18 14.62 16.28 17.98 18.77 21.07 21.91 22.79 21.14 23.62 24.13 25.02 21.94 22.42 23.67 22.69 19.46 19.92 21.37 19.01 17.77 15.42 13.82 13.49 13.80 13.87 14.94 16.11 18.60 18.64 18.48 19.47 21.16 21.32 20.69 22.82 23.93 21.59 22.43 25.01 25.59 22.97 22.83 25.90 25.59 23.45 23.93 26.26 24.96 23.40 25.65 26.76 24.52 23.84 27.28 28.13 25.29 25.94 25.02 24.64 20.80 19.13 17.17 17.17 15.55 16.76 18.21 19.14 17.45 18.96 20.87 22.21 20.94 22.71 26.01 26.33 26.54 25.64 24.56 25.67 24.81 24.41 25.80 25.83 28.85 29.03 29.70 28.09 30.75 29.50 26.48 25.13 23.00 21.27 18.75 17.55 15.38 14.53 14.02 13.43 12.27 13.45 12.37 13.55 13.55 13.95 13.41 16.19 15.80 12.54 14.66 16.73 15.04 14.25 18.73 18.90 17.03 19.01 22.09 20.53 20.18 23.88 26.29 
23.95 22.36 23.21 23.20 22.69 21.84 23.89 25.10 24.43 20.73 20.42 17.04 15.03 12.99 12.94 12.29 13.70 13.81 14.64 14.99 16.89 16.62 15.48 16.34 17.53 17.17 16.44 14.85 13.69 12.53 11.13 9.66 8.79 7.65 5.61 0.00 5.73 6.73 7.30 7.51 9.91 11.33 13.53 13.09 15.42 16.31 17.58 20.10 21.00 22.41 20.99 23.64 23.87 25.27 22.20 22.43 23.69 22.91 19.57 20.66 21.84 18.78 17.41 15.62 14.72 13.55 13.82 15.07 15.78 16.54 19.17 19.21 19.28 20.10 21.25 21.66 21.19 23.50 23.84 21.98 22.86 25.19 25.77 23.45 23.06 26.09 25.80 23.51 24.12 26.76 25.41 23.53 25.98 27.28 24.90 24.53 27.29 28.67 25.55 26.25 24.64 25.08 21.23 19.79 17.89 17.69 16.65 17.74 19.26 19.84 18.45 19.80 21.86 22.48 21.18 23.39 26.05 26.35 26.72 26.40 24.81 26.03 24.93 24.47 26.01 25.77 28.70 29.26 29.47 28.23 30.43 29.28 26.31 25.16 22.88 21.40 19.05 17.67 15.08 14.42 13.74 13.70 12.70 13.45 12.46 13.95 13.72 14.07 12.85 16.36 15.17 11.10 13.51 16.83 14.05 13.11 18.38 19.15 17.00 19.28 21.45 21.34 20.22 24.00 25.49 
21.64 20.09 20.63 20.55 20.04 19.00 21.03 22.33 21.72 17.64 17.61 13.96 12.42 10.19 10.79 10.90 12.82 13.79 14.19 15.07 16.15 16.04 14.84 14.96 16.37 16.25 14.71 13.69 13.02 11.89 10.90 9.62 8.19 7.41 6.17 5.73 0.00 5.36 7.31 6.24 7.03 9.50 11.45 10.81 13.10 14.41 15.25 18.06 18.52 19.62 18.93 21.83 22.16 23.26 20.67 21.03 22.37 21.49 18.31 18.81 20.34 17.27 15.79 14.27 13.68 12.41 12.88 13.94 14.62 15.21 17.87 18.16 18.63 19.34 20.30 20.66 20.70 22.62 22.72 21.05 22.35 24.49 24.55 21.95 21.65 24.67 24.23 22.01 22.86 25.42 24.16 22.33 24.75 26.08 23.95 23.16 26.18 27.43 24.67 25.00 23.72 23.84 20.37 18.87 17.08 17.07 15.89 16.98 18.65 19.38 17.87 19.10 21.10 21.72 20.13 22.17 24.67 25.13 25.37 24.81 23.68 24.53 23.72 23.22 24.25 24.27 27.26 27.35 27.76 26.33 29.05 27.46 24.78 23.63 21.55 19.63 17.59 16.25 13.69 13.66 13.65 13.34 12.20 13.06 12.49 13.75 13.35 13.49 12.45 15.22 14.81 11.41 12.88 15.10 13.35 12.37 17.27 17.83 15.81 17.47 20.14 19.57 19.57 23.40 24.77 
21.19 19.21 19.75 19.81 19.29 18.14 19.93 21.26 20.24 16.47 16.30 13.10 11.16 9.14 10.61 10.43 13.11 13.85 14.88 15.35 17.04 16.54 14.73 15.21 16.87 16.92 15.36 13.55 13.44 11.98 11.23 9.98 9.73 7.38 5.82 6.73 5.36 0.00 5.70 6.71 6.64 7.29 9.95 10.27 12.22 13.54 14.35 16.83 17.58 18.67 18.00 21.15 21.42 22.47 19.86 20.62 21.74 21.05 18.01 18.73 19.78 17.29 15.94 14.33 13.48 13.16 13.50 14.61 15.13 15.95 18.10 18.78 18.78 19.71 20.65 21.48 20.77 23.07 23.14 21.55 22.45 24.75 24.77 22.43 21.84 24.64 24.08 22.45 22.77 24.87 23.82 22.30 24.68 25.90 23.64 23.24 26.01 27.30 24.37 24.53 23.69 23.33 19.87 18.41 17.00 16.63 16.05 17.23 19.08 19.99 18.79 19.96 21.94 22.65 21.20 22.63 25.25 25.60 25.66 24.69 23.42 24.45 23.92 23.08 24.52 24.21 27.40 27.37 27.63 26.20 28.91 27.30 24.75 23.38 21.39 19.56 17.67 16.21 13.87 13.95 14.38 14.28 13.25 14.33 14.09 14.64 13.96 14.14 12.90 14.77 14.39 12.14 13.00 15.25 13.20 12.77 16.82 17.59 16.07 17.75 19.54 20.12 19.34 23.43 24.83 
20.87 19.33 19.77 19.52 19.05 18.18 20.03 21.06 20.76 16.71 16.77 13.60 12.60 11.26 12.20 12.91 15.66 16.27 17.72 18.13 18.41 18.29 17.49 17.61 18.60 18.29 17.28 16.38 15.73 14.57 14.12 12.33 11.89 10.20 8.18 7.30 7.31 5.70 0.50 5.80 7.26 6.93 8.19 9.47 12.05 13.14 14.17 16.80 17.93 19.45 18.45 21.46 21.88 22.91 20.54 21.14 22.31 21.77 18.85 19.08 20.39 18.14 16.69 15.06 14.72 14.68 14.76 15.95 16.70 17.34 19.43 20.04 20.19 20.88 22.38 22.69 22.06 23.86 24.43 22.63 23.21 25.19 25.39 23.04 22.52 24.89 24.65 22.81 22.83 25.07 24.25 22.77 24.73 26.01 24.11 23.50 26.12 27.20 24.46 24.85 23.91 23.45 20.24 19.23 17.76 17.62 17.21 18.71 19.90 21.05 19.77 20.78 22.60 23.82 22.36 23.43 25.82 26.25 26.36 25.16 23.85 24.83 24.39 23.59 24.47 24.33 27.48 27.44 27.85 26.08 28.94 27.63 25.05 23.40 21.64 20.23 18.62 17.09 15.38 15.53 15.79 15.55 14.95 15.83 15.51 15.84 14.77 14.50 12.99 15.33 14.81 11.87 13.54 15.68 14.05 13.19 17.18 18.08 16.12 17.63 19.88 19.79 19.68 23.35 25.28 
19.69 17.62 18.06 18.11 17.38 16.52 17.92 18.66 18.64 14.36 14.23 11.22 11.29 9.20 10.94 12.46 15.27 15.26 17.13 17.76 18.14 18.16 17.40 17.03 17.42 17.25 16.22 15.44 15.12 13.64 13.59 12.42 11.84 10.52 9.16 7.51 6.24 6.71 5.80 0.00 5.38 6.94 6.62 6.89 9.74 11.34 11.55 14.46 15.65 17.52 16.76 19.89 19.97 21.87 19.05 19.33 20.51 19.99 17.48 18.08 19.22 16.78 15.52 14.02 13.86 13.61 14.08 15.14 15.80 16.33 18.79 18.88 18.93 19.93 21.08 21.25 21.11 23.42 23.62 21.85 22.61 24.46 24.56 21.92 21.31 23.93 23.54 21.20 21.56 23.69 22.67 21.15 23.60 24.81 22.56 22.50 24.98 25.99 23.00 23.89 22.48 22.27 19.06 18.28 17.15 16.98 16.52 18.04 19.57 20.11 18.24 19.58 21.85 22.57 20.96 22.74 24.99 25.09 24.82 24.36 23.18 24.15 23.15 22.80 23.93 23.59 26.39 26.62 26.69 25.22 27.64 26.46 23.76 22.53 20.32 18.87 17.13 16.32 14.40 14.03 14.21 14.93 14.27 14.80 14.66 15.27 14.18 13.39 12.02 14.83 14.03 10.02 11.72 14.71 12.29 11.31 16.24 16.90 14.84 17.02 19.07 19.51 18.49 22.65 24.30 
