1.17 5.74 6.72 9.68 11.10 13.42 15.49 18.34 20.98 24.47 26.80 29.65 31.77 33.78 37.01 37.71 37.60 37.91 38.93 38.50 36.46 35.30 34.35 33.10 30.63 29.70 28.51 27.30 25.19 25.02 24.66 23.61 20.81 19.66 20.52 19.68 18.06 18.82 21.63 21.91 22.46 24.01 24.75 24.09 24.24 24.37 24.60 23.77 24.16 24.07 25.07 24.09 25.21 25.29 25.94 23.51 21.27 20.91 21.95 21.28 21.81 22.95 24.23 25.30 27.36 29.00 29.42 29.88 30.37 30.09 30.94 30.01 28.94 28.06 25.80 24.72 23.81 23.61 23.82 24.79 25.93 27.36 29.17 30.41 31.45 32.99 33.35 31.31 29.29 28.52 27.06 25.38 22.77 20.29 18.74 17.69 16.29 15.64 14.46 16.30 16.77 17.84 19.85 21.51 22.76 24.61 25.75 25.22 26.41 26.41 26.76 28.24 27.92 26.04 27.18 28.14 26.76 25.72 27.51 27.03 24.94 25.29 27.07 25.94 24.56 26.22 27.35 26.22 25.52 27.52 27.79 27.78 27.69 27.41 28.09 28.79 27.53 27.70 28.50 28.25 27.53 26.58 27.16 28.83 28.41 28.07 34.13 
5.74 0.79 4.88 5.78 9.46 11.39 13.29 17.27 19.95 23.46 24.91 27.84 31.33 32.73 36.90 36.88 37.29 36.41 38.79 37.11 35.50 33.09 33.62 31.48 29.54 27.67 27.23 25.59 23.50 23.08 23.16 22.24 18.83 18.15 19.63 19.16 16.69 17.54 21.46 21.70 21.98 23.58 24.47 23.41 23.53 23.07 23.55 22.59 22.76 22.74 23.63 22.91 23.60 24.41 25.06 22.63 19.46 19.45 20.84 19.80 20.14 21.63 23.12 24.29 26.34 27.98 29.23 29.25 29.63 28.95 30.99 29.85 28.12 26.41 25.16 22.77 21.44 21.53 22.41 23.08 23.49 26.01 28.50 29.76 29.86 32.51 33.55 31.52 28.05 27.17 26.28 24.44 20.56 17.81 16.54 16.31 13.81 12.30 12.89 14.76 15.77 17.30 19.76 20.94 22.11 24.34 25.56 24.92 26.39 25.91 25.81 27.74 27.32 24.34 25.53 26.93 25.23 23.75 26.43 25.87 23.48 23.69 26.19 24.92 22.99 25.03 26.78 25.22 24.43 26.81 27.16 27.05 26.79 26.43 27.64 28.17 26.79 26.86 28.41 27.80 26.93 25.94 25.16 28.62 28.17 27.76 32.41 
6.72 4.88 0.00 2.08 6.79 8.32 9.72 13.26 15.94 18.23 20.25 23.46 26.72 29.25 33.00 33.34 33.46 33.41 35.26 34.02 31.45 29.90 30.12 27.96 25.19 23.90 23.56 21.98 19.03 19.10 19.95 18.84 15.39 14.70 16.77 16.11 13.14 14.41 19.51 19.86 19.26 21.02 21.98 20.81 19.96 19.47 19.82 18.86 18.92 18.83 20.23 18.80 20.27 21.31 22.75 19.71 16.19 16.48 17.57 16.57 16.57 18.30 19.69 20.53 22.33 24.24 26.21 26.17 25.93 25.96 29.09 27.93 24.76 23.33 21.69 19.44 17.10 17.78 18.91 19.01 19.12 22.03 25.36 26.00 25.86 28.82 30.63 27.33 23.05 22.01 21.97 19.63 16.17 14.54 13.75 12.34 9.81 9.42 9.61 11.61 12.89 15.12 18.19 19.31 19.89 22.43 23.29 22.20 23.57 22.64 22.75 24.50 23.58 20.79 22.22 23.11 21.00 19.92 23.10 22.35 19.49 20.14 22.90 21.29 19.46 21.75 23.67 21.99 21.02 23.65 24.32 23.67 23.34 23.00 24.43 25.33 24.22 23.87 25.23 25.61 25.58 23.51 22.77 26.16 27.10 26.35 29.19 
9.68 5.78 2.08 0.20 5.49 6.37 8.59 12.79 15.25 17.71 19.72 22.72 25.77 28.24 32.60 32.49 32.45 32.46 34.79 33.07 31.03 29.11 29.08 27.47 24.68 22.86 22.32 21.23 18.11 18.17 18.42 18.14 14.84 14.03 15.52 14.62 12.77 13.67 18.30 18.91 18.83 20.52 21.01 20.15 19.18 18.85 18.72 17.75 17.30 17.29 18.36 17.69 19.42 20.35 21.36 19.41 16.59 15.55 16.90 16.12 16.37 17.80 18.99 20.03 21.53 23.84 25.44 25.63 25.44 25.66 28.03 27.35 24.59 23.62 21.35 19.13 17.23 17.36 17.38 17.60 18.06 20.68 23.52 24.97 24.84 27.65 28.87 26.38 21.69 21.35 20.46 18.38 14.27 12.80 11.78 9.60 8.57 7.04 8.29 11.10 12.80 14.40 17.33 19.78 20.34 22.09 22.77 21.83 22.77 22.24 21.65 23.60 22.96 20.58 21.28 22.98 20.56 19.90 22.28 21.70 19.05 19.89 21.82 20.59 18.84 21.18 22.72 21.34 20.43 23.26 23.32 23.32 22.87 22.92 24.02 25.02 23.51 24.23 25.95 25.06 24.26 22.51 23.64 25.61 26.45 24.77 34.58 
11.10 9.46 6.79 5.49 0.00 5.32 6.48 10.15 12.01 16.23 19.09 21.57 24.08 26.10 31.10 31.84 30.80 31.37 33.09 32.31 29.33 27.98 26.89 25.69 22.90 21.83 20.46 19.63 16.63 16.51 16.29 15.78 13.14 11.94 13.17 12.88 10.72 11.97 15.63 15.54 15.91 18.23 18.63 17.81 18.17 18.34 18.39 17.70 17.76 17.73 18.68 18.32 20.27 21.11 21.60 19.75 17.27 16.19 16.58 14.91 14.69 16.26 16.96 18.25 20.03 22.69 23.89 24.24 24.52 24.50 26.03 25.59 24.32 23.22 20.54 18.95 16.59 16.49 15.81 17.36 17.80 20.30 22.46 24.79 24.92 27.54 27.26 24.52 22.23 21.23 20.26 19.01 15.85 13.15 10.62 10.19 7.76 7.42 8.53 11.32 12.65 14.33 16.25 17.84 18.68 20.57 21.00 19.76 21.45 20.97 20.84 22.81 22.46 20.01 21.21 22.76 20.99 19.62 22.32 21.64 19.01 19.68 22.17 20.70 18.79 21.34 22.57 21.17 20.56 23.20 23.01 22.91 22.53 22.37 22.77 23.41 21.62 22.61 24.03 24.00 23.43 24.01 25.18 25.51 23.59 24.87 31.61 
13.42 11.39 8.32 6.37 5.32 0.00 5.32 6.61 10.17 14.76 16.73 20.13 23.27 25.84 30.14 31.96 30.37 31.25 32.98 32.13 29.01 27.38 26.27 25.09 22.05 20.92 19.11 18.10 14.80 15.40 14.54 15.41 12.47 11.53 13.75 13.37 11.66 12.60 17.05 17.36 17.06 19.76 19.60 18.82 18.30 18.34 18.17 17.41 17.21 17.40 19.15 18.47 20.21 22.05 22.71 20.95 16.73 15.59 16.21 14.49 13.65 15.60 16.72 18.44 19.74 23.06 24.15 24.27 24.78 24.40 27.01 27.43 24.94 24.50 21.38 19.30 15.86 16.07 15.79 16.97 16.53 19.86 22.50 25.07 24.11 27.40 27.22 24.70 21.44 20.42 19.43 17.11 14.41 10.33 9.92 8.17 7.52 7.33 10.17 12.57 14.01 16.66 18.42 19.59 19.60 22.04 22.16 20.67 22.48 21.43 20.94 22.90 22.60 19.46 20.25 22.12 20.68 19.20 21.51 21.11 18.83 19.39 21.26 20.18 18.50 20.96 22.47 21.02 20.44 23.52 23.25 23.17 22.64 22.52 23.47 23.90 21.76 23.16 25.20 24.49 24.54 23.79 24.66 25.68 24.14 25.65 30.60 
15.49 13.29 9.72 8.59 6.48 5.32 0.00 5.79 6.79 11.27 12.99 16.70 20.05 22.18 26.34 27.51 27.00 27.74 29.09 28.41 25.36 23.52 22.68 20.73 18.34 17.09 16.15 14.36 12.34 12.23 12.60 13.08 11.74 10.79 13.34 13.21 11.35 11.90 16.90 17.03 16.41 18.30 18.44 17.32 16.85 16.03 16.02 15.51 15.50 16.03 17.06 17.19 19.77 21.83 22.56 20.24 16.02 14.70 15.37 13.13 12.13 13.86 13.90 15.16 16.34 19.34 20.07 20.62 21.33 21.89 24.67 23.95 21.95 20.77 18.98 15.99 13.10 13.17 13.56 14.24 13.73 16.66 19.39 21.53 21.02 24.04 24.25 21.00 18.05 17.21 16.85 14.59 10.68 9.27 8.27 8.11 7.84 7.54 10.64 13.37 14.15 15.85 19.10 19.74 19.70 21.93 22.10 20.50 21.83 20.37 19.69 22.03 21.18 17.71 18.71 20.49 19.16 17.23 19.94 19.56 17.47 17.37 19.21 18.16 16.46 18.79 20.63 19.65 18.66 21.86 21.80 21.47 21.03 20.73 21.79 22.39 20.08 20.98 22.68 22.91 22.64 22.49 23.15 24.20 22.81 23.98 27.15 
18.34 17.27 13.26 12.79 10.15 6.61 5.79 0.00 5.35 6.90 10.58 14.54 17.99 20.75 25.33 25.90 25.79 26.68 28.43 27.12 24.65 23.06 22.53 20.85 18.52 16.36 15.68 14.27 12.02 12.43 13.16 14.35 13.69 13.00 15.01 15.39 13.85 14.07 18.44 18.89 18.40 19.70 19.71 18.43 17.89 16.94 16.49 15.95 16.84 16.82 18.35 19.06 22.44 24.06 24.66 23.00 19.18 17.07 17.45 15.39 15.07 15.72 15.77 16.31 17.60 20.25 20.79 21.41 22.54 22.58 25.06 24.55 23.17 22.62 19.13 16.22 14.56 14.50 14.66 14.89 15.02 17.28 19.51 21.51 21.46 24.54 24.60 21.35 18.45 16.91 16.12 13.31 10.95 8.91 10.04 9.86 11.38 11.83 14.07 17.33 18.03 19.58 21.81 23.16 22.95 24.22 24.20 22.01 23.48 21.31 20.22 22.52 21.93 18.77 19.06 21.22 19.65 18.51 20.34 20.29 17.72 18.24 19.74 19.06 17.68 20.10 21.57 20.73 20.16 23.41 22.77 23.01 22.73 22.52 23.29 24.15 22.09 24.12 25.28 24.63 23.98 23.57 23.23 24.54 23.37 24.76 30.73 
20.98 19.95 15.94 15.25 12.01 10.17 6.79 5.35 0.00 5.05 5.59 9.57 13.13 15.59 20.16 20.39 20.44 21.35 22.74 21.47 19.87 18.57 18.54 16.34 13.52 11.97 12.21 10.77 9.08 10.34 12.31 13.95 13.52 13.75 15.66 16.36 14.35 14.90 18.49 18.42 17.42 18.51 18.39 16.29 16.31 15.45 15.07 14.81 15.21 16.16 17.51 19.43 22.56 24.30 24.48 23.48 19.97 18.10 17.59 15.79 14.91 15.47 14.49 13.93 15.59 17.95 18.61 19.56 20.51 20.94 22.97 22.74 21.76 21.01 17.55 15.17 13.14 12.75 12.72 13.00 13.06 15.02 17.16 18.71 18.52 20.92 20.65 17.99 15.13 13.56 12.69 12.21 9.39 8.79 10.07 10.68 11.49 13.08 15.12 17.09 18.57 19.63 21.76 22.65 23.24 24.19 24.03 21.80 23.04 21.03 19.89 21.76 20.54 17.62 18.50 19.85 18.20 16.90 19.61 18.87 16.12 16.89 19.16 18.27 16.92 19.43 20.41 20.02 19.49 22.43 21.76 21.91 22.20 21.34 21.92 22.69 20.74 21.94 23.46 22.45 21.76 21.83 22.46 23.85 23.07 24.87 27.70 
24.47 23.46 18.23 17.71 16.23 14.76 11.27 6.90 5.05 0.07 4.96 6.03 11.17 13.09 17.48 19.18 19.85 20.11 21.84 20.68 19.93 17.85 18.07 15.63 13.87 11.41 10.93 10.07 9.06 11.31 13.46 16.41 15.50 16.27 19.03 19.38 17.13 17.83 21.58 20.78 19.34 20.26 19.83 17.28 16.67 15.97 15.95 15.85 16.70 18.07 20.28 21.34 24.45 26.36 27.09 25.66 21.89 20.24 19.85 17.64 15.92 16.70 15.84 15.41 15.42 18.21 18.83 19.26 20.50 20.65 23.01 23.21 21.93 20.59 17.66 15.14 13.73 13.57 13.76 14.44 15.03 16.62 18.40 19.64 19.18 21.51 20.75 17.27 14.59 12.24 11.95 10.65 10.19 9.59 12.06 12.91 13.93 16.03 18.82 20.49 21.16 22.42 24.13 25.42 25.36 26.22 26.20 23.58 24.87 22.43 21.19 23.10 21.86 18.55 19.35 21.16 19.78 18.33 20.36 20.06 17.74 18.31 20.09 19.55 18.22 20.50 21.85 20.99 20.48 23.77 23.41 23.44 23.20 22.60 23.55 23.92 21.98 23.30 25.21 23.77 22.94 22.43 22.61 24.57 23.47 24.36 27.55 
26.80 24.91 20.25 19.72 19.09 16.73 12.99 10.58 5.59 4.96 0.00 5.33 7.54 9.24 11.91 15.30 14.77 15.65 17.11 16.25 15.27 13.34 12.77 11.17 10.26 7.74 7.63 8.08 8.89 10.19 13.02 16.07 15.85 16.88 19.22 19.25 17.32 18.35 21.56 20.29 18.83 19.61 18.19 15.31 14.71 14.43 14.12 14.51 15.64 17.63 19.92 21.41 24.26 27.10 27.19 25.67 21.23 19.61 18.64 16.26 13.95 14.46 13.42 12.95 12.49 14.74 15.08 15.79 17.05 17.37 19.65 19.58 18.25 17.41 14.57 11.93 11.37 12.13 13.00 14.01 14.61 15.96 17.26 18.06 17.04 19.09 18.15 13.98 10.39 8.99 9.27 9.63 8.85 8.66 11.84 14.13 15.22 16.05 19.02 20.51 20.69 22.03 24.88 25.50 24.33 25.35 25.05 22.89 23.24 21.08 19.97 22.13 20.53 17.04 17.97 20.19 18.82 16.50 18.84 19.00 16.81 16.69 18.78 18.59 16.78 18.87 20.51 20.00 19.17 22.32 22.10 21.79 21.52 21.10 22.03 22.37 20.16 21.53 23.48 22.32 21.37 21.62 22.92 23.77 23.03 24.82 27.05 
29.65 27.84 23.46 22.72 21.57 20.13 16.70 14.54 9.57 6.03 5.33 0.00 6.22 6.36 10.29 11.06 13.14 13.58 15.04 13.33 13.47 11.99 12.40 11.21 10.06 8.25 9.11 9.96 9.79 11.65 14.85 17.88 17.19 17.49 19.65 20.18 18.77 18.87 21.91 21.17 19.61 19.86 18.71 16.08 15.41 14.80 14.65 14.88 16.59 18.62 20.98 22.56 26.08 28.68 28.74 27.13 23.13 21.33 20.68 17.93 15.37 15.14 13.33 12.34 12.53 13.73 13.40 14.36 15.70 15.30 17.96 17.40 16.67 16.15 14.01 11.03 11.32 12.71 14.02 14.44 14.94 16.90 18.35 18.97 17.80 20.48 19.00 15.04 11.98 10.76 10.84 11.27 10.81 11.19 13.95 15.93 16.86 18.14 20.84 22.06 22.10 23.38 25.64 26.51 26.04 26.93 26.46 23.68 24.23 21.84 20.48 22.51 21.34 18.05 18.68 21.27 19.59 17.35 19.42 19.78 17.48 18.05 20.13 19.90 18.26 20.49 21.97 21.06 20.54 23.81 23.44 23.01 22.78 22.40 23.21 23.89 21.70 22.97 24.81 23.60 22.79 22.46 22.52 24.81 23.56 24.97 27.09 
31.77 31.33 26.72 25.77 24.08 23.27 20.05 17.99 13.13 11.17 7.54 6.22 0.93 6.17 6.87 7.88 10.38 11.46 12.48 11.43 11.70 10.97 11.47 11.03 10.38 9.25 11.45 11.37 11.85 14.91 18.01 19.86 19.23 19.90 22.07 22.26 20.45 20.51 22.94 22.19 20.94 21.09 19.34 16.89 15.97 16.17 15.93 16.37 18.02 20.07 23.20 25.21 28.57 31.07 31.00 29.70 25.77 23.96 22.91 19.75 16.72 15.79 13.90 12.29 11.66 12.41 12.64 12.86 14.20 13.09 16.11 15.82 15.81 15.21 13.96 12.16 11.80 13.05 15.50 15.51 17.14 18.51 19.73 20.10 19.31 21.33 19.25 15.57 12.75 11.58 11.84 13.12 13.12 13.54 15.90 17.05 18.21 19.73 22.01 23.66 25.27 25.99 27.15 28.33 28.62 29.30 27.92 25.55 25.69 23.48 21.61 23.75 22.31 19.24 19.86 22.59 20.98 19.07 21.44 21.41 19.24 20.14 22.31 21.65 19.50 22.54 23.70 22.91 22.31 25.82 24.88 24.96 24.22 23.87 24.08 25.04 22.82 24.27 25.73 24.74 23.63 23.91 24.25 25.33 23.74 25.82 27.14 
33.78 32.73 29.25 28.24 26.10 25.84 22.18 20.75 15.59 13.09 9.24 6.36 6.17 0.00 5.50 6.61 7.41 9.06 10.89 10.50 10.95 9.30 9.77 9.25 8.49 7.89 9.16 10.68 11.16 15.56 17.49 19.93 19.10 19.99 22.21 22.27 20.16 20.65 23.20 21.78 19.73 20.52 18.74 14.59 13.87 14.53 15.14 15.76 17.23 20.59 23.93 25.61 29.00 31.36 32.17 30.45 26.71 24.67 23.74 20.37 16.07 16.23 13.46 11.82 9.86 11.96 9.79 10.97 12.13 10.72 13.55 13.36 13.59 13.81 12.79 9.60 10.74 11.86 14.26 15.19 16.10 17.73 19.14 19.79 18.47 20.80 19.01 14.95 11.91 11.40 12.53 14.01 13.99 14.22 17.13 17.96 18.60 19.89 22.15 23.95 25.42 25.39 26.45 27.99 28.08 28.50 27.74 25.06 25.46 22.71 21.34 23.15 21.94 18.13 18.91 21.62 20.39 18.19 20.87 20.83 18.76 19.48 22.00 21.39 19.40 22.05 23.57 22.63 21.77 25.11 24.70 24.40 24.03 23.40 24.13 24.66 22.77 23.94 25.66 24.46 23.88 23.47 23.61 25.50 23.96 24.82 26.32 
37.01 36.90 33.00 32.60 31.10 30.14 26.34 25.33 20.16 17.48 11.91 10.29 6.87 5.50 0.00 5.72 6.31 8.48 10.89 9.89 10.74 10.58 10.81 11.05 11.59 10.96 12.89 13.80 15.13 17.95 20.30 22.21 21.50 21.97 24.33 24.48 22.54 22.94 25.68 24.11 22.47 22.65 20.48 16.94 16.52 16.92 17.53 18.51 20.30 23.07 27.15 28.77 32.09 34.47 35.85 33.99 29.55 27.44 26.40 22.73 18.70 17.29 15.11 13.60 11.59 10.83 9.82 11.26 12.33 10.88 12.29 12.46 14.52 15.39 13.54 10.98 13.17 14.97 17.29 17.25 17.89 19.44 21.00 20.90 19.30 21.72 20.69 16.42 13.56 13.81 16.49 17.42 17.83 17.41 20.03 20.40 21.44 22.31 25.28 26.49 26.79 27.02 28.59 29.91 29.24 29.91 28.86 27.12 26.98 24.65 22.76 24.85 23.36 19.46 19.99 22.94 21.40 19.19 21.89 22.36 20.37 20.97 23.55 22.89 20.97 23.50 25.26 24.33 23.43 26.69 26.12 25.86 25.16 25.09 25.58 26.53 24.30 25.60 27.04 26.08 25.08 24.99 25.97 26.90 25.66 27.14 28.04 
37.71 36.88 33.34 32.49 31.84 31.96 27.51 25.90 20.39 19.18 15.30 11.06 7.88 6.61 5.72 0.00 5.58 7.18 8.42 8.65 9.17 9.99 10.83 11.78 11.91 12.73 15.15 17.20 17.40 19.90 22.18 23.68 22.11 22.84 25.01 25.42 23.49 23.60 25.72 24.95 22.76 22.43 20.54 18.19 18.07 17.93 18.45 19.42 20.89 23.37 27.35 29.06 32.19 34.82 36.08 34.21 29.98 28.20 27.76 24.19 20.52 19.52 17.58 16.18 14.30 14.17 12.45 13.16 14.25 10.75 14.86 15.12 16.21 16.50 16.13 13.58 14.75 16.19 18.45 18.08 18.58 20.10 21.55 21.78 20.17 22.57 21.31 16.91 14.57 15.14 17.56 18.36 18.88 18.78 21.21 21.18 22.09 23.08 25.56 26.50 27.08 27.30 28.82 30.14 29.58 29.88 28.98 26.75 27.10 23.83 22.08 24.30 22.98 18.77 19.32 22.31 20.93 18.22 21.40 22.01 20.10 21.09 23.75 23.04 21.47 24.47 25.70 24.54 23.68 27.11 26.53 26.10 25.66 25.23 26.18 26.94 25.29 26.29 27.89 26.90 26.02 25.54 25.98 28.09 26.35 27.00 28.39 
37.60 37.29 33.46 32.45 30.80 30.37 27.00 25.79 20.44 19.85 14.77 13.14 10.38 7.41 6.31 5.58 1.71 5.56 7.23 8.79 9.37 9.22 10.90 11.96 12.50 12.67 15.90 16.80 17.77 20.85 23.13 23.86 22.41 22.87 25.30 24.91 22.96 22.67 25.06 23.73 22.22 21.77 19.74 17.29 17.57 18.08 18.66 19.19 20.93 23.28 27.14 28.60 32.41 34.71 35.93 33.57 29.52 27.84 27.35 23.90 19.90 19.17 17.09 15.77 13.40 12.18 11.49 12.56 12.00 9.53 13.28 15.58 16.03 16.73 16.28 15.39 15.52 15.91 17.76 17.58 18.51 19.96 21.26 21.14 19.97 22.13 20.85 16.78 14.66 15.55 17.32 18.32 18.78 18.36 20.80 20.60 22.24 22.79 24.89 25.80 26.81 26.84 27.47 28.85 29.09 28.91 27.44 25.78 26.41 22.63 20.16 23.06 22.19 17.48 18.41 21.45 20.45 18.04 21.13 21.29 19.43 20.59 23.28 22.31 20.48 23.70 24.76 23.49 22.75 26.12 25.71 25.37 24.80 24.39 25.03 26.28 24.49 25.80 27.22 25.97 24.81 24.96 26.22 27.07 26.14 27.66 29.38 
37.91 36.41 33.41 32.46 31.37 31.25 27.74 26.68 21.35 20.11 15.65 13.58 11.46 9.06 8.48 7.18 5.56 0.00 6.09 7.61 8.34 9.42 10.51 10.97 11.33 12.27 14.86 15.99 16.89 20.25 22.44 23.24 21.89 22.62 24.91 24.59 22.21 22.85 24.80 23.06 20.88 21.34 19.59 16.32 16.30 17.50 18.84 19.47 21.24 23.69 27.37 29.42 32.89 35.30 35.71 33.81 30.09 28.28 27.27 23.58 19.81 19.57 17.04 15.18 12.56 13.25 12.12 12.49 12.85 11.42 14.79 16.14 17.68 17.94 17.21 15.49 15.64 15.52 17.50 17.76 18.43 19.50 20.80 21.15 19.78 22.15 20.40 17.11 14.34 14.60 16.97 18.81 18.93 18.47 20.45 20.51 21.92 22.37 24.10 25.46 26.69 25.94 26.30 27.80 28.50 28.29 26.86 24.65 25.57 22.20 19.78 22.55 21.09 16.25 17.47 20.70 18.56 16.90 20.46 20.78 18.19 19.60 22.83 21.85 19.73 23.02 24.12 22.93 21.91 25.33 25.02 24.55 23.76 23.11 24.08 25.04 23.70 24.72 26.57 25.15 24.49 24.10 24.52 26.88 25.35 26.04 28.35 
38.93 38.79 35.26 34.79 33.09 32.98 29.09 28.43 22.74 21.84 17.11 15.04 12.48 10.89 10.89 8.42 7.23 6.09 0.96 5.90 7.88 9.06 10.45 11.39 12.62 13.65 16.64 17.59 18.65 22.07 23.61 24.98 23.48 24.07 25.97 25.80 23.54 24.13 26.50 24.16 22.28 23.29 21.84 18.33 18.56 19.40 20.36 21.18 23.35 25.70 29.82 32.15 35.76 37.42 38.09 36.06 32.63 30.72 29.26 25.31 21.37 21.30 18.78 17.13 14.20 15.73 15.27 15.17 15.79 15.61 18.12 19.06 20.24 20.98 19.77 18.24 18.51 18.05 19.85 20.04 20.23 20.45 21.73 21.60 20.07 21.96 21.26 17.53 15.21 15.29 17.98 19.10 19.90 18.94 21.22 21.25 22.85 23.22 25.27 26.67 27.26 26.56 27.23 28.87 28.99 29.05 28.22 26.37 26.82 23.72 21.76 23.64 22.27 17.60 18.97 21.33 19.48 17.38 20.54 21.35 19.01 20.25 23.54 22.76 20.59 23.81 25.28 23.91 22.95 26.04 25.89 25.40 24.74 24.17 24.79 26.03 24.22 25.30 26.96 25.97 25.08 24.96 26.17 27.28 26.66 28.09 30.00 
38.50 37.11 34.02 33.07 32.31 32.13 28.41 27.12 21.47 20.68 16.25 13.33 11.43 10.50 9.89 8.65 8.79 7.61 5.90 0.71 5.92 6.83 9.14 11.45 12.39 13.69 16.11 18.58 19.20 21.92 23.65 24.61 22.92 23.11 25.28 25.08 23.28 23.21 25.65 23.96 22.24 22.52 21.07 19.03 19.17 19.23 20.32 20.94 23.21 24.80 28.76 30.97 34.53 36.18 36.60 34.73 31.03 29.21 28.35 24.52 21.28 21.06 19.25 17.83 16.45 17.25 16.76 17.14 17.65 16.67 20.75 21.02 21.11 20.75 20.09 18.66 18.51 18.06 19.41 19.65 19.35 19.69 20.94 21.51 19.73 21.83 20.30 17.05 14.73 15.64 17.79 18.83 19.13 18.73 20.79 20.63 21.91 22.80 24.32 25.53 26.17 26.02 26.96 28.39 28.21 27.99 27.16 25.19 25.77 22.03 20.09 22.34 21.04 16.14 16.82 19.90 18.13 15.54 18.47 19.33 17.43 18.43 21.60 21.15 19.47 22.38 23.57 22.47 21.90 25.01 24.44 24.11 23.95 23.19 23.92 25.06 23.88 25.10 26.66 25.71 25.30 24.95 25.15 27.33 26.45 27.16 29.38 
36.46 35.50 31.45 31.03 29.33 29.01 25.36 24.65 19.87 19.93 15.27 13.47 11.70 10.95 10.74 9.17 9.37 8.34 7.88 5.92 0.48 4.62 7.13 9.58 10.97 11.80 15.01 16.31 17.59 20.34 22.10 23.39 21.42 21.74 24.03 23.91 21.81 21.66 24.08 22.87 21.37 21.38 19.25 17.53 17.87 18.07 18.63 19.59 21.52 23.44 26.40 28.43 31.78 33.63 33.63 31.89 28.25 26.36 25.87 22.44 19.32 18.55 16.60 16.43 15.93 16.89 16.23 16.95 18.28 17.07 20.36 21.49 20.70 20.57 19.37 18.04 17.10 16.69 18.04 17.80 18.09 18.61 19.56 20.17 19.19 20.57 19.14 16.13 14.73 15.27 17.08 17.89 18.32 17.62 19.85 19.67 20.96 21.45 23.24 23.88 24.65 24.05 24.88 26.36 27.08 26.09 24.65 23.36 24.49 20.18 17.54 20.29 19.85 14.50 15.44 18.02 16.85 14.36 16.84 17.01 14.98 16.50 19.15 18.15 16.69 19.81 20.76 19.68 19.56 22.59 22.05 21.99 21.69 21.25 21.95 23.48 21.88 23.47 25.10 24.29 23.35 23.73 24.95 25.80 25.31 26.80 29.11 
35.30 33.09 29.90 29.11 27.98 27.38 23.52 23.06 18.57 17.85 13.34 11.99 10.97 9.30 10.58 9.99 9.22 9.42 9.06 6.83 4.62 0.12 4.79 6.15 8.38 9.97 11.91 13.11 14.53 17.53 19.28 20.89 19.09 19.56 21.95 22.03 20.03 20.38 22.40 21.35 19.64 20.20 17.97 15.79 15.74 15.75 16.31 17.10 19.55 20.75 23.82 25.85 29.65 31.23 31.22 29.70 26.32 24.27 23.43 20.31 17.34 16.87 14.76 14.50 12.97 15.08 15.18 15.20 16.58 16.23 19.65 19.72 19.57 19.74 18.00 16.71 15.91 15.43 16.37 16.51 16.15 17.30 18.66 19.91 18.41 19.99 17.79 15.65 13.26 13.38 14.65 16.57 17.00 15.52 17.88 17.74 18.83 19.05 20.86 21.85 22.60 21.79 22.37 23.84 24.74 24.26 22.77 20.91 22.38 18.09 15.53 18.48 17.47 11.42 12.95 16.29 13.96 11.07 15.07 15.10 12.22 13.96 17.31 16.33 14.37 17.96 19.03 18.16 17.48 20.97 20.35 20.30 19.93 19.50 20.37 21.41 20.12 21.69 23.66 22.39 22.26 22.29 22.40 24.45 23.87 24.95 27.32 
34.35 33.62 30.12 29.08 26.89 26.27 22.68 22.53 18.54 18.07 12.77 12.40 11.47 9.77 10.81 10.83 10.90 10.51 10.45 9.14 7.13 4.79 0.56 5.04 6.84 8.75 11.00 12.66 13.82 16.45 18.06 20.08 18.74 19.30 21.37 21.94 20.05 20.24 22.42 20.76 19.14 19.93 18.22 15.55 15.82 15.34 15.87 16.26 18.62 20.00 22.97 25.40 29.28 30.84 30.45 28.92 26.34 24.27 22.95 19.88 17.49 16.58 14.29 13.91 12.31 14.80 15.29 15.45 16.38 16.84 19.57 19.85 20.48 20.61 18.45 17.02 16.83 16.01 16.66 16.60 15.75 17.31 19.16 19.92 18.42 20.29 18.42 15.56 13.23 12.44 14.21 15.87 16.53 14.71 16.74 16.78 17.85 18.09 20.13 21.16 21.58 20.77 21.73 22.95 23.55 23.50 22.65 21.02 22.35 19.03 16.93 19.05 18.02 12.53 14.37 16.97 14.85 12.02 15.04 15.71 13.02 13.69 17.66 16.38 14.07 17.56 19.70 18.10 17.31 20.50 20.44 20.29 20.02 19.36 20.15 21.54 19.91 21.20 23.42 22.38 21.64 21.96 23.25 24.29 23.81 25.60 28.21 
33.10 31.48 27.96 27.47 25.69 25.09 20.73 20.85 16.34 15.63 11.17 11.21 11.03 9.25 11.05 11.78 11.96 10.97 11.39 11.45 9.58 6.15 5.04 1.15 5.50 6.07 9.30 11.12 12.06 14.76 16.45 17.99 16.59 16.79 19.13 19.66 18.25 18.47 20.90 19.47 17.65 18.66 17.41 15.15 14.29 13.79 14.51 14.89 16.77 18.05 21.45 23.56 27.17 28.73 28.52 27.34 24.39 22.46 21.37 18.51 16.48 15.82 13.44 13.09 12.23 14.27 14.87 15.08 16.44 16.92 20.02 20.50 20.32 20.26 18.56 16.72 15.50 15.16 15.36 14.99 14.19 15.33 17.76 18.30 17.17 18.67 17.23 14.51 12.21 11.83 13.18 14.19 14.48 13.54 15.87 15.17 16.10 16.76 18.43 19.48 20.23 19.36 20.56 21.64 22.30 22.37 21.75 19.90 21.21 17.70 15.90 18.62 16.80 11.34 12.41 16.43 14.04 9.92 12.89 14.08 11.42 11.46 15.35 15.48 13.52 16.53 18.08 17.15 16.62 19.75 18.98 19.23 19.04 18.35 19.09 20.50 19.29 20.52 22.46 21.61 21.58 21.66 21.22 23.81 23.36 24.80 27.18 
30.63 29.54 25.19 24.68 22.90 22.05 18.34 18.52 13.52 13.87 10.26 10.06 10.38 8.49 11.59 11.91 12.50 11.33 12.62 12.39 10.97 8.38 6.84 5.50 2.01 4.90 6.75 8.79 10.55 12.67 14.55 16.13 14.98 15.56 17.81 18.24 16.78 17.15 19.82 18.51 16.70 17.42 16.13 13.24 13.33 12.63 13.50 13.20 14.54 16.28 19.66 21.30 24.59 25.99 25.95 24.88 22.11 20.12 19.55 17.26 15.43 14.38 12.41 12.09 12.34 14.21 14.05 14.65 16.77 17.05 19.98 20.64 20.11 19.81 18.16 15.61 14.40 13.26 13.61 13.37 13.25 14.37 16.31 17.34 16.05 17.22 15.73 13.94 12.56 11.45 12.08 13.06 12.92 12.07 14.24 13.85 14.76 15.47 17.02 18.19 18.80 18.12 19.01 20.59 21.54 21.26 20.35 19.16 20.83 17.40 15.47 18.18 17.33 12.24 13.50 16.33 14.58 11.95 14.27 14.27 11.42 12.48 15.11 14.53 13.55 16.29 17.31 16.19 16.11 19.11 18.34 18.44 18.35 17.46 18.18 19.74 18.12 19.55 21.63 20.69 19.98 20.63 20.96 22.84 22.58 24.52 26.95 
29.70 27.67 23.90 22.86 21.83 20.92 17.09 16.36 11.97 11.41 7.74 8.25 9.25 7.89 10.96 12.73 12.67 12.27 13.65 13.69 11.80 9.97 8.75 6.07 4.90 1.56 5.22 5.93 8.25 11.03 12.45 14.42 13.69 14.65 17.14 17.43 16.49 17.23 19.58 18.37 16.83 17.86 15.89 12.70 12.16 11.92 12.19 11.68 13.33 14.38 17.73 19.69 23.40 25.03 24.52 23.85 20.93 18.87 18.61 16.31 14.67 13.82 12.59 11.77 11.17 13.67 14.18 14.97 16.46 16.93 19.63 19.93 19.78 18.93 17.00 14.96 13.02 12.33 12.84 13.03 12.47 13.81 16.44 18.35 17.26 18.76 16.33 14.58 12.10 11.42 11.83 12.95 13.23 11.21 13.09 12.86 13.99 14.71 16.58 17.34 18.42 17.24 18.46 20.17 21.23 21.33 20.48 18.72 20.80 17.85 15.87 18.78 17.66 13.19 14.43 17.37 15.35 12.87 15.91 15.31 11.86 13.17 15.99 14.82 12.90 16.57 17.77 16.61 15.91 19.32 18.85 18.91 18.41 17.82 18.79 19.85 18.33 19.72 21.94 20.77 20.70 20.77 20.30 23.09 22.81 23.87 26.45 
28.51 27.23 23.56 22.32 20.46 19.11 16.15 15.68 12.21 10.93 7.63 9.11 11.45 9.16 12.89 15.15 15.90 14.86 16.64 16.11 15.01 11.91 11.00 9.30 6.75 5.22 1.98 5.38 6.51 8.93 10.31 12.81 13.00 13.78 16.26 17.32 16.69 17.53 19.88 18.87 17.76 18.65 16.77 13.21 13.09 11.81 12.05 11.19 12.72 13.66 16.81 18.44 22.68 24.08 23.98 22.93 20.70 18.83 18.49 16.03 14.47 13.96 12.59 12.08 11.66 13.96 14.53 14.88 17.00 16.93 19.06 19.19 19.76 18.96 16.38 13.69 12.70 11.74 12.64 12.44 11.85 14.47 17.43 17.94 16.61 18.56 17.51 14.47 10.91 10.37 11.46 11.95 10.75 8.81 11.30 11.51 12.68 13.23 15.45 16.88 17.91 17.24 18.43 20.40 21.29 21.45 20.71 19.78 21.60 19.05 17.34 20.05 18.77 14.51 16.53 19.29 16.95 14.41 17.28 17.07 13.38 14.03 17.24 15.48 12.77 16.89 19.13 17.18 16.18 19.72 19.70 19.59 19.38 18.73 19.52 20.72 18.99 20.49 22.59 21.60 20.91 21.27 21.94 23.56 23.26 25.09 27.33 
27.30 25.59 21.98 21.23 19.63 18.10 14.36 14.27 10.77 10.07 8.08 9.96 11.37 10.68 13.80 17.20 16.80 15.99 17.59 18.58 16.31 13.11 12.66 11.12 8.79 5.93 5.38 1.43 4.86 6.83 8.52 10.91 10.85 12.16 14.49 15.30 14.79 16.03 18.98 17.83 16.17 17.87 16.57 13.22 12.07 11.74 12.66 12.12 13.36 14.06 17.48 18.59 21.93 23.82 23.70 22.85 20.29 18.21 18.11 15.78 14.15 13.23 12.48 11.63 11.23 13.69 14.35 14.93 16.11 16.43 18.62 19.02 18.98 18.50 16.14 14.00 11.89 11.95 12.68 13.21 13.27 15.31 17.88 19.51 18.48 20.75 18.88 16.63 13.43 12.60 12.72 13.31 12.19 10.31 11.84 11.74 13.20 13.62 15.26 16.59 18.12 17.39 18.44 20.50 21.57 21.95 21.02 19.93 21.93 19.70 18.22 20.95 19.67 15.58 17.28 20.31 18.24 15.93 18.67 18.28 14.73 15.53 18.12 16.92 14.35 17.70 19.43 18.09 17.31 20.56 19.90 20.14 19.56 18.99 19.80 21.10 19.26 20.60 22.81 22.05 21.94 21.89 21.50 24.07 23.88 24.74 27.15 
25.19 23.50 19.03 18.11 16.63 14.80 12.34 12.02 9.08 9.06 8.89 9.79 11.85 11.16 15.13 17.40 17.77 16.89 18.65 19.20 17.59 14.53 13.82 12.06 10.55 8.25 6.51 4.86 1.89 5.64 7.05 8.40 8.90 10.43 12.80 13.70 12.70 14.81 18.19 17.62 16.09 17.84 17.01 14.15 13.38 12.55 13.59 12.85 13.27 14.40 16.98 17.83 20.66 22.53 22.68 21.89 19.46 17.65 17.41 15.54 13.94 12.53 11.95 11.65 12.01 13.44 14.36 14.90 16.27 15.75 18.22 18.62 17.62 16.68 15.21 12.28 10.99 11.40 12.24 13.14 13.93 16.24 18.14 19.89 18.77 20.86 19.78 17.51 15.48 13.74 13.29 13.20 11.81 9.73 10.49 10.99 12.39 12.81 14.11 15.81 17.33 17.22 18.35 20.60 21.83 21.89 21.28 20.38 21.69 19.78 18.73 21.27 20.26 16.95 18.39 20.43 18.69 17.47 20.21 19.45 16.11 16.79 18.87 17.38 15.25 18.05 18.73 18.07 17.91 20.73 19.86 20.06 19.40 18.98 19.68 21.51 19.49 20.74 23.04 22.27 21.68 22.03 22.41 23.79 23.94 25.29 26.89 
25.02 23.08 19.10 18.17 16.51 15.40 12.23 12.43 10.34 11.31 10.19 11.65 14.91 15.56 17.95 19.90 20.85 20.25 22.07 21.92 20.34 17.53 16.45 14.76 12.67 11.03 8.93 6.83 5.64 1.16 5.82 7.63 8.25 9.82 12.39 13.67 13.78 15.47 18.81 18.79 17.74 19.46 18.62 16.53 16.03 14.69 15.15 14.74 15.42 16.27 18.48 19.79 22.43 24.45 23.69 23.43 20.80 19.43 19.60 17.49 16.05 14.82 14.81 14.33 14.57 15.89 16.90 17.87 18.32 17.30 18.98 18.94 18.43 17.44 15.13 12.98 12.23 13.17 14.28 15.60 16.44 18.72 21.22 22.84 22.18 23.79 22.87 20.86 18.20 17.58 16.85 16.83 15.17 12.15 12.64 12.87 14.03 14.91 16.38 17.73 19.15 19.26 20.47 22.51 23.19 23.81 23.67 22.37 23.72 22.13 21.13 23.37 22.48 19.48 20.21 22.68 21.53 19.99 22.65 22.20 19.18 19.96 21.40 19.75 17.34 20.11 20.99 20.04 19.61 22.39 21.90 22.27 21.72 21.19 22.12 23.49 21.78 23.46 25.15 24.16 23.98 23.76 23.30 25.43 24.96 25.69 27.40 
24.66 23.16 19.95 18.42 16.29 14.54 12.60 13.16 12.31 13.46 13.02 14.85 18.01 17.49 20.30 22.18 23.13 22.44 23.61 23.65 22.10 19.28 18.06 16.45 14.55 12.45 10.31 8.52 7.05 5.82 1.04 6.45 7.83 8.20 10.95 12.88 13.47 15.08 18.91 18.67 18.41 19.70 18.49 17.33 17.57 15.85 16.09 15.67 16.89 17.84 19.87 20.97 24.33 25.90 25.00 24.05 22.07 20.48 20.69 18.68 17.50 17.32 16.80 16.10 16.76 18.65 18.84 19.01 20.49 19.10 20.33 20.23 19.98 18.99 16.76 13.90 13.42 14.51 16.46 17.26 17.65 20.59 23.11 24.88 24.15 26.55 25.18 22.73 20.05 19.62 19.49 19.04 17.53 14.62 14.28 14.12 14.94 15.91 17.73 19.38 20.28 20.69 22.24 24.16 24.86 25.50 25.17 24.17 26.14 24.44 23.18 25.64 24.64 21.53 22.80 25.45 24.11 22.19 25.01 24.73 21.88 22.25 24.16 21.99 19.10 22.23 23.75 21.80 20.82 24.22 23.41 23.66 23.43 23.06 23.66 24.83 23.42 24.62 26.25 25.32 24.88 24.87 25.73 26.46 26.39 27.82 29.06 
23.61 22.24 18.84 18.14 15.78 15.41 13.08 14.35 13.95 16.41 16.07 17.88 19.86 19.93 22.21 23.68 23.86 23.24 24.98 24.61 23.39 20.89 20.08 17.99 16.13 14.42 12.81 10.91 8.40 7.63 6.45 1.18 6.05 7.48 9.58 10.68 11.84 13.77 17.96 18.15 17.85 19.69 19.63 18.41 18.32 17.05 18.05 18.21 19.21 19.72 21.92 22.92 26.31 28.12 27.23 26.30 23.91 22.05 22.21 20.32 19.47 18.96 18.58 17.68 18.53 20.01 20.15 20.66 21.32 20.38 21.36 21.79 21.70 21.09 18.16 16.28 15.70 17.36 18.96 19.73 20.38 22.67 25.11 26.30 26.51 28.74 27.70 24.99 22.81 22.73 22.25 21.05 19.59 16.37 16.31 15.36 15.97 16.41 18.25 20.08 21.34 21.81 23.10 24.99 25.69 26.66 26.07 25.17 27.14 25.89 24.64 27.02 26.20 23.23 24.33 27.22 25.79 24.13 26.84 26.51 23.33 24.17 25.88 24.02 21.28 23.87 24.91 23.00 22.41 25.45 24.88 25.29 25.13 24.30 25.11 25.99 24.42 25.71 27.46 26.63 26.11 25.89 25.75 27.88 26.92 27.59 29.18 
20.81 18.83 15.39 14.84 13.14 12.47 11.74 13.69 13.52 15.50 15.85 17.19 19.23 19.10 21.50 22.11 22.41 21.89 23.48 22.92 21.42 19.09 18.74 16.59 14.98 13.69 13.00 10.85 8.90 8.25 7.83 6.05 0.42 5.74 7.75 7.90 8.94 11.23 14.96 15.45 15.65 16.86 16.69 15.41 15.35 14.98 16.02 16.68 17.60 18.47 20.65 22.49 25.80 26.91 26.59 25.28 22.68 20.89 20.82 18.66 17.82 17.10 17.08 16.26 17.35 18.56 18.83 19.26 20.01 18.76 20.41 20.94 20.44 19.79 17.50 16.08 15.62 16.71 17.77 18.63 19.02 21.63 23.97 25.20 24.65 27.55 26.93 24.27 22.02 22.03 21.22 20.23 18.41 15.83 14.25 13.96 14.23 14.80 15.48 17.63 19.05 19.87 20.96 22.91 23.21 24.03 24.05 23.13 24.82 23.50 22.63 25.26 24.36 21.58 22.64 25.11 23.67 22.50 25.16 24.66 21.52 22.09 23.74 21.93 19.64 21.93 22.50 21.09 20.52 23.45 22.80 23.32 23.25 22.52 23.23 24.58 22.94 24.11 25.93 24.96 24.31 24.21 24.96 25.86 25.84 26.80 28.12 
19.66 18.15 14.70 14.03 11.94 11.53 10.79 13.00 13.75 16.27 16.88 17.49 19.90 19.99 21.97 22.84 22.87 22.62 24.07 23.11 21.74 19.56 19.30 16.79 15.56 14.65 13.78 12.16 10.43 9.82 8.20 7.48 5.74 0.22 6.19 7.27 7.93 9.51 12.28 14.02 14.28 15.50 15.18 14.35 14.80 14.90 16.36 16.89 17.38 18.65 21.61 23.13 26.16 27.81 27.11 26.15 23.16 21.17 21.35 18.75 17.19 16.32 15.90 15.51 16.90 17.69 17.74 18.76 19.41 18.71 19.56 20.03 20.06 19.60 17.39 16.00 15.20 16.98 18.24 19.47 19.56 21.54 24.17 25.90 25.45 27.90 27.50 25.30 23.31 22.88 22.33 22.02 19.99 17.10 15.40 15.27 15.10 14.17 15.64 16.96 17.96 18.80 20.46 22.25 22.31 23.48 23.56 22.98 24.69 23.45 23.02 25.45 24.63 22.09 22.97 25.40 24.19 23.15 25.71 25.35 22.36 22.99 24.44 22.53 19.95 22.16 23.06 21.11 20.54 23.49 23.08 23.34 23.03 22.58 23.36 24.31 22.89 23.88 25.61 24.81 24.42 23.96 24.08 26.56 25.23 26.03 27.96 
20.52 19.63 16.77 15.52 13.17 13.75 13.34 15.01 15.66 19.03 19.22 19.65 22.07 22.21 24.33 25.01 25.30 24.91 25.97 25.28 24.03 21.95 21.37 19.13 17.81 17.14 16.26 14.49 12.80 12.39 10.95 9.58 7.75 6.19 1.04 6.33 7.95 8.03 10.56 12.53 13.73 15.00 14.84 15.24 15.56 15.53 17.06 17.90 18.72 20.78 23.88 25.60 28.89 30.11 29.58 27.95 25.30 23.51 23.42 20.19 18.62 17.08 16.56 15.95 17.77 18.72 18.64 19.35 20.98 19.72 20.35 21.20 20.87 20.79 18.63 16.82 16.06 17.69 19.24 20.63 21.07 23.26 25.98 27.94 27.75 29.80 29.52 28.00 26.37 25.80 24.97 24.29 22.67 19.33 17.85 17.21 17.12 16.27 16.80 18.07 18.63 19.87 21.52 22.95 23.21 24.92 25.06 24.64 26.96 26.12 25.28 28.13 27.37 24.77 25.85 28.94 27.28 25.96 28.39 28.56 25.54 25.87 27.68 25.74 22.54 25.26 26.30 24.02 22.78 26.03 25.35 25.17 24.88 24.59 25.03 26.02 24.52 25.25 26.89 26.37 26.15 25.79 27.23 27.81 27.60 28.80 30.16 
19.68 19.16 16.11 14.62 12.88 13.37 13.21 15.39 16.36 19.38 19.25 20.18 22.26 22.27 24.48 25.42 24.91 24.59 25.80 25.08 23.91 22.03 21.94 19.66 18.24 17.43 17.32 15.30 13.70 13.67 12.88 10.68 7.90 7.27 6.33 0.72 5.85 6.30 8.15 9.92 10.75 12.73 12.63 12.96 13.93 13.94 16.65 18.21 19.93 21.61 24.75 26.13 29.50 31.06 30.46 28.79 26.25 24.05 23.55 19.73 17.61 16.63 15.63 14.57 15.83 17.94 17.80 18.67 18.91 18.79 20.25 21.06 20.18 20.24 17.93 16.96 15.92 17.56 19.21 20.91 20.90 23.08 25.53 27.53 27.43 30.58 30.45 28.85 27.05 26.89 26.31 25.36 23.51 20.34 18.90 17.78 17.54 16.15 16.76 17.48 18.04 18.82 20.27 22.00 22.49 24.35 24.03 23.28 25.96 25.50 25.23 27.76 27.15 24.77 26.49 29.30 27.16 25.90 29.00 28.82 25.41 25.76 27.92 25.63 22.47 24.89 26.13 23.52 22.39 25.57 25.05 24.47 24.33 23.96 24.74 25.27 23.66 24.42 26.37 25.93 25.78 25.42 25.95 28.25 27.15 28.04 29.91 
18.06 16.69 13.14 12.77 10.72 11.66 11.35 13.85 14.35 17.13 17.32 18.77 20.45 20.16 22.54 23.49 22.96 22.21 23.54 23.28 21.81 20.03 20.05 18.25 16.78 16.49 16.69 14.79 12.70 13.78 13.47 11.84 8.94 7.93 7.95 5.85 1.35 5.22 6.94 7.80 9.67 10.46 10.13 10.82 11.42 12.20 14.41 16.50 19.00 21.16 23.21 25.31 28.80 29.90 29.43 27.91 25.10 22.66 21.86 17.64 15.34 14.15 13.93 12.24 12.59 14.44 16.30 16.26 16.42 16.19 17.74 18.13 17.51 17.76 15.35 14.29 13.55 15.24 17.42 18.55 18.81 21.53 24.08 25.74 25.96 29.26 29.95 28.02 26.12 26.12 25.47 24.24 22.42 19.41 17.80 16.23 16.01 14.25 14.41 15.29 15.40 15.57 16.87 19.04 19.85 21.04 21.07 20.63 23.22 22.58 22.39 25.40 24.61 22.52 23.95 26.45 24.08 23.47 26.59 26.26 22.67 23.15 25.03 22.93 19.74 22.20 23.22 21.01 19.78 23.11 22.28 22.11 21.53 21.39 21.80 22.84 21.11 22.01 23.89 23.62 23.21 23.33 24.92 25.60 25.52 26.92 28.79 
18.82 17.54 14.41 13.67 11.97 12.60 11.90 14.07 14.90 17.83 18.35 18.87 20.51 20.65 22.94 23.60 22.67 22.85 24.13 23.21 21.66 20.38 20.24 18.47 17.15 17.23 17.53 16.03 14.81 15.47 15.08 13.77 11.23 9.51 8.03 6.30 5.22 0.28 5.45 6.82 7.87 8.86 9.85 9.67 10.91 12.00 15.04 16.99 19.15 21.52 24.92 27.09 30.02 31.39 30.92 29.72 26.38 24.47 22.86 19.26 16.53 14.95 13.66 12.63 12.63 14.76 15.29 16.37 16.58 17.39 17.78 18.71 17.79 18.17 15.29 15.38 14.03 15.43 17.36 19.32 19.66 22.04 24.83 27.10 27.38 30.36 30.53 29.36 27.55 27.22 26.48 26.22 24.24 21.29 19.06 18.04 16.57 14.45 14.72 15.71 15.26 15.62 16.90 19.02 19.35 20.88 21.13 21.53 24.06 23.33 22.81 26.24 25.78 23.16 24.51 27.21 25.38 24.39 27.21 27.09 23.95 24.04 25.91 24.01 20.80 22.93 24.13 22.09 20.81 23.93 23.19 23.11 22.60 21.85 22.14 23.09 21.80 22.22 24.01 23.59 23.76 23.30 24.18 26.29 25.44 26.44 28.79 
21.63 21.46 19.51 18.30 15.63 17.05 16.90 18.44 18.49 21.58 21.56 21.91 22.94 23.20 25.68 25.72 25.06 24.80 26.50 25.65 24.08 22.40 22.42 20.90 19.82 19.58 19.88 18.98 18.19 18.81 18.91 17.96 14.96 12.28 10.56 8.15 6.94 5.45 2.56 6.69 7.22 9.81 10.28 12.33 13.49 14.71 18.46 19.74 21.21 23.98 27.93 30.26 33.96 35.17 35.37 33.49 29.42 27.15 25.71 21.58 18.83 17.45 16.38 15.20 15.14 15.82 16.22 17.27 18.40 18.07 19.38 20.26 19.56 19.65 17.06 17.17 16.30 16.96 18.85 21.36 22.47 24.70 27.30 30.06 31.19 33.19 33.18 32.05 31.23 30.65 29.65 29.09 28.08 23.80 21.89 20.00 18.89 16.53 16.86 17.05 16.66 17.08 18.52 19.43 20.03 21.87 22.29 22.48 26.24 25.22 24.90 28.40 28.52 25.72 26.74 29.94 28.49 27.10 29.59 29.77 26.97 26.81 28.44 26.92 23.77 25.97 27.00 24.96 23.81 26.40 25.66 25.46 25.30 24.34 24.43 25.84 24.18 24.54 26.43 26.16 25.65 25.42 27.02 27.81 27.60 28.95 30.82 
21.91 21.70 19.86 18.91 15.54 17.36 17.03 18.89 18.42 20.78 20.29 21.17 22.19 21.78 24.11 24.95 23.73 23.06 24.16 23.96 22.87 21.35 20.76 19.47 18.51 18.37 18.87 17.83 17.62 18.79 18.67 18.15 15.45 14.02 12.53 9.92 7.80 6.82 6.69 0.00 5.23 6.97 7.70 9.50 11.83 13.34 15.89 17.77 19.93 21.73 26.64 28.63 33.17 34.57 34.36 32.59 28.66 26.19 24.57 20.50 17.98 17.44 15.55 14.58 12.52 14.76 15.01 15.62 15.60 16.66 18.68 18.72 17.55 18.00 15.57 15.94 14.93 15.46 17.30 19.77 21.21 22.96 25.48 28.24 29.50 32.33 32.46 31.20 30.26 29.91 29.10 28.51 27.06 23.44 21.08 19.23 17.96 16.17 15.92 17.03 15.99 15.45 16.38 18.48 18.72 20.66 20.53 20.45 24.24 23.77 23.29 26.99 26.70 24.17 25.91 28.65 26.58 25.79 28.54 28.24 25.03 25.34 27.08 25.13 22.06 24.42 25.18 22.77 21.74 24.80 23.77 23.53 23.21 21.73 22.33 23.19 21.73 21.58 24.07 23.83 23.87 23.46 24.15 26.57 25.89 26.96 29.53 
22.46 21.98 19.26 18.83 15.91 17.06 16.41 18.40 17.42 19.34 18.83 19.61 20.94 19.73 22.47 22.76 22.22 20.88 22.28 22.24 21.37 19.64 19.14 17.65 16.70 16.83 17.76 16.17 16.09 17.74 18.41 17.85 15.65 14.28 13.73 10.75 9.67 7.87 7.22 5.23 0.00 5.64 7.24 8.92 10.19 12.32 15.23 16.94 19.27 20.79 25.56 27.94 33.39 34.63 34.41 32.00 28.12 25.52 23.73 20.06 17.92 16.89 14.21 12.35 10.42 12.40 12.99 12.70 11.78 13.31 16.50 16.19 14.94 15.11 14.10 13.72 13.84 14.03 16.91 18.59 19.62 22.29 24.89 27.29 29.02 31.86 32.45 30.66 29.34 29.18 28.89 27.82 26.20 22.99 20.82 18.44 17.83 15.78 15.67 16.13 15.26 14.30 14.27 16.43 16.28 17.98 18.30 18.22 22.23 21.59 21.37 24.72 24.15 21.97 23.90 26.04 23.91 23.39 26.68 26.23 23.00 23.18 25.14 23.13 20.48 22.69 23.31 21.17 20.01 23.09 21.88 21.84 21.74 19.90 20.15 21.36 19.70 20.11 22.10 22.15 21.58 21.73 23.36 24.57 24.19 25.98 28.55 
24.01 23.58 21.02 20.52 18.23 19.76 18.30 19.70 18.51 20.26 19.61 19.86 21.09 20.52 22.65 22.43 21.77 21.34 23.29 22.52 21.38 20.20 19.93 18.66 17.42 17.86 18.65 17.87 17.84 19.46 19.70 19.69 16.86 15.50 15.00 12.73 10.46 8.86 9.81 6.97 5.64 0.00 6.67 8.30 9.63 10.65 14.82 16.72 18.73 21.30 26.08 28.14 33.40 35.10 34.94 32.63 28.34 25.53 24.13 21.09 18.72 16.43 13.52 12.58 11.35 11.77 12.14 13.29 12.74 13.94 16.43 17.04 14.93 14.94 13.29 14.03 14.08 14.89 17.46 19.30 20.28 22.80 25.45 27.78 29.67 32.66 32.42 31.19 30.06 29.90 29.14 29.12 27.11 23.87 21.46 20.03 18.46 16.88 15.73 16.22 14.79 14.31 14.11 15.79 16.15 18.64 18.77 19.22 23.00 22.57 21.89 25.54 25.27 22.98 24.38 27.09 25.43 24.85 27.21 27.25 24.15 24.03 25.65 24.14 21.27 23.22 24.01 21.88 20.89 23.47 22.76 22.85 22.85 21.11 21.23 22.31 21.12 21.24 23.26 22.81 23.00 22.62 22.91 25.25 24.73 25.70 28.58 
24.75 24.47 21.98 21.01 18.63 19.60 18.44 19.71 18.39 19.83 18.19 18.71 19.34 18.74 20.48 20.54 19.74 19.59 21.84 21.07 19.25 17.97 18.22 17.41 16.13 15.89 16.77 16.57 17.01 18.62 18.49 19.63 16.69 15.18 14.84 12.63 10.13 9.85 10.28 7.70 7.24 6.67 0.00 6.37 7.63 8.77 10.74 14.43 17.80 19.85 24.66 27.10 31.91 34.06 34.12 31.83 26.79 24.44 22.67 18.48 18.02 13.49 13.06 11.34 10.58 9.24 10.86 10.93 11.75 11.61 14.18 14.50 14.07 13.58 11.21 11.89 12.58 13.91 15.33 17.87 18.38 21.79 24.86 27.28 28.61 31.63 31.83 30.20 29.42 28.92 28.51 27.89 26.29 23.02 21.41 19.50 18.50 15.03 14.27 13.41 12.28 11.94 12.15 12.40 13.60 16.03 16.65 16.84 21.23 20.35 19.98 23.77 24.33 21.64 22.99 25.82 24.53 23.25 25.47 25.46 22.90 22.44 23.91 22.14 19.38 21.55 22.16 19.64 19.00 22.03 20.82 21.16 21.46 20.15 20.61 21.90 20.28 20.87 23.19 22.70 22.31 22.47 24.19 25.10 24.65 26.30 28.65 
24.09 23.41 20.81 20.15 17.81 18.82 17.32 18.43 16.29 17.28 15.31 16.08 16.89 14.59 16.94 18.19 17.29 16.32 18.33 19.03 17.53 15.79 15.55 15.15 13.24 12.70 13.21 13.22 14.15 16.53 17.33 18.41 15.41 14.35 15.24 12.96 10.82 9.67 12.33 9.50 8.92 8.30 6.37 0.00 5.19 5.49 8.58 10.66 13.78 16.23 21.38 24.97 29.70 31.10 30.80 28.57 24.40 22.84 20.18 14.61 12.84 9.89 8.37 7.44 6.47 8.91 9.73 10.25 10.29 12.22 14.05 14.96 13.56 13.01 10.49 9.62 9.64 10.57 12.26 15.05 15.13 18.18 22.03 24.74 25.73 29.39 29.86 28.42 27.06 27.12 26.33 26.16 24.10 21.18 19.70 17.33 14.79 12.38 10.87 11.12 9.84 9.36 9.18 11.02 11.53 14.19 14.44 14.41 18.25 17.63 17.48 21.15 21.26 18.63 20.49 23.02 21.38 20.60 23.08 22.32 19.71 19.53 21.35 19.44 16.52 18.76 19.37 16.81 15.89 19.30 17.62 18.03 18.36 17.03 17.83 18.44 17.18 17.58 20.25 19.81 20.07 20.12 20.23 23.03 22.93 23.92 27.16 
24.24 23.53 19.96 19.18 18.17 18.30 16.85 17.89 16.31 16.67 14.71 15.41 15.97 13.87 16.52 18.07 17.57 16.30 18.56 19.17 17.87 15.74 15.82 14.29 13.33 12.16 13.09 12.07 13.38 16.03 17.57 18.32 15.35 14.80 15.56 13.93 11.42 10.91 13.49 11.83 10.19 9.63 7.63 5.19 0.00 5.24 6.70 9.22 12.30 15.18 20.48 22.64 27.06 28.81 27.54 26.41 21.15 19.63 17.55 12.44 11.40 7.21 7.17 5.80 5.88 8.23 10.18 10.56 11.35 12.80 14.54 14.85 14.99 13.95 11.58 9.83 8.67 9.85 11.28 14.12 13.72 17.80 21.05 23.86 24.87 29.01 29.54 27.82 25.82 25.52 25.39 24.59 22.86 20.21 19.52 15.91 13.57 11.17 10.17 10.18 8.57 8.23 9.33 11.22 11.69 14.22 15.08 14.28 17.74 17.18 17.88 20.46 20.30 17.64 20.12 22.05 20.20 19.14 22.28 21.71 18.86 18.80 20.54 18.51 16.02 17.95 18.06 15.72 14.65 18.36 16.56 16.92 17.41 16.80 16.94 17.94 16.70 17.57 19.84 19.48 18.92 19.60 20.40 22.43 22.49 23.82 26.34 
