1.48 5.21 6.33 7.51 9.26 11.47 12.46 13.46 15.12 16.31 17.93 20.15 20.86 20.98 22.51 22.92 23.32 23.94 25.18 26.48 27.30 28.18 27.54 27.50 26.81 26.11 25.78 26.42 25.94 25.59 25.69 26.25 25.92 26.28 27.48 28.66 29.34 29.46 29.77 31.33 31.50 30.18 29.03 28.16 27.53 26.70 26.37 26.46 26.87 26.09 25.58 25.13 25.88 25.27 24.96 25.02 25.38 25.42 25.92 26.71 27.09 27.57 27.81 28.96 28.41 27.12 26.71 26.47 26.54 26.53 26.91 27.41 28.85 28.96 27.40 27.76 28.80 28.20 28.12 29.59 29.85 28.92 29.65 30.52 29.92 29.40 30.31 29.30 29.12 29.61 30.09 29.81 30.20 31.99 32.92 32.26 34.32 34.57 33.68 31.82 30.89 29.81 28.81 28.11 27.81 28.21 28.89 29.31 28.55 29.22 29.70 29.67 28.73 28.85 30.23 29.80 28.30 28.50 29.75 29.00 28.60 29.38 29.28 28.31 28.17 28.52 29.32 29.49 31.11 31.46 31.36 29.90 30.32 30.71 29.14 27.89 28.83 29.59 28.38 28.06 30.13 31.02 30.39 29.74 29.95 28.84 28.39 29.11 29.26 28.64 29.06 28.19 28.71 28.70 29.96 29.30 30.68 30.95 30.29 29.74 30.35 29.54 28.76 29.06 28.98 28.25 27.28 27.01 27.13 27.19 27.78 27.91 29.98 28.81 30.06 33.89 
5.21 0.73 4.34 5.83 8.52 9.36 10.62 12.69 13.81 14.92 16.48 18.86 20.24 20.22 22.10 22.48 22.69 23.34 24.82 26.10 26.79 27.83 27.29 27.23 26.49 25.71 25.44 25.81 25.19 24.51 24.89 25.50 25.22 25.34 26.68 28.16 29.03 28.67 29.01 31.07 31.64 29.94 28.35 27.79 27.24 26.05 25.80 25.88 26.53 25.59 25.35 24.67 25.72 24.68 24.80 24.59 25.25 25.00 25.88 26.52 26.90 27.24 27.79 28.96 28.27 26.74 26.82 26.52 26.72 26.36 27.00 27.28 29.18 28.90 27.08 27.48 29.17 27.75 27.50 29.41 30.22 28.13 29.04 30.22 30.13 28.87 30.04 29.04 29.01 29.37 29.76 29.58 30.20 31.93 32.82 31.92 34.56 34.63 33.64 31.47 30.97 29.47 28.45 27.68 27.58 27.71 28.45 28.89 28.11 28.62 29.03 29.19 28.09 28.11 29.69 29.36 27.84 27.71 29.16 28.29 28.05 28.87 28.39 27.50 27.67 27.85 28.48 28.71 30.95 31.29 30.87 29.21 30.12 30.47 28.46 27.15 28.83 29.62 27.69 27.15 30.10 30.54 29.62 28.87 29.76 28.27 27.40 28.28 28.77 27.62 28.26 27.29 28.25 27.96 29.25 28.18 30.43 30.23 29.57 28.99 30.43 29.23 28.19 28.09 28.62 27.57 26.32 26.27 26.68 26.37 25.26 25.74 28.47 28.93 28.04 31.76 
6.33 4.34 0.00 3.95 6.44 7.67 7.69 10.40 12.25 12.87 14.11 16.69 17.69 18.27 20.13 20.91 20.52 21.48 23.13 24.52 25.07 26.54 26.04 26.21 25.09 24.48 24.14 24.55 23.43 22.88 23.25 23.88 23.49 23.55 24.95 26.56 27.52 27.22 27.69 29.84 30.64 28.61 27.35 26.37 25.99 24.64 24.74 24.58 25.32 24.30 24.53 23.61 24.54 23.66 24.05 23.78 24.21 24.15 25.11 25.77 25.82 26.39 27.30 28.32 27.59 26.09 26.42 25.97 26.08 25.77 26.61 26.85 28.74 28.45 26.79 26.96 28.50 26.95 26.68 28.55 29.45 27.18 27.97 29.22 29.45 27.95 29.32 28.18 28.39 28.40 28.97 28.41 29.42 30.86 32.00 30.94 34.19 33.89 33.12 30.48 30.17 28.42 27.67 26.67 26.56 26.51 27.41 27.68 27.19 27.41 27.99 27.86 27.29 26.84 28.44 27.89 26.88 26.45 27.90 26.94 27.05 27.35 27.12 25.98 26.56 26.37 27.10 27.12 29.74 29.59 29.52 27.52 28.99 28.97 27.25 25.68 27.66 27.97 26.30 25.59 28.67 28.85 28.07 27.10 28.17 26.22 25.64 26.17 26.83 25.52 26.35 25.21 26.57 25.83 27.29 26.06 28.62 28.23 27.55 26.84 28.56 27.04 26.11 26.27 26.83 25.87 24.94 25.76 26.80 26.75 24.82 26.13 28.94 29.51 28.44 29.61 
7.51 5.83 3.95 0.00 5.40 7.39 7.37 8.47 11.04 12.86 13.40 15.92 17.18 17.42 19.59 20.39 20.30 21.17 22.88 24.17 24.57 26.06 25.62 25.89 24.64 24.19 23.72 23.94 22.80 22.37 22.81 23.35 22.72 23.21 24.64 26.15 26.82 26.92 27.23 29.47 29.80 28.42 26.76 26.21 25.54 24.69 24.36 24.44 24.90 24.25 23.99 23.50 24.34 23.74 23.78 23.95 24.31 24.39 25.11 26.09 26.26 26.65 27.09 28.52 27.78 26.23 26.28 26.17 26.40 25.91 26.26 26.82 28.48 28.27 26.34 27.15 28.54 27.25 26.44 28.75 29.69 27.39 27.93 29.31 29.40 27.83 28.60 27.85 28.03 28.17 28.36 28.30 29.45 30.83 31.52 30.76 34.00 33.59 32.72 30.47 30.28 28.44 27.19 26.71 26.63 26.48 26.97 27.62 27.17 27.66 27.80 28.23 27.51 27.31 28.50 28.44 27.37 27.04 27.97 27.38 27.11 27.73 27.12 26.35 26.70 26.71 27.02 27.37 29.79 29.78 29.19 27.57 28.76 29.28 27.21 26.26 27.97 28.60 26.54 26.14 28.88 29.31 27.83 27.31 28.28 26.40 25.04 26.01 26.35 25.13 25.31 24.80 26.01 25.48 26.43 25.47 27.95 27.84 26.81 26.54 28.22 27.10 25.76 26.03 26.71 25.76 24.19 25.14 26.79 25.73 23.92 24.28 30.10 28.59 27.49 29.42 
9.26 8.52 6.44 5.40 0.00 6.54 6.81 8.02 9.05 12.48 13.69 16.56 17.28 17.41 18.95 19.29 19.36 20.70 22.19 23.74 24.44 26.00 25.00 25.34 24.38 23.91 23.24 23.89 22.97 22.58 22.80 23.70 23.11 23.63 25.02 26.89 27.36 27.57 27.85 30.25 30.68 28.77 26.85 26.21 25.82 24.28 23.63 23.50 24.20 22.93 22.52 21.90 23.54 22.49 22.52 22.58 23.28 23.17 23.86 25.13 25.69 25.92 26.15 27.75 27.19 25.02 24.64 24.50 25.19 24.43 24.52 24.93 26.92 26.73 24.52 25.17 26.96 25.60 24.96 27.28 27.92 25.90 26.79 28.19 27.73 26.16 27.47 26.24 26.35 26.50 27.10 26.68 27.96 29.81 30.50 29.47 32.70 32.82 32.03 29.46 29.38 27.33 26.11 25.12 24.78 24.78 25.63 26.23 25.42 26.23 27.26 27.40 26.28 26.30 28.38 28.08 26.37 26.31 28.15 27.02 26.33 27.04 27.12 25.95 26.30 26.44 27.27 27.08 29.41 29.74 29.75 27.51 28.97 29.58 27.77 25.96 28.07 29.04 27.13 26.36 29.35 30.19 28.66 27.65 28.65 26.78 25.82 26.49 27.01 25.64 26.08 24.97 26.20 25.79 27.13 25.98 28.30 28.53 27.36 26.94 28.76 27.74 26.29 26.33 26.35 25.64 23.88 24.55 25.22 25.96 26.70 28.29 27.86 27.19 29.31 33.19 
11.47 9.36 7.67 7.39 6.54 0.00 5.90 7.41 8.34 9.52 11.87 15.33 16.35 16.01 17.60 17.89 18.26 19.52 21.37 22.95 23.75 25.73 24.54 24.62 23.64 22.98 22.39 22.82 22.02 21.54 21.80 22.51 22.20 22.49 24.12 26.03 27.11 26.97 27.26 29.82 30.52 28.42 26.01 25.37 24.93 23.54 22.76 22.73 23.62 22.44 21.86 21.27 23.07 22.04 22.17 22.24 23.12 22.89 23.92 24.90 25.58 25.85 26.19 27.59 26.80 24.74 24.31 24.09 24.70 24.00 24.10 24.45 26.62 26.14 23.75 24.47 26.56 24.80 24.11 26.63 27.62 25.02 26.14 27.61 27.45 25.80 27.08 25.85 25.89 26.05 26.62 26.28 27.81 29.38 30.37 28.96 32.74 32.37 31.51 28.64 28.68 26.59 25.20 24.21 24.17 24.06 24.97 25.65 25.10 25.75 26.68 26.88 25.86 25.83 27.94 27.67 26.09 25.79 27.58 26.44 25.98 26.66 26.42 25.40 25.84 25.95 26.59 26.73 29.33 29.49 29.23 27.09 28.69 29.20 26.93 25.50 27.67 28.59 26.31 25.81 29.26 29.84 27.95 26.97 27.92 25.95 24.39 25.55 26.21 24.84 25.17 24.06 25.54 24.83 26.21 24.89 28.00 27.61 26.62 25.88 28.16 26.78 25.48 25.33 25.76 24.63 23.18 23.89 24.45 25.06 24.78 26.26 26.55 27.23 27.92 31.10 
12.46 10.62 7.69 7.37 6.81 5.90 0.00 5.62 7.20 7.92 9.57 12.58 14.04 13.82 16.13 15.47 15.30 16.51 18.15 20.04 20.66 22.95 21.99 22.19 20.87 20.56 20.06 20.25 19.09 18.79 19.12 19.83 19.56 19.96 21.38 23.63 24.57 24.55 24.59 27.57 28.32 26.07 23.60 22.94 22.32 20.86 20.30 20.41 21.10 19.97 19.71 19.14 20.85 19.85 19.98 20.21 20.94 20.97 21.88 23.07 23.36 23.87 24.29 25.56 24.65 22.60 22.47 22.05 22.57 21.84 22.16 22.36 24.51 24.01 21.51 22.09 24.23 22.27 21.41 23.93 24.92 22.45 23.34 25.05 25.18 23.47 25.08 23.77 23.82 23.89 24.65 24.22 25.63 27.32 27.96 26.99 30.56 30.37 29.34 26.53 26.69 24.47 23.13 21.94 21.69 21.68 22.57 23.27 22.83 23.43 24.15 24.48 23.66 23.49 25.52 25.32 24.03 23.62 25.35 24.34 24.11 24.51 24.31 23.16 24.01 23.64 24.42 24.52 27.31 27.22 26.96 24.74 26.78 26.75 24.56 23.01 25.51 26.07 23.83 23.29 26.76 27.20 25.55 24.42 25.44 23.22 21.93 22.71 23.44 21.83 22.50 21.36 22.86 22.01 23.35 22.38 25.36 25.20 23.96 23.46 25.61 24.24 22.87 22.79 23.38 21.86 20.47 21.75 23.44 23.62 22.37 25.19 25.39 25.42 25.72 28.27 
13.46 12.69 10.40 8.47 8.02 7.41 5.62 0.00 6.21 7.83 8.37 10.48 12.94 13.73 15.29 15.63 15.39 16.83 18.66 20.57 20.89 23.47 21.84 22.52 20.53 20.42 19.67 20.14 18.83 18.74 19.00 19.78 19.55 20.15 21.71 23.96 24.81 24.96 25.10 27.93 28.21 26.30 23.63 22.96 21.90 21.09 20.39 20.73 21.14 20.40 19.90 19.56 21.05 20.30 20.30 20.79 21.34 21.59 22.29 23.66 24.08 24.57 24.64 26.34 25.02 23.13 22.61 22.60 22.72 22.31 22.26 22.86 24.55 24.39 21.51 22.52 24.23 22.86 21.78 24.50 25.44 23.29 24.27 26.08 25.77 24.40 25.53 24.39 24.00 24.53 24.91 24.81 25.99 28.06 28.75 27.51 31.30 30.96 29.87 27.09 26.79 24.90 23.28 22.36 21.99 22.09 22.84 23.61 22.90 23.92 24.56 25.07 24.05 24.36 26.25 26.32 24.72 24.71 26.35 25.52 24.92 25.86 25.42 24.40 24.50 24.79 25.34 25.65 28.10 28.36 27.85 25.82 27.26 27.87 25.53 24.37 26.60 27.53 25.15 24.75 28.06 28.61 26.79 25.89 26.54 24.39 22.46 23.76 24.15 22.84 22.98 22.28 23.44 22.92 24.17 22.98 25.91 25.73 24.67 24.00 26.08 24.82 23.15 22.89 23.49 22.34 20.77 21.88 23.31 23.75 22.74 24.28 25.47 24.94 25.70 28.58 
15.12 13.81 12.25 11.04 9.05 8.34 7.20 6.21 0.00 6.69 7.17 9.14 10.46 11.41 13.75 14.33 14.15 15.38 17.19 19.01 19.56 22.18 20.24 20.68 19.30 18.97 18.06 18.58 17.79 17.38 17.80 18.89 18.78 19.69 21.22 23.49 24.15 24.51 24.66 27.29 27.43 25.56 23.07 22.34 21.37 20.43 19.70 20.11 20.38 19.71 19.28 18.90 20.77 19.87 19.89 20.28 20.86 21.11 21.93 23.47 24.04 24.58 24.37 25.97 25.09 22.84 22.21 22.18 22.67 21.96 21.57 22.04 23.97 23.67 21.24 21.97 23.90 22.36 21.85 24.45 25.28 23.52 24.77 26.38 25.76 24.30 25.48 24.12 23.77 24.27 24.69 24.53 25.59 27.85 27.98 27.15 30.69 30.78 29.68 26.86 26.49 24.48 22.64 21.87 21.29 21.65 22.40 23.17 22.14 23.38 24.39 24.93 23.79 24.27 26.50 26.45 24.48 24.82 26.71 25.72 24.74 25.93 25.76 24.49 24.38 24.88 25.59 25.75 27.76 28.52 28.38 26.06 27.38 28.24 26.15 25.04 27.07 28.33 25.76 25.51 28.49 29.19 27.08 26.28 26.98 24.79 22.91 24.00 24.34 22.94 23.21 22.35 23.30 22.87 24.09 23.12 25.43 25.61 23.96 23.38 25.23 24.07 22.37 22.45 23.30 21.65 19.89 20.83 22.62 22.89 22.53 23.82 26.16 25.33 26.52 27.70 
16.31 14.92 12.87 12.86 12.48 9.52 7.92 7.83 6.69 0.00 5.79 8.05 9.12 9.52 11.47 12.20 13.12 13.86 15.93 16.72 18.59 21.02 19.22 19.46 18.28 17.90 16.51 16.90 15.79 15.60 16.15 17.51 17.75 18.44 20.41 22.82 23.61 24.06 24.20 26.96 27.07 25.16 22.34 21.51 20.45 19.70 18.83 19.16 19.55 19.02 18.77 18.10 19.90 19.35 19.51 19.93 20.44 20.78 21.93 23.23 23.71 24.47 24.20 25.94 24.53 22.45 21.62 21.49 21.77 20.99 20.64 21.19 22.72 22.35 19.99 20.66 22.79 20.95 20.47 23.35 24.39 22.30 23.66 25.47 25.10 23.90 24.78 23.70 23.20 23.97 24.17 24.13 25.23 27.14 27.66 26.49 30.11 29.91 28.70 25.81 25.42 23.52 21.71 20.79 20.36 20.45 21.22 22.09 21.27 22.40 23.47 24.21 23.17 23.63 25.67 25.72 23.87 24.12 26.06 25.39 24.38 25.67 25.41 24.50 24.24 24.72 25.41 25.64 27.76 28.21 27.92 25.60 27.00 27.63 25.50 24.30 26.46 27.61 25.20 24.71 27.95 28.50 26.49 25.57 26.48 24.26 22.15 23.12 23.56 22.12 22.51 21.38 22.59 21.95 23.02 21.81 24.67 24.38 22.69 22.11 24.12 23.01 21.37 21.21 22.21 20.41 18.97 20.35 21.92 22.23 22.11 22.54 25.22 24.54 26.58 26.91 
17.93 16.48 14.11 13.40 13.69 11.87 9.57 8.37 7.17 5.79 0.08 6.60 7.36 7.81 10.04 10.91 10.56 11.76 13.39 14.81 15.97 18.58 16.94 17.87 16.79 16.57 15.18 15.77 14.49 14.57 15.30 16.79 16.76 17.86 19.94 22.47 23.03 23.44 23.63 26.42 26.62 24.62 21.84 20.82 19.41 18.64 17.84 18.17 18.47 18.16 17.76 17.46 18.98 18.82 18.97 19.42 19.76 20.26 21.39 22.71 22.80 23.89 23.96 25.31 23.72 21.52 20.86 20.56 20.46 19.73 19.39 19.85 21.61 21.34 18.26 19.24 21.52 19.51 18.66 21.74 22.78 21.01 21.90 23.95 24.00 22.77 24.00 22.70 22.40 23.05 23.42 23.20 24.25 26.40 26.53 25.78 29.49 29.14 27.65 24.96 24.66 22.65 20.72 19.71 19.01 19.19 19.64 20.49 19.78 21.15 22.02 22.87 22.16 22.43 24.45 24.77 23.23 23.52 25.34 24.75 24.21 25.11 24.77 23.79 24.04 24.10 24.59 24.91 27.20 27.35 26.85 24.75 26.34 26.85 24.42 23.34 25.40 26.54 24.15 23.90 26.81 27.68 26.03 25.01 25.62 23.43 21.52 22.56 22.69 21.26 21.59 20.47 21.57 20.81 21.97 20.96 23.53 23.35 21.94 21.21 23.27 21.92 20.76 20.68 21.45 19.93 18.62 19.93 21.93 21.84 21.23 23.34 25.81 25.25 26.63 26.77 
20.15 18.86 16.69 15.92 16.56 15.33 12.58 10.48 9.14 8.05 6.60 0.00 7.18 8.44 9.95 10.74 12.06 13.85 15.77 16.56 16.88 19.39 17.83 18.70 16.88 16.96 15.91 16.97 15.49 15.89 16.78 18.47 18.42 19.88 21.79 23.97 24.65 25.53 25.45 28.40 28.08 26.54 23.41 21.87 20.56 20.14 19.10 19.64 19.90 19.56 19.43 19.34 21.09 20.72 20.85 21.30 21.51 21.94 23.10 24.27 24.54 25.53 25.54 27.05 25.35 23.14 22.41 21.91 21.88 21.17 20.56 20.92 23.02 22.35 19.52 20.39 22.95 20.85 20.37 23.15 24.58 22.73 23.91 25.81 26.08 24.74 25.68 24.24 24.17 24.78 24.94 24.49 25.84 27.82 28.30 26.86 30.93 30.40 29.34 26.59 26.41 24.17 22.33 21.08 20.56 20.81 20.87 21.29 21.19 22.81 23.96 24.63 24.07 24.58 26.78 26.88 25.47 25.81 27.78 26.93 26.28 27.71 27.17 26.05 26.13 26.36 26.72 27.01 29.12 29.29 28.80 26.68 28.51 29.05 26.71 25.63 28.11 28.93 26.77 26.33 29.85 30.29 28.57 27.80 28.63 26.18 24.23 25.28 25.65 24.04 24.10 22.97 24.31 23.27 24.43 23.11 25.85 25.63 24.00 23.44 25.38 23.93 22.47 22.25 23.75 22.29 20.55 21.84 23.35 23.94 23.15 24.33 27.23 27.65 27.50 27.56 
20.86 20.24 17.69 17.18 17.28 16.35 14.04 12.94 10.46 9.12 7.36 7.18 0.00 6.43 7.87 9.19 10.86 11.93 13.63 15.24 16.43 17.76 15.58 17.11 16.17 16.01 15.26 16.86 15.96 15.89 17.21 18.74 18.83 20.50 22.55 24.28 25.09 25.90 26.12 28.55 28.79 26.62 23.71 22.64 21.27 20.00 18.63 19.13 19.90 19.22 18.70 18.99 21.05 20.65 20.64 21.35 21.69 22.25 23.16 24.50 24.89 25.90 25.81 27.37 25.92 23.43 22.66 22.17 22.05 20.83 20.20 20.64 23.10 21.99 19.25 20.87 23.25 20.92 20.55 23.63 24.76 23.07 24.29 26.35 26.41 24.96 25.72 24.68 24.53 25.03 25.12 24.72 25.92 27.99 27.98 26.90 30.67 30.57 29.42 26.62 26.48 24.50 22.22 20.97 20.25 20.47 20.58 20.98 20.94 22.87 24.09 25.07 24.46 25.06 27.47 27.75 25.94 26.61 28.68 27.71 26.75 28.13 27.86 26.63 26.42 26.73 27.03 26.85 29.02 29.41 29.05 27.07 28.70 29.66 27.20 26.35 28.70 29.89 27.30 27.36 30.59 31.39 29.40 28.75 29.55 27.29 25.35 26.51 26.59 25.05 25.04 23.99 24.90 23.97 24.81 23.65 25.98 25.97 24.39 23.60 25.77 24.01 22.52 22.96 24.09 22.71 21.28 22.62 24.27 24.52 23.82 25.41 28.64 28.22 28.77 28.93 
20.98 20.22 18.27 17.42 17.41 16.01 13.82 13.73 11.41 9.52 7.81 8.44 6.43 0.00 6.44 7.73 8.72 10.04 12.25 13.28 15.23 16.43 14.08 14.96 13.97 13.69 13.06 14.65 12.97 13.52 15.12 17.38 16.59 18.10 20.49 23.05 23.76 24.69 24.64 27.64 27.29 25.43 22.09 20.58 19.51 18.34 16.93 17.14 17.43 16.84 16.90 16.78 18.84 18.58 19.09 19.43 19.95 20.30 21.44 22.70 23.14 23.87 23.87 25.38 23.76 21.17 20.28 19.61 19.60 18.47 17.60 18.06 20.12 18.94 16.23 17.73 20.56 17.96 18.29 21.73 22.87 20.82 22.39 24.59 24.97 23.39 24.21 23.04 23.08 23.38 23.55 23.32 24.77 26.17 26.75 25.27 29.21 28.61 27.47 24.44 24.47 22.10 20.12 18.78 17.68 17.81 17.85 18.71 18.52 20.37 21.82 23.08 22.47 23.12 25.39 25.70 24.54 24.79 26.80 26.03 25.26 26.48 26.11 25.01 25.20 25.18 25.19 25.34 27.49 27.79 27.31 25.34 27.23 27.92 25.61 24.54 26.96 27.93 25.87 25.67 29.13 29.74 27.93 27.13 28.01 25.79 23.93 24.90 24.97 23.43 23.68 22.10 22.95 21.95 23.07 21.58 24.11 23.85 22.49 21.54 23.36 21.72 20.67 20.84 22.22 20.61 19.46 20.93 22.69 23.10 22.60 24.09 27.51 27.44 26.88 27.09 
22.51 22.10 20.13 19.59 18.95 17.60 16.13 15.29 13.75 11.47 10.04 9.95 7.87 6.44 0.00 6.49 7.07 8.99 10.96 12.03 14.12 16.00 15.28 15.17 14.56 14.44 14.01 15.54 13.85 14.44 16.35 18.46 18.13 19.16 21.50 24.08 24.69 25.21 25.34 27.97 28.11 25.78 22.56 21.13 19.50 18.29 16.90 17.39 17.61 17.15 17.27 17.51 18.84 18.86 19.36 19.94 20.18 20.74 21.89 23.09 23.31 24.18 24.18 25.60 23.85 21.29 20.47 19.71 19.36 18.18 17.48 17.44 19.86 19.00 16.18 17.63 20.63 18.49 18.46 21.86 23.07 21.32 22.69 25.03 25.28 23.93 24.92 23.61 23.46 23.89 23.85 23.77 24.78 26.92 26.97 26.12 29.62 29.43 27.77 25.11 24.71 22.64 20.24 18.45 17.31 17.63 17.63 18.04 18.35 20.35 21.69 22.60 22.33 22.94 25.23 25.74 24.63 25.11 26.91 26.31 26.14 27.05 26.45 25.63 25.98 25.69 25.44 25.58 28.14 28.17 27.52 25.62 27.44 28.15 25.56 24.63 26.76 28.11 25.72 25.87 28.98 29.93 28.21 27.61 28.26 26.11 24.13 25.31 25.20 23.74 23.89 22.40 23.05 22.22 23.24 21.93 24.35 23.98 22.67 21.77 23.87 22.13 21.16 21.41 22.84 21.35 20.06 21.75 23.44 23.77 22.78 24.55 27.77 27.82 27.93 27.29 
22.92 22.48 20.91 20.39 19.29 17.89 15.47 15.63 14.33 12.20 10.91 10.74 9.19 7.73 6.49 0.00 6.30 7.85 9.55 10.57 11.68 14.19 13.70 14.03 12.05 12.66 12.73 14.19 12.63 13.37 15.63 17.97 17.68 18.87 20.85 23.05 23.77 24.69 24.79 27.62 27.22 25.72 21.92 20.02 18.46 17.58 15.25 15.72 15.96 15.66 15.63 16.15 17.82 17.50 18.22 18.50 18.96 19.41 21.07 22.09 22.49 23.43 23.51 24.87 22.78 20.40 19.34 18.52 18.01 17.34 16.33 16.07 18.88 18.21 15.37 16.78 19.88 17.90 18.11 21.43 22.72 21.16 22.59 24.79 25.02 23.56 24.46 22.86 22.90 23.30 23.44 22.75 24.39 26.31 26.67 25.23 29.17 28.73 27.10 24.16 24.02 21.68 19.13 17.26 16.30 16.80 16.27 16.02 17.02 19.31 20.93 21.99 21.74 22.58 25.18 25.49 24.41 24.81 26.88 26.08 25.54 26.89 26.26 25.02 25.32 25.16 24.85 24.94 27.30 27.65 27.05 24.96 26.83 27.55 25.19 24.13 26.74 27.76 25.73 25.54 29.30 29.89 28.28 27.60 28.71 26.23 24.14 25.28 25.57 24.00 23.71 22.06 22.88 21.76 22.51 21.28 23.87 23.46 22.05 21.05 23.74 22.14 20.69 20.71 22.66 21.10 20.08 21.40 23.22 23.42 22.66 24.21 27.63 27.71 27.50 27.02 
23.32 22.69 20.52 20.30 19.36 18.26 15.30 15.39 14.15 13.12 10.56 12.06 10.86 8.72 7.07 6.30 0.00 6.11 7.42 9.08 10.29 11.78 12.10 13.05 12.21 11.47 11.62 13.55 12.12 12.18 15.10 16.92 16.46 18.07 20.23 21.94 22.51 23.39 23.88 25.95 26.43 24.33 20.88 18.97 17.41 15.64 13.31 13.35 14.47 13.48 13.55 13.83 16.09 15.65 16.11 16.62 17.12 17.84 19.11 20.60 21.02 22.18 22.13 23.58 21.78 19.29 18.45 17.45 16.95 15.65 15.33 14.98 18.09 16.59 14.00 16.20 19.54 16.93 17.22 20.76 22.07 20.36 21.80 23.93 24.09 22.63 23.61 22.02 21.98 22.43 22.39 21.95 22.91 25.21 25.39 24.10 27.97 27.66 25.99 22.98 22.93 20.43 18.14 16.28 15.56 15.67 15.04 14.94 15.80 18.09 20.13 21.09 20.93 21.65 24.41 24.75 23.28 23.95 26.20 25.21 24.61 25.77 25.51 24.09 23.95 23.73 23.66 23.53 25.82 26.19 25.85 23.59 25.34 26.14 24.02 23.12 25.73 27.02 24.77 24.86 28.56 29.34 27.70 27.02 28.06 25.93 23.87 24.94 25.09 23.33 22.90 21.30 21.66 20.52 21.34 19.99 22.75 22.32 21.06 20.43 23.19 21.70 20.30 20.55 22.57 21.33 19.98 20.82 22.37 22.94 22.40 23.59 27.10 26.96 27.68 28.49 
23.94 23.34 21.48 21.17 20.70 19.52 16.51 16.83 15.38 13.86 11.76 13.85 11.93 10.04 8.99 7.85 6.11 0.00 6.90 7.29 9.01 10.44 10.50 12.64 12.09 10.59 10.78 13.07 11.70 11.09 14.46 17.21 16.81 18.02 20.59 22.58 22.70 23.91 24.00 26.90 26.58 25.06 21.41 19.54 17.56 16.22 13.87 13.99 13.74 13.02 13.44 13.43 15.43 15.43 16.14 16.50 17.17 17.71 19.38 20.79 21.21 22.48 22.46 24.05 22.13 19.68 18.58 17.51 16.93 15.91 14.92 14.67 17.93 17.21 14.45 16.54 19.80 17.81 18.10 21.75 23.07 21.22 22.65 24.93 25.00 23.53 24.20 22.79 22.89 23.03 22.97 22.80 24.09 25.92 26.22 24.98 28.66 28.17 26.47 23.69 23.30 20.41 17.61 16.02 14.71 14.07 13.17 13.89 15.27 18.01 19.72 21.22 20.82 22.11 24.43 25.20 23.67 24.37 26.07 25.54 24.72 26.06 25.03 23.85 23.80 23.47 22.92 23.14 25.44 25.93 25.29 23.37 25.09 26.04 23.79 23.02 25.59 26.96 24.94 25.20 28.38 29.50 27.71 27.00 27.84 25.81 24.12 24.95 24.77 23.11 22.74 20.86 21.17 20.06 20.74 19.57 22.04 22.08 20.96 20.17 22.76 21.45 20.22 20.44 22.34 20.85 19.87 20.85 22.27 22.66 22.35 23.37 26.07 26.89 27.60 27.84 
25.18 24.82 23.13 22.88 22.19 21.37 18.15 18.66 17.19 15.93 13.39 15.77 13.63 12.25 10.96 9.55 7.42 6.90 0.00 5.73 6.96 8.81 10.35 10.97 10.66 10.93 10.71 12.42 11.75 11.41 13.09 16.54 16.70 18.23 20.26 22.57 22.90 23.82 24.18 26.73 27.15 24.97 21.94 20.04 18.12 15.95 14.04 13.54 13.21 12.16 12.86 12.55 14.32 14.16 15.57 16.17 16.70 17.63 19.59 21.03 21.39 22.46 22.72 24.13 22.36 19.59 18.92 17.78 17.38 16.02 15.53 15.54 18.34 18.04 15.59 17.25 20.19 18.64 18.81 22.50 23.68 21.74 23.26 25.43 25.63 23.72 24.63 23.34 23.51 23.53 23.23 23.22 24.62 26.40 26.60 25.41 29.48 28.59 26.91 23.63 23.42 20.89 18.12 15.94 13.72 14.07 13.50 14.08 15.30 18.19 19.97 21.15 21.07 21.90 24.42 24.93 23.77 24.18 26.12 25.35 25.35 25.94 25.02 23.89 24.16 23.58 23.00 22.98 25.55 25.76 25.40 23.18 25.07 25.86 23.78 22.83 25.17 26.63 24.66 24.74 28.00 28.88 27.44 26.89 27.59 25.53 23.81 24.76 24.58 22.61 22.13 20.52 20.92 19.70 20.37 19.25 21.88 21.68 20.67 20.07 22.49 21.23 20.30 20.67 22.11 20.95 20.03 20.84 22.28 22.72 22.03 23.06 26.08 26.64 27.28 26.93 
26.48 26.10 24.52 24.17 23.74 22.95 20.04 20.57 19.01 16.72 14.81 16.56 15.24 13.28 12.03 10.57 9.08 7.29 5.73 0.00 6.03 7.17 7.88 9.95 9.56 9.73 10.57 12.56 11.71 11.30 13.55 16.42 17.33 18.14 21.17 23.30 23.52 24.40 24.50 27.76 27.35 26.09 22.60 20.76 18.31 17.59 14.50 14.55 14.07 13.34 13.36 13.49 14.45 14.32 16.00 16.92 17.43 18.08 20.04 21.59 22.17 23.51 23.54 25.27 23.48 21.05 20.12 19.14 18.16 17.74 17.26 17.47 20.45 20.17 17.74 19.26 21.84 20.39 20.29 23.72 25.15 23.35 24.71 26.96 26.86 25.33 26.03 24.56 24.59 24.98 24.60 24.51 25.65 27.59 27.81 26.61 30.26 29.76 28.11 24.85 24.20 21.68 18.86 16.72 14.45 14.68 14.84 15.66 17.16 19.64 21.50 22.80 22.63 23.76 25.98 26.56 24.92 25.87 27.40 26.79 25.91 27.15 25.94 24.74 24.38 24.28 23.62 23.90 25.77 26.61 25.89 23.75 25.16 26.49 24.24 23.80 25.76 27.22 25.33 25.71 28.83 29.82 27.99 27.78 28.42 26.25 24.41 25.50 25.21 23.50 22.68 21.19 21.60 20.18 20.73 19.71 22.37 21.98 21.04 20.45 22.95 21.94 20.97 21.13 22.79 21.79 20.75 21.76 23.18 23.58 22.62 23.95 26.36 27.53 27.36 27.16 
27.30 26.79 25.07 24.57 24.44 23.75 20.66 20.89 19.56 18.59 15.97 16.88 16.43 15.23 14.12 11.68 10.29 9.01 6.96 6.03 0.00 7.01 7.35 8.96 8.82 9.46 10.61 11.79 11.15 10.73 12.87 15.08 14.76 17.12 19.98 22.07 22.12 23.14 23.69 26.11 26.56 25.09 22.05 19.66 17.83 16.32 13.88 13.81 13.91 12.83 12.70 13.10 14.99 14.21 15.01 16.11 17.23 17.91 19.40 20.95 22.14 23.19 23.33 24.82 23.27 20.54 19.89 18.58 17.89 17.34 17.31 17.24 20.73 20.40 17.51 19.23 21.94 20.22 20.26 23.84 25.28 23.43 25.09 26.78 26.96 25.33 26.33 24.55 24.38 24.83 24.89 24.17 24.97 27.07 28.00 26.15 30.12 29.67 28.23 24.93 24.29 21.79 18.98 17.35 15.54 15.42 15.44 16.90 18.09 20.29 21.92 23.17 22.85 23.77 26.22 26.13 24.56 25.21 27.71 26.40 25.72 26.72 26.04 24.38 23.80 23.55 23.50 23.19 25.51 25.62 25.74 23.06 24.43 25.52 23.59 22.58 25.03 26.41 24.63 24.73 28.21 29.06 27.66 26.80 27.98 25.79 24.22 24.99 24.81 22.76 21.92 20.36 21.39 19.34 19.94 19.16 22.09 21.85 20.58 20.25 23.16 22.03 21.09 21.39 23.10 22.36 21.32 21.97 23.34 23.54 23.05 23.98 26.57 26.76 28.03 28.29 
28.18 27.83 26.54 26.06 26.00 25.73 22.95 23.47 22.18 21.02 18.58 19.39 17.76 16.43 16.00 14.19 11.78 10.44 8.81 7.17 7.01 0.00 6.54 8.44 8.07 8.56 9.24 11.68 11.93 11.54 13.10 15.78 15.93 17.36 20.98 22.81 23.80 24.79 24.77 27.95 27.80 26.53 23.41 21.93 19.66 18.74 16.37 16.37 15.92 14.73 14.67 14.74 15.98 15.94 16.73 17.59 18.47 19.14 21.01 22.69 23.34 24.55 25.02 26.62 24.95 22.72 22.18 21.00 20.06 19.96 19.78 19.81 22.52 22.23 19.70 21.16 23.83 22.37 22.31 25.68 26.86 24.97 26.50 28.72 28.61 27.08 27.78 26.45 26.25 26.69 26.36 26.45 27.25 29.20 29.59 28.33 31.81 31.21 29.61 26.55 25.97 23.25 20.12 18.58 17.07 17.06 16.72 18.18 19.38 21.89 23.95 25.19 24.44 25.83 28.09 28.53 26.63 27.48 29.00 28.17 27.26 28.25 27.10 25.62 25.12 24.91 24.45 24.88 27.06 27.59 26.90 24.73 26.22 27.31 24.92 24.54 26.73 28.22 26.04 26.46 29.72 30.86 29.19 28.37 29.14 27.18 25.63 26.48 25.89 24.07 23.39 21.89 22.78 20.94 21.64 20.90 23.68 23.95 22.87 22.63 25.13 24.20 23.18 23.33 24.70 23.85 22.60 23.82 24.87 24.99 24.26 25.35 26.95 27.93 28.26 27.83 
27.54 27.29 26.04 25.62 25.00 24.54 21.99 21.84 20.24 19.22 16.94 17.83 15.58 14.08 15.28 13.70 12.10 10.50 10.35 7.88 7.35 6.54 0.31 6.79 7.22 7.10 8.18 9.28 10.11 10.64 11.50 12.80 13.88 15.42 17.14 20.47 21.73 23.11 23.31 26.12 26.75 24.81 22.00 20.11 18.85 17.08 16.00 15.42 15.01 14.18 13.84 13.45 14.39 14.33 15.47 16.04 16.58 17.79 19.72 21.43 21.83 23.21 23.68 25.08 23.39 21.30 20.80 19.62 19.26 18.88 19.06 19.18 21.23 21.17 18.69 20.15 22.43 21.20 21.07 24.52 25.41 23.29 25.23 27.20 27.33 25.38 26.33 25.06 25.37 25.10 24.94 24.89 26.48 27.88 28.03 26.31 30.77 30.08 28.06 24.61 24.40 22.20 19.24 17.31 15.64 16.30 16.56 17.91 18.77 21.53 23.59 24.40 23.67 24.64 27.30 27.30 25.95 26.14 27.75 26.63 26.41 27.07 25.81 24.40 24.35 24.03 23.70 23.80 26.47 26.33 26.32 24.10 25.77 26.33 24.13 23.30 25.82 26.81 24.76 24.94 28.50 29.08 27.58 26.95 27.94 25.96 24.30 25.03 24.87 22.94 22.14 20.74 21.68 20.40 21.40 20.52 23.59 23.56 22.77 22.23 24.76 23.31 22.91 22.70 23.94 22.55 21.71 22.74 23.64 23.61 23.12 23.94 26.35 26.88 27.96 26.78 
27.50 27.23 26.21 25.89 25.34 24.62 22.19 22.52 20.68 19.46 17.87 18.70 17.11 14.96 15.17 14.03 13.05 12.64 10.97 9.95 8.96 8.44 6.79 0.00 6.94 8.08 7.03 8.39 9.63 10.54 10.99 12.96 13.63 15.05 17.00 19.16 20.62 21.74 22.18 25.36 25.25 23.90 20.92 19.23 17.61 17.10 15.40 15.43 15.00 14.29 14.18 13.51 13.92 13.90 14.83 15.49 16.52 17.31 19.08 20.26 21.12 22.51 22.76 24.42 23.06 20.96 20.34 19.42 19.27 19.49 19.36 19.46 21.42 21.45 18.78 20.04 21.98 21.01 20.50 23.69 24.66 22.94 24.48 26.67 26.40 25.24 26.12 24.73 24.85 24.98 25.00 24.71 25.97 27.62 27.56 25.91 29.73 29.16 27.31 24.17 24.12 21.56 19.13 17.35 16.21 16.72 17.40 18.61 19.27 21.39 23.40 24.40 23.34 24.32 26.68 27.05 25.36 25.75 27.24 26.24 25.43 26.57 25.26 23.81 23.64 23.72 23.28 23.67 25.54 26.17 25.81 23.79 24.90 25.71 23.32 22.72 25.00 26.03 23.91 24.09 27.60 28.11 26.14 25.68 27.08 24.78 23.03 23.79 23.90 22.30 21.40 19.81 20.84 20.16 21.46 20.67 23.31 23.65 22.52 22.27 24.34 23.40 22.40 22.30 23.32 22.14 21.18 22.15 23.12 23.20 22.75 23.84 25.60 26.40 27.00 26.63 
26.81 26.49 25.09 24.64 24.38 23.64 20.87 20.53 19.30 18.28 16.79 16.88 16.17 13.97 14.56 12.05 12.21 12.09 10.66 9.56 8.82 8.07 7.22 6.94 0.00 6.28 7.18 7.18 7.45 8.71 9.71 11.61 11.69 12.87 14.82 17.19 17.47 19.34 20.10 22.79 23.11 21.73 18.99 16.65 15.44 14.65 13.95 14.10 14.02 13.04 12.76 12.65 12.75 12.12 13.30 14.08 14.74 15.78 17.17 18.80 19.40 20.88 21.25 22.89 21.45 19.22 18.93 18.25 18.00 17.77 18.10 18.25 20.24 20.02 17.12 18.64 20.83 18.84 18.84 22.39 23.24 21.35 23.22 24.93 24.84 23.47 24.87 23.52 23.22 23.45 23.88 23.20 23.84 25.60 26.65 24.57 28.47 27.61 26.25 23.18 23.17 20.29 17.93 16.34 15.95 16.20 16.78 17.99 18.58 20.83 22.63 23.25 22.45 23.05 25.87 25.80 24.14 24.30 26.18 25.01 24.14 25.03 24.29 22.69 22.21 22.26 22.26 22.38 24.49 24.91 24.93 22.49 23.61 24.46 22.21 21.46 23.77 24.90 22.98 23.01 26.34 26.86 25.15 24.68 25.77 23.69 21.92 22.71 22.82 20.80 19.83 18.60 19.79 19.29 20.45 19.62 22.57 22.84 21.88 21.40 23.67 22.50 21.55 21.49 22.94 21.78 20.57 21.27 22.23 22.73 22.27 23.10 25.41 25.75 26.69 27.26 
26.11 25.71 24.48 24.19 23.91 22.98 20.56 20.42 18.97 17.90 16.57 16.96 16.01 13.69 14.44 12.66 11.47 10.59 10.93 9.73 9.46 8.56 7.10 8.08 6.28 0.00 5.60 7.93 6.72 7.21 8.67 10.26 10.89 11.76 13.61 15.59 16.93 17.45 18.56 21.55 22.27 20.62 17.90 16.29 15.13 14.47 13.69 14.02 13.78 12.93 12.81 12.14 11.30 11.10 12.11 12.76 12.62 13.97 16.37 17.42 18.22 19.79 20.09 22.04 20.47 18.60 18.39 17.54 17.24 17.12 17.38 17.73 19.60 19.28 16.41 17.73 19.85 18.07 18.00 21.61 22.58 20.46 22.48 24.43 24.18 22.71 23.94 22.94 22.85 23.05 23.17 22.77 23.66 25.46 25.51 23.94 27.24 26.51 24.88 22.06 21.63 19.18 16.80 15.41 14.72 15.08 15.23 16.75 17.36 20.07 22.08 22.96 21.74 22.91 25.43 25.66 23.72 24.00 25.50 24.52 23.44 24.18 23.24 21.67 21.32 21.57 21.59 21.84 24.07 24.68 24.43 22.08 23.17 24.08 21.62 20.67 23.16 24.18 22.13 22.15 25.27 25.77 24.25 23.57 24.59 22.42 20.99 21.62 21.70 19.65 19.29 18.16 19.46 18.85 20.24 19.41 22.21 22.73 21.81 21.30 23.40 22.20 21.08 20.84 21.94 20.72 19.78 20.59 21.50 21.61 21.70 22.55 23.96 24.94 26.13 26.64 
25.78 25.44 24.14 23.72 23.24 22.39 20.06 19.67 18.06 16.51 15.18 15.91 15.26 13.06 14.01 12.73 11.62 10.78 10.71 10.57 10.61 9.24 8.18 7.03 7.18 5.60 0.00 5.52 7.02 6.41 7.08 8.70 9.52 11.08 12.12 13.85 15.31 16.64 16.89 20.44 20.80 19.32 17.28 15.75 14.90 13.98 13.99 13.76 14.15 13.41 13.12 11.96 11.65 11.11 12.00 12.01 11.65 13.41 15.26 16.59 17.42 19.24 19.43 21.11 19.92 18.13 17.79 16.83 16.86 16.60 16.95 17.35 19.06 18.82 16.17 17.22 19.24 17.73 17.56 20.65 22.03 20.12 21.91 23.69 23.82 22.29 23.36 22.50 22.81 22.57 22.57 22.44 23.71 24.78 24.60 22.82 26.54 25.77 23.64 20.71 20.48 17.92 15.79 14.44 13.78 13.72 15.07 16.64 17.32 19.86 21.89 22.69 21.97 22.73 25.50 25.30 23.80 23.73 25.06 23.89 23.17 23.54 22.47 21.09 21.15 21.15 21.17 21.86 24.34 24.39 24.32 22.22 23.61 23.80 21.46 20.69 23.08 23.55 21.37 21.34 24.45 24.85 23.40 22.80 23.85 21.78 20.36 20.94 20.87 19.32 19.11 18.11 19.27 19.06 20.66 19.74 22.36 22.78 22.19 21.41 23.65 22.38 21.42 21.21 22.06 20.55 19.53 20.52 21.32 21.32 21.04 21.95 24.07 24.71 25.77 25.61 
26.42 25.81 24.55 23.94 23.89 22.82 20.25 20.14 18.58 16.90 15.77 16.97 16.86 14.65 15.54 14.19 13.55 13.07 12.42 12.56 11.79 11.68 9.28 8.39 7.18 7.93 5.52 0.00 5.55 7.79 6.39 7.57 8.80 10.91 11.66 13.31 14.35 15.69 16.51 19.46 19.83 18.55 17.20 15.98 14.89 14.93 14.93 15.28 15.24 14.72 13.98 13.29 12.97 12.31 12.26 12.67 13.10 13.89 15.18 16.36 17.75 19.20 19.12 20.78 19.90 18.16 17.88 16.89 17.04 17.53 17.45 18.17 19.71 19.73 16.78 17.79 19.58 18.40 17.51 20.80 22.01 20.53 21.92 23.71 23.52 22.51 23.68 22.65 22.40 22.79 23.15 22.66 23.20 24.85 24.86 22.70 26.14 25.45 23.78 20.85 20.54 17.98 16.20 14.65 14.62 15.23 16.57 17.89 18.42 20.27 22.17 23.21 22.35 22.88 25.56 25.65 23.97 23.91 25.18 24.08 23.44 24.05 22.56 21.29 21.57 21.86 21.88 22.67 25.09 25.35 25.35 23.33 24.24 24.50 21.93 21.04 23.28 23.89 21.42 21.21 24.26 24.91 23.25 22.73 23.70 21.52 20.11 20.98 20.75 19.50 19.40 18.34 19.59 19.87 21.82 20.84 23.02 23.91 23.02 22.75 24.54 23.52 22.34 22.02 22.46 21.32 20.40 20.94 21.46 21.70 21.77 22.16 23.59 24.80 25.54 25.91 
25.94 25.19 23.43 22.80 22.97 22.02 19.09 18.83 17.79 15.79 14.49 15.49 15.96 12.97 13.85 12.63 12.12 11.70 11.75 11.71 11.15 11.93 10.11 9.63 7.45 6.72 7.02 5.55 0.00 5.25 7.15 6.77 6.93 9.13 10.80 12.24 12.85 13.30 14.51 17.18 18.06 16.89 14.90 13.43 13.15 13.21 13.04 13.62 13.97 13.27 13.03 12.00 11.46 10.43 11.25 11.34 11.31 12.23 13.25 14.84 15.72 17.49 17.28 19.32 18.22 16.49 16.35 15.41 15.39 15.51 15.74 16.26 18.48 17.77 14.85 16.48 18.83 16.36 15.67 19.37 20.77 18.67 20.19 22.04 21.96 20.87 22.15 21.17 20.52 21.24 22.02 21.08 20.74 22.64 23.40 21.07 23.97 23.28 21.77 18.65 18.71 15.86 13.52 11.89 12.87 13.80 14.64 15.32 16.13 18.73 20.55 21.40 20.80 21.51 24.38 24.26 22.35 22.49 24.12 22.98 21.93 22.96 21.89 20.38 20.24 20.80 21.34 21.65 24.08 24.42 24.78 22.20 23.40 23.93 21.51 20.21 22.52 22.97 20.80 20.17 23.15 23.75 22.27 21.46 22.59 20.37 19.09 19.79 19.73 18.33 18.29 17.06 18.40 18.60 20.62 19.52 21.77 22.44 21.75 21.60 23.73 22.31 21.31 21.30 21.85 20.79 19.69 20.32 20.76 20.96 21.03 20.93 23.26 23.47 24.92 25.76 
25.59 24.51 22.88 22.37 22.58 21.54 18.79 18.74 17.38 15.60 14.57 15.89 15.89 13.52 14.44 13.37 12.18 11.09 11.41 11.30 10.73 11.54 10.64 10.54 8.71 7.21 6.41 7.79 5.25 0.00 5.37 7.64 6.30 7.33 9.33 11.05 11.85 12.94 13.34 16.62 16.86 16.23 14.69 13.94 13.46 13.68 13.92 14.21 13.86 13.08 13.24 12.22 9.87 9.18 10.66 9.96 8.73 10.45 12.77 13.28 13.80 16.24 16.68 18.51 17.40 16.05 16.03 15.01 14.99 15.50 15.96 16.22 18.34 17.99 14.91 15.96 17.96 16.01 15.48 19.01 19.97 18.32 20.09 22.14 21.62 20.56 21.57 21.03 20.59 21.18 21.55 20.86 20.94 22.89 22.63 20.57 23.43 22.70 21.11 18.10 17.55 14.88 13.16 11.97 12.41 13.31 14.92 15.82 16.01 18.74 20.41 20.85 19.77 21.01 23.77 23.56 21.66 21.83 23.19 22.10 21.15 22.04 21.09 19.80 19.74 20.25 20.85 21.60 23.76 24.06 24.24 21.93 23.15 23.34 20.83 19.60 21.99 21.99 19.61 19.30 22.24 22.78 21.57 20.82 21.47 19.27 17.80 18.91 18.68 17.65 18.06 17.02 18.70 18.47 20.71 19.59 21.80 22.61 21.75 21.59 23.66 22.46 21.07 20.82 21.44 20.25 19.28 19.72 20.32 20.28 20.87 20.85 22.33 23.20 24.51 25.31 
25.69 24.89 23.25 22.81 22.80 21.80 19.12 19.00 17.80 16.15 15.30 16.78 17.21 15.12 16.35 15.63 15.10 14.46 13.09 13.55 12.87 13.10 11.50 10.99 9.71 8.67 7.08 6.39 7.15 5.37 0.00 5.77 7.48 6.93 7.92 10.05 11.42 12.11 12.68 15.33 16.18 15.21 14.16 13.69 13.87 13.79 14.27 14.53 14.35 14.08 14.24 12.97 12.04 10.98 11.61 10.98 9.89 10.91 12.29 13.32 14.02 16.17 15.57 17.63 16.61 15.79 15.75 15.24 15.29 16.05 16.99 17.55 19.12 19.20 16.49 16.84 18.53 16.98 16.44 19.01 20.29 18.76 20.60 21.95 22.08 20.94 21.87 21.26 21.18 21.56 21.37 20.91 21.72 22.57 21.75 20.06 23.00 22.16 20.23 17.60 16.98 14.56 12.94 12.61 13.23 14.06 16.60 17.69 17.70 19.64 20.96 21.23 20.13 21.22 23.78 23.55 21.66 21.73 22.71 21.88 20.91 21.69 20.50 19.88 20.24 20.30 20.48 21.57 24.11 23.98 24.18 22.24 23.74 23.52 21.02 19.94 22.27 21.79 19.27 18.77 21.79 22.17 20.92 19.93 20.64 18.37 17.28 18.01 17.47 17.09 17.92 17.00 18.61 18.61 20.70 19.55 21.86 22.63 21.93 21.35 23.65 22.59 21.52 21.15 21.64 20.40 19.41 20.29 20.65 20.65 20.51 20.76 23.28 23.75 25.24 24.82 
26.25 25.50 23.88 23.35 23.70 22.51 19.83 19.78 18.89 17.51 16.79 18.47 18.74 17.38 18.46 17.97 16.92 17.21 16.54 16.42 15.08 15.78 12.80 12.96 11.61 10.26 8.70 7.57 6.77 7.64 5.77 0.00 5.94 8.03 6.66 8.24 10.68 11.37 11.79 14.33 14.79 14.24 13.60 13.53 13.71 14.45 15.26 16.10 16.57 15.80 15.11 14.37 13.90 13.00 12.21 11.52 11.53 12.06 12.63 13.26 14.63 15.70 15.33 17.04 16.86 15.57 15.97 15.83 16.61 17.10 18.07 18.89 20.33 20.52 17.81 18.50 19.52 17.85 16.91 19.61 20.52 18.99 20.42 22.09 22.16 21.12 21.96 21.18 20.90 21.55 21.31 20.71 20.98 22.77 21.98 19.81 22.68 22.13 20.45 17.58 16.86 14.55 13.79 13.42 14.46 16.10 18.28 19.63 19.61 20.56 21.27 21.87 20.85 21.14 23.69 23.78 22.04 21.87 23.00 22.16 21.58 21.98 20.93 19.95 21.01 21.02 21.38 22.28 24.98 24.84 25.27 23.12 24.52 24.34 21.99 20.35 22.37 22.22 19.71 18.86 21.58 22.31 20.96 19.86 20.23 18.02 16.77 17.72 16.92 16.98 17.78 16.84 18.72 19.29 21.69 20.36 22.79 23.49 23.10 22.46 24.83 23.50 22.59 21.82 22.11 20.79 20.30 20.67 21.04 21.04 21.35 21.44 23.46 24.41 25.50 25.73 
25.92 25.22 23.49 22.72 23.11 22.20 19.56 19.55 18.78 17.75 16.76 18.42 18.83 16.59 18.13 17.68 16.46 16.81 16.70 17.33 14.76 15.93 13.88 13.63 11.69 10.89 9.52 8.80 6.93 6.30 7.48 5.94 0.00 6.10 7.85 8.67 10.14 11.16 11.81 13.68 14.22 12.99 12.44 11.93 13.23 13.80 14.52 15.72 16.08 15.25 14.56 13.54 13.50 11.81 12.08 11.09 10.59 10.57 11.47 12.08 12.76 13.89 13.31 15.41 15.14 14.37 14.63 15.33 15.91 16.94 17.68 18.84 20.32 19.97 17.16 18.25 19.65 17.28 16.06 18.89 19.74 17.89 18.89 20.74 20.90 19.98 20.85 19.95 19.47 20.38 20.65 19.46 19.43 21.09 21.41 18.56 20.67 19.90 18.43 15.53 15.09 12.68 11.79 12.16 14.13 15.70 17.84 18.86 19.34 20.22 20.42 21.07 20.00 20.10 22.60 22.81 20.94 20.64 21.83 21.19 20.53 21.38 20.38 19.59 20.18 20.54 20.93 21.82 24.33 24.99 25.18 23.06 24.07 24.43 21.97 20.16 21.59 21.70 19.44 18.12 20.54 21.08 19.92 18.42 19.04 16.63 15.37 16.18 16.09 16.01 17.09 16.45 18.27 19.01 20.96 20.08 22.34 23.04 22.35 22.21 24.50 23.31 22.14 22.00 22.37 21.43 20.20 20.84 21.14 21.44 21.15 21.30 24.51 24.35 25.85 26.60 
26.28 25.34 23.55 23.21 23.63 22.49 19.96 20.15 19.69 18.44 17.86 19.88 20.50 18.10 19.16 18.87 18.07 18.02 18.23 18.14 17.12 17.36 15.42 15.05 12.87 11.76 11.08 10.91 9.13 7.33 6.93 8.03 6.10 0.00 6.12 8.79 9.19 11.03 11.49 13.47 14.06 13.37 12.86 12.74 13.88 14.75 16.57 17.38 17.69 16.82 16.38 15.27 14.59 13.17 12.82 12.39 10.78 11.12 11.69 11.65 11.53 13.58 13.28 14.82 14.13 14.34 15.72 16.22 17.25 18.71 19.85 20.61 22.12 22.04 19.35 19.92 20.85 18.69 17.73 20.06 20.46 18.77 20.01 21.27 20.98 20.27 21.00 20.44 20.00 20.94 20.67 20.26 19.70 21.31 20.39 18.23 20.33 19.32 17.65 15.46 15.00 13.17 13.28 13.93 16.05 17.85 19.80 20.82 21.02 22.01 22.30 22.22 20.90 21.11 23.05 22.74 21.02 20.84 21.88 21.19 20.84 21.67 20.74 20.19 20.94 21.20 21.78 22.94 25.43 25.51 25.69 23.58 24.87 24.71 22.08 20.37 21.92 21.45 18.86 18.10 20.42 20.74 19.28 17.90 18.18 15.64 14.62 15.87 16.18 15.69 17.46 17.07 19.57 19.50 21.60 20.46 22.92 23.66 22.72 22.60 24.75 23.61 22.27 22.14 22.68 21.30 20.18 20.71 21.20 21.07 21.45 21.42 23.35 24.21 26.07 26.34 
27.48 26.68 24.95 24.64 25.02 24.12 21.38 21.71 21.22 20.41 19.94 21.79 22.55 20.49 21.50 20.85 20.23 20.59 20.26 21.17 19.98 20.98 17.14 17.00 14.82 13.61 12.12 11.66 10.80 9.33 7.92 6.66 7.85 6.12 0.00 6.62 8.73 9.71 11.38 12.61 13.46 13.30 14.02 13.23 14.97 15.91 17.67 18.62 18.94 18.75 18.05 16.84 16.74 15.14 15.00 14.03 12.96 12.49 12.14 12.19 11.92 13.63 13.17 14.99 13.76 14.45 15.83 17.08 18.40 20.00 21.13 21.93 23.30 23.30 20.80 20.90 21.82 20.23 18.91 20.62 21.34 20.14 20.74 21.70 21.51 21.19 21.71 20.84 20.88 21.34 21.29 20.64 20.91 21.14 19.74 18.08 20.60 18.98 17.01 15.48 15.40 13.80 13.93 15.52 17.66 19.81 21.98 23.31 23.02 23.82 23.30 23.36 21.94 22.21 23.81 23.64 21.71 21.92 22.61 21.96 21.56 22.82 21.49 21.31 22.08 22.49 22.71 24.17 26.75 26.73 26.51 24.85 26.19 25.80 22.72 21.17 22.92 22.20 19.17 18.33 20.93 20.97 19.47 17.85 17.87 15.65 14.88 16.15 15.60 16.63 18.26 17.96 20.14 20.64 22.57 21.56 23.81 24.46 23.88 23.42 25.66 24.64 23.56 23.56 23.89 22.72 21.15 21.95 22.33 22.55 21.91 22.62 25.20 25.65 27.19 26.63 
28.66 28.16 26.56 26.15 26.89 26.03 23.63 23.96 23.49 22.82 22.47 23.97 24.28 23.05 24.08 23.05 21.94 22.58 22.57 23.30 22.07 22.81 20.47 19.16 17.19 15.59 13.85 13.31 12.24 11.05 10.05 8.24 8.67 8.79 6.62 0.00 7.26 8.94 9.29 11.34 12.54 12.20 14.21 14.37 15.21 16.71 19.23 20.32 21.05 20.26 20.08 18.60 18.43 16.63 16.19 15.46 14.60 14.07 13.37 12.21 12.45 14.29 13.54 15.05 14.59 14.76 16.61 18.31 20.21 21.70 22.39 23.49 24.48 24.85 22.57 22.96 23.57 22.11 20.30 22.09 22.15 20.55 21.52 21.85 21.81 21.33 22.22 21.12 20.84 21.67 21.53 20.95 20.79 21.61 20.16 17.95 19.69 18.94 17.16 15.33 14.80 13.30 14.49 16.15 18.90 20.96 23.43 24.87 24.54 24.85 24.48 24.68 23.22 23.07 24.57 24.20 22.66 22.36 23.37 22.60 22.46 23.44 22.42 21.99 23.68 23.95 24.38 25.73 28.25 28.39 28.45 26.58 27.56 27.48 24.54 22.75 23.57 23.29 20.37 18.98 20.79 21.31 19.75 17.87 17.26 15.26 15.03 15.59 15.61 16.69 18.76 17.88 20.68 21.71 24.15 22.96 25.07 26.25 25.55 25.46 27.11 26.21 25.00 24.71 25.08 23.80 22.37 22.76 23.36 23.36 23.01 23.88 25.65 26.69 27.72 27.35 
29.34 29.03 27.52 26.82 27.36 27.11 24.57 24.81 24.15 23.61 23.03 24.65 25.09 23.76 24.69 23.77 22.51 22.70 22.90 23.52 22.12 23.80 21.73 20.62 17.47 16.93 15.31 14.35 12.85 11.85 11.42 10.68 10.14 9.19 8.73 7.26 0.00 6.13 7.30 9.66 11.38 10.17 12.84 13.43 15.83 16.70 19.31 20.74 21.92 21.56 20.81 19.20 19.19 17.15 16.43 15.25 15.05 13.37 13.10 12.00 10.87 12.43 11.65 13.94 13.59 14.50 15.85 18.05 20.08 21.94 22.94 23.85 25.08 25.06 23.31 23.37 24.06 22.45 20.43 21.60 21.62 20.16 20.80 21.19 20.72 20.44 21.64 20.02 19.67 20.88 21.31 20.02 19.84 20.52 19.92 16.69 18.27 17.27 16.52 14.06 13.43 12.35 13.85 15.88 18.94 21.47 24.19 25.06 24.68 24.84 24.71 24.62 23.42 22.99 24.40 24.40 22.47 22.02 22.90 22.30 22.44 23.58 22.33 22.39 23.66 24.25 24.74 25.95 28.85 29.17 29.36 27.07 27.67 27.77 24.93 22.60 23.26 22.84 20.25 18.32 19.80 19.77 18.85 16.74 16.27 14.05 14.08 15.54 16.19 17.29 19.24 18.99 22.03 22.80 25.22 23.82 26.11 26.77 26.45 25.91 28.23 26.78 25.52 25.36 25.81 24.93 23.00 23.45 23.97 24.32 23.49 24.95 27.25 26.90 28.10 28.62 
29.46 28.67 27.22 26.92 27.57 26.97 24.55 24.96 24.51 24.06 23.44 25.53 25.90 24.69 25.21 24.69 23.39 23.91 23.82 24.40 23.14 24.79 23.11 21.74 19.34 17.45 16.64 15.69 13.30 12.94 12.11 11.37 11.16 11.03 9.71 8.94 6.13 0.00 5.41 7.57 9.01 9.36 12.19 12.91 15.41 16.94 19.85 21.56 22.85 22.18 22.26 20.37 20.40 18.25 17.05 16.13 15.14 14.43 12.63 11.74 9.65 10.74 10.31 13.42 13.29 14.68 15.93 18.22 20.58 22.09 23.71 24.49 25.54 25.46 23.65 23.72 24.22 22.74 21.23 22.64 22.28 20.56 21.23 21.15 20.71 20.36 21.37 19.99 19.51 20.69 20.91 19.72 19.38 19.93 18.42 16.18 16.96 15.66 15.42 13.39 12.83 12.40 14.67 16.43 19.52 22.39 25.14 25.61 25.14 25.46 25.44 25.04 23.52 23.27 24.64 23.98 22.72 22.07 22.92 22.26 22.35 23.43 22.61 22.47 24.00 24.31 25.01 26.39 29.26 29.15 29.19 27.19 28.04 27.58 24.65 22.78 23.50 22.57 19.82 18.38 19.83 20.11 18.05 16.16 16.04 14.31 14.62 16.20 17.97 18.32 20.38 19.96 23.05 23.35 25.59 24.37 26.70 27.67 26.62 26.67 28.47 27.33 25.69 25.67 26.17 24.96 22.78 23.45 24.16 24.17 23.30 24.96 26.20 27.13 27.33 27.12 
