1.54 6.23 8.68 12.39 13.03 17.20 22.16 25.44 25.66 26.95 25.83 24.57 20.11 18.86 16.64 15.61 12.99 13.21 13.28 14.72 17.18 18.25 18.00 19.59 21.38 22.92 23.05 22.77 24.33 24.97 24.56 24.33 24.31 24.34 23.73 22.99 22.13 20.82 20.48 19.82 19.59 19.42 18.90 18.79 19.05 18.25 16.54 16.06 15.92 16.21 16.36 17.13 19.73 21.67 23.89 23.52 22.57 24.17 24.51 24.60 23.97 24.13 24.69 24.47 25.21 25.05 25.38 25.57 27.48 26.00 25.51 26.40 26.78 25.15 24.05 23.39 22.34 20.76 19.97 18.63 18.31 18.39 19.65 19.31 19.99 19.81 23.13 31.95 
6.23 0.72 4.90 8.22 11.20 13.29 19.14 22.36 23.02 24.56 23.29 22.33 16.43 15.84 13.22 11.42 8.93 8.58 10.52 12.25 13.99 15.39 16.33 17.90 20.02 21.83 22.16 21.43 22.92 23.72 22.34 22.54 22.64 22.44 21.30 21.04 19.88 18.69 18.14 17.42 16.88 16.99 16.42 16.92 17.58 17.10 14.04 14.02 13.12 14.42 13.59 14.04 17.92 20.25 22.48 22.15 21.32 22.68 22.35 22.83 21.87 21.53 22.14 21.76 22.76 22.30 22.96 22.87 25.06 23.38 23.07 24.21 24.45 22.68 22.42 21.17 20.11 18.16 18.17 16.05 15.47 15.59 16.72 17.05 17.37 18.78 20.97 33.79 
8.68 4.90 0.55 6.81 7.59 10.62 14.68 17.34 17.77 19.55 19.23 18.44 13.67 12.87 9.66 9.55 6.61 8.33 8.56 11.77 13.15 15.14 15.00 17.21 18.37 20.23 20.34 19.29 19.84 19.97 19.21 19.16 18.83 18.40 17.14 16.57 15.21 13.75 13.07 12.64 12.16 12.58 12.60 13.64 14.81 14.39 12.25 11.53 10.83 11.33 11.31 11.67 15.50 17.57 19.99 19.81 19.22 20.24 18.99 19.90 18.88 17.94 17.98 17.33 18.25 17.60 18.47 17.94 20.43 18.65 19.17 19.48 19.44 18.08 18.61 17.40 16.28 14.40 14.88 13.00 12.90 13.17 13.49 13.68 17.05 18.14 20.43 29.18 
12.39 8.22 6.81 1.15 5.51 7.25 11.65 13.70 15.35 16.60 16.09 15.99 11.89 10.98 8.82 7.26 6.31 8.18 10.19 11.43 13.92 16.08 16.50 17.62 18.89 20.18 20.01 19.29 19.38 19.72 18.76 19.65 18.84 18.26 16.75 16.51 15.48 13.12 12.15 11.81 12.07 12.02 12.65 13.86 15.73 15.35 13.10 13.07 12.14 12.08 12.35 13.05 15.70 17.32 20.03 19.86 18.63 19.66 18.62 19.09 17.65 17.31 17.26 16.65 17.39 16.83 17.38 17.51 19.55 17.60 17.80 18.63 19.09 17.63 17.50 16.34 15.21 13.77 13.91 12.22 13.03 12.50 14.04 14.47 17.74 18.84 21.44 33.88 
13.03 11.20 7.59 5.51 0.00 5.64 8.40 12.36 14.31 16.03 14.26 13.69 9.96 9.31 7.63 8.07 8.15 9.90 10.93 13.24 14.71 16.41 14.83 15.85 18.10 20.07 19.37 18.70 20.29 21.01 19.47 19.67 19.29 18.73 17.31 16.89 15.56 12.01 11.78 11.20 11.17 11.75 12.65 14.15 16.65 16.33 14.06 13.18 12.37 11.76 11.70 13.14 15.33 17.13 20.01 20.24 18.52 20.26 19.55 20.18 18.08 18.07 18.04 17.38 17.71 17.33 17.72 17.85 19.95 17.25 16.66 18.11 18.47 16.55 16.15 14.70 13.76 12.56 12.65 11.50 12.68 13.93 15.03 15.54 16.82 17.01 21.33 32.91 
17.20 13.29 10.62 7.25 5.64 0.00 7.51 8.28 11.89 12.73 11.28 10.90 7.48 7.24 7.39 7.81 10.37 11.65 14.34 16.27 16.31 17.17 17.27 17.93 19.96 21.56 21.13 19.74 21.24 21.65 19.47 19.91 19.62 18.94 16.63 16.03 14.27 11.82 10.79 10.03 10.89 12.33 13.74 15.29 18.27 18.24 15.44 15.02 13.04 12.94 12.72 13.63 16.58 18.20 21.03 21.07 19.62 20.78 19.86 20.90 18.94 18.35 17.56 16.41 16.25 16.23 15.27 15.64 17.52 15.79 14.93 16.46 15.97 14.63 14.84 13.62 12.30 11.51 12.09 11.49 12.52 14.39 15.27 16.15 17.29 18.95 21.54 33.79 
22.16 19.14 14.68 11.65 8.40 7.51 3.16 6.83 7.97 11.07 10.57 10.98 7.82 8.69 9.67 11.26 13.81 16.17 18.65 20.35 20.71 21.53 20.81 22.75 23.65 24.61 23.94 22.60 23.18 22.84 20.98 21.51 20.48 19.09 16.76 15.84 14.54 11.99 11.10 11.59 12.14 14.08 14.97 17.98 20.35 20.91 18.11 18.38 16.47 15.54 15.58 15.91 19.14 20.90 23.45 23.22 22.43 24.18 22.04 23.10 21.13 20.00 19.12 17.25 17.13 15.97 15.09 14.76 17.56 15.68 14.63 15.55 15.88 14.69 14.92 13.37 13.22 12.74 13.28 13.40 14.55 16.09 16.31 16.18 18.44 19.15 22.05 30.43 
25.44 22.36 17.34 13.70 12.36 8.28 6.83 2.03 5.82 7.19 7.72 8.55 8.03 9.46 9.99 12.92 15.43 17.86 19.73 21.85 22.41 23.18 21.93 23.10 23.93 24.82 23.67 22.67 22.84 22.85 21.15 21.56 20.48 19.38 16.30 15.59 14.57 12.31 10.92 11.70 13.46 15.03 16.11 18.76 21.40 21.88 19.32 19.67 17.65 17.63 17.30 17.57 19.74 21.30 24.03 23.55 22.59 24.03 21.92 23.48 21.64 20.40 19.99 17.37 16.66 15.41 14.64 14.10 16.77 12.87 12.99 13.93 15.38 14.17 14.12 12.22 13.08 13.04 14.34 13.82 15.99 17.14 18.61 18.40 20.68 20.78 23.31 32.99 
25.66 23.02 17.77 15.35 14.31 11.89 7.97 5.82 2.24 5.51 6.17 8.37 10.01 11.92 12.75 15.69 18.17 20.17 21.44 23.32 24.37 25.34 23.95 24.28 25.27 26.16 24.90 22.74 23.75 23.66 22.17 21.78 20.66 19.46 17.31 16.00 15.86 12.88 12.66 12.81 14.87 16.89 18.10 20.84 23.66 24.62 22.86 22.61 21.02 20.98 20.99 21.07 21.72 22.87 25.54 25.50 24.56 25.91 24.06 25.25 23.43 21.85 21.62 18.79 17.43 15.61 15.34 14.73 16.05 12.62 12.76 15.30 16.36 14.95 16.27 15.23 16.17 16.17 17.86 17.03 19.48 20.96 21.35 21.72 25.59 23.76 26.56 34.87 
26.95 24.56 19.55 16.60 16.03 12.73 11.07 7.19 5.51 0.70 4.23 7.48 8.66 12.01 13.71 15.58 19.45 22.21 23.41 25.21 25.40 26.78 24.94 25.29 25.82 26.94 24.93 22.87 23.73 23.82 21.54 21.17 20.11 18.53 15.93 15.30 14.09 12.50 12.70 12.72 14.53 16.73 18.63 21.56 24.63 25.07 22.96 22.97 21.21 21.18 21.22 21.09 21.89 22.71 25.62 25.08 24.40 25.66 24.01 25.35 23.43 22.22 21.35 18.50 17.27 15.86 14.47 13.86 15.89 13.54 13.22 15.55 16.55 15.58 16.88 16.63 16.88 16.74 18.06 18.19 20.65 21.02 22.18 22.90 25.72 24.84 27.42 33.29 
25.83 23.29 19.23 16.09 14.26 11.28 10.57 7.72 6.17 4.23 0.83 5.72 6.82 10.13 11.80 14.43 17.13 19.56 21.72 24.75 24.38 24.85 23.03 24.91 25.38 25.49 23.95 22.56 23.17 22.17 19.55 19.95 18.50 17.06 14.16 13.39 12.57 11.03 10.97 10.93 12.99 15.04 17.17 20.14 23.75 23.57 21.52 21.51 19.97 18.89 19.10 19.18 20.39 21.65 23.97 23.53 23.02 24.91 22.86 23.75 21.76 20.02 18.93 16.10 15.31 13.49 12.07 11.48 15.06 12.93 12.29 14.07 15.92 14.56 15.73 15.34 16.55 15.99 17.80 17.37 19.59 20.28 21.02 21.89 24.87 23.96 26.77 30.87 
24.57 22.33 18.44 15.99 13.69 10.90 10.98 8.55 8.37 7.48 5.72 0.00 5.91 8.81 11.51 13.30 16.66 18.98 21.71 24.55 23.73 23.73 23.09 24.53 25.03 25.06 24.03 23.35 23.18 22.50 19.77 20.39 18.46 17.43 15.40 14.65 14.03 12.45 12.10 12.56 14.95 17.06 19.09 22.08 25.12 25.09 22.95 22.94 21.17 20.28 20.54 20.83 22.35 23.24 25.32 24.45 24.31 25.40 23.45 24.65 22.79 21.41 20.19 17.83 16.86 15.60 14.57 14.63 16.93 15.32 15.39 17.80 18.59 17.33 17.48 17.73 17.95 17.76 18.13 19.17 20.79 20.86 21.68 23.11 25.23 25.84 27.56 31.50 
20.11 16.43 13.67 11.89 9.96 7.48 7.82 8.03 10.01 8.66 6.82 5.91 0.00 5.85 7.00 9.64 12.22 14.55 17.17 19.07 19.72 21.02 20.27 21.70 21.85 22.52 22.26 20.49 20.84 19.94 17.66 17.90 15.92 15.79 14.14 13.12 12.77 11.45 11.23 10.89 13.77 16.29 18.31 20.82 23.88 24.11 22.12 21.69 20.19 19.57 19.91 20.09 21.25 22.14 24.13 23.52 22.72 23.63 21.45 22.78 21.17 19.40 18.14 16.69 16.33 15.96 16.03 16.31 18.79 17.00 16.92 18.82 19.27 18.09 18.57 18.26 18.20 16.74 17.06 16.92 18.75 19.84 20.30 20.70 24.41 24.53 26.74 33.57 
18.86 15.84 12.87 10.98 9.31 7.24 8.69 9.46 11.92 12.01 10.13 8.81 5.85 0.00 6.04 6.95 11.40 13.79 15.73 17.65 18.41 20.24 19.16 19.64 20.75 22.12 21.03 19.25 19.43 18.85 16.53 16.77 15.45 15.41 15.05 14.11 13.53 12.62 13.58 13.21 14.52 16.86 19.26 21.54 24.53 24.48 22.03 21.80 19.76 19.30 19.49 19.66 21.14 22.35 24.04 23.48 22.32 23.75 21.77 23.26 20.74 19.88 18.71 17.40 17.46 17.56 17.63 17.96 20.99 19.09 18.98 20.17 20.86 19.64 20.08 19.49 18.90 17.69 17.25 18.08 19.71 20.58 20.81 21.70 24.07 24.93 26.36 31.57 
16.64 13.22 9.66 8.82 7.63 7.39 9.67 9.99 12.75 13.71 11.80 11.51 7.00 6.04 0.25 5.32 7.04 9.52 12.08 14.15 15.27 16.65 15.22 17.24 18.00 18.84 17.56 16.43 16.96 16.48 13.00 14.37 13.32 14.33 13.49 14.20 13.89 12.87 13.49 13.11 13.98 15.60 17.33 19.96 22.60 22.63 20.16 19.86 18.08 17.68 17.73 18.01 19.47 20.79 22.42 21.58 20.48 22.16 20.28 20.45 18.29 17.58 16.93 15.70 15.86 16.50 17.03 17.62 20.20 19.26 18.48 19.98 20.45 19.36 19.79 19.17 18.23 16.28 16.43 17.10 18.89 19.32 19.41 20.21 24.17 23.78 25.08 28.66 
15.61 11.42 9.55 7.26 8.07 7.81 11.26 12.92 15.69 15.58 14.43 13.30 9.64 6.95 5.32 1.32 5.46 6.15 8.73 11.82 12.28 13.07 12.55 15.42 15.79 16.29 15.33 14.96 15.37 14.68 11.75 12.70 12.57 13.52 13.33 14.28 14.52 13.70 14.03 13.77 15.15 16.43 17.91 20.09 22.36 22.56 20.22 19.74 18.22 17.71 17.88 18.39 20.41 20.92 22.24 21.50 20.85 21.82 19.92 20.62 18.78 18.02 17.78 16.76 16.92 17.43 18.43 18.83 21.46 20.00 19.99 20.92 21.54 20.16 20.80 19.76 18.52 17.19 16.96 17.47 18.10 19.06 19.57 20.55 22.85 24.04 24.93 29.07 
12.99 8.93 6.61 6.31 8.15 10.37 13.81 15.43 18.17 19.45 17.13 16.66 12.22 11.40 7.04 5.46 2.71 5.30 6.42 9.16 10.25 12.19 11.99 13.71 14.26 15.35 14.64 14.19 14.86 14.68 12.22 13.73 13.30 15.16 14.98 16.20 16.64 15.55 16.20 15.61 16.72 17.46 19.39 21.46 23.93 23.46 21.06 20.28 18.90 18.29 18.18 19.05 20.87 21.71 22.75 22.17 20.81 22.08 19.62 20.96 19.15 18.58 18.03 17.78 18.34 19.34 20.60 20.73 22.82 21.97 21.88 22.76 23.18 21.88 22.69 21.55 20.33 18.45 18.42 17.79 17.98 19.33 19.93 19.94 23.78 23.40 25.34 33.24 
13.21 8.58 8.33 8.18 9.90 11.65 16.17 17.86 20.17 22.21 19.56 18.98 14.55 13.79 9.52 6.15 5.30 1.59 4.99 6.87 8.60 11.31 10.70 12.27 13.42 14.56 13.49 12.90 13.67 13.44 11.46 12.90 12.83 14.87 15.53 16.31 16.66 15.92 17.16 17.01 17.65 18.47 19.87 21.76 23.45 23.10 20.57 20.02 18.36 17.64 17.35 18.02 19.86 20.39 21.19 20.62 19.80 21.19 19.01 20.46 19.12 18.60 18.43 18.09 19.18 19.70 21.16 21.02 23.78 22.52 22.56 23.46 24.06 22.66 23.14 22.01 20.52 18.67 18.51 17.84 17.83 18.94 19.60 20.07 22.07 23.94 25.19 29.99 
13.28 10.52 8.56 10.19 10.93 14.34 18.65 19.73 21.44 23.41 21.72 21.71 17.17 15.73 12.08 8.73 6.42 4.99 1.95 5.32 7.38 10.43 10.29 11.74 12.79 14.64 13.35 13.59 14.47 14.70 12.72 15.06 14.83 16.79 16.93 18.46 18.93 18.09 18.61 19.03 19.84 20.37 21.18 22.74 24.14 24.08 21.33 21.05 19.19 18.68 18.18 18.75 20.02 20.49 21.32 21.11 20.38 21.65 19.75 21.76 20.53 19.85 20.35 20.16 21.32 21.84 22.78 23.02 25.76 24.61 24.41 25.44 26.63 24.87 24.95 23.86 22.54 20.50 19.84 19.41 19.61 20.17 19.44 20.08 22.97 23.86 25.35 27.84 
14.72 12.25 11.77 11.43 13.24 16.27 20.35 21.85 23.32 25.21 24.75 24.55 19.07 17.65 14.15 11.82 9.16 6.87 5.32 0.81 5.96 8.34 8.40 11.08 13.17 13.99 14.07 13.64 14.99 15.29 13.50 16.08 16.62 18.50 18.56 19.70 20.83 19.48 20.14 20.47 21.60 22.16 22.56 24.17 25.93 25.29 22.38 22.36 20.56 19.95 18.88 19.67 20.86 21.21 21.71 22.04 20.79 21.82 20.26 22.53 21.18 20.58 21.58 21.68 22.52 22.89 24.39 24.57 27.19 26.00 25.79 26.78 27.78 26.00 25.96 24.98 23.72 21.78 21.25 20.34 19.98 20.69 20.57 20.73 22.55 24.58 25.96 29.10 
17.18 13.99 13.15 13.92 14.71 16.31 20.71 22.41 24.37 25.40 24.38 23.73 19.72 18.41 15.27 12.28 10.25 8.60 7.38 5.96 0.23 5.61 6.65 9.13 11.55 12.00 11.93 12.36 13.73 14.49 13.44 15.78 16.66 18.38 18.55 19.88 20.98 19.38 20.23 20.74 22.41 22.32 22.60 24.58 26.69 26.10 22.68 22.38 21.26 20.51 19.30 19.55 21.03 21.42 21.97 21.35 20.84 22.29 20.31 22.39 21.42 20.90 21.69 21.59 22.70 23.46 24.88 24.65 27.49 26.27 26.23 26.84 27.79 26.13 26.39 25.47 24.02 22.15 21.89 20.59 20.19 20.92 21.19 21.66 23.27 24.10 26.56 32.81 
18.25 15.39 15.14 16.08 16.41 17.17 21.53 23.18 25.34 26.78 24.85 23.73 21.02 20.24 16.65 13.07 12.19 11.31 10.43 8.34 5.61 0.00 5.60 7.84 8.92 11.21 11.53 11.06 12.85 14.73 13.73 15.46 15.83 18.24 19.34 20.52 21.17 19.96 20.95 21.25 22.49 22.84 23.52 25.76 27.96 27.36 23.95 23.89 21.92 21.28 20.20 20.44 21.83 22.54 22.57 22.04 21.26 23.39 21.27 23.55 22.61 22.33 22.49 22.31 23.43 23.98 24.89 24.92 27.78 26.91 26.02 27.25 27.92 26.45 26.19 25.75 24.52 22.84 22.24 21.47 21.15 21.11 21.47 22.36 22.84 24.60 26.46 29.49 
18.00 16.33 15.00 16.50 14.83 17.27 20.81 21.93 23.95 24.94 23.03 23.09 20.27 19.16 15.22 12.55 11.99 10.70 10.29 8.40 6.65 5.60 0.75 5.51 7.05 7.82 8.63 8.86 10.35 11.26 11.25 13.40 13.68 16.10 16.90 18.46 19.15 18.73 19.44 19.67 21.20 21.94 22.55 24.41 26.92 26.24 23.00 22.38 20.37 19.71 18.85 18.78 19.90 20.23 20.71 20.28 20.01 21.30 19.90 21.85 21.01 20.41 21.31 21.18 21.94 22.31 23.50 23.59 26.59 25.06 24.49 25.66 27.08 25.02 24.97 24.37 23.06 20.91 20.28 19.88 19.81 20.07 19.27 20.35 21.89 22.95 24.22 26.32 
19.59 17.90 17.21 17.62 15.85 17.93 22.75 23.10 24.28 25.29 24.91 24.53 21.70 19.64 17.24 15.42 13.71 12.27 11.74 11.08 9.13 7.84 5.51 0.28 6.71 7.41 7.51 8.00 9.91 11.62 11.51 12.98 14.06 16.12 17.28 18.45 19.04 18.36 19.30 19.37 21.04 22.35 22.79 24.77 27.18 26.66 23.57 23.14 20.85 20.02 19.16 19.31 20.42 20.54 20.92 20.67 20.30 21.04 19.65 21.74 21.10 20.11 21.36 21.27 22.00 22.36 23.95 24.30 26.73 25.45 24.58 25.77 26.56 24.87 24.48 24.25 23.19 20.97 20.27 19.46 19.50 19.68 19.59 20.60 21.21 23.16 24.55 26.33 
21.38 20.02 18.37 18.89 18.10 19.96 23.65 23.93 25.27 25.82 25.38 25.03 21.85 20.75 18.00 15.79 14.26 13.42 12.79 13.17 11.55 8.92 7.05 6.71 1.85 5.18 7.34 6.98 8.99 10.23 10.19 12.31 14.25 15.42 16.82 18.39 19.22 18.28 19.19 19.76 21.45 22.57 22.93 25.21 28.20 27.73 24.63 24.10 22.32 21.61 20.53 20.42 21.20 21.93 22.64 21.62 21.33 22.50 20.99 22.68 22.04 21.32 22.40 21.76 22.54 23.18 24.46 24.41 27.07 25.82 25.18 25.82 26.44 24.77 24.90 24.53 23.20 21.22 20.69 19.71 19.40 20.27 20.60 21.50 22.59 22.91 24.92 28.58 
22.92 21.83 20.23 20.18 20.07 21.56 24.61 24.82 26.16 26.94 25.49 25.06 22.52 22.12 18.84 16.29 15.35 14.56 14.64 13.99 12.00 11.21 7.82 7.41 5.18 0.77 6.09 7.41 7.64 9.78 10.38 11.90 12.99 15.57 16.44 17.86 19.34 19.14 20.18 20.53 22.76 23.74 24.39 26.44 29.23 29.22 26.12 25.53 23.89 22.95 22.03 21.53 22.65 23.19 23.59 22.97 22.66 23.83 22.18 23.73 23.19 22.53 23.05 22.41 23.62 23.81 25.05 24.68 27.63 26.50 25.66 26.13 27.14 25.20 25.16 24.59 23.77 21.52 21.37 20.19 20.21 20.69 21.00 22.21 21.95 24.10 25.36 28.16 
23.05 22.16 20.34 20.01 19.37 21.13 23.94 23.67 24.90 24.93 23.95 24.03 22.26 21.03 17.56 15.33 14.64 13.49 13.35 14.07 11.93 11.53 8.63 7.51 7.34 6.09 0.38 6.15 7.77 7.94 8.45 10.21 11.35 13.18 14.44 15.79 17.02 17.79 18.35 19.28 21.15 22.98 23.22 25.31 28.11 28.12 25.50 24.63 22.66 22.39 21.03 20.70 21.39 22.14 22.83 22.39 22.32 23.36 21.51 23.22 22.28 21.33 22.09 21.56 22.46 22.73 23.43 23.40 26.34 24.99 23.72 24.70 25.71 23.87 23.65 23.02 21.72 20.16 19.61 19.11 19.15 19.63 19.30 20.33 22.18 22.50 23.88 25.97 
22.77 21.43 19.29 19.29 18.70 19.74 22.60 22.67 22.74 22.87 22.56 23.35 20.49 19.25 16.43 14.96 14.19 12.90 13.59 13.64 12.36 11.06 8.86 8.00 6.98 7.41 6.15 0.00 5.81 7.62 6.55 8.19 9.38 11.38 12.50 13.80 15.10 15.44 16.49 17.53 20.15 21.44 22.14 24.38 27.10 27.10 24.47 24.21 22.28 21.34 20.32 19.86 20.67 21.25 21.94 21.80 21.54 22.47 20.54 22.11 21.23 20.09 20.85 20.31 21.26 21.00 22.32 21.99 24.49 23.13 21.88 22.61 23.60 21.98 21.44 21.09 19.91 18.07 17.78 17.27 17.26 18.24 18.27 19.89 20.23 22.67 23.12 26.33 
24.33 22.92 19.84 19.38 20.29 21.24 23.18 22.84 23.75 23.73 23.17 23.18 20.84 19.43 16.96 15.37 14.86 13.67 14.47 14.99 13.73 12.85 10.35 9.91 8.99 7.64 7.77 5.81 0.00 6.71 7.73 8.11 9.94 12.11 13.58 14.96 16.30 16.35 17.52 19.13 21.32 22.99 23.12 25.93 29.05 28.34 25.71 25.38 24.05 22.61 21.59 21.36 21.74 22.14 23.44 22.90 23.24 24.27 22.38 23.68 22.50 21.50 22.34 21.56 22.22 22.69 23.52 22.84 25.14 23.74 22.48 23.18 23.77 22.45 21.99 21.61 20.47 18.34 18.28 18.00 18.71 19.64 20.35 21.07 23.05 22.74 24.89 30.28 
24.97 23.72 19.97 19.72 21.01 21.65 22.84 22.85 23.66 23.82 22.17 22.50 19.94 18.85 16.48 14.68 14.68 13.44 14.70 15.29 14.49 14.73 11.26 11.62 10.23 9.78 7.94 7.62 6.71 0.00 6.02 7.67 8.27 10.37 12.92 14.31 16.07 16.42 17.58 18.92 21.67 22.92 23.89 26.51 29.76 29.44 25.86 25.53 23.89 22.95 21.59 21.15 21.77 22.07 23.35 23.74 23.08 24.59 23.02 24.64 23.45 22.67 23.25 22.39 23.38 23.33 23.90 23.69 25.89 24.44 22.55 23.51 23.96 22.73 22.42 21.94 20.55 18.79 18.26 18.51 19.32 19.81 20.54 21.61 22.50 24.55 25.09 28.49 
24.56 22.34 19.21 18.76 19.47 19.47 20.98 21.15 22.17 21.54 19.55 19.77 17.66 16.53 13.00 11.75 12.22 11.46 12.72 13.50 13.44 13.73 11.25 11.51 10.19 10.38 8.45 6.55 7.73 6.02 0.05 5.57 6.92 8.40 10.41 12.01 13.95 14.55 16.01 17.37 19.93 21.70 22.50 25.15 28.27 27.34 24.25 23.41 21.99 20.85 20.09 19.27 19.95 20.18 22.38 22.20 22.21 23.65 22.25 23.53 22.34 21.65 22.06 21.51 22.20 22.00 22.53 22.08 24.99 22.76 20.86 21.78 22.70 21.24 20.81 20.39 19.43 17.49 17.15 17.47 18.33 18.87 18.81 20.72 23.38 22.87 24.56 26.15 
24.33 22.54 19.16 19.65 19.67 19.91 21.51 21.56 21.78 21.17 19.95 20.39 17.90 16.77 14.37 12.70 13.73 12.90 15.06 16.08 15.78 15.46 13.40 12.98 12.31 11.90 10.21 8.19 8.11 7.67 5.57 0.00 5.41 7.25 8.91 10.85 12.94 13.58 14.79 17.01 19.63 20.96 22.15 25.01 28.27 27.56 24.26 23.95 21.73 20.79 19.60 19.41 20.02 20.83 22.45 23.04 22.69 24.21 22.56 23.82 22.53 21.68 22.09 21.40 22.07 21.98 22.85 22.09 24.28 22.11 20.29 20.27 21.23 19.60 19.53 18.92 18.20 16.80 16.29 17.06 18.44 18.71 18.92 21.06 22.56 24.55 24.66 26.92 
24.31 22.64 18.83 18.84 19.29 19.62 20.48 20.48 20.66 20.11 18.50 18.46 15.92 15.45 13.32 12.57 13.30 12.83 14.83 16.62 16.66 15.83 13.68 14.06 14.25 12.99 11.35 9.38 9.94 8.27 6.92 5.41 0.52 5.62 7.12 8.97 9.98 12.16 14.12 15.95 18.52 20.73 21.64 25.30 29.17 28.14 24.32 23.18 21.55 20.20 19.32 18.94 19.89 19.85 21.78 22.06 23.04 23.99 22.20 24.05 22.63 21.76 21.78 21.32 21.77 21.65 22.30 21.29 23.31 20.91 19.05 18.94 18.78 17.36 17.88 17.09 16.43 14.83 16.08 16.23 17.37 18.68 19.65 21.16 23.27 23.37 26.21 30.32 
24.34 22.44 18.40 18.26 18.73 18.94 19.09 19.38 19.46 18.53 17.06 17.43 15.79 15.41 14.33 13.52 15.16 14.87 16.79 18.50 18.38 18.24 16.10 16.12 15.42 15.57 13.18 11.38 12.11 10.37 8.40 7.25 5.62 0.00 5.98 6.92 9.71 11.00 13.66 15.38 18.34 20.22 21.84 24.94 28.60 27.98 23.77 22.63 20.50 19.15 17.98 17.80 18.73 18.03 20.08 21.14 21.59 22.89 21.51 23.53 22.77 21.81 21.88 21.21 22.55 21.92 22.51 21.73 23.94 21.12 18.94 18.26 18.72 16.58 17.05 15.87 15.24 13.65 14.46 15.25 17.28 17.34 18.98 20.56 22.82 24.25 25.46 27.83 
23.73 21.30 17.14 16.75 17.31 16.63 16.76 16.30 17.31 15.93 14.16 15.40 14.14 15.05 13.49 13.33 14.98 15.53 16.93 18.56 18.55 19.34 16.90 17.28 16.82 16.44 14.44 12.50 13.58 12.92 10.41 8.91 7.12 5.98 0.00 4.81 6.84 9.47 10.64 13.53 16.73 18.79 19.64 23.31 26.58 25.90 22.34 21.47 19.19 17.33 15.95 16.14 15.95 14.71 17.51 18.79 19.26 20.74 19.57 21.97 21.10 20.53 20.42 19.93 21.35 20.72 20.51 20.22 22.80 19.82 17.54 17.01 17.32 15.42 14.47 13.56 14.05 12.74 12.45 13.67 16.11 16.85 16.95 19.48 22.44 22.80 24.46 25.63 
22.99 21.04 16.57 16.51 16.89 16.03 15.84 15.59 16.00 15.30 13.39 14.65 13.12 14.11 14.20 14.28 16.20 16.31 18.46 19.70 19.88 20.52 18.46 18.45 18.39 17.86 15.79 13.80 14.96 14.31 12.01 10.85 8.97 6.92 4.81 0.00 6.09 7.05 9.47 12.47 16.00 18.00 19.14 22.64 26.12 25.51 22.00 22.10 19.18 17.02 15.56 14.93 15.36 14.51 17.24 18.34 18.48 19.76 18.70 20.69 20.56 20.10 20.09 19.43 20.90 20.16 20.22 19.30 21.71 19.37 17.81 16.11 16.29 13.98 13.64 12.17 12.57 11.36 11.09 12.33 15.82 16.05 16.54 19.03 22.19 23.29 24.00 25.99 
22.13 19.88 15.21 15.48 15.56 14.27 14.54 14.57 15.86 14.09 12.57 14.03 12.77 13.53 13.89 14.52 16.64 16.66 18.93 20.83 20.98 21.17 19.15 19.04 19.22 19.34 17.02 15.10 16.30 16.07 13.95 12.94 9.98 9.71 6.84 6.09 0.00 6.11 7.58 11.20 13.80 16.93 17.82 21.12 25.05 25.03 21.09 21.11 18.76 17.14 15.53 15.06 16.02 15.74 17.69 18.04 18.78 19.69 17.68 19.98 19.65 18.56 18.89 18.34 20.04 19.98 19.85 18.73 20.85 18.73 17.29 16.60 16.04 13.77 14.02 12.38 11.50 10.29 11.93 12.52 15.34 15.99 16.55 18.72 22.35 22.27 24.20 26.59 
20.82 18.69 13.75 13.12 12.01 11.82 11.99 12.31 12.88 12.50 11.03 12.45 11.45 12.62 12.87 13.70 15.55 15.92 18.09 19.48 19.38 19.96 18.73 18.36 18.28 19.14 17.79 15.44 16.35 16.42 14.55 13.58 12.16 11.00 9.47 7.05 6.11 0.00 5.54 6.84 9.60 12.76 15.04 17.90 20.84 21.19 18.12 17.51 14.97 14.37 13.01 12.96 14.28 14.43 16.24 16.86 16.80 17.90 15.75 17.60 16.87 16.20 16.03 15.59 17.21 17.10 17.30 16.77 18.98 17.21 16.11 15.59 15.57 13.46 13.29 11.32 10.84 9.73 10.43 11.58 13.48 13.59 14.77 17.38 20.28 21.61 22.36 24.98 
20.48 18.14 13.07 12.15 11.78 10.79 11.10 10.92 12.66 12.70 10.97 12.10 11.23 13.58 13.49 14.03 16.20 17.16 18.61 20.14 20.23 20.95 19.44 19.30 19.19 20.18 18.35 16.49 17.52 17.58 16.01 14.79 14.12 13.66 10.64 9.47 7.58 5.54 0.00 5.58 6.98 10.46 12.52 15.09 17.83 17.92 15.97 15.43 12.97 12.14 12.10 12.82 14.46 14.89 18.01 18.14 17.35 18.01 15.83 17.23 16.04 14.53 14.48 14.26 16.10 15.83 15.51 15.62 18.19 15.86 14.34 14.15 15.11 12.75 11.39 9.80 11.46 9.76 9.34 10.21 12.37 12.70 13.08 16.00 19.39 19.81 21.03 22.85 
19.82 17.42 12.64 11.81 11.20 10.03 11.59 11.70 12.81 12.72 10.93 12.56 10.89 13.21 13.11 13.77 15.61 17.01 19.03 20.47 20.74 21.25 19.67 19.37 19.76 20.53 19.28 17.53 19.13 18.92 17.37 17.01 15.95 15.38 13.53 12.47 11.20 6.84 5.58 0.00 5.98 7.42 9.31 12.46 15.48 15.59 13.03 13.51 11.94 10.85 10.91 11.94 14.58 15.24 18.28 18.26 17.14 17.87 15.27 15.81 15.03 13.43 12.92 12.22 13.85 14.02 13.82 14.22 16.79 15.37 14.97 14.82 15.93 13.93 13.97 12.53 11.93 10.61 9.88 9.29 11.64 12.24 13.09 16.26 18.24 20.51 20.33 22.46 
19.59 16.88 12.16 12.07 11.17 10.89 12.14 13.46 14.87 14.53 12.99 14.95 13.77 14.52 13.98 15.15 16.72 17.65 19.84 21.60 22.41 22.49 21.20 21.04 21.45 22.76 21.15 20.15 21.32 21.67 19.93 19.63 18.52 18.34 16.73 16.00 13.80 9.60 6.98 5.98 1.09 5.98 6.52 9.09 13.09 13.42 10.37 11.24 10.59 10.31 10.59 12.11 15.37 16.59 19.19 18.88 18.17 18.79 15.83 15.56 14.67 13.64 12.59 11.31 13.22 13.33 13.17 13.80 16.99 16.19 15.55 16.53 17.16 15.85 16.80 15.28 14.19 11.53 12.12 11.38 11.99 13.05 13.50 15.77 19.59 19.35 20.73 22.85 
19.42 16.99 12.58 12.02 11.75 12.33 14.08 15.03 16.89 16.73 15.04 17.06 16.29 16.86 15.60 16.43 17.46 18.47 20.37 22.16 22.32 22.84 21.94 22.35 22.57 23.74 22.98 21.44 22.99 22.92 21.70 20.96 20.73 20.22 18.79 18.00 16.93 12.76 10.46 7.42 5.98 1.29 5.90 7.50 11.71 11.84 10.69 10.48 10.15 10.92 12.44 13.68 17.78 19.36 22.20 21.41 19.64 20.50 18.28 18.27 16.51 14.33 13.25 11.87 12.50 12.20 12.67 13.91 17.72 16.75 16.28 17.32 18.98 17.39 17.84 16.96 16.02 13.14 12.91 12.02 13.81 12.98 14.15 17.44 19.29 20.37 20.65 22.38 
18.90 16.42 12.60 12.65 12.65 13.74 14.97 16.11 18.10 18.63 17.17 19.09 18.31 19.26 17.33 17.91 19.39 19.87 21.18 22.56 22.60 23.52 22.55 22.79 22.93 24.39 23.22 22.14 23.12 23.89 22.50 22.15 21.64 21.84 19.64 19.14 17.82 15.04 12.52 9.31 6.52 5.90 0.76 4.86 6.98 8.63 8.42 9.33 8.32 10.03 12.52 14.77 18.04 20.81 23.49 22.68 20.74 20.96 19.49 19.82 17.26 14.46 13.82 11.93 11.61 10.96 11.76 12.80 16.97 16.46 16.43 18.02 19.17 17.69 18.49 17.95 17.20 14.72 13.93 13.79 14.66 13.29 12.39 16.19 18.78 18.34 18.90 21.45 
18.79 16.92 13.64 13.86 14.15 15.29 17.98 18.76 20.84 21.56 20.14 22.08 20.82 21.54 19.96 20.09 21.46 21.76 22.74 24.17 24.58 25.76 24.41 24.77 25.21 26.44 25.31 24.38 25.93 26.51 25.15 25.01 25.30 24.94 23.31 22.64 21.12 17.90 15.09 12.46 9.09 7.50 4.86 0.00 5.31 6.92 8.57 9.78 10.28 11.85 14.29 16.59 20.94 23.26 26.21 25.07 22.67 24.26 21.70 21.64 19.19 17.35 15.24 12.82 12.48 12.53 13.29 14.44 18.61 18.69 19.56 21.05 22.08 20.59 21.95 21.57 19.97 17.10 16.56 15.18 16.47 15.09 14.58 17.95 19.44 20.39 20.40 21.50 
19.05 17.58 14.81 15.73 16.65 18.27 20.35 21.40 23.66 24.63 23.75 25.12 23.88 24.53 22.60 22.36 23.93 23.45 24.14 25.93 26.69 27.96 26.92 27.18 28.20 29.23 28.11 27.10 29.05 29.76 28.27 28.27 29.17 28.60 26.58 26.12 25.05 20.84 17.83 15.48 13.09 11.71 6.98 5.31 1.30 6.69 8.03 11.12 12.12 15.49 18.18 19.93 23.31 26.25 29.68 29.10 26.51 27.72 25.38 25.24 22.58 20.34 17.85 14.73 14.83 15.00 15.94 16.68 21.85 21.96 22.86 23.94 25.31 23.70 24.88 24.22 22.82 20.06 19.84 19.42 19.04 17.55 16.25 18.38 21.29 20.92 21.23 23.80 
18.25 17.10 14.39 15.35 16.33 18.24 20.91 21.88 24.62 25.07 23.57 25.09 24.11 24.48 22.63 22.56 23.46 23.10 24.08 25.29 26.10 27.36 26.24 26.66 27.73 29.22 28.12 27.10 28.34 29.44 27.34 27.56 28.14 27.98 25.90 25.51 25.03 21.19 17.92 15.59 13.42 11.84 8.63 6.92 6.69 0.00 5.66 8.09 10.33 13.19 16.59 18.82 22.30 25.27 29.12 28.66 25.19 26.69 24.31 24.42 20.12 17.93 15.49 12.83 13.25 14.31 15.50 16.46 21.57 22.09 21.54 22.93 24.61 23.33 23.98 23.32 22.31 19.93 19.10 18.13 17.76 15.77 14.62 17.28 19.50 20.37 20.76 21.55 
16.54 14.04 12.25 13.10 14.06 15.44 18.11 19.32 22.86 22.96 21.52 22.95 22.12 22.03 20.16 20.22 21.06 20.57 21.33 22.38 22.68 23.95 23.00 23.57 24.63 26.12 25.50 24.47 25.71 25.86 24.25 24.26 24.32 23.77 22.34 22.00 21.09 18.12 15.97 13.03 10.37 10.69 8.42 8.57 8.03 5.66 0.00 5.95 6.41 9.74 12.18 15.48 19.57 21.83 24.62 24.31 21.53 22.16 20.60 20.51 16.13 13.31 11.73 9.37 10.58 11.64 13.01 14.25 19.59 18.69 18.18 19.43 21.31 19.88 21.35 19.91 19.37 16.81 17.10 15.64 14.67 12.53 12.29 14.28 16.93 17.41 17.90 20.20 
16.06 14.02 11.53 13.07 13.18 15.02 18.38 19.67 22.61 22.97 21.51 22.94 21.69 21.80 19.86 19.74 20.28 20.02 21.05 22.36 22.38 23.89 22.38 23.14 24.10 25.53 24.63 24.21 25.38 25.53 23.41 23.95 23.18 22.63 21.47 22.10 21.11 17.51 15.43 13.51 11.24 10.48 9.33 9.78 11.12 8.09 5.95 0.00 5.31 7.08 10.46 12.80 16.83 19.92 23.08 22.12 19.01 20.64 18.40 17.87 13.76 12.19 10.24 8.68 10.61 11.88 14.00 15.60 19.49 18.26 17.76 19.27 21.03 19.47 20.14 19.89 18.50 16.32 15.81 13.84 13.73 12.77 12.01 12.94 16.53 17.37 18.32 18.86 
15.92 13.12 10.83 12.14 12.37 13.04 16.47 17.65 21.02 21.21 19.97 21.17 20.19 19.76 18.08 18.22 18.90 18.36 19.19 20.56 21.26 21.92 20.37 20.85 22.32 23.89 22.66 22.28 24.05 23.89 21.99 21.73 21.55 20.50 19.19 19.18 18.76 14.97 12.97 11.94 10.59 10.15 8.32 10.28 12.12 10.33 6.41 5.31 0.00 5.25 7.06 9.10 12.88 15.38 18.83 17.97 15.73 16.84 14.34 14.54 11.08 10.15 8.47 8.44 10.04 12.30 14.54 15.11 18.27 16.89 16.14 17.37 18.64 16.67 17.75 16.55 15.85 12.83 11.97 11.43 10.90 9.82 10.03 11.38 14.32 15.79 16.58 19.48 
16.21 14.42 11.33 12.08 11.76 12.94 15.54 17.63 20.98 21.18 18.89 20.28 19.57 19.30 17.68 17.71 18.29 17.64 18.68 19.95 20.51 21.28 19.71 20.02 21.61 22.95 22.39 21.34 22.61 22.95 20.85 20.79 20.20 19.15 17.33 17.02 17.14 14.37 12.14 10.85 10.31 10.92 10.03 11.85 15.49 13.19 9.74 7.08 5.25 0.00 5.68 6.72 10.44 12.65 16.17 15.70 12.74 13.55 12.19 12.00 9.28 7.74 8.50 7.68 10.37 12.91 15.26 16.11 18.97 17.32 16.24 16.75 18.17 16.26 16.62 15.41 14.09 10.74 10.53 9.58 9.66 9.56 11.28 10.61 14.73 16.49 18.02 19.53 
16.36 13.59 11.31 12.35 11.70 12.72 15.58 17.30 20.99 21.22 19.10 20.54 19.91 19.49 17.73 17.88 18.18 17.35 18.18 18.88 19.30 20.20 18.85 19.16 20.53 22.03 21.03 20.32 21.59 21.59 20.09 19.60 19.32 17.98 15.95 15.56 15.53 13.01 12.10 10.91 10.59 12.44 12.52 14.29 18.18 16.59 12.18 10.46 7.06 5.68 0.32 6.03 7.68 10.76 13.35 13.31 11.63 12.51 10.24 10.99 8.41 8.74 9.10 8.78 11.63 14.44 16.07 16.65 19.42 17.75 16.71 17.29 17.71 14.89 15.60 14.15 12.06 8.80 9.61 9.76 9.44 10.13 11.62 12.97 15.89 17.46 18.78 20.38 
17.13 14.04 11.67 13.05 13.14 13.63 15.91 17.57 21.07 21.09 19.18 20.83 20.09 19.66 18.01 18.39 19.05 18.02 18.75 19.67 19.55 20.44 18.78 19.31 20.42 21.53 20.70 19.86 21.36 21.15 19.27 19.41 18.94 17.80 16.14 14.93 15.06 12.96 12.82 11.94 12.11 13.68 14.77 16.59 19.93 18.82 15.48 12.80 9.10 6.72 6.03 0.97 6.05 7.54 11.42 10.79 8.88 10.72 9.87 8.95 7.83 9.31 10.58 11.43 13.87 16.75 18.26 18.74 21.46 19.00 17.81 18.78 18.99 16.53 16.36 14.46 12.44 10.12 10.09 9.03 10.91 11.50 13.20 14.30 18.28 19.65 20.00 21.79 
19.73 17.92 15.50 15.70 15.33 16.58 19.14 19.74 21.72 21.89 20.39 22.35 21.25 21.14 19.47 20.41 20.87 19.86 20.02 20.86 21.03 21.83 19.90 20.42 21.20 22.65 21.39 20.67 21.74 21.77 19.95 20.02 19.89 18.73 15.95 15.36 16.02 14.28 14.46 14.58 15.37 17.78 18.04 20.94 23.31 22.30 19.57 16.83 12.88 10.44 7.68 6.05 2.11 5.56 8.57 9.65 8.21 9.90 8.50 9.77 10.14 12.30 12.54 14.99 17.22 19.46 20.27 21.41 23.54 21.65 20.08 20.20 20.04 16.98 16.78 13.95 12.23 10.92 10.72 10.58 11.94 13.26 14.71 15.90 19.27 20.28 21.86 23.95 
21.67 20.25 17.57 17.32 17.13 18.20 20.90 21.30 22.87 22.71 21.65 23.24 22.14 22.35 20.79 20.92 21.71 20.39 20.49 21.21 21.42 22.54 20.23 20.54 21.93 23.19 22.14 21.25 22.14 22.07 20.18 20.83 19.85 18.03 14.71 14.51 15.74 14.43 14.89 15.24 16.59 19.36 20.81 23.26 26.25 25.27 21.83 19.92 15.38 12.65 10.76 7.54 5.56 1.42 6.57 7.59 7.32 9.21 9.90 11.60 11.77 13.88 16.02 17.17 18.64 20.73 22.59 22.78 24.51 22.38 21.34 21.57 20.84 17.98 17.14 14.56 12.63 10.76 10.68 10.91 12.58 14.00 16.90 17.62 21.68 22.66 23.67 25.47 
23.89 22.48 19.99 20.03 20.01 21.03 23.45 24.03 25.54 25.62 23.97 25.32 24.13 24.04 22.42 22.24 22.75 21.19 21.32 21.71 21.97 22.57 20.71 20.92 22.64 23.59 22.83 21.94 23.44 23.35 22.38 22.45 21.78 20.08 17.51 17.24 17.69 16.24 18.01 18.28 19.19 22.20 23.49 26.21 29.68 29.12 24.62 23.08 18.83 16.17 13.35 11.42 8.57 6.57 2.71 6.37 8.03 11.16 11.13 13.80 13.52 16.30 19.05 19.21 19.55 22.31 24.61 24.63 25.61 23.75 22.99 23.36 22.40 19.25 19.23 16.56 15.22 12.62 13.06 13.62 15.79 17.32 17.86 19.18 23.15 23.51 25.77 25.83 
23.52 22.15 19.81 19.86 20.24 21.07 23.22 23.55 25.50 25.08 23.53 24.45 23.52 23.48 21.58 21.50 22.17 20.62 21.11 22.04 21.35 22.04 20.28 20.67 21.62 22.97 22.39 21.80 22.90 23.74 22.20 23.04 22.06 21.14 18.79 18.34 18.04 16.86 18.14 18.26 18.88 21.41 22.68 25.07 29.10 28.66 24.31 22.12 17.97 15.70 13.31 10.79 9.65 7.59 6.37 0.00 5.19 7.97 9.67 12.28 13.77 15.88 17.96 19.44 20.76 22.26 24.64 24.42 25.97 23.81 22.94 23.04 22.83 19.71 19.25 16.61 15.34 12.96 13.23 12.94 16.39 16.60 18.12 20.28 24.40 25.50 26.04 27.18 
22.57 21.32 19.22 18.63 18.52 19.62 22.43 22.59 24.56 24.40 23.02 24.31 22.72 22.32 20.48 20.85 20.81 19.80 20.38 20.79 20.84 21.26 20.01 20.30 21.33 22.66 22.32 21.54 23.24 23.08 22.21 22.69 23.04 21.59 19.26 18.48 18.78 16.80 17.35 17.14 18.17 19.64 20.74 22.67 26.51 25.19 21.53 19.01 15.73 12.74 11.63 8.88 8.21 7.32 8.03 5.19 0.50 5.88 7.30 9.95 11.36 13.93 15.87 17.25 19.18 21.14 23.37 23.99 25.84 24.12 22.93 23.05 22.65 19.70 19.51 17.08 15.40 13.62 13.72 13.82 15.12 16.51 17.27 19.43 22.69 23.24 25.32 27.41 
24.17 22.68 20.24 19.66 20.26 20.78 24.18 24.03 25.91 25.66 24.91 25.40 23.63 23.75 22.16 21.82 22.08 21.19 21.65 21.82 22.29 23.39 21.30 21.04 22.50 23.83 23.36 22.47 24.27 24.59 23.65 24.21 23.99 22.89 20.74 19.76 19.69 17.90 18.01 17.87 18.79 20.50 20.96 24.26 27.72 26.69 22.16 20.64 16.84 13.55 12.51 10.72 9.90 9.21 11.16 7.97 5.88 0.00 5.91 9.48 11.19 13.67 15.98 17.56 19.75 22.43 24.69 24.49 26.50 25.02 23.88 23.58 23.55 21.28 21.01 18.84 16.99 15.51 14.94 14.81 16.28 17.65 18.81 20.70 23.51 24.83 26.28 27.67 
24.51 22.35 18.99 18.62 19.55 19.86 22.04 21.92 24.06 24.01 22.86 23.45 21.45 21.77 20.28 19.92 19.62 19.01 19.75 20.26 20.31 21.27 19.90 19.65 20.99 22.18 21.51 20.54 22.38 23.02 22.25 22.56 22.20 21.51 19.57 18.70 17.68 15.75 15.83 15.27 15.83 18.28 19.49 21.70 25.38 24.31 20.60 18.40 14.34 12.19 10.24 9.87 8.50 9.90 11.13 9.67 7.30 5.91 0.00 6.02 7.51 10.44 12.91 14.78 17.20 19.04 21.76 21.60 24.21 22.56 21.37 21.28 21.28 19.10 19.70 16.82 14.73 13.28 13.42 13.10 15.46 16.55 16.23 18.48 22.87 23.41 25.12 26.46 
24.60 22.83 19.90 19.09 20.18 20.90 23.10 23.48 25.25 25.35 23.75 24.65 22.78 23.26 20.45 20.62 20.96 20.46 21.76 22.53 22.39 23.55 21.85 21.74 22.68 23.73 23.22 22.11 23.68 24.64 23.53 23.82 24.05 23.53 21.97 20.69 19.98 17.60 17.23 15.81 15.56 18.27 19.82 21.64 25.24 24.42 20.51 17.87 14.54 12.00 10.99 8.95 9.77 11.60 13.80 12.28 9.95 9.48 6.02 0.88 6.84 9.51 12.31 14.22 16.71 18.18 20.33 21.19 23.73 21.51 19.84 20.63 21.27 19.04 19.65 17.39 15.91 15.20 14.59 14.92 16.27 17.93 18.83 20.21 23.29 24.42 25.67 27.05 
23.97 21.87 18.88 17.65 18.08 18.94 21.13 21.64 23.43 23.43 21.76 22.79 21.17 20.74 18.29 18.78 19.15 19.12 20.53 21.18 21.42 22.61 21.01 21.10 22.04 23.19 22.28 21.23 22.50 23.45 22.34 22.53 22.63 22.77 21.10 20.56 19.65 16.87 16.04 15.03 14.67 16.51 17.26 19.19 22.58 20.12 16.13 13.76 11.08 9.28 8.41 7.83 10.14 11.77 13.52 13.77 11.36 11.19 7.51 6.84 1.52 6.38 8.18 10.67 13.00 14.59 17.87 18.23 20.79 19.32 17.86 18.49 18.60 17.23 17.84 16.42 14.88 13.65 14.40 13.83 15.63 16.54 17.60 17.73 21.58 22.60 24.51 26.10 
24.13 21.53 17.94 17.31 18.07 18.35 20.00 20.40 21.85 22.22 20.02 21.41 19.40 19.88 17.58 18.02 18.58 18.60 19.85 20.58 20.90 22.33 20.41 20.11 21.32 22.53 21.33 20.09 21.50 22.67 21.65 21.68 21.76 21.81 20.53 20.10 18.56 16.20 14.53 13.43 13.64 14.33 14.46 17.35 20.34 17.93 13.31 12.19 10.15 7.74 8.74 9.31 12.30 13.88 16.30 15.88 13.93 13.67 10.44 9.51 6.38 1.05 6.48 7.55 10.02 12.30 15.17 16.01 17.86 17.14 15.93 16.19 16.20 15.45 16.24 15.49 13.98 13.64 13.63 13.79 14.20 16.78 17.52 17.57 20.19 22.33 24.17 25.75 
24.69 22.14 17.98 17.26 18.04 17.56 19.12 19.99 21.62 21.35 18.93 20.19 18.14 18.71 16.93 17.78 18.03 18.43 20.35 21.58 21.69 22.49 21.31 21.36 22.40 23.05 22.09 20.85 22.34 23.25 22.06 22.09 21.78 21.88 20.42 20.09 18.89 16.03 14.48 12.92 12.59 13.25 13.82 15.24 17.85 15.49 11.73 10.24 8.47 8.50 9.10 10.58 12.54 16.02 19.05 17.96 15.87 15.98 12.91 12.31 8.18 6.48 2.23 5.75 7.67 10.11 12.71 13.78 16.08 16.02 14.36 15.59 15.83 14.73 16.19 15.81 14.85 13.49 14.44 14.23 16.51 17.87 17.82 17.47 21.71 22.79 24.18 25.28 
24.47 21.76 17.33 16.65 17.38 16.41 17.25 17.37 18.79 18.50 16.10 17.83 16.69 17.40 15.70 16.76 17.78 18.09 20.16 21.68 21.59 22.31 21.18 21.27 21.76 22.41 21.56 20.31 21.56 22.39 21.51 21.40 21.32 21.21 19.93 19.43 18.34 15.59 14.26 12.22 11.31 11.87 11.93 12.82 14.73 12.83 9.37 8.68 8.44 7.68 8.78 11.43 14.99 17.17 19.21 19.44 17.25 17.56 14.78 14.22 10.67 7.55 5.75 0.82 5.92 6.62 9.60 10.91 14.21 12.38 11.22 13.27 13.98 12.41 13.93 14.88 14.07 13.60 14.28 15.06 15.36 18.12 18.06 19.05 21.54 23.64 24.27 25.60 
25.21 22.76 18.25 17.39 17.71 16.25 17.13 16.66 17.43 17.27 15.31 16.86 16.33 17.46 15.86 16.92 18.34 19.18 21.32 22.52 22.70 23.43 21.94 22.00 22.54 23.62 22.46 21.26 22.22 23.38 22.20 22.07 21.77 22.55 21.35 20.90 20.04 17.21 16.10 13.85 13.22 12.50 11.61 12.48 14.83 13.25 10.58 10.61 10.04 10.37 11.63 13.87 17.22 18.64 19.55 20.76 19.18 19.75 17.20 16.71 13.00 10.02 7.67 5.92 2.31 5.74 7.55 9.86 12.57 11.82 10.66 12.55 13.67 13.31 14.75 15.76 15.49 14.94 16.27 15.91 16.75 18.88 21.06 20.17 22.39 23.49 26.96 28.60 
25.05 22.30 17.60 16.83 17.33 16.23 15.97 15.41 15.61 15.86 13.49 15.60 15.96 17.56 16.50 17.43 19.34 19.70 21.84 22.89 23.46 23.98 22.31 22.36 23.18 23.81 22.73 21.00 22.69 23.33 22.00 21.98 21.65 21.92 20.72 20.16 19.98 17.10 15.83 14.02 13.33 12.20 10.96 12.53 15.00 14.31 11.64 11.88 12.30 12.91 14.44 16.75 19.46 20.73 22.31 22.26 21.14 22.43 19.04 18.18 14.59 12.30 10.11 6.62 5.74 1.36 5.63 6.94 9.66 10.66 10.18 11.86 12.85 13.54 14.58 15.62 16.21 15.96 16.45 16.93 17.23 20.20 20.75 20.77 22.21 24.72 26.58 27.25 
25.38 22.96 18.47 17.38 17.72 15.27 15.09 14.64 15.34 14.47 12.07 14.57 16.03 17.63 17.03 18.43 20.60 21.16 22.78 24.39 24.88 24.89 23.50 23.95 24.46 25.05 23.43 22.32 23.52 23.90 22.53 22.85 22.30 22.51 20.51 20.22 19.85 17.30 15.51 13.82 13.17 12.67 11.76 13.29 15.94 15.50 13.01 14.00 14.54 15.26 16.07 18.26 20.27 22.59 24.61 24.64 23.37 24.69 21.76 20.33 17.87 15.17 12.71 9.60 7.55 5.63 2.51 5.32 7.55 8.64 9.21 11.73 13.09 12.72 15.21 16.26 17.37 16.72 17.74 18.64 20.23 21.39 22.74 22.27 23.97 24.69 27.46 27.78 
25.57 22.87 17.94 17.51 17.85 15.64 14.76 14.10 14.73 13.86 11.48 14.63 16.31 17.96 17.62 18.83 20.73 21.02 23.02 24.57 24.65 24.92 23.59 24.30 24.41 24.68 23.40 21.99 22.84 23.69 22.08 22.09 21.29 21.73 20.22 19.30 18.73 16.77 15.62 14.22 13.80 13.91 12.80 14.44 16.68 16.46 14.25 15.60 15.11 16.11 16.65 18.74 21.41 22.78 24.63 24.42 23.99 24.49 21.60 21.19 18.23 16.01 13.78 10.91 9.86 6.94 5.32 0.17 5.72 6.28 7.49 10.86 12.48 12.07 13.97 15.69 16.20 15.94 16.93 18.73 18.92 20.99 21.68 23.22 23.19 25.71 27.93 28.40 
27.48 25.06 20.43 19.55 19.95 17.52 17.56 16.77 16.05 15.89 15.06 16.93 18.79 20.99 20.20 21.46 22.82 23.78 25.76 27.19 27.49 27.78 26.59 26.73 27.07 27.63 26.34 24.49 25.14 25.89 24.99 24.28 23.31 23.94 22.80 21.71 20.85 18.98 18.19 16.79 16.99 17.72 16.97 18.61 21.85 21.57 19.59 19.49 18.27 18.97 19.42 21.46 23.54 24.51 25.61 25.97 25.84 26.50 24.21 23.73 20.79 17.86 16.08 14.21 12.57 9.66 7.55 5.72 2.35 6.13 7.19 10.16 12.41 13.70 16.15 16.92 17.43 17.71 19.75 20.01 20.87 23.83 26.13 26.08 25.06 26.53 30.68 32.22 
26.00 23.38 18.65 17.60 17.25 15.79 15.68 12.87 12.62 13.54 12.93 15.32 17.00 19.09 19.26 20.00 21.97 22.52 24.61 26.00 26.27 26.91 25.06 25.45 25.82 26.50 24.99 23.13 23.74 24.44 22.76 22.11 20.91 21.12 19.82 19.37 18.73 17.21 15.86 15.37 16.19 16.75 16.46 18.69 21.96 22.09 18.69 18.26 16.89 17.32 17.75 19.00 21.65 22.38 23.75 23.81 24.12 25.02 22.56 21.51 19.32 17.14 16.02 12.38 11.82 10.66 8.64 6.28 6.13 0.00 5.21 6.59 9.26 10.60 13.15 13.67 14.78 14.65 15.95 17.14 18.23 21.58 23.16 24.64 22.74 25.64 29.03 29.50 
25.51 23.07 19.17 17.80 16.66 14.93 14.63 12.99 12.76 13.22 12.29 15.39 16.92 18.98 18.48 19.99 21.88 22.56 24.41 25.79 26.23 26.02 24.49 24.58 25.18 25.66 23.72 21.88 22.48 22.55 20.86 20.29 19.05 18.94 17.54 17.81 17.29 16.11 14.34 14.97 15.55 16.28 16.43 19.56 22.86 21.54 18.18 17.76 16.14 16.24 16.71 17.81 20.08 21.34 22.99 22.94 22.93 23.88 21.37 19.84 17.86 15.93 14.36 11.22 10.66 10.18 9.21 7.49 7.19 5.21 0.82 5.37 7.19 8.39 11.20 12.05 13.27 13.34 14.30 15.83 18.06 20.08 21.58 23.43 22.88 24.53 28.01 28.75 
26.40 24.21 19.48 18.63 18.11 16.46 15.55 13.93 15.30 15.55 14.07 17.80 18.82 20.17 19.98 20.92 22.76 23.46 25.44 26.78 26.84 27.25 25.66 25.77 25.82 26.13 24.70 22.61 23.18 23.51 21.78 20.27 18.94 18.26 17.01 16.11 16.60 15.59 14.15 14.82 16.53 17.32 18.02 21.05 23.94 22.93 19.43 19.27 17.37 16.75 17.29 18.78 20.20 21.57 23.36 23.04 23.05 23.58 21.28 20.63 18.49 16.19 15.59 13.27 12.55 11.86 11.73 10.86 10.16 6.59 5.37 0.72 5.89 6.93 9.04 10.89 12.76 13.14 14.56 17.60 18.33 20.88 22.19 24.07 24.16 26.02 29.23 29.35 
26.78 24.45 19.44 19.09 18.47 15.97 15.88 15.38 16.36 16.55 15.92 18.59 19.27 20.86 20.45 21.54 23.18 24.06 26.63 27.78 27.79 27.92 27.08 26.56 26.44 27.14 25.71 23.60 23.77 23.96 22.70 21.23 18.78 18.72 17.32 16.29 16.04 15.57 15.11 15.93 17.16 18.98 19.17 22.08 25.31 24.61 21.31 21.03 18.64 18.17 17.71 18.99 20.04 20.84 22.40 22.83 22.65 23.55 21.28 21.27 18.60 16.20 15.83 13.98 13.67 12.85 13.09 12.48 12.41 9.26 7.19 5.89 2.40 6.36 8.01 10.00 11.93 13.07 16.18 18.38 20.76 21.98 24.03 27.65 27.04 27.33 30.66 34.91 
25.15 22.68 18.08 17.63 16.55 14.63 14.69 14.17 14.95 15.58 14.56 17.33 18.09 19.64 19.36 20.16 21.88 22.66 24.87 26.00 26.13 26.45 25.02 24.87 24.77 25.20 23.87 21.98 22.45 22.73 21.24 19.60 17.36 16.58 15.42 13.98 13.77 13.46 12.75 13.93 15.85 17.39 17.69 20.59 23.70 23.33 19.88 19.47 16.67 16.26 14.89 16.53 16.98 17.98 19.25 19.71 19.70 21.28 19.10 19.04 17.23 15.45 14.73 12.41 13.31 13.54 12.72 12.07 13.70 10.60 8.39 6.93 6.36 0.67 5.36 6.37 9.58 10.07 13.09 16.32 18.63 20.87 22.09 25.45 26.13 27.59 30.78 31.73 
24.05 22.42 18.61 17.50 16.15 14.84 14.92 14.12 16.27 16.88 15.73 17.48 18.57 20.08 19.79 20.80 22.69 23.14 24.95 25.96 26.39 26.19 24.97 24.48 24.90 25.16 23.65 21.44 21.99 22.42 20.81 19.53 17.88 17.05 14.47 13.64 14.02 13.29 11.39 13.97 16.80 17.84 18.49 21.95 24.88 23.98 21.35 20.14 17.75 16.62 15.60 16.36 16.78 17.14 19.23 19.25 19.51 21.01 19.70 19.65 17.84 16.24 16.19 13.93 14.75 14.58 15.21 13.97 16.15 13.15 11.20 9.04 8.01 5.36 1.63 4.54 7.19 9.35 11.66 14.36 16.85 18.84 20.52 24.04 24.67 25.64 28.71 28.96 
23.39 21.17 17.40 16.34 14.70 13.62 13.37 12.22 15.23 16.63 15.34 17.73 18.26 19.49 19.17 19.76 21.55 22.01 23.86 24.98 25.47 25.75 24.37 24.25 24.53 24.59 23.02 21.09 21.61 21.94 20.39 18.92 17.09 15.87 13.56 12.17 12.38 11.32 9.80 12.53 15.28 16.96 17.95 21.57 24.22 23.32 19.91 19.89 16.55 15.41 14.15 14.46 13.95 14.56 16.56 16.61 17.08 18.84 16.82 17.39 16.42 15.49 15.81 14.88 15.76 15.62 16.26 15.69 16.92 13.67 12.05 10.89 10.00 6.37 4.54 0.00 5.31 6.07 8.51 12.99 15.55 18.18 19.14 22.16 23.12 25.17 27.73 27.68 
