3.56 7.36 10.02 11.23 12.02 13.30 15.73 16.09 17.84 19.48 21.64 22.82 24.40 25.60 26.09 26.57 27.18 27.26 27.35 28.81 28.39 28.64 29.38 29.11 27.78 28.52 28.24 26.68 26.91 27.98 27.02 26.13 26.63 25.44 24.69 24.91 26.73 26.49 27.54 28.27 29.95 28.44 26.34 25.51 25.27 24.68 24.47 24.90 26.21 26.76 27.57 28.30 29.44 30.55 31.56 31.60 30.46 29.86 30.54 30.32 28.51 28.68 30.16 29.69 29.70 31.22 32.06 31.43 32.46 31.04 31.02 29.90 29.69 29.02 29.40 29.47 30.58 31.48 33.21 33.00 33.07 35.00 34.86 33.67 33.72 34.61 32.89 32.63 33.80 33.80 32.83 33.52 35.48 35.34 34.53 34.28 33.96 32.97 33.04 33.93 34.29 34.80 35.56 36.32 35.92 37.43 37.76 37.46 38.63 39.64 38.30 38.10 38.20 38.84 37.18 35.60 36.71 37.11 34.32 33.69 35.35 34.69 33.05 33.94 35.45 33.98 32.75 34.23 35.32 33.83 33.93 35.58 36.39 35.94 35.05 34.82 34.16 33.41 33.68 33.49 34.14 34.14 34.94 34.90 35.81 34.70 35.04 35.91 35.84 33.86 34.20 35.17 34.31 33.52 35.65 35.99 35.62 35.43 34.04 33.08 31.70 30.50 30.20 30.01 30.49 30.21 30.37 31.43 32.82 32.68 33.30 34.67 35.39 36.16 36.51 36.58 36.48 35.74 34.72 34.70 33.68 32.02 32.23 32.95 32.07 30.57 31.63 32.93 32.22 31.10 31.52 31.55 29.47 28.54 27.89 27.56 27.10 27.56 28.33 29.53 29.64 30.06 31.56 30.96 29.19 29.30 30.01 27.77 26.66 28.31 28.76 26.39 26.68 28.91 29.17 27.26 28.56 30.05 29.77 28.78 27.69 28.32 27.68 27.86 27.50 27.06 28.48 29.56 29.05 28.16 29.01 30.30 31.20 30.04 34.25 
7.36 3.02 7.14 9.21 11.34 11.79 13.82 15.25 16.34 17.75 20.68 21.45 23.33 24.53 25.30 25.54 26.22 26.27 26.53 28.23 27.59 27.72 28.77 28.47 26.81 27.84 27.59 25.90 26.16 27.43 26.41 25.10 25.88 24.29 23.63 23.96 26.03 25.53 26.49 27.44 29.32 27.63 25.43 24.67 24.33 23.89 23.50 23.91 25.06 25.70 26.81 27.59 28.67 29.92 31.03 30.98 29.33 28.66 30.15 29.98 27.73 27.99 29.87 29.02 28.89 30.57 31.84 31.04 32.28 30.77 30.82 29.27 29.07 28.24 29.19 29.08 29.87 31.14 33.29 32.60 32.56 34.75 34.89 33.40 33.46 34.82 32.84 32.31 34.10 33.82 32.88 33.62 36.07 35.74 34.88 34.46 34.38 33.02 33.18 34.34 34.52 35.03 35.96 36.69 36.31 37.78 38.19 37.80 38.83 40.07 38.60 38.12 38.30 39.12 37.28 35.44 36.57 37.49 34.25 33.49 35.56 34.82 32.91 33.99 35.67 34.02 32.60 34.49 35.77 33.91 34.01 36.12 36.68 36.22 35.32 35.19 34.26 33.40 33.70 33.57 34.02 33.90 34.94 34.76 35.67 34.28 34.87 35.90 35.48 33.29 33.82 35.11 33.81 33.02 35.44 35.89 34.87 35.23 33.58 32.74 30.89 30.05 29.64 29.62 29.73 29.62 29.88 30.84 32.10 32.04 32.75 34.46 34.96 35.91 36.30 36.45 36.29 35.26 34.31 34.61 33.50 31.50 31.73 32.90 31.79 29.95 31.20 33.24 32.15 30.79 31.31 31.70 29.41 28.04 27.35 27.37 26.84 27.09 27.75 29.10 29.38 29.47 31.33 30.54 28.48 28.57 29.83 27.07 26.18 27.84 28.56 25.59 26.18 28.76 28.95 26.84 28.46 30.16 29.76 28.85 27.57 28.10 27.52 27.58 26.97 26.85 29.17 29.42 28.30 28.01 27.68 30.62 31.64 30.15 33.68 
10.02 7.14 3.35 6.79 10.60 10.96 12.53 13.15 14.95 15.92 18.62 20.04 21.42 23.21 24.00 24.40 24.70 24.93 25.21 26.93 26.05 26.53 27.64 27.27 25.50 26.46 26.36 24.54 24.83 26.07 25.22 23.77 24.38 22.78 22.56 22.58 24.77 24.04 25.40 25.98 28.22 26.31 24.51 23.19 23.06 22.57 22.67 22.76 23.87 24.59 25.90 26.51 27.60 28.88 30.44 30.04 28.15 27.67 29.60 29.15 26.81 26.99 29.30 27.98 27.70 29.57 31.28 30.12 31.33 29.70 30.37 28.36 27.90 27.41 28.91 28.59 29.35 30.30 33.07 32.20 32.07 34.58 35.08 33.38 33.46 34.57 32.99 32.11 33.79 33.88 33.44 34.12 36.74 36.04 35.40 34.71 34.52 33.16 33.68 34.66 35.03 35.24 36.36 36.81 36.33 37.99 38.72 38.04 39.20 40.09 38.86 38.15 38.13 39.07 37.61 35.62 36.86 37.38 34.49 33.42 35.37 34.80 33.37 34.24 36.04 34.09 33.05 34.51 35.59 33.88 34.42 36.29 36.99 36.30 35.71 35.26 34.27 33.30 33.88 33.46 34.09 33.74 34.96 34.46 35.40 34.05 35.14 35.75 35.46 32.95 33.77 34.46 33.11 32.43 35.36 35.55 34.70 34.79 33.50 32.16 30.23 29.26 29.39 29.02 29.30 29.04 29.73 30.42 31.69 31.68 32.82 34.12 34.74 35.41 35.93 35.90 35.82 34.78 33.99 34.05 33.27 30.84 31.38 32.12 31.30 29.30 30.91 32.61 32.00 30.18 31.02 31.13 29.03 27.54 26.92 26.64 26.45 26.34 27.08 28.21 29.00 28.74 30.83 29.72 28.17 27.79 29.23 26.22 25.48 27.12 27.96 24.81 25.65 28.05 28.42 26.18 27.78 29.36 29.19 28.14 26.93 27.47 27.03 27.14 27.09 26.67 29.14 30.07 29.97 28.72 29.77 31.34 32.84 31.24 33.14 
11.23 9.21 6.79 2.57 7.99 9.97 11.30 11.58 13.04 15.20 17.21 18.30 20.29 21.56 22.69 23.09 23.59 23.69 24.04 25.81 24.96 25.49 26.72 26.46 24.43 25.79 25.51 23.70 23.63 25.12 24.18 22.84 23.38 22.07 21.77 22.00 23.95 23.60 24.90 25.35 27.11 25.54 23.38 22.20 21.76 21.47 21.19 21.78 22.77 23.65 24.68 25.66 26.75 28.16 29.48 29.43 27.54 27.17 28.75 28.81 26.45 26.85 28.65 27.83 27.64 29.44 30.71 29.79 31.15 29.49 29.62 28.05 27.67 27.21 28.20 28.39 29.12 30.25 32.65 31.98 31.62 34.38 34.62 33.24 33.38 34.74 32.80 32.28 33.81 33.99 33.11 34.11 36.47 36.07 35.10 34.72 34.30 33.19 33.25 34.72 34.59 35.20 35.95 36.85 36.12 38.05 38.43 38.08 38.93 40.21 38.76 38.28 38.08 39.30 37.41 35.69 36.50 37.37 34.19 33.53 35.34 34.92 32.92 34.18 35.61 33.97 32.43 34.43 35.33 33.84 33.91 36.13 36.42 36.03 35.09 35.01 33.86 33.18 33.21 33.26 33.51 33.41 34.24 34.25 34.94 33.80 34.40 35.46 34.88 32.77 33.22 34.41 32.95 32.40 34.75 35.16 33.82 34.26 32.62 31.77 29.69 28.90 28.40 28.51 28.52 28.31 28.62 29.72 30.77 31.10 31.90 33.60 34.15 35.13 35.50 35.57 35.36 34.47 33.49 33.83 32.91 30.77 30.95 32.04 31.01 29.20 30.42 32.38 31.38 29.86 30.31 30.69 28.45 27.12 26.18 26.30 25.81 25.89 26.30 27.74 28.40 28.32 29.95 29.24 27.46 27.48 28.59 25.92 25.08 26.79 27.28 24.43 24.97 27.61 27.62 25.66 27.20 28.95 28.54 27.78 26.36 27.09 26.47 26.95 26.68 26.78 29.19 29.71 29.10 28.21 29.03 30.44 33.43 30.35 37.82 
12.02 11.34 10.60 7.99 2.08 6.65 9.47 10.04 11.06 13.16 16.47 17.62 19.13 20.72 21.04 21.73 22.26 22.33 22.58 24.67 24.00 24.68 26.12 25.92 24.13 25.52 25.25 23.12 23.42 25.03 24.12 22.65 23.73 22.15 21.53 21.74 24.00 23.76 25.52 26.06 27.96 26.06 23.69 22.11 21.92 20.77 20.54 20.66 22.05 22.52 23.42 24.54 26.17 27.54 28.92 29.07 27.51 26.92 28.81 28.85 26.67 26.84 28.93 28.30 28.26 30.25 31.30 30.34 32.08 29.65 29.71 27.97 28.12 26.98 27.70 27.58 28.92 29.78 32.29 31.61 31.49 34.52 34.55 32.91 33.61 35.11 32.86 32.37 34.45 34.65 33.01 34.11 37.07 36.45 35.10 34.82 34.79 33.10 32.96 34.20 34.37 34.57 35.65 36.58 36.05 37.98 38.25 37.73 39.49 40.84 39.38 38.95 39.56 40.84 38.56 36.52 38.08 38.99 35.32 34.54 36.88 36.15 33.40 34.95 36.85 34.84 32.96 35.25 36.50 34.43 34.18 36.50 37.20 36.34 35.31 34.89 34.15 32.88 33.06 32.79 33.41 33.06 34.26 34.30 35.43 33.77 34.59 36.09 35.97 33.23 34.10 35.68 34.37 33.33 36.02 36.55 35.36 35.22 33.70 32.43 30.60 28.93 28.50 28.19 28.50 27.87 28.11 29.32 30.58 30.54 31.23 33.35 34.40 35.43 35.92 36.02 35.68 34.72 33.99 34.62 33.71 31.27 31.70 33.17 32.10 29.85 31.05 33.27 32.01 30.15 30.93 31.20 28.95 27.05 26.16 25.74 25.27 25.21 25.77 27.18 27.76 27.72 29.77 28.77 26.76 27.07 28.74 25.60 24.91 27.05 27.79 24.13 24.73 27.77 27.67 25.24 27.43 29.42 28.79 27.44 26.41 27.09 26.18 26.31 25.51 25.65 27.79 29.28 28.83 29.51 30.68 31.51 31.16 30.72 34.68 
13.30 11.79 10.96 9.97 6.65 1.15 6.58 7.91 8.91 10.58 13.23 15.51 16.58 18.66 19.03 19.50 19.61 20.10 20.29 22.64 21.95 22.45 24.21 24.03 22.07 23.70 23.41 21.34 21.73 23.70 22.49 20.84 22.03 20.04 19.62 19.80 22.45 22.36 24.22 25.26 26.91 25.09 22.10 20.53 19.65 19.03 18.08 18.96 19.94 20.61 21.52 22.72 24.24 26.07 27.38 27.37 25.50 24.89 27.35 27.20 24.70 25.25 27.64 26.66 26.46 29.01 30.50 29.21 30.56 28.34 28.59 26.41 26.13 25.25 26.10 25.86 26.77 28.03 30.92 29.95 29.93 33.07 33.22 31.21 31.85 33.67 31.34 30.80 33.16 33.24 31.76 32.90 35.92 35.37 33.97 33.55 33.43 31.63 31.37 32.82 32.67 33.11 34.19 35.23 34.66 36.74 36.98 36.37 38.16 39.69 38.05 37.72 38.34 39.78 37.26 35.19 36.76 37.96 34.03 33.27 35.78 34.96 32.31 33.84 35.89 33.71 31.95 34.28 35.71 33.33 33.36 35.80 36.42 35.62 34.42 34.02 32.91 31.72 31.75 31.70 32.14 31.98 33.33 33.31 34.33 32.67 33.56 35.14 34.82 32.08 33.04 34.68 33.20 32.17 35.39 35.80 34.35 34.57 32.65 31.27 28.90 27.56 26.88 26.65 26.79 26.40 26.73 27.68 29.11 29.14 30.18 32.21 33.16 34.34 35.07 35.10 34.67 33.56 32.73 33.44 32.37 30.01 30.33 31.87 30.77 28.53 29.81 32.26 30.90 29.04 29.90 30.12 27.45 25.54 24.42 24.22 23.51 23.53 23.92 25.45 26.21 26.12 28.28 27.30 25.01 25.45 27.07 23.92 23.22 25.57 26.33 22.67 23.33 26.66 26.55 23.88 26.38 28.44 27.78 26.38 24.95 25.90 24.98 24.99 23.90 24.48 27.50 28.57 27.56 27.69 29.46 30.42 30.13 30.39 33.82 
15.73 13.82 12.53 11.30 9.47 6.58 2.42 6.29 8.06 8.93 11.34 13.30 15.51 17.28 17.83 18.30 18.46 18.50 19.08 21.42 20.73 21.54 23.29 23.21 21.28 22.95 22.75 20.74 21.22 23.29 22.19 20.53 21.60 19.69 19.38 19.61 22.06 22.12 24.27 24.95 27.08 24.88 22.36 20.37 19.69 18.42 17.94 18.04 19.22 19.57 20.47 21.59 23.26 24.97 26.67 26.60 24.62 24.38 27.01 26.81 24.04 24.76 27.42 26.17 25.58 28.58 30.40 29.00 29.90 27.91 28.61 26.01 25.37 24.42 25.74 25.29 25.91 27.07 30.09 29.20 29.01 32.37 32.70 30.67 31.14 32.86 31.06 30.03 32.47 32.56 31.46 32.48 35.53 34.77 33.67 32.95 33.07 30.85 30.95 32.07 32.06 32.25 33.57 34.31 33.99 35.90 36.26 35.53 37.45 38.85 37.36 36.91 37.85 39.04 36.80 34.48 36.30 37.24 33.62 32.62 35.25 34.40 32.06 33.49 35.57 33.38 31.83 33.97 35.47 33.12 33.28 35.54 36.20 35.27 34.34 33.67 32.71 31.18 31.52 31.08 31.68 31.40 32.96 32.72 33.76 32.19 33.34 34.76 34.58 31.71 32.82 34.20 32.57 31.75 35.12 35.49 34.00 34.09 32.45 30.75 28.44 26.88 26.53 26.07 26.25 25.93 26.33 27.28 28.40 28.69 29.77 31.85 32.55 33.87 34.75 34.65 34.12 33.08 32.40 32.93 32.03 29.60 30.12 31.49 30.47 28.31 29.63 32.01 30.64 28.89 30.03 30.16 27.60 25.38 24.43 23.72 23.22 22.96 23.53 24.96 25.85 25.70 27.91 26.84 24.84 24.92 26.93 23.77 23.37 25.46 26.36 22.64 23.38 26.64 26.66 24.09 26.45 28.62 28.08 26.44 25.05 25.86 25.07 24.77 24.06 24.09 27.08 28.39 28.02 28.56 29.92 30.89 30.61 30.88 32.45 
16.09 15.25 13.15 11.58 10.04 7.91 6.29 0.78 5.52 7.29 9.41 10.84 12.87 15.31 15.77 16.45 16.95 17.04 17.01 19.58 18.75 19.32 21.31 21.21 19.20 21.03 21.06 18.89 19.54 21.70 20.63 19.04 20.28 18.59 18.43 19.02 21.63 21.88 24.05 25.17 27.09 25.09 21.65 19.87 18.71 17.83 16.49 17.24 18.26 19.00 19.43 20.75 22.28 24.18 25.53 25.66 23.73 23.53 25.89 26.15 23.34 24.32 26.66 25.80 25.29 28.13 29.79 28.50 29.69 27.60 27.94 25.60 25.09 24.09 25.00 24.81 25.61 26.73 29.73 28.57 28.41 31.66 32.09 30.02 30.49 32.37 30.32 29.51 31.86 32.00 30.74 31.91 34.98 34.33 33.02 32.33 32.38 30.51 30.27 31.69 31.62 32.05 33.10 33.95 33.46 35.54 35.82 35.15 37.04 38.58 36.97 36.57 37.36 38.81 36.31 34.18 35.70 36.82 33.07 32.19 34.81 33.96 31.53 32.98 35.07 32.85 31.14 33.39 35.00 32.65 32.70 34.99 35.70 34.77 33.59 33.05 31.99 30.73 30.66 30.51 30.90 30.71 32.01 32.04 33.12 31.50 32.43 33.98 33.82 31.08 32.03 33.56 32.07 31.13 34.47 34.80 33.36 33.36 31.67 30.12 27.84 26.39 25.76 25.50 25.69 25.27 25.67 26.69 28.10 28.26 29.31 31.31 32.09 33.32 34.12 34.10 33.62 32.56 31.81 32.47 31.36 28.99 29.42 30.93 29.84 27.56 28.91 31.38 30.00 28.10 29.13 29.41 26.73 24.74 23.48 23.25 22.50 22.46 22.94 24.34 25.13 25.01 27.21 26.21 23.99 24.39 26.23 23.18 22.50 24.87 25.64 22.17 22.77 26.10 25.99 23.46 25.95 28.10 27.22 26.04 24.40 25.51 24.42 24.62 23.70 24.38 27.19 28.46 27.31 27.54 28.72 29.82 30.15 30.00 34.54 
17.84 16.34 14.95 13.04 11.06 8.91 8.06 5.52 0.79 5.31 8.12 8.78 10.55 12.91 14.06 14.30 15.14 15.26 15.16 17.38 16.55 17.28 19.44 19.14 17.37 19.12 19.51 17.22 18.12 20.27 19.83 18.32 19.93 18.12 18.25 19.01 21.39 21.78 24.52 25.72 28.26 25.62 22.15 20.13 19.26 17.74 16.92 17.19 18.40 18.50 18.89 20.27 22.05 23.83 25.12 25.20 23.45 23.01 25.28 25.60 23.20 23.98 26.11 25.40 25.26 27.91 29.17 28.32 30.05 27.64 27.58 25.54 25.41 24.32 24.83 24.95 25.70 26.88 29.27 28.54 27.98 31.39 31.60 29.91 30.45 32.38 30.14 29.30 31.57 31.79 30.39 31.68 34.64 34.31 32.82 32.28 32.49 30.61 30.32 31.76 31.55 32.11 33.01 34.02 33.36 35.37 35.51 34.92 36.69 38.40 36.76 36.36 37.13 38.56 36.20 33.99 35.51 36.72 33.05 32.17 34.54 33.78 31.27 32.82 34.76 32.71 31.00 33.32 34.84 32.50 32.35 34.77 35.51 34.59 33.38 32.77 31.89 30.49 30.39 30.20 30.62 30.38 31.52 31.63 32.73 31.11 31.98 33.59 33.56 30.74 31.65 33.24 31.67 30.82 33.94 34.43 33.16 33.20 31.55 30.08 28.03 26.47 25.85 25.79 25.87 25.69 25.59 26.91 27.86 28.10 28.61 30.94 31.66 33.08 33.64 33.64 33.00 32.13 31.43 32.11 30.94 28.74 29.02 30.77 29.58 27.36 28.35 30.98 29.66 27.93 28.87 29.38 27.03 24.99 23.63 23.40 22.67 22.70 22.78 24.40 24.94 25.02 26.90 25.95 23.72 24.16 25.96 23.13 22.59 24.95 25.46 22.04 22.56 25.70 25.33 23.10 25.62 27.67 26.53 25.58 24.10 24.86 23.75 24.00 23.46 23.30 25.61 26.59 26.19 26.52 27.59 28.67 29.91 30.16 30.25 
19.48 17.75 15.92 15.20 13.16 10.58 8.93 7.29 5.31 0.59 5.74 7.61 9.13 11.13 12.39 13.58 14.01 14.71 14.86 17.37 16.01 17.18 18.67 18.79 16.48 18.41 18.54 16.55 17.36 19.80 19.09 18.09 19.46 17.88 18.20 18.90 21.46 22.12 25.05 26.19 28.33 26.29 23.03 20.83 19.37 18.29 17.01 17.47 18.08 18.20 18.52 20.19 21.81 23.78 24.87 25.15 23.04 22.60 25.04 25.33 22.75 23.79 25.99 25.24 24.84 27.79 29.30 28.31 29.79 27.64 27.73 25.41 24.97 23.95 24.69 24.52 25.24 26.32 29.02 28.17 27.65 30.91 31.19 29.26 29.90 31.85 29.70 28.86 31.25 31.43 30.13 31.34 34.51 34.01 32.52 31.91 32.15 30.25 29.85 31.37 31.29 31.73 32.65 33.73 33.16 35.21 35.28 34.70 36.60 38.21 36.57 36.16 37.00 38.39 35.86 33.83 35.40 36.57 32.80 31.89 34.49 33.59 31.15 32.63 34.78 32.63 31.02 33.24 34.92 32.49 32.52 34.88 35.66 34.73 33.37 32.75 31.76 30.41 30.15 30.02 30.48 30.29 31.48 31.48 32.62 31.04 31.89 33.46 33.34 30.63 31.52 33.00 31.59 30.77 34.02 34.48 33.19 33.39 31.51 30.00 27.87 26.46 25.73 25.57 25.79 25.65 25.76 26.83 27.90 28.08 29.04 31.03 31.89 33.20 33.89 33.71 33.14 32.14 31.48 32.08 31.01 28.83 29.11 30.65 29.57 27.42 28.62 31.19 29.87 28.15 29.15 29.56 26.96 24.93 23.56 23.32 22.61 22.52 22.57 24.06 24.79 24.94 26.88 25.95 23.54 24.11 25.90 22.99 22.42 24.89 25.55 22.21 22.62 25.93 25.84 23.37 25.90 28.02 27.16 26.26 24.17 25.17 24.19 24.24 23.39 23.80 26.42 27.30 25.92 25.89 27.03 29.49 30.33 29.55 31.34 
21.64 20.68 18.62 17.21 16.47 13.23 11.34 9.41 8.12 5.74 2.74 6.49 9.45 10.96 11.81 13.22 14.63 14.96 15.41 18.19 17.32 18.28 20.05 19.94 17.93 19.70 19.84 17.86 18.85 21.13 20.68 19.51 21.30 19.55 19.83 20.56 23.03 24.03 27.30 28.16 30.22 28.24 25.65 22.98 21.41 20.03 19.27 19.01 19.52 19.57 19.90 21.40 23.20 25.06 26.32 26.37 24.12 23.90 26.36 26.46 23.71 24.73 27.17 26.28 25.56 28.80 30.58 29.45 31.16 28.73 29.11 26.68 25.76 25.07 25.85 25.61 26.09 27.16 29.84 29.03 28.35 31.82 31.74 30.14 30.59 32.59 30.46 29.90 32.15 32.59 30.95 32.37 35.64 34.88 33.51 33.12 33.37 31.30 30.74 32.33 32.36 32.53 33.52 34.73 34.17 36.21 35.95 35.61 37.50 39.04 37.34 37.30 38.21 39.50 36.84 34.84 36.66 37.70 33.75 33.07 35.64 34.91 32.10 33.86 35.99 33.94 32.17 34.71 36.24 33.97 33.78 36.28 36.96 35.99 34.74 34.20 33.20 31.71 31.41 31.24 31.67 31.55 32.56 32.73 33.66 32.26 33.04 34.74 34.57 31.81 32.69 34.37 32.70 32.06 35.31 35.86 34.60 34.68 33.00 31.49 29.25 27.81 27.12 27.07 27.18 27.15 27.19 28.38 29.36 29.50 30.28 32.53 33.20 34.63 35.13 35.24 34.42 33.56 32.74 33.50 32.35 30.26 30.45 32.20 30.83 29.04 30.20 32.85 31.34 29.83 31.02 31.31 28.61 26.54 25.12 24.79 24.01 23.93 23.81 25.54 26.24 26.29 28.40 27.40 25.10 25.48 27.25 24.61 23.92 26.57 27.16 23.82 24.37 27.72 27.58 25.27 27.59 29.85 29.08 27.87 25.73 26.80 25.90 25.63 24.95 25.14 27.95 28.34 27.30 28.03 30.38 30.51 31.96 31.77 32.06 
22.82 21.45 20.04 18.30 17.62 15.51 13.30 10.84 8.78 7.61 6.49 0.97 6.42 9.43 10.54 11.59 13.00 14.49 14.47 17.53 16.98 17.93 19.31 19.80 17.22 19.80 19.40 17.64 18.13 21.14 20.53 19.77 21.18 19.88 20.32 21.17 23.78 24.89 27.95 29.05 30.89 29.32 26.33 24.28 22.45 21.49 20.30 20.18 19.92 20.15 20.24 21.79 23.24 25.24 26.07 26.44 24.37 24.11 26.44 26.74 24.09 25.14 27.61 26.73 26.26 29.31 30.98 30.13 31.60 29.07 29.46 27.11 26.50 25.59 26.24 26.13 26.62 27.48 30.08 29.35 28.93 32.15 32.22 30.56 31.26 32.92 30.99 30.43 32.91 33.09 31.54 32.93 35.88 35.40 33.85 33.55 33.68 31.69 31.13 32.75 32.62 33.07 33.91 35.25 34.69 36.69 36.54 36.09 37.97 39.56 38.07 37.95 38.79 40.19 37.51 35.57 37.17 38.29 34.47 33.72 36.30 35.49 32.78 34.49 36.61 34.47 32.79 35.24 36.82 34.48 34.32 36.78 37.40 36.70 35.08 34.51 33.36 32.01 31.53 31.48 31.94 31.95 32.78 32.92 34.08 32.58 33.26 34.98 35.03 32.27 33.13 34.76 33.32 32.57 35.73 36.34 35.00 35.48 33.34 31.96 29.75 28.29 27.60 27.66 27.80 27.60 27.61 28.86 29.80 30.00 30.66 33.04 33.85 35.17 35.57 35.50 34.99 33.92 33.32 34.02 33.05 30.70 31.13 32.69 31.58 29.58 30.86 33.41 32.02 30.61 31.33 31.86 29.16 27.29 25.58 25.35 24.68 24.68 24.57 26.29 26.88 27.13 28.99 28.20 25.63 26.23 28.10 25.19 24.54 27.38 27.99 24.76 24.83 28.33 28.26 25.76 28.04 30.44 29.46 28.84 26.54 27.68 26.52 26.79 25.82 26.38 28.88 29.60 28.05 28.41 29.98 31.93 32.67 32.22 32.55 
24.40 23.33 21.42 20.29 19.13 16.58 15.51 12.87 10.55 9.13 9.45 6.42 1.54 6.97 9.74 10.51 11.68 12.96 14.08 16.66 16.64 17.76 19.20 19.35 17.62 19.82 19.98 18.02 18.89 21.65 21.55 20.69 22.39 21.07 21.50 22.52 25.24 26.13 29.28 30.07 32.59 30.52 27.56 25.43 23.99 22.97 21.89 21.22 21.00 21.01 21.31 22.50 23.90 25.56 26.49 26.85 25.27 24.92 27.04 27.41 24.98 25.97 28.26 27.62 27.19 30.21 31.62 30.71 32.71 29.97 30.11 28.19 27.65 26.83 27.15 27.06 27.93 28.39 30.71 30.14 29.75 33.07 32.84 31.46 32.27 34.02 31.84 31.53 33.72 34.19 32.47 33.81 36.84 36.13 35.05 34.64 34.63 32.74 32.32 33.69 33.79 33.88 34.98 36.21 35.59 37.64 37.54 37.09 38.90 40.57 39.12 39.08 39.71 41.25 38.73 36.68 38.18 39.37 35.69 34.95 37.13 36.64 33.85 35.57 37.36 35.57 33.88 36.39 37.62 35.52 35.17 37.68 38.23 37.29 36.03 35.39 34.21 32.77 32.36 32.28 32.73 32.51 33.45 33.75 34.82 33.37 33.95 35.89 35.97 33.31 33.97 35.85 34.28 33.65 36.53 37.23 35.98 36.21 34.41 33.14 30.97 29.46 28.76 28.74 28.82 28.52 28.50 29.68 30.70 30.72 31.21 33.66 34.58 35.86 36.23 36.47 35.85 35.11 34.27 35.19 34.04 31.95 32.10 34.07 32.81 30.87 31.77 34.51 33.22 31.57 32.38 32.87 30.43 28.45 26.73 26.63 25.93 25.90 25.71 27.48 28.14 28.13 30.19 29.14 26.97 27.56 29.27 26.63 25.84 28.67 29.20 25.77 25.98 29.43 28.99 26.75 29.04 31.16 30.36 29.47 27.69 28.74 27.39 27.65 27.08 26.97 29.33 29.89 29.31 29.61 31.14 32.42 33.92 32.93 31.53 
25.60 24.53 23.21 21.56 20.72 18.66 17.28 15.31 12.91 11.13 10.96 9.43 6.97 1.16 7.36 9.46 11.04 11.77 13.10 16.66 16.19 17.60 19.17 19.55 17.49 20.09 19.89 18.52 19.22 22.30 21.75 21.22 22.83 21.64 21.93 23.07 25.65 27.07 30.04 31.31 33.14 31.62 28.64 26.61 24.75 24.04 22.88 22.68 21.99 22.09 22.23 23.67 24.62 26.66 27.31 28.03 26.05 25.87 28.01 28.43 25.77 26.94 29.12 28.28 27.89 30.97 32.42 31.68 33.09 30.72 30.81 28.52 28.11 27.31 27.84 27.65 28.08 28.99 31.22 30.76 30.28 33.54 33.44 31.99 32.75 34.38 32.43 31.97 34.57 34.66 33.16 34.54 37.34 36.91 35.29 34.92 35.08 33.07 32.49 33.94 33.80 34.33 35.04 36.46 35.95 37.94 37.81 37.44 39.48 40.90 39.53 39.49 40.41 41.75 39.21 37.39 39.00 40.07 36.40 35.65 38.17 37.45 34.85 36.46 38.48 36.58 35.10 37.24 38.68 36.47 36.36 38.80 39.21 38.59 36.92 36.25 34.85 33.48 33.05 32.98 33.37 33.63 34.39 34.58 35.75 34.52 35.05 36.82 37.03 34.41 35.23 36.72 35.46 34.78 37.78 38.53 37.08 37.81 35.49 34.12 31.91 30.55 29.80 29.87 29.79 29.79 29.77 30.91 31.56 31.89 32.60 34.93 35.72 37.16 37.51 37.56 37.09 36.16 35.51 36.18 35.35 33.16 33.53 35.03 33.96 32.11 33.09 35.57 34.10 32.85 33.36 33.91 31.07 29.44 27.59 27.39 26.70 26.95 26.66 28.58 29.14 29.47 31.17 30.64 28.11 28.77 30.49 27.88 27.16 30.05 30.53 27.47 27.34 30.69 30.52 28.17 30.19 32.45 31.59 31.01 28.71 29.81 28.77 28.86 27.94 28.54 30.80 31.59 29.96 30.24 31.85 33.59 34.30 33.15 32.54 
26.09 25.30 24.00 22.69 21.04 19.03 17.83 15.77 14.06 12.39 11.81 10.54 9.74 7.36 2.47 6.98 9.66 10.12 11.11 14.50 14.95 15.82 17.71 18.15 16.38 18.35 18.64 17.45 18.48 21.44 21.12 20.45 22.23 21.06 21.49 22.66 25.11 26.59 30.12 30.99 33.07 30.99 28.71 26.52 24.74 23.71 22.78 22.00 21.58 21.68 22.01 23.03 24.11 25.99 27.04 27.43 25.58 25.65 27.95 28.18 25.47 26.48 28.73 27.85 27.08 30.23 31.77 30.80 32.36 30.12 30.47 28.12 27.40 26.80 27.43 26.97 27.07 28.19 30.49 29.84 29.27 32.66 32.66 31.27 32.01 33.81 31.78 31.47 33.92 34.20 32.48 33.86 36.91 36.07 34.59 34.23 34.55 32.38 31.85 33.08 33.11 33.19 34.20 35.41 35.24 37.08 36.96 36.68 38.87 40.27 38.75 38.94 40.09 41.28 38.75 36.97 38.91 39.85 36.02 35.48 38.08 37.41 34.59 36.39 38.49 36.60 35.00 37.40 38.78 36.60 36.46 38.74 39.24 38.24 37.04 36.25 34.92 33.39 33.04 32.77 33.16 33.12 34.25 34.41 35.46 34.30 35.14 36.93 37.03 34.55 35.32 37.11 35.54 34.99 37.94 38.52 37.27 37.50 35.84 34.34 32.11 30.70 30.01 29.78 29.52 29.66 29.74 30.74 31.39 31.86 32.57 34.95 35.67 37.11 37.65 37.79 37.20 36.42 35.61 36.45 35.32 33.36 33.64 35.27 33.83 32.02 33.26 35.58 33.90 32.41 33.55 33.73 31.01 29.05 27.61 27.30 26.43 26.52 26.41 28.23 28.85 28.96 30.93 30.21 27.99 28.68 30.37 27.91 27.24 30.03 30.53 27.30 27.37 31.06 30.66 28.29 30.22 32.60 31.72 30.50 28.60 29.78 28.62 28.51 27.88 28.03 30.49 30.52 29.79 30.23 32.33 33.23 34.36 34.18 32.80 
26.57 25.54 24.40 23.09 21.73 19.50 18.30 16.45 14.30 13.58 13.22 11.59 10.51 9.46 6.98 0.27 6.40 8.50 9.07 11.87 12.68 14.74 15.97 16.94 15.42 17.77 17.60 16.63 17.11 20.30 20.02 19.47 21.28 20.09 20.81 21.97 24.80 26.00 28.98 30.51 32.23 30.76 28.02 25.99 24.37 23.55 22.45 21.92 21.28 21.64 21.89 22.81 23.59 25.93 26.71 27.27 25.13 25.30 27.67 27.90 25.13 26.29 28.84 27.71 26.99 30.05 31.79 30.61 31.86 29.70 30.14 27.71 27.32 26.32 27.02 26.44 27.05 27.87 30.46 29.84 29.42 32.66 32.74 31.11 32.16 33.76 32.03 31.38 34.11 34.08 32.61 33.80 36.97 36.07 34.60 34.02 34.37 32.10 31.58 32.93 32.94 33.13 34.15 35.44 35.09 37.04 36.91 36.56 38.98 40.41 39.07 39.17 40.24 41.50 39.09 37.24 39.15 40.21 36.62 35.71 38.50 37.61 35.08 36.72 39.00 36.92 35.44 37.64 39.27 36.84 36.78 39.03 39.58 38.68 37.20 36.32 34.97 33.38 32.97 32.64 33.08 33.21 34.23 34.28 35.61 34.24 35.15 36.90 37.24 34.51 35.60 37.28 36.00 35.18 38.24 38.86 37.55 37.98 35.84 34.48 32.27 30.73 29.99 29.72 29.63 29.66 29.61 30.73 31.68 31.73 32.72 34.82 35.83 37.17 37.74 37.70 37.38 36.47 36.00 36.72 35.73 33.54 34.03 35.53 34.26 32.15 33.44 35.77 34.14 32.55 33.44 33.67 30.96 28.95 27.37 27.10 26.47 26.40 26.51 28.42 28.93 29.34 31.05 30.56 28.25 28.77 30.72 27.84 27.34 30.00 30.76 27.18 27.45 30.83 30.74 27.87 30.24 32.32 31.62 30.52 28.66 29.63 28.68 28.66 27.87 28.15 30.65 31.31 29.73 30.21 32.33 34.13 34.72 34.10 33.76 
27.18 26.22 24.70 23.59 22.26 19.61 18.46 16.95 15.14 14.01 14.63 13.00 11.68 11.04 9.66 6.40 0.29 5.91 8.07 10.05 10.39 12.35 14.77 14.87 13.82 16.25 16.53 15.19 15.98 19.15 19.18 18.77 21.13 19.80 20.28 21.55 24.24 25.37 27.98 29.37 31.97 29.80 27.03 25.12 23.97 22.99 22.08 21.08 20.82 21.06 21.45 22.12 22.95 24.98 26.20 26.41 24.53 24.49 26.99 27.20 24.57 25.73 28.34 27.19 26.42 29.48 31.06 30.02 31.36 29.32 29.51 27.39 27.09 26.02 26.31 26.22 26.80 27.78 29.84 29.46 29.17 32.44 32.25 30.99 31.92 33.86 31.81 31.27 33.82 34.12 32.29 33.56 36.56 35.98 34.65 34.17 34.31 32.17 31.57 32.86 32.78 33.14 34.24 35.42 35.10 37.12 36.99 36.81 38.90 40.74 39.44 39.49 40.34 41.84 39.42 37.41 39.13 40.49 36.98 36.17 38.55 38.02 35.25 36.99 39.04 37.23 35.66 38.07 39.42 37.13 36.83 39.16 39.62 38.66 37.32 36.58 35.06 33.50 32.96 32.73 32.91 32.88 33.98 34.38 35.39 34.13 34.81 36.94 37.07 34.54 35.36 37.53 36.03 35.23 38.13 38.82 37.56 37.70 35.91 34.67 32.40 30.73 29.95 29.71 29.52 29.38 29.27 30.53 31.40 31.65 32.16 34.65 35.48 36.87 37.38 37.72 37.20 36.50 35.85 36.75 35.69 33.54 33.95 35.75 34.54 32.26 33.33 35.73 34.29 32.42 33.29 33.63 31.15 28.95 27.28 27.06 26.37 26.43 26.43 28.30 28.87 29.08 31.07 30.37 28.06 28.67 30.54 27.80 27.09 29.86 30.41 26.78 26.90 30.49 30.18 27.50 29.72 31.95 31.23 29.88 28.39 29.29 28.19 28.19 27.56 27.44 29.88 30.03 29.28 29.90 31.93 33.00 34.02 34.04 33.41 
27.26 26.27 24.93 23.69 22.33 20.10 18.50 17.04 15.26 14.71 14.96 14.49 12.96 11.77 10.12 8.50 5.91 0.00 5.52 8.36 8.31 9.62 12.41 13.77 11.92 14.73 15.28 14.65 15.28 18.48 17.96 17.71 19.93 18.73 19.51 20.77 23.69 24.63 27.17 28.83 30.93 29.50 26.83 24.81 23.44 22.76 21.77 20.94 20.32 20.82 21.28 22.08 22.73 25.17 26.23 26.75 24.51 24.63 27.11 27.36 24.61 25.73 28.27 27.10 26.31 29.32 30.86 29.73 31.03 28.81 29.11 26.66 26.44 25.31 25.93 25.39 26.07 27.03 29.72 29.05 28.70 32.24 32.22 30.51 31.65 33.42 31.61 30.87 33.62 33.63 32.05 33.21 36.29 35.44 34.02 33.38 33.63 31.33 30.77 32.05 31.90 32.15 33.37 34.73 34.28 36.53 36.36 36.05 38.40 40.05 38.82 38.76 39.68 41.26 38.86 36.91 38.65 40.04 36.57 35.64 38.34 37.70 35.21 36.80 38.93 37.06 35.75 37.81 39.25 36.93 36.92 39.12 39.47 38.44 37.08 36.12 34.57 32.97 32.59 32.16 32.33 32.58 33.80 33.96 35.16 33.90 34.94 36.81 37.08 34.42 35.63 37.39 36.09 35.22 38.30 38.89 37.40 37.78 35.71 34.32 32.05 30.49 29.72 29.33 29.13 29.16 29.30 30.43 31.38 31.54 32.59 34.59 35.53 37.00 37.66 37.66 37.35 36.60 36.22 36.88 35.89 33.76 34.30 35.75 34.41 32.32 33.59 35.76 33.99 32.15 33.11 33.28 30.43 28.42 27.06 26.74 26.05 25.98 26.35 28.17 28.55 29.11 31.09 30.54 28.10 28.60 30.68 27.74 27.08 29.73 30.51 26.81 27.15 30.46 30.41 27.44 29.80 31.90 31.30 29.94 28.14 29.13 28.24 28.13 27.22 27.50 29.96 30.55 29.02 29.57 31.56 33.76 34.18 33.67 33.94 
27.35 26.53 25.21 24.04 22.58 20.29 19.08 17.01 15.16 14.86 15.41 14.47 14.08 13.10 11.11 9.07 8.07 5.52 0.99 5.95 7.11 7.50 9.56 10.84 10.32 12.28 13.05 12.61 13.77 16.80 16.53 16.40 18.63 17.76 18.62 20.22 22.75 24.12 26.75 28.25 30.49 28.90 26.69 24.72 23.15 22.28 21.52 20.30 19.85 20.33 20.98 21.51 22.27 24.35 25.93 26.11 24.12 24.29 26.97 27.16 24.43 25.43 27.78 26.72 25.55 28.69 30.09 29.15 30.28 28.45 28.52 26.22 25.43 24.81 25.26 24.77 24.85 26.51 28.93 28.15 27.45 31.39 31.51 30.04 30.69 32.94 30.80 30.39 32.76 33.18 31.17 32.55 35.51 34.76 33.06 32.68 32.78 30.67 29.90 31.11 30.78 31.14 32.17 33.49 33.06 35.36 35.18 35.07 37.20 39.08 37.58 37.62 38.66 40.35 37.85 35.92 37.83 39.31 35.68 34.99 37.56 37.27 34.54 36.30 38.37 36.65 35.21 37.55 38.78 36.59 36.60 38.78 38.98 37.89 36.68 35.73 34.06 32.50 32.17 31.70 31.58 31.78 33.23 33.56 34.30 33.37 34.61 36.68 36.46 34.06 35.30 37.30 35.60 34.83 37.95 38.47 36.93 37.02 35.48 34.06 31.79 30.17 29.40 28.98 28.55 28.66 28.80 30.01 30.71 31.45 32.20 34.48 34.94 36.70 37.39 37.64 36.95 36.60 36.10 36.91 35.58 33.61 34.17 35.66 33.93 31.95 33.48 35.53 33.40 31.67 32.88 32.96 29.89 28.00 26.85 26.51 25.46 25.78 26.02 27.82 27.95 28.43 30.82 30.20 27.66 28.47 30.48 27.61 26.74 29.67 30.33 26.64 26.81 30.62 30.30 27.46 29.49 31.94 31.17 29.52 27.68 28.86 27.84 27.66 26.88 26.78 29.55 29.39 28.78 29.36 32.00 32.86 33.90 34.05 33.88 
28.81 28.23 26.93 25.81 24.67 22.64 21.42 19.58 17.38 17.37 18.19 17.53 16.66 16.66 14.50 11.87 10.05 8.36 5.95 0.34 5.88 8.02 9.14 10.01 10.47 13.61 13.50 13.27 14.99 18.16 18.42 18.59 20.83 19.81 20.64 22.09 24.98 26.03 28.43 30.03 31.73 30.45 27.95 25.99 24.59 23.90 23.15 22.24 21.54 22.29 23.00 23.66 24.27 26.82 28.26 28.48 25.70 26.15 28.94 29.14 26.09 27.30 29.88 28.56 27.51 30.47 32.22 31.11 32.20 29.86 30.34 27.89 27.25 26.40 27.09 26.59 26.87 28.36 31.15 30.48 29.92 33.74 33.86 32.40 33.17 35.05 33.21 32.51 35.11 35.24 33.49 34.67 37.69 36.86 35.23 34.80 34.98 32.78 32.08 33.33 32.99 33.50 34.52 35.85 35.43 37.65 37.51 37.29 39.60 41.34 39.91 39.90 40.90 42.60 40.13 38.27 40.02 41.52 38.10 37.31 40.00 39.50 36.95 38.61 40.83 38.99 37.47 39.71 41.12 38.91 38.75 41.02 41.26 40.18 38.72 37.83 36.09 34.57 34.07 33.78 33.80 33.92 35.35 35.63 36.76 35.62 36.81 38.74 38.95 36.34 37.57 39.43 38.04 37.19 40.08 40.76 39.19 39.37 37.28 36.00 33.77 32.12 31.29 30.89 30.80 30.77 30.89 32.12 33.12 33.44 34.35 36.43 37.23 38.74 39.37 39.45 39.12 38.42 38.26 38.91 37.90 35.68 36.28 37.68 36.15 33.98 35.44 37.45 35.52 33.59 34.62 34.74 31.77 29.91 28.67 28.39 27.61 27.72 28.13 30.10 30.36 31.01 33.06 32.49 30.05 30.63 32.63 29.64 28.83 31.59 32.35 28.56 28.73 32.16 32.03 29.05 31.05 33.36 32.56 31.35 29.39 30.51 29.46 29.46 28.44 28.58 31.15 31.87 30.32 30.86 33.16 34.48 35.32 34.75 35.13 
28.39 27.59 26.05 24.96 24.00 21.95 20.73 18.75 16.55 16.01 17.32 16.98 16.64 16.19 14.95 12.68 10.39 8.31 7.11 5.88 0.00 5.46 7.82 7.52 7.32 10.31 11.44 10.53 12.04 15.68 16.17 16.26 18.72 17.84 18.56 20.14 23.32 24.22 26.66 27.80 30.12 28.18 25.67 24.10 22.99 22.35 21.57 20.49 20.00 20.65 21.51 21.80 22.59 24.91 26.83 26.27 23.64 24.16 27.16 27.11 24.25 25.63 28.23 26.86 25.53 28.81 30.54 29.25 30.56 28.30 28.66 26.41 25.65 24.90 25.32 25.14 25.55 26.95 29.48 28.90 28.49 32.29 32.35 30.98 31.97 33.90 31.78 31.35 33.61 34.02 32.12 33.37 36.12 35.57 34.03 33.94 33.78 31.77 31.04 32.32 31.94 32.39 33.50 34.86 34.39 36.69 36.35 36.36 38.62 40.40 38.82 39.01 39.75 41.44 39.03 37.15 38.76 40.31 36.94 36.41 38.73 38.38 35.67 37.59 39.64 37.87 36.25 38.70 40.06 37.83 37.54 39.80 40.28 39.15 37.68 36.72 35.22 33.51 32.86 32.55 32.72 32.70 33.99 34.44 35.62 34.39 35.33 37.54 37.81 35.20 36.17 38.26 36.99 35.99 38.69 39.43 38.17 38.01 36.06 34.82 32.66 30.89 29.99 29.70 29.57 29.28 29.32 30.63 31.69 32.01 32.50 34.97 35.74 37.18 37.61 38.13 37.68 37.12 36.64 37.58 36.54 34.32 34.79 36.36 35.03 32.75 33.86 36.02 34.30 32.29 33.09 33.36 30.66 28.78 27.30 27.18 26.40 26.63 26.69 28.72 29.42 29.54 31.83 30.98 28.62 29.23 31.09 28.23 27.40 30.04 30.61 26.95 26.98 30.39 29.96 27.24 29.25 31.43 30.49 29.28 27.59 28.57 27.36 27.38 26.80 26.40 28.82 29.15 28.58 29.16 30.99 32.10 33.61 33.03 32.84 
28.64 27.72 26.53 25.49 24.68 22.45 21.54 19.32 17.28 17.18 18.28 17.93 17.76 17.60 15.82 14.74 12.35 9.62 7.50 8.02 5.46 0.00 6.39 7.66 6.52 7.96 10.57 10.87 11.66 14.48 16.18 16.11 18.13 17.38 18.91 20.30 23.50 24.49 26.74 28.14 30.04 28.71 26.14 24.48 23.37 22.77 21.96 21.14 20.57 21.09 21.90 22.59 23.34 25.71 27.04 27.32 24.75 25.00 27.73 28.02 25.15 26.18 28.66 27.37 26.34 29.16 30.99 29.67 30.79 28.40 28.99 26.59 25.99 25.22 25.96 25.56 26.06 27.56 30.56 29.94 29.53 33.22 33.44 31.78 32.69 34.42 32.54 31.83 34.24 34.35 32.63 33.75 36.67 35.84 34.33 33.92 34.09 31.94 31.23 32.45 32.00 32.47 33.60 34.88 34.67 36.84 36.82 36.62 38.91 40.57 39.19 39.21 40.18 41.80 39.38 37.65 39.30 40.74 37.50 36.89 39.53 38.98 36.57 38.20 40.35 38.46 37.08 39.22 40.55 38.34 38.19 40.44 40.66 39.58 38.05 37.11 35.44 33.91 33.28 32.95 33.09 33.21 34.78 35.01 36.35 35.09 36.37 38.33 38.61 36.03 37.06 38.94 37.70 36.74 39.44 40.13 38.60 38.57 36.48 35.16 32.88 31.36 30.43 30.08 30.00 29.79 30.17 31.37 32.62 32.75 33.74 35.77 36.81 38.10 38.93 39.00 38.81 38.06 37.84 38.50 37.53 35.42 35.80 37.16 35.67 33.50 34.61 36.64 34.77 32.73 33.57 33.77 30.91 29.10 27.80 27.65 26.94 27.06 27.41 29.39 29.98 30.52 32.62 31.93 29.57 30.03 31.81 28.92 28.06 30.56 31.06 27.53 27.69 30.89 30.48 27.74 29.82 32.00 31.09 29.89 28.10 29.21 28.00 27.80 26.85 27.21 29.54 30.11 28.82 29.46 31.78 33.20 33.86 33.22 33.89 
29.38 28.77 27.64 26.72 26.12 24.21 23.29 21.31 19.44 18.67 20.05 19.31 19.20 19.17 17.71 15.97 14.77 12.41 9.56 9.14 7.82 6.39 0.71 6.46 7.22 7.86 9.01 9.79 12.04 14.25 15.09 15.60 17.67 17.00 18.53 20.37 23.28 24.87 27.81 28.93 31.46 29.61 27.18 25.69 24.67 23.96 23.23 22.35 22.23 22.45 23.07 23.72 25.06 26.73 28.07 28.10 26.33 26.25 28.65 28.98 26.61 27.40 29.31 28.30 27.35 29.98 31.48 30.43 31.65 29.40 29.79 27.49 26.85 26.23 27.06 26.79 26.91 28.84 31.80 31.03 30.60 34.35 34.62 33.03 33.72 35.61 33.61 32.98 35.26 35.36 33.62 34.64 37.60 36.75 35.24 34.72 35.03 32.86 32.27 33.15 32.84 33.17 34.31 35.53 35.23 37.44 37.46 37.27 39.40 41.14 39.78 39.83 40.92 42.49 40.15 38.38 40.21 41.66 38.48 37.97 40.47 40.11 37.71 39.37 41.40 39.55 38.22 40.37 41.69 39.40 39.48 41.41 41.71 40.51 39.29 38.08 36.63 34.97 34.61 33.94 34.18 34.28 36.02 36.21 37.38 36.39 37.77 39.53 39.69 37.26 38.51 40.17 38.85 37.89 40.63 40.99 39.61 39.52 37.84 36.44 34.32 32.61 31.85 31.40 31.25 31.18 31.51 32.82 33.78 34.36 35.19 37.41 37.95 39.66 40.47 40.72 40.17 39.77 39.40 40.00 38.89 36.85 37.43 38.54 37.02 34.82 36.06 37.82 35.85 33.90 34.84 34.93 32.09 30.35 29.07 28.91 28.07 28.39 28.57 30.67 31.27 31.55 33.88 33.18 30.97 31.29 32.91 30.11 29.43 31.63 31.93 28.50 28.78 31.92 31.43 28.82 30.80 33.01 32.10 30.69 29.13 30.15 29.04 28.79 28.14 28.04 30.58 30.50 29.94 30.50 33.23 33.95 35.12 34.90 34.92 
29.11 28.47 27.27 26.46 25.92 24.03 23.21 21.21 19.14 18.79 19.94 19.80 19.35 19.55 18.15 16.94 14.87 13.77 10.84 10.01 7.52 7.66 6.46 0.00 5.54 8.45 7.19 8.83 10.91 13.75 14.43 15.43 17.44 16.56 18.39 19.74 22.91 23.88 26.37 27.88 30.08 28.98 26.52 25.05 23.94 23.23 22.32 21.85 21.72 22.03 22.44 23.20 24.09 26.14 27.37 27.65 25.06 25.43 28.16 28.44 25.62 26.77 28.92 27.69 26.63 29.38 31.17 29.65 30.69 28.49 29.28 26.93 26.37 25.79 26.91 26.58 26.98 28.55 31.90 31.56 30.92 34.63 34.80 33.04 33.98 35.58 33.64 32.95 35.31 35.16 33.51 34.64 37.61 36.59 35.02 34.46 34.88 32.59 32.09 33.04 32.66 33.08 34.27 35.37 35.19 37.26 37.47 37.12 39.43 40.99 39.68 39.65 40.82 42.29 40.09 38.41 40.06 41.52 38.51 37.76 40.43 39.75 37.61 39.11 41.25 39.25 37.98 40.04 41.49 39.03 39.10 41.16 41.44 40.24 38.79 37.65 36.27 34.69 34.12 33.71 33.97 34.08 35.86 35.96 37.54 36.20 37.71 39.32 39.58 37.12 38.38 40.08 38.89 37.98 40.48 40.97 39.28 39.26 37.24 36.06 33.88 32.42 31.51 31.17 31.05 30.98 31.49 32.75 34.13 34.29 35.39 37.40 38.23 39.68 40.56 40.53 40.14 39.51 39.28 39.80 38.64 36.72 37.08 38.27 36.57 34.49 35.51 37.39 35.28 33.31 34.14 34.30 31.53 29.89 28.81 28.59 28.03 28.17 28.69 30.59 31.30 31.65 33.99 33.25 31.00 31.32 32.97 30.07 29.03 31.39 31.71 28.18 28.21 31.22 30.82 28.26 30.03 32.21 31.17 30.00 28.25 29.33 28.17 28.06 27.00 27.34 29.77 30.23 28.87 29.65 32.54 33.63 34.25 33.78 34.36 
27.78 26.81 25.50 24.43 24.13 22.07 21.28 19.20 17.37 16.48 17.93 17.22 17.62 17.49 16.38 15.42 13.82 11.92 10.32 10.47 7.32 6.52 7.22 5.54 0.00 5.70 7.53 6.78 8.00 10.65 12.27 13.33 15.27 14.39 15.47 16.91 19.90 21.19 23.68 25.14 28.16 26.47 23.93 22.45 21.42 20.38 19.44 18.93 19.40 19.45 20.14 20.49 21.36 23.06 24.93 24.32 21.90 22.15 25.50 25.42 22.66 23.86 26.17 24.67 23.49 26.67 28.51 27.14 28.11 26.15 26.96 24.67 24.11 23.55 24.55 24.54 24.93 26.95 30.05 29.47 29.04 32.75 32.92 31.34 32.18 33.91 31.97 31.22 33.56 33.38 31.66 32.66 35.76 34.86 33.39 32.95 33.18 30.85 30.28 31.06 30.78 31.38 32.62 33.65 33.34 35.69 35.64 35.32 37.53 39.41 38.09 38.18 39.12 40.63 38.46 36.66 38.17 39.74 36.87 36.28 38.52 38.01 35.74 37.19 39.18 37.32 36.01 38.31 39.60 37.11 37.12 39.24 39.70 38.42 36.97 35.99 34.60 32.71 32.13 31.67 31.94 31.98 33.79 34.22 35.48 34.33 35.62 37.33 37.55 35.07 36.31 38.11 37.05 35.89 38.38 38.70 37.43 37.24 35.22 33.94 31.92 30.33 29.47 29.00 28.82 28.79 29.12 30.75 31.81 32.30 33.00 35.54 36.29 37.80 38.47 38.69 38.13 37.58 37.20 37.58 36.49 34.35 34.96 35.97 34.42 32.04 33.12 34.85 32.96 30.82 31.78 32.06 29.45 27.68 26.55 26.53 25.89 26.22 26.49 28.80 29.35 29.90 32.00 31.29 28.93 29.24 30.81 27.88 26.90 28.98 29.16 25.74 25.54 28.44 27.99 25.47 27.37 29.40 28.48 27.17 25.61 26.46 25.34 25.18 24.48 24.30 26.69 27.00 26.46 27.11 29.73 31.13 31.85 31.96 31.98 
28.52 27.84 26.46 25.79 25.52 23.70 22.95 21.03 19.12 18.41 19.70 19.80 19.82 20.09 18.35 17.77 16.25 14.73 12.28 13.61 10.31 7.96 7.86 8.45 5.70 0.00 6.28 8.20 7.99 9.04 11.13 13.48 15.52 14.54 15.74 17.17 20.98 22.23 24.86 26.27 28.79 27.82 25.26 23.54 22.29 21.48 20.21 19.96 20.21 20.47 21.03 21.63 22.64 24.36 25.63 25.67 23.21 23.39 26.20 26.71 23.99 25.01 27.19 26.13 24.99 27.90 29.57 28.28 29.34 27.19 27.94 25.52 24.91 24.50 25.61 25.53 26.25 28.25 31.58 31.04 30.56 34.31 34.44 32.64 33.48 35.25 33.14 32.22 34.42 34.51 32.71 33.74 36.67 35.83 34.22 33.60 33.86 31.58 30.89 31.99 31.57 32.27 33.44 34.51 34.23 36.69 36.75 36.49 38.73 40.62 39.24 39.29 40.22 41.87 39.58 38.00 39.48 40.95 37.97 37.29 39.67 39.11 36.99 38.46 40.38 38.52 37.14 39.26 40.59 38.26 38.17 40.29 40.46 39.19 37.60 36.63 35.00 33.25 32.71 32.42 32.67 32.83 34.91 35.21 36.77 35.55 37.08 38.70 38.94 36.50 37.57 39.37 38.30 37.29 39.54 40.00 38.39 38.33 36.12 34.88 32.74 31.26 30.28 29.83 29.88 29.90 30.52 31.87 33.42 33.81 35.00 37.16 38.02 39.48 40.39 40.46 39.94 39.48 39.24 39.63 38.25 36.30 36.50 37.74 35.91 33.68 34.45 36.34 34.28 32.01 32.67 33.07 30.33 28.44 27.24 27.26 26.84 26.97 27.64 29.98 30.97 31.33 33.56 32.97 30.57 30.87 32.20 29.49 28.16 30.50 30.33 27.20 26.98 29.95 29.32 26.97 28.86 31.02 29.90 28.64 27.04 28.19 26.84 26.53 25.63 26.15 28.47 28.63 27.50 28.48 31.04 32.65 33.08 32.76 33.30 
28.24 27.59 26.36 25.51 25.25 23.41 22.75 21.06 19.51 18.54 19.84 19.40 19.98 19.89 18.64 17.60 16.53 15.28 13.05 13.50 11.44 10.57 9.01 7.19 7.53 6.28 0.00 5.70 7.96 7.63 8.88 9.93 12.66 12.60 13.12 14.61 18.39 20.43 23.67 25.29 28.12 26.97 24.53 23.10 21.36 20.45 19.42 19.10 19.79 19.66 20.10 20.76 22.61 23.50 24.59 24.54 23.13 22.68 25.16 25.58 23.50 24.16 26.05 25.11 24.27 26.87 28.28 27.22 28.41 26.24 26.71 24.31 23.67 23.24 24.49 24.58 25.04 27.36 30.42 29.88 29.40 33.34 33.61 31.92 32.68 34.56 32.32 31.34 33.32 33.56 31.73 32.64 35.39 34.55 32.89 32.31 32.49 30.31 29.56 30.56 30.20 30.88 31.94 33.16 32.78 35.39 35.46 35.33 37.46 39.47 38.02 38.16 39.05 40.92 38.63 37.00 38.51 40.10 36.96 36.43 38.60 38.32 36.18 37.66 39.59 37.66 36.27 38.40 39.79 37.40 37.36 39.10 39.30 37.93 36.34 35.17 33.65 31.85 31.42 30.96 31.30 31.44 33.41 34.01 35.40 34.45 36.08 37.81 38.05 35.62 36.87 38.57 37.43 36.26 38.77 38.94 37.46 37.21 35.22 33.93 31.88 30.19 29.08 28.75 28.75 29.01 29.28 30.95 32.12 33.10 34.15 36.55 37.07 39.00 39.94 40.20 39.51 39.26 38.96 39.36 38.00 35.86 36.23 37.29 35.66 33.17 34.03 35.66 33.59 31.28 31.80 32.10 29.38 27.49 26.15 26.21 25.73 26.12 26.47 29.11 29.91 30.49 32.56 32.11 30.07 30.18 31.48 28.60 27.83 29.59 29.39 26.20 26.35 29.13 28.52 26.23 28.31 30.39 29.35 27.94 26.67 27.69 26.38 26.00 25.30 25.58 28.17 27.96 27.39 28.35 31.23 31.93 32.34 33.16 33.10 
26.68 25.90 24.54 23.70 23.12 21.34 20.74 18.89 17.22 16.55 17.86 17.64 18.02 18.52 17.45 16.63 15.19 14.65 12.61 13.27 10.53 10.87 9.79 8.83 6.78 8.20 5.70 0.00 6.46 8.86 7.63 9.37 11.46 11.56 12.75 13.67 15.67 17.97 21.24 23.09 25.71 25.21 22.95 21.23 19.50 18.35 17.01 16.96 17.41 17.31 17.58 18.37 19.74 21.34 21.94 21.75 19.95 19.69 22.47 22.75 20.12 21.00 23.34 22.37 21.52 24.09 25.74 24.34 25.57 23.19 23.99 21.53 20.90 20.58 22.06 22.34 22.95 24.79 28.42 28.07 27.61 31.35 31.65 30.09 30.87 32.59 30.24 29.57 31.53 31.60 29.77 30.85 33.47 32.47 30.62 30.15 30.21 28.05 27.14 28.28 27.95 28.71 29.73 30.89 30.68 33.25 33.39 33.17 35.29 37.20 35.92 36.08 36.98 38.89 36.82 35.23 36.37 38.09 35.18 34.62 36.61 36.44 34.23 35.89 37.38 35.73 34.15 36.47 37.41 35.22 34.81 37.09 36.98 35.76 33.58 32.66 30.91 29.57 28.64 28.68 29.01 29.34 31.21 31.79 33.47 32.45 33.95 35.81 35.95 33.63 34.47 36.23 34.88 34.02 36.18 36.56 34.67 34.57 32.22 31.03 28.92 27.47 26.41 26.28 26.51 26.58 27.27 28.75 30.30 30.86 32.22 34.40 35.16 36.87 37.87 37.77 37.23 36.68 36.54 36.92 35.46 33.51 33.68 34.73 32.79 30.68 31.31 32.98 30.64 28.49 28.88 29.24 26.53 24.88 23.66 23.82 23.47 23.91 24.52 27.06 28.12 28.67 30.86 30.42 27.92 28.41 29.57 26.66 25.24 27.57 27.56 24.17 23.77 26.75 26.08 23.84 25.41 27.50 26.40 25.29 23.68 24.80 23.44 23.35 22.39 22.86 25.33 25.50 24.49 25.69 28.10 29.38 30.00 30.16 31.91 
