1.57 5.29 8.40 9.73 11.37 13.80 16.27 18.33 20.98 23.68 26.52 28.47 29.59 30.13 30.35 30.32 29.63 29.29 28.20 27.14 25.68 24.97 24.11 21.50 21.15 21.27 20.14 18.28 18.29 19.63 18.06 18.49 18.67 19.91 20.05 21.71 23.65 25.69 26.93 28.40 29.18 30.46 31.51 31.88 31.44 31.30 31.14 29.05 27.76 28.12 28.78 28.80 30.60 32.93 33.53 33.60 35.43 35.33 35.73 35.75 37.10 36.74 37.91 36.76 36.60 35.57 36.35 36.78 35.53 34.26 34.79 35.43 33.76 33.01 34.07 34.07 32.01 32.52 33.05 31.69 30.25 29.23 28.54 27.90 27.47 27.32 25.36 23.60 23.59 23.74 22.18 20.32 21.84 22.86 22.74 21.30 21.57 22.74 24.62 26.08 28.06 30.19 31.76 33.82 34.36 34.34 32.63 32.11 31.99 30.20 28.30 27.71 27.91 24.97 24.08 24.26 24.36 23.14 24.00 22.61 21.63 22.66 24.57 25.40 26.63 28.30 30.10 31.15 32.44 31.68 32.04 33.00 33.47 32.08 33.17 34.19 33.94 32.96 34.47 33.51 32.56 32.76 33.43 33.62 34.51 35.48 36.00 36.00 36.37 36.50 36.07 35.30 36.46 35.28 33.92 33.76 34.54 32.56 31.83 32.56 33.49 31.91 32.01 31.26 30.88 30.25 30.64 31.24 31.61 32.66 33.89 34.85 34.95 34.92 36.43 36.16 35.67 33.90 33.29 33.27 32.63 29.61 28.96 29.22 27.23 24.56 24.95 24.85 23.05 22.66 22.56 22.30 21.64 22.91 24.77 26.51 28.63 30.10 31.17 32.16 32.47 31.13 29.37 28.55 27.89 25.69 23.87 23.65 22.70 22.23 21.27 22.21 22.47 22.58 22.78 25.27 26.65 27.19 26.37 28.14 25.56 24.66 26.13 27.83 26.17 29.41 
5.29 0.28 4.45 7.42 10.29 12.38 14.68 16.69 20.10 23.33 26.15 27.82 29.69 29.96 31.41 30.28 29.85 28.49 28.79 26.52 25.53 24.17 24.23 21.04 20.99 21.18 20.52 18.25 18.27 19.32 17.57 18.22 17.55 19.61 19.46 21.33 23.16 25.32 26.62 28.23 28.70 30.03 30.27 31.44 30.36 29.92 29.54 27.84 26.47 26.94 27.41 27.66 29.75 32.17 32.88 32.62 34.74 34.55 35.09 35.17 36.88 35.51 36.99 35.56 35.67 33.99 35.48 36.27 34.88 33.19 34.19 35.05 32.98 31.90 33.69 33.97 31.70 31.72 32.93 31.15 29.65 28.25 27.93 26.97 26.56 26.46 24.51 22.68 22.53 23.03 21.11 19.50 21.15 22.02 21.63 20.23 20.69 22.35 24.49 25.97 27.97 30.06 31.63 33.61 34.37 34.23 32.05 31.47 31.85 29.50 27.42 26.91 27.60 24.13 22.97 23.70 24.01 22.31 23.22 21.92 20.96 22.13 24.03 25.01 26.14 27.66 29.31 30.63 32.19 30.99 30.70 32.77 33.14 31.33 32.26 34.07 33.84 31.98 33.48 32.71 31.83 31.91 32.59 32.55 33.56 34.66 35.43 35.10 35.48 35.54 35.16 34.11 35.67 34.16 32.82 32.84 34.01 31.87 30.95 32.30 33.16 31.11 31.20 30.49 30.27 29.37 29.72 30.22 30.41 31.32 32.80 33.81 33.98 33.55 35.45 35.08 35.11 32.54 32.05 32.14 32.23 28.33 27.84 28.61 26.87 23.86 24.00 24.51 23.19 21.79 21.20 21.30 21.36 22.44 24.18 25.88 28.47 29.46 30.70 31.49 32.41 30.39 28.54 27.80 27.74 24.98 22.53 22.73 22.49 21.00 19.64 21.06 21.75 21.84 22.35 24.08 25.93 26.45 25.82 26.61 23.92 23.88 25.73 27.23 24.13 29.08 
8.40 4.45 0.00 4.12 7.49 10.18 11.54 14.10 17.52 19.89 23.06 24.85 26.54 27.82 29.37 28.49 26.51 25.90 25.99 24.31 22.27 21.56 22.04 19.00 18.34 19.17 18.34 15.95 16.01 17.29 15.11 15.24 14.16 16.71 16.10 18.32 19.17 21.59 22.98 24.52 25.17 26.43 27.45 27.79 27.03 26.35 26.52 24.04 22.74 23.33 24.47 24.08 26.40 29.05 30.57 29.95 32.26 32.06 33.45 32.80 34.44 33.05 35.00 33.19 33.12 31.56 33.95 34.24 32.69 31.10 32.73 33.31 30.79 29.71 31.95 31.84 29.21 29.55 31.04 29.04 26.41 25.06 25.36 24.35 22.91 23.17 21.87 19.96 19.39 20.11 18.78 17.29 18.64 19.87 19.14 17.83 18.30 20.14 22.33 23.63 25.31 27.16 28.91 30.90 31.51 31.31 29.59 28.76 28.46 26.21 24.47 24.06 24.57 21.37 20.79 21.64 21.87 20.24 21.12 19.69 18.84 19.97 21.79 22.25 23.72 24.81 26.47 27.40 29.55 28.05 27.92 29.59 30.74 28.78 30.08 31.97 32.29 30.05 31.07 30.01 29.41 29.34 30.00 29.83 31.31 32.17 33.14 32.50 32.72 32.88 32.72 31.39 32.83 31.57 30.39 30.22 31.46 29.37 29.13 30.23 31.57 29.34 29.64 28.65 27.95 27.03 27.42 27.26 27.89 28.46 30.25 31.09 31.50 30.89 32.64 32.05 32.08 29.38 28.67 28.62 28.93 25.21 24.65 25.72 24.56 21.50 21.69 22.69 21.16 19.88 18.71 19.19 19.31 20.44 22.19 23.37 25.86 26.96 28.12 28.90 30.00 27.98 25.80 24.89 24.94 22.23 19.84 20.28 19.67 18.38 16.42 18.26 18.39 19.17 19.03 21.28 23.25 24.10 22.52 25.05 22.78 21.25 23.71 25.56 24.12 26.97 
9.73 7.42 4.12 0.00 4.92 7.88 9.98 12.69 16.18 18.95 22.21 24.73 25.93 27.11 28.27 27.51 25.91 25.13 25.17 22.81 20.68 20.36 20.93 17.38 17.41 18.54 18.10 15.48 16.34 17.59 15.21 14.96 13.53 15.85 14.53 16.89 18.10 20.17 21.03 22.86 23.16 24.89 25.63 26.25 24.92 24.53 24.27 22.07 20.63 21.41 22.10 22.16 24.25 27.12 28.02 27.90 30.31 30.22 31.10 31.03 32.69 31.33 33.19 31.62 31.73 30.10 32.50 32.66 31.35 29.46 30.91 31.28 29.29 28.16 30.12 30.10 27.52 28.12 29.13 27.31 24.85 23.92 23.79 23.09 21.63 22.22 20.72 19.00 18.28 19.40 17.90 16.36 18.03 18.62 18.21 16.37 16.46 17.83 19.52 21.46 22.85 24.87 26.29 29.17 29.40 29.32 27.29 27.26 26.69 24.80 22.78 22.94 23.18 20.41 19.75 20.62 21.11 19.41 20.23 18.61 17.64 18.35 19.52 20.40 21.62 22.84 23.85 25.25 27.43 26.34 25.90 28.22 29.13 27.54 28.46 30.87 31.28 29.18 29.93 28.74 27.89 27.75 28.04 28.13 29.54 30.29 30.87 30.61 31.16 31.15 30.89 29.95 31.92 30.73 29.24 29.11 30.28 28.38 27.71 28.99 29.98 27.92 27.75 26.65 25.87 25.02 25.01 25.42 25.73 26.62 28.06 29.29 29.58 29.00 30.77 30.36 30.68 28.09 27.04 27.35 27.64 24.36 23.42 24.54 23.08 20.54 20.65 21.55 20.26 18.48 17.33 17.30 17.25 18.26 19.71 21.37 23.46 25.06 25.92 27.42 28.36 27.03 24.49 24.02 23.45 21.26 18.49 18.76 18.29 16.85 14.99 16.10 16.02 17.23 17.27 19.72 21.44 22.72 21.68 22.78 20.63 20.05 23.91 23.39 21.89 27.64 
11.37 10.29 7.49 4.92 0.00 5.65 6.81 10.03 13.00 17.24 20.12 22.39 23.23 23.73 24.24 24.26 22.77 22.25 21.16 19.45 18.10 17.22 17.20 12.83 13.47 14.68 14.01 12.09 13.30 14.96 12.61 11.35 9.58 11.23 10.79 12.82 14.35 16.87 18.08 20.31 20.15 22.11 23.08 24.47 24.12 23.45 23.04 20.33 18.93 19.16 19.46 18.67 21.00 23.60 24.24 23.83 26.57 26.71 27.69 27.77 29.97 28.80 30.88 29.26 29.06 27.23 29.28 30.03 28.93 26.76 27.83 28.78 26.82 25.74 27.41 27.49 25.49 25.68 26.13 24.39 23.47 21.91 21.10 20.54 20.60 21.01 18.81 16.24 16.22 17.84 16.54 14.48 16.59 17.95 16.47 13.58 12.36 13.58 14.74 16.75 18.51 21.27 22.41 25.65 26.40 26.13 23.84 23.95 25.01 22.52 20.42 20.16 21.26 17.77 17.35 18.92 20.04 18.22 18.47 16.08 14.21 14.43 15.60 16.24 17.79 19.57 21.11 22.55 24.58 23.43 23.68 25.83 27.23 25.40 27.01 29.16 29.41 26.89 28.41 26.75 25.39 24.88 25.68 25.19 26.52 27.07 27.97 27.70 28.76 28.80 28.64 28.03 30.57 29.25 27.89 27.94 29.59 27.13 26.44 27.56 28.85 26.47 26.19 24.82 24.07 22.76 22.87 22.64 23.04 23.86 25.66 26.70 26.59 26.33 28.65 28.63 29.18 26.51 26.14 26.56 26.67 22.78 22.13 22.85 20.94 18.23 19.66 20.47 18.72 17.06 14.94 13.78 12.59 13.39 15.02 16.65 19.12 20.88 21.95 23.48 24.42 23.06 21.24 20.10 20.64 18.48 17.17 17.39 16.71 15.26 12.81 13.43 12.63 13.40 13.35 15.86 17.82 18.80 18.44 20.77 18.83 20.65 21.61 21.90 19.01 25.14 
13.80 12.38 10.18 7.88 5.65 0.00 5.43 6.65 12.06 14.67 17.50 20.26 21.62 22.72 22.87 22.59 21.05 20.66 19.19 18.20 16.36 15.54 16.17 12.44 13.02 14.14 13.38 11.63 12.50 15.03 12.03 12.23 8.97 10.61 9.76 11.51 12.40 16.27 17.01 19.82 19.92 21.08 22.18 24.38 23.35 22.82 21.34 18.87 17.10 17.24 17.14 17.04 19.16 22.96 23.25 22.51 25.02 25.29 26.29 26.62 28.76 27.61 29.34 27.86 27.44 25.71 27.59 28.76 27.46 25.54 26.50 27.73 25.59 24.76 26.61 27.09 24.71 25.28 25.45 23.53 22.48 21.09 20.04 19.42 19.36 19.95 17.67 15.58 15.41 17.15 15.89 14.26 16.91 18.58 16.55 13.14 12.02 12.09 13.39 15.15 16.87 20.13 21.09 24.45 25.16 25.18 22.42 22.23 23.53 21.17 19.06 18.93 20.49 17.02 16.46 18.37 19.96 18.41 18.31 15.50 13.48 13.35 14.18 15.07 16.64 18.88 20.25 21.74 23.94 22.60 22.53 25.39 26.69 25.10 26.32 29.15 29.15 26.45 27.34 26.16 24.04 24.04 23.78 23.92 24.92 25.89 26.68 26.65 27.40 27.69 27.22 26.81 29.18 28.03 26.56 27.26 28.70 26.67 25.70 27.56 28.71 26.17 25.54 24.33 23.47 21.87 21.14 21.70 21.42 22.40 23.77 25.33 25.10 24.91 27.00 27.45 28.03 25.41 24.53 25.63 25.97 22.10 21.15 22.37 20.39 17.56 18.77 20.38 19.09 17.37 14.31 12.37 11.64 12.43 13.25 15.61 18.34 20.47 21.27 22.98 23.96 22.24 19.98 19.14 19.76 17.75 15.87 16.78 16.80 15.30 12.27 12.57 12.06 12.16 11.89 14.51 16.95 18.77 17.03 19.25 17.62 18.39 20.18 21.72 18.41 24.38 
16.27 14.68 11.54 9.98 6.81 5.43 0.00 5.48 7.63 11.13 13.37 16.24 17.68 19.01 20.18 19.87 18.12 17.84 16.86 15.96 14.37 13.94 14.80 11.95 12.17 13.48 12.94 10.84 12.36 15.36 12.93 12.29 9.15 10.43 8.48 10.14 11.10 14.26 15.81 18.22 17.94 19.59 20.28 22.66 22.51 21.47 20.21 17.02 14.90 14.79 14.90 14.58 16.76 19.88 20.94 19.96 22.75 22.63 23.77 23.93 26.52 24.93 26.97 24.90 24.76 22.74 25.07 26.16 25.02 23.10 24.25 25.64 23.57 22.69 24.88 25.44 23.19 23.75 24.18 22.13 20.80 18.86 18.53 17.59 17.35 17.92 16.22 14.40 14.34 16.33 15.37 14.56 17.84 18.97 16.78 13.88 12.08 11.77 11.73 13.32 14.70 17.53 18.42 21.79 22.58 22.60 20.20 19.58 21.30 19.02 17.43 17.39 19.11 16.24 16.09 18.37 20.19 18.12 18.56 15.60 13.67 12.87 13.17 13.49 15.30 16.76 18.36 19.56 22.35 20.74 20.72 23.48 25.43 23.48 25.15 27.93 28.60 25.27 25.93 24.11 23.02 21.71 21.78 21.43 23.20 23.80 24.54 24.52 25.38 25.53 25.40 24.69 27.33 26.03 24.88 25.13 27.00 24.85 24.59 26.24 27.86 25.26 24.67 23.22 22.61 20.55 19.79 19.57 20.03 20.45 21.45 22.97 23.11 22.79 24.77 25.14 25.91 23.16 22.31 23.12 23.92 20.20 19.52 21.32 19.71 17.04 18.57 20.55 19.68 17.37 14.37 12.92 11.46 11.17 12.27 13.76 16.68 18.29 19.53 20.93 22.32 20.58 18.46 17.32 18.56 16.69 15.15 16.32 16.51 15.23 11.80 12.41 10.52 10.65 9.85 12.04 15.21 16.68 14.39 17.90 16.16 16.22 16.84 19.25 18.43 23.22 
18.33 16.69 14.10 12.69 10.03 6.65 5.48 0.00 6.73 7.55 11.44 13.31 15.65 16.35 18.18 17.32 16.00 15.41 15.31 14.05 12.50 12.04 13.92 9.18 11.52 13.63 13.01 11.42 13.76 16.38 12.69 13.31 9.98 10.53 7.26 9.43 10.64 13.46 14.12 16.56 17.42 18.92 20.19 22.04 21.69 21.28 19.67 16.18 13.61 13.35 13.77 13.27 15.20 19.07 19.48 19.04 21.75 21.29 22.16 22.64 24.84 23.81 25.57 24.07 23.73 22.14 24.25 25.36 23.72 22.10 22.86 24.30 22.06 21.35 23.31 23.87 21.37 22.22 22.42 20.53 19.61 17.27 16.94 16.50 16.47 17.21 15.60 13.79 14.17 16.41 15.44 14.26 17.75 19.35 17.53 13.71 11.60 10.15 10.16 11.18 12.51 14.76 16.32 20.12 21.12 20.91 17.58 17.72 19.44 17.75 15.66 16.46 18.71 16.24 16.18 18.73 20.53 19.29 19.68 16.54 13.87 12.62 12.47 12.29 13.88 15.39 17.18 18.65 20.95 19.75 19.79 23.05 24.65 23.10 24.54 27.74 28.11 25.17 25.64 23.98 22.08 21.52 20.93 20.85 21.98 22.79 23.33 23.45 24.11 24.42 24.00 23.79 26.47 25.55 23.98 24.80 26.23 24.55 23.89 26.13 27.11 24.77 23.98 22.44 21.08 19.46 18.36 18.42 18.46 19.37 20.14 21.59 22.00 21.46 23.37 23.77 24.92 22.14 21.07 22.00 23.22 19.64 19.04 20.91 19.53 17.05 18.74 20.82 20.31 18.50 14.93 12.72 10.61 9.54 10.78 11.79 14.20 16.49 18.35 19.93 21.19 19.79 17.64 16.96 17.77 16.27 14.71 15.91 15.69 15.43 12.31 10.83 8.51 8.72 8.48 10.87 14.07 16.70 14.73 17.35 15.89 15.69 17.29 18.90 18.08 23.41 
20.98 20.10 17.52 16.18 13.00 12.06 7.63 6.73 0.53 5.95 6.93 9.90 11.13 12.42 13.30 13.21 12.55 11.96 11.16 10.36 10.35 11.36 11.37 6.99 10.95 14.20 12.16 10.86 13.65 17.39 14.01 13.84 10.28 12.03 9.94 10.80 10.17 13.58 14.05 15.91 16.57 19.19 20.25 22.21 21.91 21.84 20.39 16.28 13.32 12.88 13.30 11.62 13.15 16.53 18.14 17.57 20.43 20.05 20.90 21.36 23.49 22.50 24.63 22.98 22.62 20.98 23.20 24.03 22.35 20.68 21.56 22.86 20.43 19.59 21.64 22.31 19.61 20.47 20.46 19.01 18.88 16.18 15.39 15.74 15.69 17.19 15.64 14.18 14.81 17.95 17.52 16.44 19.20 21.68 20.58 16.63 13.31 11.99 11.41 11.71 11.21 13.26 14.32 18.36 19.47 19.41 15.92 16.35 18.44 16.83 14.69 16.36 18.59 16.70 16.92 20.24 22.09 20.73 21.34 18.14 15.26 13.76 12.74 12.14 13.18 14.01 16.02 17.46 20.07 18.99 19.31 22.69 24.51 22.77 24.46 27.42 27.98 25.08 26.12 24.01 22.55 21.36 21.22 20.44 21.02 21.74 22.41 22.65 23.11 23.42 22.97 22.87 25.67 24.62 23.33 24.21 26.35 24.19 23.97 25.81 27.21 24.45 24.25 21.95 21.09 18.87 18.31 17.54 17.61 18.35 19.22 20.50 20.62 20.12 21.73 22.22 23.51 20.85 19.89 21.35 22.66 19.36 18.93 21.56 20.12 18.69 20.49 22.93 22.11 20.86 17.38 14.86 11.48 10.50 10.12 10.36 11.59 13.55 16.08 17.79 19.23 18.66 16.65 16.88 18.01 17.23 15.80 18.22 17.60 17.79 14.43 13.60 10.24 10.01 8.99 10.48 12.12 15.26 14.30 16.60 15.02 15.28 17.68 19.29 19.14 22.50 
23.68 23.33 19.89 18.95 17.24 14.67 11.13 7.55 5.95 1.21 5.49 6.84 10.11 12.07 12.60 12.08 11.67 12.18 10.44 10.45 10.34 11.43 13.55 9.85 11.93 15.35 15.11 13.80 15.91 19.00 16.57 16.97 12.64 14.31 12.31 11.61 9.42 12.62 12.94 15.43 16.92 18.61 20.01 22.45 22.51 22.20 20.79 16.77 14.17 13.13 12.27 9.78 11.31 15.39 16.54 15.86 19.01 18.72 19.86 20.42 22.98 21.94 24.01 22.17 22.12 20.39 22.62 23.51 21.88 20.07 20.88 22.22 19.88 19.05 21.09 21.82 19.11 19.96 19.96 18.27 18.08 15.83 15.09 15.63 15.53 17.63 16.54 15.87 16.11 19.31 19.24 18.44 21.11 23.12 22.18 18.49 15.37 13.56 12.49 11.25 10.69 11.83 12.68 16.12 18.14 18.91 15.92 16.23 18.39 17.45 16.35 17.42 19.71 18.35 18.86 22.06 23.54 22.19 22.83 19.70 16.71 15.23 13.64 12.70 13.22 13.96 15.73 17.44 20.39 19.38 19.79 22.87 24.82 23.43 25.11 28.14 28.47 25.49 26.38 24.39 22.93 21.72 20.88 20.25 20.90 21.61 22.28 22.43 23.31 23.58 23.19 22.82 25.72 24.73 23.52 24.48 26.87 24.97 24.69 26.86 28.14 25.22 24.96 22.98 22.22 19.60 18.17 17.75 17.39 18.06 18.77 20.18 20.55 20.05 21.76 22.00 23.59 21.08 20.28 21.76 23.27 20.32 20.35 22.64 21.51 20.13 22.32 24.71 23.71 22.58 19.23 16.76 13.20 11.87 11.07 10.31 11.97 13.46 15.54 17.37 19.41 18.76 17.42 17.44 19.12 18.48 17.64 19.64 19.24 18.79 15.69 15.29 12.14 10.46 9.71 10.00 11.09 13.12 13.56 15.83 14.76 14.42 17.31 18.86 19.39 21.41 
26.52 26.15 23.06 22.21 20.12 17.50 13.37 11.44 6.93 5.49 1.28 5.70 7.68 10.45 11.14 11.31 10.82 10.38 8.68 10.32 10.72 11.63 13.52 11.18 12.64 16.42 16.61 15.64 17.14 21.15 18.92 19.85 16.51 17.11 13.85 12.88 10.49 12.55 12.73 15.53 17.81 19.70 20.49 23.62 23.78 23.55 22.18 18.26 15.38 14.08 13.26 10.29 11.60 14.77 15.87 15.48 18.80 18.29 18.73 19.94 22.85 21.65 23.54 21.90 21.78 19.94 21.86 23.31 21.58 19.65 20.19 22.04 19.72 18.93 20.63 21.59 18.85 19.76 19.62 18.39 17.93 15.74 15.18 15.96 15.87 18.34 17.76 17.35 17.71 20.96 21.21 20.69 23.31 25.35 24.39 20.86 18.15 15.68 13.38 12.39 11.16 12.10 12.24 15.65 17.86 19.30 16.44 16.90 18.81 18.80 17.82 19.25 21.25 20.32 20.98 24.34 25.61 24.48 25.08 22.00 18.74 16.91 15.03 14.07 13.92 14.25 15.99 17.88 20.63 20.01 20.45 23.68 25.19 24.10 26.19 29.34 29.68 26.65 27.24 25.21 23.65 22.32 21.03 20.48 21.23 21.95 22.32 22.72 23.40 24.00 23.42 23.40 26.23 25.56 24.28 25.20 27.41 25.80 25.64 27.86 29.40 26.65 25.92 24.28 23.28 20.62 18.81 18.29 17.86 18.35 18.79 20.52 20.56 20.43 22.02 22.66 23.96 21.90 21.00 22.83 24.02 21.84 21.69 24.58 23.04 22.15 24.60 27.32 25.85 24.77 21.58 19.39 15.29 13.73 12.39 11.80 12.43 14.21 15.92 18.01 20.01 20.31 18.53 18.86 20.46 20.50 19.48 21.65 21.10 20.52 17.50 17.11 13.60 11.69 10.24 10.44 10.18 11.97 12.82 15.39 14.94 14.97 17.16 19.58 19.90 22.05 
28.47 27.82 24.85 24.73 22.39 20.26 16.24 13.31 9.90 6.84 5.70 0.55 5.83 7.68 9.75 9.74 9.34 10.50 10.47 10.56 10.47 13.15 13.80 10.60 12.24 17.21 15.42 15.63 17.60 21.47 18.58 20.87 17.24 18.51 14.85 14.21 12.37 13.65 13.44 15.86 18.01 20.02 21.03 23.46 24.01 23.75 22.43 18.71 15.95 15.64 14.50 12.13 12.38 15.50 16.11 15.45 18.75 18.12 18.55 19.38 22.31 21.05 23.07 21.41 21.42 19.42 21.52 22.58 21.02 18.90 19.79 21.19 18.91 18.16 20.03 20.83 17.78 18.97 18.74 17.58 17.32 15.37 15.33 16.16 15.94 18.73 18.40 17.57 17.98 21.57 21.49 20.73 23.33 25.88 24.94 21.59 18.95 17.31 14.68 13.46 12.04 12.49 12.93 16.36 18.27 19.37 16.13 16.70 19.22 18.80 17.61 19.51 22.44 20.99 21.51 25.21 26.65 25.36 26.16 23.46 20.15 18.54 16.49 15.40 14.65 14.81 16.33 18.10 20.97 20.10 20.53 23.97 25.32 24.13 25.95 29.50 29.58 27.05 27.52 25.66 23.77 22.90 21.54 21.05 21.47 22.33 22.61 22.82 23.53 24.13 23.51 23.52 26.62 26.07 24.62 25.60 28.04 26.30 26.01 28.47 29.70 27.06 26.45 24.88 23.99 21.47 19.43 19.25 18.56 19.02 19.20 20.88 21.17 20.96 22.43 23.21 24.77 22.73 21.54 23.55 24.89 22.60 22.74 25.51 24.53 23.12 25.67 28.43 27.30 26.30 23.02 21.22 17.65 15.63 13.76 12.57 13.12 14.51 16.24 18.53 20.96 20.96 19.42 19.64 21.59 21.31 20.32 22.78 22.27 21.92 19.10 18.89 14.62 13.66 11.52 10.62 11.07 11.65 12.01 14.77 14.67 15.27 17.68 19.60 20.45 22.45 
29.59 29.69 26.54 25.93 23.23 21.62 17.68 15.65 11.13 10.11 7.68 5.83 1.05 5.75 6.64 6.94 8.80 10.22 10.29 10.78 12.05 13.54 13.57 10.51 13.54 15.94 13.76 14.42 17.80 20.65 18.11 20.36 17.17 18.50 16.65 15.95 13.55 15.16 14.86 16.43 18.39 20.36 21.60 24.22 24.72 24.70 23.01 19.38 16.90 16.62 16.16 13.76 13.76 16.31 16.22 15.75 18.78 18.52 18.54 19.49 21.59 21.05 22.66 21.25 21.11 19.56 21.46 22.29 20.36 18.49 19.53 20.93 18.25 16.95 19.27 19.94 16.89 17.55 17.58 16.83 16.92 15.37 15.21 16.53 16.98 19.77 18.78 17.94 18.56 22.10 21.86 21.17 23.84 26.97 25.62 22.19 19.57 18.18 16.32 14.78 12.84 13.14 13.44 16.56 18.36 19.55 16.34 17.08 19.43 19.32 18.10 20.62 23.27 21.79 22.67 26.42 27.67 26.63 27.27 24.74 21.29 19.48 17.51 16.08 15.27 15.61 16.53 18.47 21.07 20.25 20.67 24.18 25.74 24.60 26.52 29.85 30.46 27.67 28.26 26.20 24.33 23.26 22.31 21.77 21.82 22.85 23.01 23.34 23.66 24.43 23.71 24.06 27.23 26.79 24.99 26.32 28.67 26.88 26.47 28.88 30.37 27.77 26.89 25.20 24.26 21.74 19.88 19.41 19.11 19.81 19.68 21.52 21.52 21.48 22.89 24.38 25.91 23.49 22.36 24.52 25.74 23.44 23.74 27.00 25.49 24.38 27.05 29.75 28.89 28.02 24.31 22.59 18.95 17.14 15.44 14.25 13.63 15.19 16.41 19.30 21.65 21.76 20.26 21.23 22.85 22.24 21.36 24.13 24.10 23.91 20.86 20.55 16.68 15.01 12.34 11.33 10.29 11.39 10.76 13.43 14.27 14.39 16.71 19.07 19.12 21.64 
30.13 29.96 27.82 27.11 23.73 22.72 19.01 16.35 12.42 12.07 10.45 7.68 5.75 0.00 5.25 6.22 7.47 9.71 9.76 10.98 11.73 13.90 13.94 11.44 13.95 17.68 15.86 16.49 19.04 22.78 20.78 22.51 19.47 20.30 17.99 17.03 14.28 16.09 15.27 16.76 18.16 19.88 21.16 24.55 24.89 24.57 22.62 19.26 17.12 16.17 15.24 13.91 13.84 16.02 15.28 14.71 18.17 17.05 17.03 18.15 21.10 20.36 21.70 20.36 20.69 19.02 20.84 21.94 20.32 18.39 18.89 20.48 17.66 16.82 18.57 19.59 16.11 16.94 16.81 16.00 16.10 14.58 14.76 16.37 16.79 19.46 18.77 18.34 18.81 21.82 21.60 21.20 24.21 26.96 25.97 22.79 20.41 18.60 16.57 15.53 13.46 14.41 13.85 16.72 18.45 20.00 17.41 18.02 20.29 20.23 19.58 21.57 24.02 22.76 23.64 27.15 28.40 27.06 28.10 25.33 21.88 20.04 17.73 16.48 15.72 16.22 17.29 18.79 21.14 20.53 20.91 24.47 25.98 25.26 26.78 30.56 30.51 27.92 28.13 26.47 24.73 23.64 22.28 21.78 22.11 23.05 23.28 23.62 24.10 25.11 24.23 24.63 27.69 27.20 25.41 27.06 29.58 27.90 27.11 30.03 31.05 28.46 27.70 26.27 24.98 22.56 20.26 19.82 19.28 20.22 20.12 21.94 22.26 22.42 23.83 25.32 26.83 24.73 23.61 25.93 26.84 24.76 25.17 27.95 26.75 25.77 28.45 31.14 30.33 29.65 26.28 24.11 20.41 18.95 16.66 15.48 14.98 16.29 17.74 20.24 22.31 22.75 21.56 22.45 23.91 23.77 22.97 25.50 25.37 25.19 22.27 21.76 18.18 15.61 13.27 11.80 10.73 10.30 11.13 14.57 14.33 14.87 16.51 18.77 18.96 21.24 
30.35 31.41 29.37 28.27 24.24 22.87 20.18 18.18 13.30 12.60 11.14 9.75 6.64 5.25 0.00 5.50 6.87 9.00 9.88 11.40 12.52 13.84 15.33 13.39 14.78 18.27 18.12 17.87 21.16 24.52 22.55 24.35 23.21 23.17 20.06 18.52 16.72 18.27 17.01 18.30 19.12 20.35 21.82 25.10 25.87 25.21 23.70 20.32 18.05 16.89 16.21 14.39 14.98 16.35 15.84 14.82 18.12 16.30 16.20 17.78 21.21 19.90 21.66 20.36 20.84 18.76 20.68 22.19 20.49 18.66 19.00 20.68 18.14 16.91 18.36 19.11 16.21 17.10 16.94 16.15 16.59 15.37 14.89 16.78 17.04 20.02 19.29 19.19 19.62 22.55 23.10 22.54 25.25 27.96 27.29 24.21 21.64 19.18 17.00 16.01 14.67 15.24 15.17 18.20 19.63 20.90 18.80 19.38 21.34 21.37 20.79 22.74 25.37 23.85 24.92 28.46 30.42 29.03 29.93 27.08 23.71 21.55 19.28 18.02 17.20 17.81 18.70 19.87 21.82 21.36 22.10 25.55 26.89 26.01 28.30 31.70 32.26 28.97 29.56 27.70 26.02 24.83 23.23 22.53 22.94 23.85 23.84 24.17 25.05 25.82 25.46 25.62 28.96 28.30 26.84 28.22 30.89 29.07 28.86 31.25 33.09 30.15 29.62 27.91 26.73 23.97 21.85 21.15 20.43 21.34 21.27 23.11 23.42 23.58 25.25 26.62 28.33 26.24 25.43 27.31 28.70 26.50 26.75 29.66 28.50 27.68 30.75 33.15 32.80 32.26 28.64 26.21 22.05 21.01 18.61 17.13 16.78 18.36 19.56 21.36 23.67 24.55 23.64 24.06 25.63 25.55 25.32 27.37 27.35 27.06 23.90 23.53 19.64 16.34 14.23 13.54 11.51 10.18 10.91 13.30 13.66 13.34 15.32 18.55 18.77 20.66 
30.32 30.28 28.49 27.51 24.26 22.59 19.87 17.32 13.21 12.08 11.31 9.74 6.94 6.22 5.50 0.00 5.43 8.06 8.89 10.61 11.47 13.47 14.15 13.07 14.03 17.19 16.07 17.30 20.37 22.81 20.88 23.64 22.75 22.46 19.84 19.08 17.12 17.86 16.49 17.69 18.61 20.03 21.09 24.31 24.61 24.40 22.67 19.56 17.46 16.87 16.31 15.07 15.17 17.34 16.15 14.74 18.05 16.43 16.56 17.66 20.70 19.79 21.22 19.70 20.18 18.33 20.14 21.52 19.80 18.11 18.39 20.06 17.36 16.88 17.92 18.30 15.24 16.84 15.72 15.51 16.11 15.40 14.85 16.21 16.87 19.47 19.06 18.63 19.16 22.40 22.49 21.98 24.73 27.09 26.59 23.45 21.56 19.28 17.30 15.93 14.59 14.90 15.45 18.79 20.50 21.56 19.15 19.51 21.79 21.62 20.68 22.71 25.49 24.26 24.70 28.55 29.82 28.90 29.44 27.02 23.84 22.17 19.60 18.54 17.92 18.56 19.28 20.46 22.34 21.58 22.12 25.69 26.93 26.31 27.73 31.61 31.50 29.22 29.42 27.73 25.76 25.02 23.67 23.16 23.27 24.38 24.54 25.11 25.74 26.77 26.08 26.37 29.18 28.87 27.08 28.77 31.19 29.64 29.02 31.89 32.80 30.40 29.66 28.44 27.24 24.75 22.45 22.04 21.23 22.10 22.11 24.09 24.59 24.60 26.17 27.47 28.81 27.02 25.85 28.10 29.57 27.52 27.58 30.66 29.93 28.87 31.02 34.05 33.10 32.82 28.87 27.48 23.45 22.06 19.54 18.70 18.40 19.91 20.87 22.75 25.06 25.72 24.48 24.48 25.96 26.23 25.38 27.74 27.23 27.24 24.41 23.98 20.62 17.87 15.11 13.61 12.61 12.51 11.63 12.58 13.77 13.75 16.39 18.09 18.96 21.10 
29.63 29.85 26.51 25.91 22.77 21.05 18.12 16.00 12.55 11.67 10.82 9.34 8.80 7.47 6.87 5.43 0.27 5.65 7.04 7.88 9.84 10.89 11.65 10.74 13.08 14.88 13.09 14.22 17.89 20.75 19.55 21.71 20.65 20.59 18.62 17.64 16.24 16.67 15.88 16.61 17.08 18.54 19.43 22.38 22.44 22.53 20.81 17.61 15.85 15.42 14.89 14.08 14.95 16.61 15.54 14.02 17.28 16.28 15.46 16.11 19.32 18.32 20.26 18.19 18.70 17.11 19.13 20.06 18.29 16.60 16.96 18.06 15.67 14.33 15.75 15.91 12.38 13.43 12.58 12.50 13.82 13.50 13.19 15.00 15.10 17.95 17.08 16.41 17.36 20.51 20.20 19.93 23.15 25.63 24.36 21.36 20.03 17.97 15.75 14.47 13.63 13.94 14.30 17.24 18.81 20.48 17.65 18.37 20.84 20.65 19.54 21.52 24.28 22.85 23.89 27.11 28.46 27.27 27.96 25.44 22.58 20.73 18.64 17.25 17.20 17.60 18.45 19.41 21.47 20.35 20.90 24.32 25.90 25.06 26.82 29.92 30.72 27.85 28.44 26.47 24.92 23.83 22.99 22.30 22.51 23.62 24.20 24.44 25.16 25.85 25.65 25.22 28.36 27.72 26.47 27.59 30.06 28.37 28.56 30.59 32.13 29.38 29.18 27.46 26.43 23.81 21.90 21.41 20.72 21.53 21.78 23.67 24.07 23.97 25.87 26.74 28.13 25.91 25.34 27.28 28.91 26.46 26.88 30.15 29.22 27.97 30.57 33.06 32.91 31.79 27.75 26.38 23.04 21.42 18.94 18.39 18.18 19.56 20.82 22.78 24.92 25.21 23.70 24.04 25.52 25.03 24.58 26.61 26.30 25.96 23.54 23.16 19.86 17.29 15.12 13.97 13.55 13.92 12.98 14.08 13.87 13.34 15.83 18.68 18.74 21.29 
29.29 28.49 25.90 25.13 22.25 20.66 17.84 15.41 11.96 12.18 10.38 10.50 10.22 9.71 9.00 8.06 5.65 0.00 5.67 7.29 7.66 9.12 10.88 10.25 11.59 14.25 14.32 14.20 17.26 20.86 20.06 21.54 20.31 20.70 18.48 17.07 15.49 16.22 14.91 15.99 16.55 17.63 18.04 21.34 21.52 21.37 18.62 15.54 14.25 13.70 12.69 12.53 13.99 15.26 13.76 12.20 16.80 13.48 13.55 14.76 18.59 17.66 19.33 17.76 18.50 16.92 19.00 20.11 18.15 16.22 16.84 18.19 15.15 13.40 15.20 15.03 11.36 11.45 11.19 11.12 11.61 10.56 11.01 13.00 13.54 15.78 15.27 15.44 16.19 18.90 18.32 18.30 21.92 24.26 23.35 20.68 19.04 16.83 14.80 13.80 12.91 14.02 14.50 17.31 19.21 20.55 17.83 18.27 20.61 20.36 19.35 21.41 23.83 22.58 23.18 26.62 27.49 26.50 27.27 24.84 21.65 19.90 17.72 16.25 15.96 16.65 17.85 19.01 21.04 20.19 20.83 24.23 25.59 25.21 26.59 30.27 30.13 27.54 27.73 26.03 24.65 23.36 22.38 21.70 22.03 23.30 23.72 24.10 24.72 25.96 25.41 25.33 27.94 27.65 26.28 27.66 30.10 28.25 28.10 30.72 31.62 29.14 28.72 27.34 25.88 23.53 21.55 21.22 20.29 21.36 21.69 23.74 24.04 24.22 25.99 27.04 28.17 26.36 25.52 27.63 28.89 26.62 27.26 30.29 29.59 28.29 30.38 33.47 32.24 31.85 27.58 26.59 22.96 21.57 18.99 18.53 18.35 19.48 21.34 23.57 25.57 25.43 24.18 24.69 26.19 25.70 24.85 27.21 26.30 26.27 23.85 23.81 20.34 17.64 14.94 14.53 13.79 13.94 13.70 16.36 14.76 13.82 16.58 18.60 18.75 21.00 
28.20 28.79 25.99 25.17 21.16 19.19 16.86 15.31 11.16 10.44 8.68 10.47 10.29 9.76 9.88 8.89 7.04 5.67 1.76 5.91 7.13 7.75 9.18 9.11 10.27 13.14 13.48 13.77 16.16 20.46 19.61 21.20 19.82 20.59 18.27 16.75 14.81 15.64 14.29 15.40 15.48 16.60 16.76 20.34 20.88 20.55 17.98 14.93 13.94 13.17 12.53 11.32 12.28 14.29 13.22 12.65 15.62 12.79 13.38 15.27 18.82 17.20 19.16 18.32 19.29 17.30 19.42 20.37 18.74 16.86 17.52 18.95 16.00 14.27 15.78 15.78 12.99 12.96 12.40 11.23 11.39 10.63 10.11 12.29 12.92 14.97 14.73 14.84 15.34 18.09 17.51 17.87 20.46 23.28 22.45 20.06 18.16 15.53 14.04 13.38 12.73 13.42 15.33 18.78 20.01 21.10 18.49 18.89 20.65 20.63 19.83 21.56 23.99 22.65 23.24 26.34 27.58 26.48 26.84 24.50 22.01 19.60 17.76 16.10 15.98 16.38 17.61 18.92 21.16 20.46 21.19 24.34 25.53 25.13 26.87 30.27 30.42 27.60 28.07 26.46 24.79 23.49 22.40 21.70 22.04 23.10 23.38 23.75 24.56 25.59 25.70 25.41 28.13 27.85 26.81 28.11 30.47 28.48 28.53 30.73 31.99 29.39 28.84 27.34 26.39 23.70 22.05 21.06 20.43 21.12 21.68 23.56 24.08 24.10 26.13 27.03 28.45 26.65 26.07 28.23 29.42 27.32 27.67 30.94 30.08 28.98 30.93 33.92 33.10 32.09 28.40 26.96 23.61 22.03 19.62 18.83 18.77 20.43 22.02 24.08 26.09 26.02 24.55 25.36 26.94 26.48 25.67 27.52 26.98 26.73 24.21 24.12 21.01 18.47 15.59 15.35 14.85 15.28 14.58 16.47 15.67 14.58 16.65 19.41 18.58 20.32 
27.14 26.52 24.31 22.81 19.45 18.20 15.96 14.05 10.36 10.45 10.32 10.56 10.78 10.98 11.40 10.61 7.88 7.29 5.91 1.63 5.47 7.03 7.71 6.88 8.07 11.36 11.85 12.02 14.76 18.05 17.68 19.20 18.53 18.53 16.11 15.02 13.43 11.95 11.40 12.61 13.50 14.32 15.02 18.38 18.57 18.22 15.99 13.70 12.55 11.18 11.22 10.60 13.03 14.36 14.23 12.68 16.94 14.40 15.11 16.03 19.87 18.09 19.85 18.27 19.16 17.40 19.19 20.36 18.81 17.18 17.44 18.92 16.27 15.16 16.10 16.10 13.07 13.64 11.63 10.79 11.49 9.29 9.07 10.75 11.47 14.01 13.22 13.02 13.96 16.77 16.11 15.59 19.06 21.37 20.70 17.82 16.23 13.94 12.38 11.62 10.77 11.80 14.59 18.28 19.41 20.49 18.28 18.45 20.37 20.12 19.32 20.75 23.17 22.02 22.20 24.95 26.06 25.01 25.53 22.88 20.65 18.53 16.51 14.68 15.29 15.73 17.15 18.26 20.86 19.97 20.64 23.82 24.85 24.11 25.86 28.97 28.94 26.11 26.77 24.95 23.21 22.06 21.44 20.73 21.35 22.57 22.99 23.49 24.33 25.48 25.26 25.05 27.95 27.57 26.46 27.41 29.98 28.16 28.05 30.03 30.99 28.40 27.72 26.16 25.26 23.03 21.12 20.05 19.96 21.14 21.50 23.14 23.66 24.03 25.98 27.02 28.01 26.30 25.75 27.84 29.22 27.00 27.57 30.58 30.13 28.69 30.47 33.26 32.02 30.86 27.21 26.00 22.94 21.16 19.01 18.27 19.34 20.36 22.09 23.87 26.08 25.92 24.71 25.06 26.83 25.96 25.25 26.97 26.37 25.87 23.13 23.63 20.64 18.19 14.89 14.81 14.92 15.27 15.15 16.56 15.93 15.37 17.73 18.89 19.06 20.69 
25.68 25.53 22.27 20.68 18.10 16.36 14.37 12.50 10.35 10.34 10.72 10.47 12.05 11.73 12.52 11.47 9.84 7.66 7.13 5.47 2.54 6.27 7.66 5.96 7.42 10.70 10.83 10.52 12.95 16.82 15.75 17.46 16.21 17.06 14.93 13.39 12.18 11.17 10.48 11.62 12.07 13.30 14.68 16.90 16.48 16.29 14.92 12.34 11.54 10.81 10.88 11.13 12.96 15.77 14.91 13.94 17.64 16.07 15.92 16.77 19.75 18.41 19.98 18.61 18.93 17.41 19.25 20.27 18.91 17.26 17.23 18.65 16.07 14.40 14.91 15.28 12.68 12.81 10.46 10.48 10.95 9.62 7.92 10.48 10.56 13.15 12.12 11.50 12.30 15.73 13.48 14.15 17.71 20.32 18.79 16.59 15.60 13.54 12.01 11.66 11.81 13.04 15.52 18.53 19.90 20.58 18.19 18.29 20.18 19.93 18.89 20.22 22.14 20.56 21.06 23.51 23.96 23.22 23.79 21.55 19.31 17.39 15.62 14.10 14.83 15.40 16.88 17.80 20.56 19.46 20.18 23.02 23.95 23.14 24.76 27.56 27.70 24.99 25.65 23.96 22.55 21.37 20.76 20.33 21.09 22.44 22.69 23.09 23.54 24.82 24.58 24.53 27.28 26.98 25.76 26.81 29.16 27.36 27.46 29.11 29.97 27.63 27.16 25.43 24.76 22.47 21.03 20.10 20.02 20.84 21.51 22.85 23.25 23.40 25.79 26.38 27.30 25.49 25.10 27.22 28.57 26.41 26.80 30.04 29.43 27.90 29.53 32.11 31.06 29.85 26.28 25.02 22.32 20.85 18.56 18.46 19.02 20.44 21.93 23.67 26.00 26.08 24.78 25.28 26.48 25.70 24.64 26.32 25.73 25.04 22.61 22.87 20.03 17.97 14.94 15.52 15.46 16.64 15.88 17.47 16.31 15.08 18.10 19.64 18.38 20.51 
24.97 24.17 21.56 20.36 17.22 15.54 13.94 12.04 11.36 11.43 11.63 13.15 13.54 13.90 13.84 13.47 10.89 9.12 7.75 7.03 6.27 0.34 6.18 6.64 6.18 7.10 9.62 10.03 11.55 14.26 15.41 16.37 15.31 16.48 14.31 12.82 12.33 11.32 11.05 11.67 12.92 13.87 14.81 18.10 17.57 17.21 14.77 12.30 12.08 11.42 11.65 11.73 14.07 16.16 15.71 14.67 18.65 16.40 16.87 17.88 20.48 19.11 20.73 19.44 19.80 18.37 20.17 21.24 19.71 17.98 18.55 19.72 17.19 15.85 17.14 17.26 13.93 14.30 12.70 12.05 12.00 9.32 7.78 9.52 10.17 11.00 9.90 10.48 11.61 13.19 10.81 11.84 16.31 18.21 16.98 15.53 14.72 12.82 12.63 12.49 13.32 15.39 17.33 20.60 21.63 22.34 19.58 19.62 21.44 20.61 19.37 20.48 22.03 20.19 20.54 23.14 23.61 22.62 23.59 21.32 18.60 16.75 15.83 14.82 15.43 16.65 18.56 19.22 21.47 20.78 21.40 24.01 25.17 24.34 26.01 28.65 28.61 25.42 26.16 24.38 23.11 21.81 21.18 20.67 21.76 22.90 23.30 23.57 24.51 25.46 25.26 24.85 27.76 26.92 26.26 27.22 29.41 27.39 27.65 29.54 30.27 27.61 27.27 25.91 24.92 22.74 21.36 20.84 20.69 21.66 22.25 23.97 24.08 24.47 26.59 27.38 28.49 26.37 26.04 28.00 29.55 27.06 27.68 30.59 30.26 28.43 30.09 32.91 31.67 29.93 26.58 25.61 22.93 21.38 19.60 19.66 20.70 21.57 23.26 25.03 27.16 27.04 25.99 26.38 27.98 26.84 25.75 27.43 26.91 26.19 23.57 24.06 21.40 19.05 16.44 16.76 16.92 17.57 16.61 18.50 18.20 17.59 19.20 20.81 19.90 21.63 
24.11 24.23 22.04 20.93 17.20 16.17 14.80 13.92 11.37 13.55 13.52 13.80 13.57 13.94 15.33 14.15 11.65 10.88 9.18 7.71 7.66 6.18 0.25 5.51 7.23 6.69 7.77 9.15 11.37 13.19 14.28 16.40 14.96 16.16 14.73 13.36 12.59 12.86 11.60 13.21 14.61 15.54 16.11 19.24 19.30 18.43 16.27 14.50 13.89 13.94 13.76 14.00 15.81 18.48 17.89 17.76 21.19 19.08 19.40 20.71 23.16 21.55 23.13 21.52 21.68 20.15 21.96 23.08 21.61 20.11 20.89 22.22 19.59 18.47 19.87 19.83 16.57 17.71 16.61 14.44 14.06 12.43 10.69 11.70 11.15 12.18 11.52 11.60 12.01 13.37 12.54 13.01 15.94 17.59 16.94 15.84 14.97 13.38 13.57 14.63 15.38 17.66 20.32 23.15 24.03 24.79 22.12 22.27 23.65 22.75 20.93 21.84 23.32 21.46 21.14 23.68 24.54 23.38 23.88 21.71 19.36 17.68 16.60 16.41 17.14 18.82 20.85 21.80 23.77 23.06 23.51 26.12 27.10 26.17 27.45 30.29 30.31 27.01 27.40 25.85 24.32 23.29 22.55 22.25 23.20 24.57 24.92 25.23 26.01 27.09 27.01 26.52 29.10 28.39 27.52 28.49 30.49 28.14 28.42 30.36 31.36 28.58 28.19 27.03 26.19 24.01 22.77 22.38 22.28 23.24 23.95 25.59 25.83 25.93 28.13 28.74 29.84 27.94 27.40 29.65 30.75 28.33 28.46 31.85 31.13 29.50 30.80 33.88 32.87 31.05 27.58 26.93 24.49 23.12 21.19 21.52 22.26 23.60 25.06 26.97 28.91 28.53 27.24 28.23 29.44 28.46 27.35 29.00 28.43 27.96 25.23 25.53 23.07 21.19 18.21 18.94 18.99 19.97 18.17 20.04 19.23 17.83 20.42 21.52 20.95 21.79 
21.50 21.04 19.00 17.38 12.83 12.44 11.95 9.18 6.99 9.85 11.18 10.60 10.51 11.44 13.39 13.07 10.74 10.25 9.11 6.88 5.96 6.64 5.51 0.00 4.94 6.78 6.23 6.26 8.64 11.75 11.73 13.14 12.32 12.89 11.99 9.88 10.42 7.92 9.89 11.37 12.89 13.54 15.24 18.24 17.55 17.02 15.03 12.71 12.89 11.45 12.35 12.56 15.23 17.39 17.68 16.54 21.03 19.12 19.47 20.02 22.70 21.32 22.36 20.68 21.07 19.47 21.20 22.28 20.75 19.40 20.31 21.81 19.36 18.35 19.95 19.65 16.95 17.40 15.97 14.27 13.98 11.76 10.62 10.43 10.18 11.26 10.25 8.19 9.33 11.79 10.61 10.14 13.43 15.57 15.30 12.50 12.39 11.11 11.74 12.67 13.64 15.85 18.57 21.37 22.27 23.10 20.98 20.70 22.36 21.16 19.50 19.88 21.47 19.33 18.75 21.00 21.86 20.93 21.42 18.56 16.57 15.34 14.58 13.93 15.41 16.98 19.35 20.41 22.44 21.45 22.04 24.87 25.83 24.43 25.70 28.48 28.07 24.87 25.43 23.89 22.30 21.55 21.03 20.56 21.48 22.96 23.56 23.72 24.61 25.78 25.48 24.73 27.64 26.92 25.81 26.57 28.97 26.86 26.66 28.33 29.31 26.47 25.80 24.54 24.13 21.99 20.77 20.05 20.46 21.40 22.16 23.94 24.22 24.10 26.12 26.91 28.09 25.98 25.62 27.71 29.25 26.69 26.85 29.92 29.51 27.59 29.03 31.71 30.44 28.59 25.18 24.51 22.18 21.05 19.47 19.49 20.69 21.79 23.44 25.10 26.79 26.84 26.01 26.48 27.90 26.89 25.70 27.36 26.48 26.12 22.91 23.62 21.11 19.45 16.44 17.07 17.21 18.13 16.41 18.75 18.45 17.96 19.10 21.30 20.00 22.37 
21.15 20.99 18.34 17.41 13.47 13.02 12.17 11.52 10.95 11.93 12.64 12.24 13.54 13.95 14.78 14.03 13.08 11.59 10.27 8.07 7.42 6.18 7.23 4.94 0.00 5.75 7.31 6.52 7.52 10.78 11.24 12.20 10.77 11.34 9.12 8.40 7.80 7.49 9.40 12.60 12.66 14.06 16.16 18.74 17.86 17.19 16.07 13.62 12.55 12.09 12.99 13.92 15.75 18.48 18.85 18.65 22.13 20.81 21.04 21.62 24.15 22.37 23.97 22.05 21.88 20.66 22.44 23.24 21.62 20.68 21.56 23.04 20.51 19.76 21.23 21.55 18.62 19.51 17.62 15.92 15.55 13.39 11.32 11.37 10.74 11.85 9.64 7.16 8.16 10.64 8.29 8.12 12.64 14.46 13.49 11.75 11.56 11.05 11.71 13.30 14.86 17.30 19.55 22.00 22.88 23.88 21.39 21.59 22.94 22.11 20.16 20.47 21.25 19.27 18.95 20.76 21.05 20.37 21.15 18.40 16.09 15.51 14.92 14.60 16.03 18.09 20.38 21.30 22.78 22.16 22.89 25.49 25.87 24.83 26.09 28.60 28.06 25.29 25.95 24.50 23.07 22.36 21.77 21.60 22.28 23.90 24.38 24.77 25.43 26.40 26.17 25.66 28.04 27.43 26.10 27.13 29.20 27.07 26.77 28.33 29.12 26.48 25.66 24.68 24.23 22.58 21.23 20.88 21.13 22.27 22.95 24.71 24.76 24.65 26.61 27.62 28.60 26.75 26.20 28.56 29.43 27.07 26.77 30.10 29.34 27.74 28.93 31.49 30.24 28.76 25.41 24.76 22.61 21.70 20.19 20.58 21.47 22.72 24.26 25.57 27.31 27.82 26.80 27.45 28.16 27.63 26.23 27.74 26.56 26.16 23.19 23.67 21.14 19.35 16.57 17.37 17.41 18.15 17.33 19.19 18.14 17.49 20.18 21.55 20.68 23.03 
21.27 21.18 19.17 18.54 14.68 14.14 13.48 13.63 14.20 15.35 16.42 17.21 15.94 17.68 18.27 17.19 14.88 14.25 13.14 11.36 10.70 7.10 6.69 6.78 5.75 0.07 5.96 7.20 6.78 7.89 10.83 12.93 12.03 12.74 12.74 11.34 12.56 12.54 14.23 15.78 18.22 18.51 20.20 22.65 22.30 21.49 19.41 17.07 16.27 15.46 15.81 16.43 18.55 20.84 21.25 20.49 23.84 22.75 23.30 24.24 25.99 24.84 26.33 24.69 24.62 23.26 25.25 26.07 24.40 23.24 24.54 25.78 23.30 22.50 24.55 24.32 21.48 22.57 21.98 19.95 19.00 16.03 14.71 14.44 13.88 13.38 11.10 9.69 9.82 10.17 7.52 8.23 12.47 14.54 14.12 12.80 13.07 12.87 14.52 16.23 17.91 20.78 22.52 25.06 26.27 26.71 24.07 24.12 25.52 24.14 22.10 22.13 22.88 20.49 20.22 21.98 22.15 21.01 22.17 19.41 17.30 16.45 16.91 17.01 18.46 20.72 23.02 23.53 25.07 24.82 25.07 27.60 28.51 27.37 28.49 31.00 30.48 27.70 28.13 26.70 24.96 24.38 23.86 23.68 24.46 26.03 26.57 26.76 27.59 28.72 28.06 27.60 30.15 29.57 28.32 29.24 31.07 29.05 28.57 30.46 31.03 28.49 27.83 26.77 26.27 24.37 23.30 23.23 23.30 24.16 25.05 26.89 26.91 26.78 28.61 29.79 31.09 28.75 28.03 30.17 31.57 28.80 28.50 31.61 31.33 29.39 30.23 33.06 32.04 30.35 26.69 26.37 24.32 23.22 21.72 22.28 23.69 24.67 26.08 27.77 29.52 29.87 28.65 29.22 30.44 29.62 28.08 29.68 28.75 28.33 25.10 25.56 23.23 21.43 18.76 19.42 19.33 20.31 18.81 20.88 20.75 20.55 20.90 23.57 22.71 24.58 
20.14 20.52 18.34 18.10 14.01 13.38 12.94 13.01 12.16 15.11 16.61 15.42 13.76 15.86 18.12 16.07 13.09 14.32 13.48 11.85 10.83 9.62 7.77 6.23 7.31 5.96 1.27 5.64 7.11 6.43 7.54 10.89 9.60 10.74 10.44 10.83 11.82 13.49 13.87 16.61 19.24 20.42 20.84 23.82 24.37 23.18 20.83 18.13 16.86 16.82 15.91 16.06 17.92 20.94 20.82 20.45 23.71 22.86 23.44 24.28 26.30 25.29 26.66 25.54 25.07 23.94 25.97 27.01 25.06 24.01 25.33 26.88 24.13 23.60 25.66 25.82 22.62 23.53 23.63 21.21 20.33 17.82 16.50 16.09 14.89 14.62 12.74 11.43 11.15 11.58 9.77 9.39 11.85 14.29 14.62 13.09 12.73 13.04 14.89 16.49 18.51 21.66 23.61 25.90 26.87 27.16 24.52 24.86 26.01 24.48 21.68 22.30 23.35 20.79 19.54 21.90 22.38 20.88 20.98 18.95 16.99 16.48 16.82 17.65 18.95 21.14 23.59 24.20 25.83 25.12 25.38 28.24 28.97 27.99 28.92 31.62 30.91 28.08 28.44 26.74 25.00 24.32 24.01 23.75 24.57 26.19 26.97 26.85 27.73 28.68 28.43 28.06 30.62 29.89 28.36 29.14 31.07 28.78 28.24 29.98 31.00 28.51 27.74 26.62 25.96 24.19 23.23 23.33 23.16 23.99 24.84 26.63 26.77 26.53 28.86 30.05 31.16 28.98 28.30 30.51 31.42 28.49 27.91 31.49 30.98 28.69 29.43 32.42 31.73 29.98 26.09 25.94 24.12 23.09 21.31 22.12 23.22 24.47 25.90 27.57 29.69 29.56 28.18 29.08 30.48 29.57 27.57 29.31 28.72 28.01 24.75 25.00 22.71 20.94 18.06 18.67 18.98 19.70 17.69 19.78 19.91 18.67 20.75 22.44 22.78 23.51 
18.28 18.25 15.95 15.48 12.09 11.63 10.84 11.42 10.86 13.80 15.64 15.63 14.42 16.49 17.87 17.30 14.22 14.20 13.77 12.02 10.52 10.03 9.15 6.26 6.52 7.20 5.64 0.00 5.61 7.44 6.45 8.16 8.04 8.42 8.82 8.22 10.15 11.19 13.60 16.02 18.17 19.40 20.61 23.45 23.55 22.70 20.80 17.59 15.94 15.18 15.08 14.82 16.70 19.33 19.55 19.35 22.81 22.11 22.19 23.29 25.65 24.71 25.68 24.56 24.33 22.95 24.91 26.00 24.45 23.22 24.52 26.18 23.81 23.12 25.07 25.43 22.54 23.15 22.99 20.96 20.10 17.31 16.40 15.34 14.24 14.67 12.62 10.09 9.47 10.57 8.46 7.11 10.12 13.01 12.94 10.06 11.25 11.81 13.03 14.83 17.76 20.40 21.95 24.70 25.35 25.96 23.23 23.71 24.68 23.16 20.41 20.66 21.78 18.80 17.62 19.47 20.20 18.81 19.43 16.49 14.44 14.22 14.93 15.54 17.50 19.46 21.98 23.18 24.70 24.02 24.22 27.14 27.99 26.42 27.51 30.08 29.26 26.53 26.89 25.37 23.31 23.13 22.46 22.32 23.07 24.88 25.35 25.55 26.08 27.24 26.87 26.41 28.96 28.33 26.75 27.49 29.57 27.45 26.62 28.35 29.11 26.52 25.78 24.56 23.91 22.34 21.31 21.32 21.45 22.55 23.22 25.20 25.13 25.09 26.95 28.33 29.50 27.33 26.52 28.68 29.92 27.13 26.31 29.56 28.94 26.61 27.25 30.08 29.15 27.35 23.73 23.20 21.36 20.50 19.43 19.86 21.15 22.43 24.09 26.12 27.76 27.82 26.63 27.49 28.75 27.84 25.96 27.50 26.56 25.79 22.41 22.98 20.50 19.04 16.18 16.94 17.19 18.29 16.28 19.05 18.83 18.33 18.84 22.09 21.55 23.56 
18.29 18.27 16.01 16.34 13.30 12.50 12.36 13.76 13.65 15.91 17.14 17.60 17.80 19.04 21.16 20.37 17.89 17.26 16.16 14.76 12.95 11.55 11.37 8.64 7.52 6.78 7.11 5.61 0.73 6.61 7.39 8.25 8.65 9.74 9.11 9.79 12.24 14.34 16.33 19.30 20.79 22.83 24.49 26.59 25.98 25.22 24.20 20.11 17.69 16.91 16.97 16.86 18.35 21.08 21.38 21.19 24.70 23.37 23.85 24.74 27.70 26.03 27.25 26.02 25.80 24.57 26.25 27.08 25.65 24.61 25.78 27.59 25.51 24.76 26.67 27.25 24.81 25.24 25.21 23.12 22.62 19.94 18.98 18.15 16.92 17.33 14.45 11.62 11.39 11.50 8.40 7.59 9.79 11.95 11.30 9.61 10.59 12.79 14.09 16.53 19.50 22.60 24.09 26.79 27.69 27.74 24.82 24.74 25.84 24.50 21.97 22.02 22.34 19.87 19.25 20.63 20.59 19.65 20.80 17.97 15.37 15.49 16.45 17.46 18.86 21.19 23.63 24.66 26.01 25.09 25.44 27.98 28.56 27.30 28.57 30.96 30.29 27.59 28.13 26.40 24.69 24.06 23.89 23.40 24.26 25.75 26.43 26.35 27.15 28.02 27.67 27.22 29.75 28.97 27.42 28.29 30.20 27.80 27.29 28.88 29.69 27.05 26.49 25.40 24.90 23.19 22.30 22.54 22.86 23.94 24.86 26.57 26.91 26.10 28.18 29.25 30.55 28.17 27.32 29.34 30.56 27.41 26.56 29.57 28.95 26.68 27.61 30.00 29.42 28.24 24.66 23.83 22.02 21.33 20.54 21.05 22.21 23.61 25.45 26.86 28.56 28.47 27.36 28.10 28.87 28.12 26.59 28.08 26.77 26.36 23.12 23.37 20.72 19.24 16.71 17.48 17.43 18.61 17.26 19.20 18.42 17.74 19.68 21.83 21.80 23.23 
