2.10 6.25 7.85 9.85 12.15 13.07 14.58 16.02 17.47 19.01 21.76 24.38 26.93 29.26 31.75 33.86 35.36 35.53 33.94 32.62 31.97 32.94 31.74 31.62 31.36 30.89 28.21 28.15 26.51 24.14 22.01 20.97 19.98 19.18 18.15 18.99 20.37 20.76 19.82 19.22 19.35 20.26 21.69 23.06 24.63 26.61 28.78 29.48 31.91 33.78 34.03 33.36 33.70 34.24 34.68 33.46 31.56 30.05 29.89 28.64 26.82 25.75 26.26 24.64 23.51 24.54 24.20 22.91 22.31 21.97 22.02 22.28 22.92 24.47 26.63 27.16 28.41 30.02 30.64 29.43 30.42 31.53 31.56 30.40 32.04 32.94 32.23 31.56 30.37 30.40 29.59 29.69 31.06 31.15 32.43 32.96 32.55 31.07 30.23 28.91 29.09 27.97 25.22 24.36 25.31 24.14 22.07 23.31 25.06 23.44 22.19 24.65 26.16 24.32 23.09 24.46 25.06 23.84 23.83 25.27 27.03 26.49 28.67 
6.25 0.83 5.12 7.78 10.78 12.83 12.52 14.87 16.82 18.73 21.40 23.78 26.92 29.17 32.47 33.70 35.30 35.22 34.46 32.22 32.41 32.68 32.66 31.60 32.25 31.34 29.36 28.63 26.94 23.86 22.06 20.17 19.24 17.69 16.76 17.72 19.53 19.82 18.92 17.74 18.81 19.30 21.41 22.47 24.53 26.15 28.91 29.07 31.82 33.54 34.14 33.14 33.44 33.65 34.39 32.79 31.11 29.18 29.55 28.11 26.01 24.74 25.40 23.46 22.33 23.10 23.35 21.54 21.28 20.78 21.70 21.79 22.89 24.34 27.12 27.20 28.58 30.02 30.94 29.23 30.31 31.59 31.25 29.97 31.58 32.53 31.44 30.99 29.90 29.83 28.67 28.81 30.15 29.93 31.60 32.18 32.28 30.49 29.72 27.82 28.61 27.13 24.41 23.09 24.92 23.27 20.94 22.23 24.49 22.55 21.31 23.68 25.35 23.78 22.81 23.79 24.07 23.31 21.33 24.95 26.15 25.72 25.82 
7.85 5.12 0.29 4.96 8.99 9.73 10.62 12.92 14.71 17.05 19.81 21.80 25.12 28.33 31.55 33.13 34.15 34.61 33.71 31.64 31.02 31.94 32.33 31.83 31.88 31.32 29.46 28.77 25.81 22.68 20.99 19.01 17.58 15.67 14.47 14.99 16.51 16.94 15.92 15.62 16.75 17.87 19.82 21.28 23.08 25.22 28.10 28.39 30.72 32.63 33.60 32.04 32.17 32.05 33.25 31.31 29.18 27.28 27.84 26.07 23.77 22.18 23.08 20.97 19.65 20.45 20.66 18.91 18.89 18.94 20.40 20.59 21.72 23.45 26.25 26.34 27.82 29.15 29.99 27.99 28.99 29.68 29.46 27.78 29.71 30.34 29.14 28.88 28.08 27.78 26.62 26.62 28.21 27.73 29.38 30.16 30.49 28.83 27.72 25.94 26.54 25.37 22.25 21.40 22.87 21.40 18.96 20.54 22.57 20.69 19.44 22.06 23.65 21.64 20.85 22.52 23.04 21.54 20.63 23.31 25.71 24.78 26.15 
9.85 7.78 4.96 0.23 6.78 8.12 9.37 11.84 14.32 16.98 20.09 22.63 25.30 28.45 31.93 33.65 35.28 35.07 34.64 32.05 31.88 31.96 32.56 31.50 32.03 31.51 29.68 29.05 26.32 23.67 21.42 19.19 17.84 16.06 14.74 14.24 16.11 16.38 15.99 15.33 17.04 17.95 20.19 21.31 23.17 25.31 28.25 28.41 30.77 32.57 33.27 31.92 31.99 32.04 33.15 31.14 29.08 27.13 27.69 25.79 23.75 22.27 23.03 20.66 19.71 20.21 20.27 18.25 18.18 18.81 20.25 20.48 21.46 23.11 25.82 26.48 27.91 29.26 29.72 28.11 28.87 29.67 29.20 27.92 29.40 30.12 28.84 28.53 27.61 27.65 26.18 26.51 27.89 27.90 29.13 29.90 30.26 28.82 27.58 26.00 26.79 25.34 22.43 21.51 22.79 21.28 18.83 20.07 21.77 19.95 18.70 20.85 22.13 20.94 21.02 21.53 21.81 19.98 20.50 22.77 24.93 22.46 29.35 
12.15 10.78 8.99 6.78 0.00 5.46 7.57 10.35 12.72 15.90 19.86 22.05 24.51 27.66 31.17 34.22 35.83 35.65 32.74 31.49 31.07 32.24 30.42 30.47 31.57 30.85 27.30 27.41 25.79 22.87 20.51 18.50 17.45 15.30 14.06 13.90 16.11 16.55 16.59 14.99 16.15 16.65 18.94 20.58 22.78 25.25 27.84 28.31 30.88 33.19 33.07 32.02 32.61 33.11 33.50 32.11 30.19 28.20 28.50 27.02 24.96 23.80 24.54 22.32 21.05 22.03 20.89 19.11 18.29 18.24 18.94 19.36 20.36 22.01 25.00 25.91 27.55 29.21 29.60 27.68 28.70 29.79 29.63 27.88 29.80 30.62 29.37 28.32 27.28 27.12 26.10 26.25 28.12 28.01 29.19 30.05 30.17 28.45 27.18 25.62 27.09 25.79 22.12 21.23 23.56 21.69 18.62 20.00 22.54 20.17 18.08 20.75 22.58 20.25 19.03 20.93 22.23 21.97 22.74 22.77 22.50 22.48 26.91 
13.07 12.83 9.73 8.12 5.46 0.00 5.36 7.18 10.05 13.95 17.39 20.01 22.22 26.34 29.63 32.69 34.04 34.27 31.18 29.58 30.27 31.01 29.37 29.81 30.89 30.84 26.39 26.63 24.21 21.83 18.95 16.20 14.35 12.04 11.19 11.71 13.22 14.81 14.15 13.22 13.36 14.44 15.94 18.38 20.06 23.37 25.86 26.37 28.55 31.59 31.36 30.21 30.53 30.80 31.45 29.60 28.12 25.99 26.22 24.83 22.65 21.45 22.16 19.95 18.85 20.34 18.95 16.54 16.13 15.55 16.30 17.43 18.21 20.38 22.96 24.02 25.31 27.43 27.77 25.71 26.71 28.04 27.26 25.46 27.60 28.42 26.68 25.85 24.59 24.48 23.06 23.47 25.31 25.01 26.65 28.05 27.86 26.02 24.80 22.91 24.75 23.40 19.58 18.64 20.81 18.64 15.35 16.87 20.12 17.67 15.95 18.41 20.64 18.68 17.87 19.41 20.66 20.17 20.02 21.84 21.55 22.11 24.54 
14.58 12.52 10.62 9.37 7.57 5.36 0.00 6.16 7.87 10.91 13.54 17.55 19.91 23.72 27.22 29.35 30.24 31.04 28.20 26.64 26.34 27.30 26.30 26.58 28.07 27.15 23.64 23.24 21.85 18.38 16.83 13.84 11.69 10.10 9.71 10.79 12.74 13.47 13.55 11.31 11.76 11.88 13.56 15.02 16.88 19.68 22.73 22.69 24.71 27.76 27.84 26.33 27.08 27.42 28.20 26.39 25.09 22.97 23.40 21.71 19.94 18.07 19.26 17.12 16.78 17.83 16.67 13.83 13.94 12.93 14.28 14.08 16.08 17.40 20.35 20.87 22.77 24.37 25.15 22.69 24.32 24.83 24.45 22.33 24.89 25.52 23.92 22.81 22.11 21.64 20.35 20.44 22.29 21.50 23.54 25.00 25.13 22.75 22.24 20.52 22.28 20.80 17.52 16.53 18.96 16.93 13.88 15.74 18.50 16.42 14.85 17.68 19.47 17.10 16.22 18.15 18.79 18.94 19.19 20.13 20.26 20.08 23.12 
16.02 14.87 12.92 11.84 10.35 7.18 6.16 0.00 5.45 6.67 11.40 13.63 16.88 20.34 24.51 27.54 27.55 28.39 25.62 24.10 23.40 24.20 23.38 24.11 25.11 24.55 20.77 21.70 20.50 16.30 14.83 11.83 11.12 8.34 9.29 10.73 13.59 14.64 13.93 11.46 11.76 11.44 12.67 13.75 15.22 18.04 21.34 21.54 23.52 26.01 25.90 24.62 25.51 25.78 26.60 24.87 23.56 21.46 21.78 20.00 18.12 16.65 17.40 15.76 15.51 17.08 15.26 12.51 12.21 11.77 11.97 12.19 13.39 15.55 18.21 19.39 21.47 22.84 23.22 21.01 22.26 23.18 22.52 20.84 23.14 24.20 22.39 21.99 20.42 20.64 18.57 19.19 20.60 20.67 22.64 24.31 23.88 21.66 20.77 18.86 20.63 19.03 15.52 15.34 17.48 15.09 12.52 14.15 16.98 14.89 13.86 16.58 18.93 17.62 16.71 17.93 18.80 18.45 17.11 19.25 19.59 19.80 23.99 
17.47 16.82 14.71 14.32 12.72 10.05 7.87 5.45 0.00 5.55 7.22 10.77 13.19 17.08 20.89 23.20 24.02 24.19 21.78 20.45 19.60 21.02 19.84 20.25 20.44 20.68 17.88 18.51 17.00 13.97 11.57 11.20 8.98 7.86 9.03 11.94 15.48 16.29 15.16 12.53 12.44 11.48 11.38 12.53 14.49 16.33 18.88 19.36 21.86 24.58 23.63 23.01 24.14 24.69 25.19 23.87 22.49 20.55 21.01 19.73 17.73 16.34 17.33 15.49 15.20 16.74 15.30 12.57 12.23 11.30 11.92 11.74 12.54 14.15 17.15 18.43 20.70 22.09 22.20 19.48 20.73 21.83 21.45 19.41 21.62 23.04 21.50 21.18 18.76 18.88 17.04 17.75 19.13 19.97 21.84 23.00 22.06 20.43 19.78 17.44 19.51 18.54 15.13 14.50 16.91 15.47 12.66 14.04 16.85 15.46 14.85 17.37 19.42 17.62 16.86 17.70 18.23 17.91 16.64 19.48 20.23 20.54 22.70 
19.01 18.73 17.05 16.98 15.90 13.95 10.91 6.67 5.55 0.00 5.54 6.68 10.33 13.05 17.11 19.61 20.37 21.57 18.62 17.11 16.38 18.46 17.62 18.26 19.07 19.90 16.13 16.91 15.06 12.29 10.41 9.14 9.40 9.02 10.14 13.26 17.43 18.24 16.12 13.00 12.01 10.88 11.06 11.71 12.71 14.79 17.72 17.56 19.75 22.61 22.35 21.25 22.29 22.76 23.40 22.02 20.83 18.81 19.15 18.24 16.20 15.44 16.32 14.82 14.42 16.46 15.48 12.35 12.46 10.76 10.51 11.38 11.93 13.77 16.29 16.41 18.83 20.33 20.45 17.70 18.91 20.32 19.42 17.53 20.03 21.39 19.63 19.40 16.65 16.96 14.90 15.75 17.28 18.02 20.20 21.48 20.63 18.90 17.94 15.24 17.04 16.51 12.93 12.08 14.95 13.46 10.68 12.50 15.99 15.14 14.68 17.47 19.28 18.11 17.25 17.32 17.91 17.26 16.07 19.20 19.76 19.79 22.34 
21.76 21.40 19.81 20.09 19.86 17.39 13.54 11.40 7.22 5.54 0.00 5.55 6.54 10.34 13.99 16.66 17.38 18.13 15.98 14.34 13.73 15.39 15.05 16.05 17.84 17.33 14.13 13.64 12.83 11.20 9.36 9.08 9.68 11.05 12.17 15.73 18.89 19.60 17.56 14.67 13.28 12.15 12.22 12.46 13.10 14.84 17.29 16.92 19.03 22.28 21.67 20.29 21.26 22.12 22.41 21.15 19.83 17.83 18.19 17.28 15.62 14.51 15.63 14.65 14.36 16.41 15.90 12.33 12.87 11.01 11.08 9.84 11.85 13.15 15.69 15.24 18.09 19.47 19.41 16.54 17.93 18.78 18.18 16.52 18.69 20.02 18.27 18.30 15.58 15.92 14.42 14.81 16.35 16.91 18.84 20.36 19.58 17.66 16.96 14.27 16.15 15.83 12.32 12.12 14.47 14.12 11.89 14.27 17.07 16.61 16.50 19.01 20.44 18.74 18.28 18.22 17.95 17.36 17.25 19.16 19.84 20.36 22.23 
24.38 23.78 21.80 22.63 22.05 20.01 17.55 13.63 10.77 6.68 5.55 0.00 5.13 6.53 11.38 13.78 14.91 15.25 13.01 11.87 11.91 13.87 13.38 15.33 17.28 16.50 12.55 13.33 12.03 9.74 10.07 9.71 10.76 12.83 15.11 17.87 20.32 21.11 19.08 16.19 15.01 13.66 12.99 13.13 13.84 14.93 17.15 16.75 19.07 21.58 21.03 20.15 21.06 21.84 22.59 21.34 19.92 17.99 18.58 18.03 15.85 15.54 16.51 15.47 14.84 16.86 15.82 12.77 12.99 12.14 10.59 9.62 10.99 13.28 14.51 14.48 17.44 19.26 18.81 15.59 16.66 18.00 17.28 15.86 18.28 19.73 18.02 18.11 15.42 16.08 14.16 14.94 16.50 16.87 18.26 19.12 18.18 16.50 15.55 13.16 15.52 15.34 12.11 12.53 15.46 15.12 13.17 15.91 18.80 18.18 17.47 20.39 21.45 19.91 19.23 19.34 19.43 18.62 17.19 20.07 20.61 20.69 22.14 
26.93 26.92 25.12 25.30 24.51 22.22 19.91 16.88 13.19 10.33 6.54 5.13 0.00 5.10 7.47 10.52 11.87 12.52 9.92 9.57 9.91 11.83 11.83 13.77 16.25 15.57 11.79 12.91 11.07 9.97 9.06 11.23 12.14 14.33 16.49 19.20 21.10 22.49 20.78 17.92 16.38 14.27 13.49 13.77 14.08 14.51 16.67 16.56 18.65 20.98 20.75 20.18 20.88 21.66 22.24 21.68 20.22 18.56 19.29 18.68 16.46 15.82 17.27 16.17 15.46 17.46 16.48 14.00 13.78 12.18 11.15 10.51 10.42 12.02 14.55 14.47 16.90 18.67 18.33 14.69 16.04 17.33 16.77 14.93 18.00 19.52 17.48 17.37 15.73 15.79 13.89 14.96 16.98 16.79 17.88 18.38 17.63 15.53 15.16 12.53 15.33 15.58 12.82 13.36 17.05 16.74 15.18 17.64 20.18 19.52 18.95 21.75 23.19 21.31 20.19 20.65 20.34 19.74 18.38 20.63 20.25 20.77 21.44 
29.26 29.17 28.33 28.45 27.66 26.34 23.72 20.34 17.08 13.05 10.34 6.53 5.10 0.00 5.69 6.80 9.02 9.98 8.84 8.28 8.70 11.60 12.44 14.20 16.31 16.30 12.25 13.12 11.14 9.52 8.36 11.58 13.91 17.03 18.08 21.22 23.76 24.95 22.89 19.41 17.87 15.56 14.97 14.78 14.76 14.72 17.01 16.78 18.85 21.53 21.38 20.85 21.81 22.18 22.95 22.07 21.08 18.99 19.87 19.41 17.00 16.64 18.43 17.26 16.19 17.98 17.61 15.48 15.65 14.03 13.34 13.60 12.73 13.51 15.49 15.35 17.32 18.41 18.72 16.19 16.77 17.78 16.80 16.07 18.42 19.55 17.41 17.84 15.97 16.27 14.37 15.51 17.72 17.71 17.89 18.01 16.96 15.34 14.21 11.65 14.73 16.21 13.62 14.13 17.76 18.03 16.57 18.91 21.78 21.15 21.06 23.66 24.96 22.90 22.03 22.03 21.90 21.06 19.78 21.75 21.58 20.94 21.68 
31.75 32.47 31.55 31.93 31.17 29.63 27.22 24.51 20.89 17.11 13.99 11.38 7.47 5.69 0.00 5.35 7.25 9.64 9.15 10.06 10.50 13.54 15.02 16.60 18.40 18.71 16.02 16.10 14.20 13.15 13.46 15.45 17.47 20.69 21.73 25.33 28.09 28.93 26.86 23.69 21.90 20.06 19.03 18.41 18.24 18.13 19.34 18.89 21.19 24.31 23.81 23.19 24.39 24.79 25.12 24.60 23.30 21.46 22.23 21.79 19.47 19.03 21.32 19.75 19.10 20.97 21.07 18.52 19.04 18.07 18.53 17.01 17.42 17.33 18.40 18.17 19.54 21.12 21.24 18.22 19.49 19.90 18.98 18.22 19.98 21.04 19.24 19.91 18.33 18.93 17.44 17.94 19.95 19.43 19.39 19.09 18.68 16.70 15.82 13.72 17.55 18.99 16.40 17.25 21.01 21.11 19.67 22.09 24.99 24.21 24.18 27.01 28.29 25.87 25.05 24.77 24.08 23.23 22.74 23.74 23.65 23.51 23.07 
33.86 33.70 33.13 33.65 34.22 32.69 29.35 27.54 23.20 19.61 16.66 13.78 10.52 6.80 5.35 0.00 5.44 7.34 9.13 10.92 13.27 15.35 16.11 18.71 20.52 20.51 17.46 18.11 15.78 15.22 16.93 18.59 19.51 22.45 23.35 26.22 29.27 29.52 27.23 24.63 23.19 21.63 21.26 20.21 19.61 19.71 21.27 20.34 22.34 25.29 24.89 24.34 25.11 25.84 26.50 25.76 24.17 22.74 23.75 23.39 20.82 20.86 22.74 21.19 20.21 21.98 22.08 19.82 21.12 19.60 19.53 18.77 18.33 18.79 20.00 18.58 20.41 22.03 21.75 18.61 19.72 20.86 19.80 18.70 21.20 22.32 19.80 20.28 18.80 20.32 18.37 19.09 21.13 20.64 20.19 19.56 18.53 17.59 16.73 14.95 18.83 20.07 17.61 18.58 22.39 22.33 20.81 23.26 26.41 25.66 25.45 28.17 28.98 27.29 26.47 26.31 25.28 24.38 23.57 25.37 24.78 23.60 24.06 
35.36 35.30 34.15 35.28 35.83 34.04 30.24 27.55 24.02 20.37 17.38 14.91 11.87 9.02 7.25 5.44 0.00 5.79 7.30 9.86 12.08 15.66 16.10 18.19 20.01 20.49 17.64 18.04 15.92 15.75 16.41 17.97 18.28 20.01 20.95 23.43 26.76 26.83 24.90 22.25 21.62 20.58 20.20 20.21 19.51 19.27 21.18 20.65 22.03 24.53 24.35 23.92 24.62 25.10 26.14 25.21 23.49 22.08 23.56 22.75 20.39 19.17 22.20 20.61 19.88 21.52 21.35 20.41 21.66 19.93 19.41 18.86 18.67 18.86 19.47 18.62 20.20 21.93 21.27 17.15 18.48 19.88 17.96 17.02 19.51 21.10 19.04 19.47 18.96 20.15 18.06 18.56 21.05 20.51 20.91 20.39 19.12 17.69 17.59 15.07 18.88 20.27 17.71 18.34 21.52 21.54 20.44 22.62 25.70 25.01 24.75 27.35 28.84 26.68 25.91 25.48 24.94 24.11 24.43 25.15 25.20 24.80 25.60 
35.53 35.22 34.61 35.07 35.65 34.27 31.04 28.39 24.19 21.57 18.13 15.25 12.52 9.98 9.64 7.34 5.79 0.00 5.96 7.18 9.64 13.64 15.95 18.15 19.00 21.17 18.62 18.97 16.37 16.81 16.81 18.01 18.52 21.32 21.84 24.55 27.62 28.51 25.85 22.62 22.35 20.77 20.49 20.38 20.12 19.66 21.22 20.67 22.44 24.66 24.26 23.86 24.56 25.22 25.63 25.08 23.51 22.17 23.32 22.89 20.23 19.62 22.50 20.88 19.92 22.01 22.98 21.62 22.29 20.31 19.22 19.16 18.32 18.95 19.94 19.39 20.76 21.65 20.11 17.51 18.74 19.24 17.66 16.86 19.56 20.93 19.05 20.21 19.15 20.05 17.59 18.57 21.42 21.21 21.25 20.84 19.79 18.25 17.80 15.50 18.84 20.25 18.36 18.96 21.98 21.91 20.82 23.06 25.79 25.15 24.88 27.81 28.98 27.25 26.33 26.00 25.47 24.47 24.37 25.98 25.54 24.42 25.57 
33.94 34.46 33.71 34.64 32.74 31.18 28.20 25.62 21.78 18.62 15.98 13.01 9.92 8.84 9.15 9.13 7.30 5.96 0.00 5.33 6.52 10.00 12.88 15.21 15.86 17.39 15.99 16.71 14.87 14.54 15.18 16.47 17.18 20.54 21.65 23.77 27.15 27.55 25.22 21.78 21.17 19.67 19.06 18.34 18.16 17.77 18.89 17.76 19.55 22.35 21.81 20.94 21.88 22.50 22.82 22.29 21.45 19.73 21.27 20.70 18.31 18.09 20.93 18.94 18.24 20.88 22.00 19.63 19.80 18.11 17.09 15.95 15.57 16.57 17.69 17.36 18.13 19.28 18.02 14.98 16.15 16.94 15.96 15.55 18.03 19.31 17.99 18.78 17.32 17.63 15.76 16.36 18.88 18.49 18.16 18.44 17.51 15.77 15.52 14.04 17.27 18.57 15.94 16.95 20.48 20.39 18.86 21.20 24.36 23.29 22.98 26.01 27.76 25.52 24.73 24.66 24.33 23.14 23.73 24.77 24.61 24.68 25.54 
32.62 32.22 31.64 32.05 31.49 29.58 26.64 24.10 20.45 17.11 14.34 11.87 9.57 8.28 10.06 10.92 9.86 7.18 5.33 0.00 4.66 6.75 8.84 12.03 13.30 14.60 12.44 14.48 13.37 12.61 13.82 14.71 16.66 19.91 20.69 23.12 26.37 26.95 24.04 21.24 20.23 18.64 18.02 17.12 15.94 15.57 16.97 15.53 17.19 19.84 18.92 17.79 18.31 19.26 19.80 19.02 18.18 16.84 19.13 17.90 16.06 15.97 19.12 16.35 16.23 19.20 20.29 17.69 18.30 16.09 14.54 13.14 13.31 13.65 14.72 14.06 15.11 16.34 14.20 11.33 13.71 14.48 13.79 13.69 17.17 18.46 17.07 17.56 15.53 16.18 14.41 14.96 16.24 15.68 16.93 16.94 15.62 13.77 14.34 12.43 16.59 17.15 14.70 15.47 19.41 18.78 17.20 19.63 22.89 21.77 21.21 24.00 25.73 23.72 22.79 22.61 22.57 21.54 21.64 23.43 22.99 22.69 24.29 
31.97 32.41 31.02 31.88 31.07 30.27 26.34 23.40 19.60 16.38 13.73 11.91 9.91 8.70 10.50 13.27 12.08 9.64 6.52 4.66 0.00 5.71 5.77 9.06 11.05 12.22 10.33 12.91 12.63 11.93 13.12 13.96 15.62 19.08 19.86 22.52 26.66 26.48 24.02 20.84 20.08 18.40 17.90 16.56 15.33 15.28 17.13 16.06 17.35 19.35 18.49 17.82 17.86 18.40 19.26 18.69 17.65 16.76 18.37 18.13 16.20 16.22 18.63 17.26 17.40 20.04 20.15 18.08 18.15 15.76 13.95 13.02 12.20 12.27 13.50 12.57 12.87 14.35 13.16 10.20 12.70 14.03 13.19 13.64 17.21 19.29 17.61 17.93 16.20 16.91 15.20 15.71 17.11 17.19 17.94 18.42 17.14 16.07 16.00 14.44 17.49 18.46 16.12 16.57 19.71 19.71 18.38 20.29 23.04 22.16 21.59 24.39 26.04 24.08 22.92 22.96 22.67 21.78 22.44 23.12 22.74 23.20 24.84 
32.94 32.68 31.94 31.96 32.24 31.01 27.30 24.20 21.02 18.46 15.39 13.87 11.83 11.60 13.54 15.35 15.66 13.64 10.00 6.75 5.71 0.09 5.79 7.69 9.82 11.93 10.97 13.75 13.50 13.10 14.37 15.17 17.47 20.85 22.27 24.91 27.92 28.34 25.52 22.61 21.55 19.67 18.87 17.97 16.75 16.36 16.92 16.50 17.46 19.45 18.12 18.05 17.99 18.88 18.62 18.81 18.04 17.15 19.05 18.98 17.70 17.61 20.54 19.02 18.92 21.46 21.90 20.06 19.98 17.72 15.70 14.46 12.69 13.14 12.83 12.29 11.83 15.21 12.90 11.11 13.83 15.70 15.28 15.44 18.80 20.77 19.15 19.99 17.98 18.57 16.20 17.22 19.03 19.09 19.19 19.82 18.97 17.71 17.27 15.79 18.65 19.80 17.66 18.09 20.99 20.91 19.41 21.66 24.38 23.56 22.83 25.63 27.14 25.17 23.85 23.38 23.57 22.89 22.73 23.65 23.28 23.60 24.85 
31.74 32.66 32.33 32.56 30.42 29.37 26.30 23.38 19.84 17.62 15.05 13.38 11.83 12.44 15.02 16.11 16.10 15.95 12.88 8.84 5.77 5.79 1.02 4.32 5.71 8.73 9.13 11.76 12.24 11.99 14.38 15.72 17.45 21.02 23.42 25.92 29.11 28.70 26.78 23.11 21.90 19.29 18.57 17.59 16.90 15.66 15.74 14.22 15.50 17.09 15.01 14.17 15.51 15.63 16.15 16.35 16.37 15.23 17.74 17.55 16.31 16.93 19.64 17.88 18.17 21.33 21.81 19.31 19.63 17.62 15.49 13.57 11.86 10.82 9.98 7.70 8.78 11.36 11.29 8.20 11.80 14.25 14.62 14.98 18.69 20.32 19.25 19.61 18.06 18.23 16.34 17.06 19.10 18.58 18.49 19.54 18.47 17.21 16.69 15.15 18.18 19.03 16.78 17.10 20.56 20.04 18.49 20.37 23.60 22.50 22.13 24.77 26.31 24.07 22.73 22.57 22.10 21.36 21.88 22.53 22.12 22.92 24.87 
31.62 31.60 31.83 31.50 30.47 29.81 26.58 24.11 20.25 18.26 16.05 15.33 13.77 14.20 16.60 18.71 18.19 18.15 15.21 12.03 9.06 7.69 4.32 0.00 4.70 6.28 7.90 11.61 12.49 11.62 13.91 15.52 17.36 20.27 23.43 26.10 29.48 29.61 26.97 24.15 22.15 19.82 18.69 17.56 15.51 14.52 13.90 12.61 13.78 15.76 13.50 12.79 13.76 14.58 15.52 16.00 15.45 14.63 16.56 16.69 16.10 16.56 18.86 17.35 18.62 21.47 21.53 19.38 20.77 18.87 16.32 14.65 13.35 11.78 9.83 7.85 8.76 13.04 11.24 8.21 13.27 15.99 15.49 15.48 19.50 21.29 19.94 20.12 18.03 18.87 17.02 17.53 19.09 18.63 19.10 19.50 18.40 16.94 16.90 15.39 18.69 19.36 16.79 17.40 20.28 20.00 18.19 20.61 23.16 22.42 21.51 24.37 25.37 23.73 22.18 21.97 21.77 21.37 21.15 22.22 21.74 22.16 23.87 
31.36 32.25 31.88 32.03 31.57 30.89 28.07 25.11 20.44 19.07 17.84 17.28 16.25 16.31 18.40 20.52 20.01 19.00 15.86 13.30 11.05 9.82 5.71 4.70 0.46 5.11 6.24 10.43 11.14 11.95 14.44 15.67 17.20 21.22 24.05 26.76 30.80 31.05 28.33 24.55 22.29 20.02 18.67 16.90 13.92 13.21 13.42 11.75 13.32 14.57 13.19 12.62 14.45 14.48 15.20 15.88 16.45 15.46 16.91 17.30 17.58 17.58 19.89 19.07 20.54 23.50 23.32 21.28 21.36 19.37 17.60 15.40 12.40 10.84 10.93 8.71 8.89 11.85 12.64 9.90 13.80 16.11 16.58 16.40 20.28 22.16 21.18 21.24 19.19 19.89 18.06 17.89 18.88 18.65 19.48 19.80 18.64 17.54 17.48 15.90 19.18 19.73 17.62 17.92 20.77 20.32 19.37 20.63 23.28 22.30 22.15 24.37 25.78 23.70 22.49 22.23 21.60 21.12 21.76 21.81 21.24 22.35 24.26 
30.89 31.34 31.32 31.51 30.85 30.84 27.15 24.55 20.68 19.90 17.33 16.50 15.57 16.30 18.71 20.51 20.49 21.17 17.39 14.60 12.22 11.93 8.73 6.28 5.11 0.00 5.00 8.22 10.10 10.70 14.17 15.65 17.55 21.11 24.92 27.18 30.85 31.07 28.28 24.42 22.40 19.79 18.59 16.01 12.75 12.70 12.31 11.00 12.76 14.96 12.81 12.60 13.38 14.40 15.22 15.73 15.78 15.78 17.13 18.00 17.60 17.93 20.30 20.12 20.72 23.62 23.21 21.76 21.83 19.83 17.67 15.90 12.35 11.20 11.09 9.71 9.78 12.62 12.29 11.21 14.58 17.11 17.11 16.73 20.97 23.06 21.78 21.79 19.92 20.50 18.24 18.60 20.13 19.94 20.52 20.74 19.78 18.05 18.05 16.05 19.28 20.00 17.59 17.69 20.49 20.61 18.94 20.78 23.08 22.71 21.98 24.55 25.74 23.70 22.10 21.44 21.62 21.16 20.58 21.34 21.12 21.61 23.34 
28.21 29.36 29.46 29.68 27.30 26.39 23.64 20.77 17.88 16.13 14.13 12.55 11.79 12.25 16.02 17.46 17.64 18.62 15.99 12.44 10.33 10.97 9.13 7.90 6.24 5.00 0.00 4.82 7.01 8.58 10.86 13.40 15.44 19.23 22.23 25.70 28.89 28.85 25.90 22.07 19.36 16.54 14.98 12.76 10.54 9.60 10.20 9.01 11.64 13.59 13.17 12.29 12.77 13.53 14.60 14.62 14.30 13.91 15.89 15.89 15.26 15.96 18.33 17.35 18.32 21.06 20.70 18.60 19.78 17.51 15.30 13.24 11.09 10.62 10.69 8.77 10.98 13.72 13.80 10.63 14.26 16.51 16.74 16.43 20.35 21.82 20.47 20.48 18.91 18.89 16.90 17.34 19.23 18.57 19.25 19.95 18.83 16.82 16.08 13.78 16.82 17.43 15.24 15.30 18.83 18.50 16.69 18.38 21.34 20.70 19.92 22.62 23.97 21.42 19.93 19.95 19.88 19.14 20.03 20.56 20.42 21.11 23.03 
28.15 28.63 28.77 29.05 27.41 26.63 23.24 21.70 18.51 16.91 13.64 13.33 12.91 13.12 16.10 18.11 18.04 18.97 16.71 14.48 12.91 13.75 11.76 11.61 10.43 8.22 4.82 0.00 5.66 6.89 10.06 12.38 14.48 18.46 21.57 25.22 28.85 28.54 25.83 22.64 20.36 16.75 14.93 13.11 10.47 10.44 10.68 10.41 13.62 16.77 16.00 15.86 15.97 16.37 17.25 17.05 16.52 15.58 17.03 16.70 16.35 16.92 18.62 17.50 18.98 21.42 20.83 19.08 20.49 18.12 16.54 14.64 13.58 12.86 13.61 12.88 14.51 18.08 17.60 14.80 17.04 19.02 19.17 18.45 21.55 23.11 22.11 21.82 19.81 20.22 18.71 18.88 19.97 19.99 21.28 21.60 20.01 17.51 17.06 14.89 17.43 17.93 16.06 16.90 19.80 19.37 17.82 19.80 22.30 21.60 20.59 23.26 24.50 22.30 21.01 21.07 21.61 20.90 20.11 21.49 21.83 21.45 22.99 
26.51 26.94 25.81 26.32 25.79 24.21 21.85 20.50 17.00 15.06 12.83 12.03 11.07 11.14 14.20 15.78 15.92 16.37 14.87 13.37 12.63 13.50 12.24 12.49 11.14 10.10 7.01 5.66 0.00 5.17 6.77 10.22 11.73 16.26 19.82 22.41 25.73 26.18 23.34 19.89 17.43 13.48 12.97 10.49 9.20 9.06 10.69 10.61 14.40 17.43 16.41 16.60 16.79 16.88 16.60 16.79 16.57 15.13 15.61 15.97 15.51 15.49 17.42 16.69 17.67 19.79 19.56 17.78 17.91 15.97 14.54 13.81 12.92 12.77 13.50 14.78 15.84 18.70 18.88 16.33 17.77 19.56 19.72 18.97 21.38 23.48 22.54 21.93 19.78 20.30 19.07 18.20 18.60 19.32 21.19 21.23 19.58 17.40 16.38 14.33 16.82 17.24 15.28 15.67 18.99 18.84 17.54 19.16 21.59 20.78 19.97 22.50 24.12 21.60 20.36 20.61 20.67 20.41 20.26 21.11 20.91 21.27 23.33 
24.14 23.86 22.68 23.67 22.87 21.83 18.38 16.30 13.97 12.29 11.20 9.74 9.97 9.52 13.15 15.22 15.75 16.81 14.54 12.61 11.93 13.10 11.99 11.62 11.95 10.70 8.58 6.89 5.17 0.00 5.10 6.95 9.15 13.06 15.81 19.23 22.80 23.98 20.72 16.72 15.30 12.50 10.73 9.57 8.60 9.44 11.33 11.82 15.01 18.94 17.44 16.82 16.69 17.04 17.06 16.49 15.80 14.06 14.57 14.14 13.57 12.62 14.57 14.06 15.12 17.02 16.35 14.81 14.99 12.66 11.81 11.11 11.43 11.05 12.67 13.70 16.16 18.23 17.12 14.99 16.82 18.43 18.33 16.93 20.04 22.14 20.82 20.63 18.14 18.74 16.89 16.90 17.64 17.92 19.66 20.42 19.07 16.13 15.86 12.69 15.58 15.51 13.45 13.22 16.36 16.23 14.62 16.08 18.46 18.07 17.48 19.53 21.01 18.87 17.60 17.43 18.41 18.59 17.42 18.94 18.92 19.81 21.43 
22.01 22.06 20.99 21.42 20.51 18.95 16.83 14.83 11.57 10.41 9.36 10.07 9.06 8.36 13.46 16.93 16.41 16.81 15.18 13.82 13.12 14.37 14.38 13.91 14.44 14.17 10.86 10.06 6.77 5.10 0.00 5.73 7.11 10.64 13.25 16.46 20.30 20.86 18.13 14.04 12.01 9.76 9.08 8.65 8.67 9.98 13.34 14.06 17.09 20.35 19.96 19.59 19.44 19.62 19.66 18.88 17.38 15.87 15.64 14.54 13.31 12.82 14.38 12.93 14.09 15.61 15.64 12.53 13.83 11.56 11.56 11.63 11.79 12.81 15.37 15.65 18.00 19.88 19.75 17.06 18.65 19.76 19.34 18.37 21.28 22.68 21.19 20.93 19.16 19.22 16.57 17.42 19.09 18.49 19.37 20.34 19.51 17.06 15.19 12.25 15.17 15.32 12.33 11.99 15.19 15.21 13.19 14.29 17.20 17.03 16.46 18.93 20.41 18.29 17.57 17.53 18.01 17.93 17.38 18.80 19.21 19.99 21.77 
20.97 20.17 19.01 19.19 18.50 16.20 13.84 11.83 11.20 9.14 9.08 9.71 11.23 11.58 15.45 18.59 17.97 18.01 16.47 14.71 13.96 15.17 15.72 15.52 15.67 15.65 13.40 12.38 10.22 6.95 5.73 0.00 6.09 8.17 10.09 13.80 17.24 17.87 14.70 12.39 10.66 7.96 8.36 8.81 9.96 11.48 14.59 16.45 18.68 21.74 21.43 21.20 21.69 21.54 21.49 20.13 18.53 16.53 16.76 15.30 12.90 12.32 13.53 12.07 12.59 14.17 12.71 10.93 12.16 10.34 10.71 10.71 12.28 13.70 16.77 16.88 18.73 20.87 21.05 18.62 19.41 21.01 20.73 19.42 21.91 23.27 21.89 21.18 19.45 19.58 17.60 17.58 18.86 19.21 20.42 21.07 19.59 17.09 16.00 13.19 15.32 14.72 12.62 11.77 14.88 14.39 12.79 13.81 16.43 15.92 15.33 17.61 19.28 17.62 16.99 17.40 18.13 18.07 16.69 19.70 19.78 20.34 21.82 
19.98 19.24 17.58 17.84 17.45 14.35 11.69 11.12 8.98 9.40 9.68 10.76 12.14 13.91 17.47 19.51 18.28 18.52 17.18 16.66 15.62 17.47 17.45 17.36 17.20 17.55 15.44 14.48 11.73 9.15 7.11 6.09 0.00 5.93 6.99 9.62 13.57 13.96 11.78 9.95 8.68 6.65 7.90 10.04 11.70 13.91 16.83 18.35 20.70 23.91 23.55 23.36 23.79 23.78 22.75 21.89 20.04 17.78 17.63 16.41 13.67 12.43 14.28 13.23 13.00 13.99 13.77 11.51 12.19 10.68 11.15 11.93 13.51 15.20 17.83 18.32 20.04 22.05 23.12 20.15 20.17 22.33 22.20 20.79 22.89 24.64 23.36 22.59 20.25 20.60 18.83 18.45 18.92 19.47 21.23 21.55 19.61 17.54 16.84 13.93 15.56 14.93 12.48 11.48 14.61 14.55 12.84 13.71 16.35 15.85 15.18 17.53 19.75 18.07 17.45 17.45 18.28 18.18 17.43 19.38 19.90 20.84 22.63 
19.18 17.69 15.67 16.06 15.30 12.04 10.10 8.34 7.86 9.02 11.05 12.83 14.33 17.03 20.69 22.45 20.01 21.32 20.54 19.91 19.08 20.85 21.02 20.27 21.22 21.11 19.23 18.46 16.26 13.06 10.64 8.17 5.93 0.00 6.02 8.08 11.43 12.90 11.00 9.22 9.03 8.59 10.10 12.32 14.25 18.12 21.02 21.41 23.79 27.07 27.17 26.25 27.08 26.95 26.68 24.96 23.46 20.63 20.36 18.80 16.33 15.06 15.94 14.54 14.03 15.70 15.02 12.13 11.56 11.40 13.14 13.73 14.86 17.22 20.39 20.75 22.52 24.52 24.99 22.84 22.81 24.78 24.29 22.83 24.47 26.33 24.76 24.14 21.59 21.91 20.04 19.86 20.48 20.85 22.17 23.07 21.81 19.55 18.76 15.68 17.75 17.44 14.24 12.83 15.52 15.18 13.20 13.87 16.88 15.95 15.33 17.92 19.87 17.99 16.91 17.24 18.40 18.86 17.07 19.79 20.16 21.03 22.80 
18.15 16.76 14.47 14.74 14.06 11.19 9.71 9.29 9.03 10.14 12.17 15.11 16.49 18.08 21.73 23.35 20.95 21.84 21.65 20.69 19.86 22.27 23.42 23.43 24.05 24.92 22.23 21.57 19.82 15.81 13.25 10.09 6.99 6.02 0.96 5.22 7.70 9.69 9.16 7.35 7.43 8.86 11.42 13.21 15.09 19.41 23.64 23.83 25.67 28.91 28.73 28.01 28.77 28.85 28.72 27.54 25.63 23.19 22.44 20.99 18.58 17.41 17.44 15.55 14.51 15.77 14.65 11.75 11.52 10.51 13.18 14.85 15.13 17.94 22.04 22.39 24.15 25.71 26.41 23.64 24.16 25.24 24.76 23.74 25.39 26.67 24.61 24.47 22.35 22.66 20.17 20.64 21.89 21.45 22.23 23.15 22.70 20.32 18.87 16.02 18.70 17.99 14.34 12.93 15.58 14.55 11.56 12.78 16.15 15.86 14.52 17.48 19.29 17.31 16.87 17.43 18.33 18.11 17.49 19.77 20.81 21.42 23.13 
18.99 17.72 14.99 14.24 13.90 11.71 10.79 10.73 11.94 13.26 15.73 17.87 19.20 21.22 25.33 26.22 23.43 24.55 23.77 23.12 22.52 24.91 25.92 26.10 26.76 27.18 25.70 25.22 22.41 19.23 16.46 13.80 9.62 8.08 5.22 0.00 5.32 7.43 8.19 8.20 9.51 10.65 13.53 16.49 18.66 22.59 26.46 26.78 27.95 30.75 31.00 30.48 31.08 31.22 31.15 29.92 28.14 25.73 24.93 23.59 20.91 19.60 19.86 17.56 16.26 17.12 15.74 13.22 13.74 13.28 15.71 17.39 18.50 20.25 24.36 24.97 25.96 27.75 28.36 26.16 25.99 27.29 26.47 25.54 27.29 28.56 26.48 26.00 23.98 24.06 22.18 22.28 23.45 23.72 24.38 24.88 23.90 21.82 20.73 18.52 20.70 19.81 16.01 15.34 16.67 15.83 13.90 14.96 17.86 17.39 16.44 18.81 20.24 19.02 18.23 18.82 20.25 19.90 17.99 21.33 22.37 21.86 23.33 
20.37 19.53 16.51 16.11 16.11 13.22 12.74 13.59 15.48 17.43 18.89 20.32 21.10 23.76 28.09 29.27 26.76 27.62 27.15 26.37 26.66 27.92 29.11 29.48 30.80 30.85 28.89 28.85 25.73 22.80 20.30 17.24 13.57 11.43 7.70 5.32 2.12 6.38 7.28 9.79 11.51 13.41 16.06 18.91 22.40 25.55 29.15 29.97 31.52 35.02 35.48 34.54 35.36 35.12 35.38 33.72 31.69 29.24 28.93 27.22 23.93 23.05 23.84 21.48 19.36 20.13 19.01 17.07 17.41 17.02 18.59 20.50 21.79 23.72 27.23 27.57 29.35 30.96 31.75 28.85 29.36 29.94 29.35 28.20 29.94 31.08 29.01 28.53 26.51 26.62 25.00 24.72 25.75 26.36 27.44 27.61 26.39 24.62 23.70 21.40 23.08 22.46 18.92 17.56 19.22 18.52 16.66 17.93 20.40 20.65 19.27 21.83 24.30 22.72 21.94 22.46 22.85 23.00 21.55 23.35 24.57 24.52 25.45 
20.76 19.82 16.94 16.38 16.55 14.81 13.47 14.64 16.29 18.24 19.60 21.11 22.49 24.95 28.93 29.52 26.83 28.51 27.55 26.95 26.48 28.34 28.70 29.61 31.05 31.07 28.85 28.54 26.18 23.98 20.86 17.87 13.96 12.90 9.69 7.43 6.38 0.00 5.69 8.35 11.20 13.47 16.18 19.62 22.21 26.18 29.72 30.36 32.02 35.29 35.14 34.90 35.22 35.23 35.19 33.62 31.88 29.46 29.43 27.58 24.50 23.16 24.00 21.46 19.49 20.43 18.56 16.65 16.85 16.46 18.81 20.18 21.73 24.01 27.21 27.44 29.39 31.06 31.55 29.52 29.36 30.21 29.71 28.50 29.76 30.83 28.82 28.49 26.25 26.40 24.86 24.65 25.97 26.59 27.33 27.92 27.03 25.15 23.92 21.49 23.34 23.30 19.12 17.75 19.11 18.51 16.96 17.63 21.04 20.67 19.79 22.32 24.37 23.19 22.76 22.90 23.49 23.64 21.60 23.95 24.90 24.28 25.31 
19.82 18.92 15.92 15.99 16.59 14.15 13.55 13.93 15.16 16.12 17.56 19.08 20.78 22.89 26.86 27.23 24.90 25.85 25.22 24.04 24.02 25.52 26.78 26.97 28.33 28.28 25.90 25.83 23.34 20.72 18.13 14.70 11.78 11.00 9.16 8.19 7.28 5.69 0.00 5.73 7.93 10.73 13.56 16.40 20.07 23.14 26.80 27.73 29.47 32.87 32.63 31.65 32.82 32.71 32.52 31.30 29.58 27.25 26.58 25.20 22.19 21.04 21.31 18.39 16.73 17.22 16.05 13.90 14.13 13.36 16.48 18.55 19.82 21.94 25.94 26.25 28.16 29.30 29.75 27.32 27.46 27.94 27.46 26.20 27.76 28.65 26.61 26.01 24.25 24.66 22.59 22.58 24.06 24.28 24.76 25.21 24.60 22.41 21.46 18.46 20.50 20.10 16.66 14.66 16.84 16.37 14.61 15.96 18.73 19.05 18.51 21.29 22.57 21.32 21.09 21.28 21.55 21.83 21.39 22.89 24.15 24.13 25.17 
19.22 17.74 15.62 15.33 14.99 13.22 11.31 11.46 12.53 13.00 14.67 16.19 17.92 19.41 23.69 24.63 22.25 22.62 21.78 21.24 20.84 22.61 23.11 24.15 24.55 24.42 22.07 22.64 19.89 16.72 14.04 12.39 9.95 9.22 7.35 8.20 9.79 8.35 5.73 0.00 5.85 6.97 10.07 13.32 15.90 18.99 22.97 24.01 25.85 28.53 28.72 28.66 29.55 29.74 30.13 28.11 26.73 24.12 24.25 22.40 19.70 18.50 18.80 16.20 14.57 15.30 13.71 12.03 13.02 12.29 14.80 16.28 17.95 20.19 23.61 23.85 25.46 26.61 26.99 24.79 25.03 25.64 24.94 23.55 25.34 26.33 24.34 23.24 21.80 21.77 19.62 19.50 21.14 21.59 22.34 23.36 22.07 20.00 18.95 16.82 18.44 18.11 14.62 13.77 15.70 15.00 13.86 15.16 18.30 17.64 17.42 19.90 21.51 20.21 19.73 19.98 20.93 20.28 18.85 22.11 23.03 22.64 23.80 
19.35 18.81 16.75 17.04 16.15 13.36 11.76 11.76 12.44 12.01 13.28 15.01 16.38 17.87 21.90 23.19 21.62 22.35 21.17 20.23 20.08 21.55 21.90 22.15 22.29 22.40 19.36 20.36 17.43 15.30 12.01 10.66 8.68 9.03 7.43 9.51 11.51 11.20 7.93 5.85 0.00 5.79 7.40 10.67 13.70 16.64 20.85 21.71 23.89 27.25 27.81 27.70 28.54 29.16 29.85 28.08 25.97 23.84 23.97 21.77 18.80 17.66 18.84 16.34 14.43 15.39 14.25 12.87 13.35 12.75 14.76 16.10 17.43 19.95 23.19 23.57 25.36 26.47 26.77 24.50 24.88 25.27 24.98 23.51 25.05 26.24 24.27 23.19 21.29 21.53 19.72 19.01 20.75 21.14 22.55 23.19 22.30 19.97 19.52 17.26 18.90 18.04 15.38 14.67 16.55 15.94 14.77 16.50 19.09 19.08 18.55 21.59 23.38 21.96 20.96 21.89 22.35 21.85 20.35 22.82 23.32 23.43 23.88 
20.26 19.30 17.87 17.95 16.65 14.44 11.88 11.44 11.48 10.88 12.15 13.66 14.27 15.56 20.06 21.63 20.58 20.77 19.67 18.64 18.40 19.67 19.29 19.82 20.02 19.79 16.54 16.75 13.48 12.50 9.76 7.96 6.65 8.59 8.86 10.65 13.41 13.47 10.73 6.97 5.79 0.00 5.42 6.22 9.95 12.46 16.45 17.77 19.74 23.41 24.12 23.99 24.87 25.16 26.65 24.63 22.93 19.87 20.64 18.28 15.35 14.50 15.58 13.62 11.38 13.33 11.49 10.60 11.79 11.04 12.82 14.19 15.35 17.63 20.24 20.62 22.38 23.80 23.92 22.05 22.28 22.78 22.53 21.33 22.90 23.64 21.81 20.77 18.70 19.13 17.24 16.65 18.28 18.93 19.93 20.81 19.94 17.64 16.72 14.53 16.83 16.36 13.99 13.55 15.86 15.37 14.38 15.78 18.99 18.40 18.57 21.30 23.03 21.72 21.33 21.48 21.97 21.21 19.49 22.44 22.70 22.80 23.89 
21.69 21.41 19.82 20.19 18.94 15.94 13.56 12.67 11.38 11.06 12.22 12.99 13.49 14.97 19.03 21.26 20.20 20.49 19.06 18.02 17.90 18.87 18.57 18.69 18.67 18.59 14.98 14.93 12.97 10.73 9.08 8.36 7.90 10.10 11.42 13.53 16.06 16.18 13.56 10.07 7.40 5.42 0.00 5.71 7.02 9.90 13.05 15.45 17.29 20.69 21.39 21.81 22.11 22.91 23.64 22.56 20.72 18.13 18.44 16.89 14.13 13.74 14.89 12.46 10.86 13.03 12.08 11.11 12.53 11.45 12.84 14.02 15.02 17.09 19.74 20.21 21.73 22.59 22.88 20.99 20.87 21.41 21.13 20.18 21.61 22.56 20.47 19.78 18.10 18.40 16.52 16.60 18.42 18.24 19.38 20.38 19.19 16.97 16.66 14.26 16.11 16.43 14.17 13.87 16.53 16.26 15.07 16.74 19.15 19.43 19.47 22.23 23.76 22.43 21.95 22.03 22.33 21.46 20.71 22.62 23.22 23.64 24.33 
23.06 22.47 21.28 21.31 20.58 18.38 15.02 13.75 12.53 11.71 12.46 13.13 13.77 14.78 18.41 20.21 20.21 20.38 18.34 17.12 16.56 17.97 17.59 17.56 16.90 16.01 12.76 13.11 10.49 9.57 8.65 8.81 10.04 12.32 13.21 16.49 18.91 19.62 16.40 13.32 10.67 6.22 5.71 0.00 5.68 6.72 10.78 12.81 15.14 18.28 19.02 19.80 20.64 21.07 21.79 20.72 18.52 16.63 17.03 15.62 13.22 12.95 14.01 11.81 10.24 12.33 12.06 11.33 12.19 11.88 13.04 13.42 14.00 15.86 18.74 19.24 20.44 21.55 21.72 19.90 20.14 20.73 20.30 19.26 21.15 22.52 20.08 19.80 17.98 18.25 16.31 17.02 18.66 19.01 20.07 21.35 19.79 17.59 17.10 14.94 16.88 16.86 15.13 15.29 17.79 17.87 16.92 18.65 21.24 21.02 21.08 24.06 25.04 24.20 22.89 23.04 23.39 22.55 20.85 23.31 23.55 23.18 24.43 
24.63 24.53 23.08 23.17 22.78 20.06 16.88 15.22 14.49 12.71 13.10 13.84 14.08 14.76 18.24 19.61 19.51 20.12 18.16 15.94 15.33 16.75 16.90 15.51 13.92 12.75 10.54 10.47 9.20 8.60 8.67 9.96 11.70 14.25 15.09 18.66 22.40 22.21 20.07 15.90 13.70 9.95 7.02 5.68 0.23 5.25 7.72 9.31 12.21 15.96 16.96 17.59 18.93 19.29 19.54 18.75 17.35 15.53 15.87 14.99 13.02 12.56 14.03 12.37 11.23 13.12 12.46 12.16 13.12 11.86 13.09 13.62 13.58 15.11 17.97 18.42 20.27 21.39 21.68 19.52 20.19 20.71 20.52 19.33 21.31 22.79 20.61 20.03 18.79 19.13 17.32 17.56 19.20 19.55 20.92 22.54 21.32 18.62 18.05 16.71 18.56 18.26 16.17 16.94 19.70 19.42 18.07 20.20 22.79 22.73 22.52 25.68 27.92 26.02 24.79 25.19 25.66 24.85 23.67 24.86 25.25 25.14 25.23 
26.61 26.15 25.22 25.31 25.25 23.37 19.68 18.04 16.33 14.79 14.84 14.93 14.51 14.72 18.13 19.71 19.27 19.66 17.77 15.57 15.28 16.36 15.66 14.52 13.21 12.70 9.60 10.44 9.06 9.44 9.98 11.48 13.91 18.12 19.41 22.59 25.55 26.18 23.14 18.99 16.64 12.46 9.90 6.72 5.25 0.00 5.80 6.06 9.21 12.64 13.89 14.88 16.37 16.52 17.08 16.56 14.99 12.85 13.79 12.61 10.96 10.19 12.28 10.62 10.49 12.61 11.49 11.61 13.24 12.35 12.45 12.64 13.11 14.22 16.17 16.40 18.50 20.23 20.10 18.12 18.44 19.34 18.99 18.44 20.31 21.85 19.75 19.61 18.17 18.97 17.38 17.43 18.81 19.34 20.50 21.63 20.79 18.24 17.83 16.19 18.89 19.03 17.44 17.99 21.03 20.87 19.69 21.41 24.22 23.82 23.65 26.85 28.60 26.98 25.99 26.29 26.39 25.63 24.61 26.03 25.69 25.19 26.07 
28.78 28.91 28.10 28.25 27.84 25.86 22.73 21.34 18.88 17.72 17.29 17.15 16.67 17.01 19.34 21.27 21.18 21.22 18.89 16.97 17.13 16.92 15.74 13.90 13.42 12.31 10.20 10.68 10.69 11.33 13.34 14.59 16.83 21.02 23.64 26.46 29.15 29.72 26.80 22.97 20.85 16.45 13.05 10.78 7.72 5.80 0.00 5.52 7.74 10.37 11.56 12.98 14.30 14.49 15.32 15.63 14.78 12.56 13.48 13.96 12.10 12.11 14.90 13.85 12.79 16.36 16.18 15.12 15.29 14.81 14.98 14.60 14.28 15.25 16.93 16.79 18.34 20.45 20.85 18.15 18.06 19.26 19.10 18.44 20.92 22.29 20.70 21.22 19.93 20.42 18.76 18.91 20.35 20.54 21.98 22.96 22.19 20.03 19.94 17.82 20.28 21.48 19.89 20.52 23.39 22.89 21.60 23.36 25.79 25.31 25.62 28.72 31.24 28.96 27.61 27.98 28.23 26.98 26.51 27.12 27.89 27.40 26.87 
29.48 29.07 28.39 28.41 28.31 26.37 22.69 21.54 19.36 17.56 16.92 16.75 16.56 16.78 18.89 20.34 20.65 20.67 17.76 15.53 16.06 16.50 14.22 12.61 11.75 11.00 9.01 10.41 10.61 11.82 14.06 16.45 18.35 21.41 23.83 26.78 29.97 30.36 27.73 24.01 21.71 17.77 15.45 12.81 9.31 6.06 5.52 0.00 5.24 7.10 8.41 10.23 12.02 12.19 13.37 13.69 13.07 10.98 12.23 12.13 10.73 10.51 14.53 13.31 12.58 16.01 17.16 15.83 16.00 15.27 15.18 13.71 12.96 13.61 14.89 14.79 16.27 18.04 18.26 16.08 16.85 18.13 17.77 17.00 19.92 21.66 19.61 20.20 19.03 19.69 17.95 18.33 19.78 20.04 20.97 21.97 21.44 19.38 19.00 16.87 20.19 21.30 19.44 19.90 23.18 22.95 21.70 23.32 26.03 25.38 25.45 28.73 30.41 28.56 27.12 27.68 27.84 26.63 25.69 27.80 27.91 26.70 26.69 
31.91 31.82 30.72 30.77 30.88 28.55 24.71 23.52 21.86 19.75 19.03 19.07 18.65 18.85 21.19 22.34 22.03 22.44 19.55 17.19 17.35 17.46 15.50 13.78 13.32 12.76 11.64 13.62 14.40 15.01 17.09 18.68 20.70 23.79 25.67 27.95 31.52 32.02 29.47 25.85 23.89 19.74 17.29 15.14 12.21 9.21 7.74 5.24 0.00 6.22 7.69 9.02 11.53 12.99 13.55 13.75 14.22 13.09 13.97 14.00 13.48 13.55 16.90 16.34 15.61 19.10 20.36 19.53 19.26 18.12 17.53 16.42 14.10 14.46 15.42 15.89 16.89 18.07 18.62 17.27 18.31 19.93 19.26 18.66 21.59 23.47 21.72 22.50 21.63 22.21 20.42 20.41 22.02 21.92 23.05 24.03 23.61 22.11 21.51 19.94 23.30 24.12 21.81 22.31 25.41 25.51 24.05 25.96 28.62 28.00 27.83 30.71 32.54 30.86 29.15 29.77 29.90 28.61 28.15 29.17 29.54 28.97 28.06 
33.78 33.54 32.63 32.57 33.19 31.59 27.76 26.01 24.58 22.61 22.28 21.58 20.98 21.53 24.31 25.29 24.53 24.66 22.35 19.84 19.35 19.45 17.09 15.76 14.57 14.96 13.59 16.77 17.43 18.94 20.35 21.74 23.91 27.07 28.91 30.75 35.02 35.29 32.87 28.53 27.25 23.41 20.69 18.28 15.96 12.64 10.37 7.10 6.22 0.00 5.93 7.57 10.24 12.11 13.67 13.50 14.34 13.55 15.10 15.10 14.49 15.75 19.01 17.82 18.06 21.62 22.27 21.19 21.66 20.33 19.26 17.91 15.84 16.01 16.49 16.22 17.36 19.12 19.25 17.86 19.34 20.19 19.72 19.61 23.13 24.61 23.12 24.43 23.31 23.87 22.27 22.26 23.83 23.71 24.87 26.20 25.57 24.02 23.82 22.67 25.68 26.50 24.37 24.93 28.13 28.05 26.54 28.37 30.94 30.31 29.61 32.92 34.79 33.03 31.41 32.02 32.05 30.68 30.96 31.69 31.73 30.43 29.98 
34.03 34.14 33.60 33.27 33.07 31.36 27.84 25.90 23.63 22.35 21.67 21.03 20.75 21.38 23.81 24.89 24.35 24.26 21.81 18.92 18.49 18.12 15.01 13.50 13.19 12.81 13.17 16.00 16.41 17.44 19.96 21.43 23.55 27.17 28.73 31.00 35.48 35.14 32.63 28.72 27.81 24.12 21.39 19.02 16.96 13.89 11.56 8.41 7.69 5.93 0.61 5.51 8.16 8.55 10.81 11.58 11.70 11.00 12.71 13.82 12.91 14.23 18.10 17.77 18.03 22.22 22.86 21.43 21.47 19.71 18.71 17.26 15.33 15.38 15.06 14.29 15.46 17.36 17.10 15.27 16.82 18.41 17.87 17.98 21.90 23.28 22.14 23.63 22.48 23.03 21.36 21.60 23.14 23.00 24.05 25.14 25.15 23.67 23.49 22.02 24.81 25.76 23.80 24.35 27.74 27.63 25.72 27.74 30.02 29.31 28.44 31.95 34.13 32.03 30.11 30.91 31.27 29.65 28.47 30.65 31.19 30.87 30.03 
33.36 33.14 32.04 31.92 32.02 30.21 26.33 24.62 23.01 21.25 20.29 20.15 20.18 20.85 23.19 24.34 23.92 23.86 20.94 17.79 17.82 18.05 14.17 12.79 12.62 12.60 12.29 15.86 16.60 16.82 19.59 21.20 23.36 26.25 28.01 30.48 34.54 34.90 31.65 28.66 27.70 23.99 21.81 19.80 17.59 14.88 12.98 10.23 9.02 7.57 5.51 0.00 5.90 7.23 7.81 9.44 10.11 9.08 10.79 12.20 11.38 12.26 16.56 16.78 17.31 20.87 21.89 20.35 20.58 18.95 17.30 16.12 14.51 14.21 13.60 13.62 14.66 16.13 15.63 14.68 16.42 17.73 17.38 17.22 20.78 22.73 21.40 22.59 21.42 21.82 19.96 20.22 22.19 21.72 22.51 24.14 24.19 22.75 22.19 20.69 24.00 25.11 22.72 23.62 26.86 26.42 25.10 26.90 29.32 28.01 27.67 31.22 32.65 30.67 29.14 29.88 30.04 28.43 28.86 30.16 30.56 29.29 29.01 
33.70 33.44 32.17 31.99 32.61 30.53 27.08 25.51 24.14 22.29 21.26 21.06 20.88 21.81 24.39 25.11 24.62 24.56 21.88 18.31 17.86 17.99 15.51 13.76 14.45 13.38 12.77 15.97 16.79 16.69 19.44 21.69 23.79 27.08 28.77 31.08 35.36 35.22 32.82 29.55 28.54 24.87 22.11 20.64 18.93 16.37 14.30 12.02 11.53 10.24 8.16 5.90 0.70 6.15 7.66 7.51 9.02 9.19 10.93 11.76 11.95 12.82 16.23 16.43 17.16 20.64 21.84 20.59 20.95 19.26 17.61 16.23 14.49 14.11 14.30 14.11 14.78 15.81 15.20 14.52 16.29 18.07 17.63 17.63 20.77 22.92 21.59 23.00 21.96 22.54 20.78 21.41 22.88 22.69 23.86 25.27 25.23 23.99 23.68 22.18 25.03 25.67 23.56 24.24 27.48 27.16 25.47 27.76 29.83 28.72 28.02 31.53 33.26 31.09 29.46 29.99 30.05 28.51 27.71 29.54 29.76 29.64 29.28 
34.24 33.65 32.05 32.04 33.11 30.80 27.42 25.78 24.69 22.76 22.12 21.84 21.66 22.18 24.79 25.84 25.10 25.22 22.50 19.26 18.40 18.88 15.63 14.58 14.48 14.40 13.53 16.37 16.88 17.04 19.62 21.54 23.78 26.95 28.85 31.22 35.12 35.23 32.71 29.74 29.16 25.16 22.91 21.07 19.29 16.52 14.49 12.19 12.99 12.11 8.55 7.23 6.15 0.00 5.70 7.30 7.12 7.87 10.13 11.16 11.01 12.33 15.76 15.38 16.34 19.81 21.04 20.18 20.91 18.85 16.89 16.01 14.52 14.78 14.14 13.74 14.76 15.35 14.68 13.78 15.50 17.07 16.25 16.49 20.10 21.80 20.65 22.43 21.48 22.21 21.07 21.43 23.39 23.24 24.55 26.30 26.03 25.09 24.88 23.27 25.79 26.34 24.14 24.65 28.03 27.52 25.91 27.73 30.28 28.89 28.17 31.24 33.09 30.66 29.37 29.97 30.29 28.59 29.12 30.05 30.02 28.89 29.04 
