0.04 5.32 6.20 10.45 11.65 15.34 19.25 21.27 22.99 26.30 28.36 28.22 27.89 28.03 27.27 26.31 24.69 24.10 24.27 23.58 22.05 22.53 24.28 23.69 23.34 24.23 24.28 22.75 23.18 22.19 22.60 20.71 21.11 20.78 22.38 22.89 25.03 25.84 26.09 25.64 24.25 25.13 25.25 26.10 25.32 25.24 25.63 26.00 25.84 25.54 26.14 25.09 24.26 23.93 24.46 21.45 18.97 18.18 16.87 14.68 11.84 12.75 12.66 13.58 16.00 17.61 19.25 18.45 17.13 18.77 17.59 14.61 13.73 16.09 14.45 13.89 14.77 17.30 17.08 17.19 19.29 21.38 20.45 20.65 22.39 22.96 23.62 23.51 
5.32 0.00 3.17 6.20 9.63 13.38 16.51 19.34 21.55 25.17 26.41 26.43 27.22 26.40 26.13 24.68 23.30 21.60 22.46 21.72 19.93 20.56 22.86 21.75 21.85 23.02 23.91 21.59 22.69 21.19 21.97 19.45 20.15 18.94 20.99 21.38 23.92 24.16 24.24 23.90 22.29 23.20 23.09 24.12 23.16 23.35 23.67 23.88 23.64 23.37 23.82 22.79 22.83 21.80 22.73 19.20 16.93 15.40 14.13 9.11 8.15 8.50 9.81 10.64 13.84 15.50 18.95 17.59 16.68 18.55 17.40 14.63 13.75 13.98 13.43 12.87 12.95 15.85 15.75 15.91 19.43 19.66 19.40 19.41 21.64 21.98 22.14 24.12 
6.20 3.17 0.00 4.09 5.77 9.84 12.56 15.53 17.19 20.11 21.42 21.56 22.52 22.33 22.11 20.71 18.61 17.61 18.54 17.28 15.49 16.80 19.51 18.02 17.96 20.12 21.37 18.71 19.37 18.36 19.29 16.90 16.72 15.83 18.23 18.71 20.92 21.60 21.42 20.72 18.48 19.56 19.09 19.53 18.29 18.52 18.63 18.84 18.10 17.95 18.09 17.06 17.45 17.08 17.23 15.45 14.47 12.35 9.42 8.25 7.08 7.36 10.11 10.20 12.23 14.44 17.16 15.98 14.23 16.06 15.77 12.39 10.08 10.93 10.61 9.37 9.42 12.58 13.05 13.06 15.18 16.89 15.68 16.13 19.41 19.80 20.52 22.53 
10.45 6.20 4.09 1.08 5.68 7.23 11.11 14.02 15.70 19.22 20.73 21.63 21.30 22.17 21.87 21.40 19.21 18.31 18.55 18.20 15.54 16.88 19.50 18.54 18.69 20.20 22.01 19.79 20.68 18.87 19.26 17.01 17.32 15.44 17.94 18.55 21.44 21.99 21.24 20.58 19.01 20.02 18.60 19.62 18.25 18.76 18.02 18.73 17.84 18.06 17.82 17.26 17.40 16.43 15.83 14.28 13.92 9.91 7.10 6.92 8.48 7.65 11.19 11.50 14.98 16.09 19.37 17.86 16.97 18.40 17.56 14.81 13.45 14.61 13.08 11.14 10.20 12.82 13.62 12.85 15.73 15.96 16.03 16.03 18.99 19.38 20.05 22.92 
11.65 9.63 5.77 5.68 0.00 5.41 6.21 9.59 10.66 15.69 18.04 17.55 16.66 16.90 17.36 17.41 16.42 15.62 16.30 16.17 13.87 14.55 17.24 16.05 15.95 17.69 19.39 17.05 18.50 16.55 17.26 14.35 15.49 14.89 17.22 17.82 20.92 21.48 20.71 19.90 17.93 18.48 17.64 18.42 16.95 16.36 16.37 17.07 16.41 16.12 16.51 15.91 15.75 15.51 15.83 13.98 12.82 11.04 8.82 7.32 9.15 9.14 11.07 12.85 15.31 16.32 18.84 17.30 16.02 18.42 16.69 12.45 12.25 14.66 12.87 8.94 8.02 11.24 10.04 9.43 11.68 14.73 14.09 15.00 15.83 15.41 17.27 20.35 
15.34 13.38 9.84 7.23 5.41 0.31 5.87 6.84 10.39 14.82 16.31 16.54 17.00 17.59 17.40 17.82 15.82 15.54 16.31 16.59 14.37 15.85 18.12 17.34 16.65 18.97 20.39 18.17 19.92 18.15 18.74 15.37 16.85 15.98 19.02 19.25 22.59 23.30 22.39 21.24 19.03 19.53 18.34 18.83 17.65 17.43 16.77 17.32 16.44 16.35 16.52 15.60 16.31 14.46 15.52 13.05 13.21 10.65 10.02 7.76 11.13 11.36 14.23 15.22 17.85 19.35 22.81 20.80 19.11 21.13 20.02 16.17 15.23 16.59 14.55 11.91 11.33 13.31 11.95 11.97 14.86 16.91 15.49 17.22 15.98 18.28 18.10 21.83 
19.25 16.51 12.56 11.11 6.21 5.87 0.00 5.20 5.98 10.77 11.65 12.46 12.87 14.32 14.45 13.56 12.36 12.06 14.17 13.55 12.25 13.66 17.04 15.87 15.47 17.72 20.19 17.67 19.28 17.55 18.79 15.60 16.62 16.20 19.55 19.72 23.11 23.36 22.52 20.62 18.18 18.32 17.11 16.63 15.03 14.22 14.07 13.91 12.86 12.53 12.83 12.43 12.19 11.29 12.36 10.70 10.75 9.84 9.65 8.71 11.31 12.94 15.37 15.53 18.42 19.68 23.40 21.45 19.84 21.87 20.21 16.41 15.40 16.25 13.98 11.38 11.84 12.95 10.92 10.88 12.51 14.74 13.65 14.79 15.25 14.92 17.13 20.43 
21.27 19.34 15.53 14.02 9.59 6.84 5.20 0.58 5.40 7.85 10.68 12.12 13.95 13.90 14.68 14.84 13.65 13.07 14.78 15.26 12.28 15.27 18.11 17.78 17.74 20.20 21.89 19.96 21.48 19.30 20.31 17.78 18.71 17.66 21.16 21.49 24.88 25.56 24.13 22.52 19.62 20.03 17.55 17.69 15.91 15.44 14.90 15.43 13.93 13.84 14.54 13.65 13.60 12.98 14.67 11.79 12.50 12.41 13.28 12.06 14.89 15.52 18.58 19.35 22.13 23.45 26.41 24.75 23.19 25.62 23.52 19.59 18.55 20.08 16.46 13.94 12.88 15.57 12.52 10.99 13.44 14.74 13.64 14.99 13.99 16.02 16.12 20.08 
22.99 21.55 17.19 15.70 10.66 10.39 5.98 5.40 0.00 5.01 5.62 8.72 10.31 10.93 10.92 12.78 12.51 11.27 13.17 13.15 9.97 13.66 17.69 16.66 16.69 20.09 22.01 20.15 21.81 19.70 21.13 18.36 19.53 18.75 22.02 21.86 25.03 25.56 24.53 22.42 19.39 19.00 16.39 16.82 14.77 12.37 12.96 13.72 12.28 11.41 12.33 12.12 11.91 12.19 13.71 11.50 13.25 14.04 15.09 13.83 17.24 16.33 19.68 19.44 23.61 24.00 27.29 25.46 24.47 26.28 24.40 20.11 19.19 20.45 16.94 14.45 14.73 14.80 12.38 12.12 13.11 13.86 12.17 14.60 14.67 15.69 16.70 19.86 
26.30 25.17 20.11 19.22 15.69 14.82 10.77 7.85 5.01 0.74 5.50 7.05 10.50 11.59 13.07 13.59 13.91 13.45 14.86 15.62 14.03 16.74 20.15 19.57 19.07 21.85 24.33 22.21 24.08 22.08 23.18 19.98 21.76 21.29 24.08 23.84 27.17 27.80 26.58 24.71 21.92 21.55 19.02 18.69 17.22 15.85 15.14 15.42 13.88 13.55 13.06 13.32 13.39 13.67 14.73 13.44 15.48 17.26 18.57 16.74 20.70 20.31 23.11 23.07 26.06 26.97 29.93 28.50 26.86 29.27 26.91 22.98 21.89 23.08 19.39 17.05 17.35 17.49 14.95 14.28 16.89 15.64 15.35 17.62 17.78 17.84 19.27 21.37 
28.36 26.41 21.42 20.73 18.04 16.31 11.65 10.68 5.62 5.50 0.94 5.41 7.35 9.40 11.09 11.09 11.38 10.93 13.19 13.86 12.82 14.50 18.82 18.86 17.91 20.96 24.03 22.09 24.14 21.89 23.39 20.06 21.82 20.97 24.12 23.66 26.84 27.43 26.13 24.25 20.80 20.67 18.30 17.51 15.23 13.26 13.40 13.24 12.10 11.22 11.38 10.93 10.93 11.13 14.47 13.77 15.40 16.98 19.77 17.16 20.15 19.77 22.93 22.61 26.27 26.69 29.65 27.71 26.56 28.46 26.51 21.98 21.24 22.46 18.78 15.11 16.60 17.13 14.53 14.68 15.93 15.72 14.02 17.10 17.10 18.15 19.11 21.32 
28.22 26.43 21.56 21.63 17.55 16.54 12.46 12.12 8.72 7.05 5.41 0.00 5.43 6.44 7.59 8.86 9.32 8.64 11.22 12.75 10.58 13.16 16.80 17.23 16.48 19.63 22.48 20.45 22.23 19.73 21.43 18.74 19.67 18.35 21.61 22.14 24.79 25.31 24.06 22.63 18.89 19.27 16.75 16.99 13.04 13.02 12.64 12.77 10.94 11.02 11.51 11.30 10.36 11.28 14.73 14.39 15.65 16.41 18.68 16.32 19.07 18.57 21.16 21.68 25.04 25.71 28.39 26.98 25.20 27.95 25.47 21.37 19.99 21.67 17.65 14.16 15.01 15.72 13.17 12.96 15.82 15.23 14.65 15.15 16.28 16.91 17.34 19.42 
27.89 27.22 22.52 21.30 16.66 17.00 12.87 13.95 10.31 10.50 7.35 5.43 0.64 5.34 6.02 7.04 8.66 8.48 10.76 11.46 9.10 11.86 15.69 15.19 15.14 18.94 22.00 20.04 21.97 19.47 21.11 18.25 19.17 17.21 20.44 20.87 24.17 24.18 22.58 21.50 17.76 18.05 15.67 16.80 13.11 12.34 12.82 13.21 9.61 10.98 11.72 11.62 10.86 11.50 15.53 15.00 17.09 16.40 18.71 16.32 19.55 18.02 21.04 21.09 25.42 25.18 28.25 26.52 25.77 27.42 25.61 21.40 20.34 21.50 17.19 14.93 16.10 16.16 12.56 13.95 16.08 15.77 14.07 13.88 14.23 15.62 14.83 18.35 
28.03 26.40 22.33 22.17 16.90 17.59 14.32 13.90 10.93 11.59 9.40 6.44 5.34 0.00 5.51 6.32 6.95 7.66 9.63 11.19 10.02 11.63 15.05 15.24 14.14 17.55 21.08 19.32 21.50 19.62 20.52 17.53 18.41 17.37 19.96 20.12 23.30 23.84 22.33 21.05 17.78 17.56 15.71 16.03 13.33 12.54 12.87 11.19 8.80 10.25 11.68 11.28 10.19 12.54 15.86 15.78 16.64 17.33 18.74 16.71 19.32 18.53 21.03 21.20 24.48 25.00 27.51 26.47 25.14 27.27 25.19 20.64 19.61 20.51 16.94 13.66 15.57 15.69 12.73 12.79 16.57 15.74 14.47 14.37 15.03 15.28 16.29 18.78 
27.27 26.13 22.11 21.87 17.36 17.40 14.45 14.68 10.92 13.07 11.09 7.59 6.02 5.51 0.00 5.57 6.82 6.35 7.81 9.61 9.22 9.75 13.37 13.95 13.30 16.50 20.22 18.98 21.84 19.62 20.72 17.47 18.67 17.12 20.23 19.83 22.32 22.90 21.28 20.11 15.90 16.29 14.16 15.65 12.60 11.13 10.82 10.49 8.76 9.31 10.08 9.20 8.89 11.67 15.52 14.60 15.56 16.04 18.21 15.93 18.07 17.28 20.02 19.63 23.63 23.98 27.08 25.20 24.52 26.23 24.28 19.31 18.46 20.75 16.23 12.85 14.81 16.31 12.38 13.03 15.37 15.71 13.99 14.71 14.44 15.91 15.78 19.31 
26.31 24.68 20.71 21.40 17.41 17.82 13.56 14.84 12.78 13.59 11.09 8.86 7.04 6.32 5.57 0.00 6.00 6.89 7.06 8.16 8.66 10.34 12.51 13.23 13.70 16.20 20.15 18.42 21.18 19.00 19.69 16.51 17.51 15.40 18.68 19.15 21.31 22.08 20.58 19.49 15.62 16.79 14.26 16.43 13.58 13.38 12.67 12.99 12.11 12.26 12.25 12.13 11.56 13.33 16.19 16.34 16.63 17.20 18.48 16.14 18.19 17.47 19.90 20.05 23.40 24.05 26.45 25.34 24.13 25.86 23.58 18.98 17.99 19.22 16.70 13.03 14.74 15.59 13.11 13.30 16.45 16.18 15.39 16.06 16.80 17.79 17.06 19.85 
24.69 23.30 18.61 19.21 16.42 15.82 12.36 13.65 12.51 13.91 11.38 9.32 8.66 6.95 6.82 6.00 0.20 5.58 6.85 6.23 6.34 8.99 11.48 11.62 12.29 15.83 18.57 17.16 20.26 18.01 18.89 15.18 16.55 14.08 17.20 16.75 19.43 19.84 18.46 17.91 13.89 14.94 13.28 15.41 12.57 11.55 12.86 12.76 10.20 11.40 12.06 11.57 11.70 12.36 16.10 15.75 17.01 16.78 18.48 15.21 17.81 16.34 19.44 19.01 23.10 22.51 25.56 23.63 22.85 24.17 21.78 17.90 17.68 19.09 15.47 12.80 15.16 15.51 12.46 13.00 15.83 16.03 14.89 14.89 16.74 18.18 17.69 20.32 
24.10 21.60 17.61 18.31 15.62 15.54 12.06 13.07 11.27 13.45 10.93 8.64 8.48 7.66 6.35 6.89 5.58 0.00 5.48 6.88 5.77 6.71 9.93 10.40 10.27 13.24 16.79 15.25 17.92 16.54 17.43 14.22 14.79 12.98 15.70 15.04 17.52 18.59 17.09 16.39 12.62 13.69 12.25 14.01 10.90 10.92 11.42 10.28 8.54 10.79 11.08 11.10 10.98 13.28 15.57 15.70 16.54 16.40 16.93 14.17 16.50 15.74 18.07 18.01 21.78 21.46 23.69 21.83 20.80 22.38 20.15 15.88 15.77 17.48 14.50 11.51 13.28 14.46 11.84 12.18 15.51 15.64 14.91 15.92 16.65 18.66 18.02 21.65 
24.27 22.46 18.54 18.55 16.30 16.31 14.17 14.78 13.17 14.86 13.19 11.22 10.76 9.63 7.81 7.06 6.85 5.48 0.09 5.87 6.85 5.74 7.24 9.30 10.55 12.58 15.39 15.71 18.00 17.00 17.46 14.44 15.15 13.92 16.28 15.75 18.03 18.85 17.38 16.11 12.92 13.59 12.80 14.20 12.49 11.18 11.98 11.70 11.02 11.86 11.88 11.40 11.93 13.35 15.88 15.80 16.76 15.87 16.79 14.61 16.51 15.05 17.61 17.37 21.79 21.28 23.99 21.63 20.57 22.33 20.29 15.68 15.86 18.11 14.48 12.16 13.94 15.09 12.09 12.91 15.75 15.79 15.11 15.83 17.36 18.33 19.30 21.45 
23.58 21.72 17.28 18.20 16.17 16.59 13.55 15.26 13.15 15.62 13.86 12.75 11.46 11.19 9.61 8.16 6.23 6.88 5.87 0.00 5.33 6.28 5.99 6.53 8.69 11.51 13.24 13.02 16.89 14.84 15.72 12.59 14.66 12.29 14.98 15.03 17.97 19.15 16.96 16.63 13.21 15.27 12.10 15.42 12.97 13.18 12.82 13.70 13.47 13.26 13.68 13.51 14.12 15.01 16.97 16.62 17.74 16.57 17.45 14.62 16.43 15.18 17.50 16.75 20.83 20.37 22.50 20.33 19.65 21.18 19.54 15.06 15.04 16.16 13.16 10.21 13.01 13.17 10.83 11.94 15.99 16.10 15.65 17.06 17.78 20.12 19.30 22.87 
22.05 19.93 15.49 15.54 13.87 14.37 12.25 12.28 9.97 14.03 12.82 10.58 9.10 10.02 9.22 8.66 6.34 5.77 6.85 5.33 0.00 5.07 7.24 6.26 6.91 10.29 12.52 11.42 14.22 12.47 13.41 10.25 12.03 9.83 12.80 12.88 16.14 15.91 14.17 14.15 11.63 11.63 9.63 12.29 10.79 9.31 10.77 10.87 10.37 11.71 12.69 12.47 13.42 14.07 17.28 16.02 17.22 16.06 17.30 13.13 14.93 12.32 15.60 14.60 18.59 17.22 19.79 18.10 17.64 19.23 16.79 12.34 13.22 15.62 10.40 7.06 11.23 13.47 9.79 9.97 14.02 15.37 14.97 14.43 16.03 17.84 18.39 20.46 
22.53 20.56 16.80 16.88 14.55 15.85 13.66 15.27 13.66 16.74 14.50 13.16 11.86 11.63 9.75 10.34 8.99 6.71 5.74 6.28 5.07 0.00 5.55 6.78 5.90 7.78 10.99 11.02 12.90 11.49 12.90 10.70 11.45 10.17 12.94 13.96 16.40 16.90 14.71 14.67 11.09 11.56 10.22 12.38 9.78 9.35 10.19 9.66 9.12 10.92 12.79 12.01 12.92 15.07 16.67 16.00 16.98 16.74 16.13 12.28 13.63 12.47 14.95 13.85 17.24 17.39 19.63 17.55 16.78 18.95 17.24 13.20 13.55 15.65 12.87 9.83 12.11 13.61 12.16 11.77 15.75 16.26 16.62 17.08 17.39 19.58 19.79 23.24 
24.28 22.86 19.51 19.50 17.24 18.12 17.04 18.11 17.69 20.15 18.82 16.80 15.69 15.05 13.37 12.51 11.48 9.93 7.24 5.99 7.24 5.55 0.25 5.92 7.42 7.47 8.60 10.75 12.98 11.76 12.83 11.37 12.59 12.96 15.86 16.95 19.92 19.57 17.00 16.01 13.33 13.37 13.49 14.26 13.78 12.96 13.62 13.99 14.07 15.31 16.03 16.14 16.60 18.01 20.09 18.86 20.02 18.71 18.22 13.94 15.07 13.55 16.51 15.05 18.31 18.02 21.08 18.40 17.59 20.02 18.04 14.11 14.84 17.26 12.53 12.49 13.61 15.32 12.97 14.62 17.16 18.03 17.16 17.41 19.55 20.55 21.60 22.74 
23.69 21.75 18.02 18.54 16.05 17.34 15.87 17.78 16.66 19.57 18.86 17.23 15.19 15.24 13.95 13.23 11.62 10.40 9.30 6.53 6.26 6.78 5.92 0.00 5.27 7.23 6.58 7.91 11.54 10.02 11.55 9.87 12.52 12.26 15.84 17.58 19.99 19.84 16.88 15.83 13.18 14.13 12.08 14.15 12.97 12.97 12.96 13.63 14.87 14.87 16.16 16.74 18.33 18.95 20.79 19.83 20.73 19.35 18.64 14.03 14.85 12.48 15.84 13.64 16.46 16.38 18.58 15.92 16.23 17.64 15.52 10.75 12.51 13.84 8.82 8.57 12.67 12.88 10.76 12.86 17.46 18.09 17.88 18.87 19.73 21.85 21.60 24.61 
23.34 21.85 17.96 18.69 15.95 16.65 15.47 17.74 16.69 19.07 17.91 16.48 15.14 14.14 13.30 13.70 12.29 10.27 10.55 8.69 6.91 5.90 7.42 5.27 0.00 5.74 7.57 6.62 9.94 9.49 10.75 9.59 12.11 11.98 15.92 17.11 20.32 19.36 16.83 15.31 12.71 12.39 11.23 11.22 11.42 10.72 11.19 11.90 13.64 14.98 15.46 16.01 18.60 19.10 21.58 20.86 21.68 19.91 19.45 14.96 15.24 12.36 14.62 12.27 15.40 13.27 16.21 13.06 13.50 15.13 12.90 7.95 10.35 13.27 8.41 6.99 10.94 14.29 11.78 13.28 16.67 18.10 17.41 17.00 20.08 20.51 21.48 23.30 
24.23 23.02 20.12 20.20 17.69 18.97 17.72 20.20 20.09 21.85 20.96 19.63 18.94 17.55 16.50 16.20 15.83 13.24 12.58 11.51 10.29 7.78 7.47 7.23 5.74 0.00 6.52 7.62 9.04 9.18 12.19 10.68 13.39 14.38 18.98 20.17 23.10 22.03 19.34 17.39 13.78 13.54 12.55 12.07 11.98 11.60 12.17 12.92 15.09 16.50 17.71 17.68 20.37 20.98 23.13 23.34 24.61 22.27 20.76 17.19 17.57 14.16 16.13 13.79 15.62 14.92 16.50 13.50 12.99 15.62 13.99 11.13 12.22 14.93 13.12 11.22 14.17 15.65 15.22 15.68 19.77 19.36 20.18 20.18 21.37 22.41 23.41 26.09 
24.28 23.91 21.37 22.01 19.39 20.39 20.19 21.89 22.01 24.33 24.03 22.48 22.00 21.08 20.22 20.15 18.57 16.79 15.39 13.24 12.52 10.99 8.60 6.58 7.57 6.52 1.04 5.74 7.67 8.55 10.86 11.35 14.24 17.19 21.81 23.95 26.64 26.21 22.94 20.68 17.02 16.66 15.49 14.06 14.78 14.78 15.45 16.32 17.97 19.31 20.36 20.82 22.46 22.90 24.84 24.42 25.82 23.55 22.20 18.62 18.97 16.24 17.29 13.96 15.51 13.15 15.98 11.30 12.20 15.02 13.77 9.30 13.12 15.80 11.75 13.03 15.71 17.48 16.95 18.36 20.61 21.43 20.95 20.77 24.08 23.87 25.08 25.72 
22.75 21.59 18.71 19.79 17.05 18.17 17.67 19.96 20.15 22.21 22.09 20.45 20.04 19.32 18.98 18.42 17.16 15.25 15.71 13.02 11.42 11.02 10.75 7.91 6.62 7.62 5.74 0.00 5.07 5.81 7.98 9.04 12.77 14.95 18.99 20.96 23.66 23.39 20.13 17.94 14.00 13.66 11.03 9.66 10.77 11.31 12.24 13.88 15.16 16.07 17.70 18.47 20.55 21.42 23.59 22.88 23.31 21.89 20.75 17.34 17.25 14.54 14.16 10.76 10.48 9.66 9.04 5.50 7.82 11.98 8.65 4.75 9.79 12.56 7.49 8.46 13.95 15.16 13.60 15.90 20.21 20.67 20.59 21.03 22.75 23.93 24.03 26.38 
23.18 22.69 19.37 20.68 18.50 19.92 19.28 21.48 21.81 24.08 24.14 22.23 21.97 21.50 21.84 21.18 20.26 17.92 18.00 16.89 14.22 12.90 12.98 11.54 9.94 9.04 7.67 5.07 0.30 5.14 7.30 9.49 13.15 15.37 19.75 21.18 24.58 23.73 21.95 18.98 15.51 15.06 13.35 11.56 12.66 13.33 13.98 15.43 17.14 18.30 19.29 20.85 23.18 23.51 25.71 25.07 24.97 23.64 23.08 19.97 19.61 15.03 14.69 9.10 11.83 7.67 9.02 5.42 10.68 13.98 12.43 8.83 13.09 15.76 12.68 12.92 16.79 19.11 17.85 19.54 22.59 23.38 23.11 21.26 25.87 24.49 25.62 26.32 
22.19 21.19 18.36 18.87 16.55 18.15 17.55 19.30 19.70 22.08 21.89 19.73 19.47 19.62 19.62 19.00 18.01 16.54 17.00 14.84 12.47 11.49 11.76 10.02 9.49 9.18 8.55 5.81 5.14 0.00 6.26 7.17 9.86 12.19 16.31 19.27 21.47 21.61 19.27 15.53 12.62 12.07 10.19 8.58 10.60 11.53 11.41 12.30 13.47 15.29 16.94 17.48 19.23 20.20 21.76 21.60 22.02 20.97 20.48 16.53 14.89 11.82 10.36 5.90 6.34 6.14 7.68 4.32 7.51 12.63 10.87 9.09 11.13 14.78 12.61 12.54 15.95 17.98 16.55 18.43 21.23 21.61 22.28 22.06 23.10 23.95 24.87 27.18 
22.60 21.97 19.29 19.26 17.26 18.74 18.79 20.31 21.13 23.18 23.39 21.43 21.11 20.52 20.72 19.69 18.89 17.43 17.46 15.72 13.41 12.90 12.83 11.55 10.75 12.19 10.86 7.98 7.30 6.26 0.00 6.59 8.25 10.75 14.24 16.85 20.74 20.22 17.26 14.66 11.83 12.28 10.73 10.68 13.05 13.33 12.76 13.73 14.19 15.74 17.16 17.74 19.14 19.24 21.49 20.56 21.26 20.26 20.45 15.59 14.11 11.61 12.31 7.89 9.37 9.84 14.49 10.78 11.98 14.80 13.82 9.75 13.54 16.02 13.98 14.51 18.30 19.48 18.96 19.80 22.30 23.01 23.04 21.86 25.51 24.63 26.14 26.28 
20.71 19.45 16.90 17.01 14.35 15.37 15.60 17.78 18.36 19.98 20.06 18.74 18.25 17.53 17.47 16.51 15.18 14.22 14.44 12.59 10.25 10.70 11.37 9.87 9.59 10.68 11.35 9.04 9.49 7.17 6.59 0.00 6.51 7.87 10.73 13.01 15.99 14.98 12.57 9.60 8.67 8.02 6.78 9.16 11.07 10.78 10.16 11.39 11.55 12.44 13.45 13.72 14.51 14.72 17.40 16.60 16.62 14.77 14.47 10.82 9.95 7.91 7.82 6.83 8.89 10.20 12.66 11.05 11.22 15.11 12.22 8.76 11.47 15.42 12.44 12.60 16.67 18.21 16.75 18.16 20.82 21.33 22.43 21.57 23.00 24.22 25.13 26.85 
21.11 20.15 16.72 17.32 15.49 16.85 16.62 18.71 19.53 21.76 21.82 19.67 19.17 18.41 18.67 17.51 16.55 14.79 15.15 14.66 12.03 11.45 12.59 12.52 12.11 13.39 14.24 12.77 13.15 9.86 8.25 6.51 2.02 6.67 7.89 9.71 13.19 12.80 10.40 8.56 8.64 10.36 9.37 11.60 13.72 12.29 11.58 12.64 12.41 13.36 14.07 13.90 14.93 14.84 16.93 15.87 16.68 13.14 12.95 9.89 10.84 7.74 8.76 8.20 12.12 12.70 16.36 14.42 14.73 17.28 15.99 13.02 14.96 17.76 15.86 16.58 19.09 20.62 19.74 20.44 22.43 24.03 24.37 22.43 26.56 25.65 27.02 27.76 
20.78 18.94 15.83 15.44 14.89 15.98 16.20 17.66 18.75 21.29 20.97 18.35 17.21 17.37 17.12 15.40 14.08 12.98 13.92 12.29 9.83 10.17 12.96 12.26 11.98 14.38 17.19 14.95 15.37 12.19 10.75 7.87 6.67 2.20 6.95 8.09 9.86 9.57 9.26 7.37 8.34 10.09 10.61 12.83 14.23 13.23 11.99 12.14 10.61 11.59 12.19 11.62 11.60 12.37 13.54 13.34 12.89 12.09 10.17 7.71 6.89 7.02 8.54 9.07 12.84 15.03 18.84 17.15 15.94 18.66 17.21 14.84 15.71 18.64 16.45 16.46 18.96 20.38 18.73 19.81 22.13 23.05 23.76 22.88 24.69 26.20 27.13 28.59 
22.38 20.99 18.23 17.94 17.22 19.02 19.55 21.16 22.02 24.08 24.12 21.61 20.44 19.96 20.23 18.68 17.20 15.70 16.28 14.98 12.80 12.94 15.86 15.84 15.92 18.98 21.81 18.99 19.75 16.31 14.24 10.73 7.89 6.95 2.86 5.99 6.40 7.30 7.49 6.25 7.63 11.96 13.64 16.06 17.08 17.12 16.46 16.24 14.42 14.90 15.57 14.40 14.47 13.30 15.16 12.68 13.58 10.26 11.72 7.84 8.01 8.02 10.53 11.34 17.12 18.64 23.59 21.47 20.96 23.30 21.73 18.77 20.25 21.92 19.53 19.53 22.09 22.83 20.75 21.58 24.58 24.93 24.58 24.23 27.72 27.05 28.57 28.30 
22.89 21.38 18.71 18.55 17.82 19.25 19.72 21.49 21.86 23.84 23.66 22.14 20.87 20.12 19.83 19.15 16.75 15.04 15.75 15.03 12.88 13.96 16.95 17.58 17.11 20.17 23.95 20.96 21.18 19.27 16.85 13.01 9.71 8.09 5.99 1.16 4.26 5.14 5.98 6.57 9.67 13.56 15.02 17.60 17.85 17.31 17.13 16.89 14.56 14.26 14.75 13.70 12.22 10.83 12.57 12.53 10.82 8.57 9.84 9.17 9.59 9.74 12.11 14.48 19.02 21.05 24.89 23.48 22.20 24.76 22.77 19.85 20.31 22.86 20.65 19.83 22.44 23.50 21.46 22.34 25.28 25.66 25.85 25.34 27.11 27.95 28.75 29.56 
25.03 23.92 20.92 21.44 20.92 22.59 23.11 24.88 25.03 27.17 26.84 24.79 24.17 23.30 22.32 21.31 19.43 17.52 18.03 17.97 16.14 16.40 19.92 19.99 20.32 23.10 26.64 23.66 24.58 21.47 20.74 15.99 13.19 9.86 6.40 4.26 2.67 5.66 7.96 10.21 11.82 15.51 17.22 19.24 19.87 19.07 18.30 18.80 17.61 17.09 16.47 15.23 14.77 13.80 15.39 14.82 15.24 12.18 14.24 12.55 14.90 14.30 17.40 18.34 22.38 23.59 27.00 26.44 25.16 27.32 25.86 22.58 23.01 25.20 23.47 22.82 24.55 26.01 24.55 25.32 27.47 28.26 28.23 27.72 30.75 29.24 31.07 31.23 
25.84 24.16 21.60 21.99 21.48 23.30 23.36 25.56 25.56 27.80 27.43 25.31 24.18 23.84 22.90 22.08 19.84 18.59 18.85 19.15 15.91 16.90 19.57 19.84 19.36 22.03 26.21 23.39 23.73 21.61 20.22 14.98 12.80 9.57 7.30 5.14 5.66 0.32 6.80 8.76 11.12 14.34 14.93 17.69 18.73 18.44 18.07 17.91 16.90 16.20 15.96 15.32 15.31 14.75 15.92 16.00 16.66 15.82 15.91 14.05 15.09 15.89 18.10 19.76 23.68 24.71 28.51 27.13 26.24 28.65 26.29 24.15 24.36 27.05 24.23 23.51 25.51 26.60 24.37 25.57 27.71 28.12 27.75 27.52 28.83 29.48 30.88 31.35 
26.09 24.24 21.42 21.24 20.71 22.39 22.52 24.13 24.53 26.58 26.13 24.06 22.58 22.33 21.28 20.58 18.46 17.09 17.38 16.96 14.17 14.71 17.00 16.88 16.83 19.34 22.94 20.13 21.95 19.27 17.26 12.57 10.40 9.26 7.49 5.98 7.96 6.80 0.00 6.65 9.22 10.70 12.34 14.85 17.05 16.74 15.89 15.45 14.88 14.98 14.73 14.07 13.67 13.92 15.92 15.53 17.34 15.92 16.77 14.40 13.37 14.00 15.95 18.20 22.66 23.69 27.74 26.34 25.67 27.58 26.13 23.54 24.89 26.54 23.81 23.22 25.51 25.95 22.77 24.29 27.14 27.00 25.78 26.52 29.07 28.67 29.57 29.44 
25.64 23.90 20.72 20.58 19.90 21.24 20.62 22.52 22.42 24.71 24.25 22.63 21.50 21.05 20.11 19.49 17.91 16.39 16.11 16.63 14.15 14.67 16.01 15.83 15.31 17.39 20.68 17.94 18.98 15.53 14.66 9.60 8.56 7.37 6.25 6.57 10.21 8.76 6.65 0.00 6.67 8.72 9.68 12.21 13.41 14.64 13.57 13.60 13.34 13.56 13.83 13.03 13.20 13.98 17.16 16.57 18.30 16.45 16.96 13.53 13.62 12.94 14.87 16.62 22.04 22.58 26.33 24.59 23.80 26.98 25.26 23.07 23.58 26.45 23.83 22.93 24.82 25.90 23.42 24.04 26.83 26.96 26.67 26.69 27.55 28.11 29.55 29.70 
24.25 22.29 18.48 19.01 17.93 19.03 18.18 19.62 19.39 21.92 20.80 18.89 17.76 17.78 15.90 15.62 13.89 12.62 12.92 13.21 11.63 11.09 13.33 13.18 12.71 13.78 17.02 14.00 15.51 12.62 11.83 8.67 8.64 8.34 7.63 9.67 11.82 11.12 9.22 6.67 2.03 6.17 7.37 7.87 9.49 9.26 8.16 8.30 10.68 9.97 9.05 8.91 10.85 12.76 15.63 15.12 16.88 16.36 16.27 13.04 13.37 12.98 14.59 15.21 19.59 20.37 23.63 21.70 21.07 23.95 23.41 20.58 21.57 24.40 22.58 21.38 23.03 24.60 22.34 22.86 25.09 26.07 25.96 26.00 26.39 27.27 28.48 29.72 
25.13 23.20 19.56 20.02 18.48 19.53 18.32 20.03 19.00 21.55 20.67 19.27 18.05 17.56 16.29 16.79 14.94 13.69 13.59 15.27 11.63 11.56 13.37 14.13 12.39 13.54 16.66 13.66 15.06 12.07 12.28 8.02 10.36 10.09 11.96 13.56 15.51 14.34 10.70 8.72 6.17 2.38 5.56 5.57 7.34 8.32 8.46 8.42 10.62 10.56 11.51 11.88 13.22 14.32 18.03 17.84 18.69 17.51 18.17 13.90 14.46 13.23 16.40 15.51 20.14 20.74 23.93 21.74 21.23 24.76 23.85 21.05 22.52 25.58 23.16 21.56 23.77 24.63 22.44 23.08 25.41 25.91 25.89 25.79 25.52 26.92 28.90 29.28 
25.25 23.09 19.09 18.60 17.64 18.34 17.11 17.55 16.39 19.02 18.30 16.75 15.67 15.71 14.16 14.26 13.28 12.25 12.80 12.10 9.63 10.22 13.49 12.08 11.23 12.55 15.49 11.03 13.35 10.19 10.73 6.78 9.37 10.61 13.64 15.02 17.22 14.93 12.34 9.68 7.37 5.56 1.99 5.87 6.41 7.48 8.35 8.66 9.12 9.74 11.09 12.18 11.69 13.22 17.48 17.01 17.23 16.25 17.89 13.52 13.59 12.26 15.65 15.09 18.10 18.71 22.76 20.31 20.09 23.58 23.11 20.10 22.12 24.66 21.75 19.79 22.19 23.00 20.18 20.84 23.97 24.35 23.31 23.98 24.13 25.97 27.36 28.26 
26.10 24.12 19.53 19.62 18.42 18.83 16.63 17.69 16.82 18.69 17.51 16.99 16.80 16.03 15.65 16.43 15.41 14.01 14.20 15.42 12.29 12.38 14.26 14.15 11.22 12.07 14.06 9.66 11.56 8.58 10.68 9.16 11.60 12.83 16.06 17.60 19.24 17.69 14.85 12.21 7.87 5.57 5.87 0.95 5.72 7.17 6.92 8.48 10.12 10.42 11.83 13.10 13.37 15.03 18.67 19.11 20.08 18.37 19.48 15.15 15.63 13.92 16.36 15.30 18.71 19.45 23.37 20.46 19.62 24.24 23.64 20.72 22.24 25.56 23.14 21.46 23.33 24.56 22.24 22.37 25.24 26.05 25.37 25.19 25.34 26.72 28.16 28.44 
25.32 23.16 18.29 18.25 16.95 17.65 15.03 15.91 14.77 17.22 15.23 13.04 13.11 13.33 12.60 13.58 12.57 10.90 12.49 12.97 10.79 9.78 13.78 12.97 11.42 11.98 14.78 10.77 12.66 10.60 13.05 11.07 13.72 14.23 17.08 17.85 19.87 18.73 17.05 13.41 9.49 7.34 6.41 5.72 1.78 5.89 6.81 6.14 7.93 8.79 9.36 10.39 11.87 13.67 17.38 18.03 19.37 18.49 19.31 14.56 16.22 14.43 16.96 15.81 18.64 19.08 22.89 20.06 19.07 22.85 22.73 19.74 20.88 23.86 21.51 19.92 21.65 23.42 21.09 21.43 24.24 25.10 24.74 24.46 25.48 26.30 28.05 28.54 
25.24 23.35 18.52 18.76 16.36 17.43 14.22 15.44 12.37 15.85 13.26 13.02 12.34 12.54 11.13 13.38 11.55 10.92 11.18 13.18 9.31 9.35 12.96 12.97 10.72 11.60 14.78 11.31 13.33 11.53 13.33 10.78 12.29 13.23 17.12 17.31 19.07 18.44 16.74 14.64 9.26 8.32 7.48 7.17 5.89 0.34 5.59 6.81 6.72 6.35 8.60 10.17 10.93 12.06 16.53 16.91 17.48 16.85 17.79 13.18 15.07 13.32 15.58 13.87 17.96 18.07 21.53 18.81 18.27 22.33 21.34 18.47 19.97 23.40 20.40 18.63 20.87 22.40 19.78 20.45 23.19 24.03 23.64 23.42 23.55 25.14 26.88 27.22 
25.63 23.67 18.63 18.02 16.37 16.77 14.07 14.90 12.96 15.14 13.40 12.64 12.82 12.87 10.82 12.67 12.86 11.42 11.98 12.82 10.77 10.19 13.62 12.96 11.19 12.17 15.45 12.24 13.98 11.41 12.76 10.16 11.58 11.99 16.46 17.13 18.30 18.07 15.89 13.57 8.16 8.46 8.35 6.92 6.81 5.59 1.01 5.52 7.04 5.23 6.51 9.33 10.85 10.50 15.11 16.68 17.31 16.70 17.99 13.43 15.11 13.28 15.69 13.91 17.37 17.25 21.12 18.38 17.88 21.48 20.95 18.09 19.65 22.52 20.00 18.15 20.20 21.72 18.99 19.84 22.69 23.42 22.27 22.45 22.98 24.49 26.27 26.51 
26.00 23.88 18.84 18.73 17.07 17.32 13.91 15.43 13.72 15.42 13.24 12.77 13.21 11.19 10.49 12.99 12.76 10.28 11.70 13.70 10.87 9.66 13.99 13.63 11.90 12.92 16.32 13.88 15.43 12.30 13.73 11.39 12.64 12.14 16.24 16.89 18.80 17.91 15.45 13.60 8.30 8.42 8.66 8.48 6.14 6.81 5.52 0.00 6.18 6.52 6.62 8.12 10.61 10.71 14.43 15.91 17.40 16.15 16.95 12.97 14.92 13.08 15.56 14.30 18.16 17.57 21.73 19.69 18.61 22.16 21.69 18.96 20.07 22.98 20.60 19.05 21.05 22.25 19.81 20.32 23.22 23.84 23.21 22.96 23.38 24.78 26.14 26.43 
25.84 23.64 18.10 17.84 16.41 16.44 12.86 13.93 12.28 13.88 12.10 10.94 9.61 8.80 8.76 12.11 10.20 8.54 11.02 13.47 10.37 9.12 14.07 14.87 13.64 15.09 17.97 15.16 17.14 13.47 14.19 11.55 12.41 10.61 14.42 14.56 17.61 16.90 14.88 13.34 10.68 10.62 9.12 10.12 7.93 6.72 7.04 6.18 0.00 5.61 7.23 7.90 8.86 9.72 13.62 14.27 15.28 14.93 15.80 11.20 14.15 12.63 15.55 14.34 17.86 17.70 21.97 20.11 18.85 22.07 21.58 19.08 19.80 22.48 19.52 18.11 20.40 22.24 18.81 19.63 22.72 23.83 22.63 22.52 23.61 24.60 25.97 27.29 
25.54 23.37 17.95 18.06 16.12 16.35 12.53 13.84 11.41 13.55 11.22 11.02 10.98 10.25 9.31 12.26 11.40 10.79 11.86 13.26 11.71 10.92 15.31 14.87 14.98 16.50 19.31 16.07 18.30 15.29 15.74 12.44 13.36 11.59 14.90 14.26 17.09 16.20 14.98 13.56 9.97 10.56 9.74 10.42 8.79 6.35 5.23 6.52 5.61 0.00 5.54 6.95 7.16 7.85 11.53 12.59 13.16 12.89 13.95 9.51 12.60 11.65 14.64 14.13 18.22 18.25 22.07 20.16 18.79 21.99 20.99 18.23 19.30 22.22 19.05 17.49 20.13 21.53 18.25 19.07 22.43 23.46 22.39 22.57 22.72 24.30 25.54 26.44 
26.14 23.82 18.09 17.82 16.51 16.52 12.83 14.54 12.33 13.06 11.38 11.51 11.72 11.68 10.08 12.25 12.06 11.08 11.88 13.68 12.69 12.79 16.03 16.16 15.46 17.71 20.36 17.70 19.29 16.94 17.16 13.45 14.07 12.19 15.57 14.75 16.47 15.96 14.73 13.83 9.05 11.51 11.09 11.83 9.36 8.60 6.51 6.62 7.23 5.54 1.83 6.60 6.96 6.46 10.18 12.04 12.26 11.41 13.86 9.42 12.73 11.54 14.65 14.50 19.04 19.01 22.17 20.24 18.87 21.70 20.80 18.18 19.21 21.66 19.20 17.90 20.00 21.10 18.33 19.18 22.48 23.51 22.06 22.37 22.91 24.32 25.93 26.51 
25.09 22.79 17.06 17.26 15.91 15.60 12.43 13.65 12.12 13.32 10.93 11.30 11.62 11.28 9.20 12.13 11.57 11.10 11.40 13.51 12.47 12.01 16.14 16.74 16.01 17.68 20.82 18.47 20.85 17.48 17.74 13.72 13.90 11.62 14.40 13.70 15.23 15.32 14.07 13.03 8.91 11.88 12.18 13.10 10.39 10.17 9.33 8.12 7.90 6.95 6.60 0.87 5.55 5.78 8.34 9.61 10.63 9.74 11.51 7.92 10.93 11.19 13.72 13.39 18.56 19.49 22.16 20.44 18.54 22.10 20.81 17.58 18.19 21.26 18.68 16.98 19.62 20.72 18.00 19.17 22.71 23.72 22.29 22.81 23.50 25.00 25.46 26.13 
24.26 22.83 17.45 17.40 15.75 16.31 12.19 13.60 11.91 13.39 10.93 10.36 10.86 10.19 8.89 11.56 11.70 10.98 11.93 14.12 13.42 12.92 16.60 18.33 18.60 20.37 22.46 20.55 23.18 19.23 19.14 14.51 14.93 11.60 14.47 12.22 14.77 15.31 13.67 13.20 10.85 13.22 11.69 13.37 11.87 10.93 10.85 10.61 8.86 7.16 6.96 5.55 2.57 5.54 7.93 8.55 10.09 8.82 10.96 7.38 10.94 10.79 15.18 15.30 19.83 19.52 23.47 21.15 19.97 22.41 21.58 18.22 18.80 21.43 18.83 17.37 20.00 21.84 18.57 19.50 22.98 24.21 22.18 22.61 23.97 25.11 25.69 26.99 
23.93 21.80 17.08 16.43 15.51 14.46 11.29 12.98 12.19 13.67 11.13 11.28 11.50 12.54 11.67 13.33 12.36 13.28 13.35 15.01 14.07 15.07 18.01 18.95 19.10 20.98 22.90 21.42 23.51 20.20 19.24 14.72 14.84 12.37 13.30 10.83 13.80 14.75 13.92 13.98 12.76 14.32 13.22 15.03 13.67 12.06 10.50 10.71 9.72 7.85 6.46 5.78 5.54 0.79 5.57 6.67 8.16 7.40 9.34 6.63 10.46 11.22 15.59 16.09 20.59 20.35 23.77 22.00 20.09 22.18 20.84 18.05 18.90 21.36 18.37 16.69 19.94 21.28 18.41 19.41 23.55 24.44 22.58 23.27 24.18 25.81 25.69 26.26 
24.46 22.73 17.23 15.83 15.83 15.52 12.36 14.67 13.71 14.73 14.47 14.73 15.53 15.86 15.52 16.19 16.10 15.57 15.88 16.97 17.28 16.67 20.09 20.79 21.58 23.13 24.84 23.59 25.71 21.76 21.49 17.40 16.93 13.54 15.16 12.57 15.39 15.92 15.92 17.16 15.63 18.03 17.48 18.67 17.38 16.53 15.11 14.43 13.62 11.53 10.18 8.34 7.93 5.57 3.18 5.80 7.08 8.24 10.61 8.92 12.88 14.13 18.77 19.24 23.05 23.89 27.00 24.97 22.74 24.28 22.73 20.26 20.70 22.73 20.09 19.47 21.54 22.68 20.54 21.57 24.95 26.11 23.92 24.07 25.27 26.38 27.54 27.18 
21.45 19.20 15.45 14.28 13.98 13.05 10.70 11.79 11.50 13.44 13.77 14.39 15.00 15.78 14.60 16.34 15.75 15.70 15.80 16.62 16.02 16.00 18.86 19.83 20.86 23.34 24.42 22.88 25.07 21.60 20.56 16.60 15.87 13.34 12.68 12.53 14.82 16.00 15.53 16.57 15.12 17.84 17.01 19.11 18.03 16.91 16.68 15.91 14.27 12.59 12.04 9.61 8.55 6.67 5.80 0.00 5.23 7.08 9.80 8.81 12.72 14.15 17.59 18.65 23.11 23.97 26.69 24.58 22.26 24.51 22.64 18.98 18.83 21.36 19.20 17.59 20.02 21.25 19.28 20.41 24.56 25.53 23.76 24.30 25.57 27.11 26.69 26.33 
18.97 16.93 14.47 13.92 12.82 13.21 10.75 12.50 13.25 15.48 15.40 15.65 17.09 16.64 15.56 16.63 17.01 16.54 16.76 17.74 17.22 16.98 20.02 20.73 21.68 24.61 25.82 23.31 24.97 22.02 21.26 16.62 16.68 12.89 13.58 10.82 15.24 16.66 17.34 18.30 16.88 18.69 17.23 20.08 19.37 17.48 17.31 17.40 15.28 13.16 12.26 10.63 10.09 8.16 7.08 5.23 1.36 6.08 8.28 8.65 11.87 13.44 17.28 18.32 22.61 23.99 26.93 25.17 23.07 25.01 23.47 19.52 19.45 21.82 19.65 18.31 20.34 22.13 20.29 20.76 23.59 25.58 24.15 24.41 25.58 26.48 27.62 27.41 
18.18 15.40 12.35 9.91 11.04 10.65 9.84 12.41 14.04 17.26 16.98 16.41 16.40 17.33 16.04 17.20 16.78 16.40 15.87 16.57 16.06 16.74 18.71 19.35 19.91 22.27 23.55 21.89 23.64 20.97 20.26 14.77 13.14 12.09 10.26 8.57 12.18 15.82 15.92 16.45 16.36 17.51 16.25 18.37 18.49 16.85 16.70 16.15 14.93 12.89 11.41 9.74 8.82 7.40 8.24 7.08 6.08 0.00 6.39 6.91 10.15 11.67 15.63 17.20 21.29 22.78 25.53 23.65 21.78 23.44 21.44 17.74 18.04 20.50 18.00 16.60 19.27 20.92 18.93 20.00 23.41 24.78 23.30 23.93 25.22 26.52 27.03 26.83 
16.87 14.13 9.42 7.10 8.82 10.02 9.65 13.28 15.09 18.57 19.77 18.68 18.71 18.74 18.21 18.48 18.48 16.93 16.79 17.45 17.30 16.13 18.22 18.64 19.45 20.76 22.20 20.75 23.08 20.48 20.45 14.47 12.95 10.17 11.72 9.84 14.24 15.91 16.77 16.96 16.27 18.17 17.89 19.48 19.31 17.79 17.99 16.95 15.80 13.95 13.86 11.51 10.96 9.34 10.61 9.80 8.28 6.39 0.00 5.52 7.52 10.34 14.33 16.69 20.27 21.55 25.03 23.60 21.10 22.66 20.97 18.90 18.04 20.63 18.03 17.33 19.59 21.08 19.23 19.89 23.41 24.48 23.12 23.39 25.28 26.08 26.98 26.67 
14.68 9.11 8.25 6.92 7.32 7.76 8.71 12.06 13.83 16.74 17.16 16.32 16.32 16.71 15.93 16.14 15.21 14.17 14.61 14.62 13.13 12.28 13.94 14.03 14.96 17.19 18.62 17.34 19.97 16.53 15.59 10.82 9.89 7.71 7.84 9.17 12.55 14.05 14.40 13.53 13.04 13.90 13.52 15.15 14.56 13.18 13.43 12.97 11.20 9.51 9.42 7.92 7.38 6.63 8.92 8.81 8.65 6.91 5.52 0.00 5.31 6.37 10.30 12.50 16.32 17.83 20.57 19.26 16.30 18.44 16.80 13.40 12.30 15.34 13.71 11.83 14.91 16.70 15.00 15.39 19.49 21.24 20.31 20.42 22.56 24.22 24.62 25.09 
11.84 8.15 7.08 8.48 9.15 11.13 11.31 14.89 17.24 20.70 20.15 19.07 19.55 19.32 18.07 18.19 17.81 16.50 16.51 16.43 14.93 13.63 15.07 14.85 15.24 17.57 18.97 17.25 19.61 14.89 14.11 9.95 10.84 6.89 8.01 9.59 14.90 15.09 13.37 13.62 13.37 14.46 13.59 15.63 16.22 15.07 15.11 14.92 14.15 12.60 12.73 10.93 10.94 10.46 12.88 12.72 11.87 10.15 7.52 5.31 0.00 5.71 7.92 10.30 14.64 15.55 19.31 17.56 16.17 18.14 17.06 14.01 13.18 16.05 14.87 13.21 15.62 17.86 16.97 16.19 19.75 21.92 21.77 20.81 22.57 23.64 25.33 25.76 
12.75 8.50 7.36 7.65 9.14 11.36 12.94 15.52 16.33 20.31 19.77 18.57 18.02 18.53 17.28 17.47 16.34 15.74 15.05 15.18 12.32 12.47 13.55 12.48 12.36 14.16 16.24 14.54 15.03 11.82 11.61 7.91 7.74 7.02 8.02 9.74 14.30 15.89 14.00 12.94 12.98 13.23 12.26 13.92 14.43 13.32 13.28 13.08 12.63 11.65 11.54 11.19 10.79 11.22 14.13 14.15 13.44 11.67 10.34 6.37 5.71 0.00 6.07 6.89 10.80 12.45 15.16 14.12 12.92 14.99 13.70 10.21 11.11 14.21 12.67 10.87 13.56 16.49 14.75 14.97 17.79 20.81 20.43 20.45 21.59 23.99 24.92 25.64 
12.66 9.81 10.11 11.19 11.07 14.23 15.37 18.58 19.68 23.11 22.93 21.16 21.04 21.03 20.02 19.90 19.44 18.07 17.61 17.50 15.60 14.95 16.51 15.84 14.62 16.13 17.29 14.16 14.69 10.36 12.31 7.82 8.76 8.54 10.53 12.11 17.40 18.10 15.95 14.87 14.59 16.40 15.65 16.36 16.96 15.58 15.69 15.56 15.55 14.64 14.65 13.72 15.18 15.59 18.77 17.59 17.28 15.63 14.33 10.30 7.92 6.07 1.93 6.07 7.97 9.97 14.25 14.19 12.01 15.28 14.78 12.92 11.96 16.05 14.77 14.07 16.47 19.23 17.45 16.99 20.13 22.29 21.64 21.60 23.75 24.74 26.20 26.12 
13.58 10.64 10.20 11.50 12.85 15.22 15.53 19.35 19.44 23.07 22.61 21.68 21.09 21.20 19.63 20.05 19.01 18.01 17.37 16.75 14.60 13.85 15.05 13.64 12.27 13.79 13.96 10.76 9.10 5.90 7.89 6.83 8.20 9.07 11.34 14.48 18.34 19.76 18.20 16.62 15.21 15.51 15.09 15.30 15.81 13.87 13.91 14.30 14.34 14.13 14.50 13.39 15.30 16.09 19.24 18.65 18.32 17.20 16.69 12.50 10.30 6.89 6.07 0.00 5.83 6.33 10.35 9.81 8.55 11.41 12.18 8.74 7.56 13.39 13.03 11.39 14.07 17.57 15.43 15.72 18.73 21.55 20.84 20.72 22.51 24.97 24.53 25.40 
16.00 13.84 12.23 14.98 15.31 17.85 18.42 22.13 23.61 26.06 26.27 25.04 25.42 24.48 23.63 23.40 23.10 21.78 21.79 20.83 18.59 17.24 18.31 16.46 15.40 15.62 15.51 10.48 11.83 6.34 9.37 8.89 12.12 12.84 17.12 19.02 22.38 23.68 22.66 22.04 19.59 20.14 18.10 18.71 18.64 17.96 17.37 18.16 17.86 18.22 19.04 18.56 19.83 20.59 23.05 23.11 22.61 21.29 20.27 16.32 14.64 10.80 7.97 5.83 1.85 5.86 8.00 9.36 9.68 12.94 12.24 11.13 11.90 15.43 15.15 14.80 16.91 19.48 18.05 18.01 20.96 23.08 22.42 21.77 23.79 24.21 26.29 26.68 
17.61 15.50 14.44 16.09 16.32 19.35 19.68 23.45 24.00 26.97 26.69 25.71 25.18 25.00 23.98 24.05 22.51 21.46 21.28 20.37 17.22 17.39 18.02 16.38 13.27 14.92 13.15 9.66 7.67 6.14 9.84 10.20 12.70 15.03 18.64 21.05 23.59 24.71 23.69 22.58 20.37 20.74 18.71 19.45 19.08 18.07 17.25 17.57 17.70 18.25 19.01 19.49 19.52 20.35 23.89 23.97 23.99 22.78 21.55 17.83 15.55 12.45 9.97 6.33 5.86 0.00 6.07 6.34 7.07 10.23 10.22 8.35 10.55 13.95 13.97 14.03 16.09 18.85 17.18 17.58 20.03 22.39 22.33 22.44 24.19 26.01 25.88 26.73 
19.25 18.95 17.16 19.37 18.84 22.81 23.40 26.41 27.29 29.93 29.65 28.39 28.25 27.51 27.08 26.45 25.56 23.69 23.99 22.50 19.79 19.63 21.08 18.58 16.21 16.50 15.98 9.04 9.02 7.68 14.49 12.66 16.36 18.84 23.59 24.89 27.00 28.51 27.74 26.33 23.63 23.93 22.76 23.37 22.89 21.53 21.12 21.73 21.97 22.07 22.17 22.16 23.47 23.77 27.00 26.69 26.93 25.53 25.03 20.57 19.31 15.16 14.25 10.35 8.00 6.07 2.15 5.95 7.40 9.58 10.49 10.26 11.71 15.42 15.11 15.33 17.92 19.89 18.87 19.64 22.06 23.94 23.63 24.17 26.85 26.50 27.68 27.58 
18.45 17.59 15.98 17.86 17.30 20.80 21.45 24.75 25.46 28.50 27.71 26.98 26.52 26.47 25.20 25.34 23.63 21.83 21.63 20.33 18.10 17.55 18.40 15.92 13.06 13.50 11.30 5.50 5.42 4.32 10.78 11.05 14.42 17.15 21.47 23.48 26.44 27.13 26.34 24.59 21.70 21.74 20.31 20.46 20.06 18.81 18.38 19.69 20.11 20.16 20.24 20.44 21.15 22.00 24.97 24.58 25.17 23.65 23.60 19.26 17.56 14.12 14.19 9.81 9.36 6.34 5.95 0.00 5.28 7.79 7.20 7.19 9.32 13.01 12.20 12.38 15.62 17.72 16.07 16.77 20.14 21.69 21.53 22.13 24.01 25.39 25.17 25.44 
17.13 16.68 14.23 16.97 16.02 19.11 19.84 23.19 24.47 26.86 26.56 25.20 25.77 25.14 24.52 24.13 22.85 20.80 20.57 19.65 17.64 16.78 17.59 16.23 13.50 12.99 12.20 7.82 10.68 7.51 11.98 11.22 14.73 15.94 20.96 22.20 25.16 26.24 25.67 23.80 21.07 21.23 20.09 19.62 19.07 18.27 17.88 18.61 18.85 18.79 18.87 18.54 19.97 20.09 22.74 22.26 23.07 21.78 21.10 16.30 16.17 12.92 12.01 8.55 9.68 7.07 7.40 5.28 0.00 5.67 6.92 5.82 7.14 9.62 9.96 9.85 12.94 14.46 14.02 14.78 17.49 19.25 19.57 20.82 21.84 22.69 24.22 25.87 
18.77 18.55 16.06 18.40 18.42 21.13 21.87 25.62 26.28 29.27 28.46 27.95 27.42 27.27 26.23 25.86 24.17 22.38 22.33 21.18 19.23 18.95 20.02 17.64 15.13 15.62 15.02 11.98 13.98 12.63 14.80 15.11 17.28 18.66 23.30 24.76 27.32 28.65 27.58 26.98 23.95 24.76 23.58 24.24 22.85 22.33 21.48 22.16 22.07 21.99 21.70 22.10 22.41 22.18 24.28 24.51 25.01 23.44 22.66 18.44 18.14 14.99 15.28 11.41 12.94 10.23 9.58 7.79 5.67 0.00 5.87 6.93 6.03 7.77 9.77 11.26 12.34 13.68 15.02 15.94 18.28 19.93 21.26 22.06 23.12 24.03 25.14 25.82 
17.59 17.40 15.77 17.56 16.69 20.02 20.21 23.52 24.40 26.91 26.51 25.47 25.61 25.19 24.28 23.58 21.78 20.15 20.29 19.54 16.79 17.24 18.04 15.52 12.90 13.99 13.77 8.65 12.43 10.87 13.82 12.22 15.99 17.21 21.73 22.77 25.86 26.29 26.13 25.26 23.41 23.85 23.11 23.64 22.73 21.34 20.95 21.69 21.58 20.99 20.80 20.81 21.58 20.84 22.73 22.64 23.47 21.44 20.97 16.80 17.06 13.70 14.78 12.18 12.24 10.22 10.49 7.20 6.92 5.87 0.00 5.15 6.89 6.45 6.95 8.91 11.15 11.61 12.11 13.56 15.99 18.09 18.55 20.57 21.55 22.72 23.70 25.17 
14.61 14.63 12.39 14.81 12.45 16.17 16.41 19.59 20.11 22.98 21.98 21.37 21.40 20.64 19.31 18.98 17.90 15.88 15.68 15.06 12.34 13.20 14.11 10.75 7.95 11.13 9.30 4.75 8.83 9.09 9.75 8.76 13.02 14.84 18.77 19.85 22.58 24.15 23.54 23.07 20.58 21.05 20.10 20.72 19.74 18.47 18.09 18.96 19.08 18.23 18.18 17.58 18.22 18.05 20.26 18.98 19.52 17.74 18.90 13.40 14.01 10.21 12.92 8.74 11.13 8.35 10.26 7.19 5.82 6.93 5.15 0.00 4.59 7.20 5.51 5.67 8.58 10.18 9.42 10.17 13.74 15.10 15.37 16.94 18.96 20.09 20.76 21.67 
13.73 13.75 10.08 13.45 12.25 15.23 15.40 18.55 19.19 21.89 21.24 19.99 20.34 19.61 18.46 17.99 17.68 15.77 15.86 15.04 13.22 13.55 14.84 12.51 10.35 12.22 13.12 9.79 13.09 11.13 13.54 11.47 14.96 15.71 20.25 20.31 23.01 24.36 24.89 23.58 21.57 22.52 22.12 22.24 20.88 19.97 19.65 20.07 19.80 19.30 19.21 18.19 18.80 18.90 20.70 18.83 19.45 18.04 18.04 12.30 13.18 11.11 11.96 7.56 11.90 10.55 11.71 9.32 7.14 6.03 6.89 4.59 0.00 5.32 6.76 5.25 6.25 8.07 8.98 9.40 11.73 13.38 13.77 16.42 17.62 19.61 20.45 22.75 
16.09 13.98 10.93 14.61 14.66 16.59 16.25 20.08 20.45 23.08 22.46 21.67 21.50 20.51 20.75 19.22 19.09 17.48 18.11 16.16 15.62 15.65 17.26 13.84 13.27 14.93 15.80 12.56 15.76 14.78 16.02 15.42 17.76 18.64 21.92 22.86 25.20 27.05 26.54 26.45 24.40 25.58 24.66 25.56 23.86 23.40 22.52 22.98 22.48 22.22 21.66 21.26 21.43 21.36 22.73 21.36 21.82 20.50 20.63 15.34 16.05 14.21 16.05 13.39 15.43 13.95 15.42 13.01 9.62 7.77 6.45 7.20 5.32 0.49 5.63 6.85 6.35 6.73 8.51 10.17 11.67 13.12 14.77 17.83 19.13 20.57 21.48 22.50 
14.45 13.43 10.61 13.08 12.87 14.55 13.98 16.46 16.94 19.39 18.78 17.65 17.19 16.94 16.23 16.70 15.47 14.50 14.48 13.16 10.40 12.87 12.53 8.82 8.41 13.12 11.75 7.49 12.68 12.61 13.98 12.44 15.86 16.45 19.53 20.65 23.47 24.23 23.81 23.83 22.58 23.16 21.75 23.14 21.51 20.40 20.00 20.60 19.52 19.05 19.20 18.68 18.83 18.37 20.09 19.20 19.65 18.00 18.03 13.71 14.87 12.67 14.77 13.03 15.15 13.97 15.11 12.20 9.96 9.77 6.95 5.51 6.76 5.63 1.02 4.78 7.09 6.27 7.20 8.07 10.55 11.17 12.32 15.02 16.54 17.85 18.80 20.44 
13.89 12.87 9.37 11.14 8.94 11.91 11.38 13.94 14.45 17.05 15.11 14.16 14.93 13.66 12.85 13.03 12.80 11.51 12.16 10.21 7.06 9.83 12.49 8.57 6.99 11.22 13.03 8.46 12.92 12.54 14.51 12.60 16.58 16.46 19.53 19.83 22.82 23.51 23.22 22.93 21.38 21.56 19.79 21.46 19.92 18.63 18.15 19.05 18.11 17.49 17.90 16.98 17.37 16.69 19.47 17.59 18.31 16.60 17.33 11.83 13.21 10.87 14.07 11.39 14.80 14.03 15.33 12.38 9.85 11.26 8.91 5.67 5.25 6.85 4.78 0.00 4.85 6.95 5.71 6.22 8.59 10.16 10.19 12.91 14.14 15.52 16.68 18.23 
14.77 12.95 9.42 10.20 8.02 11.33 11.84 12.88 14.73 17.35 16.60 15.01 16.10 15.57 14.81 14.74 15.16 13.28 13.94 13.01 11.23 12.11 13.61 12.67 10.94 14.17 15.71 13.95 16.79 15.95 18.30 16.67 19.09 18.96 22.09 22.44 24.55 25.51 25.51 24.82 23.03 23.77 22.19 23.33 21.65 20.87 20.20 21.05 20.40 20.13 20.00 19.62 20.00 19.94 21.54 20.02 20.34 19.27 19.59 14.91 15.62 13.56 16.47 14.07 16.91 16.09 17.92 15.62 12.94 12.34 11.15 8.58 6.25 6.35 7.09 4.85 0.00 5.54 7.26 5.82 7.14 7.87 10.72 12.59 14.05 14.46 16.80 19.09 
