0.00 4.75 7.42 8.77 12.10 14.18 16.84 18.19 21.27 21.11 21.94 20.90 21.45 20.61 20.73 19.71 20.32 20.65 20.64 19.30 21.06 20.07 20.54 20.83 23.15 22.87 24.01 24.00 25.95 25.86 26.15 24.39 24.26 24.08 23.42 23.32 22.65 23.24 22.96 24.39 24.78 25.68 25.81 26.61 25.39 25.39 25.96 26.28 27.00 28.65 30.38 30.59 31.24 31.57 32.25 32.05 32.61 31.96 30.96 30.21 30.18 29.29 28.52 29.14 28.93 27.40 27.14 27.79 27.06 26.40 28.26 28.50 28.23 27.05 27.20 25.99 23.89 23.26 22.03 21.15 20.38 21.82 22.20 23.22 24.35 24.01 25.89 25.11 24.53 23.72 25.01 22.85 22.69 21.59 23.36 23.21 24.35 24.39 27.21 27.73 29.07 28.58 28.06 27.53 27.20 26.55 24.93 24.54 23.98 24.48 23.96 25.27 24.84 26.37 27.22 26.23 25.78 28.12 29.66 25.96 26.77 28.52 30.60 30.49 
4.75 0.00 5.04 8.09 10.16 13.02 14.97 17.57 19.43 21.36 19.89 19.22 19.95 19.26 20.46 19.53 21.29 20.43 20.23 17.85 19.94 17.53 18.60 18.49 21.09 20.21 22.34 22.36 24.44 24.30 24.81 23.08 23.50 22.76 22.23 21.50 20.72 21.46 21.27 22.77 22.84 23.84 24.18 25.17 23.26 23.25 24.19 24.54 25.16 27.00 29.43 29.45 30.13 30.50 31.29 31.24 31.81 30.90 29.56 29.17 29.17 27.96 26.91 27.80 27.39 25.68 25.23 26.10 24.68 24.40 26.53 27.55 26.37 25.75 25.91 25.16 22.39 21.58 20.11 19.40 18.16 19.70 19.93 21.25 22.44 22.00 24.68 23.94 23.74 22.81 24.49 21.68 22.21 19.94 21.91 21.11 23.05 22.17 25.53 26.13 27.93 27.15 26.51 25.83 25.81 24.86 23.02 22.97 22.00 22.95 22.04 23.85 22.90 24.89 25.27 25.43 25.51 26.26 26.57 23.63 26.23 27.90 28.68 29.63 
7.42 5.04 0.00 5.84 8.51 9.87 12.21 13.53 16.22 17.15 17.37 15.36 16.85 17.17 19.54 19.65 21.33 20.24 19.74 16.85 17.71 14.62 14.98 15.29 17.13 16.47 19.34 19.46 21.52 21.58 22.40 20.77 21.05 20.42 19.23 18.45 17.63 18.19 18.08 19.05 19.37 20.56 21.13 22.00 19.55 19.68 20.92 21.66 21.98 24.28 27.21 27.32 27.79 28.30 29.77 29.09 29.46 28.34 26.97 26.37 25.94 24.76 23.80 24.49 24.02 22.42 21.93 22.37 20.76 20.64 23.45 24.03 23.18 22.30 22.92 21.99 18.98 17.97 15.99 14.92 13.54 14.51 15.24 16.70 17.93 18.04 22.05 21.21 20.59 20.30 21.85 19.28 19.10 17.29 17.67 17.65 19.31 18.98 21.93 22.31 24.27 23.39 22.51 21.49 21.39 20.11 17.94 17.82 16.85 17.58 16.59 18.51 17.65 19.65 21.46 21.79 21.89 22.94 23.76 21.47 23.41 25.39 26.53 26.75 
8.77 8.09 5.84 0.00 4.97 8.35 9.99 12.20 13.44 15.32 15.98 15.60 15.30 15.71 19.34 20.43 22.41 21.43 20.59 17.73 18.46 15.28 15.60 15.20 17.32 16.55 18.91 19.31 21.69 21.59 21.98 20.72 21.42 20.68 19.21 18.74 17.67 18.13 17.35 18.92 19.23 20.28 20.34 21.63 19.20 19.23 20.36 21.48 22.13 24.22 27.09 27.27 28.09 28.57 29.56 29.40 29.92 28.97 27.42 27.10 26.80 25.39 23.98 25.14 24.82 22.82 21.84 22.55 21.34 21.01 23.20 24.42 23.95 23.28 23.14 22.43 19.65 18.74 16.09 15.28 13.94 14.95 15.00 16.99 18.50 18.21 21.32 21.31 20.86 20.11 21.59 19.39 19.79 16.81 18.34 17.67 19.89 18.57 21.73 22.26 24.27 23.32 22.06 21.07 21.11 19.78 17.06 17.77 16.53 17.95 16.19 18.12 17.17 19.49 20.68 21.68 22.48 23.09 23.20 20.14 24.26 25.67 27.16 28.17 
12.10 10.16 8.51 4.97 0.00 5.69 7.45 9.85 12.67 13.47 12.64 12.04 13.25 12.07 15.41 16.52 20.52 19.84 18.71 15.51 16.63 14.09 14.10 14.26 17.03 16.47 17.88 17.92 20.89 20.39 20.64 18.96 20.62 19.77 18.43 18.11 16.98 17.58 16.38 18.56 18.81 20.08 19.40 20.96 18.64 18.82 19.31 20.37 20.91 23.42 25.24 26.18 26.90 27.47 27.65 27.91 28.66 27.99 25.88 25.93 26.29 24.77 22.78 24.39 24.21 22.27 21.30 22.78 21.82 21.15 22.60 24.34 23.78 22.68 22.66 22.44 20.50 19.52 17.03 15.66 14.35 15.49 15.13 16.66 18.42 17.93 18.98 18.45 18.38 17.46 19.04 17.13 17.81 15.58 17.42 17.62 19.46 19.21 21.84 23.08 24.90 24.05 22.53 21.62 21.57 20.20 17.46 17.58 16.33 16.92 15.29 17.11 16.09 19.06 19.33 19.33 19.62 21.64 22.95 21.72 20.46 22.57 26.68 28.12 
14.18 13.02 9.87 8.35 5.69 0.00 6.36 8.28 11.09 13.54 12.88 11.74 13.11 13.70 15.87 18.45 21.71 21.97 20.18 17.46 17.72 14.43 14.00 14.14 16.80 15.46 17.04 17.88 20.69 20.85 20.87 19.32 21.27 20.24 19.11 18.13 17.50 18.17 17.34 18.71 18.95 19.92 19.69 20.76 18.22 18.30 19.59 20.46 21.06 23.43 26.17 26.33 27.30 27.61 28.50 28.21 29.44 28.18 26.26 25.81 26.63 24.70 22.96 24.00 24.29 21.90 21.38 22.45 21.59 20.84 23.17 24.62 24.37 22.74 23.09 22.55 20.81 19.21 16.98 14.95 13.61 14.50 13.52 15.36 17.15 16.84 18.72 18.68 19.13 18.33 19.60 17.35 18.99 16.07 18.05 18.05 20.37 19.52 22.69 23.91 25.80 24.52 22.94 21.95 22.34 20.55 16.98 17.15 15.53 16.53 14.91 16.94 15.98 18.44 18.97 20.41 20.61 22.29 22.72 20.29 20.91 24.01 26.59 27.87 
16.84 14.97 12.21 9.99 7.45 6.36 0.00 5.95 7.82 10.88 12.13 11.76 12.85 14.68 17.41 19.09 23.42 23.18 21.95 18.36 18.93 15.48 14.68 14.48 15.93 15.43 17.41 17.94 20.93 20.91 21.59 19.87 21.58 20.96 18.94 17.98 16.77 18.47 17.07 18.46 18.49 19.60 18.75 20.61 17.95 18.01 18.99 20.41 20.49 23.22 25.78 26.22 26.64 27.68 28.60 28.27 28.89 27.94 25.79 25.46 25.83 24.33 22.53 23.57 23.45 21.55 20.69 21.91 20.80 20.79 22.65 24.38 23.93 22.71 22.89 22.73 20.73 19.66 16.28 14.66 13.61 13.51 13.29 14.51 16.87 15.97 18.54 18.43 19.30 18.36 19.12 16.75 17.98 15.93 17.33 17.35 19.31 19.43 22.20 22.75 25.01 24.01 21.80 21.23 21.24 19.48 14.70 14.84 13.55 13.99 13.42 14.92 14.21 16.71 18.36 19.35 20.22 20.87 21.53 21.24 20.12 21.34 25.26 26.24 
18.19 17.57 13.53 12.20 9.85 8.28 5.95 0.00 4.89 7.47 9.88 12.47 14.28 15.56 18.48 21.30 23.29 23.80 22.00 18.75 18.59 15.01 14.68 13.72 15.57 14.49 16.57 18.08 20.73 20.94 21.19 19.88 22.05 20.97 19.24 18.23 17.41 18.17 17.34 18.02 18.94 19.61 18.90 20.22 18.37 18.33 19.52 21.05 21.53 24.08 26.30 26.90 27.39 28.14 28.90 28.72 29.41 28.32 26.27 25.94 26.38 24.74 22.99 24.12 24.33 21.99 21.40 22.34 21.82 21.55 24.10 25.34 25.32 23.65 24.28 23.99 22.52 20.93 17.52 15.84 14.80 15.00 13.94 15.70 17.36 16.56 19.16 19.20 19.97 18.89 19.90 17.75 19.72 16.95 18.60 18.13 21.06 20.23 23.07 23.76 25.80 24.95 22.62 21.78 21.50 19.20 14.40 15.05 12.70 14.56 13.51 15.21 14.50 16.45 17.54 19.79 21.33 21.78 21.55 20.14 20.97 22.22 24.14 26.46 
21.27 19.43 16.22 13.44 12.67 11.09 7.82 4.89 0.00 5.16 6.51 10.52 14.03 16.25 19.21 21.00 23.23 23.64 23.44 18.99 18.74 15.64 15.92 14.95 16.49 15.80 17.55 19.07 22.33 22.08 22.59 21.75 23.53 22.51 20.20 20.23 19.08 19.74 18.55 19.85 20.42 21.62 20.67 22.38 20.48 20.93 21.38 22.36 23.10 25.55 27.42 27.84 28.71 28.99 29.87 29.58 30.39 29.28 27.48 27.12 27.98 26.30 24.47 25.78 26.15 24.07 23.48 24.29 23.76 24.14 26.38 27.77 27.70 26.26 26.96 27.14 25.34 24.57 21.32 19.25 18.24 18.15 16.63 17.24 19.76 18.07 20.62 19.83 20.84 20.52 21.36 20.04 21.34 18.78 20.49 19.69 22.38 21.40 24.30 24.96 27.75 26.47 24.28 22.99 22.16 19.55 15.35 15.04 13.48 14.71 14.33 16.05 16.74 17.90 19.02 19.82 22.42 21.70 22.16 20.90 22.99 23.46 26.22 26.19 
21.11 21.36 17.15 15.32 13.47 13.54 10.88 7.47 5.16 0.00 5.43 8.11 11.67 14.81 17.97 19.69 22.00 22.31 21.57 17.61 17.20 14.24 14.53 14.13 16.52 15.70 17.63 19.45 22.24 22.29 22.51 21.64 23.57 22.47 20.91 20.30 19.38 19.74 19.14 19.77 20.24 21.04 20.60 21.94 19.84 20.45 21.49 22.27 22.59 25.01 27.27 27.60 28.03 28.51 29.10 28.98 29.53 28.57 26.63 26.19 26.67 25.32 23.84 24.95 25.22 23.14 23.31 23.86 23.27 23.10 26.24 27.03 27.73 25.91 27.06 26.82 25.75 24.42 21.02 19.28 17.91 17.49 15.80 16.15 16.95 15.68 17.73 18.07 19.57 19.82 21.33 19.61 20.57 18.29 20.08 19.07 21.88 20.63 23.95 24.49 27.33 26.32 24.56 23.82 23.64 21.06 16.04 16.78 13.90 15.01 13.93 16.11 16.00 17.99 18.44 20.55 22.33 21.58 21.79 20.34 23.30 23.33 26.01 25.75 
21.94 19.89 17.37 15.98 12.64 12.88 12.13 9.88 6.51 5.43 0.00 5.75 8.35 10.98 15.01 17.07 18.75 19.68 19.96 14.50 15.00 12.53 13.22 13.21 15.72 16.10 18.37 19.53 22.46 22.56 22.98 21.54 22.90 22.49 20.64 19.51 17.87 18.81 18.23 19.30 19.72 21.19 20.67 22.09 19.21 19.28 20.19 21.33 21.10 24.30 26.59 26.78 26.90 27.27 27.94 27.38 27.76 26.75 25.01 24.56 24.78 23.35 21.93 23.52 23.51 21.84 21.61 22.75 21.47 22.31 24.74 26.37 26.48 25.55 26.56 26.32 24.35 22.99 19.29 17.63 16.61 15.79 14.10 14.35 15.97 13.15 15.20 15.00 17.60 17.63 19.88 18.19 18.24 16.36 18.85 17.80 19.45 19.21 22.61 23.35 25.77 25.61 23.81 22.58 22.33 19.86 15.71 14.79 12.23 11.65 11.90 12.86 13.40 15.45 17.23 18.68 20.64 19.65 19.98 19.76 22.16 22.69 25.67 25.17 
20.90 19.22 15.36 15.60 12.04 11.74 11.76 12.47 10.52 8.11 5.75 0.00 6.19 7.50 10.88 13.51 15.38 15.58 14.83 11.57 11.53 9.56 10.41 11.56 15.06 15.18 17.21 19.18 20.97 21.34 21.68 20.67 22.03 21.42 19.39 18.52 16.40 16.90 16.10 17.51 18.18 19.58 19.10 20.27 17.90 17.49 18.29 19.29 19.96 22.84 25.15 25.71 25.67 25.88 26.44 26.15 26.51 25.19 23.26 23.15 23.55 21.82 20.22 21.97 22.32 19.98 19.79 20.96 20.58 20.50 23.14 24.48 24.73 23.75 24.92 24.70 22.66 21.84 17.47 16.29 15.25 14.89 12.64 13.81 13.55 11.72 11.93 12.50 14.86 15.31 17.43 16.04 16.80 14.68 16.64 15.56 18.07 17.72 20.91 21.76 24.66 24.41 23.44 22.24 22.78 20.37 16.52 16.34 13.53 13.23 11.67 12.24 12.19 13.83 14.37 16.96 18.97 17.99 17.97 17.91 20.83 22.84 24.19 24.60 
21.45 19.95 16.85 15.30 13.25 13.11 12.85 14.28 14.03 11.67 8.35 6.19 0.00 6.43 8.14 10.77 13.64 14.15 13.57 10.76 13.25 10.56 12.97 13.27 18.05 17.67 20.10 20.85 23.24 23.20 23.24 21.92 23.31 21.84 19.46 18.64 16.37 16.57 15.48 17.03 17.98 19.78 19.18 20.86 18.22 18.12 18.42 19.64 20.21 23.25 25.61 26.02 26.33 26.56 27.14 27.06 27.56 26.12 23.99 24.02 24.99 22.95 20.79 22.64 23.25 21.17 20.17 22.09 21.81 21.98 23.82 25.90 26.32 25.13 26.27 25.69 23.61 22.22 19.45 17.37 17.93 15.57 14.68 13.91 14.70 9.79 12.73 12.16 15.11 14.88 17.32 15.66 16.39 13.79 17.05 15.56 18.40 17.98 21.60 22.99 26.22 25.91 25.09 24.52 24.56 21.83 17.37 16.70 14.57 13.60 11.81 11.49 11.89 12.85 14.50 15.95 18.52 17.67 18.51 17.39 20.26 22.76 24.76 24.59 
20.61 19.26 17.17 15.71 12.07 13.70 14.68 15.56 16.25 14.81 10.98 7.50 6.43 0.00 6.08 7.15 9.85 10.53 10.82 7.87 10.30 10.42 12.25 12.89 17.56 18.65 21.00 21.72 23.46 23.64 23.71 22.31 23.21 21.94 19.89 18.58 16.33 16.13 14.95 16.52 16.37 18.11 17.42 19.34 16.82 16.39 17.63 18.96 19.52 22.32 24.76 25.07 25.43 25.69 25.99 25.66 25.93 24.55 22.21 22.31 22.83 20.99 18.95 20.79 21.42 19.25 18.86 20.42 20.43 20.42 23.07 24.47 24.59 23.77 24.61 24.17 21.99 20.82 17.79 16.85 15.80 13.14 11.86 12.09 9.66 5.07 9.00 11.22 13.07 13.74 16.73 15.03 15.23 12.99 16.07 14.46 17.74 17.61 21.44 22.72 25.52 24.93 24.81 24.03 24.21 21.78 17.89 17.77 15.63 14.64 12.66 12.54 11.56 12.22 13.27 14.90 17.36 17.25 18.22 17.25 20.71 22.42 24.16 24.64 
20.73 20.46 19.54 19.34 15.41 15.87 17.41 18.48 19.21 17.97 15.01 10.88 8.14 6.08 0.48 6.17 6.76 9.29 11.33 9.65 11.16 11.50 14.58 14.96 19.98 21.05 23.05 24.34 26.50 26.52 26.74 24.49 25.12 23.66 21.13 19.27 16.92 16.45 15.05 15.92 15.87 17.59 16.90 18.79 16.10 16.88 17.77 18.99 19.43 22.60 24.98 25.07 25.42 25.48 25.79 25.02 24.93 23.46 21.43 21.18 21.60 19.73 17.95 19.91 20.49 18.31 17.85 19.75 19.55 19.81 22.30 24.31 24.99 23.87 24.34 23.67 21.69 20.62 18.11 16.32 17.09 13.78 12.39 10.90 11.81 7.23 9.30 9.67 14.38 14.69 17.74 15.22 15.06 12.73 16.20 14.63 17.63 17.58 21.60 22.84 26.02 25.94 25.00 24.22 24.59 22.44 18.73 18.07 16.79 15.73 12.88 12.97 11.38 11.18 11.84 14.42 17.52 16.62 17.16 16.96 20.53 22.21 24.39 24.64 
19.71 19.53 19.65 20.43 16.52 18.45 19.09 21.30 21.00 19.69 17.07 13.51 10.77 7.15 6.17 0.00 4.99 6.92 10.18 10.46 13.11 12.35 15.10 16.61 20.25 21.25 24.02 24.74 26.83 26.49 27.24 24.85 26.01 24.14 21.77 19.88 17.15 16.80 14.90 15.65 15.08 16.76 16.18 18.08 15.59 16.20 17.59 18.61 19.18 22.37 24.61 24.75 24.93 24.88 24.71 23.98 24.32 22.79 20.46 20.43 21.11 19.48 17.42 19.73 20.14 18.58 17.71 19.64 19.22 19.73 22.67 24.39 24.26 23.40 24.05 23.30 20.68 20.43 17.64 16.04 15.92 12.82 10.77 10.00 10.28 7.68 7.91 8.38 12.98 14.15 15.84 14.47 14.72 13.02 15.53 14.67 17.34 17.60 20.85 22.68 25.80 25.99 24.73 24.60 25.15 23.01 18.71 19.14 17.20 16.37 12.23 12.24 10.83 10.75 9.96 12.54 15.46 16.09 16.94 16.47 20.66 22.29 23.87 24.46 
20.32 21.29 21.33 22.41 20.52 21.71 23.42 23.29 23.23 22.00 18.75 15.38 13.64 9.85 6.76 4.99 0.00 5.53 7.35 9.82 13.32 13.92 16.26 18.08 22.23 23.00 25.49 27.25 29.43 30.02 29.67 27.85 28.10 26.84 23.52 21.51 18.56 18.10 16.01 16.56 15.71 16.81 16.04 18.56 17.02 17.28 18.47 19.48 20.36 23.35 25.87 25.74 26.82 26.31 25.86 25.65 25.94 24.45 21.81 22.01 23.00 21.41 19.10 21.18 21.92 19.65 19.20 20.89 20.77 21.15 24.28 25.90 25.59 24.26 25.72 24.27 21.67 20.51 19.17 15.72 15.56 12.59 10.91 10.47 11.16 8.34 11.96 12.18 14.79 15.63 18.14 16.65 17.28 15.19 18.25 16.96 19.01 18.81 22.58 24.50 28.40 27.85 27.01 26.44 27.25 24.29 20.71 19.95 17.62 17.37 14.05 14.20 12.52 13.00 13.93 14.62 17.25 17.90 19.12 17.67 21.83 23.16 25.98 25.56 
20.65 20.43 20.24 21.43 19.84 21.97 23.18 23.80 23.64 22.31 19.68 15.58 14.15 10.53 9.29 6.92 5.53 0.00 5.76 7.18 10.96 12.63 15.75 17.39 21.89 23.85 27.02 27.35 30.26 30.40 30.63 27.96 28.43 27.23 23.96 22.27 19.01 19.38 15.99 17.32 15.96 17.92 16.60 19.73 17.36 18.29 19.48 20.42 21.14 23.92 26.03 26.13 26.95 26.82 26.16 25.75 25.81 24.26 21.82 22.30 22.74 21.52 19.26 21.33 21.73 19.38 19.23 21.10 20.59 20.90 23.80 25.38 24.97 24.07 24.50 23.91 21.36 20.34 18.80 15.67 15.68 10.75 11.45 10.58 11.92 10.20 14.39 15.52 17.13 16.84 19.37 16.83 17.11 15.96 18.46 15.83 19.07 19.24 22.56 24.73 28.27 28.02 26.52 26.55 26.60 25.20 20.27 19.57 16.81 17.39 14.35 15.03 12.58 14.11 14.70 16.25 17.25 18.68 19.66 18.57 22.36 23.57 26.26 26.12 
20.64 20.23 19.74 20.59 18.71 20.18 21.95 22.00 23.44 21.57 19.96 14.83 13.57 10.82 11.33 10.18 7.35 5.76 0.00 6.06 8.02 10.20 13.30 15.81 19.14 21.81 25.23 26.26 28.92 29.87 29.99 27.29 27.22 25.87 22.97 20.75 18.24 17.43 14.40 15.15 15.01 16.66 16.59 18.95 17.23 17.76 18.81 19.78 20.39 23.47 25.45 25.55 26.07 25.78 25.00 24.53 24.32 23.07 20.99 21.19 21.51 20.44 18.74 20.76 20.79 18.64 18.04 19.89 19.24 19.55 22.11 23.62 24.00 22.35 23.27 21.73 19.75 17.24 14.85 12.28 11.19 7.26 7.79 7.82 11.36 9.60 15.09 14.52 16.93 16.93 19.77 16.74 16.64 15.10 17.99 14.40 18.92 18.83 22.38 24.09 28.00 27.60 26.05 25.37 26.01 24.08 19.99 18.72 16.18 17.24 13.35 15.24 13.82 15.00 16.80 18.18 18.84 18.84 18.96 18.59 22.94 23.65 26.23 25.38 
19.30 17.85 16.85 17.73 15.51 17.46 18.36 18.75 18.99 17.61 14.50 11.57 10.76 7.87 9.65 10.46 9.82 7.18 6.06 0.00 5.50 5.90 9.59 11.49 15.28 17.31 20.51 22.34 24.52 25.64 25.86 23.85 24.27 22.92 20.05 18.43 15.53 14.37 11.52 12.68 12.01 14.61 14.76 16.78 14.56 14.96 15.74 16.71 17.54 20.42 22.46 22.79 23.24 22.76 22.35 21.61 22.01 20.19 18.23 18.47 19.24 17.83 15.73 18.30 18.72 16.23 15.31 16.89 15.56 16.02 18.69 20.66 20.16 19.63 20.66 19.86 17.94 14.67 13.31 9.75 11.29 6.81 7.48 10.32 12.45 10.31 13.55 14.74 15.66 15.18 17.46 13.95 14.26 11.39 14.68 11.90 15.14 15.23 18.76 21.28 25.24 24.68 23.25 23.05 23.22 20.47 15.62 15.46 13.23 12.45 8.85 11.86 11.09 13.09 13.79 16.08 16.86 17.26 17.93 17.54 20.67 22.36 23.72 24.51 
21.06 19.94 17.71 18.46 16.63 17.72 18.93 18.59 18.74 17.20 15.00 11.53 13.25 10.30 11.16 13.11 13.32 10.96 8.02 5.50 0.00 5.10 6.46 9.87 12.96 15.74 18.38 20.63 23.63 24.05 24.31 23.85 24.59 23.46 20.19 19.16 15.53 15.12 11.81 13.67 14.36 16.13 16.57 18.66 16.22 15.78 15.99 17.18 18.70 21.44 23.29 24.07 24.73 24.23 23.19 23.46 24.00 22.43 20.04 20.42 21.36 19.93 18.02 20.29 20.94 17.86 16.66 17.74 16.30 15.95 18.59 20.55 19.75 18.80 20.63 18.74 15.18 13.37 10.88 8.11 9.10 7.73 10.05 13.03 15.76 13.40 16.01 16.15 18.23 16.62 18.86 15.51 14.09 12.06 15.01 11.96 15.22 14.65 18.78 21.17 24.93 25.05 23.40 23.52 23.59 21.34 15.89 16.27 13.50 14.81 11.73 14.34 13.62 16.53 17.86 19.39 19.10 19.46 19.81 17.80 21.51 22.96 25.39 25.39 
20.07 17.53 14.62 15.28 14.09 14.43 15.48 15.01 15.64 14.24 12.53 9.56 10.56 10.42 11.50 12.35 13.92 12.63 10.20 5.90 5.10 0.00 5.10 5.58 10.02 12.54 15.83 17.30 19.52 20.81 21.36 19.76 20.09 19.09 16.23 14.79 11.19 11.21 8.90 10.87 12.20 14.79 15.23 17.13 13.94 13.79 14.41 15.18 15.99 19.02 21.21 21.56 22.41 21.93 21.36 20.98 21.53 19.57 17.89 17.99 19.17 17.52 15.93 18.12 19.11 16.17 14.99 15.64 14.60 13.41 15.28 17.35 17.63 16.86 18.17 16.17 13.97 11.14 9.84 7.11 8.87 8.92 11.32 13.18 15.87 14.41 15.54 15.69 16.50 16.07 17.81 13.20 12.37 10.11 11.87 9.77 12.04 12.17 15.62 18.13 22.29 22.44 20.42 19.81 19.67 17.25 12.39 11.98 10.34 11.00 9.51 12.30 11.52 14.58 15.14 17.30 17.46 18.07 18.60 17.25 20.09 22.14 23.84 24.47 
20.54 18.60 14.98 15.60 14.10 14.00 14.68 14.68 15.92 14.53 13.22 10.41 12.97 12.25 14.58 15.10 16.26 15.75 13.30 9.59 6.46 5.10 0.00 5.39 7.18 11.14 13.88 15.55 18.12 19.20 20.41 18.15 19.24 18.15 14.99 13.71 11.07 11.45 9.46 11.89 13.76 16.26 17.29 18.28 14.81 14.74 15.07 15.92 16.90 19.71 21.72 21.82 22.27 22.15 21.44 20.96 21.37 20.52 18.57 18.81 19.60 18.80 16.96 19.07 19.85 17.40 15.92 16.26 14.30 13.43 15.14 16.63 17.14 14.93 15.39 14.32 11.30 9.23 7.46 6.72 9.63 10.99 13.00 14.03 16.99 15.42 18.44 18.06 19.34 18.42 21.65 16.51 15.37 11.85 13.26 8.95 13.01 12.15 16.45 18.26 21.80 21.11 19.35 19.21 18.90 17.19 13.24 13.66 11.95 13.11 11.89 14.81 14.32 16.69 18.06 18.79 19.09 19.11 18.88 17.17 21.47 22.36 24.49 24.40 
20.83 18.49 15.29 15.20 14.26 14.14 14.48 13.72 14.95 14.13 13.21 11.56 13.27 12.89 14.96 16.61 18.08 17.39 15.81 11.49 9.87 5.58 5.39 0.00 5.41 6.13 10.26 11.83 14.50 15.51 16.42 14.17 15.53 14.27 12.00 11.26 10.19 9.81 9.22 12.04 13.56 16.49 17.40 18.20 14.89 14.14 14.46 14.63 15.57 17.65 19.86 19.97 20.87 20.02 19.35 18.94 20.09 18.91 17.47 17.85 19.44 18.44 16.71 19.26 19.90 17.55 16.00 16.51 13.84 12.67 14.44 15.87 15.41 14.42 14.89 13.73 11.22 8.84 8.51 8.43 11.03 12.71 15.00 16.92 18.13 17.17 19.07 19.52 19.20 18.28 19.61 15.21 13.48 10.91 10.06 5.31 8.69 9.85 11.74 14.41 18.17 18.18 16.57 16.51 16.78 14.43 10.97 11.90 11.31 12.81 11.37 14.43 13.95 17.00 16.85 18.72 18.94 19.56 19.23 18.30 21.36 23.07 24.08 24.58 
23.15 21.09 17.13 17.32 17.03 16.80 15.93 15.57 16.49 16.52 15.72 15.06 18.05 17.56 19.98 20.25 22.23 21.89 19.14 15.28 12.96 10.02 7.18 5.41 0.00 5.81 7.15 9.52 12.31 12.96 14.37 13.41 14.72 14.14 11.11 12.29 10.89 12.38 11.72 14.68 17.08 19.54 19.94 20.46 17.71 16.66 16.67 16.70 17.19 18.99 20.82 21.46 22.68 21.78 20.73 20.88 22.47 21.39 19.28 20.27 22.10 21.15 19.28 21.78 22.81 20.06 18.80 18.61 16.04 14.93 15.74 16.32 14.81 13.73 15.09 14.04 10.63 10.00 9.42 10.61 13.04 15.11 17.11 20.04 22.15 21.01 23.07 22.26 22.71 21.44 23.12 18.21 16.99 12.85 13.91 8.98 10.25 9.48 13.14 14.55 18.99 18.33 16.76 16.86 16.92 16.07 13.03 13.98 13.41 15.76 14.57 17.47 17.24 18.96 20.36 20.82 21.64 21.67 21.65 18.98 23.82 24.51 26.34 26.34 
22.87 20.21 16.47 16.55 16.47 15.46 15.43 14.49 15.80 15.70 16.10 15.18 17.67 18.65 21.05 21.25 23.00 23.85 21.81 17.31 15.74 12.54 11.14 6.13 5.81 0.00 5.96 6.44 9.38 11.14 11.31 9.92 11.30 10.75 8.75 8.72 7.73 10.48 11.77 15.31 17.15 20.07 20.22 21.00 17.30 16.31 16.50 16.48 16.52 17.82 19.45 19.46 20.65 19.93 19.29 19.19 20.72 19.57 18.45 18.99 21.06 19.92 18.92 21.02 22.30 19.60 18.58 18.74 16.45 15.11 14.80 15.93 14.31 12.64 12.79 12.75 10.35 9.65 9.13 10.92 13.69 15.69 17.15 19.83 22.13 21.96 23.75 22.90 23.06 22.25 23.11 18.91 16.70 13.58 12.60 9.65 9.51 7.21 10.12 12.81 15.74 15.55 14.84 15.39 16.47 15.51 12.60 14.46 13.94 16.11 15.23 18.45 17.61 20.35 19.33 21.27 22.20 22.23 21.61 20.67 23.95 24.73 26.05 26.10 
24.01 22.34 19.34 18.91 17.88 17.04 17.41 16.57 17.55 17.63 18.37 17.21 20.10 21.00 23.05 24.02 25.49 27.02 25.23 20.51 18.38 15.83 13.88 10.26 7.15 5.96 2.28 6.32 7.70 9.87 12.43 9.81 11.39 11.59 10.30 11.15 11.17 13.79 15.04 19.05 20.21 22.54 22.69 23.07 19.40 18.11 18.34 17.76 17.61 19.11 20.39 20.38 20.81 20.82 20.96 20.79 21.66 21.52 20.38 20.86 22.42 21.91 21.02 22.92 24.48 22.14 20.91 20.82 18.99 17.07 16.85 17.30 15.83 14.24 14.10 13.57 12.20 13.00 12.59 13.58 15.16 18.60 19.96 22.23 24.31 24.15 26.20 25.79 25.88 24.73 26.44 22.17 21.30 16.97 16.38 12.00 12.92 10.08 10.92 11.81 15.14 15.24 14.34 15.43 17.10 16.51 14.03 16.25 16.65 18.03 17.10 19.47 19.56 20.98 21.51 22.14 23.88 22.99 22.60 20.93 25.81 25.60 27.09 26.14 
24.00 22.36 19.46 19.31 17.92 17.88 17.94 18.08 19.07 19.45 19.53 19.18 20.85 21.72 24.34 24.74 27.25 27.35 26.26 22.34 20.63 17.30 15.55 11.83 9.52 6.44 6.32 0.05 5.65 5.96 8.88 8.60 9.48 9.58 9.05 10.87 12.27 14.55 16.31 20.21 21.94 24.01 24.30 24.35 20.40 19.31 19.24 18.50 18.40 19.59 20.92 20.88 21.09 20.99 21.00 21.25 22.18 21.89 20.66 21.57 22.97 22.53 21.36 23.85 24.50 22.51 21.68 22.21 19.53 18.39 18.58 19.12 16.48 15.24 14.70 14.44 12.24 13.90 13.98 15.34 16.02 19.13 20.52 23.09 25.51 25.04 27.48 26.70 27.08 25.84 27.45 24.32 23.08 18.57 17.68 13.57 13.04 10.87 10.22 10.96 14.63 14.46 13.22 15.23 18.03 16.97 14.74 17.22 18.18 19.14 18.22 20.72 20.58 22.74 22.20 24.02 25.03 24.85 23.65 23.45 26.39 27.30 27.37 26.81 
25.95 24.44 21.52 21.69 20.89 20.69 20.93 20.73 22.33 22.24 22.46 20.97 23.24 23.46 26.50 26.83 29.43 30.26 28.92 24.52 23.63 19.52 18.12 14.50 12.31 9.38 7.70 5.65 0.82 5.67 7.38 8.92 10.87 11.30 10.78 13.71 14.95 16.56 18.65 22.43 24.32 26.29 26.51 26.63 23.57 21.62 21.26 20.66 20.84 21.64 22.39 22.90 23.23 22.75 22.10 23.58 24.76 24.12 22.34 23.55 25.40 24.63 23.79 25.93 26.76 24.80 23.95 24.25 21.59 20.62 20.74 21.38 18.97 17.33 16.95 16.51 14.82 15.49 14.81 16.66 18.06 21.02 22.47 25.41 28.14 27.54 30.11 29.05 29.99 29.00 30.89 27.92 26.29 21.60 21.42 17.05 16.54 12.47 12.70 12.97 15.85 15.41 14.17 16.35 19.49 19.27 16.39 19.16 20.49 20.93 20.12 22.51 23.36 25.05 25.73 26.20 27.34 26.88 27.00 25.87 28.71 28.03 30.33 29.37 
25.86 24.30 21.58 21.59 20.39 20.85 20.91 20.94 22.08 22.29 22.56 21.34 23.20 23.64 26.52 26.49 30.02 30.40 29.87 25.64 24.05 20.81 19.20 15.51 12.96 11.14 9.87 5.96 5.67 0.00 5.86 7.05 9.07 11.32 10.01 12.32 13.19 15.88 18.05 22.24 24.48 26.63 26.90 26.80 22.58 20.98 20.81 20.58 19.95 20.84 21.54 22.31 22.49 21.97 21.27 22.21 23.87 22.99 21.63 22.39 24.60 23.59 22.79 25.01 26.24 24.37 23.39 23.58 21.34 20.49 20.15 21.32 19.17 17.78 17.09 16.89 14.20 16.13 14.64 17.02 18.00 21.53 22.96 25.68 28.32 27.44 30.07 29.30 29.91 28.99 31.11 27.88 26.39 21.67 20.41 17.49 16.25 13.24 12.89 12.58 15.18 14.38 13.58 16.59 20.03 19.65 17.20 19.27 20.36 21.41 20.43 22.66 23.15 25.01 24.49 25.94 27.45 27.72 26.76 26.64 29.21 29.91 30.22 28.90 
26.15 24.81 22.40 21.98 20.64 20.87 21.59 21.19 22.59 22.51 22.98 21.68 23.24 23.71 26.74 27.24 29.67 30.63 29.99 25.86 24.31 21.36 20.41 16.42 14.37 11.31 12.43 8.88 7.38 5.86 0.12 6.17 8.65 9.29 10.37 12.50 13.50 16.48 19.51 22.68 24.52 27.59 27.53 27.33 22.39 21.35 21.22 20.40 19.68 20.50 22.24 22.02 22.22 22.04 22.05 22.22 23.48 23.13 21.91 22.49 24.12 23.23 22.46 24.38 25.86 23.84 23.03 23.19 21.10 20.17 20.15 21.28 19.42 17.91 17.46 16.68 14.66 16.39 15.78 17.07 18.29 21.40 23.46 25.86 28.33 28.02 30.49 29.83 30.53 29.85 31.33 28.15 26.16 22.30 20.75 17.92 17.07 13.87 14.73 12.32 14.66 14.48 13.43 16.60 19.71 19.82 17.49 19.18 20.29 21.15 20.71 22.40 23.16 24.34 24.85 25.64 27.13 26.21 25.71 26.38 29.46 28.48 29.77 28.69 
24.39 23.08 20.77 20.72 18.96 19.32 19.87 19.88 21.75 21.64 21.54 20.67 21.92 22.31 24.49 24.85 27.85 27.96 27.29 23.85 23.85 19.76 18.15 14.17 13.41 9.92 9.81 8.60 8.92 7.05 6.17 0.00 6.53 7.07 7.89 10.47 12.57 14.75 17.41 20.90 23.25 25.52 26.34 26.29 21.38 19.73 19.83 18.49 17.25 18.25 20.04 19.97 20.62 20.19 20.11 20.21 21.63 20.64 19.81 20.43 22.45 21.43 20.30 22.54 23.58 22.02 21.49 21.69 19.61 18.61 18.99 20.04 18.25 16.62 16.30 15.60 13.41 14.67 13.52 15.33 16.34 19.05 20.63 22.77 25.87 25.19 28.62 27.93 28.38 27.69 29.30 26.42 24.71 20.80 19.29 15.83 14.84 11.92 11.18 9.98 12.62 13.48 12.67 15.24 18.83 18.34 16.06 18.00 18.96 19.90 19.13 21.05 21.45 22.84 22.82 24.35 25.93 25.67 24.83 24.48 28.08 29.12 28.58 27.56 
24.26 23.50 21.05 21.42 20.62 21.27 21.58 22.05 23.53 23.57 22.90 22.03 23.31 23.21 25.12 26.01 28.10 28.43 27.22 24.27 24.59 20.09 19.24 15.53 14.72 11.30 11.39 9.48 10.87 9.07 8.65 6.53 0.00 6.21 6.82 10.61 12.73 15.11 18.18 21.82 23.86 25.30 25.90 27.30 23.36 21.99 21.03 19.88 19.37 19.81 20.93 21.40 22.62 22.25 21.44 22.04 23.50 22.56 20.95 21.78 24.15 22.99 21.68 23.91 25.08 23.25 22.40 23.10 21.02 19.90 19.96 21.65 20.29 18.82 18.45 17.30 15.52 16.26 14.41 16.04 16.84 19.56 20.07 22.79 24.86 25.03 28.50 28.04 27.79 27.00 28.57 26.04 24.76 20.88 20.32 17.05 15.35 13.08 13.05 12.41 14.70 15.67 14.50 16.93 19.56 19.70 16.92 19.03 20.37 21.23 20.69 22.68 23.12 24.88 25.29 25.86 26.68 26.75 26.76 27.12 29.38 29.43 31.01 30.55 
24.08 22.76 20.42 20.68 19.77 20.24 20.96 20.97 22.51 22.47 22.49 21.42 21.84 21.94 23.66 24.14 26.84 27.23 25.87 22.92 23.46 19.09 18.15 14.27 14.14 10.75 11.59 9.58 11.30 11.32 9.29 7.07 6.21 0.00 4.72 7.62 10.80 13.64 16.29 19.36 21.61 24.68 24.16 25.21 20.31 18.95 18.46 17.95 17.59 17.94 19.48 20.08 21.57 21.06 20.77 21.20 22.75 21.53 20.41 20.74 22.88 21.77 20.58 22.98 24.00 21.85 20.80 21.79 19.61 18.74 19.33 20.84 19.66 18.61 18.47 16.93 14.00 15.27 13.02 14.75 15.15 17.93 17.98 21.28 23.71 23.24 26.11 26.15 25.88 24.90 26.31 24.35 22.97 19.02 18.02 14.84 13.54 10.87 11.06 10.95 14.04 14.78 14.15 15.65 18.90 18.29 15.66 17.78 19.00 20.35 18.73 21.56 21.54 23.15 22.70 24.51 25.47 25.65 25.23 24.67 28.81 29.35 29.59 28.51 
23.42 22.23 19.23 19.21 18.43 19.11 18.94 19.24 20.20 20.91 20.64 19.39 19.46 19.89 21.13 21.77 23.52 23.96 22.97 20.05 20.19 16.23 14.99 12.00 11.11 8.75 10.30 9.05 10.78 10.01 10.37 7.89 6.82 4.72 0.00 6.69 8.28 11.56 13.58 16.87 18.65 20.63 20.99 21.50 17.22 16.53 16.29 15.69 15.34 16.54 18.34 19.23 20.09 20.12 20.17 20.36 21.40 20.87 19.44 19.68 20.95 20.22 19.20 21.14 21.62 19.56 18.67 19.74 17.34 16.46 17.33 19.28 17.57 16.87 17.56 15.43 12.46 13.03 11.51 12.35 12.15 14.90 15.36 17.79 21.32 20.64 23.26 22.51 23.07 22.14 23.96 20.94 20.51 16.77 15.60 14.02 11.13 10.26 10.56 11.25 13.92 14.60 13.86 15.00 16.53 16.35 14.28 15.86 17.00 17.72 16.81 19.29 19.44 20.49 20.55 21.82 22.83 22.00 21.76 22.75 26.11 25.97 26.71 26.40 
23.32 21.50 18.45 18.74 18.11 18.13 17.98 18.23 20.23 20.30 19.51 18.52 18.64 18.58 19.27 19.88 21.51 22.27 20.75 18.43 19.16 14.79 13.71 11.26 12.29 8.72 11.15 10.87 13.71 12.32 12.50 10.47 10.61 7.62 6.69 0.00 6.28 7.71 11.12 13.00 15.35 17.47 18.32 19.12 14.70 13.66 14.32 14.19 14.71 15.83 18.19 19.23 20.41 19.90 19.63 19.83 21.16 20.17 18.59 18.93 20.63 19.79 18.36 20.60 21.04 18.81 17.92 19.12 17.01 16.24 17.20 19.47 17.99 17.43 17.97 17.38 13.89 14.72 11.57 13.13 11.73 14.85 14.00 17.14 19.48 19.11 21.63 21.57 20.97 20.56 22.28 19.83 19.04 15.12 13.55 11.59 10.67 8.03 9.64 11.15 13.71 14.69 14.53 14.96 17.07 15.41 13.91 15.11 16.27 16.61 15.50 18.06 18.38 19.35 18.99 20.62 22.01 21.23 20.84 21.10 24.85 25.39 25.90 25.68 
22.65 20.72 17.63 17.67 16.98 17.50 16.77 17.41 19.08 19.38 17.87 16.40 16.37 16.33 16.92 17.15 18.56 19.01 18.24 15.53 15.53 11.19 11.07 10.19 10.89 7.73 11.17 12.27 14.95 13.19 13.50 12.57 12.73 10.80 8.28 6.28 0.00 5.99 6.67 9.25 11.83 13.92 14.45 16.15 13.30 12.61 13.43 13.32 14.89 17.16 18.97 20.02 20.74 20.44 20.21 20.56 21.66 20.60 18.41 18.96 20.44 19.27 17.43 20.11 20.49 17.78 16.27 17.90 16.24 15.59 16.71 19.18 18.44 16.86 17.82 17.18 15.26 13.19 9.95 11.35 10.73 11.98 11.37 14.01 17.12 15.38 18.67 17.57 18.46 17.21 19.62 16.09 16.58 14.00 11.29 10.89 9.05 9.24 10.42 12.65 15.76 16.14 15.50 16.40 17.40 15.88 13.87 14.68 16.16 15.51 15.10 16.74 17.03 18.63 19.23 19.31 20.46 20.49 20.87 20.36 23.10 23.94 25.86 25.96 
23.24 21.46 18.19 18.13 17.58 18.17 18.47 18.17 19.74 19.74 18.81 16.90 16.57 16.13 16.45 16.80 18.10 19.38 17.43 14.37 15.12 11.21 11.45 9.81 12.38 10.48 13.79 14.55 16.56 15.88 16.48 14.75 15.11 13.64 11.56 7.71 5.99 0.00 5.78 6.91 9.73 12.20 12.63 13.11 10.89 10.93 11.71 12.49 14.34 17.78 19.84 21.14 21.13 21.00 20.40 20.97 21.77 20.69 18.94 19.05 20.35 19.19 17.83 19.97 20.36 17.74 16.25 17.56 16.17 16.20 17.74 19.63 18.86 18.87 19.37 18.49 15.50 15.65 11.98 12.99 11.66 14.30 12.34 14.78 17.08 15.23 17.27 17.02 17.24 16.40 18.43 14.51 14.20 10.41 9.16 7.97 7.96 7.86 9.66 12.92 16.73 17.29 15.58 17.12 18.22 16.40 13.89 14.73 15.19 15.30 14.09 16.75 16.14 17.63 17.88 19.21 19.59 19.96 20.18 19.31 22.17 23.64 25.10 25.47 
22.96 21.27 18.08 17.35 16.38 17.34 17.07 17.34 18.55 19.14 18.23 16.10 15.48 14.95 15.05 14.90 16.01 15.99 14.40 11.52 11.81 8.90 9.46 9.22 11.72 11.77 15.04 16.31 18.65 18.05 19.51 17.41 18.18 16.29 13.58 11.12 6.67 5.78 0.00 5.66 6.74 10.02 10.32 11.78 9.79 10.74 11.84 12.93 15.14 18.96 20.34 21.29 21.10 20.78 20.11 20.19 20.87 19.95 18.18 18.12 18.97 18.01 16.79 18.37 18.44 16.03 15.08 16.55 14.79 15.12 17.32 19.23 18.24 18.11 18.79 17.73 13.78 14.00 11.50 11.01 9.24 11.87 11.39 12.42 14.94 13.28 15.43 14.45 15.53 14.51 16.20 13.18 12.29 9.66 7.27 9.47 8.30 10.03 12.60 15.39 19.37 19.25 17.56 17.80 18.42 16.14 14.27 13.98 14.08 13.60 13.09 15.10 15.14 16.15 17.17 17.99 18.87 18.50 17.82 17.60 21.33 22.46 23.57 24.09 
24.39 22.77 19.05 18.92 18.56 18.71 18.46 18.02 19.85 19.77 19.30 17.51 17.03 16.52 15.92 15.65 16.56 17.32 15.15 12.68 13.67 10.87 11.89 12.04 14.68 15.31 19.05 20.21 22.43 22.24 22.68 20.90 21.82 19.36 16.87 13.00 9.25 6.91 5.66 0.00 5.10 6.75 9.65 11.60 10.01 10.70 12.28 14.05 15.99 19.74 21.96 23.07 23.05 22.50 21.64 21.60 21.93 20.95 19.26 19.35 20.74 19.59 17.88 20.19 20.21 17.65 16.64 18.34 16.70 16.87 19.05 21.32 20.11 19.56 20.39 19.75 16.41 15.94 12.57 13.66 11.57 13.88 12.87 14.85 17.36 14.84 17.36 16.19 16.32 14.12 15.42 10.90 11.46 7.70 7.45 7.83 8.92 10.62 14.25 16.73 19.52 20.69 19.40 19.37 20.04 17.40 15.17 15.19 15.19 15.07 14.18 16.29 16.14 17.44 17.79 19.23 19.93 19.52 19.46 18.95 21.99 23.71 24.14 24.59 
24.78 22.84 19.37 19.23 18.81 18.95 18.49 18.94 20.42 20.24 19.72 18.18 17.98 16.37 15.87 15.08 15.71 15.96 15.01 12.01 14.36 12.20 13.76 13.56 17.08 17.15 20.21 21.94 24.32 24.48 24.52 23.25 23.86 21.61 18.65 15.35 11.83 9.73 6.74 5.10 0.00 4.18 6.95 10.48 11.19 12.69 13.01 15.09 18.21 20.81 22.43 23.79 23.59 23.64 22.62 22.07 22.24 21.14 19.47 19.79 21.17 20.26 18.26 20.91 20.95 18.19 17.20 19.07 17.08 17.53 19.60 21.46 21.12 20.37 20.84 20.02 18.08 17.10 13.85 14.56 14.18 15.39 13.58 15.79 18.18 15.75 17.27 14.94 14.55 12.62 13.43 8.61 9.25 9.19 8.89 10.70 11.82 13.26 16.87 19.74 22.17 22.64 21.79 21.54 22.42 20.01 16.94 16.26 16.33 16.16 15.78 17.10 17.46 18.83 19.93 20.19 21.20 19.98 20.60 18.87 22.39 22.91 24.94 24.89 
25.68 23.84 20.56 20.28 20.08 19.92 19.60 19.61 21.62 21.04 21.19 19.58 19.78 18.11 17.59 16.76 16.81 17.92 16.66 14.61 16.13 14.79 16.26 16.49 19.54 20.07 22.54 24.01 26.29 26.63 27.59 25.52 25.30 24.68 20.63 17.47 13.92 12.20 10.02 6.75 4.18 0.00 5.41 7.99 9.69 12.06 13.91 15.56 17.73 21.25 22.69 24.23 24.63 23.94 23.03 23.03 23.28 22.00 19.97 20.50 22.21 21.38 19.59 21.90 21.46 19.29 18.78 20.63 19.17 19.64 21.37 23.08 22.98 22.47 23.05 21.95 20.47 20.61 17.76 17.37 16.49 18.64 17.25 18.13 20.83 17.87 19.37 17.21 16.30 13.60 14.28 9.48 10.41 9.54 9.91 12.73 15.23 16.21 18.34 22.30 24.60 25.01 23.25 23.49 24.00 21.85 18.23 17.69 17.67 17.91 16.42 18.05 18.27 19.68 20.17 21.18 22.32 21.12 21.33 20.32 23.25 23.83 25.35 25.09 
25.81 24.18 21.13 20.34 19.40 19.69 18.75 18.90 20.67 20.60 20.67 19.10 19.18 17.42 16.90 16.18 16.04 16.60 16.59 14.76 16.57 15.23 17.29 17.40 19.94 20.22 22.69 24.30 26.51 26.90 27.53 26.34 25.90 24.16 20.99 18.32 14.45 12.63 10.32 9.65 6.95 5.41 0.00 6.29 7.59 10.67 12.66 14.28 15.87 19.14 21.33 21.90 22.44 22.34 22.11 22.23 22.54 21.00 19.31 19.79 20.99 20.37 19.17 21.15 20.61 18.68 19.14 20.93 19.98 19.93 22.13 23.90 23.81 23.00 23.91 23.51 21.73 21.60 19.60 19.18 18.00 19.47 18.82 19.75 21.63 18.77 19.12 17.31 16.84 14.58 15.64 11.85 12.95 11.30 12.42 14.27 16.56 17.88 20.67 23.04 26.29 25.58 24.73 24.31 24.83 22.90 19.76 19.03 18.86 18.72 17.85 19.28 19.29 20.08 20.62 21.63 22.87 21.08 20.36 19.87 23.83 23.68 24.95 24.70 
26.61 25.17 22.00 21.63 20.96 20.76 20.61 20.22 22.38 21.94 22.09 20.27 20.86 19.34 18.79 18.08 18.56 19.73 18.95 16.78 18.66 17.13 18.28 18.20 20.46 21.00 23.07 24.35 26.63 26.80 27.33 26.29 27.30 25.21 21.50 19.12 16.15 13.11 11.78 11.60 10.48 7.99 6.29 0.00 5.21 8.03 10.06 12.53 14.19 17.80 19.79 21.88 21.71 21.15 21.56 22.18 22.51 21.35 19.71 20.56 21.90 20.98 19.83 21.98 21.84 19.97 19.93 21.69 20.89 21.30 22.88 24.89 24.67 23.97 24.58 24.57 23.08 23.09 20.24 20.33 18.70 20.38 19.78 21.30 23.02 20.22 20.60 18.93 18.02 16.25 17.02 13.63 14.60 13.89 14.56 16.61 17.51 19.86 23.02 25.29 28.08 28.20 26.86 26.07 26.69 25.03 22.42 21.75 20.73 20.73 19.48 20.61 20.53 21.16 21.19 22.64 23.49 22.12 22.26 21.35 24.14 24.69 25.88 25.62 
25.39 23.26 19.55 19.20 18.64 18.22 17.95 18.37 20.48 19.84 19.21 17.90 18.22 16.82 16.10 15.59 17.02 17.36 17.23 14.56 16.22 13.94 14.81 14.89 17.71 17.30 19.40 20.40 23.57 22.58 22.39 21.38 23.36 20.31 17.22 14.70 13.30 10.89 9.79 10.01 11.19 9.69 7.59 5.21 0.00 5.62 6.81 9.22 11.33 14.12 16.23 17.36 17.87 17.25 17.34 17.89 19.30 18.21 16.41 17.22 18.74 18.08 16.68 18.90 19.17 17.22 17.27 18.62 17.97 18.28 20.31 21.86 22.12 21.13 22.11 22.09 20.84 19.99 17.83 17.07 16.21 17.47 16.93 18.14 20.15 17.83 18.29 16.49 16.31 14.39 16.53 12.49 13.49 12.64 13.74 15.13 16.96 17.45 21.26 22.62 26.42 25.87 24.66 23.97 24.59 23.15 20.27 19.51 18.52 18.37 16.77 18.19 18.31 19.28 19.80 20.30 21.03 20.32 20.81 18.95 22.12 22.82 25.09 25.04 
25.39 23.25 19.68 19.23 18.82 18.30 18.01 18.33 20.93 20.45 19.28 17.49 18.12 16.39 16.88 16.20 17.28 18.29 17.76 14.96 15.78 13.79 14.74 14.14 16.66 16.31 18.11 19.31 21.62 20.98 21.35 19.73 21.99 18.95 16.53 13.66 12.61 10.93 10.74 10.70 12.69 12.06 10.67 8.03 5.62 0.00 5.31 6.57 8.91 11.72 13.62 14.44 15.69 14.97 14.84 15.85 17.38 17.01 15.13 16.16 17.82 16.99 15.50 17.93 17.81 16.25 16.02 17.64 16.91 17.49 19.44 21.07 20.96 20.30 21.81 21.63 20.09 19.71 17.67 16.10 14.68 16.55 16.35 17.66 19.35 17.00 18.30 17.73 17.02 15.17 17.30 14.24 14.67 13.19 13.72 15.45 17.10 18.02 21.11 23.10 25.71 25.55 24.14 23.51 24.40 22.83 20.46 19.41 18.49 17.91 17.13 18.30 17.86 18.87 19.04 19.51 20.34 19.67 20.36 18.42 21.28 22.20 24.31 24.72 
25.96 24.19 20.92 20.36 19.31 19.59 18.99 19.52 21.38 21.49 20.19 18.29 18.42 17.63 17.77 17.59 18.47 19.48 18.81 15.74 15.99 14.41 15.07 14.46 16.67 16.50 18.34 19.24 21.26 20.81 21.22 19.83 21.03 18.46 16.29 14.32 13.43 11.71 11.84 12.28 13.01 13.91 12.66 10.06 6.81 5.31 0.00 5.49 6.52 9.65 11.74 12.70 13.25 13.83 14.40 14.93 16.92 16.52 15.45 16.53 17.59 17.01 15.78 17.89 18.00 16.24 16.46 18.19 17.16 17.31 19.89 21.43 21.03 20.22 21.95 22.02 20.49 20.03 18.70 17.32 15.58 16.75 16.98 18.15 19.41 17.34 18.10 17.90 17.96 16.73 18.83 16.37 16.22 14.43 15.20 15.81 17.78 18.48 22.47 24.07 26.58 25.80 24.48 24.17 24.96 23.49 20.91 20.16 19.61 18.48 17.44 18.63 18.82 19.20 19.53 20.08 21.11 20.18 19.62 18.48 22.10 22.72 24.24 24.61 
26.28 24.54 21.66 21.48 20.37 20.46 20.41 21.05 22.36 22.27 21.33 19.29 19.64 18.96 18.99 18.61 19.48 20.42 19.78 16.71 17.18 15.18 15.92 14.63 16.70 16.48 17.76 18.50 20.66 20.58 20.40 18.49 19.88 17.95 15.69 14.19 13.32 12.49 12.93 14.05 15.09 15.56 14.28 12.53 9.22 6.57 5.49 0.00 5.68 8.06 9.78 11.69 12.67 12.23 12.88 14.32 16.23 16.27 14.83 16.18 17.69 16.91 15.74 17.98 17.76 15.89 15.99 17.85 17.50 17.66 20.11 21.98 21.41 20.76 22.28 22.12 20.92 20.29 18.67 17.61 16.31 17.34 17.28 18.60 20.18 18.14 18.75 18.74 19.37 18.22 19.78 17.18 17.01 15.11 16.07 16.16 17.98 19.01 22.24 24.00 26.05 25.83 24.60 24.19 24.96 23.42 21.03 20.43 19.61 18.91 17.63 19.14 18.76 19.42 19.38 20.32 21.05 20.63 20.90 19.46 22.02 23.62 24.78 25.32 
27.00 25.16 21.98 22.13 20.91 21.06 20.49 21.53 23.10 22.59 21.10 19.96 20.21 19.52 19.43 19.18 20.36 21.14 20.39 17.54 18.70 15.99 16.90 15.57 17.19 16.52 17.61 18.40 20.84 19.95 19.68 17.25 19.37 17.59 15.34 14.71 14.89 14.34 15.14 15.99 18.21 17.73 15.87 14.19 11.33 8.91 6.52 5.68 0.00 6.00 7.60 8.69 10.48 11.38 10.91 13.01 15.50 14.93 14.11 15.50 16.81 16.45 15.17 17.60 17.48 15.61 15.88 17.75 16.96 17.40 19.81 21.81 20.89 20.26 22.15 22.41 20.85 20.29 18.69 17.78 17.16 17.75 17.29 18.51 20.30 18.08 18.59 19.01 19.43 18.28 19.78 17.54 17.89 15.11 16.22 16.19 18.09 18.38 21.51 22.88 25.49 25.45 24.14 23.44 24.19 23.36 21.10 20.56 19.73 19.37 18.44 19.20 19.04 20.10 20.71 20.94 22.07 21.60 21.85 20.11 23.49 23.79 25.88 26.37 
28.65 27.00 24.28 24.22 23.42 23.43 23.22 24.08 25.55 25.01 24.30 22.84 23.25 22.32 22.60 22.37 23.35 23.92 23.47 20.42 21.44 19.02 19.71 17.65 18.99 17.82 19.11 19.59 21.64 20.84 20.50 18.25 19.81 17.94 16.54 15.83 17.16 17.78 18.96 19.74 20.81 21.25 19.14 17.80 14.12 11.72 9.65 8.06 6.00 0.00 5.98 7.34 9.28 10.80 11.53 13.09 15.11 15.52 14.74 16.17 17.59 17.60 16.23 18.37 18.90 17.08 17.28 18.44 18.38 18.72 21.18 22.42 21.72 21.51 23.55 23.79 22.44 22.55 20.67 20.02 19.03 20.30 19.89 21.20 22.53 20.65 21.65 22.02 22.30 20.79 22.88 20.27 20.79 18.17 19.43 19.02 20.59 20.98 23.63 25.18 27.21 26.92 25.47 25.24 26.23 24.67 22.62 22.57 21.72 21.38 20.32 21.70 21.20 22.70 22.15 22.78 24.09 23.69 23.65 22.23 24.98 25.46 27.16 27.15 
30.38 29.43 27.21 27.09 25.24 26.17 25.78 26.30 27.42 27.27 26.59 25.15 25.61 24.76 24.98 24.61 25.87 26.03 25.45 22.46 23.29 21.21 21.72 19.86 20.82 19.45 20.39 20.92 22.39 21.54 22.24 20.04 20.93 19.48 18.34 18.19 18.97 19.84 20.34 21.96 22.43 22.69 21.33 19.79 16.23 13.62 11.74 9.78 7.60 5.98 0.00 5.67 7.79 9.17 11.64 12.74 14.45 15.24 15.44 16.23 17.83 18.24 17.39 19.63 19.86 18.28 18.73 20.18 19.45 19.80 22.30 23.56 22.83 22.59 24.91 25.14 24.26 24.77 22.63 22.23 20.69 22.22 22.43 23.06 23.54 22.38 23.32 23.70 23.92 22.66 24.70 22.57 22.86 20.22 21.55 20.48 22.50 22.58 25.10 26.50 28.99 28.19 26.19 26.54 27.86 26.34 23.86 23.93 23.37 22.96 21.97 23.18 23.80 24.30 24.35 25.05 26.60 25.24 24.35 23.44 27.73 27.03 28.20 27.33 
30.59 29.45 27.32 27.27 26.18 26.33 26.22 26.90 27.84 27.60 26.78 25.71 26.02 25.07 25.07 24.75 25.74 26.13 25.55 22.79 24.07 21.56 21.82 19.97 21.46 19.46 20.38 20.88 22.90 22.31 22.02 19.97 21.40 20.08 19.23 19.23 20.02 21.14 21.29 23.07 23.79 24.23 21.90 21.88 17.36 14.44 12.70 11.69 8.69 7.34 5.67 0.00 5.50 7.97 8.93 12.12 13.65 14.52 14.28 16.23 17.46 17.53 17.18 19.14 19.30 17.70 18.01 19.60 18.87 19.73 22.19 24.00 22.95 22.88 25.21 25.95 25.08 25.27 23.36 22.35 21.26 22.31 22.32 22.63 23.61 22.36 23.44 23.23 23.65 22.95 25.30 22.92 23.29 20.62 21.75 20.98 22.56 22.78 25.34 26.45 28.51 28.30 26.78 26.64 27.67 26.66 24.20 24.44 23.90 23.77 22.29 24.16 23.34 24.62 24.29 25.66 26.30 25.85 25.07 24.92 27.20 27.97 28.39 28.12 
31.24 30.13 27.79 28.09 26.90 27.30 26.64 27.39 28.71 28.03 26.90 25.67 26.33 25.43 25.42 24.93 26.82 26.95 26.07 23.24 24.73 22.41 22.27 20.87 22.68 20.65 20.81 21.09 23.23 22.49 22.22 20.62 22.62 21.57 20.09 20.41 20.74 21.13 21.10 23.05 23.59 24.63 22.44 21.71 17.87 15.69 13.25 12.67 10.48 9.28 7.79 5.50 0.00 6.13 7.93 9.56 12.58 13.10 13.29 14.53 16.30 16.45 16.57 18.36 19.51 18.29 18.62 19.23 18.63 19.29 22.41 24.09 23.58 23.09 25.79 26.41 26.06 25.99 23.89 22.85 22.25 22.83 22.61 22.66 23.36 22.58 23.79 23.13 23.77 23.64 26.15 23.98 24.30 21.50 22.62 21.74 23.27 23.02 25.55 26.33 28.19 28.33 26.93 27.05 27.93 27.25 25.23 25.62 24.96 24.92 23.64 24.88 24.78 26.35 26.38 26.72 27.32 27.55 27.31 26.10 28.73 28.38 30.69 29.95 
31.57 30.50 28.30 28.57 27.47 27.61 27.68 28.14 28.99 28.51 27.27 25.88 26.56 25.69 25.48 24.88 26.31 26.82 25.78 22.76 24.23 21.93 22.15 20.02 21.78 19.93 20.82 20.99 22.75 21.97 22.04 20.19 22.25 21.06 20.12 19.90 20.44 21.00 20.78 22.50 23.64 23.94 22.34 21.15 17.25 14.97 13.83 12.23 11.38 10.80 9.17 7.97 6.13 0.00 5.75 8.47 9.02 11.06 10.88 12.44 13.89 14.50 13.92 16.94 18.00 17.38 17.94 18.51 17.81 18.37 21.38 23.02 22.30 22.40 24.70 25.92 25.03 25.53 23.18 22.16 21.61 22.52 22.17 22.77 23.76 22.66 24.14 23.44 23.62 23.80 26.13 23.49 24.01 21.50 22.61 21.48 22.76 22.97 25.54 26.59 28.61 27.84 26.77 27.18 28.48 27.35 25.40 25.43 24.94 24.72 23.42 24.97 24.77 26.31 25.59 26.54 27.83 27.81 26.83 26.44 28.92 29.69 29.95 29.31 
