1.72 5.58 8.45 9.04 12.11 12.83 14.92 16.61 18.75 20.48 23.57 26.13 28.00 30.36 31.68 32.04 31.93 31.54 30.68 30.15 28.90 27.18 25.28 24.88 23.12 20.45 20.08 20.82 19.82 18.60 20.06 20.42 20.95 21.55 23.02 25.02 26.64 28.15 29.60 30.14 30.96 32.65 34.56 33.83 34.40 36.38 37.57 37.49 37.15 37.63 36.60 35.91 36.86 35.48 34.33 35.07 35.30 33.61 33.86 35.28 35.01 34.15 34.92 33.72 31.75 31.85 32.35 32.17 29.63 28.85 28.92 29.25 26.71 25.34 26.18 25.27 22.32 20.84 21.91 21.24 20.22 20.42 21.24 20.70 20.30 20.68 21.93 23.50 25.01 27.23 29.31 30.39 30.08 31.69 32.93 32.64 29.81 29.70 30.79 28.86 25.94 25.63 25.79 23.68 21.98 23.02 22.26 21.22 19.81 20.97 20.19 21.33 20.66 22.33 23.54 25.78 27.12 29.90 30.88 32.90 34.54 35.13 33.85 33.27 34.61 36.04 35.10 34.76 36.01 37.73 37.69 38.46 39.59 40.18 40.51 40.69 39.88 40.15 40.25 39.47 38.92 38.96 39.30 37.47 36.22 37.42 36.96 35.13 34.18 35.14 33.41 32.04 32.34 32.65 31.54 30.68 31.74 30.33 28.77 28.51 29.43 27.91 27.60 28.95 29.69 29.08 29.45 28.12 27.33 27.70 29.08 27.99 29.46 30.52 33.23 32.51 31.66 31.03 32.29 31.07 28.15 28.03 29.70 28.45 26.20 26.17 26.22 24.77 23.89 25.09 25.05 25.54 26.80 28.15 
5.58 0.76 5.54 7.51 10.82 13.05 14.06 15.82 18.34 20.65 23.51 26.01 28.61 30.73 32.70 32.22 32.89 31.40 31.64 29.99 29.26 26.42 25.06 24.55 23.01 19.12 19.36 20.66 19.79 17.79 19.69 20.03 21.09 21.37 23.58 25.32 27.14 28.84 30.59 30.47 31.41 32.99 35.10 34.19 34.88 36.92 38.05 37.99 37.83 38.45 37.01 36.41 37.65 35.94 34.53 35.66 36.38 34.07 34.24 35.80 35.74 34.32 35.40 33.83 32.11 31.99 32.86 32.53 29.89 28.63 28.95 29.53 26.77 24.87 25.81 25.46 22.17 20.19 21.27 21.07 19.84 19.76 20.42 20.01 19.78 20.35 22.58 23.72 25.59 27.82 30.39 31.16 31.11 32.36 34.02 33.40 30.36 30.12 31.85 29.57 26.41 26.04 26.34 23.80 21.70 22.63 22.21 20.51 19.27 20.28 19.76 20.93 20.62 22.22 23.86 26.05 27.48 30.28 31.01 33.20 35.08 35.83 34.02 33.38 34.91 36.57 34.96 34.47 36.07 37.76 37.37 38.42 39.77 40.19 40.27 40.72 39.92 40.09 40.53 39.43 39.05 39.14 39.91 37.31 36.13 37.59 37.66 35.09 34.06 35.34 33.81 32.00 32.41 32.94 31.60 30.24 31.32 30.14 28.30 28.39 29.54 27.78 27.05 28.53 29.17 28.58 29.29 28.00 27.13 27.23 29.06 27.65 29.68 30.43 33.75 32.81 32.13 31.00 32.83 31.39 28.14 28.06 30.58 28.40 25.50 25.85 26.94 24.37 23.00 25.03 25.50 25.05 25.47 28.62 
8.45 5.54 0.23 4.75 8.55 10.56 11.47 14.16 16.97 19.16 21.81 23.81 26.69 29.50 31.34 31.28 31.46 30.71 29.84 28.86 27.54 25.26 23.68 23.06 21.32 17.78 17.79 18.93 18.26 15.99 17.82 18.33 19.88 20.50 22.80 24.68 26.61 28.36 30.56 30.31 31.24 32.62 34.80 33.88 34.77 36.42 37.53 37.49 37.63 37.73 36.58 36.01 37.46 35.37 34.15 34.98 36.03 33.32 33.73 34.91 34.87 33.23 34.51 32.88 31.02 30.88 31.73 31.49 28.43 27.01 27.11 28.01 25.18 23.21 23.79 23.62 20.60 18.57 18.88 18.69 17.26 17.81 17.91 17.92 17.84 19.28 22.11 22.85 24.56 26.85 29.74 30.59 30.65 31.96 33.57 32.92 29.37 28.98 30.89 28.65 25.27 24.85 25.18 22.53 20.28 21.05 19.91 18.53 17.18 18.51 17.92 19.52 19.25 20.97 22.51 24.57 26.07 28.94 30.07 32.14 34.43 34.82 33.13 31.98 33.85 34.98 33.46 32.88 35.05 36.40 36.14 37.00 39.14 39.11 39.18 39.49 39.29 39.33 39.94 38.87 39.12 39.01 39.78 37.10 35.77 37.04 37.18 34.37 32.88 34.09 32.72 30.56 31.03 31.27 30.16 28.35 29.58 28.07 26.68 26.21 27.56 25.50 25.17 26.14 26.46 25.77 27.13 25.78 25.10 25.15 27.02 25.58 27.90 28.51 32.15 31.06 30.39 29.23 31.51 29.95 26.52 26.68 29.20 27.36 24.81 25.24 25.28 24.59 23.61 24.15 25.37 25.08 26.47 28.95 
9.04 7.51 4.75 0.00 4.81 7.66 9.51 12.10 14.65 17.45 20.39 23.23 25.32 28.19 30.37 30.49 31.23 29.73 29.18 27.44 26.71 24.14 22.04 21.23 19.91 16.76 16.47 17.14 16.92 14.23 16.36 16.34 17.83 18.35 20.88 22.61 24.30 26.10 28.66 28.49 29.24 30.71 32.83 31.92 32.40 34.21 35.23 35.19 35.18 35.56 34.17 33.80 34.99 33.23 31.78 33.02 34.02 31.43 31.96 33.31 33.27 31.39 32.62 31.07 29.14 28.68 29.68 29.58 26.60 25.02 25.25 26.34 23.40 21.50 22.37 22.45 19.51 17.56 18.52 17.12 16.41 15.65 16.68 15.65 15.88 16.86 19.95 20.94 22.76 24.72 27.76 28.90 29.00 29.94 31.46 30.87 27.55 27.16 28.80 26.59 23.19 23.29 23.81 21.11 19.10 19.78 19.01 16.04 14.99 16.15 15.79 17.26 17.48 19.20 20.67 23.02 24.69 27.49 28.56 30.86 33.04 33.32 31.43 30.35 31.96 33.25 31.30 31.12 33.27 34.98 34.28 35.50 37.47 38.09 37.95 38.42 38.37 38.70 39.08 37.99 38.27 38.14 38.99 36.09 35.05 36.18 36.10 33.09 31.68 32.83 31.30 29.21 29.75 29.91 28.51 26.72 27.69 26.33 24.67 24.70 25.87 23.57 23.08 24.00 24.06 23.05 24.51 23.01 22.56 23.11 25.27 23.90 26.17 27.01 30.71 29.62 28.75 27.76 30.07 28.83 25.00 25.23 27.79 26.19 23.48 24.26 24.81 21.98 21.35 23.28 25.20 22.66 24.46 29.69 
12.11 10.82 8.55 4.81 0.00 5.66 7.45 10.52 12.90 16.89 20.15 22.98 23.85 27.34 29.27 29.95 29.55 28.71 26.84 26.21 24.82 22.55 20.55 20.56 19.48 16.04 16.34 17.22 16.15 13.70 15.10 14.76 15.27 15.80 18.03 20.40 22.19 24.11 26.42 26.36 26.95 29.18 31.79 30.79 30.79 33.55 34.89 34.70 34.24 35.14 33.82 33.31 34.66 32.86 31.41 32.91 33.76 31.28 31.78 33.66 33.10 31.40 32.40 30.73 28.57 28.33 29.21 28.98 25.96 24.49 24.85 25.80 22.92 20.75 22.24 21.71 18.47 17.01 19.76 19.10 17.34 16.69 15.98 15.12 14.34 14.99 16.56 18.07 20.30 22.82 25.14 26.78 26.64 28.37 29.28 29.25 25.70 26.08 27.62 25.55 21.90 22.57 23.20 20.47 18.50 20.05 19.31 16.87 14.09 15.45 14.02 16.17 16.11 17.44 18.98 21.58 23.46 26.68 27.38 30.04 32.26 32.53 30.54 29.21 30.93 32.79 30.91 30.23 32.14 34.32 33.61 34.60 36.27 37.22 37.28 37.69 37.54 38.23 38.66 37.55 37.24 37.96 38.94 35.99 34.55 36.66 36.65 33.46 32.17 33.84 32.03 29.85 30.36 30.93 29.40 27.61 28.65 27.17 25.33 25.23 26.79 24.54 24.20 25.50 25.91 24.83 25.62 23.79 23.06 23.76 25.95 23.91 25.69 26.88 30.83 29.71 28.66 27.72 30.12 28.30 24.41 24.25 26.52 24.76 21.63 23.35 24.23 22.15 21.20 25.56 25.32 22.05 23.13 27.24 
12.83 13.05 10.56 7.66 5.66 0.00 5.50 6.99 10.23 13.63 16.75 20.15 21.89 25.65 26.98 27.71 27.77 26.63 25.13 24.24 22.77 20.54 18.08 18.28 16.88 12.85 13.57 15.06 14.12 11.20 13.01 12.32 12.99 13.23 15.24 17.96 19.46 21.97 24.04 24.33 24.72 26.91 29.62 28.77 29.18 31.77 33.11 32.94 32.71 33.50 31.83 31.24 33.06 31.24 29.38 31.27 32.50 29.79 30.13 32.01 31.71 30.01 31.13 29.03 26.93 26.95 27.60 27.53 24.29 23.01 23.02 24.26 21.18 18.92 19.84 19.62 16.37 14.65 17.13 16.97 15.91 14.51 13.84 12.11 11.74 12.03 13.75 15.82 17.93 21.13 22.94 25.00 24.45 26.90 27.88 27.83 24.13 24.57 26.62 24.06 20.56 20.85 21.48 18.40 16.58 18.61 17.64 14.94 12.69 12.21 11.22 13.04 13.06 14.94 16.08 19.23 20.85 24.95 25.03 28.27 30.56 31.08 28.21 27.06 29.00 30.75 28.23 27.87 30.07 31.96 30.80 32.24 34.34 34.86 34.63 35.55 35.49 35.99 36.22 35.28 35.34 35.83 36.69 33.60 32.38 34.38 34.47 31.22 30.06 31.58 29.76 27.49 28.21 28.77 27.17 25.24 26.41 24.96 22.95 22.96 24.69 22.51 21.84 23.51 23.96 22.65 23.07 21.69 20.73 21.31 23.07 21.74 24.39 25.31 28.97 28.35 27.33 25.93 28.36 26.57 22.62 22.83 25.29 23.11 19.94 21.29 22.62 20.00 19.09 22.96 23.09 21.14 21.65 26.12 
14.92 14.06 11.47 9.51 7.45 5.50 0.00 5.85 7.39 10.36 13.05 17.48 19.78 23.00 24.44 24.82 25.12 24.43 23.36 22.54 20.56 18.24 16.48 16.44 15.11 11.38 12.88 14.74 14.26 11.48 12.79 11.54 12.62 12.28 13.88 16.29 18.54 20.44 22.37 22.31 22.91 24.95 27.88 26.89 27.56 29.97 31.61 31.57 31.40 31.84 30.39 30.01 32.12 29.73 28.15 29.79 31.25 27.94 28.54 30.28 30.23 28.07 29.47 27.32 25.45 25.22 26.05 25.96 23.04 21.43 21.44 22.69 20.25 17.87 19.00 18.88 15.79 14.38 16.68 16.25 15.67 15.20 13.79 11.89 10.81 10.97 12.68 13.59 16.18 18.60 20.96 22.30 22.15 23.97 25.97 25.92 22.28 22.59 25.38 22.83 19.05 19.54 20.62 17.53 15.19 17.41 17.15 14.68 12.00 12.33 9.96 11.89 11.91 13.40 15.15 17.13 18.97 22.88 23.30 26.37 28.88 29.20 26.47 25.02 27.38 28.66 26.10 25.68 28.60 29.91 28.38 29.87 32.36 32.51 31.92 32.86 33.21 33.47 33.46 32.60 33.48 33.65 34.10 31.26 30.55 32.16 32.04 28.74 27.97 29.30 27.51 25.18 26.39 26.73 25.28 23.25 24.65 23.01 21.41 20.97 23.10 20.77 20.49 22.16 22.69 21.17 21.52 20.39 19.61 19.58 20.67 19.65 22.91 23.23 26.87 26.09 25.64 24.31 26.82 25.02 21.44 21.48 23.97 21.64 18.54 20.04 21.19 19.52 18.94 21.90 21.21 19.94 21.94 26.27 
16.61 15.82 14.16 12.10 10.52 6.99 5.85 0.00 5.52 6.28 10.87 13.27 16.61 19.73 21.49 22.57 22.85 21.37 20.80 18.82 17.27 15.59 13.93 13.52 12.33 9.42 10.87 12.64 12.34 10.15 11.41 9.63 10.31 9.95 11.66 13.45 15.37 17.02 19.52 19.82 20.04 21.93 24.70 23.93 24.26 27.04 28.58 28.81 28.37 29.31 27.85 27.60 29.09 27.41 25.83 27.73 28.57 25.57 26.23 28.26 27.87 25.66 26.86 24.91 22.94 22.50 23.33 23.63 20.93 18.86 18.87 20.48 18.38 16.09 17.43 18.08 15.18 13.64 15.81 15.78 15.39 15.65 13.97 10.91 8.76 7.96 9.80 10.05 12.28 15.02 17.99 19.48 19.49 21.18 22.65 22.95 19.42 19.47 21.88 19.70 16.32 17.28 18.36 15.47 13.08 15.45 15.59 13.12 10.33 10.18 7.99 8.57 9.01 10.44 11.67 14.45 16.57 20.74 21.25 24.59 26.78 26.94 23.69 22.57 24.61 26.35 23.27 23.30 25.87 27.59 25.75 27.12 29.31 30.00 29.18 30.11 30.18 31.04 30.69 30.05 30.50 31.00 31.40 28.70 27.82 29.58 29.34 26.32 25.48 26.78 25.13 23.01 24.20 24.73 23.50 21.49 22.87 21.14 19.49 18.88 20.98 18.79 18.70 20.38 20.71 19.49 20.15 18.25 16.90 17.07 18.41 17.35 20.58 21.32 25.22 24.51 23.72 22.09 24.37 22.88 19.06 19.12 21.40 19.75 16.58 18.15 19.10 17.02 16.82 19.35 19.63 18.59 20.22 25.45 
18.75 18.34 16.97 14.65 12.90 10.23 7.39 5.52 0.00 5.38 6.59 10.71 12.51 16.68 18.71 19.12 19.20 17.56 16.22 15.40 14.01 12.51 12.01 12.41 11.60 9.37 10.90 12.94 13.07 11.34 13.03 10.81 10.90 10.01 11.24 12.68 14.15 15.62 18.29 18.29 18.07 19.95 22.41 21.45 21.62 24.40 25.93 26.03 25.46 26.84 25.57 25.04 26.57 25.02 23.87 25.51 25.97 23.42 24.26 26.34 25.86 23.59 24.65 22.73 21.08 20.77 21.33 21.60 18.97 17.51 17.16 19.11 17.23 15.72 17.04 18.21 15.59 14.91 17.50 18.26 17.97 18.52 17.40 14.55 11.11 9.62 9.35 10.30 11.72 14.09 16.80 18.21 18.14 19.69 20.22 20.96 17.48 17.82 19.57 18.11 15.29 16.61 17.51 15.45 13.63 16.64 16.33 14.20 11.60 12.30 9.21 9.76 7.68 9.26 10.74 12.95 14.80 18.49 19.93 22.49 24.15 24.53 22.07 20.30 21.90 23.77 21.22 20.92 22.65 24.90 23.50 24.62 25.94 27.14 26.91 27.44 27.30 28.06 28.26 26.98 26.96 27.52 28.64 25.76 24.73 26.51 26.89 23.92 22.99 24.52 23.14 21.42 22.57 23.26 22.00 20.38 21.33 19.88 18.24 18.02 19.94 18.19 17.92 19.70 20.34 18.73 20.31 17.23 15.64 15.71 17.19 15.32 18.53 19.07 23.23 22.16 21.77 19.78 21.90 20.11 16.52 16.63 18.61 16.30 13.26 15.40 16.88 14.68 14.83 17.65 18.74 17.70 20.18 23.42 
20.48 20.65 19.16 17.45 16.89 13.63 10.36 6.28 5.38 0.00 4.54 6.00 10.07 12.86 14.76 15.13 15.53 14.49 13.77 13.22 12.33 11.74 10.58 12.28 11.86 9.17 11.35 14.80 14.24 12.83 14.07 12.04 11.30 9.79 10.26 10.94 12.02 13.06 15.63 15.74 15.44 17.39 20.29 19.70 20.21 23.20 24.68 24.88 24.43 25.91 24.17 23.43 25.19 24.03 22.33 23.97 24.91 22.41 22.84 24.76 24.57 22.59 23.55 21.08 19.56 19.27 20.16 20.21 17.37 16.20 16.48 18.37 16.45 15.66 17.54 18.71 16.21 15.94 19.34 19.85 19.26 19.80 18.86 16.07 12.22 9.56 8.72 8.32 10.47 11.40 13.40 15.04 15.61 17.43 18.54 19.07 16.29 16.94 19.24 17.87 15.28 17.08 18.16 16.38 14.78 17.80 17.49 15.42 13.19 13.39 10.01 10.77 8.57 7.70 8.94 11.26 12.08 16.73 17.59 20.43 22.19 22.86 19.92 17.67 19.43 21.84 18.70 18.74 20.63 22.85 21.13 22.92 24.41 25.59 24.95 26.10 25.39 26.32 26.09 25.05 24.81 25.40 26.17 23.19 22.12 24.16 24.29 21.27 20.80 22.32 20.45 18.43 20.16 21.50 20.17 18.14 19.34 18.05 16.43 16.56 18.57 16.90 16.80 18.96 19.61 18.20 19.20 16.70 15.07 14.75 15.66 14.33 18.04 18.66 22.25 21.68 21.17 19.14 20.85 19.34 15.97 16.31 18.55 16.62 13.10 15.16 17.09 15.06 15.54 17.73 19.11 18.56 20.74 23.06 
23.57 23.51 21.81 20.39 20.15 16.75 13.05 10.87 6.59 4.54 0.00 4.90 6.32 10.31 11.57 12.99 12.39 12.00 11.45 11.26 10.32 9.13 8.35 11.43 11.24 8.89 11.12 15.90 15.93 13.76 15.51 13.70 13.24 10.65 10.60 10.74 11.81 11.98 13.68 13.87 13.82 15.86 18.69 18.22 18.90 22.16 23.61 23.99 23.60 24.91 23.37 22.84 24.78 23.10 21.43 23.31 24.20 21.15 21.54 24.05 23.70 21.40 22.37 20.47 18.99 18.77 19.47 20.03 17.56 16.46 16.66 18.73 16.88 16.90 18.85 19.98 17.29 17.88 21.53 22.10 21.24 22.03 21.23 18.51 14.80 11.66 9.66 9.34 10.00 10.12 11.30 12.84 13.62 15.17 17.07 18.46 15.48 16.35 19.10 18.08 15.45 17.90 19.47 17.90 15.87 19.60 19.25 17.56 15.54 15.85 11.77 12.31 9.74 8.28 7.94 9.40 9.99 14.11 15.61 18.21 19.77 20.87 18.06 15.61 17.35 19.65 16.62 16.71 19.32 21.18 19.24 21.38 23.26 24.05 23.29 24.39 23.70 24.24 24.00 22.96 23.26 23.53 23.95 21.02 20.43 22.11 22.03 18.83 18.55 20.27 18.23 16.01 17.90 19.01 17.82 15.78 17.21 16.06 14.79 14.83 17.27 15.82 16.21 19.04 20.00 18.33 19.23 16.95 15.29 14.73 15.13 13.88 18.21 18.27 21.75 20.83 20.61 18.63 20.52 18.65 15.45 15.94 18.37 16.46 13.13 15.49 17.25 15.91 16.71 18.29 20.34 18.80 21.70 24.09 
26.13 26.01 23.81 23.23 22.98 20.15 17.48 13.27 10.71 6.00 4.90 0.00 5.62 7.73 9.61 10.89 11.80 10.41 10.40 10.77 10.34 10.26 10.30 13.10 13.44 11.50 13.18 17.97 17.76 15.59 16.95 15.15 13.88 10.90 10.62 10.35 10.71 10.23 12.20 12.21 12.50 14.66 17.19 16.74 17.74 20.93 22.39 23.10 22.90 24.10 22.83 22.26 24.45 22.65 21.20 22.81 23.77 20.55 21.04 23.53 23.11 20.85 21.57 19.54 18.25 18.23 18.85 19.87 17.58 16.67 16.88 19.26 17.38 17.42 20.13 21.26 18.93 19.25 22.84 23.24 22.86 23.59 22.88 20.28 16.43 13.50 11.13 9.33 9.35 8.57 10.25 11.49 11.89 13.88 15.59 17.37 15.46 16.32 18.76 18.21 16.31 18.91 20.64 19.68 17.99 21.04 20.84 19.15 16.79 17.19 12.75 13.88 11.28 9.18 8.49 8.62 9.44 12.52 13.48 16.95 18.32 19.48 16.13 14.64 15.92 18.31 14.88 15.34 17.68 19.84 17.74 19.73 21.65 22.52 22.02 22.98 21.93 22.93 22.74 21.76 21.63 22.25 22.78 19.88 18.64 20.71 20.49 17.39 16.95 18.72 16.96 14.86 16.78 18.13 16.82 14.74 17.05 16.55 15.09 14.77 17.78 16.96 17.20 19.79 20.56 19.51 20.60 18.16 15.46 15.14 15.69 13.95 16.99 17.28 20.84 20.33 19.57 17.78 19.24 18.41 14.80 15.73 17.93 16.61 13.07 15.93 17.88 15.87 16.40 19.10 20.23 19.69 21.15 23.94 
28.00 28.61 26.69 25.32 23.85 21.89 19.78 16.61 12.51 10.07 6.32 5.62 0.00 6.01 6.55 8.39 9.36 8.74 8.03 9.43 9.06 10.02 10.55 13.78 13.94 12.76 14.71 19.14 19.02 17.12 18.56 17.03 16.05 13.29 12.20 11.64 11.10 11.29 12.58 12.25 11.92 14.01 16.58 16.30 16.77 19.86 20.88 21.78 21.61 23.28 21.76 21.87 24.00 22.35 20.42 22.19 23.08 20.22 20.43 22.78 22.51 20.09 20.79 18.97 17.76 17.54 18.49 19.47 17.50 16.99 17.35 19.76 18.01 18.16 20.77 22.19 19.75 20.10 23.92 24.66 24.27 25.58 24.46 22.32 18.52 15.47 13.09 11.24 10.01 9.59 9.61 11.34 11.89 13.87 15.17 17.35 15.14 16.32 18.59 18.86 17.09 19.98 21.40 20.85 19.49 23.10 22.88 21.48 19.04 20.38 16.45 16.38 13.25 11.55 10.13 9.68 8.73 11.49 11.41 14.29 16.18 17.31 14.61 12.70 14.82 16.58 13.59 14.15 16.82 18.34 16.74 18.50 20.06 21.05 20.93 21.79 21.06 21.83 21.67 20.61 20.17 20.84 21.66 18.62 17.55 19.53 19.71 16.32 16.12 18.23 16.91 14.28 17.00 18.11 16.90 15.39 18.01 17.44 16.03 16.70 19.38 18.30 18.45 21.06 22.06 21.25 21.86 19.44 17.17 16.83 17.14 14.38 16.20 15.98 19.75 18.89 18.44 16.69 18.27 17.38 13.69 14.68 17.20 15.71 13.06 15.76 18.37 15.97 16.05 18.41 20.74 18.15 20.43 22.39 
30.36 30.73 29.50 28.19 27.34 25.65 23.00 19.73 16.68 12.86 10.31 7.73 6.01 0.00 5.56 7.14 9.44 10.42 10.22 10.99 11.53 12.23 12.49 15.95 16.37 14.40 17.23 21.04 21.16 19.03 20.86 18.99 18.08 15.50 13.50 12.55 11.88 11.92 13.01 12.15 11.20 13.62 17.13 16.89 17.68 21.17 22.24 22.91 22.92 24.46 22.89 22.28 24.87 23.16 21.13 23.04 24.16 21.01 20.89 23.57 23.29 21.01 21.28 19.56 18.16 17.83 18.97 20.59 18.06 17.75 18.70 21.20 19.26 19.65 22.73 23.90 21.52 22.04 26.21 26.81 26.41 27.19 26.90 24.65 20.62 17.30 14.58 12.94 11.12 9.33 9.68 10.73 12.01 14.82 16.96 18.96 17.09 18.10 21.17 20.95 19.54 22.26 24.26 23.21 22.31 26.05 26.20 23.94 22.13 23.21 19.61 19.38 15.91 13.74 11.80 10.42 9.45 11.02 10.96 13.25 15.35 17.00 13.72 10.60 13.90 16.98 12.64 13.43 16.43 18.20 15.93 18.38 20.52 21.51 21.13 22.16 21.49 22.25 21.68 20.50 20.46 21.08 21.60 18.49 17.53 20.10 19.47 15.63 15.69 18.48 15.81 13.01 16.20 18.76 16.83 15.58 18.20 17.96 16.40 17.87 20.54 19.69 19.71 22.96 23.94 22.65 23.37 21.30 19.30 18.83 18.53 15.77 17.19 16.47 19.72 19.34 19.19 17.64 19.50 18.43 15.07 16.48 18.72 17.71 14.79 17.74 20.11 18.12 18.50 21.40 21.77 21.00 21.92 23.56 
31.68 32.70 31.34 30.37 29.27 26.98 24.44 21.49 18.71 14.76 11.57 9.61 6.55 5.56 0.00 4.97 7.00 8.30 10.13 11.49 11.64 12.91 13.20 16.26 17.35 15.91 18.34 22.91 23.05 21.12 22.24 20.46 19.66 16.40 14.65 13.46 12.92 11.68 13.16 12.50 11.45 13.99 17.12 17.18 18.01 21.73 22.76 23.31 23.29 25.29 23.30 22.72 25.40 23.82 21.39 23.44 24.82 21.60 21.20 24.17 24.20 21.37 21.80 20.33 19.22 18.74 19.96 21.63 19.75 19.11 20.03 22.20 20.59 21.01 24.19 25.25 22.96 23.49 27.86 28.43 28.19 29.05 28.68 26.36 21.66 18.21 16.02 14.22 10.82 9.66 10.18 11.28 11.36 15.02 18.31 20.67 18.45 20.28 23.43 23.48 21.49 24.43 26.73 25.66 24.70 28.27 29.02 27.23 25.02 25.93 22.09 22.31 19.11 16.22 13.96 12.81 11.06 12.76 11.70 13.89 15.76 17.55 14.42 10.67 14.14 16.95 12.98 12.51 16.62 18.02 15.31 17.97 21.09 21.88 21.00 22.03 21.59 22.32 20.97 19.90 20.52 21.19 21.29 18.14 17.71 20.21 19.74 15.42 15.76 18.34 16.63 13.94 16.66 18.54 18.06 16.28 18.81 18.18 17.28 18.42 21.22 20.13 20.45 24.07 25.39 24.00 24.58 22.34 20.51 19.86 19.42 16.41 18.07 16.98 19.93 19.47 19.81 18.09 19.53 18.94 16.12 17.20 20.13 19.05 16.92 19.70 21.53 19.85 20.73 22.75 24.03 21.38 24.21 25.28 
32.04 32.22 31.28 30.49 29.95 27.71 24.82 22.57 19.12 15.13 12.99 10.89 8.39 7.14 4.97 0.00 5.30 6.39 7.88 9.04 10.17 11.26 11.85 15.40 16.18 14.80 17.68 21.55 21.98 20.02 22.18 20.49 19.05 15.65 15.02 14.06 12.54 11.89 13.43 13.36 12.89 14.91 17.51 17.56 18.25 21.70 22.16 23.41 23.35 25.44 23.04 22.53 25.70 24.17 21.58 23.58 24.94 21.94 21.58 24.74 24.70 22.49 22.32 20.49 19.62 20.00 20.60 22.00 19.93 19.45 20.05 22.39 20.56 20.86 23.81 24.98 22.55 23.31 26.81 27.66 27.25 28.29 28.05 25.81 21.81 18.39 16.36 14.83 11.89 10.73 11.44 12.24 13.00 16.51 19.11 21.27 19.57 21.00 24.08 23.92 22.41 25.04 27.10 26.24 25.01 29.02 29.39 27.54 25.53 26.43 22.81 23.16 19.98 17.82 15.07 14.51 12.28 13.87 12.09 14.18 15.81 16.84 13.86 12.02 13.80 15.95 11.19 11.77 15.41 16.69 13.70 17.07 20.40 21.17 19.96 21.72 20.80 21.88 20.30 19.80 20.17 20.93 20.99 18.50 17.17 19.75 18.96 15.67 15.41 17.60 15.75 14.36 16.58 18.53 17.85 16.89 19.42 18.71 17.84 18.72 21.31 20.39 20.64 24.05 25.21 24.08 24.88 22.63 20.11 19.69 19.30 16.08 16.97 16.01 18.70 17.81 17.75 15.94 17.53 17.72 15.15 16.43 18.31 18.03 15.42 18.35 20.64 18.60 19.09 22.41 23.00 22.32 23.76 25.06 
31.93 32.89 31.46 31.23 29.55 27.77 25.12 22.85 19.20 15.53 12.39 11.80 9.36 9.44 7.00 5.30 0.34 5.59 6.76 7.59 8.52 9.88 11.55 13.85 14.79 13.55 16.37 20.06 20.20 18.82 21.60 19.50 18.12 15.16 14.80 13.47 12.13 12.36 14.16 13.95 13.05 15.65 17.64 17.62 17.99 21.21 21.70 23.42 23.36 24.92 22.97 22.81 26.31 24.17 21.71 23.93 25.32 22.57 22.60 25.39 25.44 23.07 23.53 21.29 20.67 20.82 21.51 22.15 20.57 19.92 20.36 22.37 20.86 20.95 23.52 24.64 22.18 22.57 26.40 27.00 26.90 27.93 27.36 25.24 21.37 17.85 15.57 14.47 12.41 11.42 11.95 13.62 14.38 16.98 18.86 21.56 19.49 21.22 24.00 24.13 22.65 25.05 27.21 26.04 25.11 28.64 29.78 27.92 25.93 26.87 23.42 23.47 19.96 17.92 15.35 14.53 12.47 13.24 11.29 14.13 15.19 16.29 13.37 12.67 14.50 15.47 11.21 13.56 15.79 16.67 15.15 18.14 20.37 20.76 20.38 21.57 21.15 21.80 21.02 20.44 20.70 20.90 21.72 19.18 18.26 20.28 20.01 16.83 16.81 18.86 16.86 15.21 17.98 19.66 18.91 18.13 20.73 20.10 19.16 20.01 22.58 21.20 21.66 24.49 25.95 24.78 25.63 22.79 20.56 19.62 19.18 15.33 16.10 14.91 17.76 16.54 16.02 14.65 16.18 16.67 14.17 14.68 17.37 17.15 14.11 17.47 19.17 18.01 17.28 20.97 22.59 20.97 23.33 26.06 
31.54 31.40 30.71 29.73 28.71 26.63 24.43 21.37 17.56 14.49 12.00 10.41 8.74 10.42 8.30 6.39 5.59 0.00 5.32 6.64 6.62 8.24 9.32 11.97 12.56 11.84 15.08 18.46 19.10 17.22 20.34 18.60 18.01 14.71 14.36 13.51 12.96 12.91 15.10 14.84 14.68 16.91 19.53 19.05 19.91 22.96 23.49 24.64 24.40 26.12 23.87 23.80 26.92 24.91 22.30 24.78 25.92 22.81 22.58 25.76 25.42 23.26 23.68 21.84 20.52 20.88 21.56 22.48 20.29 19.91 20.30 22.37 20.64 20.88 23.23 24.41 22.02 22.72 26.14 26.95 26.33 27.25 26.92 24.97 20.95 17.46 15.17 14.19 11.71 11.54 12.42 14.45 15.59 18.43 20.46 22.23 20.58 21.84 24.87 24.83 23.40 26.12 28.19 26.94 25.58 29.67 29.79 28.03 26.09 27.25 23.92 23.76 20.42 18.44 15.66 14.94 13.19 15.06 13.00 15.08 16.59 16.81 13.21 11.66 14.30 15.53 10.53 13.09 16.31 17.00 14.98 18.56 20.78 21.17 20.20 21.79 21.31 22.11 20.72 20.35 20.71 21.25 21.67 19.55 18.52 21.03 20.59 17.64 17.73 19.85 17.86 16.30 18.62 20.40 19.40 18.25 20.80 19.86 18.73 19.81 22.38 21.32 21.42 24.45 25.83 24.56 25.50 23.11 20.94 19.86 19.14 15.72 16.33 14.65 17.19 15.81 15.62 13.75 15.68 15.74 13.13 14.18 16.79 15.69 13.11 16.40 19.52 17.22 17.76 21.25 22.01 21.40 23.14 25.03 
30.68 31.64 29.84 29.18 26.84 25.13 23.36 20.80 16.22 13.77 11.45 10.40 8.03 10.22 10.13 7.88 6.76 5.32 0.03 5.95 7.35 7.20 8.33 11.23 12.66 11.47 13.85 17.46 18.38 16.63 19.33 17.83 17.64 14.01 13.70 13.11 13.25 12.85 15.23 16.00 16.08 18.22 20.79 20.93 21.23 24.53 25.03 25.89 25.27 27.07 25.11 24.65 27.21 25.62 23.16 25.26 26.27 23.27 23.22 25.93 25.57 23.02 23.94 22.01 20.70 20.78 21.73 22.53 20.63 19.90 20.59 22.55 20.69 20.74 23.03 24.25 22.09 22.68 25.90 26.63 26.00 27.09 26.46 24.56 19.94 16.97 15.04 13.45 10.66 11.57 13.47 15.19 15.73 19.32 21.19 23.06 20.68 22.61 25.44 25.47 24.06 26.97 28.90 27.81 26.30 29.72 30.20 28.61 26.60 27.57 24.00 24.16 20.61 18.66 15.73 15.38 14.12 16.27 14.69 16.95 17.99 18.34 14.86 13.11 15.27 17.24 12.55 14.59 17.28 18.29 15.82 19.30 21.51 21.68 20.44 21.82 21.52 21.83 20.22 20.10 20.93 21.41 21.74 19.43 19.20 21.43 21.04 18.24 18.63 20.58 18.76 17.55 19.80 20.97 20.08 18.89 20.61 19.78 19.12 20.06 22.18 21.03 21.45 24.28 25.73 24.28 25.28 22.88 21.06 19.83 19.30 15.81 17.06 15.65 17.30 16.08 15.49 14.07 14.79 14.52 13.11 14.07 16.28 15.65 12.89 16.32 18.43 17.19 17.44 20.83 21.70 20.69 22.87 24.93 
30.15 29.99 28.86 27.44 26.21 24.24 22.54 18.82 15.40 13.22 11.26 10.77 9.43 10.99 11.49 9.04 7.59 6.64 5.95 0.00 5.80 7.08 6.69 8.20 10.32 10.16 11.97 14.87 16.36 14.82 17.58 15.94 15.48 11.81 12.63 12.02 11.86 11.56 14.76 15.47 16.19 17.69 21.15 20.94 21.78 24.44 25.31 26.00 25.60 27.54 25.27 24.66 27.50 25.77 23.52 25.48 26.45 23.42 23.38 26.10 25.72 23.42 24.08 22.00 20.97 21.11 21.82 22.68 20.48 19.75 20.41 22.15 20.37 19.91 22.29 23.23 21.05 21.58 24.68 25.17 24.53 25.59 25.05 22.98 18.96 16.13 14.34 13.38 11.05 12.51 14.62 16.25 16.68 19.77 21.79 22.90 20.78 22.15 25.29 25.07 24.11 26.48 28.70 27.56 26.35 29.77 29.61 28.00 25.75 27.02 23.61 24.05 20.77 18.55 15.23 15.34 14.66 16.37 14.83 17.73 19.17 18.61 15.35 13.79 16.11 16.89 12.96 14.10 16.84 18.04 15.56 19.13 21.55 21.47 20.35 22.02 21.28 21.79 20.67 20.66 21.41 21.92 22.27 20.15 19.75 21.94 21.42 18.49 19.39 20.87 19.01 17.82 20.07 21.10 20.15 18.97 21.02 20.07 19.52 20.20 22.63 21.46 21.71 24.40 25.40 24.38 25.34 23.29 21.06 20.00 19.22 15.74 16.90 15.81 17.23 15.23 15.15 12.95 13.63 14.00 12.39 12.92 14.91 14.78 13.07 15.19 17.61 16.51 16.84 19.94 21.06 20.32 22.40 24.70 
28.90 29.26 27.54 26.71 24.82 22.77 20.56 17.27 14.01 12.33 10.32 10.34 9.06 11.53 11.64 10.17 8.52 6.62 7.35 5.80 0.00 5.36 6.88 6.37 7.06 8.06 10.93 12.56 13.67 12.83 15.65 14.28 14.04 11.70 12.22 11.62 11.64 12.54 15.33 15.91 16.36 18.64 21.45 21.56 21.90 24.72 25.44 26.22 25.63 27.25 24.80 24.96 27.57 25.62 23.00 25.25 26.57 23.54 23.37 26.01 25.93 23.53 24.35 22.37 21.42 21.13 21.99 22.49 20.87 19.84 20.37 22.11 20.06 19.46 21.55 22.50 19.93 20.13 23.34 23.87 23.33 24.25 23.52 21.53 17.60 15.14 13.32 12.80 11.80 12.88 14.65 17.16 17.62 20.12 21.55 23.10 20.56 21.97 24.81 24.77 23.29 25.80 27.68 26.73 25.24 28.73 28.91 27.21 24.74 25.76 22.68 23.11 19.51 17.93 15.02 15.40 14.43 16.51 15.18 17.80 19.29 19.77 16.04 15.12 16.15 17.70 13.45 15.23 17.00 18.52 16.76 19.83 21.67 21.86 21.04 22.68 21.94 22.37 21.48 21.72 21.74 22.52 22.97 20.90 20.08 22.42 22.17 19.44 19.50 21.36 19.63 18.11 20.31 21.48 20.61 19.37 21.75 20.98 19.77 20.86 23.37 21.91 21.78 24.34 25.60 24.43 25.15 22.65 20.93 19.63 19.11 14.82 16.21 14.78 16.92 14.93 13.75 11.25 12.44 12.78 10.25 10.04 12.96 13.51 10.45 14.06 16.29 15.14 14.83 18.51 19.74 18.57 20.83 23.73 
27.18 26.42 25.26 24.14 22.55 20.54 18.24 15.59 12.51 11.74 9.13 10.26 10.02 12.23 12.91 11.26 9.88 8.24 7.20 7.08 5.36 0.00 5.38 7.10 6.05 6.25 9.13 11.78 11.89 11.10 14.05 13.21 13.44 10.91 12.27 12.19 13.14 14.16 16.91 16.39 17.63 20.11 22.99 22.43 22.97 26.00 26.51 27.27 26.49 27.99 25.50 25.55 27.91 25.80 22.89 25.41 26.55 23.36 22.95 25.69 25.25 23.29 23.92 22.10 20.72 21.14 21.85 22.64 20.25 19.40 19.83 21.35 19.32 18.44 20.49 21.28 18.66 19.04 21.77 22.60 21.59 22.85 21.94 20.13 16.38 14.23 12.52 12.84 12.24 13.44 15.61 17.94 18.89 21.30 22.70 23.87 21.21 22.53 25.65 25.11 23.41 25.95 27.97 26.56 24.97 28.40 28.15 26.37 24.12 24.94 21.82 22.24 18.60 17.33 14.94 15.43 14.53 17.07 16.21 17.98 19.74 20.17 16.58 14.72 16.53 17.54 13.46 14.80 17.54 19.04 17.41 20.41 22.25 22.59 21.52 23.31 22.48 23.10 22.10 21.98 21.88 22.48 23.30 21.18 20.22 22.66 22.67 20.11 19.96 21.72 20.29 18.98 20.94 21.92 20.85 19.52 21.48 20.70 19.52 20.53 22.76 21.66 21.50 24.09 24.91 23.97 24.46 22.26 20.30 19.09 18.42 14.35 15.49 13.98 16.39 14.48 13.13 10.18 11.66 11.85 8.61 7.98 11.78 11.66 7.62 11.59 15.27 14.01 13.85 17.95 18.74 18.31 19.76 22.45 
25.28 25.06 23.68 22.04 20.55 18.08 16.48 13.93 12.01 10.58 8.35 10.30 10.55 12.49 13.20 11.85 11.55 9.32 8.33 6.69 6.88 5.38 0.01 5.30 7.03 5.45 6.04 9.43 10.63 9.64 11.28 11.06 10.79 8.89 10.76 11.49 12.53 14.05 16.63 16.55 17.87 20.49 23.17 23.07 23.59 26.40 26.91 27.82 26.90 28.36 25.81 26.20 28.11 26.28 23.73 25.78 26.47 23.58 23.52 25.68 25.11 22.94 24.02 21.86 20.33 20.51 21.83 21.85 19.89 18.90 19.59 20.76 18.87 17.99 19.57 20.16 17.77 17.83 20.26 20.84 20.12 21.12 20.25 18.67 14.85 13.06 11.97 12.41 12.06 14.15 16.68 18.46 19.43 22.12 23.48 23.95 21.42 23.34 26.00 25.61 23.57 26.00 27.25 26.44 24.50 27.49 27.27 26.04 23.65 24.20 21.19 21.53 18.09 16.80 14.76 15.82 15.55 17.09 16.27 18.74 20.76 20.96 17.13 16.15 17.66 19.00 15.07 16.49 18.31 20.00 18.23 20.59 22.67 22.71 21.57 22.98 22.61 23.01 22.08 22.03 22.17 22.79 23.43 21.57 21.04 23.06 22.80 20.64 20.57 22.24 20.72 19.58 20.86 21.76 20.89 19.55 21.07 20.42 19.61 20.40 21.97 21.16 21.40 23.60 24.20 22.89 23.66 21.71 19.98 18.60 18.01 14.31 15.81 14.17 16.10 14.13 13.39 11.09 11.84 11.49 9.94 9.59 11.17 11.29 8.91 11.35 13.30 13.15 13.25 16.67 17.71 16.97 18.72 21.08 
24.88 24.55 23.06 21.23 20.56 18.28 16.44 13.52 12.41 12.28 11.43 13.10 13.78 15.95 16.26 15.40 13.85 11.97 11.23 8.20 6.37 7.10 5.30 0.34 5.45 6.76 5.87 6.90 9.76 10.17 11.52 10.98 12.23 10.97 12.87 14.17 15.75 16.67 18.76 19.21 20.47 22.63 25.18 25.35 26.05 28.68 29.56 30.16 29.47 30.61 28.27 28.00 29.69 28.03 25.80 27.95 28.30 25.45 25.52 27.68 27.29 25.11 26.03 23.84 22.60 22.62 23.65 23.73 21.67 20.63 20.93 22.19 20.31 19.23 20.47 20.91 18.41 18.26 20.40 21.18 20.26 21.44 20.56 19.08 15.90 14.22 13.88 14.77 15.10 17.39 19.98 21.34 22.05 24.48 25.48 26.03 23.71 25.02 27.56 26.92 25.37 26.76 28.47 27.46 26.04 28.78 28.41 26.88 24.84 25.51 22.82 22.73 19.72 18.65 16.80 17.87 18.12 19.51 18.82 21.13 23.00 22.48 19.58 18.49 19.81 20.57 17.86 18.56 20.34 22.19 20.69 22.82 24.67 24.99 23.65 25.05 24.51 25.11 24.28 24.15 24.31 24.87 25.45 23.86 23.30 25.12 24.88 23.02 23.14 24.54 23.13 22.12 23.40 24.14 23.20 21.96 23.40 22.79 22.11 22.43 24.21 23.34 23.38 25.54 26.03 24.80 25.58 23.75 21.83 20.35 19.60 16.64 17.85 16.52 17.53 16.05 15.30 12.90 12.85 12.69 11.48 9.53 11.96 11.88 10.69 11.85 14.61 14.27 14.99 18.19 18.76 18.18 20.19 22.50 
23.12 23.01 21.32 19.91 19.48 16.88 15.11 12.33 11.60 11.86 11.24 13.44 13.94 16.37 17.35 16.18 14.79 12.56 12.66 10.32 7.06 6.05 7.03 5.45 0.51 4.90 7.04 6.19 7.47 8.88 10.61 10.30 11.68 11.65 12.96 14.53 16.56 18.11 19.28 19.59 20.87 23.00 25.40 25.45 26.01 29.02 29.70 30.25 29.23 30.57 27.90 27.62 29.30 27.49 25.05 27.34 28.33 25.66 25.36 27.54 27.20 25.37 26.00 23.87 22.39 22.56 23.37 23.54 21.20 20.33 20.90 22.12 19.68 18.57 19.91 20.31 17.33 16.93 19.25 20.04 19.15 19.78 18.72 17.36 14.67 13.36 12.95 14.56 15.99 18.42 20.44 21.85 22.63 24.76 25.68 26.27 23.60 25.03 27.21 26.64 24.30 26.22 27.33 26.41 24.39 27.73 27.49 25.83 23.30 24.57 22.02 22.22 18.50 18.25 16.80 17.88 17.93 20.09 19.51 21.53 22.97 23.14 20.56 19.30 19.99 21.62 18.82 19.38 20.61 22.84 21.53 23.20 24.82 25.20 24.13 25.30 24.70 25.41 24.67 24.57 24.35 24.92 25.48 23.79 23.03 25.32 25.13 23.20 23.04 25.03 23.62 22.58 23.75 24.96 23.73 22.58 23.97 23.53 22.15 23.01 24.65 23.59 23.14 25.48 26.22 24.89 25.29 23.26 21.78 20.34 19.81 16.65 18.16 15.74 17.26 16.01 14.54 10.69 11.65 12.41 9.79 6.46 10.22 11.32 8.25 9.69 13.07 12.98 13.05 16.25 17.84 16.92 19.09 20.66 
20.45 19.12 17.78 16.76 16.04 12.85 11.38 9.42 9.37 9.17 8.89 11.50 12.76 14.40 15.91 14.80 13.55 11.84 11.47 10.16 8.06 6.25 5.45 6.76 4.90 0.00 5.18 7.18 6.11 6.19 9.08 8.59 9.77 9.20 10.95 12.49 14.89 16.60 17.86 17.53 18.79 21.63 23.87 23.65 24.46 27.46 28.61 28.92 28.43 29.20 27.01 26.84 28.31 26.37 23.80 26.06 26.83 23.91 23.60 25.67 25.42 23.54 24.38 22.01 20.59 21.00 21.92 22.00 19.48 18.77 19.12 20.37 17.82 16.79 17.98 18.01 15.02 15.08 16.81 17.53 16.33 17.45 15.88 14.56 12.20 10.92 10.45 12.56 14.74 16.48 18.73 20.40 21.24 23.13 24.09 24.92 22.33 23.62 26.11 25.06 22.96 24.80 26.47 24.63 22.96 25.89 25.71 23.60 21.48 22.46 20.03 19.96 16.54 16.32 15.60 16.59 16.46 18.87 18.42 20.35 21.93 22.13 19.19 18.03 19.33 20.56 17.64 18.13 20.16 21.90 20.34 22.38 23.86 24.12 22.78 24.33 23.75 24.37 23.76 23.24 23.26 24.01 24.43 22.57 21.89 24.63 24.49 22.26 22.30 24.33 22.77 21.50 23.06 23.90 22.55 21.21 22.82 22.09 20.92 21.38 23.16 21.95 21.91 24.16 24.74 23.45 24.06 21.71 20.06 18.93 18.61 15.17 16.98 15.20 17.01 15.15 14.64 11.87 11.79 11.58 9.16 7.45 9.91 9.61 6.82 7.95 12.48 11.62 11.32 14.97 15.99 15.62 17.46 19.58 
20.08 19.36 17.79 16.47 16.34 13.57 12.88 10.87 10.90 11.35 11.12 13.18 14.71 17.23 18.34 17.68 16.37 15.08 13.85 11.97 10.93 9.13 6.04 5.87 7.04 5.18 0.00 6.10 7.46 5.88 7.68 9.01 9.24 9.42 10.81 13.31 15.34 17.33 18.14 18.48 20.10 22.40 24.68 24.74 25.59 28.63 29.73 30.55 29.74 30.56 28.37 28.30 29.51 27.45 25.29 26.85 27.47 24.77 24.72 26.67 26.25 24.60 25.53 23.30 21.63 22.04 23.14 22.86 20.81 19.77 19.94 20.86 18.98 17.90 18.39 18.25 15.88 15.47 16.88 17.08 16.44 16.83 15.91 14.69 12.73 11.77 12.02 13.94 16.06 18.24 20.43 21.91 22.98 24.99 25.47 25.84 23.54 25.01 26.88 26.43 24.20 25.91 26.57 25.56 23.57 25.97 26.01 24.67 22.61 23.16 21.05 21.29 18.15 17.70 17.16 18.31 18.64 20.11 19.98 21.81 23.84 23.34 20.63 20.06 21.54 22.53 19.60 20.30 22.14 23.78 22.29 24.14 25.92 26.11 24.46 25.83 25.53 26.15 25.28 24.99 24.94 25.62 25.76 24.24 23.70 26.07 25.69 24.16 23.87 25.68 24.12 23.39 24.40 25.31 24.00 23.03 24.03 23.53 22.25 22.87 23.93 23.40 23.50 25.47 25.98 25.19 25.94 23.65 21.82 20.80 20.91 17.61 18.89 17.69 18.67 16.70 15.51 13.60 13.48 12.42 10.88 9.97 10.76 10.63 8.32 10.16 11.98 12.14 12.22 14.65 15.86 15.84 17.80 19.35 
20.82 20.66 18.93 17.14 17.22 15.06 14.74 12.64 12.94 14.80 15.90 17.97 19.14 21.04 22.91 21.55 20.06 18.46 17.46 14.87 12.56 11.78 9.43 6.90 6.19 7.18 6.10 0.00 6.32 7.73 8.21 9.10 11.31 12.26 13.83 16.23 18.60 19.73 20.65 20.72 22.01 24.33 26.33 26.66 27.59 30.32 31.64 32.18 31.68 32.45 30.28 29.91 31.08 29.40 27.24 29.05 29.68 26.91 26.60 28.85 28.73 27.02 27.58 25.60 24.02 24.49 25.15 25.32 22.77 21.90 21.70 22.87 20.80 19.57 19.96 19.76 16.94 16.91 17.87 18.20 17.13 18.07 17.08 16.35 14.35 14.35 15.31 17.01 19.04 21.24 23.52 24.58 25.13 27.16 27.51 28.22 25.63 26.80 28.61 28.03 25.93 27.07 28.31 27.02 25.39 27.77 27.48 26.01 24.18 25.02 23.07 23.29 20.29 20.10 19.41 20.67 21.10 23.07 22.70 25.00 26.15 26.17 23.36 22.65 24.02 25.13 22.85 22.89 24.56 26.60 25.23 26.81 28.60 28.94 27.53 28.48 28.03 28.74 27.97 27.17 27.27 27.71 28.15 26.40 26.01 27.94 27.89 26.21 26.28 27.91 26.81 25.75 26.97 27.85 26.78 25.53 26.67 26.08 25.00 25.19 26.79 26.05 25.95 28.11 28.62 27.77 28.50 26.49 24.53 23.43 23.27 20.48 21.88 20.77 21.99 19.35 18.56 15.91 15.56 15.17 13.25 10.81 13.35 12.51 11.06 10.69 14.54 14.07 14.83 16.94 17.93 17.04 20.23 21.22 
19.82 19.79 18.26 16.92 16.15 14.12 14.26 12.34 13.07 14.24 15.93 17.76 19.02 21.16 23.05 21.98 20.20 19.10 18.38 16.36 13.67 11.89 10.63 9.76 7.47 6.11 7.46 6.32 0.00 5.95 8.14 7.73 9.41 11.64 13.55 15.82 17.97 20.08 20.63 20.91 21.82 23.91 26.18 25.92 27.09 29.97 31.04 31.38 30.83 31.96 29.86 29.09 30.61 28.71 26.50 28.27 29.34 26.63 26.02 28.26 28.43 26.71 27.21 25.16 23.53 24.07 24.92 25.11 22.21 21.33 21.34 22.43 19.94 19.03 19.47 19.18 16.01 16.07 17.46 17.16 16.33 16.61 15.99 14.89 13.88 13.89 14.99 16.97 19.31 21.51 23.83 24.78 25.08 26.87 27.63 27.84 25.10 26.06 28.04 27.23 24.72 26.38 27.52 26.16 24.36 27.07 27.02 25.37 23.25 24.38 22.50 22.75 19.54 19.66 19.49 20.11 20.76 22.88 22.96 24.96 26.13 26.35 24.15 22.95 23.94 25.59 23.36 23.23 24.59 26.78 25.39 26.63 28.05 28.73 27.27 28.01 27.48 28.35 27.70 27.01 26.70 27.59 27.97 26.27 25.39 27.75 27.59 25.98 25.71 28.04 26.83 25.78 26.81 28.05 26.89 25.63 26.82 26.51 24.94 25.71 27.36 26.27 25.89 28.31 28.90 27.80 28.18 26.28 24.53 23.27 23.27 20.67 21.96 20.86 22.42 20.39 18.74 15.71 15.46 15.50 11.87 8.58 12.31 13.09 9.41 8.22 13.17 13.40 12.65 14.38 16.69 16.47 18.75 19.80 
18.60 17.79 15.99 14.23 13.70 11.20 11.48 10.15 11.34 12.83 13.76 15.59 17.12 19.03 21.12 20.02 18.82 17.22 16.63 14.82 12.83 11.10 9.64 10.17 8.88 6.19 5.88 7.73 5.95 0.00 5.96 6.64 7.14 8.20 10.80 12.97 14.34 16.36 17.73 17.50 18.47 20.50 22.54 22.72 23.77 26.93 27.97 28.81 28.02 28.88 26.78 26.60 27.84 25.86 23.60 25.69 26.43 23.58 22.96 25.92 25.63 23.98 23.89 22.27 20.70 21.38 22.03 22.18 19.28 18.52 18.72 19.67 17.02 15.54 16.34 16.37 13.02 13.47 14.34 14.56 13.12 13.87 12.22 12.35 11.17 11.53 12.09 14.23 16.40 18.30 20.64 22.08 22.51 24.45 24.85 25.46 22.31 23.18 25.30 24.25 21.92 23.64 25.08 23.26 21.62 24.54 24.31 22.38 20.48 21.46 19.76 20.27 17.18 17.27 17.30 17.96 18.18 20.78 20.89 22.95 24.15 24.31 21.75 20.92 22.21 23.46 21.10 21.18 23.19 24.84 23.19 24.68 26.21 26.80 25.20 26.38 25.57 26.56 25.59 25.02 24.70 25.52 26.04 23.99 23.35 25.71 25.75 23.73 23.96 26.01 24.73 23.49 25.17 26.29 24.81 23.75 25.13 24.68 23.06 23.74 25.60 24.67 24.30 27.10 27.41 26.81 27.13 24.85 22.88 22.15 22.20 19.58 20.96 19.47 21.66 19.58 18.81 15.47 15.69 15.07 12.29 9.90 12.56 11.67 8.82 7.92 12.35 11.99 11.85 12.53 15.46 15.22 17.44 18.35 
20.06 19.69 17.82 16.36 15.10 13.01 12.79 11.41 13.03 14.07 15.51 16.95 18.56 20.86 22.24 22.18 21.60 20.34 19.33 17.58 15.65 14.05 11.28 11.52 10.61 9.08 7.68 8.21 8.14 5.96 0.00 5.95 6.87 8.49 9.61 13.12 15.26 17.24 17.63 18.37 19.67 21.47 23.62 23.70 24.78 27.59 28.76 29.89 29.04 29.61 27.50 27.33 28.79 26.53 24.21 26.03 26.71 23.93 23.74 26.45 26.45 24.52 25.00 23.05 21.55 22.00 22.80 23.13 20.47 19.64 19.60 20.70 18.17 16.90 17.46 17.74 14.49 14.12 15.67 16.33 15.39 16.07 14.91 13.91 12.70 12.84 13.76 15.27 17.51 19.84 21.79 22.76 23.67 25.70 25.88 26.11 23.14 23.94 25.70 24.90 22.36 23.96 25.21 23.74 22.00 24.40 24.84 23.25 21.43 22.36 20.91 21.78 19.21 18.97 19.16 19.81 20.43 22.53 22.67 24.64 25.87 25.91 23.58 22.50 23.54 24.85 22.46 22.98 24.52 26.23 24.80 26.58 28.42 28.56 27.36 28.32 27.52 28.12 27.34 26.41 26.47 27.00 27.29 25.44 24.75 27.02 26.92 25.20 25.17 27.17 25.78 25.10 26.83 27.81 26.81 25.52 26.99 26.32 25.02 25.52 27.15 26.16 26.14 28.53 29.67 28.81 29.52 26.92 24.87 24.18 24.47 21.76 22.89 22.03 23.79 21.88 20.58 17.79 17.76 16.80 14.43 13.66 14.46 13.46 10.96 11.94 13.33 13.48 12.84 14.20 16.19 16.22 17.65 18.77 
20.42 20.03 18.33 16.34 14.76 12.32 11.54 9.63 10.81 12.04 13.70 15.15 17.03 18.99 20.46 20.49 19.50 18.60 17.83 15.94 14.28 13.21 11.06 10.98 10.30 8.59 9.01 9.10 7.73 6.64 5.95 0.00 5.17 6.52 7.84 10.16 12.31 14.10 15.28 15.71 16.83 18.25 21.34 21.19 22.52 25.56 27.11 27.88 27.26 27.74 25.88 25.18 26.95 24.74 22.56 24.30 25.39 22.12 21.61 24.17 24.11 22.00 22.37 20.33 18.68 19.44 20.32 20.58 18.09 17.01 17.37 18.30 15.59 14.53 15.88 15.75 11.96 12.73 14.78 15.13 13.97 14.86 13.62 12.63 10.61 10.71 11.93 12.88 14.99 17.20 19.29 20.18 21.06 23.30 23.85 24.21 21.30 21.93 24.23 23.08 20.99 22.57 24.20 22.25 20.73 23.48 23.79 21.86 20.16 21.36 19.64 20.13 17.36 17.09 16.89 18.14 18.51 20.87 21.00 23.16 24.37 24.92 22.53 21.30 22.78 24.15 21.84 21.59 23.39 25.07 23.81 25.42 26.98 27.31 26.16 27.15 26.26 26.84 25.98 24.81 24.75 25.76 26.29 24.16 23.68 25.91 26.10 24.05 24.30 26.22 25.33 24.20 25.77 26.77 25.70 24.62 26.06 25.25 24.06 24.88 26.79 25.83 25.48 28.50 29.32 28.65 29.03 26.99 24.90 24.14 24.26 21.31 22.17 21.26 23.64 21.27 20.21 17.19 17.80 17.05 13.70 12.54 14.14 13.20 10.89 11.88 14.78 13.26 13.85 14.43 17.06 15.76 18.63 18.82 
20.95 21.09 19.88 17.83 15.27 12.99 12.62 10.31 10.90 11.30 13.24 13.88 16.05 18.08 19.66 19.05 18.12 18.01 17.64 15.48 14.04 13.44 10.79 12.23 11.68 9.77 9.24 11.31 9.41 7.14 6.87 5.17 0.00 5.50 6.59 8.68 10.30 13.00 14.24 15.01 15.71 17.44 20.30 19.51 21.02 24.37 25.81 25.90 25.68 26.67 24.88 23.80 25.54 23.48 21.44 23.22 24.08 20.96 20.31 23.03 22.74 20.49 21.11 18.82 17.20 18.09 18.97 19.61 16.85 16.07 16.30 17.36 14.27 13.76 14.97 14.50 10.56 12.09 14.61 14.97 13.84 15.23 13.86 12.69 10.70 10.16 10.89 12.62 14.11 16.09 18.33 19.43 19.58 21.81 22.64 23.27 20.08 21.20 23.37 22.19 19.57 22.07 23.70 21.78 19.88 23.42 23.77 21.61 19.74 21.15 19.36 19.54 16.68 16.62 16.47 17.31 17.81 20.01 20.27 22.53 23.82 24.38 22.32 21.01 22.53 24.04 21.68 21.27 22.85 24.63 23.34 24.76 26.16 26.42 25.60 26.09 25.32 25.88 25.27 24.05 24.17 24.96 25.78 23.55 23.06 25.38 25.58 23.40 23.61 25.88 24.98 23.89 25.40 26.58 25.70 24.46 26.05 25.46 24.39 25.35 27.50 26.35 26.12 28.96 29.90 29.08 29.54 27.64 25.32 24.37 24.45 21.58 22.13 21.56 23.87 22.05 21.03 18.28 18.91 17.93 14.69 13.35 15.17 14.89 12.55 13.05 15.17 14.70 14.00 15.37 17.10 16.59 17.84 18.90 
21.55 21.37 20.50 18.35 15.80 13.23 12.28 9.95 10.01 9.79 10.65 10.90 13.29 15.50 16.40 15.65 15.16 14.71 14.01 11.81 11.70 10.91 8.89 10.97 11.65 9.20 9.42 12.26 11.64 8.20 8.49 6.52 5.50 0.00 5.57 6.86 7.56 8.92 10.72 11.25 11.98 13.41 16.08 15.66 17.55 20.74 22.02 23.01 22.79 23.71 21.82 20.86 22.80 20.61 18.76 20.53 21.30 18.15 17.81 20.89 20.37 17.88 18.14 16.37 14.96 15.89 16.89 17.49 14.80 13.89 14.30 16.03 13.43 12.30 13.88 14.34 11.39 12.54 15.40 15.95 14.91 16.66 15.22 13.26 10.76 9.64 9.83 10.19 11.46 13.33 15.32 16.38 16.17 18.92 19.98 20.61 17.08 18.03 20.78 19.58 17.16 19.58 21.82 19.88 18.49 21.99 22.36 20.55 18.71 20.25 18.12 18.43 15.27 15.21 14.93 15.49 15.55 18.36 18.29 20.60 22.03 22.40 20.23 18.95 20.49 22.06 19.78 19.67 21.42 22.94 21.60 23.20 24.49 24.81 23.81 24.88 23.66 24.29 23.44 22.55 22.46 23.40 24.15 22.19 21.64 24.07 24.04 21.82 22.38 24.62 23.41 22.46 24.56 25.96 24.52 23.48 25.36 24.64 23.37 24.34 26.80 25.88 25.57 28.64 29.49 28.81 29.08 26.88 24.73 23.79 23.76 20.93 21.87 20.59 22.94 21.46 20.87 17.84 18.33 17.55 14.92 14.43 15.37 14.10 12.59 13.15 16.14 13.90 14.85 14.65 17.54 15.93 18.43 17.94 
