0.15 5.07 6.27 8.56 10.97 12.41 14.32 16.09 18.11 19.98 23.19 26.60 28.33 30.79 32.39 33.53 34.79 35.08 36.03 35.77 35.43 34.30 31.75 29.72 25.97 23.51 22.33 20.31 18.86 16.98 16.64 15.83 15.36 15.72 15.39 14.54 14.97 16.56 18.73 20.53 22.91 25.15 28.40 30.22 32.37 34.08 36.54 36.30 37.16 36.76 37.24 36.16 35.54 34.20 33.19 31.43 29.75 28.68 26.35 25.58 24.59 24.19 23.03 22.83 23.15 23.18 22.77 23.11 24.12 23.77 23.34 23.74 23.34 23.30 23.78 25.10 25.51 26.46 27.47 28.18 29.21 30.21 32.12 32.51 33.92 34.70 35.87 35.78 36.27 36.21 36.78 36.87 37.25 37.14 36.96 36.90 35.12 34.40 33.18 32.36 30.70 29.85 28.31 27.38 25.30 24.41 23.40 22.82 22.53 22.27 21.72 21.87 23.25 23.36 22.76 23.25 23.77 24.79 25.34 26.34 27.65 29.05 30.07 30.44 32.16 31.69 29.96 27.97 25.36 24.62 24.65 23.34 23.80 22.40 24.01 23.26 27.56 
5.07 0.14 5.59 6.45 9.62 11.18 13.06 15.81 17.64 19.40 21.95 25.08 27.75 30.08 32.52 32.58 34.59 34.16 36.55 35.45 35.80 33.38 31.90 29.06 25.00 21.63 21.15 18.76 17.46 15.63 15.46 14.90 14.20 15.33 14.12 14.00 14.13 16.05 18.50 20.18 22.79 25.01 28.45 29.97 32.08 33.70 36.42 35.63 36.97 36.14 37.22 35.46 35.27 33.33 32.85 30.72 29.04 27.96 26.01 25.19 23.79 23.60 22.25 22.45 22.48 22.71 22.00 22.79 24.10 23.54 22.66 23.17 22.82 22.80 23.07 24.82 25.18 25.83 26.64 27.65 28.83 29.80 31.42 32.17 33.78 34.19 35.53 35.30 36.20 35.70 36.51 36.48 37.33 36.62 36.82 36.12 35.06 33.80 33.12 31.87 30.38 29.07 27.99 26.79 24.62 23.56 22.38 22.22 21.55 21.25 20.41 21.22 22.91 22.66 21.52 22.52 23.25 24.37 24.75 26.02 27.51 28.88 29.85 30.13 32.13 31.11 29.61 27.23 25.40 23.21 23.77 21.96 22.18 21.37 21.68 21.44 24.66 
6.27 5.59 0.00 3.54 7.77 9.36 11.48 13.44 16.35 18.10 20.58 22.58 24.81 28.95 31.51 31.64 33.22 33.75 36.26 35.25 34.26 32.10 30.47 27.92 23.57 20.32 19.76 17.62 16.45 15.03 14.20 13.75 13.27 13.79 13.53 13.18 13.84 15.66 17.71 19.92 22.42 24.45 27.72 29.29 31.98 33.31 36.10 35.00 36.64 35.92 36.86 34.67 33.86 32.09 32.12 29.79 27.58 26.74 25.53 24.54 22.62 22.71 22.16 22.38 22.34 22.73 22.60 23.53 24.53 24.07 22.93 23.35 22.46 22.46 22.52 24.20 24.81 25.35 26.10 27.37 29.17 29.75 31.59 32.07 33.96 34.37 35.90 35.49 36.55 35.76 36.37 36.13 37.46 36.72 36.53 35.99 34.44 33.19 32.53 31.39 29.21 28.07 27.05 25.97 23.47 22.51 21.63 21.36 21.10 20.74 19.98 21.01 22.93 22.66 21.18 22.26 23.08 24.19 24.22 25.35 26.83 28.36 29.28 29.28 31.04 30.46 29.21 26.79 24.71 23.25 22.71 21.62 21.40 20.72 22.05 21.05 24.44 
8.56 6.45 3.54 0.00 5.44 7.79 9.57 12.31 14.92 17.47 19.02 21.99 23.22 27.13 30.49 30.61 32.99 33.72 35.90 35.95 35.29 33.27 30.21 27.82 23.61 20.94 18.95 16.78 15.53 14.01 12.88 12.08 12.23 13.21 12.67 12.66 13.95 16.08 17.63 19.79 22.31 24.43 27.16 28.86 31.53 33.01 35.56 34.46 35.76 34.98 36.17 34.00 32.96 31.37 30.91 28.76 26.31 25.70 24.18 23.41 21.53 21.78 21.31 21.56 21.56 22.21 22.30 22.99 24.07 23.31 22.56 22.93 22.15 21.64 21.91 23.34 23.79 24.21 25.05 26.58 28.14 28.97 30.61 31.49 33.49 33.93 35.39 35.26 36.35 35.59 36.21 35.83 37.00 35.99 35.83 35.21 34.01 32.71 31.83 30.91 28.79 27.60 26.39 25.35 23.15 21.98 21.17 20.90 20.64 20.26 19.64 20.05 22.08 21.45 20.43 21.30 22.22 23.28 23.56 24.71 26.21 27.91 28.88 29.05 30.51 30.01 28.60 26.69 24.43 21.95 22.00 19.63 20.42 19.64 21.25 18.77 27.45 
10.97 9.62 7.77 5.44 0.00 5.89 7.57 10.38 11.96 15.07 18.09 21.03 22.86 24.83 27.83 29.65 32.15 32.73 33.03 33.57 33.24 31.39 27.37 26.04 23.44 20.67 18.74 16.65 13.93 12.04 11.83 11.05 10.62 11.56 12.32 11.84 12.50 14.06 15.85 17.99 20.68 23.00 25.40 27.69 29.69 31.46 33.75 32.96 34.04 33.39 33.82 32.46 32.13 30.24 29.14 27.09 25.53 24.58 22.62 21.93 20.94 20.73 19.68 19.92 20.09 21.01 21.04 22.21 23.38 22.59 20.96 21.68 20.35 19.97 20.01 21.86 22.01 22.59 23.71 25.01 26.25 27.15 29.30 30.28 31.72 32.52 33.76 33.80 34.28 34.08 34.69 34.47 35.27 34.65 34.16 33.70 32.71 31.39 29.71 28.52 27.04 25.98 24.68 23.98 22.62 21.10 20.13 19.77 20.13 20.24 18.96 19.78 21.46 21.38 19.20 20.22 20.94 22.08 22.43 24.53 26.41 28.30 28.64 29.05 31.20 30.41 27.30 25.10 22.73 22.78 22.34 20.72 21.19 20.87 21.62 20.53 23.12 
12.41 11.18 9.36 7.79 5.89 0.00 5.62 7.27 10.49 12.76 15.39 18.69 20.98 24.87 26.03 28.23 31.83 32.54 32.96 33.39 32.85 30.58 27.01 25.07 20.97 17.53 15.83 12.62 10.89 8.59 9.60 9.81 9.57 11.67 11.23 10.74 10.44 12.62 14.11 16.51 18.77 21.42 24.15 26.45 28.19 30.39 32.49 31.97 33.06 32.40 32.67 31.10 30.74 28.84 27.51 25.57 23.65 22.56 20.52 19.98 19.05 18.88 17.79 18.34 19.07 20.08 20.06 21.41 23.18 22.31 20.11 20.49 19.17 18.75 18.67 20.43 20.46 21.11 21.63 23.31 24.86 26.01 27.79 28.78 30.52 31.07 32.41 32.26 33.06 32.52 33.39 33.20 34.06 33.34 32.97 32.50 31.19 30.32 28.20 27.40 25.30 24.66 22.88 21.86 20.03 18.91 17.76 17.49 18.01 18.18 17.45 17.88 20.41 19.42 17.35 18.47 19.11 20.33 20.53 22.94 24.58 26.70 27.02 27.77 29.77 29.11 25.98 24.22 21.88 20.89 20.36 18.30 19.29 19.30 19.11 19.46 21.79 
14.32 13.06 11.48 9.57 7.57 5.62 0.00 6.09 7.15 10.65 12.11 16.36 18.52 22.17 24.18 25.07 28.58 29.82 30.42 30.60 29.06 27.32 24.54 22.03 17.81 15.33 12.28 9.92 8.04 8.16 9.69 9.36 11.00 12.20 11.41 9.55 10.17 11.25 12.23 13.93 16.51 18.40 21.10 23.28 25.20 27.38 29.68 29.05 30.20 29.90 29.92 28.25 27.88 26.08 25.05 22.56 21.08 20.13 18.61 18.07 16.99 17.43 16.44 17.60 18.30 19.67 20.02 21.65 23.00 22.02 19.97 19.86 18.42 17.80 17.39 18.71 18.60 18.82 19.01 21.09 22.58 23.57 24.86 26.15 27.70 28.53 29.59 29.89 30.35 30.03 30.59 30.78 31.66 31.19 30.61 30.24 28.89 27.51 25.96 24.77 22.89 21.80 20.65 19.20 17.61 16.48 15.91 16.06 16.15 16.82 16.12 17.38 19.07 18.55 15.98 16.88 17.53 18.59 18.42 20.29 22.04 23.86 24.62 24.93 27.06 26.02 23.54 21.38 19.60 18.60 16.90 16.35 17.77 17.00 17.03 16.65 20.01 
16.09 15.81 13.44 12.31 10.38 7.27 6.09 0.00 5.68 7.07 10.09 14.04 16.06 20.16 23.30 24.39 26.56 27.85 29.11 28.32 28.26 25.80 22.66 18.53 14.81 11.66 10.17 6.86 6.68 7.82 10.29 10.71 12.12 13.71 11.87 10.60 10.74 10.58 10.83 12.59 14.79 17.04 18.84 21.91 24.18 26.40 28.50 27.94 28.92 28.34 28.47 26.78 26.57 24.43 23.13 21.18 19.48 18.75 17.00 16.87 15.85 16.34 16.43 17.52 18.27 19.55 20.31 21.37 23.11 21.96 20.35 19.98 18.36 17.34 17.18 17.94 18.03 17.87 18.67 20.16 21.39 22.02 23.56 24.71 26.27 27.05 28.25 28.21 28.68 28.45 29.00 28.91 29.77 29.34 28.82 28.32 27.32 25.99 24.50 23.45 21.82 20.43 19.02 17.91 16.68 15.64 15.33 15.61 16.52 16.86 16.76 17.36 19.78 18.28 16.27 16.43 16.87 17.21 17.52 19.06 20.74 22.46 23.39 24.14 26.16 25.08 22.30 21.06 18.68 16.90 16.26 15.59 15.26 16.33 16.36 17.49 21.43 
18.11 17.64 16.35 14.92 11.96 10.49 7.15 5.68 0.00 5.58 6.55 11.92 13.38 17.07 20.19 21.70 22.40 22.58 23.47 23.56 22.74 20.22 17.32 15.42 12.51 10.22 8.06 8.75 8.92 10.16 12.27 14.07 14.97 15.83 14.56 12.81 12.16 12.07 11.50 12.49 14.10 15.39 16.82 19.85 22.31 23.73 25.63 25.23 26.21 25.04 25.22 23.66 23.65 21.62 20.84 19.24 17.78 17.38 16.00 16.95 16.25 17.46 17.19 18.99 18.81 20.70 21.16 23.19 24.07 23.19 21.31 21.35 19.03 18.38 17.73 18.79 18.14 18.28 18.48 19.70 20.22 20.75 22.19 22.89 24.13 24.71 25.54 25.20 25.74 25.55 26.37 25.88 26.79 26.37 25.84 25.50 24.96 23.72 22.04 20.86 19.59 18.23 17.22 16.37 16.16 15.72 15.48 16.44 17.53 18.41 17.87 19.17 21.11 19.76 17.21 17.05 16.64 16.75 16.53 17.93 19.06 20.53 21.14 21.87 24.92 22.82 19.55 18.08 17.09 15.91 14.71 14.67 13.76 16.34 16.79 17.96 20.97 
19.98 19.40 18.10 17.47 15.07 12.76 10.65 7.07 5.58 0.00 5.82 7.69 11.15 14.57 17.40 18.57 20.22 21.48 22.01 21.30 20.35 16.96 14.94 11.66 9.97 6.77 6.39 6.96 10.19 11.41 13.96 15.75 16.13 17.75 16.23 13.90 12.74 12.67 12.25 11.92 12.80 13.80 15.49 18.12 19.91 21.79 23.79 23.51 24.87 23.72 24.02 22.33 22.56 20.87 20.23 18.49 17.04 17.27 16.03 16.98 16.56 18.37 18.61 19.70 20.07 21.84 22.64 23.89 25.48 24.36 22.63 22.14 20.05 19.10 18.97 19.07 18.34 17.73 18.30 18.47 19.45 19.64 20.89 21.18 22.34 22.70 23.42 23.35 23.94 23.50 24.50 24.13 25.30 24.95 24.83 24.40 24.08 22.90 21.38 20.01 18.89 17.50 16.43 15.73 15.66 15.64 15.94 16.77 17.69 19.02 19.06 20.08 21.80 20.59 17.68 17.04 16.30 15.86 15.82 16.54 17.81 19.25 20.22 20.99 23.54 21.77 18.80 17.19 16.16 14.26 14.37 13.68 13.06 15.65 16.91 17.86 21.01 
23.19 21.95 20.58 19.02 18.09 15.39 12.11 10.09 6.55 5.82 0.00 6.08 7.03 11.34 13.12 15.36 17.54 18.47 19.64 18.96 17.52 15.60 13.04 11.04 8.18 7.97 7.75 8.97 11.33 14.87 17.75 18.29 19.05 20.25 19.24 16.87 15.53 14.90 13.71 12.82 12.06 12.49 13.38 15.09 17.11 18.92 21.42 21.48 22.40 22.06 21.86 20.58 20.69 19.41 18.87 17.35 16.05 16.99 16.36 17.60 17.20 19.87 20.02 21.60 21.26 23.63 24.33 26.14 26.80 26.81 24.53 24.55 21.44 21.02 20.09 20.62 18.82 18.86 18.44 18.75 18.87 19.24 19.23 19.98 20.70 21.26 21.49 22.11 22.18 22.06 22.55 23.10 23.82 24.13 23.87 24.11 23.25 22.44 20.80 19.86 18.23 17.36 16.57 16.76 15.91 16.51 17.31 19.15 18.84 20.77 20.70 22.28 23.00 22.25 19.22 18.73 16.88 16.95 15.66 16.25 16.94 18.37 19.60 19.81 22.04 20.70 18.00 16.69 15.64 14.67 13.49 13.80 13.28 16.28 17.11 17.89 21.75 
26.60 25.08 22.58 21.99 21.03 18.69 16.36 14.04 11.92 7.69 6.08 0.00 6.35 7.61 11.06 12.42 15.54 16.60 18.11 16.74 15.62 12.19 11.72 8.71 7.16 7.47 9.21 11.67 14.41 18.39 20.71 21.90 22.76 24.33 23.08 21.09 19.60 18.69 16.26 15.26 13.67 12.68 12.62 14.42 16.07 18.15 20.00 19.76 21.12 20.86 21.04 19.63 19.84 18.80 18.42 17.26 16.35 17.27 17.22 19.21 19.31 21.60 22.36 23.71 23.99 25.94 27.26 28.18 29.35 28.88 27.62 26.90 24.10 23.22 22.62 22.53 20.92 19.85 19.69 19.57 19.74 19.40 19.74 19.41 20.48 20.89 21.23 21.69 22.01 21.95 22.26 22.50 23.54 23.62 23.44 23.44 22.62 21.84 20.43 19.54 18.35 17.83 17.32 18.02 18.19 19.05 19.99 21.37 22.39 23.89 23.97 24.80 26.22 24.76 22.49 21.62 19.79 18.75 17.57 17.35 17.48 18.26 18.92 19.35 21.69 20.22 17.60 16.72 16.19 14.66 14.45 15.20 14.95 17.49 18.67 19.69 21.89 
28.33 27.75 24.81 23.22 22.86 20.98 18.52 16.06 13.38 11.15 7.03 6.35 0.00 5.96 7.50 10.44 11.90 13.34 13.82 14.47 12.75 9.72 8.50 8.72 9.27 9.79 12.03 15.38 17.79 21.31 24.00 25.30 26.27 27.52 26.24 24.38 22.94 21.13 17.99 16.13 13.99 12.22 11.79 12.91 14.62 15.66 17.56 17.46 18.87 18.05 18.12 16.15 17.14 15.91 16.12 15.32 15.27 16.72 16.75 19.30 19.86 22.48 22.87 24.40 25.11 26.96 28.08 29.79 30.49 30.50 28.83 28.94 25.18 24.53 23.37 23.54 21.04 20.30 19.41 19.46 18.98 18.85 18.86 18.21 18.97 18.86 19.00 19.20 20.12 19.92 20.62 20.78 22.03 21.78 21.44 21.52 21.29 20.31 19.05 18.09 17.25 17.30 17.03 18.30 19.38 20.35 21.15 22.97 24.46 26.07 25.57 26.96 28.24 27.25 24.22 23.51 21.22 20.32 18.08 18.14 17.34 17.91 17.69 18.36 21.15 19.43 15.95 15.48 15.95 15.37 15.36 14.48 14.91 17.82 18.40 19.41 20.98 
30.79 30.08 28.95 27.13 24.83 24.87 22.17 20.16 17.07 14.57 11.34 7.61 5.96 0.00 6.59 7.35 10.39 12.01 13.15 11.72 11.85 9.50 8.24 8.68 10.77 12.50 15.31 18.52 20.67 24.22 27.40 28.43 29.34 30.13 29.41 27.20 25.16 23.54 21.19 18.59 15.48 13.40 12.71 12.07 13.30 13.44 15.59 15.89 17.46 16.82 16.49 15.46 16.51 15.84 16.04 15.16 15.55 17.49 18.01 19.74 20.98 23.42 24.55 25.64 26.90 28.71 29.92 30.89 32.62 31.97 30.53 30.09 27.01 25.70 24.86 24.39 22.29 21.01 20.03 19.58 19.18 18.38 18.64 17.72 18.27 17.81 18.04 18.15 18.97 18.91 19.27 19.86 20.98 20.97 20.25 20.59 20.37 19.19 18.24 17.52 17.65 16.96 17.63 18.54 19.97 20.64 22.54 23.83 25.34 26.64 27.27 27.76 29.21 28.08 25.77 24.16 22.13 21.14 18.71 18.16 17.45 17.68 17.15 17.81 20.19 18.26 15.42 15.25 15.58 15.01 15.72 15.78 16.35 18.19 19.07 19.20 20.94 
32.39 32.52 31.51 30.49 27.83 26.03 24.18 23.30 20.19 17.40 13.12 11.06 7.50 6.59 0.00 6.00 7.62 10.18 12.48 11.66 11.38 10.81 9.97 9.94 12.12 15.07 17.72 21.05 22.80 27.12 29.79 31.39 32.18 33.33 32.04 29.83 27.67 26.02 23.70 20.84 17.64 15.37 14.31 13.17 12.44 12.50 14.05 14.14 15.79 14.99 15.29 14.65 15.99 15.34 16.15 15.81 16.62 19.07 19.64 21.72 22.92 26.03 27.21 28.84 29.19 31.33 32.76 34.37 35.38 35.20 33.33 33.32 29.58 28.61 26.91 26.90 23.95 23.01 21.15 20.71 19.76 19.25 18.63 17.95 17.78 17.66 17.61 17.83 17.94 18.18 18.83 19.16 20.34 20.21 20.17 20.24 20.32 19.51 18.60 18.48 18.17 18.10 18.86 20.79 21.27 22.83 24.79 26.55 27.25 28.87 29.13 30.58 31.58 30.68 27.62 26.47 23.73 22.50 19.67 19.37 17.84 17.95 17.11 17.56 19.27 17.59 15.13 15.05 16.18 16.40 16.84 16.96 17.33 18.98 19.78 19.72 22.47 
33.53 32.58 31.64 30.61 29.65 28.23 25.07 24.39 21.70 18.57 15.36 12.42 10.44 7.35 6.00 0.00 6.55 7.66 9.64 10.71 10.80 9.97 10.40 11.90 13.32 15.97 18.81 22.63 25.14 28.78 31.45 31.86 32.95 33.73 32.71 30.20 28.81 27.12 24.59 21.78 19.06 16.56 14.82 13.40 12.67 12.47 13.53 12.61 13.56 14.06 13.97 13.80 14.91 14.99 15.98 16.55 17.19 19.22 20.05 22.69 23.89 26.53 27.99 29.53 30.10 32.30 33.61 34.92 35.90 35.63 33.89 33.51 30.22 29.31 27.59 27.12 24.49 23.24 22.07 21.09 19.94 19.41 18.61 17.20 17.34 17.15 17.28 17.11 17.31 17.43 18.01 18.45 18.80 19.49 19.23 19.44 18.68 18.45 18.20 17.62 17.76 17.85 18.94 20.56 21.84 23.49 25.26 26.73 28.04 29.85 30.01 31.12 32.80 31.65 28.70 27.42 25.03 23.50 20.86 20.23 18.52 18.27 17.40 17.34 18.90 17.33 15.17 15.16 16.45 15.79 16.83 17.73 19.45 21.04 20.90 21.34 23.93 
34.79 34.59 33.22 32.99 32.15 31.83 28.58 26.56 22.40 20.22 17.54 15.54 11.90 10.39 7.62 6.55 0.00 5.68 6.86 9.62 11.01 10.95 11.71 12.81 16.30 17.97 21.32 23.93 26.55 30.67 32.36 33.64 35.14 35.75 33.82 31.50 30.29 28.13 25.69 23.11 20.51 17.82 16.33 15.21 14.04 13.38 13.50 12.52 13.24 13.23 13.74 12.95 15.41 15.29 17.07 17.89 18.77 21.37 22.52 25.54 26.71 29.40 30.29 31.91 32.63 34.64 36.26 37.40 38.50 37.80 36.55 36.48 32.69 31.67 30.00 29.55 26.67 25.37 23.88 22.68 21.38 20.33 19.21 18.27 18.81 17.98 18.09 18.10 18.38 17.91 18.29 18.35 19.33 19.14 19.36 19.00 19.37 19.46 19.47 18.82 19.02 20.07 21.16 22.92 24.13 25.90 27.31 29.02 30.59 32.18 32.56 33.64 35.43 34.17 31.39 30.04 27.01 25.43 22.94 22.23 20.45 20.13 19.15 18.99 20.53 19.30 17.50 16.83 18.04 18.27 20.21 20.11 21.78 21.03 23.48 23.70 26.77 
35.08 34.16 33.75 33.72 32.73 32.54 29.82 27.85 22.58 21.48 18.47 16.60 13.34 12.01 10.18 7.66 5.68 0.00 5.49 7.52 9.50 10.62 11.95 13.03 15.97 18.35 20.73 24.10 27.47 30.53 32.59 33.22 35.04 34.95 33.31 31.39 29.81 27.87 25.72 23.14 20.17 17.81 16.37 15.25 13.25 12.61 12.64 11.95 12.67 12.08 12.10 12.91 14.65 14.91 16.57 17.53 17.97 21.05 22.39 25.16 26.29 28.71 30.19 31.52 32.73 34.81 36.08 37.12 38.27 37.93 36.33 35.91 32.41 31.44 29.70 28.99 26.20 25.00 23.14 21.92 20.36 19.11 18.16 17.45 18.18 17.27 17.08 17.38 18.14 17.96 17.41 17.61 18.56 18.67 17.82 18.58 18.37 18.47 18.40 18.18 18.92 19.40 20.96 22.85 24.55 25.70 27.42 28.93 30.36 32.06 32.34 33.52 35.05 34.27 31.27 29.92 26.90 25.60 22.66 21.92 20.14 20.51 18.92 18.57 19.81 18.18 16.52 16.66 17.99 17.69 19.20 19.62 22.77 22.74 22.74 23.71 27.15 
36.03 36.55 36.26 35.90 33.03 32.96 30.42 29.11 23.47 22.01 19.64 18.11 13.82 13.15 12.48 9.64 6.86 5.49 0.00 6.21 8.79 10.42 12.18 13.64 17.21 18.39 22.42 24.42 27.27 31.90 34.00 35.52 37.07 37.37 36.53 33.61 31.13 29.39 27.24 24.70 21.36 19.40 17.96 15.93 14.54 13.39 13.72 12.73 13.04 12.54 12.87 13.61 14.97 15.44 17.34 17.97 18.98 22.04 23.33 26.11 27.45 30.42 31.67 33.61 34.36 36.44 38.09 39.15 40.10 40.02 38.34 38.07 34.15 33.12 30.89 30.62 27.01 25.69 23.59 22.67 20.84 19.48 18.53 18.20 18.77 18.03 18.63 19.05 19.48 18.80 18.89 18.88 19.68 19.33 19.09 18.91 19.54 19.75 19.49 20.11 20.86 21.65 22.78 24.88 26.03 27.98 29.26 31.17 32.63 33.93 34.01 35.40 37.51 36.19 32.68 31.64 28.53 26.94 23.98 23.14 21.29 21.31 20.32 19.60 20.84 19.50 17.89 18.32 19.94 19.52 20.75 20.90 24.98 22.19 24.01 24.30 28.71 
35.77 35.45 35.25 35.95 33.57 33.39 30.60 28.32 23.56 21.30 18.96 16.74 14.47 11.72 11.66 10.71 9.62 7.52 6.21 0.00 6.49 8.83 10.30 12.57 15.48 17.76 21.17 23.57 26.34 30.82 33.99 34.29 35.98 36.51 35.63 32.36 30.64 29.04 26.97 24.08 21.60 18.77 16.68 14.79 13.59 12.69 12.93 11.68 12.90 13.02 13.30 13.14 14.61 15.29 16.83 17.81 18.38 21.39 22.45 25.40 26.86 29.41 31.15 32.52 33.67 35.63 37.25 37.83 38.87 38.62 37.56 36.92 33.58 32.11 30.10 29.65 26.52 24.81 22.73 21.90 20.34 18.94 17.84 17.43 18.55 18.50 19.30 19.90 20.55 20.37 19.93 20.06 20.21 20.08 18.90 18.69 19.00 18.54 18.85 18.97 19.86 20.75 22.06 23.54 25.17 26.93 29.02 30.16 31.96 33.54 33.61 35.03 37.01 35.68 32.31 31.36 28.62 26.95 23.77 22.76 20.92 20.77 19.72 18.99 20.89 19.07 17.40 17.42 19.12 19.40 19.77 20.33 23.99 24.17 23.61 24.18 28.41 
35.43 35.80 34.26 35.29 33.24 32.85 29.06 28.26 22.74 20.35 17.52 15.62 12.75 11.85 11.38 10.80 11.01 9.50 8.79 6.49 0.00 6.08 8.20 10.83 14.35 16.75 20.97 22.85 26.14 29.49 32.95 34.42 35.98 36.42 35.03 32.37 29.93 28.53 25.77 23.94 21.25 18.21 15.77 13.95 13.12 12.17 12.84 12.44 13.34 13.05 13.53 13.47 14.75 15.15 16.23 17.10 18.43 21.07 21.89 24.79 26.28 29.36 30.07 32.10 33.10 35.23 36.03 37.42 38.12 37.93 36.00 36.22 33.02 31.61 29.03 28.81 26.35 25.02 22.73 22.10 20.95 20.05 19.44 19.56 20.65 20.75 21.39 21.80 22.54 21.96 21.79 21.52 21.80 21.02 19.90 19.79 19.74 19.77 19.02 19.76 20.43 21.39 22.05 24.17 25.38 27.13 28.38 30.19 31.98 33.43 33.42 34.64 36.51 35.41 32.13 31.29 28.33 26.79 23.88 22.74 21.25 20.98 20.21 19.88 22.17 20.98 19.06 18.14 19.70 20.03 21.69 21.81 24.58 22.81 25.17 26.04 29.53 
34.30 33.38 32.10 33.27 31.39 30.58 27.32 25.80 20.22 16.96 15.60 12.19 9.72 9.50 10.81 9.97 10.95 10.62 10.42 8.83 6.08 0.00 6.25 7.06 12.02 14.33 18.46 20.52 23.85 27.65 30.69 32.18 34.34 34.00 32.79 30.55 27.62 26.38 23.95 21.89 18.35 15.77 13.29 12.17 11.00 10.93 12.42 11.87 13.18 12.95 13.21 13.20 14.01 13.04 14.61 14.87 15.87 19.10 19.86 22.70 24.00 26.92 28.26 30.07 31.43 33.30 34.28 35.55 36.61 36.15 34.23 34.20 30.99 29.70 27.28 27.03 24.02 23.03 20.86 20.27 18.74 18.70 19.10 19.01 20.18 20.65 21.70 21.46 22.15 21.92 22.22 21.78 21.57 20.88 19.71 19.02 18.73 17.46 17.79 17.47 18.52 18.74 20.10 21.65 23.28 24.39 26.04 27.86 29.72 31.27 31.04 32.40 34.48 33.19 30.06 28.97 26.55 24.70 21.84 20.42 19.29 18.71 17.92 18.04 20.54 18.65 17.00 16.55 17.14 17.89 19.44 19.58 22.54 23.37 23.08 23.20 27.79 
31.75 31.90 30.47 30.21 27.37 27.01 24.54 22.66 17.32 14.94 13.04 11.72 8.50 8.24 9.97 10.40 11.71 11.95 12.18 10.30 8.20 6.25 0.00 6.12 7.86 11.18 14.57 17.72 20.70 24.49 27.95 29.04 31.30 31.94 30.53 28.33 24.56 23.53 21.04 18.49 14.56 12.38 11.43 9.48 9.89 10.76 13.07 12.17 13.87 13.08 13.12 12.63 12.75 12.25 12.17 12.64 13.44 15.90 16.33 19.09 20.96 23.67 24.83 27.25 28.20 30.43 31.73 33.06 33.73 33.91 31.89 31.63 28.36 26.98 24.94 24.65 21.64 20.10 18.44 18.24 17.22 17.28 17.90 18.46 19.37 20.38 21.74 21.83 21.99 21.85 22.22 21.55 21.12 20.36 19.68 18.63 17.80 17.28 16.74 16.60 16.62 17.20 17.95 19.69 20.54 22.59 23.57 25.56 27.38 28.89 28.62 30.38 32.42 31.07 27.02 26.46 23.96 21.65 19.12 18.33 16.76 16.46 15.96 16.52 19.43 17.61 15.71 15.08 15.92 16.10 16.49 17.09 20.35 20.27 21.25 22.05 26.36 
29.72 29.06 27.92 27.82 26.04 25.07 22.03 18.53 15.42 11.66 11.04 8.71 8.72 8.68 9.94 11.90 12.81 13.03 13.64 12.57 10.83 7.06 6.12 0.00 5.75 6.52 11.64 13.92 16.83 21.27 25.36 27.20 28.98 30.05 28.48 26.49 23.22 21.70 18.88 16.46 12.56 11.12 9.73 8.59 10.05 12.00 14.62 14.32 15.44 15.57 15.48 14.32 14.61 13.27 13.79 12.70 13.36 14.65 15.20 17.89 18.99 21.76 22.99 25.07 25.86 28.25 29.80 30.57 31.15 31.33 30.08 29.38 26.40 25.30 23.12 23.15 20.39 19.04 17.62 17.90 17.49 17.65 18.37 18.91 20.09 21.05 22.93 22.42 22.98 22.74 23.50 22.51 22.39 21.80 20.54 19.89 18.88 17.77 17.13 16.56 16.62 16.23 17.39 18.11 19.05 20.74 22.06 23.13 24.97 26.62 26.57 28.22 30.43 29.20 25.40 24.44 22.52 20.32 17.57 16.30 16.10 15.47 15.53 16.42 19.67 17.62 15.36 15.32 15.71 14.39 15.03 16.83 17.79 20.28 20.36 21.48 24.74 
25.97 25.00 23.57 23.61 23.44 20.97 17.81 14.81 12.51 9.97 8.18 7.16 9.27 10.77 12.12 13.32 16.30 15.97 17.21 15.48 14.35 12.02 7.86 5.75 0.00 5.62 7.29 10.77 13.40 18.27 21.37 24.06 25.87 26.44 24.55 22.86 20.04 18.71 15.62 13.62 12.04 10.06 10.36 10.18 12.43 14.24 17.23 16.99 18.32 17.47 17.97 17.00 16.85 15.60 14.85 14.36 13.42 14.43 13.59 15.77 16.47 18.77 20.30 21.98 23.01 24.92 26.14 27.59 28.10 27.93 26.21 26.16 24.05 22.96 21.16 20.90 19.21 17.90 17.15 17.42 17.44 18.04 18.99 19.63 20.76 22.07 23.24 23.13 23.26 23.70 24.34 24.16 23.54 23.03 21.65 21.43 20.35 19.42 17.59 17.82 17.57 17.09 16.74 17.66 17.96 18.96 19.24 20.62 22.29 23.49 23.22 24.76 26.85 25.53 22.19 21.49 19.87 18.44 15.63 15.43 15.55 15.73 16.04 16.68 20.20 18.77 16.85 15.57 16.03 15.47 15.22 15.99 16.83 18.63 19.35 21.36 23.51 
23.51 21.63 20.32 20.94 20.67 17.53 15.33 11.66 10.22 6.77 7.97 7.47 9.79 12.50 15.07 15.97 17.97 18.35 18.39 17.76 16.75 14.33 11.18 6.52 5.62 0.00 5.90 6.04 10.05 14.15 17.64 20.28 22.63 23.53 21.28 19.83 16.72 16.30 12.58 12.04 9.98 10.05 10.79 12.29 13.74 16.88 19.03 19.07 20.18 19.90 20.09 18.67 18.74 17.36 16.54 15.29 14.05 14.34 13.18 14.42 14.67 16.75 17.49 20.00 20.69 22.98 23.43 25.87 26.66 26.30 24.18 24.27 21.98 20.85 19.15 19.21 17.45 17.09 16.50 17.27 17.40 18.90 20.23 20.79 22.32 23.47 24.78 24.48 25.03 24.90 25.93 25.54 25.57 24.77 24.04 23.14 21.90 20.49 19.44 18.48 17.71 16.95 17.37 17.28 17.50 17.73 18.28 19.14 20.36 21.81 21.55 23.16 25.35 23.85 20.54 19.74 18.75 16.76 15.42 15.12 15.90 16.15 16.44 17.26 20.74 19.20 17.19 17.08 16.21 15.08 15.36 15.91 15.41 18.19 19.05 20.27 22.85 
22.33 21.15 19.76 18.95 18.74 15.83 12.28 10.17 8.06 6.39 7.75 9.21 12.03 15.31 17.72 18.81 21.32 20.73 22.42 21.17 20.97 18.46 14.57 11.64 7.29 5.90 0.00 5.83 7.31 12.50 14.31 17.43 19.98 21.26 19.31 16.72 13.55 12.28 10.78 9.94 9.59 10.58 13.31 14.66 16.88 20.18 22.26 22.65 23.78 24.42 23.89 22.90 21.93 20.60 18.76 16.84 15.04 15.26 12.94 12.89 12.84 14.19 14.69 16.38 18.15 20.46 21.66 23.59 24.45 24.59 22.48 22.18 20.02 18.78 17.61 17.54 16.32 16.48 16.88 17.55 18.61 20.34 21.96 22.75 24.19 25.77 26.99 27.45 27.91 27.81 28.46 28.50 28.76 28.33 27.21 26.75 24.86 23.84 21.77 21.21 19.12 18.66 18.02 17.94 17.45 17.52 17.41 17.58 18.38 20.47 20.26 21.68 23.46 22.18 18.35 17.81 16.20 14.70 13.84 14.84 15.64 16.18 17.08 18.46 22.35 20.77 18.75 17.77 17.45 16.33 15.20 14.30 13.40 16.94 17.62 18.88 21.83 
20.31 18.76 17.62 16.78 16.65 12.62 9.92 6.86 8.75 6.96 8.97 11.67 15.38 18.52 21.05 22.63 23.93 24.10 24.42 23.57 22.85 20.52 17.72 13.92 10.77 6.04 5.83 0.00 5.24 7.22 11.00 13.50 16.41 17.44 15.80 14.37 11.79 11.09 10.03 10.15 10.97 13.42 15.68 18.06 19.94 22.89 25.16 24.88 26.87 26.32 26.35 24.59 24.58 22.82 21.63 19.72 17.48 17.22 14.32 13.87 13.10 13.17 13.42 14.87 15.87 18.24 19.22 20.88 21.99 21.77 19.76 20.24 18.26 17.53 16.27 17.17 15.77 16.59 17.46 19.05 19.62 21.42 23.18 23.93 25.19 26.50 28.68 28.77 29.16 29.32 30.36 30.14 30.13 30.06 28.94 28.80 27.14 25.70 23.61 22.83 20.74 20.07 18.85 18.35 17.51 17.13 16.75 16.76 16.85 18.49 18.58 20.62 22.05 20.97 17.50 17.40 16.57 15.78 14.92 16.16 17.49 18.56 19.37 20.45 23.49 22.36 20.27 19.64 19.15 17.44 16.52 15.79 15.03 17.58 17.96 18.77 21.25 
18.86 17.46 16.45 15.53 13.93 10.89 8.04 6.68 8.92 10.19 11.33 14.41 17.79 20.67 22.80 25.14 26.55 27.47 27.27 26.34 26.14 23.85 20.70 16.83 13.40 10.05 7.31 5.24 0.00 6.05 7.21 10.35 12.62 14.38 12.60 11.43 10.14 9.43 9.37 10.58 13.04 15.04 17.75 20.64 22.14 25.02 27.84 28.36 29.07 28.91 28.59 27.10 26.37 24.51 23.55 21.32 19.34 17.66 15.13 14.50 12.95 12.53 12.11 13.02 13.43 15.37 16.70 18.41 19.27 19.11 17.02 17.26 16.06 15.18 14.65 15.39 14.80 15.52 17.53 19.07 20.65 22.27 24.69 25.31 26.77 28.72 30.71 30.74 30.96 31.62 33.05 32.82 32.15 32.29 31.14 31.27 29.17 27.84 24.79 24.08 21.76 20.83 18.88 18.43 17.78 17.01 16.08 15.57 15.54 16.82 16.62 17.84 19.90 18.81 15.90 16.41 15.99 16.42 16.15 17.40 19.09 20.63 22.14 22.40 25.25 24.50 22.83 21.15 20.24 19.69 19.59 17.47 15.60 17.85 18.07 19.43 20.60 
16.98 15.63 15.03 14.01 12.04 8.59 8.16 7.82 10.16 11.41 14.87 18.39 21.31 24.22 27.12 28.78 30.67 30.53 31.90 30.82 29.49 27.65 24.49 21.27 18.27 14.15 12.50 7.22 6.05 0.00 6.40 7.36 10.60 12.45 11.11 9.37 8.19 9.47 9.39 11.78 14.30 17.72 21.02 23.75 25.19 27.75 31.25 30.70 32.73 31.96 32.32 30.44 30.20 28.07 27.12 25.00 22.68 21.47 17.84 16.46 14.66 13.07 12.24 12.52 13.14 14.61 15.27 17.28 18.55 18.49 16.07 16.72 15.17 15.05 14.77 15.99 15.22 16.36 18.30 20.62 22.10 24.02 26.76 27.60 29.34 30.63 32.79 33.10 33.87 34.16 35.13 35.03 35.08 34.74 33.94 33.33 31.91 30.23 28.08 26.47 24.11 22.91 21.58 20.38 19.07 17.78 17.06 16.22 16.07 17.21 16.84 17.78 19.90 18.63 16.05 16.58 16.96 16.82 17.43 19.15 20.88 22.11 23.31 24.06 26.81 25.92 24.31 22.89 22.62 20.91 20.73 18.83 17.69 19.58 19.79 19.06 21.74 
16.64 15.46 14.20 12.88 11.83 9.60 9.69 10.29 12.27 13.96 17.75 20.71 24.00 27.40 29.79 31.45 32.36 32.59 34.00 33.99 32.95 30.69 27.95 25.36 21.37 17.64 14.31 11.00 7.21 6.40 0.85 5.80 6.93 10.06 10.39 9.33 8.23 9.32 11.67 13.49 16.14 19.89 23.70 26.75 28.40 32.08 34.75 34.84 36.71 36.28 36.92 35.01 35.29 32.56 31.63 28.51 26.26 24.35 21.11 18.71 16.05 15.09 12.68 12.18 12.28 13.67 13.92 15.65 17.36 16.92 15.24 15.33 15.10 14.63 15.27 16.39 16.73 18.02 20.26 22.40 24.79 26.85 29.66 30.57 32.14 33.63 35.57 36.13 37.42 37.09 38.14 38.01 38.88 38.50 37.36 36.88 35.19 33.96 30.96 29.33 26.19 25.13 23.16 22.14 20.19 18.76 17.28 16.20 15.75 16.90 16.10 17.32 19.58 18.47 15.86 17.17 17.26 17.36 18.48 20.92 22.49 23.33 25.25 26.01 29.11 28.05 26.90 25.53 24.81 23.44 23.05 21.06 19.10 20.75 21.10 21.08 23.15 
15.83 14.90 13.75 12.08 11.05 9.81 9.36 10.71 14.07 15.75 18.29 21.90 25.30 28.43 31.39 31.86 33.64 33.22 35.52 34.29 34.42 32.18 29.04 27.20 24.06 20.28 17.43 13.50 10.35 7.36 5.80 0.00 5.06 6.58 8.48 8.87 9.02 9.91 12.10 15.73 17.80 21.22 25.24 27.87 29.42 32.16 35.28 34.28 36.30 35.39 36.19 34.28 34.13 32.18 31.10 28.31 25.76 24.42 21.07 19.86 16.29 14.70 12.52 11.33 10.80 11.44 11.98 14.19 15.40 15.40 12.98 15.06 14.02 14.78 14.68 17.03 16.88 18.80 21.31 23.08 25.18 27.12 29.81 30.23 31.94 33.13 35.95 36.01 36.78 36.93 38.11 37.86 38.25 38.00 36.97 36.57 34.96 33.42 30.87 29.18 26.44 24.91 23.16 21.97 19.81 18.14 17.08 16.23 15.18 16.40 15.56 16.72 19.16 17.92 15.67 17.00 18.24 18.35 19.29 21.20 23.26 24.20 25.73 26.04 29.02 27.88 26.63 25.12 25.11 23.14 22.86 20.92 19.94 21.64 21.55 20.67 23.88 
15.36 14.20 13.27 12.23 10.62 9.57 11.00 12.12 14.97 16.13 19.05 22.76 26.27 29.34 32.18 32.95 35.14 35.04 37.07 35.98 35.98 34.34 31.30 28.98 25.87 22.63 19.98 16.41 12.62 10.60 6.93 5.06 0.00 4.53 5.93 8.76 10.02 11.72 13.87 16.51 20.02 22.25 25.85 29.44 30.63 33.51 36.79 36.03 37.28 36.51 37.05 34.79 34.50 32.30 31.16 28.25 25.56 23.82 21.29 20.07 16.59 14.07 12.34 10.84 9.94 10.35 11.31 13.00 14.71 14.69 13.36 14.53 14.44 14.50 15.32 17.47 17.85 19.55 22.26 23.88 26.04 28.31 30.90 31.29 32.94 34.58 37.59 36.91 37.79 37.81 39.93 39.36 39.37 38.73 37.90 37.57 35.63 34.12 31.02 29.87 26.80 25.55 23.00 22.07 20.05 18.83 17.62 17.06 16.09 17.24 16.90 17.50 18.97 18.87 17.18 18.51 19.25 20.18 20.43 22.52 24.45 25.90 27.01 27.12 30.27 29.80 28.15 26.27 24.99 24.63 24.80 22.59 21.61 22.16 23.49 23.70 25.53 
15.72 15.33 13.79 13.21 11.56 11.67 12.20 13.71 15.83 17.75 20.25 24.33 27.52 30.13 33.33 33.73 35.75 34.95 37.37 36.51 36.42 34.00 31.94 30.05 26.44 23.53 21.26 17.44 14.38 12.45 10.06 6.58 4.53 0.00 4.95 6.91 9.03 12.10 14.33 16.81 19.57 23.35 27.89 30.18 32.04 34.78 37.96 36.50 38.01 37.08 37.72 35.49 35.01 33.12 31.64 28.95 25.70 25.03 21.81 19.60 16.22 14.23 12.30 10.74 10.96 11.43 11.68 14.50 16.26 16.46 14.12 14.75 13.96 14.70 14.89 17.91 18.52 19.80 21.93 24.52 26.64 28.60 31.30 32.14 33.82 35.08 37.86 38.03 38.87 38.69 40.01 39.73 40.00 39.35 38.53 37.94 36.26 34.56 31.95 30.35 27.70 26.44 24.28 23.17 21.01 19.77 18.90 18.37 18.04 19.39 18.99 19.26 20.94 20.35 18.81 19.61 19.95 20.71 21.44 23.37 25.22 26.42 27.86 28.34 31.61 30.99 29.30 27.80 27.57 26.05 26.07 23.61 23.99 24.05 24.74 23.86 26.77 
15.39 14.12 13.53 12.67 12.32 11.23 11.41 11.87 14.56 16.23 19.24 23.08 26.24 29.41 32.04 32.71 33.82 33.31 36.53 35.63 35.03 32.79 30.53 28.48 24.55 21.28 19.31 15.80 12.60 11.11 10.39 8.48 5.93 4.95 0.00 5.90 7.03 9.85 12.30 14.80 18.12 21.26 25.71 28.11 29.55 33.32 36.45 35.06 36.42 35.77 36.52 34.48 33.99 31.16 29.48 26.87 24.52 22.96 18.73 16.27 12.50 11.30 8.48 8.07 8.90 9.84 10.90 13.44 15.43 14.66 12.63 12.72 12.26 12.26 12.42 14.24 15.73 16.24 18.97 22.01 24.44 26.52 29.24 30.48 31.72 32.99 34.88 35.39 36.50 36.47 37.32 37.36 37.56 37.15 35.68 35.50 33.29 32.25 28.84 27.46 24.91 23.43 21.45 20.55 19.09 18.09 17.27 17.42 17.49 19.04 18.26 19.69 21.11 20.29 17.97 18.56 18.29 19.08 19.30 21.70 23.60 24.99 26.08 26.87 30.46 29.62 27.91 26.67 26.04 24.32 24.19 22.74 23.75 23.41 24.03 24.20 27.06 
14.54 14.00 13.18 12.66 11.84 10.74 9.55 10.60 12.81 13.90 16.87 21.09 24.38 27.20 29.83 30.20 31.50 31.39 33.61 32.36 32.37 30.55 28.33 26.49 22.86 19.83 16.72 14.37 11.43 9.37 9.33 8.87 8.76 6.91 5.90 0.00 6.36 7.65 10.12 12.53 15.78 18.46 23.04 25.65 27.25 30.38 33.88 32.25 33.51 32.65 33.68 31.19 30.54 28.45 27.17 24.15 22.08 19.20 16.04 13.48 11.31 8.50 8.23 7.75 9.97 10.80 12.36 15.28 16.71 16.37 13.55 13.81 12.29 11.54 11.39 12.65 13.64 14.66 16.50 19.72 21.67 23.75 26.36 27.74 29.22 30.50 32.85 32.77 34.09 33.97 35.28 34.47 34.95 34.45 33.44 32.82 31.18 30.01 27.03 25.39 22.89 21.78 19.78 19.04 17.88 16.80 16.89 17.07 17.49 18.94 18.69 20.09 22.13 20.73 18.26 18.45 18.18 18.24 18.63 20.50 22.45 23.46 24.42 25.40 28.68 27.86 25.74 24.71 24.52 22.85 22.65 21.16 21.93 22.92 23.08 23.02 26.17 
14.97 14.13 13.84 13.95 12.50 10.44 10.17 10.74 12.16 12.74 15.53 19.60 22.94 25.16 27.67 28.81 30.29 29.81 31.13 30.64 29.93 27.62 24.56 23.22 20.04 16.72 13.55 11.79 10.14 8.19 8.23 9.02 10.02 9.03 7.03 6.36 0.00 6.04 6.84 10.17 13.00 16.53 20.91 23.22 25.21 28.26 31.85 30.93 30.96 30.62 30.83 28.97 27.94 26.00 24.56 21.94 18.53 15.70 12.28 11.02 8.86 7.65 7.94 9.13 11.22 13.22 14.40 16.33 18.08 17.49 15.88 15.29 13.03 11.66 10.74 11.40 11.35 12.11 14.17 16.71 19.26 21.24 23.36 25.18 26.69 28.50 29.90 30.50 31.72 31.64 32.70 32.35 32.57 31.80 30.26 30.03 28.62 27.63 24.29 22.70 21.14 20.01 17.86 17.10 16.38 16.23 16.29 17.02 17.66 19.32 19.47 20.88 22.67 21.25 18.77 18.68 17.48 17.88 17.42 19.38 20.97 22.30 22.92 24.04 27.24 26.87 24.56 23.72 23.25 22.34 22.47 21.17 22.01 22.20 23.50 24.23 26.73 
16.56 16.05 15.66 16.08 14.06 12.62 11.25 10.58 12.07 12.67 14.90 18.69 21.13 23.54 26.02 27.12 28.13 27.87 29.39 29.04 28.53 26.38 23.53 21.70 18.71 16.30 12.28 11.09 9.43 9.47 9.32 9.91 11.72 12.10 9.85 7.65 6.04 0.00 5.53 5.58 10.74 14.11 17.94 20.79 22.89 26.42 29.11 28.56 29.28 28.67 28.24 26.68 25.85 23.66 21.53 18.45 15.02 12.75 11.00 9.33 9.32 8.62 10.15 11.20 14.10 15.80 17.30 19.23 20.60 20.25 18.30 17.52 14.76 12.62 12.45 11.48 11.11 11.19 13.18 16.26 17.56 19.75 21.68 23.50 25.43 26.74 28.39 28.97 30.33 30.11 30.64 30.56 30.82 29.95 28.85 28.59 27.19 26.27 23.43 22.14 20.26 19.69 17.89 17.25 16.91 16.96 17.37 17.99 18.93 20.46 20.79 22.14 23.96 22.24 19.96 19.57 18.64 17.44 17.81 18.50 20.14 21.02 21.98 23.00 26.67 25.79 23.23 22.67 23.30 21.45 21.40 20.48 21.44 22.66 22.79 23.27 26.29 
18.73 18.50 17.71 17.63 15.85 14.11 12.23 10.83 11.50 12.25 13.71 16.26 17.99 21.19 23.70 24.59 25.69 25.72 27.24 26.97 25.77 23.95 21.04 18.88 15.62 12.58 10.78 10.03 9.37 9.39 11.67 12.10 13.87 14.33 12.30 10.12 6.84 5.53 0.00 5.82 6.65 10.98 14.48 17.50 19.68 23.03 25.96 25.18 25.82 25.73 25.09 23.86 23.64 20.69 17.96 14.41 11.80 10.91 8.71 8.81 8.85 10.21 11.10 13.37 15.86 18.10 19.44 21.47 22.64 22.61 20.59 19.21 16.16 14.56 12.13 11.08 10.08 10.13 10.78 12.95 14.83 16.75 19.34 21.02 22.70 24.56 25.58 26.76 27.79 27.78 28.03 28.01 28.02 27.42 26.16 25.97 24.11 23.02 20.33 19.16 17.44 16.90 16.00 15.78 16.13 17.07 17.08 17.89 19.29 21.49 21.75 23.38 25.27 23.56 20.40 19.75 18.22 17.22 16.04 17.21 18.49 19.26 19.75 21.15 24.88 23.96 21.69 21.53 22.34 20.51 19.78 19.52 21.03 21.56 22.12 22.73 26.32 
20.53 20.18 19.92 19.79 17.99 16.51 13.93 12.59 12.49 11.92 12.82 15.26 16.13 18.59 20.84 21.78 23.11 23.14 24.70 24.08 23.94 21.89 18.49 16.46 13.62 12.04 9.94 10.15 10.58 11.78 13.49 15.73 16.51 16.81 14.80 12.53 10.17 5.58 5.82 0.00 5.78 6.37 11.33 13.99 16.06 19.16 21.86 21.75 22.81 21.81 22.40 20.47 20.37 17.05 15.18 11.97 11.03 8.75 8.67 8.25 11.10 13.00 15.32 17.43 20.06 21.96 23.08 24.97 26.26 26.20 24.46 23.31 20.00 17.99 15.46 14.28 12.23 11.13 11.18 12.31 13.49 15.52 17.08 19.17 20.49 22.59 23.69 24.69 25.57 25.84 25.98 25.67 25.65 25.43 24.26 24.23 22.43 21.54 19.48 18.43 16.91 16.46 16.23 16.89 17.36 18.10 19.46 20.22 21.30 23.11 23.95 25.38 27.30 25.38 22.93 22.01 20.65 19.29 17.62 18.09 19.57 19.68 19.76 21.07 25.01 23.96 21.28 21.25 22.28 20.50 19.76 19.59 19.94 22.06 22.01 22.92 25.24 
22.91 22.79 22.42 22.31 20.68 18.77 16.51 14.79 14.10 12.80 12.06 13.67 13.99 15.48 17.64 19.06 20.51 20.17 21.36 21.60 21.25 18.35 14.56 12.56 12.04 9.98 9.59 10.97 13.04 14.30 16.14 17.80 20.02 19.57 18.12 15.78 13.00 10.74 6.65 5.78 0.00 5.71 6.76 10.21 12.32 15.57 17.69 17.57 18.72 18.06 18.26 16.82 16.93 13.46 11.59 10.21 9.06 8.06 8.62 10.26 13.26 16.01 18.76 20.85 21.44 24.73 26.20 27.81 28.60 29.26 27.40 26.21 22.00 20.82 17.89 16.26 13.87 12.63 11.58 12.07 12.19 13.19 14.84 16.50 18.34 19.94 21.21 22.51 23.56 23.48 23.60 23.81 23.95 23.14 21.68 21.58 20.92 19.72 17.20 16.28 15.55 15.44 15.28 16.69 18.16 19.13 20.43 21.98 23.03 25.02 25.69 27.02 28.56 27.56 24.80 23.99 21.61 20.70 18.34 19.34 19.43 19.50 19.17 20.81 24.62 23.47 21.05 20.78 21.75 20.54 19.78 19.24 19.86 20.73 21.62 22.48 25.04 
25.15 25.01 24.45 24.43 23.00 21.42 18.40 17.04 15.39 13.80 12.49 12.68 12.22 13.40 15.37 16.56 17.82 17.81 19.40 18.77 18.21 15.77 12.38 11.12 10.06 10.05 10.58 13.42 15.04 17.72 19.89 21.22 22.25 23.35 21.26 18.46 16.53 14.11 10.98 6.37 5.71 0.00 5.44 6.13 10.10 12.61 14.70 14.27 15.79 14.93 14.76 13.03 14.05 10.83 9.57 7.73 8.54 8.86 10.64 13.67 16.72 20.63 22.91 24.50 26.34 28.57 30.45 32.05 32.93 32.93 31.50 29.99 25.97 23.98 22.28 20.84 17.28 15.41 13.89 12.99 12.39 12.53 13.86 15.03 16.52 18.53 19.66 20.83 21.64 21.85 21.81 21.89 21.85 21.45 19.98 20.15 18.88 17.87 16.37 15.96 15.43 15.53 16.24 18.01 19.56 20.66 22.14 23.49 24.93 26.67 27.57 28.42 30.40 29.25 26.70 25.39 23.65 21.97 19.95 19.46 19.93 18.89 18.90 20.20 24.12 22.87 20.14 20.19 21.50 19.98 19.15 19.14 19.61 21.48 21.30 22.30 24.91 
28.40 28.45 27.72 27.16 25.40 24.15 21.10 18.84 16.82 15.49 13.38 12.62 11.79 12.71 14.31 14.82 16.33 16.37 17.96 16.68 15.77 13.29 11.43 9.73 10.36 10.79 13.31 15.68 17.75 21.02 23.70 25.24 25.85 27.89 25.71 23.04 20.91 17.94 14.48 11.33 6.76 5.44 0.37 5.59 6.90 9.96 11.86 12.52 13.00 13.03 13.23 11.91 12.70 11.15 10.69 9.60 10.21 12.64 14.04 18.57 20.39 24.06 25.06 28.53 30.58 33.59 34.29 36.64 37.99 37.53 35.48 35.00 30.32 28.79 26.19 24.36 21.15 18.97 15.80 14.67 13.35 13.21 13.46 13.80 15.85 17.66 18.72 19.77 20.83 21.25 21.15 21.12 21.04 20.70 19.31 19.33 18.42 17.58 16.29 16.14 15.90 16.75 17.94 19.86 21.35 23.28 24.81 26.42 27.97 30.31 30.74 32.38 34.46 33.63 29.65 28.56 26.24 24.68 21.26 21.26 20.92 20.29 19.10 20.66 24.07 23.00 20.81 20.69 21.68 20.49 20.12 19.59 20.76 20.84 22.03 22.26 25.56 
30.22 29.97 29.29 28.86 27.69 26.45 23.28 21.91 19.85 18.12 15.09 14.42 12.91 12.07 13.17 13.40 15.21 15.25 15.93 14.79 13.95 12.17 9.48 8.59 10.18 12.29 14.66 18.06 20.64 23.75 26.75 27.87 29.44 30.18 28.11 25.65 23.22 20.79 17.50 13.99 10.21 6.13 5.59 0.25 5.51 6.65 9.75 10.66 11.51 10.34 12.56 11.93 13.08 11.23 11.95 11.96 12.79 15.89 17.65 21.64 23.44 26.70 28.38 31.03 33.48 35.76 37.13 39.00 39.86 39.86 38.27 36.91 33.32 31.00 29.23 27.20 23.85 21.79 18.28 16.53 14.27 13.28 13.12 12.59 14.26 15.62 16.12 17.41 18.78 19.06 18.67 19.14 18.91 18.98 17.29 18.21 17.29 17.07 16.11 16.59 16.40 17.66 18.88 21.29 22.53 23.95 26.17 27.77 29.30 31.28 32.29 33.69 36.01 34.68 31.37 30.16 27.93 26.55 23.38 22.71 22.30 21.89 20.56 21.16 24.57 23.60 21.14 20.65 21.83 20.15 19.98 19.91 20.34 21.83 21.62 22.61 25.06 
32.37 32.08 31.98 31.53 29.69 28.19 25.20 24.18 22.31 19.91 17.11 16.07 14.62 13.30 12.44 12.67 14.04 13.25 14.54 13.59 13.12 11.00 9.89 10.05 12.43 13.74 16.88 19.94 22.14 25.19 28.40 29.42 30.63 32.04 29.55 27.25 25.21 22.89 19.68 16.06 12.32 10.10 6.90 5.51 1.33 5.02 6.40 8.39 10.61 9.88 11.18 12.34 13.99 12.54 13.94 14.55 15.70 18.38 20.57 23.42 24.65 28.97 31.03 34.17 34.17 37.58 38.83 39.89 40.72 41.28 40.41 39.68 34.73 33.71 30.95 29.60 25.77 23.77 20.68 19.18 15.93 14.70 13.53 12.77 13.23 13.95 14.10 15.36 17.29 16.96 16.93 16.96 17.35 16.72 15.70 16.53 16.42 16.19 16.02 16.82 17.58 18.58 19.94 22.47 23.74 25.54 27.37 29.35 30.42 32.57 34.25 35.48 37.20 36.42 33.37 32.34 29.11 28.30 25.01 24.89 23.80 23.41 21.90 22.40 25.80 24.96 22.41 21.77 22.51 21.14 21.37 20.46 22.49 20.92 22.57 22.85 26.10 
34.08 33.70 33.31 33.01 31.46 30.39 27.38 26.40 23.73 21.79 18.92 18.15 15.66 13.44 12.50 12.47 13.38 12.61 13.39 12.69 12.17 10.93 10.76 12.00 14.24 16.88 20.18 22.89 25.02 27.75 32.08 32.16 33.51 34.78 33.32 30.38 28.26 26.42 23.03 19.16 15.57 12.61 9.96 6.65 5.02 0.00 5.34 6.19 9.31 10.82 11.48 11.74 14.46 14.30 15.66 16.22 18.07 21.37 23.37 26.43 27.49 31.14 33.44 35.74 37.04 39.43 40.76 42.97 43.64 43.97 42.02 41.23 37.28 35.68 33.38 32.27 28.75 26.79 23.25 21.52 18.00 15.59 14.44 12.37 12.88 13.11 13.31 14.59 15.42 15.16 15.49 15.87 16.06 16.21 15.39 16.32 15.99 16.26 16.66 17.91 18.52 20.07 21.53 23.96 25.71 27.12 29.36 31.24 32.86 34.99 36.37 37.63 39.28 38.54 35.40 34.09 31.62 30.49 27.07 26.44 25.43 24.78 23.28 23.32 26.31 24.97 22.66 21.71 23.04 21.20 21.14 20.47 22.87 22.96 22.18 22.98 26.90 
36.54 36.42 36.10 35.56 33.75 32.49 29.68 28.50 25.63 23.79 21.42 20.00 17.56 15.59 14.05 13.53 13.50 12.64 13.72 12.93 12.84 12.42 13.07 14.62 17.23 19.03 22.26 25.16 27.84 31.25 34.75 35.28 36.79 37.96 36.45 33.88 31.85 29.11 25.96 21.86 17.69 14.70 11.86 9.75 6.40 5.34 0.00 5.62 7.52 9.62 12.35 13.52 15.21 16.12 18.18 18.52 20.63 23.43 24.58 28.71 30.23 33.76 34.53 38.06 39.55 41.94 42.62 44.95 47.68 46.96 44.76 44.84 40.77 39.30 36.17 35.31 31.94 29.37 26.07 23.80 20.87 18.03 15.81 13.93 14.08 13.55 13.39 14.05 14.70 14.41 15.30 15.39 16.23 16.26 16.07 16.82 17.55 17.90 18.04 19.15 20.30 22.08 23.77 26.32 28.05 30.14 31.94 34.24 35.97 37.93 39.29 40.72 43.13 42.07 38.10 37.19 34.22 33.08 28.97 28.57 27.15 26.65 24.81 24.67 26.85 25.95 23.26 22.88 23.29 22.17 22.04 21.35 23.89 22.19 23.32 23.63 27.48 
36.30 35.63 35.00 34.46 32.96 31.97 29.05 27.94 25.23 23.51 21.48 19.76 17.46 15.89 14.14 12.61 12.52 11.95 12.73 11.68 12.44 11.87 12.17 14.32 16.99 19.07 22.65 24.88 28.36 30.70 34.84 34.28 36.03 36.50 35.06 32.25 30.93 28.56 25.18 21.75 17.57 14.27 12.52 10.66 8.39 6.19 5.62 0.00 5.87 7.32 9.76 11.59 14.08 15.37 16.69 17.54 18.92 22.74 24.14 27.90 29.42 32.56 33.51 36.28 37.45 40.38 40.72 44.15 44.90 45.60 43.75 43.25 39.92 38.08 35.57 34.40 30.98 28.79 25.59 23.58 20.15 17.77 15.62 13.35 12.87 12.09 11.06 11.63 12.24 11.78 12.13 13.37 13.99 14.39 13.82 15.88 16.60 17.10 17.21 18.53 19.43 21.58 22.74 25.08 26.79 28.47 30.74 32.77 34.96 37.05 38.22 39.76 41.92 40.78 37.22 36.03 33.40 32.10 28.67 27.76 26.22 25.63 24.16 23.42 25.81 24.31 21.93 20.90 21.73 20.22 20.23 19.77 21.92 22.88 22.25 23.07 26.70 
37.16 36.97 36.64 35.76 34.04 33.06 30.20 28.92 26.21 24.87 22.40 21.12 18.87 17.46 15.79 13.56 13.24 12.67 13.04 12.90 13.34 13.18 13.87 15.44 18.32 20.18 23.78 26.87 29.07 32.73 36.71 36.30 37.28 38.01 36.42 33.51 30.96 29.28 25.82 22.81 18.72 15.79 13.00 11.51 10.61 9.31 7.52 5.87 0.00 6.22 8.38 9.88 12.70 14.89 17.56 17.38 19.63 21.96 24.50 28.07 29.85 33.48 34.50 37.41 38.28 41.21 42.43 44.21 45.64 46.11 45.12 44.90 40.52 39.18 36.29 35.18 31.74 29.25 25.84 24.22 21.28 19.18 17.46 14.34 14.19 12.90 11.01 11.55 12.39 11.59 12.10 12.94 14.15 14.11 14.37 15.92 17.41 17.94 18.11 19.58 20.48 22.14 23.54 25.84 27.19 29.27 31.61 33.76 35.49 37.57 39.56 40.63 42.83 41.73 38.92 37.87 34.50 33.23 30.14 29.39 27.50 27.01 25.22 24.83 27.02 25.76 22.62 21.79 21.98 21.15 20.99 20.76 23.00 21.82 22.82 24.00 27.54 
