1.56 5.13 6.56 8.08 10.01 12.31 14.83 15.09 16.03 16.44 18.94 19.90 20.81 22.33 23.18 24.94 27.17 26.42 25.72 28.44 30.57 29.41 29.05 31.43 32.91 31.67 29.61 28.56 28.01 26.66 25.04 24.79 24.56 24.05 23.56 24.83 24.91 24.76 25.33 25.36 25.61 26.48 26.89 26.22 27.32 27.59 27.26 26.46 28.13 28.17 26.98 26.67 28.52 27.92 27.07 27.64 27.56 25.80 25.84 24.74 24.44 24.70 24.55 24.53 25.06 26.53 26.94 26.86 28.54 28.54 26.44 26.28 27.88 27.87 26.86 27.70 26.57 26.57 24.79 24.53 24.08 23.93 23.54 24.13 24.44 25.19 26.86 27.96 28.45 29.02 29.00 28.22 28.71 29.31 29.27 28.82 28.49 28.54 29.54 29.61 29.72 28.56 28.01 28.26 27.70 27.06 26.88 28.13 27.00 26.54 26.96 28.37 29.14 
5.13 0.16 4.18 6.15 8.53 10.14 12.93 14.34 14.66 15.32 17.66 18.60 19.68 21.78 22.62 24.01 26.61 25.55 25.18 27.68 30.03 28.21 28.13 30.57 32.33 31.01 29.05 27.76 26.84 25.60 24.08 24.07 23.78 23.28 22.88 24.31 24.22 23.79 24.60 24.56 24.91 25.74 26.38 25.46 26.93 27.20 27.16 26.11 28.37 28.53 27.19 26.90 29.13 28.01 27.36 27.76 27.97 25.47 25.97 24.42 24.08 23.96 24.39 24.11 24.95 26.36 26.83 26.21 28.11 28.05 26.14 25.83 27.78 27.72 26.40 27.56 26.33 26.09 24.62 24.47 24.15 23.63 23.31 23.95 24.40 24.73 26.46 27.73 28.44 28.81 28.35 27.49 28.28 28.49 28.27 27.92 27.97 27.72 28.49 28.50 29.12 27.63 26.96 27.64 27.86 26.84 27.08 28.57 26.85 27.40 27.71 30.06 29.98 
6.56 4.18 0.00 4.04 6.87 8.30 10.45 12.13 13.52 13.86 16.87 17.44 18.45 20.69 22.23 23.76 25.69 25.18 25.02 27.34 29.16 27.55 27.58 29.65 31.16 30.18 28.79 27.00 25.50 24.18 23.27 23.10 22.94 22.53 22.78 24.14 24.24 23.77 24.86 24.66 24.70 25.43 26.15 25.25 26.49 26.89 27.07 26.02 28.12 28.40 27.77 27.07 29.18 28.17 27.95 28.47 27.97 25.60 25.83 24.21 23.08 23.32 23.51 23.81 24.40 26.00 26.39 25.88 27.57 27.63 26.15 25.79 27.44 27.58 26.41 27.44 26.08 26.14 24.85 24.87 24.06 23.77 23.45 23.91 24.10 24.47 26.04 27.45 28.26 28.42 27.85 26.67 27.35 27.62 27.35 26.94 27.04 26.58 27.40 27.46 28.22 26.78 25.83 27.03 27.76 26.82 25.46 28.06 26.47 26.33 26.45 28.83 28.82 
8.08 6.15 4.04 0.00 6.21 7.95 9.49 10.59 12.87 13.96 16.04 17.06 17.95 20.01 21.82 23.89 25.61 24.90 24.70 27.07 29.01 27.51 27.43 29.94 31.45 30.66 28.76 27.32 25.53 24.63 23.33 23.36 22.89 22.74 22.54 24.33 24.15 24.19 24.68 24.90 24.81 25.89 26.35 25.84 26.85 27.52 27.37 26.64 28.43 28.94 27.96 27.77 29.31 28.61 28.00 28.54 28.19 25.99 26.11 24.70 23.66 23.79 24.00 24.31 25.29 26.58 26.79 26.37 27.91 28.23 26.38 26.53 27.90 28.49 27.03 28.40 26.86 27.17 25.64 25.82 24.90 24.59 23.93 24.55 24.47 24.89 26.08 27.61 28.22 28.72 27.65 27.18 27.62 28.23 27.53 27.63 27.41 27.33 27.69 28.08 28.26 27.21 26.16 28.09 28.65 27.69 26.91 28.68 28.01 27.16 29.46 30.52 33.49 
10.01 8.53 6.87 6.21 0.53 6.65 7.97 10.10 11.43 12.60 15.45 16.37 17.89 19.56 21.11 22.88 25.59 24.47 23.07 26.72 28.96 27.65 26.71 30.10 31.91 30.85 28.11 27.18 26.10 24.78 22.81 22.93 22.62 21.90 21.05 23.13 23.00 22.80 23.27 23.65 23.79 25.11 25.51 24.89 26.13 26.94 26.56 25.58 27.75 28.28 26.51 26.31 28.50 27.75 26.35 27.12 27.01 24.63 24.53 23.27 22.76 23.14 22.87 23.18 23.92 25.62 25.25 25.09 26.94 27.43 24.67 24.83 27.05 27.40 25.38 27.07 25.83 26.44 24.22 24.57 23.64 23.61 22.63 23.63 23.52 24.35 25.71 27.30 27.90 28.61 27.84 26.94 27.66 28.33 27.74 27.47 27.17 27.19 28.01 28.15 28.16 26.97 25.45 26.69 26.99 26.68 26.11 28.19 28.06 27.42 27.04 29.43 28.21 
12.31 10.14 8.30 7.95 6.65 0.00 6.55 8.68 9.97 11.54 14.42 16.29 17.41 20.12 20.47 22.70 25.61 24.39 23.23 26.40 29.09 27.03 26.85 30.44 31.98 31.32 28.37 27.24 25.86 24.59 22.76 22.97 22.64 21.80 21.05 22.96 22.97 22.23 22.92 23.04 23.57 24.53 24.92 24.06 25.92 26.40 26.31 25.11 27.79 28.17 26.64 26.15 28.90 27.73 26.83 27.24 27.47 24.53 24.38 23.30 22.58 23.08 22.44 22.81 23.66 25.39 24.75 24.48 26.67 27.08 24.41 24.44 27.12 27.37 25.37 27.46 26.21 26.54 24.46 24.65 24.08 23.92 23.00 23.84 24.18 24.50 26.19 27.44 28.44 28.78 27.92 26.68 27.71 27.96 27.44 27.09 27.06 26.56 27.34 27.76 28.34 26.81 24.80 26.96 27.41 27.05 26.23 27.65 29.02 27.46 27.61 30.02 29.65 
14.83 12.93 10.45 9.49 7.97 6.55 0.00 6.61 7.76 10.00 12.07 14.62 16.05 18.40 19.80 21.27 23.71 23.03 22.12 25.31 27.33 25.87 26.02 28.98 30.61 29.96 28.05 26.63 25.08 23.93 22.60 22.68 22.24 21.41 20.71 22.78 22.51 21.99 22.49 22.89 23.19 23.96 23.93 23.32 25.16 25.82 25.60 24.72 27.41 27.97 26.45 26.07 28.66 27.85 26.80 27.68 27.38 24.33 24.12 22.70 22.14 21.83 21.51 21.83 22.63 23.90 23.44 23.24 25.51 25.78 23.61 23.73 26.27 26.58 24.51 26.26 25.47 25.99 24.04 24.48 23.85 23.82 23.13 23.84 23.99 24.49 25.84 27.49 28.30 28.77 27.52 26.29 27.13 27.27 26.67 26.40 26.36 25.81 26.60 26.94 27.82 26.11 24.12 25.90 26.93 26.72 25.17 27.86 27.77 27.30 26.45 29.46 29.21 
15.09 14.34 12.13 10.59 10.10 8.68 6.61 0.00 6.73 7.98 10.21 11.84 13.96 16.85 17.78 20.13 22.21 21.52 20.51 23.27 25.24 24.01 24.58 27.94 29.57 29.42 26.67 25.76 23.79 22.86 21.03 21.52 20.96 20.31 19.50 22.03 21.53 21.39 21.48 22.15 22.00 23.38 23.10 22.83 24.15 25.21 24.69 24.10 26.23 27.12 25.18 25.13 27.32 26.62 25.35 26.45 25.92 23.52 23.00 22.26 20.77 21.59 20.77 21.75 22.03 23.58 22.72 22.69 24.13 24.50 21.93 22.53 24.83 25.48 23.22 25.48 24.42 25.03 23.02 23.70 22.85 22.92 22.02 23.01 22.86 23.37 24.63 26.64 27.08 27.68 26.12 25.37 25.83 26.83 25.76 26.04 25.47 25.56 25.72 26.52 27.10 25.95 23.40 26.12 27.26 26.76 24.74 26.66 28.55 26.90 26.44 28.81 30.76 
16.03 14.66 13.52 12.87 11.43 9.97 7.76 6.73 0.00 5.76 7.93 9.41 11.01 12.92 14.36 16.68 19.88 17.81 17.54 20.19 21.19 20.25 20.90 24.22 26.13 25.59 23.54 21.73 21.09 19.99 18.59 18.86 18.57 18.28 17.61 19.99 19.56 19.35 19.81 20.05 20.10 21.57 21.64 20.74 22.03 22.79 22.66 21.56 23.83 24.75 22.95 22.55 24.65 23.92 22.47 23.54 23.37 20.81 21.15 19.61 18.58 19.72 19.42 20.35 20.84 22.44 22.22 21.55 22.96 22.77 19.84 20.15 22.78 23.15 21.24 23.56 22.36 23.24 21.29 21.63 21.05 21.16 20.50 20.97 20.79 21.24 22.89 24.43 24.99 25.44 24.48 23.05 24.00 24.51 23.90 23.91 23.64 23.65 24.45 24.62 25.55 24.09 21.96 23.55 25.08 24.11 22.59 25.23 26.75 25.26 24.40 27.80 27.70 
16.44 15.32 13.86 13.96 12.60 11.54 10.00 7.98 5.76 0.00 6.20 7.63 8.93 10.58 12.18 14.14 16.73 14.18 14.55 17.02 18.88 17.12 18.58 22.00 23.91 23.54 21.64 20.00 18.19 17.45 16.17 16.77 16.40 16.28 15.68 18.07 17.42 17.45 17.71 18.08 17.92 19.58 19.40 18.63 19.50 20.44 20.34 19.50 21.46 22.65 20.82 20.67 22.68 22.06 20.91 22.11 21.92 19.04 18.66 17.50 16.10 17.42 16.28 18.02 18.29 20.10 19.60 19.00 20.21 20.41 17.30 18.11 20.41 21.11 19.17 21.51 20.11 20.98 19.21 19.70 18.96 19.30 18.72 19.21 19.02 19.48 21.44 22.82 23.37 23.86 22.91 21.39 22.12 22.67 21.80 22.04 21.75 21.74 22.10 22.71 23.69 22.01 19.74 22.01 23.29 22.37 21.08 22.86 24.78 24.19 23.63 26.15 27.35 
18.94 17.66 16.87 16.04 15.45 14.42 12.07 10.21 7.93 6.20 0.00 6.37 7.74 9.73 10.85 12.14 14.05 13.40 13.75 15.74 17.43 16.12 17.17 20.79 22.54 22.23 20.90 18.86 17.28 16.25 15.48 16.09 15.67 15.65 15.66 18.14 17.39 17.41 17.69 18.13 17.93 19.10 19.02 18.35 19.36 19.96 20.19 19.45 21.32 22.39 20.77 20.56 22.43 21.96 20.71 22.10 21.90 18.09 17.69 16.18 15.68 15.75 15.37 16.60 17.68 18.97 18.88 17.34 19.49 19.17 16.69 17.73 19.43 20.12 18.13 21.04 19.30 20.48 18.85 19.44 18.59 18.85 18.57 19.06 18.78 19.48 21.22 22.90 23.08 23.77 22.71 21.08 21.61 21.85 21.09 21.15 20.95 20.79 21.57 22.05 23.27 21.54 19.58 21.24 22.74 22.25 20.52 22.87 24.51 23.61 23.20 26.35 27.07 
19.90 18.60 17.44 17.06 16.37 16.29 14.62 11.84 9.41 7.63 6.37 0.00 5.65 7.81 8.58 10.76 12.72 12.39 12.64 14.64 16.02 15.24 16.69 19.66 22.18 22.14 20.44 18.97 16.49 15.99 14.52 15.62 15.35 15.67 15.80 18.91 17.96 18.20 18.38 19.03 18.52 19.90 19.49 19.29 20.19 20.72 20.64 19.82 21.65 22.47 20.67 20.85 22.33 21.90 20.58 22.07 21.18 18.18 17.24 16.19 14.32 15.06 14.11 15.59 15.73 17.12 16.80 15.78 17.09 16.59 14.05 15.87 17.82 18.54 17.34 20.35 18.71 20.27 18.70 19.21 18.16 19.02 18.76 19.19 18.94 19.86 21.43 22.91 23.16 23.78 22.86 21.53 21.90 22.39 21.28 21.55 21.15 21.37 21.92 22.75 23.58 22.29 19.83 22.37 23.48 22.62 20.75 23.12 24.24 24.14 23.63 26.87 26.84 
20.81 19.68 18.45 17.95 17.89 17.41 16.05 13.96 11.01 8.93 7.74 5.65 0.00 5.91 7.70 8.55 10.85 9.95 10.16 13.09 13.59 12.91 14.51 17.62 19.65 20.07 18.21 16.37 15.02 14.51 13.06 14.26 14.29 14.71 15.33 18.42 18.00 18.10 18.15 18.64 18.41 19.71 19.46 19.07 20.14 20.84 20.46 19.51 21.25 21.98 20.08 20.01 21.85 21.26 19.58 20.64 19.81 16.36 16.42 14.45 12.07 13.53 13.32 13.91 13.74 15.59 14.87 13.75 16.70 15.86 13.25 14.13 16.98 16.86 15.70 18.40 17.56 19.37 17.91 18.21 17.67 18.42 18.25 18.57 18.34 19.19 20.59 21.93 22.25 23.02 22.24 21.03 21.52 22.00 20.77 21.11 21.05 21.10 21.75 22.45 23.41 22.24 19.96 22.12 23.74 22.69 20.63 23.30 24.88 23.98 22.56 26.86 25.42 
22.33 21.78 20.69 20.01 19.56 20.12 18.40 16.85 12.92 10.58 9.73 7.81 5.91 0.00 5.97 8.03 8.33 7.89 9.65 12.91 13.10 12.70 13.87 17.76 20.28 20.33 19.09 17.48 16.29 15.53 13.87 15.73 15.82 16.74 17.54 20.40 19.96 19.95 20.03 20.20 19.45 21.10 20.51 19.97 20.56 20.99 20.47 19.87 21.62 22.53 20.18 20.60 22.63 22.31 20.58 21.99 20.88 17.71 16.51 14.81 12.07 14.37 13.31 14.09 13.97 15.53 14.38 13.42 15.83 16.67 13.38 14.69 16.68 17.82 15.49 18.83 18.00 19.91 18.99 19.30 18.35 19.21 18.80 19.68 19.46 20.07 21.57 23.42 23.68 24.47 23.20 22.01 22.73 23.06 21.61 22.07 21.98 21.73 21.69 22.73 24.15 22.55 20.04 22.69 24.17 22.86 20.82 23.67 24.65 23.82 23.38 26.58 25.56 
23.18 22.62 22.23 21.82 21.11 20.47 19.80 17.78 14.36 12.18 10.85 8.58 7.70 5.97 0.00 5.10 6.73 6.80 8.67 10.76 12.18 11.98 13.92 15.62 19.13 19.07 17.53 16.02 15.20 14.82 13.04 14.93 14.75 16.24 16.98 19.83 19.17 19.03 19.34 19.57 19.13 20.29 19.58 19.13 20.11 20.13 19.47 18.96 21.13 21.58 19.33 19.78 21.94 21.50 19.78 20.94 20.28 15.66 15.40 13.83 12.80 13.26 12.84 13.21 14.43 14.89 13.68 11.21 14.89 13.90 11.42 12.86 16.31 14.21 14.05 17.28 16.74 18.72 18.46 18.97 18.21 18.68 18.37 19.06 19.21 19.48 20.84 22.27 22.82 23.51 22.37 20.98 21.48 21.92 20.78 21.09 21.11 20.69 20.67 21.86 23.34 21.91 19.22 21.88 23.33 22.41 19.83 22.45 23.37 23.46 22.19 25.81 25.12 
24.94 24.01 23.76 23.89 22.88 22.70 21.27 20.13 16.68 14.14 12.14 10.76 8.55 8.03 5.10 0.00 5.03 7.76 7.19 9.35 10.65 12.07 12.85 14.94 18.39 18.96 17.20 16.53 15.38 15.25 14.14 16.20 16.20 17.93 18.86 21.61 20.71 20.81 21.25 21.84 21.20 22.41 21.53 21.04 21.91 21.71 20.83 20.53 22.23 22.98 20.26 20.86 22.44 22.49 20.79 21.65 20.37 17.05 15.76 14.99 13.70 14.56 13.16 13.99 14.12 14.32 11.93 10.60 12.98 10.75 8.87 11.46 14.18 12.35 12.64 17.37 16.62 18.42 18.96 19.23 18.76 19.28 19.16 19.95 19.88 20.22 21.01 22.85 23.34 23.96 22.70 21.56 22.37 22.72 21.52 22.13 22.48 22.16 22.30 23.31 24.84 23.05 20.93 23.19 24.75 23.43 21.10 23.95 24.45 24.36 23.61 26.76 25.79 
27.17 26.61 25.69 25.61 25.59 25.61 23.71 22.21 19.88 16.73 14.05 12.72 10.85 8.33 6.73 5.03 0.00 6.05 8.46 8.39 9.07 10.59 12.47 14.99 17.42 18.22 17.42 16.74 15.88 16.46 16.02 18.19 18.69 20.44 21.47 23.84 23.27 23.39 23.88 23.87 23.17 24.46 23.55 22.93 23.74 23.83 22.67 21.99 24.08 24.12 21.85 22.03 24.46 24.01 22.15 23.49 22.77 18.47 17.08 16.69 14.14 16.64 15.82 17.20 18.03 19.02 17.28 15.16 17.67 16.29 13.42 14.74 18.08 16.82 16.46 19.15 18.52 20.57 20.35 21.08 20.53 21.02 20.46 20.83 20.77 20.94 21.89 23.68 23.90 24.45 23.41 22.53 23.33 23.90 22.52 23.80 24.18 23.85 23.97 24.95 25.95 24.69 22.47 24.66 26.20 25.29 22.99 25.92 26.38 25.68 24.80 28.40 27.02 
26.42 25.55 25.18 24.90 24.47 24.39 23.03 21.52 17.81 14.18 13.40 12.39 9.95 7.89 6.80 7.76 6.05 0.00 5.27 8.65 6.87 8.64 10.33 12.92 14.91 15.84 14.51 14.40 12.96 13.98 13.64 16.48 16.57 18.97 20.57 22.97 21.71 22.35 23.19 23.02 22.08 23.70 22.57 21.53 22.39 22.42 20.84 20.40 22.15 22.78 19.07 19.91 22.28 21.65 19.65 21.15 20.03 15.96 14.26 12.70 10.42 14.04 14.73 16.11 17.01 18.82 17.16 15.80 17.26 17.46 13.46 14.62 17.59 17.42 14.58 18.04 17.63 19.20 18.77 19.39 18.68 19.36 18.37 18.95 18.55 18.81 20.19 22.49 22.42 23.43 22.07 20.98 21.56 22.21 20.91 22.00 22.80 22.67 22.61 23.64 25.08 23.43 21.08 23.63 25.28 23.65 21.36 24.57 25.07 24.53 23.83 27.27 26.56 
25.72 25.18 25.02 24.70 23.07 23.23 22.12 20.51 17.54 14.55 13.75 12.64 10.16 9.65 8.67 7.19 8.46 5.27 0.00 5.99 7.79 6.97 9.41 10.57 12.77 13.51 12.62 11.09 10.29 10.78 10.91 13.19 13.73 16.60 18.86 20.94 19.68 19.73 21.23 20.75 19.99 21.21 20.60 19.30 20.11 19.85 18.19 17.46 19.92 19.23 16.69 16.86 19.68 18.39 17.06 18.27 17.19 12.97 12.22 11.01 9.43 12.23 13.24 15.49 16.31 18.16 16.82 15.13 17.94 15.59 12.62 13.93 17.01 14.33 12.81 15.82 16.10 17.35 16.89 17.16 16.09 16.64 16.02 15.93 15.24 15.12 16.94 18.93 19.08 20.17 19.02 18.03 18.42 19.43 18.42 19.83 20.61 20.77 21.15 22.26 23.63 22.14 19.47 22.06 23.52 22.08 19.41 22.67 23.46 22.90 22.41 25.78 25.91 
28.44 27.68 27.34 27.07 26.72 26.40 25.31 23.27 20.19 17.02 15.74 14.64 13.09 12.91 10.76 9.35 8.39 8.65 5.99 0.00 6.07 8.22 6.94 8.35 11.57 13.13 12.83 12.55 12.18 12.99 13.62 16.57 17.68 20.00 21.52 23.84 22.24 22.29 23.63 24.25 23.43 24.45 23.86 22.93 23.49 23.12 21.38 20.75 21.83 22.13 18.72 19.11 20.24 20.30 18.56 19.27 17.94 15.04 14.11 13.09 12.98 15.51 17.13 19.02 20.41 21.66 21.30 19.11 19.71 18.17 15.59 16.93 18.17 15.06 15.32 19.01 18.05 18.36 18.77 19.45 18.56 18.72 17.76 17.84 17.41 17.32 18.26 20.58 21.07 21.99 20.79 19.98 21.12 21.90 20.86 22.33 23.46 23.52 24.03 25.01 26.23 24.53 22.20 24.28 25.75 24.14 21.88 24.93 25.67 25.07 24.23 27.50 27.62 
30.57 30.03 29.16 29.01 28.96 29.09 27.33 25.24 21.19 18.88 17.43 16.02 13.59 13.10 12.18 10.65 9.07 6.87 7.79 6.07 0.00 5.49 7.56 7.76 9.33 11.80 11.83 12.83 12.69 14.09 15.43 18.06 19.67 22.23 23.69 25.19 24.57 24.61 25.93 26.01 25.45 26.36 25.87 24.67 24.97 24.69 22.91 21.45 22.85 22.31 20.08 19.34 21.09 20.24 18.96 19.69 17.86 15.00 13.57 14.15 12.30 16.54 18.05 21.28 22.26 24.28 23.46 21.79 23.50 22.53 19.62 19.99 22.13 20.24 18.75 20.77 20.42 20.65 19.95 20.09 19.38 19.17 18.24 17.87 17.66 17.52 18.47 20.22 21.07 21.88 20.52 20.13 21.51 22.61 21.78 23.51 24.93 25.22 25.53 26.48 27.53 26.24 23.66 25.73 27.24 25.84 23.54 26.64 28.01 26.24 25.28 29.45 28.78 
29.41 28.21 27.55 27.51 27.65 27.03 25.87 24.01 20.25 17.12 16.12 15.24 12.91 12.70 11.98 12.07 10.59 8.64 6.97 8.22 5.49 0.00 5.21 8.04 7.79 9.48 10.13 10.19 9.97 12.89 14.04 16.96 17.73 21.18 22.96 24.44 23.20 23.78 24.58 24.66 23.59 24.83 23.91 22.54 22.68 22.62 20.29 19.35 20.32 20.13 16.75 17.58 19.19 18.31 15.47 16.67 15.01 11.66 9.81 10.49 9.63 13.88 16.93 19.88 21.53 23.11 22.13 21.16 22.46 22.36 18.56 19.05 21.52 20.84 17.64 19.86 19.31 19.77 18.46 18.77 17.81 17.73 16.38 16.40 15.55 15.44 16.19 18.14 18.52 19.81 18.12 17.69 19.19 20.69 19.54 21.30 22.99 23.74 23.67 24.72 26.02 24.34 21.58 23.90 25.42 23.45 21.29 24.21 26.37 24.84 24.05 27.46 27.95 
29.05 28.13 27.58 27.43 26.71 26.85 26.02 24.58 20.90 18.58 17.17 16.69 14.51 13.87 13.92 12.85 12.47 10.33 9.41 6.94 7.56 5.21 0.00 6.05 8.05 8.59 10.61 10.71 10.21 13.21 15.73 17.61 19.07 22.49 23.83 25.20 23.83 23.24 24.36 23.49 22.60 23.50 22.86 21.33 21.52 20.80 19.21 17.65 19.62 18.42 15.82 15.94 18.92 16.15 14.47 15.13 13.70 10.71 10.10 10.79 10.76 14.76 17.33 21.00 22.61 24.17 23.23 21.89 23.27 22.65 19.36 20.20 22.42 20.66 18.27 20.66 19.45 20.50 18.55 18.78 17.19 16.75 16.21 15.36 14.01 13.71 14.50 15.57 15.67 17.14 16.23 15.44 17.12 19.16 18.19 20.40 21.91 22.33 23.14 23.79 24.82 23.29 20.40 22.72 24.14 22.30 19.96 23.14 25.41 23.69 23.42 26.85 27.54 
31.43 30.57 29.65 29.94 30.10 30.44 28.98 27.94 24.22 22.00 20.79 19.66 17.62 17.76 15.62 14.94 14.99 12.92 10.57 8.35 7.76 8.04 6.05 0.00 6.86 8.57 9.03 10.70 12.62 15.05 17.49 20.60 22.29 25.56 27.64 28.23 26.78 25.84 27.18 26.19 25.02 25.88 25.34 23.83 24.09 23.25 21.46 19.79 21.26 20.74 17.80 18.17 19.39 17.45 14.84 14.65 13.82 12.98 12.87 14.47 14.44 18.19 21.02 23.76 26.08 27.51 27.02 25.36 26.49 26.47 23.89 23.48 24.97 23.69 22.06 24.10 23.43 23.56 22.33 21.61 19.86 19.69 17.74 17.55 15.56 15.93 14.87 16.23 16.65 18.18 17.14 17.36 19.56 21.01 20.13 22.58 23.90 24.81 25.18 26.30 27.11 25.61 22.68 24.57 25.71 23.85 21.90 24.66 26.27 24.73 24.32 27.50 28.02 
32.91 32.33 31.16 31.45 31.91 31.98 30.61 29.57 26.13 23.91 22.54 22.18 19.65 20.28 19.13 18.39 17.42 14.91 12.77 11.57 9.33 7.79 8.05 6.86 0.00 6.05 7.04 9.06 10.74 14.88 17.89 20.82 23.17 26.77 28.89 31.12 29.00 28.30 29.27 27.90 25.86 26.83 26.46 24.72 24.39 24.02 22.52 19.49 21.30 20.77 18.60 18.24 20.19 17.14 13.71 14.09 14.12 12.22 12.16 14.50 15.11 19.15 21.35 25.30 27.19 29.45 29.40 27.71 29.08 29.42 26.45 25.75 27.33 26.81 25.18 26.39 25.10 25.84 23.36 22.96 21.30 20.44 19.13 18.56 16.06 15.93 14.96 15.45 16.26 17.13 17.23 17.18 20.54 21.54 20.52 23.15 25.46 25.54 26.40 26.86 28.36 26.73 23.60 25.37 26.72 25.12 23.06 25.54 26.89 25.31 25.07 28.78 28.50 
31.67 31.01 30.18 30.66 30.85 31.32 29.96 29.42 25.59 23.54 22.23 22.14 20.07 20.33 19.07 18.96 18.22 15.84 13.51 13.13 11.80 9.48 8.59 8.57 6.05 0.00 4.50 6.87 8.47 12.07 16.07 18.78 21.65 25.30 28.08 29.12 27.66 26.71 27.48 26.03 24.40 24.95 24.22 22.15 22.53 21.77 19.74 17.39 19.36 19.03 15.41 16.79 18.86 16.41 12.03 11.84 11.93 10.64 9.38 13.23 13.90 18.59 20.58 24.40 26.79 28.88 28.73 27.57 29.02 29.25 26.04 26.06 27.58 27.43 24.80 27.16 25.29 25.38 22.84 22.70 20.16 19.91 17.14 16.58 13.94 12.97 12.32 12.65 14.28 16.54 15.65 16.10 19.15 20.80 19.68 22.04 24.14 24.93 25.18 26.21 27.51 25.69 22.16 24.40 25.43 23.05 20.97 23.71 25.37 24.09 23.72 27.16 27.56 
29.61 29.05 28.79 28.76 28.11 28.37 28.05 26.67 23.54 21.64 20.90 20.44 18.21 19.09 17.53 17.20 17.42 14.51 12.62 12.83 11.83 10.13 10.61 9.03 7.04 4.50 0.00 5.08 6.75 10.31 13.68 16.98 19.81 23.08 24.83 26.17 24.28 23.95 24.57 23.22 21.90 22.22 21.41 19.63 19.43 18.88 16.78 14.11 17.01 15.61 11.84 13.34 16.32 13.40 10.01 9.66 9.38 7.07 6.75 9.39 12.22 14.98 18.34 21.31 23.52 26.15 26.55 25.65 26.52 26.47 23.69 24.08 25.59 25.29 22.52 25.15 23.26 23.74 20.67 20.29 18.19 18.07 15.01 13.94 10.17 10.72 9.73 10.23 12.75 14.84 14.32 13.34 16.27 17.69 17.31 19.53 21.73 22.03 22.92 23.59 24.77 22.50 19.14 21.49 22.68 20.17 18.38 21.15 22.73 21.72 21.56 25.29 26.48 
28.56 27.76 27.00 27.32 27.18 27.24 26.63 25.76 21.73 20.00 18.86 18.97 16.37 17.48 16.02 16.53 16.74 14.40 11.09 12.55 12.83 10.19 10.71 10.70 9.06 6.87 5.08 0.00 5.41 7.33 10.43 12.60 16.67 18.96 21.16 22.70 21.42 20.53 20.84 19.04 18.44 19.53 17.90 15.04 15.51 15.35 13.25 10.44 14.20 14.40 11.00 12.09 15.13 13.63 10.65 11.18 9.24 6.67 6.71 8.60 9.28 12.83 16.02 19.43 20.51 23.86 24.14 22.74 23.62 25.07 21.68 21.60 23.00 23.89 20.23 22.70 20.90 21.75 18.69 17.78 15.05 14.89 12.46 10.19 7.72 7.55 7.59 9.58 11.58 14.18 12.53 11.86 14.19 16.08 15.11 17.50 19.28 19.80 20.66 21.88 23.00 20.83 17.56 19.60 20.56 18.08 16.76 19.92 19.92 19.82 20.18 24.30 24.62 
28.01 26.84 25.50 25.53 26.10 25.86 25.08 23.79 21.09 18.19 17.28 16.49 15.02 16.29 15.20 15.38 15.88 12.96 10.29 12.18 12.69 9.97 10.21 12.62 10.74 8.47 6.75 5.41 0.00 5.72 7.02 9.99 11.90 15.58 17.65 19.53 18.72 18.32 17.84 17.02 15.83 16.59 16.15 13.00 13.38 13.76 11.84 7.91 12.96 13.41 10.93 11.51 14.95 13.54 10.96 11.59 11.21 7.02 4.80 6.28 6.65 9.72 13.29 15.74 17.66 20.50 21.49 20.51 21.76 22.76 19.68 19.61 20.74 20.96 17.74 19.69 17.52 19.00 16.62 15.79 13.60 13.89 10.72 10.69 7.42 8.90 10.03 11.98 12.86 14.97 13.47 12.60 13.63 15.00 14.39 16.50 18.32 18.24 19.68 20.29 21.48 19.48 16.34 18.40 19.81 17.81 16.52 19.41 18.94 19.34 19.12 23.74 23.61 
26.66 25.60 24.18 24.63 24.78 24.59 23.93 22.86 19.99 17.45 16.25 15.99 14.51 15.53 14.82 15.25 16.46 13.98 10.78 12.99 14.09 12.89 13.21 15.05 14.88 12.07 10.31 7.33 5.72 0.00 5.78 6.93 10.17 12.66 14.77 17.04 15.96 15.87 14.61 14.16 13.20 14.68 13.01 9.26 10.25 11.12 9.20 5.89 11.05 13.34 10.43 11.68 15.37 15.12 12.85 14.07 13.00 9.37 7.16 5.74 7.11 8.32 11.04 14.22 16.35 19.11 19.69 18.84 20.21 20.33 18.47 18.43 19.77 19.79 16.34 19.00 15.16 16.72 14.08 12.76 11.97 11.11 8.77 8.11 7.64 8.32 11.42 13.60 14.44 16.28 14.92 13.60 14.08 14.81 14.15 15.78 17.12 17.05 17.87 19.11 20.54 18.06 14.55 17.26 18.67 16.23 14.71 18.11 18.23 18.70 18.52 23.03 23.47 
25.04 24.08 23.27 23.33 22.81 22.76 22.60 21.03 18.59 16.17 15.48 14.52 13.06 13.87 13.04 14.14 16.02 13.64 10.91 13.62 15.43 14.04 15.73 17.49 17.89 16.07 13.68 10.43 7.02 5.78 0.00 5.76 7.48 10.09 12.14 13.88 11.33 12.15 13.19 11.49 11.72 13.15 13.58 9.44 9.90 11.39 11.35 8.64 12.77 14.14 13.16 13.27 16.63 15.85 15.32 15.46 15.08 10.67 9.61 7.60 5.78 6.31 9.72 11.28 14.45 15.72 17.69 16.64 17.60 17.61 15.44 15.86 18.00 17.46 14.95 16.89 14.60 15.38 13.27 12.01 10.87 10.89 8.68 9.83 7.72 8.79 12.55 16.23 16.63 16.80 15.58 14.47 15.00 15.19 13.99 15.54 16.78 16.31 17.67 18.50 19.57 17.38 13.70 16.68 18.33 16.29 14.54 17.51 17.25 18.19 17.90 22.05 22.95 
24.79 24.07 23.10 23.36 22.93 22.97 22.68 21.52 18.86 16.77 16.09 15.62 14.26 15.73 14.93 16.20 18.19 16.48 13.19 16.57 18.06 16.96 17.61 20.60 20.82 18.78 16.98 12.60 9.99 6.93 5.76 0.00 6.13 6.43 9.83 12.05 8.58 9.74 9.35 7.03 6.97 9.78 9.20 4.55 6.02 9.58 10.34 8.22 12.30 15.83 14.22 14.95 18.21 18.14 17.40 18.30 16.99 12.89 11.90 10.65 7.32 4.19 7.68 9.22 10.90 13.65 16.05 15.27 16.71 18.22 14.80 15.42 17.23 18.06 12.72 16.51 12.07 14.32 11.35 10.07 10.56 10.28 8.97 9.71 10.46 11.77 14.67 18.71 19.11 20.10 18.50 16.57 16.64 16.25 14.87 15.85 16.48 16.31 17.84 19.22 20.26 18.18 14.73 17.88 19.08 17.74 15.79 18.92 18.20 19.38 19.18 22.71 23.34 
24.56 23.78 22.94 22.89 22.62 22.64 22.24 20.96 18.57 16.40 15.67 15.35 14.29 15.82 14.75 16.20 18.69 16.57 13.73 17.68 19.67 17.73 19.07 22.29 23.17 21.65 19.81 16.67 11.90 10.17 7.48 6.13 0.56 5.93 6.60 10.70 9.70 9.32 10.32 9.51 8.69 10.82 11.63 9.38 10.21 11.53 12.54 10.37 15.53 17.03 15.13 16.32 19.91 19.83 18.21 19.68 20.32 15.53 14.81 10.95 9.05 6.51 6.54 6.68 8.37 11.04 13.33 12.33 14.49 14.90 11.46 12.42 16.01 14.26 10.64 12.59 10.41 11.84 11.17 8.14 8.98 10.99 9.03 9.99 11.39 14.29 16.14 19.37 20.05 20.71 19.88 17.91 17.64 17.24 14.91 15.71 15.97 15.39 16.88 18.02 19.02 17.45 13.88 17.19 18.65 17.40 16.30 18.83 18.12 18.73 19.43 23.30 23.21 
24.05 23.28 22.53 22.74 21.90 21.80 21.41 20.31 18.28 16.28 15.65 15.67 14.71 16.74 16.24 17.93 20.44 18.97 16.60 20.00 22.23 21.18 22.49 25.56 26.77 25.30 23.08 18.96 15.58 12.66 10.09 6.43 5.93 1.33 4.68 6.46 7.49 9.16 8.54 8.37 8.75 11.27 10.92 9.39 10.01 11.74 13.39 13.03 16.40 18.86 17.54 19.06 22.97 22.19 21.54 22.64 22.78 17.75 16.60 14.21 10.64 7.31 6.95 4.96 8.06 8.75 11.26 11.47 14.88 15.26 12.67 14.21 16.94 17.29 12.40 14.63 10.89 13.36 10.16 8.45 9.72 11.39 10.82 12.75 14.31 16.05 19.48 22.51 22.81 23.76 22.17 20.22 19.98 19.17 16.43 16.51 16.62 16.79 17.57 19.02 20.62 18.69 15.09 18.60 20.24 18.97 16.91 20.44 20.16 20.70 20.07 23.51 24.27 
23.56 22.88 22.78 22.54 21.05 21.05 20.71 19.50 17.61 15.68 15.66 15.80 15.33 17.54 16.98 18.86 21.47 20.57 18.86 21.52 23.69 22.96 23.83 27.64 28.89 28.08 24.83 21.16 17.65 14.77 12.14 9.83 6.60 4.68 0.40 4.91 3.37 7.69 8.96 7.99 7.99 10.32 10.69 10.79 11.57 12.64 15.47 14.95 17.98 19.47 18.89 20.40 23.56 23.47 22.10 24.41 24.87 19.66 19.30 15.86 13.48 8.96 8.66 7.05 5.99 7.49 10.52 11.86 13.89 14.55 12.68 14.34 16.94 17.01 14.55 13.93 11.50 11.98 10.02 8.71 10.56 11.37 12.32 15.60 16.90 17.87 21.53 24.80 25.42 25.85 24.41 22.26 21.33 20.27 17.22 17.44 17.38 16.92 17.59 19.27 20.84 19.49 15.64 19.17 20.98 19.42 18.07 21.36 21.13 20.17 20.92 24.33 25.18 
24.83 24.31 24.14 24.33 23.13 22.96 22.78 22.03 19.99 18.07 18.14 18.91 18.42 20.40 19.83 21.61 23.84 22.97 20.94 23.84 25.19 24.44 25.20 28.23 31.12 29.12 26.17 22.70 19.53 17.04 13.88 12.05 10.70 6.46 4.91 0.44 5.87 7.31 9.38 10.05 10.35 12.57 12.17 12.39 13.78 15.68 16.86 16.49 19.90 21.97 20.64 21.13 25.50 25.21 24.57 25.50 26.65 22.10 20.58 16.97 14.91 12.50 10.21 7.06 7.59 7.51 11.08 11.74 16.43 17.56 15.94 16.33 18.53 19.43 15.98 17.00 12.37 13.76 11.94 10.43 12.15 13.89 15.00 17.93 20.17 21.27 24.65 27.28 27.86 28.53 26.39 24.37 23.31 22.17 18.78 17.89 17.53 17.69 18.76 20.49 22.62 21.05 17.50 20.97 22.22 21.41 19.22 23.32 22.71 22.87 22.13 25.91 26.54 
24.91 24.22 24.24 24.15 23.00 22.97 22.51 21.53 19.56 17.42 17.39 17.96 18.00 19.96 19.17 20.71 23.27 21.71 19.68 22.24 24.57 23.20 23.83 26.78 29.00 27.66 24.28 21.42 18.72 15.96 11.33 8.58 9.70 7.49 3.37 5.87 1.45 5.19 6.49 8.03 8.42 9.78 10.96 12.25 14.66 14.72 15.44 15.71 19.77 20.74 19.76 20.53 24.68 24.13 23.91 25.14 25.42 21.16 20.28 16.47 14.02 11.07 10.85 7.92 6.38 8.10 10.14 12.63 16.05 16.92 15.35 16.69 18.64 18.68 15.64 16.18 12.03 13.60 11.19 9.37 10.74 12.78 13.81 16.42 18.80 21.10 24.39 27.07 27.60 27.93 26.64 24.05 23.01 21.54 18.53 17.64 16.71 16.32 17.40 19.18 20.79 19.71 16.16 19.92 21.44 20.03 18.73 22.39 22.57 21.24 21.97 26.37 26.79 
24.76 23.79 23.77 24.19 22.80 22.23 21.99 21.39 19.35 17.45 17.41 18.20 18.10 19.95 19.03 20.81 23.39 22.35 19.73 22.29 24.61 23.78 23.24 25.84 28.30 26.71 23.95 20.53 18.32 15.87 12.15 9.74 9.32 9.16 7.69 7.31 5.19 1.02 5.54 6.31 5.56 8.15 10.18 11.71 11.09 12.48 14.58 16.00 18.50 20.27 19.82 20.97 24.17 23.81 23.49 24.99 25.81 21.02 20.37 17.42 14.93 11.51 10.90 9.38 9.32 9.49 12.10 12.74 16.42 17.09 16.54 17.60 19.49 19.58 16.14 16.77 11.96 12.49 9.81 8.96 9.72 11.85 13.99 16.56 18.28 20.60 24.53 26.93 27.39 28.11 26.40 24.35 23.45 22.03 18.45 17.30 16.82 15.88 16.56 18.50 20.89 19.48 16.12 19.65 21.43 20.18 18.24 22.06 23.12 22.72 21.92 25.86 26.82 
25.33 24.60 24.86 24.68 23.27 22.92 22.49 21.48 19.81 17.71 17.69 18.38 18.15 20.03 19.34 21.25 23.88 23.19 21.23 23.63 25.93 24.58 24.36 27.18 29.27 27.48 24.57 20.84 17.84 14.61 13.19 9.35 10.32 8.54 8.96 9.38 6.49 5.54 0.99 5.64 6.36 7.60 9.86 11.35 12.66 13.42 15.14 15.88 19.12 20.72 20.90 21.08 24.59 24.07 24.31 25.97 26.47 21.41 20.37 17.55 15.08 11.49 11.39 10.37 9.71 10.68 12.95 14.33 16.42 18.60 16.70 17.75 19.87 20.46 17.88 17.52 12.86 12.05 10.20 9.76 10.78 12.12 14.25 17.57 18.99 20.95 25.15 27.60 28.22 28.32 26.84 24.62 24.10 21.93 18.50 17.51 16.62 14.87 16.03 17.78 20.26 19.35 15.91 19.67 21.43 20.03 18.28 21.94 23.62 21.35 21.92 26.02 27.04 
25.36 24.56 24.66 24.90 23.65 23.04 22.89 22.15 20.05 18.08 18.13 19.03 18.64 20.20 19.57 21.84 23.87 23.02 20.75 24.25 26.01 24.66 23.49 26.19 27.90 26.03 23.22 19.04 17.02 14.16 11.49 7.03 9.51 8.37 7.99 10.05 8.03 6.31 5.64 1.30 5.25 6.90 8.16 9.33 11.24 12.27 12.70 13.22 17.51 19.84 17.94 18.58 23.42 23.38 23.05 24.99 26.14 21.33 20.31 16.45 14.30 10.92 11.22 8.95 8.99 10.92 14.75 15.31 17.86 19.44 17.38 18.23 20.43 20.80 17.40 17.40 11.54 11.37 8.00 8.68 8.80 11.43 11.69 15.91 17.61 19.99 23.79 26.81 27.48 27.56 25.42 23.25 22.46 20.45 16.87 15.34 13.76 12.41 14.00 16.46 18.91 17.98 15.00 19.33 20.97 19.61 17.65 21.58 22.65 22.15 21.56 25.21 26.69 
25.61 24.91 24.70 24.81 23.79 23.57 23.19 22.00 20.10 17.92 17.93 18.52 18.41 19.45 19.13 21.20 23.17 22.08 19.99 23.43 25.45 23.59 22.60 25.02 25.86 24.40 21.90 18.44 15.83 13.20 11.72 6.97 8.69 8.75 7.99 10.35 8.42 5.56 6.36 5.25 3.72 6.00 8.59 8.26 10.67 11.65 12.94 13.09 16.73 18.55 17.40 18.16 22.16 22.17 22.04 24.03 24.43 19.41 19.13 15.89 13.89 10.50 10.78 10.28 11.07 13.18 15.89 16.94 19.25 20.65 17.88 18.68 20.96 21.06 18.17 18.40 14.11 13.30 11.60 10.57 10.39 12.46 12.54 15.74 17.58 19.32 22.88 25.62 26.23 26.44 24.59 22.38 21.85 20.06 16.93 15.83 15.06 13.32 13.81 15.37 17.93 16.95 13.75 17.49 19.87 17.87 16.78 20.20 21.40 20.21 20.81 25.38 26.31 
26.48 25.74 25.43 25.89 25.11 24.53 23.96 23.38 21.57 19.58 19.10 19.90 19.71 21.10 20.29 22.41 24.46 23.70 21.21 24.45 26.36 24.83 23.50 25.88 26.83 24.95 22.22 19.53 16.59 14.68 13.15 9.78 10.82 11.27 10.32 12.57 9.78 8.15 7.60 6.90 6.00 4.20 7.17 8.77 9.56 10.30 11.92 12.54 15.05 17.14 17.59 17.89 20.99 20.96 21.40 23.04 23.39 19.04 18.66 15.97 14.53 11.46 11.58 11.81 12.77 15.01 17.91 18.58 20.60 21.44 19.32 19.79 21.71 22.46 19.27 20.00 15.86 15.72 12.81 13.22 11.91 12.62 13.66 16.30 17.03 19.72 22.97 25.41 26.19 26.54 25.07 22.79 22.90 20.89 17.37 16.24 16.36 14.09 14.85 16.36 18.39 17.66 14.77 18.31 19.97 18.90 17.49 21.08 22.44 22.08 21.45 25.35 26.89 
26.89 26.38 26.15 26.35 25.51 24.92 23.93 23.10 21.64 19.40 19.02 19.49 19.46 20.51 19.58 21.53 23.55 22.57 20.60 23.86 25.87 23.91 22.86 25.34 26.46 24.22 21.41 17.90 16.15 13.01 13.58 9.20 11.63 10.92 10.69 12.17 10.96 10.18 9.86 8.16 8.59 7.17 4.73 6.97 9.48 8.95 8.99 10.14 13.23 14.86 14.03 15.89 18.97 18.82 18.97 21.41 21.48 16.91 17.39 13.88 13.30 10.77 11.59 11.21 12.08 15.40 18.24 17.92 19.81 21.58 19.01 18.73 20.36 21.02 18.31 18.75 15.00 14.89 12.03 11.88 10.50 11.74 11.10 15.36 15.67 17.74 22.29 25.03 24.81 25.09 24.12 22.29 22.15 19.83 16.42 15.44 15.18 12.76 13.49 14.77 16.73 15.98 13.67 17.50 19.38 17.69 16.32 20.41 22.11 20.22 20.96 25.39 26.65 
26.22 25.46 25.25 25.84 24.89 24.06 23.32 22.83 20.74 18.63 18.35 19.29 19.07 19.97 19.13 21.04 22.93 21.53 19.30 22.93 24.67 22.54 21.33 23.83 24.72 22.15 19.63 15.04 13.00 9.26 9.44 4.55 9.38 9.39 10.79 12.39 12.25 11.71 11.35 9.33 8.26 8.77 6.97 2.97 6.23 7.36 6.10 6.09 10.07 12.43 10.14 11.77 16.99 16.95 16.21 18.59 20.47 14.97 15.26 11.29 11.47 7.37 10.36 9.05 11.21 15.18 18.81 18.33 20.80 21.74 18.84 19.01 20.90 21.27 17.74 18.17 14.55 14.25 10.32 8.91 8.45 8.97 8.14 12.48 14.04 15.47 19.17 22.90 23.44 23.61 22.33 20.84 21.06 18.53 14.52 14.28 13.68 10.59 11.38 14.12 16.45 14.57 11.73 16.37 18.09 16.49 15.28 19.70 20.52 20.27 20.04 24.00 25.43 
27.32 26.93 26.49 26.85 26.13 25.92 25.16 24.15 22.03 19.50 19.36 20.19 20.14 20.56 20.11 21.91 23.74 22.39 20.11 23.49 24.97 22.68 21.52 24.09 24.39 22.53 19.43 15.51 13.38 10.25 9.90 6.02 10.21 10.01 11.57 13.78 14.66 11.09 12.66 11.24 10.67 9.56 9.48 6.23 4.64 6.76 7.78 6.87 9.29 11.89 11.36 11.60 15.83 16.86 16.73 19.24 20.00 14.62 15.67 12.12 11.42 7.50 10.35 10.74 13.11 16.60 20.13 19.72 22.33 22.84 20.11 20.24 22.76 22.24 19.16 20.30 17.47 16.91 13.94 13.57 12.28 13.16 11.70 15.49 16.18 18.21 20.52 23.79 24.61 24.86 23.20 21.76 21.77 20.19 16.93 16.33 15.82 14.22 14.61 15.51 17.48 16.36 14.17 17.37 19.32 18.30 17.42 20.43 21.37 20.51 20.95 25.61 26.21 
27.59 27.20 26.89 27.52 26.94 26.40 25.82 25.21 22.79 20.44 19.96 20.72 20.84 20.99 20.13 21.71 23.83 22.42 19.85 23.12 24.69 22.62 20.80 23.25 24.02 21.77 18.88 15.35 13.76 11.12 11.39 9.58 11.53 11.74 12.64 15.68 14.72 12.48 13.42 12.27 11.65 10.30 8.95 7.36 6.76 3.67 6.18 7.68 8.04 8.80 9.59 11.18 13.71 15.09 15.55 17.51 18.30 14.81 15.04 10.75 12.91 10.00 12.24 12.69 15.99 19.06 21.35 21.04 22.68 23.82 21.42 21.19 23.17 23.26 20.02 20.63 17.90 17.55 14.71 14.61 13.07 13.49 14.06 16.05 16.27 18.45 21.19 23.60 24.14 24.93 23.64 21.89 22.17 20.97 18.33 17.05 16.15 14.82 15.68 15.67 17.44 16.23 14.08 16.39 18.63 17.69 16.60 19.97 21.38 21.52 20.61 24.56 25.66 
27.26 27.16 27.07 27.37 26.56 26.31 25.60 24.69 22.66 20.34 20.19 20.64 20.46 20.47 19.47 20.83 22.67 20.84 18.19 21.38 22.91 20.29 19.21 21.46 22.52 19.74 16.78 13.25 11.84 9.20 11.35 10.34 12.54 13.39 15.47 16.86 15.44 14.58 15.14 12.70 12.94 11.92 8.99 6.10 7.78 6.18 2.31 5.72 8.46 6.58 6.62 9.28 12.99 12.51 13.74 16.23 17.82 12.98 14.53 9.17 11.38 11.07 12.70 13.12 16.13 19.27 21.08 20.72 22.37 23.62 21.38 21.00 22.94 22.92 20.11 20.27 17.54 17.31 14.58 13.45 12.73 13.62 12.62 15.43 14.98 16.67 20.47 23.22 23.31 24.11 22.98 21.71 21.38 20.59 17.65 16.48 15.20 13.78 14.13 14.38 16.09 14.52 12.04 14.63 17.20 15.58 14.15 17.99 19.74 18.80 19.12 23.36 24.38 
26.46 26.11 26.02 26.64 25.58 25.11 24.72 24.10 21.56 19.50 19.45 19.82 19.51 19.87 18.96 20.53 21.99 20.40 17.46 20.75 21.45 19.35 17.65 19.79 19.49 17.39 14.11 10.44 7.91 5.89 8.64 8.22 10.37 13.03 14.95 16.49 15.71 16.00 15.88 13.22 13.09 12.54 10.14 6.09 6.87 7.68 5.72 0.88 6.67 7.94 6.08 7.17 11.36 11.93 11.66 14.04 15.46 11.13 11.26 5.78 8.75 7.77 11.97 12.11 15.11 18.64 21.10 21.04 22.64 23.44 21.17 21.25 23.37 23.09 19.88 20.69 17.69 17.19 14.24 13.52 12.77 13.12 11.27 14.35 15.05 16.34 19.52 22.94 23.48 24.07 22.35 21.01 21.12 20.44 17.35 16.62 15.43 14.28 14.01 15.26 16.24 14.49 11.99 14.92 16.49 15.33 13.77 18.09 18.54 18.90 18.81 22.16 23.30 
28.13 28.37 28.12 28.43 27.75 27.79 27.41 26.23 23.83 21.46 21.32 21.65 21.25 21.62 21.13 22.23 24.08 22.15 19.92 21.83 22.85 20.32 19.62 21.26 21.30 19.36 17.01 14.20 12.96 11.05 12.77 12.30 15.53 16.40 17.98 19.90 19.77 18.50 19.12 17.51 16.73 15.05 13.23 10.07 9.29 8.04 8.46 6.67 4.04 7.01 7.88 7.54 10.19 12.32 13.79 14.85 15.98 13.22 14.27 10.30 11.72 10.44 14.41 15.58 18.80 20.97 23.64 23.13 25.22 25.99 23.57 23.48 25.74 25.31 22.61 22.92 20.58 19.82 17.93 17.26 16.30 16.89 15.21 17.56 17.75 19.26 22.21 24.66 25.49 25.92 24.59 23.27 23.10 22.92 20.86 19.66 18.52 17.36 17.93 17.46 18.21 16.63 15.25 16.12 18.37 17.64 17.04 19.54 20.51 20.32 20.93 24.61 24.88 
28.17 28.53 28.40 28.94 28.28 28.17 27.97 27.12 24.75 22.65 22.39 22.47 21.98 22.53 21.58 22.98 24.12 22.78 19.23 22.13 22.31 20.13 18.42 20.74 20.77 19.03 15.61 14.40 13.41 13.34 14.14 15.83 17.03 18.86 19.47 21.97 20.74 20.27 20.72 19.84 18.55 17.14 14.86 12.43 11.89 8.80 6.58 7.94 7.01 3.39 6.17 7.68 8.56 9.28 11.86 14.16 14.66 12.70 14.63 10.26 13.03 13.50 16.86 18.18 20.26 22.74 24.16 23.93 25.77 26.99 24.86 24.39 26.18 26.71 23.79 24.37 21.34 21.26 19.31 18.67 17.11 16.87 16.63 17.94 17.07 19.16 21.72 24.07 24.81 25.39 24.31 23.10 22.90 22.67 20.77 20.09 18.97 18.20 17.77 17.39 18.14 16.35 14.23 14.50 17.44 16.31 16.02 18.45 20.09 20.10 20.44 23.48 24.47 
26.98 27.19 27.77 27.96 26.51 26.64 26.45 25.18 22.95 20.82 20.77 20.67 20.08 20.18 19.33 20.26 21.85 19.07 16.69 18.72 20.08 16.75 15.82 17.80 18.60 15.41 11.84 11.00 10.93 10.43 13.16 14.22 15.13 17.54 18.89 20.64 19.76 19.82 20.90 17.94 17.40 17.59 14.03 10.14 11.36 9.59 6.62 6.08 7.88 6.17 2.62 5.93 8.52 7.44 8.37 10.50 11.57 9.29 10.33 6.38 10.39 12.39 14.07 16.01 18.33 21.38 22.86 22.43 24.07 25.64 23.56 23.86 25.08 25.78 22.87 23.09 19.71 20.25 17.52 16.15 14.69 15.04 13.70 14.87 14.04 16.16 18.93 21.64 21.85 22.88 21.65 20.56 20.31 20.07 17.82 17.56 16.84 15.24 14.81 14.67 15.82 13.89 11.37 11.54 14.76 13.49 11.58 14.91 16.66 16.76 17.17 21.41 22.67 
26.67 26.90 27.07 27.77 26.31 26.15 26.07 25.13 22.55 20.67 20.56 20.85 20.01 20.60 19.78 20.86 22.03 19.91 16.86 19.11 19.34 17.58 15.94 18.17 18.24 16.79 13.34 12.09 11.51 11.68 13.27 14.95 16.32 19.06 20.40 21.13 20.53 20.97 21.08 18.58 18.16 17.89 15.89 11.77 11.60 11.18 9.28 7.17 7.54 7.68 5.93 1.53 6.85 7.51 7.25 8.49 10.30 8.43 9.47 6.99 10.10 11.92 15.49 17.13 19.36 22.13 23.49 23.47 24.95 26.31 24.44 24.60 26.15 26.34 23.39 24.06 20.97 20.43 17.75 16.82 15.82 15.18 13.65 15.16 15.05 16.96 19.04 22.04 22.90 23.76 22.27 20.21 19.90 20.06 18.41 17.80 17.03 16.69 16.54 16.50 16.55 14.66 12.66 13.51 15.10 13.90 13.26 16.13 17.35 17.42 17.88 20.97 22.63 
28.52 29.13 29.18 29.31 28.50 28.90 28.66 27.32 24.65 22.68 22.43 22.33 21.85 22.63 21.94 22.44 24.46 22.28 19.68 20.24 21.09 19.19 18.92 19.39 20.19 18.86 16.32 15.13 14.95 15.37 16.63 18.21 19.91 22.97 23.56 25.50 24.68 24.17 24.59 23.42 22.16 20.99 18.97 16.99 15.83 13.71 12.99 11.36 10.19 8.56 8.52 6.85 5.35 8.02 9.48 10.06 11.80 11.03 13.06 11.72 14.92 16.06 19.76 21.84 23.85 26.12 28.36 26.78 28.82 29.96 28.20 27.93 29.42 29.62 26.94 27.65 24.82 24.39 21.85 20.79 19.89 19.10 17.46 17.95 18.02 19.42 21.19 23.77 25.08 26.01 24.66 22.89 22.61 23.22 21.61 21.55 20.93 19.69 19.87 19.02 19.54 17.11 15.57 15.03 17.82 16.75 15.61 18.28 18.86 19.30 19.71 24.16 24.45 
27.92 28.01 28.17 28.61 27.75 27.73 27.85 26.62 23.92 22.06 21.96 21.90 21.26 22.31 21.50 22.49 24.01 21.65 18.39 20.30 20.24 18.31 16.15 17.45 17.14 16.41 13.40 13.63 13.54 15.12 15.85 18.14 19.83 22.19 23.47 25.21 24.13 23.81 24.07 23.38 22.17 20.96 18.82 16.95 16.86 15.09 12.51 11.93 12.32 9.28 7.44 7.51 8.02 1.53 6.34 8.05 9.75 9.41 12.99 11.68 13.99 16.97 20.07 21.90 23.89 25.93 26.83 26.41 27.91 28.92 27.42 26.99 28.62 29.06 26.18 26.98 24.29 24.44 21.81 20.68 19.42 18.69 17.14 17.59 16.41 18.81 20.31 22.90 23.92 25.04 23.52 21.70 21.68 21.66 20.12 20.03 19.74 18.74 18.33 17.07 18.31 16.07 13.01 10.35 15.62 14.55 13.44 14.84 17.46 17.40 18.53 21.67 23.45 
27.07 27.36 27.95 28.00 26.35 26.83 26.80 25.35 22.47 20.91 20.71 20.58 19.58 20.58 19.78 20.79 22.15 19.65 17.06 18.56 18.96 15.47 14.47 14.84 13.71 12.03 10.01 10.65 10.96 12.85 15.32 17.40 18.21 21.54 22.10 24.57 23.91 23.49 24.31 23.05 22.04 21.40 18.97 16.21 16.73 15.55 13.74 11.66 13.79 11.86 8.37 7.25 9.48 6.34 2.20 5.13 7.00 7.53 9.75 9.72 12.08 16.25 18.47 21.14 22.98 25.67 26.22 25.47 27.27 27.57 25.96 26.17 27.51 27.74 24.92 25.76 22.74 23.39 20.93 19.43 18.11 17.64 16.23 16.00 14.63 16.74 18.45 21.12 21.39 22.57 20.99 19.43 19.69 19.67 17.59 17.87 17.42 16.59 16.96 16.37 17.35 14.76 12.00 10.10 13.88 12.86 10.71 13.25 14.54 16.01 15.54 20.49 21.81 
27.64 27.76 28.47 28.54 27.12 27.24 27.68 26.45 23.54 22.11 22.10 22.07 20.64 21.99 20.94 21.65 23.49 21.15 18.27 19.27 19.69 16.67 15.13 14.65 14.09 11.84 9.66 11.18 11.59 14.07 15.46 18.30 19.68 22.64 24.41 25.50 25.14 24.99 25.97 24.99 24.03 23.04 21.41 18.59 19.24 17.51 16.23 14.04 14.85 14.16 10.50 8.49 10.06 8.05 5.13 0.50 6.44 7.10 9.74 11.18 14.17 17.60 20.17 22.70 24.66 27.04 27.74 27.17 28.50 28.91 27.30 27.09 28.46 28.96 26.67 27.74 24.77 24.92 22.46 22.10 20.68 20.03 17.84 18.02 17.01 17.78 19.27 21.84 22.82 23.96 22.55 21.08 21.38 21.66 19.43 19.91 19.68 19.41 20.09 19.98 20.26 17.71 15.12 15.15 16.57 14.98 13.91 16.49 17.04 17.02 17.86 20.91 22.70 
27.56 27.97 27.97 28.19 27.01 27.47 27.38 25.92 23.37 21.92 21.90 21.18 19.81 20.88 20.28 20.37 22.77 20.03 17.19 17.94 17.86 15.01 13.70 13.82 14.12 11.93 9.38 9.24 11.21 13.00 15.08 16.99 20.32 22.78 24.87 26.65 25.42 25.81 26.47 26.14 24.43 23.39 21.48 20.47 20.00 18.30 17.82 15.46 15.98 14.66 11.57 10.30 11.80 9.75 7.00 6.44 3.15 6.54 7.84 10.38 13.07 16.45 20.37 22.84 24.38 27.33 28.37 27.31 28.88 30.25 28.14 27.49 28.46 29.09 27.43 28.48 25.17 25.39 23.09 22.65 21.32 20.01 17.95 17.76 16.23 17.31 18.34 20.67 21.76 23.55 22.57 21.10 21.83 22.27 20.45 21.07 21.08 20.49 21.29 20.73 21.17 18.59 16.08 16.15 18.24 16.57 14.58 17.92 16.73 18.05 17.70 23.25 23.47 
25.80 25.47 25.60 25.99 24.63 24.53 24.33 23.52 20.81 19.04 18.09 18.18 16.36 17.71 15.66 17.05 18.47 15.96 12.97 15.04 15.00 11.66 10.71 12.98 12.22 10.64 7.07 6.67 7.02 9.37 10.67 12.89 15.53 17.75 19.66 22.10 21.16 21.02 21.41 21.33 19.41 19.04 16.91 14.97 14.62 14.81 12.98 11.13 13.22 12.70 9.29 8.43 11.03 9.41 7.53 7.10 6.54 0.63 5.43 6.68 8.49 12.46 15.73 18.25 19.93 23.56 24.31 23.27 25.25 26.11 24.07 23.86 25.21 25.81 23.21 24.75 21.48 21.52 19.49 19.08 16.91 15.17 13.56 13.41 11.81 13.01 15.37 17.82 18.93 20.20 19.39 17.63 18.42 18.63 16.83 17.53 17.93 17.57 18.35 18.61 18.70 16.53 13.45 13.51 15.88 14.18 12.95 15.80 16.45 16.36 16.68 20.25 21.98 
25.84 25.97 25.83 26.11 24.53 24.38 24.12 23.00 21.15 18.66 17.69 17.24 16.42 16.51 15.40 15.76 17.08 14.26 12.22 14.11 13.57 9.81 10.10 12.87 12.16 9.38 6.75 6.71 4.80 7.16 9.61 11.90 14.81 16.60 19.30 20.58 20.28 20.37 20.37 20.31 19.13 18.66 17.39 15.26 15.67 15.04 14.53 11.26 14.27 14.63 10.33 9.47 13.06 12.99 9.75 9.74 7.84 5.43 0.47 5.15 6.17 10.93 14.15 16.50 18.93 21.98 22.88 22.79 24.05 24.85 21.90 22.72 23.99 24.43 21.58 23.36 20.07 20.98 19.27 18.19 15.85 14.88 13.45 13.27 11.75 13.39 16.43 19.14 19.73 20.95 19.39 17.83 18.19 19.07 17.21 17.98 18.62 18.27 19.33 20.22 20.70 18.19 15.11 16.03 18.10 15.76 13.54 17.09 15.89 16.97 16.69 21.56 21.88 
