0.53 4.55 7.51 10.99 12.67 14.76 18.60 19.76 20.97 21.56 22.71 20.44 18.87 20.30 21.04 19.10 19.70 21.56 21.81 21.26 22.70 25.66 26.57 26.00 27.33 29.77 30.64 29.84 31.19 32.43 32.42 31.25 29.72 29.39 27.89 26.82 25.13 24.53 22.69 20.81 19.69 18.95 16.92 16.05 17.36 16.67 16.29 17.61 18.63 17.58 17.21 17.23 16.77 17.38 17.71 18.71 19.56 21.26 21.37 22.66 24.75 26.47 28.19 27.96 29.57 31.40 33.67 34.20 34.84 35.12 35.52 36.36 35.69 34.57 35.94 36.01 37.47 37.82 38.23 37.95 37.44 36.23 36.00 34.42 32.73 31.20 30.04 26.82 25.29 25.52 25.54 23.63 23.90 26.16 26.61 26.73 26.78 28.77 29.03 30.04 29.45 30.29 29.38 30.14 30.26 30.33 29.10 30.14 31.01 31.10 39.73 
4.55 2.12 4.16 7.07 10.63 12.96 15.52 16.67 17.82 18.95 20.79 17.90 15.76 17.55 18.53 16.05 16.08 18.47 18.43 17.72 19.84 23.07 23.85 23.24 24.81 27.90 28.37 27.76 28.99 30.87 30.45 29.56 27.37 26.77 25.50 24.42 22.71 21.52 19.81 17.75 16.82 15.51 13.92 13.24 14.45 14.72 14.60 15.66 16.96 16.44 14.59 15.39 14.40 15.23 14.91 16.89 16.97 19.07 19.17 20.60 22.90 24.12 26.75 26.49 28.79 30.15 32.92 33.81 34.69 34.30 34.47 35.74 34.84 33.70 34.78 35.02 36.43 36.62 36.95 36.86 36.60 35.32 34.96 33.60 31.93 29.99 28.92 26.02 25.11 24.30 24.76 23.64 24.25 25.66 26.24 26.66 27.11 28.99 29.33 28.84 28.39 29.46 29.47 28.81 28.61 28.94 28.52 29.70 30.10 30.11 40.96 
7.51 4.16 1.61 5.21 8.45 9.79 12.24 13.35 14.89 15.81 18.00 15.62 14.03 15.58 16.11 14.51 15.22 16.97 16.50 16.81 18.53 21.43 21.87 22.01 23.76 26.53 26.64 25.99 27.64 29.29 28.54 27.31 24.88 24.22 22.86 21.99 19.91 18.32 16.70 14.62 13.54 12.85 11.89 11.95 13.17 14.55 14.68 16.62 17.02 16.44 14.32 14.79 13.51 13.66 13.21 14.91 15.06 17.10 17.97 19.71 21.73 23.10 26.06 25.92 28.00 29.20 32.04 32.48 33.35 33.01 33.52 34.32 33.85 32.48 33.96 33.68 35.57 35.50 36.40 36.08 36.24 34.32 34.35 33.20 32.00 29.51 28.41 26.12 25.49 24.14 24.44 23.73 25.15 25.77 26.14 27.00 28.19 29.68 29.27 29.13 30.01 30.06 28.55 30.12 32.35 31.06 29.74 31.19 33.18 32.67 38.83 
10.99 7.07 5.21 1.03 6.55 7.81 10.34 11.45 13.23 14.88 16.55 14.92 14.30 15.31 16.40 15.51 16.54 17.70 18.07 17.88 19.86 22.26 23.26 23.27 24.92 27.30 27.37 26.72 28.44 30.22 28.93 27.42 25.62 25.12 23.33 21.93 19.88 18.69 16.82 14.61 13.32 12.79 12.28 12.52 14.28 15.67 16.72 17.80 18.53 17.92 16.11 16.13 14.97 15.30 14.19 14.97 15.80 17.67 18.67 20.15 22.76 23.78 26.97 26.74 29.09 29.78 32.72 33.15 33.83 33.35 33.71 34.75 34.38 33.03 34.19 34.10 35.78 35.74 36.42 36.19 36.59 34.54 34.34 33.30 31.97 29.22 28.30 26.58 26.02 24.37 24.33 23.91 25.12 25.49 25.93 26.71 28.04 28.92 28.40 28.53 29.15 29.73 28.58 29.59 31.50 30.50 29.20 29.48 33.84 31.76 42.07 
12.67 10.63 8.45 6.55 0.00 5.65 7.81 9.90 12.76 13.79 15.72 13.46 12.36 14.20 15.77 14.15 15.29 17.82 18.36 17.89 19.72 23.30 23.84 23.35 24.91 28.38 28.65 27.56 28.99 30.88 29.78 28.16 26.16 25.70 24.49 22.64 20.97 19.71 17.77 14.45 13.28 12.87 12.05 12.00 14.28 15.77 15.97 17.59 18.30 18.24 16.07 16.01 14.84 15.61 14.61 15.45 16.24 18.52 18.65 20.49 22.78 24.43 26.59 26.34 28.35 29.79 32.25 32.66 33.26 32.84 32.95 33.96 33.84 32.02 33.27 32.86 34.52 34.90 35.36 34.93 35.52 33.70 33.73 31.85 30.80 28.68 28.05 25.09 24.73 23.52 23.65 21.58 21.81 23.18 23.91 24.12 24.72 26.72 26.91 26.05 25.49 27.05 26.65 27.62 28.93 30.73 31.59 28.67 28.28 30.96 37.49 
14.76 12.96 9.79 7.81 5.65 0.00 6.02 7.55 10.02 11.66 13.59 11.79 10.30 12.00 13.49 12.24 12.87 15.81 16.16 16.39 18.20 21.88 22.52 22.19 23.77 27.45 28.00 27.22 28.29 30.08 29.44 27.71 25.17 24.47 22.98 21.46 19.72 18.36 16.04 12.62 12.05 11.81 10.80 11.24 13.07 14.84 14.98 16.48 17.64 16.54 14.47 15.10 13.84 14.66 13.57 15.43 15.19 17.66 17.95 19.99 22.11 23.39 26.41 25.81 28.44 29.09 32.17 32.66 33.80 32.64 32.41 33.50 33.22 31.11 32.08 31.76 33.52 34.02 34.04 33.85 34.49 32.92 32.40 31.34 30.18 28.14 26.98 24.48 24.36 22.93 22.75 21.51 21.74 22.70 22.77 23.42 24.43 25.99 25.65 24.83 24.59 26.09 25.84 26.41 27.94 28.52 28.89 28.07 28.64 30.91 38.27 
18.60 15.52 12.24 10.34 7.81 6.02 1.46 5.97 8.20 10.04 12.93 11.79 11.24 13.09 14.08 13.48 14.15 16.45 17.22 18.01 19.57 22.49 23.71 24.13 25.33 28.79 29.37 29.07 29.66 31.64 30.62 29.39 26.59 25.56 24.48 23.40 21.33 19.56 17.30 14.51 14.64 14.02 13.03 13.54 15.59 17.00 17.30 19.48 19.94 19.33 17.00 17.51 16.61 17.07 16.06 17.54 17.15 19.43 20.17 22.24 24.78 25.69 29.05 28.38 30.56 31.50 34.30 34.74 35.62 34.72 34.67 35.68 35.30 32.91 33.84 33.22 35.18 35.04 35.25 35.34 36.46 33.92 33.66 32.88 32.60 29.95 28.90 26.96 27.51 25.54 25.04 23.76 24.73 24.81 24.83 25.36 26.65 27.69 27.13 26.46 26.98 27.62 26.75 28.87 31.32 31.88 30.99 30.74 31.16 33.45 36.18 
19.76 16.67 13.35 11.45 9.90 7.55 5.97 0.00 5.68 7.70 9.98 9.39 10.11 11.45 13.06 12.26 14.01 16.29 16.81 17.14 19.21 22.41 23.54 24.41 25.35 28.95 28.82 28.64 29.72 31.62 30.01 28.32 25.91 25.38 23.48 22.74 20.85 19.13 16.66 14.45 14.53 14.04 12.02 13.73 15.51 17.05 17.24 19.05 20.24 19.18 17.28 17.37 16.54 17.14 15.99 17.23 17.05 19.51 20.61 22.85 25.52 26.57 29.45 29.00 31.22 32.03 34.64 35.23 35.65 35.09 34.54 35.98 35.04 33.28 33.64 33.67 34.81 35.43 34.98 35.40 35.64 33.80 32.96 32.79 31.57 29.36 28.34 26.52 26.47 24.91 24.17 23.16 23.43 24.13 23.88 24.38 25.18 26.84 25.96 25.33 25.29 27.08 26.09 27.67 29.79 30.49 29.99 28.83 30.30 31.97 38.29 
20.97 17.82 14.89 13.23 12.76 10.02 8.20 5.68 1.01 5.65 8.43 8.35 8.99 10.99 12.65 12.05 13.73 16.14 16.76 17.38 19.34 23.10 23.72 23.91 25.81 28.87 28.73 28.11 29.85 31.32 29.68 28.00 26.07 25.42 23.99 22.85 21.12 20.33 18.41 15.59 14.98 14.46 12.74 13.80 14.78 16.68 17.29 19.28 19.83 19.52 17.78 18.53 17.94 18.52 17.40 19.28 19.35 21.16 21.88 23.89 27.12 27.79 30.66 29.67 31.75 32.47 34.98 35.26 36.03 34.93 34.25 35.40 34.64 32.83 33.19 32.68 33.79 34.40 34.32 33.93 34.47 32.36 32.15 31.15 30.31 28.33 27.73 25.59 25.33 23.94 23.72 22.30 22.76 23.10 23.40 23.37 24.14 25.98 25.87 24.60 24.58 25.56 25.19 25.75 27.83 29.46 30.49 28.04 29.21 31.54 33.22 
21.56 18.95 15.81 14.88 13.79 11.66 10.04 7.70 5.65 0.00 5.84 7.15 6.87 7.94 10.02 10.28 11.18 13.79 15.00 15.49 18.00 21.21 22.23 22.64 24.05 27.59 27.99 27.58 28.56 30.25 29.16 27.95 25.47 24.78 23.80 22.46 21.07 19.68 17.74 14.78 13.77 13.65 11.63 12.94 13.45 15.47 15.88 17.56 18.67 18.24 16.58 17.49 16.70 17.78 17.21 19.13 19.54 21.22 22.16 24.13 26.41 27.40 30.15 29.58 31.83 32.28 34.34 35.27 35.58 34.68 33.52 35.07 34.12 32.15 32.15 32.08 32.84 34.02 33.16 33.37 33.71 32.07 31.43 30.76 29.74 27.74 27.02 24.93 25.23 23.49 23.32 21.70 22.09 21.96 22.39 22.67 23.87 25.29 24.93 23.65 23.78 24.73 24.47 24.95 27.33 27.85 28.60 27.44 28.97 29.92 32.44 
22.71 20.79 18.00 16.55 15.72 13.59 12.93 9.98 8.43 5.84 2.50 6.46 7.79 7.65 9.24 9.95 11.23 13.56 14.37 16.00 17.75 20.40 21.52 22.88 24.50 27.62 28.14 27.94 29.05 30.70 29.85 28.74 26.35 26.01 24.91 23.97 21.90 21.10 19.48 16.58 15.57 15.37 13.65 14.13 14.81 16.31 16.48 18.92 19.68 19.24 17.50 18.54 17.79 19.14 18.84 20.59 20.31 23.12 24.50 25.85 28.32 28.89 32.30 31.25 33.60 33.63 36.28 36.36 37.13 35.74 35.28 36.27 35.46 33.05 33.31 32.68 34.10 34.22 34.05 34.13 35.21 32.81 32.22 31.47 31.08 28.84 27.93 26.21 26.76 25.05 24.86 23.26 23.88 23.56 23.89 24.43 25.75 26.94 26.36 25.55 25.85 26.76 25.82 27.34 29.39 30.29 31.21 29.24 31.33 32.49 32.42 
20.44 17.90 15.62 14.92 13.46 11.79 11.79 9.39 8.35 7.15 6.46 0.00 5.69 7.55 6.70 6.33 8.37 11.61 11.28 11.92 14.53 17.47 18.40 19.05 20.83 24.14 24.42 24.29 25.57 27.51 25.97 24.33 22.52 22.51 20.93 20.12 18.22 17.47 15.72 14.34 13.53 13.25 10.24 12.30 12.65 14.08 13.99 15.95 16.69 16.57 14.50 15.06 14.16 15.89 14.84 16.51 16.52 19.33 20.10 21.69 24.44 25.43 28.56 27.68 30.12 30.31 33.17 33.29 34.01 32.63 32.37 33.26 32.70 30.15 30.60 29.95 31.26 31.54 31.31 31.07 32.26 29.81 29.26 28.24 27.71 25.51 24.62 22.49 23.20 21.38 20.89 18.67 19.55 19.55 20.29 20.39 21.70 23.45 22.94 21.85 22.18 23.50 23.24 23.80 26.21 26.70 27.17 26.36 28.08 29.62 31.08 
18.87 15.76 14.03 14.30 12.36 10.30 11.24 10.11 8.99 6.87 7.79 5.69 0.00 5.60 7.10 5.48 6.17 9.31 10.24 10.01 11.87 15.77 16.61 16.92 18.30 22.36 22.76 22.16 23.96 25.49 23.84 22.36 20.44 20.03 18.48 17.65 16.13 15.59 13.91 12.25 12.39 11.07 8.44 10.15 11.34 12.08 12.00 13.99 14.17 13.94 12.56 13.14 12.57 13.45 12.83 14.97 15.10 17.18 17.89 19.61 22.61 23.45 25.97 25.82 28.23 28.33 30.80 31.39 32.13 30.86 30.09 31.34 30.60 28.19 28.63 27.93 29.10 29.50 29.40 28.98 29.90 27.53 27.15 26.01 25.43 23.26 22.44 20.24 20.66 18.86 18.65 16.57 17.33 17.83 18.69 18.60 19.54 21.76 21.56 20.20 20.09 21.68 21.54 22.34 24.06 25.43 25.84 24.84 25.53 28.32 28.51 
20.30 17.55 15.58 15.31 14.20 12.00 13.09 11.45 10.99 7.94 7.65 7.55 5.60 0.00 5.92 6.66 5.89 7.46 9.42 10.39 11.39 14.05 15.87 16.28 17.91 21.35 22.05 21.95 23.30 24.80 23.83 22.61 20.51 19.92 18.36 17.71 16.48 16.03 14.54 12.67 12.90 12.58 10.32 11.69 12.81 13.84 13.66 15.88 15.91 15.07 13.08 13.91 12.96 14.17 13.34 15.05 16.02 17.21 18.17 19.59 22.89 23.45 26.36 26.02 29.07 28.84 31.25 32.01 33.14 31.63 30.75 31.80 31.28 29.01 29.15 28.83 29.79 30.65 30.28 30.10 30.68 28.49 27.72 26.85 26.19 23.44 22.26 20.23 20.97 18.92 18.68 16.98 18.18 18.44 19.55 19.84 21.19 23.15 22.55 21.05 21.25 22.69 22.36 22.86 25.34 26.10 25.87 25.37 27.29 28.85 29.72 
21.04 18.53 16.11 16.40 15.77 13.49 14.08 13.06 12.65 10.02 9.24 6.70 7.10 5.92 0.00 5.48 7.08 6.85 7.55 9.03 11.19 12.99 13.64 15.44 16.86 19.52 20.15 20.25 21.61 23.76 22.58 20.99 18.84 18.99 17.75 16.13 15.34 15.67 14.36 12.00 12.53 12.85 11.66 12.10 14.03 14.64 14.26 15.94 16.48 15.25 12.65 13.20 12.86 13.30 13.00 14.36 15.08 17.54 18.31 19.79 22.86 23.71 26.91 26.54 29.25 29.22 31.79 32.12 33.21 31.70 31.14 32.02 31.42 28.92 29.23 28.49 30.03 30.30 30.00 30.10 31.01 28.47 27.49 26.94 26.45 23.39 22.14 20.21 21.30 18.91 19.03 17.50 18.78 19.34 20.26 20.71 21.78 23.65 22.99 22.03 21.85 23.24 22.35 23.52 25.67 26.88 27.22 26.29 27.43 30.44 29.15 
19.10 16.05 14.51 15.51 14.15 12.24 13.48 12.26 12.05 10.28 9.95 6.33 5.48 6.66 5.48 0.00 4.72 7.33 5.65 5.80 8.65 10.84 11.20 12.27 13.59 16.42 17.08 17.38 18.36 20.30 19.29 17.65 15.38 15.76 13.78 13.27 12.15 12.42 11.12 9.71 11.05 11.61 10.02 11.22 13.04 14.11 13.96 15.41 15.58 14.79 12.24 10.99 10.28 11.32 9.81 11.74 11.87 14.04 14.11 15.90 19.29 20.08 22.81 22.54 25.19 25.39 27.62 28.44 29.24 27.97 27.24 28.64 27.74 25.55 25.63 25.35 26.39 27.13 26.64 26.58 27.55 25.25 24.33 23.45 22.80 20.30 19.10 16.71 17.52 15.34 15.52 13.75 15.02 16.34 17.81 17.97 18.98 21.33 20.76 19.56 19.21 20.45 19.71 20.81 23.41 24.08 23.20 23.56 26.02 27.77 29.20 
19.70 16.08 15.22 16.54 15.29 12.87 14.15 14.01 13.73 11.18 11.23 8.37 6.17 5.89 7.08 4.72 0.00 5.67 6.87 5.50 6.51 10.16 10.83 10.58 11.85 15.84 16.00 16.11 16.87 19.34 17.59 16.62 14.04 13.73 12.91 12.18 10.63 11.50 11.69 9.42 11.22 11.64 10.71 11.00 13.42 13.99 14.57 15.83 15.65 14.81 12.94 11.96 10.25 10.94 9.41 11.08 11.66 13.06 12.96 14.21 17.86 18.62 20.91 20.44 23.61 23.41 25.77 26.20 27.91 26.17 25.55 26.71 26.39 23.92 24.34 23.58 25.07 25.73 25.50 25.00 25.95 23.86 23.22 21.99 21.47 19.30 18.51 15.91 16.78 14.78 15.47 13.84 14.86 16.40 18.12 18.28 18.44 21.05 21.06 19.46 18.32 19.90 19.78 20.51 21.87 24.17 23.55 23.17 24.99 27.98 28.80 
21.56 18.47 16.97 17.70 17.82 15.81 16.45 16.29 16.14 13.79 13.56 11.61 9.31 7.46 6.85 7.33 5.67 0.00 5.83 7.15 6.43 7.52 9.90 11.05 11.76 14.70 15.85 16.01 17.41 19.38 18.40 17.27 14.44 14.52 13.29 12.85 11.99 12.79 12.87 11.24 13.01 14.52 14.08 15.01 17.40 18.32 18.94 19.99 20.17 18.46 16.52 15.35 12.60 12.51 11.71 12.04 12.87 13.71 14.26 15.51 18.63 18.89 21.69 21.23 24.30 24.42 26.71 27.33 28.80 27.68 26.73 27.74 27.49 25.56 25.70 25.12 26.35 27.49 27.24 26.91 27.63 25.44 25.02 23.85 23.34 20.87 19.31 16.74 17.80 16.27 16.43 15.52 16.91 18.40 20.19 20.52 20.89 23.40 23.27 21.52 20.28 21.57 21.38 21.93 23.85 25.25 23.78 24.43 26.29 28.81 30.14 
21.81 18.43 16.50 18.07 18.36 16.16 17.22 16.81 16.76 15.00 14.37 11.28 10.24 9.42 7.55 5.65 6.87 5.83 0.00 5.01 7.02 6.49 6.92 8.77 10.27 11.77 12.45 13.85 14.29 16.60 15.84 14.19 11.77 12.27 11.70 10.68 11.21 11.68 12.10 11.20 12.49 14.56 14.53 15.38 17.74 19.44 19.62 21.17 20.81 19.20 16.41 15.41 12.61 12.28 10.88 11.44 10.76 12.44 12.91 14.14 16.69 17.42 19.98 19.44 21.99 22.19 24.84 25.07 26.24 25.01 24.61 25.46 25.03 23.15 23.71 22.90 24.34 25.06 25.19 24.95 25.84 23.85 23.45 22.48 22.31 19.03 18.06 15.38 17.02 14.40 15.40 14.60 16.44 17.69 19.25 19.77 20.14 22.51 22.00 20.49 19.48 20.49 19.46 20.27 22.17 22.96 22.19 22.69 25.45 28.30 28.20 
21.26 17.72 16.81 17.88 17.89 16.39 18.01 17.14 17.38 15.49 16.00 11.92 10.01 10.39 9.03 5.80 5.50 7.15 5.01 0.00 5.20 7.24 5.60 6.59 8.35 10.98 10.89 11.91 13.00 15.24 13.63 12.56 10.36 11.07 9.98 9.85 9.82 11.35 12.20 11.17 13.10 14.93 15.27 15.87 18.92 19.99 20.54 21.64 21.71 20.22 17.73 15.81 13.41 13.38 10.76 10.95 9.65 10.87 10.82 12.02 14.49 14.95 17.78 16.52 19.30 19.24 21.83 22.21 23.47 22.35 22.04 23.12 22.83 20.57 21.51 20.85 22.17 23.16 23.05 22.88 24.07 22.06 21.45 20.60 20.31 17.43 16.16 13.81 14.78 12.23 13.56 13.53 15.19 16.82 18.55 18.65 19.19 21.48 21.38 19.42 18.51 19.20 18.52 19.05 21.12 21.10 19.96 21.46 24.08 26.41 28.46 
22.70 19.84 18.53 19.86 19.72 18.20 19.57 19.21 19.34 18.00 17.75 14.53 11.87 11.39 11.19 8.65 6.51 6.43 7.02 5.20 0.00 5.94 7.07 5.95 6.43 10.28 10.62 11.41 12.36 14.38 12.64 12.78 10.27 9.84 9.99 10.56 10.96 11.91 13.36 12.91 14.96 16.31 17.19 18.01 21.07 21.95 22.69 24.00 23.57 22.25 20.14 18.13 15.09 14.55 12.02 12.09 10.74 11.26 9.86 11.35 13.62 14.28 15.78 15.01 18.15 18.16 20.27 20.95 22.72 21.28 20.87 22.24 22.46 20.21 20.99 20.54 21.96 22.58 22.79 22.38 23.71 21.71 21.30 20.06 20.27 17.61 16.75 14.21 15.71 13.63 14.84 14.45 16.04 17.71 19.19 19.38 19.97 22.36 22.25 20.18 18.90 20.29 19.93 19.98 20.73 22.02 22.01 22.05 23.90 26.80 27.88 
25.66 23.07 21.43 22.26 23.30 21.88 22.49 22.41 23.10 21.21 20.40 17.47 15.77 14.05 12.99 10.84 10.16 7.52 6.49 7.24 5.94 0.00 5.73 7.34 6.48 8.19 10.26 11.75 12.58 15.14 14.67 14.10 12.08 12.15 12.03 13.22 13.41 14.68 15.59 15.71 17.10 18.91 19.72 21.59 24.63 25.66 26.41 27.81 27.43 26.02 23.84 21.77 17.94 17.52 15.41 14.97 13.16 13.14 12.26 12.60 14.76 14.71 16.83 15.78 18.80 18.97 21.28 21.55 23.20 22.57 22.27 23.30 23.23 21.46 22.38 21.94 23.13 24.07 24.32 23.90 24.94 22.90 22.79 21.82 21.89 19.14 18.22 15.84 17.48 16.21 17.02 16.96 18.67 20.38 21.69 22.05 22.68 24.97 24.83 22.65 21.47 22.35 22.00 22.24 23.60 24.08 23.38 24.09 25.94 28.09 30.01 
26.57 23.85 21.87 23.26 23.84 22.52 23.71 23.54 23.72 22.23 21.52 18.40 16.61 15.87 13.64 11.20 10.83 9.90 6.92 5.60 7.07 5.73 0.00 5.44 6.90 6.21 7.44 9.60 10.73 12.76 12.63 12.78 10.81 11.12 12.06 12.59 13.23 14.38 15.59 15.61 16.90 19.04 19.86 21.75 24.90 26.23 26.47 27.89 28.10 26.56 23.66 22.30 18.72 17.91 15.38 15.05 12.69 13.45 11.97 12.51 13.01 13.22 15.17 14.29 16.35 16.39 18.99 19.17 20.30 19.58 19.87 20.85 20.86 19.00 20.68 19.77 21.29 22.09 22.54 22.14 23.16 21.22 21.42 20.39 20.69 17.76 17.44 15.42 17.37 15.25 16.73 16.85 18.30 19.81 21.07 21.41 22.00 24.17 23.90 21.98 20.53 21.50 20.54 21.06 22.06 22.58 22.60 22.93 25.33 28.11 28.65 
26.00 23.24 22.01 23.27 23.35 22.19 24.13 24.41 23.91 22.64 22.88 19.05 16.92 16.28 15.44 12.27 10.58 11.05 8.77 6.59 5.95 7.34 5.44 0.00 5.32 7.43 6.38 7.33 9.33 10.95 10.70 10.62 9.73 10.18 10.17 11.44 12.19 14.61 15.69 16.23 18.06 20.50 20.78 22.60 25.86 27.37 27.74 29.16 29.44 28.16 25.00 23.76 20.21 19.28 15.85 15.61 12.98 12.71 10.93 10.83 11.30 10.61 13.46 11.94 14.14 13.35 16.23 17.09 17.92 16.86 16.74 18.80 18.28 16.52 18.15 17.64 19.12 20.29 20.50 20.36 21.83 19.83 19.64 18.53 18.76 16.20 16.12 14.18 15.84 13.98 15.82 16.27 17.99 19.30 20.59 20.45 21.21 23.92 23.58 21.24 19.74 20.66 20.20 20.39 21.92 21.55 20.53 22.03 25.03 26.78 28.97 
27.33 24.81 23.76 24.92 24.91 23.77 25.33 25.35 25.81 24.05 24.50 20.83 18.30 17.91 16.86 13.59 11.85 11.76 10.27 8.35 6.43 6.48 6.90 5.32 0.00 5.78 6.72 6.76 8.30 10.29 9.97 10.73 9.44 10.24 10.63 12.13 13.01 15.48 17.23 18.28 20.00 22.27 22.76 24.80 27.84 28.86 29.43 30.96 31.39 30.12 27.49 26.04 22.07 21.61 18.52 17.79 14.83 14.76 12.44 11.91 10.73 10.57 12.65 11.45 13.17 12.48 15.04 15.89 16.92 15.98 15.14 17.23 17.93 15.92 17.15 16.91 19.02 19.75 20.15 20.04 22.14 20.27 20.04 19.03 19.55 17.52 17.53 15.69 17.62 16.26 17.65 17.64 19.51 20.95 21.70 21.55 21.96 24.66 24.38 22.21 20.47 21.80 21.27 21.16 21.78 22.56 21.98 22.66 25.11 27.86 28.48 
29.77 27.90 26.53 27.30 28.38 27.45 28.79 28.95 28.87 27.59 27.62 24.14 22.36 21.35 19.52 16.42 15.84 14.70 11.77 10.98 10.28 8.19 6.21 7.43 5.78 0.00 6.13 7.70 7.78 9.93 11.40 11.90 11.05 12.33 13.62 15.25 15.70 18.39 20.48 21.26 22.96 24.49 25.78 27.89 31.04 32.40 33.28 35.01 35.23 34.05 31.57 29.91 25.56 25.23 22.79 21.88 18.69 18.16 15.76 14.81 14.68 13.18 14.49 13.11 14.77 14.88 16.63 17.34 18.25 18.09 17.36 19.59 19.53 17.81 19.02 18.72 20.45 21.39 21.70 21.90 23.49 21.67 21.87 21.03 21.79 19.57 19.83 18.25 20.35 19.68 20.87 20.78 22.91 24.20 25.06 25.29 25.75 28.25 27.92 25.32 23.65 24.49 24.29 23.83 24.98 25.28 23.93 24.61 26.93 28.87 30.48 
30.64 28.37 26.64 27.37 28.65 28.00 29.37 28.82 28.73 27.99 28.14 24.42 22.76 22.05 20.15 17.08 16.00 15.85 12.45 10.89 10.62 10.26 7.44 6.38 6.72 6.13 0.09 5.81 7.31 8.29 9.75 10.56 9.71 11.32 13.08 14.07 14.96 17.91 19.64 21.19 22.50 24.94 26.01 28.13 30.97 32.79 33.07 34.88 35.71 34.61 31.79 30.45 26.55 25.90 22.89 21.79 18.66 18.62 16.43 15.75 14.68 13.38 14.09 12.67 13.34 13.17 15.64 16.05 16.82 16.42 16.57 18.41 18.06 16.69 18.93 18.21 19.26 20.17 21.23 20.93 22.05 20.50 21.24 20.39 20.83 19.08 19.52 18.26 20.18 19.42 21.12 21.27 22.92 24.30 25.08 25.31 25.99 28.23 27.90 25.73 23.72 24.75 24.01 23.92 24.04 25.23 25.64 24.88 26.35 28.97 29.89 
29.84 27.76 25.99 26.72 27.56 27.22 29.07 28.64 28.11 27.58 27.94 24.29 22.16 21.95 20.25 17.38 16.11 16.01 13.85 11.91 11.41 11.75 9.60 7.33 6.76 7.70 5.81 0.00 5.53 7.09 7.49 8.66 9.36 10.49 11.63 13.37 14.76 17.36 19.28 20.68 22.95 24.90 25.75 28.10 31.23 33.01 33.76 35.87 36.31 35.31 32.66 31.43 28.02 27.37 24.45 22.87 19.69 18.59 16.79 15.20 14.52 12.82 13.88 12.00 12.50 11.23 14.44 15.38 15.77 15.22 15.12 17.78 17.18 15.78 17.95 17.15 18.02 19.80 20.02 20.33 21.56 20.10 20.50 19.58 19.88 18.67 19.58 18.11 20.35 19.57 21.37 21.44 23.22 24.69 25.25 25.29 25.95 28.84 28.15 25.65 23.70 24.69 24.04 23.49 24.38 25.23 24.23 23.90 25.72 27.47 29.79 
31.19 28.99 27.64 28.44 28.99 28.29 29.66 29.72 29.85 28.56 29.05 25.57 23.96 23.30 21.61 18.36 16.87 17.41 14.29 13.00 12.36 12.58 10.73 9.33 8.30 7.78 7.31 5.53 0.00 5.70 7.13 8.27 8.31 10.47 12.52 13.81 15.22 18.14 20.45 22.16 24.12 26.49 26.66 28.98 32.65 34.06 34.58 36.37 37.86 36.77 34.00 32.75 29.25 28.65 26.14 24.32 21.53 20.01 17.39 15.95 15.57 13.06 13.70 11.51 12.54 11.78 14.36 14.60 15.73 15.41 14.73 17.20 18.62 16.74 18.17 17.63 19.23 20.49 20.43 20.69 22.53 21.07 21.39 20.65 20.95 19.95 20.75 19.45 21.97 21.64 22.93 22.89 24.53 25.96 26.74 26.54 27.50 29.70 29.54 27.07 25.00 25.92 24.91 24.92 24.94 26.43 26.39 24.88 25.83 28.29 29.07 
32.43 30.87 29.29 30.22 30.88 30.08 31.64 31.62 31.32 30.25 30.70 27.51 25.49 24.80 23.76 20.30 19.34 19.38 16.60 15.24 14.38 15.14 12.76 10.95 10.29 9.93 8.29 7.09 5.70 0.00 6.02 7.71 8.09 9.85 13.04 15.12 16.12 19.26 22.02 23.37 25.44 27.45 27.70 30.48 34.25 35.81 36.66 38.33 39.24 38.17 36.06 34.47 30.65 30.31 27.81 25.94 22.66 21.18 18.65 17.34 17.03 15.03 15.28 12.29 13.90 13.17 15.21 15.30 16.36 16.52 15.50 18.35 19.32 17.68 18.74 18.58 19.69 21.29 21.21 21.77 22.92 21.64 21.97 21.19 21.86 20.84 21.98 20.66 23.45 23.23 24.86 24.77 26.62 28.08 29.12 29.36 29.99 32.13 31.99 29.32 27.17 27.97 27.37 26.44 26.72 27.52 27.57 26.08 26.36 27.73 30.18 
32.42 30.45 28.54 28.93 29.78 29.44 30.62 30.01 29.68 29.16 29.85 25.97 23.84 23.83 22.58 19.29 17.59 18.40 15.84 13.63 12.64 14.67 12.63 10.70 9.97 11.40 9.75 7.49 7.13 6.02 0.00 5.56 6.88 8.27 10.15 12.84 14.90 17.56 19.82 21.55 24.07 26.50 27.21 29.58 33.01 34.98 35.98 37.24 38.62 37.71 35.29 33.59 29.76 29.48 26.15 24.53 20.53 20.17 17.45 16.01 14.48 12.56 13.52 10.62 12.00 11.01 13.85 14.06 15.28 14.22 15.02 16.97 17.27 15.59 18.16 17.07 17.79 19.48 20.44 20.29 21.05 19.71 20.62 19.74 20.27 19.52 20.53 19.51 21.86 21.78 23.69 24.00 25.91 27.40 28.71 28.84 29.82 31.45 31.23 28.75 26.57 27.15 26.16 25.69 25.42 26.55 27.90 25.65 25.84 28.25 29.63 
31.25 29.56 27.31 27.42 28.16 27.71 29.39 28.32 28.00 27.95 28.74 24.33 22.36 22.61 20.99 17.65 16.62 17.27 14.19 12.56 12.78 14.10 12.78 10.62 10.73 11.90 10.56 8.66 8.27 7.71 5.56 0.00 5.78 7.62 8.61 10.61 13.07 15.81 17.71 19.68 22.64 24.49 26.01 28.15 31.96 34.00 35.75 36.74 38.07 37.10 34.87 33.30 29.49 28.74 25.70 23.46 20.70 19.38 17.28 15.47 14.27 11.48 12.19 9.85 10.67 10.38 13.16 14.07 14.62 14.13 14.48 16.96 16.53 15.02 17.51 16.30 17.05 18.78 19.64 19.61 20.65 19.01 19.80 18.58 19.10 18.45 19.65 18.97 21.42 21.39 23.42 23.49 25.66 27.06 28.74 28.92 29.90 31.72 31.41 28.61 26.61 26.75 25.69 24.79 25.68 26.27 27.15 25.11 25.95 27.22 29.47 
29.72 27.37 24.88 25.62 26.16 25.17 26.59 25.91 26.07 25.47 26.35 22.52 20.44 20.51 18.84 15.38 14.04 14.44 11.77 10.36 10.27 12.08 10.81 9.73 9.44 11.05 9.71 9.36 8.31 8.09 6.88 5.78 0.00 5.77 6.54 8.84 9.26 13.04 16.04 17.78 19.94 22.53 23.41 26.41 29.76 31.98 33.52 35.04 36.82 35.61 33.11 30.93 27.33 26.49 23.26 21.47 18.57 17.58 14.44 11.32 11.46 8.39 9.10 6.55 9.22 9.73 12.63 13.33 15.03 14.20 13.71 15.36 16.59 14.66 16.36 15.07 16.92 17.80 17.89 17.49 18.81 17.38 17.63 16.48 16.70 16.42 17.35 16.83 19.28 19.85 21.70 21.92 23.85 25.60 27.14 27.60 28.74 30.53 29.98 27.61 25.31 25.61 24.20 24.22 24.02 25.04 26.25 24.22 24.55 27.18 28.23 
29.39 26.77 24.22 25.12 25.70 24.47 25.56 25.38 25.42 24.78 26.01 22.51 20.03 19.92 18.99 15.76 13.73 14.52 12.27 11.07 9.84 12.15 11.12 10.18 10.24 12.33 11.32 10.49 10.47 9.85 8.27 7.62 5.77 0.00 5.65 6.99 8.61 11.42 14.31 16.33 18.58 21.12 22.43 24.87 29.28 31.08 33.33 34.63 36.17 34.85 32.92 31.12 27.16 26.08 22.78 21.52 18.34 15.81 13.17 10.96 10.38 8.02 9.06 7.67 11.07 11.23 14.15 14.89 16.58 15.31 14.25 16.09 17.06 14.56 15.95 15.24 16.73 17.74 17.70 17.88 18.73 16.88 17.37 16.07 16.45 15.68 16.94 16.68 19.09 19.81 21.71 22.05 24.10 25.65 27.39 28.03 28.97 30.71 30.42 27.41 25.48 25.75 24.48 23.46 24.14 24.79 25.37 23.63 24.15 26.40 28.01 
27.89 25.50 22.86 23.33 24.49 22.98 24.48 23.48 23.99 23.80 24.91 20.93 18.48 18.36 17.75 13.78 12.91 13.29 11.70 9.98 9.99 12.03 12.06 10.17 10.63 13.62 13.08 11.63 12.52 13.04 10.15 8.61 6.54 5.65 0.00 5.77 6.61 9.91 11.20 14.17 16.29 19.04 20.05 22.79 26.17 28.77 31.33 32.78 33.70 32.69 30.99 28.79 24.85 23.59 20.82 19.48 15.22 13.15 11.03 9.17 8.94 6.53 8.88 8.62 12.02 12.03 15.25 16.82 17.32 15.93 16.31 18.31 17.45 14.91 17.24 16.27 16.71 17.70 18.14 17.90 18.56 16.85 17.08 15.93 15.81 15.08 15.69 15.46 17.64 18.37 20.36 20.89 22.67 24.68 26.77 27.27 27.85 29.76 29.56 26.80 24.32 24.58 23.37 22.62 22.70 23.26 24.63 22.80 23.13 26.06 27.78 
26.82 24.42 21.99 21.93 22.64 21.46 23.40 22.74 22.85 22.46 23.97 20.12 17.65 17.71 16.13 13.27 12.18 12.85 10.68 9.85 10.56 13.22 12.59 11.44 12.13 15.25 14.07 13.37 13.81 15.12 12.84 10.61 8.84 6.99 5.77 0.00 6.38 7.98 10.36 11.86 14.56 17.13 18.40 21.41 25.12 27.76 30.28 31.78 32.41 31.69 29.80 27.76 23.49 23.35 20.14 17.61 12.92 11.64 9.41 8.00 7.99 6.12 9.38 9.63 12.71 13.20 17.64 18.64 19.28 18.02 18.42 19.99 18.89 16.59 18.47 17.24 18.21 19.48 19.37 19.09 19.88 17.67 17.74 15.91 16.37 14.61 15.50 14.99 17.08 17.97 20.07 20.66 22.59 24.46 26.63 27.22 28.12 29.85 29.52 26.46 24.46 24.04 22.61 21.52 22.19 22.90 22.67 21.60 22.92 25.14 26.91 
25.13 22.71 19.91 19.88 20.97 19.72 21.33 20.85 21.12 21.07 21.90 18.22 16.13 16.48 15.34 12.15 10.63 11.99 11.21 9.82 10.96 13.41 13.23 12.19 13.01 15.70 14.96 14.76 15.22 16.12 14.90 13.07 9.26 8.61 6.61 6.38 0.00 6.30 7.08 9.77 10.92 14.70 16.10 18.86 22.75 25.19 27.29 29.33 29.78 28.72 26.32 24.36 21.02 20.44 18.08 14.60 10.55 9.42 8.32 6.67 9.30 8.32 11.91 11.71 15.90 17.23 20.76 22.04 22.86 21.86 20.94 22.50 21.72 19.12 20.15 18.63 19.79 20.68 19.81 19.20 20.21 18.28 17.57 16.04 15.49 14.20 14.30 13.69 15.39 16.44 18.38 18.77 20.97 22.99 24.72 25.59 26.90 28.49 27.59 25.16 23.10 22.94 21.16 20.27 20.79 21.31 22.26 20.59 21.16 24.34 25.91 
24.53 21.52 18.32 18.69 19.71 18.36 19.56 19.13 20.33 19.68 21.10 17.47 15.59 16.03 15.67 12.42 11.50 12.79 11.68 11.35 11.91 14.68 14.38 14.61 15.48 18.39 17.91 17.36 18.14 19.26 17.56 15.81 13.04 11.42 9.91 7.98 6.30 0.00 6.54 7.28 9.78 12.54 14.57 17.43 20.81 24.03 26.18 28.01 28.98 27.82 25.54 24.52 21.40 19.46 15.62 12.74 9.97 7.53 7.84 6.51 10.98 11.84 14.77 14.59 19.02 20.76 23.79 25.01 26.07 24.29 23.24 24.53 23.96 20.93 21.97 20.72 22.21 22.60 22.12 21.88 22.74 19.90 19.66 17.61 16.96 14.50 15.32 14.49 15.61 16.35 17.91 18.71 20.46 22.54 24.38 25.35 26.41 28.06 27.45 24.93 23.05 22.43 20.81 19.90 20.51 21.34 20.88 20.57 21.40 24.22 25.79 
22.69 19.81 16.70 16.82 17.77 16.04 17.30 16.66 18.41 17.74 19.48 15.72 13.91 14.54 14.36 11.12 11.69 12.87 12.10 12.20 13.36 15.59 15.59 15.69 17.23 20.48 19.64 19.28 20.45 22.02 19.82 17.71 16.04 14.31 11.20 10.36 7.08 6.54 0.00 5.97 7.39 10.53 11.52 14.91 18.89 21.12 23.25 25.37 26.12 25.38 23.45 22.10 19.07 16.47 13.21 11.07 7.51 6.77 8.46 9.67 12.86 13.33 17.63 17.89 21.85 22.44 25.48 27.52 28.34 26.92 25.50 27.04 26.45 23.12 23.72 22.76 24.59 24.94 24.25 24.37 25.10 22.39 21.16 19.85 18.40 16.50 15.77 15.16 15.38 15.89 17.13 17.60 19.28 21.48 23.36 24.18 24.51 26.45 25.97 23.59 21.19 20.89 20.04 18.86 19.66 20.58 20.31 20.13 21.18 24.39 25.54 
20.81 17.75 14.62 14.61 14.45 12.62 14.51 14.45 15.59 14.78 16.58 14.34 12.25 12.67 12.00 9.71 9.42 11.24 11.20 11.17 12.91 15.71 15.61 16.23 18.28 21.26 21.19 20.68 22.16 23.37 21.55 19.68 17.78 16.33 14.17 11.86 9.77 7.28 5.97 0.00 5.52 6.87 8.88 11.64 15.25 17.72 20.52 22.41 23.68 22.60 21.00 19.63 15.97 13.44 11.17 8.92 7.39 6.39 9.39 11.23 14.48 15.24 20.12 20.88 23.58 24.45 28.03 29.33 30.47 28.82 27.55 28.49 27.89 24.43 25.00 23.85 25.83 26.23 25.46 25.25 26.39 23.26 22.36 20.73 19.81 17.06 16.24 14.55 14.66 14.60 15.48 15.74 16.78 19.22 21.02 21.90 22.32 24.19 23.57 20.67 18.53 17.86 16.82 16.88 17.49 19.33 18.27 19.61 20.92 23.55 24.89 
19.69 16.82 13.54 13.32 13.28 12.05 14.64 14.53 14.98 13.77 15.57 13.53 12.39 12.90 12.53 11.05 11.22 13.01 12.49 13.10 14.96 17.10 16.90 18.06 20.00 22.96 22.50 22.95 24.12 25.44 24.07 22.64 19.94 18.58 16.29 14.56 10.92 9.78 7.39 5.52 0.00 5.84 7.27 10.17 12.86 15.45 18.32 20.39 21.25 20.10 17.91 16.28 12.79 11.19 9.51 8.07 8.07 9.08 11.33 13.60 18.83 18.98 23.52 24.03 26.99 28.61 31.84 33.28 34.04 32.72 31.61 32.20 30.49 27.76 28.30 27.27 28.79 28.93 27.91 28.07 28.68 26.04 24.06 23.19 21.38 19.00 17.02 15.52 15.30 14.75 15.08 14.46 15.61 18.00 19.70 20.70 21.94 23.70 22.46 19.70 18.63 18.02 16.70 16.32 17.82 19.18 18.68 19.23 20.43 23.87 24.74 
18.95 15.51 12.85 12.79 12.87 11.81 14.02 14.04 14.46 13.65 15.37 13.25 11.07 12.58 12.85 11.61 11.64 14.52 14.56 14.93 16.31 18.91 19.04 20.50 22.27 24.49 24.94 24.90 26.49 27.45 26.50 24.49 22.53 21.12 19.04 17.13 14.70 12.54 10.53 6.87 5.84 0.00 5.32 6.70 10.55 12.75 15.54 17.58 19.54 18.53 16.14 13.77 11.97 10.93 8.77 7.19 9.43 10.79 13.57 16.34 21.05 22.63 26.61 27.21 31.31 31.73 35.37 36.17 37.78 35.72 34.25 34.55 33.64 30.47 31.29 30.12 31.51 31.42 30.75 30.66 31.40 28.11 26.90 25.34 23.91 21.04 19.19 16.69 16.29 15.57 15.14 13.49 14.58 16.76 18.24 19.49 20.91 22.27 21.53 19.08 17.99 17.02 15.84 16.45 17.73 19.92 18.85 20.58 21.50 24.51 25.04 
16.92 13.92 11.89 12.28 12.05 10.80 13.03 12.02 12.74 11.63 13.65 10.24 8.44 10.32 11.66 10.02 10.71 14.08 14.53 15.27 17.19 19.72 19.86 20.78 22.76 25.78 26.01 25.75 26.66 27.70 27.21 26.01 23.41 22.43 20.05 18.40 16.10 14.57 11.52 8.88 7.27 5.32 0.00 5.56 7.76 9.73 11.80 14.86 17.06 15.56 13.69 11.80 10.44 8.98 8.44 9.64 10.65 12.44 16.33 19.44 23.42 24.81 28.57 29.64 32.63 33.40 35.82 37.35 39.13 37.15 34.86 35.82 34.85 32.19 32.27 31.34 32.58 32.67 31.86 31.79 31.97 29.66 27.69 26.77 24.27 22.20 20.28 17.63 16.03 15.13 14.65 13.48 13.44 14.96 16.28 17.23 17.89 19.54 19.57 17.03 16.23 15.77 15.46 14.84 17.06 18.19 17.78 18.94 20.37 23.96 24.49 
16.05 13.24 11.95 12.52 12.00 11.24 13.54 13.73 13.80 12.94 14.13 12.30 10.15 11.69 12.10 11.22 11.00 15.01 15.38 15.87 18.01 21.59 21.75 22.60 24.80 27.89 28.13 28.10 28.98 30.48 29.58 28.15 26.41 24.87 22.79 21.41 18.86 17.43 14.91 11.64 10.17 6.70 5.56 0.00 6.99 7.78 10.14 12.98 14.47 13.10 11.39 10.13 9.21 8.12 9.10 11.18 13.73 16.79 20.52 23.44 26.23 27.73 32.80 32.76 36.05 36.11 39.37 40.17 41.21 39.13 37.34 37.87 36.78 33.78 34.01 32.95 34.32 34.75 33.80 33.23 33.80 31.16 30.24 28.58 27.16 24.41 22.94 20.09 18.29 16.24 15.40 13.66 13.67 14.58 15.40 16.46 16.51 18.33 18.28 15.86 15.48 15.24 14.62 15.50 17.36 19.31 18.74 20.41 21.44 24.45 25.25 
17.36 14.45 13.17 14.28 14.28 13.07 15.59 15.51 14.78 13.45 14.81 12.65 11.34 12.81 14.03 13.04 13.42 17.40 17.74 18.92 21.07 24.63 24.90 25.86 27.84 31.04 30.97 31.23 32.65 34.25 33.01 31.96 29.76 29.28 26.17 25.12 22.75 20.81 18.89 15.25 12.86 10.55 7.76 6.99 0.91 6.40 8.10 9.74 11.90 10.59 11.13 9.48 10.01 10.54 12.28 14.12 17.38 20.68 23.58 26.55 30.06 32.17 36.27 36.74 39.04 39.51 42.08 42.56 43.15 41.72 40.19 41.06 38.80 36.79 36.30 35.92 36.29 37.10 35.77 35.83 36.03 34.09 32.57 31.57 29.54 27.39 25.34 22.57 20.52 18.51 17.14 14.95 14.28 15.14 15.51 15.97 16.52 18.50 18.25 16.61 16.89 17.14 16.83 17.09 19.69 20.72 20.94 20.29 21.73 25.19 26.21 
16.67 14.72 14.55 15.67 15.77 14.84 17.00 17.05 16.68 15.47 16.31 14.08 12.08 13.84 14.64 14.11 13.99 18.32 19.44 19.99 21.95 25.66 26.23 27.37 28.86 32.40 32.79 33.01 34.06 35.81 34.98 34.00 31.98 31.08 28.77 27.76 25.19 24.03 21.12 17.72 15.45 12.75 9.73 7.78 6.40 0.00 6.11 6.92 8.48 9.00 9.20 9.37 9.81 12.20 13.74 16.56 18.96 22.93 25.98 28.62 32.02 33.61 38.22 37.82 40.36 41.10 42.96 43.98 44.59 43.10 41.30 41.67 40.50 37.90 37.62 37.11 38.03 38.19 37.38 37.12 37.19 35.17 34.03 32.80 30.94 28.52 26.84 23.44 21.34 18.97 17.51 14.25 12.98 14.21 14.24 14.47 14.43 16.51 16.87 15.29 15.85 16.06 15.77 16.73 19.26 21.63 21.15 21.91 22.78 25.54 26.61 
16.29 14.60 14.68 16.72 15.97 14.98 17.30 17.24 17.29 15.88 16.48 13.99 12.00 13.66 14.26 13.96 14.57 18.94 19.62 20.54 22.69 26.41 26.47 27.74 29.43 33.28 33.07 33.76 34.58 36.66 35.98 35.75 33.52 33.33 31.33 30.28 27.29 26.18 23.25 20.52 18.32 15.54 11.80 10.14 8.10 6.11 0.22 5.95 7.36 7.52 9.33 9.59 10.91 12.85 15.69 18.37 20.84 24.19 27.00 30.87 33.79 35.79 39.07 38.49 40.92 41.06 42.71 43.85 45.27 43.63 40.97 41.96 41.25 38.66 38.15 37.16 38.25 38.76 38.19 37.92 37.72 36.12 35.14 34.36 31.51 29.56 27.60 24.34 21.68 19.73 17.78 14.83 12.93 12.81 12.61 12.21 12.16 14.39 15.54 14.33 15.49 15.71 16.10 16.23 19.19 20.51 21.37 20.77 22.64 25.96 27.03 
17.61 15.66 16.62 17.80 17.59 16.48 19.48 19.05 19.28 17.56 18.92 15.95 13.99 15.88 15.94 15.41 15.83 19.99 21.17 21.64 24.00 27.81 27.89 29.16 30.96 35.01 34.88 35.87 36.37 38.33 37.24 36.74 35.04 34.63 32.78 31.78 29.33 28.01 25.37 22.41 20.39 17.58 14.86 12.98 9.74 6.92 5.95 0.00 5.33 6.61 8.16 8.59 11.66 14.49 16.51 20.18 22.98 26.10 29.71 32.34 35.14 36.67 40.16 39.83 41.59 42.50 43.97 45.39 46.11 44.55 42.20 42.63 41.42 38.81 38.41 37.57 38.40 38.88 38.56 37.94 38.01 35.78 35.64 34.26 32.42 29.99 28.39 24.93 22.55 20.32 17.96 14.88 12.10 12.15 11.63 11.17 11.14 13.54 15.06 13.83 15.08 16.06 16.35 17.09 20.09 23.08 22.74 22.70 24.50 26.56 28.62 
18.63 16.96 17.02 18.53 18.30 17.64 19.94 20.24 19.83 18.67 19.68 16.69 14.17 15.91 16.48 15.58 15.65 20.17 20.81 21.71 23.57 27.43 28.10 29.44 31.39 35.23 35.71 36.31 37.86 39.24 38.62 38.07 36.82 36.17 33.70 32.41 29.78 28.98 26.12 23.68 21.25 19.54 17.06 14.47 11.90 8.48 7.36 5.33 0.16 5.69 7.60 9.26 11.67 13.81 17.81 19.53 23.26 26.56 28.89 33.07 36.63 37.87 41.44 39.97 42.29 42.77 44.80 45.35 46.23 44.46 43.55 43.41 41.70 38.73 38.57 37.26 38.04 38.24 37.83 37.37 37.56 35.83 34.91 33.61 31.66 29.82 27.82 24.49 22.44 20.05 17.68 14.38 12.25 12.09 11.94 11.69 11.91 14.56 15.76 15.34 17.22 18.08 18.20 18.52 21.24 23.28 24.13 22.24 24.01 27.55 29.53 
17.58 16.44 16.44 17.92 18.24 16.54 19.33 19.18 19.52 18.24 19.24 16.57 13.94 15.07 15.25 14.79 14.81 18.46 19.20 20.22 22.25 26.02 26.56 28.16 30.12 34.05 34.61 35.31 36.77 38.17 37.71 37.10 35.61 34.85 32.69 31.69 28.72 27.82 25.38 22.60 20.10 18.53 15.56 13.10 10.59 9.00 7.52 6.61 5.69 0.00 5.96 7.71 10.02 12.95 15.47 18.72 21.43 24.87 28.30 31.20 34.80 36.39 39.16 38.64 40.97 41.31 43.01 43.78 44.77 42.89 41.16 41.41 40.16 37.15 36.70 35.91 36.84 37.04 36.42 36.17 36.50 34.53 33.69 32.39 30.30 28.29 26.23 22.67 20.60 17.38 15.64 12.81 10.62 11.05 11.01 10.92 10.96 13.75 14.91 14.19 15.17 16.16 16.30 17.26 19.57 22.54 22.24 22.54 24.16 26.71 28.53 
17.21 14.59 14.32 16.11 16.07 14.47 17.00 17.28 17.78 16.58 17.50 14.50 12.56 13.08 12.65 12.24 12.94 16.52 16.41 17.73 20.14 23.84 23.66 25.00 27.49 31.57 31.79 32.66 34.00 36.06 35.29 34.87 33.11 32.92 30.99 29.80 26.32 25.54 23.45 21.00 17.91 16.14 13.69 11.39 11.13 9.20 9.33 8.16 7.60 5.96 0.00 5.77 8.11 10.15 12.28 15.86 19.01 22.03 25.19 27.90 32.13 34.05 36.97 35.65 38.57 38.77 40.23 40.96 42.97 40.43 38.59 38.77 38.05 34.93 34.62 33.36 34.34 34.78 34.33 33.83 33.71 32.06 31.27 29.96 27.35 25.58 23.57 20.20 17.72 15.22 13.11 11.64 10.29 10.90 11.01 11.06 11.58 13.87 14.46 13.69 14.57 15.35 15.61 16.20 18.75 20.28 21.86 21.19 23.09 26.19 27.88 
17.23 15.39 14.79 16.13 16.01 15.10 17.51 17.37 18.53 17.49 18.54 15.06 13.14 13.91 13.20 10.99 11.96 15.35 15.41 15.81 18.13 21.77 22.30 23.76 26.04 29.91 30.45 31.43 32.75 34.47 33.59 33.30 30.93 31.12 28.79 27.76 24.36 24.52 22.10 19.63 16.28 13.77 11.80 10.13 9.48 9.37 9.59 8.59 9.26 7.71 5.77 0.00 6.29 7.96 10.68 14.23 16.99 20.58 23.64 26.62 29.91 31.87 35.15 33.95 37.08 37.31 38.99 39.57 41.12 38.73 36.90 36.95 35.77 32.51 32.48 31.54 32.20 32.87 32.48 31.93 32.25 30.22 29.30 27.74 25.71 23.67 21.31 18.02 15.62 12.95 11.50 10.71 10.66 11.37 12.29 13.11 13.52 15.45 15.61 13.78 14.02 14.99 14.67 15.50 17.88 20.68 20.38 21.16 23.16 25.62 27.86 
16.77 14.40 13.51 14.97 14.84 13.84 16.61 16.54 17.94 16.70 17.79 14.16 12.57 12.96 12.86 10.28 10.25 12.60 12.61 13.41 15.09 17.94 18.72 20.21 22.07 25.56 26.55 28.02 29.25 30.65 29.76 29.49 27.33 27.16 24.85 23.49 21.02 21.40 19.07 15.97 12.79 11.97 10.44 9.21 10.01 9.81 10.91 11.66 11.67 10.02 8.11 6.29 0.00 6.22 7.59 11.37 13.37 16.91 20.93 23.65 26.18 28.18 31.72 30.56 33.12 34.30 36.50 36.56 37.85 35.55 34.47 34.55 32.64 29.35 29.13 28.34 28.96 29.10 28.57 28.78 29.48 27.00 25.62 24.26 22.89 20.43 18.09 15.10 13.13 11.33 10.63 11.02 12.09 13.73 15.19 15.97 16.02 17.86 17.88 15.84 14.94 15.35 14.85 15.14 17.47 19.19 19.32 19.22 21.24 24.75 26.75 
17.38 15.23 13.66 15.30 15.61 14.66 17.07 17.14 18.52 17.78 19.14 15.89 13.45 14.17 13.30 11.32 10.94 12.51 12.28 13.38 14.55 17.52 17.91 19.28 21.61 25.23 25.90 27.37 28.65 30.31 29.48 28.74 26.49 26.08 23.59 23.35 20.44 19.46 16.47 13.44 11.19 10.93 8.98 8.12 10.54 12.20 12.85 14.49 13.81 12.95 10.15 7.96 6.22 0.57 6.15 8.10 11.05 14.93 17.45 21.14 24.34 26.46 28.96 28.43 31.58 31.66 33.68 34.44 35.88 33.30 31.80 32.11 30.67 27.41 27.15 26.62 27.62 28.04 27.39 27.98 28.63 26.46 24.56 23.72 22.23 19.68 16.79 13.41 12.84 11.02 11.87 11.69 13.71 16.47 18.10 18.86 17.75 20.04 19.86 17.13 15.14 15.61 15.21 15.56 16.99 19.25 19.08 20.16 21.74 24.38 26.56 
17.71 14.91 13.21 14.19 14.61 13.57 16.06 15.99 17.40 17.21 18.84 14.84 12.83 13.34 13.00 9.81 9.41 11.71 10.88 10.76 12.02 15.41 15.38 15.85 18.52 22.79 22.89 24.45 26.14 27.81 26.15 25.70 23.26 22.78 20.82 20.14 18.08 15.62 13.21 11.17 9.51 8.77 8.44 9.10 12.28 13.74 15.69 16.51 17.81 15.47 12.28 10.68 7.59 6.15 0.33 6.36 7.01 11.61 13.38 16.99 21.14 22.87 25.01 25.02 27.26 27.43 29.37 30.23 31.99 29.50 27.91 28.23 26.65 23.98 23.83 22.75 23.59 24.58 23.88 24.26 24.76 22.61 21.59 20.05 18.22 15.38 13.49 11.06 10.72 10.57 11.28 12.50 14.71 17.53 19.32 19.78 18.83 21.12 20.55 17.82 15.66 16.15 15.75 15.72 17.33 18.12 18.61 19.17 20.93 24.17 25.57 
18.71 16.89 14.91 14.97 15.45 15.43 17.54 17.23 19.28 19.13 20.59 16.51 14.97 15.05 14.36 11.74 11.08 12.04 11.44 10.95 12.09 14.97 15.05 15.61 17.79 21.88 21.79 22.87 24.32 25.94 24.53 23.46 21.47 21.52 19.48 17.61 14.60 12.74 11.07 8.92 8.07 7.19 9.64 11.18 14.12 16.56 18.37 20.18 19.53 18.72 15.86 14.23 11.37 8.10 6.36 0.00 6.24 8.29 10.91 14.47 17.55 20.40 23.19 22.61 25.44 26.04 27.73 28.51 30.36 28.34 26.77 26.87 24.96 21.89 22.45 21.22 21.86 23.48 23.08 22.66 23.84 21.92 20.84 19.11 16.96 14.11 13.53 10.79 11.34 11.60 14.03 15.08 17.82 20.32 22.74 22.68 21.90 23.98 23.75 19.99 16.75 17.53 16.49 16.28 17.79 18.82 18.41 19.64 22.19 24.08 26.17 
19.56 16.97 15.06 15.80 16.24 15.19 17.15 17.05 19.35 19.54 20.31 16.52 15.10 16.02 15.08 11.87 11.66 12.87 10.76 9.65 10.74 13.16 12.69 12.98 14.83 18.69 18.66 19.69 21.53 22.66 20.53 20.70 18.57 18.34 15.22 12.92 10.55 9.97 7.51 7.39 8.07 9.43 10.65 13.73 17.38 18.96 20.84 22.98 23.26 21.43 19.01 16.99 13.37 11.05 7.01 6.24 0.00 5.80 7.27 11.20 12.94 15.96 19.30 19.41 22.46 22.80 24.26 25.78 27.58 25.61 24.05 24.48 22.53 19.76 19.75 18.51 19.14 20.20 19.84 19.98 21.78 19.18 17.92 16.28 15.01 12.38 12.03 10.88 12.53 12.69 15.23 17.40 20.21 22.87 25.09 24.23 23.74 25.92 25.41 21.66 18.08 18.37 17.57 16.91 17.87 18.92 17.44 18.55 20.82 24.20 25.08 
21.26 19.07 17.10 17.67 18.52 17.66 19.43 19.51 21.16 21.22 23.12 19.33 17.18 17.21 17.54 14.04 13.06 13.71 12.44 10.87 11.26 13.14 13.45 12.71 14.76 18.16 18.62 18.59 20.01 21.18 20.17 19.38 17.58 15.81 13.15 11.64 9.42 7.53 6.77 6.39 9.08 10.79 12.44 16.79 20.68 22.93 24.19 26.10 26.56 24.87 22.03 20.58 16.91 14.93 11.61 8.29 5.80 0.00 6.32 8.12 11.91 13.52 16.87 17.54 20.77 21.21 22.90 24.59 26.59 24.79 22.80 23.64 21.60 18.24 18.59 17.21 18.09 18.03 18.24 19.07 21.50 18.72 17.25 15.85 15.28 12.38 12.02 11.29 14.30 15.33 18.42 20.26 23.22 25.51 27.83 27.46 26.72 28.61 28.21 23.81 20.22 20.73 19.17 18.14 19.29 20.30 18.53 19.73 22.36 24.16 25.61 
21.37 19.17 17.97 18.67 18.65 17.95 20.17 20.61 21.88 22.16 24.50 20.10 17.89 18.17 18.31 14.11 12.96 14.26 12.91 10.82 9.86 12.26 11.97 10.93 12.44 15.76 16.43 16.79 17.39 18.65 17.45 17.28 14.44 13.17 11.03 9.41 8.32 7.84 8.46 9.39 11.33 13.57 16.33 20.52 23.58 25.98 27.00 29.71 28.89 28.30 25.19 23.64 20.93 17.45 13.38 10.91 7.27 6.32 0.00 6.15 8.17 10.18 12.37 13.67 16.89 17.71 19.92 21.24 22.86 21.83 19.94 20.49 17.86 14.76 15.21 13.22 14.66 15.13 15.84 16.30 18.82 16.23 15.91 14.03 13.32 11.58 12.02 11.24 14.65 16.57 19.56 21.51 24.69 27.04 29.49 29.08 28.40 29.86 29.51 25.10 21.29 21.87 21.18 19.95 19.95 21.33 19.70 20.21 22.28 25.10 24.86 
22.66 20.60 19.71 20.15 20.49 19.99 22.24 22.85 23.89 24.13 25.85 21.69 19.61 19.59 19.79 15.90 14.21 15.51 14.14 12.02 11.35 12.60 12.51 10.83 11.91 14.81 15.75 15.20 15.95 17.34 16.01 15.47 11.32 10.96 9.17 8.00 6.67 6.51 9.67 11.23 13.60 16.34 19.44 23.44 26.55 28.62 30.87 32.34 33.07 31.20 27.90 26.62 23.65 21.14 16.99 14.47 11.20 8.12 6.15 0.00 6.32 6.81 11.12 11.05 15.12 15.96 18.88 20.02 21.91 20.28 18.77 19.53 16.82 13.25 13.33 11.81 13.16 14.95 15.82 16.07 19.16 17.10 16.69 15.23 14.75 12.67 13.70 13.61 16.84 18.96 21.95 23.20 26.29 28.52 30.70 30.68 30.03 31.92 31.36 26.93 23.04 23.68 22.11 21.04 20.92 21.93 20.63 20.76 23.40 24.62 25.97 
