1.43 5.74 8.23 11.40 12.51 15.73 19.01 21.87 21.45 20.77 22.31 20.91 17.90 19.12 18.33 16.34 15.80 17.06 16.10 16.64 19.56 18.61 17.05 17.40 14.50 14.03 13.68 14.87 14.95 16.36 17.79 20.07 21.80 23.80 24.54 23.47 20.88 21.87 22.58 20.78 17.81 16.90 18.52 17.41 14.71 15.73 18.28 18.72 18.56 20.33 21.21 21.22 20.81 21.17 22.59 22.68 23.95 24.51 25.22 25.10 25.32 26.15 28.05 28.80 27.72 29.42 30.60 30.00 28.86 29.58 30.59 29.49 28.05 28.17 28.89 27.89 26.09 24.61 25.56 25.98 24.50 23.69 25.24 25.63 25.32 25.09 24.28 22.74 21.39 20.85 18.82 16.57 15.68 14.19 14.46 14.67 17.00 18.38 18.45 18.13 18.73 19.40 20.90 21.75 23.48 23.87 25.00 24.15 22.09 22.86 24.19 24.35 23.72 24.82 
5.74 0.13 4.34 6.87 10.09 11.64 15.12 18.07 17.17 17.59 18.96 17.89 14.49 16.23 15.21 12.98 12.26 13.88 13.55 13.33 16.62 16.87 15.26 15.16 11.84 11.32 10.10 10.09 10.32 12.36 13.96 15.84 17.78 20.12 21.18 19.78 16.76 18.16 19.20 17.49 14.10 12.99 14.82 13.89 10.57 12.61 15.31 15.66 15.37 17.40 18.17 17.80 17.59 17.32 18.94 18.85 20.52 20.54 21.49 21.43 22.00 22.56 24.69 25.74 24.34 26.41 27.73 27.39 25.58 26.33 27.43 27.04 24.96 25.42 25.52 25.11 22.84 21.19 21.84 22.63 20.59 20.25 21.59 21.74 21.56 21.12 20.63 19.09 17.43 17.22 15.26 12.15 9.94 9.87 9.46 10.41 13.47 15.38 15.22 13.97 14.94 15.88 17.72 17.92 20.00 20.65 22.87 20.22 18.39 20.28 22.93 22.13 20.62 23.68 
8.23 4.34 1.19 5.41 7.29 10.15 11.90 14.45 14.54 15.18 16.34 15.55 11.96 15.13 14.30 11.89 10.51 14.36 13.72 13.34 15.89 17.99 17.34 16.22 12.26 11.94 9.78 9.01 8.22 10.31 11.57 12.98 14.37 16.70 18.44 17.05 13.46 15.27 16.68 15.26 12.53 10.98 13.13 11.91 10.70 11.53 14.56 14.92 15.13 16.59 16.94 16.78 16.37 15.48 16.99 17.00 18.77 18.69 19.29 19.58 20.03 20.48 22.31 23.73 22.37 24.65 25.95 25.76 23.98 24.65 26.05 25.62 24.08 24.10 24.00 23.29 21.10 19.47 19.80 20.03 17.75 17.34 18.76 18.65 17.63 17.42 17.68 16.30 15.30 14.28 12.52 10.02 9.39 7.49 9.25 9.99 13.79 14.75 14.33 12.30 13.75 14.07 16.15 16.13 19.22 19.37 20.62 19.70 18.69 19.18 21.76 21.04 20.59 23.88 
11.40 6.87 5.41 1.06 5.11 6.65 8.69 10.90 11.30 11.85 13.32 11.74 8.80 11.99 12.84 8.35 8.58 12.95 13.95 12.93 15.63 17.97 18.01 17.75 14.18 14.10 12.55 9.90 8.64 9.15 10.71 11.60 13.22 15.60 16.81 15.51 13.06 14.85 16.57 16.04 12.88 11.90 13.80 13.06 10.04 11.75 14.54 14.65 14.92 16.45 16.39 16.23 15.88 15.03 16.33 16.45 18.01 18.15 18.69 18.71 18.90 19.70 21.44 23.10 21.66 24.18 25.37 25.58 23.75 25.06 25.85 26.16 23.91 24.50 24.20 24.04 21.24 19.37 19.43 20.26 17.25 16.57 17.98 18.35 16.82 16.85 16.78 16.01 13.83 13.38 11.65 10.18 8.70 7.08 9.60 11.94 15.23 15.72 15.35 13.79 14.82 14.35 15.47 15.96 18.78 18.98 20.96 17.70 16.90 18.51 22.81 20.41 20.50 24.10 
12.51 10.09 7.29 5.11 0.00 6.66 7.29 11.96 11.94 12.82 13.84 12.75 8.91 12.17 11.66 11.10 11.60 15.71 13.54 14.29 17.15 18.47 17.18 19.17 14.94 14.51 11.94 11.99 6.67 8.02 8.34 11.37 12.69 15.40 15.63 14.63 12.24 14.21 15.57 13.90 10.90 10.45 14.28 12.48 8.63 10.87 14.69 14.30 13.51 15.21 15.80 15.17 14.68 13.92 15.11 14.63 16.34 16.80 17.31 17.02 17.23 18.51 20.77 22.47 20.86 23.47 25.10 25.11 23.19 24.43 26.07 25.49 23.45 23.94 24.94 24.53 21.92 19.64 20.20 21.04 18.17 17.10 18.09 18.36 17.37 17.16 16.35 14.34 13.36 12.95 10.81 9.02 9.44 9.06 10.48 12.17 17.47 17.53 15.39 13.02 13.65 13.47 14.10 14.28 17.20 17.71 20.07 18.44 16.90 21.33 23.12 19.91 18.75 23.67 
15.73 11.64 10.15 6.65 6.66 1.67 6.79 9.15 9.71 10.24 11.49 9.35 6.38 10.59 10.78 9.38 10.58 14.38 14.31 14.56 18.15 20.14 19.10 20.28 16.03 16.27 13.51 10.83 6.11 7.03 8.56 8.76 10.03 14.74 15.46 14.61 12.06 14.63 15.62 15.68 12.39 11.60 14.41 13.86 10.23 12.55 15.93 16.30 14.95 17.03 16.32 15.63 14.96 13.67 14.41 13.34 15.39 16.30 15.78 15.53 16.60 17.50 19.91 21.72 20.11 22.67 25.01 25.19 23.38 24.25 26.01 26.02 23.65 23.95 24.66 24.59 21.77 19.42 19.72 20.59 17.15 16.22 17.02 17.57 16.43 15.92 15.08 14.22 12.52 12.03 9.97 8.94 9.25 9.74 12.34 14.92 19.07 19.50 16.98 13.80 13.70 12.99 13.65 13.56 16.23 17.36 19.31 17.71 16.71 20.03 21.83 19.87 18.61 23.51 
19.01 15.12 11.90 8.69 7.29 6.79 3.44 6.77 6.56 7.55 10.10 8.73 6.32 11.40 11.27 10.39 10.87 15.89 15.53 16.40 19.42 23.05 22.23 23.56 18.96 19.62 16.41 14.13 9.69 10.43 9.10 9.18 9.43 13.51 14.81 14.01 11.48 14.26 15.71 15.89 13.39 11.84 15.46 15.15 12.23 13.55 17.39 17.57 16.59 18.11 17.55 16.51 15.85 14.40 14.49 13.00 15.00 15.06 14.85 15.07 16.37 16.98 19.29 21.50 20.27 23.07 25.09 25.86 24.22 25.36 26.92 26.98 24.70 25.13 25.62 25.19 22.43 20.13 20.33 20.91 17.09 15.31 16.31 16.83 15.24 13.45 13.38 13.23 11.86 10.36 8.99 10.14 10.77 11.25 15.36 17.06 20.72 20.90 18.51 15.52 15.01 13.90 14.39 13.25 16.25 16.58 19.06 18.10 17.41 20.79 21.16 18.84 19.08 24.17 
21.87 18.07 14.45 10.90 11.96 9.15 6.77 3.17 6.00 7.05 9.31 10.05 9.42 12.12 12.55 11.93 13.51 17.52 18.05 18.08 21.68 24.88 24.25 25.78 21.97 22.61 19.62 18.04 14.18 12.84 11.76 11.18 11.46 14.16 16.11 16.25 14.40 16.48 18.72 19.80 16.48 15.50 18.49 18.27 14.66 17.26 20.32 20.44 19.02 20.65 20.25 19.44 18.66 16.85 17.05 15.71 17.11 17.41 17.09 17.17 18.29 19.03 21.23 23.88 22.57 25.63 27.09 27.82 26.42 27.60 28.87 28.93 26.66 27.22 27.41 27.16 24.24 21.94 21.99 22.49 19.07 17.87 18.54 18.97 17.11 16.22 15.74 14.69 13.53 12.56 12.14 12.42 14.00 15.06 19.00 20.98 23.95 24.36 22.31 18.69 18.07 16.10 16.02 15.65 18.15 19.15 21.03 19.51 18.14 20.95 21.91 19.94 20.68 24.98 
21.45 17.17 14.54 11.30 11.94 9.71 6.56 6.00 1.73 4.56 6.69 7.25 7.92 10.59 10.80 10.89 11.91 15.60 15.21 15.57 19.53 22.52 22.15 24.01 20.74 20.70 17.80 17.26 13.26 13.25 11.65 10.56 9.96 12.65 14.29 15.25 14.11 17.04 18.02 19.27 16.51 15.46 18.81 18.66 15.43 17.37 20.75 20.90 19.88 21.05 20.50 19.88 18.83 16.78 16.60 15.16 16.81 16.96 16.22 16.33 17.29 18.07 20.75 23.17 21.98 24.93 26.40 26.88 25.76 26.41 27.53 27.38 25.34 26.20 26.38 26.09 23.59 21.11 20.98 21.37 18.49 17.40 17.77 17.55 16.15 15.10 14.26 12.67 12.65 13.37 11.49 12.64 15.04 16.42 20.41 21.59 24.92 24.94 22.95 19.34 18.55 16.25 15.40 14.25 16.65 17.38 19.84 17.71 16.87 19.38 21.08 19.45 21.33 25.06 
20.77 17.59 15.18 11.85 12.82 10.24 7.55 7.05 4.56 1.24 5.50 6.43 6.29 8.22 9.11 9.32 11.16 13.21 14.23 14.55 19.12 21.16 21.54 23.27 20.45 20.22 17.43 16.98 12.61 13.32 12.14 10.49 10.00 13.00 14.13 15.10 14.26 16.88 18.22 19.17 16.41 14.89 18.58 18.92 15.39 17.53 20.67 20.73 19.98 20.86 20.05 18.94 18.29 16.32 15.67 13.61 15.41 14.99 15.08 15.61 16.48 17.31 20.31 22.75 21.13 24.08 25.74 26.25 24.81 25.60 27.00 26.95 24.89 25.36 25.93 25.30 22.51 19.94 20.22 20.74 17.11 16.19 16.97 17.03 14.71 13.15 11.30 10.80 11.10 10.90 8.82 10.77 13.91 15.62 18.79 20.84 24.83 24.53 22.48 18.49 17.54 15.06 14.68 13.08 15.51 14.80 18.33 15.92 15.63 17.88 20.36 18.60 20.82 23.60 
22.31 18.96 16.34 13.32 13.84 11.49 10.10 9.31 6.69 5.50 3.46 6.33 7.82 7.32 8.52 9.84 11.77 12.60 13.99 15.75 19.15 21.37 22.10 24.85 21.95 21.78 19.29 18.68 14.63 14.60 12.75 12.22 12.11 14.21 16.07 16.94 16.09 18.91 19.57 20.58 18.01 16.99 20.44 20.43 17.50 18.98 22.43 22.29 21.19 22.29 21.62 20.42 19.00 17.13 17.19 15.24 15.50 14.77 15.82 17.29 17.70 18.45 21.83 24.39 22.31 25.56 27.24 27.92 25.98 27.04 28.59 28.40 26.03 26.95 27.51 26.97 24.07 21.80 22.19 22.57 18.95 17.58 18.58 18.37 15.83 13.79 13.35 12.99 13.02 12.54 12.32 13.90 15.76 16.92 21.13 22.88 26.38 25.95 24.07 20.16 18.54 16.15 16.25 14.94 16.47 15.76 18.51 17.20 16.30 18.65 20.26 19.31 20.88 24.20 
20.91 17.89 15.55 11.74 12.75 9.35 8.73 10.05 7.25 6.43 6.33 1.06 5.91 7.28 6.22 7.15 9.32 11.03 11.62 12.98 16.73 19.15 19.48 21.78 19.41 20.06 17.78 17.26 12.80 13.12 11.83 10.35 10.80 13.88 15.99 16.96 15.04 17.78 19.05 19.57 16.61 16.58 19.99 19.72 16.19 18.17 21.58 21.11 19.39 21.04 20.55 19.75 18.32 16.35 15.81 14.61 15.51 14.06 14.85 16.20 16.67 17.48 20.44 23.19 21.52 24.84 26.24 26.75 25.22 26.63 27.99 27.96 25.61 26.27 26.87 26.45 23.66 21.49 21.62 22.28 18.67 17.47 18.30 18.02 15.38 13.92 13.12 11.71 11.45 11.59 11.62 13.40 14.28 15.42 19.70 21.29 24.74 24.55 22.55 18.66 16.65 15.17 14.66 13.42 14.62 14.50 17.09 15.17 13.72 17.47 19.74 18.37 19.91 23.62 
17.90 14.49 11.96 8.80 8.91 6.38 6.32 9.42 7.92 6.29 7.82 5.91 0.02 5.93 7.38 6.16 6.64 9.65 10.80 11.01 13.29 16.22 16.86 19.87 17.37 18.38 14.68 14.01 9.90 11.42 9.84 7.90 9.29 13.57 14.94 14.40 13.42 17.14 18.17 18.33 15.72 16.03 20.08 19.23 15.99 17.91 21.37 21.11 19.35 21.11 20.25 19.90 18.76 16.88 16.09 15.21 16.82 16.17 15.65 16.31 17.01 17.74 20.41 23.07 21.73 25.07 25.88 26.73 25.17 26.83 27.77 28.01 26.03 26.63 26.82 26.75 23.98 21.83 21.85 22.21 18.82 17.62 18.13 17.59 15.46 14.73 12.98 10.73 11.44 12.15 11.05 11.87 13.89 15.08 18.56 20.03 23.84 23.27 21.52 17.34 15.96 14.41 14.52 12.77 14.41 14.52 17.06 14.43 13.12 16.82 18.78 17.51 18.06 22.47 
19.12 16.23 15.13 11.99 12.17 10.59 11.40 12.12 10.59 8.22 7.32 7.28 5.93 0.30 5.73 7.23 6.85 7.41 9.24 11.25 13.03 15.16 16.34 18.81 16.84 17.46 15.02 14.81 11.26 12.09 11.75 11.07 12.06 15.86 17.77 17.45 16.61 19.75 20.47 20.44 18.22 18.43 21.52 21.35 18.79 20.03 22.89 22.97 21.75 22.81 21.86 21.48 20.80 18.87 18.52 17.36 18.44 17.82 17.87 18.68 18.96 19.74 22.29 24.61 23.38 26.58 27.47 28.00 27.08 28.36 29.33 29.43 27.60 28.28 28.31 27.86 25.46 23.49 23.54 23.59 20.17 19.73 20.41 19.89 17.80 17.48 15.83 14.28 13.78 15.13 13.43 13.72 15.13 17.16 20.23 21.44 24.61 24.35 22.54 18.62 16.64 14.87 15.05 14.16 15.33 14.09 16.97 15.77 15.04 16.68 19.27 17.66 18.43 21.99 
18.33 15.21 14.30 12.84 11.66 10.78 11.27 12.55 10.80 9.11 8.52 6.22 7.38 5.73 0.08 5.67 7.62 6.12 7.02 9.59 12.76 13.55 13.97 17.67 15.22 16.10 13.59 14.57 11.88 11.75 11.49 12.91 13.98 17.20 19.21 19.41 17.69 21.03 21.25 21.81 19.39 19.24 22.38 22.19 19.52 20.38 23.13 23.59 21.99 22.58 22.00 22.30 20.82 18.94 19.18 18.62 18.16 17.23 18.02 19.15 18.97 20.00 22.70 25.23 23.03 26.62 27.71 28.71 27.19 29.04 29.77 29.80 27.55 28.43 28.73 28.35 25.74 23.84 24.41 24.54 21.17 19.99 20.96 20.67 18.45 17.47 16.91 15.27 14.89 15.31 14.53 14.63 15.55 16.62 20.53 21.22 24.07 23.82 21.99 17.95 16.22 14.37 13.70 12.17 14.16 12.98 15.75 14.50 13.26 14.95 16.59 16.67 17.15 20.50 
16.34 12.98 11.89 8.35 11.10 9.38 10.39 11.93 10.89 9.32 9.84 7.15 6.16 7.23 5.67 0.00 5.59 6.92 5.76 6.43 9.59 11.45 11.21 14.57 12.65 14.01 10.48 12.88 8.76 10.63 10.40 11.20 12.81 16.62 18.15 18.46 16.67 19.51 20.75 20.73 18.30 17.97 21.27 21.12 18.15 19.27 22.29 22.13 20.09 20.99 20.63 20.97 19.66 17.49 17.64 17.23 17.44 16.76 16.91 17.85 18.27 18.65 21.14 23.25 21.08 24.70 25.93 26.72 25.23 26.98 28.17 28.37 25.86 26.53 27.03 26.97 24.13 22.06 22.82 23.42 19.79 18.25 19.52 19.24 17.11 16.14 15.18 13.47 13.22 13.57 12.10 12.41 13.26 13.98 17.50 18.59 21.21 20.91 19.00 15.02 13.32 12.18 11.18 9.26 11.82 11.94 14.31 12.40 11.28 14.13 17.34 15.23 16.19 20.05 
15.80 12.26 10.51 8.58 11.60 10.58 10.87 13.51 11.91 11.16 11.77 9.32 6.64 6.85 7.62 5.59 0.83 5.78 7.21 6.20 7.57 10.57 11.57 13.80 11.03 12.51 9.45 10.46 8.03 10.86 12.21 11.74 13.88 18.07 19.78 19.71 18.68 21.51 22.59 22.73 20.15 20.14 23.29 22.77 20.02 21.07 24.04 23.82 22.06 23.15 22.53 22.82 22.06 20.79 20.41 19.96 20.60 20.10 20.41 20.89 21.59 21.33 23.22 24.98 23.14 26.10 27.04 27.96 26.53 28.29 29.18 29.61 27.37 28.12 27.99 28.23 25.48 23.66 24.05 24.53 21.59 20.47 21.19 21.19 19.43 18.82 18.11 16.04 16.21 16.55 15.02 14.67 15.83 16.01 18.53 19.28 22.35 21.76 20.21 15.94 14.75 13.50 13.64 12.30 14.46 14.32 16.63 14.09 12.86 15.50 17.61 16.61 17.03 21.46 
17.06 13.88 14.36 12.95 15.71 14.38 15.89 17.52 15.60 13.21 12.60 11.03 9.65 7.41 6.12 6.92 5.78 0.97 5.54 6.97 6.32 7.41 9.75 12.93 10.55 12.57 10.46 12.70 10.26 12.99 14.89 16.38 17.91 20.81 21.65 21.98 20.82 23.55 24.32 23.87 21.69 21.57 24.19 23.70 21.58 22.55 25.27 25.17 23.90 24.76 24.25 24.31 24.00 22.63 22.36 21.86 22.42 21.99 22.18 22.63 23.16 23.45 25.57 27.09 25.42 28.42 29.50 29.95 28.72 30.36 31.58 31.71 29.59 30.22 29.95 29.38 27.33 25.59 25.54 25.61 23.03 22.16 22.98 22.27 20.75 20.51 20.12 18.37 18.09 18.41 17.31 16.72 17.17 17.79 19.51 19.85 23.08 22.66 20.47 16.63 15.79 14.14 14.36 13.36 15.72 14.81 16.98 16.21 15.31 16.55 19.67 18.37 18.88 21.86 
16.10 13.55 13.72 13.95 13.54 14.31 15.53 18.05 15.21 14.23 13.99 11.62 10.80 9.24 7.02 5.76 7.21 5.54 1.64 5.08 7.32 6.37 6.62 10.26 8.13 9.22 7.61 9.76 9.12 11.38 13.72 16.28 17.63 20.12 21.48 21.67 20.36 22.85 23.81 23.47 20.67 20.33 23.36 22.78 19.78 20.76 23.99 24.17 22.42 23.24 22.86 23.78 22.95 21.87 21.72 21.61 21.71 21.34 21.45 22.29 22.14 22.88 24.92 26.74 24.39 27.65 28.81 29.80 28.00 30.02 30.92 30.87 28.47 29.41 29.10 29.10 26.48 24.63 24.81 25.29 22.26 21.57 22.20 22.03 20.19 19.77 19.33 17.93 17.41 17.30 15.90 15.48 16.07 15.97 18.07 18.44 21.39 20.59 18.02 13.89 13.42 12.29 11.34 10.13 12.73 12.17 14.90 13.41 11.85 13.42 16.70 16.74 16.29 19.88 
16.64 13.33 13.34 12.93 14.29 14.56 16.40 18.08 15.57 14.55 15.75 12.98 11.01 11.25 9.59 6.43 6.20 6.97 5.08 0.59 5.73 7.36 6.07 8.86 7.23 8.54 6.43 10.23 9.09 12.34 14.44 17.10 18.36 20.82 21.85 22.10 20.03 22.62 23.77 23.50 20.53 19.99 23.11 22.69 19.59 20.22 23.85 23.90 22.24 23.02 23.35 23.61 22.73 21.55 21.42 21.30 21.93 22.05 21.88 21.90 22.34 22.88 24.57 26.67 24.68 27.64 28.88 29.55 28.03 29.68 30.64 30.80 28.49 28.98 29.04 29.17 26.78 24.42 24.78 25.48 22.48 21.08 22.09 21.71 20.33 19.34 18.64 17.05 16.91 16.84 14.95 14.50 15.24 15.28 17.06 18.19 21.37 20.73 17.94 14.26 13.71 12.46 11.84 11.12 14.60 14.44 16.59 15.05 14.18 16.07 19.04 17.21 18.02 21.20 
19.56 16.62 15.89 15.63 17.15 18.15 19.42 21.68 19.53 19.12 19.15 16.73 13.29 13.03 12.76 9.59 7.57 6.32 7.32 5.73 3.02 6.71 7.29 8.30 7.51 8.34 6.42 10.48 10.68 13.52 16.96 20.02 21.98 24.15 25.04 25.11 23.71 25.53 26.30 26.28 23.51 23.25 25.60 24.86 22.04 22.91 25.85 25.71 24.53 25.67 25.74 26.04 25.22 24.23 24.18 24.01 25.24 25.41 25.07 25.15 25.43 26.17 27.56 29.16 27.88 30.26 31.21 31.95 30.59 32.00 32.82 32.95 31.10 31.69 31.20 31.77 29.32 27.21 27.19 27.59 24.77 23.72 24.09 24.57 23.31 22.73 22.07 20.92 20.65 20.28 18.60 17.90 18.52 18.44 20.21 20.64 23.71 23.12 20.37 17.50 16.67 15.84 15.36 15.18 18.37 17.64 19.48 17.29 16.01 17.98 19.84 18.39 18.77 22.29 
18.61 16.87 17.99 17.97 18.47 20.14 23.05 24.88 22.52 21.16 21.37 19.15 16.22 15.16 13.55 11.45 10.57 7.41 6.37 7.36 6.71 1.38 6.63 8.42 7.58 10.29 10.00 12.71 13.07 17.17 19.75 22.34 24.00 25.18 26.00 26.21 24.57 26.55 26.96 26.42 24.14 23.83 26.58 25.23 22.92 24.00 27.14 26.75 25.89 27.23 27.26 27.39 26.95 25.82 25.67 25.55 26.28 26.61 26.40 26.31 26.43 27.31 29.32 31.20 28.75 32.09 33.04 33.35 32.08 33.56 34.33 34.68 32.74 33.45 32.83 32.63 30.79 28.84 28.38 28.69 26.08 25.13 25.67 25.42 24.57 24.06 23.60 22.40 21.89 22.07 20.81 19.82 19.90 19.87 21.43 21.67 24.80 24.01 21.97 18.52 17.93 16.75 17.04 16.70 19.36 18.36 20.54 19.20 18.16 19.75 22.07 20.09 20.59 23.05 
17.05 15.26 17.34 18.01 17.18 19.10 22.23 24.25 22.15 21.54 22.10 19.48 16.86 16.34 13.97 11.21 11.57 9.75 6.62 6.07 7.29 6.63 1.35 5.82 6.55 8.04 8.71 11.21 12.54 16.00 19.13 21.28 23.03 25.31 25.47 25.47 23.99 25.63 25.96 25.42 22.54 22.35 25.60 24.36 21.27 22.63 26.21 25.90 24.61 25.77 25.99 26.43 25.93 24.91 24.98 24.71 25.27 25.60 25.93 25.89 25.75 26.69 28.82 30.41 28.40 31.00 32.39 33.03 31.73 32.97 33.64 33.77 32.09 32.50 31.72 32.32 30.35 27.92 27.58 28.37 25.94 24.60 25.04 25.46 24.16 23.65 23.09 21.79 21.23 21.40 20.09 19.32 19.12 19.14 20.63 21.11 23.54 22.89 20.64 17.79 16.78 16.16 16.15 15.63 17.79 17.43 19.79 17.97 16.32 17.10 21.21 19.59 19.41 22.12 
17.40 15.16 16.22 17.75 19.17 20.28 23.56 25.78 24.01 23.27 24.85 21.78 19.87 18.81 17.67 14.57 13.80 12.93 10.26 8.86 8.30 8.42 5.82 0.28 6.08 8.13 8.10 11.70 13.95 17.14 19.79 22.35 24.11 26.53 26.97 26.88 24.32 26.20 27.45 26.35 22.85 22.01 25.60 24.38 21.51 22.57 25.98 26.18 25.40 26.69 26.69 27.30 26.80 25.96 25.67 25.40 26.13 27.37 26.94 27.15 27.32 28.20 29.46 31.94 29.41 32.89 33.60 34.12 32.41 33.84 34.19 34.75 32.78 33.16 32.64 33.05 31.33 28.56 28.19 29.32 26.99 25.70 26.09 26.22 25.58 24.97 23.92 23.10 22.59 22.91 21.50 20.63 20.38 20.39 22.25 22.97 25.47 23.99 22.35 19.81 19.46 18.23 18.02 18.68 21.47 21.25 22.71 20.68 19.82 20.81 23.18 21.45 22.04 23.82 
14.50 11.84 12.26 14.18 14.94 16.03 18.96 21.97 20.74 20.45 21.95 19.41 17.37 16.84 15.22 12.65 11.03 10.55 8.13 7.23 7.51 7.58 6.55 6.08 0.00 6.27 5.41 9.07 10.94 14.43 17.57 19.55 20.83 23.61 23.96 23.65 21.53 23.49 24.88 23.99 20.24 19.61 22.45 20.89 18.23 19.01 22.13 22.19 22.18 23.43 23.74 24.12 24.25 23.18 23.14 22.56 23.72 24.24 24.35 23.91 24.83 25.30 27.05 28.42 27.06 29.64 31.04 30.95 29.81 30.79 31.52 31.71 29.81 30.78 29.99 30.71 28.40 26.16 25.70 26.57 24.08 23.01 23.06 23.73 22.35 21.98 21.15 20.25 19.90 19.85 18.28 17.57 17.30 17.03 18.50 19.02 21.65 20.99 18.58 16.54 16.66 15.92 15.79 15.91 18.89 19.04 21.10 18.23 17.49 18.89 21.82 19.84 19.85 23.13 
14.03 11.32 11.94 14.10 14.51 16.27 19.62 22.61 20.70 20.22 21.78 20.06 18.38 17.46 16.10 14.01 12.51 12.57 9.22 8.54 8.34 10.29 8.04 8.13 6.27 1.11 6.01 8.48 10.28 13.60 16.39 19.16 21.38 22.32 23.14 21.69 20.80 22.70 23.40 22.38 18.99 18.45 21.38 19.69 17.69 19.33 22.36 22.16 22.20 23.56 23.66 23.69 23.99 22.75 22.97 22.70 23.82 24.33 24.42 24.32 24.62 25.41 27.28 29.08 27.42 29.85 31.36 31.28 30.25 31.11 32.25 32.49 30.92 31.33 31.26 30.69 28.98 26.47 26.17 26.46 24.12 22.95 23.54 23.32 22.49 21.99 21.30 20.75 20.29 20.30 19.33 18.38 18.16 17.57 19.45 20.11 23.52 22.54 20.69 17.32 17.10 16.62 17.06 17.44 19.97 19.90 22.25 20.12 19.59 20.38 23.32 21.76 21.84 23.89 
13.68 10.10 9.78 12.55 11.94 13.51 16.41 19.62 17.80 17.43 19.29 17.78 14.68 15.02 13.59 10.48 9.45 10.46 7.61 6.43 6.42 10.00 8.71 8.10 5.41 6.01 0.00 5.48 6.38 9.41 12.61 14.74 16.94 18.68 19.30 19.24 18.15 19.49 20.39 19.48 16.33 16.03 18.69 17.54 15.53 16.96 20.45 20.43 20.16 21.13 21.39 21.87 21.86 20.41 20.64 20.27 21.32 21.54 22.06 22.19 21.92 22.72 25.20 26.63 25.11 27.51 28.90 29.12 27.96 28.65 29.68 30.04 28.44 28.75 28.23 28.75 26.85 24.24 23.96 24.52 22.15 20.67 20.86 21.51 20.37 19.41 18.93 18.44 17.75 18.36 17.04 16.38 16.05 16.16 17.76 18.49 21.80 21.17 19.14 15.93 15.40 14.98 15.93 15.94 18.77 18.53 20.94 18.92 17.98 18.40 22.72 21.20 20.84 23.48 
14.87 10.09 9.01 9.90 11.99 10.83 14.13 18.04 17.26 16.98 18.68 17.26 14.01 14.81 14.57 12.88 10.46 12.70 9.76 10.23 10.48 12.71 11.21 11.70 9.07 8.48 5.48 0.93 6.10 7.39 9.78 12.13 14.27 16.21 17.35 16.82 15.19 17.31 17.90 17.56 15.20 14.19 17.10 16.45 13.97 15.90 19.13 19.51 19.18 20.73 20.62 20.97 21.14 19.56 19.40 18.76 20.34 20.69 20.72 20.67 20.93 21.47 23.83 25.59 24.10 26.71 28.38 28.36 27.10 28.25 29.03 29.53 27.88 28.06 27.63 27.50 25.68 22.72 22.52 23.34 20.92 19.85 20.22 20.63 19.62 19.41 17.56 17.93 16.92 18.07 16.78 16.01 15.46 16.02 17.93 18.89 22.40 21.71 19.30 16.46 16.74 15.94 16.42 17.05 20.05 20.43 22.13 20.55 20.13 20.74 23.42 22.39 22.47 24.97 
14.95 10.32 8.22 8.64 6.67 6.11 9.69 14.18 13.26 12.61 14.63 12.80 9.90 11.26 11.88 8.76 8.03 10.26 9.12 9.09 10.68 13.07 12.54 13.95 10.94 10.28 6.38 6.10 1.50 5.87 6.19 8.68 9.39 12.90 11.98 12.13 10.56 14.11 14.92 15.39 11.90 11.89 14.83 13.88 11.08 13.07 16.96 17.03 16.70 17.94 18.28 18.27 18.18 16.69 16.49 15.39 17.39 17.68 17.33 16.84 17.55 18.16 20.66 21.99 21.19 23.95 25.60 25.71 24.78 25.72 26.75 27.01 25.42 25.80 25.24 25.17 22.47 19.97 19.31 20.15 17.53 16.23 16.37 17.76 16.50 15.58 13.75 14.23 13.91 14.69 13.37 13.16 13.23 14.05 16.34 17.30 21.11 20.64 18.19 15.47 15.68 15.26 15.60 15.82 19.29 19.78 22.18 19.57 18.69 19.96 23.27 21.72 21.66 24.34 
16.36 12.36 10.31 9.15 8.02 7.03 10.43 12.84 13.25 13.32 14.60 13.12 11.42 12.09 11.75 10.63 10.86 12.99 11.38 12.34 13.52 17.17 16.00 17.14 14.43 13.60 9.41 7.39 5.87 3.40 5.80 7.43 8.85 8.60 9.78 9.48 9.45 12.46 13.87 13.48 10.44 11.25 15.23 14.66 12.35 14.98 18.43 18.70 17.80 19.12 18.93 18.55 18.20 16.83 16.78 15.85 17.07 17.31 17.21 17.14 17.38 18.41 20.32 22.59 21.80 24.32 25.48 25.96 25.05 25.94 26.33 27.03 25.14 25.48 25.23 24.38 22.10 19.59 19.16 19.46 16.78 15.92 16.32 17.06 15.82 15.00 13.19 13.98 13.55 14.20 14.20 13.86 14.67 15.27 17.76 18.55 22.28 22.20 19.66 16.60 16.58 16.48 17.05 17.38 20.42 20.94 23.00 20.93 20.70 22.00 24.23 22.69 22.64 25.79 
17.79 13.96 11.57 10.71 8.34 8.56 9.10 11.76 11.65 12.14 12.75 11.83 9.84 11.75 11.49 10.40 12.21 14.89 13.72 14.44 16.96 19.75 19.13 19.79 17.57 16.39 12.61 9.78 6.19 5.80 2.37 5.97 5.90 6.89 8.90 10.71 8.71 11.93 13.50 14.93 12.17 12.10 15.46 15.97 13.78 15.79 19.34 19.41 18.74 19.39 19.17 18.78 18.52 16.39 16.55 15.30 16.36 15.99 16.19 16.35 16.95 17.12 19.59 21.62 21.04 23.59 24.62 25.20 24.48 25.08 25.58 25.71 24.20 24.14 23.68 23.50 21.10 18.57 18.17 18.62 16.10 14.83 15.20 16.12 14.89 12.74 12.59 12.48 11.64 13.47 13.97 14.21 14.67 16.30 18.56 19.14 22.96 22.84 20.75 17.54 17.30 17.24 18.10 18.43 21.93 22.05 24.06 21.86 20.75 21.72 25.71 23.43 23.31 25.47 
20.07 15.84 12.98 11.60 11.37 8.76 9.18 11.18 10.56 10.49 12.22 10.35 7.90 11.07 12.91 11.20 11.74 16.38 16.28 17.10 20.02 22.34 21.28 22.35 19.55 19.16 14.74 12.13 8.68 7.43 5.97 0.20 5.45 7.20 9.09 10.43 10.01 12.07 14.52 15.28 12.47 12.17 15.81 16.31 12.72 15.80 19.72 19.55 18.17 19.53 18.70 19.00 18.36 16.34 15.53 14.56 16.20 15.25 14.80 15.22 15.59 16.20 18.22 20.71 19.77 22.88 23.92 24.55 23.41 24.60 24.42 25.06 22.96 23.32 22.37 21.99 19.25 16.67 16.26 17.50 14.64 14.35 14.37 15.60 12.46 11.68 9.74 10.85 9.11 11.97 13.22 13.67 13.57 15.68 18.13 19.22 22.96 22.85 20.69 17.38 17.83 17.51 18.34 18.23 21.34 22.45 24.22 22.11 21.38 23.32 25.84 24.34 23.83 27.31 
21.80 17.78 14.37 13.22 12.69 10.03 9.43 11.46 9.96 10.00 12.11 10.80 9.29 12.06 13.98 12.81 13.88 17.91 17.63 18.36 21.98 24.00 23.03 24.11 20.83 21.38 16.94 14.27 9.39 8.85 5.90 5.45 0.01 6.24 7.86 9.53 9.56 12.08 13.43 15.84 13.01 13.26 16.45 16.98 13.59 16.33 20.77 20.48 19.15 20.24 19.93 19.31 18.73 16.63 15.90 14.70 16.20 15.86 14.84 14.26 14.88 15.29 17.66 19.86 19.34 22.45 23.39 23.79 23.15 23.64 24.06 23.96 22.30 22.71 21.69 21.28 18.37 15.96 15.40 16.57 14.79 13.48 13.66 14.77 13.50 10.20 8.54 10.52 10.79 12.36 12.95 14.19 15.03 16.40 19.11 20.28 23.95 23.89 21.92 19.10 19.42 19.02 19.58 19.56 21.97 23.39 25.59 22.95 21.54 23.48 26.81 24.32 24.62 27.22 
23.80 20.12 16.70 15.60 15.40 14.74 13.51 14.16 12.65 13.00 14.21 13.88 13.57 15.86 17.20 16.62 18.07 20.81 20.12 20.82 24.15 25.18 25.31 26.53 23.61 22.32 18.68 16.21 12.90 8.60 6.89 7.20 6.24 1.53 6.70 8.05 8.53 10.68 12.88 14.79 12.81 14.13 16.51 16.85 15.63 17.97 21.72 21.53 20.66 21.55 21.24 20.23 19.33 17.99 17.83 17.10 17.77 17.58 17.37 16.83 16.71 16.77 19.15 21.62 20.79 23.65 24.26 24.61 23.85 24.51 24.44 24.47 22.79 23.17 22.85 21.36 18.98 17.26 16.59 16.23 15.46 15.48 14.90 15.87 14.73 13.05 11.65 13.23 13.31 15.59 16.04 16.21 16.69 17.91 20.64 20.87 24.29 24.78 22.81 20.22 20.82 20.52 21.27 21.65 24.13 25.10 26.87 25.01 23.95 25.81 27.58 26.28 25.94 28.77 
24.54 21.18 18.44 16.81 15.63 15.46 14.81 16.11 14.29 14.13 16.07 15.99 14.94 17.77 19.21 18.15 19.78 21.65 21.48 21.85 25.04 26.00 25.47 26.97 23.96 23.14 19.30 17.35 11.98 9.78 8.90 9.09 7.86 6.70 1.36 6.18 6.85 9.07 11.03 12.89 12.46 12.90 14.51 16.02 15.20 16.93 20.68 21.44 20.75 21.64 21.21 21.22 20.64 18.84 18.94 18.28 19.29 19.30 19.35 19.07 18.29 18.64 20.43 22.01 20.75 23.87 24.49 24.56 23.55 24.11 24.44 23.94 22.01 22.39 21.58 20.17 18.74 15.88 14.61 14.81 14.70 13.94 14.01 14.93 14.36 13.27 13.75 13.87 13.48 16.00 16.99 16.69 17.08 18.72 20.88 21.10 24.61 25.10 23.22 20.92 21.48 21.37 22.07 22.58 25.75 25.96 27.37 26.10 24.98 27.08 29.20 27.22 27.11 29.16 
23.47 19.78 17.05 15.51 14.63 14.61 14.01 16.25 15.25 15.10 16.94 16.96 14.40 17.45 19.41 18.46 19.71 21.98 21.67 22.10 25.11 26.21 25.47 26.88 23.65 21.69 19.24 16.82 12.13 9.48 10.71 10.43 9.53 8.05 6.18 0.23 5.06 7.25 8.70 10.69 10.51 11.07 13.38 14.17 12.59 14.93 19.27 19.93 19.31 20.44 20.18 20.76 20.30 18.39 18.38 18.17 19.57 19.42 19.77 19.59 18.06 17.96 20.18 21.70 19.86 23.02 23.70 23.61 22.35 23.71 23.69 23.47 21.24 21.30 20.50 20.12 17.49 14.97 14.17 15.22 14.01 13.25 12.86 14.70 13.50 12.92 12.85 13.43 11.27 14.72 15.84 15.65 16.20 17.95 19.52 20.94 24.38 24.78 22.76 20.17 21.06 20.71 21.52 21.53 24.70 25.38 27.17 25.58 24.63 27.30 28.77 27.39 26.72 29.96 
20.88 16.76 13.46 13.06 12.24 12.06 11.48 14.40 14.11 14.26 16.09 15.04 13.42 16.61 17.69 16.67 18.68 20.82 20.36 20.03 23.71 24.57 23.99 24.32 21.53 20.80 18.15 15.19 10.56 9.45 8.71 10.01 9.56 8.53 6.85 5.06 1.28 5.34 7.08 7.60 7.24 8.46 11.39 10.46 9.23 12.97 16.68 16.44 16.14 18.60 18.20 18.08 17.77 16.74 17.11 16.69 18.19 18.51 18.71 18.77 17.02 16.76 18.80 20.34 18.22 20.75 21.68 21.47 20.20 20.89 21.17 20.54 18.48 18.69 17.65 17.37 15.68 13.29 11.85 13.42 12.16 10.56 11.03 13.56 12.62 12.11 11.78 11.71 10.22 12.83 13.44 13.72 14.28 15.33 16.61 17.87 21.56 21.69 19.81 18.14 19.05 18.80 19.47 19.72 22.81 23.14 25.62 23.81 22.56 25.91 27.61 25.80 25.21 28.58 
21.87 18.16 15.27 14.85 14.21 14.63 14.26 16.48 17.04 16.88 18.91 17.78 17.14 19.75 21.03 19.51 21.51 23.55 22.85 22.62 25.53 26.55 25.63 26.20 23.49 22.70 19.49 17.31 14.11 12.46 11.93 12.07 12.08 10.68 9.07 7.25 5.34 1.21 6.27 6.87 6.05 7.13 10.11 10.49 9.79 13.03 17.12 16.96 16.98 19.36 19.40 19.52 19.50 18.46 19.10 19.01 20.35 20.30 21.02 21.10 19.85 19.40 21.10 22.82 20.38 22.29 22.71 22.70 20.99 21.51 21.36 21.01 18.67 19.04 18.35 17.55 16.18 14.89 12.08 12.30 13.27 12.88 12.36 15.89 15.89 15.30 14.97 15.02 13.63 15.48 16.10 14.49 14.65 15.99 17.41 18.01 21.19 21.68 20.40 18.64 19.97 19.50 20.74 21.09 23.88 24.60 26.82 25.35 24.39 27.32 28.97 27.39 26.30 29.44 
22.58 19.20 16.68 16.57 15.57 15.62 15.71 18.72 18.02 18.22 19.57 19.05 18.17 20.47 21.25 20.75 22.59 24.32 23.81 23.77 26.30 26.96 25.96 27.45 24.88 23.40 20.39 17.90 14.92 13.87 13.50 14.52 13.43 12.88 11.03 8.70 7.08 6.27 1.61 6.34 7.29 6.62 8.04 9.89 10.93 11.92 14.75 16.12 16.69 18.58 19.00 19.80 20.27 19.32 20.18 20.02 21.19 21.60 22.22 21.62 21.22 21.23 22.57 23.31 21.14 22.71 23.21 22.90 21.22 21.15 21.06 20.17 18.19 17.49 15.86 14.55 14.54 12.43 8.36 8.83 11.93 11.75 11.06 13.93 15.39 15.93 15.83 15.25 15.05 16.75 16.42 15.13 14.91 16.07 17.52 17.13 20.22 21.02 20.09 18.46 19.86 19.75 20.74 21.59 24.69 24.61 26.77 25.15 24.71 27.46 28.68 27.53 26.88 29.48 
20.78 17.49 15.26 16.04 13.90 15.68 15.89 19.80 19.27 19.17 20.58 19.57 18.33 20.44 21.81 20.73 22.73 23.87 23.47 23.50 26.28 26.42 25.42 26.35 23.99 22.38 19.48 17.56 15.39 13.48 14.93 15.28 15.84 14.79 12.89 10.69 7.60 6.87 6.34 1.79 6.15 7.37 6.98 8.04 9.00 11.04 12.99 14.35 15.60 17.11 17.10 19.06 19.25 18.31 19.45 19.52 21.34 21.83 22.63 21.77 21.23 21.23 22.93 23.87 21.51 23.45 23.48 23.13 21.05 21.68 21.22 20.22 17.92 18.67 17.64 17.03 15.59 14.36 13.00 13.62 13.55 14.10 14.66 16.33 17.13 17.19 17.35 16.93 15.80 17.94 16.77 15.61 15.03 15.81 15.70 16.93 20.00 20.58 19.68 16.62 18.70 18.43 19.89 20.33 23.62 24.03 26.10 24.44 24.02 26.70 28.52 27.07 26.77 30.15 
17.81 14.10 12.53 12.88 10.90 12.39 13.39 16.48 16.51 16.41 18.01 16.61 15.72 18.22 19.39 18.30 20.15 21.69 20.67 20.53 23.51 24.14 22.54 22.85 20.24 18.99 16.33 15.20 11.90 10.44 12.17 12.47 13.01 12.81 12.46 10.51 7.24 6.05 7.29 6.15 1.45 5.29 7.57 5.89 5.46 8.39 11.58 10.65 11.63 14.14 14.01 15.16 15.66 14.44 16.40 16.88 18.66 18.91 20.08 19.61 18.75 18.59 20.49 21.30 19.05 21.05 21.33 20.23 18.22 18.73 18.69 17.35 15.17 15.92 14.57 14.54 13.71 12.78 10.64 13.51 12.47 12.25 13.00 15.92 15.51 15.55 16.16 15.04 13.48 15.19 14.54 12.82 12.16 12.05 11.12 12.27 16.69 16.18 14.94 12.68 14.42 14.24 15.53 16.52 19.94 20.21 23.29 21.60 20.62 23.44 25.56 24.29 23.84 27.55 
16.90 12.99 10.98 11.90 10.45 11.60 11.84 15.50 15.46 14.89 16.99 16.58 16.03 18.43 19.24 17.97 20.14 21.57 20.33 19.99 23.25 23.83 22.35 22.01 19.61 18.45 16.03 14.19 11.89 11.25 12.10 12.17 13.26 14.13 12.90 11.07 8.46 7.13 6.62 7.37 5.29 0.76 5.97 7.20 5.48 5.99 9.85 10.55 10.41 11.91 12.64 14.21 13.67 12.27 14.26 15.49 16.93 17.37 18.66 18.56 17.65 17.32 19.36 20.45 18.07 19.99 19.97 19.44 16.96 17.58 17.09 16.60 13.77 14.71 12.34 13.39 11.73 10.47 6.84 11.12 11.41 9.68 10.52 14.76 14.53 13.94 14.49 13.68 12.52 14.25 13.23 11.31 10.83 11.81 11.46 11.57 14.62 15.31 14.22 12.27 13.50 12.79 14.09 15.10 18.26 19.14 21.66 20.22 20.03 22.63 24.98 23.68 23.18 27.60 
18.52 14.82 13.13 13.80 14.28 14.41 15.46 18.49 18.81 18.58 20.44 19.99 20.08 21.52 22.38 21.27 23.29 24.19 23.36 23.11 25.60 26.58 25.60 25.60 22.45 21.38 18.69 17.10 14.83 15.23 15.46 15.81 16.45 16.51 14.51 13.38 11.39 10.11 8.04 6.98 7.57 5.97 2.46 6.29 8.07 6.39 8.87 10.15 11.72 12.69 13.36 15.24 15.60 14.83 16.78 17.21 19.28 20.00 21.27 20.57 20.55 20.27 22.08 22.85 20.37 21.51 22.12 21.48 19.58 19.14 18.64 17.66 15.87 15.22 13.14 13.36 13.78 12.11 8.72 12.29 13.56 13.50 14.42 17.01 17.71 18.18 18.54 17.30 16.77 16.95 15.66 14.03 14.01 13.57 14.21 13.66 16.34 16.00 15.83 14.57 15.45 15.18 16.29 17.34 21.06 21.64 23.92 22.27 22.03 24.11 26.44 25.14 24.63 27.74 
17.41 13.89 11.91 13.06 12.48 13.86 15.15 18.27 18.66 18.92 20.43 19.72 19.23 21.35 22.19 21.12 22.77 23.70 22.78 22.69 24.86 25.23 24.36 24.38 20.89 19.69 17.54 16.45 13.88 14.66 15.97 16.31 16.98 16.85 16.02 14.17 10.46 10.49 9.89 8.04 5.89 7.20 6.29 1.63 5.67 7.04 6.60 6.78 9.40 11.16 11.35 13.20 14.66 13.75 15.59 16.40 18.79 20.00 20.54 20.09 19.89 19.90 21.27 22.62 19.97 21.78 21.78 21.51 19.43 19.77 19.21 18.28 15.60 16.51 15.08 15.11 13.72 13.28 12.80 14.86 14.58 14.84 16.35 18.14 17.88 18.59 19.07 17.98 16.86 17.42 15.29 14.19 13.04 13.01 12.12 12.91 15.70 15.32 14.78 11.86 14.55 14.16 15.47 16.70 20.45 21.20 23.40 21.71 21.85 24.08 26.01 24.72 24.85 28.88 
14.71 10.57 10.70 10.04 8.63 10.23 12.23 14.66 15.43 15.39 17.50 16.19 15.99 18.79 19.52 18.15 20.02 21.58 19.78 19.59 22.04 22.92 21.27 21.51 18.23 17.69 15.53 13.97 11.08 12.35 13.78 12.72 13.59 15.63 15.20 12.59 9.23 9.79 10.93 9.00 5.46 5.48 8.07 5.67 0.76 5.42 7.74 6.25 6.55 9.19 9.43 11.28 11.68 9.42 12.40 13.53 15.62 16.49 18.05 17.18 16.70 16.71 18.60 19.64 17.40 19.39 19.86 19.08 17.28 17.74 17.48 16.54 14.43 14.84 13.26 13.83 12.44 11.19 9.57 13.78 12.74 12.31 14.55 16.60 16.02 16.14 17.26 14.74 13.02 14.19 13.42 10.61 8.83 9.46 9.31 9.28 13.08 12.86 11.04 8.21 10.81 10.66 11.44 12.77 17.58 18.24 21.01 19.24 18.73 20.78 23.85 21.89 22.25 26.00 
15.73 12.61 11.53 11.75 10.87 12.55 13.55 17.26 17.37 17.53 18.98 18.17 17.91 20.03 20.38 19.27 21.07 22.55 20.76 20.22 22.91 24.00 22.63 22.57 19.01 19.33 16.96 15.90 13.07 14.98 15.79 15.80 16.33 17.97 16.93 14.93 12.97 13.03 11.92 11.04 8.39 5.99 6.39 7.04 5.42 0.27 6.10 7.13 6.42 6.92 7.92 10.55 10.21 7.87 12.14 13.56 15.23 16.01 17.72 17.65 16.78 16.78 18.40 19.30 16.87 19.11 19.56 18.75 17.22 18.25 17.21 17.11 14.68 14.29 11.71 13.35 12.64 9.78 7.67 12.91 13.07 11.86 14.01 17.21 17.31 17.41 18.03 16.82 15.25 16.33 14.64 12.69 10.73 11.89 11.75 11.67 14.26 13.91 12.62 10.04 12.15 11.06 12.42 13.89 17.99 18.68 21.21 19.48 19.74 21.78 23.29 22.26 22.40 26.80 
18.28 15.31 14.56 14.54 14.69 15.93 17.39 20.32 20.75 20.67 22.43 21.58 21.37 22.89 23.13 22.29 24.04 25.27 23.99 23.85 25.85 27.14 26.21 25.98 22.13 22.36 20.45 19.13 16.96 18.43 19.34 19.72 20.77 21.72 20.68 19.27 16.68 17.12 14.75 12.99 11.58 9.85 8.87 6.60 7.74 6.10 2.89 6.70 8.00 7.98 9.08 11.64 12.33 12.10 14.61 16.11 18.55 19.50 20.64 20.03 19.52 19.27 20.99 21.60 18.81 20.78 21.68 21.42 19.67 19.85 18.80 18.59 16.96 16.50 14.48 15.40 15.11 13.76 12.55 15.55 15.62 16.32 18.90 20.67 20.83 21.33 21.88 20.30 19.70 19.73 17.56 15.98 15.32 14.37 14.54 14.23 16.71 15.59 14.66 12.95 14.13 14.00 15.45 16.88 21.38 21.66 23.77 22.24 21.55 22.40 25.80 24.03 24.08 26.79 
18.72 15.66 14.92 14.65 14.30 16.30 17.57 20.44 20.90 20.73 22.29 21.11 21.11 22.97 23.59 22.13 23.82 25.17 24.17 23.90 25.71 26.75 25.90 26.18 22.19 22.16 20.43 19.51 17.03 18.70 19.41 19.55 20.48 21.53 21.44 19.93 16.44 16.96 16.12 14.35 10.65 10.55 10.15 6.78 6.25 7.13 6.70 1.44 6.00 7.36 7.09 8.78 11.09 10.14 12.94 14.37 17.02 18.42 19.37 18.99 18.43 17.89 19.75 21.37 18.30 20.54 21.36 21.15 19.05 20.31 19.73 18.92 16.33 16.85 15.51 15.49 13.93 13.01 14.05 16.01 14.87 16.09 19.13 19.79 20.45 21.07 21.62 20.24 19.63 19.27 17.51 15.54 13.84 13.18 12.73 12.61 15.54 13.93 13.13 10.12 13.12 12.47 14.49 15.92 19.97 21.12 23.32 21.66 21.53 23.60 25.21 24.52 23.85 28.02 
18.56 15.37 15.13 14.92 13.51 14.95 16.59 19.02 19.88 19.98 21.19 19.39 19.35 21.75 21.99 20.09 22.06 23.90 22.42 22.24 24.53 25.89 24.61 25.40 22.18 22.20 20.16 19.18 16.70 17.80 18.74 18.17 19.15 20.66 20.75 19.31 16.14 16.98 16.69 15.60 11.63 10.41 11.72 9.40 6.55 6.42 8.00 6.00 1.80 5.85 6.19 7.14 7.81 6.79 10.03 12.55 14.12 15.20 16.54 17.09 16.64 15.65 18.16 19.53 16.84 19.43 20.21 19.41 17.07 18.37 18.73 17.62 14.73 15.44 14.38 14.50 13.08 11.15 12.21 14.76 14.21 14.40 17.51 19.15 19.37 19.75 20.57 19.05 17.57 17.86 16.71 14.47 11.28 11.96 12.37 12.38 14.84 13.42 11.51 8.92 11.51 10.73 12.53 13.96 18.71 19.37 22.32 19.86 19.68 21.80 24.60 22.38 23.24 26.62 
20.33 17.40 16.59 16.45 15.21 17.03 18.11 20.65 21.05 20.86 22.29 21.04 21.11 22.81 22.58 20.99 23.15 24.76 23.24 23.02 25.67 27.23 25.77 26.69 23.43 23.56 21.13 20.73 17.94 19.12 19.39 19.53 20.24 21.55 21.64 20.44 18.60 19.36 18.58 17.11 14.14 11.91 12.69 11.16 9.19 6.92 7.98 7.36 5.85 1.31 5.46 7.24 8.11 7.35 10.44 12.74 15.01 15.66 17.32 17.24 16.77 16.45 18.30 19.95 17.09 20.11 20.37 19.79 18.03 19.12 19.39 19.16 16.41 15.95 14.50 15.42 13.79 11.66 11.95 15.30 14.85 14.55 18.21 20.02 20.31 20.13 21.06 19.47 18.56 18.99 17.86 15.83 13.55 14.47 15.23 15.49 18.43 16.70 14.33 11.63 13.10 12.40 14.13 15.79 19.08 20.86 23.47 21.20 20.95 23.54 24.71 23.54 23.31 27.27 
21.21 18.17 16.94 16.39 15.80 16.32 17.55 20.25 20.50 20.05 21.62 20.55 20.25 21.86 22.00 20.63 22.53 24.25 22.86 23.35 25.74 27.26 25.99 26.69 23.74 23.66 21.39 20.62 18.28 18.93 19.17 18.70 19.93 21.24 21.21 20.18 18.20 19.40 19.00 17.10 14.01 12.64 13.36 11.35 9.43 7.92 9.08 7.09 6.19 5.46 1.26 6.05 7.57 6.34 8.22 10.85 13.39 14.24 15.40 15.77 15.24 14.49 16.80 18.03 15.52 18.05 18.76 18.64 16.93 17.39 17.14 16.92 14.81 14.06 13.70 14.46 13.20 10.08 12.19 14.31 13.09 13.20 17.33 18.09 18.38 18.57 19.46 17.77 17.48 17.24 15.69 14.39 13.28 13.42 14.18 14.92 18.15 16.56 14.49 11.72 12.25 12.37 13.82 14.56 18.60 19.72 22.44 20.30 20.03 21.63 24.79 22.65 22.84 25.91 
21.22 17.80 16.78 16.23 15.17 15.63 16.51 19.44 19.88 18.94 20.42 19.75 19.90 21.48 22.30 20.97 22.82 24.31 23.78 23.61 26.04 27.39 26.43 27.30 24.12 23.69 21.87 20.97 18.27 18.55 18.78 19.00 19.31 20.23 21.22 20.76 18.08 19.52 19.80 19.06 15.16 14.21 15.24 13.20 11.28 10.55 11.64 8.78 7.14 7.24 6.05 0.75 6.72 7.00 7.49 8.89 12.25 12.96 14.37 15.24 14.78 13.56 16.14 18.58 15.70 18.16 18.80 18.63 16.85 17.76 17.42 17.03 14.85 15.13 14.14 15.46 13.18 10.65 12.36 14.48 12.78 13.30 16.40 17.24 17.42 17.98 18.69 17.16 16.08 15.19 14.27 13.22 12.81 12.59 14.12 15.33 18.92 17.15 14.97 11.76 12.26 11.65 13.49 14.05 17.41 19.43 21.85 19.52 20.01 22.15 24.15 23.15 23.18 27.24 
20.81 17.59 16.37 15.88 14.68 14.96 15.85 18.66 18.83 18.29 19.00 18.32 18.76 20.80 20.82 19.66 22.06 24.00 22.95 22.73 25.22 26.95 25.93 26.80 24.25 23.99 21.86 21.14 18.18 18.20 18.52 18.36 18.73 19.33 20.64 20.30 17.77 19.50 20.27 19.25 15.66 13.67 15.60 14.66 11.68 10.21 12.33 11.09 7.81 8.11 7.57 6.72 1.01 6.16 7.37 9.04 10.70 12.17 13.74 15.10 14.46 13.93 16.27 18.68 16.26 18.87 19.59 18.90 16.52 17.34 17.65 17.20 15.52 15.88 15.81 16.04 14.71 11.73 12.43 14.26 13.30 12.64 14.83 15.95 16.08 16.16 17.05 16.31 14.01 13.81 13.39 12.65 10.67 12.07 14.18 15.73 19.14 18.19 15.51 12.30 12.35 11.10 12.56 13.57 17.19 18.38 21.06 18.94 18.74 21.28 23.79 22.72 23.49 26.67 
21.17 17.32 15.48 15.03 13.92 13.67 14.40 16.85 16.78 16.32 17.13 16.35 16.88 18.87 18.94 17.49 20.79 22.63 21.87 21.55 24.23 25.82 24.91 25.96 23.18 22.75 20.41 19.56 16.69 16.83 16.39 16.34 16.63 17.99 18.84 18.39 16.74 18.46 19.32 18.31 14.44 12.27 14.83 13.75 9.42 7.87 12.10 10.14 6.79 7.35 6.34 7.00 6.16 0.47 5.16 7.14 8.54 9.45 11.09 12.39 12.40 12.01 14.41 16.47 14.27 17.45 17.68 17.50 16.06 16.48 16.74 17.04 15.06 15.06 14.86 16.01 13.67 10.31 11.31 13.20 11.72 9.91 12.50 14.11 13.79 13.64 14.35 12.45 11.07 11.31 11.73 9.40 8.72 10.54 14.17 14.72 18.29 17.82 15.08 11.21 11.11 9.72 11.07 11.74 14.96 16.24 20.00 17.75 17.79 20.03 22.64 21.68 22.30 26.42 
22.59 18.94 16.99 16.33 15.11 14.41 14.49 17.05 16.60 15.67 17.19 15.81 16.09 18.52 19.18 17.64 20.41 22.36 21.72 21.42 24.18 25.67 24.98 25.67 23.14 22.97 20.64 19.40 16.49 16.78 16.55 15.53 15.90 17.83 18.94 18.38 17.11 19.10 20.18 19.45 16.40 14.26 16.78 15.59 12.40 12.14 14.61 12.94 10.03 10.44 8.22 7.49 7.37 5.16 1.62 6.08 7.69 7.93 9.44 11.41 10.79 10.73 13.37 15.45 13.58 16.84 17.29 17.00 16.25 17.14 17.44 17.13 15.40 15.56 15.98 16.45 13.07 9.61 11.74 13.44 9.67 8.28 12.17 13.84 12.54 11.72 12.35 11.67 10.39 9.93 10.40 10.15 10.02 11.96 15.04 16.37 19.84 18.94 16.64 12.60 11.97 10.97 11.55 11.69 14.79 16.67 19.44 17.77 17.15 19.28 22.27 20.92 21.00 25.10 
22.68 18.85 17.00 16.45 14.63 13.34 13.00 15.71 15.16 13.61 15.24 14.61 15.21 17.36 18.62 17.23 19.96 21.86 21.61 21.30 24.01 25.55 24.71 25.40 22.56 22.70 20.27 18.76 15.39 15.85 15.30 14.56 14.70 17.10 18.28 18.17 16.69 19.01 20.02 19.52 16.88 15.49 17.21 16.40 13.53 13.56 16.11 14.37 12.55 12.74 10.85 8.89 9.04 7.14 6.08 1.97 6.79 6.69 7.54 9.78 11.12 10.65 12.46 14.68 13.97 17.32 17.54 17.17 16.49 17.68 17.95 17.98 16.89 17.39 17.24 17.73 15.31 12.20 13.44 14.48 11.23 10.82 13.20 13.57 12.00 12.36 11.48 10.82 8.59 7.60 9.20 10.01 11.17 12.61 15.61 17.33 21.36 20.35 17.68 12.76 11.90 11.46 11.63 10.42 13.57 15.20 18.66 16.26 16.62 18.25 21.26 20.87 21.52 25.90 
23.95 20.52 18.77 18.01 16.34 15.39 15.00 17.11 16.81 15.41 15.50 15.51 16.82 18.44 18.16 17.44 20.60 22.42 21.71 21.93 25.24 26.28 25.27 26.13 23.72 23.82 21.32 20.34 17.39 17.07 16.36 16.20 16.20 17.77 19.29 19.57 18.19 20.35 21.19 21.34 18.66 16.93 19.28 18.79 15.62 15.23 18.55 17.02 14.12 15.01 13.39 12.25 10.70 8.54 7.69 6.79 3.10 5.56 7.00 9.42 10.03 10.87 13.07 15.73 14.28 17.69 18.34 18.74 18.00 18.06 19.19 19.97 18.76 19.12 19.31 19.84 17.84 14.96 15.43 16.21 13.61 12.97 13.64 14.05 12.78 12.66 12.17 11.69 10.48 10.03 11.77 12.56 13.49 15.89 19.09 19.77 23.18 22.80 20.40 15.31 14.10 13.19 13.68 12.72 15.26 16.41 19.44 16.73 16.96 18.37 20.90 20.38 22.30 25.66 
24.51 20.54 18.69 18.15 16.80 16.30 15.06 17.41 16.96 14.99 14.77 14.06 16.17 17.82 17.23 16.76 20.10 21.99 21.34 22.05 25.41 26.61 25.60 27.37 24.24 24.33 21.54 20.69 17.68 17.31 15.99 15.25 15.86 17.58 19.30 19.42 18.51 20.30 21.60 21.83 18.91 17.37 20.00 20.00 16.49 16.01 19.50 18.42 15.20 15.66 14.24 12.96 12.17 9.45 7.93 6.69 5.56 1.29 5.22 6.60 8.15 9.04 11.97 14.33 13.48 16.53 17.51 18.23 17.93 17.99 19.26 20.45 18.81 19.37 20.25 20.58 18.30 15.07 15.88 16.96 13.80 12.32 13.61 13.54 11.78 11.03 9.58 9.76 9.57 9.55 11.79 13.11 14.22 16.63 19.91 20.31 23.66 23.85 21.17 15.64 14.20 13.59 13.14 11.97 13.98 15.16 19.43 17.53 17.45 18.70 21.14 20.79 22.24 26.02 
25.22 21.49 19.29 18.69 17.31 15.78 14.85 17.09 16.22 15.08 15.82 14.85 15.65 17.87 18.02 16.91 20.41 22.18 21.45 21.88 25.07 26.40 25.93 26.94 24.35 24.42 22.06 20.72 17.33 17.21 16.19 14.80 14.84 17.37 19.35 19.77 18.71 21.02 22.22 22.63 20.08 18.66 21.27 20.54 18.05 17.72 20.64 19.37 16.54 17.32 15.40 14.37 13.74 11.09 9.44 7.54 7.00 5.22 1.58 4.87 6.27 7.52 9.13 11.44 11.06 14.91 16.07 16.44 17.05 18.02 19.31 20.02 19.02 20.01 20.97 21.08 18.42 15.56 16.69 17.59 13.77 12.32 13.56 13.71 11.37 8.17 7.67 9.01 9.54 9.34 11.79 13.87 15.58 17.47 20.51 21.19 24.66 23.76 21.40 16.85 15.62 14.00 12.53 11.93 14.94 15.86 19.13 17.88 17.15 18.37 21.93 21.01 21.94 24.87 
