0.00 4.86 5.62 9.70 11.93 14.23 18.14 20.09 23.15 25.84 28.76 30.96 32.54 33.79 33.99 33.91 34.88 35.64 36.34 36.03 34.59 33.57 31.34 30.43 28.72 27.93 26.42 26.10 23.43 22.73 21.10 21.00 17.98 17.68 16.89 15.80 13.18 13.66 14.28 12.93 12.38 12.23 14.52 14.99 16.81 18.70 20.68 23.82 26.96 29.96 30.89 32.11 32.42 33.09 34.05 33.71 34.53 35.32 35.32 35.08 35.88 36.95 36.92 36.08 36.10 36.94 37.21 37.12 35.88 35.72 35.69 35.19 33.43 34.01 34.53 33.87 31.95 32.79 32.15 29.65 28.72 29.17 27.77 26.48 27.41 27.49 25.40 24.99 23.49 22.48 22.14 20.91 17.07 16.93 15.61 15.73 13.65 13.52 15.48 15.40 16.92 18.21 21.51 23.49 26.24 27.95 29.71 29.84 29.97 30.14 31.10 30.29 30.27 30.80 30.20 28.25 27.63 26.05 22.69 22.06 21.43 18.48 17.14 17.91 17.27 16.08 15.56 16.64 16.76 17.20 16.79 17.66 19.21 20.84 22.56 23.74 25.50 28.06 29.74 31.28 32.67 33.84 35.69 36.55 37.45 37.84 39.99 40.04 40.37 40.88 40.79 39.38 38.97 37.49 36.92 36.24 37.35 37.11 36.66 35.77 34.43 34.62 35.47 35.42 35.98 37.12 37.69 37.10 37.89 38.73 39.41 39.20 39.63 38.92 40.24 40.46 39.85 39.19 40.52 40.56 39.59 39.04 38.72 38.00 37.10 36.35 37.65 38.00 36.78 36.12 38.42 38.89 37.53 37.23 38.22 38.84 38.32 38.77 39.44 39.50 40.14 39.41 39.09 37.76 38.44 38.01 36.41 35.16 34.34 34.02 33.68 33.99 33.51 32.37 31.08 31.05 31.03 30.95 30.66 30.74 30.62 29.64 28.66 30.14 28.96 26.59 25.47 27.62 27.15 24.16 25.31 27.24 27.29 25.40 30.55 
4.86 0.00 2.59 6.35 9.86 12.65 14.64 16.93 20.16 24.15 26.28 28.01 30.56 32.10 33.10 32.33 33.63 33.92 35.33 34.55 32.96 31.45 29.75 28.62 27.01 25.63 24.77 24.62 21.91 20.47 19.93 19.35 17.06 15.63 16.32 15.13 12.64 13.19 13.47 12.20 11.12 9.63 12.49 13.51 15.09 16.86 18.79 21.93 25.61 28.64 29.60 30.80 31.05 31.62 32.21 31.94 32.91 33.30 33.32 32.99 34.22 34.90 35.06 33.79 34.35 34.64 35.38 35.04 34.16 33.61 34.05 33.37 31.48 31.99 33.00 31.99 30.07 31.07 30.87 27.78 27.03 27.76 26.34 24.53 25.94 25.83 24.05 23.50 21.93 20.95 20.95 19.74 15.44 14.54 14.12 13.97 12.24 10.80 12.94 13.76 15.27 16.55 20.33 22.17 25.17 26.84 28.85 28.99 29.02 29.03 30.50 29.23 29.35 28.93 29.00 26.29 26.67 24.24 21.23 19.91 20.22 16.06 15.18 16.09 16.48 14.01 13.99 15.39 15.51 15.86 15.11 15.83 17.48 19.44 20.72 22.23 24.07 26.86 28.13 30.08 30.90 32.15 33.81 35.09 35.63 35.69 37.92 38.23 38.70 38.88 38.75 37.12 37.14 35.40 34.45 33.86 35.66 35.26 34.49 33.72 32.52 32.66 33.33 33.20 33.91 35.11 35.60 34.98 35.81 36.51 37.08 36.93 37.68 36.41 37.79 37.78 37.72 36.52 38.37 38.07 37.65 36.64 36.62 35.52 35.07 34.05 35.43 35.88 34.45 33.71 36.35 37.22 35.41 35.46 36.03 37.01 36.00 36.93 37.43 37.57 38.38 37.73 37.16 35.76 36.72 36.15 34.40 33.03 32.78 32.26 32.18 32.48 32.21 30.57 29.53 29.36 29.69 29.06 29.21 29.34 29.64 27.81 27.21 28.37 27.43 24.36 23.80 25.81 24.56 22.06 21.76 25.76 25.18 23.33 26.22 
5.62 2.59 0.00 4.80 8.34 10.65 12.92 14.63 17.37 20.64 22.88 23.86 25.99 28.15 29.53 28.69 28.83 29.63 31.79 30.94 27.67 26.49 25.54 24.60 22.04 21.36 20.96 20.39 17.26 17.10 16.94 16.66 13.60 13.25 13.94 13.35 11.91 12.08 13.32 11.71 10.86 8.27 10.18 10.17 12.74 13.31 15.59 18.31 21.51 24.36 25.77 26.52 26.81 27.05 28.20 27.62 29.01 29.06 29.48 29.08 30.66 30.84 31.17 29.64 30.50 30.57 31.72 31.21 30.38 29.69 30.35 29.33 27.34 27.89 29.41 28.29 26.08 27.30 27.74 24.34 23.02 23.99 22.88 20.91 21.98 22.03 20.88 20.13 18.76 17.61 18.46 17.61 13.64 13.23 12.84 12.76 10.82 9.03 10.24 11.10 12.14 13.75 16.66 18.79 21.07 23.17 25.70 25.22 24.79 25.22 27.13 25.44 24.57 24.82 25.49 22.96 22.57 21.14 17.98 17.39 16.98 13.61 12.86 14.07 14.09 12.31 12.51 14.06 14.57 14.43 13.43 13.63 15.05 16.42 17.60 18.81 20.93 23.46 24.98 26.29 27.52 28.67 30.68 31.38 32.19 31.97 34.47 34.32 35.16 34.94 35.09 33.27 33.82 31.66 30.98 30.55 33.04 32.31 31.50 30.46 29.74 29.43 30.24 30.12 31.08 31.99 32.58 31.70 32.96 33.26 33.77 33.61 34.63 33.08 34.21 33.96 34.14 33.03 34.81 34.37 34.26 33.38 33.27 32.08 31.94 30.90 32.29 32.65 31.57 30.89 33.47 33.95 32.67 32.39 33.07 33.56 32.98 33.45 34.18 33.99 35.10 34.02 33.98 32.24 33.43 32.45 31.44 30.32 29.85 29.34 29.47 30.19 29.80 27.82 26.35 26.11 25.99 25.55 25.76 25.76 25.84 24.27 23.99 24.97 24.30 21.52 21.18 23.79 23.71 20.44 19.67 24.37 25.17 22.99 25.49 
9.70 6.35 4.80 0.08 7.17 9.00 11.21 12.61 15.10 18.89 20.93 22.75 23.56 25.57 27.14 27.57 28.00 28.98 30.37 30.05 26.72 25.72 24.06 23.70 20.32 19.87 18.89 18.46 15.56 14.61 15.07 13.42 11.79 11.03 12.31 11.29 10.57 11.79 12.64 11.91 10.97 8.12 8.51 8.12 10.52 11.15 13.44 15.69 18.45 21.18 22.29 23.72 23.66 24.22 25.10 25.44 26.21 27.00 26.96 26.86 28.14 28.96 28.95 27.96 28.61 29.01 29.65 29.63 28.67 28.16 28.22 27.70 25.44 26.23 27.39 26.50 23.86 25.31 25.64 22.78 21.09 22.32 21.21 19.72 20.65 20.73 19.55 19.24 17.66 16.72 17.64 16.57 13.10 12.82 12.96 12.04 10.02 8.51 9.55 8.82 10.69 11.61 14.32 16.29 18.76 20.44 22.14 22.69 22.08 22.76 24.28 23.37 22.34 22.48 23.03 21.16 20.27 17.94 15.81 15.01 14.60 11.50 11.28 12.66 12.91 11.31 12.46 14.12 14.86 14.95 13.51 12.87 14.14 15.32 15.68 16.89 18.47 20.87 21.70 23.35 24.39 25.72 27.15 28.69 29.46 29.46 31.55 31.87 32.71 32.71 32.63 31.20 31.84 29.67 28.64 28.39 30.87 30.27 29.07 28.35 27.49 27.29 27.50 27.71 28.66 29.71 29.59 29.24 30.84 31.00 31.17 31.49 32.83 30.94 31.75 32.14 32.39 30.97 32.64 32.62 32.65 31.55 31.10 30.30 30.29 29.20 30.15 31.08 29.92 29.26 31.32 32.53 31.00 30.64 30.74 31.88 31.19 31.55 31.97 32.43 33.79 32.46 31.87 30.42 31.57 30.63 29.55 28.51 28.35 27.64 27.40 28.13 27.82 25.74 24.03 24.03 23.86 23.44 23.37 23.74 23.71 22.84 21.99 23.45 22.17 20.36 20.15 21.82 21.50 18.43 19.06 22.44 23.75 20.28 28.68 
11.93 9.86 8.34 7.17 0.00 5.67 6.69 9.80 12.29 16.50 18.06 20.72 22.27 23.20 23.49 24.69 26.08 27.66 27.47 28.19 25.48 24.12 21.04 20.89 18.91 18.25 16.59 16.45 14.45 12.52 12.32 11.69 9.47 9.61 10.15 8.97 7.94 10.43 12.82 11.90 10.81 8.46 9.32 7.64 7.26 9.05 9.72 13.48 16.33 19.39 19.51 21.37 20.83 21.53 22.43 22.63 24.02 25.29 25.23 24.89 26.38 27.73 27.67 26.54 27.22 28.11 28.86 28.66 28.01 27.35 27.31 26.64 25.11 25.66 26.45 25.58 24.20 25.18 24.71 21.61 21.46 22.23 20.41 18.51 20.70 20.19 17.79 17.22 16.39 14.45 15.93 14.94 12.02 12.46 12.98 12.98 10.77 8.31 7.99 6.63 6.73 9.38 11.38 13.47 16.03 18.27 19.72 20.31 19.65 20.29 21.17 21.09 20.65 21.71 21.73 19.42 20.00 17.67 14.66 14.43 14.68 10.63 10.53 12.34 12.06 10.85 12.40 14.78 15.52 15.50 13.30 11.76 11.37 12.35 13.03 14.26 15.65 18.48 19.02 20.96 21.74 22.93 24.64 26.86 28.36 28.69 31.00 31.54 32.66 33.14 33.23 31.37 31.96 29.84 29.14 28.48 31.14 30.30 29.38 27.95 26.37 25.85 26.28 26.15 26.89 28.13 28.49 27.72 29.08 29.81 30.21 30.31 31.14 29.58 31.26 31.39 30.76 29.40 31.49 31.43 31.48 30.30 30.18 29.03 29.04 27.94 29.65 30.45 29.31 28.34 31.63 32.84 31.17 30.17 31.00 32.21 31.23 31.55 32.53 32.88 34.16 33.05 32.55 30.66 31.94 31.28 29.43 27.81 27.98 27.40 26.92 26.99 26.52 24.33 22.87 22.51 22.91 22.33 21.88 22.03 22.43 20.80 19.82 21.58 20.91 18.60 18.01 20.99 21.17 19.44 21.68 23.03 20.57 20.11 26.33 
14.23 12.65 10.65 9.00 5.67 0.00 6.06 6.47 11.19 14.12 16.12 18.17 20.19 22.66 22.08 22.80 24.12 26.11 26.19 26.33 23.22 22.84 19.34 18.28 16.25 15.60 14.29 13.97 12.32 10.95 11.00 10.44 9.53 8.96 10.77 10.12 9.26 12.49 14.55 13.99 13.05 10.53 10.31 6.87 8.11 6.79 7.74 10.89 14.69 17.97 17.69 19.89 19.43 20.21 20.50 21.11 22.32 23.81 23.29 23.65 24.99 26.38 26.04 25.06 25.65 26.59 27.01 27.16 26.26 25.84 25.33 25.12 23.14 24.32 24.64 24.15 22.52 24.22 23.31 20.23 19.87 21.30 18.92 17.38 19.49 19.34 16.79 16.65 15.38 13.81 15.49 14.45 11.23 11.97 13.50 14.62 11.60 8.09 9.26 7.36 7.33 6.93 10.23 12.12 14.92 16.83 17.96 18.19 17.82 18.08 19.22 18.51 18.76 19.10 19.49 16.70 17.50 15.35 12.38 12.05 12.84 8.57 9.47 11.56 12.15 11.07 12.82 16.07 16.78 16.66 13.82 11.47 10.70 10.82 11.55 12.50 14.07 16.97 17.17 19.72 20.22 21.11 22.25 25.09 26.54 26.71 28.46 29.63 30.85 31.63 31.14 29.71 30.11 28.16 26.85 26.72 29.42 28.77 27.30 26.32 24.39 24.06 24.01 24.24 24.88 26.24 26.49 26.04 27.04 28.00 28.22 28.70 29.39 28.13 29.24 29.68 28.78 27.73 29.42 29.77 29.49 28.73 28.15 27.27 27.13 26.38 27.67 28.86 27.43 26.86 29.84 31.63 29.84 29.11 29.44 30.89 29.81 30.52 31.25 31.82 33.00 32.24 31.51 29.96 31.06 30.55 28.29 26.75 26.75 26.67 25.90 26.32 25.59 23.40 21.68 21.13 21.31 21.03 20.52 20.84 21.28 19.55 18.43 20.22 19.92 17.17 16.82 20.04 20.42 18.42 20.22 22.79 20.47 20.28 25.23 
18.14 14.64 12.92 11.21 6.69 6.06 0.00 5.91 7.86 12.08 12.77 15.97 17.76 19.99 20.42 20.55 21.08 23.26 23.09 24.11 20.14 19.83 16.62 15.59 13.92 12.90 12.51 11.64 9.85 9.27 9.89 9.99 8.05 8.35 10.78 10.98 9.86 13.02 15.47 14.56 14.74 12.79 11.86 8.25 7.75 8.33 7.49 10.03 13.29 16.84 16.93 18.68 17.78 18.15 18.47 18.80 20.72 21.50 21.36 21.54 23.34 24.19 23.95 22.58 23.56 24.25 24.86 24.74 24.25 23.46 23.12 22.65 21.10 21.80 22.46 21.96 20.82 22.24 21.81 18.33 18.53 19.68 17.79 16.24 18.86 18.57 16.47 16.68 15.98 14.66 16.57 16.11 13.27 14.65 15.60 16.42 14.08 11.10 10.40 9.23 6.61 7.82 8.41 10.87 13.39 15.26 16.14 16.42 16.09 16.44 16.50 16.61 16.52 17.15 17.71 15.38 16.91 14.98 11.41 11.99 13.18 10.10 10.54 12.99 13.38 12.62 14.20 17.93 18.62 18.44 15.93 13.76 11.65 11.20 11.08 11.96 13.11 15.19 15.33 17.59 18.33 18.99 20.02 22.51 24.47 24.13 25.94 26.85 28.69 28.91 28.88 27.09 28.01 25.48 24.60 24.47 27.79 26.79 25.50 24.24 22.86 21.85 22.00 22.09 23.05 23.94 24.44 23.67 25.00 25.29 25.70 26.16 27.41 25.57 27.02 26.87 26.64 25.15 27.10 27.00 27.34 26.29 26.02 24.79 25.00 24.01 25.56 26.48 25.59 24.87 28.23 29.64 28.31 27.45 27.84 28.99 28.10 28.66 29.71 30.14 31.45 30.56 30.39 28.54 29.72 28.93 27.43 25.90 25.97 25.59 25.50 25.89 25.24 22.75 21.16 20.42 20.44 20.02 19.81 19.71 20.00 18.22 17.41 19.03 18.52 16.03 16.55 19.70 20.07 18.80 19.49 21.21 20.36 19.70 23.99 
20.09 16.93 14.63 12.61 9.80 6.47 5.91 0.00 6.09 7.37 10.65 12.68 15.60 17.51 18.54 19.13 20.32 20.86 22.02 21.52 19.08 16.61 13.32 12.18 10.85 9.58 8.82 8.90 8.82 7.31 9.42 9.54 9.74 10.40 12.60 13.27 12.99 16.30 18.35 17.68 17.20 15.19 13.85 9.86 9.68 7.81 8.12 8.54 11.79 14.57 14.70 16.75 16.27 16.68 17.04 18.13 19.21 20.44 20.03 20.50 21.80 23.29 22.90 21.85 22.72 23.58 23.94 24.12 23.61 22.99 22.17 21.96 20.43 21.28 21.58 21.24 19.81 21.12 20.52 17.46 17.82 18.99 17.03 15.76 18.38 18.17 16.02 16.75 16.23 15.17 17.40 17.39 14.67 15.96 16.94 18.13 15.57 13.61 12.72 9.66 8.41 7.29 8.08 8.66 11.50 12.56 13.41 13.67 14.30 13.85 15.06 13.92 14.66 14.38 15.36 13.41 14.79 11.60 8.81 9.80 12.03 9.30 10.30 13.89 14.65 13.75 16.26 19.41 20.38 20.06 17.55 14.85 12.60 11.42 11.13 10.93 11.72 13.24 13.70 16.21 17.27 17.89 18.63 21.49 23.40 23.04 24.60 25.70 27.24 27.84 27.44 26.06 26.79 24.64 23.54 23.64 26.82 26.24 24.78 23.65 22.00 21.29 21.11 21.31 22.08 23.19 23.24 22.70 24.13 24.60 24.75 25.26 26.39 24.60 25.59 26.00 25.44 23.94 25.90 26.21 26.31 25.29 24.77 23.93 24.13 23.23 24.82 26.27 25.21 24.70 27.87 29.55 27.96 27.29 27.54 28.91 27.83 28.40 29.15 29.86 31.02 30.19 29.56 27.94 29.08 28.67 26.71 25.40 25.47 25.05 24.58 25.27 24.53 21.72 19.90 19.54 19.45 19.01 18.59 18.76 19.37 17.53 16.33 18.14 18.01 16.02 15.81 18.80 19.85 18.37 17.34 20.94 20.64 20.06 25.81 
23.15 20.16 17.37 15.10 12.29 11.19 7.86 6.09 0.00 5.99 6.49 10.18 12.17 14.10 15.35 16.09 17.07 17.68 17.34 17.92 14.78 12.15 9.02 8.18 6.84 6.30 6.10 8.02 7.51 7.72 9.58 11.71 11.39 13.02 14.70 15.64 15.76 19.19 21.32 19.86 19.75 17.64 17.54 13.23 11.17 10.00 9.03 9.37 10.36 12.37 12.85 14.96 15.11 15.43 15.89 16.54 17.44 19.24 18.83 19.44 20.45 22.12 21.67 20.87 21.33 22.63 22.90 23.47 22.59 22.06 21.15 21.06 19.51 20.35 20.45 20.45 19.19 20.37 19.30 16.83 17.58 18.83 16.53 15.57 18.67 18.56 15.95 17.65 17.76 16.83 19.22 20.15 17.42 19.33 19.55 21.22 18.83 16.65 16.20 13.03 10.68 10.24 9.10 9.37 9.73 10.70 10.74 11.32 11.24 11.45 12.12 12.09 12.10 13.12 13.56 11.84 13.93 12.45 8.92 11.20 13.42 11.62 12.49 16.51 17.56 17.43 19.30 22.72 24.00 24.01 20.91 17.69 14.77 13.78 12.20 11.58 11.23 12.54 12.62 15.04 16.36 17.12 18.11 21.02 22.31 22.41 23.69 25.01 26.20 27.15 26.51 25.16 25.98 23.88 22.83 23.26 26.69 26.50 24.42 23.53 21.46 20.65 20.49 20.78 21.42 22.90 22.65 22.44 23.54 24.43 23.93 24.84 25.80 24.03 24.80 25.44 24.50 23.18 24.70 25.42 25.45 24.83 23.83 23.43 23.32 22.77 23.98 25.85 24.75 24.66 27.40 29.71 27.99 27.70 27.34 29.18 27.70 28.51 29.16 29.95 30.99 30.06 29.25 27.76 29.11 28.75 26.65 25.51 25.68 25.58 24.59 25.39 24.17 21.35 19.20 18.87 18.80 18.46 17.43 17.89 18.71 16.75 15.22 17.54 17.46 14.77 14.29 18.04 18.87 16.73 16.19 20.77 21.21 20.78 24.47 
25.84 24.15 20.64 18.89 16.50 14.12 12.08 7.37 5.99 0.00 4.81 6.70 9.27 11.31 12.84 13.25 15.13 16.35 16.75 15.77 12.70 11.79 7.32 7.21 6.23 5.79 6.91 8.42 9.41 10.14 11.67 13.64 14.40 15.68 18.18 18.72 18.94 21.78 23.99 22.81 22.67 20.43 20.41 15.37 13.96 11.89 10.65 9.59 11.22 12.42 12.81 14.65 15.13 15.27 15.58 15.97 17.60 19.10 18.84 19.40 20.68 22.15 21.94 20.76 21.47 22.43 23.05 23.32 22.61 21.89 21.20 20.86 19.25 20.29 20.66 20.57 18.96 20.68 19.99 17.46 18.01 19.66 17.77 17.26 19.75 19.87 17.57 19.51 19.46 18.80 21.95 22.81 20.55 22.06 23.42 24.62 22.38 19.38 19.42 16.71 13.94 11.50 10.37 9.16 9.73 9.48 9.54 9.10 9.38 10.25 10.88 9.57 10.21 11.88 13.23 10.62 13.29 12.35 10.36 12.18 15.29 13.33 14.60 18.18 20.33 19.87 21.93 25.02 26.82 26.28 22.96 19.99 17.21 15.66 14.03 12.68 12.37 12.81 12.83 15.21 16.52 16.94 17.88 20.59 22.25 21.72 23.26 24.45 25.75 26.71 26.38 24.99 25.60 23.57 22.89 23.16 26.94 26.61 24.96 23.51 21.35 20.63 20.51 20.34 21.26 22.52 23.02 22.18 23.26 23.89 23.88 24.21 25.57 23.62 24.47 24.54 23.93 22.46 24.32 24.75 25.26 24.27 23.68 22.75 23.21 22.56 24.15 25.68 24.85 24.80 27.76 29.65 28.31 27.87 27.59 29.11 27.91 28.98 29.68 30.06 30.88 30.28 29.63 28.37 29.16 29.38 27.28 25.93 26.07 26.03 25.39 25.90 24.43 21.84 19.81 19.06 18.94 18.54 17.76 18.12 18.68 17.03 15.74 18.30 18.11 15.66 15.42 19.10 19.75 16.81 16.82 21.67 22.08 20.64 24.55 
28.76 26.28 22.88 20.93 18.06 16.12 12.77 10.65 6.49 4.81 0.00 5.61 7.91 9.90 11.55 12.37 13.78 15.20 14.66 14.01 11.60 9.66 6.72 6.66 7.43 7.44 8.10 10.32 11.61 13.11 14.19 16.47 16.49 18.25 20.35 21.40 21.46 24.32 26.76 25.91 25.61 23.44 23.56 18.35 17.10 14.80 12.90 12.19 12.18 13.69 13.29 14.77 15.15 15.43 15.76 16.28 17.53 18.89 18.99 19.68 20.74 22.40 22.02 20.77 21.08 22.72 23.13 23.47 22.40 22.12 21.35 20.99 18.98 20.33 21.06 20.87 19.29 21.36 21.01 18.35 18.93 20.91 19.15 18.82 21.09 21.73 19.58 21.68 21.61 21.65 24.72 25.88 23.55 25.82 26.95 28.01 25.39 23.23 23.15 20.01 16.69 15.02 12.93 11.19 10.81 10.78 10.42 9.90 10.38 10.39 10.33 10.02 10.43 12.32 13.56 12.14 14.58 14.88 12.34 15.12 17.58 16.01 17.41 20.87 22.30 21.99 23.89 27.73 29.13 28.53 25.56 22.71 19.88 17.85 15.74 14.99 14.40 14.51 13.72 15.83 17.01 17.38 17.95 20.93 22.47 21.92 23.09 24.64 25.85 26.95 26.47 25.30 25.53 23.75 22.95 23.83 27.33 27.45 25.54 24.53 21.72 21.24 20.78 21.28 21.65 23.26 23.03 22.56 23.00 23.96 23.44 24.31 25.11 23.76 24.19 24.33 23.08 22.15 23.89 24.69 24.75 24.41 23.59 23.15 22.96 22.97 24.50 26.39 25.17 25.37 28.42 30.29 28.56 28.42 27.92 29.41 27.77 29.19 30.00 30.32 30.87 30.55 30.42 28.74 29.82 29.91 28.35 27.01 26.79 27.16 26.55 27.11 25.63 22.91 21.01 20.07 19.40 19.45 18.72 18.94 19.13 17.99 17.27 19.45 19.07 17.26 18.11 20.86 21.16 18.91 19.53 22.50 22.95 22.48 24.99 
30.96 28.01 23.86 22.75 20.72 18.17 15.97 12.68 10.18 6.70 5.61 0.00 6.63 8.35 10.08 11.11 12.41 13.90 13.72 13.60 10.21 9.17 6.98 7.26 6.88 7.84 9.20 12.30 13.00 14.30 16.13 18.32 18.21 19.82 22.03 22.69 23.15 25.86 28.42 27.53 27.35 25.29 25.10 20.41 19.13 16.89 15.54 14.19 14.13 15.26 14.50 15.29 15.13 15.37 16.19 16.64 17.57 18.51 18.82 19.48 20.48 22.12 22.10 20.79 21.43 23.06 23.48 23.69 22.85 22.86 22.01 21.60 19.92 21.39 21.63 21.47 20.23 22.23 21.56 19.09 19.83 21.96 20.09 19.65 21.99 22.72 20.99 22.80 23.24 23.36 26.73 27.30 25.34 27.14 28.64 29.43 26.98 24.99 24.49 21.59 18.27 17.29 15.15 13.14 12.42 12.26 11.79 11.19 11.55 11.42 11.18 11.29 11.96 13.24 15.35 13.81 16.22 16.26 14.73 16.90 19.36 18.16 19.55 22.85 24.06 23.62 26.26 29.40 30.85 30.45 27.65 24.94 21.59 20.17 18.37 17.50 16.08 16.25 15.12 16.31 17.42 18.10 18.72 21.83 23.52 22.89 24.10 25.53 26.52 27.69 27.07 26.35 26.56 24.51 23.89 24.66 28.19 28.25 26.55 25.42 23.11 22.24 22.10 22.39 23.02 24.27 24.39 23.64 24.47 25.18 24.76 25.42 26.11 24.49 25.02 25.24 23.98 22.81 24.52 25.52 25.47 24.96 24.16 23.91 23.89 23.59 25.47 27.45 26.06 26.33 29.59 31.39 29.58 29.54 29.21 30.45 28.89 30.19 30.80 31.49 32.08 31.74 31.14 29.93 30.92 31.48 29.34 27.99 28.05 28.28 27.45 28.24 26.76 23.90 21.76 21.09 20.87 20.61 19.72 20.08 20.56 19.28 18.17 20.89 20.47 18.59 18.83 22.00 22.07 19.71 19.28 23.88 23.68 22.49 25.34 
32.54 30.56 25.99 23.56 22.27 20.19 17.76 15.60 12.17 9.27 7.91 6.63 0.00 5.69 7.38 9.53 12.05 12.50 12.50 13.43 11.61 9.70 8.88 9.40 9.85 10.95 13.31 14.97 15.93 17.02 18.73 20.76 20.44 22.37 23.88 24.95 25.42 27.84 29.99 29.33 29.50 27.58 27.13 22.64 21.06 19.36 18.23 17.25 17.39 18.28 16.58 17.36 16.53 16.87 16.92 18.11 19.26 19.99 19.84 20.63 21.95 23.38 23.25 22.28 23.02 24.34 24.81 25.29 24.83 24.54 23.50 23.42 21.92 23.02 23.31 23.43 22.69 23.96 23.01 20.86 21.85 23.58 21.81 21.64 24.03 24.68 22.99 25.21 25.49 25.70 28.36 29.24 27.15 29.04 30.03 31.14 29.14 27.17 25.78 23.05 20.38 19.15 16.89 15.32 14.91 14.86 14.18 13.82 13.31 13.45 13.46 13.87 14.47 16.19 18.00 16.54 19.10 19.42 18.00 20.11 22.23 20.99 22.32 25.35 26.49 26.29 28.69 31.89 33.25 33.18 30.63 27.68 24.09 22.80 21.19 19.79 18.48 18.98 17.49 18.20 18.28 19.67 20.24 23.79 25.13 24.80 25.99 27.26 28.30 28.89 28.76 28.12 28.53 26.53 25.41 26.73 30.25 30.16 28.50 27.80 25.26 24.55 24.10 24.75 24.95 26.44 26.32 26.05 26.51 27.25 26.58 27.31 28.03 26.33 26.72 27.22 25.90 24.82 26.39 27.27 27.44 26.95 26.11 26.08 26.03 25.77 27.31 29.38 28.02 28.27 31.48 33.36 31.65 31.67 31.07 32.77 30.94 32.00 32.34 33.35 33.99 33.45 32.57 31.86 33.04 33.35 31.36 30.05 30.24 30.43 29.48 30.08 28.91 26.04 23.48 23.10 22.82 22.52 21.47 22.11 22.76 21.35 20.28 22.88 22.71 20.08 20.40 23.22 23.14 21.44 21.02 24.12 24.09 23.66 25.50 
33.79 32.10 28.15 25.57 23.20 22.66 19.99 17.51 14.10 11.31 9.90 8.35 5.69 0.00 5.68 7.52 9.76 11.53 11.79 12.05 11.07 10.55 9.16 11.26 11.87 12.96 14.71 17.20 17.24 19.24 20.72 22.41 22.55 24.22 25.78 27.00 27.06 29.82 31.48 31.53 31.80 29.97 29.07 24.66 23.20 21.21 19.82 19.04 19.78 19.92 17.95 18.29 18.09 17.62 17.95 18.85 20.08 20.93 20.69 21.53 22.80 24.24 24.08 23.35 24.23 25.50 26.05 26.55 25.75 25.38 24.63 24.38 22.80 24.26 24.56 24.95 23.73 25.49 24.71 22.77 23.23 25.27 23.60 23.35 25.62 26.44 25.12 27.12 27.66 27.74 30.68 31.54 29.69 31.46 32.57 33.59 31.82 29.35 28.53 25.74 22.97 21.17 19.03 17.92 17.28 17.48 16.44 15.41 14.81 14.88 15.05 15.57 16.41 17.97 20.08 18.76 21.08 21.25 19.87 21.97 24.26 23.14 24.23 27.40 28.75 28.37 30.66 33.97 35.29 35.15 32.44 29.70 26.15 24.67 23.10 21.86 21.15 21.25 19.83 20.64 20.99 21.51 22.29 25.29 26.60 25.91 26.88 28.23 28.95 29.94 29.42 29.38 29.64 27.56 26.94 28.15 31.36 31.53 29.67 28.88 26.61 26.00 25.77 26.15 26.42 27.73 27.65 27.23 27.67 28.47 27.43 28.24 28.96 27.52 27.40 27.72 26.63 25.71 27.18 28.08 28.06 28.18 27.28 27.19 27.21 27.35 28.96 30.60 29.35 29.84 32.96 34.81 33.13 33.32 32.87 33.91 32.42 33.28 33.79 34.68 35.02 34.30 33.98 33.22 34.18 34.60 32.76 31.41 31.35 31.79 30.80 31.76 29.68 27.25 24.89 24.38 23.90 23.79 22.87 23.40 23.82 22.69 22.00 24.82 24.40 22.34 22.19 25.70 25.81 24.39 23.35 26.69 26.38 24.98 26.41 
33.99 33.10 29.53 27.14 23.49 22.08 20.42 18.54 15.35 12.84 11.55 10.08 7.38 5.68 0.00 5.98 7.57 8.70 11.04 11.04 10.65 10.99 10.46 12.06 14.03 14.46 16.39 18.25 18.37 20.42 21.58 23.52 23.53 25.00 26.55 27.66 27.97 30.50 32.78 32.42 32.87 30.85 30.18 25.92 23.96 21.70 19.84 19.32 20.06 20.32 17.94 18.49 17.42 17.60 17.87 18.51 18.99 20.49 20.85 21.48 22.49 24.57 24.21 23.67 24.06 26.00 26.33 26.85 25.67 25.49 24.81 24.67 22.75 24.15 24.94 24.89 23.84 26.00 25.46 23.17 23.62 26.00 24.16 23.67 26.02 27.10 25.71 27.73 28.47 28.89 31.86 32.70 31.19 32.83 34.42 35.17 33.40 31.00 30.27 27.60 24.32 22.78 20.46 19.03 18.19 18.36 17.27 16.35 15.53 15.47 15.23 16.23 16.86 18.87 20.69 20.01 22.59 22.27 20.58 22.39 25.44 23.96 24.78 28.13 29.85 29.02 31.13 34.66 36.59 35.93 33.59 30.89 27.35 25.92 23.92 23.17 22.23 22.34 20.69 21.89 21.85 22.31 22.57 25.78 26.87 26.08 26.93 28.39 29.27 30.13 29.79 29.63 30.05 28.50 27.65 28.81 31.90 31.73 30.07 29.28 27.00 26.55 26.08 26.47 26.69 28.01 27.61 27.18 27.60 28.34 27.37 28.29 29.04 27.40 27.44 28.09 26.50 25.69 26.95 27.92 27.78 27.71 27.31 27.30 27.09 27.66 29.30 30.92 29.35 30.13 33.74 35.28 33.36 33.52 33.65 34.79 32.43 33.67 34.24 34.97 35.18 35.07 34.76 33.57 34.44 35.09 33.67 32.12 31.94 32.41 31.74 31.92 30.05 27.59 25.27 24.67 23.87 23.65 22.86 23.19 23.36 22.43 22.20 24.92 25.07 22.72 22.98 26.37 26.78 25.50 26.22 27.82 28.01 27.50 27.92 
33.91 32.33 28.69 27.57 24.69 22.80 20.55 19.13 16.09 13.25 12.37 11.11 9.53 7.52 5.98 0.00 5.67 7.61 7.42 10.21 9.38 10.41 9.90 12.28 12.84 14.00 15.61 18.04 18.69 20.63 21.62 22.83 22.91 24.27 25.53 26.84 26.68 29.81 31.65 31.81 31.53 30.38 29.51 25.47 23.78 21.92 20.01 19.04 19.57 20.17 18.13 17.41 16.80 16.58 17.31 17.51 18.26 19.09 19.78 20.76 21.92 23.69 24.01 23.21 23.82 25.66 26.16 26.55 25.36 25.41 24.76 24.36 22.48 24.11 24.64 24.47 23.25 25.81 25.18 22.69 23.47 25.93 24.19 23.54 25.98 27.03 26.02 27.83 28.75 29.25 32.46 33.49 31.67 33.51 34.56 35.58 33.00 31.00 29.77 27.29 24.22 22.80 20.66 18.59 18.23 18.52 17.50 15.97 15.31 15.17 15.19 15.98 16.85 18.88 20.69 20.21 22.52 22.40 20.48 22.34 25.32 23.93 24.67 27.96 29.56 28.91 30.73 34.41 35.66 35.63 32.71 30.27 27.04 25.56 23.66 22.36 21.44 21.55 20.36 20.91 21.28 21.65 22.22 25.22 26.05 25.47 26.30 28.18 28.87 30.04 29.52 29.49 29.78 28.18 27.52 28.60 31.41 31.74 29.64 28.93 26.81 26.12 25.98 26.20 26.46 27.80 27.80 27.39 27.79 28.58 28.16 28.93 29.15 27.48 28.01 28.25 26.80 25.56 27.19 28.11 28.06 27.83 27.24 27.13 27.25 27.24 29.50 31.00 29.46 29.98 33.65 35.18 33.08 33.36 33.44 34.31 32.28 33.32 34.09 34.80 35.10 34.97 34.68 33.59 34.43 35.23 33.36 31.71 31.64 32.16 31.17 31.90 29.78 27.06 24.67 23.92 23.53 23.33 22.23 22.74 22.79 21.90 21.33 24.39 24.43 22.19 22.25 26.16 26.52 25.25 25.36 28.54 28.63 27.82 28.32 
34.88 33.63 28.83 28.00 26.08 24.12 21.08 20.32 17.07 15.13 13.78 12.41 12.05 9.76 7.57 5.67 0.00 5.47 7.04 8.54 9.67 10.98 10.98 13.27 14.63 14.81 17.00 19.97 19.77 21.98 22.52 23.84 23.80 24.93 25.78 27.03 27.17 30.16 32.10 31.93 32.34 31.03 30.48 26.44 25.00 23.26 21.48 20.26 20.77 21.47 18.75 18.24 17.84 17.57 17.41 18.00 18.90 19.89 20.06 21.20 22.41 24.33 24.36 23.96 24.49 26.47 26.91 27.28 26.39 26.60 25.96 25.41 23.80 25.36 25.76 25.46 24.50 26.80 26.05 23.96 24.66 27.19 25.41 24.96 27.41 28.93 27.72 29.59 30.62 31.43 34.47 35.26 33.58 35.23 36.57 37.30 35.23 32.94 31.45 29.08 25.76 24.30 21.74 20.34 19.55 19.81 18.31 17.34 16.29 16.24 16.18 17.05 17.84 19.65 21.84 21.09 23.97 23.35 22.06 23.57 26.40 25.04 25.53 28.85 30.20 29.70 31.47 35.12 36.56 36.40 33.99 31.75 28.48 27.21 25.13 23.56 22.23 22.71 21.44 21.78 21.97 22.42 23.02 25.46 26.31 25.88 27.14 28.67 29.44 30.34 30.52 30.48 30.83 29.07 28.38 29.62 32.74 32.44 30.89 30.17 28.15 27.50 27.25 27.40 27.59 28.76 29.15 28.50 28.82 29.76 29.38 29.91 30.27 28.70 29.26 29.87 27.88 27.05 28.45 29.51 29.18 28.94 28.36 28.86 28.65 28.75 30.52 32.47 30.69 31.17 34.69 36.30 34.21 34.25 34.19 35.34 33.43 34.47 34.92 35.90 36.66 36.16 35.71 34.77 35.92 36.43 34.64 33.12 33.02 33.47 32.38 32.78 31.10 28.64 26.01 25.55 24.86 24.38 23.26 23.49 23.72 22.66 22.07 24.81 25.00 22.35 22.60 25.66 25.78 24.71 26.66 28.03 27.87 27.58 29.36 
35.64 33.92 29.63 28.98 27.66 26.11 23.26 20.86 17.68 16.35 15.20 13.90 12.50 11.53 8.70 7.61 5.47 0.00 5.69 8.12 9.14 11.20 11.32 13.97 15.40 16.79 18.71 21.50 21.31 22.92 23.77 24.98 24.75 25.81 27.30 28.33 28.57 31.31 33.22 33.15 33.51 32.29 31.67 27.65 26.37 24.49 22.64 21.88 22.52 22.91 20.29 20.08 19.76 19.45 19.58 19.74 20.50 21.58 21.60 22.61 23.83 25.84 25.95 25.46 26.37 28.00 28.41 28.91 27.80 28.17 27.40 26.76 25.10 26.81 27.33 27.43 26.08 28.20 27.65 25.50 25.91 28.50 26.81 26.35 28.68 30.23 29.13 31.32 32.05 32.84 35.61 36.93 35.53 37.21 37.99 38.68 36.57 34.33 33.25 30.73 27.71 26.14 23.73 22.30 21.48 21.51 20.39 19.19 18.23 18.09 18.61 19.14 19.77 21.85 23.72 22.84 24.99 24.79 23.32 25.02 27.63 26.40 26.86 30.16 32.00 31.36 33.10 36.42 37.89 37.71 34.90 32.72 29.87 28.40 26.36 25.09 24.01 24.35 22.99 23.76 23.98 24.67 24.82 27.70 28.03 27.77 28.74 30.35 31.00 32.21 31.76 32.01 32.40 30.70 30.00 31.40 34.15 34.50 32.45 31.86 29.46 28.99 28.93 29.08 29.05 30.71 30.44 30.15 30.71 31.50 30.81 31.38 31.71 30.47 30.85 31.11 29.36 28.70 30.24 31.01 30.78 30.93 30.33 30.28 30.47 30.61 32.42 34.07 32.51 33.17 36.37 37.86 35.91 36.14 35.83 36.98 34.95 36.00 36.50 37.44 37.84 37.53 37.02 36.40 37.21 37.83 35.93 34.41 34.26 34.71 33.63 34.57 32.26 29.93 27.26 26.71 26.01 25.84 24.67 25.14 25.19 24.62 23.68 26.42 26.33 24.24 24.18 27.80 27.89 26.74 28.34 30.37 29.58 29.38 30.40 
36.34 35.33 31.79 30.37 27.47 26.19 23.09 22.02 17.34 16.75 14.66 13.72 12.50 11.79 11.04 7.42 7.04 5.69 0.00 5.77 7.40 9.06 10.66 13.02 15.87 17.10 19.36 20.79 20.44 22.40 23.57 25.07 24.24 25.51 27.62 28.60 28.70 31.49 33.89 33.61 34.13 32.85 32.62 28.80 27.22 25.09 23.33 22.50 22.96 23.49 21.38 21.32 20.44 20.68 21.26 21.20 21.44 22.99 23.29 23.92 25.43 27.24 27.30 26.84 27.66 29.17 29.66 29.89 29.02 28.68 28.47 27.69 26.01 27.36 28.28 27.98 26.80 28.71 28.31 26.11 26.47 28.70 27.24 26.78 29.16 30.34 29.27 31.49 32.71 33.17 35.93 37.25 36.06 37.52 38.63 39.26 37.28 35.03 34.26 31.82 28.57 26.77 24.64 23.04 21.91 21.76 20.60 19.56 18.56 18.73 19.28 20.01 20.76 22.75 24.77 23.54 26.22 25.63 24.18 25.40 28.03 26.87 27.22 30.52 32.27 31.84 33.43 36.84 38.48 37.96 35.16 33.33 30.67 29.06 27.12 25.76 24.65 24.99 23.67 24.62 25.06 25.39 26.05 28.22 29.24 28.45 29.56 30.98 32.22 32.86 32.88 32.57 33.74 31.95 31.37 32.11 35.27 34.98 33.69 32.63 30.30 29.78 29.89 29.72 30.19 31.24 31.26 30.63 31.34 31.85 31.28 31.92 32.82 31.23 31.71 31.97 30.43 29.61 31.28 31.82 31.95 31.77 31.71 31.33 31.62 31.73 33.52 34.85 33.33 34.00 37.55 38.70 36.73 36.84 37.21 37.82 35.59 36.71 37.49 37.88 38.35 37.95 37.80 36.42 37.55 38.19 36.77 35.25 35.06 35.30 34.41 34.62 32.94 30.32 27.72 26.96 26.32 25.93 25.02 25.19 25.72 24.70 24.65 27.33 27.41 24.74 25.18 28.18 28.61 27.70 28.36 30.00 29.45 30.16 31.04 
36.03 34.55 30.94 30.05 28.19 26.33 24.11 21.52 17.92 15.77 14.01 13.60 13.43 12.05 11.04 10.21 8.54 8.12 5.77 0.00 5.82 7.69 8.76 11.75 14.76 16.37 18.51 20.64 20.24 22.12 23.23 24.34 24.06 25.29 26.86 27.78 27.81 30.50 32.78 32.70 32.95 31.93 31.56 27.86 26.52 24.41 22.78 22.09 22.66 23.05 21.20 21.21 21.16 20.98 21.72 21.86 22.25 23.28 23.21 24.52 25.54 27.77 27.56 27.13 27.64 29.25 29.57 30.17 28.69 28.75 28.39 27.84 25.73 27.28 27.79 27.95 26.21 28.54 27.82 25.76 25.92 28.34 26.64 26.40 28.62 30.03 29.05 31.44 32.42 32.93 35.80 37.23 35.89 37.27 38.13 38.86 36.83 34.49 33.54 31.21 28.39 26.81 24.47 22.88 21.91 22.00 20.83 19.80 18.87 19.10 20.03 20.67 21.65 23.55 25.51 24.46 26.56 26.21 24.37 25.94 28.44 27.14 27.40 30.65 32.15 31.40 33.13 36.83 38.01 37.71 34.65 32.69 29.66 28.05 26.13 25.13 24.07 24.66 23.44 24.21 24.47 25.26 25.49 28.10 28.49 28.05 28.93 30.53 31.42 32.89 32.46 32.61 33.17 31.72 30.98 31.94 34.72 35.09 33.04 32.73 29.91 29.43 29.34 29.60 29.70 31.26 31.23 30.92 31.13 31.93 31.64 32.30 32.49 31.24 31.73 32.21 30.71 30.19 31.56 32.45 32.16 32.53 31.64 31.82 31.63 31.95 33.56 34.96 33.37 34.04 37.23 38.93 36.54 37.02 36.82 37.91 35.71 37.04 37.56 38.52 38.59 38.37 37.87 36.95 37.80 38.55 36.41 35.31 34.76 35.23 33.87 35.04 33.04 30.83 27.60 27.03 25.97 26.37 25.19 25.81 25.71 25.13 24.88 27.40 27.00 24.87 24.45 28.27 28.52 27.16 29.02 30.37 29.56 29.19 30.17 
34.59 32.96 27.67 26.72 25.48 23.22 20.14 19.08 14.78 12.70 11.60 10.21 11.61 11.07 10.65 9.38 9.67 9.14 7.40 5.82 0.00 5.89 7.09 10.50 11.83 14.26 17.88 19.57 19.09 19.62 21.01 22.31 22.07 23.15 24.46 25.23 25.51 28.36 30.09 29.82 30.47 29.42 29.16 25.69 24.47 22.58 20.97 19.95 21.14 21.45 18.99 19.28 19.27 19.34 19.49 19.64 19.96 20.79 21.13 21.81 23.26 25.11 25.50 24.62 25.41 27.06 28.08 27.93 27.07 27.14 27.26 26.33 24.46 25.59 26.24 25.51 24.14 26.20 25.94 23.44 24.37 26.51 25.15 24.04 27.03 28.53 27.83 29.40 30.76 31.24 34.17 35.19 33.94 34.82 36.20 36.90 35.04 32.51 31.19 29.10 26.36 24.38 21.91 20.87 20.67 20.08 18.81 17.94 16.95 17.45 18.38 19.34 20.52 22.21 24.14 23.17 25.29 24.60 22.89 24.38 26.56 25.18 25.29 28.68 29.72 29.07 30.77 34.25 35.66 35.65 32.43 30.67 27.89 26.23 24.26 22.83 22.09 22.72 21.61 21.89 22.35 22.76 23.47 25.54 26.17 25.54 27.14 28.30 29.27 30.26 30.88 30.54 31.56 29.63 29.20 29.89 33.07 32.71 31.36 30.50 28.59 27.66 27.72 27.35 27.84 29.03 29.52 28.79 29.38 30.00 30.12 30.31 30.51 29.14 30.46 30.76 29.31 28.44 30.36 30.75 30.64 30.34 30.39 30.03 30.28 30.06 32.11 33.47 31.84 32.06 35.72 37.14 35.36 35.11 35.32 36.41 34.82 35.78 36.49 37.12 38.22 37.56 37.15 35.77 37.14 37.13 35.47 33.82 33.86 33.86 32.92 33.46 32.64 29.73 27.20 26.02 25.18 25.21 24.57 24.64 24.94 23.78 23.61 25.69 25.76 22.77 22.73 25.74 25.49 24.54 26.12 27.27 26.27 26.22 28.70 
33.57 31.45 26.49 25.72 24.12 22.84 19.83 16.61 12.15 11.79 9.66 9.17 9.70 10.55 10.99 10.41 10.98 11.20 9.06 7.69 5.89 0.00 5.02 8.09 10.01 12.23 14.65 16.61 16.65 18.11 19.05 19.94 20.43 21.14 22.56 23.18 23.94 26.53 28.05 28.20 28.81 27.68 27.32 23.59 22.53 20.29 19.07 17.96 18.79 19.47 17.77 17.92 18.19 17.95 18.64 18.60 19.07 20.15 20.05 20.96 22.59 24.39 24.65 23.98 25.20 26.50 27.20 27.26 26.59 26.59 26.08 25.24 23.71 24.94 25.27 25.05 23.40 25.27 24.56 22.00 22.77 24.98 23.48 22.35 25.77 26.91 25.99 27.89 29.13 29.34 32.39 33.56 32.17 33.19 34.21 35.06 33.16 30.79 29.51 27.36 24.43 22.86 20.42 19.63 18.80 18.25 16.99 16.47 15.93 16.33 17.61 18.27 19.70 21.41 23.00 22.13 24.06 23.85 21.89 22.92 25.27 23.76 24.14 26.93 28.48 27.70 29.57 32.76 34.22 33.91 30.63 28.62 25.77 24.09 22.12 21.20 20.47 20.89 19.92 20.38 20.84 21.69 22.18 24.84 25.56 25.10 26.37 27.84 28.87 29.89 29.78 29.65 30.94 28.65 27.84 28.60 31.66 31.28 29.54 28.73 26.63 25.94 26.06 25.78 26.22 27.86 28.21 27.62 28.60 29.28 29.25 29.57 30.07 28.88 30.03 30.42 28.91 28.12 29.83 30.26 29.99 29.83 29.46 29.07 29.27 29.05 30.94 32.47 30.97 31.15 34.49 36.21 34.40 34.12 34.22 35.39 33.91 34.88 35.37 35.95 37.18 36.42 35.81 34.40 35.87 35.77 33.75 32.04 32.34 32.14 31.18 31.92 30.81 27.89 24.97 23.96 23.30 23.09 22.27 22.60 23.06 22.09 21.64 23.92 23.98 21.32 21.24 24.84 25.08 23.27 26.20 27.20 25.58 25.25 27.35 
31.34 29.75 25.54 24.06 21.04 19.34 16.62 13.32 9.02 7.32 6.72 6.98 8.88 9.16 10.46 9.90 10.98 11.32 10.66 8.76 7.09 5.02 0.00 6.57 7.49 9.44 11.49 13.50 13.30 14.64 16.45 16.95 16.80 17.46 19.50 20.39 20.77 23.44 25.38 25.36 26.04 24.87 24.64 21.06 19.83 17.57 16.20 14.89 15.36 16.40 15.17 16.09 15.68 15.55 16.00 16.31 17.30 18.61 18.31 19.28 21.16 23.08 23.06 22.66 24.02 24.94 25.36 25.58 25.09 24.33 23.86 23.16 21.80 22.43 22.88 22.42 21.40 22.53 22.09 19.28 20.50 22.16 20.95 20.10 23.52 24.36 23.46 25.02 26.12 26.23 29.31 30.39 29.12 29.85 31.26 31.89 30.01 27.38 26.42 24.02 21.07 19.13 17.38 15.80 14.99 14.09 12.88 12.51 12.42 13.39 14.76 15.45 17.46 19.19 20.89 19.60 22.38 21.99 20.03 20.88 23.13 21.50 21.74 24.41 25.67 24.99 26.68 29.92 31.38 30.54 27.44 25.29 22.80 20.93 19.03 17.94 17.24 17.63 16.67 17.43 17.87 18.61 19.38 21.95 23.32 22.88 24.18 25.60 27.37 28.04 27.80 27.45 29.23 26.71 25.46 25.62 29.05 28.17 26.78 25.36 23.92 23.25 23.52 22.88 23.50 25.26 25.71 25.02 26.08 27.02 26.89 27.31 28.32 26.99 28.23 28.64 27.55 26.31 28.15 28.42 28.61 27.83 27.69 27.07 27.41 26.76 28.51 29.91 28.65 28.36 32.04 33.73 32.05 31.50 31.95 32.90 31.36 32.04 32.78 33.08 34.38 33.59 33.09 31.29 32.97 32.78 30.94 29.12 29.27 28.94 27.86 27.71 26.76 23.54 21.14 19.84 19.59 18.65 17.43 17.65 19.00 18.05 17.83 20.93 21.35 18.64 18.59 22.00 22.41 21.17 22.25 24.43 23.16 23.70 25.55 
30.43 28.62 24.60 23.70 20.89 18.28 15.59 12.18 8.18 7.21 6.66 7.26 9.40 11.26 12.06 12.28 13.27 13.97 13.02 11.75 10.50 8.09 6.57 0.00 6.62 7.52 9.46 9.09 11.25 12.26 14.17 14.01 14.48 15.32 17.27 17.86 18.66 21.43 23.36 23.41 23.96 22.87 22.53 18.73 18.19 15.64 14.23 13.16 14.32 15.51 14.14 15.16 15.52 15.03 15.49 16.07 17.11 18.10 17.76 18.77 20.65 22.56 22.59 21.99 23.06 24.24 24.77 24.94 23.94 23.53 22.89 22.18 20.09 20.91 21.39 20.60 19.33 20.41 20.24 17.22 18.49 20.28 19.17 18.07 21.69 22.47 21.69 23.38 24.31 24.37 27.43 28.72 27.19 27.89 28.99 29.82 28.21 25.41 24.32 21.84 19.56 17.73 15.38 14.10 13.15 12.74 11.48 10.68 10.37 11.94 13.89 14.66 16.74 18.37 20.10 19.04 21.91 21.30 19.40 19.86 22.39 20.50 20.94 23.39 24.73 23.91 25.52 28.60 30.16 29.19 25.85 23.83 20.86 18.90 17.00 16.37 14.98 15.61 14.51 15.98 16.16 16.99 17.90 20.50 21.72 21.16 22.80 24.20 25.83 26.95 26.45 26.03 27.55 25.43 23.82 24.18 27.28 26.72 24.77 23.59 22.06 21.46 21.40 21.02 21.71 23.59 24.03 23.35 24.50 25.56 25.65 26.13 26.96 25.84 26.85 27.41 26.43 25.35 26.85 27.43 27.63 26.84 26.17 25.65 26.03 25.35 26.82 28.34 27.24 26.96 30.31 32.23 30.56 29.79 30.15 31.31 29.87 30.61 31.20 31.65 32.98 32.23 31.56 30.11 31.90 31.45 29.27 27.56 28.06 27.54 25.97 26.24 25.15 22.25 19.26 17.65 17.51 17.23 15.50 15.94 16.59 16.23 15.70 18.26 19.09 16.79 16.78 20.12 21.37 19.19 21.76 23.59 22.82 22.58 24.47 
28.72 27.01 22.04 20.32 18.91 16.25 13.92 10.85 6.84 6.23 7.43 6.88 9.85 11.87 14.03 12.84 14.63 15.40 15.87 14.76 11.83 10.01 7.49 6.62 0.00 5.71 6.68 8.22 9.10 10.90 11.89 12.84 12.42 13.88 15.22 15.75 15.94 19.19 21.16 21.50 22.28 20.94 20.67 17.12 16.64 13.94 13.03 12.19 13.75 14.83 13.82 14.62 14.33 14.26 14.31 15.07 16.11 17.04 16.63 17.88 19.57 21.31 21.35 20.73 21.79 23.13 23.78 23.78 22.76 22.27 22.08 21.09 18.97 19.71 20.31 19.09 17.95 19.29 19.14 15.84 17.07 19.23 17.81 16.48 20.24 21.50 20.57 21.85 22.91 22.95 26.02 26.83 25.12 25.67 26.82 27.97 25.95 23.13 21.63 20.05 17.89 15.95 13.93 12.53 12.52 11.73 11.12 10.13 10.31 11.78 13.62 14.46 16.47 18.39 20.07 19.07 21.90 21.11 19.16 19.60 21.68 19.88 19.99 22.49 23.43 22.52 24.27 27.36 28.90 28.03 24.55 22.15 19.48 17.60 15.86 14.37 13.13 13.57 13.46 13.55 14.74 15.81 16.72 19.28 20.05 19.86 21.66 23.02 24.36 25.45 25.42 24.58 25.86 23.73 22.46 22.47 25.90 24.93 23.37 22.02 21.05 19.92 19.89 19.12 20.44 22.06 22.56 21.73 23.20 24.03 24.38 24.70 25.68 24.32 25.64 26.18 25.48 24.01 25.52 25.97 26.51 25.35 24.63 24.08 24.73 23.70 24.98 26.54 25.57 25.12 28.50 30.43 28.96 28.15 28.31 29.65 28.53 29.05 29.65 30.12 31.81 30.79 30.06 28.39 30.33 29.78 27.44 25.89 26.45 26.05 24.64 24.72 23.95 21.31 18.91 17.37 16.77 16.42 15.18 15.33 16.12 15.58 15.13 17.68 18.10 16.00 15.35 18.81 19.01 18.05 19.14 21.21 21.05 20.88 23.23 
27.93 25.63 21.36 19.87 18.25 15.60 12.90 9.58 6.30 5.79 7.44 7.84 10.95 12.96 14.46 14.00 14.81 16.79 17.10 16.37 14.26 12.23 9.44 7.52 5.71 0.00 5.82 7.00 7.98 9.25 10.37 11.06 11.77 12.29 13.69 14.12 14.72 17.59 19.32 19.91 21.35 19.58 19.87 16.08 15.20 12.56 12.03 11.40 12.36 14.58 13.26 14.41 14.48 14.13 13.98 14.85 15.93 17.19 16.44 17.63 19.38 21.18 21.09 20.55 21.75 22.79 23.21 23.40 22.61 22.01 21.24 20.37 18.52 19.02 19.37 18.49 17.11 18.26 18.06 14.35 15.75 17.80 16.65 14.94 19.37 20.48 19.31 21.15 21.82 21.91 24.78 25.96 24.01 25.07 25.41 26.93 25.31 22.49 21.08 19.08 16.80 15.00 13.23 11.98 11.75 11.42 11.43 10.89 10.59 12.21 14.52 14.93 16.65 18.68 20.28 19.07 21.76 21.36 18.75 19.09 21.18 19.45 19.63 21.78 22.82 22.08 23.67 26.63 28.25 27.33 24.09 21.49 18.48 16.62 14.89 13.54 11.41 12.28 11.95 12.25 13.52 15.16 16.29 18.78 19.84 19.82 21.42 22.68 24.15 25.30 24.99 24.01 25.33 23.09 21.67 21.53 24.63 24.11 22.11 20.88 19.35 18.75 18.41 18.02 19.23 21.41 21.60 20.99 22.08 23.38 23.55 23.98 24.85 23.72 24.86 25.54 24.72 23.32 24.57 25.24 25.50 24.57 23.35 22.91 23.43 22.37 23.55 25.40 24.23 23.88 26.95 29.16 27.57 26.98 26.85 28.48 27.25 28.12 28.35 29.10 30.47 29.68 28.69 27.30 28.81 28.52 26.24 24.56 24.94 24.57 23.47 24.27 23.10 20.32 17.61 16.49 15.58 15.37 13.60 13.89 14.81 14.45 13.88 16.31 17.00 14.80 14.86 17.95 19.01 16.95 19.03 20.95 20.74 20.23 22.42 
26.42 24.77 20.96 18.89 16.59 14.29 12.51 8.82 6.10 6.91 8.10 9.20 13.31 14.71 16.39 15.61 17.00 18.71 19.36 18.51 17.88 14.65 11.49 9.46 6.68 5.82 0.00 6.70 7.78 7.73 8.59 10.13 10.91 11.25 12.27 13.25 13.89 16.43 17.73 18.61 19.93 18.98 18.70 14.90 14.21 11.81 11.08 10.07 11.85 13.80 13.11 14.69 14.40 14.21 13.93 14.79 16.06 17.70 16.45 17.49 19.18 21.25 20.85 20.41 21.37 22.52 22.69 22.96 22.14 21.17 20.32 19.59 17.74 17.90 18.15 17.32 16.02 16.75 16.56 12.82 14.30 16.22 15.09 14.20 18.45 19.43 18.43 20.20 20.84 20.78 23.81 24.62 22.86 23.49 24.05 25.42 23.54 20.68 19.25 17.17 14.99 13.14 11.69 10.39 10.84 10.75 10.39 9.56 10.23 12.03 14.25 14.07 16.36 18.39 20.06 18.53 21.59 20.89 18.35 18.81 20.80 18.81 18.93 21.30 21.96 20.90 22.75 25.77 27.27 26.34 22.96 20.46 17.54 15.82 13.89 12.09 10.99 10.50 11.52 11.48 12.90 14.22 16.03 17.81 19.20 19.26 20.85 22.08 23.75 25.10 24.46 23.42 24.82 22.27 20.66 20.44 23.60 23.04 20.92 19.64 18.25 17.66 17.66 17.07 18.09 20.26 20.89 20.04 20.82 22.17 22.76 22.98 24.07 22.89 24.42 24.85 23.92 22.45 24.11 24.39 24.68 23.66 22.93 22.05 22.24 21.09 22.54 23.99 22.86 22.34 25.80 27.93 26.13 25.52 25.69 27.22 25.85 26.80 27.32 27.83 29.02 28.44 27.80 25.98 27.45 27.30 25.42 23.62 23.63 23.32 22.37 22.96 21.83 18.82 16.23 14.90 14.35 13.96 11.87 11.84 13.14 13.02 12.26 15.07 16.23 14.28 12.79 16.71 16.99 15.71 16.63 19.00 18.66 19.20 21.29 
26.10 24.62 20.39 18.46 16.45 13.97 11.64 8.90 8.02 8.42 10.32 12.30 14.97 17.20 18.25 18.04 19.97 21.50 20.79 20.64 19.57 16.61 13.50 9.09 8.22 7.00 6.70 0.00 6.54 8.04 7.20 7.25 9.17 10.46 11.50 11.97 13.03 15.38 17.16 17.48 19.48 18.37 18.79 15.06 15.33 12.76 11.57 11.34 12.65 14.85 14.23 15.63 15.74 15.45 15.84 16.50 17.78 18.84 17.78 18.96 20.68 22.41 22.05 21.43 22.31 23.41 23.62 23.97 22.84 22.07 21.12 20.24 18.21 18.73 18.73 18.12 16.45 17.44 17.01 13.67 15.18 16.83 15.73 15.15 19.15 20.20 18.97 20.87 21.48 21.47 24.18 25.04 22.84 23.88 23.98 25.38 23.91 20.65 19.43 17.29 15.27 12.44 11.51 10.79 11.27 10.75 10.63 10.71 11.58 13.77 15.20 15.36 17.53 19.49 21.30 20.02 22.95 22.12 19.62 20.33 22.02 19.65 20.00 22.05 22.48 21.35 22.81 25.83 27.26 26.35 23.12 20.96 17.97 15.73 13.46 12.47 10.13 11.09 11.92 12.96 13.91 15.37 16.78 18.68 19.73 19.70 21.68 22.86 24.38 25.75 25.17 24.12 24.95 22.54 20.69 20.48 23.81 23.21 20.94 19.96 18.19 17.56 17.10 16.95 18.19 20.25 20.74 20.29 21.07 22.67 22.90 23.44 24.38 23.36 24.70 25.21 24.26 22.95 24.49 25.04 25.08 24.40 23.07 22.37 22.36 21.54 22.63 24.11 22.98 22.73 25.99 28.10 26.28 25.73 25.74 27.22 26.09 27.12 27.61 28.16 29.18 28.64 27.76 26.23 27.85 27.68 25.15 23.76 23.73 23.64 22.40 23.09 22.26 19.54 17.15 15.58 14.87 14.57 12.04 11.49 12.95 12.19 10.73 13.59 15.25 13.18 11.94 15.97 17.47 15.27 16.10 18.99 19.67 19.08 20.65 
