0.73 4.73 8.75 10.43 11.62 14.56 19.05 20.94 23.52 26.93 29.21 31.00 33.16 34.47 33.90 32.76 33.61 33.28 32.14 31.00 30.01 29.11 27.64 26.27 24.93 24.25 22.35 21.11 20.96 19.93 18.10 18.25 19.33 19.19 18.42 19.96 20.28 21.07 20.88 21.68 21.97 22.00 22.08 21.88 22.91 22.56 21.87 20.89 20.43 20.24 19.49 17.92 15.69 15.98 15.83 13.79 13.17 14.35 15.71 16.57 18.79 21.13 23.49 25.09 25.83 27.24 27.94 27.89 26.39 25.93 25.96 25.60 22.63 21.22 21.20 20.40 17.95 17.28 17.14 15.66 14.35 14.62 12.88 12.07 11.43 13.51 13.39 14.79 16.36 18.58 20.93 23.63 26.34 28.45 29.06 29.72 29.26 30.27 30.20 28.85 28.55 28.31 28.66 28.25 29.52 31.01 31.64 30.95 30.86 31.77 31.37 30.21 28.92 28.53 27.12 26.15 25.16 23.78 22.45 22.08 22.22 20.93 20.58 21.30 22.09 21.61 22.35 21.24 19.83 21.06 21.98 22.42 23.88 25.58 27.14 29.39 31.75 33.53 34.82 35.76 35.58 35.86 35.65 34.68 32.39 32.58 32.72 31.36 30.00 30.73 32.57 32.33 29.37 30.79 31.88 31.29 27.89 28.51 28.88 27.34 24.67 25.56 24.77 22.56 21.95 23.15 21.30 19.24 18.83 19.66 18.04 17.58 18.30 18.16 17.12 18.93 21.54 21.40 21.25 22.78 24.84 21.90 22.57 24.43 27.81 30.64 
4.73 0.36 5.59 7.37 9.70 12.72 16.35 19.22 22.14 25.69 27.98 29.04 31.92 32.94 32.96 31.05 32.74 31.34 30.52 29.11 28.49 26.69 25.81 24.21 22.81 21.88 20.18 18.32 18.26 17.81 15.80 15.82 17.54 17.30 16.08 18.18 18.26 19.47 18.52 20.05 20.06 20.18 20.06 19.82 20.74 20.28 19.82 18.94 18.29 18.81 17.94 16.97 14.65 14.22 14.57 11.76 10.96 10.82 12.74 14.24 16.25 19.15 21.61 23.43 23.92 25.24 26.39 26.24 24.56 23.65 24.02 23.64 20.46 18.15 19.44 18.28 15.47 14.35 15.82 13.57 12.48 13.42 11.10 10.81 9.71 11.21 11.10 12.28 13.51 16.83 18.81 21.58 24.29 26.89 27.88 28.60 27.67 29.02 28.79 27.33 26.76 26.38 26.83 26.26 27.90 29.47 30.13 29.42 29.26 30.26 29.69 28.61 27.21 26.77 25.17 24.06 23.38 21.82 20.20 19.94 20.48 18.98 18.84 19.90 20.78 20.21 20.77 19.86 18.21 19.41 19.64 20.32 21.95 23.88 25.08 27.54 30.12 32.09 32.89 34.43 33.98 34.07 33.25 32.55 30.26 30.25 30.46 28.89 27.89 28.22 30.77 30.18 27.06 28.45 30.08 29.52 25.47 26.13 27.13 25.42 22.22 23.67 23.02 20.23 19.50 21.34 19.55 16.94 16.86 17.77 15.48 14.82 16.12 15.76 14.30 16.21 18.84 19.17 19.24 20.51 21.60 20.28 21.13 23.91 25.42 31.08 
8.75 5.59 0.89 4.52 8.15 10.95 13.49 15.66 18.69 22.75 24.46 25.85 27.70 30.01 29.73 28.02 28.50 27.64 26.42 25.53 23.78 22.45 22.54 20.83 18.41 18.34 17.13 15.11 14.51 14.53 13.02 12.92 14.66 15.01 13.67 16.04 16.04 16.75 15.86 17.27 17.11 16.70 16.77 16.16 17.07 16.07 16.25 15.69 15.10 16.08 15.42 15.00 13.55 14.04 12.88 10.30 9.69 9.65 9.45 11.14 13.18 15.40 17.70 19.50 19.15 20.72 21.77 21.49 19.28 18.97 19.72 18.99 15.38 13.73 15.59 14.19 11.36 11.83 13.88 11.78 10.48 12.64 10.74 10.34 9.49 10.52 7.64 9.89 11.68 13.47 16.28 18.26 19.46 21.99 25.05 24.66 23.75 25.54 26.59 24.45 24.04 23.54 24.28 23.50 25.35 26.67 27.63 26.35 26.18 26.83 26.64 25.21 23.70 23.16 21.84 20.79 19.96 18.33 17.05 16.75 17.72 16.19 16.52 18.16 19.35 18.63 19.23 18.29 16.30 17.10 17.01 17.57 19.02 20.57 22.06 24.15 27.24 28.60 29.78 30.86 31.13 30.73 29.87 28.83 27.17 27.02 27.20 25.43 24.62 25.08 27.63 26.99 23.74 25.26 26.87 26.14 21.93 22.85 23.86 22.08 18.67 20.07 20.03 17.39 16.36 17.98 16.58 14.37 14.31 15.10 13.25 12.48 13.91 13.64 12.20 13.71 16.98 17.25 17.47 19.17 20.41 16.87 21.53 23.09 25.15 28.16 
10.43 7.37 4.52 1.47 5.96 8.66 10.31 13.45 16.31 19.74 21.19 23.89 25.17 27.57 26.93 26.27 26.69 26.10 23.92 22.99 21.27 20.34 19.19 17.89 15.81 15.77 14.00 12.51 12.40 12.23 11.09 11.45 13.83 14.00 12.92 15.35 14.87 15.64 14.43 15.93 15.67 15.08 15.10 14.73 15.98 14.79 14.64 13.95 13.85 14.63 13.94 13.82 13.65 14.45 13.81 9.94 9.87 9.13 9.19 9.35 10.59 13.28 15.11 17.18 16.84 18.26 18.53 19.01 17.16 16.77 17.34 16.91 14.14 11.93 14.04 11.86 9.67 9.97 12.67 10.51 9.47 11.04 8.50 9.26 9.19 8.78 5.12 7.38 10.26 11.45 13.12 15.80 17.54 19.96 21.50 21.73 21.04 23.01 23.40 22.39 21.92 21.58 21.70 21.31 22.92 24.49 24.74 24.01 23.42 24.37 23.46 23.08 21.05 21.04 19.40 18.92 17.97 16.44 14.79 14.69 15.68 14.47 14.68 16.39 18.01 17.33 17.90 16.98 15.06 15.31 14.69 15.26 16.30 18.10 18.82 21.30 23.68 25.90 26.43 28.27 28.37 28.60 27.28 27.00 25.43 25.79 25.40 24.37 22.95 23.45 25.43 25.44 21.93 23.55 24.56 24.59 20.39 21.30 21.80 20.72 17.11 18.38 18.12 16.01 14.79 16.22 14.70 12.81 12.91 13.42 11.24 10.75 12.46 11.36 9.37 11.56 16.15 15.55 15.76 16.23 18.47 16.67 20.69 20.92 23.53 28.34 
11.62 9.70 8.15 5.96 0.00 5.31 6.16 9.90 11.84 16.20 17.29 20.02 21.80 24.08 23.06 22.30 23.18 23.17 20.85 19.97 18.56 17.93 17.13 15.86 14.72 14.59 12.83 11.84 13.04 12.39 10.48 11.56 13.97 13.84 13.22 16.14 15.61 16.46 15.01 16.18 16.27 15.98 16.12 15.36 16.93 15.79 15.57 13.95 13.86 14.40 14.04 14.00 14.35 15.26 16.13 12.37 9.52 8.25 8.13 7.38 7.62 11.05 12.62 14.80 14.99 16.33 15.47 16.86 15.83 14.65 14.62 15.37 12.68 10.68 12.07 11.47 9.10 9.20 11.40 10.08 9.66 12.26 9.92 11.34 10.69 11.79 8.21 7.89 6.07 9.52 10.03 13.88 15.45 18.03 17.98 19.00 18.53 20.54 20.22 19.26 19.92 19.78 19.82 19.11 20.39 22.32 22.44 21.21 21.66 22.69 21.35 20.29 19.38 19.35 17.71 17.18 17.25 15.73 14.54 14.23 16.15 14.52 14.31 15.85 17.23 17.22 17.90 16.64 13.91 14.22 13.06 12.95 13.15 14.84 16.10 19.03 21.22 23.39 24.57 26.42 26.81 27.41 26.82 26.09 23.74 24.15 24.45 22.64 20.68 21.28 23.92 23.63 20.40 22.11 24.13 23.76 20.25 20.97 22.36 20.66 17.71 19.21 18.88 15.86 15.45 17.52 16.11 13.01 13.43 14.38 12.56 11.39 13.23 12.37 10.89 12.79 16.59 16.69 17.14 18.91 20.51 19.18 20.80 21.24 23.32 28.17 
14.56 12.72 10.95 8.66 5.31 0.20 6.41 7.01 10.45 14.24 15.50 17.89 18.97 22.03 20.92 19.97 20.74 20.97 18.82 18.81 17.06 15.83 15.30 13.47 12.44 12.40 11.13 9.97 11.27 11.35 9.98 11.37 14.84 15.53 14.29 17.77 17.00 18.12 15.84 17.39 17.04 16.86 16.52 15.65 16.78 15.53 16.08 14.75 14.46 15.72 15.70 16.07 16.33 17.28 18.43 15.48 12.52 9.32 8.93 7.86 8.82 9.77 11.31 13.79 13.57 15.35 14.64 15.20 14.91 12.80 13.18 13.95 12.21 9.18 12.35 11.69 10.07 10.90 13.28 11.93 11.33 15.02 12.61 13.83 12.98 13.72 10.89 7.97 7.06 7.08 8.14 11.56 13.67 15.82 16.77 18.58 17.66 19.60 19.15 18.12 18.76 18.72 18.57 18.45 19.18 21.56 21.21 20.43 20.48 21.39 19.74 19.11 18.08 18.07 15.96 15.71 16.20 15.08 13.67 14.16 15.90 14.65 14.79 16.63 17.88 18.42 18.93 17.91 14.74 15.02 12.93 12.32 12.45 14.10 14.51 18.20 20.85 22.94 23.43 25.91 26.17 26.48 24.98 24.81 22.48 22.88 22.49 21.10 19.24 20.04 22.55 22.55 18.92 20.82 22.59 22.74 18.61 19.76 21.15 19.99 16.84 18.66 18.23 15.31 14.96 17.36 15.82 12.93 13.07 14.39 12.11 10.99 13.07 13.00 11.41 13.46 16.51 18.03 17.33 19.19 19.91 18.18 19.69 21.46 22.94 28.54 
19.05 16.35 13.49 10.31 6.16 6.41 0.89 6.03 6.68 11.80 12.85 15.47 16.28 19.57 19.01 17.92 18.62 18.99 17.02 16.55 14.85 13.55 14.44 11.82 10.73 11.94 11.45 9.65 11.52 12.27 10.92 12.52 16.55 16.85 15.86 19.14 18.80 19.54 17.31 18.77 18.58 17.67 17.27 16.26 17.57 16.14 16.90 16.37 15.83 18.08 18.58 19.45 19.22 21.31 22.18 18.24 15.50 13.05 10.62 9.83 9.06 9.87 9.83 11.81 11.92 12.67 12.81 13.10 12.17 10.51 10.79 12.36 9.46 7.31 11.16 12.41 9.98 11.60 15.06 14.22 13.01 17.13 14.93 16.08 16.02 16.96 12.68 10.41 8.40 8.37 7.88 10.17 11.64 13.39 15.22 16.20 16.30 18.62 17.97 16.77 18.12 17.72 17.76 17.32 18.32 20.04 19.73 18.86 19.14 19.49 18.01 17.16 16.77 16.07 14.08 13.91 15.29 13.70 13.04 13.31 15.92 14.77 15.34 17.66 19.16 19.10 20.24 19.02 15.96 15.56 13.15 12.25 11.96 12.80 13.27 16.44 19.47 21.24 21.53 24.25 25.13 24.95 23.22 23.10 21.26 21.21 20.91 19.30 17.94 18.58 21.18 21.05 17.61 19.65 21.59 21.31 17.71 19.00 20.46 19.11 16.24 18.16 18.22 15.23 14.87 17.31 16.15 13.41 13.95 15.12 13.48 12.30 14.33 14.20 13.19 14.38 17.68 18.25 18.61 20.21 20.55 17.73 20.74 21.77 24.11 28.68 
20.94 19.22 15.66 13.45 9.90 7.01 6.03 1.00 4.93 7.06 9.47 12.47 14.40 17.11 16.79 15.76 17.57 16.81 14.38 12.63 10.69 9.91 10.56 6.83 6.83 9.26 9.41 7.27 10.52 13.41 12.18 13.61 17.83 19.15 17.82 20.60 20.41 21.37 18.85 20.07 19.90 19.27 18.43 17.21 18.90 17.54 18.19 17.70 17.49 19.96 20.58 21.59 21.75 23.83 24.97 20.94 17.63 15.55 13.10 10.39 9.07 8.95 8.52 9.83 10.20 10.62 9.53 11.04 11.60 8.99 10.17 11.92 10.47 8.29 12.47 13.70 12.62 14.41 17.98 17.59 16.86 20.14 17.96 19.54 19.05 20.04 15.21 12.90 11.03 9.23 9.13 8.72 10.33 12.08 12.99 13.12 14.02 16.95 16.33 15.24 16.67 15.70 15.51 15.55 17.14 18.67 17.64 16.86 17.37 17.83 15.75 15.31 14.79 14.50 12.53 12.82 14.01 13.61 12.61 13.23 16.06 16.15 16.55 18.58 20.30 20.43 20.97 19.72 16.48 15.97 12.64 11.74 11.26 11.87 12.20 14.54 17.51 20.23 20.63 23.13 23.68 23.84 22.35 22.18 20.18 20.43 20.21 18.83 16.95 17.55 20.30 20.23 16.63 18.76 20.50 20.46 16.95 18.51 20.15 18.80 16.05 18.04 18.38 15.47 15.23 17.61 16.67 14.03 14.55 15.98 14.07 13.84 15.60 15.57 14.06 16.61 19.84 20.30 19.47 21.31 21.75 19.13 20.43 22.21 23.91 28.22 
23.52 22.14 18.69 16.31 11.84 10.45 6.68 4.93 0.33 5.13 5.82 9.20 11.38 14.34 13.85 12.88 14.76 14.53 11.98 10.92 8.98 8.78 10.04 8.49 8.09 11.07 11.24 11.09 13.94 16.04 15.03 16.39 19.96 20.95 19.72 22.75 22.69 23.59 21.10 22.30 22.56 21.59 20.90 19.75 20.57 19.69 20.11 19.94 19.97 22.67 23.38 24.93 24.67 26.86 27.79 24.34 20.59 18.49 16.31 13.39 10.57 9.97 8.30 9.22 8.89 8.22 6.33 9.41 9.98 7.21 8.57 12.04 11.36 10.50 14.08 15.50 14.86 16.88 20.24 20.18 19.60 23.57 21.57 22.58 22.07 23.84 19.96 16.98 12.99 11.79 10.51 10.41 9.41 10.62 11.74 12.28 12.79 15.33 16.13 15.24 16.19 15.10 14.94 14.84 16.43 18.12 17.30 15.15 15.96 16.79 14.13 13.41 12.66 13.47 12.01 13.11 14.82 14.56 14.41 15.57 18.38 18.20 18.15 20.52 22.38 22.40 22.63 21.25 17.96 17.90 14.30 13.16 12.45 12.67 12.07 14.01 16.03 18.63 19.96 22.64 23.09 23.87 22.32 22.10 19.67 20.21 19.99 18.29 16.06 16.77 19.12 19.25 16.06 18.58 19.96 20.24 16.64 18.79 20.30 19.28 16.63 19.31 19.16 16.38 16.40 19.43 18.21 15.74 16.26 17.98 16.14 15.86 18.01 17.68 16.73 18.46 21.70 21.87 22.17 23.78 23.86 21.38 22.60 23.94 26.35 27.86 
26.93 25.69 22.75 19.74 16.20 14.24 11.80 7.06 5.13 1.58 4.96 6.77 9.48 12.90 13.02 12.34 14.10 14.43 11.92 11.16 9.33 9.12 10.48 8.73 8.99 11.32 12.54 13.52 15.19 17.88 17.62 19.54 22.87 23.79 23.34 25.62 25.60 25.90 23.91 25.06 25.06 24.07 23.30 22.58 23.20 22.57 23.41 23.08 23.13 25.56 26.87 27.69 27.75 29.59 31.12 27.84 24.02 21.16 19.69 17.30 13.44 11.69 10.36 10.95 9.85 9.46 8.65 9.97 10.63 9.33 10.89 14.23 13.83 13.72 17.67 19.33 18.18 20.34 23.48 23.11 23.32 26.76 25.25 25.87 25.80 26.66 23.46 19.88 16.48 14.57 12.83 12.19 11.07 11.90 13.09 14.17 14.39 16.67 17.17 16.05 17.31 17.03 17.24 16.64 17.81 19.78 19.02 16.89 17.11 18.21 15.63 15.00 14.33 15.09 13.53 15.18 16.84 16.85 16.73 18.13 20.08 19.92 20.39 22.29 24.12 24.39 24.98 23.27 20.66 20.79 17.66 16.26 14.98 14.46 13.01 14.25 16.50 18.43 19.60 22.65 23.65 23.62 22.20 21.69 19.79 20.07 19.58 18.12 16.21 16.63 18.87 19.23 16.12 18.67 20.46 20.86 17.21 19.22 21.19 20.21 17.80 20.40 20.29 17.88 17.77 20.68 19.96 17.73 18.17 19.93 18.25 18.08 19.96 20.18 19.77 21.34 23.91 24.47 25.12 25.95 25.87 23.77 24.92 26.27 27.53 28.12 
29.21 27.98 24.46 21.19 17.29 15.50 12.85 9.47 5.82 4.96 1.82 5.03 7.13 10.19 11.98 11.12 13.34 13.28 11.08 10.60 9.39 8.49 10.65 8.98 10.05 13.28 14.55 14.38 17.27 19.43 19.05 20.89 23.84 25.29 24.93 27.70 27.25 27.81 25.69 26.89 27.22 25.80 24.94 24.38 25.02 24.71 25.33 25.51 25.34 28.05 29.32 30.36 29.83 32.18 33.57 30.18 25.73 23.14 21.45 18.59 15.26 12.68 10.51 10.43 9.97 9.27 8.96 10.05 11.39 10.85 12.64 15.92 15.61 15.98 20.31 21.78 20.33 22.35 25.35 25.03 24.85 28.39 27.32 28.04 27.93 28.65 25.25 21.64 18.66 16.51 14.77 13.60 11.57 12.69 13.67 14.85 15.55 18.19 17.86 16.92 18.16 18.26 18.17 17.95 18.75 20.30 20.10 18.16 17.98 18.75 16.79 16.35 15.77 16.32 15.27 16.52 18.04 18.40 18.43 19.55 21.41 21.39 21.87 24.28 25.76 26.01 26.77 25.42 22.61 22.46 19.68 18.01 16.91 15.33 13.48 14.45 16.18 17.94 18.53 22.16 23.13 23.36 21.12 21.48 19.21 19.41 18.76 17.52 15.25 15.84 18.44 18.73 15.73 18.78 20.49 21.18 17.36 19.65 21.37 20.83 18.23 21.08 21.29 18.93 18.55 21.78 21.21 19.25 19.45 21.67 20.45 20.21 21.60 21.98 22.14 23.37 26.30 26.24 26.14 27.33 26.70 25.11 26.00 26.74 28.89 30.64 
31.00 29.04 25.85 23.89 20.02 17.89 15.47 12.47 9.20 6.77 5.03 0.34 5.41 8.48 9.61 10.26 12.57 13.24 11.25 10.53 9.80 8.89 11.22 9.46 11.08 14.84 15.30 15.34 18.13 20.79 20.12 21.62 25.57 26.74 26.08 28.68 28.43 29.00 26.55 28.06 28.35 27.25 26.29 25.85 27.20 26.17 26.81 26.73 26.89 29.40 30.58 31.36 31.07 33.48 35.47 31.60 27.04 24.84 23.28 19.74 16.53 15.18 11.72 10.69 10.35 9.18 8.95 11.05 12.53 11.44 14.26 17.56 17.12 17.72 21.53 22.66 21.41 23.24 26.64 26.04 25.69 29.34 28.28 28.82 28.86 29.63 26.35 22.59 19.72 17.98 16.39 14.97 12.94 14.24 14.84 15.46 16.28 18.69 18.51 17.72 19.20 18.40 17.50 18.17 19.75 21.41 20.65 19.12 19.25 19.78 17.46 17.45 17.05 17.64 16.45 17.66 19.07 19.19 19.23 20.56 22.53 22.53 22.90 25.45 26.74 27.04 27.30 25.74 22.83 23.21 20.22 18.77 17.52 16.39 14.90 14.81 16.42 17.71 18.70 21.78 22.47 22.90 21.33 21.35 18.94 19.36 19.29 18.00 15.15 16.16 18.66 19.31 16.15 19.27 20.75 21.39 17.63 20.02 21.62 21.04 18.29 21.35 21.71 19.24 18.88 22.36 21.79 19.59 20.36 22.41 21.05 20.99 22.51 22.85 22.68 24.54 27.09 27.61 27.50 29.50 28.78 27.64 27.77 29.91 30.84 31.24 
33.16 31.92 27.70 25.17 21.80 18.97 16.28 14.40 11.38 9.48 7.13 5.41 2.44 6.14 7.26 7.48 10.74 11.60 10.58 11.24 11.10 10.46 13.01 13.05 14.17 16.02 17.37 17.97 20.30 22.06 21.80 23.42 27.01 28.11 26.95 29.75 30.19 30.66 28.13 29.62 30.61 29.12 28.44 28.20 29.62 28.54 28.82 28.58 29.16 31.28 32.43 33.00 33.06 35.63 37.71 33.96 29.24 26.77 25.15 22.08 19.23 17.82 15.33 14.56 12.82 12.00 11.30 13.87 14.74 14.27 16.10 19.75 18.98 19.37 22.71 24.38 23.22 25.14 27.88 27.82 27.55 30.92 29.61 30.21 30.46 31.51 27.96 23.95 21.14 19.55 18.40 17.29 16.23 17.10 17.41 18.22 18.31 20.53 20.23 20.58 21.49 20.27 19.43 20.10 22.06 23.83 23.05 21.33 21.53 22.38 19.92 19.90 19.84 20.17 18.92 19.96 21.36 21.35 21.44 22.69 24.91 24.56 24.74 26.88 28.74 28.86 28.77 27.11 24.38 25.07 21.86 20.20 19.18 18.46 17.13 17.63 18.12 19.76 20.10 22.87 22.81 23.85 22.56 22.48 20.12 20.65 20.59 18.67 16.34 17.20 19.45 19.94 17.35 19.86 21.34 22.07 18.50 20.63 22.37 21.94 19.69 22.49 22.86 20.42 20.58 23.66 23.09 21.31 22.14 23.98 22.77 22.96 24.54 24.65 24.70 25.86 28.70 28.80 29.62 31.17 30.43 29.41 30.27 31.63 32.24 31.73 
34.47 32.94 30.01 27.57 24.08 22.03 19.57 17.11 14.34 12.90 10.19 8.48 6.14 1.00 6.21 7.16 9.25 11.52 11.69 13.02 12.76 12.89 14.93 15.06 16.11 17.77 18.84 20.16 21.82 23.69 23.65 25.07 28.43 29.61 28.58 31.67 31.66 32.18 29.49 31.45 31.74 30.83 29.74 29.85 31.16 30.17 30.62 30.50 30.82 33.07 33.97 34.30 34.63 37.03 38.74 35.16 31.01 28.49 26.91 24.42 21.91 19.89 17.88 17.97 15.67 15.25 14.92 17.10 17.89 18.00 20.00 22.56 21.86 22.75 25.41 26.78 25.85 27.44 29.84 29.74 29.73 33.22 31.33 32.04 32.62 33.74 29.92 26.55 24.14 22.53 20.68 19.91 18.78 19.89 19.68 20.60 20.62 22.64 22.65 22.54 23.34 22.56 22.73 22.99 24.37 26.10 25.70 24.25 24.11 25.02 22.85 22.80 22.18 23.07 21.80 22.61 23.66 23.77 23.87 24.84 26.71 26.40 26.53 28.96 30.12 30.31 30.05 28.93 26.79 27.10 24.29 22.69 21.64 20.85 19.15 19.66 20.67 21.73 21.89 24.09 24.23 24.79 22.75 22.78 21.09 21.56 20.86 19.47 17.16 18.08 19.62 19.55 17.45 20.13 21.83 22.30 19.11 20.91 22.85 22.83 20.71 23.49 23.95 21.90 21.85 25.05 24.68 23.05 23.74 25.56 24.65 24.69 26.32 26.55 26.56 27.56 30.41 31.19 31.65 33.11 32.30 31.88 32.22 33.23 33.01 32.77 
33.90 32.96 29.73 26.93 23.06 20.92 19.01 16.79 13.85 13.02 11.98 9.61 7.26 6.21 2.14 5.22 8.11 9.71 10.02 11.51 11.12 10.85 13.51 13.64 14.46 16.78 18.31 19.40 21.08 22.99 22.86 24.55 27.70 28.67 28.29 31.43 31.50 31.81 29.18 31.14 31.82 30.48 29.19 28.87 30.13 29.50 29.94 29.85 30.45 32.39 33.36 34.09 34.45 36.11 37.87 34.38 30.30 27.74 25.76 23.58 21.03 19.45 16.77 17.03 15.07 14.38 14.37 16.39 17.23 17.95 19.84 22.62 22.19 22.56 25.59 26.48 25.55 26.94 29.17 28.66 29.17 32.34 31.07 31.63 32.48 33.11 29.46 26.20 23.65 21.97 19.58 18.84 17.24 18.44 18.47 19.52 19.43 21.94 21.99 21.71 22.42 21.93 22.28 22.46 23.91 25.50 25.27 24.10 23.75 24.58 22.81 22.30 21.48 22.30 21.36 21.89 23.03 23.39 23.44 24.47 26.29 25.68 25.78 28.36 29.87 29.35 29.99 28.86 26.34 26.47 24.03 22.16 20.98 20.00 18.40 19.03 19.95 21.23 20.86 23.46 23.34 23.50 20.99 21.39 19.36 19.58 18.79 17.23 15.70 16.03 17.51 16.95 15.26 17.92 19.16 20.28 16.99 19.38 21.03 21.38 19.45 22.20 22.87 20.66 21.21 24.20 24.05 22.21 22.99 25.03 24.30 24.23 25.76 26.27 26.68 27.72 30.47 30.80 30.11 32.10 31.63 31.65 30.39 31.96 32.55 31.99 
32.76 31.05 28.02 26.27 22.30 19.97 17.92 15.76 12.88 12.34 11.12 10.26 7.48 7.16 5.22 0.00 5.79 7.16 6.86 9.06 9.75 8.97 12.03 11.79 13.06 15.19 17.24 17.63 19.15 20.99 21.29 23.20 26.14 27.33 26.69 30.31 29.94 30.69 28.01 29.88 30.59 29.32 27.74 27.44 28.92 27.95 28.22 28.40 28.81 31.10 32.16 32.86 32.64 34.83 36.23 33.01 28.77 26.55 24.74 22.08 19.79 17.98 15.70 15.61 13.57 12.72 13.49 15.64 16.72 16.66 18.58 21.50 20.31 21.03 23.73 25.00 23.77 25.39 27.98 27.83 27.91 31.35 30.02 30.29 30.54 31.24 27.83 24.64 21.93 19.66 17.69 17.15 15.31 16.54 16.47 18.00 17.86 20.05 19.82 19.57 20.75 19.70 19.56 20.27 22.22 24.12 23.65 22.50 22.42 23.52 21.25 20.65 19.98 20.79 19.32 20.22 21.59 21.61 21.47 22.66 24.74 24.23 24.18 26.93 27.80 27.89 27.73 26.70 23.88 24.40 22.02 20.13 19.28 18.04 16.50 17.10 18.79 19.82 19.84 21.95 22.06 22.02 19.89 19.81 17.44 18.03 17.18 16.00 12.86 14.08 15.45 14.67 12.87 15.83 17.19 18.07 14.32 16.93 19.09 19.20 17.09 20.29 20.87 19.09 18.93 22.72 22.10 20.47 21.46 23.64 22.37 22.57 23.94 24.72 24.87 26.31 28.87 29.42 29.43 31.49 30.83 31.01 30.86 32.68 32.86 32.79 
33.61 32.74 28.50 26.69 23.18 20.74 18.62 17.57 14.76 14.10 13.34 12.57 10.74 9.25 8.11 5.79 1.57 5.94 7.06 8.97 9.98 10.24 12.96 13.86 15.17 15.74 17.96 19.40 20.48 22.05 22.74 24.24 27.18 28.23 27.81 30.62 30.97 31.55 29.24 31.14 31.52 30.50 28.83 29.07 30.61 29.50 29.36 29.58 30.06 32.31 33.21 33.74 33.75 35.94 37.85 34.34 30.16 27.84 26.08 23.89 21.35 20.07 17.52 18.12 16.20 15.81 15.83 17.95 19.16 19.28 20.42 23.10 22.75 23.13 25.76 26.64 25.90 27.57 30.29 30.24 30.77 33.90 32.74 32.69 32.80 33.71 30.23 26.79 23.51 21.84 19.94 19.07 17.32 18.31 17.95 19.38 19.55 21.45 20.86 20.94 22.06 20.99 20.68 21.59 23.62 25.55 25.43 24.12 23.91 25.09 23.14 22.46 21.96 22.35 21.35 21.98 23.34 23.27 23.30 24.31 26.20 25.83 25.82 28.01 29.77 29.19 29.31 28.09 25.74 25.94 23.37 21.97 21.18 20.10 18.41 19.32 20.25 21.51 21.52 23.65 23.42 23.63 21.42 21.33 18.97 19.29 19.12 16.85 14.31 14.97 16.89 16.38 13.80 16.46 18.11 18.79 15.12 17.34 20.09 20.19 18.10 20.69 22.19 20.21 20.50 23.33 23.22 21.59 22.99 24.71 23.90 23.66 25.51 26.07 26.18 27.32 29.65 30.40 31.02 32.58 31.65 32.41 31.82 33.80 34.37 34.27 
33.28 31.34 27.64 26.10 23.17 20.97 18.99 16.81 14.53 14.43 13.28 13.24 11.60 11.52 9.71 7.16 5.94 0.00 5.79 8.05 8.44 9.35 11.58 12.81 13.96 14.32 16.08 17.79 19.40 20.68 21.29 23.38 26.58 27.67 27.13 30.41 30.38 30.92 28.50 30.26 30.63 29.57 28.11 28.08 29.46 28.52 28.71 28.78 29.47 31.86 32.67 33.26 33.31 35.45 36.62 33.28 29.28 26.95 25.04 22.77 20.66 19.01 16.54 16.99 15.50 15.49 16.15 18.15 19.73 19.77 20.66 22.72 22.04 22.69 25.10 26.18 25.74 27.27 30.18 29.93 30.60 33.65 32.32 32.34 32.28 33.01 29.47 26.08 23.45 21.63 19.56 19.22 17.02 18.08 17.58 18.94 18.85 21.31 21.05 20.72 21.42 20.72 21.30 22.21 23.56 25.38 25.51 24.46 23.83 24.99 23.03 22.83 22.04 22.51 21.53 22.06 22.88 23.20 22.83 23.92 26.43 25.61 25.67 28.22 29.49 29.04 28.61 27.64 25.72 25.58 22.81 21.49 20.83 19.14 17.74 18.44 20.16 21.18 21.09 23.30 23.29 23.08 20.74 20.60 18.91 19.61 18.99 16.75 14.66 14.95 16.69 13.15 12.48 15.09 17.17 18.46 14.84 16.19 18.76 19.68 16.87 20.02 21.32 20.04 19.54 22.90 22.72 21.59 22.30 24.30 23.31 23.39 24.96 25.93 25.53 26.61 29.36 30.26 30.40 31.99 31.51 31.71 31.75 34.09 34.22 34.01 
32.14 30.52 26.42 23.92 20.85 18.82 17.02 14.38 11.98 11.92 11.08 11.25 10.58 11.69 10.02 6.86 7.06 5.79 0.17 5.26 6.71 6.91 8.63 9.70 11.57 12.42 13.93 15.22 17.18 18.15 18.68 20.94 24.52 25.01 24.75 27.75 28.18 28.41 26.17 27.88 28.21 27.22 25.94 25.34 26.63 25.73 26.23 25.93 26.64 28.94 29.97 30.51 31.14 32.98 34.13 30.70 26.42 23.90 21.94 19.47 17.44 16.11 13.33 14.06 12.81 12.81 13.21 15.76 17.60 17.97 18.99 20.95 20.14 20.50 23.26 24.13 23.18 24.94 27.55 27.13 27.32 30.27 29.20 29.19 29.05 29.76 26.03 22.79 20.57 18.92 16.81 15.82 13.80 14.79 15.27 16.52 16.41 19.16 19.56 18.67 19.61 19.21 19.91 20.19 21.83 23.36 23.74 22.13 22.06 22.72 21.60 20.90 20.41 20.69 20.01 20.04 21.29 21.17 20.79 22.09 24.57 23.73 23.53 25.75 27.34 26.41 26.55 25.19 22.95 22.57 20.55 18.77 17.87 15.95 14.96 15.78 17.38 18.71 18.92 21.20 21.54 21.36 18.94 18.29 16.87 17.38 16.35 13.22 12.04 12.87 12.04 9.30 9.40 13.18 14.96 14.82 12.40 14.60 16.49 16.25 15.08 18.27 19.16 17.18 17.79 21.10 20.84 19.22 20.26 22.25 21.64 21.24 23.10 23.79 23.56 25.00 27.85 28.11 27.40 29.44 29.78 30.21 29.00 31.69 32.98 32.52 
31.00 29.11 25.53 22.99 19.97 18.81 16.55 12.63 10.92 11.16 10.60 10.53 11.24 13.02 11.51 9.06 8.97 8.05 5.26 0.00 5.85 6.68 7.91 8.25 10.15 12.11 12.87 13.53 15.79 17.11 17.04 19.09 22.77 23.85 23.57 27.12 27.05 27.73 25.18 26.83 27.40 26.40 24.98 24.50 25.83 24.87 24.85 25.05 25.43 27.76 28.47 29.49 29.87 32.03 32.79 29.63 25.84 23.18 20.34 18.49 16.74 14.89 12.18 13.25 12.88 12.64 13.19 15.25 17.53 16.86 18.03 20.46 19.34 19.58 22.16 23.40 22.45 23.92 26.54 26.23 26.35 29.55 28.05 28.08 27.64 28.42 24.79 21.68 19.12 17.50 15.25 14.95 12.10 13.59 14.34 15.37 15.88 18.52 18.64 17.80 18.93 18.60 18.43 19.14 21.11 23.45 23.40 21.88 21.66 22.90 20.93 20.66 19.70 20.11 18.77 19.45 20.57 20.66 20.37 21.56 23.60 23.00 22.94 24.87 25.78 25.51 25.53 24.19 21.12 21.44 18.97 17.44 16.39 14.82 13.66 14.30 16.33 18.26 18.96 20.89 21.14 21.64 19.22 18.60 16.19 17.31 16.68 14.02 11.86 11.65 13.00 11.35 10.18 13.21 15.39 14.32 11.29 13.94 15.76 15.54 13.77 17.41 18.09 16.34 17.12 20.47 19.93 18.41 19.72 21.76 20.51 20.65 22.10 22.83 22.62 24.08 26.48 27.16 26.83 28.72 28.68 29.02 28.61 30.78 31.56 32.05 
30.01 28.49 23.78 21.27 18.56 17.06 14.85 10.69 8.98 9.33 9.39 9.80 11.10 12.76 11.12 9.75 9.98 8.44 6.71 5.85 0.46 5.17 6.94 6.69 8.10 10.51 11.53 12.01 13.69 15.65 15.24 17.28 21.13 22.25 22.31 25.35 25.81 26.21 24.10 25.92 26.23 25.22 24.06 23.85 25.43 24.03 23.75 23.65 24.07 25.99 26.74 27.45 27.81 30.03 30.76 27.28 23.03 20.60 18.61 16.71 14.78 12.54 10.32 11.32 10.97 11.04 11.82 13.53 16.09 15.61 16.25 18.85 18.54 18.84 21.67 22.59 21.86 23.49 25.86 25.41 25.77 28.65 27.27 26.84 26.48 27.12 23.57 20.24 18.02 15.82 14.40 12.61 10.25 11.94 13.07 13.59 13.96 17.02 17.33 16.25 17.64 17.40 17.25 18.12 20.45 22.51 22.78 21.08 20.85 21.69 20.07 19.59 19.48 19.03 17.86 18.78 20.05 19.31 19.12 20.62 22.83 21.77 21.80 23.45 24.53 23.95 24.00 22.74 20.26 20.13 17.78 16.35 15.51 14.53 12.74 13.60 15.62 17.69 18.65 20.89 20.73 21.19 19.52 18.92 16.51 17.08 16.71 14.74 11.73 11.63 14.02 14.13 11.86 14.22 15.02 14.95 11.37 13.21 15.43 14.74 12.63 15.64 16.49 15.17 15.33 18.81 18.18 17.16 18.47 20.51 19.38 19.37 20.99 21.60 21.35 22.50 24.99 25.57 25.40 27.22 26.86 28.44 27.28 29.39 30.36 30.93 
29.11 26.69 22.45 20.34 17.93 15.83 13.55 9.91 8.78 9.12 8.49 8.89 10.46 12.89 10.85 8.97 10.24 9.35 6.91 6.68 5.17 0.05 5.85 6.47 6.93 7.71 9.78 10.74 11.73 13.53 14.48 15.77 19.39 20.32 20.55 23.77 23.84 24.57 22.67 24.16 24.51 23.69 22.89 22.51 23.71 22.64 22.62 22.48 22.42 24.63 25.20 26.29 26.33 28.43 29.23 25.50 21.50 19.16 16.68 14.65 13.21 10.98 9.44 10.29 9.98 10.70 11.83 13.94 15.77 15.03 15.73 18.26 17.67 17.83 20.07 20.93 20.10 21.99 24.04 23.62 23.73 26.90 25.29 25.01 24.42 25.63 21.89 19.11 16.45 15.06 12.78 12.49 10.26 12.38 13.27 14.27 13.61 16.94 16.86 16.09 16.97 16.68 16.84 17.83 20.10 22.21 22.19 20.53 20.69 21.55 19.77 19.37 19.27 19.11 17.97 18.23 19.60 19.07 18.26 19.61 22.02 21.15 20.84 22.51 23.85 23.44 23.12 21.98 19.61 19.47 17.24 15.80 15.13 13.12 12.74 13.90 16.04 17.94 18.93 21.35 21.08 21.42 19.44 19.32 17.04 17.66 17.30 15.03 12.88 13.02 14.73 13.83 12.03 14.49 15.43 15.28 12.42 12.52 14.52 14.29 11.65 14.64 15.57 13.84 13.32 17.32 17.01 15.40 16.53 19.01 17.93 17.80 19.46 20.15 19.74 20.68 23.55 24.28 24.27 25.59 25.99 26.70 26.36 28.00 29.07 30.25 
27.64 25.81 22.54 19.19 17.13 15.30 14.44 10.56 10.04 10.48 10.65 11.22 13.01 14.93 13.51 12.03 12.96 11.58 8.63 7.91 6.94 5.85 0.47 5.93 7.57 7.05 7.28 9.74 11.29 11.91 11.68 14.70 17.59 18.37 17.84 21.42 21.42 22.48 20.34 22.25 22.36 21.84 21.23 20.99 21.91 20.57 20.81 20.27 20.50 22.51 23.11 23.62 24.61 26.58 27.33 23.74 19.57 17.12 15.74 13.23 12.85 11.46 10.48 11.22 11.38 12.13 12.91 14.42 15.85 15.28 15.98 17.87 16.88 16.76 19.15 19.60 18.23 20.09 22.49 21.52 21.07 24.35 22.70 22.32 21.86 22.93 19.48 16.90 15.07 13.54 11.23 11.88 10.76 12.21 13.59 15.01 14.90 17.31 16.81 16.11 17.18 16.86 16.70 17.42 19.88 21.77 21.87 20.53 20.78 21.47 19.99 19.48 19.10 19.19 17.82 18.12 19.15 18.65 17.83 18.84 21.16 19.98 19.52 21.51 22.67 22.26 22.42 20.85 18.24 18.02 16.24 14.99 13.57 11.43 11.82 13.96 15.71 17.19 18.55 21.18 21.07 21.23 19.22 18.54 16.50 17.40 16.77 13.85 12.54 13.31 14.96 13.54 11.46 14.61 15.26 14.81 12.06 13.16 13.76 12.57 10.42 13.47 13.87 11.37 11.86 15.60 14.83 13.06 14.48 16.88 15.27 15.20 17.26 17.87 17.14 18.87 21.70 22.02 20.77 23.32 24.15 25.19 23.13 25.88 27.44 28.31 
26.27 24.21 20.83 17.89 15.86 13.47 11.82 6.83 8.49 8.73 8.98 9.46 13.05 15.06 13.64 11.79 13.86 12.81 9.70 8.25 6.69 6.47 5.93 0.00 5.49 7.49 6.51 6.60 8.90 10.84 10.41 11.98 15.47 16.61 15.91 19.48 19.17 21.07 18.30 20.62 20.96 20.73 20.07 20.17 21.11 20.33 19.96 20.05 19.54 21.67 21.50 22.76 23.44 24.77 25.59 22.29 19.97 16.76 14.60 12.39 12.86 9.36 9.47 10.80 11.82 12.44 13.47 14.69 15.91 14.61 14.89 17.15 16.19 16.19 18.11 18.84 17.46 19.18 21.11 20.68 20.19 23.20 21.39 21.22 20.96 22.03 18.92 15.99 14.36 13.11 11.13 11.36 10.31 12.38 14.20 14.97 15.56 17.92 17.09 15.61 16.63 16.43 16.16 17.13 19.37 21.80 21.90 20.76 20.78 21.52 19.68 19.76 19.12 18.87 17.47 18.13 19.05 18.50 17.76 18.65 20.70 19.64 19.54 20.97 22.09 21.82 21.79 20.77 18.03 18.33 15.65 14.46 13.72 12.33 12.21 13.78 16.24 18.09 19.07 21.36 21.32 21.65 19.62 19.24 16.84 17.46 17.08 15.19 13.10 13.79 15.98 15.32 12.90 14.82 15.67 15.63 12.03 13.51 13.77 12.16 10.82 12.87 12.75 11.39 11.68 14.68 13.94 12.77 14.27 15.77 14.49 14.57 16.53 16.80 16.16 17.46 20.04 20.59 20.23 21.59 22.71 23.60 22.45 24.17 26.38 28.00 
24.93 22.81 18.41 15.81 14.72 12.44 10.73 6.83 8.09 8.99 10.05 11.08 14.17 16.11 14.46 13.06 15.17 13.96 11.57 10.15 8.10 6.93 7.57 5.49 0.69 6.03 7.37 6.06 6.68 9.99 10.42 11.31 13.84 15.56 15.29 18.30 17.94 19.87 17.76 19.99 20.28 20.27 19.85 19.48 20.90 19.39 19.35 19.18 19.27 20.51 20.60 21.31 21.98 23.32 23.83 20.47 17.45 14.51 13.38 10.96 10.42 6.23 7.07 9.68 10.06 11.04 13.38 14.51 15.69 14.18 15.36 17.71 16.73 16.16 18.28 18.93 17.82 18.88 20.65 20.21 19.83 22.62 20.68 20.68 20.73 21.53 18.21 15.49 14.41 13.17 12.01 11.90 11.51 14.17 15.25 15.66 16.39 19.16 18.64 16.39 17.02 17.28 17.07 17.85 20.09 22.29 22.96 21.61 21.71 21.96 20.44 20.27 20.22 19.59 17.91 18.79 19.94 18.67 17.81 18.75 21.04 19.92 19.11 20.58 21.94 21.69 21.78 20.57 18.17 18.35 15.76 14.57 13.99 13.94 13.64 15.18 17.39 19.05 20.04 22.56 22.58 22.56 20.74 20.43 18.13 18.21 17.89 16.57 14.35 14.93 17.08 16.93 13.74 15.95 17.00 16.29 13.41 13.71 14.66 13.17 10.75 12.49 13.07 11.31 11.42 13.69 13.37 12.88 13.64 15.50 13.87 14.42 15.74 16.17 15.31 16.52 18.53 19.77 19.07 20.54 20.93 21.68 21.64 23.47 25.21 26.33 
24.25 21.88 18.34 15.77 14.59 12.40 11.94 9.26 11.07 11.32 13.28 14.84 16.02 17.77 16.78 15.19 15.74 14.32 12.42 12.11 10.51 7.71 7.05 7.49 6.03 0.12 5.45 6.85 6.15 6.78 8.50 10.64 11.97 13.21 13.85 16.61 16.15 18.27 16.83 18.49 19.06 19.03 19.06 18.57 19.91 18.79 18.75 18.21 17.58 19.26 19.01 19.84 19.93 21.44 22.38 18.82 16.24 14.27 12.76 11.18 11.42 9.44 10.67 12.45 12.90 14.05 15.87 17.06 17.59 16.09 16.93 18.46 17.22 16.63 18.58 18.86 17.55 18.56 20.27 19.68 19.18 21.97 20.08 20.40 20.07 21.24 17.54 15.29 14.08 13.26 11.53 12.74 13.28 16.08 16.97 18.03 18.04 20.47 20.16 18.31 18.85 18.53 18.77 19.37 21.39 23.82 24.45 23.02 23.15 23.92 21.88 22.13 21.45 21.30 19.59 19.91 20.54 19.72 18.45 19.53 21.42 20.26 19.70 21.28 22.29 22.15 22.54 21.33 18.70 18.74 16.37 15.29 14.67 14.17 15.00 16.73 18.14 20.10 21.12 23.75 23.55 23.80 21.93 21.88 19.28 19.56 18.95 17.05 14.93 15.69 17.92 16.72 12.51 15.86 17.13 16.65 12.66 12.98 14.33 13.26 9.45 11.13 12.23 9.84 8.45 12.06 12.47 10.47 11.12 14.16 13.67 12.81 14.90 15.69 15.05 15.66 18.42 18.85 19.04 20.04 21.01 21.19 20.88 23.05 24.83 26.58 
22.35 20.18 17.13 14.00 12.83 11.13 11.45 9.41 11.24 12.54 14.55 15.30 17.37 18.84 18.31 17.24 17.96 16.08 13.93 12.87 11.53 9.78 7.28 6.51 7.37 5.45 0.00 5.29 7.05 5.80 5.93 8.79 11.14 11.72 10.95 14.56 13.82 16.34 13.78 16.97 17.40 17.23 17.09 17.08 18.51 16.90 16.98 16.17 15.71 17.07 16.74 16.88 17.14 19.05 21.17 17.35 14.40 12.15 12.29 8.48 10.47 10.20 11.39 13.03 13.69 14.37 15.63 16.83 17.76 16.93 17.18 18.59 16.56 16.29 17.93 18.20 16.28 17.79 19.32 18.44 17.33 20.56 18.39 18.60 18.31 19.13 15.45 13.30 13.24 12.07 10.22 12.46 14.21 15.92 17.05 18.54 18.69 20.95 20.65 19.02 19.55 19.06 19.15 19.19 21.52 23.85 24.32 22.85 23.53 24.24 22.73 22.20 21.64 21.30 19.76 19.51 20.32 19.23 18.35 19.09 20.89 19.46 18.71 20.90 21.89 21.48 21.99 20.60 17.71 18.04 15.81 14.73 14.33 13.42 14.94 16.68 18.24 20.00 21.06 23.56 23.57 24.03 22.21 21.78 19.15 19.56 19.30 17.09 15.00 16.21 18.49 17.33 13.95 16.73 17.41 17.17 14.35 14.30 14.55 12.88 10.18 11.46 11.81 8.67 7.78 10.86 10.61 7.88 8.65 11.99 10.40 8.65 11.54 13.15 12.25 13.27 16.46 17.15 15.97 17.58 19.37 18.86 19.30 21.04 23.34 24.58 
21.11 18.32 15.11 12.51 11.84 9.97 9.65 7.27 11.09 13.52 14.38 15.34 17.97 20.16 19.40 17.63 19.40 17.79 15.22 13.53 12.01 10.74 9.74 6.60 6.06 6.85 5.29 0.00 5.13 6.71 5.77 6.32 9.17 10.27 9.63 12.67 12.99 14.01 11.17 14.51 15.93 16.04 15.76 16.38 17.85 16.47 15.92 15.59 14.21 15.86 14.96 16.49 16.53 18.48 19.26 16.14 14.15 11.72 9.60 5.93 8.71 7.62 10.20 12.60 13.59 15.01 16.21 17.42 18.32 17.27 17.72 19.08 17.59 16.92 18.20 18.49 17.00 17.82 19.15 18.50 17.79 20.57 18.12 18.38 18.24 19.27 15.63 13.80 13.19 13.02 12.04 14.36 15.23 17.32 18.56 19.76 19.84 21.97 22.02 20.17 20.52 20.13 20.31 20.57 22.38 24.71 25.35 23.89 24.44 25.26 23.08 23.13 22.25 22.00 20.15 20.51 20.91 19.90 18.96 19.90 21.58 20.28 19.83 21.65 22.73 22.49 22.61 21.58 19.16 19.36 16.86 16.00 16.00 15.97 16.43 17.87 19.86 21.83 22.62 24.93 24.90 25.51 23.64 23.34 20.66 21.06 20.48 18.57 16.61 17.75 19.72 19.27 15.94 18.48 18.97 18.31 15.30 16.02 15.55 13.79 11.52 13.00 12.05 9.95 9.41 11.68 10.80 9.63 10.37 12.07 10.98 10.59 12.50 12.96 12.23 13.30 15.84 16.15 15.79 17.70 19.26 18.74 18.73 21.17 23.33 25.29 
20.96 18.26 14.51 12.40 13.04 11.27 11.52 10.52 13.94 15.19 17.27 18.13 20.30 21.82 21.08 19.15 20.48 19.40 17.18 15.79 13.69 11.73 11.29 8.90 6.68 6.15 7.05 5.13 0.07 5.48 6.55 6.17 7.14 9.71 10.20 12.81 12.37 15.34 13.82 16.50 16.69 17.37 17.68 17.84 18.72 16.70 16.38 15.75 15.29 16.00 15.81 16.52 17.18 18.83 19.95 16.61 13.60 10.94 11.20 8.89 9.62 7.63 11.53 14.66 14.96 15.42 18.25 19.56 20.63 19.28 19.84 21.52 20.20 19.51 20.17 20.81 19.46 19.80 20.33 19.92 19.10 21.75 19.62 19.46 19.05 19.94 17.14 14.89 14.33 14.54 14.90 16.30 17.43 19.58 20.93 21.80 22.24 24.38 24.71 23.01 22.99 22.77 22.71 23.07 24.39 26.86 27.47 25.87 26.04 27.07 25.22 24.74 24.12 23.96 22.33 22.64 22.89 21.92 20.85 21.54 23.41 22.31 21.33 22.97 24.25 23.99 23.86 22.86 20.69 21.22 18.48 17.99 17.70 18.40 18.53 20.08 21.95 24.28 25.13 27.37 26.95 27.57 25.80 25.53 23.22 23.29 22.61 21.27 19.33 19.66 21.93 21.55 18.51 20.42 21.25 20.75 17.00 16.77 17.92 16.42 12.93 13.51 13.74 11.82 10.54 11.51 11.64 10.76 10.40 11.83 11.23 12.09 12.66 13.46 13.06 14.23 16.13 17.41 17.05 18.29 19.06 18.49 20.17 21.72 24.18 24.27 
19.93 17.81 14.53 12.23 12.39 11.35 12.27 13.41 16.04 17.88 19.43 20.79 22.06 23.69 22.99 20.99 22.05 20.68 18.15 17.11 15.65 13.53 11.91 10.84 9.99 6.78 5.80 6.71 5.48 0.00 5.19 6.84 5.88 6.74 8.87 11.73 10.83 13.84 14.17 15.57 16.28 17.29 18.01 17.58 18.23 17.04 16.36 15.09 14.42 16.24 14.93 16.16 15.53 18.16 18.91 15.71 13.44 11.57 11.59 10.75 12.80 11.97 14.64 17.50 17.94 18.48 19.95 21.41 22.34 21.34 21.53 22.61 21.13 20.02 20.83 21.03 19.69 19.53 20.46 19.56 19.14 21.73 19.68 19.95 19.10 20.49 17.48 15.57 14.78 15.52 15.54 17.99 18.84 21.06 22.19 23.39 23.66 25.99 26.16 24.51 25.03 24.41 25.08 24.65 26.45 28.60 29.32 27.80 28.02 28.93 27.18 26.54 25.57 25.39 23.77 23.69 24.17 23.09 21.84 22.83 24.45 23.09 22.15 24.31 25.43 25.21 25.15 24.14 21.96 22.29 20.36 19.17 19.18 19.46 20.24 21.29 23.23 25.35 26.47 28.45 28.07 28.64 26.80 26.72 24.15 24.22 23.84 22.38 20.47 21.10 23.14 22.59 19.14 21.44 22.21 21.79 17.86 17.63 18.19 16.55 12.81 12.61 13.31 11.15 8.36 9.32 10.48 8.71 7.60 9.94 10.45 10.01 11.10 13.10 12.89 13.38 15.91 16.89 17.20 18.78 19.64 19.25 19.88 22.45 23.91 25.27 
18.10 15.80 13.02 11.09 10.48 9.98 10.92 12.18 15.03 17.62 19.05 20.12 21.80 23.65 22.86 21.29 22.74 21.29 18.68 17.04 15.24 14.48 11.68 10.41 10.42 8.50 5.93 5.77 6.55 5.19 0.00 5.26 6.96 6.17 6.03 9.77 8.85 11.72 10.41 13.00 14.09 14.72 15.40 15.20 16.50 14.44 13.78 12.60 12.56 13.27 12.07 12.69 12.43 15.34 16.40 13.26 10.83 9.40 10.16 8.31 11.32 11.70 13.59 16.42 17.55 17.96 19.40 20.99 22.49 21.19 21.67 22.32 20.15 19.35 20.28 20.34 18.29 18.74 19.78 18.84 17.84 20.42 18.57 18.52 17.88 19.39 16.76 14.82 14.22 15.06 15.32 17.08 18.39 20.45 21.45 22.74 22.99 25.35 25.51 24.07 24.18 24.17 24.44 24.01 25.65 27.85 28.25 26.85 27.25 28.02 26.15 25.53 24.63 24.60 22.65 22.75 23.15 22.35 20.83 21.80 23.35 21.91 20.61 23.22 24.00 23.76 24.22 23.08 20.47 21.29 19.65 18.65 18.41 19.00 19.68 21.05 22.75 24.94 25.42 27.33 27.12 27.44 25.45 25.18 22.68 23.25 22.91 21.27 19.32 20.33 22.71 21.98 18.76 20.86 20.99 20.81 17.82 17.68 17.59 16.02 13.35 13.86 12.91 10.85 9.50 10.36 9.73 7.86 7.85 9.22 8.59 7.60 8.90 11.06 9.67 10.66 14.13 15.40 14.20 15.91 17.60 16.98 18.30 20.06 22.52 23.28 
18.25 15.82 12.92 11.45 11.56 11.37 12.52 13.61 16.39 19.54 20.89 21.62 23.42 25.07 24.55 23.20 24.24 23.38 20.94 19.09 17.28 15.77 14.70 11.98 11.31 10.64 8.79 6.32 6.17 6.84 5.26 0.00 5.85 7.40 6.11 7.84 8.93 10.24 9.60 12.35 14.69 15.08 16.30 16.68 17.07 15.06 14.49 13.35 11.48 13.59 11.03 12.72 11.72 14.95 15.89 13.00 11.36 10.05 9.61 7.69 11.03 12.82 15.09 17.65 18.69 19.74 20.75 22.55 23.40 22.71 22.89 23.70 21.63 20.86 21.59 21.83 19.83 20.07 21.16 20.44 19.62 21.67 19.73 19.79 19.42 20.64 18.76 16.69 16.51 17.25 17.71 19.36 20.86 22.27 23.79 24.66 25.26 27.15 27.37 25.98 26.37 25.82 26.27 25.89 27.33 29.41 29.60 28.56 28.73 29.51 27.70 27.26 26.19 26.00 24.47 24.48 24.78 23.93 22.88 23.42 24.84 23.55 22.98 24.92 25.75 25.39 25.52 24.66 22.39 22.98 21.11 20.62 20.54 21.01 21.47 22.78 24.86 26.78 27.21 29.12 28.76 29.48 27.46 27.12 24.81 24.92 24.60 22.98 21.08 22.02 24.30 23.94 21.03 22.58 23.31 22.84 19.63 20.01 20.16 17.66 15.23 16.00 14.98 12.50 11.71 12.97 11.86 10.01 10.33 11.52 10.54 10.10 11.40 11.98 11.14 11.98 14.90 15.39 15.54 17.66 19.06 18.53 18.96 21.48 23.40 24.88 
19.33 17.54 14.66 13.83 13.97 14.84 16.55 17.83 19.96 22.87 23.84 25.57 27.01 28.43 27.70 26.14 27.18 26.58 24.52 22.77 21.13 19.39 17.59 15.47 13.84 11.97 11.14 9.17 7.14 5.88 6.96 5.85 1.26 6.48 7.86 8.46 9.68 11.77 11.86 15.48 17.33 17.97 19.03 19.38 20.00 17.48 16.11 15.24 13.68 14.51 12.60 13.28 13.03 15.92 17.74 15.38 13.63 12.57 13.66 12.31 15.49 16.71 19.11 21.88 22.43 23.56 24.78 25.66 26.93 25.87 25.91 26.58 24.66 23.91 24.34 24.55 22.74 22.92 23.64 23.30 22.48 24.40 22.78 22.64 22.45 24.04 21.90 20.40 20.15 20.51 21.14 22.94 24.24 26.47 27.50 28.53 28.96 30.86 31.12 29.72 29.66 29.39 29.38 29.32 30.75 32.74 33.33 31.90 32.02 32.78 31.17 30.41 29.23 29.19 27.54 27.53 27.43 26.86 25.83 26.27 27.37 26.47 25.67 27.80 28.53 28.24 28.15 27.50 25.45 26.20 24.10 23.71 23.82 24.56 24.82 26.36 28.30 30.30 31.09 32.36 32.21 32.57 30.79 30.43 28.36 28.46 27.74 26.26 24.33 24.98 26.96 26.79 23.93 25.37 26.60 26.32 22.29 22.62 23.23 21.68 17.85 18.27 17.33 15.05 13.13 13.92 13.54 11.81 10.79 12.45 12.24 12.36 12.72 14.07 13.58 14.52 16.74 18.45 17.90 19.43 20.02 19.49 21.47 22.92 25.20 25.01 
19.19 17.30 15.01 14.00 13.84 15.53 16.85 19.15 20.95 23.79 25.29 26.74 28.11 29.61 28.67 27.33 28.23 27.67 25.01 23.85 22.25 20.32 18.37 16.61 15.56 13.21 11.72 10.27 9.71 6.74 6.17 7.40 6.48 0.26 6.18 8.43 7.95 9.98 11.88 13.85 16.64 17.68 19.18 19.15 19.99 17.86 16.12 14.20 12.28 14.09 11.54 12.64 12.18 15.17 17.68 15.32 14.18 13.41 14.17 14.26 16.88 17.72 20.03 22.45 23.11 24.14 24.58 26.34 27.21 26.37 26.06 26.93 25.04 23.86 24.42 24.64 22.93 23.06 23.77 23.12 22.69 25.17 22.88 22.82 22.41 24.21 21.95 20.22 19.88 20.88 21.58 23.23 24.69 26.94 27.97 29.14 29.24 31.73 31.64 30.29 30.57 30.16 30.76 30.15 31.64 33.51 34.17 32.98 32.96 33.74 32.11 31.32 30.15 29.89 28.41 28.13 28.58 27.66 26.35 27.10 28.39 27.11 26.12 28.51 29.45 28.98 28.87 28.54 26.23 27.10 25.48 24.71 24.78 25.40 25.88 27.11 29.12 31.12 31.64 33.53 33.09 33.56 31.61 31.39 29.41 29.39 28.65 27.19 25.41 26.15 28.24 27.70 24.67 26.31 27.48 27.11 23.20 23.46 23.93 22.27 18.80 18.78 17.92 15.44 13.09 13.58 13.11 11.38 9.13 10.39 11.58 10.87 10.48 12.80 13.00 13.59 15.79 17.08 17.77 19.27 19.97 19.72 20.58 23.21 24.54 25.59 
18.42 16.08 13.67 12.92 13.22 14.29 15.86 17.82 19.72 23.34 24.93 26.08 26.95 28.58 28.29 26.69 27.81 27.13 24.75 23.57 22.31 20.55 17.84 15.91 15.29 13.85 10.95 9.63 10.20 8.87 6.03 6.11 7.86 6.18 0.00 6.63 7.40 8.45 9.78 12.66 15.03 15.78 16.84 17.19 17.92 15.58 13.32 11.25 9.56 10.77 9.71 10.34 10.10 13.51 16.54 14.22 12.68 12.16 13.25 12.78 15.65 16.67 18.12 21.41 22.52 23.21 24.08 25.56 26.83 25.60 25.30 26.48 24.14 23.09 23.65 23.80 21.88 22.36 23.12 22.43 21.76 24.30 22.50 22.44 22.12 23.82 21.46 19.46 19.32 20.18 21.03 22.77 23.85 26.13 27.18 28.19 28.44 30.57 30.79 29.24 29.53 29.54 29.70 29.31 30.52 32.27 32.95 31.84 32.05 32.56 31.06 30.38 29.38 29.13 27.23 27.36 27.85 26.85 25.32 26.28 27.63 26.16 25.15 27.88 28.61 28.19 28.65 27.82 25.43 26.32 24.95 24.30 24.62 25.21 25.78 26.93 29.41 31.01 31.49 32.83 33.16 33.11 30.93 30.77 28.82 29.11 28.43 26.92 25.06 26.03 27.98 27.33 24.14 25.52 26.25 26.03 22.43 22.92 23.10 21.04 17.97 19.07 17.78 14.53 13.49 14.56 12.62 10.61 10.00 10.93 10.11 9.22 10.04 11.40 10.87 11.80 14.25 15.70 15.11 16.76 18.01 17.55 19.37 20.98 23.16 23.67 
19.96 18.18 16.04 15.35 16.14 17.77 19.14 20.60 22.75 25.62 27.70 28.68 29.75 31.67 31.43 30.31 30.62 30.41 27.75 27.12 25.35 23.77 21.42 19.48 18.30 16.61 14.56 12.67 12.81 11.73 9.77 7.84 8.46 8.43 6.63 0.00 6.16 8.38 9.03 11.53 15.27 16.37 17.84 18.91 19.38 17.60 15.18 13.57 9.55 12.86 10.29 12.73 13.56 17.80 19.13 17.52 15.36 14.59 14.66 14.60 17.17 18.81 20.48 23.22 24.64 25.45 25.89 27.25 28.37 27.64 27.38 28.17 25.88 24.87 25.77 25.67 23.69 24.03 25.07 24.47 23.75 26.74 24.66 25.37 24.99 26.76 24.74 22.95 22.67 23.46 23.96 25.65 26.96 28.76 29.92 31.12 31.14 33.43 33.20 32.34 32.46 31.91 31.99 31.71 32.79 34.71 35.08 34.61 34.05 34.89 33.21 33.02 31.57 31.37 29.73 29.90 29.91 29.26 28.06 28.54 29.58 28.65 28.10 30.54 30.85 30.78 30.93 30.70 27.96 29.00 27.31 26.98 26.78 27.79 28.17 29.69 31.80 34.01 34.14 36.05 35.49 36.24 33.93 33.75 31.37 31.52 30.94 29.77 27.66 28.49 30.44 30.68 27.11 28.86 29.39 29.38 25.36 26.52 26.55 24.61 21.04 22.86 21.48 18.07 16.83 18.67 16.32 14.27 14.11 14.97 13.67 13.01 14.11 14.85 13.90 14.65 17.04 17.74 18.33 19.86 20.84 20.34 20.99 23.05 24.81 25.60 
