2.21 5.85 7.85 9.44 12.00 14.23 18.52 19.64 23.37 24.79 26.30 28.13 29.15 28.87 28.18 26.81 24.14 22.67 22.42 22.29 23.31 22.80 23.18 24.46 25.67 24.78 24.40 24.74 25.11 24.83 25.34 25.28 25.98 25.94 25.42 25.31 27.09 27.70 26.63 26.02 28.34 29.44 29.48 28.00 29.09 29.53 29.59 28.12 28.20 27.97 26.92 25.44 26.02 25.33 23.00 21.96 21.62 20.61 18.51 17.52 16.66 15.91 15.05 15.94 15.56 16.37 17.81 18.57 18.84 20.37 21.17 21.22 21.52 21.65 21.25 21.44 21.94 21.12 21.57 21.54 20.99 20.95 22.81 21.44 23.02 23.63 26.21 
5.85 0.95 3.84 4.70 10.20 11.83 14.87 16.61 20.58 22.66 23.40 25.19 27.17 26.23 24.94 23.19 20.77 18.73 18.32 17.82 19.43 18.89 20.44 21.32 23.06 22.05 22.68 22.50 22.65 22.20 23.62 23.20 24.01 23.74 24.01 23.54 25.68 26.55 25.36 24.90 27.45 28.78 28.69 26.95 28.04 28.55 28.82 26.60 26.86 26.95 26.05 23.69 24.72 23.72 21.62 19.69 20.05 17.80 15.92 14.85 14.21 12.93 12.18 13.09 13.73 13.84 16.41 17.04 17.79 19.03 20.00 19.29 19.57 19.79 19.51 18.92 19.09 18.48 19.54 19.10 19.02 18.32 19.27 20.50 21.28 22.33 23.47 
7.85 3.84 0.78 3.77 7.50 8.99 12.34 13.36 17.43 18.75 19.91 22.77 24.26 23.90 22.92 21.26 18.02 15.49 14.63 14.33 15.70 15.02 17.90 18.97 20.26 19.83 21.10 20.85 20.61 20.67 22.50 21.73 21.89 21.56 21.74 21.53 22.94 23.58 22.62 21.99 24.46 25.63 25.84 23.68 24.54 24.85 25.50 23.17 23.24 22.98 22.65 20.25 20.97 20.17 18.73 16.83 16.92 15.48 13.81 12.49 11.68 9.07 9.86 10.29 10.41 10.79 14.65 15.57 16.31 17.45 18.83 18.38 17.68 17.63 17.53 16.63 16.75 15.70 16.87 17.54 17.31 16.00 16.52 18.41 20.84 21.48 21.86 
9.44 4.70 3.77 0.29 5.89 6.49 10.18 11.32 14.65 16.76 18.36 21.20 22.12 22.55 21.37 21.22 17.27 14.62 13.24 12.66 13.79 14.25 15.36 16.75 18.12 18.46 18.79 19.56 19.19 20.03 21.28 20.91 21.11 20.78 20.66 19.93 21.44 22.32 20.90 20.16 22.28 23.95 23.97 21.97 22.81 23.68 24.17 22.09 21.85 22.09 21.67 19.70 20.26 19.78 18.50 17.23 16.70 15.67 13.74 12.36 9.12 9.05 8.58 7.79 8.99 11.01 15.12 14.93 16.37 17.47 19.43 18.48 17.72 17.10 16.73 15.69 15.50 15.41 16.68 15.96 16.10 14.36 16.90 17.61 19.23 19.09 25.04 
12.00 10.20 7.50 5.89 0.00 5.80 8.40 10.57 14.08 17.15 18.98 21.58 22.42 22.75 22.13 21.94 19.15 17.85 16.79 16.75 16.12 16.92 16.79 18.58 19.93 19.77 18.54 19.33 19.05 19.82 20.49 20.36 21.67 21.79 20.60 19.96 22.91 23.95 21.85 20.87 24.18 26.03 25.72 23.34 25.23 26.04 26.08 23.27 23.42 23.07 22.48 20.10 21.80 20.40 18.77 17.03 18.16 16.08 14.42 11.24 9.93 8.97 9.94 10.11 11.62 13.28 17.88 18.30 19.51 20.25 20.79 20.26 20.43 19.06 17.91 17.20 17.05 15.72 16.43 16.61 16.83 17.45 19.95 17.60 17.24 19.95 23.89 
14.23 11.83 8.99 6.49 5.80 0.00 5.71 5.65 10.40 12.99 15.08 17.66 19.37 19.16 18.14 17.59 15.06 12.55 12.65 11.76 12.66 12.30 13.48 14.58 16.33 16.61 15.90 16.93 16.79 16.99 18.30 17.77 19.56 19.33 18.85 18.08 21.27 22.30 20.55 19.73 23.03 24.65 24.26 21.96 23.79 24.29 23.96 21.11 21.34 20.86 20.19 17.62 19.58 17.89 16.51 15.89 16.97 14.61 12.42 11.56 9.95 8.89 9.68 11.10 12.61 14.40 18.18 19.65 20.35 20.41 20.77 20.28 19.43 18.32 17.44 16.42 15.20 13.67 14.90 15.80 15.58 15.80 18.43 18.42 17.81 19.93 22.69 
18.52 14.87 12.34 10.18 8.40 5.71 0.94 5.87 8.42 12.25 14.24 17.36 19.04 19.35 19.01 18.40 14.85 12.94 12.63 12.40 13.11 12.14 13.49 14.40 15.81 16.29 16.09 16.74 16.77 17.28 18.23 17.69 19.31 19.25 18.56 18.28 21.10 21.95 20.55 19.73 22.78 24.82 24.57 22.06 23.77 23.95 23.65 20.86 21.13 20.16 19.35 16.85 19.18 17.69 16.36 14.92 16.73 14.33 13.65 12.02 11.59 9.32 11.51 12.48 13.98 15.44 19.80 20.86 22.33 22.76 23.08 22.38 21.50 20.54 19.33 17.62 15.96 15.03 15.69 16.96 17.29 16.58 18.26 17.50 18.40 19.77 21.86 
19.64 16.61 13.36 11.32 10.57 5.65 5.87 0.00 5.12 5.92 8.50 12.58 14.72 14.61 13.66 15.00 11.05 9.39 8.93 9.92 10.29 10.79 11.18 10.95 12.15 12.20 12.21 13.12 13.18 13.79 15.38 14.76 16.11 16.17 15.45 15.77 18.38 19.72 17.39 17.56 20.65 22.83 22.30 20.23 21.60 22.15 21.76 19.08 19.27 18.58 17.17 14.79 17.15 16.15 14.79 13.50 15.29 13.30 12.28 11.28 10.65 9.71 11.24 12.13 13.74 15.60 19.92 20.79 22.35 22.50 22.81 22.16 21.25 19.62 17.82 16.16 14.99 14.67 14.85 14.98 15.81 15.30 16.61 17.32 17.60 19.32 22.61 
23.37 20.58 17.43 14.65 14.08 10.40 8.42 5.12 0.00 5.70 6.78 10.62 13.80 14.70 13.33 13.59 10.88 10.22 10.05 10.21 10.79 12.56 12.62 12.06 11.81 11.20 9.71 11.80 12.19 12.45 14.12 14.24 15.29 15.68 14.90 14.73 18.11 19.38 17.44 17.50 21.07 22.95 22.41 20.29 21.96 22.67 22.27 19.20 19.28 18.32 17.63 14.82 17.35 16.11 15.35 13.83 15.18 12.83 13.06 12.76 12.61 11.62 12.87 14.83 15.84 17.61 22.08 23.18 24.36 24.51 24.44 23.64 22.80 21.44 19.26 17.52 16.68 15.56 15.72 16.37 16.30 16.63 16.79 17.92 18.94 20.94 22.68 
24.79 22.66 18.75 16.76 17.15 12.99 12.25 5.92 5.70 0.00 5.20 6.42 11.18 11.79 11.09 11.70 10.74 9.95 10.59 12.15 13.29 14.39 13.56 13.40 12.12 9.36 8.07 9.75 11.10 11.38 12.97 13.03 14.90 15.13 14.55 15.18 18.18 19.60 18.08 18.63 21.39 23.78 23.44 21.37 22.64 23.10 22.51 19.88 19.14 18.50 17.34 14.90 16.26 15.55 14.06 12.68 13.91 12.94 12.47 12.99 13.81 13.29 14.14 15.84 17.59 18.37 22.15 23.26 24.66 24.75 24.54 23.38 22.42 21.64 19.37 17.18 15.86 15.02 15.89 15.22 15.33 15.53 17.16 18.58 18.51 19.50 22.36 
26.30 23.40 19.91 18.36 18.98 15.08 14.24 8.50 6.78 5.20 1.41 4.77 7.05 8.59 8.89 10.91 9.23 9.09 10.62 12.64 14.48 14.54 15.73 14.53 13.39 11.40 9.06 8.75 9.12 10.40 11.44 10.62 12.99 13.87 13.55 14.58 18.07 19.95 19.28 19.16 22.19 24.31 24.88 22.51 23.54 23.44 23.13 20.09 19.60 18.16 17.24 13.60 15.38 14.32 12.56 10.62 13.47 12.74 13.15 13.51 14.61 13.31 15.22 16.27 17.50 18.11 22.08 22.96 23.91 23.98 24.09 23.09 22.34 21.66 19.80 17.39 15.78 15.32 16.21 16.21 16.49 15.65 17.26 18.00 18.97 20.62 22.27 
28.13 25.19 22.77 21.20 21.58 17.66 17.36 12.58 10.62 6.42 4.77 0.15 5.58 5.47 7.70 10.20 9.78 9.29 10.41 14.20 16.57 16.68 17.53 17.21 15.76 12.33 11.65 10.20 9.91 9.77 12.00 11.60 13.88 14.59 14.90 16.11 19.84 21.60 20.39 20.62 23.74 25.98 25.98 23.87 25.07 25.52 24.82 22.13 21.31 20.45 18.58 15.80 16.73 15.97 14.05 12.88 14.43 14.41 14.97 15.98 16.32 15.53 16.63 17.61 18.34 19.30 23.05 24.26 24.77 25.17 25.08 24.36 23.11 22.27 19.80 18.19 16.64 16.75 17.04 17.08 16.93 16.76 17.98 19.56 20.13 21.63 23.13 
29.15 27.17 24.26 22.12 22.42 19.37 19.04 14.72 13.80 11.18 7.05 5.58 1.68 5.82 6.46 10.63 10.11 10.91 12.07 15.97 18.58 18.43 18.64 19.83 19.15 15.29 13.03 12.78 10.78 10.02 11.86 12.85 15.24 15.44 15.81 17.07 20.56 22.45 21.14 21.52 24.82 26.86 26.69 24.51 25.72 26.37 25.87 22.79 22.47 20.99 19.82 16.35 17.72 15.97 14.72 12.77 15.56 14.75 15.64 16.51 17.74 16.30 17.63 18.68 19.94 20.50 24.00 24.75 25.68 25.94 25.83 24.78 23.80 22.85 20.30 19.32 18.42 17.75 17.26 18.48 18.28 17.66 18.02 18.35 18.69 21.67 23.24 
28.87 26.23 23.90 22.55 22.75 19.16 19.35 14.61 14.70 11.79 8.59 5.47 5.82 0.00 4.08 7.26 8.94 9.94 12.61 15.75 18.58 18.97 19.42 20.05 18.72 16.29 13.71 12.18 11.00 9.74 11.61 11.48 14.74 14.81 15.52 16.99 20.33 22.08 20.88 21.33 24.19 26.54 26.35 24.41 25.60 26.19 25.40 22.68 21.78 20.66 18.78 15.42 16.59 15.50 12.72 10.73 14.62 14.67 14.65 15.50 17.05 16.20 17.23 17.91 19.09 20.08 22.98 23.98 25.25 25.63 25.04 24.10 23.05 22.63 20.50 19.32 17.80 17.93 17.42 17.85 16.82 16.98 17.49 18.45 18.37 19.47 21.51 
28.18 24.94 22.92 21.37 22.13 18.14 19.01 13.66 13.33 11.09 8.89 7.70 6.46 4.08 0.00 4.80 6.11 7.69 10.70 14.12 16.69 16.78 18.96 18.66 17.19 15.63 13.33 10.42 8.96 8.98 10.17 9.00 12.27 13.10 13.59 15.44 19.12 20.78 19.96 20.31 23.44 25.54 25.57 23.50 24.69 24.83 24.05 21.12 20.38 18.78 17.39 13.85 15.17 14.15 12.66 11.06 14.10 14.35 14.83 15.12 16.41 15.25 15.88 16.16 17.21 17.81 21.48 22.22 23.58 23.99 23.89 22.27 21.24 20.62 19.20 16.73 15.78 15.41 15.84 16.00 15.96 15.18 15.34 17.16 17.40 20.12 20.95 
26.81 23.19 21.26 21.22 21.94 17.59 18.40 15.00 13.59 11.70 10.91 10.20 10.63 7.26 4.80 0.00 5.39 6.77 9.46 12.84 16.36 16.91 17.93 19.91 18.31 15.61 14.20 12.35 10.11 10.16 11.62 10.71 13.17 13.33 13.76 15.07 18.48 20.42 19.75 20.01 23.01 25.53 25.22 23.24 24.67 25.07 24.38 21.72 20.64 19.41 18.08 14.81 15.16 14.95 13.91 12.87 15.26 15.95 16.22 16.47 16.82 14.95 14.99 15.80 16.87 17.70 20.47 21.67 23.19 23.93 23.72 22.54 21.08 20.43 19.00 17.53 15.60 15.43 15.79 16.13 15.88 15.48 16.16 18.72 19.11 19.94 21.42 
24.14 20.77 18.02 17.27 19.15 15.06 14.85 11.05 10.88 10.74 9.23 9.78 10.11 8.94 6.11 5.39 0.00 5.29 6.51 8.98 13.25 14.31 15.07 16.16 15.68 13.24 12.39 10.96 10.10 10.18 12.04 11.28 12.86 12.78 12.86 13.35 16.69 18.86 17.87 18.09 21.04 23.35 23.38 21.19 22.68 23.33 22.91 19.87 19.36 17.92 16.67 12.65 14.02 14.00 12.76 11.35 15.08 15.77 15.51 15.35 15.85 13.55 13.94 14.26 15.76 15.71 18.47 19.94 21.54 22.04 21.68 20.43 19.43 19.06 17.22 16.17 14.97 14.45 14.91 15.85 14.79 14.76 15.26 17.14 17.21 20.06 22.12 
22.67 18.73 15.49 14.62 17.85 12.55 12.94 9.39 10.22 9.95 9.09 9.29 10.91 9.94 7.69 6.77 5.29 0.00 5.11 6.45 10.54 11.77 13.32 14.71 14.21 12.35 11.54 9.31 10.07 10.32 11.57 11.37 13.14 12.86 12.23 13.40 16.53 17.88 16.82 17.37 20.25 22.43 22.20 20.17 21.63 21.88 21.67 18.92 18.25 17.16 15.73 12.50 14.06 13.59 12.21 11.13 14.80 15.66 15.03 14.74 15.30 12.89 13.47 14.01 14.35 14.94 17.64 19.02 20.70 21.31 20.28 18.93 18.03 17.30 15.41 14.40 13.04 13.94 14.20 14.27 13.56 14.11 14.58 16.65 16.87 19.27 21.37 
22.42 18.32 14.63 13.24 16.79 12.65 12.63 8.93 10.05 10.59 10.62 10.41 12.07 12.61 10.70 9.46 6.51 5.11 0.18 4.73 6.71 8.42 11.20 12.05 11.64 10.75 10.64 8.56 9.03 9.64 11.73 12.07 13.87 13.45 13.33 14.51 17.25 18.65 17.28 17.81 20.38 22.76 22.48 20.45 21.66 22.45 21.79 18.97 18.32 17.24 16.10 13.33 14.70 14.37 13.31 12.90 15.82 16.06 15.83 15.44 15.62 13.11 13.31 13.47 13.87 14.24 17.51 18.51 20.05 20.05 19.60 18.86 17.45 15.96 13.83 13.18 12.28 12.27 12.74 14.87 14.26 14.12 13.66 16.35 16.84 19.80 21.33 
22.29 17.82 14.33 12.66 16.75 11.76 12.40 9.92 10.21 12.15 12.64 14.20 15.97 15.75 14.12 12.84 8.98 6.45 4.73 1.24 5.84 6.54 8.58 11.13 11.31 10.15 10.28 9.82 10.56 11.52 13.57 14.21 15.70 15.13 14.53 14.85 17.38 18.80 17.71 17.52 20.33 22.67 22.35 19.95 21.74 22.44 21.97 19.22 18.67 17.83 17.07 14.34 16.00 15.91 14.79 14.78 17.57 18.10 17.63 17.35 16.94 14.65 14.29 14.41 14.96 15.20 17.89 18.99 19.89 19.88 19.86 19.11 17.35 15.56 13.89 14.08 12.36 12.15 13.16 14.90 14.75 14.69 15.35 18.40 19.01 20.63 22.25 
23.31 19.43 15.70 13.79 16.12 12.66 13.11 10.29 10.79 13.29 14.48 16.57 18.58 18.58 16.69 16.36 13.25 10.54 6.71 5.84 1.97 5.35 6.45 9.04 10.44 9.68 9.04 10.28 12.62 13.18 15.33 16.32 18.66 17.36 16.40 16.29 18.46 19.72 18.61 18.04 20.88 22.90 22.66 20.63 22.09 22.99 22.58 19.99 19.89 19.40 18.57 15.84 17.93 18.50 17.45 17.03 20.26 20.98 20.57 19.84 19.21 16.86 16.66 16.12 16.40 16.19 18.56 19.12 20.49 20.23 19.69 18.61 17.45 16.31 14.55 13.73 13.59 13.88 15.31 16.66 16.76 16.84 17.65 18.19 19.87 22.66 23.88 
22.80 18.89 15.02 14.25 16.92 12.30 12.14 10.79 12.56 14.39 14.54 16.68 18.43 18.97 16.78 16.91 14.31 11.77 8.42 6.54 5.35 1.12 4.80 6.80 9.54 8.84 8.83 8.79 11.54 12.25 14.41 15.20 17.27 15.68 15.22 16.33 18.45 18.91 17.29 17.71 20.53 22.02 22.05 20.72 22.28 22.80 22.52 20.26 20.00 19.57 18.52 15.89 18.46 18.57 17.26 16.99 20.51 20.64 20.00 19.63 19.32 16.30 16.24 15.48 14.94 14.36 17.13 17.93 19.03 18.74 18.05 17.26 16.39 15.88 12.20 12.86 12.51 13.79 14.79 16.41 16.46 16.78 17.95 19.20 19.96 22.25 23.45 
23.18 20.44 17.90 15.36 16.79 13.48 13.49 11.18 12.62 13.56 15.73 17.53 18.64 19.42 18.96 17.93 15.07 13.32 11.20 8.58 6.45 4.80 1.46 5.39 7.25 8.15 8.59 9.26 11.22 11.97 15.18 16.15 17.72 17.47 16.74 18.04 19.71 20.45 18.81 19.02 21.48 23.21 23.13 21.87 23.53 24.17 23.55 21.20 21.06 20.35 19.27 16.63 18.90 18.91 18.07 17.58 20.51 20.65 20.66 20.21 20.24 17.52 16.66 16.22 16.44 15.21 16.79 18.00 19.66 18.38 16.85 16.78 17.34 14.30 11.22 11.92 14.12 12.85 14.90 17.10 17.30 17.36 18.40 18.60 20.10 23.09 24.50 
24.46 21.32 18.97 16.75 18.58 14.58 14.40 10.95 12.06 13.40 14.53 17.21 19.83 20.05 18.66 19.91 16.16 14.71 12.05 11.13 9.04 6.80 5.39 0.00 5.52 6.74 8.62 9.52 11.70 12.25 14.80 15.69 17.34 16.83 16.83 17.39 19.33 20.04 18.98 19.08 21.32 23.12 23.09 22.01 23.53 24.43 23.47 21.67 21.16 20.45 19.86 17.43 19.83 19.92 19.11 19.11 21.67 22.18 22.20 21.45 20.98 18.43 17.70 16.96 17.08 16.63 18.21 18.87 20.09 18.88 18.37 18.45 17.20 15.25 13.37 14.35 13.16 12.99 15.64 17.26 16.85 17.00 19.27 20.85 21.50 23.48 24.82 
25.67 23.06 20.26 18.12 19.93 16.33 15.81 12.15 11.81 12.12 13.39 15.76 19.15 18.72 17.19 18.31 15.68 14.21 11.64 11.31 10.44 9.54 7.25 5.52 0.06 5.89 7.77 8.88 11.05 12.48 15.13 15.71 16.79 16.87 16.66 17.77 19.52 20.67 19.63 19.81 21.91 23.76 23.62 22.32 23.67 24.32 24.01 22.15 21.85 21.42 20.87 18.43 21.00 20.94 20.32 20.67 23.31 23.36 23.58 22.57 21.47 18.90 19.01 17.60 16.65 16.65 18.89 18.83 18.99 19.29 19.05 18.18 17.37 16.68 14.90 14.15 14.40 14.88 17.16 17.64 17.55 18.76 20.33 19.86 21.94 25.25 26.79 
24.78 22.05 19.83 18.46 19.77 16.61 16.29 12.20 11.20 9.36 11.40 12.33 15.29 16.29 15.63 15.61 13.24 12.35 10.75 10.15 9.68 8.84 8.15 6.74 5.89 0.00 5.19 6.82 8.29 9.10 12.09 13.63 14.08 14.17 13.99 15.19 17.85 18.73 17.48 18.32 20.98 22.56 22.81 21.88 23.25 23.93 23.53 21.39 20.92 20.67 19.49 16.82 19.50 19.29 17.98 18.81 21.81 21.59 21.52 21.59 20.52 17.71 17.40 16.26 15.13 14.73 16.92 16.82 17.58 17.90 17.31 16.56 16.50 14.93 12.13 12.74 12.34 13.57 14.21 15.99 17.07 16.94 18.68 19.86 21.20 22.87 24.68 
24.40 22.68 21.10 18.79 18.54 15.90 16.09 12.21 9.71 8.07 9.06 11.65 13.03 13.71 13.33 14.20 12.39 11.54 10.64 10.28 9.04 8.83 8.59 8.62 7.77 5.19 0.00 5.63 7.14 7.87 10.97 11.69 12.87 13.47 13.47 14.38 16.96 18.37 16.53 17.31 20.62 22.18 22.43 21.08 22.97 23.49 23.22 20.41 20.32 20.02 19.18 16.17 18.54 18.28 17.40 17.82 20.64 20.73 20.41 20.52 20.36 17.06 16.11 15.82 16.05 14.63 15.95 16.76 17.97 17.04 16.56 16.73 17.34 15.27 12.26 12.21 12.43 10.82 13.35 15.28 16.17 16.15 17.39 17.88 19.62 22.45 23.88 
24.74 22.50 20.85 19.56 19.33 16.93 16.74 13.12 11.80 9.75 8.75 10.20 12.78 12.18 10.42 12.35 10.96 9.31 8.56 9.82 10.28 8.79 9.26 9.52 8.88 6.82 5.63 0.00 5.33 5.95 8.11 9.46 10.92 11.00 10.94 12.91 15.77 16.20 15.50 16.11 19.24 21.17 21.36 19.90 21.49 22.03 21.82 19.29 18.94 18.42 17.99 15.95 17.86 17.58 16.51 16.77 19.99 20.10 19.69 18.89 18.84 16.33 15.46 14.57 15.39 14.04 15.66 16.40 17.33 16.42 16.30 16.45 15.72 13.70 11.89 12.20 9.54 8.96 11.44 13.80 14.24 14.64 16.12 17.66 19.71 21.08 22.76 
25.11 22.65 20.61 19.19 19.05 16.79 16.77 13.18 12.19 11.10 9.12 9.91 10.78 11.00 8.96 10.11 10.10 10.07 9.03 10.56 12.62 11.54 11.22 11.70 11.05 8.29 7.14 5.33 1.23 5.28 6.68 7.93 9.53 10.26 10.12 12.07 14.66 16.47 15.83 16.23 19.54 21.70 21.99 19.93 21.31 21.67 21.48 18.79 18.57 17.85 17.29 15.02 17.09 16.91 15.64 16.19 18.86 18.96 18.48 17.81 17.08 15.23 14.67 14.04 13.34 13.09 14.20 14.37 15.35 15.90 16.30 15.28 14.51 13.94 12.57 10.62 10.11 9.67 11.40 12.34 13.22 14.08 14.96 16.07 18.03 20.77 22.33 
24.83 22.20 20.67 20.03 19.82 16.99 17.28 13.79 12.45 11.38 10.40 9.77 10.02 9.74 8.98 10.16 10.18 10.32 9.64 11.52 13.18 12.25 11.97 12.25 12.48 9.10 7.87 5.95 5.28 0.00 4.99 7.30 7.85 8.15 7.99 10.27 13.47 14.84 14.35 15.01 18.51 20.91 21.12 19.19 20.41 21.08 20.65 17.68 17.23 16.77 15.99 12.95 15.45 15.64 14.30 14.95 17.80 17.87 18.08 17.62 16.82 13.96 13.95 13.17 12.90 11.96 13.52 14.27 15.44 15.74 16.04 16.43 15.73 14.94 12.09 11.04 9.52 10.95 11.07 11.83 12.74 14.03 14.64 15.84 17.68 18.78 21.18 
25.34 23.62 22.50 21.28 20.49 18.30 18.23 15.38 14.12 12.97 11.44 12.00 11.86 11.61 10.17 11.62 12.04 11.57 11.73 13.57 15.33 14.41 15.18 14.80 15.13 12.09 10.97 8.11 6.68 4.99 1.50 5.17 6.86 7.45 7.30 9.66 12.78 14.62 13.98 14.84 18.21 20.68 20.96 19.00 20.27 20.72 20.68 17.45 16.67 16.00 16.36 12.88 15.14 15.11 14.14 14.81 17.84 18.16 18.18 18.02 17.67 15.30 14.50 14.60 14.63 13.99 15.57 16.47 17.43 17.05 17.01 17.35 16.76 15.47 13.14 11.38 10.04 9.49 11.47 11.26 11.79 13.22 13.56 14.66 15.91 19.46 21.21 
25.28 23.20 21.73 20.91 20.36 17.77 17.69 14.76 14.24 13.03 10.62 11.60 12.85 11.48 9.00 10.71 11.28 11.37 12.07 14.21 16.32 15.20 16.15 15.69 15.71 13.63 11.69 9.46 7.93 7.30 5.17 0.00 5.97 7.19 6.35 7.82 11.28 13.18 12.22 12.89 16.14 18.48 18.78 16.71 18.19 18.46 18.71 15.59 14.39 13.30 13.89 11.98 13.70 12.86 12.70 14.03 16.78 16.86 17.20 16.97 16.96 14.97 14.81 14.94 15.78 15.27 16.85 17.85 18.21 18.12 18.29 18.20 17.29 16.50 14.49 13.20 11.06 10.45 11.42 11.35 11.91 13.51 13.76 14.92 17.36 18.09 19.99 
25.98 24.01 21.89 21.11 21.67 19.56 19.31 16.11 15.29 14.90 12.99 13.88 15.24 14.74 12.27 13.17 12.86 13.14 13.87 15.70 18.66 17.27 17.72 17.34 16.79 14.08 12.87 10.92 9.53 7.85 6.86 5.97 0.42 6.53 7.32 7.40 9.54 12.42 12.76 12.73 15.89 18.21 18.64 16.66 18.44 18.72 18.52 15.60 15.49 14.48 14.35 12.35 14.51 14.52 13.83 14.78 16.94 17.42 18.11 17.93 17.72 15.89 16.01 16.41 17.40 17.14 18.53 19.41 20.49 20.68 20.90 20.17 19.06 18.70 16.55 14.91 13.85 12.99 12.44 12.05 11.80 13.87 13.07 14.72 15.79 18.86 20.86 
25.94 23.74 21.56 20.78 21.79 19.33 19.25 16.17 15.68 15.13 13.87 14.59 15.44 14.81 13.10 13.33 12.78 12.86 13.45 15.13 17.36 15.68 17.47 16.83 16.87 14.17 13.47 11.00 10.26 8.15 7.45 7.19 6.53 0.00 5.73 7.32 7.76 8.93 10.57 11.52 14.74 16.83 17.01 15.80 17.53 18.12 17.71 14.98 14.63 14.11 13.52 11.35 13.99 14.14 13.59 14.21 17.03 17.54 18.21 17.82 17.42 15.31 15.86 16.46 17.04 17.00 18.65 19.76 20.95 21.41 21.23 20.80 19.97 19.06 17.44 15.29 13.64 13.63 12.87 11.28 11.99 13.21 13.42 14.19 16.01 16.88 19.22 
25.42 24.01 21.74 20.66 20.60 18.85 18.56 15.45 14.90 14.55 13.55 14.90 15.81 15.52 13.59 13.76 12.86 12.23 13.33 14.53 16.40 15.22 16.74 16.83 16.66 13.99 13.47 10.94 10.12 7.99 7.30 6.35 7.32 5.73 0.00 5.60 7.83 7.40 8.34 9.97 13.08 14.70 15.60 14.16 15.58 15.63 16.12 13.42 12.53 11.79 12.10 10.00 12.73 13.05 12.23 13.00 16.21 17.22 17.44 17.29 17.13 14.83 15.39 16.11 17.28 16.96 19.75 20.64 21.55 21.28 21.26 20.89 20.50 19.54 17.05 15.01 13.39 12.63 11.97 10.52 10.46 12.02 11.03 12.60 14.08 17.50 18.52 
25.31 23.54 21.53 19.93 19.96 18.08 18.28 15.77 14.73 15.18 14.58 16.11 17.07 16.99 15.44 15.07 13.35 13.40 14.51 14.85 16.29 16.33 18.04 17.39 17.77 15.19 14.38 12.91 12.07 10.27 9.66 7.82 7.40 7.32 5.60 0.00 6.17 7.52 7.01 8.29 10.75 12.91 13.53 13.03 13.78 14.39 14.78 12.61 11.62 11.07 11.62 11.18 12.81 13.08 12.95 14.23 15.97 17.33 18.42 18.21 17.29 15.70 16.16 16.89 18.11 18.19 20.81 21.66 22.27 22.32 22.45 21.96 21.44 20.74 18.58 16.18 14.21 13.63 13.04 11.50 10.90 11.98 12.17 12.53 15.34 16.66 18.32 
27.09 25.68 22.94 21.44 22.91 21.27 21.10 18.38 18.11 18.18 18.07 19.84 20.56 20.33 19.12 18.48 16.69 16.53 17.25 17.38 18.46 18.45 19.71 19.33 19.52 17.85 16.96 15.77 14.66 13.47 12.78 11.28 9.54 7.76 7.83 6.17 0.55 6.72 8.13 8.01 10.33 12.36 13.87 13.42 14.59 15.38 15.23 13.52 13.47 13.46 14.32 13.14 14.65 15.22 15.55 16.17 17.60 18.76 20.24 20.07 19.11 17.82 18.67 19.32 20.47 20.78 23.09 24.12 24.96 25.16 25.58 24.69 23.68 23.05 21.34 18.54 16.67 15.85 15.16 13.42 12.50 14.12 12.57 13.81 15.08 19.25 19.76 
27.70 26.55 23.58 22.32 23.95 22.30 21.95 19.72 19.38 19.60 19.95 21.60 22.45 22.08 20.78 20.42 18.86 17.88 18.65 18.80 19.72 18.91 20.45 20.04 20.67 18.73 18.37 16.20 16.47 14.84 14.62 13.18 12.42 8.93 7.40 7.52 6.72 0.12 6.56 7.86 8.48 10.54 12.09 12.16 13.85 15.06 14.76 13.34 13.51 14.47 15.19 14.44 15.64 16.89 16.90 17.50 19.05 20.63 21.62 21.47 20.92 19.48 20.16 21.12 22.64 22.83 24.76 25.65 26.64 26.96 26.89 26.15 25.28 24.73 22.81 20.10 18.13 17.20 16.36 14.65 14.80 15.24 14.75 14.63 17.51 18.99 20.30 
26.63 25.36 22.62 20.90 21.85 20.55 20.55 17.39 17.44 18.08 19.28 20.39 21.14 20.88 19.96 19.75 17.87 16.82 17.28 17.71 18.61 17.29 18.81 18.98 19.63 17.48 16.53 15.50 15.83 14.35 13.98 12.22 12.76 10.57 8.34 7.01 8.13 6.56 0.00 5.48 7.31 7.74 8.90 9.63 10.86 11.72 11.43 11.06 10.58 11.36 12.47 12.46 14.05 15.08 15.00 15.51 17.77 19.34 20.20 20.08 19.98 18.31 18.89 19.82 21.45 21.35 23.56 24.49 25.33 25.38 25.27 24.87 24.29 23.47 21.54 19.38 17.45 16.08 15.89 14.33 13.77 14.55 13.54 14.54 16.30 19.35 19.53 
26.02 24.90 21.99 20.16 20.87 19.73 19.73 17.56 17.50 18.63 19.16 20.62 21.52 21.33 20.31 20.01 18.09 17.37 17.81 17.52 18.04 17.71 19.02 19.08 19.81 18.32 17.31 16.11 16.23 15.01 14.84 12.89 12.73 11.52 9.97 8.29 8.01 7.86 5.48 0.00 5.82 7.43 8.08 9.66 10.61 10.98 11.91 11.32 10.98 11.32 13.35 13.14 14.39 15.24 15.55 16.38 17.81 19.33 20.35 20.05 19.43 18.17 19.50 20.09 21.40 21.63 24.14 25.00 25.64 25.86 25.83 25.53 24.71 24.05 21.99 19.99 17.81 16.29 16.17 15.24 14.71 14.61 14.17 15.10 17.65 18.59 19.72 
28.34 27.45 24.46 22.28 24.18 23.03 22.78 20.65 21.07 21.39 22.19 23.74 24.82 24.19 23.44 23.01 21.04 20.25 20.38 20.33 20.88 20.53 21.48 21.32 21.91 20.98 20.62 19.24 19.54 18.51 18.21 16.14 15.89 14.74 13.08 10.75 10.33 8.48 7.31 5.82 1.22 6.26 8.24 8.95 11.69 12.46 12.67 13.27 13.75 14.04 14.98 15.02 16.70 17.92 17.90 18.25 19.90 21.37 22.62 22.21 21.62 20.71 22.27 23.08 23.75 24.29 26.84 27.94 28.62 28.76 29.15 28.50 27.67 27.19 25.35 23.36 21.32 19.87 19.34 18.30 17.08 17.77 17.71 18.08 19.71 22.03 22.32 
29.44 28.78 25.63 23.95 26.03 24.65 24.82 22.83 22.95 23.78 24.31 25.98 26.86 26.54 25.54 25.53 23.35 22.43 22.76 22.67 22.90 22.02 23.21 23.12 23.76 22.56 22.18 21.17 21.70 20.91 20.68 18.48 18.21 16.83 14.70 12.91 12.36 10.54 7.74 7.43 6.26 0.21 6.33 7.95 9.49 12.03 12.58 12.89 14.33 15.34 16.45 16.45 18.12 19.32 19.89 20.11 21.75 23.07 24.32 24.09 24.11 22.93 24.54 25.58 26.67 26.94 29.36 30.54 31.22 31.45 31.35 30.88 30.16 29.62 27.93 25.74 23.88 22.51 21.86 20.88 20.13 19.91 20.78 21.40 22.32 23.34 23.50 
29.48 28.69 25.84 23.97 25.72 24.26 24.57 22.30 22.41 23.44 24.88 25.98 26.69 26.35 25.57 25.22 23.38 22.20 22.48 22.35 22.66 22.05 23.13 23.09 23.62 22.81 22.43 21.36 21.99 21.12 20.96 18.78 18.64 17.01 15.60 13.53 13.87 12.09 8.90 8.08 8.24 6.33 0.97 5.90 8.19 8.90 11.09 12.25 13.20 14.21 16.22 15.81 17.72 18.41 18.84 19.76 22.08 23.14 24.31 24.18 24.07 23.02 24.17 25.33 26.45 26.65 29.21 30.28 30.88 30.65 30.69 30.23 29.70 29.05 27.43 25.88 23.79 22.42 21.92 21.28 19.71 19.56 21.29 20.95 22.28 24.21 24.64 
28.00 26.95 23.68 21.97 23.34 21.96 22.06 20.23 20.29 21.37 22.51 23.87 24.51 24.41 23.50 23.24 21.19 20.17 20.45 19.95 20.63 20.72 21.87 22.01 22.32 21.88 21.08 19.90 19.93 19.19 19.00 16.71 16.66 15.80 14.16 13.03 13.42 12.16 9.63 9.66 8.95 7.95 5.90 0.00 5.80 7.43 8.40 10.24 11.43 12.51 14.02 14.70 15.54 15.94 16.87 17.92 19.87 20.79 22.11 22.63 22.09 20.67 22.05 23.07 24.19 24.37 27.06 28.18 28.45 28.49 28.55 28.09 27.36 27.13 25.61 23.89 21.91 20.84 20.28 19.70 18.80 18.73 20.13 21.02 21.50 23.29 23.69 
29.09 28.04 24.54 22.81 25.23 23.79 23.77 21.60 21.96 22.64 23.54 25.07 25.72 25.60 24.69 24.67 22.68 21.63 21.66 21.74 22.09 22.28 23.53 23.53 23.67 23.25 22.97 21.49 21.31 20.41 20.27 18.19 18.44 17.53 15.58 13.78 14.59 13.85 10.86 10.61 11.69 9.49 8.19 5.80 0.49 6.17 8.02 9.37 11.58 12.73 14.88 14.92 16.21 16.60 17.53 18.69 20.62 21.70 23.31 23.65 23.06 21.58 22.61 23.76 24.99 24.92 27.82 28.62 29.16 28.97 29.47 28.61 28.09 27.72 26.35 24.82 23.29 22.42 21.51 21.22 19.75 20.17 22.20 21.34 22.79 24.94 25.84 
29.53 28.55 24.85 23.68 26.04 24.29 23.95 22.15 22.67 23.10 23.44 25.52 26.37 26.19 24.83 25.07 23.33 21.88 22.45 22.44 22.99 22.80 24.17 24.43 24.32 23.93 23.49 22.03 21.67 21.08 20.72 18.46 18.72 18.12 15.63 14.39 15.38 15.06 11.72 10.98 12.46 12.03 8.90 7.43 6.17 0.62 5.90 8.00 9.01 11.48 13.68 14.24 15.40 16.54 17.19 18.30 20.33 21.42 22.96 23.34 22.98 21.34 22.54 23.83 25.24 25.21 27.76 28.91 29.59 29.29 29.46 28.95 28.64 28.15 26.72 25.20 23.73 22.27 22.21 21.74 20.79 20.13 22.31 23.42 23.25 24.81 25.61 
29.59 28.82 25.50 24.17 26.08 23.96 23.65 21.76 22.27 22.51 23.13 24.82 25.87 25.40 24.05 24.38 22.91 21.67 21.79 21.97 22.58 22.52 23.55 23.47 24.01 23.53 23.22 21.82 21.48 20.65 20.68 18.71 18.52 17.71 16.12 14.78 15.23 14.76 11.43 11.91 12.67 12.58 11.09 8.40 8.02 5.90 1.41 6.36 7.88 8.67 11.60 12.95 14.73 14.71 15.84 17.36 20.16 20.79 22.05 22.62 22.61 20.87 22.07 22.99 24.35 24.06 26.67 27.60 28.60 28.18 28.42 27.78 27.73 26.97 25.57 24.27 22.73 21.82 21.79 21.44 19.64 19.66 21.82 22.10 22.73 24.77 25.69 
28.12 26.60 23.17 22.09 23.27 21.11 20.86 19.08 19.20 19.88 20.09 22.13 22.79 22.68 21.12 21.72 19.87 18.92 18.97 19.22 19.99 20.26 21.20 21.67 22.15 21.39 20.41 19.29 18.79 17.68 17.45 15.59 15.60 14.98 13.42 12.61 13.52 13.34 11.06 11.32 13.27 12.89 12.25 10.24 9.37 8.00 6.36 0.00 5.93 7.21 8.69 10.21 11.54 12.18 12.99 15.26 17.57 17.83 19.80 20.29 20.49 18.37 19.39 20.06 21.55 20.82 23.64 23.97 25.05 24.60 25.00 24.51 24.66 24.25 22.62 20.97 20.19 18.86 19.18 18.72 18.25 18.55 19.79 21.09 21.99 23.58 24.38 
28.20 26.86 23.24 21.85 23.42 21.34 21.13 19.27 19.28 19.14 19.60 21.31 22.47 21.78 20.38 20.64 19.36 18.25 18.32 18.67 19.89 20.00 21.06 21.16 21.85 20.92 20.32 18.94 18.57 17.23 16.67 14.39 15.49 14.63 12.53 11.62 13.47 13.51 10.58 10.98 13.75 14.33 13.20 11.43 11.58 9.01 7.88 5.93 0.00 5.53 7.45 8.00 9.90 10.66 11.85 13.38 16.10 16.82 18.38 18.81 19.61 18.16 18.63 19.60 20.97 20.53 22.85 23.39 24.33 23.89 24.50 24.02 24.30 23.79 22.23 21.28 20.40 19.03 19.04 19.09 18.28 18.69 19.94 20.85 21.95 23.99 25.06 
27.97 26.95 22.98 22.09 23.07 20.86 20.16 18.58 18.32 18.50 18.16 20.45 20.99 20.66 18.78 19.41 17.92 17.16 17.24 17.83 19.40 19.57 20.35 20.45 21.42 20.67 20.02 18.42 17.85 16.77 16.00 13.30 14.48 14.11 11.79 11.07 13.46 14.47 11.36 11.32 14.04 15.34 14.21 12.51 12.73 11.48 8.67 7.21 5.53 0.00 5.76 7.34 8.19 9.06 9.67 11.74 14.28 15.15 16.37 16.83 18.02 16.00 16.94 18.20 20.45 19.37 21.76 22.78 24.11 23.18 23.71 23.49 23.82 22.96 21.85 20.38 19.24 17.55 18.27 18.38 17.78 17.49 18.73 20.67 20.82 22.43 23.44 
26.92 26.05 22.65 21.67 22.48 20.19 19.35 17.17 17.63 17.34 17.24 18.58 19.82 18.78 17.39 18.08 16.67 15.73 16.10 17.07 18.57 18.52 19.27 19.86 20.87 19.49 19.18 17.99 17.29 15.99 16.36 13.89 14.35 13.52 12.10 11.62 14.32 15.19 12.47 13.35 14.98 16.45 16.22 14.02 14.88 13.68 11.60 8.69 7.45 5.76 0.32 5.55 7.58 7.47 8.03 10.29 13.74 14.06 15.57 16.19 17.35 15.49 16.19 17.75 19.24 18.36 20.72 21.87 23.20 22.28 22.47 22.89 22.91 22.00 20.59 19.86 18.28 17.17 17.83 17.72 16.55 16.66 18.17 19.01 19.34 21.26 22.91 
25.44 23.69 20.25 19.70 20.10 17.62 16.85 14.79 14.82 14.90 13.60 15.80 16.35 15.42 13.85 14.81 12.65 12.50 13.33 14.34 15.84 15.89 16.63 17.43 18.43 16.82 16.17 15.95 15.02 12.95 12.88 11.98 12.35 11.35 10.00 11.18 13.14 14.44 12.46 13.14 15.02 16.45 15.81 14.70 14.92 14.24 12.95 10.21 8.00 7.34 5.55 0.00 5.91 7.13 6.43 7.62 10.76 11.48 13.08 13.83 15.22 12.98 14.02 14.53 16.50 15.57 18.48 19.04 21.00 20.08 20.17 20.32 20.68 19.66 17.97 17.28 16.45 15.00 15.33 15.68 15.25 15.55 15.85 18.31 18.77 20.38 21.65 
26.02 24.72 20.97 20.26 21.80 19.58 19.18 17.15 17.35 16.26 15.38 16.73 17.72 16.59 15.17 15.16 14.02 14.06 14.70 16.00 17.93 18.46 18.90 19.83 21.00 19.50 18.54 17.86 17.09 15.45 15.14 13.70 14.51 13.99 12.73 12.81 14.65 15.64 14.05 14.39 16.70 18.12 17.72 15.54 16.21 15.40 14.73 11.54 9.90 8.19 7.58 5.91 0.00 6.41 7.57 7.12 9.18 11.83 13.96 14.01 15.34 14.32 15.12 15.98 18.51 18.13 20.94 21.62 23.37 22.88 22.92 22.85 23.80 22.65 20.65 20.52 19.48 18.50 17.29 17.89 17.25 17.59 17.37 18.14 19.41 21.66 23.03 
25.33 23.72 20.17 19.78 20.40 17.89 17.69 16.15 16.11 15.55 14.32 15.97 15.97 15.50 14.15 14.95 14.00 13.59 14.37 15.91 18.50 18.57 18.91 19.92 20.94 19.29 18.28 17.58 16.91 15.64 15.11 12.86 14.52 14.14 13.05 13.08 15.22 16.89 15.08 15.24 17.92 19.32 18.41 15.94 16.60 16.54 14.71 12.18 10.66 9.06 7.47 7.13 6.41 0.00 5.77 7.48 8.03 8.98 11.78 12.91 14.05 12.79 13.66 14.56 17.66 17.27 19.80 21.24 22.97 22.04 22.21 22.60 22.88 22.23 20.73 19.70 19.03 17.60 17.31 17.18 16.98 17.00 17.15 18.79 18.91 20.44 22.03 
23.00 21.62 18.73 18.50 18.77 16.51 16.36 14.79 15.35 14.06 12.56 14.05 14.72 12.72 12.66 13.91 12.76 12.21 13.31 14.79 17.45 17.26 18.07 19.11 20.32 17.98 17.40 16.51 15.64 14.30 14.14 12.70 13.83 13.59 12.23 12.95 15.55 16.90 15.00 15.55 17.90 19.89 18.84 16.87 17.53 17.19 15.84 12.99 11.85 9.67 8.03 6.43 7.57 5.77 0.00 5.55 8.02 7.41 9.23 10.48 12.51 10.98 12.08 12.90 15.65 14.85 18.60 19.90 21.43 20.38 20.96 21.25 20.97 20.03 18.98 18.43 16.53 16.23 15.74 16.03 15.55 15.45 15.84 16.62 17.99 20.20 21.35 
21.96 19.69 16.83 17.23 17.03 15.89 14.92 13.50 13.83 12.68 10.62 12.88 12.77 10.73 11.06 12.87 11.35 11.13 12.90 14.78 17.03 16.99 17.58 19.11 20.67 18.81 17.82 16.77 16.19 14.95 14.81 14.03 14.78 14.21 13.00 14.23 16.17 17.50 15.51 16.38 18.25 20.11 19.76 17.92 18.69 18.30 17.36 15.26 13.38 11.74 10.29 7.62 7.12 7.48 5.55 0.00 6.10 7.28 7.67 8.37 11.11 10.26 11.63 12.39 15.57 14.96 19.37 20.30 21.87 21.34 21.49 21.66 21.57 20.96 19.66 18.31 16.83 15.90 16.12 15.86 15.75 15.94 15.67 17.38 18.88 19.94 20.95 
21.62 20.05 16.92 16.70 18.16 16.97 16.73 15.29 15.18 13.91 13.47 14.43 15.56 14.62 14.10 15.26 15.08 14.80 15.82 17.57 20.26 20.51 20.51 21.67 23.31 21.81 20.64 19.99 18.86 17.80 17.84 16.78 16.94 17.03 16.21 15.97 17.60 19.05 17.77 17.81 19.90 21.75 22.08 19.87 20.62 20.33 20.16 17.57 16.10 14.28 13.74 10.76 9.18 8.03 8.02 6.10 0.00 6.22 7.57 8.26 10.47 11.65 12.88 14.60 17.77 19.16 21.99 23.32 25.13 25.08 24.77 24.40 24.49 23.96 21.79 21.08 19.47 19.09 17.94 17.85 16.68 17.77 17.67 18.07 19.26 22.13 22.96 
20.61 17.80 15.48 15.67 16.08 14.61 14.33 13.30 12.83 12.94 12.74 14.41 14.75 14.67 14.35 15.95 15.77 15.66 16.06 18.10 20.98 20.64 20.65 22.18 23.36 21.59 20.73 20.10 18.96 17.87 18.16 16.86 17.42 17.54 17.22 17.33 18.76 20.63 19.34 19.33 21.37 23.07 23.14 20.79 21.70 21.42 20.79 17.83 16.82 15.15 14.06 11.48 11.83 8.98 7.41 7.28 6.22 0.00 5.56 7.49 9.87 9.64 12.47 13.59 17.39 18.05 21.75 23.26 25.19 24.92 24.71 24.42 23.84 23.11 21.69 20.43 19.29 18.02 17.35 16.83 16.99 17.01 17.11 18.14 19.47 21.14 21.32 
18.51 15.92 13.81 13.74 14.42 12.42 13.65 12.28 13.06 12.47 13.15 14.97 15.64 14.65 14.83 16.22 15.51 15.03 15.83 17.63 20.57 20.00 20.66 22.20 23.58 21.52 20.41 19.69 18.48 18.08 18.18 17.20 18.11 18.21 17.44 18.42 20.24 21.62 20.20 20.35 22.62 24.32 24.31 22.11 23.31 22.96 22.05 19.80 18.38 16.37 15.57 13.08 13.96 11.78 9.23 7.67 7.57 5.56 0.00 5.23 7.25 8.51 10.18 12.42 14.51 16.33 20.68 22.63 23.84 24.39 25.31 25.00 23.61 22.46 21.39 20.48 18.59 17.08 16.89 16.93 16.62 16.02 15.89 17.34 18.63 21.24 21.71 
17.52 14.85 12.49 12.36 11.24 11.56 12.02 11.28 12.76 12.99 13.51 15.98 16.51 15.50 15.12 16.47 15.35 14.74 15.44 17.35 19.84 19.63 20.21 21.45 22.57 21.59 20.52 18.89 17.81 17.62 18.02 16.97 17.93 17.82 17.29 18.21 20.07 21.47 20.08 20.05 22.21 24.09 24.18 22.63 23.65 23.34 22.62 20.29 18.81 16.83 16.19 13.83 14.01 12.91 10.48 8.37 8.26 7.49 5.23 0.00 6.00 6.88 9.83 11.16 14.41 15.98 20.19 21.69 24.14 24.23 24.69 23.98 23.01 22.19 21.07 19.23 16.60 14.97 15.17 14.89 15.13 15.58 15.05 16.92 18.39 20.24 20.84 
16.66 14.21 11.68 9.12 9.93 9.95 11.59 10.65 12.61 13.81 14.61 16.32 17.74 17.05 16.41 16.82 15.85 15.30 15.62 16.94 19.21 19.32 20.24 20.98 21.47 20.52 20.36 18.84 17.08 16.82 17.67 16.96 17.72 17.42 17.13 17.29 19.11 20.92 19.98 19.43 21.62 24.11 24.07 22.09 23.06 22.98 22.61 20.49 19.61 18.02 17.35 15.22 15.34 14.05 12.51 11.11 10.47 9.87 7.25 6.00 0.00 5.57 7.64 9.95 13.22 15.80 18.67 20.39 23.01 24.18 23.23 22.66 22.72 21.69 19.39 17.32 15.73 14.45 14.42 14.11 14.15 15.10 14.88 16.23 17.49 20.48 21.58 
15.91 12.93 9.07 9.05 8.97 8.89 9.32 9.71 11.62 13.29 13.31 15.53 16.30 16.20 15.25 14.95 13.55 12.89 13.11 14.65 16.86 16.30 17.52 18.43 18.90 17.71 17.06 16.33 15.23 13.96 15.30 14.97 15.89 15.31 14.83 15.70 17.82 19.48 18.31 18.17 20.71 22.93 23.02 20.67 21.58 21.34 20.87 18.37 18.16 16.00 15.49 12.98 14.32 12.79 10.98 10.26 11.65 9.64 8.51 6.88 5.57 0.00 5.02 6.58 9.25 11.40 14.91 17.04 19.32 20.47 20.14 19.78 19.27 17.81 15.96 14.51 13.20 12.16 12.12 12.55 12.81 12.98 13.69 16.36 17.30 18.82 20.17 
15.05 12.18 9.86 8.58 9.94 9.68 11.51 11.24 12.87 14.14 15.22 16.63 17.63 17.23 15.88 14.99 13.94 13.47 13.31 14.29 16.66 16.24 16.66 17.70 19.01 17.40 16.11 15.46 14.67 13.95 14.50 14.81 16.01 15.86 15.39 16.16 18.67 20.16 18.89 19.50 22.27 24.54 24.17 22.05 22.61 22.54 22.07 19.39 18.63 16.94 16.19 14.02 15.12 13.66 12.08 11.63 12.88 12.47 10.18 9.83 7.64 5.02 0.00 5.48 7.19 9.02 12.34 15.24 17.39 18.16 18.41 18.78 18.03 15.61 14.41 13.75 12.89 10.17 11.29 12.76 13.25 13.31 13.16 15.88 17.87 20.42 20.87 
15.94 13.09 10.29 7.79 10.11 11.10 12.48 12.13 14.83 15.84 16.27 17.61 18.68 17.91 16.16 15.80 14.26 14.01 13.47 14.41 16.12 15.48 16.22 16.96 17.60 16.26 15.82 14.57 14.04 13.17 14.60 14.94 16.41 16.46 16.11 16.89 19.32 21.12 19.82 20.09 23.08 25.58 25.33 23.07 23.76 23.83 22.99 20.06 19.60 18.20 17.75 14.53 15.98 14.56 12.90 12.39 14.60 13.59 12.42 11.16 9.95 6.58 5.48 0.00 5.33 6.62 10.80 12.52 14.39 16.35 17.10 17.09 16.25 13.16 12.53 11.72 10.03 8.15 9.95 12.37 13.38 13.12 14.26 17.77 18.93 20.57 21.93 
15.56 13.73 10.41 8.99 11.62 12.61 13.98 13.74 15.84 17.59 17.50 18.34 19.94 19.09 17.21 16.87 15.76 14.35 13.87 14.96 16.40 14.94 16.44 17.08 16.65 15.13 16.05 15.39 13.34 12.90 14.63 15.78 17.40 17.04 17.28 18.11 20.47 22.64 21.45 21.40 23.75 26.67 26.45 24.19 24.99 25.24 24.35 21.55 20.97 20.45 19.24 16.50 18.51 17.66 15.65 15.57 17.77 17.39 14.51 14.41 13.22 9.25 7.19 5.33 0.28 5.53 8.26 9.07 12.00 14.20 15.34 15.02 15.13 12.53 11.85 10.00 10.34 9.14 10.74 12.28 14.49 15.29 15.62 17.45 19.22 20.90 23.06 
16.37 13.84 10.79 11.01 13.28 14.40 15.44 15.60 17.61 18.37 18.11 19.30 20.50 20.08 17.81 17.70 15.71 14.94 14.24 15.20 16.19 14.36 15.21 16.63 16.65 14.73 14.63 14.04 13.09 11.96 13.99 15.27 17.14 17.00 16.96 18.19 20.78 22.83 21.35 21.63 24.29 26.94 26.65 24.37 24.92 25.21 24.06 20.82 20.53 19.37 18.36 15.57 18.13 17.27 14.85 14.96 19.16 18.05 16.33 15.98 15.80 11.40 9.02 6.62 5.53 0.00 5.62 7.56 9.87 11.77 13.12 13.85 13.36 11.61 10.15 9.63 8.21 8.68 10.17 12.78 14.55 15.36 16.40 19.04 19.99 20.98 23.02 
17.81 16.41 14.65 15.12 17.88 18.18 19.80 19.92 22.08 22.15 22.08 23.05 24.00 22.98 21.48 20.47 18.47 17.64 17.51 17.89 18.56 17.13 16.79 18.21 18.89 16.92 15.95 15.66 14.20 13.52 15.57 16.85 18.53 18.65 19.75 20.81 23.09 24.76 23.56 24.14 26.84 29.36 29.21 27.06 27.82 27.76 26.67 23.64 22.85 21.76 20.72 18.48 20.94 19.80 18.60 19.37 21.99 21.75 20.68 20.19 18.67 14.91 12.34 10.80 8.26 5.62 2.86 6.83 9.54 11.29 13.24 14.06 13.86 12.29 12.07 11.45 10.68 10.95 12.88 15.36 17.04 17.25 17.95 19.55 22.76 24.37 25.45 
18.57 17.04 15.57 14.93 18.30 19.65 20.86 20.79 23.18 23.26 22.96 24.26 24.75 23.98 22.22 21.67 19.94 19.02 18.51 18.99 19.12 17.93 18.00 18.87 18.83 16.82 16.76 16.40 14.37 14.27 16.47 17.85 19.41 19.76 20.64 21.66 24.12 25.65 24.49 25.00 27.94 30.54 30.28 28.18 28.62 28.91 27.60 23.97 23.39 22.78 21.87 19.04 21.62 21.24 19.90 20.30 23.32 23.26 22.63 21.69 20.39 17.04 15.24 12.52 9.07 7.56 6.83 1.16 6.43 8.98 10.77 11.46 12.40 11.29 10.79 10.42 10.95 12.27 13.67 16.43 18.09 19.38 19.80 22.17 23.45 25.57 25.90 
18.84 17.79 16.31 16.37 19.51 20.35 22.33 22.35 24.36 24.66 23.91 24.77 25.68 25.25 23.58 23.19 21.54 20.70 20.05 19.89 20.49 19.03 19.66 20.09 18.99 17.58 17.97 17.33 15.35 15.44 17.43 18.21 20.49 20.95 21.55 22.27 24.96 26.64 25.33 25.64 28.62 31.22 30.88 28.45 29.16 29.59 28.60 25.05 24.33 24.11 23.20 21.00 23.37 22.97 21.43 21.87 25.13 25.19 23.84 24.14 23.01 19.32 17.39 14.39 12.00 9.87 9.54 6.43 2.22 6.66 8.78 9.61 10.85 10.39 10.82 9.35 11.02 13.66 15.67 17.48 19.00 19.67 20.65 21.39 23.81 25.09 27.05 
20.37 19.03 17.45 17.47 20.25 20.41 22.76 22.50 24.51 24.75 23.98 25.17 25.94 25.63 23.99 23.93 22.04 21.31 20.05 19.88 20.23 18.74 18.38 18.88 19.29 17.90 17.04 16.42 15.90 15.74 17.05 18.12 20.68 21.41 21.28 22.32 25.16 26.96 25.38 25.86 28.76 31.45 30.65 28.49 28.97 29.29 28.18 24.60 23.89 23.18 22.28 20.08 22.88 22.04 20.38 21.34 25.08 24.92 24.39 24.23 24.18 20.47 18.16 16.35 14.20 11.77 11.29 8.98 6.66 1.57 6.14 7.78 9.42 9.09 9.01 8.15 9.10 13.23 14.46 16.74 18.49 19.32 21.25 22.62 23.64 24.92 26.04 
21.17 20.00 18.83 19.43 20.79 20.77 23.08 22.81 24.44 24.54 24.09 25.08 25.83 25.04 23.89 23.72 21.68 20.28 19.60 19.86 19.69 18.05 16.85 18.37 19.05 17.31 16.56 16.30 16.30 16.04 17.01 18.29 20.90 21.23 21.26 22.45 25.58 26.89 25.27 25.83 29.15 31.35 30.69 28.55 29.47 29.46 28.42 25.00 24.50 23.71 22.47 20.17 22.92 22.21 20.96 21.49 24.77 24.71 25.31 24.69 23.23 20.14 18.41 17.10 15.34 13.12 13.24 10.77 8.78 6.14 3.59 6.07 8.27 8.86 9.52 9.21 9.60 13.60 15.54 17.05 17.50 19.24 21.05 21.24 22.78 25.17 27.46 
21.22 19.29 18.38 18.48 20.26 20.28 22.38 22.16 23.64 23.38 23.09 24.36 24.78 24.10 22.27 22.54 20.43 18.93 18.86 19.11 18.61 17.26 16.78 18.45 18.18 16.56 16.73 16.45 15.28 16.43 17.35 18.20 20.17 20.80 20.89 21.96 24.69 26.15 24.87 25.53 28.50 30.88 30.23 28.09 28.61 28.95 27.78 24.51 24.02 23.49 22.89 20.32 22.85 22.60 21.25 21.66 24.40 24.42 25.00 23.98 22.66 19.78 18.78 17.09 15.02 13.85 14.06 11.46 9.61 7.78 6.07 0.01 5.91 7.36 8.12 8.83 10.58 13.43 14.37 16.25 18.40 20.21 21.72 21.84 23.52 26.13 26.97 
21.52 19.57 17.68 17.72 20.43 19.43 21.50 21.25 22.80 22.42 22.34 23.11 23.80 23.05 21.24 21.08 19.43 18.03 17.45 17.35 17.45 16.39 17.34 17.20 17.37 16.50 17.34 15.72 14.51 15.73 16.76 17.29 19.06 19.97 20.50 21.44 23.68 25.28 24.29 24.71 27.67 30.16 29.70 27.36 28.09 28.64 27.73 24.66 24.30 23.82 22.91 20.68 23.80 22.88 20.97 21.57 24.49 23.84 23.61 23.01 22.72 19.27 18.03 16.25 15.13 13.36 13.86 12.40 10.85 9.42 8.27 5.91 0.74 5.92 7.89 8.04 10.16 12.44 13.49 15.37 17.38 18.77 19.14 19.63 21.79 24.76 25.90 
21.65 19.79 17.63 17.10 19.06 18.32 20.54 19.62 21.44 21.64 21.66 22.27 22.85 22.63 20.62 20.43 19.06 17.30 15.96 15.56 16.31 15.88 14.30 15.25 16.68 14.93 15.27 13.70 13.94 14.94 15.47 16.50 18.70 19.06 19.54 20.74 23.05 24.73 23.47 24.05 27.19 29.62 29.05 27.13 27.72 28.15 26.97 24.25 23.79 22.96 22.00 19.66 22.65 22.23 20.03 20.96 23.96 23.11 22.46 22.19 21.69 17.81 15.61 13.16 12.53 11.61 12.29 11.29 10.39 9.09 8.86 7.36 5.92 0.00 5.05 6.25 7.23 8.67 10.43 13.53 16.18 16.35 18.42 18.95 21.34 21.60 24.04 
21.25 19.51 17.53 16.73 17.91 17.44 19.33 17.82 19.26 19.37 19.80 19.80 20.30 20.50 19.20 19.00 17.22 15.41 13.83 13.89 14.55 12.20 11.22 13.37 14.90 12.13 12.26 11.89 12.57 12.09 13.14 14.49 16.55 17.44 17.05 18.58 21.34 22.81 21.54 21.99 25.35 27.93 27.43 25.61 26.35 26.72 25.57 22.62 22.23 21.85 20.59 17.97 20.65 20.73 18.98 19.66 21.79 21.69 21.39 21.07 19.39 15.96 14.41 12.53 11.85 10.15 12.07 10.79 10.82 9.01 9.52 8.12 7.89 5.05 0.29 5.21 6.82 7.62 9.86 12.04 13.35 14.07 17.10 16.65 18.16 20.67 22.90 
21.44 18.92 16.63 15.69 17.20 16.42 17.62 16.16 17.52 17.18 17.39 18.19 19.32 19.32 16.73 17.53 16.17 14.40 13.18 14.08 13.73 12.86 11.92 14.35 14.15 12.74 12.21 12.20 10.62 11.04 11.38 13.20 14.91 15.29 15.01 16.18 18.54 20.10 19.38 19.99 23.36 25.74 25.88 23.89 24.82 25.20 24.27 20.97 21.28 20.38 19.86 17.28 20.52 19.70 18.43 18.31 21.08 20.43 20.48 19.23 17.32 14.51 13.75 11.72 10.00 9.63 11.45 10.42 9.35 8.15 9.21 8.83 8.04 6.25 5.21 0.00 5.02 6.65 7.38 9.04 10.96 13.15 14.42 14.96 17.34 18.52 21.27 
21.94 19.09 16.75 15.50 17.05 15.20 15.96 14.99 16.68 15.86 15.78 16.64 18.42 17.80 15.78 15.60 14.97 13.04 12.28 12.36 13.59 12.51 14.12 13.16 14.40 12.34 12.43 9.54 10.11 9.52 10.04 11.06 13.85 13.64 13.39 14.21 16.67 18.13 17.45 17.81 21.32 23.88 23.79 21.91 23.29 23.73 22.73 20.19 20.40 19.24 18.28 16.45 19.48 19.03 16.53 16.83 19.47 19.29 18.59 16.60 15.73 13.20 12.89 10.03 10.34 8.21 10.68 10.95 11.02 9.10 9.60 10.58 10.16 7.23 6.82 5.02 1.00 5.63 7.21 7.37 8.55 11.20 12.79 12.13 14.66 17.63 19.65 
