0.00 3.54 6.17 9.37 11.03 13.76 17.21 19.63 21.84 25.64 28.13 28.85 28.58 27.03 24.16 22.10 20.14 18.34 18.30 17.00 18.26 17.57 18.66 20.22 23.47 23.24 22.83 24.32 25.26 24.46 21.72 20.21 18.35 17.48 16.24 15.80 14.79 15.14 15.00 15.72 16.27 16.76 18.78 20.04 22.20 23.15 26.88 28.42 27.34 28.27 29.30 29.14 27.51 27.49 27.33 26.17 23.96 24.76 25.19 23.59 22.82 24.85 24.77 22.94 23.69 24.69 25.05 23.30 23.70 22.68 22.84 21.27 21.57 21.15 22.23 21.08 21.53 23.75 25.59 25.19 25.33 27.10 26.45 25.77 26.74 26.56 25.25 25.04 26.14 25.92 25.64 26.18 26.49 28.05 28.39 28.18 27.42 27.85 29.67 28.59 32.96 
3.54 0.00 2.61 5.49 9.03 12.46 15.12 16.98 19.01 23.81 26.49 27.10 25.83 25.17 22.65 20.18 16.61 16.13 15.35 14.20 15.43 15.44 16.11 17.33 22.18 21.55 21.28 22.37 23.56 22.48 20.48 18.75 16.21 14.57 13.28 13.35 11.91 11.94 11.80 13.41 14.06 14.71 16.25 18.06 20.12 20.78 24.76 26.67 25.27 26.02 26.87 27.07 24.53 24.90 24.89 23.63 21.07 22.19 23.02 20.94 20.22 22.79 23.12 20.88 22.07 23.12 23.65 21.57 22.48 21.00 21.06 19.14 19.93 18.85 20.15 18.53 19.25 21.45 23.99 23.62 24.00 25.20 24.51 23.75 24.96 24.33 22.68 22.67 24.81 23.66 22.79 24.43 25.73 26.01 26.17 27.11 24.29 27.06 27.50 28.84 33.13 
6.17 2.61 0.00 3.95 7.38 10.71 13.40 15.83 17.44 21.26 24.15 24.25 23.47 22.52 20.31 18.41 14.92 13.79 13.00 11.90 14.24 12.96 14.25 15.63 20.03 19.07 19.43 19.82 20.96 20.09 18.86 17.07 14.56 14.07 12.85 13.04 12.13 12.11 12.62 13.00 14.19 14.38 15.93 16.75 19.39 19.72 23.29 24.20 23.44 23.97 25.16 24.84 22.33 22.74 23.36 22.05 19.47 20.69 21.65 19.79 19.16 21.89 22.25 20.28 21.68 22.78 23.32 21.45 22.22 20.20 20.49 18.56 19.27 17.90 19.29 17.44 18.09 20.69 23.48 22.98 23.49 24.64 23.50 22.25 23.61 23.00 21.54 21.17 23.21 22.27 22.21 23.22 24.37 25.26 25.90 26.45 22.44 25.05 28.13 27.38 32.08 
9.37 5.49 3.95 0.00 5.30 7.55 11.56 13.20 16.11 19.25 22.45 23.50 22.24 21.01 18.57 17.47 13.51 12.22 10.61 9.79 12.58 12.10 13.60 14.09 18.00 17.18 17.28 17.96 19.13 18.48 16.49 14.05 11.80 11.59 11.96 10.61 10.80 11.84 12.82 12.66 12.97 13.44 15.20 15.65 17.94 19.10 21.97 22.51 21.12 21.99 23.21 23.15 20.25 21.20 21.67 20.84 18.37 19.61 20.41 18.86 18.12 20.60 20.71 18.99 20.41 21.34 21.94 20.19 20.93 18.71 18.93 17.58 18.59 16.46 18.31 16.92 17.53 19.70 22.68 22.30 22.94 23.91 22.70 21.61 23.04 22.04 20.60 20.33 22.25 21.43 20.97 22.69 24.38 24.68 24.74 24.36 22.20 24.98 27.55 27.56 35.43 
11.03 9.03 7.38 5.30 0.00 5.42 7.48 11.95 13.62 18.16 21.09 22.69 21.95 19.29 15.29 14.48 12.32 10.35 9.80 9.22 12.37 10.68 11.74 12.73 15.56 13.97 14.64 16.22 18.63 16.66 14.23 11.97 10.06 10.00 8.85 9.34 10.48 11.74 12.78 12.25 11.43 10.65 12.18 13.09 14.96 15.97 20.02 21.84 19.04 20.48 22.08 22.16 19.73 20.75 21.13 20.10 17.81 19.39 20.09 17.71 17.24 20.55 20.54 17.91 19.49 21.02 21.48 19.55 20.73 18.76 18.43 16.53 17.64 15.93 17.60 16.61 17.29 19.81 22.11 22.11 22.54 23.75 22.48 21.50 22.99 22.26 20.28 19.84 21.75 20.65 19.78 20.65 21.62 23.28 23.65 24.72 24.13 24.19 26.05 26.33 27.76 
13.76 12.46 10.71 7.55 5.42 0.00 5.43 7.25 10.79 14.21 18.37 19.60 18.52 17.11 13.37 12.16 9.00 9.11 8.32 8.16 11.25 10.47 10.51 10.94 13.30 11.78 11.92 14.81 16.17 13.69 11.55 9.91 9.08 7.29 7.26 9.36 11.15 12.97 12.64 13.00 10.99 10.10 11.43 11.79 14.08 14.32 18.49 20.14 17.42 18.41 19.68 19.48 16.51 17.90 18.90 17.48 14.95 17.02 18.19 15.61 15.17 19.03 19.18 16.33 18.12 20.18 20.86 18.97 20.23 18.64 18.21 16.03 16.83 14.82 16.40 15.18 16.16 19.21 21.35 22.05 22.20 23.28 21.20 20.80 21.97 21.23 18.27 18.74 20.49 19.26 17.58 20.12 21.05 22.15 22.23 23.21 20.74 23.16 25.30 27.31 30.47 
17.21 15.12 13.40 11.56 7.48 5.43 0.00 6.16 7.41 11.34 14.98 16.26 15.56 13.95 11.75 10.69 8.84 8.54 9.35 9.25 13.22 11.53 11.73 11.18 13.56 11.69 11.31 12.71 14.64 12.70 10.64 10.26 8.68 9.24 9.50 11.70 13.30 15.35 15.45 14.41 12.32 11.62 12.53 12.32 14.43 14.74 17.97 19.26 17.10 17.42 19.07 18.66 15.75 16.97 18.13 16.81 15.06 16.68 18.12 15.71 15.76 19.46 19.56 17.09 19.14 21.11 21.68 19.85 21.44 19.77 19.55 17.51 18.22 15.97 17.55 16.61 17.41 19.92 22.36 23.23 23.89 24.32 22.06 21.49 23.33 21.94 18.68 18.80 21.22 19.57 18.09 19.46 20.98 22.41 22.00 24.33 21.86 23.53 25.20 26.85 29.75 
19.63 16.98 15.83 13.20 11.95 7.25 6.16 0.00 6.43 7.91 12.29 13.93 13.37 11.52 9.97 10.17 8.93 9.20 10.20 11.35 15.48 15.00 14.03 12.49 14.71 11.81 11.43 11.13 13.22 11.87 9.89 8.69 8.93 9.87 11.86 14.20 15.68 17.69 17.95 17.43 14.83 13.37 14.08 13.99 15.76 15.52 18.11 18.92 16.51 16.96 18.04 18.02 15.13 16.62 17.28 16.61 14.99 16.79 17.56 15.93 16.13 19.71 19.76 17.99 19.87 21.92 22.11 20.69 22.55 20.65 20.08 18.66 19.56 17.61 18.69 18.42 18.80 21.62 23.58 24.70 24.57 25.60 22.97 22.67 23.98 23.09 19.52 20.05 21.84 20.88 18.58 21.60 22.70 23.27 22.90 24.54 22.11 23.84 25.30 27.81 31.36 
21.84 19.01 17.44 16.11 13.62 10.79 7.41 6.43 1.40 5.66 7.15 9.88 10.76 10.09 8.55 9.01 9.97 10.90 12.11 13.19 17.05 15.56 15.90 14.45 13.98 10.70 10.52 10.42 12.22 9.95 8.88 9.06 10.09 11.61 12.89 15.76 17.68 19.49 19.62 18.90 16.98 15.73 16.58 15.95 16.26 15.15 17.86 18.11 14.36 14.68 16.40 16.31 12.73 14.54 15.25 14.44 13.02 15.24 16.23 14.46 14.85 18.60 18.60 16.91 19.55 21.68 22.10 21.12 23.32 21.26 20.24 18.97 20.28 18.35 19.22 18.69 19.50 21.58 23.33 23.71 24.13 24.87 22.77 21.65 23.24 22.16 19.76 19.38 21.67 20.13 18.35 19.54 21.25 21.43 20.80 23.33 22.95 23.35 23.66 26.19 26.82 
25.64 23.81 21.26 19.25 18.16 14.21 11.34 7.91 5.66 1.05 5.50 6.77 7.97 8.80 8.03 9.32 11.16 14.00 14.74 16.61 19.79 19.89 18.90 17.43 16.23 12.81 11.61 12.12 12.05 9.59 9.53 11.06 12.80 13.75 15.78 18.62 21.08 22.51 22.78 21.87 19.63 18.83 19.54 18.52 18.63 17.18 20.16 19.16 15.13 15.38 17.27 16.29 13.15 15.70 17.24 16.05 14.58 17.26 18.50 16.47 17.03 20.88 21.03 18.69 21.38 23.80 24.49 23.52 25.73 23.72 23.18 21.58 22.77 20.46 21.60 20.99 21.49 23.68 25.45 26.09 26.39 26.87 24.16 23.77 25.17 24.07 20.64 21.13 23.48 21.89 19.19 21.57 23.14 22.71 22.05 23.65 22.61 24.15 24.85 26.85 28.50 
28.13 26.49 24.15 22.45 21.09 18.37 14.98 12.29 7.15 5.50 1.83 5.16 6.72 7.90 9.43 11.40 13.06 15.62 18.42 19.16 22.58 22.48 22.13 20.56 19.94 16.30 14.14 13.10 14.19 12.03 11.42 12.73 15.27 17.29 18.52 21.35 23.18 24.67 25.57 24.30 22.12 21.11 22.07 21.02 20.94 19.65 21.90 20.92 16.47 17.09 18.24 17.76 14.81 17.11 18.09 17.06 16.03 18.80 19.79 17.43 18.14 22.40 22.62 19.90 22.50 24.93 25.64 24.77 26.72 25.46 24.87 23.61 24.70 22.76 23.78 22.85 23.60 25.82 27.65 28.20 28.69 28.83 25.72 25.16 27.09 25.42 21.62 22.22 25.02 22.93 20.54 22.84 24.41 24.61 22.92 25.28 24.26 25.25 25.95 27.73 29.31 
28.85 27.10 24.25 23.50 22.69 19.60 16.26 13.93 9.88 6.77 5.16 0.00 5.18 7.02 8.52 12.00 15.04 17.15 19.26 21.79 25.15 24.83 23.76 22.48 22.18 18.77 15.47 13.50 15.17 14.05 11.66 13.31 15.61 17.46 18.61 21.28 23.45 24.60 25.28 24.84 22.35 21.46 22.23 21.09 21.98 20.99 23.16 21.69 17.94 18.09 18.96 18.61 16.21 18.45 18.74 17.86 17.03 19.01 19.96 18.44 18.81 22.89 23.10 21.31 23.50 25.81 26.34 25.51 27.53 26.22 25.73 24.25 25.40 23.47 24.61 23.84 24.36 27.07 29.00 29.31 29.39 29.81 27.07 26.39 27.80 26.59 23.02 23.54 25.53 24.42 22.21 24.60 25.68 25.77 24.70 26.30 24.55 26.37 26.64 28.59 27.98 
28.58 25.83 23.47 22.24 21.95 18.52 15.56 13.37 10.76 7.97 6.72 5.18 0.00 5.40 6.62 9.96 13.32 16.17 19.09 20.56 25.21 24.09 23.33 22.21 22.08 17.80 15.49 13.98 15.74 13.34 12.19 12.61 14.26 15.72 16.54 19.32 21.66 22.63 23.29 22.32 21.17 20.77 21.47 20.36 20.64 20.22 22.57 21.87 17.20 18.01 18.43 18.29 15.31 17.41 17.57 17.15 16.72 18.36 18.84 18.09 18.61 21.87 22.16 20.86 23.49 25.13 25.39 24.62 26.75 25.38 24.80 23.44 24.40 22.80 24.02 23.07 23.37 25.90 28.11 28.22 27.76 28.43 26.26 25.12 26.38 25.58 22.67 22.80 24.89 24.03 22.03 23.65 24.65 25.46 24.07 25.97 24.77 25.70 25.86 27.70 26.04 
27.03 25.17 22.52 21.01 19.29 17.11 13.95 11.52 10.09 8.80 7.90 7.02 5.40 0.00 5.52 7.51 11.01 13.90 16.86 18.66 23.63 23.46 23.09 20.72 20.23 16.96 15.38 14.86 15.56 13.31 12.09 12.69 14.01 14.30 16.09 18.82 21.41 22.81 22.59 21.71 20.24 19.46 20.51 19.28 20.86 20.34 22.78 21.65 18.33 18.36 19.03 18.57 16.16 18.11 18.25 17.84 17.28 19.14 19.64 17.87 18.82 22.21 22.32 20.71 22.60 24.65 24.99 24.63 26.52 25.43 24.50 23.21 23.88 21.99 23.27 22.46 23.20 25.42 27.41 27.90 27.94 28.33 25.52 25.01 26.45 25.22 21.76 22.53 24.90 23.51 21.33 23.63 25.28 25.21 24.19 25.57 24.65 25.62 25.72 27.54 26.71 
24.16 22.65 20.31 18.57 15.29 13.37 11.75 9.97 8.55 8.03 9.43 8.52 6.62 5.52 0.00 5.96 7.97 10.49 14.05 15.38 19.58 19.39 19.74 17.45 17.64 15.11 14.13 13.20 15.56 12.91 10.97 10.99 12.53 12.78 13.34 16.53 19.62 20.90 21.14 19.87 18.18 17.65 18.85 17.85 19.45 19.32 21.57 21.16 17.45 17.99 18.64 18.02 15.80 16.96 17.30 16.44 15.65 17.42 18.06 16.17 17.00 20.76 20.94 18.55 20.48 22.33 22.83 21.96 24.07 22.72 22.18 21.15 22.17 20.39 21.15 20.54 21.79 23.74 25.12 25.95 26.57 26.66 23.61 23.22 25.14 23.30 19.33 20.09 23.00 21.19 19.03 21.06 23.04 23.11 22.21 23.86 23.60 24.45 24.02 26.59 25.91 
22.10 20.18 18.41 17.47 14.48 12.16 10.69 10.17 9.01 9.32 11.40 12.00 9.96 7.51 5.96 0.00 6.23 8.14 12.06 14.00 19.00 18.71 18.51 16.96 18.18 15.35 14.11 14.03 17.24 15.81 12.91 12.11 13.13 12.80 13.29 16.21 18.57 20.39 20.32 19.99 18.02 17.47 18.59 17.84 19.79 19.74 22.59 21.68 18.38 19.03 19.63 18.40 16.21 17.93 17.77 16.55 16.22 17.27 18.07 16.74 17.87 20.64 21.09 19.20 21.41 22.92 23.23 22.66 24.78 23.18 22.20 20.86 22.16 20.37 20.89 19.95 21.35 24.00 25.47 26.06 26.28 26.80 24.03 23.24 24.81 23.52 19.71 20.55 23.28 21.52 19.77 21.97 23.67 23.78 23.35 24.91 24.24 25.32 25.06 27.20 26.79 
20.14 16.61 14.92 13.51 12.32 9.00 8.84 8.93 9.97 11.16 13.06 15.04 13.32 11.01 7.97 6.23 0.00 6.04 7.45 10.51 14.93 15.39 15.67 15.10 17.03 13.66 12.87 13.80 17.34 15.83 14.10 12.59 12.13 12.32 12.47 14.09 15.77 17.32 17.04 16.06 15.05 15.53 16.48 15.83 17.07 18.09 20.99 20.47 16.61 17.74 19.41 17.64 14.97 17.00 17.42 16.08 15.11 16.92 17.44 16.51 17.21 19.89 19.58 18.32 20.58 22.22 22.21 21.32 23.72 22.27 21.40 19.70 20.46 18.94 19.85 18.58 19.23 22.06 24.20 24.30 23.98 24.70 22.69 21.32 22.71 21.57 18.49 18.61 21.20 20.15 18.70 20.46 21.97 22.78 22.57 24.42 23.70 24.71 24.86 27.43 27.02 
18.34 16.13 13.79 12.22 10.35 9.11 8.54 9.20 10.90 14.00 15.62 17.15 16.17 13.90 10.49 8.14 6.04 1.58 6.35 6.86 12.55 13.60 14.72 13.47 15.55 13.59 12.85 14.38 18.49 17.07 14.90 13.96 13.25 12.76 12.17 13.51 15.73 17.42 16.11 15.59 14.92 15.50 16.39 15.85 18.31 18.84 21.81 20.84 17.83 18.75 20.08 19.16 16.51 18.26 18.72 17.62 16.25 18.30 18.91 17.68 18.22 21.20 21.20 19.38 21.32 23.07 23.24 22.50 24.70 23.17 22.37 20.58 21.16 19.20 20.02 19.22 19.75 22.21 23.94 24.55 24.61 24.89 22.04 21.06 22.43 21.05 17.75 18.28 21.33 19.87 18.19 20.60 22.30 22.70 22.22 24.20 23.53 25.04 24.77 27.78 28.30 
18.30 15.35 13.00 10.61 9.80 8.32 9.35 10.20 12.11 14.74 18.42 19.26 19.09 16.86 14.05 12.06 7.45 6.35 2.97 5.70 8.39 10.50 12.27 11.75 13.26 12.45 13.47 14.91 18.83 18.05 15.49 14.75 14.36 13.20 12.32 14.01 15.24 15.72 15.84 15.10 14.61 14.89 16.01 15.56 18.13 19.04 21.48 20.92 18.16 19.41 20.64 19.88 18.09 19.15 19.61 18.60 17.53 19.10 19.72 18.52 19.26 22.41 22.06 20.02 21.64 23.17 23.35 22.43 24.35 22.78 22.05 20.53 21.08 18.88 19.51 18.90 19.81 21.50 22.76 23.58 23.93 24.21 21.14 20.15 21.97 20.16 16.63 17.59 20.88 19.07 17.42 20.05 21.92 22.00 21.36 23.75 23.63 24.23 24.81 27.07 27.86 
17.00 14.20 11.90 9.79 9.22 8.16 9.25 11.35 13.19 16.61 19.16 21.79 20.56 18.66 15.38 14.00 10.51 6.86 5.70 1.19 5.77 6.68 8.97 9.78 11.02 9.75 11.35 14.19 17.49 16.72 15.03 14.62 13.14 13.57 12.80 13.52 13.79 15.02 14.79 14.67 13.74 13.52 14.72 14.19 16.67 17.70 21.09 20.51 17.62 18.99 20.31 19.67 17.39 19.43 19.61 18.58 17.24 19.05 19.49 18.29 19.37 22.08 21.71 19.73 21.55 22.94 22.71 21.73 23.79 21.90 21.11 19.38 20.16 17.93 18.41 17.61 18.12 19.89 21.51 21.71 21.77 22.15 19.39 18.15 19.45 17.99 14.72 15.63 19.05 17.44 16.01 18.93 20.64 21.07 20.69 22.57 21.79 24.23 24.27 27.17 27.55 
18.26 15.43 14.24 12.58 12.37 11.25 13.22 15.48 17.05 19.79 22.58 25.15 25.21 23.63 19.58 19.00 14.93 12.55 8.39 5.77 2.65 5.83 7.97 9.66 11.75 10.98 12.77 15.60 18.68 18.25 17.91 16.40 14.01 15.10 14.52 14.81 15.27 16.18 16.37 15.85 14.69 14.95 15.82 15.56 17.25 18.40 22.07 22.27 19.05 20.76 22.47 22.20 19.32 21.31 22.20 21.00 19.44 21.51 22.30 20.66 20.89 23.95 23.44 21.39 23.56 25.09 24.74 23.57 25.85 24.34 23.39 21.76 22.64 20.28 20.75 19.21 18.82 20.73 22.29 22.48 21.97 22.56 19.79 18.36 19.53 18.52 15.62 16.31 19.37 18.35 16.93 19.75 21.43 22.26 21.59 23.69 22.94 24.10 25.37 27.68 28.08 
17.57 15.44 12.96 12.10 10.68 10.47 11.53 15.00 15.56 19.89 22.48 24.83 24.09 23.46 19.39 18.71 15.39 13.60 10.50 6.68 5.83 0.55 4.82 6.47 9.50 10.06 11.76 14.30 17.52 16.90 14.72 13.53 11.99 13.00 11.28 12.32 13.29 15.42 14.70 13.36 12.55 12.72 13.55 12.98 15.29 16.31 19.71 20.59 18.14 19.07 20.21 20.58 18.55 20.17 20.86 20.35 18.74 20.95 21.87 20.29 20.97 24.14 23.61 21.43 23.60 25.40 24.77 23.34 25.88 24.35 23.16 21.50 21.99 19.43 19.38 17.63 17.10 19.02 20.28 20.34 20.19 20.38 17.24 15.85 17.20 16.10 13.48 14.39 17.71 16.05 15.04 18.42 20.42 20.40 20.18 22.50 22.09 23.92 24.26 27.59 28.47 
18.66 16.11 14.25 13.60 11.74 10.51 11.73 14.03 15.90 18.90 22.13 23.76 23.33 23.09 19.74 18.51 15.67 14.72 12.27 8.97 7.97 4.82 1.02 4.92 7.89 9.20 11.71 13.73 17.26 16.65 15.83 14.20 12.64 13.62 14.09 14.70 16.09 17.31 16.33 14.75 14.01 13.56 13.64 12.51 15.51 16.59 19.70 20.29 18.69 20.01 20.16 20.77 19.40 20.93 21.17 20.75 19.57 21.88 22.43 21.07 21.89 25.24 24.41 22.56 24.52 26.08 25.75 24.60 26.82 24.91 23.91 22.17 22.46 19.64 19.43 17.52 17.11 18.57 19.48 19.40 19.33 19.37 15.86 14.84 16.76 15.34 12.53 13.79 17.64 16.15 15.28 18.44 20.18 20.43 19.54 22.63 22.20 23.24 24.34 26.64 28.01 
20.22 17.33 15.63 14.09 12.73 10.94 11.18 12.49 14.45 17.43 20.56 22.48 22.21 20.72 17.45 16.96 15.10 13.47 11.75 9.78 9.66 6.47 4.92 0.00 5.84 6.26 8.14 11.57 14.44 14.23 13.15 12.63 11.24 12.37 13.60 15.42 17.12 18.95 17.53 15.84 14.30 12.83 13.30 12.03 14.82 16.03 19.06 19.80 17.62 19.46 19.90 20.01 18.34 20.70 20.38 20.03 19.07 21.16 21.64 20.31 21.65 24.69 23.62 22.26 24.30 25.46 24.80 23.95 26.21 24.38 23.42 21.69 22.02 19.62 19.24 16.89 16.28 18.13 18.35 18.13 17.79 17.90 13.95 13.06 14.74 13.94 10.75 12.36 16.22 15.24 14.00 17.36 19.27 20.05 20.00 22.44 21.26 23.80 23.97 26.90 27.63 
23.47 22.18 20.03 18.00 15.56 13.30 13.56 14.71 13.98 16.23 19.94 22.18 22.08 20.23 17.64 18.18 17.03 15.55 13.26 11.02 11.75 9.50 7.89 5.84 0.53 6.49 7.90 10.42 14.19 14.40 13.18 13.46 12.15 13.99 14.90 17.05 20.19 22.07 20.16 18.18 16.11 15.11 15.02 13.89 15.29 16.46 19.92 20.65 18.68 20.12 20.94 21.94 19.62 21.68 21.74 21.67 20.30 22.54 23.23 21.95 22.79 25.53 24.54 23.00 25.45 26.86 26.17 25.03 27.19 25.56 24.56 22.77 22.99 20.68 20.38 18.13 17.51 18.83 18.87 18.40 18.46 18.66 15.43 13.87 16.60 16.14 13.43 13.83 17.65 17.20 16.12 19.00 20.98 21.96 21.20 23.57 22.55 23.99 25.16 27.83 28.42 
23.24 21.55 19.07 17.18 13.97 11.78 11.69 11.81 10.70 12.81 16.30 18.77 17.80 16.96 15.11 15.35 13.66 13.59 12.45 9.75 10.98 10.06 9.20 6.26 6.49 0.00 5.45 7.12 10.89 10.68 9.47 8.68 8.66 10.56 11.87 14.25 18.51 20.79 19.41 17.29 14.62 12.78 12.41 10.19 12.72 13.34 16.22 17.48 15.58 17.15 17.50 18.42 16.16 18.46 18.55 18.93 17.58 20.14 21.37 20.18 20.90 24.09 23.37 21.29 23.73 25.62 25.05 23.27 25.47 24.29 23.37 21.45 21.25 18.67 18.88 16.62 14.83 16.34 16.41 16.44 16.18 16.36 12.73 12.12 14.92 14.32 11.32 12.42 16.60 15.80 14.34 18.23 20.20 20.41 19.98 22.49 20.87 23.28 23.21 26.36 27.36 
22.83 21.28 19.43 17.28 14.64 11.92 11.31 11.43 10.52 11.61 14.14 15.47 15.49 15.38 14.13 14.11 12.87 12.85 13.47 11.35 12.77 11.76 11.71 8.14 7.90 5.45 2.94 4.81 7.64 8.28 8.72 8.27 8.20 10.40 13.54 16.60 19.70 21.31 19.62 17.47 14.88 13.07 10.92 9.02 10.73 11.62 13.62 14.08 13.31 15.07 15.33 16.30 14.64 16.58 17.25 17.31 16.51 19.20 20.19 19.12 20.33 23.48 22.81 20.67 23.00 25.07 24.92 23.23 25.33 24.10 23.01 20.89 20.95 18.20 18.25 15.27 14.07 14.90 15.60 14.99 15.38 15.24 12.06 11.34 14.78 13.33 10.26 11.86 16.30 15.34 14.05 17.53 19.42 19.93 18.68 21.55 20.32 21.28 22.49 24.83 26.35 
24.32 22.37 19.82 17.96 16.22 14.81 12.71 11.13 10.42 12.12 13.10 13.50 13.98 14.86 13.20 14.03 13.80 14.38 14.91 14.19 15.60 14.30 13.73 11.57 10.42 7.12 4.81 1.85 5.36 5.71 7.79 9.37 9.80 10.83 14.48 18.87 22.77 23.47 22.07 20.10 17.55 15.24 13.48 10.43 11.80 11.55 14.12 14.91 13.88 15.05 15.47 15.63 14.50 16.95 16.41 16.14 15.93 18.98 19.66 18.45 20.09 23.56 22.53 21.02 23.19 25.18 24.89 23.79 25.55 24.64 23.65 21.72 21.49 19.31 18.56 15.73 14.13 15.82 15.15 15.61 16.20 16.69 14.21 14.09 16.57 15.51 12.47 13.87 17.72 16.97 15.62 19.37 21.15 21.37 20.46 23.04 20.86 23.09 22.87 25.43 26.38 
25.26 23.56 20.96 19.13 18.63 16.17 14.64 13.22 12.22 12.05 14.19 15.17 15.74 15.56 15.56 17.24 17.34 18.49 18.83 17.49 18.68 17.52 17.26 14.44 14.19 10.89 7.64 5.36 3.57 6.15 7.85 11.20 11.61 14.98 17.63 21.52 24.54 26.10 24.60 22.70 19.50 17.70 15.65 12.72 12.46 12.53 15.45 15.76 15.32 16.40 16.69 17.17 15.87 17.98 18.43 17.51 17.44 20.29 20.85 19.11 20.83 24.04 23.59 21.81 24.52 26.23 26.25 25.30 26.72 25.29 24.52 22.90 22.92 19.69 19.18 16.07 15.44 15.80 15.65 16.42 18.94 19.60 17.10 16.87 19.02 18.29 15.18 16.38 20.17 19.08 17.57 20.86 22.68 23.55 22.56 24.42 22.86 23.17 24.87 26.87 27.42 
24.46 22.48 20.09 18.48 16.66 13.69 12.70 11.87 9.95 9.59 12.03 14.05 13.34 13.31 12.91 15.81 15.83 17.07 18.05 16.72 18.25 16.90 16.65 14.23 14.40 10.68 8.28 5.71 6.15 0.00 4.92 6.95 8.93 11.80 14.43 18.20 21.70 24.27 22.95 20.90 17.36 15.93 13.87 10.57 10.85 10.96 13.37 13.74 13.00 13.84 14.26 13.63 12.09 14.89 15.72 15.57 14.66 17.91 19.00 17.97 18.63 22.42 21.80 20.40 22.39 24.64 24.76 23.80 25.08 23.72 23.01 21.41 20.99 18.38 18.52 15.96 14.66 16.34 17.11 18.11 19.64 20.71 18.33 17.55 19.69 18.65 15.65 16.52 20.18 19.04 17.45 20.71 22.75 22.54 21.92 23.94 21.91 23.55 23.55 25.99 26.84 
21.72 20.48 18.86 16.49 14.23 11.55 10.64 9.89 8.88 9.53 11.42 11.66 12.19 12.09 10.97 12.91 14.10 14.90 15.49 15.03 17.91 14.72 15.83 13.15 13.18 9.47 8.72 7.79 7.85 4.92 0.02 5.84 5.81 9.56 12.22 15.85 18.91 20.30 20.08 18.41 14.70 13.20 11.71 9.32 8.85 9.17 12.55 12.47 10.78 11.95 12.85 12.38 10.40 12.12 13.67 13.60 12.33 15.10 16.57 15.58 16.48 19.50 19.10 17.32 19.74 21.80 21.93 20.33 22.35 21.02 20.16 18.29 18.41 15.84 16.15 14.39 13.83 15.88 17.98 19.13 20.05 20.81 18.06 17.14 18.99 17.75 14.55 15.73 19.13 17.70 16.43 19.16 20.96 20.77 19.64 21.55 20.54 21.09 22.23 24.15 25.49 
20.21 18.75 17.07 14.05 11.97 9.91 10.26 8.69 9.06 11.06 12.73 13.31 12.61 12.69 10.99 12.11 12.59 13.96 14.75 14.62 16.40 13.53 14.20 12.63 13.46 8.68 8.27 9.37 11.20 6.95 5.84 0.00 5.67 7.36 9.93 13.19 16.49 18.10 16.84 15.62 11.89 10.43 9.64 8.24 8.78 9.72 13.20 14.45 11.64 12.82 12.58 12.70 10.96 12.00 12.09 11.47 10.33 13.62 14.85 13.44 14.03 17.20 16.51 14.65 16.95 19.04 18.79 17.75 20.34 19.19 17.85 15.99 16.52 14.01 14.23 12.78 13.26 15.55 17.36 18.79 19.99 20.27 17.82 16.99 19.07 17.39 14.39 15.31 18.26 16.69 14.79 17.82 19.57 18.99 18.51 20.66 19.00 20.92 20.54 23.59 24.57 
18.35 16.21 14.56 11.80 10.06 9.08 8.68 8.93 10.09 12.80 15.27 15.61 14.26 14.01 12.53 13.13 12.13 13.25 14.36 13.14 14.01 11.99 12.64 11.24 12.15 8.66 8.20 9.80 11.61 8.93 5.81 5.67 0.00 5.64 7.41 10.25 14.23 15.58 14.73 13.26 9.89 9.10 8.98 9.17 10.95 12.36 15.65 16.81 14.13 14.47 14.19 14.10 12.75 13.70 13.17 12.18 11.22 13.53 14.17 12.32 13.35 16.22 15.02 12.66 15.20 17.04 16.56 15.67 18.02 16.85 15.56 14.18 14.86 12.41 12.85 12.24 13.42 15.91 17.22 18.89 20.11 20.38 18.15 17.37 19.18 17.80 14.90 15.35 18.19 16.63 14.93 17.41 19.07 19.21 18.74 20.92 19.50 20.49 20.82 23.87 24.76 
17.48 14.57 14.07 11.59 10.00 7.29 9.24 9.87 11.61 13.75 17.29 17.46 15.72 14.30 12.78 12.80 12.32 12.76 13.20 13.57 15.10 13.00 13.62 12.37 13.99 10.56 10.40 10.83 14.98 11.80 9.56 7.36 5.64 0.00 6.26 7.31 10.55 13.23 12.70 10.82 8.21 8.15 9.30 9.63 12.20 13.69 17.95 18.74 14.92 15.19 15.69 14.99 13.07 14.25 13.72 12.15 10.72 13.10 13.72 11.36 11.61 15.46 14.31 12.43 14.03 16.21 16.14 15.63 17.01 16.10 14.93 12.99 13.69 11.62 12.67 12.22 14.21 16.25 18.32 19.83 20.46 20.35 18.76 17.82 19.46 18.17 15.44 16.26 18.87 17.10 15.29 18.01 19.81 19.19 18.89 20.34 18.98 20.77 20.66 23.68 24.80 
16.24 13.28 12.85 11.96 8.85 7.26 9.50 11.86 12.89 15.78 18.52 18.61 16.54 16.09 13.34 13.29 12.47 12.17 12.32 12.80 14.52 11.28 14.09 13.60 14.90 11.87 13.54 14.48 17.63 14.43 12.22 9.93 7.41 6.26 2.63 5.74 6.95 10.32 10.20 9.15 7.46 8.41 9.91 11.58 13.77 16.48 20.21 20.97 17.65 17.91 17.63 17.71 15.13 15.91 15.33 13.73 12.29 13.55 14.22 12.17 12.39 14.88 14.15 11.87 13.72 14.94 14.34 13.09 15.28 13.97 13.13 10.61 12.01 10.96 12.67 13.12 14.78 17.26 19.93 20.78 21.26 21.07 19.07 18.04 19.99 17.82 15.46 16.01 19.03 16.82 15.28 17.75 19.60 19.10 17.94 19.64 18.79 20.01 20.40 22.85 24.06 
15.80 13.35 13.04 10.61 9.34 9.36 11.70 14.20 15.76 18.62 21.35 21.28 19.32 18.82 16.53 16.21 14.09 13.51 14.01 13.52 14.81 12.32 14.70 15.42 17.05 14.25 16.60 18.87 21.52 18.20 15.85 13.19 10.25 7.31 5.74 1.14 4.67 5.88 7.28 7.54 7.38 8.13 10.36 12.54 16.21 18.45 22.77 23.36 20.55 20.34 20.18 19.94 18.01 16.94 15.77 15.67 13.54 14.00 14.32 13.06 12.64 15.28 13.18 10.90 13.16 15.68 14.06 12.33 14.82 13.80 12.30 10.88 12.61 11.93 13.69 14.36 16.46 18.71 21.13 21.89 22.33 22.63 20.32 19.12 20.62 19.38 16.51 17.12 18.97 17.22 15.50 18.41 19.75 18.84 17.71 19.45 18.00 20.05 19.92 22.74 24.06 
14.79 11.91 12.13 10.80 10.48 11.15 13.30 15.68 17.68 21.08 23.18 23.45 21.66 21.41 19.62 18.57 15.77 15.73 15.24 13.79 15.27 13.29 16.09 17.12 20.19 18.51 19.70 22.77 24.54 21.70 18.91 16.49 14.23 10.55 6.95 4.67 0.93 4.36 6.02 8.12 8.77 10.28 12.59 16.01 18.87 21.73 25.00 26.57 23.25 23.94 23.12 22.66 20.37 19.40 17.00 15.69 14.87 15.60 14.54 12.83 13.86 15.94 14.20 12.53 15.03 16.75 15.61 13.97 16.23 14.10 13.37 11.40 13.98 12.97 15.30 15.87 17.96 19.44 21.84 22.82 23.23 23.80 21.68 19.97 21.54 19.92 18.28 18.11 20.11 17.80 16.90 19.86 21.15 20.68 19.34 20.77 19.83 20.29 21.25 24.01 25.06 
15.14 11.94 12.11 11.84 11.74 12.97 15.35 17.69 19.49 22.51 24.67 24.60 22.63 22.81 20.90 20.39 17.32 17.42 15.72 15.02 16.18 15.42 17.31 18.95 22.07 20.79 21.31 23.47 26.10 24.27 20.30 18.10 15.58 13.23 10.32 5.88 4.36 0.00 5.15 7.65 10.08 11.96 14.58 17.48 20.14 23.26 27.30 27.91 24.50 25.32 25.02 23.88 21.38 21.44 18.76 17.08 15.39 16.82 15.51 13.80 14.52 17.03 15.41 14.20 16.85 18.03 17.17 16.10 17.69 15.63 13.92 11.97 13.79 13.31 15.49 16.17 18.03 19.75 22.30 23.50 23.54 23.98 22.34 21.02 21.52 20.59 18.83 19.32 21.56 19.39 17.99 21.02 23.20 22.44 21.09 22.29 20.84 22.61 22.98 24.78 25.89 
15.00 11.80 12.62 12.82 12.78 12.64 15.45 17.95 19.62 22.78 25.57 25.28 23.29 22.59 21.14 20.32 17.04 16.11 15.84 14.79 16.37 14.70 16.33 17.53 20.16 19.41 19.62 22.07 24.60 22.95 20.08 16.84 14.73 12.70 10.20 7.28 6.02 5.15 0.27 5.81 7.45 10.19 12.76 16.04 19.05 22.00 26.04 27.17 23.47 25.17 24.64 23.63 21.29 21.24 19.38 17.05 14.83 16.15 15.43 12.75 13.83 16.60 14.62 13.55 16.14 17.80 16.43 15.08 16.97 15.00 12.66 10.72 12.65 12.54 14.03 14.50 16.79 18.51 21.34 22.42 22.21 21.77 20.59 19.36 20.20 17.98 17.36 18.11 20.73 18.39 17.37 19.79 22.00 21.24 20.14 21.62 20.59 22.04 23.37 25.15 26.18 
15.72 13.41 13.00 12.66 12.25 13.00 14.41 17.43 18.90 21.87 24.30 24.84 22.32 21.71 19.87 19.99 16.06 15.59 15.10 14.67 15.85 13.36 14.75 15.84 18.18 17.29 17.47 20.10 22.70 20.90 18.41 15.62 13.26 10.82 9.15 7.54 8.12 7.65 5.81 0.00 5.94 7.75 10.00 12.66 16.33 19.14 23.16 24.27 20.93 21.79 21.30 21.12 18.98 18.32 16.37 15.43 13.37 14.20 13.59 12.02 12.87 15.82 14.73 13.02 15.74 17.81 17.11 16.07 18.40 15.98 13.58 10.94 12.93 11.02 11.95 12.58 15.20 16.77 19.37 20.29 20.24 20.02 17.86 16.97 17.63 16.38 15.15 16.05 18.25 16.36 15.38 18.05 19.73 19.24 18.46 20.42 18.81 21.41 21.92 24.18 25.03 
16.27 14.06 14.19 12.97 11.43 10.99 12.32 14.83 16.98 19.63 22.12 22.35 21.17 20.24 18.18 18.02 15.05 14.92 14.61 13.74 14.69 12.55 14.01 14.30 16.11 14.62 14.88 17.55 19.50 17.36 14.70 11.89 9.89 8.21 7.46 7.38 8.77 10.08 7.45 5.94 0.00 5.45 6.81 9.21 12.33 14.59 18.76 20.15 16.99 18.10 17.57 17.37 15.19 15.14 13.06 12.01 10.87 11.52 11.34 10.34 11.00 14.48 13.46 12.81 15.38 17.19 16.65 16.23 18.90 17.00 14.84 12.03 12.23 10.59 11.31 11.00 12.30 14.76 17.71 18.82 18.72 18.61 16.08 14.74 16.16 14.68 13.26 14.33 16.48 14.84 14.26 16.94 18.40 18.19 17.58 18.95 18.33 20.19 21.04 24.06 25.08 
16.76 14.71 14.38 13.44 10.65 10.10 11.62 13.37 15.73 18.83 21.11 21.46 20.77 19.46 17.65 17.47 15.53 15.50 14.89 13.52 14.95 12.72 13.56 12.83 15.11 12.78 13.07 15.24 17.70 15.93 13.20 10.43 9.10 8.15 8.41 8.13 10.28 11.96 10.19 7.75 5.45 0.00 4.99 6.15 8.98 12.58 16.03 18.02 15.12 16.19 15.96 16.23 13.92 14.43 12.94 12.40 10.59 11.63 12.12 11.64 12.26 15.88 15.00 14.62 16.74 18.39 18.70 18.44 20.30 18.25 16.54 13.46 13.08 10.45 11.17 9.73 11.45 13.64 16.22 17.31 17.20 16.59 14.13 13.31 14.36 13.14 11.94 13.23 16.49 14.56 13.81 16.56 18.75 18.15 18.00 19.50 18.00 20.66 20.88 23.83 24.99 
18.78 16.25 15.93 15.20 12.18 11.43 12.53 14.08 16.58 19.54 22.07 22.23 21.47 20.51 18.85 18.59 16.48 16.39 16.01 14.72 15.82 13.55 13.64 13.30 15.02 12.41 10.92 13.48 15.65 13.87 11.71 9.64 8.98 9.30 9.91 10.36 12.59 14.58 12.76 10.00 6.81 4.99 0.00 4.52 6.23 9.53 13.64 14.88 12.59 14.59 14.88 14.96 12.52 12.91 12.53 11.66 9.14 11.05 12.40 11.76 11.49 16.35 16.91 16.04 17.84 20.34 20.85 20.35 21.89 20.14 18.81 15.38 14.43 11.96 11.63 10.77 11.39 13.17 15.17 16.49 16.56 15.97 13.71 13.28 15.34 13.93 12.41 13.80 17.45 15.75 14.51 16.99 19.27 19.11 18.58 19.74 18.46 20.73 21.96 24.46 25.59 
20.04 18.06 16.75 15.65 13.09 11.79 12.32 13.99 15.95 18.52 21.02 21.09 20.36 19.28 17.85 17.84 15.83 15.85 15.56 14.19 15.56 12.98 12.51 12.03 13.89 10.19 9.02 10.43 12.72 10.57 9.32 8.24 9.17 9.63 11.58 12.54 16.01 17.48 16.04 12.66 9.21 6.15 4.52 0.00 5.23 6.51 10.44 12.86 10.95 12.09 12.01 13.41 12.05 12.55 12.04 12.12 10.15 11.84 13.72 13.01 12.78 17.76 18.51 17.34 19.07 21.88 22.44 21.42 23.28 21.54 20.48 17.19 16.95 13.39 13.24 10.63 11.73 12.42 13.91 14.45 15.08 15.22 12.18 11.39 14.09 13.84 12.17 13.31 17.03 15.75 14.44 17.04 18.80 18.66 18.42 19.93 17.57 20.69 21.76 24.41 25.35 
22.20 20.12 19.39 17.94 14.96 14.08 14.43 15.76 16.26 18.63 20.94 21.98 20.64 20.86 19.45 19.79 17.07 18.31 18.13 16.67 17.25 15.29 15.51 14.82 15.29 12.72 10.73 11.80 12.46 10.85 8.85 8.78 10.95 12.20 13.77 16.21 18.87 20.14 19.05 16.33 12.33 8.98 6.23 5.23 1.52 5.10 7.96 10.64 9.70 10.33 11.13 12.60 10.42 11.53 11.86 12.75 11.37 13.53 15.26 14.90 15.16 19.65 20.40 19.69 21.90 24.17 24.63 23.90 26.27 24.19 22.80 19.92 19.52 16.39 15.94 12.67 12.16 13.55 14.72 14.92 15.19 15.84 13.44 12.84 15.18 15.08 13.49 15.39 18.04 16.90 15.97 19.00 20.07 20.18 19.46 20.18 19.43 21.09 22.82 25.24 26.25 
23.15 20.78 19.72 19.10 15.97 14.32 14.74 15.52 15.15 17.18 19.65 20.99 20.22 20.34 19.32 19.74 18.09 18.84 19.04 17.70 18.40 16.31 16.59 16.03 16.46 13.34 11.62 11.55 12.53 10.96 9.17 9.72 12.36 13.69 16.48 18.45 21.73 23.26 22.00 19.14 14.59 12.58 9.53 6.51 5.10 0.73 5.94 8.34 8.20 9.96 10.68 12.32 10.94 12.10 12.37 14.03 12.61 15.07 16.60 16.42 16.75 21.30 22.44 21.49 23.75 25.99 26.84 26.20 28.14 26.27 25.28 22.35 21.63 18.75 18.09 14.49 13.08 14.09 14.94 15.04 15.43 15.97 13.56 13.18 16.44 15.84 13.57 15.72 19.57 18.14 16.68 19.93 21.68 21.45 21.02 22.90 21.50 23.24 23.56 25.98 27.39 
26.88 24.76 23.29 21.97 20.02 18.49 17.97 18.11 17.86 20.16 21.90 23.16 22.57 22.78 21.57 22.59 20.99 21.81 21.48 21.09 22.07 19.71 19.70 19.06 19.92 16.22 13.62 14.12 15.45 13.37 12.55 13.20 15.65 17.95 20.21 22.77 25.00 27.30 26.04 23.16 18.76 16.03 13.64 10.44 7.96 5.94 2.25 6.36 7.71 10.09 11.11 12.99 12.08 13.49 13.93 16.34 15.20 17.63 19.82 20.35 20.15 24.88 26.16 25.60 27.64 29.91 31.11 30.23 32.08 30.40 29.46 26.71 25.56 22.43 21.62 18.64 16.86 17.21 17.33 17.78 18.54 19.20 17.31 17.47 20.35 20.29 18.08 19.89 23.85 22.58 21.20 24.14 25.87 25.57 24.77 26.56 25.36 25.73 27.11 28.73 29.13 
28.42 26.67 24.20 22.51 21.84 20.14 19.26 18.92 18.11 19.16 20.92 21.69 21.87 21.65 21.16 21.68 20.47 20.84 20.92 20.51 22.27 20.59 20.29 19.80 20.65 17.48 14.08 14.91 15.76 13.74 12.47 14.45 16.81 18.74 20.97 23.36 26.57 27.91 27.17 24.27 20.15 18.02 14.88 12.86 10.64 8.34 6.36 0.05 5.56 8.35 9.01 11.02 11.95 13.41 13.31 15.79 15.45 17.59 19.78 19.90 20.13 24.46 25.89 25.16 27.46 30.02 30.30 29.78 31.42 30.16 29.18 26.75 26.01 23.20 22.35 19.71 18.34 18.52 18.46 18.54 19.44 20.66 19.19 18.44 21.22 21.56 19.80 21.21 24.83 23.54 22.31 25.15 26.93 26.66 25.20 27.47 25.53 26.92 27.31 28.74 29.20 
27.34 25.27 23.44 21.12 19.04 17.42 17.10 16.51 14.36 15.13 16.47 17.94 17.20 18.33 17.45 18.38 16.61 17.83 18.16 17.62 19.05 18.14 18.69 17.62 18.68 15.58 13.31 13.88 15.32 13.00 10.78 11.64 14.13 14.92 17.65 20.55 23.25 24.50 23.47 20.93 16.99 15.12 12.59 10.95 9.70 8.20 7.71 5.56 0.27 5.36 6.97 7.63 7.94 8.99 10.29 11.40 10.72 13.36 15.20 15.32 15.84 20.49 21.67 20.97 23.36 25.54 26.24 25.44 27.66 25.96 25.03 22.78 22.36 19.41 19.21 15.97 14.42 15.51 16.21 16.58 17.03 18.44 16.49 16.26 17.98 18.00 16.39 18.28 21.31 20.41 19.45 22.24 23.65 23.86 22.80 24.88 23.95 24.74 25.84 28.08 28.26 
28.27 26.02 23.97 21.99 20.48 18.41 17.42 16.96 14.68 15.38 17.09 18.09 18.01 18.36 17.99 19.03 17.74 18.75 19.41 18.99 20.76 19.07 20.01 19.46 20.12 17.15 15.07 15.05 16.40 13.84 11.95 12.82 14.47 15.19 17.91 20.34 23.94 25.32 25.17 21.79 18.10 16.19 14.59 12.09 10.33 9.96 10.09 8.35 5.36 0.00 6.06 7.94 7.23 9.24 9.79 12.10 11.26 12.98 15.33 15.46 16.65 20.27 21.73 21.69 23.94 26.12 26.98 26.83 28.25 26.94 25.78 23.46 22.82 20.03 19.57 16.58 14.72 15.99 17.51 18.38 18.94 19.98 18.51 18.19 20.33 20.13 18.02 19.34 22.61 21.70 20.87 23.21 24.53 24.62 24.09 25.72 24.71 25.67 25.77 27.82 28.76 
29.30 26.87 25.16 23.21 22.08 19.68 19.07 18.04 16.40 17.27 18.24 18.96 18.43 19.03 18.64 19.63 19.41 20.08 20.64 20.31 22.47 20.21 20.16 19.90 20.94 17.50 15.33 15.47 16.69 14.26 12.85 12.58 14.19 15.69 17.63 20.18 23.12 25.02 24.64 21.30 17.57 15.96 14.88 12.01 11.13 10.68 11.11 9.01 6.97 6.06 0.28 6.24 7.83 7.02 7.35 10.29 10.93 11.54 12.97 14.87 15.99 19.33 20.77 21.37 24.36 26.34 27.66 27.09 29.11 27.59 26.92 23.94 24.04 20.52 19.96 17.31 16.04 16.91 18.20 19.66 20.00 21.40 19.37 19.54 21.47 21.17 18.64 20.48 23.96 23.17 21.68 24.43 25.96 26.06 25.07 27.17 27.04 26.53 27.16 29.33 29.10 
29.14 27.07 24.84 23.15 22.16 19.48 18.66 18.02 16.31 16.29 17.76 18.61 18.29 18.57 18.02 18.40 17.64 19.16 19.88 19.67 22.20 20.58 20.77 20.01 21.94 18.42 16.30 15.63 17.17 13.63 12.38 12.70 14.10 14.99 17.71 19.94 22.66 23.88 23.63 21.12 17.37 16.23 14.96 13.41 12.60 12.32 12.99 11.02 7.63 7.94 6.24 0.00 6.26 8.26 6.75 8.69 10.11 12.13 12.34 13.36 15.18 18.27 19.21 19.84 22.82 25.31 26.18 25.71 27.83 26.54 25.79 23.27 23.34 20.22 19.90 17.79 17.06 18.38 19.45 20.63 21.74 22.68 20.88 20.22 21.94 21.65 19.57 20.91 24.37 23.25 22.07 24.90 26.67 26.45 25.51 27.10 26.13 26.84 27.14 28.66 28.73 
27.51 24.53 22.33 20.25 19.73 16.51 15.75 15.13 12.73 13.15 14.81 16.21 15.31 16.16 15.80 16.21 14.97 16.51 18.09 17.39 19.32 18.55 19.40 18.34 19.62 16.16 14.64 14.50 15.87 12.09 10.40 10.96 12.75 13.07 15.13 18.01 20.37 21.38 21.29 18.98 15.19 13.92 12.52 12.05 10.42 10.94 12.08 11.95 7.94 7.23 7.83 6.26 0.00 5.61 7.39 6.29 6.29 9.37 11.29 11.01 12.11 16.01 16.81 16.32 19.23 21.97 22.74 21.95 24.79 23.24 22.39 19.85 20.73 17.82 17.33 15.52 14.92 16.01 17.33 18.69 19.63 21.07 19.20 18.65 19.81 19.75 17.87 18.91 21.09 20.66 19.64 22.21 23.61 24.04 23.07 24.99 24.07 24.40 24.80 27.04 27.14 
27.49 24.90 22.74 21.20 20.75 17.90 16.97 16.62 14.54 15.70 17.11 18.45 17.41 18.11 16.96 17.93 17.00 18.26 19.15 19.43 21.31 20.17 20.93 20.70 21.68 18.46 16.58 16.95 17.98 14.89 12.12 12.00 13.70 14.25 15.91 16.94 19.40 21.44 21.24 18.32 15.14 14.43 12.91 12.55 11.53 12.10 13.49 13.41 8.99 9.24 7.02 8.26 5.61 0.01 6.05 7.93 6.05 7.29 10.45 11.02 11.73 14.42 16.61 16.56 19.11 21.03 22.62 22.01 24.49 22.84 21.81 18.80 19.68 17.03 17.25 15.36 14.68 15.82 18.25 20.06 20.41 21.61 20.34 19.81 21.12 20.80 18.88 19.38 21.73 21.12 20.14 22.45 24.25 24.21 23.73 25.41 24.39 25.09 25.49 27.72 28.27 
27.33 24.89 23.36 21.67 21.13 18.90 18.13 17.28 15.25 17.24 18.09 18.74 17.57 18.25 17.30 17.77 17.42 18.72 19.61 19.61 22.20 20.86 21.17 20.38 21.74 18.55 17.25 16.41 18.43 15.72 13.67 12.09 13.17 13.72 15.33 15.77 17.00 18.76 19.38 16.37 13.06 12.94 12.53 12.04 11.86 12.37 13.93 13.31 10.29 9.79 7.35 6.75 7.39 6.05 0.81 5.89 7.26 6.45 7.31 9.12 11.03 12.61 13.97 15.14 17.47 19.17 21.18 20.69 23.36 21.61 21.28 18.71 18.95 16.65 16.78 15.37 15.18 16.28 18.58 19.99 20.60 21.62 20.23 19.72 21.49 21.00 18.53 19.08 22.00 21.24 19.74 22.25 23.93 24.22 23.46 25.47 25.02 25.20 25.96 28.02 28.09 
26.17 23.63 22.05 20.84 20.10 17.48 16.81 16.61 14.44 16.05 17.06 17.86 17.15 17.84 16.44 16.55 16.08 17.62 18.60 18.58 21.00 20.35 20.75 20.03 21.67 18.93 17.31 16.14 17.51 15.57 13.60 11.47 12.18 12.15 13.73 15.67 15.69 17.08 17.05 15.43 12.01 12.40 11.66 12.12 12.75 14.03 16.34 15.79 11.40 12.10 10.29 8.69 6.29 7.93 5.89 0.38 5.39 7.44 6.16 6.43 8.72 11.52 11.61 12.75 15.79 17.44 18.71 18.74 21.55 19.45 19.16 17.28 18.10 15.15 16.06 14.62 15.25 16.64 18.97 20.47 21.35 22.55 20.76 20.04 21.66 21.21 18.73 19.37 22.04 21.05 19.55 22.01 23.77 23.73 23.14 25.08 23.96 25.06 25.56 28.00 28.08 
23.96 21.07 19.47 18.37 17.81 14.95 15.06 14.99 13.02 14.58 16.03 17.03 16.72 17.28 15.65 16.22 15.11 16.25 17.53 17.24 19.44 18.74 19.57 19.07 20.30 17.58 16.51 15.93 17.44 14.66 12.33 10.33 11.22 10.72 12.29 13.54 14.87 15.39 14.83 13.37 10.87 10.59 9.14 10.15 11.37 12.61 15.20 15.45 10.72 11.26 10.93 10.11 6.29 6.05 7.26 5.39 0.00 5.43 7.19 5.75 6.41 9.63 10.69 10.24 12.76 15.59 16.30 15.77 18.71 17.39 16.48 14.40 15.39 13.06 13.42 12.57 13.35 15.29 17.34 18.48 19.77 21.00 19.21 18.64 20.19 19.80 17.81 18.07 19.68 18.95 17.71 19.88 21.39 21.61 20.85 23.27 23.08 23.47 23.60 26.42 27.53 
24.76 22.19 20.69 19.61 19.39 17.02 16.68 16.79 15.24 17.26 18.80 19.01 18.36 19.14 17.42 17.27 16.92 18.30 19.10 19.05 21.51 20.95 21.88 21.16 22.54 20.14 19.20 18.98 20.29 17.91 15.10 13.62 13.53 13.10 13.55 14.00 15.60 16.82 16.15 14.20 11.52 11.63 11.05 11.84 13.53 15.07 17.63 17.59 13.36 12.98 11.54 12.13 9.37 7.29 6.45 7.44 5.43 0.00 5.75 7.05 6.03 7.62 9.68 10.24 11.82 14.42 16.39 15.83 18.35 17.79 17.43 14.57 15.42 13.23 14.88 13.56 14.76 16.99 19.37 20.43 21.55 22.68 20.94 20.15 21.58 21.31 18.99 19.30 21.00 20.12 18.70 21.02 22.59 22.37 22.22 24.24 23.20 24.23 24.68 27.67 28.42 
25.19 23.02 21.65 20.41 20.09 18.19 18.12 17.56 16.23 18.50 19.79 19.96 18.84 19.64 18.06 18.07 17.44 18.91 19.72 19.49 22.30 21.87 22.43 21.64 23.23 21.37 20.19 19.66 20.85 19.00 16.57 14.85 14.17 13.72 14.22 14.32 14.54 15.51 15.43 13.59 11.34 12.12 12.40 13.72 15.26 16.60 19.82 19.78 15.20 15.33 12.97 12.34 11.29 10.45 7.31 6.16 7.19 5.75 0.41 5.43 7.27 6.59 7.69 8.77 11.47 12.88 14.64 14.96 17.23 16.25 16.78 14.42 14.91 13.07 14.43 13.91 15.03 17.39 20.23 21.61 22.07 23.20 21.52 20.68 22.29 21.86 19.40 19.36 21.60 20.63 18.86 21.19 23.03 22.94 21.97 24.49 23.47 24.08 24.77 27.24 27.80 
23.59 20.94 19.79 18.86 17.71 15.61 15.71 15.93 14.46 16.47 17.43 18.44 18.09 17.87 16.17 16.74 16.51 17.68 18.52 18.29 20.66 20.29 21.07 20.31 21.95 20.18 19.12 18.45 19.11 17.97 15.58 13.44 12.32 11.36 12.17 13.06 12.83 13.80 12.75 12.02 10.34 11.64 11.76 13.01 14.90 16.42 20.35 19.90 15.32 15.46 14.87 13.36 11.01 11.02 9.12 6.43 5.75 7.05 5.43 0.00 5.23 7.33 6.00 6.24 9.45 11.22 12.10 12.60 15.77 14.32 14.80 13.21 13.79 10.68 13.32 12.82 14.10 16.36 19.66 20.82 21.42 22.45 20.91 20.04 21.60 21.01 18.35 18.40 20.61 19.37 17.40 19.68 21.30 20.99 20.59 22.77 21.03 22.64 23.08 26.02 26.75 
22.82 20.22 19.16 18.12 17.24 15.17 15.76 16.13 14.85 17.03 18.14 18.81 18.61 18.82 17.00 17.87 17.21 18.22 19.26 19.37 20.89 20.97 21.89 21.65 22.79 20.90 20.33 20.09 20.83 18.63 16.48 14.03 13.35 11.61 12.39 12.64 13.86 14.52 13.83 12.87 11.00 12.26 11.49 12.78 15.16 16.75 20.15 20.13 15.84 16.65 15.99 15.18 12.11 11.73 11.03 8.72 6.41 6.03 7.27 5.23 0.00 5.58 7.17 5.48 7.20 9.64 11.59 11.68 14.45 12.74 13.54 12.50 13.48 9.76 12.71 12.98 14.37 16.75 19.62 20.78 21.95 23.14 21.17 20.45 21.93 21.43 18.86 18.68 20.23 19.11 17.35 19.36 20.77 20.58 19.77 21.96 21.21 22.00 22.45 25.34 26.54 
24.85 22.79 21.89 20.60 20.55 19.03 19.46 19.71 18.60 20.88 22.40 22.89 21.87 22.21 20.76 20.64 19.89 21.20 22.41 22.08 23.95 24.14 25.24 24.69 25.53 24.09 23.48 23.56 24.04 22.42 19.50 17.20 16.22 15.46 14.88 15.28 15.94 17.03 16.60 15.82 14.48 15.88 16.35 17.76 19.65 21.30 24.88 24.46 20.49 20.27 19.33 18.27 16.01 14.42 12.61 11.52 9.63 7.62 6.59 7.33 5.58 0.00 5.94 7.00 6.52 8.02 10.99 12.00 14.27 13.37 14.66 13.92 14.80 12.20 14.85 15.19 17.32 19.94 22.81 23.89 24.80 25.98 24.15 23.29 24.62 24.13 21.72 21.50 22.88 21.63 19.95 22.08 23.53 22.68 22.46 24.75 22.79 24.18 24.30 27.46 28.34 
24.77 23.12 22.25 20.71 20.54 19.18 19.56 19.76 18.60 21.03 22.62 23.10 22.16 22.32 20.94 21.09 19.58 21.20 22.06 21.71 23.44 23.61 24.41 23.62 24.54 23.37 22.81 22.53 23.59 21.80 19.10 16.51 15.02 14.31 14.15 13.18 14.20 15.41 14.62 14.73 13.46 15.00 16.91 18.51 20.40 22.44 26.16 25.89 21.67 21.73 20.77 19.21 16.81 16.61 13.97 11.61 10.69 9.68 7.69 6.00 7.17 5.94 0.00 5.32 7.40 6.76 8.46 9.80 13.33 12.39 12.51 11.51 13.33 11.52 13.72 14.41 16.55 19.17 22.44 23.63 24.34 25.15 23.87 23.21 24.22 23.67 21.13 20.75 22.32 20.94 19.17 21.28 22.53 22.22 21.15 23.64 22.46 23.43 24.03 26.57 27.24 
22.94 20.88 20.28 18.99 17.91 16.33 17.09 17.99 16.91 18.69 19.90 21.31 20.86 20.71 18.55 19.20 18.32 19.38 20.02 19.73 21.39 21.43 22.56 22.26 23.00 21.29 20.67 21.02 21.81 20.40 17.32 14.65 12.66 12.43 11.87 10.90 12.53 14.20 13.55 13.02 12.81 14.62 16.04 17.34 19.69 21.49 25.60 25.16 20.97 21.69 21.37 19.84 16.32 16.56 15.14 12.75 10.24 10.24 8.77 6.24 5.48 7.00 5.32 0.00 5.30 7.25 6.42 7.77 11.00 10.26 10.37 9.81 11.89 10.13 12.97 13.90 15.57 18.24 20.97 22.64 23.21 24.27 22.92 22.33 23.64 22.75 20.15 19.87 21.58 19.96 17.89 19.69 20.99 20.33 20.02 22.27 20.26 22.50 22.67 25.66 26.71 
23.69 22.07 21.68 20.41 19.49 18.12 19.14 19.87 19.55 21.38 22.50 23.50 23.49 22.60 20.48 21.41 20.58 21.32 21.64 21.55 23.56 23.60 24.52 24.30 25.45 23.73 23.00 23.19 24.52 22.39 19.74 16.95 15.20 14.03 13.72 13.16 15.03 16.85 16.14 15.74 15.38 16.74 17.84 19.07 21.90 23.75 27.64 27.46 23.36 23.94 24.36 22.82 19.23 19.11 17.47 15.79 12.76 11.82 11.47 9.45 7.20 6.52 7.40 5.30 0.11 6.01 7.56 7.05 9.83 10.09 9.81 10.88 12.97 10.77 14.10 15.51 17.63 20.45 23.14 24.65 25.90 26.36 24.65 24.30 26.01 25.22 22.27 22.15 23.79 22.12 20.08 21.81 23.10 22.49 21.52 23.88 22.90 23.29 23.87 27.01 28.00 
24.69 23.12 22.78 21.34 21.02 20.18 21.11 21.92 21.68 23.80 24.93 25.81 25.13 24.65 22.33 22.92 22.22 23.07 23.17 22.94 25.09 25.40 26.08 25.46 26.86 25.62 25.07 25.18 26.23 24.64 21.80 19.04 17.04 16.21 14.94 15.68 16.75 18.03 17.80 17.81 17.19 18.39 20.34 21.88 24.17 25.99 29.91 30.02 25.54 26.12 26.34 25.31 21.97 21.03 19.17 17.44 15.59 14.42 12.88 11.22 9.64 8.02 6.76 7.25 6.01 0.00 6.36 7.64 9.03 9.76 11.28 10.87 13.51 12.45 16.16 16.80 19.46 22.42 24.86 26.35 27.48 28.11 26.23 25.87 27.72 26.90 23.88 23.78 25.70 23.76 21.49 23.47 24.92 23.64 23.17 25.27 23.82 24.99 24.70 27.85 29.12 
