2.05 5.33 5.35 6.52 8.50 9.45 10.56 11.40 13.81 13.99 14.99 16.77 19.20 20.04 20.20 21.92 21.62 22.00 21.74 22.12 20.38 18.85 19.36 19.79 20.55 19.73 20.04 20.69 21.52 21.73 20.82 21.23 22.47 22.89 22.72 22.73 23.56 23.84 22.70 22.44 21.99 20.73 18.75 18.68 17.80 16.51 16.87 17.72 17.17 17.23 18.77 19.96 21.88 21.65 23.25 24.88 25.38 24.48 23.94 25.36 25.25 24.07 24.16 23.21 22.77 22.69 22.12 19.61 19.08 20.97 21.40 19.19 19.30 21.39 23.09 22.40 24.69 
5.33 0.62 3.84 5.00 6.70 7.55 8.89 11.15 12.61 11.99 13.71 15.56 18.60 18.72 19.60 20.76 20.44 20.85 21.52 21.20 19.35 17.40 18.73 19.30 19.53 18.34 19.63 19.55 20.85 20.69 20.73 20.41 21.75 22.08 22.18 21.77 22.83 22.82 22.19 20.99 21.07 19.27 17.82 17.32 16.76 15.40 16.11 16.44 15.42 14.83 17.75 18.19 21.04 19.99 22.58 23.39 24.73 22.94 22.90 24.12 24.45 22.68 23.17 21.65 21.34 21.07 20.90 18.10 18.14 19.62 19.46 16.97 16.67 20.70 21.02 21.11 24.71 
5.35 3.84 0.27 2.72 5.98 5.76 7.63 8.32 10.41 10.15 10.98 13.11 15.76 16.06 16.25 18.08 16.90 18.23 18.93 18.45 16.62 14.76 16.86 14.91 16.28 15.60 17.59 16.41 17.42 18.10 18.30 17.31 18.22 18.60 19.19 18.33 19.24 19.89 19.07 17.76 17.49 16.06 15.56 14.35 14.26 11.61 13.87 13.79 12.86 11.37 14.18 14.00 16.70 15.95 18.83 19.90 20.63 19.27 19.34 20.69 20.08 18.91 19.94 18.89 17.39 18.21 17.96 15.36 14.27 17.16 16.49 14.14 13.13 18.14 19.02 19.17 22.70 
6.52 5.00 2.72 0.00 4.56 6.35 5.40 6.35 9.61 10.42 10.77 11.99 14.94 15.55 16.35 18.28 17.94 18.40 18.63 18.57 16.85 15.41 15.93 14.22 16.14 16.45 18.11 17.16 18.57 19.15 19.18 18.76 19.46 20.12 20.16 19.65 20.57 20.27 19.74 18.54 18.07 17.07 15.88 15.49 14.68 13.53 14.56 14.51 14.29 13.00 15.34 15.19 18.16 17.45 20.02 20.53 21.65 20.42 20.32 21.36 20.85 19.65 20.38 18.87 17.27 17.93 18.07 15.43 15.24 16.96 17.87 15.03 17.06 19.62 22.15 21.12 28.94 
8.50 6.70 5.98 4.56 2.43 6.05 7.16 6.67 8.75 9.53 11.24 12.14 15.22 16.58 16.78 19.15 18.20 19.30 18.80 19.05 17.94 15.83 17.57 17.25 18.49 17.09 18.69 18.18 19.94 19.78 19.36 19.17 21.38 21.05 20.81 20.71 21.58 21.43 19.93 19.02 19.45 17.25 16.24 15.99 15.15 13.83 15.20 15.40 13.25 13.44 16.91 16.87 18.73 18.32 20.57 21.84 23.13 21.54 21.34 22.76 22.69 21.04 21.60 20.54 19.02 19.47 19.50 16.96 15.81 19.05 19.86 18.39 19.27 20.61 21.60 22.32 21.55 
9.45 7.55 5.76 6.35 6.05 0.00 5.71 7.79 7.09 7.23 9.58 11.52 13.07 13.89 14.66 17.32 15.90 17.94 17.87 17.89 15.78 13.74 15.94 16.38 16.36 15.40 16.62 16.40 17.82 18.44 17.28 17.30 18.83 18.18 18.47 18.49 19.10 19.16 17.97 17.22 17.52 15.12 14.38 13.31 11.73 9.73 12.93 11.79 8.25 8.48 14.18 13.74 15.53 15.11 18.04 19.20 21.02 19.52 18.77 20.65 20.31 19.24 19.78 18.85 16.80 17.80 17.39 15.13 14.82 18.27 17.54 15.89 17.21 20.14 20.44 21.07 22.64 
10.56 8.89 7.63 5.40 7.16 5.71 0.50 5.42 7.66 6.09 7.29 9.21 11.11 11.84 12.10 14.99 13.79 15.96 15.48 16.34 14.61 11.97 14.92 13.81 15.16 13.68 15.46 13.78 15.24 16.21 15.92 14.36 15.38 14.32 15.39 15.15 15.73 16.18 16.05 14.67 14.85 12.46 12.95 12.61 11.04 8.47 11.40 12.44 11.27 8.99 12.62 12.34 14.86 13.72 16.12 16.53 18.80 16.78 16.93 18.27 18.25 16.56 18.09 16.31 14.31 15.88 15.60 12.61 12.59 16.77 15.48 14.56 16.39 18.68 18.22 19.15 20.92 
11.40 11.15 8.32 6.35 6.67 7.79 5.42 0.00 6.24 7.64 6.67 8.09 11.04 12.04 11.63 14.72 14.42 15.48 13.49 15.82 14.68 12.20 13.70 14.69 15.60 15.09 16.34 16.15 16.99 17.76 16.40 16.68 17.34 16.51 16.58 17.11 17.40 17.58 16.81 16.44 16.63 15.29 14.48 14.55 13.32 12.31 13.43 14.84 14.68 13.45 15.32 15.26 17.50 16.65 18.68 19.70 21.35 19.55 18.97 20.74 20.22 18.81 19.29 17.78 15.65 16.74 16.40 14.17 14.48 17.53 17.64 17.31 18.80 21.28 20.40 22.05 25.28 
13.81 12.61 10.41 9.61 8.75 7.09 7.66 6.24 1.67 5.96 7.56 7.06 8.85 10.90 11.41 14.33 14.02 15.97 13.94 17.02 16.66 14.66 16.33 17.76 18.61 17.21 18.29 17.89 18.72 18.72 17.67 17.15 18.64 17.77 17.66 17.64 18.17 17.75 17.30 17.41 17.49 15.69 15.41 15.56 13.60 13.50 15.31 15.75 14.42 14.51 17.86 17.14 19.08 18.22 21.13 21.72 23.21 21.11 20.94 22.54 22.14 20.00 20.72 19.72 18.05 18.76 18.32 16.40 16.54 19.27 19.26 19.78 21.77 23.45 22.84 24.99 25.53 
13.99 11.99 10.15 10.42 9.53 7.23 6.09 7.64 5.96 0.00 5.19 7.41 6.69 7.60 9.12 12.00 11.74 13.73 13.96 15.68 14.93 13.05 15.19 16.93 16.44 14.81 16.10 15.03 16.74 16.43 15.06 14.01 15.77 12.21 14.29 14.49 14.61 14.32 13.99 13.47 12.96 10.67 11.37 12.41 10.51 10.00 12.68 14.24 12.21 11.96 15.81 15.48 17.88 16.38 18.65 19.01 20.88 18.65 18.26 19.87 19.62 17.47 18.52 17.31 15.54 16.77 16.03 13.96 14.80 17.44 17.36 16.67 19.84 22.41 21.42 22.88 24.57 
14.99 13.71 10.98 10.77 11.24 9.58 7.29 6.67 7.56 5.19 0.21 5.56 7.37 6.63 7.37 10.14 9.80 12.21 12.24 14.64 13.75 11.66 15.04 16.28 16.20 14.17 15.27 13.90 14.73 14.40 13.84 12.41 11.65 8.07 11.49 12.66 12.89 12.21 12.87 12.33 13.06 10.60 11.51 12.40 12.02 10.88 13.50 15.74 15.36 13.71 16.73 15.73 17.88 15.75 18.57 18.38 20.25 18.03 17.76 19.26 18.75 16.95 18.13 16.59 15.07 16.83 15.84 13.39 14.85 17.84 16.15 16.47 19.49 21.44 20.71 22.32 24.60 
16.77 15.56 13.11 11.99 12.14 11.52 9.21 8.09 7.06 7.41 5.56 0.00 6.00 7.41 6.20 8.59 8.77 10.15 9.60 12.62 12.27 11.48 14.16 16.87 16.73 15.62 16.17 15.55 16.16 16.61 14.80 13.59 13.94 11.64 13.30 13.93 14.35 14.49 14.43 14.06 14.29 13.28 13.08 14.23 13.60 13.97 15.92 18.20 17.31 16.33 18.87 18.48 19.80 18.00 20.19 20.90 22.27 20.18 19.56 21.18 20.79 19.06 19.77 18.51 16.97 18.60 17.51 15.64 16.64 19.18 18.49 18.08 20.31 23.59 22.21 24.47 25.49 
19.20 18.60 15.76 14.94 15.22 13.07 11.11 11.04 8.85 6.69 7.37 6.00 0.85 6.80 7.62 8.03 8.86 12.02 11.11 13.96 14.19 14.35 16.92 18.74 18.72 17.49 18.01 16.61 16.91 17.09 15.97 14.49 15.13 14.12 14.73 14.98 14.88 15.14 15.42 15.83 15.01 14.61 14.94 15.40 13.72 15.47 18.15 19.39 18.78 18.08 21.50 20.76 22.07 20.65 22.97 23.02 24.68 22.56 22.32 23.29 23.21 21.07 21.80 20.24 18.60 20.03 19.57 16.94 17.74 20.96 19.75 19.79 21.61 24.12 24.17 26.14 26.14 
20.04 18.72 16.06 15.55 16.58 13.89 11.84 12.04 10.90 7.60 6.63 7.41 6.80 0.00 5.96 7.97 7.96 10.99 11.52 13.84 14.40 14.03 17.04 18.98 18.52 16.85 17.86 16.35 16.77 16.59 15.46 13.93 14.33 10.87 13.70 14.15 13.22 13.27 13.77 13.20 12.58 11.44 13.26 14.16 13.05 14.53 18.01 19.87 19.62 18.49 21.62 20.90 22.63 20.81 22.43 22.53 24.51 22.96 21.75 22.98 22.79 20.91 21.23 19.83 18.31 20.00 18.85 16.87 18.07 21.34 20.15 19.74 21.85 24.47 23.33 25.00 25.83 
20.20 19.60 16.25 16.35 16.78 14.66 12.10 11.63 11.41 9.12 7.37 6.20 7.62 5.96 0.16 6.19 7.33 8.00 10.32 12.58 12.25 12.04 16.25 16.95 16.62 14.94 15.89 14.49 13.98 13.68 13.65 11.96 10.95 8.66 11.86 12.92 12.48 12.54 13.23 13.39 14.19 12.64 13.63 15.24 14.81 15.20 17.96 20.37 20.47 18.78 21.73 21.42 22.36 20.40 22.10 22.47 24.28 22.10 21.18 21.99 21.90 20.11 20.28 18.64 17.32 19.33 18.38 16.02 17.59 20.28 18.65 18.69 21.55 22.91 22.13 24.45 26.02 
21.92 20.76 18.08 18.28 19.15 17.32 14.99 14.72 14.33 12.00 10.14 8.59 8.03 7.97 6.19 0.00 6.32 8.23 9.37 11.43 12.12 13.27 16.10 17.97 18.25 16.97 18.13 16.52 16.94 16.63 16.25 14.00 14.81 13.46 16.32 16.16 16.05 16.36 17.12 17.09 18.14 17.20 17.23 18.17 18.22 19.06 21.18 23.60 23.77 22.32 25.49 24.30 25.01 23.08 24.85 25.50 26.59 24.58 23.20 24.34 23.90 22.37 22.13 20.64 19.69 21.26 20.30 18.32 19.85 22.40 21.10 20.93 23.23 25.79 24.03 25.96 27.02 
21.62 20.44 16.90 17.94 18.20 15.90 13.79 14.42 14.02 11.74 9.80 8.77 8.86 7.96 7.33 6.32 0.00 7.11 7.82 8.58 9.59 11.83 15.47 16.40 16.39 15.13 16.32 14.82 15.17 15.86 15.75 13.90 14.55 14.29 15.71 15.67 15.57 15.32 16.69 16.98 18.14 17.19 17.63 18.72 18.47 19.28 21.48 23.47 23.71 22.67 25.46 23.93 24.05 22.92 25.13 24.79 25.74 23.97 23.00 23.81 23.14 21.53 21.62 19.95 17.96 19.90 18.95 16.64 17.99 20.78 19.86 19.70 22.13 24.51 24.12 26.38 26.90 
22.00 20.85 18.23 18.40 19.30 17.94 15.96 15.48 15.97 13.73 12.21 10.15 12.02 10.99 8.00 8.23 7.11 0.37 5.92 7.92 9.47 11.64 14.49 16.15 16.94 15.92 17.79 16.15 17.34 18.45 18.32 16.86 17.52 17.10 18.44 18.42 18.27 19.01 18.81 19.68 20.37 19.56 20.02 21.40 21.05 21.63 24.04 26.25 26.32 24.69 27.14 25.85 26.83 24.72 26.02 26.37 27.29 25.63 24.07 25.48 24.49 22.71 22.24 20.99 19.18 21.12 19.72 18.38 19.57 22.14 20.98 20.71 23.10 25.86 24.05 26.12 27.36 
21.74 21.52 18.93 18.63 18.80 17.87 15.48 13.49 13.94 13.96 12.24 9.60 11.11 11.52 10.32 9.37 7.82 5.92 1.52 6.91 8.41 8.94 12.99 15.31 15.48 14.82 16.49 15.67 17.11 18.55 18.58 17.75 18.46 18.60 19.72 19.50 19.91 20.51 20.38 20.61 21.97 21.13 21.46 22.34 22.15 22.36 24.68 26.62 26.62 24.96 27.10 26.94 27.62 25.17 26.27 26.77 28.10 25.40 24.04 25.11 24.77 21.91 21.37 20.08 19.23 19.80 19.31 18.02 19.43 21.52 20.17 20.35 23.77 24.58 24.18 26.67 28.41 
22.12 21.20 18.45 18.57 19.05 17.89 16.34 15.82 17.02 15.68 14.64 12.62 13.96 13.84 12.58 11.43 8.58 7.92 6.91 1.17 6.73 8.16 10.30 12.35 13.83 13.31 15.72 15.38 16.58 18.26 18.83 18.47 20.05 20.05 21.45 21.22 21.21 21.80 21.52 22.14 23.46 22.80 22.92 23.74 23.63 24.07 26.07 28.30 27.80 26.55 28.89 27.97 28.73 26.36 27.66 28.01 28.67 26.07 24.60 25.81 25.10 22.40 21.63 20.70 19.58 19.75 19.08 18.15 19.71 21.92 21.32 21.08 23.58 26.22 25.00 26.94 28.09 
20.38 19.35 16.62 16.85 17.94 15.78 14.61 14.68 16.66 14.93 13.75 12.27 14.19 14.40 12.25 12.12 9.59 9.47 8.41 6.73 1.81 6.20 7.58 8.93 10.80 10.46 12.62 12.82 14.39 16.06 17.24 17.29 19.12 19.36 20.59 20.14 20.29 20.22 20.53 21.11 22.90 21.99 22.44 23.39 23.63 23.71 25.96 27.68 27.33 25.94 28.38 27.01 27.24 25.29 26.86 26.38 26.77 24.21 23.08 23.74 22.90 20.32 20.30 18.83 17.39 17.49 17.55 16.50 18.01 20.51 20.25 19.84 22.22 24.36 24.83 26.62 27.76 
18.85 17.40 14.76 15.41 15.83 13.74 11.97 12.20 14.66 13.05 11.66 11.48 14.35 14.03 12.04 13.27 11.83 11.64 8.94 8.16 6.20 0.94 5.39 7.20 7.96 8.22 10.62 10.05 12.82 14.51 15.58 14.20 17.08 17.76 18.82 17.51 18.43 18.90 18.97 18.68 20.60 19.54 20.55 21.31 21.46 21.19 23.94 25.45 25.11 23.21 25.96 24.54 25.23 22.61 23.81 23.82 24.31 21.40 19.99 20.78 19.68 17.28 16.99 15.40 14.11 14.75 14.92 13.31 14.80 17.57 17.97 17.41 19.72 23.19 22.47 24.50 26.13 
19.36 18.73 16.86 15.93 17.57 15.94 14.92 13.70 16.33 15.19 15.04 14.16 16.92 17.04 16.25 16.10 15.47 14.49 12.99 10.30 7.58 5.39 2.96 5.85 6.47 6.75 9.55 10.80 12.24 14.12 15.64 16.04 18.42 19.56 20.17 19.76 20.50 21.22 20.24 20.52 22.12 21.60 21.65 22.59 22.70 22.70 24.75 26.71 26.47 24.75 26.83 26.10 26.50 23.97 24.70 24.51 25.21 22.52 21.04 21.84 21.30 17.71 18.21 17.04 15.68 14.72 15.98 14.25 15.28 18.14 18.23 18.45 20.44 22.97 22.91 25.14 26.98 
19.79 19.30 14.91 14.22 17.25 16.38 13.81 14.69 17.76 16.93 16.28 16.87 18.74 18.98 16.95 17.97 16.40 16.15 15.31 12.35 8.93 7.20 5.85 0.00 5.97 6.84 8.78 9.29 12.82 14.81 16.16 15.64 18.38 19.30 20.24 19.77 20.36 21.43 20.13 20.88 22.73 22.06 22.24 23.32 23.59 23.45 25.77 27.61 27.21 25.29 27.94 26.58 27.03 24.28 25.32 25.04 25.29 22.40 21.42 22.14 21.21 17.86 18.21 16.83 14.78 12.33 15.07 12.85 14.41 17.39 19.06 19.03 20.89 24.11 23.68 25.88 27.09 
20.55 19.53 16.28 16.14 18.49 16.36 15.16 15.60 18.61 16.44 16.20 16.73 18.72 18.52 16.62 18.25 16.39 16.94 15.48 13.83 10.80 7.96 6.47 5.97 0.63 5.73 7.54 8.17 10.30 12.95 13.61 14.01 15.86 16.98 18.33 18.21 19.08 19.73 18.78 19.40 22.11 21.26 21.74 22.68 23.14 23.28 25.35 26.79 26.72 24.92 27.10 25.48 25.59 23.17 24.27 23.53 24.00 21.38 20.12 20.50 19.73 16.39 17.22 16.49 14.20 13.19 14.91 13.62 15.28 17.57 18.82 18.55 20.59 23.38 23.95 26.13 27.35 
19.73 18.34 15.60 16.45 17.09 15.40 13.68 15.09 17.21 14.81 14.17 15.62 17.49 16.85 14.94 16.97 15.13 15.92 14.82 13.31 10.46 8.22 6.75 6.84 5.73 1.07 5.57 7.26 7.00 8.42 10.23 10.65 13.24 14.45 15.81 15.44 16.34 17.17 16.67 17.49 19.67 18.61 19.51 20.02 20.89 21.02 23.45 24.81 24.37 22.96 25.43 23.69 23.98 21.18 22.06 21.55 21.87 19.68 17.98 18.73 17.83 15.86 15.22 14.28 13.07 13.22 13.88 12.76 14.50 16.92 17.93 17.44 19.37 22.60 22.78 24.41 26.07 
20.04 19.63 17.59 18.11 18.69 16.62 15.46 16.34 18.29 16.10 15.27 16.17 18.01 17.86 15.89 18.13 16.32 17.79 16.49 15.72 12.62 10.62 9.55 8.78 7.54 5.57 1.33 5.87 6.46 6.29 7.70 9.47 11.80 11.75 14.74 15.03 16.26 17.24 16.57 17.35 19.08 18.72 19.26 20.45 21.07 21.13 23.31 24.83 25.09 23.16 25.56 24.16 24.61 21.88 22.48 21.54 21.96 19.47 17.96 18.88 18.53 15.18 15.07 14.15 13.62 13.88 14.54 12.53 15.12 18.06 17.44 17.35 19.37 21.93 22.56 24.38 26.39 
20.69 19.55 16.41 17.16 18.18 16.40 13.78 16.15 17.89 15.03 13.90 15.55 16.61 16.35 14.49 16.52 14.82 16.15 15.67 15.38 12.82 10.05 10.80 9.29 8.17 7.26 5.87 0.00 6.36 6.72 6.79 6.79 9.79 9.56 12.27 12.68 12.67 14.36 12.89 15.03 16.81 16.42 17.57 19.10 19.69 19.48 22.06 23.91 23.78 21.92 24.53 22.96 23.42 20.36 21.01 20.17 20.64 18.06 16.29 17.06 16.94 14.38 14.13 12.48 11.95 12.89 12.74 10.34 13.55 17.26 17.10 16.90 18.92 22.39 21.94 23.83 25.58 
21.52 20.85 17.42 18.57 19.94 17.82 15.24 16.99 18.72 16.74 14.73 16.16 16.91 16.77 13.98 16.94 15.17 17.34 17.11 16.58 14.39 12.82 12.24 12.82 10.30 7.00 6.46 6.36 0.76 5.38 6.86 7.76 8.98 9.49 11.96 12.95 14.02 14.64 12.91 15.48 17.98 17.62 18.38 19.55 20.22 20.88 23.06 24.54 24.47 22.87 25.17 23.91 23.87 21.08 21.19 20.53 20.89 18.70 15.99 16.59 17.15 15.14 14.99 14.39 14.24 15.15 15.58 13.65 15.90 19.26 19.18 18.46 20.35 22.33 23.78 25.39 26.23 
21.73 20.69 18.10 19.15 19.78 18.44 16.21 17.76 18.72 16.43 14.40 16.61 17.09 16.59 13.68 16.63 15.86 18.45 18.55 18.26 16.06 14.51 14.12 14.81 12.95 8.42 6.29 6.72 5.38 1.31 6.29 7.38 8.69 9.78 12.34 13.66 14.14 14.68 14.17 15.84 18.09 17.67 18.47 19.22 20.35 21.06 23.10 24.67 24.46 23.04 25.84 24.01 24.20 21.17 21.86 20.87 21.26 19.37 17.40 18.07 18.07 16.62 17.16 16.13 15.59 17.24 17.38 16.47 17.35 20.20 20.33 20.21 21.65 24.20 23.88 25.36 26.96 
20.82 20.73 18.30 19.18 19.36 17.28 15.92 16.40 17.67 15.06 13.84 14.80 15.97 15.46 13.65 16.25 15.75 18.32 18.58 18.83 17.24 15.58 15.64 16.16 13.61 10.23 7.70 6.79 6.86 6.29 1.42 5.50 7.72 7.89 9.83 10.55 10.77 13.16 12.58 14.10 15.37 16.35 17.24 18.11 19.40 19.67 21.78 23.42 24.03 21.99 24.66 23.01 23.58 20.72 21.23 20.07 20.30 18.41 16.65 18.32 18.12 15.79 16.77 16.00 15.02 16.87 17.25 15.46 17.27 19.83 19.37 19.46 21.38 22.98 23.61 25.22 26.61 
21.23 20.41 17.31 18.76 19.17 17.30 14.36 16.68 17.15 14.01 12.41 13.59 14.49 13.93 11.96 14.00 13.90 16.86 17.75 18.47 17.29 14.20 16.04 15.64 14.01 10.65 9.47 6.79 7.76 7.38 5.50 0.55 5.90 6.49 7.29 8.45 9.42 11.05 10.52 12.12 14.11 13.93 15.53 16.71 18.01 17.87 20.34 22.43 22.51 20.61 23.34 21.18 22.02 18.96 19.60 18.34 19.25 17.08 15.21 16.93 17.34 15.38 16.89 16.16 14.79 16.57 16.44 14.81 16.70 19.91 18.90 18.95 21.21 23.90 22.69 24.27 26.19 
22.47 21.75 18.22 19.46 21.38 18.83 15.38 17.34 18.64 15.77 11.65 13.94 15.13 14.33 10.95 14.81 14.55 17.52 18.46 20.05 19.12 17.08 18.42 18.38 15.86 13.24 11.80 9.79 8.98 8.69 7.72 5.90 2.99 6.74 8.21 8.65 9.41 11.60 10.90 12.44 14.09 14.65 16.23 16.82 17.85 18.69 21.27 22.87 23.19 21.57 24.10 22.73 22.86 19.92 20.55 19.96 20.75 18.78 16.23 18.15 19.03 17.09 18.11 18.11 17.04 19.43 18.93 17.03 18.45 21.79 21.18 20.89 22.54 24.31 24.94 26.74 27.10 
22.89 22.08 18.60 20.12 21.05 18.18 14.32 16.51 17.77 12.21 8.07 11.64 14.12 10.87 8.66 13.46 14.29 17.10 18.60 20.05 19.36 17.76 19.56 19.30 16.98 14.45 11.75 9.56 9.49 9.78 7.89 6.49 6.74 2.44 5.56 7.38 7.48 7.41 8.03 10.77 12.28 11.66 13.28 13.64 16.19 17.01 18.96 21.63 22.86 20.96 23.41 22.08 22.69 19.95 20.27 19.13 20.23 18.79 16.69 18.35 18.83 17.12 18.40 17.46 17.18 19.61 19.22 17.71 19.09 22.03 21.23 21.04 23.55 25.67 24.56 25.89 27.56 
22.72 22.18 19.19 20.16 20.81 18.47 15.39 16.58 17.66 14.29 11.49 13.30 14.73 13.70 11.86 16.32 15.71 18.44 19.72 21.45 20.59 18.82 20.17 20.24 18.33 15.81 14.74 12.27 11.96 12.34 9.83 7.29 8.21 5.56 2.72 6.18 6.96 7.97 8.84 10.35 12.11 12.34 13.95 14.95 16.68 16.83 18.55 21.38 23.00 20.63 22.80 21.42 22.35 19.42 19.98 18.40 19.68 18.14 16.10 18.18 18.76 16.64 18.06 17.78 17.18 19.35 18.86 17.49 19.25 21.94 20.30 20.06 23.31 24.53 23.96 25.54 26.94 
22.73 21.77 18.33 19.65 20.71 18.49 15.15 17.11 17.64 14.49 12.66 13.93 14.98 14.15 12.92 16.16 15.67 18.42 19.50 21.22 20.14 17.51 19.76 19.77 18.21 15.44 15.03 12.68 12.95 13.66 10.55 8.45 8.65 7.38 6.18 0.75 5.92 8.03 7.57 8.39 10.91 11.11 12.46 13.38 15.62 14.54 16.89 19.93 20.91 18.23 21.39 19.30 20.74 17.47 18.18 16.78 19.06 17.58 15.23 17.56 18.63 16.04 17.70 16.93 16.74 18.51 18.02 16.42 18.38 21.41 19.58 19.00 21.82 24.40 23.06 24.13 26.07 
23.56 22.83 19.24 20.57 21.58 19.10 15.73 17.40 18.17 14.61 12.89 14.35 14.88 13.22 12.48 16.05 15.57 18.27 19.91 21.21 20.29 18.43 20.50 20.36 19.08 16.34 16.26 12.67 14.02 14.14 10.77 9.42 9.41 7.48 6.96 5.92 2.09 6.81 7.71 7.36 8.94 10.13 11.62 12.21 14.31 14.68 15.89 19.15 19.78 17.69 20.74 19.22 20.14 16.73 17.86 16.80 18.97 16.92 15.46 17.46 18.44 16.10 17.91 17.73 16.90 19.30 18.73 16.89 18.30 21.73 20.34 19.70 21.96 24.13 23.93 25.78 26.24 
23.84 22.82 19.89 20.27 21.43 19.16 16.18 17.58 17.75 14.32 12.21 14.49 15.14 13.27 12.54 16.36 15.32 19.01 20.51 21.80 20.22 18.90 21.22 21.43 19.73 17.17 17.24 14.36 14.64 14.68 13.16 11.05 11.60 7.41 7.97 8.03 6.81 2.56 6.65 7.66 8.64 8.56 10.69 10.95 13.47 13.97 14.78 17.33 19.03 16.82 19.91 18.11 19.31 16.76 17.57 15.72 17.87 16.76 15.11 16.94 17.95 16.17 18.50 18.10 17.25 19.33 19.11 17.69 18.82 21.65 20.47 20.28 22.77 24.54 23.75 25.22 26.70 
22.70 22.19 19.07 19.74 19.93 17.97 16.05 16.81 17.30 13.99 12.87 14.43 15.42 13.77 13.23 17.12 16.69 18.81 20.38 21.52 20.53 18.97 20.24 20.13 18.78 16.67 16.57 12.89 12.91 14.17 12.58 10.52 10.90 8.03 8.84 7.57 7.71 6.65 3.29 6.36 8.53 8.10 8.51 9.63 12.03 12.65 13.22 16.26 16.85 15.31 18.44 17.17 17.71 14.65 15.79 14.47 16.66 14.91 13.25 15.40 17.23 15.08 16.88 16.78 16.41 18.45 18.13 16.41 17.96 20.62 19.17 18.86 22.04 23.48 22.76 24.21 25.86 
22.44 20.99 17.76 18.54 19.02 17.22 14.67 16.44 17.41 13.47 12.33 14.06 15.83 13.20 13.39 17.09 16.98 19.68 20.61 22.14 21.11 18.68 20.52 20.88 19.40 17.49 17.35 15.03 15.48 15.84 14.10 12.12 12.44 10.77 10.35 8.39 7.36 7.66 6.36 1.49 6.08 7.14 7.02 7.48 10.32 10.61 11.86 14.86 15.94 14.03 17.02 14.88 16.28 14.22 14.11 12.28 15.75 14.71 12.46 14.44 16.61 14.67 16.96 16.43 16.58 18.27 17.67 16.14 17.84 20.56 18.95 18.89 21.23 23.47 22.11 23.46 25.08 
21.99 21.07 17.49 18.07 19.45 17.52 14.85 16.63 17.49 12.96 13.06 14.29 15.01 12.58 14.19 18.14 18.14 20.37 21.97 23.46 22.90 20.60 22.12 22.73 22.11 19.67 19.08 16.81 17.98 18.09 15.37 14.11 14.09 12.28 12.11 10.91 8.94 8.64 8.53 6.08 3.80 6.83 8.29 7.31 9.27 11.03 12.43 14.13 15.34 14.89 17.04 15.83 17.16 14.73 15.67 13.93 16.29 15.34 14.83 16.28 17.67 16.02 18.75 18.31 17.08 18.85 18.84 17.08 18.72 21.44 19.84 19.97 22.47 23.89 23.15 25.25 26.11 
20.73 19.27 16.06 17.07 17.25 15.12 12.46 15.29 15.69 10.67 10.60 13.28 14.61 11.44 12.64 17.20 17.19 19.56 21.13 22.80 21.99 19.54 21.60 22.06 21.26 18.61 18.72 16.42 17.62 17.67 16.35 13.93 14.65 11.66 12.34 11.11 10.13 8.56 8.10 7.14 6.83 2.00 6.55 7.46 7.63 7.40 10.22 13.21 13.46 12.11 16.02 14.33 15.17 13.35 14.71 13.15 14.98 14.29 13.63 15.41 16.70 15.34 17.92 17.36 16.69 18.51 18.25 16.15 17.65 20.41 18.61 18.30 20.70 23.26 21.95 23.41 25.10 
18.75 17.82 15.56 15.88 16.24 14.38 12.95 14.48 15.41 11.37 11.51 13.08 14.94 13.26 13.63 17.23 17.63 20.02 21.46 22.92 22.44 20.55 21.65 22.24 21.74 19.51 19.26 17.57 18.38 18.47 17.24 15.53 16.23 13.28 13.95 12.46 11.62 10.69 8.51 7.02 8.29 6.55 2.42 6.07 8.18 7.23 7.79 11.00 12.35 10.65 14.20 12.87 13.24 11.51 13.04 12.34 14.99 13.96 12.89 15.10 17.03 15.60 17.56 17.35 16.87 18.51 17.81 16.08 17.22 19.60 18.05 17.74 19.83 22.30 21.60 23.08 24.63 
18.68 17.32 14.35 15.49 15.99 13.31 12.61 14.55 15.56 12.41 12.40 14.23 15.40 14.16 15.24 18.17 18.72 21.40 22.34 23.74 23.39 21.31 22.59 23.32 22.68 20.02 20.45 19.10 19.55 19.22 18.11 16.71 16.82 13.64 14.95 13.38 12.21 10.95 9.63 7.48 7.31 7.46 6.07 1.62 6.28 7.60 6.79 8.97 11.36 11.22 13.35 12.42 14.09 13.21 13.18 13.08 15.52 15.49 13.90 16.19 17.63 16.13 18.32 18.04 17.77 19.18 18.77 17.02 18.19 19.89 18.40 19.05 20.16 22.86 21.82 23.44 24.60 
17.80 16.76 14.26 14.68 15.15 11.73 11.04 13.32 13.60 10.51 12.02 13.60 13.72 13.05 14.81 18.22 18.47 21.05 22.15 23.63 23.63 21.46 22.70 23.59 23.14 20.89 21.07 19.69 20.22 20.35 19.40 18.01 17.85 16.19 16.68 15.62 14.31 13.47 12.03 10.32 9.27 7.63 8.18 6.28 2.95 6.67 8.55 7.75 8.38 9.73 13.58 11.16 13.08 12.31 13.95 13.50 15.80 15.32 15.06 16.75 18.27 16.97 19.42 18.46 17.56 19.39 19.58 16.77 17.97 20.54 19.22 18.46 20.36 22.62 22.19 24.16 24.93 
16.51 15.40 11.61 13.53 13.83 9.73 8.47 12.31 13.50 10.00 10.88 13.97 15.47 14.53 15.20 19.06 19.28 21.63 22.36 24.07 23.71 21.19 22.70 23.45 23.28 21.02 21.13 19.48 20.88 21.06 19.67 17.87 18.69 17.01 16.83 14.54 14.68 13.97 12.65 10.61 11.03 7.40 7.23 7.60 6.67 1.25 6.61 8.61 8.38 7.48 12.27 10.54 12.07 11.12 13.31 13.57 15.53 14.96 14.24 16.72 17.87 16.48 18.25 17.64 16.86 18.94 17.98 14.52 16.45 19.63 17.28 16.20 18.24 22.00 20.70 21.86 23.70 
16.87 16.11 13.87 14.56 15.20 12.93 11.40 13.43 15.31 12.68 13.50 15.92 18.15 18.01 17.96 21.18 21.48 24.04 24.68 26.07 25.96 23.94 24.75 25.77 25.35 23.45 23.31 22.06 23.06 23.10 21.78 20.34 21.27 18.96 18.55 16.89 15.89 14.78 13.22 11.86 12.43 10.22 7.79 6.79 8.55 6.61 2.80 7.47 9.17 7.22 10.65 9.08 9.86 10.01 12.80 13.53 15.64 16.46 16.31 17.99 19.45 18.23 20.31 19.76 19.28 20.43 19.81 17.73 19.07 20.91 19.04 18.66 20.63 22.87 22.34 23.79 25.28 
17.72 16.44 13.79 14.51 15.40 11.79 12.44 14.84 15.75 14.24 15.74 18.20 19.39 19.87 20.37 23.60 23.47 26.25 26.62 28.30 27.68 25.45 26.71 27.61 26.79 24.81 24.83 23.91 24.54 24.67 23.42 22.43 22.87 21.63 21.38 19.93 19.15 17.33 16.26 14.86 14.13 13.21 11.00 8.97 7.75 8.61 7.47 2.39 7.83 8.37 10.70 9.53 12.02 12.14 15.15 15.44 17.97 18.31 18.23 19.82 20.63 20.12 21.77 21.38 20.68 21.93 21.14 19.59 20.56 22.10 20.17 20.70 21.57 24.23 22.93 24.67 25.85 
17.17 15.42 12.86 14.29 13.25 8.25 11.27 14.68 14.42 12.21 15.36 17.31 18.78 19.62 20.47 23.77 23.71 26.32 26.62 27.80 27.33 25.11 26.47 27.21 26.72 24.37 25.09 23.78 24.47 24.46 24.03 22.51 23.19 22.86 23.00 20.91 19.78 19.03 16.85 15.94 15.34 13.46 12.35 11.36 8.38 8.38 9.17 7.83 2.38 6.02 9.65 8.20 10.60 11.72 13.71 14.86 17.37 17.71 17.76 19.08 20.34 19.76 21.97 20.87 19.78 21.43 21.53 18.97 19.79 22.37 20.50 20.05 22.35 24.02 23.36 25.47 26.51 
17.23 14.83 11.37 13.00 13.44 8.48 8.99 13.45 14.51 11.96 13.71 16.33 18.08 18.49 18.78 22.32 22.67 24.69 24.96 26.55 25.94 23.21 24.75 25.29 24.92 22.96 23.16 21.92 22.87 23.04 21.99 20.61 21.57 20.96 20.63 18.23 17.69 16.82 15.31 14.03 14.89 12.11 10.65 11.22 9.73 7.48 7.22 8.37 6.02 0.00 5.91 6.57 8.09 8.95 11.31 12.69 14.86 14.50 14.66 17.06 18.09 16.95 18.96 18.40 17.41 19.45 18.41 15.70 17.06 19.80 17.95 17.09 20.37 22.99 21.24 22.77 25.25 
18.77 17.75 14.18 15.34 16.91 14.18 12.62 15.32 17.86 15.81 16.73 18.87 21.50 21.62 21.73 25.49 25.46 27.14 27.10 28.89 28.38 25.96 26.83 27.94 27.10 25.43 25.56 24.53 25.17 25.84 24.66 23.34 24.10 23.41 22.80 21.39 20.74 19.91 18.44 17.02 17.04 16.02 14.20 13.35 13.58 12.27 10.65 10.70 9.65 5.91 2.43 6.43 8.98 8.95 11.76 13.58 16.37 16.26 17.08 19.24 20.62 19.72 21.47 21.43 20.36 21.72 21.05 19.35 20.22 22.02 20.05 20.02 23.72 24.47 23.51 25.78 27.21 
19.96 18.19 14.00 15.19 16.87 13.74 12.34 15.26 17.14 15.48 15.73 18.48 20.76 20.90 21.42 24.30 23.93 25.85 26.94 27.97 27.01 24.54 26.10 26.58 25.48 23.69 24.16 22.96 23.91 24.01 23.01 21.18 22.73 22.08 21.42 19.30 19.22 18.11 17.17 14.88 15.83 14.33 12.87 12.42 11.16 10.54 9.08 9.53 8.20 6.57 6.43 0.00 6.08 7.15 8.83 10.66 13.01 14.08 14.59 16.16 17.40 16.95 19.15 19.00 18.63 20.19 19.30 16.95 18.01 20.15 18.45 18.45 21.53 24.23 22.80 25.23 26.63 
21.88 21.04 16.70 18.16 18.73 15.53 14.86 17.50 19.08 17.88 17.88 19.80 22.07 22.63 22.36 25.01 24.05 26.83 27.62 28.73 27.24 25.23 26.50 27.03 25.59 23.98 24.61 23.42 23.87 24.20 23.58 22.02 22.86 22.69 22.35 20.74 20.14 19.31 17.71 16.28 17.16 15.17 13.24 14.09 13.08 12.07 9.86 12.02 10.60 8.09 8.98 6.08 1.48 5.94 8.35 9.00 11.78 13.20 14.35 15.75 16.98 16.90 19.61 19.49 18.66 20.82 20.87 18.42 18.65 21.90 20.25 19.36 22.39 24.41 23.94 26.74 27.84 
21.65 19.99 15.95 17.45 18.32 15.11 13.72 16.65 18.22 16.38 15.75 18.00 20.65 20.81 20.40 23.08 22.92 24.72 25.17 26.36 25.29 22.61 23.97 24.28 23.17 21.18 21.88 20.36 21.08 21.17 20.72 18.96 19.92 19.95 19.42 17.47 16.73 16.76 14.65 14.22 14.73 13.35 11.51 13.21 12.31 11.12 10.01 12.14 11.72 8.95 8.95 7.15 5.94 0.07 5.58 7.27 8.79 8.99 10.07 13.05 14.17 13.92 15.73 15.89 15.44 18.14 17.05 14.47 15.42 18.20 16.11 15.77 19.16 22.08 20.56 22.97 25.54 
23.25 22.58 18.83 20.02 20.57 18.04 16.12 18.68 21.13 18.65 18.57 20.19 22.97 22.43 22.10 24.85 25.13 26.02 26.27 27.66 26.86 23.81 24.70 25.32 24.27 22.06 22.48 21.01 21.19 21.86 21.23 19.60 20.55 20.27 19.98 18.18 17.86 17.57 15.79 14.11 15.67 14.71 13.04 13.18 13.95 13.31 12.80 15.15 13.71 11.31 11.76 8.83 8.35 5.58 2.65 6.52 8.84 8.07 9.18 12.58 14.27 13.92 16.46 16.33 16.33 18.52 17.89 15.63 16.52 19.23 16.96 17.17 20.80 22.42 21.73 24.53 26.41 
24.88 23.39 19.90 20.53 21.84 19.20 16.53 19.70 21.72 19.01 18.38 20.90 23.02 22.53 22.47 25.50 24.79 26.37 26.77 28.01 26.38 23.82 24.51 25.04 23.53 21.55 21.54 20.17 20.53 20.87 20.07 18.34 19.96 19.13 18.40 16.78 16.80 15.72 14.47 12.28 13.93 13.15 12.34 13.08 13.50 13.57 13.53 15.44 14.86 12.69 13.58 10.66 9.00 7.27 6.52 1.47 6.36 7.56 8.11 9.37 10.90 11.40 14.14 14.97 14.90 17.54 17.57 15.38 15.80 18.53 17.71 17.40 19.75 22.64 21.88 24.02 25.79 
25.38 24.73 20.63 21.65 23.13 21.02 18.80 21.35 23.21 20.88 20.25 22.27 24.68 24.51 24.28 26.59 25.74 27.29 28.10 28.67 26.77 24.31 25.21 25.29 24.00 21.87 21.96 20.64 20.89 21.26 20.30 19.25 20.75 20.23 19.68 19.06 18.97 17.87 16.66 15.75 16.29 14.98 14.99 15.52 15.80 15.53 15.64 17.97 17.37 14.86 16.37 13.01 11.78 8.79 8.84 6.36 2.66 6.91 8.38 8.42 9.32 10.34 13.62 14.17 14.09 17.01 17.31 16.20 16.38 19.56 17.81 18.63 19.74 22.40 21.78 25.08 26.46 
24.48 22.94 19.27 20.42 21.54 19.52 16.78 19.55 21.11 18.65 18.03 20.18 22.56 22.96 22.10 24.58 23.97 25.63 25.40 26.07 24.21 21.40 22.52 22.40 21.38 19.68 19.47 18.06 18.70 19.37 18.41 17.08 18.78 18.79 18.14 17.58 16.92 16.76 14.91 14.71 15.34 14.29 13.96 15.49 15.32 14.96 16.46 18.31 17.71 14.50 16.26 14.08 13.20 8.99 8.07 7.56 6.91 0.92 5.91 7.71 6.97 7.93 10.57 11.30 11.69 14.67 14.15 13.19 14.12 16.44 13.92 15.33 17.90 19.32 18.35 21.36 23.87 
23.94 22.90 19.34 20.32 21.34 18.77 16.93 18.97 20.94 18.26 17.76 19.56 22.32 21.75 21.18 23.20 23.00 24.07 24.04 24.60 23.08 19.99 21.04 21.42 20.12 17.98 17.96 16.29 15.99 17.40 16.65 15.21 16.23 16.69 16.10 15.23 15.46 15.11 13.25 12.46 14.83 13.63 12.89 13.90 15.06 14.24 16.31 18.23 17.76 14.66 17.08 14.59 14.35 10.07 9.18 8.11 8.38 5.91 1.83 6.15 7.69 6.61 8.95 9.79 10.61 13.12 12.80 11.80 13.80 16.23 13.35 14.98 18.00 19.83 19.40 21.77 24.20 
25.36 24.12 20.69 21.36 22.76 20.65 18.27 20.74 22.54 19.87 19.26 21.18 23.29 22.98 21.99 24.34 23.81 25.48 25.11 25.81 23.74 20.78 21.84 22.14 20.50 18.73 18.88 17.06 16.59 18.07 18.32 16.93 18.15 18.35 18.18 17.56 17.46 16.94 15.40 14.44 16.28 15.41 15.10 16.19 16.75 16.72 17.99 19.82 19.08 17.06 19.24 16.16 15.75 13.05 12.58 9.37 8.42 7.71 6.15 0.40 5.77 7.16 7.19 7.86 10.07 12.79 13.01 12.86 14.30 17.06 16.53 17.08 19.29 20.93 21.52 22.16 24.14 
25.25 24.45 20.08 20.85 22.69 20.31 18.25 20.22 22.14 19.62 18.75 20.79 23.21 22.79 21.90 23.90 23.14 24.49 24.77 25.10 22.90 19.68 21.30 21.21 19.73 17.83 18.53 16.94 17.15 18.07 18.12 17.34 19.03 18.83 18.76 18.63 18.44 17.95 17.23 16.61 17.67 16.70 17.03 17.63 18.27 17.87 19.45 20.63 20.34 18.09 20.62 17.40 16.98 14.17 14.27 10.90 9.32 6.97 7.69 5.77 0.67 5.37 7.18 6.34 7.85 10.66 10.97 11.21 12.93 15.64 14.46 16.27 18.00 19.96 20.48 22.75 24.48 
24.07 22.68 18.91 19.65 21.04 19.24 16.56 18.81 20.00 17.47 16.95 19.06 21.07 20.91 20.11 22.37 21.53 22.71 21.91 22.40 20.32 17.28 17.71 17.86 16.39 15.86 15.18 14.38 15.14 16.62 15.79 15.38 17.09 17.12 16.64 16.04 16.10 16.17 15.08 14.67 16.02 15.34 15.60 16.13 16.97 16.48 18.23 20.12 19.76 16.95 19.72 16.95 16.90 13.92 13.92 11.40 10.34 7.93 6.61 7.16 5.37 0.00 5.38 6.65 6.23 7.86 7.74 8.47 11.09 12.06 10.28 14.09 17.27 18.01 18.53 19.91 23.16 
24.16 23.17 19.94 20.38 21.60 19.78 18.09 19.29 20.72 18.52 18.13 19.77 21.80 21.23 20.28 22.13 21.62 22.24 21.37 21.63 20.30 16.99 18.21 18.21 17.22 15.22 15.07 14.13 14.99 17.16 16.77 16.89 18.11 18.40 18.06 17.70 17.91 18.50 16.88 16.96 18.75 17.92 17.56 18.32 19.42 18.25 20.31 21.77 21.97 18.96 21.47 19.15 19.61 15.73 16.46 14.14 13.62 10.57 8.95 7.19 7.18 5.38 2.59 5.47 7.16 7.19 7.84 8.74 11.57 12.40 12.05 14.21 16.96 17.99 18.59 21.17 23.13 
23.21 21.65 18.89 18.87 20.54 18.85 16.31 17.78 19.72 17.31 16.59 18.51 20.24 19.83 18.64 20.64 19.95 20.99 20.08 20.70 18.83 15.40 17.04 16.83 16.49 14.28 14.15 12.48 14.39 16.13 16.00 16.16 18.11 17.46 17.78 16.93 17.73 18.10 16.78 16.43 18.31 17.36 17.35 18.04 18.46 17.64 19.76 21.38 20.87 18.40 21.43 19.00 19.49 15.89 16.33 14.97 14.17 11.30 9.79 7.86 6.34 6.65 5.47 0.00 5.23 7.37 6.50 7.42 9.54 11.79 11.46 14.06 17.59 17.97 18.76 19.07 22.27 
22.77 21.34 17.39 17.27 19.02 16.80 14.31 15.65 18.05 15.54 15.07 16.97 18.60 18.31 17.32 19.69 17.96 19.18 19.23 19.58 17.39 14.11 15.68 14.78 14.20 13.07 13.62 11.95 14.24 15.59 15.02 14.79 17.04 17.18 17.18 16.74 16.90 17.25 16.41 16.58 17.08 16.69 16.87 17.77 17.56 16.86 19.28 20.68 19.78 17.41 20.36 18.63 18.66 15.44 16.33 14.90 14.09 11.69 10.61 10.07 7.85 6.23 7.16 5.23 0.00 5.60 7.34 5.82 7.99 9.24 10.50 11.98 14.53 15.85 16.90 18.88 21.13 
22.69 21.07 18.21 17.93 19.47 17.80 15.88 16.74 18.76 16.77 16.83 18.60 20.03 20.00 19.33 21.26 19.90 21.12 19.80 19.75 17.49 14.75 14.72 12.33 13.19 13.22 13.88 12.89 15.15 17.24 16.87 16.57 19.43 19.61 19.35 18.51 19.30 19.33 18.45 18.27 18.85 18.51 18.51 19.18 19.39 18.94 20.43 21.93 21.43 19.45 21.72 20.19 20.82 18.14 18.52 17.54 17.01 14.67 13.12 12.79 10.66 7.86 7.19 7.37 5.60 0.00 5.98 7.21 6.51 7.50 9.11 12.78 15.32 15.21 16.35 17.90 20.50 
22.12 20.90 17.96 18.07 19.50 17.39 15.60 16.40 18.32 16.03 15.84 17.51 19.57 18.85 18.38 20.30 18.95 19.72 19.31 19.08 17.55 14.92 15.98 15.07 14.91 13.88 14.54 12.74 15.58 17.38 17.25 16.44 18.93 19.22 18.86 18.02 18.73 19.11 18.13 17.67 18.84 18.25 17.81 18.77 19.58 17.98 19.81 21.14 21.53 18.41 21.05 19.30 20.87 17.05 17.89 17.57 17.31 14.15 12.80 13.01 10.97 7.74 7.84 6.50 7.34 5.98 2.34 5.38 7.60 7.03 8.96 11.12 14.21 13.54 16.17 16.76 19.20 
19.61 18.10 15.36 15.43 16.96 15.13 12.61 14.17 16.40 13.96 13.39 15.64 16.94 16.87 16.02 18.32 16.64 18.38 18.02 18.15 16.50 13.31 14.25 12.85 13.62 12.76 12.53 10.34 13.65 16.47 15.46 14.81 17.03 17.71 17.49 16.42 16.89 17.69 16.41 16.14 17.08 16.15 16.08 17.02 16.77 14.52 17.73 19.59 18.97 15.70 19.35 16.95 18.42 14.47 15.63 15.38 16.20 13.19 11.80 12.86 11.21 8.47 8.74 7.42 5.82 7.21 5.38 0.00 4.77 7.44 6.90 8.51 11.62 13.26 13.58 13.97 16.38 
19.08 18.14 14.27 15.24 15.81 14.82 12.59 14.48 16.54 14.80 14.85 16.64 17.74 18.07 17.59 19.85 17.99 19.57 19.43 19.71 18.01 14.80 15.28 14.41 15.28 14.50 15.12 13.55 15.90 17.35 17.27 16.70 18.45 19.09 19.25 18.38 18.30 18.82 17.96 17.84 18.72 17.65 17.22 18.19 17.97 16.45 19.07 20.56 19.79 17.06 20.22 18.01 18.65 15.42 16.52 15.80 16.38 14.12 13.80 14.30 12.93 11.09 11.57 9.54 7.99 6.51 7.60 4.77 0.54 5.76 8.27 7.91 8.64 10.20 12.49 13.27 15.52 
20.97 19.62 17.16 16.96 19.05 18.27 16.77 17.53 19.27 17.44 17.84 19.18 20.96 21.34 20.28 22.40 20.78 22.14 21.52 21.92 20.51 17.57 18.14 17.39 17.57 16.92 18.06 17.26 19.26 20.20 19.83 19.91 21.79 22.03 21.94 21.41 21.73 21.65 20.62 20.56 21.44 20.41 19.60 19.89 20.54 19.63 20.91 22.10 22.37 19.80 22.02 20.15 21.90 18.20 19.23 18.53 19.56 16.44 16.23 17.06 15.64 12.06 12.40 11.79 9.24 7.50 7.03 7.44 5.76 0.00 6.66 9.29 8.81 10.51 10.11 14.93 15.46 
21.40 19.46 16.49 17.87 19.86 17.54 15.48 17.64 19.26 17.36 16.15 18.49 19.75 20.15 18.65 21.10 19.86 20.98 20.17 21.32 20.25 17.97 18.23 19.06 18.82 17.93 17.44 17.10 19.18 20.33 19.37 18.90 21.18 21.23 20.30 19.58 20.34 20.47 19.17 18.95 19.84 18.61 18.05 18.40 19.22 17.28 19.04 20.17 20.50 17.95 20.05 18.45 20.25 16.11 16.96 17.71 17.81 13.92 13.35 16.53 14.46 10.28 12.05 11.46 10.50 9.11 8.96 6.90 8.27 6.66 2.81 5.83 6.50 8.67 8.01 10.67 14.71 
19.19 16.97 14.14 15.03 18.39 15.89 14.56 17.31 19.78 16.67 16.47 18.08 19.79 19.74 18.69 20.93 19.70 20.71 20.35 21.08 19.84 17.41 18.45 19.03 18.55 17.44 17.35 16.90 18.46 20.21 19.46 18.95 20.89 21.04 20.06 19.00 19.70 20.28 18.86 18.89 19.97 18.30 17.74 19.05 18.46 16.20 18.66 20.70 20.05 17.09 20.02 18.45 19.36 15.77 17.17 17.40 18.63 15.33 14.98 17.08 16.27 14.09 14.21 14.06 11.98 12.78 11.12 8.51 7.91 9.29 5.83 0.00 5.34 8.42 6.54 8.79 13.52 
19.30 16.67 13.13 17.06 19.27 17.21 16.39 18.80 21.77 19.84 19.49 20.31 21.61 21.85 21.55 23.23 22.13 23.10 23.77 23.58 22.22 19.72 20.44 20.89 20.59 19.37 19.37 18.92 20.35 21.65 21.38 21.21 22.54 23.55 23.31 21.82 21.96 22.77 22.04 21.23 22.47 20.70 19.83 20.16 20.36 18.24 20.63 21.57 22.35 20.37 23.72 21.53 22.39 19.16 20.80 19.75 19.74 17.90 18.00 19.29 18.00 17.27 16.96 17.59 14.53 15.32 14.21 11.62 8.64 8.81 6.50 5.34 0.00 4.61 3.46 9.39 11.18 
21.39 20.70 18.14 19.62 20.61 20.14 18.68 21.28 23.45 22.41 21.44 23.59 24.12 24.47 22.91 25.79 24.51 25.86 24.58 26.22 24.36 23.19 22.97 24.11 23.38 22.60 21.93 22.39 22.33 24.20 22.98 23.90 24.31 25.67 24.53 24.40 24.13 24.54 23.48 23.47 23.89 23.26 22.30 22.86 22.62 22.00 22.87 24.23 24.02 22.99 24.47 24.23 24.41 22.08 22.42 22.64 22.40 19.32 19.83 20.93 19.96 18.01 17.99 17.97 15.85 15.21 13.54 13.26 10.20 10.51 8.67 8.42 4.61 0.00 0.00 1.78 9.53 
23.09 21.02 19.02 22.15 21.60 20.44 18.22 20.40 22.84 21.42 20.71 22.21 24.17 23.33 22.13 24.03 24.12 24.05 24.18 25.00 24.83 22.47 22.91 23.68 23.95 22.78 22.56 21.94 23.78 23.88 23.61 22.69 24.94 24.56 23.96 23.06 23.93 23.75 22.76 22.11 23.15 21.95 21.60 21.82 22.19 20.70 22.34 22.93 23.36 21.24 23.51 22.80 23.94 20.56 21.73 21.88 21.78 18.35 19.40 21.52 20.48 18.53 18.59 18.76 16.90 16.35 16.17 13.58 12.49 10.11 8.01 6.54 3.46 0.00 0.00 0.00 7.36 
22.40 21.11 19.17 21.12 22.32 21.07 19.15 22.05 24.99 22.88 22.32 24.47 26.14 25.00 24.45 25.96 26.38 26.12 26.67 26.94 26.62 24.50 25.14 25.88 26.13 24.41 24.38 23.83 25.39 25.36 25.22 24.27 26.74 25.89 25.54 24.13 25.78 25.22 24.21 23.46 25.25 23.41 23.08 23.44 24.16 21.86 23.79 24.67 25.47 22.77 25.78 25.23 26.74 22.97 24.53 24.02 25.08 21.36 21.77 22.16 22.75 19.91 21.17 19.07 18.88 17.90 16.76 13.97 13.27 14.93 10.67 8.79 9.39 1.78 0.00 0.00 10.23 
24.69 24.71 22.70 28.94 21.55 22.64 20.92 25.28 25.53 24.57 24.60 25.49 26.14 25.83 26.02 27.02 26.90 27.36 28.41 28.09 27.76 26.13 26.98 27.09 27.35 26.07 26.39 25.58 26.23 26.96 26.61 26.19 27.10 27.56 26.94 26.07 26.24 26.70 25.86 25.08 26.11 25.10 24.63 24.60 24.93 23.70 25.28 25.85 26.51 25.25 27.21 26.63 27.84 25.54 26.41 25.79 26.46 23.87 24.20 24.14 24.48 23.16 23.13 22.27 21.13 20.50 19.20 16.38 15.52 15.46 14.71 13.52 11.18 9.53 7.36 10.23 8.85 
