0.39 5.80 6.09 8.38 10.15 12.24 15.15 15.48 15.47 16.80 17.96 18.86 18.50 20.01 21.53 22.25 23.18 25.77 28.76 28.59 27.41 27.71 26.30 24.99 23.33 22.79 22.02 21.47 20.79 20.98 20.19 18.40 19.26 20.01 19.16 17.25 18.11 17.85 17.55 17.03 15.27 14.39 13.83 14.30 13.71 14.74 16.57 18.61 20.84 20.64 22.34 21.59 21.45 20.81 21.00 21.02 21.23 21.71 23.11 22.94 24.02 24.81 25.61 25.22 25.53 27.30 27.73 25.98 24.67 27.08 29.12 27.88 26.09 28.15 30.76 30.35 
5.80 0.02 3.16 6.06 8.12 11.17 11.78 13.14 12.92 15.37 15.62 16.49 16.73 18.53 20.79 20.90 21.80 24.82 28.27 28.03 26.77 26.63 25.19 23.19 21.34 20.82 20.06 19.50 19.19 19.35 18.86 16.59 17.48 18.35 17.42 15.78 16.63 17.20 16.54 16.23 14.04 13.22 12.11 12.47 13.26 13.59 15.59 18.09 20.80 19.58 21.75 20.85 21.18 19.91 20.42 20.49 20.84 20.85 22.31 22.48 23.49 24.23 24.70 24.68 25.57 26.59 26.75 26.14 25.97 26.67 26.69 26.71 26.68 28.86 29.16 30.16 
6.09 3.16 0.00 4.01 6.06 7.94 10.09 11.04 10.81 12.90 13.30 14.25 14.79 16.39 19.37 19.93 20.59 23.30 26.34 25.98 24.82 24.44 22.27 20.09 18.39 17.62 16.92 15.86 15.71 16.26 15.94 14.19 14.11 14.62 14.38 13.48 14.75 14.76 13.95 14.80 12.33 11.54 10.11 10.60 9.24 11.08 13.05 15.57 18.35 17.56 19.46 18.76 19.47 18.17 18.99 19.52 19.44 19.41 20.86 21.37 22.09 22.57 22.97 23.25 23.93 25.03 24.38 23.57 23.73 25.27 24.36 24.13 25.43 27.41 27.80 27.91 
8.38 6.06 4.01 0.00 5.37 7.75 8.48 9.66 10.14 11.63 11.67 13.80 14.76 14.82 17.27 18.61 20.68 22.64 24.65 24.83 24.40 23.74 21.36 19.97 18.07 17.73 16.34 15.83 15.03 15.71 15.38 13.65 13.37 14.32 13.64 13.50 13.83 14.43 13.64 13.92 10.46 10.81 10.25 8.07 6.07 9.51 13.18 13.94 16.38 16.13 18.77 17.71 18.26 17.41 18.42 18.56 18.66 18.76 20.82 20.81 21.44 22.08 22.97 23.19 23.69 25.60 24.50 25.09 25.32 25.40 24.64 24.33 26.97 26.57 27.37 28.89 
10.15 8.12 6.06 5.37 0.00 5.67 7.29 8.57 9.86 11.29 11.89 14.05 14.59 14.53 16.70 17.57 19.98 22.68 25.80 26.04 24.58 23.71 21.19 19.91 18.27 17.19 16.54 15.80 14.95 15.57 15.04 11.88 13.17 14.13 13.37 11.39 13.70 13.81 14.34 14.75 11.58 10.15 9.88 10.21 9.62 10.27 12.79 14.88 17.25 16.92 19.21 17.34 16.62 15.39 16.29 16.09 16.08 17.04 18.98 18.94 19.76 20.48 20.72 20.44 20.68 23.02 22.66 22.56 22.71 25.50 26.09 27.06 23.52 24.60 27.70 29.92 
12.24 11.17 7.94 7.75 5.67 0.00 5.63 7.47 7.86 10.71 11.80 13.59 14.01 15.32 17.33 18.38 20.37 23.44 27.62 27.70 25.51 24.15 21.53 19.89 17.73 16.67 16.18 16.11 15.57 15.98 14.90 11.99 13.11 15.16 13.61 11.47 13.84 15.06 15.00 15.63 11.60 10.12 10.19 11.54 11.45 11.52 12.90 16.10 18.86 17.20 19.69 18.02 17.79 16.02 16.77 16.97 17.51 18.25 19.90 20.05 21.16 21.86 22.12 21.89 21.98 23.78 23.94 24.28 24.43 25.70 26.36 26.37 23.96 25.85 28.19 30.34 
15.15 11.78 10.09 8.48 7.29 5.63 0.00 6.59 7.05 9.53 10.79 13.29 14.17 15.35 19.00 19.50 21.41 25.11 29.50 29.27 26.45 25.25 22.28 20.50 18.81 17.29 17.15 16.75 16.02 16.01 15.86 13.27 13.55 14.79 14.33 13.92 15.88 16.96 17.57 17.75 14.37 13.41 12.52 12.46 12.15 13.10 14.41 16.24 18.89 17.59 20.57 19.29 19.53 17.95 18.45 19.41 19.73 20.62 22.17 22.77 23.06 24.15 24.18 24.24 23.79 25.50 24.76 24.77 24.82 26.88 25.70 27.00 24.34 25.49 27.57 29.15 
15.48 13.14 11.04 9.66 8.57 7.47 6.59 0.00 5.85 8.21 8.97 11.24 13.44 14.52 17.80 19.59 22.15 25.75 29.42 28.82 26.96 25.42 22.31 20.59 19.06 17.87 17.32 16.53 15.46 15.77 15.61 13.48 14.40 15.10 15.06 14.83 17.45 18.29 18.41 18.97 15.55 14.95 12.69 13.85 12.78 13.48 14.41 15.77 18.43 16.84 19.97 18.08 18.43 17.98 19.17 19.89 19.68 20.73 22.68 23.31 23.37 24.25 24.27 24.63 23.90 25.62 25.17 26.19 25.71 26.61 26.84 27.24 25.21 25.18 27.43 29.46 
15.47 12.92 10.81 10.14 9.86 7.86 7.05 5.85 0.00 5.11 6.81 9.14 10.30 12.03 15.05 16.71 19.81 22.49 26.11 26.25 23.62 22.04 19.19 17.40 15.54 14.17 14.78 12.88 11.41 12.55 12.28 9.40 11.72 13.83 12.43 12.25 15.88 17.07 16.43 17.02 13.99 12.35 10.68 11.80 12.31 11.07 11.40 13.13 15.98 13.78 17.13 14.84 14.68 14.33 15.71 16.15 15.84 17.14 19.32 19.46 19.65 20.53 20.83 21.14 20.77 22.11 21.84 22.27 22.22 23.22 23.89 24.58 24.52 23.78 25.97 26.89 
16.80 15.37 12.90 11.63 11.29 10.71 9.53 8.21 5.11 0.00 5.36 7.56 9.41 11.59 15.82 16.93 20.55 23.44 27.57 26.92 24.66 22.94 19.55 18.08 15.59 14.09 13.57 12.29 10.30 12.93 13.16 10.79 13.17 15.85 15.25 14.93 18.52 19.45 18.96 20.09 15.94 14.77 12.37 13.79 12.23 12.41 12.89 15.00 17.54 15.26 17.64 15.86 15.90 15.24 16.57 17.40 17.76 18.79 20.77 20.76 21.35 22.32 22.81 22.94 21.84 23.76 23.71 24.19 23.23 23.76 25.48 25.46 24.53 24.03 27.12 26.85 
17.96 15.62 13.30 11.67 11.89 11.80 10.79 8.97 6.81 5.36 0.00 5.30 7.20 9.72 14.08 16.31 19.80 22.96 26.84 26.58 23.46 22.62 18.72 16.19 14.12 12.04 11.99 10.29 8.86 11.51 13.02 10.41 12.85 15.37 15.55 15.68 18.82 20.09 20.30 19.68 15.83 14.68 13.73 11.66 10.52 11.66 14.07 14.89 16.70 14.87 17.69 14.89 15.54 14.95 16.73 17.45 17.98 18.98 21.16 20.90 21.46 22.90 23.26 22.67 22.14 23.19 23.62 23.64 23.50 23.91 24.69 25.61 25.51 25.10 27.40 27.35 
18.86 16.49 14.25 13.80 14.05 13.59 13.29 11.24 9.14 7.56 5.30 0.00 6.12 7.76 12.02 13.71 17.75 20.67 25.12 24.52 21.71 21.69 17.53 16.06 13.40 11.51 10.56 10.42 10.52 13.12 13.96 12.92 14.36 16.82 15.82 16.00 19.05 20.92 20.48 20.69 16.13 15.74 13.39 13.24 12.36 13.00 15.30 16.00 16.58 14.96 16.95 14.45 14.35 13.88 16.19 16.81 16.41 18.00 20.63 21.27 21.54 22.57 22.74 23.17 22.17 23.52 23.85 24.45 24.44 24.54 25.91 25.89 24.99 25.77 27.59 27.36 
18.50 16.73 14.79 14.76 14.59 14.01 14.17 13.44 10.30 9.41 7.20 6.12 0.00 6.16 8.67 10.60 13.74 17.32 19.93 20.57 18.39 16.49 13.96 12.05 9.59 8.44 8.34 8.40 9.52 12.50 13.27 10.45 12.84 15.39 14.33 13.72 16.81 18.78 18.60 18.98 14.26 13.60 10.88 11.32 12.14 10.93 12.89 14.79 16.28 13.22 15.07 13.65 13.22 11.50 11.79 12.85 12.98 15.02 17.36 18.33 18.54 19.75 20.03 20.71 19.86 21.34 22.15 22.86 22.25 22.96 24.06 23.93 23.94 24.26 26.05 25.98 
20.01 18.53 16.39 14.82 14.53 15.32 15.35 14.52 12.03 11.59 9.72 7.76 6.16 0.00 6.01 7.23 11.13 14.06 17.18 18.12 16.28 14.77 10.70 9.45 8.14 6.77 8.41 7.62 8.74 13.08 12.89 9.64 11.44 14.93 13.34 13.33 16.59 18.14 17.38 18.30 13.28 11.72 9.61 10.85 11.25 11.08 13.58 15.09 17.29 14.57 16.88 13.13 13.34 10.04 11.24 11.52 12.41 13.57 16.00 16.45 17.54 19.10 19.11 19.24 18.70 20.25 21.00 21.29 21.27 22.15 24.00 23.26 22.92 24.04 26.15 26.54 
21.53 20.79 19.37 17.27 16.70 17.33 19.00 17.80 15.05 15.82 14.08 12.02 8.67 6.01 0.00 6.07 8.41 11.09 15.40 15.78 14.01 11.36 8.18 8.42 7.77 6.81 8.29 11.53 12.03 14.33 14.34 11.55 13.22 15.41 14.38 14.15 17.28 18.38 17.07 17.58 12.66 12.06 11.24 11.24 11.74 12.55 14.99 16.28 18.16 16.26 18.10 13.55 12.83 11.15 11.72 11.62 11.87 13.38 15.85 15.88 17.11 19.02 19.11 19.20 19.02 20.16 20.71 21.71 22.00 22.89 23.44 23.03 23.26 24.53 26.08 26.00 
22.25 20.90 19.93 18.61 17.57 18.38 19.50 19.59 16.71 16.93 16.31 13.71 10.60 7.23 6.07 0.00 7.11 9.32 12.42 13.42 10.28 10.01 7.46 7.60 8.46 7.70 7.45 12.36 14.21 16.21 15.09 12.60 14.04 16.26 15.36 14.03 16.86 17.63 16.70 15.89 12.28 12.04 11.07 11.15 12.91 13.22 15.83 16.45 19.13 16.28 19.54 15.10 14.45 11.63 13.28 12.10 12.37 13.23 15.49 15.76 16.55 18.21 18.83 19.27 18.94 19.62 20.55 21.33 22.40 22.26 23.78 22.98 23.49 24.59 26.19 26.39 
23.18 21.80 20.59 20.68 19.98 20.37 21.41 22.15 19.81 20.55 19.80 17.75 13.74 11.13 8.41 7.11 2.20 6.82 7.76 9.30 7.86 7.30 6.93 7.43 7.81 9.38 10.74 13.52 15.80 18.12 16.85 14.27 15.25 17.28 16.46 14.76 16.79 17.57 16.37 15.79 12.62 11.97 11.34 12.56 14.19 13.72 16.21 17.90 19.79 17.72 20.30 17.32 15.78 12.34 12.04 11.93 11.78 12.19 13.98 14.87 15.77 17.85 18.33 18.61 18.04 19.35 20.69 21.24 20.54 21.24 22.79 21.84 22.60 23.02 25.41 26.55 
25.77 24.82 23.30 22.64 22.68 23.44 25.11 25.75 22.49 23.44 22.96 20.67 17.32 14.06 11.09 9.32 6.82 0.16 5.08 6.06 5.58 6.61 7.08 7.51 8.65 11.38 14.76 16.28 18.11 20.35 19.86 17.25 17.64 19.20 17.19 17.63 19.04 18.39 14.94 17.11 13.49 14.02 13.83 15.43 17.29 16.90 18.43 20.03 22.18 20.69 23.31 19.70 19.02 16.04 15.93 14.83 14.34 14.41 16.31 16.97 17.77 20.10 20.03 20.10 19.81 21.43 22.30 22.15 22.22 23.21 25.04 23.37 23.25 24.59 27.28 27.95 
28.76 28.27 26.34 24.65 25.80 27.62 29.50 29.42 26.11 27.57 26.84 25.12 19.93 17.18 15.40 12.42 7.76 5.08 1.32 5.47 5.61 8.83 9.73 10.95 12.69 15.50 18.44 21.47 22.97 24.83 23.19 20.83 21.87 21.76 19.78 19.36 22.01 20.23 17.80 19.34 17.16 17.39 18.02 18.69 20.36 20.34 21.82 23.22 25.23 23.62 26.29 22.91 22.45 19.97 20.33 19.14 17.44 18.26 20.05 20.02 20.79 23.30 23.54 23.69 23.19 24.04 24.42 25.15 25.32 26.43 26.34 25.38 26.88 27.11 29.31 28.46 
28.59 28.03 25.98 24.83 26.04 27.70 29.27 28.82 26.25 26.92 26.58 24.52 20.57 18.12 15.78 13.42 9.30 6.06 5.47 0.00 4.95 7.83 10.04 12.55 13.91 15.86 17.78 21.33 23.67 25.77 23.96 21.76 21.67 23.15 21.24 20.48 21.63 21.07 20.53 20.31 18.07 18.70 18.29 18.65 20.29 19.81 21.18 22.89 24.24 22.36 25.42 23.31 22.16 18.97 19.58 19.54 18.30 18.70 19.91 20.69 20.53 23.27 23.99 24.48 23.24 24.09 24.90 26.03 25.92 25.92 26.80 26.33 26.71 26.72 28.31 28.73 
27.41 26.77 24.82 24.40 24.58 25.51 26.45 26.96 23.62 24.66 23.46 21.71 18.39 16.28 14.01 10.28 7.86 5.58 5.61 4.95 0.48 6.40 8.12 9.18 11.33 13.65 16.15 18.77 21.36 23.18 22.30 19.48 20.18 21.09 20.75 18.18 19.83 19.84 20.24 21.12 17.94 17.52 17.03 17.14 18.47 17.78 18.93 20.64 22.32 20.30 23.03 20.90 20.28 16.99 16.95 16.86 16.92 17.18 18.16 17.94 17.65 20.87 22.12 22.17 21.46 22.84 24.21 24.33 23.82 24.28 25.39 25.27 25.27 24.65 27.23 28.09 
27.71 26.63 24.44 23.74 23.71 24.15 25.25 25.42 22.04 22.94 22.62 21.69 16.49 14.77 11.36 10.01 7.30 6.61 8.83 7.83 6.40 0.20 7.68 9.60 10.25 11.90 15.76 19.27 20.66 22.48 21.29 19.11 19.63 20.51 19.21 18.89 20.25 19.79 19.94 22.26 18.91 17.93 17.46 17.80 18.85 17.97 19.25 20.82 22.73 20.84 23.73 20.93 20.47 17.67 18.18 17.56 17.86 18.44 19.88 20.16 19.93 22.56 23.11 23.07 22.32 24.21 24.48 24.61 24.69 25.37 26.33 25.41 24.59 25.72 27.99 28.26 
26.30 25.19 22.27 21.36 21.19 21.53 22.28 22.31 19.19 19.55 18.72 17.53 13.96 10.70 8.18 7.46 6.93 7.08 9.73 10.04 8.12 7.68 0.00 7.02 8.28 10.07 12.20 15.97 17.90 19.21 18.07 17.03 18.07 18.56 17.70 17.55 20.01 19.95 19.20 20.82 17.75 17.11 16.52 16.78 17.30 16.52 17.57 19.04 19.57 17.93 21.11 18.33 17.47 15.20 15.79 15.08 14.64 15.99 17.95 18.19 18.42 21.20 21.25 21.51 21.52 23.12 22.98 23.68 23.94 25.31 24.54 24.59 24.74 26.14 27.06 27.46 
24.99 23.19 20.09 19.97 19.91 19.89 20.50 20.59 17.40 18.08 16.19 16.06 12.05 9.45 8.42 7.60 7.43 7.51 10.95 12.55 9.18 9.60 7.02 0.00 5.67 7.08 9.18 12.37 14.15 15.90 14.50 14.12 15.79 16.43 15.47 15.62 18.34 18.13 18.49 19.52 17.33 16.52 15.04 14.61 15.66 15.37 16.45 17.57 18.56 16.85 20.07 17.52 16.61 14.34 14.81 14.59 14.56 15.22 17.29 17.40 17.28 19.51 20.20 20.36 20.35 21.40 22.00 22.85 23.48 23.94 24.21 24.68 24.82 25.67 26.49 26.89 
23.33 21.34 18.39 18.07 18.27 17.73 18.81 19.06 15.54 15.59 14.12 13.40 9.59 8.14 7.77 8.46 7.81 8.65 12.69 13.91 11.33 10.25 8.28 5.67 1.89 5.87 7.21 9.49 11.72 13.59 12.97 12.69 13.93 15.95 15.79 15.46 17.84 18.30 18.54 19.65 17.15 16.00 14.08 13.68 14.12 13.70 14.61 16.41 17.91 16.04 18.58 16.16 15.99 13.87 13.59 13.94 14.08 14.94 16.40 16.30 16.11 18.23 19.37 19.43 18.58 20.31 21.55 22.05 21.59 22.58 23.48 24.01 23.54 24.34 25.46 27.58 
22.79 20.82 17.62 17.73 17.19 16.67 17.29 17.87 14.17 14.09 12.04 11.51 8.44 6.77 6.81 7.70 9.38 11.38 15.50 15.86 13.65 11.90 10.07 7.08 5.87 1.88 6.78 8.75 9.93 11.28 12.28 11.25 13.10 14.76 14.70 15.17 17.46 17.43 17.54 19.06 16.24 15.16 14.04 13.71 14.13 13.56 14.87 16.15 18.22 15.75 18.74 15.60 15.02 13.40 13.89 14.65 14.86 15.48 16.88 17.79 17.53 19.49 20.13 20.48 19.83 21.00 21.48 22.21 22.10 22.81 23.73 24.59 23.62 24.60 26.43 27.42 
22.02 20.06 16.92 16.34 16.54 16.18 17.15 17.32 14.78 13.57 11.99 10.56 8.34 8.41 8.29 7.45 10.74 14.76 18.44 17.78 16.15 15.76 12.20 9.18 7.21 6.78 2.15 5.78 7.65 9.19 8.48 9.35 11.14 12.09 12.13 14.03 16.46 16.07 15.92 18.36 16.14 15.06 13.97 14.23 14.98 14.56 16.31 18.44 19.96 18.08 19.94 17.15 15.95 14.72 15.13 15.53 15.23 16.24 17.82 18.29 18.57 20.26 20.19 20.56 20.32 21.74 21.43 22.15 22.34 23.26 23.05 23.94 23.88 24.84 25.44 26.20 
21.47 19.50 15.86 15.83 15.80 16.11 16.75 16.53 12.88 12.29 10.29 10.42 8.40 7.62 11.53 12.36 13.52 16.28 21.47 21.33 18.77 19.27 15.97 12.37 9.49 8.75 5.78 0.70 4.86 7.10 6.91 7.76 10.33 11.40 10.83 12.98 15.64 16.61 15.92 17.46 15.65 14.93 12.95 13.43 14.45 14.69 16.43 19.10 21.08 19.55 21.10 18.44 17.00 15.54 14.78 15.95 15.42 16.43 17.48 18.49 18.91 20.49 19.83 19.67 19.87 21.63 21.21 22.11 22.24 23.19 23.47 24.29 24.13 24.71 25.07 25.83 
20.79 19.19 15.71 15.03 14.95 15.57 16.02 15.46 11.41 10.30 8.86 10.52 9.52 8.74 12.03 14.21 15.80 18.11 22.97 23.67 21.36 20.66 17.90 14.15 11.72 9.93 7.65 4.86 1.68 5.66 7.47 6.73 7.94 10.42 10.33 11.39 13.65 15.68 14.81 15.80 14.30 14.56 13.21 12.81 13.55 14.20 16.19 19.27 21.38 19.25 20.11 18.22 17.43 15.10 14.03 15.11 15.51 16.44 17.49 17.99 19.37 20.63 20.27 19.86 19.94 21.45 21.67 21.79 21.97 22.96 23.45 22.85 23.31 23.34 24.81 25.51 
20.98 19.35 16.26 15.71 15.57 15.98 16.01 15.77 12.55 12.93 11.51 13.12 12.50 13.08 14.33 16.21 18.12 20.35 24.83 25.77 23.18 22.48 19.21 15.90 13.59 11.28 9.19 7.10 5.66 0.60 6.27 7.59 6.77 7.83 9.48 11.86 12.28 14.18 15.23 16.75 14.99 16.15 15.09 15.26 15.92 16.34 18.29 20.98 23.64 21.16 22.26 20.53 19.63 17.00 15.61 17.03 16.60 17.95 18.42 19.43 20.30 21.29 20.90 21.00 20.85 21.89 21.71 22.26 22.50 23.14 23.44 22.83 22.74 24.10 25.10 26.23 
20.19 18.86 15.94 15.38 15.04 14.90 15.86 15.61 12.28 13.16 13.02 13.96 13.27 12.89 14.34 15.09 16.85 19.86 23.19 23.96 22.30 21.29 18.07 14.50 12.97 12.28 8.48 6.91 7.47 6.27 0.00 5.50 7.70 6.34 7.19 9.64 12.41 12.60 13.77 16.50 14.76 14.56 14.60 15.44 16.55 16.53 18.55 21.06 23.31 21.21 22.59 19.78 18.82 16.66 15.53 15.61 14.98 16.38 17.13 17.68 18.90 19.85 19.53 20.07 19.67 20.86 20.91 21.81 21.99 22.69 22.80 22.74 23.19 23.57 24.22 24.75 
18.40 16.59 14.19 13.65 11.88 11.99 13.27 13.48 9.40 10.79 10.41 12.92 10.45 9.64 11.55 12.60 14.27 17.25 20.83 21.76 19.48 19.11 17.03 14.12 12.69 11.25 9.35 7.76 6.73 7.59 5.50 0.00 5.48 7.54 6.18 6.67 9.54 11.84 12.07 13.62 11.56 10.80 10.27 12.09 13.05 12.53 15.69 18.87 21.17 19.29 20.70 18.02 16.77 14.42 12.57 12.65 11.80 12.95 13.65 13.73 15.43 16.71 16.54 16.94 16.77 18.46 19.06 20.02 19.73 21.25 21.66 22.11 21.61 23.43 23.00 24.22 
19.26 17.48 14.11 13.37 13.17 13.11 13.55 14.40 11.72 13.17 12.85 14.36 12.84 11.44 13.22 14.04 15.25 17.64 21.87 21.67 20.18 19.63 18.07 15.79 13.93 13.10 11.14 10.33 7.94 6.77 7.70 5.48 0.53 5.84 7.52 6.37 7.14 10.95 11.66 12.34 11.49 12.23 11.51 12.47 13.63 14.06 16.57 20.00 22.25 19.91 21.55 19.24 17.80 15.51 13.98 13.13 12.16 13.23 14.32 14.40 15.81 17.01 17.14 17.35 17.37 19.26 20.05 20.38 20.81 21.56 22.54 22.14 22.43 22.70 24.28 25.59 
20.01 18.35 14.62 14.32 14.13 15.16 14.79 15.10 13.83 15.85 15.37 16.82 15.39 14.93 15.41 16.26 17.28 19.20 21.76 23.15 21.09 20.51 18.56 16.43 15.95 14.76 12.09 11.40 10.42 7.83 6.34 7.54 5.84 0.11 6.05 7.71 6.22 8.01 10.74 13.14 11.60 13.57 13.66 15.00 16.37 17.23 19.08 22.29 23.96 22.11 23.15 21.65 19.99 17.66 15.25 15.69 13.54 13.91 14.73 15.63 16.32 17.93 17.47 17.94 18.18 19.16 19.35 20.31 21.09 21.84 22.42 22.94 22.72 24.30 25.35 26.81 
19.16 17.42 14.38 13.64 13.37 13.61 14.33 15.06 12.43 15.25 15.55 15.82 14.33 13.34 14.38 15.36 16.46 17.19 19.78 21.24 20.75 19.21 17.70 15.47 15.79 14.70 12.13 10.83 10.33 9.48 7.19 6.18 7.52 6.05 0.54 5.74 7.41 6.53 7.38 11.35 9.96 10.14 11.16 13.11 15.15 15.39 17.95 20.72 23.10 20.49 22.66 19.36 17.78 15.27 14.39 12.86 11.46 12.11 12.91 12.92 13.83 14.74 14.37 15.98 15.76 16.77 17.49 19.10 20.11 20.36 21.00 21.74 22.37 23.12 24.03 24.91 
17.25 15.78 13.48 13.50 11.39 11.47 13.92 14.83 12.25 14.93 15.68 16.00 13.72 13.33 14.15 14.03 14.76 17.63 19.36 20.48 18.18 18.89 17.55 15.62 15.46 15.17 14.03 12.98 11.39 11.86 9.64 6.67 6.37 7.71 5.74 0.00 6.19 7.74 6.88 9.25 8.19 7.82 8.97 11.82 13.23 12.88 16.64 20.23 22.07 20.40 22.05 19.61 17.60 15.23 12.95 12.78 10.51 11.01 9.88 10.49 12.19 12.83 12.29 13.26 13.51 14.79 16.30 17.41 18.51 19.94 20.78 21.51 21.59 23.42 23.47 24.84 
18.11 16.63 14.75 13.83 13.70 13.84 15.88 17.45 15.88 18.52 18.82 19.05 16.81 16.59 17.28 16.86 16.79 19.04 22.01 21.63 19.83 20.25 20.01 18.34 17.84 17.46 16.46 15.64 13.65 12.28 12.41 9.54 7.14 6.22 7.41 6.19 2.75 6.88 8.48 9.51 9.76 11.08 11.68 12.87 15.72 16.33 20.26 23.21 25.95 23.99 26.03 22.29 20.44 18.03 16.92 15.65 14.41 13.89 13.64 13.93 14.91 15.62 15.26 16.06 15.85 17.79 18.26 19.14 19.71 20.86 21.86 21.94 22.16 22.59 24.33 25.70 
17.85 17.20 14.76 14.43 13.81 15.06 16.96 18.29 17.07 19.45 20.09 20.92 18.78 18.14 18.38 17.63 17.57 18.39 20.23 21.07 19.84 19.79 19.95 18.13 18.30 17.43 16.07 16.61 15.68 14.18 12.60 11.84 10.95 8.01 6.53 7.74 6.88 0.53 6.53 9.08 8.69 10.55 12.81 13.88 16.78 17.48 21.97 24.32 27.28 25.11 26.77 23.66 21.51 19.01 17.20 17.33 14.66 14.98 13.67 14.67 14.97 15.74 15.39 16.46 15.59 17.15 17.51 18.52 19.42 20.67 22.08 22.60 22.78 23.85 24.91 26.50 
17.55 16.54 13.95 13.64 14.34 15.00 17.57 18.41 16.43 18.96 20.30 20.48 18.60 17.38 17.07 16.70 16.37 14.94 17.80 20.53 20.24 19.94 19.20 18.49 18.54 17.54 15.92 15.92 14.81 15.23 13.77 12.07 11.66 10.74 7.38 6.88 8.48 6.53 1.61 6.69 7.56 9.17 11.34 13.98 16.68 18.19 22.17 25.39 27.54 25.63 27.38 23.47 20.29 18.39 17.41 16.35 13.44 12.86 13.10 13.27 14.30 14.41 14.02 15.14 14.63 16.41 16.38 18.35 19.23 20.10 20.79 21.49 23.09 23.16 24.92 25.07 
17.03 16.23 14.80 13.92 14.75 15.63 17.75 18.97 17.02 20.09 19.68 20.69 18.98 18.30 17.58 15.89 15.79 17.11 19.34 20.31 21.12 22.26 20.82 19.52 19.65 19.06 18.36 17.46 15.80 16.75 16.50 13.62 12.34 13.14 11.35 9.25 9.51 9.08 6.69 0.86 6.39 8.81 10.55 13.36 17.27 18.87 23.07 26.15 28.89 26.46 27.86 24.33 20.75 19.25 17.22 17.10 11.94 12.00 12.49 13.10 14.82 15.32 14.55 14.81 14.93 16.55 17.22 18.34 20.20 21.14 21.78 21.94 23.78 24.69 24.94 25.24 
15.27 14.04 12.33 10.46 11.58 11.60 14.37 15.55 13.99 15.94 15.83 16.13 14.26 13.28 12.66 12.28 12.62 13.49 17.16 18.07 17.94 18.91 17.75 17.33 17.15 16.24 16.14 15.65 14.30 14.99 14.76 11.56 11.49 11.60 9.96 8.19 9.76 8.69 7.56 6.39 0.00 5.69 7.09 9.61 13.72 15.46 19.33 22.54 25.52 24.25 24.95 20.89 16.95 16.17 13.67 10.64 7.88 8.08 9.65 9.75 11.39 11.86 12.44 13.48 12.17 14.74 15.57 16.84 17.98 18.97 19.93 19.58 22.24 22.24 23.62 24.26 
14.39 13.22 11.54 10.81 10.15 10.12 13.41 14.95 12.35 14.77 14.68 15.74 13.60 11.72 12.06 12.04 11.97 14.02 17.39 18.70 17.52 17.93 17.11 16.52 16.00 15.16 15.06 14.93 14.56 16.15 14.56 10.80 12.23 13.57 10.14 7.82 11.08 10.55 9.17 8.81 5.69 0.00 5.93 7.65 10.77 12.03 16.57 20.10 23.15 21.17 22.48 19.44 16.18 13.96 10.19 9.26 7.84 7.76 7.31 8.92 9.69 11.26 11.07 11.98 10.91 13.12 15.12 16.10 17.26 19.03 20.34 20.08 21.26 21.80 23.54 24.50 
13.83 12.11 10.11 10.25 9.88 10.19 12.52 12.69 10.68 12.37 13.73 13.39 10.88 9.61 11.24 11.07 11.34 13.83 18.02 18.29 17.03 17.46 16.52 15.04 14.08 14.04 13.97 12.95 13.21 15.09 14.60 10.27 11.51 13.66 11.16 8.97 11.68 12.81 11.34 10.55 7.09 5.93 0.00 5.67 6.74 9.54 13.16 16.47 19.71 17.64 19.64 15.79 12.42 10.22 8.87 7.68 7.54 7.05 9.40 11.11 11.27 12.47 11.86 13.17 12.47 14.69 14.73 16.81 17.18 19.19 19.44 18.52 20.77 21.25 23.22 23.26 
14.30 12.47 10.60 8.07 10.21 11.54 12.46 13.85 11.80 13.79 11.66 13.24 11.32 10.85 11.24 11.15 12.56 15.43 18.69 18.65 17.14 17.80 16.78 14.61 13.68 13.71 14.23 13.43 12.81 15.26 15.44 12.09 12.47 15.00 13.11 11.82 12.87 13.88 13.98 13.36 9.61 7.65 5.67 0.00 6.58 7.71 10.20 13.27 17.12 16.68 16.92 13.08 10.08 8.02 5.28 6.89 6.78 7.21 10.45 13.50 12.89 14.06 13.17 14.46 14.75 16.06 15.67 17.88 19.23 19.54 19.67 19.61 21.02 22.24 23.15 23.55 
13.71 13.26 9.24 6.07 9.62 11.45 12.15 12.78 12.31 12.23 10.52 12.36 12.14 11.25 11.74 12.91 14.19 17.29 20.36 20.29 18.47 18.85 17.30 15.66 14.12 14.13 14.98 14.45 13.55 15.92 16.55 13.05 13.63 16.37 15.15 13.23 15.72 16.78 16.68 17.27 13.72 10.77 6.74 6.58 0.32 6.96 8.79 10.12 13.79 13.31 14.06 9.77 8.26 5.87 4.31 6.32 9.35 9.93 11.71 14.23 15.27 15.11 15.57 16.00 15.70 17.25 17.17 18.81 20.29 21.72 21.51 18.52 21.88 22.49 23.70 23.82 
14.74 13.59 11.08 9.51 10.27 11.52 13.10 13.48 11.07 12.41 11.66 13.00 10.93 11.08 12.55 13.22 13.72 16.90 20.34 19.81 17.78 17.97 16.52 15.37 13.70 13.56 14.56 14.69 14.20 16.34 16.53 12.53 14.06 17.23 15.39 12.88 16.33 17.48 18.19 18.87 15.46 12.03 9.54 7.71 6.96 1.16 7.14 8.07 11.66 10.95 11.74 8.49 6.90 5.72 5.36 6.87 9.52 12.54 12.74 15.07 14.73 15.99 15.62 16.81 16.28 18.48 18.67 19.89 20.55 21.97 21.45 20.43 21.49 22.70 23.50 24.35 
16.57 15.59 13.05 13.18 12.79 12.90 14.41 14.41 11.40 12.89 14.07 15.30 12.89 13.58 14.99 15.83 16.21 18.43 21.82 21.18 18.93 19.25 17.57 16.45 14.61 14.87 16.31 16.43 16.19 18.29 18.55 15.69 16.57 19.08 17.95 16.64 20.26 21.97 22.17 23.07 19.33 16.57 13.16 10.20 8.79 7.14 3.95 6.72 9.25 7.92 10.46 6.92 7.47 6.51 8.16 10.26 13.55 15.07 18.31 18.82 18.61 19.73 19.50 20.07 19.62 20.83 20.91 22.18 22.88 22.93 22.67 21.61 24.06 23.46 24.73 24.73 
18.61 18.09 15.57 13.94 14.88 16.10 16.24 15.77 13.13 15.00 14.89 16.00 14.79 15.09 16.28 16.45 17.90 20.03 23.22 22.89 20.64 20.82 19.04 17.57 16.41 16.15 18.44 19.10 19.27 20.98 21.06 18.87 20.00 22.29 20.72 20.23 23.21 24.32 25.39 26.15 22.54 20.10 16.47 13.27 10.12 8.07 6.72 2.58 5.62 4.67 7.11 5.85 5.84 6.84 8.47 12.63 15.56 17.50 20.77 22.20 21.70 22.98 22.78 23.77 23.12 23.80 23.19 25.17 25.82 25.52 24.84 25.49 26.30 26.08 26.09 25.99 
20.84 20.80 18.35 16.38 17.25 18.86 18.89 18.43 15.98 17.54 16.70 16.58 16.28 17.29 18.16 19.13 19.79 22.18 25.23 24.24 22.32 22.73 19.57 18.56 17.91 18.22 19.96 21.08 21.38 23.64 23.31 21.17 22.25 23.96 23.10 22.07 25.95 27.28 27.54 28.89 25.52 23.15 19.71 17.12 13.79 11.66 9.25 5.62 3.91 5.18 9.58 8.35 9.81 11.23 14.00 16.92 20.63 21.96 24.10 25.70 24.84 26.48 26.42 26.45 26.04 26.99 27.23 26.96 27.53 28.26 28.39 27.76 27.84 27.29 28.70 27.91 
20.64 19.58 17.56 16.13 16.92 17.20 17.59 16.84 13.78 15.26 14.87 14.96 13.22 14.57 16.26 16.28 17.72 20.69 23.62 22.36 20.30 20.84 17.93 16.85 16.04 15.75 18.08 19.55 19.25 21.16 21.21 19.29 19.91 22.11 20.49 20.40 23.99 25.11 25.63 26.46 24.25 21.17 17.64 16.68 13.31 10.95 7.92 4.67 5.18 0.75 5.89 5.71 8.49 10.35 12.52 15.45 17.59 20.33 22.59 23.98 23.81 25.22 24.66 24.93 23.70 24.96 25.36 26.51 26.50 27.03 26.20 27.00 27.33 27.55 27.44 26.99 
22.34 21.75 19.46 18.77 19.21 19.69 20.57 19.97 17.13 17.64 17.69 16.95 15.07 16.88 18.10 19.54 20.30 23.31 26.29 25.42 23.03 23.73 21.11 20.07 18.58 18.74 19.94 21.10 20.11 22.26 22.59 20.70 21.55 23.15 22.66 22.05 26.03 26.77 27.38 27.86 24.95 22.48 19.64 16.92 14.06 11.74 10.46 7.11 9.58 5.89 4.72 7.93 8.54 10.48 13.41 16.17 20.34 22.37 23.67 26.08 25.72 27.22 26.51 26.70 26.21 26.45 26.36 27.93 28.54 28.05 27.30 28.62 30.59 28.98 28.80 28.07 
21.59 20.85 18.76 17.71 17.34 18.02 19.29 18.08 14.84 15.86 14.89 14.45 13.65 13.13 13.55 15.10 17.32 19.70 22.91 23.31 20.90 20.93 18.33 17.52 16.16 15.60 17.15 18.44 18.22 20.53 19.78 18.02 19.24 21.65 19.36 19.61 22.29 23.66 23.47 24.33 20.89 19.44 15.79 13.08 9.77 8.49 6.92 5.85 8.35 5.71 7.93 1.01 6.53 7.39 8.92 12.21 15.75 18.90 21.06 22.43 22.27 23.65 22.89 23.49 23.10 24.00 24.13 25.65 26.42 26.64 25.81 26.58 28.58 28.98 27.88 26.96 
21.45 21.18 19.47 18.26 16.62 17.79 19.53 18.43 14.68 15.90 15.54 14.35 13.22 13.34 12.83 14.45 15.78 19.02 22.45 22.16 20.28 20.47 17.47 16.61 15.99 15.02 15.95 17.00 17.43 19.63 18.82 16.77 17.80 19.99 17.78 17.60 20.44 21.51 20.29 20.75 16.95 16.18 12.42 10.08 8.26 6.90 7.47 5.84 9.81 8.49 8.54 6.53 0.00 5.69 7.70 9.62 12.35 14.89 17.54 18.51 17.84 20.12 20.18 20.78 20.30 23.01 23.75 24.03 24.13 25.36 26.00 27.06 26.59 26.84 27.69 28.33 
20.81 19.91 18.17 17.41 15.39 16.02 17.95 17.98 14.33 15.24 14.95 13.88 11.50 10.04 11.15 11.63 12.34 16.04 19.97 18.97 16.99 17.67 15.20 14.34 13.87 13.40 14.72 15.54 15.10 17.00 16.66 14.42 15.51 17.66 15.27 15.23 18.03 19.01 18.39 19.25 16.17 13.96 10.22 8.02 5.87 5.72 6.51 6.84 11.23 10.35 10.48 7.39 5.69 0.04 5.20 5.82 9.61 10.95 13.46 15.05 15.37 16.83 17.21 17.51 17.57 19.52 20.88 21.58 22.22 22.65 23.41 23.93 25.83 26.50 26.65 26.42 
21.00 20.42 18.99 18.42 16.29 16.77 18.45 19.17 15.71 16.57 16.73 16.19 11.79 11.24 11.72 13.28 12.04 15.93 20.33 19.58 16.95 18.18 15.79 14.81 13.59 13.89 15.13 14.78 14.03 15.61 15.53 12.57 13.98 15.25 14.39 12.95 16.92 17.20 17.41 17.22 13.67 10.19 8.87 5.28 4.31 5.36 8.16 8.47 14.00 12.52 13.41 8.92 7.70 5.20 3.52 5.30 7.65 9.40 10.45 12.15 14.04 15.24 14.47 16.17 16.51 18.48 19.44 20.61 21.53 22.11 22.21 24.39 25.64 25.79 26.20 26.50 
21.02 20.49 19.52 18.56 16.09 16.97 19.41 19.89 16.15 17.40 17.45 16.81 12.85 11.52 11.62 12.10 11.93 14.83 19.14 19.54 16.86 17.56 15.08 14.59 13.94 14.65 15.53 15.95 15.11 17.03 15.61 12.65 13.13 15.69 12.86 12.78 15.65 17.33 16.35 17.10 10.64 9.26 7.68 6.89 6.32 6.87 10.26 12.63 16.92 15.45 16.17 12.21 9.62 5.82 5.30 2.48 5.86 6.65 8.25 10.50 12.04 12.89 12.24 13.90 14.17 16.34 17.21 18.67 19.90 21.18 20.96 21.90 24.29 25.74 25.01 24.89 
21.23 20.84 19.44 18.66 16.08 17.51 19.73 19.68 15.84 17.76 17.98 16.41 12.98 12.41 11.87 12.37 11.78 14.34 17.44 18.30 16.92 17.86 14.64 14.56 14.08 14.86 15.23 15.42 15.51 16.60 14.98 11.80 12.16 13.54 11.46 10.51 14.41 14.66 13.44 11.94 7.88 7.84 7.54 6.78 9.35 9.52 13.55 15.56 20.63 17.59 20.34 15.75 12.35 9.61 7.65 5.86 2.05 5.16 7.04 8.11 8.66 10.97 10.99 12.51 11.98 14.96 15.75 16.74 17.50 19.00 19.39 20.98 22.75 23.15 23.51 24.81 
21.71 20.85 19.41 18.76 17.04 18.25 20.62 20.73 17.14 18.79 18.98 18.00 15.02 13.57 13.38 13.23 12.19 14.41 18.26 18.70 17.18 18.44 15.99 15.22 14.94 15.48 16.24 16.43 16.44 17.95 16.38 12.95 13.23 13.91 12.11 11.01 13.89 14.98 12.86 12.00 8.08 7.76 7.05 7.21 9.93 12.54 15.07 17.50 21.96 20.33 22.37 18.90 14.89 10.95 9.40 6.65 5.16 1.63 5.17 6.71 8.56 9.33 10.24 11.72 10.63 13.25 14.99 16.02 16.69 17.70 18.99 19.92 22.12 22.56 22.98 23.33 
23.11 22.31 20.86 20.82 18.98 19.90 22.17 22.68 19.32 20.77 21.16 20.63 17.36 16.00 15.85 15.49 13.98 16.31 20.05 19.91 18.16 19.88 17.95 17.29 16.40 16.88 17.82 17.48 17.49 18.42 17.13 13.65 14.32 14.73 12.91 9.88 13.64 13.67 13.10 12.49 9.65 7.31 9.40 10.45 11.71 12.74 18.31 20.77 24.10 22.59 23.67 21.06 17.54 13.46 10.45 8.25 7.04 5.17 2.50 5.13 7.02 7.66 8.05 10.31 9.34 11.95 13.58 15.57 15.98 16.57 17.60 19.81 21.22 21.48 22.05 23.29 
22.94 22.48 21.37 20.81 18.94 20.05 22.77 23.31 19.46 20.76 20.90 21.27 18.33 16.45 15.88 15.76 14.87 16.97 20.02 20.69 17.94 20.16 18.19 17.40 16.30 17.79 18.29 18.49 17.99 19.43 17.68 13.73 14.40 15.63 12.92 10.49 13.93 14.67 13.27 13.10 9.75 8.92 11.11 13.50 14.23 15.07 18.82 22.20 25.70 23.98 26.08 22.43 18.51 15.05 12.15 10.50 8.11 6.71 5.13 1.02 5.80 6.99 6.32 7.95 8.28 11.57 12.02 14.17 15.26 16.54 17.24 18.78 20.23 20.94 21.50 21.87 
24.02 23.49 22.09 21.44 19.76 21.16 23.06 23.37 19.65 21.35 21.46 21.54 18.54 17.54 17.11 16.55 15.77 17.77 20.79 20.53 17.65 19.93 18.42 17.28 16.11 17.53 18.57 18.91 19.37 20.30 18.90 15.43 15.81 16.32 13.83 12.19 14.91 14.97 14.30 14.82 11.39 9.69 11.27 12.89 15.27 14.73 18.61 21.70 24.84 23.81 25.72 22.27 17.84 15.37 14.04 12.04 8.66 8.56 7.02 5.80 0.48 5.95 6.87 7.81 7.00 10.51 11.96 12.78 12.96 14.94 15.90 17.04 18.21 19.85 20.42 22.32 
24.81 24.23 22.57 22.08 20.48 21.86 24.15 24.25 20.53 22.32 22.90 22.57 19.75 19.10 19.02 18.21 17.85 20.10 23.30 23.27 20.87 22.56 21.20 19.51 18.23 19.49 20.26 20.49 20.63 21.29 19.85 16.71 17.01 17.93 14.74 12.83 15.62 15.74 14.41 15.32 11.86 11.26 12.47 14.06 15.11 15.99 19.73 22.98 26.48 25.22 27.22 23.65 20.12 16.83 15.24 12.89 10.97 9.33 7.66 6.99 5.95 0.86 5.83 7.21 5.79 7.63 10.38 11.89 11.10 13.39 15.45 17.68 18.47 19.27 19.90 20.81 
25.61 24.70 22.97 22.97 20.72 22.12 24.18 24.27 20.83 22.81 23.26 22.74 20.03 19.11 19.11 18.83 18.33 20.03 23.54 23.99 22.12 23.11 21.25 20.20 19.37 20.13 20.19 19.83 20.27 20.90 19.53 16.54 17.14 17.47 14.37 12.29 15.26 15.39 14.02 14.55 12.44 11.07 11.86 13.17 15.57 15.62 19.50 22.78 26.42 24.66 26.51 22.89 20.18 17.21 14.47 12.24 10.99 10.24 8.05 6.32 6.87 5.83 2.15 6.13 6.87 5.95 7.45 9.58 10.44 9.98 11.94 15.91 16.85 16.55 17.43 20.05 
25.22 24.68 23.25 23.19 20.44 21.89 24.24 24.63 21.14 22.94 22.67 23.17 20.71 19.24 19.20 19.27 18.61 20.10 23.69 24.48 22.17 23.07 21.51 20.36 19.43 20.48 20.56 19.67 19.86 21.00 20.07 16.94 17.35 17.94 15.98 13.26 16.06 16.46 15.14 14.81 13.48 11.98 13.17 14.46 16.00 16.81 20.07 23.77 26.45 24.93 26.70 23.49 20.78 17.51 16.17 13.90 12.51 11.72 10.31 7.95 7.81 7.21 6.13 0.86 5.98 7.69 6.31 6.66 8.66 10.54 10.80 12.99 14.64 15.87 16.83 18.08 
25.53 25.57 23.93 23.69 20.68 21.98 23.79 23.90 20.77 21.84 22.14 22.17 19.86 18.70 19.02 18.94 18.04 19.81 23.19 23.24 21.46 22.32 21.52 20.35 18.58 19.83 20.32 19.87 19.94 20.85 19.67 16.77 17.37 18.18 15.76 13.51 15.85 15.59 14.63 14.93 12.17 10.91 12.47 14.75 15.70 16.28 19.62 23.12 26.04 23.70 26.21 23.10 20.30 17.57 16.51 14.17 11.98 10.63 9.34 8.28 7.00 5.79 6.87 5.98 0.82 5.26 7.32 6.33 6.35 8.12 10.78 10.90 13.78 14.06 15.45 17.68 
27.30 26.59 25.03 25.60 23.02 23.78 25.50 25.62 22.11 23.76 23.19 23.52 21.34 20.25 20.16 19.62 19.35 21.43 24.04 24.09 22.84 24.21 23.12 21.40 20.31 21.00 21.74 21.63 21.45 21.89 20.86 18.46 19.26 19.16 16.77 14.79 17.79 17.15 16.41 16.55 14.74 13.12 14.69 16.06 17.25 18.48 20.83 23.80 26.99 24.96 26.45 24.00 23.01 19.52 18.48 16.34 14.96 13.25 11.95 11.57 10.51 7.63 5.95 7.69 5.26 2.06 5.78 7.38 5.98 6.75 9.30 11.61 12.41 12.99 13.83 17.08 
27.73 26.75 24.38 24.50 22.66 23.94 24.76 25.17 21.84 23.71 23.62 23.85 22.15 21.00 20.71 20.55 20.69 22.30 24.42 24.90 24.21 24.48 22.98 22.00 21.55 21.48 21.43 21.21 21.67 21.71 20.91 19.06 20.05 19.35 17.49 16.30 18.26 17.51 16.38 17.22 15.57 15.12 14.73 15.67 17.17 18.67 20.91 23.19 27.23 25.36 26.36 24.13 23.75 20.88 19.44 17.21 15.75 14.99 13.58 12.02 11.96 10.38 7.45 6.31 7.32 5.78 3.63 6.04 7.52 6.57 8.29 9.65 12.32 10.75 12.98 15.55 
25.98 26.14 23.57 25.09 22.56 24.28 24.77 26.19 22.27 24.19 23.64 24.45 22.86 21.29 21.71 21.33 21.24 22.15 25.15 26.03 24.33 24.61 23.68 22.85 22.05 22.21 22.15 22.11 21.79 22.26 21.81 20.02 20.38 20.31 19.10 17.41 19.14 18.52 18.35 18.34 16.84 16.10 16.81 17.88 18.81 19.89 22.18 25.17 26.96 26.51 27.93 25.65 24.03 21.58 20.61 18.67 16.74 16.02 15.57 14.17 12.78 11.89 9.58 6.66 6.33 7.38 6.04 1.12 5.64 7.54 7.93 6.54 9.72 12.13 11.13 14.36 
24.67 25.97 23.73 25.32 22.71 24.43 24.82 25.71 22.22 23.23 23.50 24.44 22.25 21.27 22.00 22.40 20.54 22.22 25.32 25.92 23.82 24.69 23.94 23.48 21.59 22.10 22.34 22.24 21.97 22.50 21.99 19.73 20.81 21.09 20.11 18.51 19.71 19.42 19.23 20.20 17.98 17.26 17.18 19.23 20.29 20.55 22.88 25.82 27.53 26.50 28.54 26.42 24.13 22.22 21.53 19.90 17.50 16.69 15.98 15.26 12.96 11.10 10.44 8.66 6.35 5.98 7.52 5.64 2.07 6.19 8.97 6.93 8.60 9.49 11.25 13.72 
27.08 26.67 25.27 25.40 25.50 25.70 26.88 26.61 23.22 23.76 23.91 24.54 22.96 22.15 22.89 22.26 21.24 23.21 26.43 25.92 24.28 25.37 25.31 23.94 22.58 22.81 23.26 23.19 22.96 23.14 22.69 21.25 21.56 21.84 20.36 19.94 20.86 20.67 20.10 21.14 18.97 19.03 19.19 19.54 21.72 21.97 22.93 25.52 28.26 27.03 28.05 26.64 25.36 22.65 22.11 21.18 19.00 17.70 16.57 16.54 14.94 13.39 9.98 10.54 8.12 6.75 6.57 7.54 6.19 0.00 6.79 7.32 8.14 7.50 8.70 15.34 
29.12 26.69 24.36 24.64 26.09 26.36 25.70 26.84 23.89 25.48 24.69 25.91 24.06 24.00 23.44 23.78 22.79 25.04 26.34 26.80 25.39 26.33 24.54 24.21 23.48 23.73 23.05 23.47 23.45 23.44 22.80 21.66 22.54 22.42 21.00 20.78 21.86 22.08 20.79 21.78 19.93 20.34 19.44 19.67 21.51 21.45 22.67 24.84 28.39 26.20 27.30 25.81 26.00 23.41 22.21 20.96 19.39 18.99 17.60 17.24 15.90 15.45 11.94 10.80 10.78 9.30 8.29 7.93 8.97 6.79 3.59 4.95 6.82 7.44 7.66 11.17 
27.88 26.71 24.13 24.33 27.06 26.37 27.00 27.24 24.58 25.46 25.61 25.89 23.93 23.26 23.03 22.98 21.84 23.37 25.38 26.33 25.27 25.41 24.59 24.68 24.01 24.59 23.94 24.29 22.85 22.83 22.74 22.11 22.14 22.94 21.74 21.51 21.94 22.60 21.49 21.94 19.58 20.08 18.52 19.61 18.52 20.43 21.61 25.49 27.76 27.00 28.62 26.58 27.06 23.93 24.39 21.90 20.98 19.92 19.81 18.78 17.04 17.68 15.91 12.99 10.90 11.61 9.65 6.54 6.93 7.32 4.95 0.00 4.33 6.46 5.94 8.55 
26.09 26.68 25.43 26.97 23.52 23.96 24.34 25.21 24.52 24.53 25.51 24.99 23.94 22.92 23.26 23.49 22.60 23.25 26.88 26.71 25.27 24.59 24.74 24.82 23.54 23.62 23.88 24.13 23.31 22.74 23.19 21.61 22.43 22.72 22.37 21.59 22.16 22.78 23.09 23.78 22.24 21.26 20.77 21.02 21.88 21.49 24.06 26.30 27.84 27.33 30.59 28.58 26.59 25.83 25.64 24.29 22.75 22.12 21.22 20.23 18.21 18.47 16.85 14.64 13.78 12.41 12.32 9.72 8.60 8.14 6.82 4.33 0.00 0.09 4.11 8.30 
28.15 28.86 27.41 26.57 24.60 25.85 25.49 25.18 23.78 24.03 25.10 25.77 24.26 24.04 24.53 24.59 23.02 24.59 27.11 26.72 24.65 25.72 26.14 25.67 24.34 24.60 24.84 24.71 23.34 24.10 23.57 23.43 22.70 24.30 23.12 23.42 22.59 23.85 23.16 24.69 22.24 21.80 21.25 22.24 22.49 22.70 23.46 26.08 27.29 27.55 28.98 28.98 26.84 26.50 25.79 25.74 23.15 22.56 21.48 20.94 19.85 19.27 16.55 15.87 14.06 12.99 10.75 12.13 9.49 7.50 7.44 6.46 0.09 0.00 1.91 5.96 
30.76 29.16 27.80 27.37 27.70 28.19 27.57 27.43 25.97 27.12 27.40 27.59 26.05 26.15 26.08 26.19 25.41 27.28 29.31 28.31 27.23 27.99 27.06 26.49 25.46 26.43 25.44 25.07 24.81 25.10 24.22 23.00 24.28 25.35 24.03 23.47 24.33 24.91 24.92 24.94 23.62 23.54 23.22 23.15 23.70 23.50 24.73 26.09 28.70 27.44 28.80 27.88 27.69 26.65 26.20 25.01 23.51 22.98 22.05 21.50 20.42 19.90 17.43 16.83 15.45 13.83 12.98 11.13 11.25 8.70 7.66 5.94 4.11 1.91 0.00 6.72 
30.35 30.16 27.91 28.89 29.92 30.34 29.15 29.46 26.89 26.85 27.35 27.36 25.98 26.54 26.00 26.39 26.55 27.95 28.46 28.73 28.09 28.26 27.46 26.89 27.58 27.42 26.20 25.83 25.51 26.23 24.75 24.22 25.59 26.81 24.91 24.84 25.70 26.50 25.07 25.24 24.26 24.50 23.26 23.55 23.82 24.35 24.73 25.99 27.91 26.99 28.07 26.96 28.33 26.42 26.50 24.89 24.81 23.33 23.29 21.87 22.32 20.81 20.05 18.08 17.68 17.08 15.55 14.36 13.72 15.34 11.17 8.55 8.30 5.96 6.72 10.61 
