2.16 5.26 6.94 7.76 9.67 10.55 11.44 13.05 13.94 14.14 16.11 17.92 18.66 19.84 22.58 23.65 23.53 25.03 28.56 29.03 28.23 31.02 34.02 33.15 33.01 34.89 37.37 36.45 38.25 39.17 40.21 40.72 41.22 39.34 38.56 38.78 35.35 33.46 32.49 32.53 28.43 27.07 25.72 25.38 23.43 22.55 20.66 20.04 19.01 18.38 16.79 16.91 16.93 17.63 16.83 17.71 19.05 20.67 20.12 19.95 21.48 23.40 22.37 22.50 24.14 25.46 25.61 26.85 29.40 29.61 30.64 32.63 33.97 33.92 35.93 38.08 38.25 38.12 38.41 39.54 37.46 37.49 37.87 37.35 34.29 33.83 33.80 32.83 30.01 29.72 30.06 28.42 26.75 26.69 25.48 23.32 22.32 22.42 20.52 20.42 21.09 21.03 20.89 21.17 23.31 
5.26 1.38 4.69 6.36 8.23 8.74 10.01 12.12 12.33 12.79 14.85 16.86 17.61 18.15 21.95 22.49 22.11 23.33 27.39 27.26 26.20 28.88 31.93 30.64 30.31 32.67 35.53 34.08 36.22 37.28 38.66 38.67 39.60 37.51 37.60 37.64 34.33 31.76 32.23 31.42 27.24 25.93 25.57 23.79 22.20 20.84 20.09 18.31 17.85 16.57 15.76 15.74 15.77 15.76 15.44 16.28 17.05 19.56 19.46 18.90 20.24 22.37 21.49 21.28 23.38 24.27 24.39 25.55 28.49 27.90 29.31 31.99 33.85 32.82 34.82 37.61 37.67 37.03 36.79 38.60 36.48 36.60 36.34 36.32 33.32 32.66 33.07 31.52 29.07 28.47 29.39 26.93 25.84 24.82 24.29 21.42 22.15 21.26 19.98 19.26 20.39 21.48 19.24 20.40 22.47 
6.94 4.69 0.32 3.43 7.00 6.55 7.86 9.75 10.37 10.81 12.36 14.38 15.32 15.83 18.67 19.90 19.43 20.52 23.77 24.51 23.78 26.19 28.40 27.34 27.58 29.94 32.26 31.03 33.62 34.70 35.75 35.56 37.34 35.13 34.82 34.58 31.18 29.52 29.49 28.50 23.78 23.26 22.99 21.52 19.21 18.28 17.84 16.72 15.86 14.70 13.96 14.48 13.87 14.04 13.47 14.54 14.63 17.25 17.32 17.24 18.08 20.51 19.45 19.59 21.59 22.67 22.86 23.96 26.84 26.25 27.99 30.86 32.56 31.71 33.59 36.59 36.73 35.61 35.28 37.14 35.85 35.44 34.59 34.80 32.81 32.03 31.12 30.00 27.57 27.36 27.32 25.07 23.52 23.74 22.48 20.10 19.71 20.14 17.35 17.35 17.94 19.80 18.70 19.53 22.18 
7.76 6.36 3.43 0.00 4.97 6.49 6.49 8.45 10.01 11.05 12.21 14.10 15.34 15.64 18.44 19.84 20.13 20.55 23.97 25.23 24.72 26.74 28.84 28.60 28.60 30.65 32.68 32.23 34.76 35.80 36.00 36.57 38.38 36.39 35.35 35.70 32.45 30.86 30.26 29.65 25.35 24.65 23.76 22.72 20.68 20.12 18.55 17.07 17.49 16.17 15.20 14.69 15.17 14.64 14.77 15.25 15.98 17.85 18.15 17.83 19.37 21.39 20.32 20.49 22.87 23.64 23.70 24.91 27.69 27.58 29.03 31.56 33.59 32.99 34.91 37.80 37.83 37.00 36.44 38.42 36.72 36.25 35.19 35.48 33.36 32.34 30.87 30.30 28.39 28.01 27.49 25.70 24.77 24.00 22.79 21.12 21.97 19.49 17.85 17.35 20.64 19.82 18.85 19.40 27.63 
9.67 8.23 7.00 4.97 0.82 5.44 6.86 7.10 8.06 9.34 11.28 12.49 12.80 14.38 16.53 17.38 17.10 19.11 23.48 23.99 22.87 25.80 29.27 27.65 27.14 29.79 32.71 31.16 33.46 34.59 35.30 35.50 36.91 34.33 33.69 33.95 31.00 28.06 27.58 27.47 23.82 22.28 21.30 20.10 18.46 17.61 16.98 15.42 16.03 15.29 13.80 13.36 14.03 13.60 13.48 14.38 15.14 17.63 17.35 16.59 17.68 20.34 18.81 18.63 20.88 22.40 21.88 23.19 26.54 26.53 27.46 30.22 32.07 31.94 33.91 36.53 36.46 36.16 36.45 37.68 34.94 34.91 35.32 34.48 30.57 29.89 30.35 28.73 26.21 25.61 25.99 23.26 22.13 22.12 20.40 18.33 18.79 19.36 16.91 16.90 19.48 18.80 16.80 18.34 19.46 
10.55 8.74 6.55 6.49 5.44 0.00 5.39 7.23 6.00 7.26 9.23 11.18 10.64 11.99 15.27 15.72 14.45 16.60 20.83 21.26 19.36 23.02 25.83 24.65 23.80 26.93 29.49 28.12 30.47 32.21 32.32 32.70 34.02 31.54 30.74 31.56 28.33 25.67 25.74 25.21 21.49 20.00 19.54 17.53 15.77 15.30 14.58 12.67 13.20 11.68 9.79 10.81 11.14 10.15 9.56 12.00 11.79 14.92 15.15 14.65 15.23 18.19 16.37 16.35 18.29 19.58 19.07 20.93 24.29 23.65 25.07 28.22 30.50 29.47 31.56 34.51 34.56 33.94 33.49 35.30 32.54 32.71 32.40 32.19 28.32 27.89 28.33 26.50 23.89 23.62 23.85 21.08 20.04 19.61 18.64 16.25 17.21 17.93 15.32 15.23 17.61 18.61 14.85 17.84 19.38 
11.44 10.01 7.86 6.49 6.86 5.39 0.55 5.60 6.63 6.13 7.48 9.91 10.11 10.76 13.08 14.36 13.58 14.56 18.25 19.48 18.44 21.05 23.93 23.13 22.79 25.24 27.76 26.48 29.00 30.51 31.09 31.04 32.74 30.11 29.70 29.63 27.13 24.65 24.81 23.91 20.24 19.54 19.36 17.57 16.44 15.97 16.10 14.35 14.19 13.09 12.23 11.43 11.53 11.48 11.37 12.56 12.23 14.84 15.14 14.64 15.51 17.35 16.05 16.01 18.00 18.44 18.69 20.31 23.50 22.38 24.06 27.69 29.74 28.34 30.15 33.54 33.97 32.70 31.97 33.74 32.32 31.73 30.87 30.74 28.23 27.18 27.17 25.56 23.76 23.55 23.63 20.60 19.73 19.95 18.64 16.25 16.88 17.35 14.36 14.78 17.41 16.45 14.10 16.20 18.50 
13.05 12.12 9.75 8.45 7.10 7.23 5.60 0.00 5.54 7.17 6.75 7.96 9.38 10.92 12.54 13.38 14.08 15.32 18.02 20.09 19.13 22.06 24.48 24.47 23.66 26.29 28.35 27.98 29.81 31.53 31.61 32.33 33.50 31.13 30.40 30.74 28.01 25.82 25.44 24.04 21.38 20.21 19.45 17.94 17.29 17.40 16.41 14.81 15.23 15.28 12.97 13.71 12.63 13.18 13.38 14.70 14.13 17.00 16.82 16.42 16.43 19.15 17.51 17.64 18.97 20.48 20.28 21.85 24.50 24.47 25.72 29.00 30.80 30.48 32.04 35.12 35.05 34.55 33.40 35.18 32.67 32.79 31.90 31.97 28.71 28.04 27.45 26.63 24.66 24.60 23.92 21.35 20.73 20.43 19.18 17.53 18.42 17.69 14.91 15.81 17.87 17.76 13.78 18.02 21.67 
13.94 12.33 10.37 10.01 8.06 6.00 6.63 5.54 0.42 5.06 7.07 6.45 6.77 8.83 11.51 10.74 10.77 13.56 16.90 17.38 16.92 20.64 23.35 21.71 21.76 24.43 26.88 25.45 27.92 29.48 29.85 29.91 31.38 28.75 28.27 28.39 25.49 22.75 22.33 21.55 18.21 17.39 16.65 15.13 13.86 13.53 13.30 10.85 12.60 11.01 8.99 9.49 10.84 10.12 10.97 12.62 13.19 15.67 16.17 14.94 15.36 18.17 16.89 16.27 17.82 19.08 18.93 19.76 22.63 22.88 23.88 26.51 28.25 28.65 30.68 32.70 31.91 32.12 32.44 33.10 29.74 30.17 30.91 29.92 26.04 25.19 25.98 24.20 22.50 21.62 21.52 19.21 19.42 18.14 16.61 15.26 16.65 16.10 13.60 14.66 17.62 17.14 14.08 17.50 20.16 
14.14 12.79 10.81 11.05 9.34 7.26 6.13 7.17 5.06 0.00 5.06 7.09 5.30 5.99 9.42 10.03 9.35 10.94 14.95 15.41 14.32 17.98 20.43 18.97 18.64 21.97 24.14 22.62 25.09 27.59 27.50 27.48 28.77 26.69 26.07 26.57 23.28 20.93 21.02 20.00 16.76 16.13 15.82 14.53 12.82 12.89 12.12 9.58 10.72 10.98 7.79 7.93 9.63 10.27 10.37 11.84 11.92 15.30 15.34 13.82 14.34 16.69 14.72 14.39 16.05 17.07 16.16 17.42 20.34 20.16 21.45 24.65 26.33 26.21 27.98 30.71 29.58 29.72 29.35 30.72 27.49 27.92 28.07 27.54 23.72 23.24 24.04 21.95 20.28 19.84 20.10 17.39 17.20 16.28 14.96 13.38 15.08 14.54 11.75 12.35 15.07 16.28 12.75 15.87 19.53 
16.11 14.85 12.36 12.21 11.28 9.23 7.48 6.75 7.07 5.06 1.24 6.03 6.96 5.95 7.49 9.34 9.91 10.51 12.92 15.00 14.44 17.07 19.77 19.02 19.25 21.92 24.26 22.96 25.31 27.60 28.38 27.98 29.29 27.19 27.00 26.58 23.93 21.59 21.63 20.53 17.78 17.58 17.14 15.97 14.96 14.69 14.60 11.94 12.56 11.64 11.49 10.59 10.94 11.79 13.56 13.99 14.81 17.02 16.83 15.69 16.77 18.02 16.20 15.89 17.63 17.42 16.94 18.16 21.09 20.16 21.51 25.22 27.17 26.35 27.90 30.93 30.92 30.15 29.46 30.91 28.99 28.83 28.25 27.87 24.87 24.10 24.27 22.34 20.87 20.61 20.65 17.90 17.63 17.26 16.13 14.41 15.29 14.87 12.58 13.37 15.69 16.72 13.81 17.27 20.01 
17.92 16.86 14.38 14.10 12.49 11.18 9.91 7.96 6.45 7.09 6.03 0.00 5.53 7.35 7.07 7.53 9.10 10.98 13.09 14.37 14.89 17.65 20.18 19.81 19.81 22.49 24.97 23.71 26.13 28.14 28.85 28.94 30.14 27.68 27.43 27.39 24.55 22.30 22.04 20.90 18.60 17.55 16.60 15.63 15.23 15.56 14.32 13.70 13.05 13.41 11.50 12.68 11.90 13.46 15.04 16.68 16.36 18.89 18.76 17.38 17.37 19.62 17.91 17.01 17.76 18.59 18.23 19.19 21.57 21.33 22.69 25.74 27.95 27.69 29.08 31.84 31.77 31.44 30.63 31.78 29.68 29.83 29.17 28.82 25.79 25.16 24.91 23.38 22.18 21.89 21.19 18.92 18.46 18.17 16.85 15.49 16.50 16.17 13.87 15.46 16.72 17.73 14.89 18.47 20.56 
18.66 17.61 15.32 15.34 12.80 10.64 10.11 9.38 6.77 5.30 6.96 5.53 0.00 4.80 7.32 5.60 6.05 8.62 11.93 11.32 11.74 15.64 18.16 16.38 16.91 20.30 22.77 21.02 24.10 25.76 26.39 25.94 27.65 24.95 24.66 24.49 21.67 18.64 18.19 17.67 15.37 13.89 13.23 11.89 11.89 10.50 9.87 9.03 11.35 8.76 7.07 9.28 11.33 10.59 11.90 14.71 16.00 18.20 17.91 16.43 16.88 18.59 16.74 15.61 16.65 17.30 16.74 17.09 19.64 19.83 20.90 23.75 25.43 25.40 27.43 29.54 28.90 28.83 29.10 29.82 26.75 27.16 27.59 26.73 23.43 22.69 23.20 21.38 19.96 19.27 18.39 16.75 16.62 16.03 14.38 12.95 14.75 14.41 12.41 12.75 14.91 15.39 12.36 16.50 17.75 
19.84 18.15 15.83 15.64 14.38 11.99 10.76 10.92 8.83 5.99 5.95 7.35 4.80 0.00 5.53 7.06 5.37 6.10 9.86 10.81 10.59 13.34 15.95 14.50 15.20 18.21 20.82 19.13 22.54 24.70 24.63 24.61 26.27 23.85 23.10 23.38 20.33 18.23 17.85 17.15 14.39 13.87 13.58 11.80 11.63 12.19 10.71 9.19 11.55 11.26 8.95 10.55 12.20 12.70 13.30 15.40 16.63 18.27 17.55 16.34 17.65 18.68 15.69 15.15 16.45 16.34 15.16 16.31 18.93 18.00 19.56 22.63 24.53 23.87 25.65 28.34 27.71 27.59 27.44 28.44 25.62 26.07 25.95 25.42 22.03 21.88 21.99 19.76 18.54 18.10 17.58 15.58 15.50 15.28 13.21 11.49 12.96 14.09 10.94 11.27 13.53 14.91 11.70 14.44 17.72 
22.58 21.95 18.67 18.44 16.53 15.27 13.08 12.54 11.51 9.42 7.49 7.07 7.32 5.53 0.14 5.86 7.09 6.12 8.06 10.43 11.18 12.98 15.24 15.35 16.38 18.51 21.22 20.34 23.66 25.38 25.75 25.56 27.68 24.91 24.42 24.18 21.75 19.22 19.36 18.14 16.08 15.78 15.93 14.00 14.15 14.04 14.51 12.64 13.97 14.07 14.76 14.26 15.69 16.97 18.68 18.80 20.18 21.75 21.07 19.54 20.59 21.07 18.34 17.59 18.74 17.94 17.07 18.03 20.61 19.88 20.70 24.09 26.22 25.63 27.25 29.90 29.99 29.66 28.96 30.20 28.11 28.06 27.64 27.12 23.90 23.21 23.19 21.45 19.51 19.10 18.72 16.74 16.55 16.33 15.14 12.78 13.69 14.40 12.61 13.21 14.20 16.37 13.11 17.28 18.66 
23.65 22.49 19.90 19.84 17.38 15.72 14.36 13.38 10.74 10.03 9.34 7.53 5.60 7.06 5.86 0.00 5.19 7.09 6.59 7.46 8.81 11.82 13.35 12.99 14.61 16.74 19.24 18.26 21.94 24.11 24.35 24.45 26.39 23.22 22.92 23.19 20.56 17.81 18.24 17.62 14.96 13.88 13.53 12.01 12.72 13.12 13.14 12.85 13.91 13.86 13.55 14.30 15.47 17.04 18.56 18.99 19.99 22.15 21.68 19.28 19.32 20.87 18.56 17.03 16.83 16.86 15.99 16.50 18.53 17.84 18.99 21.97 24.14 23.99 25.75 28.44 28.56 28.44 28.09 29.34 26.93 27.25 26.70 26.66 23.04 22.10 22.00 20.79 19.15 18.45 18.24 16.92 16.02 16.10 14.49 13.40 14.38 15.13 13.06 14.38 16.12 17.29 14.72 17.64 19.84 
23.53 22.11 19.43 20.13 17.10 14.45 13.58 14.08 10.77 9.35 9.91 9.10 6.05 5.37 7.09 5.19 0.00 5.13 7.67 5.78 5.95 9.50 12.06 10.48 10.94 14.16 16.50 14.74 18.32 21.23 21.64 21.33 23.25 20.66 19.90 20.29 17.48 15.61 15.64 14.52 11.91 11.84 10.43 7.41 9.68 10.75 9.69 9.04 12.36 12.05 10.37 12.31 14.64 15.05 16.64 18.08 19.20 20.78 20.36 18.10 18.59 19.61 17.03 15.45 15.86 15.34 14.16 14.69 16.58 15.80 16.45 19.64 21.28 20.79 22.70 25.44 25.01 25.17 25.39 26.55 23.52 24.37 24.53 23.94 20.45 19.52 19.61 18.16 16.67 15.94 15.72 14.43 13.59 13.28 11.97 10.76 12.10 13.13 11.27 12.02 14.24 15.76 12.54 17.50 18.72 
25.03 23.33 20.52 20.55 19.11 16.60 14.56 15.32 13.56 10.94 10.51 10.98 8.62 6.10 6.12 7.09 5.13 0.00 5.62 7.09 5.43 6.43 9.84 9.90 10.01 12.02 15.45 14.27 17.25 19.52 20.08 20.03 22.17 18.98 18.50 18.75 16.64 14.85 15.21 14.55 11.68 11.96 11.82 10.17 10.36 11.99 12.21 11.37 13.84 14.05 13.37 14.85 16.22 16.85 18.43 19.43 20.43 21.30 20.58 19.06 19.70 20.24 17.22 15.99 16.70 15.87 14.40 14.70 16.79 15.37 16.38 19.08 20.66 20.14 22.05 24.88 24.58 24.82 24.49 25.74 22.84 23.76 23.11 22.85 18.82 18.53 18.43 16.64 14.92 14.56 14.55 13.39 11.86 13.08 11.40 9.99 10.95 12.88 11.52 12.23 15.03 16.89 13.90 17.43 20.46 
28.56 27.39 23.77 23.97 23.48 20.83 18.25 18.02 16.90 14.95 12.92 13.09 11.93 9.86 8.06 6.59 7.67 5.62 0.82 6.13 7.56 6.68 8.75 9.65 11.19 12.28 14.92 16.17 18.23 20.36 21.05 22.21 23.37 20.28 19.91 20.38 18.17 15.87 17.29 15.54 14.07 13.61 14.52 13.24 13.76 14.06 15.67 15.53 17.42 17.92 18.64 19.22 20.54 21.73 23.26 23.51 24.27 25.15 24.21 22.49 23.34 23.75 21.13 19.47 19.87 18.90 18.09 17.77 19.48 18.44 19.58 21.65 23.31 22.69 24.51 26.90 27.23 27.26 26.62 27.83 25.89 26.03 25.45 24.91 21.07 20.62 20.02 18.68 16.88 16.29 16.66 14.93 14.39 14.53 13.98 12.71 13.37 15.21 14.27 15.23 17.05 19.35 16.91 20.95 22.13 
29.03 27.26 24.51 25.23 23.99 21.26 19.48 20.09 17.38 15.41 15.00 14.37 11.32 10.81 10.43 7.46 5.78 7.09 6.13 0.00 5.35 7.54 6.71 6.57 9.28 11.53 13.08 13.16 16.83 18.79 19.41 20.06 21.66 18.08 17.82 18.77 15.79 14.48 14.47 13.17 10.72 12.83 11.98 9.10 11.25 14.03 14.66 14.56 17.04 17.57 17.91 18.21 19.90 21.46 22.49 22.96 23.69 25.41 24.29 22.29 22.85 23.85 21.00 19.06 19.27 18.07 16.58 16.76 18.46 16.77 17.11 19.64 21.64 20.73 22.05 25.13 25.46 26.01 24.73 26.62 24.38 24.78 23.77 23.81 20.13 18.71 18.75 17.62 15.92 15.59 15.89 14.58 13.41 14.20 13.38 11.79 14.52 15.63 14.26 15.79 17.96 20.48 17.96 20.82 22.80 
28.23 26.20 23.78 24.72 22.87 19.36 18.44 19.13 16.92 14.32 14.44 14.89 11.74 10.59 11.18 8.81 5.95 5.43 7.56 5.35 0.00 5.34 7.45 5.61 5.87 8.52 11.06 10.13 13.21 16.37 16.43 16.55 18.25 15.99 15.59 15.72 13.06 11.64 13.39 10.70 7.94 9.18 11.06 7.39 8.07 11.52 13.09 12.80 14.87 15.77 15.76 16.65 18.40 19.04 20.42 21.59 22.02 23.76 22.58 20.40 21.40 22.35 18.79 17.44 18.12 16.43 14.13 15.10 17.06 14.63 14.53 17.57 19.41 17.92 19.19 22.19 22.72 22.91 22.03 23.68 21.29 21.85 20.96 20.78 17.40 16.50 16.06 14.51 13.31 11.64 13.01 11.44 9.98 10.75 10.99 10.00 11.43 13.85 12.61 13.31 15.60 17.83 15.70 20.06 21.49 
31.02 28.88 26.19 26.74 25.80 23.02 21.05 22.06 20.64 17.98 17.07 17.65 15.64 13.34 12.98 11.82 9.50 6.43 6.68 7.54 5.34 0.00 6.16 7.38 5.79 6.87 10.92 11.14 12.80 16.05 16.82 17.29 19.08 17.00 16.42 17.14 14.33 13.32 13.77 14.21 10.88 11.54 12.67 12.31 12.37 13.94 15.33 16.26 17.77 18.14 17.93 18.70 20.66 21.83 23.00 23.78 24.22 26.09 24.94 23.04 23.53 24.64 21.59 19.47 20.08 18.88 17.05 17.01 18.60 16.31 16.77 18.98 20.15 18.96 20.52 23.66 23.63 24.01 22.85 24.41 21.69 22.33 21.60 21.00 17.38 16.17 16.31 15.61 12.66 11.43 13.20 12.57 10.56 11.60 12.71 11.08 12.33 15.03 15.46 16.60 17.93 20.74 18.74 21.99 23.79 
34.02 31.93 28.40 28.84 29.27 25.83 23.93 24.48 23.35 20.43 19.77 20.18 18.16 15.95 15.24 13.35 12.06 9.84 8.75 6.71 7.45 6.16 0.42 5.94 7.40 6.69 8.62 10.66 13.29 15.17 15.76 17.29 19.19 16.70 16.66 17.15 15.06 13.60 14.92 13.68 12.82 13.56 14.28 13.77 14.80 16.58 17.83 18.22 19.80 20.69 21.47 21.73 23.53 24.70 25.97 26.17 26.47 28.11 27.25 25.38 26.15 27.03 24.33 22.26 22.43 21.61 20.29 19.73 20.67 18.58 19.25 20.36 21.43 20.09 21.62 23.97 23.98 24.15 22.95 24.25 21.46 22.59 21.68 21.20 17.44 16.95 17.16 15.60 13.76 13.20 14.99 13.94 13.46 14.27 14.31 14.00 15.43 17.40 16.78 18.05 19.84 21.99 20.37 23.78 25.01 
33.15 30.64 27.34 28.60 27.65 24.65 23.13 24.47 21.71 18.97 19.02 19.81 16.38 14.50 15.35 12.99 10.48 9.90 9.65 6.57 5.61 7.38 5.94 0.00 5.46 7.32 6.42 6.99 10.79 12.95 13.03 13.73 16.31 13.75 13.47 13.93 10.82 10.88 11.30 9.36 8.67 10.97 11.91 9.67 11.67 14.71 16.45 16.32 18.25 19.36 20.20 20.33 21.87 23.26 24.09 24.35 24.36 26.59 25.31 23.14 24.02 25.23 22.09 20.25 20.81 19.42 17.35 17.12 18.81 15.84 15.72 17.37 18.73 16.94 18.14 20.83 20.90 21.04 19.42 20.83 18.55 19.04 18.43 18.22 15.09 14.00 14.12 13.42 11.71 11.48 12.84 11.89 11.72 12.44 12.71 11.97 15.41 16.74 16.03 17.53 19.59 22.12 19.65 22.76 24.64 
33.01 30.31 27.58 28.60 27.14 23.80 22.79 23.66 21.76 18.64 19.25 19.81 16.91 15.20 16.38 14.61 10.94 10.01 11.19 9.28 5.87 5.79 7.40 5.46 0.00 5.36 7.23 6.00 8.05 10.96 11.61 11.95 14.69 12.94 12.53 13.50 11.12 9.70 11.49 11.09 9.51 10.06 12.19 11.69 12.61 14.42 16.42 16.87 18.78 19.69 20.12 20.63 22.16 23.16 23.74 23.98 24.15 26.31 24.68 22.81 23.60 24.75 21.02 19.65 20.48 19.27 16.37 16.78 18.34 15.60 14.90 17.00 17.75 15.63 16.63 19.54 18.98 18.51 17.06 19.06 16.26 17.24 16.26 16.30 13.62 11.76 12.39 11.64 10.23 8.40 11.43 10.78 9.71 11.04 12.06 11.54 14.22 16.29 15.21 15.70 18.63 20.23 19.02 22.59 23.83 
34.89 32.67 29.94 30.65 29.79 26.93 25.24 26.29 24.43 21.97 21.92 22.49 20.30 18.21 18.51 16.74 14.16 12.02 12.28 11.53 8.52 6.87 6.69 7.32 5.36 0.00 6.22 6.77 6.23 9.15 11.15 11.40 13.76 12.73 13.78 14.57 11.70 10.84 12.42 13.38 11.81 11.52 14.04 14.93 15.78 17.13 19.22 19.81 21.49 22.02 22.43 22.06 23.93 25.62 26.23 26.33 26.51 28.35 27.32 25.24 25.55 26.60 23.49 21.87 22.18 21.03 19.12 18.75 19.78 17.10 17.07 18.51 18.49 16.39 17.88 19.81 19.03 18.95 17.61 18.94 16.26 16.74 16.12 16.54 13.28 11.87 12.17 12.40 10.97 9.06 12.43 12.35 12.55 12.82 14.77 14.11 16.98 18.32 18.41 19.86 21.38 23.80 21.44 24.58 26.35 
37.37 35.53 32.26 32.68 32.71 29.49 27.76 28.35 26.88 24.14 24.26 24.97 22.77 20.82 21.22 19.24 16.50 15.45 14.92 13.08 11.06 10.92 8.62 6.42 7.23 6.22 0.85 6.11 7.55 8.49 10.27 11.41 12.85 12.38 13.75 14.77 12.15 11.88 14.30 14.18 13.06 14.52 16.77 17.38 18.14 20.09 22.51 22.73 23.83 24.96 25.87 25.70 26.82 28.23 29.40 28.83 29.05 30.79 29.76 27.55 27.86 28.62 26.04 24.09 24.02 23.29 21.68 21.13 21.82 19.23 18.86 19.71 19.48 17.62 18.48 20.14 18.90 18.88 17.28 18.82 15.76 16.99 16.29 16.72 13.88 13.24 13.65 13.44 12.78 12.73 14.33 14.21 14.92 16.70 17.45 17.10 19.90 21.26 20.23 21.24 23.43 23.98 23.46 26.18 27.04 
36.45 34.08 31.03 32.23 31.16 28.12 26.48 27.98 25.45 22.62 22.96 23.71 21.02 19.13 20.34 18.26 14.74 14.27 16.17 13.16 10.13 11.14 10.66 6.99 6.00 6.77 6.11 0.00 5.31 7.21 7.23 8.48 10.37 9.53 11.32 12.30 9.75 9.82 11.75 12.35 11.49 12.96 15.09 15.39 16.61 18.46 20.62 21.14 22.61 23.47 24.35 24.46 25.10 26.81 27.33 27.76 27.42 29.21 27.61 25.90 26.17 27.23 23.76 22.79 23.15 21.98 19.63 19.76 20.51 17.38 16.79 18.11 17.86 15.35 16.27 18.39 16.56 16.56 14.23 15.26 13.42 14.47 13.90 14.25 12.00 11.08 12.04 11.45 11.26 10.86 13.53 12.46 13.85 15.22 16.28 15.71 19.21 20.82 19.60 21.40 22.43 24.82 22.81 25.54 27.12 
38.25 36.22 33.62 34.76 33.46 30.47 29.00 29.81 27.92 25.09 25.31 26.13 24.10 22.54 23.66 21.94 18.32 17.25 18.23 16.83 13.21 12.80 13.29 10.79 8.05 6.23 7.55 5.31 0.24 6.03 7.02 7.71 10.36 10.21 11.07 12.88 11.14 11.52 13.31 15.26 14.90 15.31 17.01 18.91 19.48 20.81 22.82 24.00 25.31 26.29 27.09 27.08 28.03 29.09 29.67 29.32 30.05 31.43 29.93 28.34 28.68 29.07 25.88 24.95 25.29 24.36 21.59 21.87 22.97 19.66 18.71 20.24 19.98 16.73 16.72 18.92 17.81 16.50 14.27 15.87 13.84 14.88 13.94 14.99 12.80 11.23 12.14 13.17 12.15 11.31 14.56 14.95 15.49 17.08 18.35 18.22 21.28 22.65 21.71 22.02 24.52 24.69 23.99 27.24 27.77 
39.17 37.28 34.70 35.80 34.59 32.21 30.51 31.53 29.48 27.59 27.60 28.14 25.76 24.70 25.38 24.11 21.23 19.52 20.36 18.79 16.37 16.05 15.17 12.95 10.96 9.15 8.49 7.21 6.03 0.00 6.50 7.44 9.46 9.42 11.69 13.40 12.11 12.51 14.59 16.63 16.39 17.09 19.56 20.79 21.93 23.03 25.17 26.07 27.39 28.11 28.86 29.16 29.78 31.24 31.29 32.08 31.94 33.35 31.49 30.20 30.31 30.56 27.41 26.64 26.69 25.77 23.45 23.68 24.38 21.62 20.69 21.54 20.51 18.34 18.57 20.11 18.03 17.82 15.72 17.24 15.24 15.66 15.62 16.54 15.06 14.02 14.31 15.06 15.60 14.74 17.10 16.97 18.80 19.41 20.60 20.50 23.46 24.83 23.69 25.60 26.05 27.87 25.86 28.91 30.08 
40.21 38.66 35.75 36.00 35.30 32.32 31.09 31.61 29.85 27.50 28.38 28.85 26.39 24.63 25.75 24.35 21.64 20.08 21.05 19.41 16.43 16.82 15.76 13.03 11.61 11.15 10.27 7.23 7.02 6.50 1.57 5.48 6.92 6.69 8.79 11.60 10.58 11.18 13.61 15.41 15.19 16.62 18.66 20.64 21.50 22.88 24.75 25.76 27.04 27.93 29.09 28.87 29.89 31.01 31.84 31.76 32.59 33.11 31.57 30.26 30.41 30.13 27.28 26.28 26.07 25.01 22.97 22.87 23.57 21.01 20.21 20.47 19.25 17.20 17.45 17.83 15.85 15.83 14.03 15.05 12.91 14.35 14.47 15.08 13.88 13.79 14.75 14.56 15.12 15.78 17.12 17.06 18.72 19.84 21.22 20.67 23.92 24.39 23.68 25.12 27.83 26.72 26.16 29.21 30.78 
40.72 38.67 35.56 36.57 35.50 32.70 31.04 32.33 29.91 27.48 27.98 28.94 25.94 24.61 25.56 24.45 21.33 20.03 22.21 20.06 16.55 17.29 17.29 13.73 11.95 11.40 11.41 8.48 7.71 7.44 5.48 0.00 5.94 6.74 7.87 10.29 10.55 10.86 12.66 14.17 14.85 15.53 17.88 19.20 20.56 21.83 23.99 25.10 26.44 27.40 28.44 28.86 29.41 30.61 31.01 31.22 31.63 32.09 30.65 29.28 29.93 29.69 26.72 25.98 25.99 25.19 22.79 22.77 23.73 20.44 19.14 19.94 19.56 16.77 16.75 17.57 15.38 15.11 12.99 14.03 12.60 14.52 14.91 15.45 14.00 14.42 15.58 15.42 15.54 16.32 18.25 17.51 18.59 19.95 20.61 21.00 23.52 25.50 23.62 25.90 27.59 28.86 26.47 29.79 31.06 
41.22 39.60 37.34 38.38 36.91 34.02 32.74 33.50 31.38 28.77 29.29 30.14 27.65 26.27 27.68 26.39 23.25 22.17 23.37 21.66 18.25 19.08 19.19 16.31 14.69 13.76 12.85 10.37 10.36 9.46 6.92 5.94 0.65 6.19 8.16 9.76 9.76 11.43 13.85 14.70 15.16 16.64 18.51 20.01 21.11 22.44 24.74 25.55 27.39 28.01 28.96 29.18 30.51 31.29 31.49 31.18 32.41 33.29 31.76 30.33 30.74 30.84 27.79 26.92 27.15 26.20 23.81 23.99 24.89 21.39 19.89 20.73 20.75 17.33 16.83 18.10 16.74 15.67 13.31 14.89 14.78 17.26 17.09 17.51 17.30 17.21 18.38 18.24 18.36 18.83 20.44 19.91 21.58 22.39 22.82 22.32 25.26 26.39 25.15 26.39 29.32 28.27 26.84 30.02 31.14 
39.34 37.51 35.13 36.39 34.33 31.54 30.11 31.13 28.75 26.69 27.19 27.68 24.95 23.85 24.91 23.22 20.66 18.98 20.28 18.08 15.99 17.00 16.70 13.75 12.94 12.73 12.38 9.53 10.21 9.42 6.69 6.74 6.19 0.00 6.10 8.07 6.81 7.53 9.72 11.73 11.89 12.85 15.58 16.25 17.77 19.16 21.33 22.04 23.61 24.83 25.84 26.18 27.15 28.62 28.97 29.01 30.29 31.44 29.59 27.81 28.53 28.53 25.23 24.30 24.14 23.11 20.65 20.05 21.14 18.04 17.03 16.89 16.64 14.39 14.33 15.52 13.45 13.83 12.56 14.13 13.80 15.11 15.89 16.72 15.98 16.05 16.71 16.75 17.30 16.98 18.11 17.64 19.74 19.96 20.14 20.30 23.51 24.77 23.24 24.69 27.61 28.74 26.32 29.21 30.94 
38.56 37.60 34.82 35.35 33.69 30.74 29.70 30.40 28.27 26.07 27.00 27.43 24.66 23.10 24.42 22.92 19.90 18.50 19.91 17.82 15.59 16.42 16.66 13.47 12.53 13.78 13.75 11.32 11.07 11.69 8.79 7.87 8.16 6.10 2.47 6.62 7.90 6.61 7.45 10.05 12.07 12.19 13.75 15.62 17.26 18.33 20.52 21.22 22.94 24.18 25.68 25.28 26.41 27.97 29.01 28.60 30.25 30.96 29.53 27.66 28.53 27.98 24.67 23.58 23.49 22.50 20.04 19.65 19.93 17.77 16.70 16.59 15.83 13.52 13.32 14.11 12.88 13.46 13.25 15.13 13.94 15.54 16.84 17.71 16.51 16.69 18.02 17.60 17.73 17.63 18.57 18.52 20.00 20.20 20.34 20.84 23.75 24.11 22.75 24.31 28.63 27.53 26.06 29.21 31.67 
38.78 37.64 34.58 35.70 33.95 31.56 29.63 30.74 28.39 26.57 26.58 27.39 24.49 23.38 24.18 23.19 20.29 18.75 20.38 18.77 15.72 17.14 17.15 13.93 13.50 14.57 14.77 12.30 12.88 13.40 11.60 10.29 9.76 8.07 6.62 2.07 6.55 7.52 6.74 7.83 10.30 11.98 12.74 14.25 16.44 17.66 19.86 20.88 22.75 23.92 25.39 25.32 26.54 27.52 28.37 28.60 29.70 30.17 28.73 27.35 28.25 27.72 24.34 23.40 23.73 22.51 19.68 19.28 20.85 17.48 16.54 17.84 17.67 15.37 14.64 16.79 15.77 15.80 15.05 17.87 16.22 17.67 18.10 19.86 17.87 17.94 19.11 19.31 18.97 19.09 20.27 19.66 20.92 21.18 21.26 21.49 24.34 25.76 23.63 25.06 29.13 29.39 26.46 29.36 31.43 
35.35 34.33 31.18 32.45 31.00 28.33 27.13 28.01 25.49 23.28 23.93 24.55 21.67 20.33 21.75 20.56 17.48 16.64 18.17 15.79 13.06 14.33 15.06 10.82 11.12 11.70 12.15 9.75 11.14 12.11 10.58 10.55 9.76 6.81 7.90 6.55 1.73 5.61 8.02 6.72 7.14 9.47 11.72 12.10 13.00 15.32 17.17 18.07 19.42 20.72 21.99 22.01 23.37 24.01 24.89 24.87 26.26 27.08 26.09 24.38 25.19 24.83 21.49 20.63 20.49 19.28 16.71 16.89 18.14 15.04 14.15 14.75 15.54 13.23 12.35 15.20 14.33 15.00 12.79 15.66 14.77 16.40 16.23 17.60 16.36 15.75 17.33 17.18 17.36 17.18 18.71 17.44 19.34 19.79 19.53 19.11 22.74 23.51 21.36 22.68 27.59 26.84 23.72 27.22 29.50 
33.46 31.76 29.52 30.86 28.06 25.67 24.65 25.82 22.75 20.93 21.59 22.30 18.64 18.23 19.22 17.81 15.61 14.85 15.87 14.48 11.64 13.32 13.60 10.88 9.70 10.84 11.88 9.82 11.52 12.51 11.18 10.86 11.43 7.53 6.61 7.52 5.61 0.00 5.72 7.54 6.02 6.04 9.28 10.74 11.10 12.12 14.86 15.34 15.45 17.70 19.16 19.27 19.21 21.13 22.29 22.79 23.49 25.47 23.88 22.09 21.99 22.74 19.10 17.66 16.48 16.21 14.51 13.63 14.91 12.34 11.74 12.47 12.27 10.33 9.41 13.11 12.90 13.04 12.39 15.55 14.40 15.99 16.41 17.15 15.21 15.63 16.32 15.71 15.53 15.73 16.57 15.50 17.43 17.51 17.52 17.55 21.07 21.71 20.06 21.27 25.66 25.87 23.22 26.38 28.41 
32.49 32.23 29.49 30.26 27.58 25.74 24.81 25.44 22.33 21.02 21.63 22.04 18.19 17.85 19.36 18.24 15.64 15.21 17.29 14.47 13.39 13.77 14.92 11.30 11.49 12.42 14.30 11.75 13.31 14.59 13.61 12.66 13.85 9.72 7.45 6.74 8.02 5.72 0.66 6.20 7.96 6.25 6.98 10.10 11.43 11.51 13.46 15.72 15.63 17.54 19.28 19.73 19.58 21.54 23.26 22.93 23.93 25.49 24.69 21.82 21.75 22.44 19.53 17.49 16.51 16.86 15.08 14.33 15.52 13.55 12.91 13.18 14.16 11.35 9.72 13.44 13.62 13.94 13.77 16.68 15.98 17.50 18.09 18.82 17.11 17.06 18.48 17.92 17.26 17.03 18.29 17.57 18.62 18.48 18.95 19.02 21.70 22.18 20.55 21.98 25.91 25.62 23.66 26.25 28.77 
32.53 31.42 28.50 29.65 27.47 25.21 23.91 24.04 21.55 20.00 20.53 20.90 17.67 17.15 18.14 17.62 14.52 14.55 15.54 13.17 10.70 14.21 13.68 9.36 11.09 13.38 14.18 12.35 15.26 16.63 15.41 14.17 14.70 11.73 10.05 7.83 6.72 7.54 6.20 0.31 5.93 7.57 6.67 7.14 10.31 11.63 12.43 14.36 16.30 17.12 18.23 18.86 19.95 20.98 22.30 22.99 23.40 24.58 23.86 21.68 21.55 22.19 18.87 17.55 17.49 17.24 13.96 14.71 16.05 13.90 12.09 14.81 15.15 12.72 12.68 15.57 15.98 16.36 15.75 19.01 17.71 18.24 18.46 20.20 18.26 17.67 18.83 18.81 17.92 17.68 18.79 17.72 18.51 18.69 19.00 18.32 21.49 22.44 20.63 21.42 25.51 25.79 23.25 26.16 28.18 
28.43 27.24 23.78 25.35 23.82 21.49 20.24 21.38 18.21 16.76 17.78 18.60 15.37 14.39 16.08 14.96 11.91 11.68 14.07 10.72 7.94 10.88 12.82 8.67 9.51 11.81 13.06 11.49 14.90 16.39 15.19 14.85 15.16 11.89 12.07 10.30 7.14 6.02 7.96 5.93 0.00 5.70 7.47 7.02 7.14 9.85 10.63 12.27 13.14 15.09 14.66 16.00 16.67 17.13 17.85 18.73 19.85 21.28 20.03 18.06 18.25 19.05 15.82 14.67 13.91 13.87 11.98 11.87 13.78 10.86 9.90 11.49 13.17 11.41 10.34 15.04 14.57 15.69 15.03 18.19 15.99 17.49 17.45 18.60 16.67 15.78 16.95 16.65 16.33 15.91 16.99 15.28 16.51 17.12 16.43 15.98 19.41 20.38 17.53 18.83 23.14 23.14 19.74 23.24 25.80 
27.07 25.93 23.26 24.65 22.28 20.00 19.54 20.21 17.39 16.13 17.58 17.55 13.89 13.87 15.78 13.88 11.84 11.96 13.61 12.83 9.18 11.54 13.56 10.97 10.06 11.52 14.52 12.96 15.31 17.09 16.62 15.53 16.64 12.85 12.19 11.98 9.47 6.04 6.25 7.57 5.70 0.00 5.42 7.51 6.59 6.83 9.38 11.25 9.92 11.79 13.94 13.97 13.93 15.82 16.98 17.92 18.74 20.57 19.49 16.68 16.07 18.00 15.61 12.76 10.92 12.74 11.29 8.99 11.25 10.24 8.70 9.82 12.41 10.02 8.83 13.54 15.43 15.69 15.73 18.91 17.50 18.85 19.15 19.38 17.40 16.87 17.52 16.43 16.31 15.63 16.54 14.83 16.62 15.94 16.37 15.78 19.13 19.35 17.77 18.81 22.44 22.87 20.00 23.29 25.67 
25.72 25.57 22.99 23.76 21.30 19.54 19.36 19.45 16.65 15.82 17.14 16.60 13.23 13.58 15.93 13.53 10.43 11.82 14.52 11.98 11.06 12.67 14.28 11.91 12.19 14.04 16.77 15.09 17.01 19.56 18.66 17.88 18.51 15.58 13.75 12.74 11.72 9.28 6.98 6.67 7.47 5.42 0.37 6.16 6.92 5.27 6.07 10.51 9.19 10.52 12.16 14.45 13.65 15.30 17.28 18.28 18.44 20.56 20.22 16.67 15.80 17.74 15.21 12.47 11.41 13.00 11.83 8.88 12.54 12.11 10.26 11.89 13.95 12.95 11.35 15.89 16.86 17.81 17.68 20.71 19.34 20.30 20.60 20.89 18.65 18.24 18.91 18.10 17.00 16.54 17.69 16.31 16.55 16.61 16.86 16.56 18.70 19.50 17.61 18.83 22.50 22.70 20.28 23.31 25.90 
25.38 23.79 21.52 22.72 20.10 17.53 17.57 17.94 15.13 14.53 15.97 15.63 11.89 11.80 14.00 12.01 7.41 10.17 13.24 9.10 7.39 12.31 13.77 9.67 11.69 14.93 17.38 15.39 18.91 20.79 20.64 19.20 20.01 16.25 15.62 14.25 12.10 10.74 10.10 7.14 7.02 7.51 6.16 0.71 6.37 7.44 6.64 7.83 11.36 11.71 11.83 13.54 14.72 14.45 15.75 17.42 17.55 18.93 18.79 16.16 15.82 17.31 13.68 12.38 12.05 13.76 9.51 10.89 12.82 11.76 10.57 13.58 14.90 13.24 14.18 18.04 18.52 18.96 19.44 21.83 20.02 20.98 21.02 21.60 18.99 18.51 19.52 18.15 16.97 16.61 17.64 15.62 16.20 16.31 16.51 15.16 18.31 19.21 17.35 18.37 21.79 22.49 19.63 23.11 25.37 
23.43 22.20 19.21 20.68 18.46 15.77 16.44 17.29 13.86 12.82 14.96 15.23 11.89 11.63 14.15 12.72 9.68 10.36 13.76 11.25 8.07 12.37 14.80 11.67 12.61 15.78 18.14 16.61 19.48 21.93 21.50 20.56 21.11 17.77 17.26 16.44 13.00 11.10 11.43 10.31 7.14 6.59 6.92 6.37 0.82 5.78 7.09 7.65 8.24 9.69 10.26 11.80 12.74 13.27 13.44 15.07 16.00 17.62 16.59 14.13 14.20 15.80 12.76 9.68 9.45 10.53 8.52 6.71 11.11 10.04 8.74 11.68 14.43 13.36 13.58 18.04 18.80 19.74 20.19 22.41 20.79 21.84 21.99 22.13 19.64 18.88 19.18 18.31 17.05 16.51 17.07 15.08 15.66 15.88 15.19 14.58 17.83 18.79 15.96 17.37 21.02 21.33 18.32 21.88 24.41 
22.55 20.84 18.28 20.12 17.61 15.30 15.97 17.40 13.53 12.89 14.69 15.56 10.50 12.19 14.04 13.12 10.75 11.99 14.06 14.03 11.52 13.94 16.58 14.71 14.42 17.13 20.09 18.46 20.81 23.03 22.88 21.83 22.44 19.16 18.33 17.66 15.32 12.12 11.51 11.63 9.85 6.83 5.27 7.44 5.78 0.00 5.27 7.65 5.14 6.32 9.15 10.68 10.25 12.64 13.95 15.34 15.31 17.82 17.54 15.01 13.97 16.02 13.24 10.12 7.66 11.23 8.62 5.32 10.12 11.65 10.46 12.42 15.33 14.78 15.13 19.06 20.26 21.13 21.12 23.57 21.71 22.92 22.60 22.81 20.17 19.63 19.52 18.42 17.58 17.17 17.46 15.68 16.49 15.85 15.76 14.77 17.56 18.06 16.33 16.97 20.22 21.52 17.96 21.01 23.67 
20.66 20.09 17.84 18.55 16.98 14.58 16.10 16.41 13.30 12.12 14.60 14.32 9.87 10.71 14.51 13.14 9.69 12.21 15.67 14.66 13.09 15.33 17.83 16.45 16.42 19.22 22.51 20.62 22.82 25.17 24.75 23.99 24.74 21.33 20.52 19.86 17.17 14.86 13.46 12.43 10.63 9.38 6.07 6.64 7.09 5.27 0.48 6.57 7.15 6.52 7.49 10.59 11.15 11.59 13.16 14.68 14.49 17.11 17.33 14.22 13.64 15.80 13.60 10.60 9.86 11.70 10.93 8.83 12.85 12.63 13.20 15.38 18.36 17.24 17.80 21.61 22.34 22.61 23.14 25.19 23.59 24.11 24.34 24.05 21.09 20.11 20.83 19.75 18.35 17.91 19.10 16.87 17.27 17.09 16.76 15.65 17.80 18.91 16.33 17.16 20.74 20.90 17.85 20.96 23.59 
20.04 18.31 16.72 17.07 15.42 12.67 14.35 14.81 10.85 9.58 11.94 13.70 9.03 9.19 12.64 12.85 9.04 11.37 15.53 14.56 12.80 16.26 18.22 16.32 16.87 19.81 22.73 21.14 24.00 26.07 25.76 25.10 25.55 22.04 21.22 20.88 18.07 15.34 15.72 14.36 12.27 11.25 10.51 7.83 7.65 7.65 6.57 0.69 6.83 7.92 7.66 8.69 11.14 11.36 11.86 14.53 14.35 16.09 15.48 13.98 13.08 15.81 11.20 10.23 9.04 11.54 9.07 10.04 12.79 12.66 12.80 16.25 18.16 16.64 18.47 22.34 22.72 23.17 23.13 26.00 23.46 24.86 24.32 24.54 21.12 20.82 21.09 19.59 18.12 17.80 18.59 16.35 17.01 16.58 15.96 14.50 17.74 18.16 15.99 16.96 19.87 20.96 17.38 20.50 23.11 
19.01 17.85 15.86 17.49 16.03 13.20 14.19 15.23 12.60 10.72 12.56 13.05 11.35 11.55 13.97 13.91 12.36 13.84 17.42 17.04 14.87 17.77 19.80 18.25 18.78 21.49 23.83 22.61 25.31 27.39 27.04 26.44 27.39 23.61 22.94 22.75 19.42 15.45 15.63 16.30 13.14 9.92 9.19 11.36 8.24 5.14 7.15 6.83 0.38 5.70 8.04 8.89 8.63 10.39 11.78 13.37 13.98 16.36 15.95 13.57 12.07 14.98 13.62 8.74 7.03 11.15 10.89 7.85 11.97 12.96 13.10 15.88 18.55 18.02 19.47 23.38 24.48 24.50 24.50 26.68 25.02 25.85 25.60 25.48 22.80 22.20 22.12 21.08 19.77 18.86 19.49 17.72 18.15 16.97 16.33 15.58 18.22 18.79 16.00 16.91 19.82 20.26 17.10 20.23 22.86 
18.38 16.57 14.70 16.17 15.29 11.68 13.09 15.28 11.01 10.98 11.64 13.41 8.76 11.26 14.07 13.86 12.05 14.05 17.92 17.57 15.77 18.14 20.69 19.36 19.69 22.02 24.96 23.47 26.29 28.11 27.93 27.40 28.01 24.83 24.18 23.92 20.72 17.70 17.54 17.12 15.09 11.79 10.52 11.71 9.69 6.32 6.52 7.92 5.70 0.54 7.06 8.46 7.47 10.00 11.30 13.24 12.64 16.07 15.85 14.20 12.68 16.10 12.65 10.35 8.93 12.82 11.02 8.91 12.07 14.50 14.20 16.85 19.69 19.33 20.88 24.11 25.00 25.61 25.00 27.55 25.21 26.60 25.79 25.94 22.63 22.37 22.35 21.09 19.74 19.85 19.97 17.94 18.29 17.84 16.78 15.40 17.95 17.93 15.93 16.40 19.05 19.98 16.51 19.42 22.37 
16.79 15.76 13.96 15.20 13.80 9.79 12.23 12.97 8.99 7.79 11.49 11.50 7.07 8.95 14.76 13.55 10.37 13.37 18.64 17.91 15.76 17.93 21.47 20.20 20.12 22.43 25.87 24.35 27.09 28.86 29.09 28.44 28.96 25.84 25.68 25.39 21.99 19.16 19.28 18.23 14.66 13.94 12.16 11.83 10.26 9.15 7.49 7.66 8.04 7.06 0.35 6.14 7.15 7.82 8.15 10.99 10.99 14.03 13.88 12.81 11.87 15.53 11.97 10.87 11.09 13.47 12.54 12.04 15.02 14.93 16.08 18.60 21.13 20.32 22.36 25.40 26.07 26.13 26.45 28.18 26.01 26.58 26.70 26.50 22.95 22.14 22.62 21.34 19.77 19.73 20.58 18.06 18.10 18.27 16.87 15.67 17.28 18.17 15.31 15.90 18.52 18.61 15.59 19.17 21.70 
16.91 15.74 14.48 14.69 13.36 10.81 11.43 13.71 9.49 7.93 10.59 12.68 9.28 10.55 14.26 14.30 12.31 14.85 19.22 18.21 16.65 18.70 21.73 20.33 20.63 22.06 25.70 24.46 27.08 29.16 28.87 28.86 29.18 26.18 25.28 25.32 22.01 19.27 19.73 18.86 16.00 13.97 14.45 13.54 11.80 10.68 10.59 8.69 8.89 8.46 6.14 1.02 6.92 8.20 7.88 10.25 10.37 13.50 12.67 11.40 10.07 13.93 10.89 9.39 8.94 12.20 11.72 12.15 14.29 14.91 15.78 18.85 20.80 20.03 22.29 25.77 25.74 26.09 25.85 28.41 25.53 26.68 26.40 26.20 22.54 22.12 21.98 20.58 19.25 19.24 19.44 16.85 17.41 17.11 15.92 14.47 17.00 17.13 14.53 15.36 17.69 18.51 14.88 18.15 21.38 
16.93 15.77 13.87 15.17 14.03 11.14 11.53 12.63 10.84 9.63 10.94 11.90 11.33 12.20 15.69 15.47 14.64 16.22 20.54 19.90 18.40 20.66 23.53 21.87 22.16 23.93 26.82 25.10 28.03 29.78 29.89 29.41 30.51 27.15 26.41 26.54 23.37 19.21 19.58 19.95 16.67 13.93 13.65 14.72 12.74 10.25 11.15 11.14 8.63 7.47 7.15 6.92 1.41 6.12 6.63 9.10 9.41 11.71 12.06 10.81 8.96 13.38 12.56 10.05 8.70 12.15 12.09 11.57 14.86 15.76 16.25 19.12 21.73 21.47 22.76 26.22 27.28 27.07 27.14 28.96 26.42 27.46 27.43 27.20 23.70 23.16 23.17 21.73 20.22 19.67 20.08 17.94 17.88 17.06 15.73 15.07 17.07 17.53 14.42 15.02 17.85 17.99 14.42 18.29 21.18 
17.63 15.76 14.04 14.64 13.60 10.15 11.48 13.18 10.12 10.27 11.79 13.46 10.59 12.70 16.97 17.04 15.05 16.85 21.73 21.46 19.04 21.83 24.70 23.26 23.16 25.62 28.23 26.81 29.09 31.24 31.01 30.61 31.29 28.62 27.97 27.52 24.01 21.13 21.54 20.98 17.13 15.82 15.30 14.45 13.27 12.64 11.59 11.36 10.39 10.00 7.82 8.20 6.12 1.59 5.46 9.00 7.81 11.33 11.50 10.90 10.15 14.11 11.89 11.13 11.88 14.87 13.43 13.66 16.78 17.69 18.07 20.43 23.25 23.04 24.36 27.52 28.04 28.51 27.88 30.09 27.54 28.39 28.01 27.80 24.13 23.65 23.79 22.68 20.64 20.59 20.63 18.49 18.10 17.98 16.36 15.19 17.11 17.11 14.52 15.21 17.71 18.38 15.28 18.21 21.33 
16.83 15.44 13.47 14.77 13.48 9.56 11.37 13.38 10.97 10.37 13.56 15.04 11.90 13.30 18.68 18.56 16.64 18.43 23.26 22.49 20.42 23.00 25.97 24.09 23.74 26.23 29.40 27.33 29.67 31.29 31.84 31.01 31.49 28.97 29.01 28.37 24.89 22.29 23.26 22.30 17.85 16.98 17.28 15.75 13.44 13.95 13.16 11.86 11.78 11.30 8.15 7.88 6.63 5.46 2.45 5.80 5.67 8.62 10.21 9.68 9.31 12.68 11.57 11.57 13.17 14.96 14.66 15.64 18.73 18.36 19.37 21.91 23.83 23.58 25.56 28.07 28.34 28.06 28.47 30.27 28.02 28.46 28.26 27.56 24.06 22.97 23.47 21.98 20.26 20.28 20.60 17.83 17.10 17.31 15.99 14.94 16.01 16.44 13.71 14.61 16.65 16.78 13.94 18.17 20.20 
17.71 16.28 14.54 15.25 14.38 12.00 12.56 14.70 12.62 11.84 13.99 16.68 14.71 15.40 18.80 18.99 18.08 19.43 23.51 22.96 21.59 23.78 26.17 24.35 23.98 26.33 28.83 27.76 29.32 32.08 31.76 31.22 31.18 29.01 28.60 28.60 24.87 22.79 22.93 22.99 18.73 17.92 18.28 17.42 15.07 15.34 14.68 14.53 13.37 13.24 10.99 10.25 9.10 9.00 5.80 2.24 5.40 8.76 9.14 8.78 9.57 13.36 11.41 11.86 12.96 14.96 14.70 15.76 18.47 18.59 19.66 21.91 23.98 23.42 25.01 28.30 28.10 28.27 28.01 30.27 27.07 28.07 27.58 27.09 23.43 22.57 22.50 21.17 19.57 19.16 18.96 16.38 16.54 16.62 15.00 13.93 15.96 16.08 12.46 13.96 15.78 16.90 13.62 16.85 20.22 
19.05 17.05 14.63 15.98 15.14 11.79 12.23 14.13 13.19 11.92 14.81 16.36 16.00 16.63 20.18 19.99 19.20 20.43 24.27 23.69 22.02 24.22 26.47 24.36 24.15 26.51 29.05 27.42 30.05 31.94 32.59 31.63 32.41 30.29 30.25 29.70 26.26 23.49 23.93 23.40 19.85 18.74 18.44 17.55 16.00 15.31 14.49 14.35 13.98 12.64 10.99 10.37 9.41 7.81 5.67 5.40 2.64 6.13 7.78 7.47 8.61 11.20 11.01 11.17 12.73 14.28 14.29 15.17 17.48 17.27 19.02 21.15 23.05 22.85 24.53 27.54 28.22 27.99 28.35 29.84 27.42 28.17 28.11 27.48 23.57 22.79 22.85 21.24 19.31 18.67 17.85 16.14 16.16 15.81 13.98 13.56 15.43 15.31 11.89 13.47 15.46 16.17 12.39 17.18 20.11 
20.67 19.56 17.25 17.85 17.63 14.92 14.84 17.00 15.67 15.30 17.02 18.89 18.20 18.27 21.75 22.15 20.78 21.30 25.15 25.41 23.76 26.09 28.11 26.59 26.31 28.35 30.79 29.21 31.43 33.35 33.11 32.09 33.29 31.44 30.96 30.17 27.08 25.47 25.49 24.58 21.28 20.57 20.56 18.93 17.62 17.82 17.11 16.09 16.36 16.07 14.03 13.50 11.71 11.33 8.62 8.76 6.13 2.14 7.09 8.73 7.53 10.24 11.33 12.15 13.24 14.45 15.73 16.93 18.78 18.81 20.48 22.52 24.46 24.51 26.09 28.75 29.21 29.57 29.07 30.65 28.41 28.90 28.64 28.11 24.41 23.33 23.63 21.96 20.16 19.49 19.12 17.32 16.99 17.32 15.47 14.99 16.42 16.31 13.68 15.49 16.83 17.73 14.91 18.75 21.70 
20.12 19.46 17.32 18.15 17.35 15.15 15.14 16.82 16.17 15.34 16.83 18.76 17.91 17.55 21.07 21.68 20.36 20.58 24.21 24.29 22.58 24.94 27.25 25.31 24.68 27.32 29.76 27.61 29.93 31.49 31.57 30.65 31.76 29.59 29.53 28.73 26.09 23.88 24.69 23.86 20.03 19.49 20.22 18.79 16.59 17.54 17.33 15.48 15.95 15.85 13.88 12.67 12.06 11.50 10.21 9.14 7.78 7.09 2.75 6.80 8.35 9.39 9.85 11.32 13.43 13.55 14.33 16.60 18.12 17.71 19.51 22.39 23.77 23.29 25.53 28.12 28.26 27.67 28.14 29.24 27.17 27.34 26.96 26.16 22.42 21.52 21.58 19.42 17.67 17.75 17.72 15.16 15.03 15.50 13.69 12.43 14.59 14.29 11.72 14.02 15.28 15.92 13.48 18.52 20.44 
19.95 18.90 17.24 17.83 16.59 14.65 14.64 16.42 14.94 13.82 15.69 17.38 16.43 16.34 19.54 19.28 18.10 19.06 22.49 22.29 20.40 23.04 25.38 23.14 22.81 25.24 27.55 25.90 28.34 30.20 30.26 29.28 30.33 27.81 27.66 27.35 24.38 22.09 21.82 21.68 18.06 16.68 16.67 16.16 14.13 15.01 14.22 13.98 13.57 14.20 12.81 11.40 10.81 10.90 9.68 8.78 7.47 8.73 6.80 0.50 6.15 8.73 6.65 7.55 10.35 11.48 11.04 12.96 15.38 15.12 16.86 19.23 21.95 20.96 22.92 26.38 26.36 26.21 25.98 27.61 24.97 25.62 25.14 23.93 20.41 19.72 19.62 17.46 16.31 16.30 16.14 13.26 13.65 14.07 11.56 10.24 12.90 13.47 10.00 12.29 14.30 15.99 13.31 16.99 20.19 
21.48 20.24 18.08 19.37 17.68 15.23 15.51 16.43 15.36 14.34 16.77 17.37 16.88 17.65 20.59 19.32 18.59 19.70 23.34 22.85 21.40 23.53 26.15 24.02 23.60 25.55 27.86 26.17 28.68 30.31 30.41 29.93 30.74 28.53 28.53 28.25 25.19 21.99 21.75 21.55 18.25 16.07 15.80 15.82 14.20 13.97 13.64 13.08 12.07 12.68 11.87 10.07 8.96 10.15 9.31 9.57 8.61 7.53 8.35 6.15 1.66 6.62 7.65 6.73 8.44 10.98 11.56 11.64 14.09 15.40 16.73 18.69 20.57 21.13 22.71 25.30 26.70 26.15 26.38 27.68 25.30 25.73 25.32 24.90 21.30 19.84 19.58 18.31 16.83 15.87 15.81 14.20 14.18 13.32 12.23 11.42 13.23 13.83 11.87 13.77 14.98 16.68 14.37 19.19 21.05 
23.40 22.37 20.51 21.39 20.34 18.19 17.35 19.15 18.17 16.69 18.02 19.62 18.59 18.68 21.07 20.87 19.61 20.24 23.75 23.85 22.35 24.64 27.03 25.23 24.75 26.60 28.62 27.23 29.07 30.56 30.13 29.69 30.84 28.53 27.98 27.72 24.83 22.74 22.44 22.19 19.05 18.00 17.74 17.31 15.80 16.02 15.80 15.81 14.98 16.10 15.53 13.93 13.38 14.11 12.68 13.36 11.20 10.24 9.39 8.73 6.62 2.60 6.80 8.46 8.33 9.58 11.52 13.31 14.07 14.84 16.90 18.21 20.60 21.10 22.88 25.20 26.09 26.81 26.10 27.32 25.12 25.89 25.42 24.98 21.17 20.11 20.44 19.03 16.77 16.72 16.62 14.26 14.28 14.86 13.01 12.46 14.41 15.29 13.57 15.66 17.01 18.86 16.81 20.88 22.83 
22.37 21.49 19.45 20.32 18.81 16.37 16.05 17.51 16.89 14.72 16.20 17.91 16.74 15.69 18.34 18.56 17.03 17.22 21.13 21.00 18.79 21.59 24.33 22.09 21.02 23.49 26.04 23.76 25.88 27.41 27.28 26.72 27.79 25.23 24.67 24.34 21.49 19.10 19.53 18.87 15.82 15.61 15.21 13.68 12.76 13.24 13.60 11.20 13.62 12.65 11.97 10.89 12.56 11.89 11.57 11.41 11.01 11.33 9.85 6.65 7.65 6.80 2.16 5.74 7.93 6.82 7.25 10.00 12.07 11.27 13.02 16.79 17.74 17.45 20.03 22.60 23.20 23.04 23.29 24.20 22.12 22.64 22.29 21.12 17.35 17.06 17.39 14.58 13.39 13.41 13.05 9.00 11.16 11.74 9.47 8.48 12.75 13.07 10.70 13.37 15.45 16.95 14.83 19.60 21.27 
22.50 21.28 19.59 20.49 18.63 16.35 16.01 17.64 16.27 14.39 15.89 17.01 15.61 15.15 17.59 17.03 15.45 15.99 19.47 19.06 17.44 19.47 22.26 20.25 19.65 21.87 24.09 22.79 24.95 26.64 26.28 25.98 26.92 24.30 23.58 23.40 20.63 17.66 17.49 17.55 14.67 12.76 12.47 12.38 9.68 10.12 10.60 10.23 8.74 10.35 10.87 9.39 10.05 11.13 11.57 11.86 11.17 12.15 11.32 7.55 6.73 8.46 5.74 0.51 5.61 7.70 5.92 6.63 9.82 10.68 11.01 13.72 16.87 15.99 17.30 20.95 21.43 21.67 21.47 23.14 20.53 21.33 21.39 20.12 17.23 16.29 16.91 14.83 13.67 13.00 13.32 10.15 11.06 11.33 10.29 8.23 12.48 13.97 12.09 14.35 16.38 18.93 16.51 19.73 21.78 
