1.05 4.76 5.94 6.69 9.18 10.64 11.29 10.82 11.62 13.90 14.84 15.08 17.08 19.37 19.72 20.33 21.93 23.70 24.78 25.97 27.18 29.15 31.39 32.52 31.90 30.63 29.48 29.78 27.33 24.69 23.51 24.03 22.75 20.53 19.29 20.73 20.57 19.34 17.61 18.82 18.72 17.86 16.09 17.04 17.69 16.61 16.21 17.86 18.25 18.01 19.26 21.14 20.78 21.78 24.56 26.08 25.06 26.31 29.06 28.68 27.30 28.64 31.25 29.56 28.94 30.40 32.25 30.28 29.67 31.68 32.67 29.90 29.03 28.78 28.61 26.84 25.60 25.58 24.53 23.51 22.41 21.97 20.39 19.50 18.82 18.59 17.58 17.30 17.46 17.85 17.57 18.66 19.59 20.16 21.30 23.01 22.92 21.85 22.22 22.94 23.61 21.58 21.26 20.95 21.49 20.45 19.60 19.81 20.32 19.59 19.32 20.83 21.21 20.84 21.51 23.02 24.18 24.06 23.09 23.16 23.37 22.10 21.86 22.17 22.49 22.09 22.63 23.89 23.89 23.95 26.04 26.98 26.61 27.38 29.46 28.80 28.02 28.66 30.75 29.25 31.83 
4.76 1.35 5.06 5.76 7.45 9.19 10.39 10.78 11.59 13.53 14.14 14.54 17.21 19.37 19.93 20.22 22.22 23.97 25.57 25.94 27.43 29.39 31.48 32.10 32.10 30.70 29.59 29.62 27.66 24.90 23.75 24.28 23.22 20.26 19.26 20.85 20.73 19.27 16.99 18.76 18.78 17.20 15.30 16.78 17.54 15.74 15.82 17.74 18.30 17.93 19.57 21.84 21.28 21.52 25.28 26.84 25.58 26.34 30.19 29.42 27.58 28.93 32.14 30.09 29.10 31.10 33.31 30.85 30.53 32.62 34.24 30.48 30.01 29.31 30.16 27.15 26.15 25.92 25.65 23.73 22.61 22.07 20.96 19.50 19.03 18.74 17.87 17.26 17.53 18.02 18.11 18.83 19.49 19.64 21.41 23.00 23.07 21.33 22.12 22.77 23.43 21.18 20.79 20.54 21.50 20.05 19.29 19.46 20.14 18.99 19.40 20.91 21.51 20.62 22.02 23.14 24.78 24.24 23.45 23.43 24.20 22.31 22.14 22.44 22.88 21.72 22.59 24.12 24.64 23.71 26.01 27.48 28.15 27.48 29.69 29.59 27.73 29.94 30.99 30.48 34.00 
5.94 5.06 0.41 3.51 5.70 7.28 7.73 8.60 10.14 11.44 11.48 12.81 15.56 17.63 17.96 18.79 21.02 22.69 23.92 24.85 26.39 27.80 29.03 29.96 30.64 29.30 27.06 27.36 25.80 23.20 21.95 22.54 20.93 18.56 17.46 18.87 18.71 17.10 15.13 16.30 16.41 14.89 12.65 13.91 15.23 13.70 13.62 15.98 16.51 16.40 18.42 21.05 20.18 20.48 23.95 26.18 24.82 25.78 29.07 28.43 26.94 28.34 31.32 29.06 28.84 30.55 32.53 29.97 30.19 32.21 33.25 29.30 28.64 28.18 28.48 25.65 23.87 24.15 24.19 22.52 20.57 20.58 19.62 18.18 17.61 18.16 17.27 16.41 16.23 17.34 17.89 18.26 18.31 18.91 20.66 22.01 21.82 20.32 20.95 21.23 21.68 19.32 19.52 19.17 19.74 18.73 17.92 18.04 18.41 17.56 18.36 19.91 19.51 19.29 20.81 22.28 23.38 23.41 22.64 22.73 23.33 21.52 21.10 21.69 22.24 21.27 21.69 23.09 23.60 23.15 24.57 25.79 26.68 26.65 28.08 28.03 26.05 27.73 29.86 28.93 32.67 
6.69 5.76 3.51 0.00 4.40 6.37 6.25 7.32 8.99 11.11 11.17 11.45 14.01 15.51 16.25 17.52 20.27 21.37 22.46 23.97 25.79 26.67 27.65 29.26 29.79 28.28 26.12 27.16 25.09 22.74 21.34 21.98 20.45 18.30 17.22 18.17 18.48 17.29 14.82 15.31 16.01 14.42 11.93 12.76 14.66 13.01 13.01 14.98 16.34 15.50 17.47 19.93 19.64 19.80 22.65 24.76 24.11 24.95 27.54 27.57 25.97 27.51 29.63 28.45 27.64 29.70 31.08 29.19 29.31 31.46 32.02 28.59 28.50 27.58 27.61 24.94 23.61 23.56 23.32 22.33 20.62 20.23 18.89 17.91 17.46 17.49 16.52 15.10 16.03 16.50 16.53 16.79 17.83 17.98 19.26 20.72 21.28 19.49 20.01 20.19 20.92 18.04 18.36 17.58 18.96 17.02 16.84 16.42 17.74 16.57 17.24 18.32 19.14 18.19 19.64 20.82 22.40 22.01 21.21 21.31 22.02 20.42 19.89 20.00 21.01 20.52 20.55 21.96 22.68 22.65 24.02 25.53 26.61 26.44 27.89 27.37 25.70 27.50 30.92 29.41 36.28 
9.18 7.45 5.70 4.40 0.76 5.34 6.85 5.87 7.52 9.38 10.64 10.18 11.69 14.13 14.69 15.43 16.75 19.43 20.71 22.19 23.48 25.59 27.33 28.84 28.63 27.09 25.75 26.34 24.64 21.46 20.18 20.62 19.61 16.84 16.19 17.56 17.73 16.37 14.84 16.13 16.28 14.97 13.18 14.06 14.69 12.64 12.51 14.02 14.47 13.62 15.13 17.11 17.06 17.53 20.74 22.68 21.83 22.90 26.28 26.00 24.45 25.63 28.90 26.89 25.60 27.58 29.89 26.84 26.12 28.53 30.02 25.58 25.89 25.49 26.19 22.97 22.32 22.18 21.51 20.39 19.71 19.19 17.27 16.16 16.13 15.95 14.61 13.77 14.94 15.14 14.53 15.77 17.05 17.34 18.37 20.80 20.70 18.72 19.30 20.16 20.78 17.57 17.46 16.98 18.17 16.50 15.85 15.70 16.86 15.28 15.17 16.86 17.42 16.69 17.38 18.92 20.97 20.82 19.09 19.10 20.20 18.32 18.18 18.19 18.84 18.27 18.58 20.25 20.65 20.31 21.98 23.68 23.99 24.72 26.59 26.99 27.46 27.50 28.64 27.86 27.85 
10.64 9.19 7.28 6.37 5.34 0.75 6.04 7.22 6.41 8.66 9.82 10.66 12.20 13.97 14.39 15.94 17.14 19.73 21.01 22.37 23.78 26.17 27.65 28.88 28.87 27.63 25.89 26.51 25.05 21.92 20.42 21.26 20.50 16.82 16.55 18.57 18.57 17.34 15.11 17.46 17.24 15.73 13.88 14.86 15.40 12.90 12.61 15.09 14.91 14.52 15.36 17.88 17.17 17.95 21.22 23.46 22.20 23.60 27.08 26.98 24.74 26.60 29.59 27.70 26.07 28.38 30.55 27.50 26.96 29.37 30.93 26.30 26.81 26.31 27.45 24.04 23.08 23.90 23.00 21.76 20.55 20.53 18.69 17.47 17.25 17.23 15.70 14.95 15.91 16.29 15.97 16.99 18.23 18.24 19.70 22.10 22.05 19.91 20.04 20.86 21.45 18.49 18.13 17.47 18.46 17.18 16.33 16.25 16.51 15.74 15.98 17.56 16.91 16.61 18.13 19.76 21.60 22.16 20.22 20.68 21.18 19.17 19.12 19.60 19.89 19.22 19.42 21.84 22.04 21.12 22.41 25.06 26.14 26.18 27.46 27.66 27.62 28.23 29.35 29.52 31.67 
11.29 10.39 7.73 6.25 6.85 6.04 1.24 5.50 6.75 6.87 6.99 8.85 11.63 12.28 12.51 14.42 16.45 17.77 18.77 21.03 22.66 24.41 25.62 27.09 27.82 26.50 24.38 25.17 24.13 20.91 19.48 20.63 19.66 16.38 16.16 17.97 17.66 16.73 14.66 16.63 16.69 15.67 13.07 13.80 14.66 11.82 11.36 13.47 14.66 12.69 14.53 17.03 16.26 16.56 20.60 22.47 21.58 22.77 26.68 25.72 23.99 25.79 29.17 26.50 25.27 27.66 29.85 26.58 26.27 28.60 30.38 25.41 26.18 25.46 26.69 23.11 22.04 22.31 22.47 20.93 19.46 19.49 17.94 16.00 16.10 16.57 15.51 13.66 14.44 15.44 15.96 16.42 17.17 17.65 19.33 21.46 21.55 19.34 19.94 20.17 20.95 17.68 18.03 17.26 18.63 16.80 16.33 16.00 16.70 15.57 15.95 17.38 16.96 16.23 17.51 19.03 20.89 21.43 19.55 19.89 21.06 18.67 18.63 19.39 20.15 18.88 19.30 21.36 21.95 20.82 21.79 23.79 25.34 25.34 26.18 27.70 27.80 27.31 27.89 28.56 30.49 
10.82 10.78 8.60 7.32 5.87 7.22 5.50 0.00 4.97 7.61 6.56 6.42 9.13 10.72 11.57 12.12 14.03 14.88 15.72 17.73 19.67 21.01 22.22 24.43 24.78 23.28 21.02 21.92 20.74 17.58 16.24 17.26 16.37 13.38 13.17 14.94 15.25 14.73 12.70 15.12 14.72 13.94 10.82 11.88 12.06 9.18 8.48 11.50 11.86 9.63 11.64 14.58 13.78 14.22 17.72 20.01 18.72 20.28 23.51 23.44 20.88 23.44 25.88 24.16 22.28 25.23 26.88 24.13 23.60 26.50 27.63 22.90 23.88 22.70 23.59 20.13 19.86 19.84 19.33 17.70 17.65 16.97 15.18 13.84 14.29 14.56 12.84 11.92 12.90 13.99 13.65 14.61 15.50 15.87 16.99 19.58 19.55 17.72 17.89 18.46 19.03 15.50 15.65 15.03 16.48 14.12 13.60 13.89 14.89 13.15 13.35 15.45 15.54 14.10 15.08 16.59 18.78 18.94 16.75 17.31 18.13 15.98 15.81 16.30 17.22 16.63 16.45 18.96 19.40 18.60 19.24 22.18 23.81 23.25 24.00 24.86 24.90 25.34 26.00 26.63 30.94 
11.62 11.59 10.14 8.99 7.52 6.41 6.75 4.97 0.00 5.10 6.69 5.37 7.04 8.24 9.87 9.86 11.47 13.87 14.77 15.90 17.35 20.02 22.06 23.37 23.76 22.21 20.64 21.09 20.07 17.08 16.45 16.95 15.96 13.44 13.52 14.85 15.06 14.75 13.33 15.23 15.10 14.16 11.94 12.64 12.76 10.15 9.97 11.36 12.07 10.34 11.54 13.84 12.77 13.76 16.63 18.56 17.77 18.42 21.77 21.27 19.45 20.86 23.79 21.93 20.64 23.13 25.33 22.67 22.05 24.82 26.03 21.67 23.43 21.80 22.17 19.05 18.83 18.56 17.34 15.96 15.75 15.66 13.25 12.75 13.04 12.94 11.38 11.77 12.78 13.28 13.12 14.83 16.00 16.24 17.31 20.27 20.02 17.85 18.39 19.21 19.56 15.29 15.42 15.17 16.19 13.07 13.05 13.41 14.21 11.38 12.17 14.04 14.01 11.74 13.74 15.33 17.34 17.57 15.57 16.00 16.82 14.37 14.52 14.51 15.57 14.81 14.85 17.32 18.20 17.38 18.32 20.75 22.24 21.31 22.53 23.91 25.42 24.56 25.09 25.71 26.56 
13.90 13.53 11.44 11.11 9.38 8.66 6.87 7.61 5.10 0.10 6.01 7.30 6.70 7.64 9.59 10.88 12.06 13.11 14.95 15.61 17.32 19.51 21.82 23.37 23.74 22.54 20.84 21.16 20.19 17.19 16.75 17.45 15.97 12.86 14.03 15.77 15.25 15.65 14.77 16.31 16.27 16.04 13.58 14.27 13.94 11.91 10.84 12.83 12.79 11.42 12.36 14.63 13.68 13.99 17.02 18.96 18.18 19.10 22.27 22.14 19.80 21.87 24.58 22.87 20.91 23.92 25.97 23.34 22.52 25.23 26.44 22.38 23.81 22.17 22.82 19.67 18.79 18.57 17.94 16.57 15.77 16.19 14.43 14.07 13.79 14.18 12.67 13.35 14.19 15.16 15.61 16.98 17.91 18.50 19.88 22.56 22.19 20.21 20.61 21.02 21.36 17.85 17.67 16.63 17.36 14.78 14.13 13.98 14.05 12.09 12.83 14.18 12.59 11.01 13.79 15.69 17.06 17.97 16.65 17.82 18.14 16.01 16.20 16.74 17.13 16.41 16.39 19.18 19.67 18.43 19.24 21.98 23.70 22.40 23.50 24.83 25.48 25.80 26.00 26.62 28.04 
14.84 14.14 11.48 11.17 10.64 9.82 6.99 6.56 6.69 6.01 0.00 5.36 7.47 6.56 6.93 8.76 10.81 11.21 11.73 14.21 15.61 16.76 18.44 21.17 21.86 20.42 18.59 19.47 18.21 14.53 14.30 16.09 13.86 10.53 11.99 14.52 13.90 13.87 13.20 15.62 15.20 14.86 12.23 12.92 13.50 10.54 9.51 11.83 11.93 8.86 10.40 13.50 12.37 11.94 15.22 17.75 16.61 17.67 21.16 20.37 18.16 20.23 23.57 20.95 19.27 22.19 24.62 21.56 20.73 23.27 24.79 20.75 22.10 20.57 21.79 18.84 17.66 17.37 17.32 16.15 15.01 15.09 14.10 12.55 12.75 12.90 12.54 12.24 12.94 14.37 15.61 16.44 17.29 18.06 19.61 21.97 21.63 19.71 20.15 20.26 20.45 17.22 17.10 16.22 17.05 15.13 13.82 13.70 14.60 12.84 12.65 14.22 13.86 11.92 13.05 14.87 16.74 17.48 15.73 16.83 17.74 15.39 15.41 16.38 16.97 15.80 15.88 18.41 18.93 17.73 18.12 21.03 22.85 21.45 22.33 24.00 24.96 24.56 25.40 25.75 27.11 
15.08 14.54 12.81 11.45 10.18 10.66 8.85 6.42 5.37 7.30 5.36 0.00 5.32 7.38 6.08 6.61 9.11 9.93 10.91 11.82 13.94 14.47 16.65 18.73 19.68 17.82 16.25 17.41 16.22 13.14 12.61 13.90 12.72 10.38 10.92 13.39 13.58 14.30 13.85 15.96 15.90 15.28 12.60 13.11 12.45 9.56 8.03 10.60 9.70 5.22 7.41 11.31 9.97 8.65 13.20 15.47 14.75 15.55 18.97 18.35 16.54 18.43 21.26 19.18 17.48 20.24 22.50 19.55 19.29 22.04 23.31 19.08 20.62 18.93 20.05 16.76 16.11 16.45 15.51 13.54 13.05 14.01 10.60 11.10 10.86 12.05 10.03 11.27 12.05 13.49 14.49 16.06 16.83 17.30 18.74 21.15 21.00 18.96 19.28 19.59 19.80 16.42 16.42 15.44 16.78 13.92 12.89 13.20 14.09 11.54 11.35 13.51 13.48 11.24 12.36 14.00 15.92 16.32 14.55 15.57 16.03 13.97 14.06 15.16 15.58 14.94 14.43 17.29 17.52 16.32 16.95 20.01 21.80 20.72 21.32 22.72 22.68 23.94 24.16 25.40 26.01 
17.08 17.21 15.56 14.01 11.69 12.20 11.63 9.13 7.04 6.70 7.47 5.32 0.00 5.60 7.07 5.87 6.47 9.01 10.11 10.91 11.95 14.39 16.55 18.24 18.62 17.70 16.46 17.35 16.26 13.01 13.10 14.23 13.31 10.84 12.27 13.78 14.16 14.82 15.14 17.59 17.34 16.27 14.03 14.80 14.09 11.53 10.96 12.19 11.79 9.00 9.73 12.41 11.86 11.66 14.28 16.39 15.45 16.24 18.78 18.72 17.28 18.64 20.65 19.15 17.94 20.25 21.98 19.50 19.21 21.81 22.94 18.83 20.24 18.55 18.53 15.54 15.80 14.92 13.69 10.84 12.27 11.27 7.93 8.28 10.97 10.10 9.04 11.23 13.49 14.22 15.02 17.05 18.12 18.59 20.01 22.70 22.28 20.34 20.60 21.09 21.33 17.46 17.57 17.05 17.60 14.04 13.52 14.23 14.29 10.06 11.22 13.42 13.00 9.34 11.71 13.70 15.15 15.83 14.59 15.86 16.54 14.44 14.69 15.64 16.31 15.69 15.28 17.55 18.18 17.19 17.86 20.99 22.11 21.39 22.17 23.63 24.30 24.86 25.38 25.92 25.45 
19.37 19.37 17.63 15.51 14.13 13.97 12.28 10.72 8.24 7.64 6.56 7.38 5.60 0.00 5.51 6.97 6.30 7.31 9.18 10.42 11.68 13.33 16.05 17.64 18.26 17.44 16.27 17.42 16.25 12.49 12.96 14.10 12.58 10.08 12.82 14.57 14.72 15.80 16.66 19.02 19.05 18.12 15.35 16.26 15.83 13.36 11.31 13.54 12.70 10.93 10.45 13.24 12.06 12.15 14.13 16.30 15.50 16.18 18.83 18.97 17.43 18.87 21.06 19.48 17.71 20.65 22.28 19.89 19.38 21.99 22.96 18.88 20.21 18.27 18.91 16.07 15.41 15.61 14.68 12.71 12.33 13.73 11.23 11.68 11.89 13.16 12.66 13.74 15.10 16.35 17.26 18.80 19.43 19.94 21.73 24.34 23.58 22.05 21.93 22.53 22.40 19.32 19.04 18.39 18.75 16.07 15.23 15.51 15.43 12.54 12.28 14.41 13.33 10.06 12.13 14.58 16.25 16.68 15.23 16.94 17.99 15.80 15.69 16.88 17.46 16.91 16.12 18.77 19.37 17.85 18.40 21.87 23.41 21.98 22.93 24.72 24.87 25.61 25.99 26.84 26.52 
19.72 19.93 17.96 16.25 14.69 14.39 12.51 11.57 9.87 9.59 6.93 6.08 7.07 5.51 0.00 5.41 7.08 6.47 7.04 8.93 10.44 11.11 13.59 15.62 16.01 14.66 13.26 15.13 13.78 9.66 10.38 13.26 11.69 9.15 11.63 15.09 15.54 16.76 16.72 19.16 19.40 18.24 14.91 15.62 15.54 12.40 9.27 11.77 12.29 8.68 8.24 11.52 10.63 9.65 11.70 14.46 13.51 13.92 17.57 17.24 14.99 17.00 20.19 17.49 15.84 19.12 21.25 18.11 17.31 20.16 21.43 16.60 17.77 16.52 17.63 14.80 14.09 14.13 13.95 12.21 11.87 12.29 11.33 10.89 11.25 11.87 12.64 13.83 14.76 16.09 17.52 18.50 19.40 20.03 21.72 24.03 23.61 21.47 22.16 22.48 22.24 18.99 18.82 18.03 18.57 16.37 14.96 14.73 15.79 13.30 12.68 14.19 14.54 11.82 12.48 14.31 16.41 16.67 14.94 16.50 17.84 15.52 15.07 16.35 17.11 16.10 15.50 18.16 18.80 17.51 17.76 21.04 22.47 21.00 21.78 23.21 23.90 24.57 25.22 25.85 26.25 
20.33 20.22 18.79 17.52 15.43 15.94 14.42 12.12 9.86 10.88 8.76 6.61 5.87 6.97 5.41 0.00 5.54 7.02 6.19 6.75 9.01 10.30 12.61 14.93 15.29 14.80 13.37 15.03 13.75 10.74 10.96 12.94 12.38 10.76 12.57 14.94 16.44 17.91 18.05 20.08 20.20 19.52 16.80 16.81 16.21 13.74 11.90 13.21 12.08 8.96 8.86 11.83 9.96 8.65 11.59 14.08 12.17 12.64 16.15 15.92 13.84 15.82 18.14 16.39 14.62 17.79 19.55 16.98 16.37 19.58 20.66 16.05 17.54 16.11 17.26 13.87 13.12 14.15 12.84 10.60 10.12 11.13 8.59 10.01 10.39 10.32 11.16 13.19 14.38 15.21 16.71 17.94 19.17 19.81 21.22 23.82 23.25 21.40 21.82 22.44 22.24 18.87 18.74 18.00 18.42 16.23 15.32 15.37 15.71 12.86 12.77 14.57 14.35 12.00 12.97 14.56 16.23 16.42 14.99 16.17 17.32 14.78 14.68 16.09 16.72 15.63 15.24 18.01 18.73 16.89 17.38 20.30 22.21 20.56 21.29 22.35 22.95 24.16 24.22 25.47 26.47 
21.93 22.22 21.02 20.27 16.75 17.14 16.45 14.03 11.47 12.06 10.81 9.11 6.47 6.30 7.08 5.54 0.09 5.76 7.06 6.36 7.00 9.12 12.67 13.65 14.66 14.29 13.75 15.21 13.91 10.85 12.39 14.00 12.82 11.49 13.95 15.98 17.10 18.36 18.99 21.43 21.59 20.69 18.23 18.38 17.16 14.92 14.04 14.67 13.31 11.15 11.34 13.17 11.41 11.10 12.57 14.26 12.83 12.98 15.02 15.18 14.16 15.24 16.70 15.66 14.80 16.71 18.17 16.08 15.85 18.55 19.58 15.34 16.94 15.18 15.80 12.31 12.62 12.01 10.55 8.15 9.55 9.89 7.41 8.90 10.74 11.64 11.53 13.46 15.07 16.40 17.29 18.79 20.02 20.43 21.94 24.21 24.38 22.33 22.75 23.03 23.13 19.77 19.21 18.82 18.89 16.57 15.76 16.07 15.69 12.86 12.73 14.99 14.24 11.28 12.81 14.77 16.33 16.82 15.43 16.93 18.17 15.96 15.81 17.04 17.70 16.61 16.62 18.56 18.88 17.56 18.11 21.22 22.72 20.96 21.74 22.35 24.06 24.44 25.00 26.33 27.44 
23.70 23.97 22.69 21.37 19.43 19.73 17.77 14.88 13.87 13.11 11.21 9.93 9.01 7.31 6.47 7.02 5.76 0.00 5.69 6.84 6.24 7.22 10.96 12.57 13.38 13.33 12.64 14.25 12.90 9.77 11.43 13.72 12.28 10.98 14.67 17.15 17.75 19.03 20.57 22.81 22.97 22.11 19.20 19.26 19.32 16.37 14.43 15.21 14.77 12.46 11.38 13.47 12.37 11.69 12.24 14.14 13.15 12.97 14.74 15.30 14.47 15.74 17.92 16.47 15.21 17.79 19.33 16.89 16.49 18.84 20.49 16.22 17.66 15.85 17.16 14.16 13.19 13.31 12.68 11.29 11.20 12.61 11.39 12.17 12.68 14.07 14.47 15.52 16.64 17.82 19.39 20.26 21.12 21.83 23.56 25.95 25.64 24.08 24.10 24.46 24.49 21.23 20.71 20.00 20.50 18.46 17.59 17.48 17.96 15.80 15.32 16.66 16.62 13.62 14.71 16.43 18.44 18.47 17.22 18.06 19.55 17.25 17.25 18.04 18.76 17.83 17.64 19.88 20.46 18.66 19.16 21.98 23.80 21.81 22.75 23.86 24.48 25.79 25.64 27.44 28.61 
24.78 25.57 23.92 22.46 20.71 21.01 18.77 15.72 14.77 14.95 11.73 10.91 10.11 9.18 7.04 6.19 7.06 5.69 0.66 5.96 6.87 6.49 9.02 10.84 11.76 11.69 10.70 13.62 12.29 9.07 10.65 14.17 13.55 12.32 15.74 18.63 19.07 20.62 21.49 23.69 23.85 22.63 19.87 19.89 20.13 16.84 14.24 15.25 14.78 12.32 10.48 13.26 12.32 10.84 10.95 13.90 12.20 11.65 14.73 15.45 13.31 15.39 18.48 16.45 14.78 18.08 20.14 17.04 16.13 19.30 20.76 16.18 17.17 16.05 17.39 14.35 13.45 13.31 13.34 12.04 12.07 12.29 12.42 12.44 12.86 13.55 15.67 16.57 17.52 19.06 20.50 21.27 22.12 22.91 24.62 26.82 26.64 24.76 25.11 25.76 25.35 22.25 21.54 20.88 21.21 19.38 18.09 17.76 18.32 16.64 16.08 17.51 17.68 15.23 16.05 17.65 19.39 19.74 17.76 18.85 20.22 18.03 17.65 18.73 19.20 18.22 18.03 20.51 20.81 19.52 19.71 22.76 24.24 22.55 23.11 24.32 25.40 25.82 26.81 27.48 28.60 
25.97 25.94 24.85 23.97 22.19 22.37 21.03 17.73 15.90 15.61 14.21 11.82 10.91 10.42 8.93 6.75 6.36 6.84 5.96 0.00 5.88 7.07 8.23 9.55 10.75 11.31 11.46 12.84 12.80 10.64 11.86 14.52 14.37 14.27 16.59 18.80 20.00 21.62 22.12 24.36 24.57 23.95 21.25 21.52 20.85 17.75 15.95 16.68 15.68 13.35 12.51 14.63 12.93 10.96 12.22 13.76 11.26 10.67 14.41 14.58 13.19 14.35 17.81 15.94 14.57 17.63 19.94 17.26 16.86 19.78 21.44 16.62 17.89 16.76 17.74 14.00 13.14 13.54 11.76 10.94 10.54 10.09 9.91 11.79 11.72 11.65 13.57 15.96 17.39 18.40 19.77 21.16 22.44 23.23 24.81 27.25 27.19 25.45 25.53 25.78 25.91 22.56 22.17 21.21 21.35 19.66 18.79 18.51 18.67 16.75 16.52 18.17 18.32 15.75 16.96 18.35 20.14 19.82 18.12 18.98 20.72 18.26 17.80 18.97 19.56 18.75 18.45 21.27 21.72 19.94 20.12 22.91 24.70 23.22 23.48 24.59 25.37 26.36 26.18 27.65 29.64 
27.18 27.43 26.39 25.79 23.48 23.78 22.66 19.67 17.35 17.32 15.61 13.94 11.95 11.68 10.44 9.01 7.00 6.24 6.87 5.88 0.35 5.55 7.55 7.66 8.79 10.06 10.22 12.52 11.59 10.48 12.04 14.87 14.43 14.86 17.12 20.07 21.36 22.70 22.82 25.14 26.20 25.05 22.47 22.26 22.17 18.63 16.82 17.40 16.49 14.23 13.61 15.32 13.64 12.46 12.94 14.08 12.39 12.37 14.49 15.09 14.22 15.92 17.57 16.47 15.67 18.10 19.52 17.77 17.67 20.54 21.39 17.44 18.42 17.30 17.45 14.38 13.99 13.67 11.95 10.94 12.15 12.16 10.52 11.74 13.27 14.03 14.78 17.07 19.15 19.81 20.37 22.29 23.87 24.44 25.95 28.36 28.84 26.65 26.54 27.15 26.94 23.76 22.75 22.19 22.06 20.42 19.42 19.31 19.44 17.55 17.23 18.91 18.77 16.59 17.82 19.27 21.15 20.98 19.36 20.38 22.08 19.83 19.07 20.06 20.49 19.84 19.86 22.39 22.74 21.33 21.57 24.55 25.54 24.20 24.68 26.12 28.44 27.14 27.83 28.69 30.95 
29.15 29.39 27.80 26.67 25.59 26.17 24.41 21.01 20.02 19.51 16.76 14.47 14.39 13.33 11.11 10.30 9.12 7.22 6.49 7.07 5.55 0.00 6.09 7.03 8.08 9.47 9.88 11.91 11.81 10.72 12.13 15.29 14.76 15.10 18.37 21.30 22.53 23.96 24.30 27.15 27.42 26.75 23.13 23.54 23.04 20.25 17.60 17.96 17.51 15.37 14.03 15.69 14.40 13.17 12.73 14.74 13.50 13.33 15.94 16.20 16.42 17.79 20.20 18.69 17.43 20.34 22.14 19.91 19.71 23.08 24.38 20.21 21.30 20.16 21.11 18.42 17.09 16.53 15.51 14.77 15.06 15.24 13.55 14.74 15.54 16.88 17.13 18.68 20.37 21.45 22.13 23.87 25.26 26.09 27.60 30.24 30.02 28.41 28.31 28.76 28.81 25.48 24.77 24.17 24.40 22.94 21.82 21.79 22.31 20.72 20.01 21.64 21.79 19.65 20.52 22.17 23.92 23.85 21.96 22.60 24.18 22.11 21.39 22.33 22.66 22.21 21.98 24.55 24.95 23.45 23.68 26.10 27.80 26.24 26.61 28.05 29.39 29.14 28.54 29.72 31.99 
31.39 31.48 29.03 27.65 27.33 27.65 25.62 22.22 22.06 21.82 18.44 16.65 16.55 16.05 13.59 12.61 12.67 10.96 9.02 8.23 7.55 6.09 2.25 6.47 8.52 8.94 8.97 11.51 12.71 11.25 12.36 15.15 15.81 16.21 18.68 22.03 23.20 24.62 25.07 27.34 28.19 26.86 24.24 23.93 24.10 20.55 18.46 18.59 17.71 15.30 14.70 16.23 14.68 13.46 13.79 15.45 13.98 13.79 17.58 18.52 16.68 19.19 21.83 19.85 18.98 22.30 24.42 21.59 21.32 25.11 26.83 22.32 22.97 22.32 23.71 20.69 19.29 19.18 18.79 17.44 17.45 16.97 16.60 17.05 17.37 18.57 19.39 20.42 21.42 23.01 23.63 25.27 26.21 27.46 29.28 31.10 31.25 29.65 30.04 30.56 30.24 27.35 26.43 25.83 26.11 24.61 23.27 23.32 24.06 22.46 21.88 23.91 24.10 22.11 23.00 24.85 26.62 26.29 24.30 24.99 26.13 23.98 23.36 24.18 24.23 23.85 23.54 25.94 26.21 24.90 25.36 28.04 29.03 27.59 27.82 29.43 31.75 29.73 30.51 30.72 32.28 
32.52 32.10 29.96 29.26 28.84 28.88 27.09 24.43 23.37 23.37 21.17 18.73 18.24 17.64 15.62 14.93 13.65 12.57 10.84 9.55 7.66 7.03 6.47 0.76 6.57 8.00 7.76 9.65 11.02 11.51 12.55 14.78 15.77 16.55 19.24 21.15 23.23 24.58 24.88 27.38 28.39 27.44 24.46 24.19 24.65 21.26 19.18 18.55 18.52 16.56 15.30 16.57 15.62 14.79 14.66 16.17 14.77 14.88 18.53 18.55 18.51 20.28 22.90 21.15 20.44 24.05 26.00 23.97 23.76 27.35 29.06 24.63 25.32 24.88 25.84 22.67 21.66 21.70 20.82 19.49 19.35 18.95 18.24 18.76 19.25 19.89 20.30 21.57 22.35 23.92 24.50 26.15 27.21 28.67 30.03 32.21 32.29 31.00 30.88 31.14 31.41 28.58 27.72 27.09 27.29 26.13 24.85 24.84 25.44 23.85 23.25 25.19 25.65 23.71 24.57 26.40 28.07 27.62 25.77 26.55 27.61 25.73 24.81 25.95 26.16 25.72 25.00 27.64 27.89 26.26 26.46 28.80 30.48 28.98 28.83 30.29 32.45 31.42 30.58 31.41 33.24 
31.90 32.10 30.64 29.79 28.63 28.87 27.82 24.78 23.76 23.74 21.86 19.68 18.62 18.26 16.01 15.29 14.66 13.38 11.76 10.75 8.79 8.08 8.52 6.57 1.73 5.99 7.26 7.60 8.49 9.37 11.82 13.29 14.18 15.38 17.92 20.48 21.88 23.90 24.21 26.23 27.83 26.62 23.48 23.03 23.19 19.99 17.92 17.92 17.70 15.77 14.68 15.72 15.15 14.61 14.81 15.46 15.08 15.81 17.87 18.40 18.33 20.64 22.59 21.03 21.05 24.11 25.92 23.98 24.27 27.65 29.08 24.94 25.77 25.33 26.37 23.30 22.30 22.44 21.50 20.12 20.37 20.21 19.25 19.61 20.37 20.59 20.19 21.15 22.51 23.42 23.52 25.56 27.33 27.97 29.46 31.70 32.51 30.39 30.25 30.76 31.24 27.98 26.91 26.39 27.05 25.44 24.43 24.40 25.11 23.42 22.86 24.87 25.14 23.34 24.43 26.23 27.85 27.22 25.49 26.21 27.19 24.98 24.43 25.59 26.03 25.22 25.02 27.33 27.33 26.32 26.39 29.07 30.10 28.73 29.07 30.61 33.45 31.43 31.33 32.22 32.91 
30.63 30.70 29.30 28.28 27.09 27.63 26.50 23.28 22.21 22.54 20.42 17.82 17.70 17.44 14.66 14.80 14.29 13.33 11.69 11.31 10.06 9.47 8.94 8.00 5.99 0.13 5.35 7.32 6.45 7.18 9.05 11.35 11.78 12.27 15.70 18.04 20.02 21.16 21.92 24.15 25.16 23.91 20.88 20.53 20.37 17.58 16.03 15.88 15.56 13.81 12.86 14.48 13.54 13.35 13.19 14.52 14.35 14.67 17.37 17.04 17.51 19.67 22.34 20.99 20.30 23.76 25.75 23.60 23.94 27.48 29.10 24.89 26.03 25.54 26.69 23.38 22.30 22.16 21.65 19.69 19.68 19.54 18.83 18.44 19.01 19.78 19.21 19.88 21.10 21.96 22.09 24.03 25.49 26.48 27.44 30.21 30.70 28.65 28.66 29.21 29.64 26.40 25.76 25.28 25.78 24.46 23.42 23.36 24.23 22.37 22.00 24.04 24.52 22.60 23.33 25.26 26.84 26.45 24.43 25.16 26.04 24.00 23.15 24.46 24.76 24.19 23.40 26.06 26.35 24.87 25.18 27.54 29.05 27.46 27.77 29.16 31.25 30.53 29.53 30.64 31.94 
29.48 29.59 27.06 26.12 25.75 25.89 24.38 21.02 20.64 20.84 18.59 16.25 16.46 16.27 13.26 13.37 13.75 12.64 10.70 11.46 10.22 9.88 8.97 7.76 7.26 5.35 1.20 6.05 7.29 6.08 7.01 8.87 11.10 10.92 12.67 15.71 17.89 19.01 19.26 21.67 22.91 21.45 19.06 18.82 19.00 15.74 14.16 13.74 13.91 11.50 10.85 11.69 12.05 11.06 12.05 13.44 13.12 13.62 16.75 17.19 16.72 19.11 21.79 20.37 20.09 23.72 25.73 23.50 23.67 27.43 29.09 24.71 25.42 25.41 26.49 22.98 21.85 22.08 21.51 19.43 19.01 19.12 18.31 17.86 18.03 18.99 18.68 19.19 19.76 20.96 21.20 22.61 23.49 24.74 26.50 28.58 28.82 27.21 27.71 27.96 27.92 25.13 24.85 24.18 24.90 23.24 22.49 22.37 23.39 21.62 21.32 23.44 24.14 21.97 22.54 24.34 25.98 25.25 23.34 23.98 24.96 22.96 22.25 23.10 23.58 22.47 22.54 24.92 24.99 23.66 23.93 26.79 28.08 26.56 26.80 28.26 31.04 29.47 29.28 29.98 30.93 
29.78 29.62 27.36 27.16 26.34 26.51 25.17 21.92 21.09 21.16 19.47 17.41 17.35 17.42 15.13 15.03 15.21 14.25 13.62 12.84 12.52 11.91 11.51 9.65 7.60 7.32 6.05 0.76 5.79 7.22 6.59 7.65 9.76 11.10 12.49 14.59 17.42 18.63 18.86 21.29 23.20 21.76 19.23 18.57 19.75 17.06 15.03 14.00 14.95 13.84 12.01 12.59 13.12 13.40 14.08 15.33 15.27 16.16 18.99 19.19 19.18 21.33 23.95 22.66 22.71 26.41 28.72 26.52 26.90 30.50 32.62 27.98 28.60 28.62 29.69 26.21 25.05 25.05 24.44 22.32 21.55 21.47 20.63 20.33 20.19 20.79 20.29 20.96 21.61 22.51 22.45 23.83 24.92 26.01 27.62 29.77 29.75 28.20 28.44 28.88 29.17 26.22 25.77 25.38 26.04 24.82 23.91 23.93 25.01 23.47 22.85 24.98 25.69 23.84 24.25 26.09 27.67 26.98 25.19 25.69 26.66 24.94 24.23 24.91 25.43 24.66 24.46 26.97 27.09 25.53 25.66 28.22 30.08 28.42 28.09 29.64 31.18 30.59 29.77 30.57 31.66 
27.33 27.66 25.80 25.09 24.64 25.05 24.13 20.74 20.07 20.19 18.21 16.22 16.26 16.25 13.78 13.75 13.91 12.90 12.29 12.80 11.59 11.81 12.71 11.02 8.49 6.45 7.29 5.79 0.68 5.38 7.29 6.71 8.15 9.01 11.32 13.36 15.20 16.99 17.29 19.77 21.58 20.21 17.58 17.62 18.76 15.60 13.47 13.90 14.68 12.64 12.01 13.19 13.36 12.99 14.41 16.10 15.71 16.42 19.10 19.49 18.85 21.23 23.67 22.92 22.76 26.42 28.52 26.71 26.73 30.67 32.43 28.35 28.98 28.92 29.80 26.45 25.27 25.28 24.71 22.57 21.65 21.37 20.55 20.07 20.03 20.41 19.88 20.30 21.38 21.98 21.87 23.40 24.50 25.26 26.62 28.73 28.88 26.75 26.91 27.57 28.08 24.87 24.25 23.83 25.07 23.60 22.88 22.89 24.28 22.56 21.96 23.93 24.74 22.84 23.62 25.16 26.33 25.85 24.38 25.15 26.14 24.20 23.61 24.54 25.09 23.99 23.97 26.25 26.29 24.87 24.86 27.92 29.37 27.70 27.45 29.22 31.98 29.81 29.34 30.32 31.72 
24.69 24.90 23.20 22.74 21.46 21.92 20.91 17.58 17.08 17.19 14.53 13.14 13.01 12.49 9.66 10.74 10.85 9.77 9.07 10.64 10.48 10.72 11.25 11.51 9.37 7.18 6.08 7.22 5.38 0.00 5.20 7.23 6.29 6.58 8.87 11.23 12.42 14.33 15.11 17.37 18.16 17.79 15.30 15.47 15.78 12.71 10.86 11.72 12.35 10.15 9.85 12.33 12.09 11.84 13.61 15.52 14.96 15.67 19.32 19.05 18.37 20.88 23.94 22.92 22.50 26.03 28.32 26.44 26.84 30.26 32.23 28.02 28.92 28.59 29.50 26.15 24.91 25.06 24.00 21.80 20.58 20.60 19.36 18.62 18.33 19.19 18.35 18.67 19.32 20.31 20.30 21.32 22.41 22.96 24.35 26.37 26.05 23.95 24.15 24.83 25.16 22.46 21.99 21.73 22.51 21.53 20.72 21.08 22.23 20.75 20.15 22.20 22.70 20.89 21.47 22.90 24.32 23.83 22.28 22.91 23.77 21.79 21.25 22.34 22.92 21.85 21.67 24.22 24.42 23.04 23.23 25.89 27.83 25.86 25.91 27.50 29.61 28.51 27.63 29.06 30.62 
23.51 23.75 21.95 21.34 20.18 20.42 19.48 16.24 16.45 16.75 14.30 12.61 13.10 12.96 10.38 10.96 12.39 11.43 10.65 11.86 12.04 12.13 12.36 12.55 11.82 9.05 7.01 6.59 7.29 5.20 0.00 5.75 7.54 6.24 7.48 10.00 12.21 13.55 13.97 16.33 17.24 16.46 14.07 13.57 14.60 11.89 9.49 9.73 11.59 10.04 9.57 11.47 12.40 12.51 14.68 16.48 16.05 17.30 20.56 20.54 19.50 22.63 25.20 24.13 23.96 27.68 29.60 27.90 28.35 31.93 33.75 29.55 30.67 30.18 31.15 27.72 26.63 26.56 25.63 23.11 22.04 21.80 20.62 19.52 19.30 19.94 19.32 19.34 19.75 20.55 20.76 21.62 22.06 22.71 24.27 25.63 25.01 23.32 23.92 24.25 24.11 21.76 21.95 21.46 22.36 21.11 20.85 21.04 22.36 20.94 20.72 22.76 23.51 21.63 22.14 23.67 25.06 24.63 22.63 23.01 23.83 22.01 21.51 22.38 22.58 21.55 21.80 24.10 23.89 22.75 23.08 26.20 27.43 25.93 26.03 27.73 30.05 28.40 28.56 29.30 30.68 
24.03 24.28 22.54 21.98 20.62 21.26 20.63 17.26 16.95 17.45 16.09 13.90 14.23 14.10 13.26 12.94 14.00 13.72 14.17 14.52 14.87 15.29 15.15 14.78 13.29 11.35 8.87 7.65 6.71 7.23 5.75 0.00 6.18 7.51 6.82 8.33 11.17 13.15 13.78 16.28 17.31 17.33 15.19 15.04 15.71 13.92 12.32 12.01 13.55 12.76 12.38 13.78 14.59 15.42 17.59 19.52 19.23 20.24 23.52 23.39 23.06 25.19 28.32 27.06 27.12 30.43 33.31 31.34 32.03 35.19 37.42 33.25 34.15 33.73 34.45 31.03 29.89 29.53 28.37 26.16 24.94 24.31 23.08 22.14 21.71 21.98 21.39 21.41 21.92 22.44 22.26 22.94 23.42 23.96 25.27 26.82 26.05 24.41 24.89 25.50 25.61 23.28 23.12 23.14 23.69 22.90 22.16 22.82 23.87 22.96 22.29 24.74 25.67 23.96 24.03 25.73 27.21 26.95 24.88 25.11 26.04 24.58 23.82 24.47 24.95 24.30 24.24 26.57 26.52 25.28 25.55 27.95 29.68 27.93 27.95 30.00 30.91 30.20 29.48 30.89 32.06 
22.75 23.22 20.93 20.45 19.61 20.50 19.66 16.37 15.96 15.97 13.86 12.72 13.31 12.58 11.69 12.38 12.82 12.28 13.55 14.37 14.43 14.76 15.81 15.77 14.18 11.78 11.10 9.76 8.15 6.29 7.54 6.18 0.00 5.96 7.48 7.20 8.67 11.25 12.34 14.55 15.80 15.62 13.23 13.78 14.52 12.77 11.28 12.55 13.40 12.03 12.21 14.81 15.49 15.66 17.85 20.69 20.06 21.05 23.81 24.73 23.93 25.96 28.65 27.87 27.55 31.26 33.58 32.50 32.45 35.93 37.58 34.11 35.06 34.56 34.84 31.77 30.34 30.18 28.88 26.90 25.27 25.04 23.36 22.26 21.58 22.06 20.96 21.03 21.46 21.89 21.51 21.99 22.44 22.65 23.66 25.27 24.94 22.81 22.89 23.73 24.44 21.70 21.18 21.25 22.52 21.37 20.75 21.24 22.68 21.47 21.12 23.65 24.75 22.98 23.37 24.96 26.35 26.04 24.37 24.90 25.80 23.95 23.22 24.11 24.65 23.53 23.56 25.83 25.76 24.89 24.75 27.94 29.64 27.82 27.59 29.70 32.80 30.26 29.83 31.34 32.57 
20.53 20.26 18.56 18.30 16.84 16.82 16.38 13.38 13.44 12.86 10.53 10.38 10.84 10.08 9.15 10.76 11.49 10.98 12.32 14.27 14.86 15.10 16.21 16.55 15.38 12.27 10.92 11.10 9.01 6.58 6.24 7.51 5.96 0.00 5.47 7.35 6.75 8.98 10.13 12.54 12.99 13.10 12.56 12.05 13.37 11.24 9.77 11.07 12.93 10.90 11.32 14.45 15.32 15.43 18.03 20.94 20.41 21.32 24.81 24.79 24.10 26.54 29.50 28.68 28.27 31.38 34.12 32.42 32.75 35.69 37.69 33.78 34.91 34.03 34.53 31.22 29.92 29.57 28.45 26.29 24.46 24.37 22.86 21.43 20.25 20.90 19.91 19.56 19.78 20.21 20.00 20.16 20.68 20.65 21.76 23.43 22.98 20.73 21.03 21.58 22.34 19.78 19.57 19.50 20.65 19.71 19.09 19.71 21.02 19.90 19.69 22.36 23.12 21.42 21.72 23.39 24.82 24.74 22.66 23.36 24.11 22.27 21.39 22.62 22.86 22.20 21.81 24.28 24.52 23.45 23.69 26.14 28.19 26.39 26.49 28.32 30.19 29.42 28.49 30.24 32.05 
19.29 19.26 17.46 17.22 16.19 16.55 16.16 13.17 13.52 14.03 11.99 10.92 12.27 12.82 11.63 12.57 13.95 14.67 15.74 16.59 17.12 18.37 18.68 19.24 17.92 15.70 12.67 12.49 11.32 8.87 7.48 6.82 7.48 5.47 0.58 5.82 7.62 7.47 9.35 11.23 11.99 12.65 11.02 11.32 12.78 11.51 9.70 10.80 12.56 12.17 12.88 15.96 16.40 17.19 19.70 22.57 21.68 23.51 26.38 26.63 25.69 28.62 31.82 30.49 29.99 33.79 36.05 34.46 34.66 38.03 39.67 35.96 36.57 36.07 36.39 33.26 31.89 31.67 30.28 28.01 25.97 25.86 24.11 22.41 21.18 21.84 20.81 20.29 20.31 20.72 20.59 20.55 20.81 20.72 21.93 23.29 22.64 20.83 21.25 21.73 21.96 19.84 19.96 20.04 20.96 19.95 19.54 20.27 21.58 20.49 20.50 23.19 24.24 22.50 23.00 24.67 26.20 25.54 23.53 24.01 24.93 22.97 22.25 23.09 23.31 22.22 22.56 24.85 24.39 23.84 24.11 27.02 28.38 27.09 27.51 28.98 31.51 29.83 30.57 31.14 32.37 
20.73 20.85 18.87 18.17 17.56 18.57 17.97 14.94 14.85 15.77 14.52 13.39 13.78 14.57 15.09 14.94 15.98 17.15 18.63 18.80 20.07 21.30 22.03 21.15 20.48 18.04 15.71 14.59 13.36 11.23 10.00 8.33 7.20 7.35 5.82 0.19 6.66 8.01 7.76 10.01 12.28 12.44 12.14 12.49 14.75 13.59 13.27 14.27 15.70 14.98 16.19 19.14 19.59 20.41 22.98 25.90 25.53 26.42 29.66 30.19 29.54 31.88 35.26 34.08 33.72 36.70 39.78 37.89 38.22 41.16 43.09 39.43 40.15 39.37 39.38 36.61 35.25 34.86 32.91 30.91 29.27 28.71 26.55 25.26 24.23 24.35 23.02 22.75 22.63 22.85 22.41 22.65 22.62 22.41 23.50 25.04 24.48 22.57 22.92 23.36 24.16 21.69 21.72 21.76 22.74 22.02 21.55 22.25 23.78 22.93 22.76 25.24 26.68 25.19 25.60 27.20 28.73 28.46 26.28 26.76 27.49 25.93 25.04 25.60 25.66 25.13 25.12 27.39 27.03 26.30 26.90 29.25 30.52 29.39 29.66 31.69 32.95 32.03 31.65 32.93 33.98 
20.57 20.73 18.71 18.48 17.73 18.57 17.66 15.25 15.06 15.25 13.90 13.58 14.16 14.72 15.54 16.44 17.10 17.75 19.07 20.00 21.36 22.53 23.20 23.23 21.88 20.02 17.89 17.42 15.20 12.42 12.21 11.17 8.67 6.75 7.62 6.66 0.79 6.20 7.00 8.13 9.13 10.65 10.74 11.88 12.83 12.74 12.64 14.53 16.16 15.93 16.62 20.17 20.85 21.85 24.28 27.62 26.80 28.27 31.10 32.21 30.95 33.74 36.75 36.28 35.49 38.83 41.09 39.77 39.67 42.91 44.45 41.04 42.12 41.23 41.15 38.24 37.10 36.51 34.68 32.66 30.87 30.16 27.75 26.67 25.57 25.56 23.62 23.32 23.26 23.38 22.80 22.69 22.51 22.19 22.98 24.49 24.34 22.15 22.06 22.91 24.22 21.50 21.13 21.25 22.72 21.95 21.69 22.41 23.85 23.10 23.04 25.60 26.82 25.64 26.31 27.71 28.86 28.57 26.93 27.22 27.96 26.10 25.32 25.95 25.79 25.24 25.26 27.57 27.05 26.77 27.20 30.24 31.28 29.88 30.57 32.23 35.00 33.01 33.22 33.76 35.34 
19.34 19.27 17.10 17.29 16.37 17.34 16.73 14.73 14.75 15.65 13.87 14.30 14.82 15.80 16.76 17.91 18.36 19.03 20.62 21.62 22.70 23.96 24.62 24.58 23.90 21.16 19.01 18.63 16.99 14.33 13.55 13.15 11.25 8.98 7.47 8.01 6.20 0.00 4.98 7.63 7.70 9.25 10.00 10.51 12.69 11.64 12.14 14.39 16.21 15.94 16.84 20.22 20.99 22.15 24.66 27.84 27.32 28.71 31.70 32.30 31.36 34.17 37.45 36.55 36.11 39.16 41.88 40.09 40.22 43.09 44.65 41.11 41.85 41.22 41.12 38.25 36.50 36.51 34.51 32.51 29.88 29.94 27.92 26.90 24.91 25.47 23.74 23.50 22.78 22.97 21.96 21.74 21.58 21.32 21.61 23.40 22.95 21.15 20.78 21.62 22.92 20.78 20.72 20.72 22.02 21.53 20.96 21.75 23.56 22.68 22.72 25.54 26.88 25.37 25.97 27.57 29.24 29.01 26.71 27.54 27.81 26.14 25.15 26.10 25.73 25.17 25.00 27.25 26.81 26.44 27.13 29.53 30.93 29.89 30.12 32.26 34.36 32.95 32.48 33.94 34.88 
17.61 16.99 15.13 14.82 14.84 15.11 14.66 12.70 13.33 14.77 13.20 13.85 15.14 16.66 16.72 18.05 18.99 20.57 21.49 22.12 22.82 24.30 25.07 24.88 24.21 21.92 19.26 18.86 17.29 15.11 13.97 13.78 12.34 10.13 9.35 7.76 7.00 4.98 0.32 5.46 7.26 7.14 8.21 9.33 11.18 10.21 10.52 12.73 14.54 14.32 15.50 19.51 19.90 21.05 23.60 26.87 26.36 27.87 30.86 31.76 30.72 33.63 36.91 35.99 35.57 39.05 41.63 39.71 39.47 42.89 44.78 40.55 41.24 40.71 40.94 37.46 35.96 35.80 34.04 31.50 29.09 28.97 27.22 25.59 23.61 24.14 22.65 22.06 21.47 21.16 20.32 20.17 19.96 19.08 19.65 21.28 20.75 18.70 19.09 19.86 21.02 18.68 19.11 19.46 20.98 20.06 19.80 20.58 22.60 21.53 21.93 24.71 26.09 24.63 25.52 27.20 28.88 27.88 25.95 26.42 27.06 25.10 24.53 25.10 24.72 24.04 24.19 26.19 25.21 25.34 26.18 28.77 29.47 28.69 29.40 30.92 33.31 31.82 32.97 33.38 34.22 
18.82 18.76 16.30 15.31 16.13 17.46 16.63 15.12 15.23 16.31 15.62 15.96 17.59 19.02 19.16 20.08 21.43 22.81 23.69 24.36 25.14 27.15 27.34 27.38 26.23 24.15 21.67 21.29 19.77 17.37 16.33 16.28 14.55 12.54 11.23 10.01 8.13 7.63 5.46 0.00 5.85 7.95 7.28 9.07 11.15 11.18 11.47 13.99 15.65 15.75 16.55 20.08 21.28 22.19 24.76 28.23 27.93 29.39 32.67 33.94 33.03 35.13 38.73 38.00 37.48 40.53 43.32 41.61 41.72 44.73 46.48 42.76 43.43 42.89 43.05 39.86 38.38 37.89 35.88 33.59 31.75 31.13 29.14 27.71 26.22 26.22 24.43 24.02 23.28 22.63 21.51 21.87 21.53 20.72 21.16 23.00 22.50 20.53 20.30 21.49 22.94 20.43 20.62 21.07 22.63 22.08 21.70 22.48 24.44 23.64 24.07 26.61 27.98 26.79 27.54 29.28 30.59 30.40 28.12 28.61 28.85 27.10 26.53 27.25 26.67 26.25 26.31 28.60 28.03 27.51 28.48 30.71 31.82 31.16 31.49 33.24 35.10 34.12 33.85 34.79 35.26 
18.72 18.78 16.41 16.01 16.28 17.24 16.69 14.72 15.10 16.27 15.20 15.90 17.34 19.05 19.40 20.20 21.59 22.97 23.85 24.57 26.20 27.42 28.19 28.39 27.83 25.16 22.91 23.20 21.58 18.16 17.24 17.31 15.80 12.99 11.99 12.28 9.13 7.70 7.26 5.85 0.00 6.18 7.30 7.28 9.08 9.99 10.68 12.66 14.46 14.85 15.40 18.97 20.20 21.84 24.49 27.64 27.82 29.11 32.51 33.92 33.08 35.41 39.15 38.22 37.82 41.11 43.83 41.83 42.17 44.70 46.89 42.98 44.32 43.49 44.03 40.55 39.09 38.62 36.70 34.48 32.34 31.64 29.61 28.11 26.73 26.40 24.23 23.84 23.49 22.70 20.97 21.13 20.72 20.18 20.33 22.28 22.07 19.78 19.90 20.91 22.81 20.18 20.34 20.76 23.06 21.99 22.10 22.97 24.78 24.01 24.74 27.21 28.42 27.43 28.30 29.67 30.90 30.23 28.79 28.77 29.19 27.17 26.83 27.43 27.19 26.16 26.39 29.06 28.76 28.29 28.79 31.82 32.99 31.62 32.51 33.96 36.16 34.80 35.18 35.72 36.26 
17.86 17.20 14.89 14.42 14.97 15.73 15.67 13.94 14.16 16.04 14.86 15.28 16.27 18.12 18.24 19.52 20.69 22.11 22.63 23.95 25.05 26.75 26.86 27.44 26.62 23.91 21.45 21.76 20.21 17.79 16.46 17.33 15.62 13.10 12.65 12.44 10.65 9.25 7.14 7.95 6.18 0.00 5.67 7.82 7.68 7.12 8.94 11.53 12.34 12.30 14.45 17.17 17.87 19.15 22.50 25.60 25.45 26.73 30.49 31.33 30.51 33.13 36.98 36.04 35.86 39.19 41.92 39.72 39.93 42.76 44.55 40.54 41.56 41.05 41.68 38.09 36.36 36.12 34.46 32.22 29.75 29.37 27.66 26.65 24.62 24.65 22.59 22.38 21.35 20.67 18.70 19.14 18.51 18.16 17.73 19.97 19.18 17.22 17.43 18.76 20.23 17.88 18.71 19.25 20.94 20.07 20.50 21.44 23.51 22.51 23.47 26.04 27.61 26.03 27.04 28.74 30.06 29.62 27.48 27.80 28.18 25.98 25.45 26.56 26.01 25.54 25.16 27.52 27.30 26.94 27.71 29.98 31.10 30.53 31.07 32.67 34.53 33.70 33.50 34.52 34.79 
16.09 15.30 12.65 11.93 13.18 13.88 13.07 10.82 11.94 13.58 12.23 12.60 14.03 15.35 14.91 16.80 18.23 19.20 19.87 21.25 22.47 23.13 24.24 24.46 23.48 20.88 19.06 19.23 17.58 15.30 14.07 15.19 13.23 12.56 11.02 12.14 10.74 10.00 8.21 7.28 7.30 5.67 0.08 5.51 7.24 5.70 5.94 8.79 10.34 9.99 10.95 14.55 15.15 15.90 18.86 22.21 22.30 23.53 27.33 28.09 27.65 30.01 34.04 32.56 32.64 35.87 38.91 36.15 36.57 39.29 41.83 36.90 38.00 37.35 38.32 34.50 33.15 32.55 31.17 29.08 27.32 26.38 25.04 23.45 21.61 21.56 19.89 19.41 18.07 17.57 16.31 15.89 15.57 14.90 14.51 16.24 15.40 13.43 14.53 15.13 16.47 14.24 15.43 15.96 18.11 17.26 17.85 18.38 20.81 20.11 20.89 23.49 25.02 23.91 24.79 26.55 28.16 27.06 25.34 25.19 25.99 23.86 23.52 23.59 23.52 22.71 23.16 24.48 23.79 23.91 25.35 27.40 28.10 27.40 28.57 29.86 32.04 30.97 32.01 32.78 33.24 
17.04 16.78 13.91 12.76 14.06 14.86 13.80 11.88 12.64 14.27 12.92 13.11 14.80 16.26 15.62 16.81 18.38 19.26 19.89 21.52 22.26 23.54 23.93 24.19 23.03 20.53 18.82 18.57 17.62 15.47 13.57 15.04 13.78 12.05 11.32 12.49 11.88 10.51 9.33 9.07 7.28 7.82 5.51 0.00 6.21 7.27 6.09 7.07 9.63 10.86 10.69 12.74 15.30 16.13 17.50 20.98 22.24 23.56 27.14 28.12 27.78 30.14 33.68 32.58 32.50 35.78 38.60 36.40 36.95 40.09 42.27 37.86 38.64 38.20 38.80 35.39 33.96 33.36 31.43 29.72 28.05 27.46 25.23 24.01 22.46 22.33 20.11 19.45 18.66 17.65 16.26 16.51 16.34 16.17 15.10 17.06 16.44 15.44 15.41 16.42 17.88 16.01 16.71 16.83 19.33 18.87 19.04 19.44 21.70 21.25 22.05 24.55 25.99 25.14 26.11 27.59 28.90 28.21 26.36 26.13 26.45 24.65 24.45 24.77 24.27 23.78 24.01 26.18 25.53 25.43 26.37 28.46 29.48 29.15 29.65 31.13 32.72 32.19 32.73 33.38 33.13 
17.69 17.54 15.23 14.66 14.69 15.40 14.66 12.06 12.76 13.94 13.50 12.45 14.09 15.83 15.54 16.21 17.16 19.32 20.13 20.85 22.17 23.04 24.10 24.65 23.19 20.37 19.00 19.75 18.76 15.78 14.60 15.71 14.52 13.37 12.78 14.75 12.83 12.69 11.18 11.15 9.08 7.68 7.24 6.21 0.93 5.66 6.94 6.44 7.49 9.40 10.73 11.96 13.47 15.77 17.40 19.87 21.39 22.86 26.71 27.43 27.01 29.31 33.04 31.88 31.74 34.95 38.03 35.71 36.46 39.17 41.68 37.27 38.72 37.95 38.64 35.19 33.92 33.46 31.64 29.39 27.55 26.77 24.80 23.29 22.21 21.62 19.22 19.31 18.66 17.04 15.48 16.05 15.94 15.50 14.46 17.37 16.44 14.19 15.63 17.17 18.53 16.10 17.03 17.57 19.94 18.82 19.28 19.98 22.18 21.32 22.37 25.03 26.55 25.71 26.69 28.30 29.27 28.61 26.99 26.72 26.66 24.55 24.47 25.06 24.75 23.73 23.76 26.09 26.33 25.63 26.25 29.18 30.83 29.52 30.16 31.73 34.03 32.39 33.13 33.85 34.36 
16.61 15.74 13.70 13.01 12.64 12.90 11.82 9.18 10.15 11.91 10.54 9.56 11.53 13.36 12.40 13.74 14.92 16.37 16.84 17.75 18.63 20.25 20.55 21.26 19.99 17.58 15.74 17.06 15.60 12.71 11.89 13.92 12.77 11.24 11.51 13.59 12.74 11.64 10.21 11.18 9.99 7.12 5.70 7.27 5.66 0.00 4.86 7.21 5.36 5.12 7.93 10.52 9.57 10.74 15.10 17.04 17.03 18.29 23.03 23.25 22.26 24.92 29.02 27.77 27.62 31.12 34.16 31.50 32.19 35.11 37.34 32.54 33.89 33.47 34.68 30.63 29.29 29.25 27.91 25.53 23.45 23.03 21.10 19.99 18.13 17.54 15.18 15.29 14.70 12.38 11.39 12.60 11.94 11.02 9.60 13.31 11.61 8.59 10.37 13.66 14.30 11.31 13.18 14.44 16.40 15.01 16.08 17.58 19.61 18.45 19.74 22.53 24.00 22.79 23.85 25.47 27.06 25.94 23.98 23.86 24.36 21.75 21.29 22.25 22.18 21.06 20.79 23.24 23.29 22.78 23.62 26.26 27.57 26.77 27.40 28.97 31.14 30.57 31.00 32.15 32.05 
16.21 15.82 13.62 13.01 12.51 12.61 11.36 8.48 9.97 10.84 9.51 8.03 10.96 11.31 9.27 11.90 14.04 14.43 14.24 15.95 16.82 17.60 18.46 19.18 17.92 16.03 14.16 15.03 13.47 10.86 9.49 12.32 11.28 9.77 9.70 13.27 12.64 12.14 10.52 11.47 10.68 8.94 5.94 6.09 6.94 4.86 0.72 5.56 6.85 5.27 5.70 9.27 9.80 10.08 12.39 16.11 15.87 17.16 20.83 21.39 20.55 23.00 26.68 25.17 25.22 28.93 31.95 29.06 29.56 32.52 35.41 30.31 31.34 31.06 32.42 28.33 27.03 26.74 25.62 23.36 21.82 21.38 19.96 18.70 17.16 17.07 15.19 14.66 13.59 13.43 12.55 12.90 12.08 12.32 11.30 14.14 13.11 11.16 12.10 13.63 15.30 12.69 13.84 14.52 16.71 15.37 16.44 17.25 19.29 18.18 19.63 21.86 23.16 22.24 23.34 24.78 26.63 25.50 23.54 23.05 23.79 21.69 21.18 21.22 21.28 20.29 20.40 21.77 21.56 21.37 22.61 24.85 25.72 24.83 25.81 27.24 29.15 28.46 29.64 30.30 30.94 
