1.53 4.74 5.28 8.97 9.45 12.36 14.82 15.45 17.89 19.24 18.78 19.66 20.62 20.67 18.85 19.64 20.12 19.86 19.27 19.66 19.63 19.35 17.20 16.44 18.44 17.88 15.71 15.85 17.02 16.10 16.29 16.88 19.92 21.32 20.61 20.93 22.61 22.64 21.94 21.50 21.20 20.81 20.53 20.95 20.41 20.07 19.32 19.39 19.20 18.62 18.12 18.27 17.57 17.58 20.30 21.14 19.98 21.33 22.96 22.92 22.31 23.65 23.65 23.97 25.32 26.30 28.19 
4.74 0.77 2.36 4.54 6.16 9.38 11.31 12.77 15.10 16.54 16.12 16.78 18.68 18.60 17.34 17.26 18.24 17.59 17.17 16.75 16.91 16.28 15.04 13.23 15.27 14.29 12.36 12.60 13.90 12.56 13.30 13.45 17.55 18.31 18.16 18.39 20.37 19.93 20.02 18.97 19.08 18.27 18.44 18.27 18.21 17.87 17.02 16.79 17.01 15.62 15.55 16.00 14.85 14.84 18.60 18.75 17.47 18.41 21.36 21.02 20.37 21.21 20.40 22.94 23.91 25.10 25.40 
5.28 2.36 1.46 3.63 5.70 8.48 10.16 11.01 13.69 14.75 14.09 14.83 16.55 17.31 15.56 16.55 16.91 16.69 16.51 16.15 16.22 15.55 15.62 13.15 15.42 13.40 12.23 11.77 13.04 12.19 12.85 12.06 15.46 16.44 16.39 16.20 17.61 17.48 18.04 17.01 16.82 16.67 17.28 16.81 16.10 16.13 15.94 15.90 14.57 13.63 14.22 14.53 13.56 13.36 17.55 17.87 16.30 17.16 19.85 20.29 19.18 19.12 18.79 21.17 22.43 23.65 24.00 
8.97 4.54 3.63 2.24 5.67 7.41 8.64 11.14 12.43 13.83 13.06 15.56 15.97 16.42 15.41 16.56 16.90 16.26 16.41 15.86 15.24 15.05 14.23 13.21 14.39 13.19 11.84 12.08 12.15 10.39 12.04 12.15 14.98 16.01 15.85 15.69 17.25 16.77 17.60 16.64 16.53 16.21 17.23 17.30 16.48 16.73 16.35 16.06 15.49 14.73 14.38 14.73 13.87 14.05 16.99 17.40 15.58 17.10 19.75 20.01 19.53 19.26 19.94 21.52 23.37 23.09 28.58 
9.45 6.16 5.70 5.67 1.65 6.25 7.27 8.04 10.90 12.33 12.05 13.69 14.20 14.30 13.27 14.95 15.14 14.92 16.06 15.47 14.40 14.21 14.11 11.95 13.83 12.67 11.67 11.51 9.43 9.45 11.51 12.46 14.97 16.08 15.40 16.37 17.36 17.24 17.07 16.16 16.21 16.15 16.90 17.55 17.37 17.85 16.98 16.90 16.26 15.34 14.23 14.18 13.50 13.29 15.98 16.38 14.42 16.17 18.12 18.94 18.45 21.15 22.22 21.36 20.50 22.78 26.08 
12.36 9.38 8.48 7.41 6.25 2.68 7.51 8.04 11.38 12.37 12.48 13.46 15.02 15.15 14.57 15.65 17.20 16.73 18.07 18.01 16.75 16.67 15.87 14.48 16.29 15.53 13.67 13.77 13.13 13.24 12.76 13.95 16.79 18.05 17.54 17.58 18.14 17.62 18.86 16.96 17.84 17.66 18.66 18.37 19.42 20.17 18.95 19.47 18.91 17.05 15.01 16.25 15.16 14.63 17.00 17.55 16.18 17.69 19.56 20.90 20.98 22.33 22.56 22.80 22.02 23.86 25.73 
14.82 11.31 10.16 8.64 7.27 7.51 4.19 5.76 7.99 9.50 8.72 10.73 11.95 12.97 11.52 13.40 14.79 15.41 16.75 16.18 15.98 14.60 14.32 10.87 14.07 12.74 10.34 11.02 12.90 11.57 11.80 10.70 14.52 15.26 13.33 14.06 15.56 14.94 15.83 14.73 15.81 16.73 16.90 16.89 17.71 18.58 17.48 17.80 17.54 14.90 13.42 13.69 13.07 11.51 14.82 15.57 12.97 15.16 17.91 18.55 18.13 20.08 20.48 19.89 19.68 21.49 23.69 
15.45 12.77 11.01 11.14 8.04 8.04 5.76 2.84 6.05 6.76 5.55 8.74 11.10 10.27 8.71 11.07 13.01 13.23 13.53 13.12 12.34 12.08 10.45 7.42 10.35 9.33 6.48 8.96 9.37 9.45 8.55 8.34 12.63 13.69 10.88 11.94 14.77 13.67 14.31 13.94 15.41 15.26 16.77 17.17 17.11 17.89 17.00 17.37 16.27 14.39 12.50 12.58 10.49 9.23 13.25 13.23 10.51 13.07 16.21 17.21 17.13 18.90 18.67 20.01 19.37 21.55 24.63 
17.89 15.10 13.69 12.43 10.90 11.38 7.99 6.05 3.90 7.32 6.31 9.56 10.82 11.83 10.62 13.55 13.30 13.70 14.90 15.28 13.82 13.27 13.26 10.95 11.28 10.85 11.62 11.15 9.88 10.49 9.77 11.11 13.13 14.27 14.31 14.67 16.39 14.94 16.16 16.23 17.25 17.30 18.43 20.22 19.59 19.95 19.43 19.68 18.68 16.77 15.37 15.03 13.76 12.50 14.92 14.86 14.56 15.41 17.72 19.04 20.12 21.42 20.12 21.87 23.03 25.13 25.94 
19.24 16.54 14.75 13.83 12.33 12.37 9.50 6.76 7.32 3.12 5.34 8.41 9.93 10.35 10.69 13.05 13.54 13.71 15.35 16.02 14.99 14.19 13.74 11.43 12.63 12.71 10.69 12.73 12.55 11.22 9.79 10.92 13.91 14.66 12.76 14.80 15.84 14.87 16.50 16.44 17.49 17.58 18.64 19.84 20.19 20.57 19.58 20.12 19.49 17.55 14.98 14.92 14.08 12.40 14.05 14.45 13.99 16.12 18.11 19.68 20.45 22.14 20.76 23.38 23.88 24.93 26.01 
18.78 16.12 14.09 13.06 12.05 12.48 8.72 5.55 6.31 5.34 0.93 4.84 7.17 8.00 8.07 10.29 11.43 11.99 12.88 11.69 12.08 11.19 8.90 6.48 10.63 9.58 7.57 8.91 11.32 9.60 7.41 6.84 11.78 12.31 9.89 11.09 13.83 13.16 14.92 14.17 15.58 16.32 17.72 18.47 18.21 18.45 17.55 18.27 17.75 15.09 12.92 12.23 10.31 8.72 13.10 12.35 10.27 13.35 17.50 17.69 17.91 19.33 19.73 20.90 21.53 23.67 25.03 
19.66 16.78 14.83 15.56 13.69 13.46 10.73 8.74 9.56 8.41 4.84 1.77 7.46 9.09 9.00 11.87 13.48 13.97 14.23 14.24 14.73 13.53 13.29 11.66 13.45 12.94 12.20 13.04 14.17 13.11 11.39 10.88 14.19 15.09 13.50 14.13 16.45 15.98 16.83 16.35 16.92 18.09 19.30 20.24 19.62 20.36 19.08 20.04 19.31 17.95 15.47 14.87 13.85 12.66 15.90 15.97 14.46 16.82 19.44 20.58 20.68 22.18 21.37 23.61 23.98 25.23 25.63 
20.62 18.68 16.55 15.97 14.20 15.02 11.95 11.10 10.82 9.93 7.17 7.46 4.25 7.35 7.51 10.22 12.61 11.57 11.71 13.58 15.16 14.57 14.85 14.95 17.10 16.28 16.25 15.75 14.91 13.60 13.19 13.37 15.11 15.65 16.55 17.03 18.44 17.34 18.01 16.80 17.78 18.22 19.36 20.46 20.00 20.62 19.53 20.25 19.25 18.47 16.03 16.18 15.55 15.40 17.52 17.32 16.84 17.85 20.22 21.26 21.90 23.44 23.58 24.41 25.04 26.85 26.62 
20.67 18.60 17.31 16.42 14.30 15.15 12.97 10.27 11.83 10.35 8.00 9.09 7.35 2.90 6.04 8.12 9.62 10.00 11.70 12.45 14.19 14.28 14.83 15.29 17.99 18.15 17.13 17.37 16.91 15.31 13.92 13.90 16.65 16.91 16.48 17.02 18.40 17.18 17.66 16.43 17.35 17.75 18.67 19.80 19.43 20.32 19.45 20.20 19.42 18.36 16.11 16.04 15.07 14.79 17.48 17.21 16.02 17.69 19.92 21.49 21.92 23.40 22.72 24.69 25.17 26.04 25.05 
18.85 17.34 15.56 15.41 13.27 14.57 11.52 8.71 10.62 10.69 8.07 9.00 7.51 6.04 3.14 5.20 6.40 7.71 8.40 8.19 10.35 11.65 11.88 12.49 15.19 17.00 16.60 16.26 16.68 14.95 14.00 13.56 16.02 16.84 15.79 15.49 17.46 16.38 16.30 15.14 15.33 15.69 16.94 17.95 17.83 17.83 16.99 17.29 17.11 15.85 13.74 13.48 12.90 12.79 16.01 15.53 14.29 16.03 19.09 19.26 19.16 20.25 21.11 22.33 22.50 24.29 23.98 
19.64 17.26 16.55 16.56 14.95 15.65 13.40 11.07 13.55 13.05 10.29 11.87 10.22 8.12 5.20 3.73 6.64 7.11 8.52 10.22 13.35 13.98 14.80 16.17 18.99 20.08 19.31 19.40 19.77 17.35 17.11 16.00 18.84 19.32 18.30 17.79 19.58 18.41 18.21 16.29 16.94 17.18 17.62 18.41 18.37 18.89 17.18 17.93 18.31 18.04 15.63 15.55 15.47 15.53 18.12 18.10 17.12 18.71 20.61 21.76 21.33 22.80 22.54 24.34 24.61 25.59 24.65 
20.12 18.24 16.91 16.90 15.14 17.20 14.79 13.01 13.30 13.54 11.43 13.48 12.61 9.62 6.40 6.64 5.72 5.84 7.46 9.83 13.30 14.38 15.20 17.59 19.35 20.28 19.71 19.08 19.80 16.77 16.79 16.31 17.88 19.05 19.42 18.63 20.79 19.29 18.64 16.96 17.83 17.09 17.59 18.55 18.65 18.54 17.58 18.58 18.51 17.98 16.76 16.73 16.65 16.66 19.02 18.90 18.14 18.79 21.71 21.58 20.76 22.37 23.64 23.80 24.29 26.02 25.82 
19.86 17.59 16.69 16.26 14.92 16.73 15.41 13.23 13.70 13.71 11.99 13.97 11.57 10.00 7.71 7.11 5.84 2.94 6.34 7.34 10.80 12.54 13.97 16.25 16.93 18.89 18.58 17.74 19.06 16.03 16.32 15.70 17.31 18.16 18.46 17.97 20.33 19.04 18.01 16.45 17.32 16.53 17.22 18.88 18.30 18.47 17.59 18.54 17.82 17.63 15.99 16.02 15.79 15.74 18.09 18.22 16.81 17.77 20.18 21.13 20.22 21.82 22.00 23.76 24.16 25.07 24.83 
19.27 17.17 16.51 16.41 16.06 18.07 16.75 13.53 14.90 15.35 12.88 14.23 11.71 11.70 8.40 8.52 7.46 6.34 3.30 6.28 9.56 10.78 11.68 14.42 15.00 16.86 16.95 15.53 16.71 13.54 14.44 14.76 17.27 18.48 18.31 17.80 20.33 19.85 19.18 17.43 17.68 17.44 18.26 19.93 19.51 19.61 18.42 18.73 18.54 17.65 16.01 16.13 16.29 15.78 18.50 18.74 16.83 18.32 20.84 21.10 19.71 21.06 21.77 23.27 23.66 25.38 25.10 
19.66 16.75 16.15 15.86 15.47 18.01 16.18 13.12 15.28 16.02 11.69 14.24 13.58 12.45 8.19 10.22 9.83 7.34 6.28 3.82 6.82 7.24 8.56 11.92 12.46 15.17 14.27 13.30 15.34 11.48 12.93 13.21 16.63 18.11 17.14 16.89 20.36 19.89 18.66 16.96 17.53 17.50 17.92 19.59 19.11 19.68 17.72 17.95 17.24 16.50 14.55 14.76 15.01 14.21 17.01 17.27 14.87 16.92 19.65 20.34 19.14 21.10 20.99 22.98 23.41 24.53 24.10 
19.63 16.91 16.22 15.24 14.40 16.75 15.98 12.34 13.82 14.99 12.08 14.73 15.16 14.19 10.35 13.35 13.30 10.80 9.56 6.82 5.19 6.38 5.89 9.49 10.62 12.45 12.25 12.86 12.71 10.05 11.72 12.29 15.76 17.44 17.03 15.91 20.25 19.67 17.91 16.64 17.88 16.75 17.40 19.03 19.04 19.12 17.20 17.70 16.84 15.27 12.94 12.38 14.35 13.70 16.32 17.06 15.39 16.27 19.43 19.15 17.92 20.58 21.00 22.22 22.47 24.37 24.44 
19.35 16.28 15.55 15.05 14.21 16.67 14.60 12.08 13.27 14.19 11.19 13.53 14.57 14.28 11.65 13.98 14.38 12.54 10.78 7.24 6.38 4.12 5.38 7.66 8.39 11.70 13.13 10.86 12.58 10.77 12.05 10.73 14.03 16.09 15.28 12.94 17.48 17.16 15.78 14.45 16.14 14.88 15.79 17.55 17.50 18.13 16.31 16.80 15.21 14.14 11.11 10.42 11.58 11.50 13.26 14.65 12.60 13.55 16.54 17.68 16.88 18.97 18.74 21.04 21.48 23.15 23.21 
17.20 15.04 15.62 14.23 14.11 15.87 14.32 10.45 13.26 13.74 8.90 13.29 14.85 14.83 11.88 14.80 15.20 13.97 11.68 8.56 5.89 5.38 4.53 5.82 6.25 9.64 9.78 8.32 10.47 8.84 9.76 8.89 13.24 14.82 12.88 12.67 16.85 16.52 15.99 14.75 15.52 14.68 15.73 17.11 16.73 17.30 16.09 16.39 15.90 14.32 12.05 11.49 11.68 9.96 13.36 14.39 10.79 13.02 16.80 16.80 15.59 18.18 17.35 19.45 19.66 22.48 23.43 
16.44 13.23 13.15 13.21 11.95 14.48 10.87 7.42 10.95 11.43 6.48 11.66 14.95 15.29 12.49 16.17 17.59 16.25 14.42 11.92 9.49 7.66 5.82 5.14 7.46 9.43 8.91 8.72 11.60 9.16 9.10 7.95 13.29 14.06 11.56 11.67 16.22 15.99 15.70 14.40 15.62 14.87 15.84 17.19 16.85 17.48 16.97 17.00 15.66 14.15 11.27 10.31 9.05 7.56 12.11 12.52 7.94 10.97 15.16 15.71 14.43 17.50 16.82 19.52 20.00 22.12 22.83 
18.44 15.27 15.42 14.39 13.83 16.29 14.07 10.35 11.28 12.63 10.63 13.45 17.10 17.99 15.19 18.99 19.35 16.93 15.00 12.46 10.62 8.39 6.25 7.46 5.29 7.53 7.83 8.77 11.66 10.63 11.07 10.40 13.61 15.78 14.02 13.26 17.91 17.56 16.51 15.44 16.50 15.49 16.74 17.88 17.86 18.65 16.79 17.30 16.99 15.56 11.34 10.41 11.47 11.15 12.61 13.85 11.60 12.77 16.80 16.58 16.02 18.89 17.77 19.35 20.69 23.30 23.89 
17.88 14.29 13.40 13.19 12.67 15.53 12.74 9.33 10.85 12.71 9.58 12.94 16.28 18.15 17.00 20.08 20.28 18.89 16.86 15.17 12.45 11.70 9.64 9.43 7.53 6.17 8.16 8.44 11.34 11.16 11.52 10.45 13.72 15.45 12.03 13.30 17.24 15.65 14.77 14.00 14.66 13.04 14.27 15.27 15.30 16.75 15.44 16.23 16.07 14.63 11.80 12.18 11.23 10.35 12.33 14.38 10.85 12.69 15.62 16.68 16.33 18.92 17.41 19.93 21.27 22.61 23.16 
15.71 12.36 12.23 11.84 11.67 13.67 10.34 6.48 11.62 10.69 7.57 12.20 16.25 17.13 16.60 19.31 19.71 18.58 16.95 14.27 12.25 13.13 9.78 8.91 7.83 8.16 4.57 5.40 9.08 8.08 8.11 6.61 12.75 13.76 9.73 11.08 16.97 16.12 15.56 14.97 16.48 14.63 15.82 16.42 16.40 17.32 16.00 16.90 16.74 14.13 11.85 12.76 10.66 7.90 12.98 13.84 8.77 12.62 17.38 16.98 16.13 18.12 17.17 19.26 20.93 22.91 23.36 
15.85 12.60 11.77 12.08 11.51 13.77 11.02 8.96 11.15 12.73 8.91 13.04 15.75 17.37 16.26 19.40 19.08 17.74 15.53 13.30 12.86 10.86 8.32 8.72 8.77 8.44 5.40 5.26 8.07 6.95 8.39 8.54 12.02 13.72 11.37 12.28 17.11 17.17 16.36 15.45 16.38 15.59 16.07 16.69 16.85 17.22 16.72 17.32 16.89 14.97 12.80 12.52 12.25 10.08 13.57 14.14 9.87 13.77 17.83 18.45 17.05 19.20 17.96 20.72 21.93 22.75 22.87 
17.02 13.90 13.04 12.15 9.43 13.13 12.90 9.37 9.88 12.55 11.32 14.17 14.91 16.91 16.68 19.77 19.80 19.06 16.71 15.34 12.71 12.58 10.47 11.60 11.66 11.34 9.08 8.07 6.12 6.88 7.75 9.38 12.68 14.02 13.25 13.96 16.71 17.50 17.27 16.77 17.19 16.55 17.19 17.68 17.26 18.25 16.76 18.24 17.84 16.43 14.00 13.74 14.23 13.03 15.21 16.08 13.76 15.89 19.23 19.32 19.51 21.30 20.03 21.78 23.72 25.01 24.60 
16.10 12.56 12.19 10.39 9.45 13.24 11.57 9.45 10.49 11.22 9.60 13.11 13.60 15.31 14.95 17.35 16.77 16.03 13.54 11.48 10.05 10.77 8.84 9.16 10.63 11.16 8.08 6.95 6.88 4.62 5.89 7.32 11.30 12.20 10.13 11.81 14.64 14.34 14.31 13.98 14.75 13.55 14.90 15.53 15.23 14.91 14.03 15.76 15.80 14.05 11.80 13.17 12.62 11.73 14.12 14.73 12.36 15.12 18.27 18.81 18.98 20.82 19.10 21.98 23.48 23.91 23.20 
16.29 13.30 12.85 12.04 11.51 12.76 11.80 8.55 9.77 9.79 7.41 11.39 13.19 13.92 14.00 17.11 16.79 16.32 14.44 12.93 11.72 12.05 9.76 9.10 11.07 11.52 8.11 8.39 7.75 5.89 5.41 7.09 9.95 11.37 8.82 9.54 12.90 13.88 13.32 13.10 14.24 14.10 14.98 16.73 16.86 17.02 15.47 16.54 16.41 14.47 12.70 12.80 12.62 10.38 13.48 14.74 11.46 15.05 19.02 18.56 18.28 20.16 18.78 20.66 22.22 23.59 23.55 
16.88 13.45 12.06 12.15 12.46 13.95 10.70 8.34 11.11 10.92 6.84 10.88 13.37 13.90 13.56 16.00 16.31 15.70 14.76 13.21 12.29 10.73 8.89 7.95 10.40 10.45 6.61 8.54 9.38 7.32 7.09 5.24 8.51 9.52 8.87 9.70 12.44 13.66 13.70 13.38 15.44 15.01 16.01 17.45 17.26 17.62 16.43 16.42 15.45 13.33 11.97 11.12 10.45 8.95 12.83 13.35 10.52 13.44 17.43 18.51 17.98 19.88 18.42 21.56 23.02 23.94 23.43 
19.92 17.55 15.46 14.98 14.97 16.79 14.52 12.63 13.13 13.91 11.78 14.19 15.11 16.65 16.02 18.84 17.88 17.31 17.27 16.63 15.76 14.03 13.24 13.29 13.61 13.72 12.75 12.02 12.68 11.30 9.95 8.51 7.19 8.95 9.97 10.21 13.07 14.24 14.91 15.03 17.16 17.93 18.48 20.22 19.81 20.42 18.71 18.96 16.79 15.43 13.61 12.34 13.70 13.53 14.71 15.84 15.57 16.95 20.56 20.93 20.70 22.58 22.05 23.13 24.87 26.66 26.42 
21.32 18.31 16.44 16.01 16.08 18.05 15.26 13.69 14.27 14.66 12.31 15.09 15.65 16.91 16.84 19.32 19.05 18.16 18.48 18.11 17.44 16.09 14.82 14.06 15.78 15.45 13.76 13.72 14.02 12.20 11.37 9.52 8.95 6.62 7.85 8.28 10.96 12.26 13.72 13.33 15.48 16.24 18.49 19.50 19.66 20.76 19.45 19.35 17.66 15.57 13.71 14.01 12.49 12.78 14.37 16.24 14.93 17.04 20.21 21.58 21.33 23.18 21.69 24.00 25.81 26.52 26.22 
20.61 18.16 16.39 15.85 15.40 17.54 13.33 10.88 14.31 12.76 9.89 13.50 16.55 16.48 15.79 18.30 19.42 18.46 18.31 17.14 17.03 15.28 12.88 11.56 14.02 12.03 9.73 11.37 13.25 10.13 8.82 8.87 9.97 7.85 5.11 6.40 9.02 10.73 12.30 12.28 14.37 15.38 16.81 18.79 18.77 20.11 19.17 18.68 17.22 14.96 13.51 10.21 9.36 9.31 12.64 13.79 11.91 14.67 19.60 18.86 18.31 20.46 20.49 22.21 23.40 25.54 25.82 
20.93 18.39 16.20 15.69 16.37 17.58 14.06 11.94 14.67 14.80 11.09 14.13 17.03 17.02 15.49 17.79 18.63 17.97 17.80 16.89 15.91 12.94 12.67 11.67 13.26 13.30 11.08 12.28 13.96 11.81 9.54 9.70 10.21 8.28 6.40 3.52 5.83 8.36 10.31 11.51 13.47 13.98 16.04 18.45 18.59 19.47 17.92 17.10 16.09 14.49 10.23 6.94 8.63 9.28 11.11 12.49 11.73 14.31 18.13 19.28 18.78 20.56 19.39 22.34 23.94 24.72 24.91 
22.61 20.37 17.61 17.25 17.36 18.14 15.56 14.77 16.39 15.84 13.83 16.45 18.44 18.40 17.46 19.58 20.79 20.33 20.33 20.36 20.25 17.48 16.85 16.22 17.91 17.24 16.97 17.11 16.71 14.64 12.90 12.44 13.07 10.96 9.02 5.83 5.81 7.41 9.43 10.30 13.90 14.99 16.04 18.47 19.61 20.50 19.09 19.47 18.13 16.04 12.44 11.27 11.91 12.82 12.34 14.87 15.59 16.14 19.53 20.42 20.25 21.86 21.19 22.80 24.46 26.38 26.58 
22.64 19.93 17.48 16.77 17.24 17.62 14.94 13.67 14.94 14.87 13.16 15.98 17.34 17.18 16.38 18.41 19.29 19.04 19.85 19.89 19.67 17.16 16.52 15.99 17.56 15.65 16.12 17.17 17.50 14.34 13.88 13.66 14.24 12.26 10.73 8.36 7.41 4.97 7.23 7.77 10.35 12.35 14.19 16.66 17.28 18.44 17.41 17.91 16.26 13.81 10.83 12.06 11.12 9.69 10.52 13.87 13.33 13.69 17.03 19.80 19.81 21.23 19.93 22.88 24.38 25.32 25.47 
21.94 20.02 18.04 17.60 17.07 18.86 15.83 14.31 16.16 16.50 14.92 16.83 18.01 17.66 16.30 18.21 18.64 18.01 19.18 18.66 17.91 15.78 15.99 15.70 16.51 14.77 15.56 16.36 17.27 14.31 13.32 13.70 14.91 13.72 12.30 10.31 9.43 7.23 4.11 6.12 7.68 9.64 12.58 14.64 15.71 16.50 16.18 16.51 15.26 14.03 11.61 11.34 11.40 11.73 12.50 14.13 13.41 15.14 18.63 19.17 18.91 20.35 19.81 21.92 23.12 25.14 25.79 
21.50 18.97 17.01 16.64 16.16 16.96 14.73 13.94 16.23 16.44 14.17 16.35 16.80 16.43 15.14 16.29 16.96 16.45 17.43 16.96 16.64 14.45 14.75 14.40 15.44 14.00 14.97 15.45 16.77 13.98 13.10 13.38 15.03 13.33 12.28 11.51 10.30 7.77 6.12 3.31 6.16 7.23 9.69 12.69 13.33 14.81 14.17 14.23 14.01 12.58 11.13 10.72 11.38 12.25 13.49 14.11 13.39 15.05 17.40 18.44 18.52 19.88 18.81 21.73 22.84 24.22 24.54 
21.20 19.08 16.82 16.53 16.21 17.84 15.81 15.41 17.25 17.49 15.58 16.92 17.78 17.35 15.33 16.94 17.83 17.32 17.68 17.53 17.88 16.14 15.52 15.62 16.50 14.66 16.48 16.38 17.19 14.75 14.24 15.44 17.16 15.48 14.37 13.47 13.90 10.35 7.68 6.16 4.96 6.16 7.61 10.80 12.43 13.27 12.09 13.77 12.38 11.72 10.53 12.07 12.31 12.78 13.58 15.44 14.44 15.14 18.35 18.45 18.42 20.08 19.70 21.25 22.71 24.47 25.09 
20.81 18.27 16.67 16.21 16.15 17.66 16.73 15.26 17.30 17.58 16.32 18.09 18.22 17.75 15.69 17.18 17.09 16.53 17.44 17.50 16.75 14.88 14.68 14.87 15.49 13.04 14.63 15.59 16.55 13.55 14.10 15.01 17.93 16.24 15.38 13.98 14.99 12.35 9.64 7.23 6.16 3.28 5.68 7.79 9.78 10.04 10.05 10.66 10.86 9.99 8.88 10.93 10.79 12.73 14.37 15.75 14.58 15.60 17.75 19.38 19.39 20.60 19.33 22.30 23.10 24.61 24.52 
20.53 18.44 17.28 17.23 16.90 18.66 16.90 16.77 18.43 18.64 17.72 19.30 19.36 18.67 16.94 17.62 17.59 17.22 18.26 17.92 17.40 15.79 15.73 15.84 16.74 14.27 15.82 16.07 17.19 14.90 14.98 16.01 18.48 18.49 16.81 16.04 16.04 14.19 12.58 9.69 7.61 5.68 4.51 7.07 7.56 9.77 9.65 10.96 11.58 11.27 11.04 13.45 13.74 15.85 17.51 18.48 17.33 17.99 20.72 20.27 20.27 21.26 21.44 22.57 23.60 25.27 25.87 
20.95 18.27 16.81 17.30 17.55 18.37 16.89 17.17 20.22 19.84 18.47 20.24 20.46 19.80 17.95 18.41 18.55 18.88 19.93 19.59 19.03 17.55 17.11 17.19 17.88 15.27 16.42 16.69 17.68 15.53 16.73 17.45 20.22 19.50 18.79 18.45 18.47 16.66 14.64 12.69 10.80 7.79 7.07 4.03 6.34 7.84 8.61 9.87 13.17 12.50 12.93 15.48 17.17 18.30 20.28 20.35 19.07 19.90 21.45 21.69 21.60 22.99 23.01 24.46 25.44 26.75 26.27 
20.41 18.21 16.10 16.48 17.37 19.42 17.71 17.11 19.59 20.19 18.21 19.62 20.00 19.43 17.83 18.37 18.65 18.30 19.51 19.11 19.04 17.50 16.73 16.85 17.86 15.30 16.40 16.85 17.26 15.23 16.86 17.26 19.81 19.66 18.77 18.59 19.61 17.28 15.71 13.33 12.43 9.78 7.56 6.34 4.04 5.64 6.28 9.33 12.09 12.42 11.90 14.83 16.74 18.43 19.56 20.28 19.22 20.37 21.86 21.18 20.43 22.11 23.01 24.08 25.65 26.46 27.02 
20.07 17.87 16.13 16.73 17.85 20.17 18.58 17.89 19.95 20.57 18.45 20.36 20.62 20.32 17.83 18.89 18.54 18.47 19.61 19.68 19.12 18.13 17.30 17.48 18.65 16.75 17.32 17.22 18.25 14.91 17.02 17.62 20.42 20.76 20.11 19.47 20.50 18.44 16.50 14.81 13.27 10.04 9.77 7.84 5.64 2.34 5.69 7.72 10.67 12.71 12.81 14.90 15.90 18.15 19.64 20.36 18.86 20.36 21.87 22.12 21.43 22.75 23.21 24.67 25.24 26.81 26.18 
19.32 17.02 15.94 16.35 16.98 18.95 17.48 17.00 19.43 19.58 17.55 19.08 19.53 19.45 16.99 17.18 17.58 17.59 18.42 17.72 17.20 16.31 16.09 16.97 16.79 15.44 16.00 16.72 16.76 14.03 15.47 16.43 18.71 19.45 19.17 17.92 19.09 17.41 16.18 14.17 12.09 10.05 9.65 8.61 6.28 5.69 1.57 5.94 8.33 10.53 11.40 13.93 14.74 16.19 18.51 19.48 17.28 19.25 20.87 21.07 19.63 21.41 21.63 23.45 24.34 26.27 26.80 
19.39 16.79 15.90 16.06 16.90 19.47 17.80 17.37 19.68 20.12 18.27 20.04 20.25 20.20 17.29 17.93 18.58 18.54 18.73 17.95 17.70 16.80 16.39 17.00 17.30 16.23 16.90 17.32 18.24 15.76 16.54 16.42 18.96 19.35 18.68 17.10 19.47 17.91 16.51 14.23 13.77 10.66 10.96 9.87 9.33 7.72 5.94 1.73 7.13 8.15 10.42 13.44 15.20 15.85 18.26 19.73 17.13 18.68 20.40 21.30 20.61 22.24 23.48 24.41 25.21 27.00 26.46 
19.20 17.01 14.57 15.49 16.26 18.91 17.54 16.27 18.68 19.49 17.75 19.31 19.25 19.42 17.11 18.31 18.51 17.82 18.54 17.24 16.84 15.21 15.90 15.66 16.99 16.07 16.74 16.89 17.84 15.80 16.41 15.45 16.79 17.66 17.22 16.09 18.13 16.26 15.26 14.01 12.38 10.86 11.58 13.17 12.09 10.67 8.33 7.13 1.47 6.06 7.98 11.26 13.04 13.66 15.71 17.62 15.81 17.85 18.48 19.77 18.38 20.94 21.42 22.54 23.49 26.13 26.83 
18.62 15.62 13.63 14.73 15.34 17.05 14.90 14.39 16.77 17.55 15.09 17.95 18.47 18.36 15.85 18.04 17.98 17.63 17.65 16.50 15.27 14.14 14.32 14.15 15.56 14.63 14.13 14.97 16.43 14.05 14.47 13.33 15.43 15.57 14.96 14.49 16.04 13.81 14.03 12.58 11.72 9.99 11.27 12.50 12.42 12.71 10.53 8.15 6.06 1.90 6.16 7.51 9.10 10.52 13.17 15.35 12.73 15.03 16.84 18.34 17.94 19.47 20.23 21.57 22.54 24.03 24.42 
18.12 15.55 14.22 14.38 14.23 15.01 13.42 12.50 15.37 14.98 12.92 15.47 16.03 16.11 13.74 15.63 16.76 15.99 16.01 14.55 12.94 11.11 12.05 11.27 11.34 11.80 11.85 12.80 14.00 11.80 12.70 11.97 13.61 13.71 13.51 10.23 12.44 10.83 11.61 11.13 10.53 8.88 11.04 12.93 11.90 12.81 11.40 10.42 7.98 6.16 3.05 5.81 6.75 7.34 10.05 12.58 9.10 12.81 14.29 15.94 14.77 17.39 17.08 19.93 20.31 23.22 23.46 
18.27 16.00 14.53 14.73 14.18 16.25 13.69 12.58 15.03 14.92 12.23 14.87 16.18 16.04 13.48 15.55 16.73 16.02 16.13 14.76 12.38 10.42 11.49 10.31 10.41 12.18 12.76 12.52 13.74 13.17 12.80 11.12 12.34 14.01 10.21 6.94 11.27 12.06 11.34 10.72 12.07 10.93 13.45 15.48 14.83 14.90 13.93 13.44 11.26 7.51 5.81 2.60 6.32 6.32 9.30 10.44 7.98 10.83 13.59 14.56 13.65 16.91 17.30 18.98 21.07 21.99 22.52 
17.57 14.85 13.56 13.87 13.50 15.16 13.07 10.49 13.76 14.08 10.31 13.85 15.55 15.07 12.90 15.47 16.65 15.79 16.29 15.01 14.35 11.58 11.68 9.05 11.47 11.23 10.66 12.25 14.23 12.62 12.62 10.45 13.70 12.49 9.36 8.63 11.91 11.12 11.40 11.38 12.31 10.79 13.74 17.17 16.74 15.90 14.74 15.20 13.04 9.10 6.75 6.32 3.38 5.89 7.93 9.24 7.25 11.48 12.16 13.69 12.22 15.43 14.91 16.66 17.42 20.64 21.41 
17.58 14.84 13.36 14.05 13.29 14.63 11.51 9.23 12.50 12.40 8.72 12.66 15.40 14.79 12.79 15.53 16.66 15.74 15.78 14.21 13.70 11.50 9.96 7.56 11.15 10.35 7.90 10.08 13.03 11.73 10.38 8.95 13.53 12.78 9.31 9.28 12.82 9.69 11.73 12.25 12.78 12.73 15.85 18.30 18.43 18.15 16.19 15.85 13.66 10.52 7.34 6.32 5.89 0.30 5.67 6.89 5.90 9.11 10.53 11.95 11.64 14.87 15.00 16.62 18.34 18.81 20.58 
20.30 18.60 17.55 16.99 15.98 17.00 14.82 13.25 14.92 14.05 13.10 15.90 17.52 17.48 16.01 18.12 19.02 18.09 18.50 17.01 16.32 13.26 13.36 12.11 12.61 12.33 12.98 13.57 15.21 14.12 13.48 12.83 14.71 14.37 12.64 11.11 12.34 10.52 12.50 13.49 13.58 14.37 17.51 20.28 19.56 19.64 18.51 18.26 15.71 13.17 10.05 9.30 7.93 5.67 0.79 7.29 7.06 8.89 10.80 13.06 12.66 15.44 15.64 16.40 18.43 20.41 21.34 
21.14 18.75 17.87 17.40 16.38 17.55 15.57 13.23 14.86 14.45 12.35 15.97 17.32 17.21 15.53 18.10 18.90 18.22 18.74 17.27 17.06 14.65 14.39 12.52 13.85 14.38 13.84 14.14 16.08 14.73 14.74 13.35 15.84 16.24 13.79 12.49 14.87 13.87 14.13 14.11 15.44 15.75 18.48 20.35 20.28 20.36 19.48 19.73 17.62 15.35 12.58 10.44 9.24 6.89 7.29 0.00 5.57 8.68 9.06 10.14 9.88 13.94 14.92 16.33 17.40 18.58 19.66 
19.98 17.47 16.30 15.58 14.42 16.18 12.97 10.51 14.56 13.99 10.27 14.46 16.84 16.02 14.29 17.12 18.14 16.81 16.83 14.87 15.39 12.60 10.79 7.94 11.60 10.85 8.77 9.87 13.76 12.36 11.46 10.52 15.57 14.93 11.91 11.73 15.59 13.33 13.41 13.39 14.44 14.58 17.33 19.07 19.22 18.86 17.28 17.13 15.81 12.73 9.10 7.98 7.25 5.90 7.06 5.57 1.29 6.75 8.49 7.42 9.40 10.65 13.25 12.04 14.40 16.46 17.90 
21.33 18.41 17.16 17.10 16.17 17.69 15.16 13.07 15.41 16.12 13.35 16.82 17.85 17.69 16.03 18.71 18.79 17.77 18.32 16.92 16.27 13.55 13.02 10.97 12.77 12.69 12.62 13.77 15.89 15.12 15.05 13.44 16.95 17.04 14.67 14.31 16.14 13.69 15.14 15.05 15.14 15.60 17.99 19.90 20.37 20.36 19.25 18.68 17.85 15.03 12.81 10.83 11.48 9.11 8.89 8.68 6.75 0.79 6.18 7.60 7.45 9.94 9.76 12.14 14.01 15.28 16.28 
22.96 21.36 19.85 19.75 18.12 19.56 17.91 16.21 17.72 18.11 17.50 19.44 20.22 19.92 19.09 20.61 21.71 20.18 20.84 19.65 19.43 16.54 16.80 15.16 16.80 15.62 17.38 17.83 19.23 18.27 19.02 17.43 20.56 20.21 19.60 18.13 19.53 17.03 18.63 17.40 18.35 17.75 20.72 21.45 21.86 21.87 20.87 20.40 18.48 16.84 14.29 13.59 12.16 10.53 10.80 9.06 8.49 6.18 1.95 6.22 8.39 9.51 10.31 11.63 14.62 15.48 17.08 
22.92 21.02 20.29 20.01 18.94 20.90 18.55 17.21 19.04 19.68 17.69 20.58 21.26 21.49 19.26 21.76 21.58 21.13 21.10 20.34 19.15 17.68 16.80 15.71 16.58 16.68 16.98 18.45 19.32 18.81 18.56 18.51 20.93 21.58 18.86 19.28 20.42 19.80 19.17 18.44 18.45 19.38 20.27 21.69 21.18 22.12 21.07 21.30 19.77 18.34 15.94 14.56 13.69 11.95 13.06 10.14 7.42 7.60 6.22 0.00 6.39 9.52 8.74 11.49 12.03 15.81 14.56 
22.31 20.37 19.18 19.53 18.45 20.98 18.13 17.13 20.12 20.45 17.91 20.68 21.90 21.92 19.16 21.33 20.76 20.22 19.71 19.14 17.92 16.88 15.59 14.43 16.02 16.33 16.13 17.05 19.51 18.98 18.28 17.98 20.70 21.33 18.31 18.78 20.25 19.81 18.91 18.52 18.42 19.39 20.27 21.60 20.43 21.43 19.63 20.61 18.38 17.94 14.77 13.65 12.22 11.64 12.66 9.88 9.40 7.45 8.39 6.39 1.21 6.82 5.36 7.89 8.09 10.30 12.77 
23.65 21.21 19.12 19.26 21.15 22.33 20.08 18.90 21.42 22.14 19.33 22.18 23.44 23.40 20.25 22.80 22.37 21.82 21.06 21.10 20.58 18.97 18.18 17.50 18.89 18.92 18.12 19.20 21.30 20.82 20.16 19.88 22.58 23.18 20.46 20.56 21.86 21.23 20.35 19.88 20.08 20.60 21.26 22.99 22.11 22.75 21.41 22.24 20.94 19.47 17.39 16.91 15.43 14.87 15.44 13.94 10.65 9.94 9.51 9.52 6.82 0.00 4.53 7.98 8.21 11.54 11.89 
23.65 20.40 18.79 19.94 22.22 22.56 20.48 18.67 20.12 20.76 19.73 21.37 23.58 22.72 21.11 22.54 23.64 22.00 21.77 20.99 21.00 18.74 17.35 16.82 17.77 17.41 17.17 17.96 20.03 19.10 18.78 18.42 22.05 21.69 20.49 19.39 21.19 19.93 19.81 18.81 19.70 19.33 21.44 23.01 23.01 23.21 21.63 23.48 21.42 20.23 17.08 17.30 14.91 15.00 15.64 14.92 13.25 9.76 10.31 8.74 5.36 4.53 0.00 4.17 4.94 8.73 10.57 
23.97 22.94 21.17 21.52 21.36 22.80 19.89 20.01 21.87 23.38 20.90 23.61 24.41 24.69 22.33 24.34 23.80 23.76 23.27 22.98 22.22 21.04 19.45 19.52 19.35 19.93 19.26 20.72 21.78 21.98 20.66 21.56 23.13 24.00 22.21 22.34 22.80 22.88 21.92 21.73 21.25 22.30 22.57 24.46 24.08 24.67 23.45 24.41 22.54 21.57 19.93 18.98 16.66 16.62 16.40 16.33 12.04 12.14 11.63 11.49 7.89 7.98 4.17 0.00 0.09 4.71 9.74 
25.32 23.91 22.43 23.37 20.50 22.02 19.68 19.37 23.03 23.88 21.53 23.98 25.04 25.17 22.50 24.61 24.29 24.16 23.66 23.41 22.47 21.48 19.66 20.00 20.69 21.27 20.93 21.93 23.72 23.48 22.22 23.02 24.87 25.81 23.40 23.94 24.46 24.38 23.12 22.84 22.71 23.10 23.60 25.44 25.65 25.24 24.34 25.21 23.49 22.54 20.31 21.07 17.42 18.34 18.43 17.40 14.40 14.01 14.62 12.03 8.09 8.21 4.94 0.09 0.00 2.31 10.38 
26.30 25.10 23.65 23.09 22.78 23.86 21.49 21.55 25.13 24.93 23.67 25.23 26.85 26.04 24.29 25.59 26.02 25.07 25.38 24.53 24.37 23.15 22.48 22.12 23.30 22.61 22.91 22.75 25.01 23.91 23.59 23.94 26.66 26.52 25.54 24.72 26.38 25.32 25.14 24.22 24.47 24.61 25.27 26.75 26.46 26.81 26.27 27.00 26.13 24.03 23.22 21.99 20.64 18.81 20.41 18.58 16.46 15.28 15.48 15.81 10.30 11.54 8.73 4.71 2.31 0.00 12.66 
28.19 25.40 24.00 28.58 26.08 25.73 23.69 24.63 25.94 26.01 25.03 25.63 26.62 25.05 23.98 24.65 25.82 24.83 25.10 24.10 24.44 23.21 23.43 22.83 23.89 23.16 23.36 22.87 24.60 23.20 23.55 23.43 26.42 26.22 25.82 24.91 26.58 25.47 25.79 24.54 25.09 24.52 25.87 26.27 27.02 26.18 26.80 26.46 26.83 24.42 23.46 22.52 21.41 20.58 21.34 19.66 17.90 16.28 17.08 14.56 12.77 11.89 10.57 9.74 10.38 12.66 10.90 
