0.04 4.75 7.34 9.51 10.96 14.31 17.26 18.78 20.42 22.85 24.85 24.19 24.39 24.60 25.14 24.51 25.49 26.83 28.09 27.50 28.35 28.35 29.32 28.09 28.66 27.20 27.70 27.30 27.82 27.47 27.99 28.83 29.96 30.11 31.18 31.16 30.57 30.37 30.84 29.67 28.48 27.40 26.57 26.11 26.06 25.39 25.03 25.62 26.78 27.50 27.73 29.06 30.30 31.38 30.95 30.65 29.67 30.16 30.77 30.58 30.07 30.34 31.83 31.94 31.39 31.38 33.30 33.54 33.86 33.09 34.06 33.57 33.16 31.53 30.37 30.49 29.63 27.91 27.56 26.71 26.61 26.23 26.72 27.49 28.09 28.14 28.52 27.41 28.05 27.79 27.95 26.90 25.56 25.10 23.86 23.03 22.95 23.18 23.90 24.78 26.11 27.39 28.83 30.01 31.98 33.35 33.83 34.19 34.98 35.93 34.89 33.67 34.46 34.56 32.95 31.50 32.91 33.13 31.36 30.47 31.97 31.53 30.69 30.48 32.22 31.12 30.80 31.24 31.69 30.60 30.74 28.89 28.41 27.10 26.37 25.88 26.35 26.55 27.29 27.84 28.95 29.62 30.39 30.51 30.75 31.60 31.69 31.30 31.56 32.32 31.29 28.43 27.79 28.56 27.21 25.58 26.35 27.14 25.87 25.08 26.28 26.86 25.92 26.31 27.47 27.13 25.26 24.62 24.34 23.95 23.13 23.53 24.09 25.54 26.72 27.30 28.93 30.95 31.57 29.51 28.92 30.13 29.26 26.91 26.96 27.18 27.15 27.65 29.40 28.29 28.62 33.56 
4.75 0.00 4.41 7.43 9.82 13.29 16.05 18.39 19.74 22.69 24.58 23.66 23.68 24.11 25.03 23.47 24.54 26.02 27.58 27.19 27.93 28.07 29.21 28.04 28.74 27.17 27.93 27.38 27.93 27.58 28.46 29.08 30.22 30.52 31.97 31.77 30.72 30.92 31.29 30.50 29.13 28.31 27.50 27.32 27.47 26.46 26.09 26.72 28.29 28.73 28.96 30.14 31.56 32.34 31.89 31.78 30.72 31.12 31.62 31.82 30.65 30.88 32.38 33.02 31.70 31.77 33.63 34.30 33.46 32.93 33.63 33.72 32.68 30.92 29.40 30.21 29.01 27.16 27.04 26.38 26.35 25.89 26.86 27.65 28.37 28.33 28.88 27.81 28.55 28.15 28.39 27.56 26.26 25.52 23.99 23.28 23.37 23.47 24.14 25.12 26.85 27.94 29.48 30.71 32.66 34.37 34.77 35.22 36.08 37.08 35.54 34.20 34.93 35.48 32.97 31.83 33.36 33.69 30.97 30.48 32.20 31.92 30.27 30.62 32.44 31.09 30.45 31.20 31.90 30.52 30.86 28.91 28.82 26.93 26.36 25.78 26.45 26.68 27.37 27.90 28.93 29.50 30.21 30.49 30.37 31.77 31.45 31.28 31.45 32.66 31.24 28.67 28.00 29.30 26.99 25.63 26.44 27.55 25.33 25.02 26.46 26.98 25.21 25.86 27.60 26.99 25.00 24.23 24.28 23.68 22.63 22.97 23.49 25.09 26.75 27.31 29.26 31.35 32.14 29.08 28.48 30.03 28.92 25.98 26.52 26.94 25.97 25.40 27.88 28.02 27.18 31.48 
7.34 4.41 0.00 4.74 8.28 10.67 13.23 15.24 17.52 19.55 22.09 19.77 19.46 20.44 21.87 20.70 21.44 23.65 25.61 25.46 26.27 27.05 28.24 26.78 27.08 25.38 26.24 25.34 25.94 25.46 26.70 26.83 28.21 28.60 30.89 30.22 29.52 29.36 30.31 29.09 27.96 26.95 26.75 26.55 26.55 25.56 25.29 26.00 27.43 27.84 28.12 29.24 30.50 31.25 30.73 30.55 29.54 29.91 30.54 30.53 29.45 29.57 31.15 31.47 30.29 29.89 32.20 32.03 31.50 30.19 31.55 30.82 30.03 27.66 26.81 27.04 26.15 24.19 24.75 24.00 23.93 23.63 25.27 25.92 26.46 26.45 27.58 26.36 26.86 26.53 26.71 25.74 24.28 23.63 22.18 21.32 21.53 21.73 22.59 23.54 25.42 26.69 28.52 29.57 31.51 33.01 33.93 33.81 34.64 35.47 34.36 32.54 33.24 33.45 31.68 29.87 31.68 31.85 29.64 28.71 30.59 29.95 28.80 28.72 30.61 29.05 28.81 29.19 29.88 28.37 28.86 26.67 26.62 24.87 24.22 23.58 24.48 24.63 25.51 25.86 27.15 27.61 28.49 28.27 28.35 29.29 29.29 28.80 29.38 30.49 29.35 26.64 26.21 27.14 24.92 23.57 24.60 25.36 22.90 22.66 24.49 24.56 22.44 23.11 24.82 24.36 22.28 21.63 21.79 21.25 19.99 20.43 20.50 22.53 24.77 25.20 27.00 29.34 30.13 27.05 26.31 27.47 26.16 24.31 25.59 25.81 23.68 24.49 27.91 27.71 26.31 29.84 
9.51 7.43 4.74 0.00 6.74 8.65 10.04 12.39 14.77 17.82 19.43 17.94 17.21 17.70 19.84 18.81 20.34 22.00 23.95 24.39 25.40 25.74 26.74 25.69 26.36 24.36 24.87 24.02 24.61 24.09 24.97 25.63 26.87 27.22 29.15 28.88 28.04 28.22 28.89 28.02 26.62 26.06 25.57 25.52 25.36 24.60 24.22 25.20 26.43 27.07 27.14 28.38 29.55 30.42 29.70 29.66 28.63 28.99 29.03 29.37 28.28 28.50 29.48 30.32 29.28 29.06 30.52 31.12 30.16 29.44 30.07 30.11 29.10 27.04 25.33 26.03 24.71 22.92 23.35 22.69 22.59 22.51 23.96 24.69 25.17 25.51 26.68 25.37 25.87 25.78 26.22 25.27 23.73 22.93 21.33 20.64 20.62 20.73 21.29 22.29 23.91 25.32 27.22 28.44 30.49 32.39 33.17 33.37 33.92 34.97 33.65 32.08 32.53 32.86 30.49 28.99 29.99 30.61 28.13 27.72 28.93 28.94 27.46 27.99 29.21 28.24 27.74 28.67 29.15 27.79 27.97 25.92 25.95 23.89 23.18 22.66 23.39 23.58 24.29 24.83 25.95 26.64 27.16 27.49 27.61 28.80 28.46 28.38 28.62 29.91 28.45 26.05 25.34 26.36 23.87 22.58 22.95 23.91 21.20 20.93 22.36 22.93 20.72 21.69 23.32 22.74 20.73 20.22 20.71 20.19 18.59 19.11 19.44 20.89 22.91 23.66 25.62 27.83 28.22 25.28 24.36 25.76 24.49 22.51 23.48 22.69 22.04 21.29 25.96 24.76 24.18 28.16 
10.96 9.82 8.28 6.74 0.00 5.65 7.37 10.12 11.91 14.75 16.99 15.90 15.01 14.53 15.50 15.83 17.09 20.52 22.16 23.03 23.29 24.13 24.98 24.20 24.23 22.99 23.46 22.72 22.83 22.24 23.03 23.84 24.85 25.51 27.41 27.27 26.19 26.60 27.65 26.61 25.31 24.60 24.27 23.78 23.58 22.74 22.28 23.32 24.44 25.56 25.48 27.22 28.12 29.78 28.85 28.77 27.34 28.09 28.62 28.77 27.53 27.87 29.44 30.17 28.83 28.51 30.56 31.15 30.76 29.63 30.42 30.08 29.47 26.74 25.18 25.50 24.44 22.05 22.28 21.67 21.75 21.34 22.48 23.61 23.96 24.55 25.17 24.16 24.69 24.87 25.27 24.12 22.02 21.21 19.46 18.34 18.02 18.17 18.86 20.02 21.33 23.05 24.60 26.40 28.73 31.11 31.72 32.25 33.20 34.69 33.08 31.29 32.17 32.46 30.08 28.01 29.65 29.95 27.53 26.62 28.58 28.16 26.93 27.01 29.01 27.74 27.01 27.89 28.60 27.33 27.26 24.79 24.50 22.48 21.56 20.39 20.79 21.20 22.11 22.53 23.46 24.41 25.04 25.43 26.02 27.59 27.82 27.39 27.97 29.61 28.12 24.86 24.40 25.86 23.68 21.59 22.11 23.50 20.93 20.24 21.60 22.27 20.64 20.67 22.28 21.44 19.38 17.97 18.60 17.61 16.28 17.43 17.97 20.41 21.70 22.89 24.71 27.55 27.72 24.52 23.17 25.48 24.06 21.97 22.23 24.15 22.91 24.04 23.03 22.95 23.91 30.06 
14.31 13.29 10.67 8.65 5.65 0.00 6.10 7.99 10.17 14.08 15.69 14.76 14.50 14.31 16.46 15.97 18.39 22.35 24.86 25.30 25.54 26.51 27.36 26.24 26.00 24.69 25.11 24.22 24.16 23.75 24.92 25.40 26.58 27.01 29.23 28.92 27.96 28.54 29.60 28.85 27.46 26.85 26.46 26.12 26.14 25.08 24.90 25.53 27.02 27.60 27.96 29.03 30.38 31.40 30.87 30.47 29.18 29.65 30.38 30.53 29.06 29.34 31.26 31.71 30.02 29.56 31.81 32.40 31.24 30.46 30.98 30.76 29.45 27.33 25.21 26.27 24.65 22.61 23.11 22.47 22.85 22.74 24.02 25.25 26.13 26.43 27.11 25.81 26.64 26.45 26.83 25.91 23.79 22.90 20.75 19.71 19.35 19.93 20.74 22.16 23.49 25.03 26.95 28.21 30.60 32.78 33.77 34.12 34.91 36.23 34.36 32.38 33.21 33.54 30.66 29.02 30.78 30.97 27.99 27.47 29.70 29.07 27.51 28.09 30.22 28.64 27.52 28.84 29.68 28.25 28.25 25.96 25.82 23.60 22.59 21.71 22.36 22.70 23.69 23.97 25.00 25.47 26.45 26.48 27.05 28.48 28.65 28.32 29.04 30.43 28.94 25.84 25.42 26.78 24.02 22.52 23.21 24.29 21.24 20.93 22.35 22.94 20.38 20.99 22.60 22.09 19.63 18.61 18.95 18.22 16.78 17.91 19.08 21.35 23.11 24.21 26.06 28.98 28.91 25.61 24.19 26.72 24.67 22.82 22.86 24.71 23.31 23.38 22.62 25.02 24.60 29.32 
17.26 16.05 13.23 10.04 7.37 6.10 0.00 6.33 7.68 10.42 13.96 13.18 12.33 12.95 15.98 15.56 18.37 22.34 25.48 25.94 26.33 27.15 27.81 26.79 26.26 25.06 25.66 24.56 24.13 23.73 25.06 25.42 26.14 26.96 29.15 29.23 27.97 28.59 29.91 29.37 28.05 27.57 27.29 27.31 26.95 26.10 25.46 26.48 27.44 28.22 28.02 29.37 30.18 31.42 30.51 30.37 29.01 29.56 30.29 30.47 28.88 29.31 31.19 31.64 29.68 29.17 31.41 31.51 30.52 29.20 30.26 29.45 28.69 25.80 24.38 24.96 24.27 21.98 22.80 22.51 23.01 22.90 24.19 25.91 26.56 26.75 27.04 26.14 27.08 26.79 26.74 25.77 23.89 22.98 20.86 19.64 19.35 20.02 20.78 22.05 23.42 25.41 27.14 28.51 30.43 32.80 33.63 33.69 34.41 35.60 33.88 31.78 32.68 32.77 30.01 28.20 30.43 30.69 27.67 27.17 29.70 29.06 27.16 27.52 30.10 28.08 26.98 27.98 29.34 27.59 27.69 25.33 25.71 23.51 22.50 21.58 22.32 22.63 23.51 23.87 24.72 25.43 25.90 26.07 26.60 27.98 27.91 27.50 28.45 29.66 28.06 25.18 24.93 25.81 23.18 21.73 22.65 23.26 20.32 20.07 22.06 21.69 19.43 19.63 21.91 20.75 19.12 17.43 18.39 17.21 16.04 16.88 17.67 20.34 22.68 23.60 25.33 28.34 28.75 25.21 23.76 25.50 23.62 21.94 22.78 24.14 21.65 23.05 22.44 23.36 23.07 27.71 
18.78 18.39 15.24 12.39 10.12 7.99 6.33 0.00 6.14 7.80 10.76 10.80 12.06 12.37 16.00 16.57 18.90 22.75 26.38 27.05 27.18 27.94 28.61 27.07 26.62 25.24 25.85 24.56 23.93 23.86 24.91 25.18 25.74 26.74 28.96 28.66 27.39 28.43 29.66 28.97 27.49 27.25 26.86 26.78 26.58 25.78 25.26 26.29 27.18 28.09 27.93 29.27 30.17 31.56 30.55 30.55 28.78 29.90 29.83 30.50 28.53 29.49 30.61 31.56 29.62 29.74 31.06 31.95 30.37 29.79 30.14 30.28 28.89 26.82 24.47 25.68 24.32 22.32 23.13 22.75 23.05 23.36 24.44 25.88 26.43 26.75 27.44 26.15 27.02 26.90 27.19 26.28 24.25 23.29 21.18 20.11 20.02 20.68 21.31 22.76 24.13 26.03 27.65 29.17 30.96 33.48 33.92 34.54 34.70 36.35 33.88 32.49 32.65 33.64 29.84 28.92 29.66 31.13 27.38 27.64 28.84 29.47 26.92 28.00 29.25 28.25 26.83 28.19 28.99 27.61 27.47 24.95 25.35 23.03 22.49 21.42 22.44 22.86 23.74 24.14 25.05 25.82 26.26 26.29 26.65 28.32 28.09 27.96 28.33 30.05 28.06 25.43 24.67 26.10 23.22 22.01 22.02 23.26 20.17 19.72 20.87 21.29 18.57 19.36 20.70 20.20 18.06 16.54 17.39 16.86 16.29 17.32 18.36 20.50 23.06 23.93 25.18 27.96 28.12 24.60 22.67 25.40 22.98 21.19 21.15 22.81 21.08 21.47 20.70 22.36 22.00 26.77 
20.42 19.74 17.52 14.77 11.91 10.17 7.68 6.14 0.00 5.15 6.85 8.67 9.72 12.73 15.25 16.19 18.76 22.35 25.02 26.33 26.63 27.60 28.13 26.50 25.71 24.46 25.14 23.63 23.24 23.00 24.04 24.10 24.46 25.44 27.44 27.27 26.22 26.63 28.38 27.44 26.47 26.03 26.00 25.65 25.42 24.38 23.95 24.93 25.99 26.73 26.68 28.16 29.29 30.51 29.75 29.43 28.02 28.48 28.75 28.89 27.67 27.69 28.98 29.68 28.48 28.13 29.68 30.29 29.91 28.70 29.62 29.50 29.00 26.44 24.88 25.38 24.04 22.13 23.12 22.21 22.35 22.48 23.65 24.97 24.98 25.19 26.10 24.82 25.84 26.06 26.75 25.85 23.70 22.90 20.90 19.79 19.70 20.53 21.87 22.64 24.24 25.88 27.75 28.51 30.85 32.72 33.45 33.14 33.77 35.13 33.24 31.27 32.00 32.33 29.51 27.56 28.71 29.30 26.56 25.86 27.50 27.61 25.91 25.98 27.66 26.45 25.71 26.82 27.90 26.45 27.02 23.90 24.11 21.94 21.65 20.81 21.61 22.36 23.72 23.98 25.18 25.64 26.46 25.80 26.04 27.51 27.42 26.97 27.11 28.72 27.15 24.21 23.57 24.95 22.64 20.72 20.66 21.91 19.40 18.34 19.62 19.95 17.82 17.64 18.73 17.90 15.64 13.90 15.57 15.18 15.10 16.61 17.70 19.87 21.85 22.52 24.54 26.78 26.84 23.31 21.73 23.01 21.13 19.17 19.92 20.16 19.05 19.35 21.29 21.22 21.17 24.58 
22.85 22.69 19.55 17.82 14.75 14.08 10.42 7.80 5.15 0.00 5.46 7.04 9.42 12.77 16.13 17.15 20.31 24.43 27.16 28.56 28.68 29.61 29.94 28.12 27.44 25.60 26.39 24.83 24.51 24.25 25.24 25.63 26.14 27.08 28.77 29.35 27.72 28.33 29.38 28.94 28.07 27.37 27.09 27.40 27.32 26.29 25.72 26.74 27.81 28.29 28.25 29.80 30.53 31.79 30.82 30.73 29.13 29.80 30.03 30.52 28.38 28.91 30.34 31.20 29.21 29.47 31.15 32.03 30.44 30.23 30.75 30.85 29.56 28.00 26.06 27.08 25.04 23.89 24.56 24.02 24.14 24.46 25.30 26.94 26.88 27.33 27.50 26.69 27.71 27.68 28.14 27.53 25.00 24.59 22.54 21.70 21.51 22.46 23.57 24.66 26.09 27.85 29.75 30.93 32.75 35.06 35.24 35.70 35.55 37.04 34.71 32.91 33.20 33.59 30.02 28.78 29.65 30.43 26.93 27.26 28.84 28.96 26.92 27.87 29.44 28.45 27.05 28.62 29.41 27.83 28.32 25.75 25.84 23.88 23.52 23.01 23.57 24.13 25.08 25.54 26.57 27.14 27.74 27.54 27.42 29.15 28.91 28.65 28.49 30.24 28.30 25.28 24.76 25.83 23.25 21.97 22.16 23.35 20.57 19.99 21.20 21.87 18.74 19.07 20.10 18.69 16.25 15.19 16.77 16.17 16.71 18.07 19.74 21.67 23.51 24.02 25.87 28.11 28.09 24.78 23.44 24.64 21.79 20.14 20.38 21.17 20.42 20.27 21.79 22.39 22.94 24.88 
24.85 24.58 22.09 19.43 16.99 15.69 13.96 10.76 6.85 5.46 0.00 5.49 7.93 11.26 14.88 17.15 20.99 25.02 28.16 29.09 28.95 30.39 30.50 28.94 28.02 26.37 27.23 25.82 25.38 24.93 26.24 26.58 27.40 28.09 30.27 30.65 29.76 29.59 30.64 30.22 29.49 28.89 28.30 28.51 28.73 27.59 26.78 27.75 29.01 29.33 29.17 30.46 31.58 32.46 31.47 31.31 30.01 30.38 30.83 31.08 29.44 29.67 31.41 31.81 29.80 29.88 31.94 32.07 30.84 30.35 31.43 31.11 30.33 28.27 26.49 27.14 25.82 24.31 24.83 24.69 25.18 25.39 26.21 28.22 28.78 28.50 28.70 27.87 29.17 29.09 29.06 28.20 25.79 25.57 23.50 22.53 22.32 23.24 24.43 25.79 27.15 29.20 31.08 32.43 34.06 35.91 36.53 36.34 36.48 37.59 35.42 33.28 33.72 33.46 30.09 28.59 30.16 30.62 27.50 27.55 29.74 29.66 27.62 28.06 30.50 28.99 27.94 29.03 30.40 28.51 28.99 26.40 26.79 24.80 24.16 23.70 24.67 24.96 25.74 26.26 27.46 28.06 28.73 28.35 28.76 30.15 29.84 29.35 29.53 30.69 28.56 25.88 25.41 26.15 23.46 22.65 22.73 23.80 20.84 20.73 21.99 22.23 19.06 19.49 19.95 18.93 17.07 15.30 16.96 16.02 16.75 18.05 19.95 22.00 23.90 24.63 26.17 28.66 28.90 25.82 24.08 25.05 22.49 20.89 21.70 22.38 20.58 20.89 23.07 23.42 23.66 25.01 
24.19 23.66 19.77 17.94 15.90 14.76 13.18 10.80 8.67 7.04 5.49 0.00 5.65 7.87 10.28 12.75 16.59 20.70 23.22 25.02 24.12 25.51 25.67 23.56 23.21 21.53 22.87 21.57 21.84 21.33 22.72 23.24 24.19 25.00 26.49 26.76 25.71 26.30 27.01 26.32 25.55 24.80 24.25 24.28 24.34 23.25 22.84 23.83 24.97 25.42 25.40 26.66 27.70 28.85 27.78 27.63 26.47 27.09 27.25 27.66 26.05 26.57 27.99 28.59 27.16 27.28 29.01 29.55 28.43 27.93 28.78 28.75 27.84 25.94 23.73 24.62 23.07 21.34 21.55 21.00 21.49 21.50 22.25 24.01 24.59 24.47 24.99 23.99 25.47 25.35 25.30 24.61 21.95 22.04 19.45 18.91 18.53 19.57 20.62 22.20 24.03 25.77 27.62 28.85 30.58 32.59 33.07 33.16 33.71 34.64 32.58 30.57 31.04 30.99 27.49 26.09 27.17 27.95 24.63 24.70 26.35 26.65 24.22 24.86 26.91 25.71 24.53 25.55 26.62 24.59 24.88 22.23 22.38 20.55 19.88 19.60 20.12 20.57 21.54 22.41 23.49 24.41 25.22 25.15 25.44 27.03 26.71 26.28 26.20 27.58 25.67 22.65 22.48 22.95 20.34 18.67 19.05 19.57 17.08 16.60 18.29 18.27 15.66 16.00 16.64 14.69 12.27 10.24 11.80 11.57 12.29 13.31 14.93 17.32 18.79 19.69 20.96 23.71 23.94 20.88 18.40 19.96 17.86 16.35 17.22 18.37 16.79 16.46 19.11 21.23 20.90 23.65 
24.39 23.68 19.46 17.21 15.01 14.50 12.33 12.06 9.72 9.42 7.93 5.65 0.00 6.20 7.26 11.20 13.98 18.50 20.92 22.57 23.12 23.24 23.51 21.20 22.28 21.24 22.80 21.54 22.24 21.80 22.78 23.28 24.16 24.72 26.43 25.90 25.15 25.42 26.52 25.54 24.87 24.27 23.82 23.45 23.45 22.32 22.06 22.82 23.66 24.22 24.21 25.62 26.60 27.81 26.86 26.88 25.85 26.31 26.59 26.87 25.76 25.96 27.15 28.00 27.03 26.90 28.38 29.30 28.93 28.25 28.97 29.15 28.85 26.38 24.64 25.07 23.86 21.71 21.85 21.19 21.25 20.92 21.82 23.16 23.36 23.56 23.90 23.26 24.23 24.24 24.42 23.80 21.56 21.31 19.15 18.24 18.61 19.59 20.66 22.14 23.91 25.80 27.07 28.39 30.18 32.13 32.42 32.58 33.27 34.39 32.59 30.57 31.15 30.81 28.02 26.30 27.22 27.80 24.95 24.38 25.99 26.18 24.23 24.30 26.17 25.30 24.54 25.22 26.24 24.51 24.70 21.55 21.58 19.72 19.63 18.86 19.47 20.08 21.43 22.33 23.13 24.00 24.91 25.30 25.33 26.45 26.32 26.31 26.31 27.52 25.80 23.07 22.44 23.14 20.81 19.36 19.36 20.10 17.34 16.52 18.11 18.40 16.30 16.03 16.77 15.30 13.53 10.78 11.16 11.06 11.68 12.24 13.88 15.71 16.95 18.19 19.89 21.76 21.92 19.54 18.16 19.04 17.03 16.14 17.14 17.74 16.68 16.35 18.30 20.06 20.29 22.95 
24.60 24.11 20.44 17.70 14.53 14.31 12.95 12.37 12.73 12.77 11.26 7.87 6.20 0.00 5.91 6.88 10.77 13.83 16.20 19.40 18.73 19.83 19.44 17.86 19.15 18.43 20.12 19.23 20.27 19.88 21.50 21.81 22.91 23.67 25.24 24.82 23.88 23.94 25.01 23.74 23.04 22.05 21.74 21.47 21.41 20.06 19.95 20.79 21.74 21.86 22.47 23.89 24.91 25.86 25.28 25.26 24.21 24.35 24.88 25.21 23.94 24.35 26.00 26.57 25.53 25.58 27.87 28.49 27.98 27.79 28.76 28.87 28.02 26.18 24.37 24.80 23.28 20.92 20.81 19.71 19.67 18.78 19.45 20.66 21.44 21.41 21.68 20.82 22.42 22.05 22.77 22.18 19.89 19.42 17.05 16.27 16.60 17.89 19.29 21.05 22.91 24.66 26.41 27.33 29.64 31.62 32.36 32.29 33.02 33.86 31.88 29.53 29.97 29.25 26.08 24.58 25.50 25.52 22.68 22.53 24.29 24.24 22.70 23.00 25.30 24.25 23.32 24.53 25.59 23.85 23.96 20.87 20.42 18.49 17.99 16.96 17.50 18.23 19.55 20.68 21.57 22.29 23.50 23.74 24.22 25.53 25.66 25.22 25.41 26.38 24.68 21.48 20.95 21.23 18.88 17.41 17.65 18.53 16.17 15.32 16.89 17.66 15.42 15.76 16.71 15.54 13.75 11.37 11.81 9.64 10.66 10.99 12.59 13.83 15.25 15.78 17.04 18.95 18.60 16.12 14.96 16.42 14.99 13.67 15.66 17.16 16.66 15.69 18.68 20.43 20.88 23.77 
25.14 25.03 21.87 19.84 15.50 16.46 15.98 16.00 15.25 16.13 14.88 10.28 7.26 5.91 0.00 5.92 7.14 11.70 14.04 16.83 17.13 17.51 18.47 16.82 18.04 17.57 19.93 19.39 19.91 20.45 22.05 22.86 23.66 24.63 26.68 26.28 25.08 24.98 25.67 24.48 23.59 22.29 21.48 21.05 21.24 19.82 19.44 20.41 21.59 22.19 22.42 24.25 25.31 26.26 25.56 25.93 24.46 24.61 25.08 25.69 24.19 24.62 26.19 27.02 25.51 26.17 28.29 28.95 28.13 28.49 29.74 29.79 28.95 27.27 25.69 26.17 24.61 21.93 21.43 20.41 20.19 19.08 19.27 20.73 21.64 21.47 21.71 21.23 22.57 22.63 22.89 22.15 20.15 19.54 17.60 16.83 17.18 18.32 19.74 21.79 23.50 25.76 27.43 28.91 30.61 33.02 33.22 33.40 33.88 35.02 32.62 30.24 30.53 29.76 26.26 24.63 25.63 25.64 22.53 22.66 24.66 24.46 22.54 23.24 25.67 24.62 23.67 25.07 26.84 24.98 25.00 21.81 21.64 19.13 18.51 16.98 17.71 18.12 19.40 20.63 21.44 22.88 23.75 24.09 24.42 26.39 26.13 25.98 25.89 27.22 25.14 22.42 21.67 22.21 19.60 18.71 18.95 19.99 17.45 17.29 18.81 19.57 17.09 17.78 18.59 17.47 15.36 13.21 12.64 10.14 10.84 11.57 11.92 13.02 14.09 15.08 16.69 17.92 18.14 15.61 14.89 16.83 15.39 14.32 16.19 18.37 17.03 16.40 19.49 21.49 21.17 22.85 
24.51 23.47 20.70 18.81 15.83 15.97 15.56 16.57 16.19 17.15 17.15 12.75 11.20 6.88 5.92 0.00 5.73 7.07 10.92 12.81 13.53 13.38 14.36 12.77 15.17 14.65 17.28 17.46 18.67 19.32 20.67 21.06 21.87 23.27 24.51 24.01 22.83 23.05 22.81 21.36 20.77 19.49 17.80 18.21 18.06 17.02 16.05 17.42 18.34 18.80 18.97 20.86 22.03 23.21 22.42 22.41 21.33 21.68 22.15 22.79 21.56 22.05 23.43 24.41 23.32 23.73 25.91 26.75 26.26 26.44 27.75 28.03 27.17 25.44 23.51 24.50 22.75 20.20 19.27 18.12 17.31 16.18 16.24 17.89 18.01 18.44 18.81 18.08 19.58 19.51 19.70 18.99 16.77 16.63 14.60 14.19 14.56 15.63 17.74 19.94 21.65 23.21 25.30 26.51 28.28 30.57 31.01 31.29 31.78 32.91 30.40 28.35 28.30 28.23 24.23 22.70 23.45 23.65 19.81 19.69 21.60 21.37 19.35 19.92 22.50 21.17 20.58 22.13 23.55 21.72 22.42 19.34 18.83 15.73 14.88 13.80 14.65 14.90 16.68 18.29 19.35 20.45 21.20 21.43 21.98 23.51 23.40 22.97 23.13 24.46 22.29 19.23 18.71 19.65 16.84 15.39 16.20 17.98 15.60 15.61 17.55 18.43 16.15 17.33 19.18 17.64 15.26 12.90 13.02 11.03 10.23 10.18 10.88 11.41 11.53 12.52 12.80 14.59 14.23 12.17 10.83 13.06 12.01 11.32 13.41 15.98 15.20 14.90 17.94 20.48 20.33 23.07 
25.49 24.54 21.44 20.34 17.09 18.39 18.37 18.90 18.76 20.31 20.99 16.59 13.98 10.77 7.14 5.73 0.00 6.27 6.93 10.08 11.54 12.49 12.05 11.05 14.41 14.85 16.97 16.98 18.58 20.53 21.70 22.31 23.18 24.16 25.31 24.46 23.48 23.28 23.50 21.82 21.19 19.56 17.84 17.72 18.01 16.14 15.53 16.51 17.51 17.77 18.12 19.88 21.10 22.64 21.88 21.90 21.02 21.46 22.04 22.59 21.72 22.01 23.32 24.57 23.57 23.61 25.88 27.32 27.20 26.85 28.15 28.61 28.37 26.49 24.52 25.20 23.83 21.17 20.50 18.46 17.32 16.02 16.19 17.17 17.35 17.41 18.25 17.40 19.27 19.09 18.98 18.25 16.78 16.54 14.67 14.51 15.41 16.75 18.47 20.63 22.70 24.41 26.06 26.92 28.78 30.81 31.53 31.46 32.19 33.21 31.07 28.62 29.00 28.37 25.12 23.01 23.94 23.84 20.67 19.81 21.34 21.12 19.24 19.51 21.72 20.58 20.19 21.61 23.36 21.50 22.14 18.65 18.50 15.55 15.01 13.68 14.21 14.47 16.47 18.38 19.81 20.33 21.31 21.84 22.27 23.24 23.03 23.11 23.20 24.55 22.74 19.76 19.29 20.31 17.87 16.51 17.44 19.04 16.95 17.24 19.46 20.46 18.71 19.64 20.96 20.11 18.41 15.39 14.81 13.50 12.17 11.21 11.05 11.54 11.00 11.43 12.64 12.93 14.13 12.09 11.11 13.56 12.77 12.26 14.00 16.54 16.24 14.74 18.45 20.40 21.77 24.15 
26.83 26.02 23.65 22.00 20.52 22.35 22.34 22.75 22.35 24.43 25.02 20.70 18.50 13.83 11.70 7.07 6.27 0.00 6.45 7.96 10.67 10.90 12.32 11.17 15.32 15.15 17.80 18.09 20.19 21.51 23.17 23.49 24.09 25.18 27.06 26.34 24.54 24.55 24.48 22.76 21.35 20.21 18.26 18.27 17.53 16.00 15.11 16.39 17.07 17.38 18.53 20.33 21.37 23.15 22.59 22.69 21.41 22.14 23.04 23.68 22.46 23.55 24.98 25.99 24.86 25.53 28.06 29.18 28.85 29.06 30.48 30.95 30.53 28.85 27.01 27.74 26.24 23.87 22.83 20.70 18.92 17.11 16.43 17.23 17.29 17.11 17.51 17.40 18.99 19.50 19.29 18.88 17.40 17.34 15.83 15.61 17.36 18.98 21.02 22.58 24.65 26.33 28.44 29.18 30.93 33.39 33.67 34.38 34.86 35.74 33.10 31.03 31.18 30.74 26.48 24.83 25.54 25.54 21.83 21.43 22.60 22.11 20.02 20.46 22.63 21.73 20.78 22.90 24.33 22.91 23.26 19.90 19.39 16.85 16.08 14.63 14.99 15.91 18.19 19.94 20.94 21.72 22.78 23.05 23.42 24.75 24.62 24.82 24.65 26.07 24.00 21.18 20.65 21.36 18.96 18.10 18.84 20.48 18.65 19.33 20.93 22.61 21.04 22.33 23.22 22.52 20.69 18.30 17.01 14.76 14.20 13.45 12.37 11.60 10.95 11.24 10.82 12.11 13.78 11.73 10.88 14.04 13.82 12.91 15.57 18.67 18.17 17.66 21.06 22.57 23.62 26.55 
28.09 27.58 25.61 23.95 22.16 24.86 25.48 26.38 25.02 27.16 28.16 23.22 20.92 16.20 14.04 10.92 6.93 6.45 1.48 6.07 7.16 8.49 9.48 10.34 13.67 13.93 17.43 16.89 18.40 20.37 22.96 23.49 23.54 24.94 27.21 26.36 24.37 24.06 24.49 22.57 20.86 19.16 17.47 16.66 16.15 14.02 13.58 14.26 15.57 15.67 17.09 19.29 20.52 22.07 21.82 21.98 20.64 21.67 23.09 23.69 22.34 23.62 25.50 26.42 25.01 26.27 28.84 29.84 29.10 29.84 31.63 32.04 31.32 30.02 28.46 29.08 27.17 24.53 23.98 21.56 20.09 18.06 16.44 17.18 16.87 16.39 16.47 15.59 17.61 17.81 17.89 17.08 16.12 16.47 15.40 15.46 17.23 19.31 22.07 23.78 25.50 27.63 29.49 30.63 32.36 34.42 34.97 35.32 36.34 37.28 34.63 32.47 33.01 31.96 27.76 25.95 26.99 26.38 22.58 21.97 23.58 22.52 20.10 20.54 23.03 21.39 20.76 22.76 24.69 22.79 23.07 19.75 19.67 16.43 15.81 14.53 14.69 15.90 18.10 20.00 21.05 22.09 23.28 23.70 24.18 25.18 25.00 25.09 25.47 26.72 24.64 21.97 21.34 22.26 19.55 19.07 19.84 21.54 19.55 20.13 22.00 23.61 22.05 23.14 24.56 23.89 22.10 18.90 18.11 15.63 15.35 13.46 13.61 10.99 10.94 10.81 12.18 13.39 14.32 12.44 12.59 15.55 14.59 13.58 15.82 19.17 18.04 17.10 22.29 23.11 23.96 24.79 
27.50 27.19 25.46 24.39 23.03 25.30 25.94 27.05 26.33 28.56 29.09 25.02 22.57 19.40 16.83 12.81 10.08 7.96 6.07 0.00 5.34 5.85 8.07 9.71 13.57 13.03 15.91 16.53 17.63 20.01 22.73 22.67 23.02 24.21 26.30 25.59 23.53 23.58 23.46 22.08 20.58 18.71 16.29 16.06 15.26 13.58 12.05 13.11 14.07 14.52 15.54 17.96 18.78 20.57 20.36 20.73 19.35 20.34 21.62 22.75 21.84 22.82 24.27 25.45 24.39 25.32 27.90 28.66 28.54 29.04 30.89 31.28 30.68 29.17 27.50 28.34 26.58 24.19 23.57 21.57 19.71 17.47 16.21 16.02 15.49 14.58 15.03 13.64 15.38 16.23 16.20 15.48 14.11 15.22 14.75 14.93 16.54 18.75 21.91 23.49 25.05 26.81 29.29 30.47 32.26 34.56 34.94 35.74 36.29 37.38 34.81 32.56 32.59 32.22 27.52 25.68 26.70 26.07 21.43 20.91 22.57 21.26 18.75 18.98 21.69 20.03 19.54 21.72 23.37 21.64 21.99 19.08 18.89 15.97 14.88 13.49 14.29 14.88 17.77 19.44 20.96 21.66 22.50 22.93 23.88 25.04 24.28 24.61 24.74 26.60 24.13 21.36 20.98 22.34 19.43 18.30 19.41 21.61 19.45 20.05 22.37 24.17 22.28 23.60 25.27 24.91 22.28 19.85 19.55 17.51 15.56 13.36 12.70 11.25 10.73 11.03 12.86 15.69 16.48 14.17 13.92 16.81 15.55 14.64 17.30 19.50 19.01 18.52 22.14 24.00 23.58 26.46 
28.35 27.93 26.27 25.40 23.29 25.54 26.33 27.18 26.63 28.68 28.95 24.12 23.12 18.73 17.13 13.53 11.54 10.67 7.16 5.34 0.00 5.02 6.76 8.40 11.98 12.57 15.59 15.68 16.69 19.20 21.87 22.66 23.42 24.61 26.58 25.47 24.27 23.91 23.64 22.32 21.46 19.27 15.79 15.90 15.80 12.41 11.08 11.91 12.99 12.93 13.94 15.74 17.38 19.36 19.23 19.52 18.58 19.86 20.80 21.85 21.29 22.10 23.51 24.96 23.86 24.54 26.91 28.63 28.30 28.54 30.11 30.77 30.79 29.15 27.09 27.92 26.32 24.03 23.05 20.97 19.34 17.23 15.87 15.66 14.30 13.80 13.74 12.27 13.67 14.51 14.66 13.62 12.98 14.28 14.05 14.39 16.27 18.58 21.32 23.30 25.13 26.97 28.81 30.04 32.48 34.27 35.29 35.24 36.23 37.27 34.85 32.42 32.52 31.89 27.77 25.69 26.55 25.93 21.16 20.42 22.25 21.10 17.88 18.27 21.06 19.40 18.58 20.64 22.07 20.05 20.50 17.43 17.23 14.71 13.58 11.92 13.23 14.34 16.51 19.08 20.99 21.46 21.98 22.76 23.71 24.70 23.93 23.91 24.44 26.31 23.97 20.94 20.71 22.53 19.15 18.05 19.15 21.27 18.65 19.30 22.15 23.34 21.83 22.95 24.64 23.90 21.47 19.71 18.52 16.02 14.00 12.16 11.48 10.38 10.47 11.63 13.34 16.17 17.85 15.77 14.81 17.58 16.00 15.59 17.45 19.42 18.58 17.46 22.94 22.86 23.50 26.15 
28.35 28.07 27.05 25.74 24.13 26.51 27.15 27.94 27.60 29.61 30.39 25.51 23.24 19.83 17.51 13.38 12.49 10.90 8.49 5.85 5.02 0.00 5.81 6.93 10.57 11.50 14.07 14.94 16.49 19.06 21.77 22.70 23.42 24.40 27.04 26.21 24.44 23.81 24.25 22.76 21.68 18.87 16.41 16.28 15.75 11.72 10.83 12.38 13.03 11.68 13.81 16.07 17.51 19.69 19.86 19.82 18.85 20.19 21.49 22.27 21.43 22.49 24.47 25.61 24.50 25.39 28.33 29.21 29.17 29.46 31.23 31.62 31.57 29.92 28.23 28.91 27.65 25.07 24.00 21.75 20.20 17.88 16.06 16.16 14.81 13.55 13.06 11.89 13.26 13.84 14.12 13.60 13.15 14.62 14.68 14.68 17.10 19.24 22.35 24.25 26.17 27.70 29.67 31.03 32.94 35.42 35.76 36.60 37.55 38.33 35.61 33.23 33.49 32.77 28.39 26.20 27.42 26.64 22.16 21.65 23.05 21.59 18.22 18.81 21.31 19.22 17.98 20.21 21.37 19.50 19.55 16.76 16.55 13.53 13.23 11.78 13.98 15.68 18.57 19.98 21.79 22.41 23.01 23.48 24.36 25.33 24.69 25.14 25.36 27.06 24.56 21.83 21.74 22.93 19.89 18.95 20.21 21.75 19.46 20.28 22.71 23.97 22.04 23.54 25.24 24.59 22.04 20.06 18.89 16.22 13.38 12.62 11.54 10.72 11.58 12.77 15.31 18.03 19.68 17.11 16.24 18.70 17.28 16.87 19.03 20.71 20.55 20.01 22.83 23.99 24.46 27.02 
29.32 29.21 28.24 26.74 24.98 27.36 27.81 28.61 28.13 29.94 30.50 25.67 23.51 19.44 18.47 14.36 12.05 12.32 9.48 8.07 6.76 5.81 0.00 6.09 8.76 9.59 12.74 14.84 17.13 18.91 22.06 23.29 23.99 25.82 28.39 27.57 25.91 25.69 25.98 24.54 23.11 21.22 19.21 18.61 17.63 14.17 13.65 14.50 14.62 13.12 14.98 17.72 18.82 20.26 20.84 21.39 19.93 21.10 22.63 23.31 22.30 23.47 25.85 26.77 25.29 26.67 29.45 30.44 29.99 30.81 32.82 33.09 33.06 31.79 30.25 31.11 29.31 26.93 25.89 23.48 21.69 19.77 17.75 17.94 16.46 14.91 14.49 12.60 13.88 14.01 14.23 13.96 13.68 15.06 15.66 16.18 18.13 21.19 23.99 26.05 27.50 29.74 31.61 32.74 34.80 36.41 37.42 37.73 38.88 39.69 37.06 34.72 35.19 34.23 30.00 27.89 28.74 28.12 23.58 23.21 24.18 23.00 19.96 20.35 22.32 20.32 19.01 20.79 22.02 19.37 19.62 16.37 16.60 13.60 14.11 13.23 15.13 17.37 20.19 21.62 23.07 24.04 24.82 25.22 25.75 26.53 26.26 26.54 27.08 28.24 25.92 23.29 22.62 24.06 21.16 20.69 21.36 23.07 21.11 21.84 24.03 24.85 23.03 24.41 26.24 25.09 23.17 20.34 19.71 16.32 14.59 11.25 12.55 11.31 13.19 15.17 18.27 20.86 22.08 19.53 18.98 20.84 19.18 18.52 20.32 22.08 20.95 19.70 24.56 24.48 24.91 25.33 
28.09 28.04 26.78 25.69 24.20 26.24 26.79 27.07 26.50 28.12 28.94 23.56 21.20 17.86 16.82 12.77 11.05 11.17 10.34 9.71 8.40 6.93 6.09 0.00 5.99 5.83 9.69 11.53 14.03 16.45 19.80 20.93 22.16 23.78 26.72 26.23 24.73 24.84 25.20 23.60 22.51 20.77 18.46 17.99 17.28 15.18 13.33 14.19 14.62 13.66 14.48 16.63 17.97 19.57 19.46 20.11 18.96 19.65 20.58 21.61 20.82 22.22 23.66 24.65 23.40 24.50 27.34 28.11 27.83 28.74 30.72 30.91 30.65 29.49 28.11 28.78 27.26 24.90 24.18 21.52 19.62 17.52 15.88 15.90 14.17 13.48 13.40 11.43 12.84 12.56 12.07 11.36 10.94 12.60 13.11 14.01 15.86 18.69 21.94 23.78 25.50 27.20 29.19 30.26 32.28 34.35 35.22 35.77 36.77 37.48 35.02 32.64 32.92 32.25 27.95 25.55 26.85 26.17 21.43 20.68 22.37 21.25 18.46 18.19 20.50 18.31 16.98 18.51 19.56 16.97 17.23 13.16 13.72 11.05 10.87 11.26 13.85 15.80 18.38 19.81 21.59 22.38 22.87 23.28 23.94 24.98 24.31 24.51 24.65 26.13 23.65 20.75 20.35 21.90 19.25 18.34 19.20 21.52 19.33 20.15 22.21 23.41 21.20 22.45 24.19 23.50 20.47 17.37 16.37 14.30 10.43 8.00 9.41 9.63 11.59 14.02 17.34 20.34 21.66 18.81 18.14 20.29 18.89 17.76 19.64 21.32 20.84 20.14 22.83 23.92 23.82 25.86 
28.66 28.74 27.08 26.36 24.23 26.00 26.26 26.62 25.71 27.44 28.02 23.21 22.28 19.15 18.04 15.17 14.41 15.32 13.67 13.57 11.98 10.57 8.76 5.99 0.00 5.26 7.55 10.89 12.81 16.16 19.48 20.46 21.43 23.66 26.77 26.52 24.90 25.58 26.09 24.62 23.20 21.30 19.25 19.16 18.32 15.44 14.26 14.89 15.44 15.41 15.79 17.05 18.03 19.94 19.76 20.33 19.56 19.73 20.61 21.20 21.31 21.76 23.34 23.93 23.38 24.03 26.88 27.72 27.62 28.30 30.46 30.26 30.46 29.39 27.58 28.38 26.65 24.67 23.57 21.09 19.59 17.44 15.70 15.72 13.95 13.43 13.82 11.75 13.29 13.48 12.97 11.27 10.25 11.87 12.15 13.73 16.05 18.53 20.62 22.76 24.19 26.26 27.75 28.58 31.24 33.07 34.09 34.10 35.30 35.97 33.98 31.42 31.95 31.29 27.64 25.40 26.39 26.01 21.02 20.50 22.19 21.69 18.34 17.88 20.22 18.54 17.04 18.55 18.59 16.75 17.28 12.77 13.66 11.16 11.96 11.83 14.98 16.57 18.87 20.27 21.88 22.66 22.79 23.07 23.63 25.02 24.88 24.46 24.55 25.79 23.63 20.83 20.19 22.00 19.34 18.79 19.46 21.43 19.21 20.14 21.93 23.10 20.96 21.95 23.53 22.84 21.23 18.01 17.67 14.41 12.86 11.01 12.36 12.42 14.59 16.61 20.05 22.60 23.72 20.78 19.91 22.22 20.71 19.31 20.23 22.07 20.89 19.40 23.50 23.69 23.55 25.90 
27.20 27.17 25.38 24.36 22.99 24.69 25.06 25.24 24.46 25.60 26.37 21.53 21.24 18.43 17.57 14.65 14.85 15.15 13.93 13.03 12.57 11.50 9.59 5.83 5.26 0.00 5.01 5.83 9.61 12.43 15.91 16.91 18.21 20.48 24.16 23.65 22.32 22.93 23.42 22.06 20.56 18.90 17.22 16.27 15.51 12.86 12.11 13.03 13.55 13.10 14.60 15.83 16.54 18.62 18.09 18.34 17.07 17.49 18.23 19.10 18.29 19.14 20.81 21.99 21.34 22.21 25.04 26.06 25.89 26.81 28.65 28.76 28.59 26.89 25.25 26.11 24.57 22.53 20.94 18.55 16.80 14.91 12.44 13.08 11.91 11.86 12.40 10.64 12.60 13.19 12.62 10.61 9.03 8.63 9.66 10.45 13.58 15.19 17.80 19.84 21.62 23.55 24.98 26.41 28.98 30.96 31.53 32.15 33.32 33.89 31.41 29.15 29.66 28.92 25.08 23.05 24.25 23.59 19.00 18.76 20.15 18.87 15.57 15.62 17.90 16.31 14.69 16.37 16.40 14.22 14.37 10.10 10.35 8.65 9.06 9.23 11.72 13.85 16.23 17.81 19.21 20.53 20.71 21.12 21.54 22.80 22.40 22.75 22.63 24.15 21.59 19.15 18.83 20.33 17.39 16.93 17.89 19.61 17.43 18.50 20.85 21.73 19.60 21.03 22.88 22.06 19.64 17.06 15.74 13.22 11.23 11.44 11.18 11.74 13.91 15.86 18.84 21.73 22.91 19.85 19.12 21.15 19.77 18.80 20.10 21.53 21.03 19.85 22.20 23.52 23.57 26.03 
27.70 27.93 26.24 24.87 23.46 25.11 25.66 25.85 25.14 26.39 27.23 22.87 22.80 20.12 19.93 17.28 16.97 17.80 17.43 15.91 15.59 14.07 12.74 9.69 7.55 5.01 0.00 5.82 7.72 10.54 13.41 15.99 17.52 19.69 22.95 23.09 21.45 22.51 22.96 21.30 19.94 18.84 17.40 16.12 15.14 13.44 13.42 13.84 14.91 14.91 15.56 17.06 17.66 19.51 19.02 19.05 17.26 17.59 19.07 19.54 18.25 18.98 21.72 22.57 21.68 22.57 25.66 26.66 26.37 27.13 29.17 29.25 28.84 27.26 25.21 26.23 24.25 21.76 20.75 17.95 16.54 14.78 13.07 14.25 13.48 13.76 14.57 12.97 14.76 15.14 14.92 13.42 10.63 10.22 9.41 10.56 11.40 13.81 16.96 19.39 20.36 23.06 24.45 26.11 28.72 30.82 31.28 31.95 33.34 33.88 31.55 29.23 29.82 29.06 25.58 23.29 24.15 23.71 19.62 18.85 19.84 18.98 16.01 15.93 18.11 16.43 14.98 16.13 17.30 15.16 15.64 9.97 11.65 10.54 10.70 10.17 12.23 13.82 16.43 17.90 19.01 20.30 20.53 21.07 21.14 22.87 22.54 22.71 22.62 24.24 22.30 19.05 18.64 20.56 18.34 16.94 18.12 20.24 18.54 19.23 21.68 22.99 21.10 22.26 24.75 23.82 22.01 18.79 18.02 15.58 13.91 12.86 13.87 13.97 16.26 17.79 20.38 23.38 24.75 21.95 21.77 23.22 21.76 20.60 22.31 23.84 22.13 20.36 24.45 24.96 24.75 25.16 
27.30 27.38 25.34 24.02 22.72 24.22 24.56 24.56 23.63 24.83 25.82 21.57 21.54 19.23 19.39 17.46 16.98 18.09 16.89 16.53 15.68 14.94 14.84 11.53 10.89 5.83 5.82 0.00 5.44 6.13 9.80 11.81 14.15 15.96 18.86 19.65 18.03 19.49 19.45 18.36 17.12 16.16 14.14 13.50 12.53 11.96 10.76 11.94 13.63 14.16 14.83 15.73 16.37 18.20 17.77 17.42 15.81 16.06 17.32 17.89 16.58 17.86 19.78 20.63 19.55 20.37 23.43 24.26 23.58 24.80 26.43 26.52 25.92 24.47 22.33 23.33 21.20 18.75 17.57 14.76 13.16 12.32 11.82 12.96 12.53 13.24 14.61 12.68 15.10 15.85 15.29 13.52 11.37 10.02 8.44 6.71 8.14 9.86 12.84 14.98 16.02 18.61 20.34 21.87 24.73 26.83 27.77 28.45 29.77 30.36 28.17 25.88 26.78 26.17 22.63 20.20 21.71 21.13 16.75 15.79 17.71 16.74 14.42 13.99 16.51 14.89 13.64 14.87 16.29 14.91 14.22 9.58 11.58 10.27 9.12 8.70 10.33 11.44 13.62 14.50 15.76 17.21 17.43 17.87 18.49 20.02 19.60 19.93 19.95 21.63 19.21 15.87 15.77 18.29 15.84 14.77 16.04 18.69 16.72 17.21 20.12 21.67 19.41 20.65 23.28 23.10 20.89 18.31 17.59 15.72 13.73 13.15 13.02 13.86 15.76 17.25 19.81 22.66 23.89 21.00 20.23 22.26 20.87 19.43 21.18 22.63 21.47 19.60 22.37 23.63 23.40 25.26 
27.82 27.93 25.94 24.61 22.83 24.16 24.13 23.93 23.24 24.51 25.38 21.84 22.24 20.27 19.91 18.67 18.58 20.19 18.40 17.63 16.69 16.49 17.13 14.03 12.81 9.61 7.72 5.44 0.95 5.40 6.70 9.35 11.05 13.54 16.39 17.12 15.69 16.66 17.29 15.99 15.57 13.28 12.31 11.97 12.09 10.08 9.39 10.73 12.91 13.62 14.07 14.76 15.55 17.71 17.28 16.70 15.01 15.65 16.74 16.73 15.65 16.64 18.77 19.25 18.29 19.01 21.86 22.53 21.76 22.52 24.58 24.22 23.48 22.03 20.19 20.67 19.01 16.54 15.57 13.15 12.18 11.55 11.94 13.10 12.90 14.09 15.10 13.73 15.81 17.34 17.30 15.59 13.26 12.96 9.63 8.26 7.75 9.47 10.18 12.30 13.43 15.50 17.10 18.57 20.90 23.24 24.42 25.27 26.36 27.25 25.36 23.48 24.27 23.97 20.52 18.64 19.88 19.59 14.69 14.27 16.28 16.07 13.25 13.56 15.83 14.86 13.60 15.88 17.22 15.91 16.33 12.67 13.13 10.92 9.92 9.11 9.77 10.62 11.21 11.86 13.12 14.14 14.39 15.02 15.95 18.05 17.43 17.96 18.31 19.87 17.70 14.82 15.03 17.32 14.92 14.14 15.39 17.91 15.97 16.91 19.57 21.08 19.21 20.82 23.36 23.14 21.31 19.74 18.76 16.57 15.07 14.17 14.20 14.76 16.44 17.61 19.64 22.82 24.20 20.96 20.49 22.57 21.40 19.84 21.14 22.68 21.48 18.76 22.89 22.88 22.92 25.05 
27.47 27.58 25.46 24.09 22.24 23.75 23.73 23.86 23.00 24.25 24.93 21.33 21.80 19.88 20.45 19.32 20.53 21.51 20.37 20.01 19.20 19.06 18.91 16.45 16.16 12.43 10.54 6.13 5.40 0.00 4.80 5.94 8.56 10.53 13.99 14.71 13.73 14.39 14.65 13.66 13.48 12.05 11.42 11.08 11.32 10.24 10.24 12.34 13.78 14.43 15.10 16.30 16.96 18.52 17.93 16.87 15.08 15.48 16.07 15.88 14.38 15.41 16.89 17.63 17.00 17.95 20.21 21.09 20.43 21.42 22.77 22.69 21.47 19.91 18.17 18.73 16.85 14.55 13.83 12.04 11.35 11.18 11.98 14.15 14.66 15.57 17.23 16.04 18.68 19.14 19.46 17.79 15.80 14.23 11.71 8.97 9.04 7.37 9.05 10.71 11.80 13.34 14.82 16.83 19.52 21.30 22.32 23.27 24.69 25.38 23.61 21.65 22.73 22.35 19.09 17.13 18.61 17.96 13.57 13.45 15.82 14.91 12.63 13.38 16.16 14.93 14.22 16.78 18.61 16.99 17.64 14.67 14.81 12.13 10.97 9.45 9.49 9.38 10.37 10.75 11.11 12.70 12.59 13.57 13.98 16.13 16.00 16.68 17.02 18.85 16.65 14.17 14.57 16.84 14.76 14.15 15.76 18.20 16.46 17.61 20.65 22.04 20.23 22.08 24.72 24.16 22.24 20.53 20.11 17.72 15.13 14.91 14.44 14.93 16.53 17.62 19.93 22.87 23.70 21.11 20.54 22.58 21.10 20.21 21.81 23.16 21.77 19.61 22.58 23.70 23.82 25.92 
27.99 28.46 26.70 24.97 23.03 24.92 25.06 24.91 24.04 25.24 26.24 22.72 22.78 21.50 22.05 20.67 21.70 23.17 22.96 22.73 21.87 21.77 22.06 19.80 19.48 15.91 13.41 9.80 6.70 4.80 0.25 4.65 5.92 8.25 11.39 12.59 10.93 11.99 12.80 11.33 11.29 10.85 10.56 10.31 11.30 10.87 11.85 13.26 15.52 15.97 16.58 17.86 18.90 20.26 19.46 18.57 16.39 16.44 17.25 16.85 15.26 15.90 17.84 18.46 17.29 18.38 20.68 21.30 20.71 21.18 22.48 21.80 20.71 18.82 17.03 17.38 15.49 12.95 13.58 12.08 12.04 12.44 13.58 16.52 17.24 18.58 20.53 19.97 22.28 22.99 22.62 22.01 19.34 17.49 14.29 11.65 9.20 8.22 8.21 9.15 9.29 11.88 13.62 15.71 18.46 20.65 21.17 22.55 24.16 25.31 23.42 21.68 22.79 22.71 19.71 17.65 18.71 18.89 15.04 14.75 16.59 16.74 14.92 15.60 18.16 17.54 17.03 19.70 21.51 20.57 21.10 18.28 18.74 15.93 14.65 13.01 12.10 11.30 11.32 11.33 10.68 11.84 11.97 12.31 12.39 15.20 15.56 16.08 16.54 18.79 17.37 14.38 15.01 17.86 16.03 15.38 17.34 19.86 18.36 19.49 22.53 24.19 22.62 24.26 27.13 26.65 24.82 23.26 22.79 20.24 17.35 17.09 16.89 17.14 18.27 19.11 21.59 24.07 25.11 22.56 22.86 24.45 22.73 21.82 24.26 25.27 23.01 20.97 26.17 26.09 25.81 25.66 
28.83 29.08 26.83 25.63 23.84 25.40 25.42 25.18 24.10 25.63 26.58 23.24 23.28 21.81 22.86 21.06 22.31 23.49 23.49 22.67 22.66 22.70 23.29 20.93 20.46 16.91 15.99 11.81 9.35 5.94 4.65 0.00 4.39 5.81 9.60 11.01 10.15 10.56 11.03 10.31 10.54 9.38 9.63 10.01 11.73 11.64 12.15 13.67 15.90 16.47 17.07 17.99 18.65 20.09 19.43 18.54 15.50 16.09 16.74 16.58 13.77 15.67 17.19 18.04 16.64 17.47 20.00 20.40 19.07 19.98 20.98 20.29 18.98 17.16 14.83 15.75 13.25 11.69 13.12 11.39 11.21 13.02 15.06 17.49 18.29 20.03 22.16 21.25 24.01 24.05 24.41 23.23 21.44 20.11 16.75 13.77 10.90 8.98 8.62 7.03 8.12 9.91 12.03 14.02 16.28 18.96 19.61 20.79 21.81 23.10 21.28 19.52 21.05 20.91 17.91 15.56 17.57 17.43 13.49 13.21 16.34 16.55 14.85 15.76 19.29 18.40 17.98 20.99 23.31 21.84 22.53 19.44 20.67 17.94 16.30 14.68 13.79 12.53 11.84 10.18 10.25 11.14 10.78 10.56 10.52 14.21 14.18 14.41 14.95 18.16 16.19 13.11 14.22 17.78 15.87 15.36 17.75 20.61 19.05 19.95 23.32 24.99 23.32 25.31 27.97 27.69 25.51 24.01 23.52 21.36 18.36 18.17 17.24 17.46 18.24 18.58 20.62 23.71 24.63 22.45 22.19 24.51 22.44 21.83 24.04 25.26 22.98 21.80 25.38 26.22 25.66 27.06 
29.96 30.22 28.21 26.87 24.85 26.58 26.14 25.74 24.46 26.14 27.40 24.19 24.16 22.91 23.66 21.87 23.18 24.09 23.54 23.02 23.42 23.42 23.99 22.16 21.43 18.21 17.52 14.15 11.05 8.56 5.92 4.39 0.06 4.32 7.12 9.02 9.17 10.32 10.23 9.88 10.49 9.99 10.44 11.34 12.80 12.96 13.20 14.85 16.58 17.42 18.01 18.66 19.10 20.37 19.59 17.79 14.84 15.53 16.61 15.23 12.93 14.81 17.08 17.70 16.27 17.22 19.46 19.75 18.16 18.50 19.85 18.64 17.23 15.29 13.30 13.90 12.32 11.03 13.32 11.65 11.96 14.00 16.48 18.77 19.22 20.96 22.86 22.42 25.14 25.83 26.08 25.14 22.38 21.38 18.36 15.01 11.92 10.17 7.99 7.33 6.53 7.91 9.89 12.18 14.83 17.00 17.92 19.00 19.89 21.52 19.50 18.16 19.67 19.88 16.51 14.87 16.92 17.03 12.66 13.34 16.58 16.70 14.90 16.97 20.54 19.52 18.82 22.55 25.29 23.89 24.06 21.77 22.80 19.92 18.09 16.76 15.63 14.24 12.58 10.42 10.22 10.51 10.07 9.44 9.77 13.06 13.43 14.03 14.96 17.95 16.24 13.71 14.97 18.42 16.61 16.88 18.86 21.53 19.59 21.13 24.25 25.96 24.27 26.28 29.70 28.93 26.66 25.18 24.63 22.20 19.92 19.58 18.75 18.62 19.36 19.14 20.76 23.78 25.19 22.70 22.94 25.31 23.28 22.17 24.47 25.57 23.68 22.39 26.88 26.44 26.69 28.77 
30.11 30.52 28.60 27.22 25.51 27.01 26.96 26.74 25.44 27.08 28.09 25.00 24.72 23.67 24.63 23.27 24.16 25.18 24.94 24.21 24.61 24.40 25.82 23.78 23.66 20.48 19.69 15.96 13.54 10.53 8.25 5.81 4.32 0.00 5.61 6.86 8.44 9.93 10.91 10.84 11.37 10.81 12.94 11.95 14.15 13.40 14.52 16.04 17.64 17.73 18.50 19.48 20.36 21.38 20.12 18.98 15.93 15.82 16.96 16.33 13.20 14.34 16.37 17.40 16.36 16.98 19.46 19.77 18.31 18.80 19.49 18.53 17.16 14.94 12.58 13.25 11.93 11.43 13.84 13.20 13.72 15.86 18.08 20.60 21.64 22.67 24.83 24.34 27.52 27.36 28.18 27.06 25.36 23.86 21.04 17.35 14.40 11.89 10.39 8.23 7.93 8.03 9.86 12.01 15.00 17.23 18.12 19.24 20.40 21.88 19.97 18.47 20.17 20.28 17.27 15.92 17.78 17.91 14.26 14.92 17.93 18.13 16.90 18.73 22.09 21.12 20.47 24.09 26.95 25.65 25.82 23.57 24.82 22.13 20.41 18.80 17.53 15.78 14.38 12.70 11.53 11.52 10.93 10.77 10.58 13.40 14.18 14.91 16.29 18.84 17.34 15.15 16.20 19.44 17.99 18.20 20.12 22.53 21.18 22.44 25.57 27.35 25.81 28.24 30.67 30.15 27.98 26.91 26.27 23.80 20.93 20.78 19.81 19.38 19.75 19.90 21.84 24.74 25.45 23.49 23.45 25.78 23.81 23.15 25.29 26.61 24.64 23.93 27.03 28.16 27.43 29.13 
