0.73 5.23 6.51 9.64 11.32 13.88 17.83 19.48 21.20 22.66 24.34 23.22 24.21 24.41 24.97 23.47 24.49 22.46 21.70 18.67 18.02 16.70 15.23 15.66 14.43 16.59 17.82 18.83 18.51 19.82 20.18 21.64 20.93 20.80 22.88 24.99 24.57 24.56 27.40 29.15 28.21 28.88 30.98 30.29 28.09 28.94 30.61 29.53 28.38 29.07 31.48 31.55 31.52 31.45 32.54 31.74 30.80 29.65 28.61 27.20 25.87 25.13 25.19 24.33 24.27 24.77 24.83 23.18 21.45 21.29 20.80 19.76 17.80 16.29 13.26 14.94 15.93 15.76 17.05 18.01 20.48 22.46 24.45 29.19 27.82 24.68 26.42 52.41 
5.23 0.00 2.05 4.40 8.88 10.18 13.39 15.03 17.16 18.92 20.92 19.12 20.89 21.10 22.05 20.40 21.19 19.09 18.65 16.58 14.33 12.80 11.27 11.10 10.18 13.39 14.47 15.55 14.42 16.51 16.80 18.71 17.85 17.12 19.43 22.09 21.08 20.69 24.32 26.03 24.36 24.84 27.39 26.80 23.98 25.15 27.19 26.36 24.95 25.88 28.62 28.77 28.53 28.46 29.88 29.27 27.83 26.29 24.89 23.52 22.42 21.33 21.60 20.87 20.74 21.17 21.81 19.87 17.59 18.60 18.14 17.81 14.91 13.15 10.70 12.19 11.45 12.72 14.09 15.46 17.42 19.35 21.75 25.75 22.35 24.02 25.21 54.21 
6.51 2.05 0.00 3.83 6.98 9.22 11.70 14.15 15.66 17.83 20.34 18.80 19.24 19.92 20.93 18.91 19.07 16.19 16.72 15.55 11.34 10.83 8.72 9.88 8.70 12.13 14.00 14.88 13.67 15.76 16.41 17.92 16.97 16.30 17.87 19.91 19.32 18.85 22.13 23.76 22.10 22.49 25.04 24.33 21.46 22.66 25.06 24.22 23.22 23.87 26.35 26.55 26.25 25.97 27.56 26.42 25.09 23.58 21.84 20.01 19.04 18.25 18.54 17.33 17.41 18.31 19.34 17.46 15.40 16.70 16.52 16.33 13.99 13.01 10.01 11.35 10.90 11.05 13.61 14.05 16.46 17.86 19.43 21.77 21.42 21.84 23.13 44.55 
9.64 4.40 3.83 0.00 5.07 6.40 9.12 10.31 12.55 13.92 16.03 15.39 15.67 16.12 17.40 15.97 16.64 15.47 14.73 12.07 8.99 7.77 8.05 9.61 8.67 11.58 14.97 14.87 13.64 14.93 15.49 16.61 15.27 14.40 16.16 17.86 16.69 16.00 19.45 20.95 19.00 19.71 22.09 21.94 18.67 20.30 22.36 21.44 20.19 21.52 23.84 23.86 23.48 23.61 24.87 24.05 22.43 21.59 19.72 18.15 16.64 16.43 15.75 15.19 15.05 16.14 16.98 15.21 13.97 15.50 14.91 15.42 13.39 12.35 10.17 10.94 10.17 8.63 10.95 11.80 14.15 14.53 15.74 17.92 18.94 20.03 22.08 41.46 
11.32 8.88 6.98 5.07 0.00 5.53 7.01 9.74 11.68 13.84 15.19 14.46 15.08 16.16 16.77 15.11 17.75 15.49 13.43 10.93 8.02 9.41 8.31 10.66 10.16 14.10 16.34 15.97 13.57 14.41 14.62 15.89 14.90 13.52 16.23 18.43 16.88 16.04 19.72 22.00 19.88 20.21 23.12 22.64 19.76 20.71 22.69 21.75 20.37 21.25 23.77 24.09 23.87 23.50 24.65 23.71 23.01 21.54 20.01 18.42 17.50 16.88 16.25 15.61 15.56 17.00 17.36 15.17 14.32 15.76 15.18 15.44 14.63 13.65 10.73 12.11 11.41 9.77 8.37 8.01 10.53 13.41 15.19 17.52 17.74 18.01 20.19 40.89 
13.88 10.18 9.22 6.40 5.53 0.00 5.40 6.65 8.49 9.93 11.89 11.33 12.13 13.62 14.20 13.28 15.59 13.39 11.68 9.26 8.67 8.15 8.23 11.02 11.00 15.04 16.62 16.51 13.31 14.49 14.39 16.28 13.80 12.21 14.94 17.87 14.92 13.84 18.06 20.15 17.45 18.29 21.05 20.36 17.05 18.41 20.36 19.32 18.11 19.27 21.50 21.98 21.80 21.46 22.52 21.90 20.88 19.59 17.14 15.76 15.07 14.65 13.22 13.32 13.52 14.33 15.75 13.87 12.67 14.77 14.85 15.45 13.97 13.60 11.49 13.58 12.15 9.70 8.92 8.30 10.04 10.40 12.88 15.38 14.77 16.49 19.04 39.37 
17.83 13.39 11.70 9.12 7.01 5.40 0.00 5.70 6.64 8.75 10.68 11.27 12.03 12.95 13.63 13.12 14.84 12.86 11.57 11.81 7.83 11.22 10.52 13.75 13.68 17.50 18.87 18.44 15.89 17.13 17.79 18.72 16.36 14.77 16.58 18.70 16.77 15.25 19.20 20.73 18.03 18.61 21.45 20.09 16.73 18.18 20.49 18.92 17.74 18.81 20.90 21.31 21.07 20.71 21.99 20.77 19.96 18.67 16.53 14.17 14.21 13.39 12.68 12.37 13.39 14.03 15.71 14.47 13.12 15.94 16.74 17.77 16.55 16.06 13.86 15.66 14.58 12.00 10.18 9.42 10.23 10.93 11.12 13.49 15.43 16.24 18.58 35.02 
19.48 15.03 14.15 10.31 9.74 6.65 5.70 0.00 5.23 5.81 7.98 7.69 9.25 9.95 11.09 9.08 11.13 10.20 11.08 7.74 4.97 8.57 11.70 14.35 13.65 18.02 19.90 20.04 17.20 18.28 17.78 19.18 16.78 14.66 15.92 17.67 14.94 13.55 17.40 19.18 16.09 16.72 19.51 19.04 15.11 17.07 19.26 18.15 16.86 18.29 20.07 20.22 19.97 19.75 20.77 19.99 18.70 17.60 15.04 13.20 12.39 12.07 11.01 11.49 12.58 14.45 15.59 13.97 13.78 17.13 16.97 18.93 17.62 17.55 14.61 16.70 16.33 13.12 11.86 9.89 11.09 7.75 8.70 11.13 12.25 12.83 16.47 30.78 
21.20 17.16 15.66 12.55 11.68 8.49 6.64 5.23 1.17 4.64 7.02 6.98 8.33 9.68 11.41 11.21 12.74 12.77 12.94 12.89 10.40 13.03 13.05 17.41 16.22 20.84 21.87 21.51 19.84 19.72 18.73 19.94 17.97 15.54 16.79 18.26 15.67 13.72 17.55 19.29 16.53 17.20 19.88 18.87 16.07 17.47 18.90 17.51 16.36 17.51 19.32 19.41 19.21 18.65 20.09 18.84 17.99 15.98 14.17 11.58 11.45 11.08 9.83 10.49 11.88 14.59 15.37 14.03 14.64 18.78 18.24 20.25 19.88 20.06 16.69 18.99 18.19 14.88 13.30 11.25 8.46 5.75 6.43 9.79 10.63 12.09 14.96 24.72 
22.66 18.92 17.83 13.92 13.84 9.93 8.75 5.81 4.64 0.00 4.87 6.31 6.41 8.22 9.90 9.78 12.03 12.15 12.91 13.59 13.05 14.83 14.87 19.21 18.01 21.48 23.56 23.60 20.74 21.19 20.34 21.41 18.69 16.54 17.52 18.83 15.67 14.20 17.89 19.08 16.36 17.23 19.97 18.38 15.41 17.15 18.44 16.78 15.91 17.30 18.78 18.50 17.80 18.05 19.24 18.71 16.42 15.73 12.99 11.80 11.17 11.64 10.31 12.37 13.35 15.48 17.05 16.45 16.24 19.97 20.01 21.19 20.54 20.92 18.18 20.11 19.75 16.68 15.51 12.59 11.68 7.68 8.68 10.64 11.70 12.76 16.38 22.44 
24.34 20.92 20.34 16.03 15.19 11.89 10.68 7.98 7.02 4.87 1.27 5.25 7.79 6.97 8.32 9.45 11.99 12.22 13.71 14.73 12.77 17.68 17.54 20.09 18.43 22.49 25.73 24.99 22.30 23.06 22.63 23.34 20.07 18.21 19.11 20.44 17.20 15.59 18.81 20.15 17.22 17.81 20.60 18.30 14.74 17.41 18.92 17.05 16.25 18.29 19.60 19.16 18.36 18.72 20.02 17.65 15.88 15.10 13.35 10.18 10.59 11.47 12.32 13.62 15.15 17.31 19.82 19.44 18.25 21.15 21.85 23.53 22.34 22.24 19.72 22.28 21.52 18.98 16.62 15.07 13.41 10.79 8.91 12.40 13.18 14.51 16.06 22.67 
23.22 19.12 18.80 15.39 14.46 11.33 11.27 7.69 6.98 6.31 5.25 0.00 5.35 6.92 6.69 7.75 10.70 11.25 11.72 14.69 12.19 15.56 15.72 18.97 17.70 21.61 23.73 23.50 20.93 21.46 20.58 21.81 19.26 16.61 16.97 18.61 15.61 13.34 17.21 18.07 14.84 15.19 17.87 16.43 12.74 15.30 17.00 15.07 14.36 16.55 18.02 17.77 16.94 17.28 17.70 15.79 14.05 13.30 10.53 7.55 8.87 9.94 10.21 12.53 14.46 17.17 18.35 17.63 17.26 20.53 20.78 22.52 21.27 20.91 18.48 21.53 21.03 18.02 16.12 14.12 12.79 9.44 8.91 10.10 11.78 12.00 14.68 19.36 
24.21 20.89 19.24 15.67 15.08 12.13 12.03 9.25 8.33 6.41 7.79 5.35 0.00 5.69 7.60 6.81 10.24 10.59 11.62 14.58 13.95 16.76 15.53 19.62 20.20 22.69 24.83 24.15 22.30 22.04 21.44 22.70 20.62 18.08 18.03 19.43 16.40 14.44 17.21 18.53 15.99 15.86 18.32 17.48 14.08 16.08 17.85 16.72 15.53 17.25 18.93 18.66 18.45 18.26 19.23 17.51 16.93 14.89 12.49 9.94 11.85 12.38 12.11 14.52 17.39 19.06 20.21 19.26 19.73 23.08 22.91 24.27 23.56 23.08 20.33 22.84 22.88 19.81 17.29 16.37 14.44 10.17 10.68 11.36 10.78 12.99 13.80 21.80 
24.41 21.10 19.92 16.12 16.16 13.62 12.95 9.95 9.68 8.22 6.97 6.92 5.69 0.00 6.21 7.22 8.18 10.15 12.08 14.24 13.53 16.63 16.81 20.93 20.45 23.63 25.94 25.66 22.67 22.75 22.52 23.50 20.89 18.37 18.85 19.56 16.60 14.01 16.93 17.58 15.09 15.30 17.55 16.56 13.87 15.23 17.36 16.32 15.48 17.19 19.02 18.96 18.15 18.54 19.47 18.25 16.49 15.49 13.86 12.03 12.69 13.98 14.27 16.69 18.30 20.37 21.75 21.53 21.26 24.05 23.98 25.14 24.00 24.16 21.10 23.62 23.70 20.80 18.22 16.86 15.50 11.74 12.67 12.81 13.18 12.25 15.97 19.66 
24.97 22.05 20.93 17.40 16.77 14.20 13.63 11.09 11.41 9.90 8.32 6.69 7.60 6.21 0.00 5.30 7.77 8.27 10.72 12.62 12.59 16.41 17.65 20.92 19.78 23.96 27.12 26.31 23.68 23.79 24.03 24.69 21.60 19.07 19.38 20.34 16.77 13.83 16.84 17.57 14.73 13.73 16.62 15.51 12.38 14.76 17.21 16.54 15.95 18.02 19.78 19.92 19.14 19.45 20.07 18.17 16.53 15.72 14.70 12.42 12.93 13.80 15.55 17.24 19.25 21.12 22.51 22.33 21.87 24.41 24.20 25.48 24.45 24.08 22.00 24.12 24.50 21.83 19.10 18.36 16.35 13.64 12.49 13.96 14.13 15.66 15.40 21.62 
23.47 20.40 18.91 15.97 15.11 13.28 13.12 9.08 11.21 9.78 9.45 7.75 6.81 7.22 5.30 0.00 5.23 6.65 8.04 10.37 11.29 14.14 15.70 18.99 18.73 21.94 24.91 24.80 22.50 22.63 22.26 22.87 20.47 17.30 17.85 19.17 15.62 13.10 15.68 16.57 12.24 11.47 14.79 13.66 10.83 13.53 16.78 15.79 15.32 17.75 20.11 20.27 19.83 19.51 20.10 18.03 16.66 15.78 14.35 11.96 13.62 14.31 15.35 17.03 19.09 20.98 21.98 21.37 21.09 23.70 23.71 25.00 23.72 23.65 21.05 23.66 23.81 20.93 18.11 16.68 15.96 13.73 12.77 13.87 16.44 16.30 17.56 20.27 
24.49 21.19 19.07 16.64 17.75 15.59 14.84 11.13 12.74 12.03 11.99 10.70 10.24 8.18 7.77 5.23 0.31 5.39 7.86 10.02 10.65 14.18 16.04 19.80 20.20 23.59 25.76 26.24 24.27 23.99 23.28 24.22 21.92 18.90 18.85 20.43 18.16 14.83 17.24 17.82 14.84 13.74 16.91 16.85 14.55 17.06 19.96 19.34 18.38 20.79 22.66 23.00 22.61 22.37 23.02 21.41 20.32 19.22 17.86 15.37 17.21 17.65 18.84 19.92 21.92 23.65 25.12 24.22 23.37 26.01 26.36 27.10 26.22 25.78 23.76 25.66 26.07 22.90 19.83 19.50 17.84 15.69 15.45 16.51 17.89 18.66 19.97 24.08 
22.46 19.09 16.19 15.47 15.49 13.39 12.86 10.20 12.77 12.15 12.22 11.25 10.59 10.15 8.27 6.65 5.39 0.00 5.83 7.46 8.23 11.83 14.66 17.87 18.57 22.14 25.42 25.14 23.07 22.87 22.30 22.86 20.67 17.37 17.40 18.41 15.66 13.74 15.26 15.96 12.66 12.87 15.76 16.10 14.10 16.55 19.24 19.10 18.34 20.47 22.50 22.99 22.48 22.51 22.92 21.47 19.58 18.78 17.37 15.78 16.40 17.21 18.37 19.71 20.96 22.66 23.99 23.54 22.97 25.37 25.75 26.73 25.40 25.80 23.66 25.63 25.30 22.48 19.66 18.77 17.78 15.86 15.86 17.30 19.07 19.55 21.11 24.06 
21.70 18.65 16.72 14.73 13.43 11.68 11.57 11.08 12.94 12.91 13.71 11.72 11.62 12.08 10.72 8.04 7.86 5.83 0.59 6.03 8.18 12.04 13.56 17.83 18.14 22.52 25.65 25.75 22.85 23.75 23.02 23.63 20.71 17.92 18.27 18.95 16.10 13.92 16.65 17.34 13.89 13.88 17.30 16.95 14.51 17.87 20.57 20.50 19.54 21.56 24.35 24.65 23.84 23.71 24.47 22.84 21.05 20.29 19.74 17.40 17.39 17.97 19.55 20.41 22.14 23.82 24.66 24.25 23.65 26.24 25.94 26.83 25.80 25.67 24.15 25.88 25.34 22.57 20.54 19.94 17.78 17.05 16.45 17.49 19.89 20.91 22.16 24.47 
18.67 16.58 15.55 12.07 10.93 9.26 11.81 7.74 12.89 13.59 14.73 14.69 14.58 14.24 12.62 10.37 10.02 7.46 6.03 0.00 6.30 9.21 10.82 14.29 15.79 19.70 22.46 22.49 21.03 21.35 20.53 21.23 18.89 16.64 16.54 18.47 15.37 14.18 16.61 17.58 13.81 13.72 17.52 17.99 15.30 18.34 21.40 21.02 20.04 22.18 24.97 25.55 24.96 24.70 25.06 23.79 22.55 21.41 20.07 17.95 17.87 18.12 19.44 20.34 21.74 23.44 24.23 23.40 22.80 25.01 25.04 26.19 24.75 24.86 22.34 24.60 24.08 21.93 19.03 17.98 17.20 16.72 16.52 17.51 20.29 21.76 21.91 24.81 
18.02 14.33 11.34 8.99 8.02 8.67 7.83 4.97 10.40 13.05 12.77 12.19 13.95 13.53 12.59 11.29 10.65 8.23 8.18 6.30 0.00 6.20 7.51 10.67 11.84 15.22 18.32 18.78 16.62 17.15 15.87 17.03 15.91 13.56 13.64 15.09 12.75 11.16 14.00 15.23 11.72 11.57 16.08 17.10 14.43 16.80 19.48 19.89 19.26 21.08 23.57 24.33 24.10 23.68 24.30 22.87 22.46 20.65 19.43 17.02 17.27 17.25 18.46 18.75 20.10 21.54 22.79 21.93 20.72 22.56 22.73 23.62 22.83 22.13 20.12 21.96 21.71 19.36 17.01 16.77 16.07 15.35 15.29 16.20 19.38 19.90 21.52 24.26 
16.70 12.80 10.83 7.77 9.41 8.15 11.22 8.57 13.03 14.83 17.68 15.56 16.76 16.63 16.41 14.14 14.18 11.83 12.04 9.21 6.20 0.00 5.84 8.97 9.88 13.52 16.72 17.34 15.30 16.34 15.30 16.33 15.19 14.21 13.89 14.89 12.74 12.56 14.75 15.67 12.84 13.76 17.14 18.06 16.11 17.57 20.43 20.69 20.10 21.84 24.48 25.44 25.11 25.21 25.55 24.61 23.08 22.05 20.65 18.22 17.94 18.17 19.25 19.50 20.45 21.48 22.44 21.63 20.65 22.16 22.23 23.15 22.00 21.91 20.02 21.79 21.69 19.97 17.34 16.53 16.45 16.02 16.64 17.76 20.10 21.48 21.99 24.97 
15.23 11.27 8.72 8.05 8.31 8.23 10.52 11.70 13.05 14.87 17.54 15.72 15.53 16.81 17.65 15.70 16.04 14.66 13.56 10.82 7.51 5.84 0.00 6.20 7.29 10.49 13.32 13.46 11.01 12.68 13.37 13.82 12.82 11.20 12.76 14.14 11.12 10.49 14.23 15.62 12.61 13.88 16.77 17.74 15.38 17.89 19.88 20.28 19.30 21.36 23.99 24.62 24.15 24.13 25.04 23.52 22.43 21.12 20.24 17.88 17.52 17.37 18.13 18.36 19.45 20.48 21.44 20.45 19.47 20.63 20.74 21.44 20.49 19.38 17.99 19.28 18.88 17.03 15.37 14.49 14.26 14.62 14.46 16.05 18.58 19.97 21.69 23.69 
15.66 11.10 9.88 9.61 10.66 11.02 13.75 14.35 17.41 19.21 20.09 18.97 19.62 20.93 20.92 18.99 19.80 17.87 17.83 14.29 10.67 8.97 6.20 1.87 6.49 9.47 12.03 11.96 11.38 13.61 12.87 15.38 14.31 14.01 13.36 15.99 13.04 13.70 16.34 18.75 15.72 16.90 19.65 20.53 18.08 19.95 22.29 22.57 21.59 23.30 26.07 27.16 26.77 26.61 26.82 25.94 24.61 23.46 21.95 19.99 19.63 19.37 20.04 20.46 21.10 22.75 23.18 22.70 20.72 22.15 21.57 23.49 21.27 19.72 17.89 20.44 19.90 17.95 15.99 16.12 16.15 16.54 17.16 18.85 20.92 23.06 22.66 25.12 
14.43 10.18 8.70 8.67 10.16 11.00 13.68 13.65 16.22 18.01 18.43 17.70 20.20 20.45 19.78 18.73 20.20 18.57 18.14 15.79 11.84 9.88 7.29 6.49 0.58 5.46 7.04 8.08 8.27 10.48 10.51 12.44 11.25 11.87 12.75 13.63 10.45 11.51 15.22 16.80 14.13 15.82 19.08 19.52 17.23 19.15 21.43 21.73 20.77 22.44 24.78 26.02 26.26 25.49 25.96 24.98 24.22 22.49 21.06 18.69 18.79 17.54 18.48 18.74 19.76 20.73 21.68 20.74 18.88 19.70 19.16 20.37 18.52 16.54 14.88 17.50 17.62 15.24 14.62 15.23 15.83 16.37 16.25 17.46 20.34 21.16 22.30 25.21 
16.59 13.39 12.13 11.58 14.10 15.04 17.50 18.02 20.84 21.48 22.49 21.61 22.69 23.63 23.96 21.94 23.59 22.14 22.52 19.70 15.22 13.52 10.49 9.47 5.46 1.04 6.39 7.55 9.04 11.43 11.98 13.45 13.04 13.90 14.83 15.96 12.95 13.94 17.83 19.13 17.10 18.83 22.07 22.21 20.08 22.21 24.35 24.31 23.38 25.10 27.19 28.51 27.92 28.11 27.87 27.29 26.08 24.89 22.87 20.90 20.43 19.45 20.45 20.57 20.80 21.90 22.68 21.96 19.57 20.92 19.98 20.64 18.74 17.67 15.66 18.34 18.60 16.79 15.36 16.18 17.66 17.33 18.04 19.65 21.81 22.73 23.07 25.49 
17.82 14.47 14.00 14.97 16.34 16.62 18.87 19.90 21.87 23.56 25.73 23.73 24.83 25.94 27.12 24.91 25.76 25.42 25.65 22.46 18.32 16.72 13.32 12.03 7.04 6.39 1.29 6.15 7.66 10.39 11.36 13.27 13.01 13.31 14.50 16.11 13.57 15.06 18.98 20.45 18.64 21.24 23.86 23.50 21.64 23.92 25.95 25.55 24.55 26.07 28.30 28.44 28.45 27.87 28.45 27.25 26.66 24.98 23.50 21.54 21.47 20.11 21.24 21.09 21.66 22.51 23.20 21.83 19.70 20.72 19.56 19.79 18.43 17.14 15.09 18.41 19.47 17.21 17.09 17.91 18.63 18.84 18.80 19.78 22.57 22.91 23.97 25.43 
18.83 15.55 14.88 14.87 15.97 16.51 18.44 20.04 21.51 23.60 24.99 23.50 24.15 25.66 26.31 24.80 26.24 25.14 25.75 22.49 18.78 17.34 13.46 11.96 8.08 7.55 6.15 0.00 5.85 8.50 8.73 11.29 11.55 12.24 12.35 14.10 12.70 14.31 17.12 18.86 18.08 20.35 22.91 21.91 20.32 22.91 25.19 24.57 23.84 25.34 27.65 28.15 27.73 27.36 26.95 26.09 24.70 23.04 20.99 19.55 19.10 17.97 18.60 19.05 19.97 20.80 20.81 20.44 18.50 18.33 16.77 17.89 16.74 14.43 13.09 16.78 17.87 15.82 15.89 16.77 17.74 17.47 17.89 20.07 21.95 23.25 22.80 24.89 
18.51 14.42 13.67 13.64 13.57 13.31 15.89 17.20 19.84 20.74 22.30 20.93 22.30 22.67 23.68 22.50 24.27 23.07 22.85 21.03 16.62 15.30 11.01 11.38 8.27 9.04 7.66 5.85 0.72 5.79 7.07 7.85 7.12 9.11 10.31 10.82 9.74 11.44 14.12 16.21 15.35 17.79 20.40 19.35 17.96 20.39 22.60 21.84 21.18 22.90 24.73 24.98 25.21 24.39 24.47 22.89 22.29 20.19 18.26 16.00 16.33 14.76 15.20 15.18 16.86 17.39 17.69 16.78 14.43 15.25 14.31 14.81 13.31 11.96 11.02 15.04 15.52 14.08 14.21 15.60 15.52 15.97 15.57 17.03 19.18 20.66 20.95 23.75 
19.82 16.51 15.76 14.93 14.41 14.49 17.13 18.28 19.72 21.19 23.06 21.46 22.04 22.75 23.79 22.63 23.99 22.87 23.75 21.35 17.15 16.34 12.68 13.61 10.48 11.43 10.39 8.50 5.79 0.28 5.65 7.35 6.38 7.91 9.58 11.50 10.09 11.12 14.16 15.56 14.62 16.44 19.83 19.16 17.60 19.92 22.36 21.10 20.64 22.49 24.56 24.33 24.57 24.61 24.20 22.81 22.38 20.55 18.42 15.94 16.60 14.51 15.18 15.17 16.70 17.58 18.14 16.54 13.92 16.63 14.95 15.52 13.68 13.33 10.81 15.25 15.84 14.30 13.37 14.04 14.09 14.74 14.68 16.35 18.01 19.77 19.61 22.62 
20.18 16.80 16.41 15.49 14.62 14.39 17.79 17.78 18.73 20.34 22.63 20.58 21.44 22.52 24.03 22.26 23.28 22.30 23.02 20.53 15.87 15.30 13.37 12.87 10.51 11.98 11.36 8.73 7.07 5.65 0.46 6.09 7.12 6.12 7.54 10.11 9.55 9.82 12.90 14.81 13.76 15.41 18.86 18.41 16.84 18.73 21.86 20.58 20.01 21.79 24.41 24.19 24.07 23.55 24.00 22.62 21.25 19.12 17.49 15.15 14.27 11.82 13.29 13.31 14.62 15.04 16.46 14.16 12.20 13.90 12.90 12.67 12.91 11.92 9.95 13.89 14.68 12.26 12.12 12.94 12.45 13.05 12.60 14.14 16.41 18.22 18.91 21.74 
21.64 18.71 17.92 16.61 15.89 16.28 18.72 19.18 19.94 21.41 23.34 21.81 22.70 23.50 24.69 22.87 24.22 22.86 23.63 21.23 17.03 16.33 13.82 15.38 12.44 13.45 13.27 11.29 7.85 7.35 6.09 0.51 6.61 7.92 6.96 8.54 9.70 11.45 13.08 14.58 14.66 16.23 19.02 18.76 17.49 19.33 22.68 21.92 21.28 22.55 25.41 25.63 25.57 24.92 25.26 24.31 23.10 20.99 19.29 17.15 16.27 14.37 15.19 15.96 16.94 16.90 17.40 16.23 13.55 15.00 12.63 14.00 14.48 13.80 12.55 15.80 16.66 15.56 14.63 14.59 14.76 15.45 14.87 17.22 18.29 20.39 20.13 22.55 
20.93 17.85 16.97 15.27 14.90 13.80 16.36 16.78 17.97 18.69 20.07 19.26 20.62 20.89 21.60 20.47 21.92 20.67 20.71 18.89 15.91 15.19 12.82 14.31 11.25 13.04 13.01 11.55 7.12 6.38 7.12 6.61 0.58 6.02 7.50 7.09 7.69 9.87 12.24 12.78 12.88 15.19 17.53 17.25 15.75 18.21 21.18 20.02 19.56 20.87 23.02 23.34 23.93 22.99 23.55 22.52 21.93 20.06 18.29 15.61 15.77 14.35 14.61 14.78 15.85 16.36 17.13 15.43 12.92 14.66 14.05 14.74 14.23 14.41 12.72 16.00 16.52 15.05 14.77 14.22 12.38 13.55 13.85 14.30 15.87 18.10 18.77 21.72 
20.80 17.12 16.30 14.40 13.52 12.21 14.77 14.66 15.54 16.54 18.21 16.61 18.08 18.37 19.07 17.30 18.90 17.37 17.92 16.64 13.56 14.21 11.20 14.01 11.87 13.90 13.31 12.24 9.11 7.91 6.12 7.92 6.02 0.46 5.77 7.84 6.54 6.59 9.77 11.97 10.87 12.01 15.31 14.88 13.77 16.12 18.57 16.97 17.01 18.82 21.30 20.79 21.29 21.20 21.53 20.04 19.63 17.79 15.74 12.86 13.91 12.39 12.75 12.92 14.68 14.81 15.17 13.97 11.57 14.11 11.57 13.98 13.69 12.92 9.59 14.62 14.43 13.26 11.63 10.74 8.62 10.90 11.03 12.11 13.20 15.86 16.40 20.06 
22.88 19.43 17.87 16.16 16.23 14.94 16.58 15.92 16.79 17.52 19.11 16.97 18.03 18.85 19.38 17.85 18.85 17.40 18.27 16.54 13.64 13.89 12.76 13.36 12.75 14.83 14.50 12.35 10.31 9.58 7.54 6.96 7.50 5.77 1.34 6.22 7.57 6.19 7.46 10.24 10.65 11.35 13.74 13.77 13.29 14.45 17.95 16.58 16.63 18.42 21.78 21.44 21.39 21.02 22.50 20.85 19.43 17.45 16.05 13.99 13.52 11.41 12.54 13.51 14.45 13.64 14.70 13.53 12.08 13.36 11.30 13.78 14.51 13.87 11.21 15.47 16.46 14.40 12.79 12.52 11.09 11.17 9.87 12.18 14.61 16.47 16.78 20.19 
24.99 22.09 19.91 17.86 18.43 17.87 18.70 17.67 18.26 18.83 20.44 18.61 19.43 19.56 20.34 19.17 20.43 18.41 18.95 18.47 15.09 14.89 14.14 15.99 13.63 15.96 16.11 14.10 10.82 11.50 10.11 8.54 7.09 7.84 6.22 1.39 6.14 7.72 7.29 8.32 10.43 12.26 13.60 14.11 14.39 15.65 18.08 18.12 17.80 19.18 22.50 23.10 22.76 22.38 23.74 22.67 21.74 19.57 18.73 17.17 17.04 15.41 16.18 16.97 17.84 18.00 18.75 17.82 15.59 17.44 16.58 17.43 16.85 16.89 15.86 18.41 18.53 17.49 16.47 15.35 15.22 15.35 14.86 15.77 17.44 19.23 19.30 21.80 
24.57 21.08 19.32 16.69 16.88 14.92 16.77 14.94 15.67 15.67 17.20 15.61 16.40 16.60 16.77 15.62 18.16 15.66 16.10 15.37 12.75 12.74 11.12 13.04 10.45 12.95 13.57 12.70 9.74 10.09 9.55 9.70 7.69 6.54 7.57 6.14 0.50 5.65 7.69 6.66 7.22 10.00 11.98 12.05 11.37 13.95 16.13 15.43 15.12 16.43 19.46 20.01 20.51 19.53 21.06 20.09 19.97 18.29 17.16 15.19 15.96 14.95 14.54 15.03 16.64 17.47 17.93 16.87 14.96 17.24 16.59 17.33 15.87 16.18 15.11 17.79 17.82 16.58 16.20 14.64 13.42 14.14 13.86 13.37 14.75 17.21 17.70 20.65 
24.56 20.69 18.85 16.00 16.04 13.84 15.25 13.55 13.72 14.20 15.59 13.34 14.44 14.01 13.83 13.10 14.83 13.74 13.92 14.18 11.16 12.56 10.49 13.70 11.51 13.94 15.06 14.31 11.44 11.12 9.82 11.45 9.87 6.59 6.19 7.72 5.65 0.00 5.76 7.56 6.25 6.78 9.88 10.53 9.53 11.68 14.23 13.06 13.00 14.98 17.83 18.23 18.96 18.34 19.62 18.56 18.31 16.61 15.57 13.39 14.55 13.72 13.79 14.40 15.82 16.60 16.73 15.95 14.56 17.37 15.73 17.77 16.92 16.96 14.83 18.43 18.64 17.00 15.42 13.91 12.87 13.18 12.91 12.43 14.22 15.51 16.44 19.55 
27.40 24.32 22.13 19.45 19.72 18.06 19.20 17.40 17.55 17.89 18.81 17.21 17.21 16.93 16.84 15.68 17.24 15.26 16.65 16.61 14.00 14.75 14.23 16.34 15.22 17.83 18.98 17.12 14.12 14.16 12.90 13.08 12.24 9.77 7.46 7.29 7.69 5.76 2.08 6.59 7.60 6.67 8.46 9.55 9.74 11.46 13.87 13.59 14.19 16.02 19.73 20.84 21.53 21.22 22.43 21.87 20.93 19.10 18.21 16.98 17.33 16.23 17.00 18.05 19.23 20.36 20.76 19.60 17.99 20.43 19.68 21.39 20.33 20.59 19.18 22.36 22.70 20.64 19.12 18.03 16.79 16.70 15.20 15.71 17.54 18.33 19.25 21.20 
29.15 26.03 23.76 20.95 22.00 20.15 20.73 19.18 19.29 19.08 20.15 18.07 18.53 17.58 17.57 16.57 17.82 15.96 17.34 17.58 15.23 15.67 15.62 18.75 16.80 19.13 20.45 18.86 16.21 15.56 14.81 14.58 12.78 11.97 10.24 8.32 6.66 7.56 6.59 0.86 5.98 7.59 7.70 8.30 9.97 11.62 13.79 13.84 14.81 16.46 19.37 21.01 21.96 21.77 23.03 22.36 21.94 20.06 19.06 18.30 19.08 18.00 18.56 20.00 21.18 22.50 23.40 22.06 19.75 22.30 22.31 23.69 21.72 21.68 21.17 23.29 23.61 21.99 20.59 19.14 19.15 18.79 18.38 18.50 19.57 19.85 20.93 21.99 
28.21 24.36 22.10 19.00 19.88 17.45 18.03 16.09 16.53 16.36 17.22 14.84 15.99 15.09 14.73 12.24 14.84 12.66 13.89 13.81 11.72 12.84 12.61 15.72 14.13 17.10 18.64 18.08 15.35 14.62 13.76 14.66 12.88 10.87 10.65 10.43 7.22 6.25 7.60 5.98 0.78 5.25 7.38 6.77 6.75 9.30 11.53 11.19 11.74 14.15 16.15 17.28 18.52 18.81 20.06 19.32 19.54 18.66 17.11 15.93 16.90 16.27 16.35 17.32 18.51 19.79 20.46 19.90 18.09 20.75 20.21 21.65 19.77 19.90 19.14 21.30 22.02 20.16 18.64 17.18 16.54 16.67 15.79 15.43 17.05 18.21 18.87 21.37 
28.88 24.84 22.49 19.71 20.21 18.29 18.61 16.72 17.20 17.23 17.81 15.19 15.86 15.30 13.73 11.47 13.74 12.87 13.88 13.72 11.57 13.76 13.88 16.90 15.82 18.83 21.24 20.35 17.79 16.44 15.41 16.23 15.19 12.01 11.35 12.26 10.00 6.78 6.67 7.59 5.25 0.00 5.68 7.32 5.40 7.10 10.20 10.76 10.75 13.39 16.18 17.19 18.16 18.80 20.11 19.82 19.81 18.89 17.55 15.81 16.37 16.79 17.09 17.80 18.68 20.00 20.93 20.58 18.69 21.40 21.18 22.60 21.38 21.48 19.87 22.61 22.54 20.76 18.93 17.61 17.40 16.82 16.68 16.69 17.43 18.27 19.33 21.27 
30.98 27.39 25.04 22.09 23.12 21.05 21.45 19.51 19.88 19.97 20.60 17.87 18.32 17.55 16.62 14.79 16.91 15.76 17.30 17.52 16.08 17.14 16.77 19.65 19.08 22.07 23.86 22.91 20.40 19.83 18.86 19.02 17.53 15.31 13.74 13.60 11.98 9.88 8.46 7.70 7.38 5.68 1.98 6.44 6.69 7.00 9.25 10.03 11.27 13.20 16.52 18.19 19.14 19.65 20.92 21.05 20.70 19.41 18.20 17.26 17.94 17.78 18.63 19.46 20.33 22.02 22.92 22.45 21.16 23.18 23.22 24.32 23.28 23.56 22.31 24.30 24.72 22.54 20.71 20.37 19.22 18.68 17.97 18.82 19.86 20.82 21.98 23.57 
30.29 26.80 24.33 21.94 22.64 20.36 20.09 19.04 18.87 18.38 18.30 16.43 17.48 16.56 15.51 13.66 16.85 16.10 16.95 17.99 17.10 18.06 17.74 20.53 19.52 22.21 23.50 21.91 19.35 19.16 18.41 18.76 17.25 14.88 13.77 14.11 12.05 10.53 9.55 8.30 6.77 7.32 6.44 0.00 5.58 7.75 7.54 7.99 9.70 11.92 14.74 16.19 17.01 17.76 18.51 18.43 18.36 17.53 16.23 15.50 16.48 16.28 17.35 18.51 19.43 21.29 22.53 22.07 20.70 22.90 22.84 24.02 23.08 23.67 21.78 23.75 24.02 22.30 20.16 19.16 19.11 18.63 17.94 18.83 19.48 20.84 20.90 22.59 
28.09 23.98 21.46 18.67 19.76 17.05 16.73 15.11 16.07 15.41 14.74 12.74 14.08 13.87 12.38 10.83 14.55 14.10 14.51 15.30 14.43 16.11 15.38 18.08 17.23 20.08 21.64 20.32 17.96 17.60 16.84 17.49 15.75 13.77 13.29 14.39 11.37 9.53 9.74 9.97 6.75 5.40 6.69 5.58 0.00 5.03 7.27 5.94 7.34 9.28 11.44 12.27 13.58 14.20 14.59 14.38 14.91 14.89 13.53 12.04 13.90 13.92 14.35 15.17 16.90 18.47 19.93 19.23 18.49 21.21 20.89 21.83 20.88 21.30 19.58 21.22 22.01 20.09 18.01 16.97 16.68 16.14 15.26 15.73 17.58 18.53 19.04 21.73 
28.94 25.15 22.66 20.30 20.71 18.41 18.18 17.07 17.47 17.15 17.41 15.30 16.08 15.23 14.76 13.53 17.06 16.55 17.87 18.34 16.80 17.57 17.89 19.95 19.15 22.21 23.92 22.91 20.39 19.92 18.73 19.33 18.21 16.12 14.45 15.65 13.95 11.68 11.46 11.62 9.30 7.10 7.00 7.75 5.03 0.00 6.01 7.37 7.00 8.49 10.79 12.98 13.17 14.66 14.48 14.82 14.92 14.95 13.23 12.47 14.44 15.00 15.53 16.86 18.23 20.05 21.31 21.18 20.22 22.65 22.62 23.24 22.48 22.68 20.73 22.45 23.04 21.12 18.95 17.72 17.62 16.41 16.19 17.20 18.19 19.17 19.54 21.91 
30.61 27.19 25.06 22.36 22.69 20.36 20.49 19.26 18.90 18.44 18.92 17.00 17.85 17.36 17.21 16.78 19.96 19.24 20.57 21.40 19.48 20.43 19.88 22.29 21.43 24.35 25.95 25.19 22.60 22.36 21.86 22.68 21.18 18.57 17.95 18.08 16.13 14.23 13.87 13.79 11.53 10.20 9.25 7.54 7.27 6.01 0.00 6.13 7.36 7.06 8.69 11.59 12.90 13.38 13.68 14.74 14.52 14.21 14.25 14.02 15.11 15.96 16.90 18.16 19.46 21.50 22.87 22.68 21.65 24.11 24.12 25.13 24.13 24.07 22.17 24.17 24.55 22.25 20.28 19.67 18.65 17.50 16.87 18.18 19.95 20.42 21.53 22.77 
29.53 26.36 24.22 21.44 21.75 19.32 18.92 18.15 17.51 16.78 17.05 15.07 16.72 16.32 16.54 15.79 19.34 19.10 20.50 21.02 19.89 20.69 20.28 22.57 21.73 24.31 25.55 24.57 21.84 21.10 20.58 21.92 20.02 16.97 16.58 18.12 15.43 13.06 13.59 13.84 11.19 10.76 10.03 7.99 5.94 7.37 6.13 0.00 5.21 7.09 7.32 9.31 10.91 11.31 12.15 12.87 13.24 13.66 13.83 13.42 14.40 15.17 16.22 17.49 18.85 21.24 22.59 22.18 21.34 23.68 23.71 24.57 24.18 24.00 21.55 23.44 23.72 21.40 19.14 18.11 18.02 16.94 16.25 17.34 18.70 20.14 19.41 21.59 
28.38 24.95 23.22 20.19 20.37 18.11 17.74 16.86 16.36 15.91 16.25 14.36 15.53 15.48 15.95 15.32 18.38 18.34 19.54 20.04 19.26 20.10 19.30 21.59 20.77 23.38 24.55 23.84 21.18 20.64 20.01 21.28 19.56 17.01 16.63 17.80 15.12 13.00 14.19 14.81 11.74 10.75 11.27 9.70 7.34 7.00 7.36 5.21 0.00 5.18 7.07 7.49 8.51 9.09 9.29 10.38 11.08 13.07 12.81 11.78 13.64 14.64 15.21 16.36 18.27 20.85 22.14 21.24 20.31 23.18 23.23 24.29 23.34 23.48 21.22 23.19 23.73 20.98 18.56 17.89 17.28 16.01 14.83 15.45 17.12 17.83 18.00 20.52 
29.07 25.88 23.87 21.52 21.25 19.27 18.81 18.29 17.51 17.30 18.29 16.55 17.25 17.19 18.02 17.75 20.79 20.47 21.56 22.18 21.08 21.84 21.36 23.30 22.44 25.10 26.07 25.34 22.90 22.49 21.79 22.55 20.87 18.82 18.42 19.18 16.43 14.98 16.02 16.46 14.15 13.39 13.20 11.92 9.28 8.49 7.06 7.09 5.18 0.00 6.05 8.05 7.18 9.89 9.82 10.28 11.81 14.02 13.89 12.89 14.82 16.17 17.24 18.17 19.51 22.05 23.47 22.90 21.93 24.66 24.92 25.80 25.46 24.92 23.04 24.93 24.91 22.41 19.71 18.35 18.05 15.80 15.47 16.35 17.27 18.26 18.27 20.70 
31.48 28.62 26.35 23.84 23.77 21.50 20.90 20.07 19.32 18.78 19.60 18.02 18.93 19.02 19.78 20.11 22.66 22.50 24.35 24.97 23.57 24.48 23.99 26.07 24.78 27.19 28.30 27.65 24.73 24.56 24.41 25.41 23.02 21.30 21.78 22.50 19.46 17.83 19.73 19.37 16.15 16.18 16.52 14.74 11.44 10.79 8.69 7.32 7.07 6.05 0.78 6.47 6.64 7.97 9.01 10.82 11.31 13.81 15.02 14.93 16.57 17.91 18.98 20.23 21.42 23.66 25.01 24.68 23.82 26.69 26.49 28.11 27.29 27.24 24.67 26.99 27.09 24.17 21.69 20.67 19.31 17.85 16.47 17.89 18.73 19.40 20.57 22.36 
31.55 28.77 26.55 23.86 24.09 21.98 21.31 20.22 19.41 18.50 19.16 17.77 18.66 18.96 19.92 20.27 23.00 22.99 24.65 25.55 24.33 25.44 24.62 27.16 26.02 28.51 28.44 28.15 24.98 24.33 24.19 25.63 23.34 20.79 21.44 23.10 20.01 18.23 20.84 21.01 17.28 17.19 18.19 16.19 12.27 12.98 11.59 9.31 7.49 8.05 6.47 0.00 5.76 7.14 8.59 10.86 12.33 14.06 15.78 15.14 16.52 17.46 19.14 20.39 22.20 24.46 25.55 25.23 24.62 27.28 27.32 28.54 28.66 28.02 25.53 27.72 27.77 25.24 21.93 20.21 19.64 17.78 16.94 17.92 18.35 19.83 20.05 21.72 
31.52 28.53 26.25 23.48 23.87 21.80 21.07 19.97 19.21 17.80 18.36 16.94 18.45 18.15 19.14 19.83 22.61 22.48 23.84 24.96 24.10 25.11 24.15 26.77 26.26 27.92 28.45 27.73 25.21 24.57 24.07 25.57 23.93 21.29 21.39 22.76 20.51 18.96 21.53 21.96 18.52 18.16 19.14 17.01 13.58 13.17 12.90 10.91 8.51 7.18 6.64 5.76 0.00 4.88 7.39 8.77 11.40 13.53 15.28 14.56 17.16 17.94 19.53 21.25 23.40 25.56 26.79 25.61 24.74 27.72 28.04 29.42 28.91 28.63 26.27 28.43 29.08 25.88 22.60 21.53 19.78 18.14 16.47 17.44 17.99 19.13 19.85 22.55 
31.45 28.46 25.97 23.61 23.50 21.46 20.71 19.75 18.65 18.05 18.72 17.28 18.26 18.54 19.45 19.51 22.37 22.51 23.71 24.70 23.68 25.21 24.13 26.61 25.49 28.11 27.87 27.36 24.39 24.61 23.55 24.92 22.99 21.20 21.02 22.38 19.53 18.34 21.22 21.77 18.81 18.80 19.65 17.76 14.20 14.66 13.38 11.31 9.09 9.89 7.97 7.14 4.88 0.00 6.03 7.61 8.86 11.99 13.88 13.42 15.39 17.29 19.67 20.84 22.15 24.64 25.82 24.36 23.95 26.50 27.63 28.61 28.40 27.73 25.98 28.49 28.70 25.72 22.60 20.84 19.83 17.47 16.44 17.66 18.69 19.37 19.72 21.17 
32.54 29.88 27.56 24.87 24.65 22.52 21.99 20.77 20.09 19.24 20.02 17.70 19.23 19.47 20.07 20.10 23.02 22.92 24.47 25.06 24.30 25.55 25.04 26.82 25.96 27.87 28.45 26.95 24.47 24.20 24.00 25.26 23.55 21.53 22.50 23.74 21.06 19.62 22.43 23.03 20.06 20.11 20.92 18.51 14.59 14.48 13.68 12.15 9.29 9.82 9.01 8.59 7.39 6.03 0.00 6.40 8.03 10.01 12.14 13.81 16.86 18.24 19.99 21.61 23.62 25.80 26.15 24.81 24.23 27.45 28.15 29.43 29.05 28.81 26.80 29.22 29.62 26.90 23.48 22.25 20.70 19.28 16.90 18.15 20.48 21.17 20.54 22.54 
31.74 29.27 26.42 24.05 23.71 21.90 20.77 19.99 18.84 18.71 17.65 15.79 17.51 18.25 18.17 18.03 21.41 21.47 22.84 23.79 22.87 24.61 23.52 25.94 24.98 27.29 27.25 26.09 22.89 22.81 22.62 24.31 22.52 20.04 20.85 22.67 20.09 18.56 21.87 22.36 19.32 19.82 21.05 18.43 14.38 14.82 14.74 12.87 10.38 10.28 10.82 10.86 8.77 7.61 6.40 0.00 5.53 7.54 10.58 11.33 14.80 16.83 18.84 21.27 23.28 24.71 26.14 24.04 24.37 26.53 27.37 28.65 29.39 28.70 26.40 28.80 29.26 26.62 22.79 21.70 21.09 18.41 16.07 17.59 19.96 20.36 19.65 20.79 
30.80 27.83 25.09 22.43 23.01 20.88 19.96 18.70 17.99 16.42 15.88 14.05 16.93 16.49 16.53 16.66 20.32 19.58 21.05 22.55 22.46 23.08 22.43 24.61 24.22 26.08 26.66 24.70 22.29 22.38 21.25 23.10 21.93 19.63 19.43 21.74 19.97 18.31 20.93 21.94 19.54 19.81 20.70 18.36 14.91 14.92 14.52 13.24 11.08 11.81 11.31 12.33 11.40 8.86 8.03 5.53 0.00 6.29 7.66 10.00 12.37 15.95 18.19 20.47 22.23 25.12 25.82 24.73 24.04 26.78 27.25 29.21 29.05 28.59 25.95 28.18 27.92 25.26 21.97 21.72 20.53 18.57 15.46 16.57 17.71 19.23 19.11 21.95 
29.65 26.29 23.58 21.59 21.54 19.59 18.67 17.60 15.98 15.73 15.10 13.30 14.89 15.49 15.72 15.78 19.22 18.78 20.29 21.41 20.65 22.05 21.12 23.46 22.49 24.89 24.98 23.04 20.19 20.55 19.12 20.99 20.06 17.79 17.45 19.57 18.29 16.61 19.10 20.06 18.66 18.89 19.41 17.53 14.89 14.95 14.21 13.66 13.07 14.02 13.81 14.06 13.53 11.99 10.01 7.54 6.29 0.00 5.95 6.86 10.74 12.99 15.22 18.21 20.07 21.96 23.37 21.21 21.66 24.38 25.54 27.36 26.74 26.47 24.01 26.17 25.37 23.54 19.99 19.75 18.36 15.98 13.66 16.05 17.62 18.34 18.57 20.55 
28.61 24.89 21.84 19.72 20.01 17.14 16.53 15.04 14.17 12.99 13.35 10.53 12.49 13.86 14.70 14.35 17.86 17.37 19.74 20.07 19.43 20.65 20.24 21.95 21.06 22.87 23.50 20.99 18.26 18.42 17.49 19.29 18.29 15.74 16.05 18.73 17.16 15.57 18.21 19.06 17.11 17.55 18.20 16.23 13.53 13.23 14.25 13.83 12.81 13.89 15.02 15.78 15.28 13.88 12.14 10.58 7.66 5.95 0.00 5.45 7.17 10.27 11.48 14.51 16.95 18.51 18.52 17.00 17.46 21.77 22.73 24.60 23.78 23.90 21.46 23.42 23.32 20.54 18.97 17.21 15.21 12.53 10.85 13.26 15.36 16.54 17.34 21.21 
27.20 23.52 20.01 18.15 18.42 15.76 14.17 13.20 11.58 11.80 10.18 7.55 9.94 12.03 12.42 11.96 15.37 15.78 17.40 17.95 17.02 18.22 17.88 19.99 18.69 20.90 21.54 19.55 16.00 15.94 15.15 17.15 15.61 12.86 13.99 17.17 15.19 13.39 16.98 18.30 15.93 15.81 17.26 15.50 12.04 12.47 14.02 13.42 11.78 12.89 14.93 15.14 14.56 13.42 13.81 11.33 10.00 6.86 5.45 0.00 5.47 7.18 9.74 12.50 14.30 15.72 16.95 14.93 15.20 18.74 19.20 22.03 21.51 22.01 18.54 20.95 20.43 20.00 15.13 15.01 12.18 10.81 8.83 10.53 14.13 16.55 16.18 19.04 
25.87 22.42 19.04 16.64 17.50 15.07 14.21 12.39 11.45 11.17 10.59 8.87 11.85 12.69 12.93 13.62 17.21 16.40 17.39 17.87 17.27 17.94 17.52 19.63 18.79 20.43 21.47 19.10 16.33 16.60 14.27 16.27 15.77 13.91 13.52 17.04 15.96 14.55 17.33 19.08 16.90 16.37 17.94 16.48 13.90 14.44 15.11 14.40 13.64 14.82 16.57 16.52 17.16 15.39 16.86 14.80 12.37 10.74 7.17 5.47 0.00 6.08 6.96 9.77 11.18 13.55 13.67 13.00 13.01 15.66 16.14 19.57 19.29 19.74 16.39 19.22 18.74 17.33 12.49 12.71 10.74 9.10 6.12 8.65 12.71 15.87 16.96 21.22 
25.13 21.33 18.25 16.43 16.88 14.65 13.39 12.07 11.08 11.64 11.47 9.94 12.38 13.98 13.80 14.31 17.65 17.21 17.97 18.12 17.25 18.17 17.37 19.37 17.54 19.45 20.11 17.97 14.76 14.51 11.82 14.37 14.35 12.39 11.41 15.41 14.95 13.72 16.23 18.00 16.27 16.79 17.78 16.28 13.92 15.00 15.96 15.17 14.64 16.17 17.91 17.46 17.94 17.29 18.24 16.83 15.95 12.99 10.27 7.18 6.08 0.94 6.36 8.08 9.71 11.13 12.87 10.91 10.69 15.01 15.74 18.63 17.50 17.69 14.80 17.12 17.14 14.34 9.75 10.52 10.95 6.89 5.85 9.99 14.72 16.11 17.25 20.71 
25.19 21.60 18.54 15.75 16.25 13.22 12.68 11.01 9.83 10.31 12.32 10.21 12.11 14.27 15.55 15.35 18.84 18.37 19.55 19.44 18.46 19.25 18.13 20.04 18.48 20.45 21.24 18.60 15.20 15.18 13.29 15.19 14.61 12.75 12.54 16.18 14.54 13.79 17.00 18.56 16.35 17.09 18.63 17.35 14.35 15.53 16.90 16.22 15.21 17.24 18.98 19.14 19.53 19.67 19.99 18.84 18.19 15.22 11.48 9.74 6.96 6.36 0.94 6.43 6.55 9.16 10.26 9.66 9.43 14.09 14.65 16.92 15.66 16.63 13.16 15.22 15.08 12.69 10.09 9.75 8.14 6.12 6.50 9.53 14.22 15.23 16.68 21.56 
24.33 20.87 17.33 15.19 15.61 13.32 12.37 11.49 10.49 12.37 13.62 12.53 14.52 16.69 17.24 17.03 19.92 19.71 20.41 20.34 18.75 19.50 18.36 20.46 18.74 20.57 21.09 19.05 15.18 15.17 13.31 15.96 14.78 12.92 13.51 16.97 15.03 14.40 18.05 20.00 17.32 17.80 19.46 18.51 15.17 16.86 18.16 17.49 16.36 18.17 20.23 20.39 21.25 20.84 21.61 21.27 20.47 18.21 14.51 12.50 9.77 8.08 6.43 0.83 5.50 7.58 10.14 9.52 9.49 12.60 12.97 14.68 12.40 15.12 10.83 12.62 12.35 12.39 7.00 9.12 8.14 8.67 9.72 12.54 15.14 17.24 17.17 20.39 
24.27 20.74 17.41 15.05 15.56 13.52 13.39 12.58 11.88 13.35 15.15 14.46 17.39 18.30 19.25 19.09 21.92 20.96 22.14 21.74 20.10 20.45 19.45 21.10 19.76 20.80 21.66 19.97 16.86 16.70 14.62 16.94 15.85 14.68 14.45 17.84 16.64 15.82 19.23 21.18 18.51 18.68 20.33 19.43 16.90 18.23 19.46 18.85 18.27 19.51 21.42 22.20 23.40 22.15 23.62 23.28 22.23 20.07 16.95 14.30 11.18 9.71 6.55 5.50 0.00 5.90 8.71 9.98 10.01 12.87 12.51 14.59 12.78 13.91 9.83 11.73 12.83 9.33 4.91 7.20 9.92 8.12 9.71 11.81 13.97 16.15 16.80 22.07 
24.77 21.17 18.31 16.14 17.00 14.33 14.03 14.45 14.59 15.48 17.31 17.17 19.06 20.37 21.12 20.98 23.65 22.66 23.82 23.44 21.54 21.48 20.48 22.75 20.73 21.90 22.51 20.80 17.39 17.58 15.04 16.90 16.36 14.81 13.64 18.00 17.47 16.60 20.36 22.50 19.79 20.00 22.02 21.29 18.47 20.05 21.50 21.24 20.85 22.05 23.66 24.46 25.56 24.64 25.80 24.71 25.12 21.96 18.51 15.72 13.55 11.13 9.16 7.58 5.90 0.32 7.00 8.24 9.30 12.45 12.48 14.83 14.17 15.89 12.57 13.94 13.96 12.73 8.66 9.14 11.02 11.52 11.35 14.81 17.14 18.24 19.14 23.02 
24.83 21.81 19.34 16.98 17.36 15.75 15.71 15.59 15.37 17.05 19.82 18.35 20.21 21.75 22.51 21.98 25.12 23.99 24.66 24.23 22.79 22.44 21.44 23.18 21.68 22.68 23.20 20.81 17.69 18.14 16.46 17.40 17.13 15.17 14.70 18.75 17.93 16.73 20.76 23.40 20.46 20.93 22.92 22.53 19.93 21.31 22.87 22.59 22.14 23.47 25.01 25.55 26.79 25.82 26.15 26.14 25.82 23.37 18.52 16.95 13.67 12.87 10.26 10.14 8.71 7.00 2.49 6.27 7.36 10.45 11.59 14.04 13.32 15.15 12.97 14.78 15.67 14.62 13.64 12.80 14.36 13.49 13.15 14.48 18.78 19.83 21.57 24.38 
23.18 19.87 17.46 15.21 15.17 13.87 14.47 13.97 14.03 16.45 19.44 17.63 19.26 21.53 22.33 21.37 24.22 23.54 24.25 23.40 21.93 21.63 20.45 22.70 20.74 21.96 21.83 20.44 16.78 16.54 14.16 16.23 15.43 13.97 13.53 17.82 16.87 15.95 19.60 22.06 19.90 20.58 22.45 22.07 19.23 21.18 22.68 22.18 21.24 22.90 24.68 25.23 25.61 24.36 24.81 24.04 24.73 21.21 17.00 14.93 13.00 10.91 9.66 9.52 9.98 8.24 6.27 1.25 5.16 7.17 8.52 12.12 11.11 13.78 12.41 15.03 15.60 14.70 12.61 14.86 14.11 13.50 13.14 15.35 17.71 19.23 19.54 23.45 
21.45 17.59 15.40 13.97 14.32 12.67 13.12 13.78 14.64 16.24 18.25 17.26 19.73 21.26 21.87 21.09 23.37 22.97 23.65 22.80 20.72 20.65 19.47 20.72 18.88 19.57 19.70 18.50 14.43 13.92 12.20 13.55 12.92 11.57 12.08 15.59 14.96 14.56 17.99 19.75 18.09 18.69 21.16 20.70 18.49 20.22 21.65 21.34 20.31 21.93 23.82 24.62 24.74 23.95 24.23 24.37 24.04 21.66 17.46 15.20 13.01 10.69 9.43 9.49 10.01 9.30 7.36 5.16 1.54 5.53 6.95 9.20 8.96 12.10 12.24 15.16 16.42 15.57 13.85 14.90 15.82 15.11 14.66 16.04 17.96 19.61 19.54 24.48 
21.29 18.60 16.70 15.50 15.76 14.77 15.94 17.13 18.78 19.97 21.15 20.53 23.08 24.05 24.41 23.70 26.01 25.37 26.24 25.01 22.56 22.16 20.63 22.15 19.70 20.92 20.72 18.33 15.25 16.63 13.90 15.00 14.66 14.11 13.36 17.44 17.24 17.37 20.43 22.30 20.75 21.40 23.18 22.90 21.21 22.65 24.11 23.68 23.18 24.66 26.69 27.28 27.72 26.50 27.45 26.53 26.78 24.38 21.77 18.74 15.66 15.01 14.09 12.60 12.87 12.45 10.45 7.17 5.53 1.62 5.80 8.31 9.95 13.00 13.86 16.92 18.09 18.00 16.89 18.47 17.95 18.05 17.94 19.72 20.91 22.34 22.46 25.16 
20.80 18.14 16.52 14.91 15.18 14.85 16.74 16.97 18.24 20.01 21.85 20.78 22.91 23.98 24.20 23.71 26.36 25.75 25.94 25.04 22.73 22.23 20.74 21.57 19.16 19.98 19.56 16.77 14.31 14.95 12.90 12.63 14.05 11.57 11.30 16.58 16.59 15.73 19.68 22.31 20.21 21.18 23.22 22.84 20.89 22.62 24.12 23.71 23.23 24.92 26.49 27.32 28.04 27.63 28.15 27.37 27.25 25.54 22.73 19.20 16.14 15.74 14.65 12.97 12.51 12.48 11.59 8.52 6.95 5.80 2.28 6.70 8.76 10.86 12.01 15.76 17.32 17.38 16.46 17.15 18.21 18.88 18.13 20.44 22.19 23.47 23.52 26.73 
19.76 17.81 16.33 15.42 15.44 15.45 17.77 18.93 20.25 21.19 23.53 22.52 24.27 25.14 25.48 25.00 27.10 26.73 26.83 26.19 23.62 23.15 21.44 23.49 20.37 20.64 19.79 17.89 14.81 15.52 12.67 14.00 14.74 13.98 13.78 17.43 17.33 17.77 21.39 23.69 21.65 22.60 24.32 24.02 21.83 23.24 25.13 24.57 24.29 25.80 28.11 28.54 29.42 28.61 29.43 28.65 29.21 27.36 24.60 22.03 19.57 18.63 16.92 14.68 14.59 14.83 14.04 12.12 9.20 8.31 6.70 1.43 6.50 8.03 8.71 12.73 15.61 15.08 13.54 16.52 17.84 19.25 18.75 19.81 23.04 24.80 24.35 26.00 
17.80 14.91 13.99 13.39 14.63 13.97 16.55 17.62 19.88 20.54 22.34 21.27 23.56 24.00 24.45 23.72 26.22 25.40 25.80 24.75 22.83 22.00 20.49 21.27 18.52 18.74 18.43 16.74 13.31 13.68 12.91 14.48 14.23 13.69 14.51 16.85 15.87 16.92 20.33 21.72 19.77 21.38 23.28 23.08 20.88 22.48 24.13 24.18 23.34 25.46 27.29 28.66 28.91 28.40 29.05 29.39 29.05 26.74 23.78 21.51 19.29 17.50 15.66 12.40 12.78 14.17 13.32 11.11 8.96 9.95 8.76 6.50 0.80 5.39 6.51 8.88 12.03 12.46 11.48 13.94 14.87 17.02 18.31 20.11 22.85 24.38 24.56 30.60 
16.29 13.15 13.01 12.35 13.65 13.60 16.06 17.55 20.06 20.92 22.24 20.91 23.08 24.16 24.08 23.65 25.78 25.80 25.67 24.86 22.13 21.91 19.38 19.72 16.54 17.67 17.14 14.43 11.96 13.33 11.92 13.80 14.41 12.92 13.87 16.89 16.18 16.96 20.59 21.68 19.90 21.48 23.56 23.67 21.30 22.68 24.07 24.00 23.48 24.92 27.24 28.02 28.63 27.73 28.81 28.70 28.59 26.47 23.90 22.01 19.74 17.69 16.63 15.12 13.91 15.89 15.15 13.78 12.10 13.00 10.86 8.03 5.39 0.93 4.88 7.66 10.46 11.91 12.08 13.94 14.45 17.34 18.11 20.62 23.23 25.21 25.34 28.77 
13.26 10.70 10.01 10.17 10.73 11.49 13.86 14.61 16.69 18.18 19.72 18.48 20.33 21.10 22.00 21.05 23.76 23.66 24.15 22.34 20.12 20.02 17.99 17.89 14.88 15.66 15.09 13.09 11.02 10.81 9.95 12.55 12.72 9.59 11.21 15.86 15.11 14.83 19.18 21.17 19.14 19.87 22.31 21.78 19.58 20.73 22.17 21.55 21.22 23.04 24.67 25.53 26.27 25.98 26.80 26.40 25.95 24.01 21.46 18.54 16.39 14.80 13.16 10.83 9.83 12.57 12.97 12.41 12.24 13.86 12.01 8.71 6.51 4.88 1.67 4.86 7.27 7.68 8.81 11.04 11.86 13.63 14.90 19.96 21.65 23.02 24.34 29.24 
14.94 12.19 11.35 10.94 12.11 13.58 15.66 16.70 18.99 20.11 22.28 21.53 22.84 23.62 24.12 23.66 25.66 25.63 25.88 24.60 21.96 21.79 19.28 20.44 17.50 18.34 18.41 16.78 15.04 15.25 13.89 15.80 16.00 14.62 15.47 18.41 17.79 18.43 22.36 23.29 21.30 22.61 24.30 23.75 21.22 22.45 24.17 23.44 23.19 24.93 26.99 27.72 28.43 28.49 29.22 28.80 28.18 26.17 23.42 20.95 19.22 17.12 15.22 12.62 11.73 13.94 14.78 15.03 15.16 16.92 15.76 12.73 8.88 7.66 4.86 0.00 4.90 5.59 6.47 11.25 13.99 16.35 17.30 19.99 22.83 24.56 26.37 29.92 
