1.11 5.56 8.65 10.40 12.36 15.20 20.32 21.34 24.01 26.70 30.21 33.15 35.90 37.63 37.48 38.45 38.13 37.34 35.07 34.59 34.43 32.67 29.00 28.67 28.69 26.53 23.81 24.58 24.02 21.63 19.41 20.63 19.98 18.57 16.99 18.15 16.11 16.44 15.98 18.64 20.33 21.13 23.99 26.53 28.00 28.38 29.85 30.67 31.92 29.82 30.58 30.69 32.68 31.78 33.62 33.47 32.30 31.69 30.51 27.81 25.82 24.17 21.99 20.24 18.18 16.80 15.01 14.36 12.51 13.37 13.20 14.39 14.18 15.33 17.55 18.13 19.15 21.20 22.51 23.40 24.90 26.79 27.23 28.60 29.85 29.92 26.85 26.51 24.34 23.61 21.65 21.12 20.05 19.54 19.21 19.97 20.17 19.66 20.53 21.37 20.99 20.69 20.97 22.82 23.35 23.92 28.79 
5.56 0.91 5.20 7.92 10.46 14.03 16.78 20.02 22.88 26.54 28.76 31.84 35.55 36.79 37.11 37.41 37.99 36.05 34.58 32.83 33.77 31.04 28.11 27.07 27.59 25.03 22.91 23.28 23.17 20.53 18.48 19.90 19.28 17.65 15.49 17.00 15.00 15.43 14.30 17.99 19.46 20.38 23.29 26.29 27.74 27.89 29.34 30.22 31.03 29.25 29.91 30.14 31.69 30.69 33.39 32.68 31.15 30.70 29.94 26.76 24.54 23.47 21.50 19.30 16.95 15.85 13.05 13.74 10.82 12.91 12.03 14.38 13.44 14.99 17.22 18.36 18.26 20.89 22.58 23.17 24.00 26.42 26.77 27.92 29.19 29.17 26.13 25.38 23.18 22.41 20.24 18.99 18.29 17.18 17.28 17.83 18.12 18.44 19.98 20.66 20.51 20.36 19.74 23.24 22.74 24.21 27.51 
8.65 5.20 0.00 3.61 7.74 10.73 12.37 15.18 18.11 20.87 23.69 26.95 30.03 32.67 32.36 32.92 32.81 31.81 29.77 28.38 27.88 26.48 23.68 22.51 22.28 20.91 18.96 19.19 18.27 16.64 15.15 16.37 15.77 14.17 13.00 14.37 12.71 12.47 11.10 14.11 15.40 16.57 19.65 22.61 23.77 24.25 26.01 26.46 27.22 25.31 27.14 26.62 27.29 26.81 29.88 28.14 25.44 25.63 25.46 21.66 19.30 18.90 18.14 15.60 12.90 11.10 9.78 9.26 9.00 10.32 10.43 12.13 12.02 12.19 14.94 14.69 14.83 17.46 19.67 19.11 19.28 22.07 22.41 23.00 24.02 24.23 21.16 20.50 18.56 17.42 15.08 14.42 12.73 11.53 12.29 13.97 15.00 14.66 16.72 18.41 17.90 18.31 17.20 21.17 22.00 23.12 25.85 
10.40 7.92 3.61 0.29 6.54 8.92 10.70 13.53 16.17 19.79 22.50 25.45 28.14 30.85 30.29 31.26 31.65 30.73 27.71 26.54 26.72 25.25 21.42 20.70 20.87 19.10 17.05 17.24 16.76 14.67 13.52 14.66 14.77 13.26 12.47 13.67 12.07 11.87 10.80 12.81 14.77 16.02 18.21 20.17 21.45 22.13 23.49 23.96 24.35 23.21 24.49 25.15 25.71 25.33 28.25 27.50 24.42 24.83 24.06 21.00 18.35 17.22 16.07 12.40 10.21 9.57 7.15 7.77 7.73 10.90 10.60 12.17 11.55 12.16 13.89 14.07 13.63 15.96 17.58 17.76 17.85 20.48 20.30 21.50 22.35 22.54 19.70 19.66 17.17 16.09 13.94 12.80 11.45 9.62 10.67 12.36 13.25 13.18 16.41 16.89 17.81 15.87 18.10 20.54 22.21 21.65 30.81 
12.36 10.46 7.74 6.54 0.00 4.88 6.69 9.88 11.80 15.34 18.68 22.09 24.02 27.31 26.89 29.04 28.84 28.69 25.89 25.23 25.78 23.87 19.83 19.16 20.74 17.71 14.76 15.83 16.13 13.11 11.60 13.64 14.48 12.58 11.25 13.25 12.16 11.27 10.09 11.66 12.70 13.04 15.11 18.10 18.87 20.00 21.09 22.20 23.28 21.34 22.20 22.70 23.83 23.29 26.02 25.93 23.51 23.20 22.66 18.42 18.43 15.39 14.57 11.09 9.37 8.26 7.52 8.29 8.22 11.61 13.03 13.53 11.34 11.33 12.96 12.52 12.18 13.82 14.64 15.13 16.16 18.50 18.13 19.88 20.91 21.23 18.24 17.22 15.78 14.88 12.85 12.17 10.90 10.50 10.95 12.15 13.31 13.34 15.53 17.21 18.01 19.29 19.22 19.15 18.43 20.59 25.92 
15.20 14.03 10.73 8.92 4.88 0.00 6.05 6.76 10.57 14.24 16.83 20.28 22.14 25.76 25.32 27.27 26.53 26.56 24.49 23.29 24.06 22.04 18.58 17.75 18.94 16.47 14.13 15.20 15.79 12.91 11.29 13.74 14.70 13.43 12.26 14.59 12.63 12.60 10.58 12.05 12.63 12.63 15.20 17.74 18.40 19.31 20.05 21.14 22.01 20.04 20.30 21.20 22.28 21.46 24.28 23.67 21.94 21.64 20.41 15.34 15.71 13.34 11.63 9.48 8.20 7.96 7.06 9.87 9.64 13.49 14.41 15.53 12.43 11.68 13.67 13.17 12.07 13.25 14.25 14.57 14.67 17.68 17.18 18.87 20.46 21.10 17.50 16.30 15.05 13.99 11.70 9.82 10.06 9.98 10.96 11.95 13.55 14.72 16.93 18.83 19.54 19.25 18.68 20.74 19.72 21.83 24.99 
20.32 16.78 12.37 10.70 6.69 6.05 0.00 5.67 6.94 11.20 11.81 16.37 18.55 22.24 21.23 23.23 22.57 23.09 21.25 20.02 20.56 19.11 15.84 15.08 16.70 14.70 12.46 13.84 13.96 12.10 11.13 13.74 14.85 14.45 14.48 16.25 14.03 13.46 11.17 12.16 12.30 12.26 14.42 16.29 16.50 16.93 18.06 18.82 19.75 17.14 18.23 18.69 19.46 18.68 21.41 20.55 18.26 18.77 19.00 13.32 13.62 10.78 9.54 6.99 7.54 6.94 6.73 10.81 12.17 15.23 15.00 15.42 13.10 12.59 14.02 12.61 10.82 12.83 13.50 12.02 11.91 15.25 15.27 16.24 18.39 18.65 15.45 14.52 13.94 12.60 9.07 8.32 9.21 10.11 11.46 13.25 14.89 15.14 16.99 19.12 18.67 19.19 18.84 19.59 19.69 21.47 23.50 
21.34 20.02 15.18 13.53 9.88 6.76 5.67 0.00 5.00 6.13 9.44 12.46 15.67 18.49 18.52 20.53 20.53 19.82 18.27 16.13 17.56 16.21 13.31 12.01 14.41 12.03 10.77 11.27 12.82 11.40 11.30 13.88 15.26 15.92 15.99 17.79 14.72 14.68 12.04 12.54 12.34 12.26 13.87 14.54 14.70 15.59 16.48 16.70 17.47 15.63 16.27 16.82 18.17 16.71 20.07 18.59 16.13 15.85 14.82 10.45 10.30 8.62 7.30 5.79 7.18 9.35 9.08 14.16 14.16 18.64 17.36 18.42 14.96 14.21 15.33 14.00 12.05 12.89 13.05 12.16 11.39 13.57 13.84 15.00 16.63 16.05 13.23 12.54 11.96 9.85 8.10 8.23 9.81 10.47 13.17 15.90 16.05 17.23 18.97 20.60 20.53 19.90 19.38 21.35 20.37 21.95 26.61 
24.01 22.88 18.11 16.17 11.80 10.57 6.94 5.00 0.00 4.42 5.57 8.73 10.88 14.34 14.52 16.64 16.81 16.69 14.57 13.96 15.02 14.32 11.47 11.38 13.62 11.77 10.42 12.87 14.01 12.79 13.00 16.71 18.04 18.17 18.36 20.06 17.43 16.77 14.53 15.10 14.11 13.25 14.63 15.04 14.71 14.52 15.25 14.78 16.02 13.64 13.91 14.00 15.78 14.74 17.69 16.80 13.68 13.57 12.55 7.01 9.90 8.35 9.04 8.87 10.28 11.62 13.59 16.90 16.49 20.34 20.68 21.44 17.50 17.37 18.68 16.56 13.42 13.62 13.59 11.71 10.77 12.06 12.60 13.19 13.93 13.55 11.31 10.81 10.47 10.36 9.17 10.69 11.84 13.28 15.53 17.99 19.15 19.31 20.59 22.40 22.53 22.02 21.78 22.97 22.90 24.70 25.18 
26.70 26.54 20.87 19.79 15.34 14.24 11.20 6.13 4.42 0.00 4.57 6.02 8.77 11.92 12.41 14.48 15.14 15.38 14.15 13.18 14.60 13.88 10.87 11.26 13.94 12.61 11.78 14.95 16.39 15.12 15.41 19.26 20.83 20.90 20.94 22.12 19.42 19.10 16.87 16.75 15.23 13.95 15.47 15.36 14.17 13.73 14.45 14.13 14.92 11.48 12.04 12.62 13.71 12.36 14.71 13.42 10.19 11.10 8.88 3.86 7.24 8.06 8.80 10.70 12.17 14.79 16.13 20.78 19.26 22.77 23.79 24.44 20.97 19.66 21.11 19.02 15.54 15.14 14.48 12.15 11.18 11.67 11.59 12.16 12.78 12.72 10.07 9.26 9.97 10.33 10.01 11.14 12.80 14.95 17.29 19.78 20.37 21.67 22.83 24.08 23.87 23.69 23.64 25.03 24.08 24.91 26.38 
30.21 28.76 23.69 22.50 18.68 16.83 11.81 9.44 5.57 4.57 0.00 4.86 6.72 9.43 9.52 11.86 12.66 12.82 10.83 10.93 12.96 12.10 8.74 9.86 13.99 13.11 12.11 15.66 17.00 16.46 17.28 21.14 22.45 22.90 23.24 24.52 21.80 21.31 18.78 18.31 16.48 14.84 15.72 15.12 13.78 13.12 13.80 13.31 14.03 10.65 11.26 11.47 11.77 10.65 13.26 11.24 7.75 9.64 9.94 5.83 8.37 9.82 11.57 12.65 15.40 17.55 18.90 22.59 21.78 25.90 26.07 26.94 23.48 22.68 22.51 20.13 17.14 17.15 15.72 12.72 11.82 12.20 10.98 11.30 12.97 11.17 8.93 9.07 10.24 10.65 10.83 11.92 13.39 16.12 19.61 21.02 22.04 22.53 24.67 25.16 24.38 25.00 26.29 24.92 24.16 26.03 26.77 
33.15 31.84 26.95 25.45 22.09 20.28 16.37 12.46 8.73 6.02 4.86 0.00 5.11 6.80 8.38 10.82 11.95 12.07 11.54 11.45 13.62 14.01 11.34 12.14 15.19 14.99 14.61 17.89 19.10 18.76 20.18 23.40 24.81 25.09 25.72 26.73 23.89 23.53 20.82 20.39 18.75 17.08 16.22 15.87 14.74 14.05 14.38 13.71 14.68 12.24 11.66 12.65 12.41 11.40 13.71 11.07 6.84 10.04 10.96 9.12 10.64 12.43 14.75 16.43 17.99 21.29 22.40 26.06 25.43 28.98 29.68 29.35 26.20 25.31 25.55 23.03 19.74 19.70 18.55 16.00 13.29 13.22 12.29 12.31 11.45 10.12 9.08 10.61 11.42 11.84 12.48 15.56 17.04 18.99 21.52 24.48 24.91 25.73 26.50 28.15 27.81 28.02 28.11 28.71 27.70 28.69 29.03 
35.90 35.55 30.03 28.14 24.02 22.14 18.55 15.67 10.88 8.77 6.72 5.11 0.00 5.58 6.35 8.87 10.90 11.98 11.18 11.72 13.54 14.15 12.89 13.56 16.46 15.62 15.70 19.67 21.01 20.07 21.45 25.72 27.02 26.95 27.33 28.98 26.27 25.40 22.71 22.45 20.70 18.48 17.76 17.21 15.67 14.51 14.37 13.46 14.91 11.99 11.62 11.91 12.37 11.01 14.17 10.63 7.88 10.90 13.32 10.53 14.12 14.65 17.43 18.73 19.74 22.19 24.35 28.18 27.47 31.31 32.04 32.08 28.44 27.57 28.46 25.56 21.39 21.53 20.99 18.34 15.20 14.93 13.62 13.66 12.83 12.49 11.01 11.77 13.56 15.24 15.17 18.19 19.68 21.41 24.26 26.65 28.02 27.78 28.91 30.16 30.01 30.48 31.41 30.77 29.88 30.82 29.44 
37.63 36.79 32.67 30.85 27.31 25.76 22.24 18.49 14.34 11.92 9.43 6.80 5.58 0.00 5.34 7.94 9.65 10.97 11.70 12.31 14.24 14.70 13.51 15.33 17.95 17.99 17.79 21.73 23.40 22.58 23.71 27.57 28.87 28.90 29.39 30.93 27.99 27.39 24.80 24.58 22.33 20.38 20.12 19.20 16.73 15.61 15.63 15.74 16.15 13.34 13.02 14.31 13.95 12.65 14.68 13.40 10.36 13.88 16.12 14.32 16.52 17.82 19.72 21.87 22.38 25.03 27.18 30.42 29.66 33.29 33.78 34.34 30.42 29.96 31.06 28.86 24.57 24.39 23.77 21.59 18.60 17.40 15.87 15.80 15.89 15.56 13.59 13.92 16.84 18.51 18.51 20.71 22.15 24.44 27.21 29.53 30.31 30.80 31.73 33.51 33.14 33.15 34.44 33.41 32.58 32.62 31.01 
37.48 37.11 32.36 30.29 26.89 25.32 21.23 18.52 14.52 12.41 9.52 8.38 6.35 5.34 0.00 5.37 7.36 7.98 9.26 10.05 11.88 11.78 10.99 12.63 15.95 15.62 15.12 19.30 21.23 20.51 21.28 25.40 26.78 26.82 27.97 29.35 26.61 25.84 23.75 22.94 20.45 18.42 18.53 17.44 15.01 13.57 14.44 13.70 13.79 11.22 11.55 12.58 12.50 10.72 13.62 12.53 11.20 13.29 16.07 14.73 17.18 17.36 18.84 20.58 21.91 24.75 26.16 29.22 28.41 31.24 31.96 31.56 28.89 28.42 29.45 27.10 23.93 23.96 23.02 20.39 18.26 17.54 15.28 15.28 15.39 14.08 12.07 13.37 15.70 17.28 17.02 19.33 20.94 23.52 26.64 28.90 29.42 29.27 30.59 31.56 31.25 31.61 32.15 32.17 30.94 32.50 30.57 
38.45 37.41 32.92 31.26 29.04 27.27 23.23 20.53 16.64 14.48 11.86 10.82 8.87 7.94 5.37 0.00 6.20 7.87 7.66 8.76 11.34 12.30 11.36 12.79 16.45 16.45 16.45 20.07 22.39 21.40 22.36 26.38 27.69 28.02 28.48 30.21 27.42 26.85 24.00 23.48 21.73 19.66 18.47 17.23 15.84 14.91 15.32 14.59 15.35 13.45 13.90 14.95 14.63 14.34 16.12 15.81 13.69 16.07 16.54 15.82 16.79 18.59 19.23 21.52 23.23 26.50 27.62 30.76 29.68 33.43 33.08 33.63 30.26 30.20 30.82 29.11 26.11 26.02 24.85 22.45 20.39 19.39 17.53 17.37 17.49 15.86 14.25 15.81 18.20 18.52 18.76 21.17 23.04 25.00 27.93 30.00 30.00 30.70 31.60 33.40 33.13 32.92 34.48 34.14 34.01 33.53 31.67 
38.13 37.99 32.81 31.65 28.84 26.53 22.57 20.53 16.81 15.14 12.66 11.95 10.90 9.65 7.36 6.20 0.62 6.51 7.75 6.95 8.37 10.19 10.51 11.47 14.00 14.66 15.14 18.50 20.45 20.62 21.75 25.38 27.26 27.23 28.41 29.71 27.80 26.82 24.42 23.52 21.97 19.85 19.11 17.51 16.35 15.52 15.72 15.48 16.52 15.16 14.59 15.89 16.31 15.70 17.41 16.62 14.34 16.04 16.51 15.14 16.56 17.27 19.03 21.49 23.48 25.75 27.55 30.99 31.08 33.57 34.08 34.70 32.04 31.44 32.48 30.33 26.92 26.37 25.20 23.06 20.94 20.11 17.77 18.27 18.01 17.60 15.38 16.70 18.24 19.38 18.79 21.44 23.38 25.54 28.26 29.71 30.43 30.93 31.89 32.78 32.53 33.11 33.76 34.06 32.71 34.27 32.11 
37.34 36.05 31.81 30.73 28.69 26.56 23.09 19.82 16.69 15.38 12.82 12.07 11.98 10.97 7.98 7.87 6.51 0.00 6.14 7.98 7.19 7.58 9.02 10.84 12.49 12.67 14.23 16.64 18.30 18.77 20.43 23.87 25.18 26.07 27.09 28.55 26.24 25.42 23.09 22.23 20.60 18.67 18.98 17.48 16.28 15.65 16.98 16.36 17.79 15.50 15.80 16.96 17.15 16.41 17.78 17.25 15.16 16.01 16.47 15.47 16.74 16.16 17.77 20.49 22.15 24.27 25.80 30.01 29.51 32.74 33.15 33.76 30.93 30.40 31.89 29.13 25.60 24.88 24.53 21.80 19.64 18.62 17.39 17.10 17.25 16.45 15.06 15.98 17.70 18.54 18.55 20.72 22.44 24.84 27.40 29.41 30.01 30.69 32.26 33.58 33.18 32.92 35.58 34.95 34.54 33.93 33.10 
35.07 34.58 29.77 27.71 25.89 24.49 21.25 18.27 14.57 14.15 10.83 11.54 11.18 11.70 9.26 7.66 7.75 6.14 0.57 5.98 7.86 6.27 6.53 8.68 11.81 10.72 11.45 15.03 16.33 15.99 17.39 21.09 22.51 22.98 24.84 26.14 23.96 23.10 21.37 20.49 18.01 16.20 17.27 16.09 14.82 14.62 16.59 16.01 16.07 14.66 15.56 15.82 16.14 15.24 17.27 15.60 13.79 14.59 14.98 13.78 14.40 14.96 15.18 18.00 19.20 22.50 23.16 27.23 26.62 29.90 30.48 30.66 27.99 27.98 29.29 26.79 23.13 22.87 22.22 19.35 17.45 17.31 15.08 15.00 15.33 14.36 12.79 13.97 15.71 16.90 16.95 19.22 21.00 23.35 26.08 28.03 28.35 28.79 30.46 31.45 31.18 31.40 32.10 33.38 31.89 33.26 31.91 
34.59 32.83 28.38 26.54 25.23 23.29 20.02 16.13 13.96 13.18 10.93 11.45 11.72 12.31 10.05 8.76 6.95 7.98 5.98 0.00 5.79 7.51 5.53 6.04 9.46 10.56 9.96 12.45 15.19 15.11 15.85 19.50 21.01 21.09 22.54 24.21 21.82 20.81 18.87 17.42 15.84 14.52 15.24 13.41 13.25 14.49 16.30 15.61 15.92 14.95 15.65 16.30 16.16 16.12 18.03 16.28 13.79 15.06 14.98 12.14 11.74 13.03 12.96 15.13 16.98 20.53 21.25 25.57 25.34 28.87 28.86 29.28 27.19 26.50 27.55 24.71 22.33 21.53 20.97 18.06 16.89 16.83 14.73 14.50 14.79 14.45 12.70 13.79 15.65 16.38 16.52 18.36 20.38 22.62 25.28 27.06 27.51 28.12 30.09 31.18 30.75 30.43 33.35 32.80 32.24 31.71 31.66 
34.43 33.77 27.88 26.72 25.78 24.06 20.56 17.56 15.02 14.60 12.96 13.62 13.54 14.24 11.88 11.34 8.37 7.19 7.86 5.79 0.66 5.94 7.27 5.96 7.55 9.46 10.71 11.98 13.51 14.78 16.25 18.41 20.64 21.26 22.82 23.98 22.04 21.46 18.97 18.08 16.94 16.49 17.11 15.58 15.43 16.28 17.77 16.82 18.16 17.00 17.28 18.05 18.58 17.67 19.95 18.70 16.91 17.30 16.74 14.32 13.25 13.80 13.95 16.12 17.18 20.48 21.48 25.12 25.29 28.17 28.88 29.56 27.39 26.57 27.18 25.24 22.80 22.07 21.29 18.99 18.16 17.63 16.03 15.51 15.93 15.83 14.44 15.01 16.57 17.95 17.40 19.46 21.40 23.81 26.09 27.94 28.66 29.67 30.84 31.87 31.42 32.05 32.84 33.28 31.83 33.12 31.82 
32.67 31.04 26.48 25.25 23.87 22.04 19.11 16.21 14.32 13.88 12.10 14.01 14.15 14.70 11.78 12.30 10.19 7.58 6.27 7.51 5.94 0.51 5.29 7.34 6.33 6.29 8.87 11.13 11.27 12.17 14.84 16.40 17.49 18.84 20.30 21.59 19.76 19.45 16.93 16.36 16.21 15.54 16.79 16.46 15.46 16.76 18.48 17.76 17.85 16.77 17.54 18.04 18.33 17.54 20.08 19.12 17.07 17.31 17.23 14.20 13.52 13.16 14.02 15.70 16.26 18.33 19.73 23.63 22.64 25.76 26.40 27.03 24.33 23.25 24.56 22.01 19.61 19.11 19.35 16.88 15.56 15.63 14.12 13.88 14.03 12.91 12.95 14.05 16.09 16.42 16.96 18.33 20.11 22.68 25.14 26.43 27.33 28.17 30.13 30.70 30.40 30.49 33.36 32.37 31.44 31.71 31.47 
29.00 28.11 23.68 21.42 19.83 18.58 15.84 13.31 11.47 10.87 8.74 11.34 12.89 13.51 10.99 11.36 10.51 9.02 6.53 5.53 7.27 5.29 0.54 5.04 7.45 5.48 5.65 8.86 10.56 9.68 10.91 14.00 15.28 15.82 16.71 18.47 16.61 16.07 13.79 14.22 13.41 12.18 14.51 14.31 14.11 14.36 16.56 15.90 15.78 14.62 15.29 15.73 16.54 15.19 18.20 16.96 15.47 15.65 15.40 12.69 11.71 11.85 11.28 13.03 13.25 15.61 16.43 19.46 18.86 22.37 22.54 22.78 19.59 19.90 20.84 18.77 15.71 16.42 16.20 13.31 12.04 12.51 10.83 10.38 11.39 10.80 10.24 11.94 13.85 14.57 14.61 16.19 17.86 20.24 22.34 23.83 23.98 25.09 26.47 27.14 26.76 27.39 28.70 29.05 27.22 29.14 29.08 
28.67 27.07 22.51 20.70 19.16 17.75 15.08 12.01 11.38 11.26 9.86 12.14 13.56 15.33 12.63 12.79 11.47 10.84 8.68 6.04 5.96 7.34 5.04 0.00 5.80 7.45 5.59 6.24 9.33 10.00 10.20 12.58 15.29 16.01 16.21 18.46 15.89 15.50 12.73 13.44 12.31 11.83 13.44 14.21 13.97 14.86 16.42 16.73 17.35 15.77 16.15 16.92 18.11 17.26 19.75 19.03 17.54 17.79 17.31 13.86 11.76 11.28 10.59 11.78 11.81 14.66 15.11 18.76 18.61 21.97 21.75 21.83 19.82 18.78 20.26 17.35 15.72 15.50 15.32 13.16 12.29 13.31 11.34 11.67 12.16 13.05 11.62 13.45 14.65 15.22 14.75 16.23 17.79 20.00 22.21 23.96 24.46 24.77 26.69 27.69 27.23 27.23 29.45 29.54 28.60 29.28 29.58 
28.69 27.59 22.28 20.87 20.74 18.94 16.70 14.41 13.62 13.94 13.99 15.19 16.46 17.95 15.95 16.45 14.00 12.49 11.81 9.46 7.55 6.33 7.45 5.80 1.43 6.02 7.28 6.15 6.89 8.84 10.47 11.52 13.56 15.52 16.26 18.14 17.16 16.58 13.27 14.60 14.98 13.82 15.76 16.57 17.15 17.64 18.77 19.20 20.08 18.85 19.40 20.21 21.50 20.45 22.91 22.60 21.21 21.00 20.11 17.45 14.98 13.87 12.60 14.04 13.60 15.92 16.50 19.78 19.86 22.42 21.92 22.40 20.29 19.21 19.98 17.73 16.69 15.67 15.97 14.10 14.47 14.54 13.68 13.39 14.31 15.51 14.33 15.47 16.29 17.26 16.58 17.81 19.27 21.63 24.17 25.48 25.68 26.76 28.25 29.45 28.62 29.16 30.91 30.94 29.46 31.07 30.26 
26.53 25.03 20.91 19.10 17.71 16.47 14.70 12.03 11.77 12.61 13.11 14.99 15.62 17.99 15.62 16.45 14.66 12.67 10.72 10.56 9.46 6.29 5.48 7.45 6.02 0.00 5.21 7.57 6.21 6.28 8.84 11.28 11.72 13.24 14.73 17.44 14.77 15.67 11.79 14.18 13.65 13.36 15.50 16.84 16.12 17.62 19.25 19.16 18.87 17.98 19.33 20.15 21.12 20.15 22.78 22.58 20.93 20.66 20.05 16.98 14.90 13.50 12.32 12.87 12.94 14.36 14.76 17.85 17.32 19.86 19.51 19.59 17.12 16.24 17.29 15.21 13.20 14.12 13.42 11.80 11.37 13.19 11.23 10.74 12.09 13.73 12.77 14.00 15.00 15.89 15.94 16.83 17.73 20.31 22.73 23.78 24.24 25.09 27.23 27.64 27.11 27.31 29.41 29.29 28.39 29.31 29.57 
23.81 22.91 18.96 17.05 14.76 14.13 12.46 10.77 10.42 11.78 12.11 14.61 15.70 17.79 15.12 16.45 15.14 14.23 11.45 9.96 10.71 8.87 5.65 5.59 7.28 5.21 0.00 5.41 7.50 6.11 6.60 8.77 10.52 11.60 12.58 14.90 12.28 13.12 10.59 11.41 11.96 11.06 14.63 15.53 14.64 16.10 18.35 18.13 17.86 16.89 18.07 19.46 20.40 19.72 22.46 21.89 20.14 20.19 18.98 15.33 13.65 12.73 10.81 10.96 10.34 12.77 12.13 15.25 14.36 17.52 17.48 17.67 14.82 14.53 16.16 13.13 11.11 12.20 12.59 9.50 9.36 11.37 10.34 10.26 12.00 13.30 12.28 13.31 14.14 14.80 14.50 15.61 16.32 18.54 20.76 21.82 21.77 22.81 24.33 25.29 24.63 25.24 27.13 27.07 25.73 27.52 27.72 
24.58 23.28 19.19 17.24 15.83 15.20 13.84 11.27 12.87 14.95 15.66 17.89 19.67 21.73 19.30 20.07 18.50 16.64 15.03 12.45 11.98 11.13 8.86 6.24 6.15 7.57 5.41 0.00 6.13 7.63 6.47 6.90 10.26 11.95 12.65 14.75 12.77 14.25 11.59 13.34 12.87 12.29 16.11 18.09 17.52 18.65 21.00 21.59 21.96 20.68 21.71 22.89 24.05 23.52 26.30 26.02 24.20 23.85 22.60 19.16 16.91 15.39 13.25 13.04 11.74 12.67 13.07 16.16 15.73 18.14 18.11 18.86 16.79 15.96 16.70 15.31 13.12 13.99 13.76 12.40 12.18 13.45 13.09 14.32 15.70 16.96 15.66 16.25 16.57 16.62 16.00 16.54 17.71 19.63 21.59 22.71 23.60 24.06 26.35 27.06 27.03 27.29 28.57 28.86 27.91 29.00 29.32 
24.02 23.17 18.27 16.76 16.13 15.79 13.96 12.82 14.01 16.39 17.00 19.10 21.01 23.40 21.23 22.39 20.45 18.30 16.33 15.19 13.51 11.27 10.56 9.33 6.89 6.21 7.50 6.13 0.30 5.64 7.31 6.37 7.04 10.49 12.02 13.32 11.77 13.47 11.75 13.94 14.54 14.65 18.13 19.95 19.44 20.65 23.20 23.28 23.73 22.88 23.94 25.40 26.08 25.42 27.94 27.71 26.31 25.43 24.09 21.12 19.39 17.03 15.11 14.67 13.23 14.04 13.58 15.99 15.39 17.81 16.68 17.60 16.00 15.07 15.53 13.46 13.43 13.57 13.58 12.22 12.92 14.05 13.58 15.32 16.85 18.41 16.51 17.06 17.12 18.06 17.02 17.43 18.21 20.59 22.20 23.55 23.77 24.82 26.40 27.74 27.24 28.04 29.22 29.19 27.73 29.57 29.13 
21.63 20.53 16.64 14.67 13.11 12.91 12.10 11.40 12.79 15.12 16.46 18.76 20.07 22.58 20.51 21.40 20.62 18.77 15.99 15.11 14.78 12.17 9.68 10.00 8.84 6.28 6.11 7.63 5.64 0.00 4.93 7.59 6.68 8.16 9.57 12.24 8.67 11.70 10.05 12.39 13.14 14.54 17.40 18.86 17.73 19.65 22.28 22.06 21.93 21.19 23.10 24.19 25.38 24.43 26.97 26.72 25.37 24.68 23.34 19.98 18.60 16.52 14.20 13.03 12.30 12.53 12.12 13.97 12.65 15.82 15.09 15.03 12.16 12.70 12.66 10.63 9.98 11.91 11.18 9.64 11.05 13.34 12.06 13.24 15.50 16.69 15.17 15.72 16.37 16.56 15.93 16.21 16.74 19.08 20.98 21.96 22.44 22.55 24.85 25.65 25.50 25.70 26.53 27.53 26.66 27.94 28.33 
19.41 18.48 15.15 13.52 11.60 11.29 11.13 11.30 13.00 15.41 17.28 20.18 21.45 23.71 21.28 22.36 21.75 20.43 17.39 15.85 16.25 14.84 10.91 10.20 10.47 8.84 6.60 6.47 7.31 4.93 0.52 5.66 7.48 7.05 8.44 9.27 5.54 8.46 9.09 10.16 11.39 12.80 17.17 19.30 18.35 19.90 22.29 22.63 22.47 21.78 23.01 24.44 25.48 25.12 28.04 27.04 25.82 25.69 25.24 20.75 19.20 17.50 15.08 13.53 12.49 12.84 11.65 13.58 12.05 14.71 14.67 14.35 10.98 11.38 13.07 10.63 9.50 11.49 12.34 10.75 11.43 13.16 13.20 14.26 16.24 17.02 15.45 15.95 16.16 16.16 15.41 15.48 16.03 18.22 20.10 21.09 21.01 22.08 23.58 24.83 24.36 24.72 26.72 26.88 25.55 27.43 27.71 
20.63 19.90 16.37 14.66 13.64 13.74 13.74 13.88 16.71 19.26 21.14 23.40 25.72 27.57 25.40 26.38 25.38 23.87 21.09 19.50 18.41 16.40 14.00 12.58 11.52 11.28 8.77 6.90 6.37 7.59 5.66 0.00 6.51 8.45 7.87 10.06 8.25 10.71 10.18 14.03 15.24 16.75 19.88 22.86 22.39 23.49 26.02 26.16 26.60 26.17 27.68 28.53 29.53 29.34 32.26 31.67 30.01 29.73 29.15 25.68 23.88 21.24 18.62 16.94 14.99 14.35 13.61 16.20 14.31 16.42 15.51 16.16 13.01 13.18 14.28 13.00 11.59 13.44 14.67 14.21 14.47 16.02 16.78 18.33 19.97 20.68 19.61 19.96 19.68 19.69 18.49 18.25 18.63 20.87 22.72 23.09 23.60 24.80 26.77 27.24 27.13 27.48 28.66 29.22 28.32 29.42 29.97 
19.98 19.28 15.77 14.77 14.48 14.70 14.85 15.26 18.04 20.83 22.45 24.81 27.02 28.87 26.78 27.69 27.26 25.18 22.51 21.01 20.64 17.49 15.28 15.29 13.56 11.72 10.52 10.26 7.04 6.68 7.48 6.51 0.78 6.31 7.34 9.06 8.74 11.47 11.26 15.28 17.54 17.99 21.51 24.69 24.51 25.90 28.36 27.93 28.57 28.09 29.85 30.90 31.68 31.45 34.08 34.01 33.53 32.71 31.68 28.08 26.83 23.60 21.26 19.01 16.06 15.48 14.43 14.97 13.68 14.98 14.35 13.93 12.12 12.67 13.72 12.15 12.48 14.20 15.32 14.67 16.11 17.95 17.99 20.06 21.75 22.76 21.25 21.19 21.10 21.12 19.95 19.73 19.97 21.94 23.47 24.34 24.38 25.67 26.89 27.97 27.59 28.27 29.75 29.46 28.22 29.92 29.66 
18.57 17.65 14.17 13.26 12.58 13.43 14.45 15.92 18.17 20.90 22.90 25.09 26.95 28.90 26.82 28.02 27.23 26.07 22.98 21.09 21.26 18.84 15.82 16.01 15.52 13.24 11.60 11.95 10.49 8.16 7.05 8.45 6.31 0.00 4.93 8.08 7.58 10.48 11.00 14.13 16.19 17.81 21.43 24.01 23.58 25.11 27.34 27.42 27.98 26.80 28.62 29.77 31.65 30.36 33.04 32.62 32.37 31.75 30.84 27.58 26.36 22.93 20.23 17.59 15.78 15.31 12.78 12.69 10.49 13.20 12.35 12.71 11.05 12.27 13.82 12.47 12.57 14.81 15.02 14.41 16.38 18.32 17.80 19.50 21.58 22.25 20.42 20.81 21.00 20.73 19.87 20.15 20.44 21.95 23.43 24.63 24.81 25.15 26.89 27.71 27.31 27.11 28.41 28.88 27.85 28.45 29.55 
16.99 15.49 13.00 12.47 11.25 12.26 14.48 15.99 18.36 20.94 23.24 25.72 27.33 29.39 27.97 28.48 28.41 27.09 24.84 22.54 22.82 20.30 16.71 16.21 16.26 14.73 12.58 12.65 12.02 9.57 8.44 7.87 7.34 4.93 0.17 7.33 7.86 9.28 10.80 13.82 15.78 17.38 21.46 24.24 23.95 25.44 27.08 27.26 27.90 26.44 27.88 29.19 30.33 29.86 33.20 32.39 31.63 31.19 31.01 27.67 25.46 22.76 20.33 18.88 15.88 14.25 12.25 11.75 10.76 11.57 12.11 13.17 11.87 12.62 14.86 13.99 13.49 16.22 17.11 16.77 17.60 19.60 19.18 20.55 22.27 22.87 20.89 21.04 21.44 21.12 20.40 20.50 20.88 22.54 24.03 25.34 25.92 25.63 26.61 28.14 27.75 27.44 28.71 29.19 28.23 29.34 29.10 
18.15 17.00 14.37 13.67 13.25 14.59 16.25 17.79 20.06 22.12 24.52 26.73 28.98 30.93 29.35 30.21 29.71 28.55 26.14 24.21 23.98 21.59 18.47 18.46 18.14 17.44 14.90 14.75 13.32 12.24 9.27 10.06 9.06 8.08 7.33 0.00 6.80 9.60 9.63 12.88 16.04 17.79 21.57 25.12 25.41 26.17 28.13 28.74 28.87 27.96 29.61 30.24 31.31 30.96 34.38 34.24 32.64 32.89 32.39 28.93 26.92 24.16 21.73 19.61 17.17 15.13 12.10 12.86 9.87 12.65 12.96 15.25 14.16 14.61 16.46 15.85 15.34 17.82 19.16 19.04 19.84 21.53 21.68 22.74 24.55 24.90 23.19 23.22 23.54 23.27 22.08 22.24 22.68 24.27 25.86 26.75 27.25 27.30 29.21 30.08 30.01 29.59 31.02 30.86 29.80 30.26 30.74 
16.11 15.00 12.71 12.07 12.16 12.63 14.03 14.72 17.43 19.42 21.80 23.89 26.27 27.99 26.61 27.42 27.80 26.24 23.96 21.82 22.04 19.76 16.61 15.89 17.16 14.77 12.28 12.77 11.77 8.67 5.54 8.25 8.74 7.58 7.86 6.80 0.00 6.21 6.55 9.58 12.40 14.40 17.52 21.49 21.82 23.19 24.94 25.50 25.57 25.16 26.94 27.69 28.05 28.23 31.27 30.87 29.82 29.52 28.41 25.06 23.50 21.05 19.25 16.60 13.15 11.03 9.19 7.28 7.05 10.16 11.45 12.65 12.12 13.18 14.05 13.91 14.06 16.43 17.63 17.65 18.69 20.08 20.04 21.04 22.70 23.22 21.10 20.96 21.27 21.03 19.67 20.07 20.25 21.65 23.09 24.40 25.07 24.82 26.88 28.40 28.35 28.31 29.78 29.91 28.52 29.77 30.03 
16.44 15.43 12.47 11.87 11.27 12.60 13.46 14.68 16.77 19.10 21.31 23.53 25.40 27.39 25.84 26.85 26.82 25.42 23.10 20.81 21.46 19.45 16.07 15.50 16.58 15.67 13.12 14.25 13.47 11.70 8.46 10.71 11.47 10.48 9.28 9.60 6.21 0.00 5.56 7.08 11.06 12.26 15.50 19.06 19.83 21.01 22.77 23.19 24.15 22.85 24.76 25.69 27.07 26.36 28.83 29.02 28.46 27.58 26.57 24.30 22.69 20.19 17.09 14.47 11.60 10.74 7.35 6.06 7.47 12.18 12.33 14.17 13.81 14.01 15.34 14.61 15.01 16.63 17.73 17.75 18.49 20.24 19.47 21.02 22.63 22.86 20.58 20.89 20.85 20.66 19.24 19.76 19.74 20.92 22.72 23.92 24.67 24.56 26.98 27.90 28.08 27.80 29.36 29.40 28.36 28.88 29.49 
15.98 14.30 11.10 10.80 10.09 10.58 11.17 12.04 14.53 16.87 18.78 20.82 22.71 24.80 23.75 24.00 24.42 23.09 21.37 18.87 18.97 16.93 13.79 12.73 13.27 11.79 10.59 11.59 11.75 10.05 9.09 10.18 11.26 11.00 10.80 9.63 6.55 5.56 0.00 5.91 6.63 8.80 11.30 15.10 16.25 18.02 19.20 20.02 20.39 19.74 21.66 22.96 24.40 23.19 26.15 25.94 25.23 24.15 23.33 20.74 19.98 17.42 14.75 11.71 8.68 7.78 7.00 6.88 8.27 11.65 14.36 14.92 13.42 13.14 14.85 14.53 13.34 15.87 16.93 16.67 17.04 19.02 18.33 19.22 20.85 21.25 19.03 18.96 19.37 18.86 17.89 17.86 17.80 18.97 20.87 22.71 23.80 23.34 25.29 26.92 27.55 26.98 28.15 28.98 28.07 28.90 28.37 
18.64 17.99 14.11 12.81 11.66 12.05 12.16 12.54 15.10 16.75 18.31 20.39 22.45 24.58 22.94 23.48 23.52 22.23 20.49 17.42 18.08 16.36 14.22 13.44 14.60 14.18 11.41 13.34 13.94 12.39 10.16 14.03 15.28 14.13 13.82 12.88 9.58 7.08 5.91 0.00 6.19 7.30 9.98 13.35 14.81 16.93 18.22 19.48 20.43 19.08 20.38 22.24 23.56 22.84 25.60 24.80 24.16 23.94 22.83 19.90 18.68 15.67 12.65 9.86 8.00 6.63 6.92 8.73 9.92 14.67 15.81 16.98 14.81 14.91 16.55 16.09 15.10 17.16 18.36 18.24 18.55 20.62 19.61 20.40 21.87 22.59 20.23 20.28 20.64 20.44 19.00 18.97 19.01 20.35 22.22 24.14 24.94 24.57 26.70 28.22 28.53 28.21 28.91 29.75 29.21 29.52 29.80 
20.33 19.46 15.40 14.77 12.70 12.63 12.30 12.34 14.11 15.23 16.48 18.75 20.70 22.33 20.45 21.73 21.97 20.60 18.01 15.84 16.94 16.21 13.41 12.31 14.98 13.65 11.96 12.87 14.54 13.14 11.39 15.24 17.54 16.19 15.78 16.04 12.40 11.06 6.63 6.19 0.00 5.51 6.32 10.09 11.37 13.52 15.23 16.50 17.68 17.01 18.30 19.53 20.88 20.40 23.15 22.74 22.00 21.14 20.76 17.16 16.30 13.34 10.87 9.10 6.89 7.13 8.79 10.99 12.11 16.47 17.77 17.86 16.70 16.17 16.91 16.55 16.19 17.18 18.02 17.91 18.30 19.91 19.09 20.36 21.45 22.17 19.63 19.61 20.07 19.82 18.32 18.26 18.49 19.57 21.27 23.35 24.18 24.12 25.86 27.77 28.00 27.90 28.42 28.75 28.47 29.89 29.32 
21.13 20.38 16.57 16.02 13.04 12.63 12.26 12.26 13.25 13.95 14.84 17.08 18.48 20.38 18.42 19.66 19.85 18.67 16.20 14.52 16.49 15.54 12.18 11.83 13.82 13.36 11.06 12.29 14.65 14.54 12.80 16.75 17.99 17.81 17.38 17.79 14.40 12.26 8.80 7.30 5.51 0.00 5.61 6.93 8.56 10.04 12.38 12.76 14.92 14.72 16.74 17.46 19.46 18.47 21.14 20.56 19.94 19.22 18.61 15.31 13.76 10.58 9.04 6.72 6.37 7.99 9.46 12.68 13.98 18.54 18.41 20.05 18.25 17.44 18.07 17.31 16.44 17.15 17.68 17.39 17.26 18.51 17.80 19.17 20.56 21.17 18.41 18.58 18.80 18.70 17.15 17.14 17.68 18.85 20.21 22.29 23.56 23.72 25.38 26.91 27.69 27.58 28.02 28.92 28.99 29.14 29.62 
23.99 23.29 19.65 18.21 15.11 15.20 14.42 13.87 14.63 15.47 15.72 16.22 17.76 20.12 18.53 18.47 19.11 18.98 17.27 15.24 17.11 16.79 14.51 13.44 15.76 15.50 14.63 16.11 18.13 17.40 17.17 19.88 21.51 21.43 21.46 21.57 17.52 15.50 11.30 9.98 6.32 5.61 0.00 5.97 6.52 8.37 10.27 12.00 13.62 13.67 15.96 18.03 19.58 18.74 21.43 21.50 20.19 19.86 17.83 14.40 11.95 10.97 8.36 8.38 9.02 11.65 12.75 16.83 19.55 22.25 22.25 23.89 21.68 20.86 21.42 20.02 18.73 19.32 19.70 18.56 18.47 19.73 18.64 19.91 21.67 22.49 19.82 19.85 20.43 20.19 18.72 18.96 19.47 20.53 22.02 24.02 25.52 25.75 26.93 28.72 29.38 29.67 30.32 30.53 30.77 32.12 31.06 
26.53 26.29 22.61 20.17 18.10 17.74 16.29 14.54 15.04 15.36 15.12 15.87 17.21 19.20 17.44 17.23 17.51 17.48 16.09 13.41 15.58 16.46 14.31 14.21 16.57 16.84 15.53 18.09 19.95 18.86 19.30 22.86 24.69 24.01 24.24 25.12 21.49 19.06 15.10 13.35 10.09 6.93 5.97 0.32 5.73 6.93 9.39 10.92 12.68 12.36 14.62 17.11 19.25 17.72 20.99 20.65 19.49 18.59 16.56 12.41 10.23 7.60 7.71 8.16 10.50 12.90 15.01 19.96 21.07 24.62 25.06 26.29 23.93 22.48 23.02 21.50 19.45 19.87 20.17 18.67 18.30 19.73 18.58 19.20 20.72 21.24 19.13 19.22 20.22 19.80 18.74 19.08 20.02 21.06 22.27 24.66 26.46 26.54 27.48 29.49 30.64 30.75 30.89 31.53 32.11 32.26 31.65 
28.00 27.74 23.77 21.45 18.87 18.40 16.50 14.70 14.71 14.17 13.78 14.74 15.67 16.73 15.01 15.84 16.35 16.28 14.82 13.25 15.43 15.46 14.11 13.97 17.15 16.12 14.64 17.52 19.44 17.73 18.35 22.39 24.51 23.58 23.95 25.41 21.82 19.83 16.25 14.81 11.37 8.56 6.52 5.73 0.00 5.18 7.37 8.30 9.99 10.28 12.28 14.47 16.59 15.57 18.18 18.74 17.08 15.58 12.91 8.47 7.51 6.43 6.73 7.74 10.10 13.58 16.50 20.48 20.80 25.17 25.80 26.82 24.17 22.58 22.36 21.20 19.12 19.06 19.11 17.65 16.56 17.42 16.72 17.53 18.12 18.78 16.50 16.55 17.70 17.67 16.42 16.91 18.23 19.35 20.43 22.86 25.53 24.95 25.79 28.35 29.83 30.04 30.28 30.53 31.72 32.47 30.95 
28.38 27.89 24.25 22.13 20.00 19.31 16.93 15.59 14.52 13.73 13.12 14.05 14.51 15.61 13.57 14.91 15.52 15.65 14.62 14.49 16.28 16.76 14.36 14.86 17.64 17.62 16.10 18.65 20.65 19.65 19.90 23.49 25.90 25.11 25.44 26.17 23.19 21.01 18.02 16.93 13.52 10.04 8.37 6.93 5.18 0.00 5.52 6.46 8.12 8.72 11.12 12.41 15.00 14.90 17.98 17.14 15.96 14.87 12.07 8.16 7.48 6.98 8.69 9.53 12.22 15.85 18.09 22.57 23.02 26.52 27.21 28.25 25.28 23.44 23.80 22.43 19.88 19.39 19.19 18.03 16.96 17.23 16.25 17.08 17.93 18.80 16.23 15.82 17.29 17.73 16.32 16.59 18.00 19.73 21.33 23.06 24.64 25.37 26.29 28.45 29.63 30.03 30.55 31.16 31.83 31.95 30.99 
29.85 29.34 26.01 23.49 21.09 20.05 18.06 16.48 15.25 14.45 13.80 14.38 14.37 15.63 14.44 15.32 15.72 16.98 16.59 16.30 17.77 18.48 16.56 16.42 18.77 19.25 18.35 21.00 23.20 22.28 22.29 26.02 28.36 27.34 27.08 28.13 24.94 22.77 19.20 18.22 15.23 12.38 10.27 9.39 7.37 5.52 0.00 5.55 7.50 8.27 10.67 11.85 14.16 13.73 17.22 17.06 15.10 13.83 12.42 8.20 8.05 7.49 8.99 11.70 14.59 17.14 19.25 24.43 25.67 28.57 28.95 29.50 26.56 24.42 25.57 24.14 21.97 21.17 20.88 19.42 18.76 18.53 16.94 18.04 18.91 19.82 17.35 17.80 18.71 18.96 17.23 18.14 18.96 21.02 22.84 24.21 25.58 26.08 27.37 28.80 29.78 30.46 30.97 31.35 32.05 32.96 31.49 
30.67 30.22 26.46 23.96 22.20 21.14 18.82 16.70 14.78 14.13 13.31 13.71 13.46 15.74 13.70 14.59 15.48 16.36 16.01 15.61 16.82 17.76 15.90 16.73 19.20 19.16 18.13 21.59 23.28 22.06 22.63 26.16 27.93 27.42 27.26 28.74 25.50 23.19 20.02 19.48 16.50 12.76 12.00 10.92 8.30 6.46 5.55 0.00 5.74 6.69 7.71 9.43 12.28 12.50 15.49 15.43 13.79 12.78 10.90 9.03 8.04 8.05 10.46 13.47 15.03 18.46 20.28 25.47 26.50 29.54 29.47 30.17 26.45 24.52 25.28 23.84 21.03 20.45 20.11 18.46 17.40 17.54 15.84 15.92 16.47 17.18 15.58 15.95 16.70 16.85 15.71 16.95 18.20 19.60 21.32 23.24 24.93 25.28 26.23 28.28 29.64 30.05 30.84 31.67 32.71 32.95 31.56 
31.92 31.03 27.22 24.35 23.28 22.01 19.75 17.47 16.02 14.92 14.03 14.68 14.91 16.15 13.79 15.35 16.52 17.79 16.07 15.92 18.16 17.85 15.78 17.35 20.08 18.87 17.86 21.96 23.73 21.93 22.47 26.60 28.57 27.98 27.90 28.87 25.57 24.15 20.39 20.43 17.68 14.92 13.62 12.68 9.99 8.12 7.50 5.74 0.00 5.92 7.22 8.16 11.15 10.69 13.70 13.48 12.09 10.55 10.48 9.04 10.75 9.95 13.14 14.71 16.42 19.45 22.42 27.40 28.08 30.99 31.20 31.32 28.07 26.07 26.45 24.33 22.05 21.34 20.71 18.81 17.64 17.47 16.10 16.18 15.84 16.36 14.50 14.87 16.04 16.63 15.71 17.09 18.13 19.56 20.97 23.30 24.98 24.83 25.67 28.01 29.16 29.50 29.92 30.81 31.87 32.61 31.07 
29.82 29.25 25.31 23.21 21.34 20.04 17.14 15.63 13.64 11.48 10.65 12.24 11.99 13.34 11.22 13.45 15.16 15.50 14.66 14.95 17.00 16.77 14.62 15.77 18.85 17.98 16.89 20.68 22.88 21.19 21.78 26.17 28.09 26.80 26.44 27.96 25.16 22.85 19.74 19.08 17.01 14.72 13.67 12.36 10.28 8.72 8.27 6.69 5.92 0.00 5.42 6.41 7.91 8.44 11.02 10.63 9.61 10.43 10.15 7.78 9.60 10.61 12.58 14.56 16.01 18.88 21.58 26.33 26.86 29.51 29.86 30.16 26.92 25.34 25.83 23.57 21.30 20.89 19.74 17.93 16.85 16.53 14.07 13.84 13.91 14.30 11.43 10.99 12.32 13.55 11.78 13.30 15.53 17.61 19.20 21.07 22.34 23.05 24.09 26.26 27.42 27.63 28.61 30.15 30.90 31.03 30.22 
30.58 29.91 27.14 24.49 22.20 20.30 18.23 16.27 13.91 12.04 11.26 11.66 11.62 13.02 11.55 13.90 14.59 15.80 15.56 15.65 17.28 17.54 15.29 16.15 19.40 19.33 18.07 21.71 23.94 23.10 23.01 27.68 29.85 28.62 27.88 29.61 26.94 24.76 21.66 20.38 18.30 16.74 15.96 14.62 12.28 11.12 10.67 7.71 7.22 5.42 0.00 4.86 6.41 6.88 9.88 9.58 9.12 10.39 10.73 9.67 11.06 10.66 13.38 15.45 17.26 20.46 22.68 27.52 28.25 30.18 30.49 30.52 27.96 26.30 26.83 25.06 23.50 22.31 20.93 19.23 18.52 17.60 15.14 14.48 14.68 14.87 12.34 12.21 12.55 13.28 11.78 13.27 15.36 17.74 20.10 21.35 22.64 23.38 24.83 25.92 27.28 27.76 28.42 29.44 29.83 31.07 29.95 
30.69 30.14 26.62 25.15 22.70 21.20 18.69 16.82 14.00 12.62 11.47 12.65 11.91 14.31 12.58 14.95 15.89 16.96 15.82 16.30 18.05 18.04 15.73 16.92 20.21 20.15 19.46 22.89 25.40 24.19 24.44 28.53 30.90 29.77 29.19 30.24 27.69 25.69 22.96 22.24 19.53 17.46 18.03 17.11 14.47 12.41 11.85 9.43 8.16 6.41 4.86 0.00 5.42 5.69 7.54 8.21 8.34 9.15 10.38 10.56 12.19 12.35 14.90 17.24 18.76 21.84 24.32 28.44 28.60 31.22 31.69 31.92 28.64 27.00 27.88 25.96 23.62 22.66 21.82 19.87 18.50 18.15 15.77 14.83 13.87 14.33 12.60 11.81 11.67 11.83 11.50 13.55 15.50 17.24 19.61 21.47 22.49 23.17 24.32 26.33 27.32 27.64 28.65 29.78 30.35 30.60 30.28 
32.68 31.69 27.29 25.71 23.83 22.28 19.46 18.17 15.78 13.71 11.77 12.41 12.37 13.95 12.50 14.63 16.31 17.15 16.14 16.16 18.58 18.33 16.54 18.11 21.50 21.12 20.40 24.05 26.08 25.38 25.48 29.53 31.68 31.65 30.33 31.31 28.05 27.07 24.40 23.56 20.88 19.46 19.58 19.25 16.59 15.00 14.16 12.28 11.15 7.91 6.41 5.42 1.71 4.94 6.69 8.38 7.86 8.87 10.71 11.18 13.73 13.68 16.82 19.48 20.49 24.37 26.24 30.24 30.14 32.92 34.03 33.80 30.30 29.36 30.08 28.09 25.44 24.49 23.32 21.33 19.84 19.02 16.76 16.39 15.97 15.73 13.28 12.50 11.96 13.16 12.26 14.56 16.22 18.38 20.41 22.07 23.17 23.09 24.36 25.81 26.80 27.41 28.14 28.18 28.71 29.92 29.07 
31.78 30.69 26.81 25.33 23.29 21.46 18.68 16.71 14.74 12.36 10.65 11.40 11.01 12.65 10.72 14.34 15.70 16.41 15.24 16.12 17.67 17.54 15.19 17.26 20.45 20.15 19.72 23.52 25.42 24.43 25.12 29.34 31.45 30.36 29.86 30.96 28.23 26.36 23.19 22.84 20.40 18.47 18.74 17.72 15.57 14.90 13.73 12.50 10.69 8.44 6.88 5.69 4.94 0.00 5.33 6.67 7.20 9.06 11.36 11.06 13.19 13.89 16.65 18.77 20.55 23.75 25.80 29.54 29.21 32.68 32.90 32.92 29.65 28.85 29.22 27.00 24.59 23.94 22.40 20.84 19.48 18.81 16.00 16.06 15.09 14.91 12.12 9.59 9.19 9.98 10.69 12.88 15.00 17.27 19.56 21.05 21.60 22.06 23.57 25.45 25.83 25.91 26.91 28.00 28.12 28.54 28.56 
33.62 33.39 29.88 28.25 26.02 24.28 21.41 20.07 17.69 14.71 13.26 13.71 14.17 14.68 13.62 16.12 17.41 17.78 17.27 18.03 19.95 20.08 18.20 19.75 22.91 22.78 22.46 26.30 27.94 26.97 28.04 32.26 34.08 33.04 33.20 34.38 31.27 28.83 26.15 25.60 23.15 21.14 21.43 20.99 18.18 17.98 17.22 15.49 13.70 11.02 9.88 7.54 6.69 5.33 1.29 5.94 7.24 9.76 12.31 13.11 15.67 16.43 19.49 21.95 22.90 27.15 28.90 32.77 32.92 35.12 35.90 35.02 32.30 31.50 31.89 29.73 27.48 26.76 24.99 23.29 22.35 21.55 19.07 18.73 18.53 18.67 15.45 14.01 13.13 14.27 14.46 16.50 17.93 20.63 23.01 24.28 24.74 25.01 26.66 27.63 27.77 28.13 29.08 29.40 29.44 30.57 29.64 
33.47 32.68 28.14 27.50 25.93 23.67 20.55 18.59 16.80 13.42 11.24 11.07 10.63 13.40 12.53 15.81 16.62 17.25 15.60 16.28 18.70 19.12 16.96 19.03 22.60 22.58 21.89 26.02 27.71 26.72 27.04 31.67 34.01 32.62 32.39 34.24 30.87 29.02 25.94 24.80 22.74 20.56 21.50 20.65 18.74 17.14 17.06 15.43 13.48 10.63 9.58 8.21 8.38 6.67 5.94 0.00 5.46 7.93 10.23 11.46 14.57 15.98 18.80 21.33 22.82 25.80 28.03 31.50 31.11 33.99 34.94 34.50 31.32 30.16 31.46 28.82 26.12 25.88 25.11 22.96 21.48 22.02 19.64 19.09 18.84 18.23 15.41 13.52 14.03 14.29 14.46 16.68 18.98 20.15 22.74 23.66 24.33 25.19 26.15 27.64 27.45 27.61 28.92 29.77 28.85 29.33 29.11 
32.30 31.15 25.44 24.42 23.51 21.94 18.26 16.13 13.68 10.19 7.75 6.84 7.88 10.36 11.20 13.69 14.34 15.16 13.79 13.79 16.91 17.07 15.47 17.54 21.21 20.93 20.14 24.20 26.31 25.37 25.82 30.01 33.53 32.37 31.63 32.64 29.82 28.46 25.23 24.16 22.00 19.94 20.19 19.49 17.08 15.96 15.10 13.79 12.09 9.61 9.12 8.34 7.86 7.20 7.24 5.46 0.00 5.96 7.52 9.25 12.37 13.90 17.53 18.85 20.65 24.45 26.31 29.89 29.79 32.67 33.84 33.51 29.98 29.18 30.10 28.15 25.43 25.28 24.24 22.51 21.28 21.31 18.95 18.48 18.06 17.71 14.35 12.51 13.25 14.84 14.30 16.30 18.25 19.95 22.27 23.35 24.06 24.25 25.28 25.77 25.64 26.40 27.56 26.67 26.37 27.63 27.77 
31.69 30.70 25.63 24.83 23.20 21.64 18.77 15.85 13.57 11.10 9.64 10.04 10.90 13.88 13.29 16.07 16.04 16.01 14.59 15.06 17.30 17.31 15.65 17.79 21.00 20.66 20.19 23.85 25.43 24.68 25.69 29.73 32.71 31.75 31.19 32.89 29.52 27.58 24.15 23.94 21.14 19.22 19.86 18.59 15.58 14.87 13.83 12.78 10.55 10.43 10.39 9.15 8.87 9.06 9.76 7.93 5.96 0.00 6.64 8.11 11.46 12.69 16.37 18.62 20.56 24.20 26.78 29.17 29.68 32.68 33.60 32.70 29.43 28.16 29.01 27.12 25.05 24.63 23.60 22.59 21.87 22.07 19.84 19.85 19.86 19.34 16.09 14.21 14.65 15.28 15.24 16.62 18.92 20.61 22.84 23.43 23.73 24.11 25.64 26.66 25.98 26.00 27.68 28.10 26.64 26.97 27.38 
30.51 29.94 25.46 24.06 22.66 20.41 19.00 14.82 12.55 8.88 9.94 10.96 13.32 16.12 16.07 16.54 16.51 16.47 14.98 14.98 16.74 17.23 15.40 17.31 20.11 20.05 18.98 22.60 24.09 23.34 25.24 29.15 31.68 30.84 31.01 32.39 28.41 26.57 23.33 22.83 20.76 18.61 17.83 16.56 12.91 12.07 12.42 10.90 10.48 10.15 10.73 10.38 10.71 11.36 12.31 10.23 7.52 6.64 0.20 6.63 8.85 11.21 14.09 17.03 19.12 22.72 24.90 28.92 29.10 31.84 32.42 32.24 29.03 28.05 28.54 27.28 25.13 24.87 23.33 22.66 22.05 22.29 19.61 19.94 20.71 20.38 16.77 15.58 15.04 16.21 16.00 17.14 18.11 20.44 22.79 23.58 23.39 23.71 25.13 25.93 25.47 25.79 27.14 27.42 26.24 27.76 27.24 
27.81 26.76 21.66 21.00 18.42 15.34 13.32 10.45 7.01 3.86 5.83 9.12 10.53 14.32 14.73 15.82 15.14 15.47 13.78 12.14 14.32 14.20 12.69 13.86 17.45 16.98 15.33 19.16 21.12 19.98 20.75 25.68 28.08 27.58 27.67 28.93 25.06 24.30 20.74 19.90 17.16 15.31 14.40 12.41 8.47 8.16 8.20 9.03 9.04 7.78 9.67 10.56 11.18 11.06 13.11 11.46 9.25 8.11 6.63 0.00 6.07 6.84 10.55 13.02 15.05 17.92 19.74 24.23 25.32 27.01 28.26 28.55 25.43 24.05 25.24 23.70 21.11 21.16 20.61 19.07 18.13 19.43 17.17 17.61 17.84 17.59 14.44 13.25 12.81 13.05 12.98 14.73 15.82 17.71 19.60 19.86 20.08 20.58 22.15 22.25 22.65 22.53 24.01 24.93 24.11 25.36 25.36 
25.82 24.54 19.30 18.35 18.43 15.71 13.62 10.30 9.90 7.24 8.37 10.64 14.12 16.52 17.18 16.79 16.56 16.74 14.40 11.74 13.25 13.52 11.71 11.76 14.98 14.90 13.65 16.91 19.39 18.60 19.20 23.88 26.83 26.36 25.46 26.92 23.50 22.69 19.98 18.68 16.30 13.76 11.95 10.23 7.51 7.48 8.05 8.04 10.75 9.60 11.06 12.19 13.73 13.19 15.67 14.57 12.37 11.46 8.85 6.07 0.97 5.88 7.34 10.96 12.73 16.61 18.11 22.27 23.30 26.35 26.50 27.29 23.73 23.25 24.05 23.00 20.69 20.93 20.07 18.85 18.15 19.43 17.67 17.80 17.77 18.13 15.07 13.82 13.49 13.66 12.61 14.80 16.02 17.53 18.06 19.02 19.66 19.55 20.51 21.03 20.98 21.63 23.04 23.11 22.23 24.13 25.33 
24.17 23.47 18.90 17.22 15.39 13.34 10.78 8.62 8.35 8.06 9.82 12.43 14.65 17.82 17.36 18.59 17.27 16.16 14.96 13.03 13.80 13.16 11.85 11.28 13.87 13.50 12.73 15.39 17.03 16.52 17.50 21.24 23.60 22.93 22.76 24.16 21.05 20.19 17.42 15.67 13.34 10.58 10.97 7.60 6.43 6.98 7.49 8.05 9.95 10.61 10.66 12.35 13.68 13.89 16.43 15.98 13.90 12.69 11.21 6.84 5.88 0.00 5.72 7.58 10.59 13.76 15.53 19.71 20.59 23.46 24.00 23.92 21.08 20.33 21.09 20.06 18.78 18.63 18.19 17.46 16.64 17.90 16.52 17.21 17.60 17.83 15.40 13.93 13.39 13.09 12.41 13.02 14.35 15.09 16.00 16.40 17.28 16.41 18.59 19.28 19.87 20.12 20.92 22.47 21.76 23.53 23.77 
21.99 21.50 18.14 16.07 14.57 11.63 9.54 7.30 9.04 8.80 11.57 14.75 17.43 19.72 18.84 19.23 19.03 17.77 15.18 12.96 13.95 14.02 11.28 10.59 12.60 12.32 10.81 13.25 15.11 14.20 15.08 18.62 21.26 20.23 20.33 21.73 19.25 17.09 14.75 12.65 10.87 9.04 8.36 7.71 6.73 8.69 8.99 10.46 13.14 12.58 13.38 14.90 16.82 16.65 19.49 18.80 17.53 16.37 14.09 10.55 7.34 5.72 0.00 5.91 7.68 11.42 12.10 16.66 17.53 20.27 20.70 21.22 18.08 17.90 18.55 18.69 16.88 18.12 17.18 16.77 15.92 17.76 16.03 17.13 17.76 18.61 14.95 13.85 12.92 12.96 11.92 12.00 12.59 13.65 14.27 14.91 15.49 15.11 17.36 18.48 18.32 19.29 19.95 21.68 20.66 22.86 23.34 
