2.07 5.68 7.98 8.89 11.76 13.51 14.96 16.47 20.46 22.11 25.74 28.80 32.25 35.39 38.21 40.12 41.84 44.48 47.21 48.29 47.64 47.85 48.27 48.07 43.16 42.82 41.32 39.52 35.47 33.96 30.21 27.63 23.33 20.99 18.99 17.72 15.68 15.17 14.89 16.27 15.59 16.22 16.82 16.53 18.02 20.21 21.06 21.82 23.44 25.62 26.17 26.99 28.89 30.81 33.64 34.76 36.11 37.84 38.21 37.01 36.59 38.30 36.94 35.80 35.95 36.47 34.64 34.19 34.71 34.38 34.74 34.64 35.13 34.01 33.75 34.55 35.14 34.34 34.45 33.69 31.92 32.37 31.31 29.07 27.75 28.92 27.22 25.03 24.98 25.08 22.66 21.00 21.46 20.70 19.67 18.74 17.24 18.30 18.65 18.29 17.81 19.20 20.30 22.01 23.97 26.90 29.64 31.83 33.45 35.63 36.78 36.16 36.02 36.66 36.38 35.14 33.91 35.10 35.41 34.09 34.11 35.11 35.31 35.23 35.97 35.29 36.72 35.63 35.31 35.45 34.93 34.28 34.05 34.17 33.04 32.42 32.05 32.12 33.06 34.19 33.28 33.36 35.13 35.71 35.24 35.46 37.66 37.07 37.57 37.16 36.91 37.14 37.16 36.33 35.00 35.75 35.74 34.27 35.00 36.01 36.29 34.80 36.22 35.42 36.19 35.09 34.62 34.31 34.31 34.36 32.77 32.78 31.41 31.48 29.46 28.31 26.03 26.12 23.92 22.80 21.23 21.60 19.68 19.94 19.62 19.72 18.53 20.46 21.44 21.80 21.78 21.48 21.36 21.51 23.68 22.66 23.88 24.84 27.33 29.39 
5.68 0.21 5.01 6.38 9.51 11.24 12.58 14.88 18.51 21.04 24.08 27.55 32.08 34.57 38.40 39.58 41.80 43.53 47.57 47.88 47.54 46.46 48.55 47.30 43.62 42.04 42.20 39.90 35.58 33.07 30.65 27.09 22.39 19.00 18.35 16.84 15.51 13.53 13.96 14.88 14.83 15.49 15.25 15.79 17.47 19.82 20.55 21.09 23.16 25.61 25.98 26.49 29.04 30.46 33.68 34.26 36.05 37.43 38.54 36.50 36.52 37.97 36.63 34.88 35.53 35.80 34.48 33.42 34.42 33.50 34.23 33.87 34.92 33.39 33.43 33.86 34.62 33.23 34.12 32.82 31.17 31.56 31.46 28.34 27.06 28.16 27.14 24.03 24.31 24.38 22.15 20.23 20.79 19.69 18.72 17.91 16.69 16.69 17.61 17.88 16.91 18.19 19.86 21.30 23.70 26.45 29.56 31.55 33.38 35.34 36.57 35.59 35.81 36.05 36.19 34.11 33.17 34.17 34.73 32.83 33.04 34.02 34.44 34.15 35.31 34.18 36.12 34.76 34.77 34.66 34.17 33.25 33.63 33.52 32.16 31.49 31.54 31.43 32.46 33.65 32.69 32.37 34.35 35.18 34.51 34.35 37.07 36.21 37.09 36.27 36.14 36.38 36.69 35.75 34.31 35.40 35.23 33.68 34.31 35.72 35.99 34.00 36.18 34.96 36.47 34.37 34.64 33.50 34.39 33.53 32.95 32.22 31.33 31.00 29.81 27.80 25.31 25.06 23.40 21.73 20.37 20.55 18.70 18.40 18.87 18.62 17.54 18.35 20.35 20.15 20.83 19.85 20.76 19.68 22.73 20.56 21.25 23.92 25.53 28.73 
7.98 5.01 0.00 4.31 6.85 9.57 9.54 12.32 16.27 18.65 21.16 24.56 29.08 32.74 35.33 37.52 39.47 41.97 44.93 45.74 45.06 44.82 46.03 45.43 40.74 40.24 39.31 36.69 31.57 29.59 27.35 23.77 19.39 16.80 15.90 14.70 12.79 11.07 11.47 12.72 12.66 12.19 13.03 13.29 14.62 17.08 18.18 18.52 20.47 23.06 23.43 24.05 27.20 28.52 32.00 32.25 34.40 35.88 37.39 34.91 34.55 35.92 34.70 32.52 33.28 33.57 32.59 31.16 32.01 31.06 32.36 31.66 32.83 31.11 31.42 31.47 31.93 30.72 31.70 30.44 28.08 28.97 28.91 25.90 23.74 25.48 24.50 21.66 21.03 21.53 19.18 17.35 17.68 16.71 15.14 14.83 13.38 13.68 13.57 14.11 13.95 15.35 16.87 18.73 20.78 23.68 26.58 28.62 30.88 32.57 33.63 32.82 33.51 33.58 33.05 31.20 30.15 31.24 31.68 30.02 30.44 31.35 32.05 31.59 32.87 31.65 34.09 32.46 32.71 32.60 32.09 30.87 31.13 30.97 29.58 28.62 29.04 28.80 30.13 31.14 30.34 29.92 32.15 32.72 32.70 32.16 34.89 33.93 35.18 34.12 33.91 34.17 34.85 33.78 32.50 33.51 33.59 31.70 32.54 33.87 34.59 32.16 33.98 32.77 34.43 32.52 31.89 30.85 31.18 31.06 30.11 29.61 27.88 28.29 26.88 24.92 21.62 22.09 20.30 18.75 16.98 17.68 15.57 15.27 15.49 15.59 14.06 15.51 17.04 17.11 18.23 17.02 17.39 17.94 20.82 17.64 20.53 22.52 25.41 25.23 
8.89 6.38 4.31 0.00 4.27 7.75 8.87 11.78 14.49 17.20 20.04 23.81 28.01 31.24 34.35 36.53 39.60 40.98 43.46 44.24 44.46 43.24 44.49 43.95 40.39 40.74 38.98 37.38 31.84 29.76 26.48 23.98 18.52 15.95 15.46 12.90 11.22 9.21 9.39 10.44 11.04 11.46 12.09 12.20 14.09 16.29 17.47 18.02 20.11 22.23 22.26 23.05 26.34 27.54 30.61 31.19 33.65 34.64 35.92 33.54 33.93 34.98 33.41 31.43 32.53 32.38 30.74 29.70 30.86 29.57 30.56 30.24 31.61 29.75 29.74 30.05 30.79 29.41 30.24 28.90 26.76 27.80 27.78 24.74 22.74 24.53 23.48 20.55 20.10 20.70 18.08 16.46 16.84 16.10 14.92 14.21 13.44 12.91 12.53 11.77 12.71 14.07 15.12 16.93 19.86 22.63 25.20 27.54 30.38 31.98 32.35 31.98 32.72 32.43 31.41 30.00 29.34 30.00 29.56 28.54 29.19 30.03 29.88 30.17 31.46 30.36 32.18 31.09 31.62 31.65 30.85 29.87 30.02 29.81 28.19 27.68 27.98 27.68 28.51 29.79 28.85 28.81 30.77 31.64 31.94 31.53 33.99 33.09 34.61 33.49 33.09 33.44 34.34 33.10 31.34 32.57 32.62 30.79 31.14 32.54 33.39 30.90 32.37 31.18 33.24 31.25 30.60 29.85 30.66 30.38 29.13 29.40 27.73 27.95 25.86 24.18 21.05 21.54 19.06 17.52 16.09 16.79 14.41 13.34 14.47 13.88 13.32 13.09 15.21 14.32 16.17 14.61 17.37 14.88 19.16 16.36 20.52 21.24 23.99 27.75 
11.76 9.51 6.85 4.27 0.00 5.62 6.52 9.04 11.88 14.72 17.52 19.97 23.16 25.95 29.58 31.73 33.59 36.42 39.26 41.60 39.81 40.82 41.26 41.49 36.61 36.99 34.67 32.99 28.84 27.43 24.16 21.38 17.65 14.28 12.68 9.57 7.31 7.37 7.68 8.86 10.08 11.26 12.23 11.38 12.85 13.83 14.78 14.76 17.76 19.47 19.37 20.53 23.40 25.00 28.09 29.10 30.97 32.61 32.75 30.88 31.26 33.12 30.74 28.85 29.34 29.78 27.34 26.78 27.88 26.80 27.41 27.69 29.26 27.43 27.00 27.99 29.32 28.02 28.27 27.02 25.26 26.26 25.70 22.13 21.33 22.95 21.01 17.71 18.89 18.87 15.71 13.85 15.36 14.99 14.13 14.06 13.22 13.38 12.76 11.06 9.78 11.17 11.92 14.11 16.69 19.93 22.87 25.37 26.93 29.39 29.88 28.93 28.45 29.60 29.32 27.57 26.59 27.86 27.90 26.13 26.38 27.59 27.87 27.74 29.56 28.12 30.06 28.31 28.74 28.88 28.41 27.12 27.98 27.88 26.29 25.51 25.55 25.42 26.86 28.38 27.26 27.29 29.86 30.76 30.32 30.48 33.30 32.22 32.97 32.08 31.80 31.88 32.42 30.92 29.25 30.39 30.37 28.11 28.67 30.55 31.23 29.03 30.76 29.62 30.77 29.08 28.44 27.78 28.26 28.64 26.58 27.27 25.42 25.70 23.57 22.49 19.70 20.28 18.37 16.52 15.53 15.67 13.98 12.88 13.81 13.25 12.41 12.72 14.70 14.42 15.49 14.06 15.55 16.03 18.43 17.42 17.89 19.64 23.23 25.72 
13.51 11.24 9.57 7.75 5.62 0.00 5.90 7.13 10.89 12.72 16.03 19.70 23.29 26.61 28.67 31.59 33.71 36.68 39.94 41.68 40.84 40.50 41.71 42.69 37.13 37.99 34.61 32.95 28.21 28.59 24.59 20.56 17.28 14.34 12.08 7.98 7.32 5.98 7.97 10.41 12.95 13.39 13.48 12.02 12.29 13.37 14.11 14.78 16.80 19.43 19.01 20.67 23.17 24.95 28.29 29.79 31.55 33.52 33.66 31.58 31.57 33.54 30.79 28.93 29.49 29.80 27.40 26.80 27.91 26.69 27.52 27.57 29.37 27.75 27.33 27.88 29.20 27.91 28.54 26.83 24.69 26.10 25.43 22.15 20.53 22.56 20.76 17.60 18.26 18.32 15.20 14.11 15.64 15.29 14.62 15.34 14.12 14.80 13.71 11.99 10.11 9.87 11.38 13.59 15.78 19.11 22.12 25.49 26.67 29.09 29.10 29.13 28.34 29.19 28.60 26.95 25.88 27.28 27.12 25.27 25.50 27.15 27.27 27.29 29.05 27.73 29.74 28.04 28.36 28.53 27.80 26.66 27.53 27.42 25.14 24.69 24.99 24.76 26.06 27.88 26.99 26.79 29.25 30.37 29.95 29.91 32.82 31.70 32.56 31.62 31.02 31.30 31.53 30.46 28.60 30.10 29.72 27.71 28.29 30.17 31.03 28.41 30.60 29.19 30.69 28.75 27.88 27.79 28.25 29.15 26.77 27.66 25.39 26.12 23.94 22.91 19.32 19.69 17.29 15.47 14.34 15.19 12.79 12.39 13.16 13.18 12.21 12.87 15.13 15.11 15.66 15.16 16.63 16.46 19.20 17.36 17.91 21.28 23.11 26.10 
14.96 12.58 9.54 8.87 6.52 5.90 0.00 5.78 7.15 10.72 12.46 16.74 20.36 23.50 26.10 27.77 29.70 32.87 36.28 37.79 36.27 36.55 37.72 38.53 33.87 33.47 30.34 28.76 24.88 23.93 20.88 16.44 13.23 10.51 7.87 4.88 3.64 4.05 6.94 10.09 12.30 11.93 12.33 10.14 10.89 11.83 12.55 11.86 14.36 16.25 16.39 17.39 20.20 21.46 25.29 26.66 27.95 30.02 30.64 28.33 28.12 30.00 28.06 25.47 26.15 26.66 24.83 23.81 24.65 23.75 25.16 24.73 26.16 24.88 24.83 25.30 26.18 25.18 25.93 24.29 21.98 22.93 22.71 19.06 18.32 19.67 18.35 14.64 15.95 15.83 13.02 11.31 13.54 13.09 12.59 13.57 13.30 13.70 12.86 11.65 8.89 8.44 8.39 10.74 12.27 15.48 18.46 21.11 22.17 24.69 24.66 23.97 24.23 25.07 24.75 23.01 22.52 24.02 24.27 22.26 22.62 24.41 25.17 25.03 26.93 25.49 27.91 26.03 26.08 26.15 25.41 24.00 24.91 24.44 22.19 21.36 22.07 21.61 22.83 24.55 23.92 23.52 25.99 27.05 27.18 26.66 29.45 28.06 29.21 28.03 27.74 27.67 28.16 27.05 25.85 27.02 26.51 24.56 25.69 27.50 28.11 25.62 27.96 26.25 27.49 25.12 24.44 23.39 24.22 24.83 22.92 23.68 21.98 22.67 21.26 19.38 16.84 17.04 15.90 13.18 12.43 12.83 11.19 9.84 11.85 11.38 11.46 11.98 14.70 13.38 14.59 13.62 14.87 15.02 16.72 15.82 16.74 19.17 22.14 23.34 
16.47 14.88 12.32 11.78 9.04 7.13 5.78 0.00 5.17 6.04 11.39 13.95 17.32 20.57 23.93 26.65 27.54 30.49 33.82 35.85 33.98 34.48 35.46 35.35 31.62 30.84 28.19 27.83 23.73 20.37 18.17 14.83 11.23 7.02 6.30 2.90 4.82 5.94 8.71 11.83 13.21 13.29 12.72 10.22 10.68 11.04 11.94 11.08 13.54 15.11 14.12 15.59 18.71 19.71 22.70 24.58 25.93 27.80 28.04 25.93 25.40 27.81 24.90 23.34 23.88 24.38 22.00 21.61 22.46 21.29 22.70 22.92 24.46 22.78 22.64 23.52 24.60 23.15 23.94 22.58 20.30 21.12 20.91 17.85 16.73 18.54 16.68 13.50 14.47 14.85 11.38 10.15 12.55 12.52 12.07 13.63 13.96 14.82 13.88 12.37 10.10 8.20 7.77 8.35 10.83 13.32 16.03 18.26 20.24 22.62 22.68 21.79 22.23 22.82 22.34 20.83 20.30 21.98 22.25 20.58 20.99 23.05 23.27 23.85 25.08 24.20 26.06 24.67 24.65 24.87 24.02 22.83 23.31 23.03 20.71 20.24 20.70 20.41 21.43 23.09 22.18 22.12 24.34 25.50 25.56 25.23 28.01 26.72 27.60 26.59 26.21 26.37 26.68 25.79 24.14 25.58 24.98 23.27 23.92 25.78 26.31 23.84 25.96 24.24 25.42 23.16 22.29 21.79 22.58 22.63 20.65 21.26 20.74 20.17 18.28 15.73 14.86 15.04 12.38 10.02 10.31 11.18 8.95 7.86 10.54 11.53 11.46 11.81 14.06 14.48 14.54 13.61 15.25 14.53 16.97 15.17 17.41 19.01 20.83 24.05 
20.46 18.51 16.27 14.49 11.88 10.89 7.15 5.17 0.00 5.36 6.97 10.79 13.38 16.73 20.27 22.46 23.61 26.47 30.25 32.37 29.85 30.38 31.20 30.98 26.45 26.29 23.78 22.94 18.49 16.62 13.56 10.70 8.05 5.33 4.76 5.04 6.63 9.97 11.69 14.44 15.69 15.21 15.78 13.23 13.16 13.05 12.80 11.37 13.28 13.96 12.58 13.97 16.72 17.60 20.03 21.74 22.47 24.56 24.20 22.45 22.11 24.40 21.09 19.78 20.54 21.27 18.17 18.63 19.88 18.64 20.40 20.70 22.46 20.58 20.12 21.40 22.61 21.23 22.05 20.66 18.06 19.26 19.02 15.71 15.17 16.80 14.52 10.85 12.85 13.50 9.98 9.66 13.03 14.01 13.86 15.58 15.24 16.61 16.86 15.54 11.68 10.09 8.69 9.17 8.74 11.18 13.21 15.81 17.65 20.09 20.59 19.20 19.67 20.79 20.39 19.14 17.93 19.93 20.22 18.72 18.89 21.25 21.71 22.19 24.44 22.72 25.26 23.12 23.28 23.55 22.71 21.98 22.73 22.40 19.86 19.57 19.81 19.38 20.34 22.41 21.24 21.30 23.30 24.36 24.19 24.15 27.08 25.48 26.25 25.20 25.11 24.99 25.47 24.28 22.41 23.65 23.25 21.05 21.78 23.57 24.23 21.74 24.07 21.80 22.70 20.10 19.71 18.12 19.04 19.01 17.28 18.48 16.63 16.70 16.41 14.48 13.15 13.49 12.03 9.99 10.58 12.09 10.90 10.37 12.56 12.98 13.20 14.07 17.23 16.61 17.08 14.93 15.78 15.17 16.08 15.18 19.19 20.07 21.19 22.87 
22.11 21.04 18.65 17.20 14.72 12.72 10.72 6.04 5.36 0.00 6.01 6.48 10.99 13.17 16.65 19.55 21.56 24.52 27.76 29.52 28.41 27.90 29.14 28.48 24.64 24.08 21.73 18.88 15.50 12.90 10.56 7.08 6.98 4.42 5.56 6.42 8.81 11.34 14.51 16.62 17.28 17.86 17.62 15.02 14.47 14.12 13.18 11.68 12.76 13.33 11.93 13.11 15.33 16.36 19.29 20.44 21.10 23.14 23.31 21.10 20.66 23.13 20.26 18.61 19.62 20.18 17.55 17.54 18.72 17.73 19.72 19.74 21.39 19.82 19.83 20.70 22.12 20.55 21.90 19.89 17.39 18.64 18.74 15.08 14.45 16.51 14.46 10.64 12.51 14.07 11.74 11.25 14.80 16.22 16.47 18.30 18.18 19.35 19.21 17.79 14.35 12.10 10.21 8.42 8.92 8.90 11.10 12.93 15.13 17.50 17.46 16.98 17.60 18.45 18.50 16.94 16.78 18.61 19.33 17.55 18.38 20.71 21.41 21.91 23.86 22.51 25.03 22.95 22.95 23.26 22.24 21.43 22.29 22.00 18.97 18.92 19.02 18.76 19.67 22.00 20.90 20.83 22.81 24.14 23.70 23.74 26.56 25.00 25.67 24.73 24.20 24.25 24.27 23.53 21.80 22.99 22.40 20.70 21.33 23.02 23.44 21.18 23.70 21.09 22.21 19.11 18.33 16.71 17.16 17.18 15.82 16.13 14.75 14.58 14.05 11.25 9.42 11.34 9.84 6.63 8.76 11.98 10.81 10.56 12.81 14.72 14.96 16.14 18.67 18.44 18.60 16.52 17.66 15.70 17.62 15.67 19.26 19.72 22.13 22.50 
25.74 24.08 21.16 20.04 17.52 16.03 12.46 11.39 6.97 6.01 0.00 5.76 7.43 10.88 13.22 16.77 18.16 21.91 24.89 26.39 24.59 24.65 24.67 25.02 20.89 21.04 17.52 14.70 11.34 9.82 8.11 6.83 6.02 6.81 8.37 10.37 12.21 14.46 17.27 20.66 20.91 20.66 20.04 17.27 15.84 15.57 14.09 11.87 12.69 12.71 11.28 11.84 13.93 14.39 17.68 18.68 19.02 21.36 21.47 19.07 18.29 21.21 18.63 16.23 17.83 18.93 16.57 16.19 17.27 16.58 19.07 18.71 20.24 19.44 19.45 20.55 21.32 20.24 21.29 19.81 16.75 18.09 17.81 14.45 14.02 15.83 13.44 9.86 12.77 14.83 12.03 12.06 16.26 18.21 18.30 20.37 20.33 21.77 21.43 20.15 16.86 14.94 11.18 9.64 8.15 8.63 8.50 10.75 11.67 14.21 13.97 13.50 14.63 15.87 15.30 13.96 14.24 17.07 17.68 16.48 17.47 20.75 21.53 21.85 23.86 22.63 24.98 23.05 22.74 23.15 22.07 21.23 22.16 21.55 18.25 17.93 18.32 18.06 19.09 21.33 20.20 20.38 22.49 23.58 22.98 23.21 26.06 24.02 24.59 23.96 23.23 23.24 22.85 22.78 21.09 22.37 21.20 19.90 21.09 22.81 22.92 20.66 23.27 20.64 21.34 18.00 17.16 15.15 15.44 15.19 13.07 14.42 12.74 13.37 13.36 10.55 9.87 11.81 10.77 10.00 11.21 13.77 12.80 12.79 14.92 16.22 16.61 17.82 20.20 20.07 20.54 18.08 18.02 17.12 17.33 15.88 18.98 20.21 21.32 22.59 
28.80 27.55 24.56 23.81 19.97 19.70 16.74 13.95 10.79 6.48 5.76 0.00 5.55 5.61 9.64 12.67 14.49 17.02 20.65 22.71 21.95 21.22 21.92 21.83 19.26 18.52 13.38 12.05 6.93 5.74 5.42 4.41 5.51 8.10 10.97 13.59 16.24 18.83 21.32 24.63 24.12 24.31 23.53 20.61 18.89 18.33 15.88 13.38 13.57 13.36 11.14 11.10 12.95 13.21 15.51 16.31 16.61 18.53 18.63 15.95 15.93 18.66 15.84 13.06 15.80 16.48 13.83 13.78 15.81 15.15 17.58 17.83 19.99 18.78 18.46 19.94 21.18 19.72 20.74 19.47 16.29 17.79 17.64 14.94 14.10 16.19 14.16 11.66 13.34 16.07 13.99 14.57 18.25 20.20 20.86 22.58 22.81 24.13 24.25 22.86 19.63 17.80 14.84 12.57 10.67 9.09 9.30 8.81 10.65 12.86 11.75 11.59 13.45 14.49 14.02 12.73 13.93 16.61 17.17 16.48 17.60 20.50 20.88 21.56 23.47 22.14 24.26 22.65 22.53 22.87 21.69 21.22 21.92 21.45 18.35 18.24 18.72 18.38 19.12 21.38 20.47 20.44 22.29 23.76 23.56 23.31 25.98 24.32 24.80 24.10 23.46 23.50 23.21 22.94 21.06 22.29 21.74 20.10 20.89 22.63 22.90 20.55 22.85 20.29 21.15 17.40 16.13 14.29 14.65 13.33 9.69 11.54 10.94 11.77 10.33 8.65 9.68 11.52 10.74 11.33 12.76 15.12 14.50 15.46 16.93 18.49 19.24 20.26 22.65 22.15 22.26 19.48 20.62 18.72 19.90 16.94 19.45 20.86 22.20 22.75 
32.25 32.08 29.08 28.01 23.16 23.29 20.36 17.32 13.38 10.99 7.43 5.55 0.00 5.74 6.79 10.48 11.51 14.81 17.32 19.96 18.62 18.95 18.78 18.93 15.41 14.72 10.62 6.97 3.22 4.44 5.93 4.78 7.40 10.29 14.10 17.45 19.49 23.33 25.08 28.29 28.10 27.31 26.71 23.37 21.50 20.06 17.10 14.42 14.64 13.81 11.29 10.61 12.17 11.85 13.66 13.89 14.26 15.46 15.35 13.12 13.69 16.44 13.07 10.70 14.09 15.56 11.99 12.68 15.22 14.88 17.52 17.83 20.01 18.80 18.14 19.78 21.08 19.64 20.27 19.20 16.06 17.54 17.49 14.43 14.29 16.85 15.27 12.76 15.04 17.67 15.77 16.80 20.43 22.25 22.98 25.07 25.25 26.75 26.69 25.32 21.22 19.93 17.34 15.18 11.74 10.58 9.61 8.95 8.84 11.07 10.69 9.90 12.16 13.73 12.90 10.90 12.38 15.45 16.51 15.84 17.14 20.25 20.83 21.30 23.23 22.23 24.09 22.74 22.70 22.91 21.67 21.04 22.21 21.45 18.45 18.45 19.22 18.92 19.43 21.77 20.96 20.99 22.65 24.36 23.93 23.97 26.50 24.80 25.03 24.25 23.54 23.72 23.66 23.14 20.96 22.67 22.21 20.33 20.97 22.95 23.62 20.79 23.07 20.23 21.05 17.54 16.67 14.37 14.01 12.77 10.10 11.02 9.73 10.87 11.71 9.50 10.63 12.88 12.54 12.25 14.83 17.41 16.51 17.24 19.65 20.96 21.50 23.09 26.50 25.69 25.50 22.84 23.71 21.77 21.62 18.93 21.35 21.85 22.00 23.83 
35.39 34.57 32.74 31.24 25.95 26.61 23.50 20.57 16.73 13.17 10.88 5.61 5.74 0.00 5.37 6.61 8.60 10.79 13.60 15.96 15.93 15.92 16.15 16.62 12.82 12.95 8.09 6.39 3.18 4.14 5.73 7.47 9.72 14.43 17.31 21.75 22.71 25.72 28.27 31.34 31.42 31.07 29.38 26.06 23.88 23.00 19.91 17.01 15.85 15.17 12.19 11.24 12.00 11.24 13.64 13.75 12.98 14.94 14.56 12.43 11.81 14.80 12.04 10.17 13.24 14.45 12.05 12.79 15.20 14.80 17.38 17.55 19.85 18.55 18.04 19.28 21.11 19.47 20.34 18.85 16.32 17.61 17.56 14.95 14.89 17.74 16.32 14.17 16.28 19.24 17.71 18.46 22.14 23.92 25.29 26.99 27.60 28.72 28.91 27.42 24.04 22.16 19.40 16.58 13.90 12.30 10.35 8.53 8.89 10.23 8.88 9.46 11.87 13.33 13.06 11.28 12.93 15.34 16.35 16.04 17.69 20.34 20.69 21.43 23.48 22.28 24.02 22.64 22.99 22.82 21.72 21.19 22.39 21.83 18.81 18.73 19.21 18.96 19.90 22.12 21.28 21.14 23.25 24.76 24.42 24.22 26.96 25.08 25.48 24.39 23.87 23.69 23.50 22.70 21.08 22.48 22.05 20.23 20.88 22.81 23.26 20.77 22.73 20.39 20.63 17.05 15.53 13.96 13.49 11.42 8.06 8.79 8.52 9.88 9.35 8.07 10.23 13.87 13.01 13.40 16.23 19.13 19.01 19.54 21.42 22.49 23.53 24.90 27.74 27.29 26.91 24.54 25.27 23.24 23.20 20.82 22.41 23.00 23.36 23.02 
38.21 38.40 35.33 34.35 29.58 28.67 26.10 23.93 20.27 16.65 13.22 9.64 6.79 5.37 0.00 5.55 6.50 8.77 10.91 13.72 13.58 13.73 14.33 14.24 11.64 10.37 6.83 5.05 4.91 5.14 8.28 10.25 13.27 17.26 20.97 23.97 25.84 29.31 31.13 35.01 35.11 33.87 32.01 28.25 26.09 24.97 22.39 19.04 18.35 16.86 13.75 12.17 12.40 11.49 13.09 12.27 12.02 13.43 14.24 10.24 10.16 13.65 11.74 9.02 11.98 14.23 12.68 13.02 15.57 15.22 17.56 17.77 19.88 18.79 18.36 19.80 21.60 20.09 20.99 19.70 17.11 18.42 18.51 16.07 16.37 19.26 17.87 16.09 18.53 21.62 19.88 20.51 24.26 26.63 27.52 29.57 30.13 31.24 30.93 29.98 26.42 24.41 20.47 17.73 15.78 12.92 9.81 9.28 9.38 9.37 7.01 8.09 11.07 12.09 11.85 10.09 12.62 15.35 16.36 15.84 17.80 20.84 21.50 22.29 24.32 23.16 24.64 23.55 23.85 23.90 22.50 22.02 23.31 22.67 19.61 19.70 19.96 20.00 20.74 23.23 21.83 22.23 24.34 26.17 24.94 25.44 28.04 26.38 26.08 25.32 24.66 24.43 23.74 23.38 21.73 23.40 22.48 20.87 21.48 23.70 23.88 21.17 22.76 20.42 20.81 17.37 15.84 13.70 13.41 11.96 9.19 10.05 9.44 11.45 11.88 11.11 12.89 15.66 15.77 16.94 19.51 21.66 21.13 22.19 23.69 24.50 25.47 26.89 29.99 29.20 29.05 26.34 27.26 25.56 24.88 22.51 24.35 25.21 24.85 23.82 
40.12 39.58 37.52 36.53 31.73 31.59 27.77 26.65 22.46 19.55 16.77 12.67 10.48 6.61 5.55 0.00 5.24 6.62 8.56 12.55 11.85 13.54 12.91 13.68 10.55 9.84 4.95 4.91 3.95 5.34 9.11 13.28 15.95 20.71 23.22 26.84 29.81 32.20 35.55 38.06 37.93 36.85 34.97 31.05 29.02 27.85 24.85 21.56 20.52 19.26 15.27 13.37 13.33 11.78 12.70 12.43 11.14 13.36 12.75 8.86 9.30 13.54 10.85 8.01 12.11 14.80 12.56 12.80 15.75 15.82 17.52 17.95 20.18 19.18 18.51 20.08 22.03 20.64 21.57 20.33 18.01 19.40 19.82 17.52 17.50 20.68 19.60 17.87 20.25 23.08 21.75 21.98 25.98 28.04 29.29 31.04 31.49 32.72 32.70 31.31 27.93 26.56 23.22 20.52 17.94 15.98 13.23 12.22 11.09 11.25 9.80 9.52 11.84 12.96 12.93 11.07 13.20 16.24 17.03 16.60 18.50 21.25 21.75 22.75 24.78 23.66 25.17 24.16 24.47 24.61 23.34 22.85 24.17 23.88 20.94 20.78 21.27 21.04 22.04 24.29 23.36 23.33 25.39 27.08 26.30 26.36 29.00 27.38 27.35 26.46 25.96 25.59 25.31 24.70 23.18 24.81 24.38 22.56 23.15 25.37 25.47 22.89 24.63 22.58 22.72 19.15 18.04 15.93 15.27 14.00 10.89 11.48 10.20 12.45 13.42 13.22 14.18 17.94 17.34 18.91 20.99 23.41 22.79 23.56 25.61 26.77 26.87 28.43 31.23 31.14 30.21 28.57 29.72 27.89 26.82 24.82 27.42 28.21 26.66 24.87 
41.84 41.80 39.47 39.60 33.59 33.71 29.70 27.54 23.61 21.56 18.16 14.49 11.51 8.60 6.50 5.24 0.00 4.94 6.52 9.29 10.38 11.06 11.20 11.57 9.65 8.89 5.50 6.52 7.38 8.76 11.86 15.36 17.66 21.52 25.22 29.77 31.23 35.01 37.25 39.58 39.07 37.44 35.88 32.61 30.24 29.24 25.74 22.58 21.51 19.91 16.40 14.38 13.71 11.98 12.57 11.64 10.39 11.36 11.91 8.59 9.00 13.04 9.96 8.27 12.65 15.13 12.75 13.28 16.03 16.08 18.42 17.77 20.29 19.29 18.81 20.04 22.03 20.87 21.85 20.76 17.95 19.77 20.32 17.85 17.46 20.97 19.89 18.43 20.00 23.18 21.96 22.79 26.30 28.47 29.49 31.25 31.71 33.05 33.25 31.75 27.73 26.90 23.93 20.89 17.67 16.50 14.65 13.05 11.55 12.11 10.81 9.55 10.65 12.24 11.92 10.14 12.10 15.36 16.22 15.90 17.38 20.52 20.92 22.07 24.40 23.21 25.10 23.82 24.26 24.58 23.45 23.03 24.60 24.19 21.57 21.32 21.54 21.56 22.30 24.59 23.51 23.44 25.36 27.13 26.19 26.20 29.09 27.57 27.54 26.38 25.87 25.91 25.46 24.89 23.17 25.28 25.01 23.24 23.90 26.11 26.34 23.94 25.67 23.15 23.19 20.36 19.48 17.01 16.23 14.88 12.23 12.32 10.38 12.86 14.32 13.58 15.47 18.08 17.95 19.29 21.40 24.21 23.66 24.32 26.45 27.05 27.27 28.35 31.99 31.48 31.24 29.03 29.86 28.77 28.33 26.57 29.28 29.07 28.70 30.29 
44.48 43.53 41.97 40.98 36.42 36.68 32.87 30.49 26.47 24.52 21.91 17.02 14.81 10.79 8.77 6.62 4.94 0.00 5.96 8.33 9.26 11.18 11.59 12.17 9.72 10.30 8.04 9.90 10.76 13.31 15.76 19.04 20.53 25.13 28.88 32.15 34.78 37.16 39.72 42.68 41.92 40.76 38.22 35.33 33.66 32.46 28.80 25.90 24.56 23.19 19.30 16.95 16.26 14.65 15.29 14.68 12.69 14.44 14.01 11.75 11.49 14.81 12.21 11.68 15.40 17.87 15.95 16.90 18.74 19.00 20.67 20.45 22.17 21.34 20.53 21.72 23.53 22.73 23.45 22.16 19.83 21.50 22.38 20.03 19.92 23.55 22.82 21.12 22.92 25.80 24.85 25.62 29.55 31.41 32.22 34.58 35.08 36.41 35.83 34.75 31.04 30.21 26.86 24.09 20.88 19.71 17.96 16.83 15.42 15.67 14.04 12.76 13.35 13.64 13.63 12.43 14.59 17.42 17.62 17.39 19.04 21.42 21.92 23.40 25.85 24.69 26.15 25.46 25.73 26.22 24.83 24.84 26.30 26.45 23.68 23.41 23.47 23.75 24.57 26.85 25.86 25.93 27.75 29.49 28.58 28.88 31.28 29.93 29.81 28.80 28.07 28.30 27.48 26.74 25.09 27.50 26.71 25.12 25.57 28.13 27.95 25.86 27.43 25.47 25.64 22.74 21.69 19.83 19.12 17.96 14.38 14.85 14.33 16.26 16.68 16.83 18.16 21.36 20.85 22.39 24.56 26.72 26.41 27.10 28.55 29.10 28.96 31.17 34.04 34.02 32.99 31.82 32.99 31.23 29.95 28.97 31.81 32.52 30.42 29.40 
47.21 47.57 44.93 43.46 39.26 39.94 36.28 33.82 30.25 27.76 24.89 20.65 17.32 13.60 10.91 8.56 6.52 5.96 0.37 6.01 7.88 8.92 12.05 10.42 9.85 9.85 10.54 11.66 12.54 15.04 19.03 21.66 23.30 28.42 30.83 35.72 37.56 39.57 41.16 44.33 44.85 42.76 40.72 38.33 36.85 35.52 32.45 28.61 26.94 25.47 21.59 19.24 18.43 17.10 17.21 16.55 15.12 16.26 16.31 14.41 14.01 17.76 16.21 15.55 18.01 20.79 19.38 19.79 21.55 21.58 22.98 22.39 24.21 23.07 22.16 23.29 24.99 24.01 24.98 23.75 21.52 23.38 24.27 22.09 22.30 25.78 25.36 23.79 25.56 28.83 27.63 28.45 32.51 34.54 35.27 37.27 38.83 39.56 38.95 38.12 35.00 33.83 29.97 27.61 24.65 23.39 21.09 20.56 19.46 19.69 17.46 16.51 15.91 15.83 15.72 14.53 16.15 18.01 18.95 19.28 20.51 23.14 23.45 24.99 27.50 26.10 27.61 26.67 27.27 27.72 26.70 26.44 28.13 28.10 25.83 25.46 25.59 25.95 27.18 29.28 28.32 28.33 30.46 32.02 31.25 31.42 33.83 32.62 32.65 31.35 30.61 30.48 29.74 28.99 27.36 29.40 28.86 26.92 27.59 29.73 29.69 27.26 28.78 26.72 27.20 24.46 23.06 21.45 21.26 20.37 17.09 18.34 17.94 19.35 19.65 19.84 22.16 24.12 23.96 25.44 27.36 29.42 29.02 29.52 30.98 31.10 31.68 33.04 36.58 36.14 35.74 33.79 34.91 33.66 32.35 31.69 34.33 34.38 33.73 31.13 
48.29 47.88 45.74 44.24 41.60 41.68 37.79 35.85 32.37 29.52 26.39 22.71 19.96 15.96 13.72 12.55 9.29 8.33 6.01 0.00 5.50 8.51 9.87 11.56 9.27 10.62 11.61 13.64 15.22 17.48 21.40 24.98 27.24 31.04 34.38 37.58 39.95 41.58 43.66 46.60 45.90 45.04 43.02 40.07 38.41 37.56 33.91 30.40 28.51 27.33 23.58 20.83 20.12 19.00 19.56 18.63 17.20 18.52 19.12 16.14 16.66 19.94 19.02 18.54 20.70 22.96 21.55 22.20 23.50 23.23 24.61 24.12 25.32 24.33 23.01 24.29 25.38 24.90 25.41 24.44 21.76 24.01 24.82 23.30 23.09 26.96 26.35 25.13 27.16 30.23 29.22 30.08 33.91 36.10 36.71 39.56 40.30 41.44 40.31 39.58 36.66 35.80 31.85 29.56 26.90 25.67 23.71 22.67 21.47 21.71 19.91 18.69 17.55 16.96 17.19 14.98 16.62 19.01 19.20 19.47 21.02 23.74 23.90 25.62 27.70 26.81 28.28 27.49 27.68 28.58 27.54 27.45 28.84 29.18 26.99 26.70 26.94 27.31 28.44 30.48 29.20 29.67 31.67 33.18 32.26 32.74 34.87 33.80 33.83 32.88 32.20 32.37 31.60 31.43 29.52 31.87 31.20 29.64 29.95 32.33 31.76 29.85 31.14 29.34 29.23 26.50 25.44 23.73 23.39 22.62 20.00 20.61 19.76 21.54 21.61 22.53 23.74 26.26 26.07 27.59 29.29 31.43 30.96 31.49 32.81 33.75 33.36 35.18 37.55 37.44 37.02 35.59 36.71 34.92 33.52 32.35 35.70 36.47 34.10 32.07 
47.64 47.54 45.06 44.46 39.81 40.84 36.27 33.98 29.85 28.41 24.59 21.95 18.62 15.93 13.58 11.85 10.38 9.26 7.88 5.50 0.00 6.17 8.79 8.87 8.72 10.41 11.76 12.90 15.75 17.23 21.12 24.38 26.45 30.77 32.89 37.02 38.58 41.13 43.09 44.51 44.30 43.78 42.42 39.13 37.15 35.87 32.44 28.63 26.59 25.22 21.76 19.88 19.39 18.06 18.17 17.34 15.99 17.77 17.16 15.77 16.13 20.06 17.66 17.82 20.12 22.05 20.19 21.45 22.46 21.71 23.34 22.66 24.04 22.48 21.63 22.41 23.65 22.78 23.71 22.16 19.62 21.46 22.80 20.74 21.06 24.37 24.08 23.12 25.07 28.20 27.49 28.37 32.13 34.41 35.38 37.51 39.00 39.89 39.22 38.13 35.26 34.16 30.51 27.66 24.89 23.99 21.79 20.90 19.84 19.88 18.63 17.01 15.93 16.21 15.67 13.59 14.80 17.02 17.13 17.35 18.76 21.56 21.57 23.18 26.02 24.77 26.43 25.22 25.80 26.45 25.60 25.30 26.98 27.05 25.07 24.76 24.93 25.19 26.39 28.29 27.15 27.48 29.64 31.35 30.28 30.54 33.12 32.18 32.27 31.28 30.73 30.85 30.49 29.93 28.24 30.32 30.09 28.44 29.02 30.89 30.52 28.26 30.39 27.64 27.51 24.53 23.60 21.77 21.35 20.51 17.73 18.32 17.42 19.18 19.59 20.60 21.95 24.44 24.54 25.80 27.39 29.80 29.26 29.81 31.28 32.15 32.13 33.12 35.71 35.49 35.99 33.58 33.88 33.06 32.88 32.39 34.15 33.93 34.16 35.12 
47.85 46.46 44.82 43.24 40.82 40.50 36.55 34.48 30.38 27.90 24.65 21.22 18.95 15.92 13.73 13.54 11.06 11.18 8.92 8.51 6.17 0.00 5.81 6.56 8.50 10.21 11.49 13.67 15.30 17.54 20.89 24.37 26.92 30.92 32.91 36.21 37.99 40.13 42.29 44.95 44.71 43.66 41.59 38.77 36.80 35.35 31.63 27.83 26.15 24.34 21.07 18.90 18.62 17.09 17.32 16.35 15.66 16.26 16.48 15.13 16.21 19.66 17.70 18.12 20.21 21.86 20.10 20.97 21.87 21.20 22.68 22.19 23.17 21.66 20.57 21.76 22.56 22.09 22.49 21.57 19.01 21.43 22.19 20.58 20.64 24.58 24.01 22.91 24.95 28.00 27.32 28.21 32.22 34.33 35.33 37.34 38.92 39.78 39.07 37.51 34.72 33.38 30.01 27.08 24.36 23.11 21.18 20.95 20.29 20.22 18.48 17.57 16.85 16.41 15.45 13.73 15.04 16.76 16.81 17.13 18.23 20.30 20.19 22.19 24.80 23.75 25.01 24.30 25.12 25.68 24.81 24.47 26.35 26.65 24.82 24.29 24.65 24.78 26.27 28.50 27.37 27.59 29.88 31.54 30.67 30.90 33.21 32.32 32.32 31.42 30.66 30.96 30.51 30.05 28.05 30.38 29.89 28.49 28.75 31.00 30.36 28.51 29.68 27.76 27.35 24.76 23.31 21.69 21.33 20.30 17.36 17.77 17.54 19.49 19.89 20.64 22.23 24.79 24.30 25.61 27.32 29.74 28.94 29.93 31.32 31.85 31.41 32.71 34.94 34.75 34.62 32.40 33.28 31.74 31.42 30.04 34.42 34.66 32.94 32.14 
48.27 48.55 46.03 44.49 41.26 41.71 37.72 35.46 31.20 29.14 24.67 21.92 18.78 16.15 14.33 12.91 11.20 11.59 12.05 9.87 8.79 5.81 0.00 5.93 6.27 8.98 11.52 12.99 16.32 17.95 21.68 24.90 27.18 31.39 33.06 36.86 38.97 41.12 43.18 45.40 45.76 44.38 42.67 39.54 37.64 35.72 31.80 28.25 26.32 24.59 20.90 19.10 17.93 17.19 17.00 16.33 14.59 16.25 17.24 16.23 15.89 20.46 19.81 19.46 20.63 22.86 21.26 21.50 22.56 21.98 22.98 22.10 23.48 21.75 20.83 21.55 22.94 21.76 22.47 21.24 19.90 21.52 22.69 20.57 21.20 25.18 24.97 23.70 26.06 29.30 28.26 29.14 33.25 35.46 36.06 38.18 39.90 40.92 40.07 38.96 36.12 34.57 31.03 28.32 25.58 24.13 21.89 21.41 21.33 20.91 19.30 18.17 18.19 17.05 16.02 14.15 15.49 16.99 17.39 17.46 18.60 20.86 20.67 22.08 24.50 23.36 25.03 24.12 25.24 25.66 24.99 24.62 26.61 26.80 25.12 24.83 24.95 25.42 26.98 29.05 28.09 28.42 30.87 32.60 31.82 32.14 34.38 33.34 33.63 32.57 31.84 31.69 31.35 30.66 28.87 30.71 30.41 28.63 28.87 30.76 30.77 28.57 30.15 28.09 28.38 25.46 24.20 21.96 21.71 20.87 18.21 18.63 18.46 20.29 20.74 21.45 22.83 25.39 24.90 26.05 27.87 30.13 29.21 30.16 32.05 32.36 32.02 32.94 35.53 34.97 34.11 32.24 33.05 31.60 30.23 29.85 33.28 33.70 32.51 31.45 
48.07 47.30 45.43 43.95 41.49 42.69 38.53 35.35 30.98 28.48 25.02 21.83 18.93 16.62 14.24 13.68 11.57 12.17 10.42 11.56 8.87 6.56 5.93 0.00 5.54 7.41 9.41 11.81 15.04 17.00 20.70 24.65 27.53 31.17 33.36 36.26 38.51 40.28 43.37 45.32 45.53 43.98 42.30 38.48 36.63 34.59 30.94 27.53 26.15 24.41 20.78 18.21 17.26 16.35 15.92 15.15 14.46 16.02 17.09 15.45 16.34 20.58 19.75 19.31 20.75 22.56 21.18 21.47 22.32 21.80 22.86 22.19 23.40 21.51 20.23 21.25 22.28 21.19 21.42 20.82 18.33 20.67 21.60 20.36 20.73 24.70 24.28 23.24 25.89 28.76 28.07 28.58 32.89 34.87 35.89 37.80 39.67 40.34 39.58 38.23 35.62 34.07 30.63 27.94 25.31 24.08 22.09 21.26 20.65 21.09 19.63 18.72 18.16 17.20 16.36 14.18 15.16 16.39 16.63 15.80 17.49 19.80 19.46 21.03 23.43 22.39 24.11 23.20 24.41 24.83 24.33 24.09 26.00 26.36 24.73 24.37 24.88 25.08 26.75 28.77 27.73 28.10 30.88 32.31 31.62 31.90 34.19 33.11 33.22 32.31 31.58 31.72 31.51 30.88 29.16 31.32 31.38 29.17 29.42 31.39 31.33 28.85 30.52 28.14 28.60 25.67 24.56 22.30 21.67 21.35 18.79 19.47 18.92 20.85 21.14 22.01 22.98 25.41 24.64 26.37 27.85 30.32 29.28 30.06 32.00 32.44 31.93 32.96 35.21 34.32 34.28 32.01 32.85 30.55 30.29 29.32 32.78 32.99 31.89 30.98 
43.16 43.62 40.74 40.39 36.61 37.13 33.87 31.62 26.45 24.64 20.89 19.26 15.41 12.82 11.64 10.55 9.65 9.72 9.85 9.27 8.72 8.50 6.27 5.54 0.00 6.00 6.86 9.63 12.00 14.63 17.81 21.16 24.33 27.12 29.89 33.15 35.07 37.24 40.38 41.99 42.44 40.64 38.86 35.12 32.15 30.58 26.82 23.94 22.51 21.21 17.15 14.73 13.44 12.68 12.93 11.91 11.29 12.58 14.46 12.81 15.12 18.12 17.14 16.62 18.88 20.02 18.58 18.66 19.85 18.37 20.01 19.11 20.99 18.38 17.37 17.88 19.59 17.69 18.38 16.92 15.64 17.25 18.50 16.56 17.46 20.93 20.23 19.35 22.14 25.27 24.47 25.19 29.05 31.28 32.35 34.26 35.72 36.74 36.00 35.08 32.48 31.06 27.26 25.04 22.68 21.56 19.29 18.70 18.48 18.53 17.65 16.19 15.98 15.51 14.44 12.04 12.74 13.86 13.64 12.91 14.46 16.39 16.05 17.54 20.10 18.77 20.91 19.79 21.02 21.56 20.74 20.34 22.57 22.91 20.95 20.87 21.51 21.78 23.07 24.89 24.07 24.61 27.05 28.55 27.70 28.09 30.60 29.42 29.83 28.74 28.45 28.54 28.70 27.82 26.13 28.26 28.44 26.24 26.32 28.24 28.44 25.94 27.42 25.05 25.48 22.61 21.93 18.84 18.42 17.73 16.25 16.35 15.79 17.46 17.98 18.77 19.89 21.96 21.50 22.87 24.81 26.50 25.70 26.34 28.42 28.84 28.65 29.19 31.79 31.72 31.33 29.10 28.90 28.24 28.04 28.23 30.16 30.40 29.84 30.66 
42.82 42.04 40.24 40.74 36.99 37.99 33.47 30.84 26.29 24.08 21.04 18.52 14.72 12.95 10.37 9.84 8.89 10.30 9.85 10.62 10.41 10.21 8.98 7.41 6.00 0.00 6.26 7.83 11.31 12.74 16.27 19.51 22.67 26.69 28.66 31.40 34.54 35.54 39.16 40.92 41.43 39.16 36.82 33.83 31.01 29.30 25.72 22.91 20.77 19.69 15.92 13.34 11.89 11.14 12.38 12.29 11.05 12.61 13.99 12.79 13.75 17.52 16.27 16.12 17.95 19.56 17.66 17.79 19.20 17.89 19.64 18.61 20.36 17.91 16.65 17.38 18.33 16.89 17.15 16.03 14.65 16.87 17.11 16.10 16.86 20.46 19.41 18.68 21.32 24.28 23.27 24.60 28.43 30.56 31.53 33.64 34.79 35.84 35.24 34.32 31.32 30.09 26.55 24.40 22.34 20.98 19.14 19.26 18.87 19.44 18.24 17.00 16.78 16.16 14.76 11.88 12.90 13.39 12.84 12.58 14.20 15.19 14.95 16.72 19.92 18.41 20.13 19.33 20.33 21.34 20.31 20.29 22.38 23.08 20.79 20.95 21.37 21.79 23.01 25.35 24.39 24.92 27.02 28.32 27.76 28.00 30.38 29.20 29.72 28.86 28.24 28.59 28.66 28.06 25.89 27.98 28.36 26.25 26.39 28.28 28.34 25.65 27.09 24.70 24.98 22.26 21.46 19.31 17.88 17.19 16.47 16.09 16.25 17.41 18.32 19.14 20.16 22.16 21.28 22.85 24.47 26.52 25.07 26.50 28.28 28.51 27.68 28.93 31.28 30.71 30.27 27.82 28.00 26.54 27.47 26.25 28.12 28.83 28.90 28.61 
41.32 42.20 39.31 38.98 34.67 34.61 30.34 28.19 23.78 21.73 17.52 13.38 10.62 8.09 6.83 4.95 5.50 8.04 10.54 11.61 11.76 11.49 11.52 9.41 6.86 6.26 0.00 6.26 7.56 9.97 12.03 15.90 18.38 21.96 25.28 27.56 30.07 32.46 36.20 37.64 37.55 35.48 33.97 30.92 27.80 26.41 23.22 20.70 18.26 17.06 12.90 10.55 8.67 8.54 10.76 10.49 10.42 10.71 13.35 11.09 11.86 15.13 15.55 13.99 15.94 17.62 15.96 15.29 17.04 15.51 17.67 16.46 18.24 16.18 15.48 15.73 16.80 15.06 15.76 14.28 12.99 14.88 16.20 13.40 14.96 18.43 18.24 17.08 19.65 22.51 21.43 22.61 26.38 28.45 29.55 31.45 32.72 33.65 33.26 32.24 29.29 28.02 24.63 22.86 20.33 19.09 17.22 17.38 17.57 17.78 16.55 15.26 15.54 14.92 13.44 10.38 11.95 13.12 12.54 10.63 13.24 15.06 14.14 15.56 18.99 17.49 19.90 18.54 19.53 20.37 19.84 19.39 21.24 21.59 19.75 19.45 19.77 20.11 21.66 23.81 22.83 23.26 25.78 27.18 26.54 26.67 29.15 27.89 28.50 27.59 27.17 27.02 27.21 26.37 24.65 26.41 26.33 24.27 24.59 26.53 26.65 23.97 25.46 23.33 23.58 20.45 20.35 17.25 16.83 15.52 14.36 13.56 14.45 15.44 16.40 16.87 18.22 20.28 19.83 20.83 22.58 24.25 23.49 24.39 26.30 26.36 26.01 26.79 29.27 28.30 27.58 26.06 26.13 24.98 24.19 24.72 26.35 26.87 26.40 25.66 
39.52 39.90 36.69 37.38 32.99 32.95 28.76 27.83 22.94 18.88 14.70 12.05 6.97 6.39 5.05 4.91 6.52 9.90 11.66 13.64 12.90 13.67 12.99 11.81 9.63 7.83 6.26 0.00 6.24 6.49 10.45 12.94 16.11 19.67 22.71 25.81 28.33 30.28 34.31 36.16 36.10 33.69 31.93 28.43 26.35 24.34 21.30 17.39 14.73 12.84 9.07 5.61 4.97 5.87 8.49 9.75 9.34 11.08 12.26 10.79 11.10 14.94 13.87 12.76 14.42 16.11 14.15 14.01 15.36 13.97 16.14 15.30 17.79 15.48 14.25 14.97 16.22 14.36 14.91 12.80 10.08 12.42 13.76 11.69 12.13 16.28 15.75 14.69 17.46 20.23 19.05 20.22 24.61 26.31 27.13 29.67 30.74 31.70 31.16 30.59 27.74 26.78 23.16 21.51 19.22 18.32 16.67 16.66 16.50 17.51 16.93 15.79 15.92 15.17 14.12 10.66 11.59 13.01 11.91 8.97 12.21 13.88 13.02 14.35 18.51 16.66 19.10 17.80 18.73 19.47 18.80 18.69 20.31 20.75 18.50 18.29 18.59 18.83 20.26 22.60 21.39 21.98 24.41 25.74 25.31 25.33 27.96 26.60 27.31 26.37 25.94 25.88 26.23 25.22 23.52 25.64 25.65 23.19 23.36 25.83 26.07 23.17 24.72 22.35 22.82 19.94 19.14 17.26 15.28 13.94 13.14 12.80 12.98 14.45 14.71 15.84 16.33 18.94 18.03 19.29 21.22 23.20 21.83 22.70 24.81 25.23 24.40 25.44 27.89 26.97 26.21 24.40 24.92 23.18 23.53 23.18 23.89 25.40 25.18 25.05 
35.47 35.58 31.57 31.84 28.84 28.21 24.88 23.73 18.49 15.50 11.34 6.93 3.22 3.18 4.91 3.95 7.38 10.76 12.54 15.22 15.75 15.30 16.32 15.04 12.00 11.31 7.56 6.24 0.00 6.17 6.34 10.66 12.77 17.14 19.63 23.15 26.19 27.85 31.00 33.66 33.85 30.76 28.19 25.27 23.03 21.08 17.30 13.58 12.43 10.49 6.61 4.70 6.98 7.35 10.45 10.94 11.70 13.39 13.71 10.38 12.03 14.95 13.59 11.85 14.33 15.27 13.08 12.26 14.53 12.88 15.10 14.78 17.73 14.85 13.63 14.90 16.22 13.92 14.27 12.42 9.70 11.21 12.33 9.50 10.15 14.09 14.15 11.94 15.57 18.10 16.57 18.11 21.86 23.92 24.28 26.72 27.73 28.73 27.90 27.43 24.97 23.77 20.33 19.15 17.61 16.47 14.88 15.26 15.33 16.38 15.49 14.10 14.75 14.96 13.33 9.55 11.40 12.83 12.02 9.61 11.64 14.21 14.30 15.39 18.66 16.93 19.16 17.82 18.28 18.79 17.88 17.64 19.70 19.49 16.84 16.79 17.54 17.42 18.38 20.48 19.82 20.11 22.34 23.88 23.37 23.48 26.07 25.02 25.71 24.81 24.50 24.77 25.12 24.11 22.34 24.29 24.22 21.78 21.96 24.36 25.00 22.26 23.75 21.19 21.62 18.75 18.27 15.14 14.09 12.99 11.48 11.34 9.68 12.16 13.04 13.95 14.09 16.97 16.16 17.59 19.47 21.14 19.60 20.42 22.25 22.43 21.82 22.67 25.97 25.16 24.41 22.31 22.54 21.35 21.96 21.58 23.27 23.41 24.11 24.45 
33.96 33.07 29.59 29.76 27.43 28.59 23.93 20.37 16.62 12.90 9.82 5.74 4.44 4.14 5.14 5.34 8.76 13.31 15.04 17.48 17.23 17.54 17.95 17.00 14.63 12.74 9.97 6.49 6.17 0.00 5.57 6.64 9.85 13.86 16.50 20.64 23.72 26.28 28.73 31.63 32.03 29.23 26.75 25.01 22.47 19.42 14.82 11.45 9.16 8.60 5.99 6.30 8.49 9.29 12.24 13.44 13.54 14.83 13.81 10.39 11.50 15.23 12.31 9.98 12.60 14.62 11.12 10.41 13.02 11.97 14.46 14.25 17.24 14.45 14.36 15.67 17.05 14.24 15.27 13.81 11.27 12.37 12.46 9.84 10.51 13.27 12.83 11.20 14.12 16.83 14.97 16.87 20.95 22.40 23.12 25.68 26.10 27.50 26.80 26.42 23.68 23.12 19.63 18.59 16.77 16.08 14.95 15.17 15.45 16.74 16.39 14.91 15.71 15.73 14.49 11.44 12.73 13.81 13.67 12.18 13.85 15.87 16.62 17.31 19.90 18.17 20.71 18.83 19.25 19.68 18.51 18.44 19.95 19.85 17.12 17.20 17.82 17.59 18.48 20.92 20.07 20.43 22.40 23.88 23.57 23.59 26.28 24.97 25.77 24.95 24.75 24.74 25.00 24.02 22.43 24.03 24.11 21.92 22.25 24.48 25.09 22.13 24.15 21.61 22.06 19.35 19.48 16.00 15.34 13.15 12.17 9.20 10.53 11.27 13.08 14.35 14.49 16.73 15.86 16.87 18.10 20.17 18.88 19.88 21.29 21.62 20.94 22.07 25.09 23.82 23.39 21.07 22.01 20.34 21.59 20.66 21.49 23.19 23.31 23.89 
30.21 30.65 27.35 26.48 24.16 24.59 20.88 18.17 13.56 10.56 8.11 5.42 5.93 5.73 8.28 9.11 11.86 15.76 19.03 21.40 21.12 20.89 21.68 20.70 17.81 16.27 12.03 10.45 6.34 5.57 0.00 5.99 6.25 10.41 12.61 17.02 19.46 23.27 25.25 27.58 27.31 25.86 23.93 21.37 18.45 15.51 11.73 7.00 5.65 6.71 7.48 7.00 9.40 11.38 15.11 15.63 16.25 17.02 17.05 13.69 14.13 17.18 14.95 12.47 14.16 15.24 12.61 12.17 14.01 13.08 16.40 16.13 18.61 16.63 16.52 17.58 18.36 16.16 16.96 14.86 12.11 13.27 13.34 10.33 10.14 13.10 12.44 10.21 13.73 15.86 13.60 16.00 18.81 20.88 21.30 23.68 23.70 25.36 24.79 24.44 21.53 20.95 18.02 17.08 15.49 15.03 14.16 14.60 15.13 16.77 16.16 15.42 15.89 16.38 15.55 13.38 13.81 15.78 15.74 13.86 15.40 17.82 18.11 18.92 21.25 19.95 22.42 20.53 20.55 20.96 19.96 19.33 20.74 20.28 17.69 17.39 17.55 17.60 18.66 20.81 19.93 20.06 22.18 23.56 23.00 23.09 25.83 24.52 25.18 24.52 24.29 24.14 24.18 23.38 21.96 23.50 23.26 20.87 21.44 23.85 24.16 21.20 23.26 21.21 21.65 18.86 18.05 14.68 13.81 13.08 9.57 6.02 7.45 9.43 10.28 11.65 12.25 14.72 14.84 15.32 16.16 18.78 17.92 18.64 19.41 19.98 19.29 20.48 22.68 21.71 21.38 19.82 20.44 18.91 19.52 19.49 22.06 22.74 22.67 22.27 
27.63 27.09 23.77 23.98 21.38 20.56 16.44 14.83 10.70 7.08 6.83 4.41 4.78 7.47 10.25 13.28 15.36 19.04 21.66 24.98 24.38 24.37 24.90 24.65 21.16 19.51 15.90 12.94 10.66 6.64 5.99 0.00 5.89 6.59 10.09 14.01 17.32 19.74 22.43 24.91 25.64 23.98 22.12 18.51 16.47 13.01 9.12 6.40 6.25 6.99 7.75 8.98 11.38 14.49 17.17 17.98 18.62 20.04 19.90 16.98 16.77 19.37 16.26 14.39 15.76 16.14 13.30 14.04 15.86 14.52 17.13 17.20 19.50 17.76 17.57 18.48 19.86 17.21 17.74 15.47 12.60 14.27 13.54 9.23 9.72 12.09 10.25 7.16 10.99 13.99 11.62 13.09 16.97 18.80 19.40 21.84 21.95 23.35 23.15 23.14 20.38 19.72 16.27 15.93 14.63 14.22 13.44 13.90 14.68 16.64 16.45 15.95 16.65 17.20 16.77 14.96 15.69 17.46 17.25 15.40 16.88 19.34 19.53 20.09 22.85 21.06 23.35 21.38 21.47 21.84 20.57 20.15 21.14 20.98 18.30 18.23 18.20 18.20 19.39 21.30 20.13 20.28 22.55 23.77 23.19 23.41 26.24 24.87 25.50 25.05 24.67 24.96 24.93 24.34 22.44 24.41 24.04 21.63 22.10 24.52 24.89 21.99 24.34 21.95 22.66 19.70 19.89 17.22 16.34 14.84 12.39 10.61 9.58 10.26 11.40 12.20 12.09 15.05 13.90 14.89 15.38 18.14 16.72 17.00 18.12 19.11 18.09 18.85 21.36 20.36 20.09 17.99 19.38 18.25 19.25 18.92 20.77 23.15 22.34 23.31 
23.33 22.39 19.39 18.52 17.65 17.28 13.23 11.23 8.05 6.98 6.02 5.51 7.40 9.72 13.27 15.95 17.66 20.53 23.30 27.24 26.45 26.92 27.18 27.53 24.33 22.67 18.38 16.11 12.77 9.85 6.25 5.89 0.00 5.65 6.10 11.41 14.04 16.49 18.71 21.80 23.00 21.41 18.66 15.97 14.07 10.92 7.83 5.53 8.39 9.15 10.49 11.75 15.41 16.86 20.66 21.03 21.45 22.99 23.06 19.82 20.27 21.96 18.26 16.44 17.46 18.01 14.81 15.15 17.41 16.32 17.81 17.86 20.49 18.92 18.57 20.01 21.53 18.76 19.06 17.42 14.74 15.73 15.75 11.59 11.56 13.11 11.49 8.18 11.27 13.70 11.55 13.09 16.49 17.62 17.48 19.96 20.14 21.60 21.15 21.26 19.01 17.70 14.65 14.32 13.71 13.00 12.58 13.20 14.53 16.19 15.82 15.76 17.34 18.30 17.23 15.92 16.75 19.14 19.41 17.96 19.29 21.53 21.80 22.48 24.43 22.84 24.94 23.09 23.12 23.26 21.93 21.30 22.32 21.90 19.25 19.23 19.60 19.30 19.97 21.89 20.92 21.05 23.11 24.64 24.00 24.00 26.70 25.51 26.11 25.50 25.17 25.66 25.62 25.19 23.07 24.85 24.63 22.59 23.06 25.40 26.21 23.72 25.31 22.94 23.77 20.81 19.91 17.29 16.18 14.92 12.52 10.78 7.22 9.26 9.92 9.65 7.84 12.34 12.62 12.98 13.43 15.78 14.60 15.09 15.63 16.84 16.23 16.96 19.99 19.30 19.21 17.55 18.29 17.45 18.96 17.95 20.92 22.15 22.88 23.48 
