0.67 4.58 6.54 8.84 10.42 12.49 16.32 17.74 20.76 21.57 24.36 26.82 28.86 27.71 25.71 24.66 22.12 18.82 16.52 14.58 13.81 13.27 12.23 12.45 13.56 15.76 16.77 18.12 18.33 19.38 20.27 20.30 21.06 21.88 21.40 21.33 21.05 20.37 19.42 19.71 19.32 19.75 21.08 22.96 24.64 24.42 26.35 27.80 29.13 28.10 29.05 27.69 28.66 29.11 29.24 28.00 25.79 24.63 24.47 22.57 21.37 21.13 21.95 21.85 21.41 23.66 26.24 26.91 27.49 28.65 29.62 31.15 30.94 29.57 28.13 27.56 26.47 25.61 23.79 24.15 23.65 21.49 19.30 19.55 19.32 18.87 20.10 22.03 23.82 24.81 25.93 25.25 24.24 24.71 25.13 24.15 23.23 23.06 23.80 24.12 24.70 24.57 25.55 26.12 25.92 25.47 26.58 27.27 27.27 26.30 24.19 23.36 21.69 19.53 18.14 18.04 18.16 17.61 18.39 20.35 21.41 21.03 
4.58 1.02 3.06 5.13 8.86 9.65 13.09 14.34 18.04 19.25 22.71 24.94 27.66 26.37 25.13 23.14 18.69 15.75 15.04 12.08 9.60 8.83 9.72 9.53 10.32 13.51 15.22 16.38 16.38 17.79 17.96 18.35 18.56 19.58 18.32 18.61 17.72 16.86 16.04 16.84 16.21 16.23 17.89 20.04 22.39 21.54 24.05 26.15 28.24 26.66 27.59 26.48 27.44 27.47 27.63 25.92 23.11 21.98 21.91 20.12 18.50 18.66 19.67 19.71 19.36 22.26 24.80 25.85 25.86 27.40 28.63 30.38 29.79 28.24 26.76 26.14 24.69 23.61 22.23 22.43 22.07 19.32 17.90 17.99 17.52 16.85 18.37 20.61 23.29 24.13 24.87 24.04 23.04 23.46 23.42 22.37 21.35 20.93 21.51 21.97 22.67 22.11 23.38 24.19 24.09 23.40 24.83 25.50 25.54 23.97 22.19 20.28 18.96 16.40 16.08 15.57 14.88 14.83 16.52 18.54 18.88 20.02 
6.54 3.06 0.28 3.95 6.56 8.79 11.71 13.10 16.30 17.79 21.47 22.68 24.79 24.75 24.04 21.00 16.36 14.12 14.18 11.23 8.65 8.82 8.94 9.29 10.18 13.80 15.53 17.09 16.92 17.70 17.06 17.16 17.45 17.66 16.24 16.09 15.74 14.64 14.00 14.68 13.95 14.48 16.57 18.66 21.26 21.49 24.37 26.05 28.21 26.81 28.10 26.32 26.72 26.21 26.72 24.52 20.74 19.42 20.12 18.02 16.47 16.84 18.20 18.56 18.73 21.49 25.15 26.29 25.73 27.39 29.69 31.12 29.65 27.96 26.85 25.95 23.58 22.83 21.79 21.79 20.97 18.83 17.95 17.57 16.99 16.75 18.23 20.83 23.93 24.42 24.75 23.97 23.18 23.24 22.60 21.52 20.99 20.25 20.50 20.70 21.72 21.42 22.53 23.11 22.72 22.31 23.67 23.92 23.53 22.59 20.53 18.79 17.82 16.22 15.20 15.50 15.09 14.23 17.73 19.26 19.54 19.96 
8.84 5.13 3.95 0.00 5.41 7.15 11.28 11.96 15.56 17.38 21.11 23.59 25.02 25.72 24.24 21.81 17.36 15.10 14.16 9.23 9.46 8.52 8.46 8.78 12.21 15.26 17.51 18.51 18.90 19.21 17.92 17.53 17.52 18.00 16.05 15.85 15.39 14.11 13.50 13.33 12.95 13.45 16.46 18.10 20.94 21.10 24.13 25.74 27.40 26.43 27.49 26.05 26.15 25.76 25.90 24.00 20.53 19.43 19.42 18.06 16.40 16.48 17.68 18.08 18.48 20.95 25.05 26.20 25.61 27.27 29.44 30.85 29.59 28.12 26.89 26.21 23.73 23.05 21.37 21.43 20.31 18.94 17.54 16.72 16.24 16.45 18.46 20.13 22.76 24.07 24.67 23.49 22.51 23.01 22.47 21.75 21.05 20.80 21.07 21.46 22.33 22.17 23.14 23.40 22.93 23.00 24.24 24.52 23.79 23.04 20.97 19.70 18.56 15.65 15.44 15.04 15.83 14.76 18.50 18.95 20.48 21.61 
10.42 8.86 6.56 5.41 0.00 5.12 7.28 10.23 13.78 16.14 19.44 21.97 23.70 23.71 22.53 20.46 18.53 15.31 11.35 8.40 8.62 8.94 8.63 9.43 12.79 16.45 18.15 19.04 18.80 18.57 18.26 17.62 17.56 18.33 16.98 17.02 16.07 14.29 13.39 13.37 12.69 13.90 15.59 18.45 20.89 21.14 23.55 25.50 26.82 25.86 26.85 25.44 26.39 26.51 26.55 24.85 22.26 20.80 20.37 18.23 16.90 16.70 17.45 18.49 18.89 22.09 25.04 26.06 25.57 27.06 28.54 30.51 29.74 27.77 26.03 24.99 23.21 22.08 20.30 20.32 19.77 16.81 14.78 14.16 14.60 15.60 17.40 19.53 22.74 24.48 24.74 22.71 21.45 22.10 21.80 20.52 20.22 19.96 20.47 20.81 21.98 21.81 22.61 23.25 23.06 22.82 24.11 24.57 24.64 23.52 20.19 18.72 17.69 15.27 14.29 14.85 15.17 15.94 18.81 17.80 17.65 19.63 
12.49 9.65 8.79 7.15 5.12 0.00 5.13 5.67 10.70 12.11 15.94 18.67 21.14 20.83 20.77 18.25 15.52 11.26 10.90 7.75 8.03 7.97 10.60 11.37 14.07 17.79 19.23 20.12 19.62 19.20 18.21 17.33 17.33 17.97 16.20 15.73 14.70 12.37 11.78 11.78 11.41 12.27 14.30 16.22 19.72 20.04 22.43 24.58 26.53 24.86 25.78 24.26 25.57 25.48 25.28 23.57 20.28 19.25 18.23 15.56 14.39 14.67 15.55 16.28 17.30 20.83 23.24 24.34 23.78 25.55 26.93 29.33 28.48 26.53 24.27 23.63 21.50 20.65 18.32 18.98 17.90 14.92 13.12 12.73 13.60 14.09 16.32 19.11 22.87 24.23 23.97 22.08 20.27 20.77 19.77 18.44 17.80 17.58 17.71 18.63 19.84 19.31 20.40 21.53 21.34 20.50 22.19 23.76 23.43 22.54 18.40 16.95 15.12 13.30 13.03 13.31 13.36 14.30 17.01 17.88 16.93 18.38 
16.32 13.09 11.71 11.28 7.28 5.13 0.00 5.77 8.31 11.10 13.93 17.32 19.36 19.57 19.65 16.82 13.15 9.91 9.83 8.64 8.76 9.78 12.61 13.52 15.90 19.59 21.77 22.67 22.59 21.57 19.95 19.30 19.09 18.96 16.27 16.07 15.09 12.17 11.47 12.09 11.52 11.89 13.83 15.70 19.22 20.00 22.95 24.64 26.47 25.11 26.08 24.44 25.51 25.51 25.66 23.28 20.05 18.30 17.53 14.80 13.57 13.73 14.66 15.98 17.23 20.75 23.95 24.90 23.85 25.61 26.71 29.11 27.94 25.90 24.05 23.07 21.18 20.10 18.24 18.32 18.17 14.65 13.71 13.52 14.60 14.82 17.01 20.53 24.40 25.06 24.97 23.19 21.69 21.37 19.65 18.49 17.83 16.91 17.44 18.25 19.64 18.89 20.07 21.55 21.29 20.39 21.97 23.45 23.82 21.83 18.38 16.51 15.57 13.21 12.98 13.86 14.72 14.21 17.40 17.58 17.91 18.94 
17.74 14.34 13.10 11.96 10.23 5.67 5.77 0.00 5.49 6.45 10.29 13.27 16.45 17.46 16.59 13.88 11.71 8.41 8.78 6.64 8.66 9.88 13.35 15.18 16.84 20.54 22.53 23.87 23.33 22.23 20.59 19.42 18.55 18.71 16.12 15.77 14.37 11.76 10.78 11.44 11.39 11.60 13.08 14.60 17.70 18.70 21.35 22.99 24.17 22.87 24.13 22.46 23.60 23.55 23.48 22.07 18.88 16.56 15.15 13.00 12.07 11.98 12.88 14.18 16.06 19.11 22.16 23.08 22.15 23.88 24.90 26.99 26.22 24.07 21.90 21.18 19.39 18.17 15.86 15.98 15.18 12.72 11.78 11.83 12.54 13.68 16.37 18.98 22.55 24.20 23.83 22.02 20.18 19.99 18.16 16.77 15.93 15.22 15.49 15.97 17.71 17.18 18.61 19.16 19.67 18.94 20.60 21.60 22.44 20.84 16.76 15.12 14.30 11.16 11.79 13.09 14.28 14.75 16.61 18.37 18.47 20.47 
20.76 18.04 16.30 15.56 13.78 10.70 8.31 5.49 0.41 5.65 7.75 10.63 14.07 14.77 14.56 13.13 12.16 10.30 9.63 9.61 11.23 13.07 16.14 18.74 20.13 23.85 26.20 27.33 26.43 25.66 24.27 22.59 20.63 20.72 18.55 17.25 15.71 13.83 13.31 13.36 13.52 13.99 14.85 16.60 18.92 19.13 22.01 23.58 24.95 23.31 24.77 22.78 24.21 24.27 24.28 23.28 20.29 18.10 17.20 14.76 14.34 14.72 15.26 16.66 18.01 21.31 23.65 24.18 23.30 24.46 24.78 26.94 26.20 24.10 21.88 21.10 19.56 18.84 15.95 15.44 16.03 13.58 14.05 13.23 14.31 15.86 18.80 20.75 24.23 25.69 25.95 23.65 22.12 21.13 18.77 16.94 16.56 15.58 15.43 16.25 18.60 18.34 18.74 19.54 19.72 19.89 21.35 22.43 23.20 22.22 18.50 16.47 15.25 13.29 13.44 15.06 16.25 16.02 19.33 20.21 21.61 22.62 
21.57 19.25 17.79 17.38 16.14 12.11 11.10 6.45 5.65 0.00 5.29 6.69 10.07 10.48 10.80 9.28 10.03 8.29 8.12 9.24 11.82 13.98 17.03 19.55 20.80 24.09 26.64 27.31 27.36 26.51 24.89 23.15 21.61 21.97 19.35 17.85 15.67 14.44 12.75 12.61 12.23 12.28 13.07 14.59 17.15 17.07 18.98 21.51 22.82 20.85 21.90 20.07 21.88 22.92 22.55 21.47 18.73 17.95 16.89 14.16 12.92 13.89 14.44 15.04 16.54 19.97 21.26 21.74 20.60 21.67 22.07 24.34 23.59 21.10 19.47 18.75 17.53 16.52 13.44 14.16 14.54 12.32 11.19 11.63 13.12 15.08 17.12 19.72 23.02 24.38 24.20 22.03 19.98 18.96 16.42 14.82 14.04 12.76 12.45 13.54 15.46 14.71 16.06 17.53 17.76 17.46 19.32 20.84 21.87 20.56 16.84 15.24 14.42 12.47 13.30 14.10 15.33 15.48 18.44 20.06 20.85 21.25 
24.36 22.71 21.47 21.11 19.44 15.94 13.93 10.29 7.75 5.29 2.35 6.14 7.59 9.81 10.58 9.53 10.13 9.95 10.98 12.20 13.25 16.23 19.19 21.80 22.95 26.87 28.75 30.24 29.96 29.41 27.54 26.16 24.39 24.50 22.67 21.34 19.58 17.24 14.99 14.98 14.17 13.72 13.68 15.18 17.24 16.50 18.56 21.13 22.35 20.53 21.94 20.56 22.55 23.05 22.88 21.92 19.60 18.19 17.49 14.10 13.43 14.10 13.89 14.36 16.26 19.38 20.75 21.09 20.22 20.84 21.06 23.56 22.86 20.39 18.91 18.73 17.07 16.64 14.00 15.16 15.90 12.70 12.10 12.94 13.92 15.67 17.80 20.55 23.88 25.04 24.95 23.31 20.94 20.16 17.65 16.20 14.90 13.28 13.42 13.85 14.99 14.61 16.09 17.81 17.66 17.70 19.66 21.43 21.89 20.70 16.68 16.06 15.63 13.88 14.15 15.08 16.52 16.70 19.17 19.70 21.39 21.59 
26.82 24.94 22.68 23.59 21.97 18.67 17.32 13.27 10.63 6.69 6.14 0.22 5.21 7.34 8.20 8.46 9.51 10.39 11.63 13.48 14.18 17.04 21.09 23.32 24.45 27.69 30.34 31.29 31.16 30.43 29.56 27.84 26.27 26.93 24.96 23.54 21.75 19.90 17.28 16.47 15.35 14.87 14.49 15.33 16.83 16.29 18.10 20.85 21.60 20.28 21.65 20.76 23.04 23.47 23.50 23.17 20.98 19.81 18.85 16.24 15.23 15.20 15.32 15.73 17.27 19.91 21.28 21.81 20.28 20.91 20.64 23.56 22.37 19.67 18.66 18.75 17.78 16.90 15.11 16.36 16.37 13.51 13.73 14.71 14.95 16.36 18.88 21.51 24.33 25.65 25.65 23.77 22.08 21.61 19.09 17.95 16.43 15.37 14.96 14.73 15.81 15.79 16.55 18.25 17.87 19.00 20.33 22.19 22.76 21.92 18.20 17.06 16.47 14.90 16.03 16.67 17.60 17.65 20.16 21.27 22.25 22.59 
28.86 27.66 24.79 25.02 23.70 21.14 19.36 16.45 14.07 10.07 7.59 5.21 1.27 5.26 6.43 8.50 10.53 11.57 12.51 14.53 16.48 18.77 22.54 25.83 27.23 30.83 33.10 34.03 33.75 33.31 32.65 30.98 29.96 30.20 27.97 26.09 23.72 22.27 19.14 18.76 17.11 16.84 16.06 16.26 16.84 16.16 17.96 20.51 22.29 21.00 22.26 21.54 24.38 24.91 24.87 24.66 22.82 21.68 20.92 18.67 17.88 17.75 18.19 18.39 19.18 21.90 23.34 23.06 21.97 22.56 22.58 24.39 23.65 21.40 19.75 20.26 19.58 19.30 17.27 18.26 18.54 15.60 15.66 16.07 16.48 17.74 19.96 22.22 25.98 27.46 27.42 25.54 23.67 23.03 20.82 19.30 18.54 17.48 17.21 16.71 17.27 17.02 17.96 19.12 19.38 19.96 21.75 23.69 24.41 24.14 20.77 19.44 18.52 17.25 18.33 18.82 19.20 18.73 21.93 22.21 22.51 22.73 
27.71 26.37 24.75 25.72 23.71 20.83 19.57 17.46 14.77 10.48 9.81 7.34 5.26 0.00 5.52 7.29 9.95 12.09 13.35 15.11 16.83 20.53 23.90 25.99 27.80 31.55 33.69 34.01 34.42 33.94 32.99 31.27 30.58 31.27 28.38 27.05 24.92 22.94 19.80 19.94 17.21 16.90 14.49 16.07 16.27 15.32 16.57 19.80 22.12 21.20 21.82 21.43 24.42 25.48 24.59 24.38 22.71 22.37 21.31 19.06 18.21 18.10 18.55 18.40 20.04 21.88 23.20 22.72 21.87 22.26 22.22 23.89 23.24 20.82 20.15 19.91 19.70 19.60 17.91 18.62 18.38 16.09 16.21 16.05 16.96 17.88 19.97 22.37 25.66 26.98 27.28 25.79 23.65 23.12 21.16 19.93 18.55 17.42 17.17 17.00 17.67 17.03 18.47 19.73 19.89 20.17 22.01 23.94 24.91 24.57 21.27 20.05 19.75 18.19 19.22 19.19 19.97 20.20 21.37 22.42 22.85 22.84 
25.71 25.13 24.04 24.24 22.53 20.77 19.65 16.59 14.56 10.80 10.58 8.20 6.43 5.52 0.00 5.15 7.67 10.09 11.41 14.22 16.35 19.45 22.62 25.50 26.73 31.17 33.31 34.52 34.89 34.38 33.73 31.61 30.24 30.33 28.32 26.92 24.66 23.05 19.58 19.55 17.37 15.79 13.32 14.08 15.48 13.10 14.84 18.03 20.91 19.76 20.92 20.67 24.01 24.70 23.88 23.44 22.31 21.39 20.81 18.03 17.31 17.81 18.62 18.38 19.10 21.84 22.95 22.78 21.31 21.49 21.03 23.21 22.06 19.61 18.85 19.66 19.36 19.03 17.13 18.36 19.19 16.24 15.88 15.62 17.47 18.17 19.80 22.18 25.03 26.24 26.42 25.03 23.40 22.74 20.74 19.56 18.47 17.05 16.65 16.42 17.37 16.91 18.34 19.64 19.43 19.96 21.67 23.35 24.17 23.68 21.21 20.05 20.30 18.80 19.71 19.83 20.73 20.31 22.47 22.36 23.11 22.50 
24.66 23.14 21.00 21.81 20.46 18.25 16.82 13.88 13.13 9.28 9.53 8.46 8.50 7.29 5.15 0.00 6.37 7.96 9.45 12.59 15.24 18.49 21.33 24.47 26.12 29.56 32.34 33.21 33.20 32.57 32.25 30.61 28.56 28.99 26.91 25.54 23.13 21.34 18.28 17.97 14.27 12.90 10.91 11.62 12.77 11.55 13.35 16.54 18.56 17.53 18.28 18.39 21.42 23.04 22.11 22.30 20.80 20.27 19.93 17.63 16.79 17.03 17.99 17.32 18.41 20.54 22.45 21.91 20.32 20.38 20.01 21.95 20.78 17.89 17.59 18.59 18.65 18.51 16.35 17.91 18.00 15.14 14.72 14.70 16.04 16.23 18.27 20.25 23.44 24.33 25.00 23.56 22.34 21.95 20.02 18.87 17.81 16.64 16.41 16.35 17.53 17.00 18.50 19.50 18.71 19.26 20.94 22.50 22.86 22.49 19.70 18.80 18.36 17.20 18.37 18.50 19.02 19.83 21.71 22.55 22.40 22.12 
22.12 18.69 16.36 17.36 18.53 15.52 13.15 11.71 12.16 10.03 10.13 9.51 10.53 9.95 7.67 6.37 0.00 5.88 7.48 10.78 13.82 16.59 20.02 23.06 24.89 28.76 30.79 32.53 32.39 32.29 31.31 29.77 27.91 28.47 25.77 24.47 21.79 19.95 16.77 15.92 13.87 11.34 11.03 10.84 11.95 11.21 13.79 15.95 17.52 15.71 17.00 17.44 20.41 21.10 20.87 21.60 20.30 19.90 19.83 18.03 17.85 18.24 18.39 19.02 19.55 22.51 23.40 23.20 21.30 21.82 21.35 23.27 22.05 20.33 19.02 19.62 19.36 19.17 17.95 18.61 18.45 15.06 14.97 14.78 14.95 15.31 17.11 19.48 22.63 24.01 24.58 23.99 22.31 22.17 20.28 19.46 18.54 17.27 17.18 17.82 19.07 18.80 19.32 20.65 19.73 20.11 21.36 23.07 23.01 22.59 19.60 19.15 19.07 17.73 18.48 18.76 20.25 20.32 22.45 22.46 23.19 23.33 
18.82 15.75 14.12 15.10 15.31 11.26 9.91 8.41 10.30 8.29 9.95 10.39 11.57 12.09 10.09 7.96 5.88 0.00 5.69 6.78 11.38 14.42 17.37 20.01 22.29 26.49 28.63 29.78 30.07 30.48 28.30 27.22 25.69 26.53 23.67 22.99 20.39 18.32 14.46 13.94 10.59 10.18 8.53 9.29 10.78 10.88 13.57 16.05 16.96 15.79 16.59 16.15 18.79 19.54 18.82 19.64 18.08 17.30 17.21 16.08 16.24 15.96 17.09 18.02 18.85 21.27 22.65 21.78 20.42 21.12 21.12 22.74 21.68 19.95 18.88 18.69 18.09 18.19 18.20 18.21 17.96 14.74 14.44 11.93 13.89 13.78 16.12 18.80 22.53 22.90 23.80 23.16 21.28 20.98 19.63 18.92 17.56 16.51 16.58 16.89 18.46 18.07 19.23 20.53 20.10 20.07 21.26 23.06 23.30 22.26 18.94 18.41 18.03 16.78 17.06 17.51 18.53 18.95 20.56 21.98 22.35 22.43 
16.52 15.04 14.18 14.16 11.35 10.90 9.83 8.78 9.63 8.12 10.98 11.63 12.51 13.35 11.41 9.45 7.48 5.69 0.00 5.52 6.73 11.52 13.24 16.66 18.57 22.97 24.90 26.57 25.80 26.30 24.76 23.72 21.56 22.30 20.68 18.95 16.98 14.22 12.57 9.79 8.25 7.22 7.60 8.13 11.08 10.70 14.04 16.38 16.80 15.67 16.65 15.24 17.13 17.45 16.78 17.29 15.46 14.10 14.84 13.65 13.17 13.41 15.36 16.78 17.18 20.05 21.44 21.13 19.74 20.81 20.69 22.56 21.14 19.10 17.72 17.91 17.36 17.20 16.45 16.75 17.27 14.64 12.08 9.70 12.24 13.03 14.31 16.96 20.99 21.43 22.29 21.70 19.89 19.59 18.12 17.21 16.39 15.10 15.44 15.76 17.28 17.41 18.34 19.98 19.56 19.69 20.91 22.44 22.69 21.63 17.99 17.13 16.91 15.91 16.30 16.80 17.57 17.74 20.69 21.35 21.63 21.52 
14.58 12.08 11.23 9.23 8.40 7.75 8.64 6.64 9.61 9.24 12.20 13.48 14.53 15.11 14.22 12.59 10.78 6.78 5.52 0.00 5.76 7.63 11.39 13.67 15.69 19.95 21.72 23.75 22.91 22.63 21.81 20.86 18.82 20.24 18.72 18.30 15.52 13.49 10.31 10.02 8.84 7.78 8.21 10.28 13.30 13.14 15.86 17.99 18.21 17.03 17.31 15.64 17.09 17.29 15.99 16.71 14.66 13.88 13.98 13.48 13.57 13.57 15.09 16.14 17.10 19.60 21.53 20.70 19.36 20.45 20.50 22.46 21.07 19.33 18.11 17.89 17.18 17.52 17.41 17.60 17.95 14.88 14.07 11.77 13.87 13.56 15.48 16.70 21.27 21.37 22.01 20.39 19.17 19.32 17.72 16.69 15.93 15.19 15.58 16.12 17.89 17.83 19.05 20.19 19.87 20.02 21.19 22.65 22.79 21.67 17.99 16.97 15.95 15.22 15.53 16.65 16.80 17.17 19.76 21.04 20.71 20.91 
13.81 9.60 8.65 9.46 8.62 8.03 8.76 8.66 11.23 11.82 13.25 14.18 16.48 16.83 16.35 15.24 13.82 11.38 6.73 5.76 0.00 6.34 7.00 10.05 11.74 16.54 17.82 19.80 19.55 19.87 18.04 17.66 16.54 17.72 15.46 14.13 14.46 10.77 7.97 8.10 10.78 8.46 9.89 11.92 15.46 14.95 17.70 18.60 19.73 17.57 17.81 15.57 16.87 16.23 14.77 14.65 12.73 12.21 12.30 11.87 12.42 13.11 14.05 15.29 16.45 19.34 21.15 21.11 19.21 20.50 20.68 22.60 21.28 19.89 19.06 18.42 16.39 17.38 17.16 17.78 18.10 15.37 14.17 13.23 13.63 13.60 14.66 16.73 20.74 21.49 21.80 20.11 18.75 18.88 17.38 16.64 16.31 14.90 15.73 16.56 18.24 18.29 19.30 20.39 19.29 19.60 21.10 22.36 22.46 21.31 17.79 16.66 15.60 14.66 14.53 15.96 16.49 16.59 19.87 20.58 20.11 20.76 
13.27 8.83 8.82 8.52 8.94 7.97 9.78 9.88 13.07 13.98 16.23 17.04 18.77 20.53 19.45 18.49 16.59 14.42 11.52 7.63 6.34 0.00 5.78 6.91 9.19 12.77 14.93 16.69 16.44 16.78 14.90 14.55 13.99 15.98 13.50 13.29 12.58 10.73 8.14 8.23 9.80 10.93 11.00 14.53 17.79 17.56 20.50 21.62 22.25 20.62 20.93 18.05 18.35 17.88 16.66 15.62 12.84 12.35 12.55 11.79 12.30 12.74 13.65 15.02 16.16 18.86 20.66 20.98 19.76 21.06 21.16 23.14 22.62 21.02 19.73 18.72 17.18 16.98 17.30 18.01 18.92 16.47 15.41 13.58 15.10 14.70 15.50 18.17 21.34 22.08 22.60 21.56 19.96 19.27 17.67 17.26 16.00 15.33 15.85 17.08 18.53 18.83 19.88 20.96 20.93 20.70 22.04 23.82 23.72 22.70 18.86 17.67 16.21 14.83 14.53 15.71 16.02 16.65 19.11 20.69 20.00 20.97 
12.23 9.72 8.94 8.46 8.63 10.60 12.61 13.35 16.14 17.03 19.19 21.09 22.54 23.90 22.62 21.33 20.02 17.37 13.24 11.39 7.00 5.78 0.00 5.28 6.41 10.36 11.76 13.98 13.24 13.80 12.69 12.65 11.92 13.68 12.92 12.49 12.51 10.66 10.23 9.86 11.11 12.27 14.30 17.42 21.35 21.11 23.28 25.30 26.10 24.51 24.76 21.55 20.71 20.54 19.13 17.92 15.12 14.56 13.97 13.43 13.80 14.31 15.18 16.30 17.69 20.63 22.44 22.25 21.22 22.62 22.54 24.29 23.45 21.71 20.23 19.63 18.00 17.66 17.40 19.39 20.76 18.38 17.58 16.39 17.16 17.08 17.35 19.92 23.73 24.05 24.15 23.22 22.00 21.34 19.24 18.50 17.64 16.87 17.31 18.20 19.96 20.18 21.01 22.51 22.56 22.50 23.47 25.32 25.83 24.50 20.47 19.40 17.92 16.59 15.42 16.18 16.35 16.36 19.68 20.18 20.03 20.72 
12.45 9.53 9.29 8.78 9.43 11.37 13.52 15.18 18.74 19.55 21.80 23.32 25.83 25.99 25.50 24.47 23.06 20.01 16.66 13.67 10.05 6.91 5.28 0.00 5.10 7.11 9.44 12.03 10.73 11.24 10.78 10.97 10.72 12.99 12.49 12.20 12.65 11.44 10.30 10.67 12.86 14.01 15.87 18.97 22.66 21.77 24.31 25.86 26.95 25.62 25.69 22.16 21.42 21.52 19.67 18.09 14.92 14.15 13.50 13.26 13.83 14.04 14.44 15.74 16.57 19.45 20.57 21.08 19.86 21.48 21.16 23.19 22.61 21.49 20.07 19.60 18.97 18.69 18.33 20.31 21.91 19.46 19.10 17.86 18.64 17.77 18.48 20.17 22.96 24.22 24.22 23.02 21.75 21.51 19.46 18.75 18.40 17.69 17.92 18.70 20.68 20.32 21.46 22.34 22.80 22.70 23.77 25.50 26.16 25.31 21.48 20.02 18.49 16.95 16.15 16.66 15.93 16.39 18.93 20.51 20.12 20.94 
13.56 10.32 10.18 12.21 12.79 14.07 15.90 16.84 20.13 20.80 22.95 24.45 27.23 27.80 26.73 26.12 24.89 22.29 18.57 15.69 11.74 9.19 6.41 5.10 0.00 5.61 6.71 9.13 10.50 11.09 9.69 11.33 11.95 14.06 13.22 13.07 12.98 12.74 10.06 10.20 13.33 15.02 17.31 20.49 23.90 23.69 25.89 27.46 28.47 27.03 27.35 23.40 22.53 22.08 21.11 18.77 15.23 14.56 14.24 13.98 14.41 14.76 15.08 16.60 17.62 20.13 21.35 21.57 20.88 22.22 22.04 24.26 23.89 22.73 21.89 21.32 20.22 20.60 20.98 22.43 23.85 21.43 20.39 19.68 18.90 18.39 19.42 21.19 23.44 24.55 24.97 23.96 22.17 22.39 20.63 20.40 20.06 19.21 20.06 20.72 21.97 22.07 23.16 23.73 23.76 24.36 25.71 26.76 27.34 27.03 23.51 21.53 19.40 18.28 17.43 16.96 16.19 16.45 18.95 19.79 20.66 21.63 
15.76 13.51 13.80 15.26 16.45 17.79 19.59 20.54 23.85 24.09 26.87 27.69 30.83 31.55 31.17 29.56 28.76 26.49 22.97 19.95 16.54 12.77 10.36 7.11 5.61 0.00 5.71 7.80 9.54 10.74 11.04 11.93 13.27 15.66 15.02 15.05 15.33 15.96 15.31 15.91 17.40 19.97 21.96 24.59 27.93 28.39 30.85 32.16 32.82 31.36 31.69 28.19 27.23 27.09 25.99 24.22 20.52 18.97 18.31 16.88 17.19 17.00 17.33 18.34 19.06 22.07 22.40 22.79 22.18 23.95 23.55 26.48 26.03 25.09 23.51 23.17 22.82 23.42 23.40 24.78 26.16 24.07 22.73 21.74 21.55 20.38 21.25 23.55 25.47 25.85 26.07 25.83 24.78 24.23 22.48 22.35 22.20 21.76 22.19 22.73 24.59 24.64 25.60 26.56 26.79 27.35 28.13 29.70 30.44 30.03 26.51 24.42 22.41 20.87 19.93 19.06 18.63 19.02 20.51 21.23 21.60 22.26 
16.77 15.22 15.53 17.51 18.15 19.23 21.77 22.53 26.20 26.64 28.75 30.34 33.10 33.69 33.31 32.34 30.79 28.63 24.90 21.72 17.82 14.93 11.76 9.44 6.71 5.71 0.00 5.41 6.75 9.23 10.05 11.64 12.91 15.43 14.96 15.51 16.02 16.23 16.54 18.31 18.71 21.09 23.77 27.49 30.30 30.44 32.86 34.55 35.87 33.86 34.18 30.98 29.86 29.47 28.72 27.07 23.57 22.47 19.78 18.62 18.02 18.08 17.10 18.07 18.22 20.98 21.10 21.80 21.17 23.53 23.04 25.69 25.53 25.21 23.60 23.71 24.13 24.40 23.76 25.40 27.34 24.64 23.41 22.71 22.69 21.33 21.82 23.54 26.39 26.69 26.57 26.15 25.51 25.01 22.84 22.61 22.96 22.66 23.13 23.98 25.63 25.72 26.43 27.74 28.64 28.47 29.16 30.90 32.13 31.38 27.54 25.95 24.19 22.40 20.98 20.49 19.62 19.61 22.08 22.03 22.12 22.44 
18.12 16.38 17.09 18.51 19.04 20.12 22.67 23.87 27.33 27.31 30.24 31.29 34.03 34.01 34.52 33.21 32.53 29.78 26.57 23.75 19.80 16.69 13.98 12.03 9.13 7.80 5.41 0.00 5.13 8.10 9.61 12.06 13.78 15.47 15.86 16.82 17.46 17.34 17.90 19.71 21.03 22.75 24.79 28.61 31.23 31.22 33.44 35.51 36.55 35.00 34.79 31.61 30.66 30.64 29.57 27.66 24.27 22.41 19.97 18.17 18.16 16.77 16.71 17.54 17.85 19.84 20.11 20.95 20.36 22.34 21.93 24.96 25.70 25.02 23.97 24.39 25.01 24.79 24.16 26.11 27.60 24.90 23.82 23.18 22.60 22.31 22.77 24.52 26.33 27.59 27.33 26.43 25.85 26.13 24.04 23.57 23.93 23.39 23.80 24.69 26.43 26.44 27.36 28.99 29.39 29.57 30.09 32.06 32.55 32.11 28.52 26.99 24.59 22.75 22.29 21.21 20.30 20.64 21.91 22.46 22.62 22.50 
18.33 16.38 16.92 18.90 18.80 19.62 22.59 23.33 26.43 27.36 29.96 31.16 33.75 34.42 34.89 33.20 32.39 30.07 25.80 22.91 19.55 16.44 13.24 10.73 10.50 9.54 6.75 5.13 0.00 6.20 7.32 9.74 11.64 14.72 14.86 15.73 16.43 15.97 17.34 18.98 20.77 23.12 25.38 29.16 31.67 31.19 33.26 34.62 36.34 34.22 34.38 31.57 30.90 30.31 29.36 27.21 23.48 21.36 19.95 17.75 16.92 16.11 16.05 16.61 17.36 19.11 19.10 19.72 18.73 20.72 20.24 23.96 24.76 24.46 23.29 23.79 23.78 24.02 23.77 25.46 26.86 24.56 23.33 22.23 21.57 21.11 22.65 24.36 26.21 27.14 27.36 26.47 25.13 25.47 24.10 24.08 23.99 23.59 24.26 25.00 26.32 26.57 27.57 28.68 29.21 29.54 30.66 31.59 32.08 31.88 28.81 26.99 24.16 23.05 22.38 21.74 20.41 20.72 22.91 22.59 22.77 22.88 
19.38 17.79 17.70 19.21 18.57 19.20 21.57 22.23 25.66 26.51 29.41 30.43 33.31 33.94 34.38 32.57 32.29 30.48 26.30 22.63 19.87 16.78 13.80 11.24 11.09 10.74 9.23 8.10 6.20 0.00 5.78 7.07 9.14 11.90 14.17 15.09 14.97 15.94 17.46 19.10 21.31 23.63 25.66 28.78 31.46 31.67 33.16 35.42 36.42 35.02 35.00 32.27 31.64 31.15 30.25 28.63 24.52 22.16 20.16 17.41 16.58 14.41 14.32 15.61 15.63 17.53 17.04 17.36 16.31 19.10 18.67 22.40 23.44 22.88 21.75 22.01 22.78 23.24 22.87 24.13 26.02 23.68 22.09 20.89 20.74 19.87 20.89 23.60 25.71 25.66 25.65 25.72 24.45 24.40 22.96 23.20 22.47 22.32 23.26 24.37 25.66 26.06 26.99 28.51 29.02 29.62 30.24 31.81 32.50 32.32 28.81 27.12 24.96 22.73 22.05 21.23 20.90 21.23 21.69 22.60 22.59 22.26 
20.27 17.96 17.06 17.92 18.26 18.21 19.95 20.59 24.27 24.89 27.54 29.56 32.65 32.99 33.73 32.25 31.31 28.30 24.76 21.81 18.04 14.90 12.69 10.78 9.69 11.04 10.05 9.61 7.32 5.78 0.00 4.92 6.52 9.43 11.45 13.22 13.97 14.87 16.28 18.36 20.12 22.34 24.52 28.39 31.56 31.04 32.99 34.63 36.41 34.83 35.28 32.33 31.69 31.16 30.02 28.63 24.77 22.24 19.54 17.37 15.91 14.06 12.60 13.36 13.30 14.85 14.36 14.06 13.07 15.78 16.54 20.03 21.35 21.18 19.53 19.97 21.22 21.55 20.76 22.33 24.79 21.95 19.75 18.72 19.45 18.33 18.46 20.93 23.90 23.92 23.51 23.11 22.61 22.25 21.16 20.88 20.58 20.83 21.82 22.83 24.28 24.32 25.36 27.23 28.17 28.05 28.81 30.88 31.97 31.04 27.33 26.36 24.19 22.20 20.28 20.43 19.67 19.98 21.74 21.87 21.75 21.49 
20.30 18.35 17.16 17.53 17.62 17.33 19.30 19.42 22.59 23.15 26.16 27.84 30.98 31.27 31.61 30.61 29.77 27.22 23.72 20.86 17.66 14.55 12.65 10.97 11.33 11.93 11.64 12.06 9.74 7.07 4.92 0.00 4.85 6.86 8.79 11.48 12.61 14.22 14.01 17.37 19.24 21.35 23.35 26.90 29.66 29.90 31.83 33.88 35.78 33.98 33.93 31.24 30.84 30.05 28.63 26.84 23.82 21.06 18.60 16.50 14.66 11.95 10.30 10.94 10.49 12.42 12.46 12.38 11.29 13.76 14.59 18.77 19.88 19.30 17.87 18.63 19.66 19.89 19.09 21.08 22.93 20.62 17.91 17.47 17.62 17.75 17.90 20.35 22.74 23.82 22.85 22.31 21.08 21.79 19.60 19.63 19.19 19.47 19.94 21.26 22.99 23.19 24.13 26.26 27.19 26.77 27.61 29.91 30.64 29.74 25.99 25.04 22.71 20.20 19.62 19.26 18.30 19.24 20.05 21.25 20.98 21.31 
21.06 18.56 17.45 17.52 17.56 17.33 19.09 18.55 20.63 21.61 24.39 26.27 29.96 30.58 30.24 28.56 27.91 25.69 21.56 18.82 16.54 13.99 11.92 10.72 11.95 13.27 12.91 13.78 11.64 9.14 6.52 4.85 0.00 5.48 5.73 8.09 10.19 12.67 13.33 16.18 18.92 21.32 22.75 26.85 29.74 29.84 31.33 33.14 35.16 33.31 33.18 30.53 30.55 29.48 27.60 25.61 22.38 20.05 17.92 15.41 11.48 8.75 7.57 8.38 8.09 9.76 11.01 10.71 10.79 12.80 13.40 16.70 18.25 17.33 16.45 17.27 18.16 18.52 18.61 19.79 21.66 18.75 17.16 16.29 16.38 16.59 17.67 19.62 22.28 23.19 22.64 21.66 20.45 20.59 18.96 18.59 18.26 18.56 19.00 20.16 21.42 21.56 22.85 24.60 25.32 25.51 26.71 28.28 28.71 27.99 24.63 23.48 21.37 19.79 18.50 18.25 17.33 18.37 19.64 20.29 20.70 21.60 
21.88 19.58 17.66 18.00 18.33 17.97 18.96 18.71 20.72 21.97 24.50 26.93 30.20 31.27 30.33 28.99 28.47 26.53 22.30 20.24 17.72 15.98 13.68 12.99 14.06 15.66 15.43 15.47 14.72 11.90 9.43 6.86 5.48 0.00 5.33 7.40 10.74 12.51 13.97 16.78 19.43 21.87 23.27 26.24 30.01 29.69 31.61 32.83 34.78 32.71 32.95 30.18 30.25 29.49 27.61 26.20 22.64 20.54 18.40 15.05 11.62 9.26 8.88 8.93 8.30 11.48 11.80 10.50 10.09 13.61 13.43 16.82 18.20 17.91 17.00 17.66 18.18 19.54 19.42 20.81 21.93 19.90 17.58 17.13 17.06 17.12 17.38 19.81 22.41 23.40 22.90 21.93 20.29 20.74 18.94 18.83 18.28 18.52 19.57 20.83 22.32 22.31 23.75 25.74 26.38 26.17 27.65 29.38 30.10 29.31 25.83 24.76 22.59 20.16 19.45 19.13 18.04 18.50 19.54 20.90 20.70 21.17 
21.40 18.32 16.24 16.05 16.98 16.20 16.27 16.12 18.55 19.35 22.67 24.96 27.97 28.38 28.32 26.91 25.77 23.67 20.68 18.72 15.46 13.50 12.92 12.49 13.22 15.02 14.96 15.86 14.86 14.17 11.45 8.79 5.73 5.33 0.00 4.98 6.77 10.30 10.90 14.15 16.92 19.30 20.81 24.71 27.93 28.00 30.67 31.54 32.72 30.74 31.13 27.89 27.87 26.92 25.63 24.23 21.02 18.94 16.00 12.91 9.98 8.63 8.22 8.75 8.93 11.53 12.48 11.53 10.30 13.46 14.05 16.79 17.60 17.29 16.93 17.22 17.56 18.84 18.67 19.64 21.13 18.25 16.73 15.65 15.92 15.49 14.97 16.85 19.50 20.95 21.07 19.38 17.54 17.97 16.87 15.88 15.55 16.48 17.69 18.69 20.25 20.23 21.77 23.97 24.82 24.64 26.15 27.95 28.69 27.76 24.34 23.46 21.07 19.21 17.67 17.48 16.38 16.74 19.13 19.53 19.24 19.97 
21.33 18.61 16.09 15.85 17.02 15.73 16.07 15.77 17.25 17.85 21.34 23.54 26.09 27.05 26.92 25.54 24.47 22.99 18.95 18.30 14.13 13.29 12.49 12.20 13.07 15.05 15.51 16.82 15.73 15.09 13.22 11.48 8.09 7.40 4.98 0.00 5.36 8.00 9.45 12.82 15.41 17.86 19.63 23.71 27.47 27.10 29.95 31.11 32.55 30.49 30.11 27.13 27.08 26.00 23.88 22.76 19.93 16.25 13.86 10.53 9.55 8.20 8.16 9.08 10.75 13.75 15.24 15.28 13.58 16.46 16.82 19.63 19.60 18.59 18.05 18.30 18.12 18.85 18.52 20.17 20.94 18.23 16.17 15.73 15.07 14.80 15.00 16.55 19.55 20.48 20.98 19.06 17.01 17.70 15.80 15.20 14.32 15.56 16.49 17.82 19.18 19.86 21.23 23.64 24.35 24.47 25.78 27.66 28.34 27.50 24.33 23.10 20.53 18.15 17.45 17.33 15.67 16.30 18.46 19.61 19.58 20.19 
21.05 17.72 15.74 15.39 16.07 14.70 15.09 14.37 15.71 15.67 19.58 21.75 23.72 24.92 24.66 23.13 21.79 20.39 16.98 15.52 14.46 12.58 12.51 12.65 12.98 15.33 16.02 17.46 16.43 14.97 13.97 12.61 10.19 10.74 6.77 5.36 0.00 6.38 6.39 10.70 12.87 16.49 17.70 21.86 24.79 25.82 27.66 29.41 30.24 28.43 27.77 25.18 25.38 24.16 22.65 20.36 16.92 13.40 11.73 9.85 9.33 8.75 9.41 11.52 13.47 17.08 18.38 18.47 16.97 19.03 18.97 22.08 21.06 19.92 19.33 19.33 18.26 18.87 18.80 20.23 21.38 18.20 16.54 15.31 14.35 13.98 13.95 16.40 19.11 20.22 20.21 18.78 17.25 16.99 15.24 14.51 14.49 15.07 16.15 17.05 18.32 19.13 20.64 22.52 22.80 23.48 24.71 26.41 26.63 26.34 23.13 21.67 19.09 17.68 16.65 16.14 15.14 15.89 18.65 19.05 19.52 20.36 
20.37 16.86 14.64 14.11 14.29 12.37 12.17 11.76 13.83 14.44 17.24 19.90 22.27 22.94 23.05 21.34 19.95 18.32 14.22 13.49 10.77 10.73 10.66 11.44 12.74 15.96 16.23 17.34 15.97 15.94 14.87 14.22 12.67 12.51 10.30 8.00 6.38 0.00 5.71 8.03 11.22 13.31 15.11 19.30 22.42 22.93 25.56 26.82 27.96 25.65 25.03 22.98 22.94 21.52 18.58 16.82 13.54 9.82 9.95 8.28 8.98 9.04 10.91 13.43 15.17 18.51 19.50 19.73 18.04 19.78 19.73 22.33 22.10 19.74 18.54 18.58 17.36 18.09 17.55 19.24 20.19 17.42 15.09 14.10 13.19 12.53 12.51 15.37 18.84 19.60 20.04 19.01 17.09 16.99 14.97 14.00 13.88 13.97 15.02 16.22 17.23 17.59 19.38 21.62 21.45 21.70 22.92 25.10 25.62 24.98 21.61 20.43 18.45 16.06 15.65 15.90 14.38 15.02 17.79 18.78 18.85 19.73 
19.42 16.04 14.00 13.50 13.39 11.78 11.47 10.78 13.31 12.75 14.99 17.28 19.14 19.80 19.58 18.28 16.77 14.46 12.57 10.31 7.97 8.14 10.23 10.30 10.06 15.31 16.54 17.90 17.34 17.46 16.28 14.01 13.33 13.97 10.90 9.45 6.39 5.71 0.00 5.40 6.86 9.96 11.38 16.22 19.67 19.85 22.21 23.70 24.04 22.20 21.54 19.16 19.67 18.14 14.49 12.76 9.40 8.88 8.02 7.52 8.64 9.62 11.71 15.28 16.78 19.66 20.49 20.97 19.67 21.36 20.37 23.23 22.64 20.52 17.70 17.64 16.38 16.58 15.86 17.55 19.11 15.61 13.83 12.60 12.11 11.95 12.65 15.39 18.74 20.66 21.46 19.89 17.33 17.35 15.50 13.50 12.45 12.71 13.43 14.50 15.37 15.42 17.10 19.64 19.22 19.53 20.74 23.24 23.68 22.75 19.52 18.46 16.69 14.50 13.60 13.47 13.03 13.64 17.40 17.52 17.86 18.65 
19.71 16.84 14.68 13.33 13.37 11.78 12.09 11.44 13.36 12.61 14.98 16.47 18.76 19.94 19.55 17.97 15.92 13.94 9.79 10.02 8.10 8.23 9.86 10.67 10.20 15.91 18.31 19.71 18.98 19.10 18.36 17.37 16.18 16.78 14.15 12.82 10.70 8.03 5.40 0.00 5.71 7.22 9.53 13.48 16.92 17.73 19.87 21.37 22.64 20.46 19.96 17.19 18.41 15.43 12.62 11.15 10.34 6.29 8.40 8.38 10.79 12.52 15.25 17.85 20.10 22.23 23.17 23.46 22.62 23.85 23.21 24.99 24.29 21.89 19.77 18.61 17.06 16.93 16.64 17.95 18.94 15.11 13.65 12.15 12.46 12.26 14.41 16.82 20.89 22.42 22.91 21.25 18.94 18.97 16.55 15.17 13.95 13.46 13.62 14.12 15.38 15.64 16.80 18.86 18.72 18.81 19.93 22.17 22.65 21.88 18.75 17.92 16.11 14.06 13.77 14.15 13.75 14.30 17.64 18.77 18.81 19.86 
19.32 16.21 13.95 12.95 12.69 11.41 11.52 11.39 13.52 12.23 14.17 15.35 17.11 17.21 17.37 14.27 13.87 10.59 8.25 8.84 10.78 9.80 11.11 12.86 13.33 17.40 18.71 21.03 20.77 21.31 20.12 19.24 18.92 19.43 16.92 15.41 12.87 11.22 6.86 5.71 0.00 5.42 6.36 10.37 13.19 13.91 16.16 18.05 19.06 17.03 16.18 14.59 15.12 12.47 9.98 10.48 8.03 5.86 9.33 10.59 12.13 14.60 17.26 20.05 21.49 24.11 25.26 26.19 24.94 26.02 25.36 27.12 25.75 23.39 21.30 20.02 17.69 17.65 16.68 17.57 18.01 14.82 12.83 11.95 12.00 12.66 14.57 17.94 21.54 22.97 23.52 21.98 20.12 19.64 17.49 16.08 15.29 14.36 14.20 14.20 14.75 15.36 16.39 17.62 17.29 17.74 19.07 20.60 20.76 20.15 17.51 16.85 15.60 14.12 14.26 14.12 14.80 14.37 18.09 18.98 19.21 20.03 
19.75 16.23 14.48 13.45 13.90 12.27 11.89 11.60 13.99 12.28 13.72 14.87 16.84 16.90 15.79 12.90 11.34 10.18 7.22 7.78 8.46 10.93 12.27 14.01 15.02 19.97 21.09 22.75 23.12 23.63 22.34 21.35 21.32 21.87 19.30 17.86 16.49 13.31 9.96 7.22 5.42 0.00 5.18 7.38 10.80 11.00 13.95 15.23 16.89 13.91 13.36 11.28 12.82 9.86 8.58 8.26 8.45 7.37 11.33 12.65 14.43 17.07 19.66 21.90 23.15 25.96 27.48 27.82 26.97 27.69 27.06 28.97 27.88 24.76 22.21 21.20 19.21 18.60 16.87 17.46 17.94 14.31 13.20 12.99 13.89 14.39 16.35 19.02 22.80 24.09 24.57 23.14 21.35 20.91 18.81 17.30 16.17 14.66 14.63 14.56 15.18 14.92 15.78 17.33 16.94 16.76 17.54 19.98 20.48 19.41 16.42 16.22 15.54 13.95 14.18 15.29 14.60 15.08 18.27 19.53 19.50 20.20 
21.08 17.89 16.57 16.46 15.59 14.30 13.83 13.08 14.85 13.07 13.68 14.49 16.06 14.49 13.32 10.91 11.03 8.53 7.60 8.21 9.89 11.00 14.30 15.87 17.31 21.96 23.77 24.79 25.38 25.66 24.52 23.35 22.75 23.27 20.81 19.63 17.70 15.11 11.38 9.53 6.36 5.18 0.00 5.79 7.77 9.37 11.49 13.52 13.96 13.01 12.66 10.08 10.25 10.78 9.66 10.03 9.46 10.76 13.45 15.39 16.06 18.19 20.74 22.97 24.93 27.82 28.85 29.14 28.46 29.21 27.84 30.04 29.58 26.07 23.00 22.26 20.52 18.87 16.30 17.36 17.49 13.87 13.04 13.85 14.93 15.79 17.40 20.03 23.56 25.02 25.56 24.30 22.71 22.26 20.02 18.10 17.31 15.72 15.22 14.96 15.43 14.88 15.17 16.83 16.07 16.36 17.11 19.30 19.86 19.05 15.52 15.27 15.03 13.89 13.87 14.55 15.45 14.93 18.81 19.15 19.48 19.77 
22.96 20.04 18.66 18.10 18.45 16.22 15.70 14.60 16.60 14.59 15.18 15.33 16.26 16.07 14.08 11.62 10.84 9.29 8.13 10.28 11.92 14.53 17.42 18.97 20.49 24.59 27.49 28.61 29.16 28.78 28.39 26.90 26.85 26.24 24.71 23.71 21.86 19.30 16.22 13.48 10.37 7.38 5.79 0.00 6.66 7.45 9.87 12.21 13.22 12.39 12.65 10.82 11.91 11.39 11.58 12.97 12.64 13.92 17.41 18.77 18.65 21.00 23.06 25.68 27.57 30.09 30.82 31.13 30.57 31.15 30.34 32.05 30.96 28.56 25.70 24.46 22.59 21.51 19.78 19.97 19.65 16.17 15.30 15.46 17.17 17.74 19.68 21.61 25.25 26.99 27.53 26.15 24.81 24.13 22.25 20.73 19.67 18.24 17.61 16.72 16.69 16.34 17.18 17.75 16.78 17.64 18.70 20.09 20.66 20.36 17.51 16.97 16.92 15.86 16.16 17.12 17.57 17.86 20.36 21.51 21.26 22.04 
24.64 22.39 21.26 20.94 20.89 19.72 19.22 17.70 18.92 17.15 17.24 16.83 16.84 16.27 15.48 12.77 11.95 10.78 11.08 13.30 15.46 17.79 21.35 22.66 23.90 27.93 30.30 31.23 31.67 31.46 31.56 29.66 29.74 30.01 27.93 27.47 24.79 22.42 19.67 16.92 13.19 10.80 7.77 6.66 2.14 6.33 7.57 10.09 12.54 10.87 11.46 11.78 12.91 13.08 14.17 16.16 16.45 16.98 20.32 21.31 21.04 23.48 25.88 28.59 29.99 31.81 32.87 33.59 32.17 32.62 32.16 33.75 32.00 30.18 27.93 26.59 23.94 23.78 22.62 22.25 21.29 19.32 18.58 18.06 18.36 19.33 21.19 23.58 26.97 28.41 29.23 28.03 26.20 25.59 24.23 23.06 22.14 20.20 20.30 19.28 18.58 18.43 18.99 19.23 18.01 18.80 20.33 21.43 21.66 21.68 19.70 19.31 19.04 17.99 19.34 19.41 19.62 19.20 23.07 22.75 23.14 22.94 
24.42 21.54 21.49 21.10 21.14 20.04 20.00 18.70 19.13 17.07 16.50 16.29 16.16 15.32 13.10 11.55 11.21 10.88 10.70 13.14 14.95 17.56 21.11 21.77 23.69 28.39 30.44 31.22 31.19 31.67 31.04 29.90 29.84 29.69 28.00 27.10 25.82 22.93 19.85 17.73 13.91 11.00 9.37 7.45 6.33 0.12 5.51 6.88 8.94 8.89 9.26 9.62 11.61 12.26 13.30 14.30 15.63 17.10 20.82 20.84 20.43 22.92 25.60 27.45 28.42 30.94 31.90 32.63 31.28 31.83 31.30 33.29 31.76 29.34 26.78 25.74 23.93 22.92 21.33 21.82 21.22 18.34 16.85 17.12 17.92 17.99 19.52 22.02 25.06 26.69 27.00 25.99 24.57 23.77 22.65 21.41 20.93 18.96 18.90 18.46 18.56 17.41 17.43 18.17 17.72 16.84 17.89 19.63 20.48 19.48 17.56 17.25 17.51 16.40 17.35 18.16 18.61 19.41 20.83 22.66 21.80 22.68 
26.35 24.05 24.37 24.13 23.55 22.43 22.95 21.35 22.01 18.98 18.56 18.10 17.96 16.57 14.84 13.35 13.79 13.57 14.04 15.86 17.70 20.50 23.28 24.31 25.89 30.85 32.86 33.44 33.26 33.16 32.99 31.83 31.33 31.61 30.67 29.95 27.66 25.56 22.21 19.87 16.16 13.95 11.49 9.87 7.57 5.51 1.06 5.14 7.14 8.33 10.91 9.06 11.69 14.16 15.69 16.21 17.35 19.22 21.51 22.70 23.04 25.75 27.27 29.37 30.47 32.93 32.92 33.72 32.51 33.46 32.27 34.37 33.46 30.83 27.81 27.74 26.36 24.76 22.57 23.63 24.13 20.80 18.33 19.10 19.29 19.09 20.47 22.85 26.00 26.83 28.01 27.22 25.88 25.17 24.11 23.07 22.68 20.68 20.27 20.30 20.32 18.90 18.68 19.92 19.04 18.66 19.07 21.34 22.04 21.59 19.37 19.19 19.51 18.34 19.57 20.06 20.20 19.81 22.89 22.27 22.60 22.60 
27.80 26.15 26.05 25.74 25.50 24.58 24.64 22.99 23.58 21.51 21.13 20.85 20.51 19.80 18.03 16.54 15.95 16.05 16.38 17.99 18.60 21.62 25.30 25.86 27.46 32.16 34.55 35.51 34.62 35.42 34.63 33.88 33.14 32.83 31.54 31.11 29.41 26.82 23.70 21.37 18.05 15.23 13.52 12.21 10.09 6.88 5.14 0.00 6.48 8.04 10.20 10.94 13.12 15.25 16.55 18.29 18.65 20.16 22.96 23.81 24.54 26.55 28.08 29.87 32.03 34.33 34.65 35.52 34.89 35.42 34.87 36.38 35.55 33.27 30.47 29.49 28.02 27.11 25.28 26.19 26.16 22.84 20.51 19.84 19.85 20.10 21.14 23.22 25.79 27.41 28.09 27.43 25.64 25.61 24.76 23.71 23.10 21.39 21.30 20.44 20.19 19.44 20.21 20.76 19.80 19.62 20.88 22.10 23.20 22.85 20.97 19.98 20.10 19.15 20.15 20.08 20.46 21.58 23.00 24.09 23.35 24.11 
29.13 28.24 28.21 27.40 26.82 26.53 26.47 24.17 24.95 22.82 22.35 21.60 22.29 22.12 20.91 18.56 17.52 16.96 16.80 18.21 19.73 22.25 26.10 26.95 28.47 32.82 35.87 36.55 36.34 36.42 36.41 35.78 35.16 34.78 32.72 32.55 30.24 27.96 24.04 22.64 19.06 16.89 13.96 13.22 12.54 8.94 7.14 6.48 1.80 6.71 8.75 9.66 12.30 14.42 16.35 18.72 19.57 20.43 23.62 25.47 26.28 29.02 30.61 32.44 33.74 36.10 36.93 37.83 36.81 37.58 36.95 38.56 37.07 35.41 32.61 31.54 29.57 29.09 27.46 27.14 26.70 24.40 22.20 20.75 19.76 19.98 21.36 22.90 25.74 27.26 28.06 27.25 26.39 26.39 25.60 24.82 24.25 22.82 22.48 21.93 21.32 21.09 21.70 22.53 21.50 21.79 22.64 24.13 24.33 24.29 22.35 21.69 21.96 20.92 21.43 21.58 21.99 22.60 25.06 24.17 24.64 25.63 
28.10 26.66 26.81 26.43 25.86 24.86 25.11 22.87 23.31 20.85 20.53 20.28 21.00 21.20 19.76 17.53 15.71 15.79 15.67 17.03 17.57 20.62 24.51 25.62 27.03 31.36 33.86 35.00 34.22 35.02 34.83 33.98 33.31 32.71 30.74 30.49 28.43 25.65 22.20 20.46 17.03 13.91 13.01 12.39 10.87 8.89 8.33 8.04 6.71 0.00 5.79 7.08 9.34 12.01 13.33 15.35 16.86 18.60 22.00 23.20 24.25 26.93 29.15 30.67 31.55 34.33 35.70 36.22 35.16 35.77 35.73 37.24 36.41 33.96 31.08 30.13 28.46 27.71 25.85 25.82 25.18 22.31 19.60 18.23 17.34 17.36 17.66 20.06 22.68 24.37 24.25 23.82 22.93 23.06 22.53 21.87 21.80 20.44 20.52 19.99 20.26 19.50 19.73 21.01 20.93 19.87 20.61 22.05 23.32 22.18 19.76 18.96 19.35 18.35 19.39 19.27 20.32 21.57 22.07 23.69 23.64 24.06 
29.05 27.59 28.10 27.49 26.85 25.78 26.08 24.13 24.77 21.90 21.94 21.65 22.26 21.82 20.92 18.28 17.00 16.59 16.65 17.31 17.81 20.93 24.76 25.69 27.35 31.69 34.18 34.79 34.38 35.00 35.28 33.93 33.18 32.95 31.13 30.11 27.77 25.03 21.54 19.96 16.18 13.36 12.66 12.65 11.46 9.26 10.91 10.20 8.75 5.79 1.09 5.95 8.29 10.34 12.39 14.82 16.57 18.00 21.17 22.62 24.28 26.99 29.24 31.18 32.51 34.77 36.13 36.86 35.70 36.70 36.44 38.08 36.95 34.94 31.97 31.21 29.93 28.71 26.62 26.57 26.66 23.45 20.33 18.75 18.42 16.75 17.15 19.41 22.08 22.89 24.01 23.93 22.90 22.68 22.82 22.75 22.57 21.01 21.47 21.73 22.32 20.93 21.22 22.39 22.82 21.55 21.84 23.30 24.10 22.99 20.65 19.78 19.99 19.11 19.66 20.67 21.42 22.46 23.63 24.02 24.39 24.10 
27.69 26.48 26.32 26.05 25.44 24.26 24.44 22.46 22.78 20.07 20.56 20.76 21.54 21.43 20.67 18.39 17.44 16.15 15.24 15.64 15.57 18.05 21.55 22.16 23.40 28.19 30.98 31.61 31.57 32.27 32.33 31.24 30.53 30.18 27.89 27.13 25.18 22.98 19.16 17.19 14.59 11.28 10.08 10.82 11.78 9.62 9.06 10.94 9.66 7.08 5.95 0.00 5.92 7.57 9.59 11.16 12.92 14.78 18.35 19.32 20.70 23.53 26.26 27.63 29.26 32.44 34.18 34.74 33.84 34.73 34.55 36.50 35.81 33.74 30.53 29.92 28.80 27.61 25.48 25.84 25.66 22.30 18.71 17.22 16.06 14.81 15.25 17.20 19.14 20.99 21.86 21.80 20.36 20.36 20.37 19.86 19.78 18.55 19.05 19.40 20.10 18.56 19.28 20.47 20.88 19.68 20.76 21.81 22.82 21.26 18.81 17.43 17.60 16.56 17.71 17.92 18.95 20.64 21.49 22.75 22.79 23.44 
28.66 27.44 26.72 26.15 26.39 25.57 25.51 23.60 24.21 21.88 22.55 23.04 24.38 24.42 24.01 21.42 20.41 18.79 17.13 17.09 16.87 18.35 20.71 21.42 22.53 27.23 29.86 30.66 30.90 31.64 31.69 30.84 30.55 30.25 27.87 27.08 25.38 22.94 19.67 18.41 15.12 12.82 10.25 11.91 12.91 11.61 11.69 13.12 12.30 9.34 8.29 5.92 1.18 5.82 7.63 10.37 11.44 13.92 18.57 19.54 21.29 24.58 27.33 28.63 29.75 33.43 35.15 35.85 35.10 36.14 35.92 37.75 37.30 35.06 32.01 31.49 30.51 29.23 26.84 27.28 27.04 23.57 20.73 18.28 17.28 16.08 16.34 17.53 19.80 21.93 22.93 22.44 21.31 22.40 21.19 20.78 20.35 19.76 20.11 20.63 20.85 20.27 20.81 22.24 22.26 21.48 22.41 23.90 24.34 23.27 20.58 19.47 19.21 18.19 19.11 19.12 19.66 21.77 23.17 22.99 23.56 23.87 
29.11 27.47 26.21 25.76 26.51 25.48 25.51 23.55 24.27 22.92 23.05 23.47 24.91 25.48 24.70 23.04 21.10 19.54 17.45 17.29 16.23 17.88 20.54 21.52 22.08 27.09 29.47 30.64 30.31 31.15 31.16 30.05 29.48 29.49 26.92 26.00 24.16 21.52 18.14 15.43 12.47 9.86 10.78 11.39 13.08 12.26 14.16 15.25 14.42 12.01 10.34 7.57 5.82 0.24 5.54 7.73 10.43 12.75 16.41 18.33 20.29 23.95 26.84 28.12 29.46 33.31 35.01 35.68 34.88 35.99 35.99 38.18 37.59 35.11 31.97 31.69 30.39 29.43 27.21 27.37 26.50 23.70 20.47 18.52 16.83 15.53 14.83 16.79 18.97 20.56 21.40 20.89 19.92 21.09 20.60 19.81 19.10 19.30 20.37 20.33 20.93 20.71 21.56 22.68 23.13 22.02 22.76 24.53 25.55 23.92 20.44 18.48 18.46 17.50 18.31 18.01 18.85 20.07 21.35 22.43 23.10 23.26 
29.24 27.63 26.72 25.90 26.55 25.28 25.66 23.48 24.28 22.55 22.88 23.50 24.87 24.59 23.88 22.11 20.87 18.82 16.78 15.99 14.77 16.66 19.13 19.67 21.11 25.99 28.72 29.57 29.36 30.25 30.02 28.63 27.60 27.61 25.63 23.88 22.65 18.58 14.49 12.62 9.98 8.58 9.66 11.58 14.17 13.30 15.69 16.55 16.35 13.33 12.39 9.59 7.63 5.54 1.70 6.25 7.68 10.84 13.30 15.55 18.79 22.05 25.25 26.65 28.46 32.24 34.39 34.66 34.09 35.32 35.61 37.17 36.91 34.69 31.82 31.23 30.25 29.40 27.21 27.12 26.66 23.48 20.56 18.04 17.09 14.25 13.54 15.23 17.79 18.57 19.49 19.51 18.60 19.98 20.13 19.82 19.34 19.28 20.57 21.01 22.08 21.60 21.72 23.19 24.06 22.96 23.54 24.88 25.37 23.84 20.35 18.26 17.63 17.10 17.19 16.89 17.91 18.95 21.18 21.77 22.60 22.40 
