3.00 5.49 7.35 8.68 11.13 12.89 13.52 15.42 16.34 18.16 18.74 20.38 20.83 22.18 22.75 23.29 23.00 22.88 23.40 24.19 24.99 25.23 25.46 27.45 27.94 28.32 28.35 29.44 30.56 30.91 30.51 30.19 32.40 32.86 31.94 30.24 31.11 30.69 30.88 29.90 28.65 28.87 29.04 29.63 29.58 31.18 31.72 30.48 29.13 28.81 28.20 28.16 29.57 29.99 29.95 29.91 30.23 31.11 31.89 31.87 32.82 32.56 32.07 30.77 30.23 29.55 29.14 27.20 26.90 26.94 27.63 27.59 27.18 25.42 25.63 27.74 27.07 25.00 26.60 27.79 26.63 25.23 26.90 27.31 26.87 25.22 23.20 22.03 20.29 18.49 17.17 16.45 16.27 16.86 17.11 18.29 22.77 25.94 26.65 25.82 25.21 24.00 22.92 22.04 21.43 21.45 20.97 21.87 24.68 22.85 23.37 27.13 
5.49 2.13 4.36 5.74 8.98 10.21 11.49 11.83 13.40 15.55 16.83 18.51 18.53 20.01 21.12 21.80 21.11 21.05 21.92 23.29 23.91 23.88 24.86 27.04 27.87 28.08 29.06 29.82 31.33 30.32 30.98 31.13 33.40 32.34 31.50 29.86 30.55 29.45 30.00 28.72 27.09 27.27 28.20 28.68 28.00 29.34 30.50 28.90 27.57 27.07 26.89 26.58 27.81 28.12 28.82 28.64 28.94 30.09 31.39 30.95 31.97 31.52 31.52 29.89 29.63 28.51 28.22 26.21 25.78 25.67 26.87 26.52 25.90 24.13 24.80 26.84 25.81 23.35 25.07 26.46 24.91 22.64 24.36 25.16 24.89 22.43 20.73 20.00 18.92 16.79 15.50 14.93 14.84 15.06 17.03 17.59 22.91 25.88 26.91 24.39 23.67 22.49 22.22 20.34 20.27 19.09 19.83 19.77 21.19 22.53 22.00 25.61 
7.35 4.36 2.47 4.50 7.27 9.94 9.55 10.21 11.73 14.65 15.16 16.99 17.55 19.72 21.34 21.13 21.70 21.96 22.69 23.50 24.58 25.06 25.85 28.42 29.34 29.64 30.51 30.91 32.46 31.74 32.57 33.33 35.53 33.54 33.36 31.75 32.21 30.15 31.10 30.00 27.79 27.32 28.75 29.02 28.43 29.34 30.59 29.21 27.72 27.06 27.38 27.03 27.98 28.35 29.47 29.48 29.44 30.11 31.79 31.15 32.24 31.47 31.74 30.09 29.43 27.93 27.74 25.67 24.88 24.78 26.19 25.70 25.32 24.02 24.79 26.37 25.30 23.01 24.40 24.85 24.05 21.46 22.67 23.07 23.27 20.67 19.14 18.04 17.06 15.48 14.78 13.89 13.62 15.91 19.11 20.53 23.97 27.04 28.37 25.78 23.73 22.71 22.78 20.53 19.46 19.71 19.00 19.66 21.63 21.77 22.44 22.39 
8.68 5.74 4.50 1.86 5.08 6.83 8.05 9.61 11.07 12.83 13.56 15.69 16.44 18.13 19.05 19.73 20.21 21.06 21.06 21.42 23.47 24.11 23.69 26.45 27.76 28.62 28.84 29.87 31.34 31.27 31.64 32.71 34.30 33.13 32.68 31.79 31.03 29.52 29.70 29.06 26.80 26.28 26.70 27.66 27.33 28.40 29.15 28.09 27.43 26.69 26.49 26.34 27.84 27.85 28.38 28.47 29.18 29.77 31.13 30.59 31.86 30.89 30.91 29.41 29.06 27.31 27.03 24.70 23.83 23.54 24.41 24.36 24.20 22.88 23.18 25.00 24.52 22.44 23.17 23.80 23.03 21.23 21.41 21.36 21.46 19.76 17.82 17.26 16.29 15.09 14.45 14.38 15.59 16.88 19.81 21.30 25.24 27.15 27.65 25.78 24.01 21.87 21.06 19.49 19.33 16.61 16.23 17.46 19.34 20.23 19.34 20.37 
11.13 8.98 7.27 5.08 2.19 6.32 6.74 10.01 10.53 12.46 13.20 15.80 15.60 17.45 18.12 18.98 19.25 19.40 19.28 20.24 21.19 22.43 22.24 25.32 26.75 27.87 27.67 29.07 30.27 30.38 30.47 31.15 32.84 31.93 31.49 29.83 29.97 27.80 28.06 27.20 26.00 25.40 25.71 26.19 26.17 28.38 28.88 27.71 26.67 26.58 25.94 25.45 26.83 27.54 27.35 27.78 28.33 29.62 30.43 30.29 31.39 31.02 30.59 28.89 28.92 27.52 26.85 24.53 24.17 23.73 24.63 24.52 24.79 22.45 22.92 25.52 25.36 22.35 23.93 25.10 24.49 22.11 23.85 23.16 22.55 20.25 18.02 16.20 15.63 13.52 13.54 14.20 16.88 17.87 20.20 22.55 28.47 30.18 29.46 27.64 26.83 24.05 22.07 20.32 19.31 18.74 17.18 18.61 19.03 18.12 18.91 22.56 
12.89 10.21 9.94 6.83 6.32 0.38 5.81 7.99 8.65 9.71 11.64 14.66 14.32 16.14 17.24 18.87 19.37 20.14 19.93 20.86 22.42 23.28 23.77 26.85 27.98 28.93 29.39 30.23 31.86 31.22 32.08 32.60 35.01 32.52 31.83 30.34 30.65 27.77 27.74 26.91 25.77 25.02 25.40 25.99 26.22 28.23 29.06 27.22 26.61 26.17 25.48 24.96 26.69 27.07 27.72 27.50 28.26 29.36 30.96 30.09 31.41 30.81 30.79 28.70 28.80 27.15 26.48 23.88 23.68 23.37 24.10 23.92 24.05 22.00 22.32 25.03 24.86 22.30 23.39 24.70 23.49 21.11 22.27 22.38 21.70 19.68 17.37 16.17 15.17 14.04 14.18 14.88 17.34 19.41 22.23 24.00 29.42 31.58 30.91 28.79 26.61 24.50 22.78 21.73 20.11 18.47 16.95 17.59 16.49 18.83 18.43 20.97 
13.52 11.49 9.55 8.05 6.74 5.81 0.90 5.34 6.18 8.73 8.92 11.60 12.58 14.84 16.32 15.82 17.23 19.80 18.78 19.82 21.19 22.85 22.54 25.93 27.07 28.39 28.35 29.45 30.80 31.06 31.11 32.62 34.56 32.89 31.94 30.48 30.69 27.96 28.20 27.05 25.14 24.66 25.27 25.67 25.47 27.37 27.92 26.64 25.80 25.74 25.00 24.65 25.84 26.54 26.87 27.23 27.06 28.51 29.93 29.19 30.00 29.64 29.90 27.81 27.50 25.55 24.82 22.19 21.94 21.31 22.16 21.85 22.24 20.19 20.69 23.21 23.01 20.45 21.79 22.39 21.28 18.61 19.81 19.41 19.69 16.87 15.30 13.92 13.59 12.65 13.16 13.70 16.01 19.05 23.29 25.04 29.49 32.18 33.08 29.20 26.46 23.42 22.48 19.68 18.55 16.80 14.84 15.79 17.14 16.39 16.91 18.30 
15.42 11.83 10.21 9.61 10.01 7.99 5.34 0.80 6.26 8.35 9.01 10.33 11.55 14.81 15.94 15.71 17.74 20.08 20.73 20.59 22.67 24.27 23.86 27.16 27.88 29.39 28.97 29.84 31.30 31.17 31.37 32.46 34.18 32.74 31.97 30.45 29.83 27.47 27.82 26.50 24.36 23.76 24.45 25.08 25.39 27.30 27.90 26.74 26.27 26.15 25.33 25.10 26.46 27.08 27.14 27.34 27.58 28.71 30.16 29.38 30.36 29.73 29.72 27.88 27.71 25.63 24.81 22.46 21.84 21.35 21.36 21.77 22.20 20.54 20.34 23.13 23.06 20.78 21.94 22.57 21.79 20.00 20.49 20.02 20.30 18.41 16.38 14.61 14.83 13.76 15.41 14.51 18.36 20.34 24.18 25.91 30.64 33.11 33.63 30.75 27.23 25.49 23.25 21.82 19.56 17.03 14.56 16.25 14.59 13.70 14.38 16.77 
16.34 13.40 11.73 11.07 10.53 8.65 6.18 6.26 0.59 5.62 6.88 9.66 10.75 12.40 14.64 14.88 16.38 17.57 18.07 18.70 20.50 22.69 22.42 25.40 26.84 28.27 27.98 28.30 29.64 29.28 29.38 30.52 31.99 30.44 29.73 28.50 28.30 25.35 25.16 24.66 23.00 22.89 22.67 23.22 23.83 26.30 27.19 25.48 25.18 25.07 24.26 23.81 24.96 25.26 25.41 25.67 26.33 27.57 28.39 27.81 29.11 28.15 27.75 26.05 26.66 24.52 23.22 20.78 20.52 19.89 20.26 20.34 21.23 18.97 18.76 21.14 21.10 18.68 19.82 20.60 20.34 18.74 19.39 18.39 18.89 16.79 14.26 13.33 13.25 12.32 13.79 13.47 16.54 18.53 21.28 24.00 29.29 31.10 30.45 27.83 26.31 23.08 21.17 19.36 17.59 14.89 11.88 14.69 14.49 13.57 14.09 17.41 
18.16 15.55 14.65 12.83 12.46 9.71 8.73 8.35 5.62 0.74 6.14 8.24 9.47 11.41 13.72 15.53 16.50 17.61 18.02 18.39 21.00 22.66 22.76 25.82 27.03 28.43 28.07 28.70 29.86 29.95 30.42 31.43 32.79 31.41 30.52 29.32 28.43 25.74 25.32 24.96 23.39 22.47 22.46 23.09 23.51 26.23 27.02 24.94 24.72 24.88 24.22 23.79 24.47 25.46 26.05 26.07 26.57 27.67 28.92 28.02 28.82 28.25 27.64 25.87 26.16 24.04 22.49 19.94 19.64 19.62 19.65 20.00 20.45 18.83 18.44 20.73 20.57 19.08 20.17 21.10 20.44 18.80 19.40 19.25 18.19 15.88 13.21 12.42 12.02 11.15 13.05 13.61 16.70 17.97 21.08 23.80 28.83 30.83 30.90 28.16 25.87 23.16 20.90 18.73 17.45 14.23 11.53 13.11 11.92 12.53 14.42 16.12 
18.74 16.83 15.16 13.56 13.20 11.64 8.92 9.01 6.88 6.14 0.73 5.56 6.90 9.12 10.31 12.31 13.77 15.28 14.67 15.27 17.20 20.30 20.46 24.58 26.14 27.16 27.65 27.73 28.98 28.92 29.81 30.85 32.55 31.05 31.07 29.01 28.92 26.08 26.16 24.72 22.42 22.17 22.28 22.45 22.04 24.61 25.24 23.70 22.62 23.32 22.98 22.59 22.81 24.30 25.30 25.47 25.05 26.71 28.06 26.63 26.86 26.50 26.66 24.33 24.00 21.55 20.54 17.89 17.49 16.98 17.77 17.48 18.56 16.65 16.73 18.88 18.13 16.46 18.23 18.33 17.46 16.08 18.04 16.78 16.45 14.04 11.26 10.55 10.65 9.31 9.88 12.00 14.76 16.58 19.83 22.84 27.78 30.53 31.19 28.09 24.56 21.14 19.79 17.78 15.05 11.50 8.56 11.53 12.38 12.03 13.58 18.25 
20.38 18.51 16.99 15.69 15.80 14.66 11.60 10.33 9.66 8.24 5.56 0.64 5.65 6.53 9.44 10.98 13.58 15.58 15.86 16.38 19.56 21.50 22.27 25.93 26.93 28.38 28.37 28.85 29.59 29.32 30.01 30.99 32.38 31.15 30.92 29.09 28.69 26.05 26.17 24.48 22.66 21.72 21.92 22.52 22.00 24.01 24.96 23.77 22.83 22.70 22.47 22.54 23.00 23.94 24.95 25.38 25.60 26.56 27.89 26.76 27.25 26.80 26.45 24.90 24.95 22.25 20.66 18.74 18.22 17.68 17.69 18.40 19.29 17.33 16.84 19.51 18.82 16.19 17.85 18.56 18.07 16.62 17.87 17.10 16.71 14.18 12.87 10.76 11.63 10.80 11.78 10.95 14.79 16.93 19.74 22.49 27.56 29.67 30.12 26.93 23.69 22.32 19.79 17.39 13.73 11.69 7.98 10.20 10.30 11.88 12.89 15.78 
20.83 18.53 17.55 16.44 15.60 14.32 12.58 11.55 10.75 9.47 6.90 5.65 0.24 5.51 6.47 7.88 10.59 12.98 13.03 13.74 16.72 19.41 19.97 23.71 25.42 26.66 26.70 27.09 27.92 27.46 27.87 29.04 30.42 28.95 28.71 27.33 27.33 24.32 24.26 23.19 21.13 20.10 19.85 20.39 20.62 22.60 22.67 21.54 20.95 21.05 20.38 20.29 20.85 21.95 22.15 22.83 23.28 24.53 25.27 24.51 25.36 24.50 23.95 22.13 22.56 19.92 18.22 16.16 16.30 15.22 15.84 16.35 17.16 15.06 14.68 16.98 15.89 12.74 15.05 16.17 16.33 15.02 16.52 16.06 15.75 13.74 9.71 9.60 10.00 10.09 9.46 8.55 11.34 14.53 15.89 18.93 23.63 25.94 25.40 22.77 21.28 18.35 16.56 14.21 11.77 8.20 5.68 7.06 8.09 9.90 11.88 18.58 
22.18 20.01 19.72 18.13 17.45 16.14 14.84 14.81 12.40 11.41 9.12 6.53 5.51 0.00 5.84 7.02 9.63 12.38 13.82 13.92 17.57 19.49 20.89 23.91 25.95 27.09 27.16 27.39 28.18 27.82 28.57 29.26 30.83 29.65 29.34 27.42 27.22 24.73 24.91 23.27 21.79 20.59 20.48 20.56 20.76 23.08 23.38 21.28 20.85 21.15 20.49 20.14 20.99 22.11 22.80 23.03 23.79 24.94 25.58 24.67 25.37 24.55 23.59 22.14 22.32 19.83 17.54 16.31 16.20 15.22 14.51 15.83 16.69 15.47 14.44 16.69 15.55 13.83 15.85 16.75 16.31 14.96 16.76 16.62 16.12 12.60 9.48 10.70 12.08 10.19 10.56 10.67 12.71 13.85 15.46 18.53 23.33 25.15 25.07 23.18 20.43 18.53 16.23 14.65 11.76 9.31 7.46 9.48 9.37 10.27 12.93 18.00 
22.75 21.12 21.34 19.05 18.12 17.24 16.32 15.94 14.64 13.72 10.31 9.44 6.47 5.84 0.00 6.17 7.17 10.25 10.96 13.11 15.53 18.57 19.68 23.89 25.14 27.28 27.22 27.41 27.56 27.51 28.33 29.12 30.54 29.44 29.75 27.41 27.25 25.57 26.03 23.97 21.63 21.79 21.45 21.19 20.21 23.04 22.94 21.18 19.83 20.68 20.15 19.62 20.09 21.83 22.55 22.93 22.70 24.00 24.99 23.65 24.04 22.95 22.86 20.85 21.16 17.90 16.90 14.56 14.86 12.86 13.15 13.95 15.69 13.58 13.98 15.18 14.69 13.20 15.81 16.40 16.21 15.26 17.93 17.82 16.84 14.73 12.27 12.36 12.63 11.86 10.48 11.54 11.62 13.51 13.80 17.11 21.55 24.34 24.97 22.28 19.26 17.08 15.44 13.52 10.40 9.70 8.30 9.92 12.43 14.03 13.93 21.96 
23.29 21.80 21.13 19.73 18.98 18.87 15.82 15.71 14.88 15.53 12.31 10.98 7.88 7.02 6.17 0.00 5.42 7.94 9.49 11.79 14.63 17.59 18.58 22.86 24.18 26.14 26.38 26.78 26.92 27.09 28.03 28.85 29.75 28.98 29.29 26.85 26.50 24.48 25.63 23.42 21.23 20.80 21.05 21.20 20.07 22.53 22.84 20.81 19.40 19.53 18.98 18.98 19.44 21.23 21.67 22.36 21.70 22.94 23.79 22.36 22.73 22.28 21.55 20.08 20.33 17.70 15.65 13.40 13.45 11.17 12.22 13.29 14.97 13.15 12.88 15.43 15.40 12.27 15.45 17.27 17.38 16.50 19.05 18.96 18.50 16.18 14.76 14.18 13.95 12.96 12.34 10.90 11.63 11.88 13.25 14.44 19.18 22.15 23.01 19.35 16.50 14.33 13.34 10.40 8.45 8.71 9.36 11.04 13.38 16.49 17.38 21.84 
23.00 21.11 21.70 20.21 19.25 19.37 17.23 17.74 16.38 16.50 13.77 13.58 10.59 9.63 7.17 5.42 0.10 6.08 6.47 8.98 12.25 15.29 16.83 20.61 22.24 24.08 24.57 25.51 26.20 26.08 26.80 27.55 28.50 27.61 27.70 25.90 25.34 23.42 24.16 22.86 19.92 19.45 19.50 20.46 19.46 21.88 21.55 19.78 18.28 18.45 17.63 17.66 18.59 19.91 20.26 20.62 20.80 21.83 22.73 20.94 21.18 20.68 20.53 18.23 18.83 15.99 13.47 11.86 11.01 9.41 10.26 12.18 13.18 10.80 11.74 14.79 13.43 10.42 14.16 16.66 16.98 16.15 18.87 18.95 19.00 17.28 14.76 15.84 15.48 13.83 13.31 12.16 11.12 11.96 11.05 13.80 16.58 18.51 18.76 16.72 14.35 12.39 11.07 10.65 9.44 10.43 9.58 13.87 13.79 18.16 18.10 36.83 
22.88 21.05 21.96 21.06 19.40 20.14 19.80 20.08 17.57 17.61 15.28 15.58 12.98 12.38 10.25 7.94 6.08 0.00 5.79 6.81 10.77 12.83 14.75 18.40 20.31 22.21 22.92 23.59 24.72 24.86 25.97 26.37 27.86 27.21 27.13 25.15 24.85 22.98 23.79 22.40 20.37 19.31 19.86 20.44 19.81 22.20 22.25 19.70 17.91 18.06 16.95 17.18 17.72 19.14 19.24 19.63 19.61 20.49 21.05 19.85 19.83 19.59 19.29 17.49 17.62 14.33 11.73 10.63 11.27 8.61 9.38 12.66 14.92 13.27 13.43 15.69 15.72 13.75 16.36 17.75 18.34 17.61 20.39 20.01 19.93 18.63 16.66 16.76 16.50 15.25 14.59 13.72 13.71 10.82 9.17 11.50 14.88 16.85 16.99 15.35 12.24 11.22 11.14 9.88 10.89 11.07 12.43 17.45 18.59 21.01 21.89 38.21 
23.40 21.92 22.69 21.06 19.28 19.93 18.78 20.73 18.07 18.02 14.67 15.86 13.03 13.82 10.96 9.49 6.47 5.79 0.00 5.30 6.53 10.19 11.20 15.62 17.07 19.51 19.78 20.55 21.31 21.79 22.80 23.95 26.12 25.66 25.16 23.21 22.93 21.39 22.51 20.84 18.60 18.16 19.12 19.58 17.93 20.26 20.93 18.19 16.03 16.14 15.77 15.42 15.98 17.17 17.50 17.45 16.96 18.26 18.90 17.31 17.61 17.15 17.62 14.61 14.53 11.73 10.65 9.35 8.31 7.18 10.63 12.52 14.17 12.70 14.10 16.85 16.02 14.22 17.48 18.98 19.77 18.54 21.48 21.27 21.15 19.58 18.36 17.55 16.81 16.07 15.81 14.48 13.33 12.70 10.64 11.49 13.20 15.56 15.98 13.24 10.42 9.57 8.41 9.35 10.07 13.09 13.70 17.45 19.14 22.31 22.27 37.84 
24.19 23.29 23.50 21.42 20.24 20.86 19.82 20.59 18.70 18.39 15.27 16.38 13.74 13.92 13.11 11.79 8.98 6.81 5.30 0.00 5.47 6.11 8.21 12.47 14.25 16.83 17.18 18.58 19.48 20.32 21.57 23.07 25.61 25.19 25.21 23.36 23.37 21.29 22.50 20.75 18.73 18.43 19.11 19.90 18.73 21.10 21.42 18.53 16.76 16.38 15.42 15.12 15.54 16.87 16.60 16.72 15.84 17.38 17.55 16.11 16.96 16.55 15.89 13.15 14.31 11.46 10.86 8.19 8.86 9.54 12.48 13.80 16.02 14.71 15.66 18.90 19.11 17.15 19.82 22.05 22.90 21.10 23.29 24.00 24.16 21.37 19.73 19.21 18.82 16.86 16.45 15.75 14.17 12.97 12.44 11.88 13.83 15.80 15.68 12.35 11.06 9.13 9.33 9.40 12.65 13.62 16.21 20.27 22.63 25.13 24.98 41.66 
24.99 23.91 24.58 23.47 21.19 22.42 21.19 22.67 20.50 21.00 17.20 19.56 16.72 17.57 15.53 14.63 12.25 10.77 6.53 5.47 0.05 5.36 5.94 10.08 11.79 14.79 15.59 17.55 18.80 19.12 20.15 22.30 24.92 24.16 24.02 22.98 23.10 20.99 21.67 20.23 18.34 17.96 18.46 19.42 18.66 20.94 20.67 18.27 16.31 15.83 14.81 14.20 14.63 15.55 15.19 14.90 14.20 15.32 16.36 14.22 15.60 14.80 14.34 11.55 12.53 11.18 8.80 8.52 10.09 10.64 12.81 14.95 17.10 16.17 16.36 19.83 20.44 18.42 21.28 23.35 24.59 22.55 24.13 24.67 25.50 22.36 19.57 19.52 19.71 17.12 16.32 15.68 15.30 14.04 13.42 13.14 14.10 15.37 14.76 11.93 10.63 9.98 9.33 9.30 12.64 16.28 17.22 19.81 21.36 24.19 25.51 50.03 
25.23 23.88 25.06 24.11 22.43 23.28 22.85 24.27 22.69 22.66 20.30 21.50 19.41 19.49 18.57 17.59 15.29 12.83 10.19 6.11 5.36 0.00 4.87 6.37 10.03 12.86 13.85 15.61 17.45 18.00 19.68 20.73 24.43 23.90 23.51 22.23 22.09 20.10 21.12 19.88 18.16 17.91 18.89 19.94 18.91 21.67 22.39 19.16 16.93 17.02 15.13 14.50 15.02 15.46 14.27 13.91 13.58 14.53 14.33 11.89 13.06 12.66 11.52 9.58 11.72 9.19 7.95 8.90 11.19 12.29 14.34 16.96 18.71 18.17 18.45 21.56 22.25 20.66 23.24 24.62 25.47 23.89 25.24 25.90 26.45 23.73 21.61 20.89 20.79 18.98 17.61 16.53 15.74 14.54 13.16 12.23 13.74 14.64 14.79 11.74 10.39 10.11 10.92 11.50 14.60 16.63 19.93 22.65 24.01 26.62 27.55 48.55 
25.46 24.86 25.85 23.69 22.24 23.77 22.54 23.86 22.42 22.76 20.46 22.27 19.97 20.89 19.68 18.58 16.83 14.75 11.20 8.21 5.94 4.87 0.00 5.23 6.12 8.77 9.29 11.52 12.90 13.85 15.23 16.90 21.04 21.12 21.10 19.67 19.31 18.07 19.77 18.46 16.83 16.82 18.58 19.33 18.16 21.45 22.77 19.90 18.35 17.58 15.63 14.53 14.43 14.75 13.81 13.00 11.96 12.33 12.29 9.11 11.09 10.90 11.03 8.97 11.03 10.41 10.80 9.82 11.58 13.53 16.61 18.24 19.13 18.70 20.07 22.69 23.16 21.80 24.28 25.39 26.44 24.57 26.49 26.42 27.01 24.31 23.02 21.38 20.55 18.93 18.05 16.52 15.34 14.77 13.96 12.18 13.71 13.55 13.13 10.56 9.97 9.17 10.09 12.54 14.99 17.71 20.57 22.01 23.48 26.02 27.54 42.94 
27.45 27.04 28.42 26.45 25.32 26.85 25.93 27.16 25.40 25.82 24.58 25.93 23.71 23.91 23.89 22.86 20.61 18.40 15.62 12.47 10.08 6.37 5.23 0.46 5.70 7.00 9.06 12.15 14.09 15.15 17.01 18.87 22.68 22.27 22.59 21.54 21.39 20.01 21.64 20.11 18.70 19.37 20.01 20.72 20.41 23.59 24.71 21.93 20.85 19.81 18.00 16.43 16.11 16.07 14.97 14.13 11.78 13.41 12.37 9.84 11.61 12.85 13.35 11.59 13.83 13.85 14.72 13.67 14.59 17.05 19.52 20.42 21.91 21.37 22.19 24.90 25.92 24.78 26.62 28.33 28.87 27.42 28.65 29.44 29.60 26.88 24.88 23.46 22.75 21.10 19.53 17.89 16.22 14.85 14.02 12.61 13.47 14.93 13.93 11.69 10.97 10.83 12.49 13.81 16.91 19.39 22.39 23.97 25.11 28.89 29.01 44.80 
27.94 27.87 29.34 27.76 26.75 27.98 27.07 27.88 26.84 27.03 26.14 26.93 25.42 25.95 25.14 24.18 22.24 20.31 17.07 14.25 11.79 10.03 6.12 5.70 0.00 5.20 5.28 8.16 10.24 12.40 14.05 15.89 19.13 19.28 20.38 19.58 19.96 19.42 20.77 19.57 18.54 18.60 19.12 20.76 21.11 23.97 25.05 22.83 21.92 20.50 18.14 16.77 16.75 16.17 15.27 13.06 11.15 11.33 12.08 8.17 11.44 12.62 13.98 12.48 15.06 14.83 15.15 14.46 15.27 17.00 19.50 20.47 22.26 21.33 22.53 25.57 26.42 24.89 27.23 28.73 29.81 28.10 29.26 29.68 30.44 27.33 24.97 23.29 22.55 20.38 18.93 17.08 15.62 13.58 13.54 10.39 13.15 13.86 13.07 11.12 11.12 10.46 12.25 12.40 16.28 18.65 22.02 22.02 24.77 26.90 28.60 49.57 
28.32 28.08 29.64 28.62 27.87 28.93 28.39 29.39 28.27 28.43 27.16 28.38 26.66 27.09 27.28 26.14 24.08 22.21 19.51 16.83 14.79 12.86 8.77 7.00 5.20 0.00 5.11 6.59 9.77 11.01 13.92 15.10 18.40 18.55 19.88 17.86 18.79 17.99 20.03 19.38 18.09 18.63 19.53 21.63 21.59 24.34 25.88 23.71 22.69 21.95 19.25 18.02 17.48 16.47 13.57 12.46 9.36 11.05 9.27 6.75 10.45 13.21 14.97 13.98 16.26 16.62 16.75 16.26 17.00 19.38 21.97 23.31 24.34 23.11 23.83 26.97 27.35 25.76 27.80 29.85 30.42 28.70 29.82 30.59 30.59 28.01 25.57 24.31 23.18 21.04 19.07 17.09 15.13 13.22 11.20 8.93 11.58 13.80 12.64 11.44 11.81 11.62 12.84 14.19 17.88 19.39 22.35 23.41 24.67 28.85 29.02 43.97 
28.35 29.06 30.51 28.84 27.67 29.39 28.35 28.97 27.98 28.07 27.65 28.37 26.70 27.16 27.22 26.38 24.57 22.92 19.78 17.18 15.59 13.85 9.29 9.06 5.28 5.11 0.00 4.95 6.50 8.20 9.44 11.44 15.96 15.68 16.84 15.06 16.66 16.07 18.93 18.33 17.82 18.01 19.70 21.46 21.51 24.08 25.89 23.54 22.36 21.31 19.22 17.47 16.75 15.58 13.58 11.22 8.72 9.94 10.67 8.27 11.48 13.92 16.80 15.37 17.29 17.40 18.18 17.20 17.58 19.77 23.16 23.52 24.85 23.40 23.74 26.62 27.50 25.77 28.00 29.56 29.92 28.38 29.79 30.03 29.97 27.19 25.59 23.51 22.45 20.28 19.31 16.28 14.94 12.06 12.03 7.41 11.86 12.97 13.85 11.67 12.70 9.85 13.02 14.07 17.38 19.64 22.82 22.62 25.12 27.20 28.71 37.42 
29.44 29.82 30.91 29.87 29.07 30.23 29.45 29.84 28.30 28.70 27.73 28.85 27.09 27.39 27.41 26.78 25.51 23.59 20.55 18.58 17.55 15.61 11.52 12.15 8.16 6.59 4.95 0.00 5.90 6.23 7.09 9.27 13.82 13.85 14.65 13.50 15.62 15.26 18.39 17.79 17.61 18.68 20.48 21.51 21.43 24.12 25.50 23.10 22.47 21.52 19.40 17.60 16.59 15.66 12.82 11.66 8.12 10.12 11.07 10.09 12.73 15.14 17.30 16.48 18.04 17.78 18.69 17.69 18.68 20.51 23.03 23.12 24.11 22.84 23.87 26.52 27.21 25.94 27.89 29.54 30.02 28.31 29.41 30.14 30.01 27.04 25.11 23.04 22.33 20.28 17.73 15.13 13.40 11.63 8.80 5.88 9.72 12.80 12.80 11.45 10.04 8.44 11.44 13.47 15.66 17.84 21.07 22.85 24.36 28.42 28.71 38.43 
30.56 31.33 32.46 31.34 30.27 31.86 30.80 31.30 29.64 29.86 28.98 29.59 27.92 28.18 27.56 26.92 26.20 24.72 21.31 19.48 18.80 17.45 12.90 14.09 10.24 9.77 6.50 5.90 0.00 5.47 6.24 7.87 10.89 12.21 12.65 12.65 14.32 14.76 17.40 17.32 17.59 19.07 20.72 22.12 22.41 24.92 26.33 23.95 23.39 21.75 19.66 18.02 17.63 15.95 13.75 11.35 9.65 10.94 11.89 11.38 15.06 16.68 17.60 17.24 19.45 19.30 19.69 18.58 19.56 21.01 23.12 23.11 23.52 22.80 24.29 27.10 27.07 25.86 28.13 29.82 30.21 28.75 29.80 30.54 30.69 27.55 25.39 23.40 22.34 19.85 18.50 15.90 14.26 11.43 11.17 8.25 11.74 14.08 15.77 13.44 13.66 11.58 13.23 13.35 16.11 17.98 22.07 21.23 25.20 27.06 29.16 45.07 
30.91 30.32 31.74 31.27 30.38 31.22 31.06 31.17 29.28 29.95 28.92 29.32 27.46 27.82 27.51 27.09 26.08 24.86 21.79 20.32 19.12 18.00 13.85 15.15 12.40 11.01 8.20 6.23 5.47 0.00 5.52 6.19 9.19 9.79 11.51 10.42 12.66 12.78 15.98 16.48 17.46 18.43 20.26 22.27 22.08 24.65 25.54 23.92 22.81 21.84 19.43 18.03 17.09 15.67 11.67 10.79 8.13 10.03 10.90 10.77 14.94 17.10 17.98 17.51 19.84 19.55 20.01 19.06 20.34 22.02 23.60 23.95 24.59 23.39 24.54 27.11 27.48 25.77 27.74 29.37 29.50 27.65 28.82 29.59 29.56 26.52 24.59 22.50 21.68 19.15 17.29 14.88 13.25 10.58 10.40 8.90 11.91 14.98 16.10 14.68 13.81 11.99 12.89 13.47 16.23 17.42 20.32 20.68 22.56 26.99 27.73 37.13 
30.51 30.98 32.57 31.64 30.47 32.08 31.11 31.37 29.38 30.42 29.81 30.01 27.87 28.57 28.33 28.03 26.80 25.97 22.80 21.57 20.15 19.68 15.23 17.01 14.05 13.92 9.44 7.09 6.24 5.52 0.22 5.29 7.45 8.65 9.65 9.12 11.07 12.23 15.44 16.32 17.84 19.03 20.02 22.94 22.76 24.72 25.97 24.13 23.31 21.91 19.41 17.48 16.23 15.09 12.53 10.41 7.71 10.60 13.20 13.13 16.16 18.07 19.84 19.71 21.42 21.10 21.97 20.83 21.86 23.00 24.90 25.20 25.74 24.51 25.28 28.13 28.38 26.31 28.49 29.86 29.58 27.51 29.10 29.61 29.12 26.46 24.40 22.34 21.28 18.80 17.33 14.42 13.45 10.09 11.47 8.75 14.26 16.26 17.53 16.18 15.29 12.01 14.40 15.46 17.34 17.76 19.73 20.90 23.19 25.36 26.66 30.82 
30.19 31.13 33.33 32.71 31.15 32.60 32.62 32.46 30.52 31.43 30.85 30.99 29.04 29.26 29.12 28.85 27.55 26.37 23.95 23.07 22.30 20.73 16.90 18.87 15.89 15.10 11.44 9.27 7.87 6.19 5.29 0.00 6.32 7.02 8.81 9.54 11.97 12.95 16.49 16.84 18.23 18.90 20.86 22.75 22.71 25.34 26.00 24.28 23.49 22.51 19.90 18.35 17.10 16.09 13.13 12.17 10.28 12.91 15.41 16.25 18.06 19.87 21.62 21.64 22.92 22.14 22.61 21.91 22.28 23.61 24.81 25.33 25.21 24.23 25.41 27.67 27.76 26.43 28.18 29.81 29.59 27.78 28.83 29.53 29.43 26.66 24.19 22.46 21.92 19.52 17.14 13.89 12.78 10.78 10.71 9.42 14.33 18.55 19.85 17.79 16.20 13.62 14.71 15.68 17.13 17.47 19.33 21.13 21.84 25.97 25.87 31.21 
32.40 33.40 35.53 34.30 32.84 35.01 34.56 34.18 31.99 32.79 32.55 32.38 30.42 30.83 30.54 29.75 28.50 27.86 26.12 25.61 24.92 24.43 21.04 22.68 19.13 18.40 15.96 13.82 10.89 9.19 7.45 6.32 0.50 6.11 6.78 9.22 11.35 13.55 16.79 17.11 18.42 20.09 21.85 23.56 24.12 26.91 28.40 25.24 24.87 23.36 21.07 18.56 17.96 16.97 14.10 13.43 13.12 14.78 16.27 16.89 19.99 21.51 22.95 22.90 24.53 23.97 24.53 23.06 23.44 24.04 25.46 24.77 25.01 24.33 25.60 27.64 27.45 26.23 28.15 29.67 29.80 28.48 29.60 30.08 29.92 27.46 25.03 23.51 22.60 20.79 18.13 15.59 14.82 12.50 14.47 13.04 17.60 21.21 22.82 20.57 19.68 17.64 18.48 17.94 19.47 19.52 20.83 20.72 23.06 24.76 26.19 35.18 
32.86 32.34 33.54 33.13 31.93 32.52 32.89 32.74 30.44 31.41 31.05 31.15 28.95 29.65 29.44 28.98 27.61 27.21 25.66 25.19 24.16 23.90 21.12 22.27 19.28 18.55 15.68 13.85 12.21 9.79 8.65 7.02 6.11 0.00 5.31 6.80 9.44 10.97 14.19 15.41 16.91 18.81 20.86 22.33 23.45 26.35 26.99 24.70 23.35 22.14 19.26 17.68 16.69 15.19 11.57 12.01 11.57 13.76 15.23 17.11 19.85 21.40 22.65 22.77 23.92 24.00 24.07 23.12 23.17 24.19 24.96 24.91 24.88 24.12 24.86 26.83 26.56 25.33 27.00 28.27 28.22 26.73 28.02 28.45 28.31 26.06 23.76 21.88 21.29 19.23 16.50 14.22 13.45 11.83 12.70 13.72 18.45 21.67 22.68 20.47 18.87 17.18 17.54 17.16 18.53 17.98 20.07 21.57 21.68 24.89 25.89 30.06 
31.94 31.50 33.36 32.68 31.49 31.83 31.94 31.97 29.73 30.52 31.07 30.92 28.71 29.34 29.75 29.29 27.70 27.13 25.16 25.21 24.02 23.51 21.10 22.59 20.38 19.88 16.84 14.65 12.65 11.51 9.65 8.81 6.78 5.31 0.00 5.83 7.74 8.93 12.10 14.61 17.21 18.30 19.93 22.64 24.16 26.55 27.13 24.97 23.54 21.49 18.42 16.55 16.41 13.88 10.71 11.45 11.08 12.33 15.47 17.07 20.05 21.47 22.60 22.66 24.25 23.63 24.26 23.41 23.50 23.77 25.21 25.36 25.21 23.97 24.72 27.06 26.77 25.12 27.12 28.13 28.14 26.33 27.85 28.41 28.41 25.62 22.94 21.40 21.50 18.23 16.16 14.35 14.95 11.27 13.74 14.98 20.29 23.24 24.08 21.44 19.89 17.71 18.29 18.23 19.24 18.97 19.47 21.41 22.24 24.04 24.75 26.74 
30.24 29.86 31.75 31.79 29.83 30.34 30.48 30.45 28.50 29.32 29.01 29.09 27.33 27.42 27.41 26.85 25.90 25.15 23.21 23.36 22.98 22.23 19.67 21.54 19.58 17.86 15.06 13.50 12.65 10.42 9.12 9.54 9.22 6.80 5.83 0.00 5.97 6.56 9.13 11.06 13.70 15.87 17.45 20.00 22.82 25.07 25.59 23.46 21.59 20.47 17.37 15.75 14.43 12.81 8.78 10.38 9.65 11.36 13.75 15.47 18.46 18.70 19.62 20.14 21.68 20.86 21.52 20.92 21.44 21.46 22.54 23.09 23.24 22.01 23.05 24.96 24.93 23.39 25.42 26.37 26.04 24.14 25.80 26.40 26.63 23.47 20.67 18.77 18.22 15.26 12.82 12.31 11.47 9.30 11.96 14.55 19.08 21.90 22.70 20.43 18.85 16.76 16.70 15.93 16.93 16.60 17.51 19.15 19.38 22.15 23.06 24.79 
31.11 30.55 32.21 31.03 29.97 30.65 30.69 29.83 28.30 28.43 28.92 28.69 27.33 27.22 27.25 26.50 25.34 24.85 22.93 23.37 23.10 22.09 19.31 21.39 19.96 18.79 16.66 15.62 14.32 12.66 11.07 11.97 11.35 9.44 7.74 5.97 0.22 5.55 7.02 8.13 10.78 14.57 17.01 19.68 21.37 25.19 25.88 23.70 21.84 20.78 17.96 15.29 13.78 12.51 7.61 9.03 9.98 11.20 13.98 14.62 17.53 17.58 18.59 19.06 21.48 20.57 21.38 20.40 20.95 20.95 22.12 21.65 22.51 21.65 22.52 24.24 24.10 22.83 24.76 25.56 25.08 23.86 25.52 25.63 25.31 22.77 20.26 18.14 17.72 15.49 13.22 12.32 13.91 12.01 14.05 15.39 20.90 23.09 24.05 21.38 20.30 18.27 18.03 17.52 18.18 17.41 17.65 18.19 19.44 21.74 22.11 25.99 
30.69 29.45 30.15 29.52 27.80 27.77 27.96 27.47 25.35 25.74 26.08 26.05 24.32 24.73 25.57 24.48 23.42 22.98 21.39 21.29 20.99 20.10 18.07 20.01 19.42 17.99 16.07 15.26 14.76 12.78 12.23 12.95 13.55 10.97 8.93 6.56 5.55 0.00 5.22 5.85 8.63 11.63 14.71 16.76 19.09 22.16 23.12 20.99 19.53 16.94 15.67 11.60 10.62 8.49 5.41 7.64 8.74 10.60 13.18 14.18 16.55 16.93 17.03 17.97 20.43 19.94 20.23 18.94 19.64 19.86 20.35 20.52 20.84 19.97 20.41 22.61 22.43 21.13 22.46 23.23 22.78 21.46 23.37 24.03 23.45 20.88 18.42 16.67 15.49 13.87 11.46 11.46 12.61 11.84 13.47 16.08 20.26 22.79 23.55 20.87 18.95 16.82 17.01 15.94 17.13 14.89 16.44 16.73 18.04 19.81 21.45 23.26 
30.88 30.00 31.10 29.70 28.06 27.74 28.20 27.82 25.16 25.32 26.16 26.17 24.26 24.91 26.03 25.63 24.16 23.79 22.51 22.50 21.67 21.12 19.77 21.64 20.77 20.03 18.93 18.39 17.40 15.98 15.44 16.49 16.79 14.19 12.10 9.13 7.02 5.22 0.00 5.62 7.62 11.93 13.59 16.67 19.33 22.12 23.07 21.39 20.40 17.64 14.99 13.46 11.44 9.15 8.13 9.69 10.74 12.46 15.42 16.37 18.67 17.95 18.60 19.41 22.29 21.25 21.18 20.28 21.11 20.54 21.34 21.50 21.87 20.05 20.84 22.83 22.70 21.04 22.61 23.58 23.12 21.83 23.43 23.91 23.94 21.29 18.74 17.23 16.08 14.48 13.14 13.61 15.22 14.09 17.05 19.25 22.40 24.90 25.76 22.78 20.19 18.28 18.42 17.47 17.36 16.06 16.46 17.01 18.42 20.79 21.43 23.09 
29.90 28.72 30.00 29.06 27.20 26.91 27.05 26.50 24.66 24.96 24.72 24.48 23.19 23.27 23.97 23.42 22.86 22.40 20.84 20.75 20.23 19.88 18.46 20.11 19.57 19.38 18.33 17.79 17.32 16.48 16.32 16.84 17.11 15.41 14.61 11.06 8.13 5.85 5.62 0.00 6.28 8.41 10.91 12.96 15.88 20.05 20.75 18.55 16.85 15.59 14.62 11.12 7.89 9.38 7.26 10.07 10.35 13.54 15.45 16.43 17.09 17.21 16.93 17.42 19.90 19.56 19.21 18.72 19.15 19.59 19.12 19.86 19.84 19.38 18.29 21.23 20.37 19.60 20.48 21.52 20.70 19.18 20.47 21.64 21.48 18.72 15.71 14.97 14.01 13.32 11.65 12.94 15.09 14.73 16.88 19.24 22.14 24.39 24.82 21.97 19.30 17.85 16.75 15.49 15.79 14.33 14.51 15.26 17.78 20.62 21.33 22.04 
28.65 27.09 27.79 26.80 26.00 25.77 25.14 24.36 23.00 23.39 22.42 22.66 21.13 21.79 21.63 21.23 19.92 20.37 18.60 18.73 18.34 18.16 16.83 18.70 18.54 18.09 17.82 17.61 17.59 17.46 17.84 18.23 18.42 16.91 17.21 13.70 10.78 8.63 7.62 6.28 0.00 7.12 8.41 10.71 12.60 16.40 17.97 15.34 13.36 11.94 9.72 8.20 8.33 7.42 5.13 9.24 12.35 13.30 14.51 14.81 16.77 16.57 16.40 16.24 18.35 18.08 17.53 16.10 17.06 16.97 17.20 16.88 17.72 16.17 15.52 18.04 18.36 16.35 17.65 18.69 18.05 16.15 18.27 18.69 19.02 15.82 13.15 12.24 12.78 11.37 10.46 11.95 15.92 15.50 17.77 18.30 21.38 23.03 23.59 20.81 19.02 16.32 15.71 14.75 14.89 12.77 12.74 13.36 15.89 18.64 19.73 22.79 
28.87 27.27 27.32 26.28 25.40 25.02 24.66 23.76 22.89 22.47 22.17 21.72 20.10 20.59 21.79 20.80 19.45 19.31 18.16 18.43 17.96 17.91 16.82 19.37 18.60 18.63 18.01 18.68 19.07 18.43 19.03 18.90 20.09 18.81 18.30 15.87 14.57 11.63 11.93 8.41 7.12 0.00 6.36 7.97 10.62 13.54 15.46 13.07 11.78 9.63 10.00 8.16 7.87 10.67 9.56 12.96 13.27 15.74 15.56 16.90 16.43 16.49 16.14 15.99 17.62 17.10 17.00 16.03 16.39 16.52 16.99 16.75 17.05 16.13 14.75 17.33 17.27 16.00 16.83 16.95 16.66 15.61 17.59 18.85 18.54 15.95 13.29 12.33 10.92 11.97 11.55 12.80 15.49 16.71 18.41 19.48 21.67 24.18 24.70 21.96 19.55 17.19 16.85 14.61 14.49 11.13 13.73 13.65 16.29 18.83 21.08 22.41 
29.04 28.20 28.75 26.70 25.71 25.40 25.27 24.45 22.67 22.46 22.28 21.92 19.85 20.48 21.45 21.05 19.50 19.86 19.12 19.11 18.46 18.89 18.58 20.01 19.12 19.53 19.70 20.48 20.72 20.26 20.02 20.86 21.85 20.86 19.93 17.45 17.01 14.71 13.59 10.91 8.41 6.36 1.87 6.54 7.64 10.43 12.36 12.02 9.76 7.16 8.06 9.07 7.95 11.17 13.08 13.98 14.42 15.05 15.92 15.50 16.51 15.90 16.21 15.81 16.68 16.15 16.30 15.63 15.89 15.43 15.91 16.19 16.84 14.72 14.66 16.35 16.56 15.17 16.10 16.53 16.32 14.88 17.20 17.44 16.94 14.19 12.77 10.15 9.85 10.60 12.48 13.14 16.17 17.42 19.99 20.43 23.12 25.63 26.63 22.78 19.82 17.49 17.01 14.61 12.78 10.63 12.49 14.59 16.23 18.95 21.09 23.13 
29.63 28.68 29.02 27.66 26.19 25.99 25.67 25.08 23.22 23.09 22.45 22.52 20.39 20.56 21.19 21.20 20.46 20.44 19.58 19.90 19.42 19.94 19.33 20.72 20.76 21.63 21.46 21.51 22.12 22.27 22.94 22.75 23.56 22.33 22.64 20.00 19.68 16.76 16.67 12.96 10.71 7.97 6.54 1.81 6.27 8.16 11.73 9.70 8.52 7.78 9.31 8.00 9.23 13.51 15.04 16.46 15.57 17.27 17.61 16.09 16.78 17.26 16.98 14.45 15.32 15.91 15.93 15.67 15.66 16.34 15.84 17.18 17.04 16.20 13.83 17.28 16.55 15.30 15.89 17.11 16.12 14.57 17.04 18.35 16.77 15.14 12.80 12.05 10.90 12.74 14.07 15.83 18.67 20.01 21.09 21.66 24.71 27.16 27.71 24.55 22.19 19.77 18.92 15.73 15.31 13.20 14.64 14.87 18.10 20.44 22.02 23.44 
29.58 28.00 28.43 27.33 26.17 26.22 25.47 25.39 23.83 23.51 22.04 22.00 20.62 20.76 20.21 20.07 19.46 19.81 17.93 18.73 18.66 18.91 18.16 20.41 21.11 21.59 21.51 21.43 22.41 22.08 22.76 22.71 24.12 23.45 24.16 22.82 21.37 19.09 19.33 15.88 12.60 10.62 7.64 6.27 1.88 5.85 7.39 7.85 7.64 7.98 8.56 10.74 11.38 15.40 15.95 18.14 17.80 19.22 19.28 18.14 17.91 17.13 16.57 14.41 14.07 14.01 13.60 12.90 14.13 13.47 13.51 13.54 14.90 12.28 10.02 14.55 15.17 12.54 13.21 15.37 14.71 12.70 15.01 15.36 14.72 12.25 11.47 9.80 9.41 11.61 13.96 15.03 18.27 19.63 21.03 21.42 24.90 26.55 26.98 24.11 21.49 19.34 18.56 16.58 15.67 13.09 13.67 14.69 17.37 19.66 20.87 25.32 
31.18 29.34 29.34 28.40 28.38 28.23 27.37 27.30 26.30 26.23 24.61 24.01 22.60 23.08 23.04 22.53 21.88 22.20 20.26 21.10 20.94 21.67 21.45 23.59 23.97 24.34 24.08 24.12 24.92 24.65 24.72 25.34 26.91 26.35 26.55 25.07 25.19 22.16 22.12 20.05 16.40 13.54 10.43 8.16 5.85 0.00 5.63 7.06 8.76 9.88 11.80 12.66 13.39 18.51 19.72 21.84 20.75 21.91 22.62 20.43 19.47 18.19 18.28 15.20 14.74 15.15 15.09 14.34 14.47 14.73 15.61 15.52 15.63 15.61 13.13 16.19 16.07 15.51 15.69 17.65 16.62 16.02 17.94 19.17 17.79 15.75 13.61 13.07 12.04 15.04 16.64 18.19 20.65 22.26 23.38 23.63 26.60 28.77 28.84 26.33 23.87 21.69 20.65 18.48 17.97 15.63 16.84 16.57 19.21 20.93 22.32 24.60 
31.72 30.50 30.59 29.15 28.88 29.06 27.92 27.90 27.19 27.02 25.24 24.96 22.67 23.38 22.94 22.84 21.55 22.25 20.93 21.42 20.67 22.39 22.77 24.71 25.05 25.88 25.89 25.50 26.33 25.54 25.97 26.00 28.40 26.99 27.13 25.59 25.88 23.12 23.07 20.75 17.97 15.46 12.36 11.73 7.39 5.63 0.71 6.46 8.91 11.56 12.43 15.05 16.29 20.07 20.60 22.73 22.81 23.81 23.40 22.37 21.83 19.72 18.52 16.30 16.38 15.85 15.29 13.67 14.59 13.74 15.44 15.10 16.05 15.61 14.99 16.19 16.75 15.83 16.22 18.09 17.66 16.53 18.62 19.37 18.88 16.44 14.99 14.41 14.76 16.14 17.94 18.86 21.92 23.32 24.86 24.95 27.83 30.00 30.71 27.45 24.26 22.39 21.86 19.30 18.98 16.72 16.80 18.33 20.70 21.86 23.14 24.15 
30.48 28.90 29.21 28.09 27.71 27.22 26.64 26.74 25.48 24.94 23.70 23.77 21.54 21.28 21.18 20.81 19.78 19.70 18.19 18.53 18.27 19.16 19.90 21.93 22.83 23.71 23.54 23.10 23.95 23.92 24.13 24.28 25.24 24.70 24.97 23.46 23.70 20.99 21.39 18.55 15.34 13.07 12.02 9.70 7.85 7.06 6.46 0.00 5.86 8.36 9.93 12.22 14.02 17.46 17.19 20.41 21.19 21.84 21.12 20.45 19.93 18.86 17.42 15.53 14.54 14.22 10.92 11.00 11.39 11.77 12.16 12.99 13.64 12.98 11.34 14.28 14.67 12.89 13.71 14.60 14.80 14.51 15.92 16.92 16.64 14.94 13.23 13.15 13.48 14.98 15.41 16.37 19.43 20.63 22.15 22.05 25.44 28.18 27.99 24.99 21.92 19.91 18.80 15.95 16.67 15.03 15.85 16.39 19.63 21.71 22.21 24.16 
29.13 27.57 27.72 27.43 26.67 26.61 25.80 26.27 25.18 24.72 22.62 22.83 20.95 20.85 19.83 19.40 18.28 17.91 16.03 16.76 16.31 16.93 18.35 20.85 21.92 22.69 22.36 22.47 23.39 22.81 23.31 23.49 24.87 23.35 23.54 21.59 21.84 19.53 20.40 16.85 13.36 11.78 9.76 8.52 7.64 8.76 8.91 5.86 0.00 5.27 5.02 9.09 12.13 15.27 15.90 18.33 18.74 20.17 19.93 18.99 18.86 17.72 16.25 13.37 13.57 10.65 8.60 8.09 10.80 8.21 10.02 11.20 12.73 11.77 9.75 13.37 14.42 13.24 13.70 14.57 14.67 13.53 15.66 16.82 16.89 14.76 12.96 12.82 12.69 13.56 14.41 15.57 18.13 19.04 20.00 20.37 23.71 25.75 25.85 22.32 18.56 16.32 16.39 14.45 13.54 12.16 14.13 14.67 17.62 19.92 21.95 25.93 
28.81 27.07 27.06 26.69 26.58 26.17 25.74 26.15 25.07 24.88 23.32 22.70 21.05 21.15 20.68 19.53 18.45 18.06 16.14 16.38 15.83 17.02 17.58 19.81 20.50 21.95 21.31 21.52 21.75 21.84 21.91 22.51 23.36 22.14 21.49 20.47 20.78 16.94 17.64 15.59 11.94 9.63 7.16 7.78 7.98 9.88 11.56 8.36 5.27 0.00 5.71 8.07 10.23 12.45 15.30 18.13 17.41 19.10 19.12 18.09 17.96 17.44 15.27 13.54 11.28 10.35 8.61 9.13 8.70 6.94 9.26 11.46 11.27 10.50 9.27 13.02 14.05 12.92 13.63 16.02 15.18 14.42 16.72 18.30 17.89 15.88 14.21 13.24 12.41 13.18 14.25 15.03 17.41 17.99 19.08 20.05 22.64 25.29 24.87 21.11 17.08 15.52 16.14 14.03 13.23 13.31 15.44 15.83 18.68 21.65 22.63 25.37 
28.20 26.89 27.38 26.49 25.94 25.48 25.00 25.33 24.26 24.22 22.98 22.47 20.38 20.49 20.15 18.98 17.63 16.95 15.77 15.42 14.81 15.13 15.63 18.00 18.14 19.25 19.22 19.40 19.66 19.43 19.41 19.90 21.07 19.26 18.42 17.37 17.96 15.67 14.99 14.62 9.72 10.00 8.06 9.31 8.56 11.80 12.43 9.93 5.02 5.71 0.00 5.58 8.07 11.06 11.67 15.27 15.63 15.99 16.69 16.44 16.32 14.18 12.36 10.84 11.60 8.82 8.93 8.78 9.81 9.31 11.08 12.12 12.54 12.80 12.43 14.56 14.53 13.90 14.21 16.45 15.68 15.06 17.04 18.96 18.72 17.29 15.18 13.76 13.24 13.48 13.80 14.65 16.38 16.90 17.80 18.48 21.13 23.43 23.97 19.35 15.87 14.39 14.92 11.68 12.74 13.13 14.06 14.94 19.42 21.26 22.20 23.70 
28.16 26.58 27.03 26.34 25.45 24.96 24.65 25.10 23.81 23.79 22.59 22.54 20.29 20.14 19.62 18.98 17.66 17.18 15.42 15.12 14.20 14.50 14.53 16.43 16.77 18.02 17.47 17.60 18.02 18.03 17.48 18.35 18.56 17.68 16.55 15.75 15.29 11.60 13.46 11.12 8.20 8.16 9.07 8.00 10.74 12.66 15.05 12.22 9.09 8.07 5.58 0.00 6.27 6.79 6.76 11.23 12.81 12.97 13.33 14.35 14.13 12.56 10.82 11.12 9.38 8.31 8.76 9.59 10.60 11.00 11.84 13.11 13.47 13.32 13.70 15.94 16.16 15.29 15.86 16.94 17.02 16.47 18.20 19.86 20.06 17.90 15.70 14.87 14.22 13.64 13.37 13.50 14.27 14.70 15.69 16.80 19.39 22.13 21.40 17.01 13.48 13.21 12.40 9.16 11.17 13.21 14.30 15.28 19.17 22.67 22.69 24.80 
29.57 27.81 27.98 27.84 26.83 26.69 25.84 26.46 24.96 24.47 22.81 23.00 20.85 20.99 20.09 19.44 18.59 17.72 15.98 15.54 14.63 15.02 14.43 16.11 16.75 17.48 16.75 16.59 17.63 17.09 16.23 17.10 17.96 16.69 16.41 14.43 13.78 10.62 11.44 7.89 8.33 7.87 7.95 9.23 11.38 13.39 16.29 14.02 12.13 10.23 8.07 6.27 1.54 5.58 6.72 10.68 11.40 12.88 13.99 13.28 12.29 12.20 12.11 10.20 9.97 10.20 10.80 11.01 12.21 12.12 13.60 14.69 14.99 14.65 14.67 17.88 18.44 17.19 18.31 19.18 20.13 19.05 20.97 22.01 22.68 20.11 18.43 17.15 16.04 15.16 14.49 14.24 14.23 14.10 14.78 15.91 18.81 20.81 20.90 16.47 12.96 12.26 13.39 11.50 13.04 13.64 16.89 16.30 20.80 21.74 23.89 27.58 
29.99 28.12 28.35 27.85 27.54 27.07 26.54 27.08 25.26 25.46 24.30 23.94 21.95 22.11 21.83 21.23 19.91 19.14 17.17 16.87 15.55 15.46 14.75 16.07 16.17 16.47 15.58 15.66 15.95 15.67 15.09 16.09 16.97 15.19 13.88 12.81 12.51 8.49 9.15 9.38 7.42 10.67 11.17 13.51 15.40 18.51 20.07 17.46 15.27 12.45 11.06 6.79 5.58 1.42 6.05 8.73 10.06 11.71 13.23 12.41 13.13 12.90 11.99 11.14 11.98 12.44 13.07 14.57 14.81 14.52 15.36 16.17 17.32 17.25 17.16 19.64 20.56 19.35 20.76 22.10 22.82 22.03 23.78 24.83 25.11 22.58 20.42 19.36 18.04 16.34 15.24 14.69 14.82 13.68 14.33 15.47 17.99 20.03 20.30 16.10 12.95 12.41 14.08 12.93 14.34 15.82 17.62 18.32 21.55 23.58 24.64 27.27 
29.95 28.82 29.47 28.38 27.35 27.72 26.87 27.14 25.41 26.05 25.30 24.95 22.15 22.80 22.55 21.67 20.26 19.24 17.50 16.60 15.19 14.27 13.81 14.97 15.27 13.57 13.58 12.82 13.75 11.67 12.53 13.13 14.10 11.57 10.71 8.78 7.61 5.41 8.13 7.26 5.13 9.56 13.08 15.04 15.95 19.72 20.60 17.19 15.90 15.30 11.67 6.76 6.72 6.05 1.42 4.99 6.71 8.70 10.40 9.88 10.32 9.84 9.39 10.16 12.14 11.71 14.35 14.73 15.90 15.41 16.49 17.48 18.86 18.56 18.62 21.00 21.52 20.24 21.88 23.28 23.55 22.73 24.96 25.96 26.41 23.94 21.97 20.67 19.33 17.15 15.14 14.42 14.44 13.13 13.31 14.28 16.98 18.41 18.59 14.66 12.02 12.16 13.24 11.87 15.00 16.04 17.09 17.26 21.66 22.48 24.41 25.35 
29.91 28.64 29.48 28.47 27.78 27.50 27.23 27.34 25.67 26.07 25.47 25.38 22.83 23.03 22.93 22.36 20.62 19.63 17.45 16.72 14.90 13.91 13.00 14.13 13.06 12.46 11.22 11.66 11.35 10.79 10.41 12.17 13.43 12.01 11.45 10.38 9.03 7.64 9.69 10.07 9.24 12.96 13.98 16.46 18.14 21.84 22.73 20.41 18.33 18.13 15.27 11.23 10.68 8.73 4.99 0.67 5.12 5.84 8.39 9.49 9.92 8.07 8.89 11.16 12.81 12.89 15.20 15.72 16.35 16.28 17.36 18.12 19.22 18.50 18.90 21.20 22.12 20.66 22.52 23.61 24.35 23.64 25.20 26.44 27.22 24.88 23.18 21.83 20.53 18.68 15.94 15.04 14.40 13.74 13.56 14.13 16.88 18.60 18.53 14.41 12.47 12.43 13.82 12.79 15.60 17.24 18.25 18.75 22.02 24.20 25.03 27.03 
30.23 28.94 29.44 29.18 28.33 28.26 27.06 27.58 26.33 26.57 25.05 25.60 23.28 23.79 22.70 21.70 20.80 19.61 16.96 15.84 14.20 13.58 11.96 11.78 11.15 9.36 8.72 8.12 9.65 8.13 7.71 10.28 13.12 11.57 11.08 9.65 9.98 8.74 10.74 10.35 12.35 13.27 14.42 15.57 17.80 20.75 22.81 21.19 18.74 17.41 15.63 12.81 11.40 10.06 6.71 5.12 0.74 5.57 7.02 8.44 9.46 9.73 10.13 11.37 12.85 13.89 15.64 15.64 16.34 17.23 17.79 18.18 18.91 17.92 19.22 21.31 22.45 21.41 23.86 24.60 25.51 24.24 26.71 27.72 28.35 25.71 23.75 22.54 20.90 19.07 16.86 15.92 14.98 14.24 14.33 14.70 16.71 18.16 18.05 15.29 13.31 13.06 15.14 14.44 17.30 18.00 19.12 19.52 23.07 24.01 26.17 31.30 
31.11 30.09 30.11 29.77 29.62 29.36 28.51 28.71 27.57 27.67 26.71 26.56 24.53 24.94 24.00 22.94 21.83 20.49 18.26 17.38 15.32 14.53 12.33 13.41 11.33 11.05 9.94 10.12 10.94 10.03 10.60 12.91 14.78 13.76 12.33 11.36 11.20 10.60 12.46 13.54 13.30 15.74 15.05 17.27 19.22 21.91 23.81 21.84 20.17 19.10 15.99 12.97 12.88 11.71 8.70 5.84 5.57 0.00 5.46 6.47 9.01 9.68 11.16 12.00 14.01 15.61 17.38 16.97 17.97 18.25 18.83 19.26 20.03 19.49 19.79 22.59 23.66 23.17 25.13 26.59 27.16 26.17 28.36 29.92 29.92 27.15 25.03 24.27 23.03 20.90 19.30 18.55 17.57 16.61 16.31 16.73 18.49 19.58 19.21 16.59 15.17 14.77 15.20 15.88 18.82 19.37 19.96 20.76 23.77 26.47 26.59 29.23 
31.89 31.39 31.79 31.13 30.43 30.96 29.93 30.16 28.39 28.92 28.06 27.89 25.27 25.58 24.99 23.79 22.73 21.05 18.90 17.55 16.36 14.33 12.29 12.37 12.08 9.27 10.67 11.07 11.89 10.90 13.20 15.41 16.27 15.23 15.47 13.75 13.98 13.18 15.42 15.45 14.51 15.56 15.92 17.61 19.28 22.62 23.40 21.12 19.93 19.12 16.69 13.33 13.99 13.23 10.40 8.39 7.02 5.46 0.74 4.61 6.44 7.90 10.59 11.63 14.31 15.32 17.93 17.99 18.42 19.29 19.83 20.49 21.43 19.98 20.13 23.29 24.58 23.62 25.40 27.36 27.90 27.00 29.43 30.97 31.33 28.62 27.01 26.35 24.44 22.55 20.46 19.84 19.65 18.21 17.42 17.46 19.26 20.86 19.78 17.19 16.32 16.16 17.48 17.39 20.51 20.90 21.36 22.41 26.49 26.32 27.73 28.87 
31.87 30.95 31.15 30.59 30.29 30.09 29.19 29.38 27.81 28.02 26.63 26.76 24.51 24.67 23.65 22.36 20.94 19.85 17.31 16.11 14.22 11.89 9.11 9.84 8.17 6.75 8.27 10.09 11.38 10.77 13.13 16.25 16.89 17.11 17.07 15.47 14.62 14.18 16.37 16.43 14.81 16.90 15.50 16.09 18.14 20.43 22.37 20.45 18.99 18.09 16.44 14.35 13.28 12.41 9.88 9.49 8.44 6.47 4.61 0.00 5.18 6.49 8.01 10.24 13.05 14.06 16.47 16.04 17.60 17.94 18.35 18.93 19.82 18.97 19.35 22.15 23.26 22.37 24.38 26.59 27.22 26.46 28.40 30.07 30.29 28.48 26.46 25.45 23.85 22.07 20.01 19.05 18.59 17.93 17.03 16.56 18.33 20.07 19.37 15.85 15.04 15.56 16.15 16.70 19.36 19.64 19.77 21.65 24.79 27.09 26.18 28.40 
