0.84 3.89 4.33 6.18 6.81 8.50 8.95 10.87 11.63 12.22 13.77 16.17 17.24 18.59 21.08 22.76 23.16 23.71 24.23 25.39 25.15 24.15 24.66 26.93 26.29 24.43 25.07 27.25 26.86 26.07 27.82 28.84 27.99 28.28 29.47 29.61 29.61 29.68 28.87 29.36 27.30 26.04 25.38 25.51 25.45 25.41 25.13 25.39 26.25 26.14 24.86 24.78 25.17 24.28 24.51 24.69 23.74 23.56 24.84 24.85 24.69 25.57 24.67 24.03 23.31 23.19 22.94 23.38 25.25 25.76 27.24 28.75 29.68 29.22 28.33 28.66 28.63 28.56 28.83 28.88 29.21 29.89 30.33 31.56 32.26 33.17 34.59 34.64 34.70 35.09 35.12 34.86 33.98 34.12 32.28 30.70 28.72 27.02 25.00 23.65 22.23 21.24 20.07 19.81 19.11 18.73 18.67 19.77 20.37 19.48 19.62 18.99 19.19 19.09 20.40 20.70 22.18 22.11 22.86 23.42 24.88 25.28 25.72 27.04 30.17 30.16 29.25 30.64 30.06 29.09 27.64 26.67 25.68 25.04 24.28 24.62 24.25 23.25 22.28 22.07 21.12 22.15 21.86 20.02 19.73 20.37 20.29 20.57 19.25 19.43 19.62 19.99 19.82 21.68 22.00 22.45 23.34 24.96 26.57 26.83 25.28 27.37 29.31 28.45 27.10 29.80 31.45 35.02 
3.89 1.73 4.29 5.04 6.48 7.73 8.81 11.34 11.45 11.53 14.14 16.30 16.96 17.50 21.43 22.98 22.80 23.38 24.26 25.97 25.24 23.97 24.14 26.74 26.02 24.09 24.99 27.30 26.40 25.42 27.71 29.28 28.17 28.53 29.68 30.01 30.22 30.24 28.85 29.38 27.57 26.07 25.53 25.48 25.31 25.10 24.87 24.75 25.99 25.56 24.62 24.42 25.25 23.71 24.66 24.72 23.57 23.38 24.99 24.67 24.28 25.29 24.10 23.24 22.46 22.71 22.31 22.69 24.80 25.08 26.91 28.52 29.80 29.04 28.15 28.80 28.62 28.47 28.81 28.80 28.92 29.58 30.17 31.28 31.79 32.56 34.37 34.29 34.54 34.85 34.95 34.35 33.64 33.49 32.10 30.15 28.34 26.34 24.81 23.07 21.56 20.09 19.24 18.95 17.89 17.42 17.59 18.86 19.91 18.84 19.15 17.72 18.82 18.02 19.98 19.51 21.72 20.80 22.54 22.88 24.17 24.82 25.47 26.81 29.85 29.75 28.65 30.65 29.81 28.66 27.03 26.32 25.02 23.82 23.65 23.40 23.48 21.72 21.05 20.35 19.86 20.73 20.33 17.99 17.92 19.19 18.62 19.06 18.14 17.89 18.58 18.90 18.83 20.87 21.59 21.85 22.85 24.30 25.55 27.19 25.99 26.96 26.93 27.21 27.50 30.63 29.88 33.94 
4.33 4.29 0.17 2.93 4.98 5.38 5.70 8.72 9.41 9.70 10.88 13.64 14.10 15.40 18.49 20.17 19.72 21.06 21.93 23.37 22.91 22.37 22.36 24.88 24.44 23.10 23.96 26.16 25.41 24.49 26.77 28.06 27.58 27.65 28.72 28.71 29.77 29.66 27.42 27.56 26.16 24.65 23.96 23.41 22.94 23.08 22.80 22.64 23.21 23.54 22.70 22.77 23.08 22.33 23.32 23.55 22.00 22.20 23.67 23.30 22.32 23.61 22.37 21.32 20.26 20.56 20.53 20.60 22.45 22.93 24.78 26.83 28.16 27.31 26.50 26.90 26.79 26.61 26.96 26.88 26.89 27.62 28.56 29.13 29.79 30.76 32.91 32.56 32.88 33.23 33.32 32.49 31.25 31.21 29.69 27.61 24.88 23.38 22.16 20.40 18.09 16.62 16.64 16.33 15.08 14.52 14.92 16.43 17.50 16.40 16.93 15.35 16.17 15.14 17.17 16.64 18.81 18.07 19.73 20.02 21.13 22.07 23.52 24.53 27.24 27.18 26.59 28.55 27.30 26.06 24.46 23.56 21.35 20.73 20.36 20.30 19.63 18.74 18.25 17.91 16.84 18.26 17.68 15.67 15.41 16.47 15.80 16.84 15.67 14.94 16.02 16.96 16.21 18.29 19.37 19.86 20.28 21.26 23.16 25.08 24.05 25.10 25.45 25.51 25.39 28.73 29.11 30.59 
6.18 5.04 2.93 1.13 5.12 5.93 5.36 7.55 9.42 10.31 11.17 12.98 14.51 15.86 18.47 19.88 21.06 21.72 21.97 23.57 23.86 22.98 22.54 25.26 25.18 23.63 24.00 26.56 26.47 25.68 27.19 29.17 28.63 28.91 29.19 30.00 30.42 30.27 27.76 28.21 26.82 25.43 24.46 24.57 24.06 24.35 24.25 23.94 24.52 24.68 23.68 23.83 24.14 23.32 23.85 24.16 22.65 22.87 24.19 24.23 23.39 24.39 23.23 22.53 21.37 21.65 21.41 21.91 23.72 23.99 25.94 27.96 29.40 28.68 27.28 28.18 27.95 27.70 27.48 27.90 28.17 28.76 29.04 30.10 31.10 31.72 33.33 33.10 33.53 33.75 33.37 32.50 31.35 31.27 29.07 27.83 25.77 24.25 22.16 20.99 19.23 18.30 17.89 17.15 16.39 15.79 16.08 17.29 18.63 17.56 18.23 17.10 18.10 17.21 18.82 18.33 20.70 19.56 21.04 21.17 22.69 23.40 24.31 25.25 27.84 28.03 27.34 29.18 27.81 27.02 25.42 24.63 22.81 22.21 22.15 21.75 21.26 20.31 19.84 18.95 18.46 19.68 19.17 17.00 17.34 18.52 17.80 18.13 17.18 17.16 17.77 18.50 18.05 19.87 20.46 21.02 21.42 22.68 23.99 26.44 25.86 25.85 25.50 25.30 27.16 28.93 29.19 31.81 
6.81 6.48 4.98 5.12 1.30 5.78 6.41 6.90 6.85 8.49 10.29 11.42 11.43 14.61 16.25 17.43 17.54 19.40 19.56 21.11 21.14 19.93 20.47 23.21 22.94 20.62 21.75 24.63 24.23 23.33 25.85 27.54 26.39 26.38 27.86 28.20 27.79 27.63 26.55 26.87 25.10 22.92 22.37 21.96 22.12 21.89 21.32 21.40 22.89 22.67 21.29 21.27 22.19 21.16 21.91 22.07 20.56 20.68 22.89 22.73 22.16 23.43 22.51 21.58 20.44 20.21 20.37 20.88 23.18 23.43 25.36 27.56 28.81 27.86 26.67 27.25 27.00 26.52 26.43 26.68 27.11 27.55 27.80 29.13 30.00 30.67 32.17 31.90 32.61 32.85 32.31 31.40 30.75 30.62 28.26 26.16 25.24 22.92 20.88 19.51 18.77 17.85 16.90 16.54 14.98 15.68 16.01 18.20 18.89 17.57 17.68 16.43 17.04 16.66 18.19 18.24 20.48 19.96 20.47 20.87 23.33 23.67 23.60 25.01 28.36 28.57 27.08 28.92 27.84 26.77 24.78 23.46 22.30 21.58 20.77 20.88 20.84 19.39 18.58 18.39 16.88 18.90 18.51 16.06 16.48 18.36 18.13 18.05 16.85 17.26 17.56 17.01 16.82 19.29 19.33 18.98 19.19 20.67 22.45 24.12 22.41 24.78 26.54 27.27 22.77 26.04 29.87 33.65 
8.50 7.73 5.38 5.93 5.78 0.60 5.28 7.53 6.07 6.14 8.16 10.34 9.82 11.19 14.39 15.72 14.85 16.48 17.16 19.46 18.59 17.68 17.74 20.83 20.20 18.35 19.60 22.79 21.83 21.10 23.59 25.76 24.35 24.36 25.60 26.07 25.89 25.38 23.85 24.13 22.21 20.09 19.19 19.26 18.91 18.57 17.92 18.54 19.70 19.44 17.61 18.39 19.75 18.17 19.66 20.02 18.09 18.61 21.02 20.62 19.55 21.27 19.93 18.85 17.30 17.46 17.35 18.04 20.70 20.83 23.27 25.56 26.86 25.57 24.43 24.98 24.72 24.04 24.33 24.45 24.99 25.15 25.63 26.84 27.72 28.33 30.24 29.99 30.66 30.86 30.43 29.32 28.58 28.23 25.84 23.60 22.26 20.17 18.27 16.80 15.69 14.83 13.75 12.61 11.11 11.94 12.90 14.75 16.11 15.29 14.76 12.66 13.66 13.21 14.51 14.69 16.87 16.31 17.64 18.04 19.87 20.61 20.88 22.02 25.86 25.77 24.16 26.16 25.11 23.80 21.46 20.31 18.89 18.19 17.44 17.51 17.43 15.49 14.68 14.20 12.75 15.49 15.08 12.47 13.02 15.58 14.46 15.85 13.53 13.62 14.38 14.39 13.74 16.81 16.46 16.40 16.40 18.12 19.77 23.32 21.38 22.34 23.82 24.42 21.76 25.48 27.79 31.98 
8.95 8.81 5.70 5.36 6.41 5.28 1.37 5.48 6.43 5.45 6.48 8.41 9.03 9.42 12.10 14.20 13.71 14.65 16.12 18.54 18.33 17.36 18.02 20.63 20.44 18.81 20.05 22.93 22.24 21.48 23.86 25.93 25.06 24.90 25.78 26.10 26.60 26.00 23.91 24.07 22.75 20.10 19.35 18.63 18.63 17.92 17.40 17.46 18.73 18.56 17.18 18.07 19.48 18.39 19.68 20.18 18.78 18.82 21.58 21.17 20.18 21.35 20.48 19.30 18.13 17.79 17.99 18.26 20.93 21.18 23.12 25.55 27.26 26.13 24.66 25.09 24.83 24.31 24.59 24.60 24.82 25.48 25.97 27.00 27.64 28.46 30.46 30.32 30.86 31.08 30.44 29.23 27.97 27.62 25.50 22.92 21.21 19.11 17.75 16.13 15.69 13.52 13.78 12.88 11.62 12.02 11.87 14.67 16.34 14.68 14.39 12.31 12.95 11.70 12.85 12.88 15.37 14.47 16.58 17.09 18.30 19.09 20.41 21.43 24.48 24.72 23.91 25.72 24.99 23.13 21.03 19.60 18.56 17.77 17.27 17.15 17.69 15.74 15.38 14.83 13.02 15.56 15.42 13.31 13.77 15.44 14.58 16.22 14.02 13.22 14.43 15.16 14.48 16.28 16.96 16.84 17.06 17.66 19.24 22.48 21.41 22.79 23.07 24.87 21.69 24.56 26.96 29.59 
10.87 11.34 8.72 7.55 6.90 7.53 5.48 1.91 5.89 7.07 6.26 7.41 8.99 10.68 12.16 13.49 14.79 16.09 16.01 18.17 18.59 18.00 18.18 20.91 20.65 19.74 20.69 23.57 23.31 23.26 25.34 27.70 26.25 26.97 27.44 27.91 27.62 27.29 25.10 25.32 23.30 21.24 20.02 19.98 19.49 19.42 19.11 19.63 20.42 20.38 18.79 19.61 21.37 20.29 21.20 21.89 20.57 21.17 23.06 22.97 22.13 23.77 22.07 21.28 20.21 20.41 20.18 21.19 23.60 23.93 25.85 28.43 29.50 29.20 27.48 28.33 27.59 27.55 27.37 27.75 27.65 28.55 28.82 30.14 30.56 31.28 32.88 32.56 32.65 32.78 31.80 30.60 29.23 28.63 26.39 24.12 22.73 20.50 18.95 17.73 16.62 15.62 15.57 14.23 14.08 13.71 13.97 16.53 18.46 16.82 17.14 15.30 16.22 15.18 16.44 16.37 18.77 17.47 19.28 19.58 21.05 21.77 22.52 23.87 26.63 26.93 25.61 27.66 26.26 24.95 22.57 21.29 20.18 19.85 19.27 18.99 19.07 17.46 16.84 16.28 15.54 17.15 17.34 15.40 17.18 18.64 17.70 18.82 17.07 17.11 17.57 17.84 17.45 19.47 19.27 19.14 18.93 20.08 21.54 25.16 23.42 24.06 24.99 25.53 23.32 25.52 27.76 30.76 
11.63 11.45 9.41 9.42 6.85 6.07 6.43 5.89 1.25 4.95 6.76 6.21 5.79 8.69 11.02 11.12 11.46 14.16 14.11 15.19 16.24 15.42 16.55 18.60 18.87 17.68 18.77 21.41 21.42 21.28 23.84 25.81 24.63 24.82 26.14 26.17 25.58 25.07 23.40 23.45 21.33 18.86 18.27 17.77 17.22 17.02 17.08 17.62 18.81 18.87 17.47 18.01 19.39 18.53 19.68 19.99 18.94 19.72 21.97 21.61 21.08 23.46 21.80 20.84 19.98 20.01 19.94 20.83 23.24 23.37 26.02 28.03 29.51 28.29 27.08 27.88 27.23 26.90 27.01 27.32 27.51 28.24 28.32 29.58 29.70 30.39 31.55 31.08 31.04 30.98 29.83 28.63 27.21 26.71 24.39 22.45 21.60 19.45 17.54 16.67 15.62 14.60 13.97 13.56 11.08 13.17 14.05 16.71 17.80 16.70 16.38 14.94 15.47 15.37 16.29 16.38 18.47 18.12 19.20 19.16 21.16 21.62 21.78 22.81 25.71 25.83 24.41 26.69 24.60 23.53 21.11 19.71 18.23 18.20 17.14 17.33 17.12 15.14 14.18 14.98 12.98 16.34 16.94 14.71 16.55 19.23 18.47 19.37 17.40 18.17 18.22 17.69 17.39 19.96 19.41 18.61 18.70 19.48 20.60 22.80 20.89 21.35 22.67 23.02 22.75 23.76 26.30 27.38 
12.22 11.53 9.70 10.31 8.49 6.14 5.45 7.07 4.95 0.75 5.06 6.92 5.46 6.05 8.53 10.51 9.67 11.65 12.41 13.97 13.17 12.97 13.67 16.75 15.94 14.93 16.53 19.59 18.71 18.36 21.24 23.75 22.13 22.26 23.73 24.11 23.37 23.10 21.09 21.43 18.35 16.11 15.06 14.97 13.58 13.73 13.35 13.93 14.59 14.57 13.83 14.97 16.53 15.66 17.44 17.96 16.12 17.45 20.15 19.70 18.61 21.17 19.61 18.76 17.38 17.70 17.59 18.25 20.80 21.41 23.84 26.20 27.24 26.40 25.01 25.36 24.60 24.29 24.60 24.95 25.35 25.85 25.89 27.13 27.27 27.57 29.14 28.51 28.53 28.39 27.61 26.02 24.70 23.98 21.90 19.89 18.82 16.90 15.03 12.74 10.96 10.19 9.98 7.43 6.80 9.87 11.59 14.10 15.18 14.47 13.51 12.44 12.25 12.33 11.17 12.81 14.50 14.39 16.32 16.68 17.75 18.71 19.03 20.09 23.33 23.41 21.74 24.14 22.03 20.70 18.28 16.81 14.76 14.23 13.37 13.08 12.60 10.20 10.01 10.01 9.00 13.14 14.28 12.22 13.86 17.35 16.53 17.78 15.20 15.87 16.32 15.93 14.83 17.81 17.10 16.24 15.88 16.64 18.00 20.79 19.14 18.41 20.97 21.36 20.37 22.19 24.94 26.01 
13.77 14.14 10.88 11.17 10.29 8.16 6.48 6.26 6.76 5.06 1.38 5.58 6.77 5.60 6.79 9.19 9.62 10.91 11.33 13.89 13.91 13.01 14.60 17.34 17.14 16.10 17.88 20.86 20.02 19.93 22.87 25.17 23.85 24.16 25.49 25.68 25.12 24.74 22.82 22.31 19.92 17.60 16.43 15.27 13.87 14.16 13.49 13.25 13.55 14.36 13.98 15.27 16.40 16.60 18.65 19.03 17.45 18.74 21.90 21.43 20.35 22.91 22.00 21.02 19.67 19.59 19.97 20.48 22.64 23.09 25.88 28.11 29.38 28.33 26.63 26.81 26.02 25.98 26.11 26.26 26.29 27.47 27.52 28.60 28.51 29.39 30.66 30.24 30.09 30.31 29.41 27.88 25.95 25.46 23.60 21.05 19.30 17.48 15.81 13.79 12.59 11.86 11.44 10.65 10.61 12.40 12.84 15.31 17.24 15.62 15.26 13.51 14.11 12.23 12.03 13.81 16.62 15.48 17.46 18.34 19.02 20.18 20.67 21.72 24.51 24.88 23.34 25.12 23.20 21.91 19.01 17.34 15.93 15.78 14.50 14.31 14.39 13.16 12.45 13.40 11.99 16.04 16.44 15.53 16.65 19.56 18.62 19.75 17.26 17.27 18.23 17.88 17.02 19.50 19.10 18.02 17.64 18.03 19.24 22.25 20.57 20.35 21.18 22.50 21.82 23.69 25.91 26.86 
16.17 16.30 13.64 12.98 11.42 10.34 8.41 7.41 6.21 6.92 5.58 1.14 5.66 7.19 6.38 7.36 9.01 10.60 10.81 12.45 13.28 13.45 13.93 16.84 16.62 16.16 18.19 21.18 20.36 20.80 23.72 26.39 24.71 25.62 26.84 27.14 26.27 25.95 24.35 24.14 21.37 19.12 17.86 17.25 15.97 15.60 14.84 14.94 15.42 15.95 15.49 16.62 18.21 17.94 19.62 19.90 18.52 20.28 22.77 22.67 21.67 24.25 23.04 22.57 21.59 21.71 21.89 22.90 25.32 25.28 27.76 30.06 31.16 30.31 28.83 29.04 28.49 28.17 28.33 28.23 28.45 29.21 29.70 30.28 30.78 31.00 32.42 31.61 31.65 31.53 30.62 28.91 27.35 26.62 24.70 22.49 20.93 18.89 17.16 15.98 14.59 14.11 14.34 13.37 13.90 15.14 15.16 17.82 19.31 18.07 17.85 16.32 16.55 15.70 16.52 16.87 18.77 18.12 19.73 19.82 20.71 21.39 22.28 22.94 25.65 25.99 24.65 25.92 24.13 23.17 20.24 18.05 17.17 17.11 15.60 15.66 15.28 14.46 14.32 14.80 14.25 17.80 18.79 17.28 19.00 21.73 20.62 21.22 19.14 20.10 20.04 19.75 19.05 21.66 20.46 19.61 19.12 19.89 21.02 23.02 21.43 21.01 22.97 23.80 22.39 25.54 27.06 27.90 
17.24 16.96 14.10 14.51 11.43 9.82 9.03 8.99 5.79 5.46 6.77 5.66 0.00 5.39 6.99 6.49 7.07 9.08 9.72 11.29 11.76 11.91 13.28 15.25 15.28 15.21 17.09 19.99 19.28 19.49 22.58 25.07 23.59 24.42 25.90 26.22 25.46 25.17 23.57 23.62 21.02 18.68 17.07 16.56 14.87 14.56 13.28 13.49 14.11 14.37 13.69 14.87 16.55 16.52 17.89 18.28 17.00 18.63 21.37 21.43 20.99 23.76 22.77 22.52 21.65 21.88 21.44 22.89 25.11 25.26 27.11 29.89 30.70 29.57 27.78 28.79 27.81 27.56 27.14 27.84 27.89 28.88 28.43 29.67 29.52 30.25 31.08 30.71 30.61 30.78 29.43 28.10 26.39 25.99 23.69 21.44 20.46 18.48 15.84 15.10 14.05 13.44 13.22 13.32 12.58 14.18 14.95 17.44 18.20 17.54 17.13 15.80 16.14 15.73 15.35 16.59 18.15 17.83 18.87 19.10 20.22 20.88 20.92 22.01 24.76 25.39 23.86 25.60 23.59 22.16 19.37 17.70 15.44 15.12 13.60 13.16 13.54 11.97 11.91 13.28 12.43 16.84 17.50 15.88 18.02 20.57 19.66 20.74 19.01 19.87 19.86 19.50 18.87 21.11 20.14 19.28 18.54 19.40 20.20 22.35 20.11 20.14 21.35 22.24 21.19 23.52 25.63 26.58 
18.59 17.50 15.40 15.86 14.61 11.19 9.42 10.68 8.69 6.05 5.60 7.19 5.39 0.12 5.47 7.08 6.11 7.19 8.41 10.91 10.82 10.65 12.03 15.22 14.65 14.02 16.03 19.74 19.06 18.92 21.78 24.54 23.39 24.27 25.47 25.93 25.04 25.05 23.12 23.06 20.15 18.29 16.23 15.08 13.37 12.92 11.71 11.09 11.29 11.50 11.72 13.28 15.43 15.65 17.52 18.26 16.66 18.70 21.25 21.72 21.13 23.66 22.57 22.54 21.60 21.41 21.42 22.71 25.16 25.06 27.26 29.90 30.74 29.57 28.09 28.33 27.57 27.17 27.13 27.33 27.55 28.34 28.34 28.84 29.13 29.50 30.76 30.10 30.04 30.11 29.22 27.34 25.68 25.26 23.37 21.20 20.16 17.97 15.99 14.69 14.26 13.03 12.67 12.89 13.20 14.38 14.95 17.87 19.22 17.41 16.28 15.00 15.55 13.89 13.05 15.02 17.51 16.56 17.97 18.48 19.94 20.78 20.89 22.09 24.81 25.17 23.57 25.76 23.21 21.98 18.83 16.89 14.54 14.17 11.88 11.64 11.99 11.25 10.72 12.55 12.45 16.58 17.46 16.70 18.46 20.88 20.10 21.47 19.03 19.76 19.93 19.65 18.66 21.06 19.78 18.84 17.87 18.06 19.38 21.94 19.95 19.09 21.22 22.45 20.55 22.82 24.72 25.98 
21.08 21.43 18.49 18.47 16.25 14.39 12.10 12.16 11.02 8.53 6.79 6.38 6.99 5.47 1.26 6.17 7.23 6.82 7.84 10.29 11.19 11.56 12.58 15.62 15.82 15.56 16.96 21.13 20.75 20.93 23.61 26.69 25.41 26.29 27.89 28.33 27.49 27.27 25.75 25.50 23.02 21.38 19.49 18.00 16.19 15.85 14.06 13.52 13.03 13.48 13.88 15.35 16.98 17.55 19.73 20.42 19.30 21.02 23.71 24.03 23.61 26.46 25.36 25.27 24.08 24.50 24.41 25.97 28.12 28.35 30.26 32.69 33.74 32.74 30.77 31.27 30.31 30.22 29.87 30.21 29.91 31.32 31.02 31.93 31.69 32.37 33.19 32.65 32.42 32.76 31.59 30.00 28.19 27.93 26.26 24.17 23.13 21.30 19.43 18.42 18.35 17.83 17.37 17.52 17.48 18.60 18.81 21.19 22.56 20.91 20.56 19.04 18.87 18.03 17.52 18.71 20.85 20.61 21.91 22.34 22.90 23.78 24.06 24.89 27.71 28.06 26.71 28.27 26.61 25.05 21.97 19.53 17.67 16.81 14.97 13.91 14.59 13.88 14.13 15.27 15.25 19.59 20.77 20.00 21.80 23.93 22.91 24.17 22.14 22.43 22.45 22.13 21.46 23.33 22.32 21.22 20.30 20.25 21.38 24.11 21.71 21.29 22.11 23.63 22.56 24.26 25.22 26.10 
22.76 22.98 20.17 19.88 17.43 15.72 14.20 13.49 11.12 10.51 9.19 7.36 6.49 7.08 6.17 0.92 5.97 7.29 6.85 8.30 9.97 10.93 11.49 14.25 14.66 14.75 16.54 20.21 20.14 20.34 23.67 26.78 25.51 26.88 28.44 29.04 28.02 28.14 26.89 26.96 24.33 22.86 21.23 20.43 18.78 18.56 16.60 16.32 16.36 16.65 15.81 17.08 18.84 18.89 20.62 21.21 19.72 21.84 24.39 24.66 24.26 27.36 25.95 25.87 24.96 25.55 25.63 27.22 29.57 29.60 31.32 33.78 35.04 33.62 31.87 32.47 32.09 31.46 31.15 31.35 31.42 32.10 32.18 32.84 32.90 33.19 34.01 33.47 33.45 33.64 32.56 31.02 29.62 29.29 27.67 25.60 24.64 22.79 21.32 20.49 19.96 19.67 20.01 19.44 19.53 20.36 21.28 23.49 24.35 22.92 23.34 21.34 21.13 20.78 21.39 21.86 23.15 22.71 23.86 23.60 24.54 25.07 25.24 26.18 28.66 29.02 27.50 29.32 27.48 26.30 23.28 20.77 18.89 17.97 15.74 15.39 14.79 14.38 14.51 16.11 16.40 20.67 21.59 21.02 22.66 24.75 23.65 25.01 23.10 23.94 23.46 23.30 22.68 25.04 23.39 22.19 21.05 21.66 22.72 24.31 21.92 21.61 23.43 24.36 22.42 25.14 25.80 26.45 
23.16 22.80 19.72 21.06 17.54 14.85 13.71 14.79 11.46 9.67 9.62 9.01 7.07 6.11 7.23 5.97 0.59 5.54 6.58 6.88 7.58 8.21 10.28 12.65 12.92 13.36 15.19 18.17 17.96 18.57 21.76 24.57 23.65 25.21 26.96 27.25 26.47 27.07 25.90 25.95 23.37 21.70 20.33 19.55 17.86 17.55 16.23 15.53 15.32 16.08 14.90 15.54 16.87 17.18 19.20 19.84 18.10 19.85 22.69 22.98 22.73 25.77 24.51 24.53 23.43 24.14 23.96 25.70 27.57 27.70 29.66 31.96 33.11 31.87 30.14 31.08 30.69 30.14 29.69 29.95 29.83 30.58 30.43 31.48 31.34 31.79 32.63 32.31 32.58 32.84 31.77 30.45 29.19 28.75 26.75 24.63 23.77 21.97 20.16 19.19 19.03 18.44 18.57 18.56 18.60 19.54 20.76 22.93 23.65 22.72 22.42 20.68 20.73 20.07 20.71 21.46 22.77 21.69 22.07 22.33 23.68 23.92 23.79 24.84 28.04 28.30 26.83 28.92 27.12 25.22 22.33 20.21 17.62 16.23 14.04 12.95 13.08 11.41 12.54 14.35 14.76 18.93 20.19 19.23 21.25 23.08 22.38 23.77 22.55 22.61 22.37 22.15 21.60 23.73 22.34 20.72 20.05 20.52 21.34 22.88 19.86 19.66 21.32 22.29 20.23 22.27 24.50 25.52 
23.71 23.38 21.06 21.72 19.40 16.48 14.65 16.09 14.16 11.65 10.91 10.60 9.08 7.19 6.82 7.29 5.54 0.84 5.45 7.16 6.34 7.04 8.89 12.22 11.91 11.99 14.37 17.18 17.31 17.88 20.96 23.36 22.62 24.86 25.99 26.04 25.43 26.44 25.27 25.70 23.20 22.07 20.50 19.74 18.02 18.24 16.74 16.31 16.44 15.90 14.89 15.46 16.95 17.12 19.06 20.11 18.56 20.01 22.42 23.34 23.16 25.85 24.63 25.05 23.82 24.04 23.94 25.39 27.60 27.82 29.56 31.98 33.09 32.04 30.22 30.86 30.34 29.99 29.61 29.77 29.55 30.55 30.22 30.98 31.05 31.63 32.48 32.04 32.32 32.87 31.38 30.20 28.79 28.83 26.85 25.20 23.97 22.39 20.50 19.97 19.60 18.79 18.66 19.05 19.56 20.54 21.53 24.01 24.85 23.55 23.09 21.78 21.59 21.25 21.34 22.01 23.31 22.62 22.98 23.06 23.87 24.68 24.17 25.56 28.15 28.23 26.87 29.11 27.59 25.40 22.88 20.78 18.29 16.79 15.03 13.63 13.99 12.91 13.41 15.11 16.20 19.93 20.80 20.20 21.66 24.04 22.94 24.91 22.87 23.41 22.67 22.74 21.73 24.24 22.51 21.12 19.58 19.61 20.19 22.19 19.72 19.00 21.01 21.79 19.04 21.97 23.62 24.92 
24.23 24.26 21.93 21.97 19.56 17.16 16.12 16.01 14.11 12.41 11.33 10.81 9.72 8.41 7.84 6.85 6.58 5.45 1.07 5.95 6.94 6.18 6.97 9.97 10.54 10.80 11.99 15.25 15.28 16.23 18.85 21.67 21.14 22.73 24.74 24.96 24.26 24.88 24.14 24.17 22.54 21.31 19.94 18.99 17.69 17.81 16.40 16.00 16.08 15.32 13.71 14.44 15.73 15.80 17.84 18.71 17.56 19.14 21.89 22.45 21.93 24.88 24.00 23.90 22.91 23.48 23.66 25.57 27.45 27.70 29.18 31.82 33.02 31.92 30.03 30.67 30.21 29.79 29.40 29.55 29.39 30.24 29.98 30.77 30.99 31.42 31.88 31.42 31.92 32.19 30.85 29.50 28.76 28.35 26.57 24.52 23.52 21.72 20.07 19.06 18.90 18.14 18.43 18.55 18.82 19.69 21.10 23.41 24.26 22.92 23.23 21.55 21.73 20.96 21.38 21.59 22.79 21.85 22.78 22.38 23.23 23.65 23.65 24.57 26.74 27.01 25.67 27.96 26.53 24.85 21.72 19.97 17.60 16.14 13.78 11.86 13.22 12.32 12.83 14.57 15.54 19.63 20.77 19.44 20.97 23.27 22.81 23.87 22.28 22.59 22.62 22.04 20.81 22.57 21.66 20.16 18.27 18.34 19.40 21.28 18.18 17.80 19.48 20.88 18.87 20.99 23.03 24.24 
25.39 25.97 23.37 23.57 21.11 19.46 18.54 18.17 15.19 13.97 13.89 12.45 11.29 10.91 10.29 8.30 6.88 7.16 5.95 1.37 6.00 7.26 6.45 8.27 9.46 10.78 12.06 14.30 15.03 15.98 18.49 21.33 21.08 22.80 25.05 25.05 24.66 25.26 24.89 24.48 22.87 21.49 20.76 19.97 19.13 19.43 18.19 17.99 18.13 17.41 15.10 15.61 17.01 16.76 18.04 19.07 18.33 19.61 22.45 23.01 23.33 25.88 24.79 24.65 24.05 24.57 24.92 26.60 29.21 29.21 31.07 33.42 35.13 33.67 31.66 32.18 31.87 31.17 31.01 30.93 30.83 31.33 31.14 31.94 32.17 32.16 32.90 32.47 32.98 33.07 31.75 30.55 29.68 29.30 27.57 25.68 24.67 22.78 21.19 20.43 20.22 19.86 20.22 20.56 20.85 21.55 23.26 25.59 26.15 24.81 25.06 23.71 23.93 22.97 23.88 23.63 24.67 23.62 24.17 23.64 24.98 25.18 25.14 25.66 28.23 28.45 26.96 28.84 27.54 25.95 22.88 20.58 18.43 16.67 14.71 13.90 14.35 14.02 14.90 16.60 17.28 20.76 21.93 20.93 22.22 24.32 24.17 25.25 23.65 24.04 23.71 23.42 22.34 24.18 22.20 20.78 19.29 19.50 20.63 21.66 19.46 19.09 20.67 21.16 19.21 22.78 23.81 24.95 
25.15 25.24 22.91 23.86 21.14 18.59 18.33 18.59 16.24 13.17 13.91 13.28 11.76 10.82 11.19 9.97 7.58 6.34 6.94 6.00 0.92 5.46 6.96 6.91 7.28 8.79 11.18 12.89 12.49 14.17 16.67 19.13 18.51 20.78 22.90 23.17 22.68 23.89 23.20 22.92 20.96 19.82 18.92 18.07 17.49 17.76 17.07 16.33 16.17 16.44 14.07 13.77 15.23 15.12 16.51 17.61 16.63 18.14 20.62 21.44 21.41 24.11 23.11 23.25 22.44 23.08 22.99 24.84 27.03 27.31 28.83 31.69 33.35 32.13 30.12 30.70 30.19 29.66 29.37 29.33 29.12 29.57 29.50 30.41 30.30 30.57 31.32 31.16 31.62 31.59 30.35 29.21 28.31 27.68 25.71 23.90 22.87 20.91 19.23 18.26 18.83 18.34 18.64 19.30 20.20 20.81 22.15 24.32 25.14 23.66 23.92 22.67 22.76 21.90 22.68 22.28 23.47 22.33 22.31 22.13 23.62 23.70 23.18 24.14 26.74 27.07 25.24 27.40 25.25 23.29 20.42 18.52 16.50 14.37 12.89 11.84 13.53 12.23 14.02 15.75 16.04 19.36 20.56 19.77 21.12 22.88 22.62 24.12 22.55 22.57 22.20 21.80 20.75 22.19 19.99 18.59 17.55 17.80 18.22 20.35 17.84 17.10 18.43 19.15 17.44 20.13 22.25 23.37 
24.15 23.97 22.37 22.98 19.93 17.68 17.36 18.00 15.42 12.97 13.01 13.45 11.91 10.65 11.56 10.93 8.21 7.04 6.18 7.26 5.46 0.59 5.24 7.24 5.57 5.79 8.65 11.13 9.65 11.17 14.63 16.33 15.32 17.89 19.91 20.03 19.97 21.11 20.10 20.56 18.74 17.59 16.12 15.60 14.92 15.84 14.72 14.73 15.09 14.57 12.07 11.31 12.99 12.83 14.51 15.36 14.54 15.93 18.46 19.02 19.11 21.60 20.63 21.08 20.20 20.54 20.78 22.46 24.70 24.91 26.78 29.40 31.06 29.53 27.80 28.32 28.11 27.22 26.92 27.08 27.13 27.51 27.05 27.83 28.29 28.62 29.25 28.87 29.23 29.51 28.02 26.77 25.86 25.65 23.35 21.59 20.56 18.72 16.82 16.09 16.71 16.40 16.39 17.49 18.71 19.36 20.52 23.20 23.67 22.70 22.39 21.28 21.28 20.59 21.22 21.02 21.63 20.74 20.34 20.20 21.39 21.51 20.85 22.12 24.13 24.22 22.66 24.68 22.42 20.91 18.60 15.96 13.96 11.96 10.59 8.62 11.16 11.21 13.01 15.00 15.40 18.72 19.71 18.87 19.83 22.27 21.65 23.22 20.91 21.09 20.43 20.18 18.71 20.53 17.91 16.51 15.14 15.02 15.18 17.74 15.94 15.15 16.62 17.48 15.72 18.99 20.38 22.39 
24.66 24.14 22.36 22.54 20.47 17.74 18.02 18.18 16.55 13.67 14.60 13.93 13.28 12.03 12.58 11.49 10.28 8.89 6.97 6.45 6.96 5.24 1.33 5.65 6.45 5.28 6.11 9.00 9.40 10.17 12.08 14.92 14.29 16.52 17.90 18.52 18.76 19.79 18.86 19.14 17.97 17.19 16.27 15.56 14.51 15.14 14.77 14.75 14.16 13.69 11.39 10.57 11.56 11.01 12.91 13.37 12.81 14.58 16.89 17.08 17.71 20.78 19.87 19.89 19.32 19.90 20.36 22.02 24.12 24.54 26.24 29.03 30.42 29.13 27.03 27.52 27.31 26.48 25.98 26.26 26.40 26.75 26.05 27.09 27.65 27.78 28.26 27.97 28.51 28.48 27.23 25.91 25.07 24.34 22.48 20.39 19.19 17.33 15.93 15.13 15.80 15.42 15.55 16.90 17.77 18.93 19.97 22.69 23.27 21.93 22.23 21.26 21.16 20.36 21.33 20.43 21.21 20.02 20.20 19.63 20.43 20.54 20.40 20.85 22.79 23.10 21.68 23.55 21.55 20.04 17.20 14.40 12.74 11.52 10.07 8.51 11.71 12.53 14.10 15.26 16.18 19.52 20.45 19.01 20.20 22.47 21.96 22.52 20.78 20.62 20.55 19.60 18.24 19.51 18.04 16.47 14.74 14.48 15.78 17.81 15.16 13.97 15.20 17.10 15.90 18.09 19.66 21.61 
26.93 26.74 24.88 25.26 23.21 20.83 20.63 20.91 18.60 16.75 17.34 16.84 15.25 15.22 15.62 14.25 12.65 12.22 9.97 8.27 6.91 7.24 5.65 1.63 5.74 7.25 6.46 7.88 8.67 10.99 12.53 14.87 15.20 17.34 19.47 19.75 19.78 20.84 20.24 20.57 19.11 18.44 18.28 17.99 17.18 18.27 18.07 18.16 17.50 16.97 14.12 13.42 13.89 13.52 14.15 14.77 14.54 16.05 17.73 17.94 19.25 22.47 21.24 21.21 20.99 21.98 22.42 23.93 26.32 26.91 28.62 31.24 32.87 31.55 29.49 29.56 29.18 28.66 28.29 28.48 28.34 28.97 28.39 29.37 29.66 29.89 30.48 30.41 30.57 30.39 29.04 28.07 27.00 26.48 24.64 23.05 21.65 20.16 18.57 17.96 18.35 18.52 18.90 19.79 20.37 21.40 22.55 25.26 25.51 24.58 25.24 24.16 24.07 23.33 24.51 23.60 23.92 22.61 22.60 21.66 22.51 22.74 22.50 22.84 24.93 24.81 23.31 25.20 23.64 21.66 19.17 16.72 15.81 14.00 13.54 13.36 15.83 17.10 18.42 19.53 20.02 23.12 23.49 22.28 23.13 25.71 24.64 25.39 23.27 23.60 22.60 22.11 20.74 22.24 19.92 18.76 16.64 16.73 17.11 19.60 17.00 16.84 18.02 19.46 17.87 21.06 21.78 23.71 
26.29 26.02 24.44 25.18 22.94 20.20 20.44 20.65 18.87 15.94 17.14 16.62 15.28 14.65 15.82 14.66 12.92 11.91 10.54 9.46 7.28 5.57 6.45 5.74 0.79 5.15 7.08 6.47 6.56 8.49 10.86 12.54 12.45 14.97 16.79 17.60 17.68 19.05 18.02 18.21 17.15 16.49 15.98 15.95 15.89 16.70 16.69 16.00 16.65 16.04 13.29 11.48 12.55 11.79 12.59 13.24 12.75 14.01 15.42 16.52 16.51 19.90 18.95 19.50 19.01 19.90 20.34 21.92 24.37 24.53 26.04 28.91 30.67 29.60 27.42 27.69 27.18 26.72 26.61 26.34 26.18 26.92 26.96 27.53 27.53 27.85 28.81 28.28 28.62 28.46 27.18 25.98 25.02 24.46 22.77 20.71 19.56 18.12 17.37 15.01 16.78 16.61 17.44 17.98 18.57 19.56 21.11 23.38 23.91 22.57 23.78 22.44 22.12 21.43 22.99 21.56 22.05 20.45 20.56 19.52 20.66 20.49 19.83 20.27 22.71 22.43 20.55 22.90 21.11 18.60 16.07 14.50 13.87 12.10 12.47 13.20 15.66 15.82 17.97 18.89 18.85 22.14 22.90 21.20 22.24 24.25 23.98 24.44 22.23 21.77 21.08 20.47 19.08 19.72 17.48 15.93 14.76 14.18 15.11 17.24 14.88 14.34 16.01 16.97 16.06 18.87 20.64 22.44 
24.43 24.09 23.10 23.63 20.62 18.35 18.81 19.74 17.68 14.93 16.10 16.16 15.21 14.02 15.56 14.75 13.36 11.99 10.80 10.78 8.79 5.79 5.28 7.25 5.15 0.00 5.18 7.18 5.20 5.71 8.21 10.35 9.70 11.86 13.58 13.85 15.14 16.47 14.78 15.99 14.51 14.14 13.40 13.57 12.95 14.33 13.97 13.51 14.27 14.26 10.88 8.55 9.90 9.21 10.20 10.82 9.65 11.65 14.17 13.57 14.08 17.09 16.19 16.98 16.56 17.37 17.89 19.49 21.54 22.09 23.79 26.51 27.99 26.68 24.53 24.81 24.71 24.21 23.67 23.91 23.85 24.65 23.93 24.84 25.01 25.09 25.76 25.24 25.38 25.29 23.89 22.87 21.93 21.67 19.53 17.34 16.53 14.78 13.27 11.37 12.91 13.54 14.31 15.52 16.57 17.60 19.31 21.30 21.59 20.82 21.42 19.87 19.74 19.16 20.48 19.42 19.82 18.30 18.05 17.04 18.13 17.81 17.10 17.51 19.95 18.90 17.52 19.25 17.12 14.86 13.17 11.56 10.41 8.69 10.24 11.37 14.26 14.94 16.44 17.84 18.27 21.55 21.83 19.90 20.78 23.20 22.32 23.01 20.34 20.07 19.10 18.19 16.38 17.78 15.55 13.84 11.87 12.15 12.25 14.90 12.75 12.90 14.42 16.07 14.75 17.84 18.80 21.80 
25.07 24.99 23.96 24.00 21.75 19.60 20.05 20.69 18.77 16.53 17.88 18.19 17.09 16.03 16.96 16.54 15.19 14.37 11.99 12.06 11.18 8.65 6.11 6.46 7.08 5.18 0.68 5.83 6.65 5.63 6.46 8.88 9.42 11.34 12.45 12.69 14.13 15.55 13.92 15.22 14.24 14.15 13.57 13.76 12.91 14.75 15.02 14.93 15.06 14.81 12.54 10.46 10.41 9.38 10.59 9.67 9.45 11.08 13.09 11.77 12.62 16.59 15.68 16.56 16.58 17.63 18.45 19.86 21.59 22.06 24.05 26.39 27.94 26.61 24.35 24.41 24.34 23.79 23.27 23.62 23.65 24.10 23.38 24.58 24.81 24.72 25.18 25.14 25.33 25.05 24.02 22.97 21.63 21.21 19.84 17.88 16.37 14.50 14.18 12.19 13.42 13.46 15.05 16.09 16.61 17.99 19.69 21.85 21.95 21.12 22.36 20.81 20.59 20.05 21.52 20.11 20.82 19.08 18.97 17.66 18.29 17.90 17.32 17.57 19.46 18.73 17.15 19.08 16.96 14.94 12.85 11.74 11.62 11.06 12.16 13.68 17.11 17.84 18.67 19.99 20.51 23.18 23.10 21.22 22.41 24.00 22.78 22.87 21.04 20.49 19.69 17.75 16.36 17.91 16.17 13.59 12.44 12.15 12.89 14.27 12.90 12.09 13.45 15.21 14.82 17.38 19.04 21.21 
27.25 27.30 26.16 26.56 24.63 22.79 22.93 23.57 21.41 19.59 20.86 21.18 19.99 19.74 21.13 20.21 18.17 17.18 15.25 14.30 12.89 11.13 9.00 7.88 6.47 7.18 5.83 1.02 5.52 7.12 6.60 8.08 9.37 11.56 13.20 14.11 15.20 16.23 15.27 16.91 15.79 15.96 16.45 16.86 16.42 18.44 18.54 18.76 19.34 19.08 16.09 15.09 14.23 12.73 12.92 12.66 11.93 13.27 14.40 13.97 15.24 18.50 17.46 17.59 18.23 19.68 20.76 21.79 23.80 24.36 26.04 28.42 29.94 28.54 26.29 25.84 25.57 25.34 25.25 24.99 25.28 25.83 25.67 26.26 26.56 26.68 27.48 26.97 27.29 26.91 25.75 24.60 23.38 22.98 21.62 19.74 18.01 16.53 16.04 15.05 15.38 16.21 17.96 19.04 19.81 20.89 22.38 24.35 24.50 23.84 25.08 23.67 23.63 22.98 24.63 23.32 23.68 21.80 21.49 20.01 20.43 20.18 19.48 19.40 21.53 20.62 19.10 20.99 18.28 16.28 14.96 13.55 14.40 14.57 15.99 17.93 20.81 21.26 21.94 23.19 23.40 26.08 26.08 24.47 25.43 27.24 25.95 25.64 23.50 23.49 22.16 20.59 19.04 20.65 18.08 16.01 13.52 14.43 14.38 15.84 13.73 14.76 16.75 18.16 17.06 20.65 21.63 23.68 
26.86 26.40 25.41 26.47 24.23 21.83 22.24 23.31 21.42 18.71 20.02 20.36 19.28 19.06 20.75 20.14 17.96 17.31 15.28 15.03 12.49 9.65 9.40 8.67 6.56 5.20 6.65 5.52 0.00 4.96 7.01 6.48 6.79 9.01 11.18 11.61 12.48 13.97 13.18 14.80 13.76 13.78 14.64 15.26 15.41 16.68 16.96 17.36 18.53 18.48 15.36 13.73 13.87 12.07 11.98 11.60 10.16 11.32 12.94 12.71 12.85 16.32 14.67 16.08 16.33 17.68 18.60 20.23 22.10 22.08 23.99 26.39 27.69 26.55 24.26 24.11 23.26 23.01 22.74 22.60 22.45 23.38 23.25 23.70 23.59 24.13 24.85 24.21 24.44 24.43 22.95 21.76 20.56 20.80 19.38 16.76 15.43 13.87 14.25 11.64 13.63 14.59 16.48 17.51 18.61 19.64 21.17 23.17 23.73 22.68 23.91 22.59 22.20 21.61 23.20 21.71 21.93 19.96 19.51 18.20 18.87 17.96 16.82 17.11 19.34 17.98 16.20 17.81 15.31 13.04 12.20 11.20 12.15 12.35 14.52 16.84 18.99 19.68 20.69 21.59 21.76 24.65 25.36 23.15 23.87 25.72 25.00 24.68 21.89 21.19 20.30 19.17 17.21 17.92 14.89 12.95 10.37 10.70 12.13 13.29 10.41 11.69 14.53 15.26 14.77 18.21 20.36 22.02 
26.07 25.42 24.49 25.68 23.33 21.10 21.48 23.26 21.28 18.36 19.93 20.80 19.49 18.92 20.93 20.34 18.57 17.88 16.23 15.98 14.17 11.17 10.17 10.99 8.49 5.71 5.63 7.12 4.96 0.00 5.23 6.94 5.84 7.45 8.86 9.18 10.65 12.10 10.80 12.69 12.03 12.27 13.16 13.79 13.65 15.70 16.75 17.04 18.44 17.84 15.27 13.51 12.81 10.94 11.11 10.25 7.73 9.11 11.16 10.30 10.75 13.68 12.98 14.07 15.11 15.84 17.44 18.95 20.49 20.83 22.73 25.26 26.41 25.09 22.76 22.69 22.10 21.65 21.14 21.17 21.35 21.86 21.46 22.16 22.37 22.50 22.76 22.12 22.04 22.23 20.52 19.59 18.27 18.60 15.87 13.37 12.03 11.12 10.50 8.10 10.91 13.60 15.11 15.95 17.46 18.79 21.08 22.52 22.90 22.14 23.23 21.39 21.43 20.63 22.15 20.97 21.23 19.16 18.35 17.31 17.74 16.73 15.26 15.78 17.78 16.08 13.92 15.90 12.93 10.78 10.52 10.29 11.39 11.19 13.80 16.46 18.72 18.93 20.28 20.94 21.54 24.45 24.61 22.54 23.47 25.57 24.26 24.38 21.16 20.61 19.49 18.16 15.65 16.83 14.32 12.52 9.48 10.34 11.57 13.55 11.58 12.28 14.60 16.18 15.45 18.40 19.78 22.50 
27.82 27.71 26.77 27.19 25.85 23.59 23.86 25.34 23.84 21.24 22.87 23.72 22.58 21.78 23.61 23.67 21.76 20.96 18.85 18.49 16.67 14.63 12.08 12.53 10.86 8.21 6.46 6.60 7.01 5.23 0.54 5.99 6.80 7.17 8.09 9.10 10.64 12.97 10.97 13.23 12.60 13.19 14.34 15.42 14.91 17.95 19.28 19.92 20.63 20.94 17.94 16.38 15.72 13.54 13.04 11.94 9.28 9.98 11.29 9.95 10.41 14.26 13.04 14.89 15.49 17.26 18.72 19.89 21.77 22.19 24.28 26.08 27.71 26.55 23.93 23.89 23.30 23.01 22.24 22.60 22.69 23.17 22.33 23.73 23.93 23.68 23.93 23.09 23.28 22.86 21.58 20.62 19.40 19.38 17.54 15.00 14.14 12.43 13.12 11.54 13.51 15.58 18.21 18.73 19.52 20.69 22.87 25.23 25.49 24.46 25.56 23.99 24.07 23.44 24.57 23.05 23.77 21.45 20.71 19.12 19.43 18.31 16.99 16.64 18.51 16.33 14.29 15.84 13.66 11.93 11.90 11.81 13.26 13.97 16.33 18.58 21.35 21.94 22.72 23.51 24.23 26.62 26.63 25.01 26.24 27.74 26.16 25.76 23.44 22.51 21.41 19.31 17.11 18.42 15.95 13.78 11.91 12.33 13.76 15.51 14.26 13.83 14.87 16.11 16.47 19.16 20.94 22.20 
28.84 29.28 28.06 29.17 27.54 25.76 25.93 27.70 25.81 23.75 25.17 26.39 25.07 24.54 26.69 26.78 24.57 23.36 21.67 21.33 19.13 16.33 14.92 14.87 12.54 10.35 8.88 8.08 6.48 6.94 5.99 0.53 5.68 7.73 7.80 8.40 10.39 12.19 11.65 13.51 13.29 14.04 16.11 17.55 17.81 20.48 21.58 22.52 24.32 24.15 21.22 19.71 19.12 17.17 16.44 15.43 12.72 12.28 12.93 12.15 12.66 15.76 14.82 15.75 17.19 18.67 20.13 21.26 23.09 23.83 25.15 27.37 28.63 27.73 24.93 24.63 24.27 24.04 23.26 23.48 23.77 24.55 24.25 25.04 25.05 25.08 25.07 24.81 24.76 24.73 22.79 22.01 20.86 20.85 18.86 16.95 15.79 14.11 14.71 14.80 16.59 18.62 20.49 21.65 22.32 23.61 25.58 27.95 28.55 27.51 28.22 26.83 26.97 26.00 27.21 26.11 26.54 24.17 22.94 21.57 21.51 21.07 19.26 19.06 20.71 19.49 16.61 18.27 15.46 14.24 14.09 13.60 16.09 17.52 18.90 21.30 24.10 24.35 25.11 26.29 26.67 29.30 29.31 27.81 28.55 30.47 28.62 28.37 25.34 24.92 23.09 21.73 19.38 20.68 17.38 16.35 13.65 14.57 15.63 17.71 16.09 16.37 18.52 19.43 18.74 21.88 22.78 24.43 
27.99 28.17 27.58 28.63 26.39 24.35 25.06 26.25 24.63 22.13 23.85 24.71 23.59 23.39 25.41 25.51 23.65 22.62 21.14 21.08 18.51 15.32 14.29 15.20 12.45 9.70 9.42 9.37 6.79 5.84 6.80 5.68 0.00 5.30 6.84 6.49 7.80 10.04 8.94 11.88 11.72 11.79 13.82 15.82 16.52 18.94 20.17 21.32 23.44 23.27 19.97 19.04 18.37 15.75 15.54 14.25 11.55 10.95 11.54 10.60 10.33 13.67 12.02 14.33 14.00 16.15 17.91 19.38 20.95 20.95 23.62 25.37 26.23 24.53 22.58 22.71 22.04 21.21 21.06 21.08 21.26 22.29 22.15 22.81 22.24 22.27 22.86 22.29 22.28 21.57 20.29 19.37 18.18 18.20 16.38 14.43 12.75 11.55 12.69 12.62 15.31 17.06 18.96 20.21 21.34 22.63 24.60 26.87 28.19 26.87 27.83 26.04 25.75 25.03 25.90 24.44 25.33 22.50 21.26 19.61 19.86 18.94 17.13 17.01 18.91 16.90 14.61 15.59 12.95 11.71 11.31 11.19 13.55 15.06 17.11 19.82 22.26 22.82 23.68 24.69 25.23 27.77 28.39 26.46 26.88 28.61 27.31 26.80 23.48 22.46 20.84 19.35 16.95 17.48 14.20 13.43 11.25 12.39 13.93 16.74 14.05 14.41 16.24 17.08 16.92 19.72 21.81 23.08 
28.28 28.53 27.65 28.91 26.38 24.36 24.90 26.97 24.82 22.26 24.16 25.62 24.42 24.27 26.29 26.88 25.21 24.86 22.73 22.80 20.78 17.89 16.52 17.34 14.97 11.86 11.34 11.56 9.01 7.45 7.17 7.73 5.30 0.00 6.07 6.49 7.17 8.62 8.81 11.26 11.48 11.58 14.25 16.06 17.53 20.27 21.73 22.85 24.99 24.74 22.04 20.78 19.91 17.64 17.06 15.96 12.23 12.15 11.80 10.60 10.87 13.15 12.23 13.97 15.05 16.21 18.37 19.60 21.54 21.96 23.92 26.19 26.65 24.99 22.33 22.56 21.83 21.49 20.97 21.28 21.44 22.79 22.53 23.08 22.73 23.02 23.36 22.45 21.99 21.83 20.19 19.12 17.68 17.42 15.50 14.30 13.26 12.05 13.80 13.83 16.50 18.92 20.63 21.61 22.57 23.95 25.69 28.04 28.94 28.27 28.40 26.93 26.92 25.81 26.63 25.48 26.12 23.62 22.28 20.87 20.68 19.98 18.05 17.79 19.05 17.81 15.46 16.61 13.86 12.81 13.41 13.31 15.30 16.59 18.74 20.82 23.43 23.72 24.81 25.70 26.05 29.01 29.12 27.56 27.78 29.52 28.12 27.91 24.17 23.47 21.80 20.60 18.11 19.43 16.16 15.42 13.67 14.75 16.10 19.04 16.90 16.13 18.45 18.96 18.31 20.82 22.88 24.22 
29.47 29.68 28.72 29.19 27.86 25.60 25.78 27.44 26.14 23.73 25.49 26.84 25.90 25.47 27.89 28.44 26.96 25.99 24.74 25.05 22.90 19.91 17.90 19.47 16.79 13.58 12.45 13.20 11.18 8.86 8.09 7.80 6.84 6.07 1.05 6.68 7.55 8.87 8.98 11.96 12.40 13.17 15.94 17.88 18.47 22.15 24.16 25.26 27.40 27.20 24.41 23.11 21.99 19.36 18.94 17.44 14.19 12.88 12.84 11.41 9.98 13.07 11.74 14.47 15.12 16.75 18.29 20.32 22.34 22.60 24.81 26.50 27.58 25.71 22.72 22.75 22.39 21.83 21.57 21.79 22.50 23.23 23.09 23.86 24.06 23.52 24.10 22.52 22.65 21.97 20.37 18.84 17.83 17.42 15.28 14.31 14.04 13.15 14.86 15.53 18.05 20.40 22.42 23.67 24.21 25.36 27.42 29.79 31.08 29.54 30.10 28.62 28.72 27.40 27.96 26.54 27.46 24.65 23.31 21.52 21.67 20.71 18.76 18.28 19.54 17.86 15.34 16.86 13.90 13.31 14.28 14.85 15.95 17.58 19.77 22.25 24.82 25.56 26.18 26.83 27.57 29.86 30.21 28.41 28.86 30.35 28.65 27.94 24.48 23.90 22.13 20.25 18.08 19.90 17.32 16.36 15.34 16.34 17.87 20.20 17.99 17.42 18.07 17.98 18.87 21.31 23.27 23.75 
29.61 30.01 28.71 30.00 28.20 26.07 26.10 27.91 26.17 24.11 25.68 27.14 26.22 25.93 28.33 29.04 27.25 26.04 24.96 25.05 23.17 20.03 18.52 19.75 17.60 13.85 12.69 14.11 11.61 9.18 9.10 8.40 6.49 6.49 6.68 0.00 5.80 7.50 6.79 9.40 11.07 11.83 14.68 17.06 18.64 21.70 23.69 24.96 27.77 27.39 24.69 23.67 23.11 20.26 19.64 17.76 14.56 13.13 12.80 9.88 8.91 10.65 10.35 11.46 13.63 14.72 17.48 18.77 21.52 21.76 23.90 25.52 26.17 24.67 22.02 22.01 21.56 21.05 20.97 21.19 22.13 22.98 22.98 23.32 23.26 22.84 23.21 22.16 22.13 21.56 19.75 17.91 16.35 16.12 14.52 13.62 13.06 12.38 14.42 15.82 18.07 20.19 22.34 23.71 24.68 25.77 27.49 30.10 30.73 29.80 30.21 28.87 28.87 27.37 27.78 26.48 27.24 24.42 22.88 21.29 21.24 20.68 18.52 18.21 19.76 18.57 15.56 17.20 14.29 14.25 14.86 15.02 16.76 17.92 20.16 22.24 25.02 25.03 26.04 26.96 27.55 30.04 30.36 28.56 29.00 30.69 28.85 28.08 24.56 23.96 22.41 20.76 18.59 20.25 17.86 16.74 15.58 16.51 18.02 20.17 18.52 17.78 19.79 20.55 19.33 22.58 24.04 24.85 
29.61 30.22 29.77 30.42 27.79 25.89 26.60 27.62 25.58 23.37 25.12 26.27 25.46 25.04 27.49 28.02 26.47 25.43 24.26 24.66 22.68 19.97 18.76 19.78 17.68 15.14 14.13 15.20 12.48 10.65 10.64 10.39 7.80 7.17 7.55 5.80 0.00 6.34 6.61 8.83 9.57 12.32 14.94 17.42 18.93 22.51 24.11 26.13 28.41 28.37 25.25 24.61 23.63 20.63 19.71 18.87 16.08 14.52 13.99 11.71 9.57 11.52 9.88 11.48 12.43 14.18 16.78 18.51 20.50 20.53 23.37 24.57 24.41 22.56 20.88 21.12 20.69 19.92 20.47 20.42 21.39 22.44 22.48 22.67 22.19 21.41 21.75 21.30 21.39 19.72 18.19 16.70 14.89 14.07 13.18 12.58 12.63 12.26 14.71 15.81 18.13 20.05 22.40 23.95 25.33 26.32 27.95 29.92 31.16 29.79 30.14 28.62 28.52 27.03 27.34 26.14 26.77 24.05 22.41 20.77 20.59 19.72 17.87 17.06 18.16 17.32 14.59 16.20 14.63 14.70 14.44 14.87 16.42 18.21 20.09 22.70 25.02 25.23 26.24 26.96 27.60 29.52 30.06 28.14 28.73 29.51 28.16 27.69 24.32 23.35 21.86 20.88 19.02 20.55 18.13 16.99 16.03 17.47 19.23 20.75 18.81 18.60 19.68 19.53 19.99 22.38 24.36 25.11 
29.68 30.24 29.66 30.27 27.63 25.38 26.00 27.29 25.07 23.10 24.74 25.95 25.17 25.05 27.27 28.14 27.07 26.44 24.88 25.26 23.89 21.11 19.79 20.84 19.05 16.47 15.55 16.23 13.97 12.10 12.97 12.19 10.04 8.62 8.87 7.50 6.34 0.00 5.48 7.88 9.32 10.82 15.02 17.32 18.98 23.08 25.35 26.76 29.09 28.50 26.08 25.04 24.02 21.21 20.61 19.99 16.82 15.30 14.68 13.79 10.70 11.17 9.45 10.66 12.58 13.63 16.77 18.16 20.27 20.89 23.10 24.93 23.89 22.64 20.30 21.34 19.35 19.93 20.44 20.38 21.16 22.36 22.76 22.90 22.48 21.97 22.22 21.50 21.25 20.12 18.25 16.87 14.67 13.44 12.19 11.76 12.54 13.36 14.37 16.01 18.37 20.99 22.97 23.77 25.28 26.46 28.02 30.12 31.16 30.10 30.18 28.43 28.40 26.93 27.28 26.21 26.40 24.51 22.84 21.35 20.64 20.57 17.93 17.80 18.57 17.93 15.27 17.76 15.27 15.93 15.80 16.40 17.39 19.37 21.05 22.85 24.89 25.57 26.38 27.41 27.52 30.34 30.44 28.21 28.36 29.40 28.10 27.91 24.41 23.56 22.43 21.29 19.58 21.21 18.94 17.78 16.97 17.83 19.16 21.39 19.98 19.05 20.87 20.94 20.60 23.47 24.67 25.35 
28.87 28.85 27.42 27.76 26.55 23.85 23.91 25.10 23.40 21.09 22.82 24.35 23.57 23.12 25.75 26.89 25.90 25.27 24.14 24.89 23.20 20.10 18.86 20.24 18.02 14.78 13.92 15.27 13.18 10.80 10.97 11.65 8.94 8.81 8.98 6.79 6.61 5.48 0.00 5.91 6.59 8.42 11.80 15.05 16.70 20.34 22.29 24.85 26.96 26.97 24.17 23.67 21.92 19.21 19.21 18.80 14.84 12.82 13.47 11.93 9.49 9.33 7.08 9.14 9.07 10.53 12.96 15.05 17.69 18.18 20.60 21.73 21.68 20.18 17.98 17.89 16.73 17.28 18.52 18.02 19.31 20.53 20.94 21.13 20.55 20.18 21.10 19.12 18.68 18.38 17.57 15.93 13.61 12.34 10.14 9.33 9.48 10.53 12.20 13.74 15.98 18.23 20.32 21.99 22.56 23.82 25.67 28.13 28.74 27.54 27.74 26.18 25.67 24.30 24.38 23.45 23.36 21.48 19.96 18.89 18.05 17.37 14.89 15.19 16.49 15.75 13.92 16.15 13.94 13.95 14.30 14.88 15.74 17.48 19.15 20.49 22.97 23.54 24.29 24.86 25.54 28.09 28.50 25.80 25.86 27.12 26.02 25.10 21.59 20.99 20.13 18.15 16.72 19.01 17.11 15.61 16.13 16.23 17.93 20.19 19.27 17.78 18.89 18.94 20.56 22.18 23.65 23.93 
29.36 29.38 27.56 28.21 26.87 24.13 24.07 25.32 23.45 21.43 22.31 24.14 23.62 23.06 25.50 26.96 25.95 25.70 24.17 24.48 22.92 20.56 19.14 20.57 18.21 15.99 15.22 16.91 14.80 12.69 13.23 13.51 11.88 11.26 11.96 9.40 8.83 7.88 5.91 0.00 6.18 6.95 10.38 13.28 15.69 19.50 21.52 24.32 27.21 26.53 23.54 23.43 22.23 19.69 20.10 18.19 14.75 12.91 13.88 12.89 11.39 12.18 9.71 8.97 10.71 10.57 12.64 15.46 18.37 18.74 20.85 21.63 21.85 20.10 16.90 17.54 16.14 17.26 18.16 17.92 19.34 20.92 21.11 21.09 20.67 20.47 21.31 19.61 19.30 19.31 18.44 16.82 14.38 12.99 11.15 8.65 9.12 10.49 12.11 14.20 16.06 18.20 20.04 21.74 22.50 23.69 25.55 27.95 28.21 27.27 27.56 25.55 25.16 24.12 24.25 23.32 23.33 21.39 20.34 18.30 17.84 17.30 15.11 15.11 17.12 16.96 14.80 17.07 14.92 15.15 14.87 15.25 15.96 17.63 19.27 20.52 22.77 23.29 24.49 25.11 25.56 28.26 28.49 25.84 26.14 27.59 26.14 25.81 21.95 21.51 20.53 19.17 17.43 19.69 17.72 16.48 15.80 16.85 17.93 20.90 19.91 18.88 20.27 20.29 20.54 23.06 24.21 24.66 
