2.16 5.11 7.43 7.45 10.40 11.48 11.64 12.71 15.31 15.06 15.97 18.99 21.16 21.50 22.45 23.13 24.36 23.28 23.45 24.59 23.00 20.97 20.88 22.06 20.87 19.53 19.82 19.91 18.80 19.25 20.46 20.33 20.23 22.10 23.19 23.15 23.53 25.66 25.62 25.34 25.08 25.24 24.95 24.99 25.06 24.95 24.96 24.84 24.53 23.38 22.14 22.46 22.69 22.75 22.19 22.72 23.39 24.04 24.50 25.15 26.06 26.84 28.47 29.29 31.36 32.22 33.92 34.00 36.08 36.44 36.04 34.83 34.57 33.28 32.46 31.51 31.68 31.04 31.11 30.73 30.86 30.21 29.58 29.30 28.29 27.89 27.41 27.02 26.78 26.58 26.34 27.12 28.44 28.86 27.20 27.31 26.10 25.80 25.35 25.72 26.05 26.20 27.03 27.81 27.33 26.53 26.65 27.26 26.10 25.97 27.84 27.74 26.09 27.01 29.44 29.28 28.32 30.33 30.98 32.08 31.51 30.60 30.86 30.07 29.41 29.92 31.63 31.23 31.40 32.38 33.83 33.66 34.14 35.02 36.47 36.95 36.88 35.61 35.76 35.97 35.11 33.65 33.66 32.87 31.81 31.53 31.81 32.01 31.68 31.97 32.56 33.05 32.13 32.44 32.37 31.95 31.93 32.03 32.07 31.43 31.99 32.31 32.73 32.24 33.79 33.99 34.62 33.08 32.94 32.24 32.34 32.33 33.09 33.45 33.97 34.33 34.14 35.31 35.63 33.84 34.26 35.88 35.61 33.72 35.25 35.84 35.17 34.65 36.13 35.82 35.44 35.78 35.62 35.74 35.41 35.73 35.91 34.85 34.92 34.50 33.69 34.74 35.02 35.91 37.03 37.36 36.93 35.78 34.73 33.70 33.10 32.83 32.61 32.77 33.89 34.95 35.50 36.65 39.08 39.18 37.46 38.01 39.73 38.85 37.26 36.99 38.22 39.16 38.32 37.06 36.41 37.87 37.89 34.80 34.46 34.62 36.16 36.11 
5.11 0.42 4.14 5.44 8.15 8.36 8.86 10.83 12.89 12.09 13.08 16.37 19.39 18.18 20.57 20.65 22.23 20.44 21.16 22.28 20.88 17.94 18.00 19.44 18.25 16.32 17.78 17.74 16.26 16.33 18.56 17.69 17.70 19.21 21.36 20.76 21.61 23.46 23.98 23.32 23.44 23.43 23.21 23.20 23.34 23.10 23.06 22.81 22.86 21.28 19.64 19.63 20.56 20.25 19.79 19.89 20.85 21.27 22.06 22.48 23.59 23.87 25.54 26.63 28.54 29.60 31.30 31.56 33.81 33.94 33.36 32.34 31.82 30.88 29.78 29.35 29.21 28.52 28.51 28.51 28.64 27.76 27.19 26.87 26.17 25.27 25.01 24.47 24.69 24.05 23.62 24.58 26.32 26.50 24.39 24.67 23.56 23.21 22.24 23.38 23.86 23.91 24.26 25.87 25.57 24.47 23.99 25.46 24.15 23.64 25.48 25.59 24.02 24.75 27.48 27.16 26.26 28.16 28.80 29.79 29.50 28.20 28.73 27.87 27.10 27.56 29.48 29.09 29.22 30.42 31.68 31.76 32.09 33.11 34.10 34.96 34.95 33.52 33.43 34.03 33.11 31.37 31.41 30.75 29.36 29.33 29.34 29.96 29.16 29.67 29.92 30.97 29.61 30.25 29.70 29.63 29.38 29.78 29.33 28.96 29.57 30.10 30.00 29.70 31.10 31.60 32.32 30.91 30.68 30.23 29.94 30.29 30.62 31.42 31.75 32.51 32.08 33.76 33.57 31.74 31.87 34.21 33.56 31.71 33.54 34.28 32.85 32.63 34.09 33.96 32.88 34.17 33.73 33.83 33.02 33.76 33.33 32.81 32.59 32.75 31.51 32.94 32.93 33.78 34.62 35.39 35.03 33.84 32.64 31.58 31.20 30.48 29.79 30.31 31.79 33.37 33.47 34.79 37.54 37.77 35.24 36.12 38.10 37.19 34.85 34.96 36.69 36.74 35.35 35.14 35.70 34.97 33.36 33.04 34.45 33.85 33.88 34.80 
7.43 4.14 0.32 4.83 7.64 7.65 8.04 10.05 12.05 11.18 12.02 14.79 17.52 16.58 18.69 18.97 19.82 18.59 20.04 20.78 19.41 17.17 16.98 18.36 17.10 15.89 17.50 17.26 15.65 16.39 18.40 17.80 17.66 19.48 21.43 21.01 21.80 23.56 24.01 23.39 23.94 23.48 23.46 23.16 23.89 23.07 23.19 22.65 23.23 21.24 19.47 19.10 19.99 19.90 19.33 19.50 20.36 20.92 21.64 21.86 23.04 23.36 25.09 25.24 27.39 27.88 30.10 29.82 32.58 32.21 32.06 30.68 31.05 29.36 28.93 28.01 28.35 27.11 27.56 27.37 28.17 27.00 26.61 26.25 25.61 24.76 24.58 23.86 24.08 23.38 22.78 23.59 25.39 25.30 23.10 23.56 22.70 22.10 21.06 22.30 23.27 23.11 23.52 25.16 25.69 24.25 23.67 24.79 24.28 23.38 24.74 24.95 23.87 24.47 26.32 26.22 25.56 27.23 27.48 28.71 28.72 27.25 27.91 26.85 26.33 26.54 28.68 28.19 28.87 29.85 31.35 31.23 31.70 32.22 33.51 34.38 34.66 32.91 33.00 33.27 32.58 30.59 30.92 29.84 28.95 28.50 28.81 29.08 28.48 28.75 29.19 30.05 29.08 29.41 29.23 28.94 28.99 29.05 28.81 28.10 29.02 28.97 29.08 28.43 30.20 30.24 31.33 29.67 29.90 29.13 29.26 29.25 30.07 30.42 30.90 31.64 31.70 33.07 33.00 31.11 31.55 33.30 33.20 31.21 33.37 33.86 32.76 32.22 33.73 33.27 32.57 33.40 33.10 33.05 32.67 32.94 32.55 31.97 31.87 31.65 30.81 32.19 32.27 32.74 33.92 34.80 34.82 33.13 31.91 31.02 30.79 29.93 28.76 29.34 31.41 32.68 32.79 34.31 37.14 36.97 34.34 35.54 37.64 36.42 34.06 34.41 36.31 36.61 35.73 35.20 34.83 36.04 36.54 33.45 33.95 33.08 35.20 34.93 
7.45 5.44 4.83 0.00 4.34 6.65 6.27 7.15 9.00 10.18 10.62 12.50 14.76 14.30 16.92 16.88 18.34 17.20 18.62 19.71 18.24 16.02 15.37 16.74 15.97 14.80 15.87 15.56 15.13 15.70 17.75 16.73 17.47 19.15 21.05 20.55 21.64 23.33 23.63 23.07 23.48 23.31 22.75 22.76 23.07 22.66 22.14 21.58 21.49 19.68 18.01 17.66 18.47 18.01 17.69 17.88 18.88 19.40 20.19 20.48 21.72 22.18 23.57 24.00 25.85 26.77 28.59 28.57 31.14 30.99 30.54 29.59 29.45 28.18 27.41 26.97 27.12 26.35 26.27 26.38 26.87 25.89 25.52 25.44 24.63 24.11 23.75 23.39 23.33 22.75 21.95 22.77 24.47 24.61 22.19 22.60 21.68 21.36 20.25 21.55 22.31 22.46 23.00 24.75 24.93 23.85 22.93 24.30 23.45 22.92 23.79 24.41 23.12 23.53 25.15 25.36 24.61 26.41 26.42 27.98 27.99 26.35 26.57 26.16 25.66 25.94 27.53 27.69 28.12 28.98 30.21 30.52 30.74 31.50 32.44 33.74 33.65 31.95 32.02 32.69 32.14 30.12 29.82 29.21 28.31 27.94 27.71 28.51 27.99 28.33 28.20 29.55 28.41 28.69 28.07 28.31 28.21 28.41 27.79 27.58 28.33 28.40 28.18 27.83 29.48 29.62 30.26 28.98 29.07 28.47 28.03 28.56 29.28 29.77 29.84 31.03 30.86 32.16 31.82 30.40 30.75 32.46 31.95 30.65 32.65 33.04 31.61 31.33 32.75 32.50 31.35 32.44 31.87 31.86 30.81 31.48 30.88 30.37 29.82 30.20 29.50 30.85 30.51 31.26 32.45 33.42 32.78 31.57 30.72 29.40 28.41 28.21 27.29 27.59 28.85 30.98 31.48 32.80 35.04 35.38 33.27 34.18 35.92 35.43 33.50 33.51 34.99 35.64 35.06 34.25 34.05 33.89 33.51 32.48 33.37 32.14 34.63 35.69 
10.40 8.15 7.64 4.34 1.69 5.97 6.86 6.47 9.07 9.23 10.92 12.61 14.83 15.35 17.20 17.16 18.98 17.78 19.42 20.47 19.93 16.88 16.88 18.61 17.96 16.18 17.26 17.06 16.55 17.15 19.27 18.64 18.77 20.86 22.83 22.53 23.04 25.50 25.77 25.07 24.96 25.02 24.92 24.60 24.87 24.58 24.77 23.96 23.57 21.69 20.22 19.92 20.48 20.07 19.77 19.92 20.58 21.45 22.09 22.56 23.83 24.62 26.19 26.90 28.91 29.92 31.88 31.85 34.80 34.85 34.54 32.85 32.73 31.19 30.83 29.49 29.80 28.67 29.36 28.60 28.67 27.41 27.52 26.75 26.20 24.98 24.96 24.11 24.43 23.84 23.32 24.01 26.03 26.38 24.32 24.44 23.43 23.07 22.65 23.57 24.32 24.74 25.76 27.20 26.89 25.81 25.88 26.77 25.55 24.72 26.71 26.62 24.61 24.86 27.44 26.96 25.96 27.86 28.51 29.56 29.17 27.58 28.32 27.27 26.91 27.15 29.69 29.03 29.18 30.22 31.85 31.65 32.36 33.34 34.98 35.68 35.66 33.83 34.38 34.79 34.36 32.16 32.36 31.20 30.32 29.61 29.89 30.33 30.01 30.26 30.74 31.55 30.32 30.65 30.55 30.15 30.01 30.27 30.31 29.36 30.16 30.25 30.66 29.70 31.54 31.78 33.02 30.82 31.09 29.98 30.09 30.03 31.19 31.72 32.46 32.94 32.63 34.07 34.64 32.42 32.98 35.04 35.08 32.52 34.79 35.38 34.11 33.21 35.16 34.72 33.73 33.87 33.73 33.37 32.75 33.00 32.86 31.62 31.63 31.46 31.22 31.96 31.86 32.57 33.72 34.45 33.91 32.44 32.38 30.57 29.67 29.24 29.19 29.08 30.26 32.54 33.30 34.43 36.94 37.95 36.15 37.02 38.78 38.05 35.80 35.88 36.39 37.55 36.82 37.07 36.43 37.80 37.73 36.90 35.97 35.64 35.35 38.93 
11.48 8.36 7.65 6.65 5.97 0.06 5.83 7.58 7.27 7.35 9.17 11.88 13.59 12.77 15.61 15.00 16.62 15.05 16.54 18.22 17.40 14.30 14.27 16.35 15.34 13.97 15.42 15.72 14.31 15.48 17.96 17.62 17.49 19.51 21.73 21.34 22.12 24.25 24.52 23.85 24.03 24.00 23.79 23.66 23.76 23.55 23.68 22.65 22.49 20.66 18.49 17.46 18.35 18.36 17.82 17.53 18.09 19.40 20.28 20.66 21.99 22.59 24.05 25.01 27.33 28.16 30.38 30.35 33.68 33.52 32.73 31.45 31.10 29.61 28.58 27.85 27.91 26.84 27.03 26.70 26.80 25.30 25.09 24.62 24.15 23.00 22.58 21.94 22.48 21.78 20.89 21.89 24.16 24.76 22.01 22.53 21.40 21.09 20.40 21.93 23.01 23.37 24.06 26.02 25.89 24.53 24.13 25.56 24.17 23.34 24.84 24.91 22.82 23.03 25.62 25.14 24.09 26.07 26.37 27.74 27.50 25.56 26.46 25.62 25.01 25.53 27.88 27.45 27.60 28.79 30.44 30.16 31.03 32.35 33.55 34.30 34.32 32.44 32.86 33.32 32.55 30.37 30.58 29.58 28.15 27.78 28.03 28.57 27.97 28.48 28.77 29.78 28.30 28.95 28.69 28.28 28.10 28.62 28.29 27.53 28.22 28.55 28.58 27.75 29.72 29.97 31.08 29.11 29.20 28.36 27.90 28.19 29.20 29.94 30.35 31.36 30.78 32.61 32.73 30.83 30.98 33.54 33.17 31.04 33.03 33.65 31.88 31.52 33.22 32.86 31.15 32.29 31.47 31.26 30.39 31.00 30.50 29.50 29.33 29.93 29.00 29.99 29.92 30.85 31.77 32.63 32.11 30.52 29.86 28.45 27.75 27.19 26.98 27.35 28.78 31.15 31.97 32.89 35.83 36.60 34.46 35.33 37.28 36.51 33.91 34.23 35.14 35.76 34.85 35.81 35.78 35.54 35.19 34.85 35.18 34.47 34.12 36.35 
11.64 8.86 8.04 6.27 6.86 5.83 0.13 5.44 7.13 6.01 7.29 9.13 11.48 10.65 13.25 12.05 13.54 12.44 14.34 15.67 15.28 12.73 12.88 14.47 13.55 12.30 14.62 14.52 13.16 14.33 17.17 16.49 16.19 18.30 20.69 20.22 20.51 22.65 23.13 22.46 22.59 22.27 22.36 22.29 22.77 22.29 22.36 21.53 22.03 19.92 17.43 16.15 17.52 17.29 16.40 16.17 16.98 18.13 18.85 19.28 20.65 21.37 22.62 23.41 25.47 26.28 28.20 28.34 31.70 31.35 30.43 29.15 29.41 27.32 26.37 25.57 26.00 24.48 24.54 24.33 24.90 23.27 22.78 22.53 22.53 20.96 20.56 19.79 20.49 19.47 18.65 19.58 21.88 21.90 19.35 20.21 19.58 18.84 18.03 20.06 21.58 21.57 22.00 24.24 24.69 23.26 22.70 23.80 23.01 21.87 23.16 23.05 21.28 21.54 23.38 22.99 22.02 23.85 23.80 25.37 25.18 23.41 24.41 23.32 22.95 23.20 25.93 25.16 25.58 26.82 28.40 28.41 29.28 30.26 31.73 32.66 32.82 30.55 31.02 31.30 30.63 28.16 28.83 27.40 26.19 25.59 26.23 26.40 25.88 26.25 26.82 27.66 26.37 26.92 26.80 26.31 26.37 26.63 26.43 25.54 26.39 26.25 26.31 25.55 27.47 27.36 28.61 26.72 27.14 25.85 25.72 25.80 27.22 27.71 28.22 29.15 29.18 30.68 31.08 28.63 29.45 31.29 31.56 29.05 31.58 31.67 30.27 29.50 31.64 30.47 29.41 29.81 29.51 29.09 28.57 28.59 28.32 27.25 27.49 27.34 26.92 28.00 27.76 28.46 29.53 30.70 30.45 28.78 28.17 26.89 26.65 25.72 25.30 25.64 28.02 29.68 30.40 31.52 34.46 34.70 32.77 33.64 35.80 34.42 31.82 32.17 33.07 33.55 33.08 33.83 32.86 34.28 34.53 33.86 32.69 33.72 33.64 37.07 
12.71 10.83 10.05 7.15 6.47 7.58 5.44 0.00 5.43 7.13 6.48 7.99 10.21 10.44 12.77 11.49 13.60 12.16 14.09 15.00 14.82 12.30 11.89 13.84 13.81 13.07 14.51 15.06 14.61 16.21 18.51 18.50 18.55 20.66 22.68 22.53 22.93 25.28 25.46 24.92 24.91 24.97 24.47 24.71 24.51 24.38 23.91 23.59 23.32 21.37 18.86 18.57 19.33 18.79 17.54 17.98 18.92 19.69 20.09 21.19 22.48 23.15 24.29 25.28 27.24 28.08 29.73 29.99 33.21 33.05 31.85 30.94 30.66 29.08 27.81 27.31 27.17 26.34 26.33 26.12 26.27 24.91 24.64 24.34 23.67 22.66 22.08 21.49 21.64 20.90 20.02 20.97 23.23 23.43 20.71 21.45 20.66 20.48 19.95 22.04 23.08 23.79 24.33 26.69 26.53 25.68 24.48 25.98 24.53 23.97 24.46 25.00 22.85 23.28 24.61 24.82 23.75 26.17 25.54 27.23 26.87 25.55 25.90 25.22 24.45 25.50 27.51 27.55 27.66 28.78 30.20 30.69 31.10 32.26 33.38 34.82 34.38 32.30 32.68 33.38 32.31 30.38 30.54 29.49 28.06 27.88 27.99 28.66 28.03 28.61 28.73 29.88 28.47 28.97 28.67 28.48 28.25 28.72 28.41 27.90 28.27 28.56 28.49 27.93 29.38 29.77 30.64 29.08 28.88 28.18 27.68 28.30 29.32 30.22 30.57 31.73 31.10 32.80 32.85 31.00 30.98 33.43 32.98 31.30 33.16 33.74 31.75 31.47 32.95 32.54 30.69 31.70 30.64 30.61 29.43 29.88 29.22 28.66 28.19 28.54 27.54 29.22 28.80 29.78 30.80 32.14 31.42 30.18 29.65 28.64 27.51 27.11 26.65 27.38 28.76 30.99 31.67 33.11 35.50 35.97 33.87 35.19 36.52 35.98 33.71 34.30 34.74 35.72 35.58 36.35 34.93 35.61 35.64 35.42 34.58 34.14 35.13 37.82 
15.31 12.89 12.05 9.00 9.07 7.27 7.13 5.43 0.00 5.44 7.17 6.86 8.80 9.09 12.08 10.75 12.69 12.62 14.74 15.59 16.02 13.83 14.12 15.89 16.22 15.20 16.75 17.33 17.34 18.44 20.79 20.74 20.62 22.70 24.70 24.61 25.00 27.27 27.47 26.66 26.74 26.71 26.65 26.51 26.45 26.27 26.38 25.50 24.90 23.02 21.30 20.67 20.96 20.31 19.63 19.62 20.13 21.11 21.68 22.39 23.55 24.70 25.85 26.85 28.58 29.68 31.35 31.66 34.60 34.56 33.71 32.52 32.00 30.70 29.71 28.86 28.61 27.71 28.14 27.56 27.35 26.44 26.53 25.73 24.78 23.59 23.39 22.33 22.67 22.10 21.55 22.25 24.29 25.04 22.60 23.22 21.93 22.31 22.14 23.77 24.78 25.56 26.63 28.31 28.09 27.19 26.78 27.78 26.50 25.30 26.87 26.64 24.46 24.47 26.58 26.29 25.43 27.70 27.30 28.47 28.00 26.59 27.55 26.47 26.12 27.20 29.50 29.33 29.14 30.58 31.73 32.28 32.82 34.03 34.99 36.19 35.64 33.88 34.36 35.03 34.22 32.34 32.48 31.34 29.86 29.77 29.92 30.66 29.99 30.52 30.59 31.86 30.24 31.04 30.59 30.47 30.12 30.76 30.32 29.76 30.14 30.72 30.59 29.86 31.24 31.86 33.10 30.95 30.63 29.99 29.72 30.30 31.22 32.24 32.44 33.65 32.69 34.49 34.70 32.80 32.90 35.27 34.81 32.70 34.66 35.31 33.32 32.86 34.43 33.95 32.30 33.05 31.96 32.06 30.74 31.36 30.71 29.78 29.38 30.14 29.00 30.64 29.95 31.12 31.81 33.03 32.50 31.42 31.31 30.08 28.88 28.69 28.57 28.69 29.40 32.03 32.43 34.03 35.98 36.94 35.24 36.25 37.51 36.82 34.44 35.28 35.71 36.44 36.04 36.61 35.73 35.78 36.33 37.27 35.73 35.03 35.97 37.41 
15.06 12.09 11.18 10.18 9.23 7.35 6.01 7.13 5.44 0.00 5.18 7.51 6.85 6.97 9.58 9.14 11.24 10.23 12.55 13.97 13.62 11.90 12.00 13.90 13.35 13.28 14.95 15.58 14.78 16.68 19.23 19.20 19.02 21.25 23.55 23.23 23.81 25.94 26.05 25.04 25.31 25.07 25.16 24.77 24.70 24.80 24.92 23.65 23.10 21.42 19.33 17.50 18.15 18.10 17.30 16.36 16.70 18.10 19.01 19.26 20.61 21.64 22.91 23.82 25.96 27.04 29.07 29.11 32.26 32.17 31.19 30.18 29.56 27.88 26.48 26.02 25.48 24.61 24.54 24.48 24.30 23.23 22.96 22.60 21.67 20.56 19.90 19.09 19.39 18.92 18.17 19.12 21.15 22.27 19.65 20.77 19.52 19.99 19.81 21.72 23.02 23.73 24.53 26.61 26.61 25.56 24.97 26.30 24.60 23.72 24.87 24.59 21.95 21.97 24.08 23.82 22.77 24.91 24.34 26.21 25.65 24.01 24.84 24.36 23.83 25.02 27.07 26.93 26.82 28.36 29.53 29.69 30.45 31.97 32.83 33.61 33.14 31.54 31.92 32.45 31.57 29.75 29.85 28.80 27.07 26.97 27.09 27.82 26.99 27.55 27.74 28.87 27.15 28.05 27.74 27.48 27.20 27.99 27.48 26.95 27.39 27.96 27.69 27.18 28.90 29.56 30.40 28.59 28.47 27.85 27.23 27.85 28.80 29.71 29.84 31.16 30.39 32.41 32.36 30.53 30.67 33.52 32.91 30.78 32.48 33.37 31.23 30.80 32.24 32.05 30.17 30.98 29.60 29.68 28.73 29.31 28.33 27.51 27.31 28.01 26.83 28.04 27.68 28.53 29.21 30.32 29.96 28.59 28.27 27.34 26.56 26.05 26.17 26.60 27.77 30.15 30.83 31.82 34.23 34.69 32.54 33.53 35.07 34.26 31.54 32.53 33.02 33.58 32.99 34.32 33.24 33.12 33.14 34.31 33.85 33.85 35.06 35.24 
15.97 13.08 12.02 10.62 10.92 9.17 7.29 6.48 7.17 5.18 0.00 5.97 7.67 6.36 8.82 8.49 10.01 9.91 11.85 13.74 13.42 11.65 11.31 13.72 13.50 13.00 15.21 15.92 15.04 17.08 19.56 19.86 19.27 21.86 24.31 24.10 24.50 26.81 27.01 26.03 25.96 25.61 25.48 25.43 25.22 25.28 25.53 24.68 24.30 22.50 20.11 19.02 19.64 19.26 17.84 17.77 18.05 19.13 19.58 20.44 21.41 22.24 23.27 24.13 25.79 26.79 28.78 29.14 31.94 31.59 30.74 29.58 29.11 27.17 25.81 25.18 24.98 23.73 23.54 23.56 24.01 22.66 21.92 21.78 21.40 19.85 18.90 18.16 18.59 17.97 16.91 18.14 20.41 21.56 19.10 20.56 19.42 20.07 19.70 22.01 23.45 23.97 24.75 26.74 27.05 25.58 24.95 26.09 24.81 23.57 24.55 24.18 21.70 21.48 22.98 22.88 22.05 23.76 23.06 25.28 25.40 23.36 23.95 23.29 23.32 24.26 26.42 26.24 26.52 27.84 28.97 29.09 29.95 31.44 32.30 33.21 32.82 31.03 31.21 31.82 31.04 28.88 29.03 27.96 26.44 26.09 26.32 26.97 26.14 26.64 26.91 28.06 26.44 27.19 26.83 26.66 26.39 27.02 26.56 26.14 26.50 26.74 26.47 26.19 28.16 28.41 29.63 27.86 27.99 27.04 26.61 27.24 28.27 29.13 29.52 30.72 29.84 31.72 31.78 29.81 29.86 32.62 32.24 30.01 31.74 32.51 30.67 30.22 31.73 31.19 29.50 30.06 28.80 29.01 28.27 28.59 27.43 26.91 26.69 27.22 26.07 27.67 26.99 28.11 28.80 30.07 29.95 28.78 28.02 27.35 26.93 26.51 25.88 26.81 28.76 30.70 30.95 32.09 34.42 34.83 32.46 33.79 35.22 33.99 31.18 32.00 32.59 33.04 32.81 33.83 32.54 32.49 32.99 34.20 33.54 33.09 34.30 35.68 
18.99 16.37 14.79 12.50 12.61 11.88 9.13 7.99 6.86 7.51 5.97 0.00 6.69 7.96 8.24 8.79 10.94 11.46 13.81 15.13 15.19 13.71 13.39 15.87 15.51 15.81 17.66 18.70 18.23 20.23 22.51 22.74 22.54 24.87 27.41 27.43 27.79 30.38 30.62 29.67 29.12 28.98 28.95 28.83 28.42 28.56 28.38 28.11 27.29 25.36 23.02 22.49 23.23 22.35 20.80 20.94 21.59 22.04 22.58 23.45 24.87 25.29 26.31 27.29 29.08 29.92 31.93 32.19 35.04 34.93 33.60 32.57 32.08 30.12 28.75 28.05 27.91 27.18 26.96 27.02 27.08 26.05 25.41 25.14 24.04 22.85 21.68 20.81 20.66 19.95 19.14 20.44 22.82 23.97 21.74 22.83 21.88 22.58 22.69 25.01 26.21 27.34 27.98 30.26 29.97 28.85 28.02 29.06 27.37 26.53 27.44 27.00 24.35 23.93 25.77 25.34 24.79 26.50 26.06 27.73 27.91 25.98 26.80 25.94 26.17 27.22 29.53 29.45 29.66 30.87 32.17 32.25 33.26 34.38 35.29 36.08 35.77 33.69 33.96 34.40 33.57 31.54 31.54 30.55 29.08 28.75 29.00 29.91 29.23 29.75 29.78 31.22 29.57 30.20 29.73 29.52 29.54 29.80 29.59 29.17 29.62 29.71 29.83 29.34 31.07 31.49 32.61 30.91 30.71 29.82 29.90 30.23 31.39 32.14 32.98 33.89 32.79 34.36 35.00 32.43 32.81 35.15 35.04 32.55 34.60 35.06 33.37 32.81 34.75 34.00 32.30 32.96 31.91 31.90 31.00 31.29 30.69 30.23 30.01 29.97 28.96 30.60 30.21 31.23 32.03 33.12 32.66 31.63 31.42 29.93 29.22 28.90 28.66 29.22 30.63 32.81 33.10 34.48 36.73 37.33 35.57 36.72 37.90 36.95 34.65 35.64 35.99 36.56 36.43 37.35 35.93 35.74 35.71 36.35 35.96 36.36 37.78 37.42 
21.16 19.39 17.52 14.76 14.83 13.59 11.48 10.21 8.80 6.85 7.67 6.69 0.00 6.48 8.44 7.70 9.84 11.21 14.05 16.25 16.11 15.18 15.71 17.71 17.31 17.82 19.82 20.56 20.45 22.16 24.22 24.57 24.53 26.72 29.02 29.12 29.66 32.08 32.35 31.20 30.81 30.83 30.56 30.38 30.10 30.07 30.46 29.73 28.88 27.26 25.15 24.65 24.82 24.15 23.15 22.87 23.09 23.84 24.39 24.94 25.94 26.90 27.81 28.56 30.22 31.58 33.25 33.53 36.51 36.27 35.36 34.27 33.96 31.96 30.49 29.86 29.56 28.49 28.56 28.24 28.06 27.24 27.01 26.14 24.93 23.54 22.83 21.50 21.43 20.60 19.96 20.91 23.44 24.64 22.54 23.92 22.97 23.85 24.12 26.39 27.65 28.85 29.89 31.72 31.61 30.62 30.02 30.97 29.12 28.33 29.53 28.77 25.80 25.92 27.70 27.05 26.11 28.09 27.53 29.06 29.07 27.51 28.29 27.64 27.58 28.72 30.94 31.03 30.99 32.48 33.45 33.92 34.72 35.94 36.79 37.73 37.31 35.33 35.62 36.10 35.22 33.21 33.36 32.35 30.82 30.56 30.75 31.67 30.83 31.24 31.48 32.69 31.24 31.95 31.61 31.39 31.32 31.79 31.42 30.86 31.48 31.91 31.92 31.21 32.73 33.38 34.50 32.61 32.30 31.75 31.79 32.13 32.79 33.91 34.54 35.45 34.33 36.34 36.71 34.45 34.42 37.10 36.88 34.48 36.37 37.04 35.15 34.72 36.25 35.71 34.18 34.99 33.81 33.94 32.96 33.68 32.63 32.26 31.79 32.30 30.73 32.41 31.58 32.75 33.33 34.61 34.04 33.18 33.24 31.69 30.70 30.63 30.38 30.90 31.60 34.22 34.48 35.90 37.60 38.73 36.81 38.22 38.89 38.02 35.63 36.77 36.98 37.65 37.04 37.71 36.83 35.76 36.36 37.68 37.09 36.45 37.44 37.22 
21.50 18.18 16.58 14.30 15.35 12.77 10.65 10.44 9.09 6.97 6.36 7.96 6.48 0.00 6.30 6.95 7.93 8.83 11.93 14.02 14.54 12.46 13.62 15.64 14.74 15.24 17.85 18.56 17.66 19.71 22.46 22.60 22.06 24.65 27.18 27.07 27.61 30.13 30.16 29.23 29.19 28.85 28.87 28.58 28.71 28.72 28.68 27.91 27.45 25.66 23.11 22.22 22.86 22.13 20.66 20.30 20.54 21.42 21.71 22.07 23.07 24.07 25.03 25.70 27.64 28.85 31.04 31.06 33.92 33.70 32.71 31.62 30.89 28.68 27.27 26.64 26.18 25.25 25.11 25.16 25.00 24.10 23.49 23.05 21.54 20.22 19.03 18.18 17.84 16.98 16.00 17.73 20.09 21.28 19.20 21.24 20.17 20.70 21.26 23.79 25.22 26.44 27.04 29.59 29.22 28.11 27.50 28.63 26.51 25.66 27.03 26.13 22.93 22.89 25.10 24.31 23.36 25.17 24.79 26.46 26.24 24.41 25.30 24.74 25.00 26.13 28.29 28.28 28.63 30.05 31.35 31.42 32.74 33.84 34.83 35.44 35.07 32.96 33.21 33.46 32.54 30.42 30.38 29.30 27.79 27.38 27.73 28.42 27.55 28.19 28.49 29.83 28.11 28.96 28.49 28.09 28.16 28.62 28.03 27.57 28.34 28.77 28.61 27.90 29.86 30.67 31.66 29.68 29.51 28.84 28.86 28.96 30.04 30.96 31.69 32.66 31.96 33.84 34.21 31.65 32.06 34.85 34.53 31.87 33.97 34.64 32.85 32.18 34.08 33.59 31.93 32.75 31.66 31.62 31.16 31.63 30.94 30.25 30.06 30.23 28.97 30.47 29.96 30.62 31.34 32.43 32.10 30.93 30.64 29.41 28.76 28.32 28.10 28.77 30.13 32.21 32.38 33.63 36.10 36.64 34.65 35.64 37.12 35.99 33.52 34.26 34.67 35.01 34.61 35.32 34.23 34.21 34.18 34.94 34.91 35.12 36.23 35.39 
22.45 20.57 18.69 16.92 17.20 15.61 13.25 12.77 12.08 9.58 8.82 8.24 8.44 6.30 0.58 5.88 7.97 8.19 11.32 13.45 14.60 13.42 14.58 16.22 15.33 15.90 18.30 20.26 19.05 21.26 24.04 24.40 23.31 25.92 28.69 28.78 29.16 31.60 31.81 31.01 30.67 30.61 30.22 30.38 30.32 30.18 30.31 30.26 29.85 27.74 25.08 24.75 25.34 24.33 22.73 22.87 23.05 23.23 23.28 23.90 24.81 25.53 26.48 27.40 29.13 30.08 32.17 32.05 35.06 34.81 33.82 32.34 31.97 29.74 28.14 27.22 26.86 25.66 25.35 25.43 25.71 24.62 23.81 23.44 22.36 20.81 19.24 18.33 18.26 17.44 16.02 17.42 20.20 21.85 19.78 21.77 21.06 21.80 21.94 24.39 26.04 27.06 28.12 30.32 30.67 29.16 28.55 29.79 27.98 26.68 27.75 27.35 23.98 23.68 25.29 25.08 23.77 25.27 24.68 26.59 26.78 25.03 25.56 25.19 25.41 26.47 28.67 28.88 29.39 30.90 32.02 32.53 33.54 35.10 36.00 36.72 36.30 34.10 33.89 34.17 33.37 30.98 30.71 29.82 28.45 27.87 28.17 28.79 28.01 28.39 29.10 30.28 28.82 29.31 29.17 28.75 28.71 28.88 28.50 27.95 28.60 28.81 28.64 28.04 29.93 30.64 31.89 29.81 29.98 29.24 29.33 29.47 30.36 31.39 32.13 33.20 32.53 34.73 34.99 32.48 32.65 35.86 35.52 32.83 34.71 35.76 33.83 33.25 34.87 34.46 32.76 33.50 32.57 32.91 32.05 32.74 31.79 31.43 31.13 31.37 29.93 31.58 30.73 31.55 32.39 33.51 33.33 32.16 31.97 30.62 30.23 29.53 28.92 29.70 31.49 33.33 33.17 34.79 37.16 37.80 35.41 36.91 38.45 37.27 34.39 35.08 35.46 36.22 35.81 36.13 34.87 34.99 35.40 35.73 35.43 35.56 36.53 35.68 
23.13 20.65 18.97 16.88 17.16 15.00 12.05 11.49 10.75 9.14 8.49 8.79 7.70 6.95 5.88 0.00 5.93 6.78 7.53 9.62 11.15 10.31 11.61 12.73 12.74 13.78 16.07 17.51 17.12 19.07 21.61 22.28 21.86 24.38 27.05 27.43 27.50 30.02 30.68 29.69 29.28 29.29 29.26 29.27 29.10 29.20 29.29 29.18 28.48 26.62 24.06 23.80 24.10 23.25 21.63 21.48 21.65 21.79 21.84 22.60 23.70 24.20 25.29 26.17 28.16 29.37 31.21 31.35 34.00 34.11 32.63 31.49 30.64 28.75 26.88 26.01 25.43 24.59 24.27 24.01 23.57 22.72 22.10 21.60 20.22 18.68 17.25 15.95 15.92 14.74 13.50 14.20 17.21 19.30 17.52 19.16 18.65 19.71 20.53 22.89 24.51 25.69 26.65 28.95 28.87 27.76 27.26 28.23 26.07 25.11 26.31 25.53 22.09 21.92 23.83 23.15 22.20 23.77 23.02 24.94 25.08 23.44 24.32 24.00 24.40 25.38 27.70 27.54 28.06 29.46 31.06 31.27 32.41 33.81 34.72 35.43 34.84 32.75 32.39 32.99 31.92 29.68 29.08 28.35 27.07 26.69 26.78 27.59 26.95 27.53 27.81 28.98 27.64 28.23 27.84 27.62 27.53 27.85 27.28 27.04 27.58 27.80 27.61 27.25 28.85 29.34 30.36 28.84 28.74 27.94 27.96 28.37 29.21 30.06 31.11 32.04 31.28 33.22 33.69 31.14 31.43 34.49 34.17 31.48 33.46 34.33 32.52 31.85 33.69 33.18 31.73 32.63 31.61 31.84 31.22 31.53 30.98 30.69 30.60 30.48 29.27 30.70 30.32 31.27 31.92 32.87 32.44 31.54 31.39 29.98 29.17 28.67 28.11 28.75 30.09 32.15 32.12 33.53 35.92 36.40 34.16 35.32 36.87 36.06 33.55 34.09 34.56 35.31 35.05 35.43 33.96 34.42 34.70 35.29 35.29 35.47 36.77 35.47 
24.36 22.23 19.82 18.34 18.98 16.62 13.54 13.60 12.69 11.24 10.01 10.94 9.84 7.93 7.97 5.93 0.00 6.21 7.78 8.85 9.95 9.99 12.47 13.38 12.94 14.14 16.44 17.68 17.71 19.67 22.30 22.85 22.90 25.27 27.79 28.23 28.23 30.79 31.72 30.71 30.26 30.46 30.88 30.64 30.31 30.48 31.35 30.79 29.65 28.10 26.33 25.70 25.30 24.79 23.92 23.41 22.95 23.36 23.63 23.82 24.48 25.44 26.17 27.01 28.71 30.28 31.88 31.80 34.97 34.85 33.67 32.30 32.05 29.95 28.13 27.26 26.56 25.54 25.47 24.90 24.52 23.53 23.35 22.36 20.74 19.33 18.25 16.98 16.93 15.63 14.43 15.36 17.99 20.05 18.66 20.60 19.82 20.83 21.61 23.68 25.53 26.71 28.00 29.43 29.47 28.59 28.19 28.81 26.77 25.91 27.38 26.18 22.94 22.82 24.87 23.77 23.01 24.68 23.54 25.45 25.97 24.14 24.90 24.58 25.17 26.15 28.29 28.42 28.81 30.12 31.54 32.04 33.04 34.38 35.47 36.22 35.85 33.51 33.54 33.97 33.14 30.60 30.38 29.72 28.55 27.91 27.96 28.80 28.20 28.52 28.92 30.14 28.86 29.38 29.11 28.57 28.57 28.87 28.63 27.94 28.52 28.82 28.88 28.17 29.59 29.99 31.49 29.79 29.55 28.62 28.96 29.27 30.00 31.12 32.11 33.18 32.22 34.23 34.68 32.37 32.45 35.44 35.06 32.55 34.54 35.44 33.33 32.80 34.67 34.20 32.78 33.54 32.64 33.17 32.33 32.54 31.86 31.70 31.74 31.58 30.09 32.03 31.58 32.19 32.97 34.09 33.91 32.69 32.43 30.91 30.20 29.61 29.30 29.77 30.72 32.88 32.72 34.27 36.41 37.08 34.84 36.06 37.35 36.31 33.92 34.72 35.25 35.96 35.83 35.66 34.64 33.95 35.51 36.18 35.03 34.56 36.41 35.79 
23.28 20.44 18.59 17.20 17.78 15.05 12.44 12.16 12.62 10.23 9.91 11.46 11.21 8.83 8.19 6.78 6.21 0.00 5.39 7.14 7.46 7.19 9.29 10.91 10.12 10.83 14.01 14.70 14.31 16.09 19.48 19.52 19.54 22.17 24.92 24.89 25.30 27.74 28.63 27.76 27.61 27.59 28.15 28.13 28.05 28.22 28.71 28.25 27.57 25.33 23.23 22.63 22.56 21.60 20.39 20.05 20.24 20.33 20.32 20.82 21.73 22.54 23.57 24.49 26.51 27.83 29.59 29.62 32.63 32.40 30.99 29.89 29.02 26.85 25.08 24.31 23.43 22.81 22.52 22.30 21.52 20.51 20.04 19.30 17.74 15.90 14.83 13.64 13.52 11.43 10.39 12.60 15.44 17.02 15.77 17.91 17.11 17.77 18.34 21.01 22.69 24.07 24.81 27.03 26.61 25.45 25.01 25.76 23.56 22.62 24.14 22.93 19.65 19.75 21.90 20.82 19.95 22.29 21.00 23.37 23.16 21.41 22.17 22.10 22.46 23.60 25.51 25.76 26.22 27.81 29.25 29.58 30.93 32.25 33.38 34.14 33.57 31.23 31.06 31.49 30.32 28.02 27.54 26.60 25.19 24.88 25.01 25.80 24.97 25.78 25.98 27.47 25.73 26.63 25.99 25.61 25.52 25.99 25.48 25.03 25.56 26.11 26.15 25.48 26.92 27.68 28.93 27.12 26.69 25.78 25.96 26.21 27.20 28.42 29.42 30.48 29.76 31.90 32.48 29.72 30.08 33.09 32.74 29.89 31.99 32.70 30.84 30.12 32.20 31.81 30.13 31.08 30.10 30.48 29.80 30.41 29.54 29.45 29.35 29.19 28.06 29.75 29.31 29.99 30.66 31.94 31.41 30.28 29.95 28.36 27.74 27.29 26.66 27.12 28.63 30.60 30.54 31.67 34.40 35.05 32.46 33.54 35.30 34.34 31.74 32.19 32.70 33.45 32.97 33.02 31.87 32.14 32.80 33.13 32.38 32.97 34.39 34.13 
23.45 21.16 20.04 18.62 19.42 16.54 14.34 14.09 14.74 12.55 11.85 13.81 14.05 11.93 11.32 7.53 7.78 5.39 1.56 6.30 7.51 6.82 9.11 10.39 10.43 11.18 13.56 15.24 15.23 16.69 19.98 21.08 20.81 23.25 26.04 26.61 26.89 29.44 30.21 29.57 29.50 29.33 29.39 29.60 29.92 29.46 29.89 29.85 29.66 26.94 24.56 24.25 24.53 23.02 21.49 21.67 21.84 21.53 21.33 22.27 23.17 23.81 24.51 25.75 27.59 29.02 30.65 30.84 33.98 33.90 32.72 31.18 30.76 28.69 26.82 25.68 25.13 23.93 23.72 23.29 23.11 21.86 21.25 20.43 19.42 17.96 16.39 15.34 15.50 14.06 12.75 14.52 17.34 19.25 17.37 19.35 18.83 19.11 19.53 21.93 23.70 24.79 25.97 27.99 27.95 26.72 26.20 27.24 25.44 24.15 25.23 24.60 21.60 21.35 22.78 22.15 21.20 23.21 22.38 24.47 24.76 22.90 23.55 23.38 23.82 24.71 26.79 27.21 28.08 29.34 30.65 31.38 32.74 34.20 35.26 35.89 35.46 32.97 32.71 32.99 32.17 29.59 29.08 27.96 26.73 26.21 26.52 27.02 26.38 26.88 27.56 28.54 27.29 27.72 27.71 27.12 27.09 27.14 27.17 26.51 27.00 27.33 27.67 26.82 28.43 29.18 30.78 28.46 28.32 27.23 27.56 27.71 28.70 29.72 30.82 31.77 31.27 33.43 33.99 31.50 31.55 34.63 34.53 31.62 33.24 34.12 32.58 31.87 33.46 33.01 31.73 32.59 31.66 31.88 31.32 32.02 31.11 30.48 30.46 30.61 29.26 30.81 30.21 30.77 32.07 33.08 33.00 31.74 31.63 30.01 29.70 28.72 27.93 28.68 30.16 32.10 31.66 33.37 36.02 36.51 33.73 35.18 36.87 35.86 33.06 33.40 33.85 35.27 35.14 34.49 33.17 33.58 34.60 34.61 33.40 34.12 35.59 34.35 
24.59 22.28 20.78 19.71 20.47 18.22 15.67 15.00 15.59 13.97 13.74 15.13 16.25 14.02 13.45 9.62 8.85 7.14 6.30 0.00 6.72 7.51 7.50 8.73 9.31 11.23 13.43 14.35 15.43 17.30 19.99 20.51 21.14 23.38 26.14 26.68 26.97 29.73 30.35 29.74 29.54 29.52 29.68 29.97 30.21 30.36 30.27 30.19 29.57 27.31 25.03 24.74 25.08 23.92 22.54 22.47 22.58 22.51 22.40 23.34 24.25 24.64 25.49 26.79 28.68 29.89 31.76 32.08 35.01 34.91 33.43 32.15 31.53 29.63 27.60 26.59 26.04 25.38 24.89 24.58 24.20 22.93 22.16 21.80 20.68 18.85 17.56 16.68 16.70 15.47 14.43 16.52 19.19 20.81 19.05 20.55 19.81 20.27 20.56 23.01 24.57 26.24 26.99 29.31 28.65 27.67 26.83 27.73 25.60 24.57 25.58 24.92 21.93 21.75 23.38 22.13 21.71 24.19 23.19 25.28 25.62 23.90 24.57 24.21 25.06 26.19 28.31 28.67 29.32 30.78 32.19 32.52 34.03 35.43 36.39 36.93 36.30 33.97 33.60 33.98 32.86 30.45 29.87 29.05 27.77 27.35 27.43 28.26 27.72 28.62 28.59 30.07 28.44 29.32 28.59 28.39 28.31 28.52 28.27 28.07 28.35 28.71 28.89 28.45 29.92 30.57 31.62 29.98 29.53 28.46 28.65 28.95 29.94 30.90 31.88 33.12 32.15 33.99 34.59 32.27 32.58 35.34 35.30 32.50 34.17 34.89 33.50 32.99 34.49 34.07 33.07 34.10 32.72 32.86 32.41 33.06 32.05 31.78 31.67 31.79 30.67 32.19 31.93 32.72 33.49 34.89 34.65 33.21 32.77 31.38 31.02 30.03 29.51 30.08 31.44 32.99 33.13 34.72 37.12 37.52 35.13 36.13 37.64 36.94 34.34 34.87 35.24 36.47 36.37 36.50 34.91 35.50 35.69 35.90 34.80 35.54 36.96 35.98 
23.00 20.88 19.41 18.24 19.93 17.40 15.28 14.82 16.02 13.62 13.42 15.19 16.11 14.54 14.60 11.15 9.95 7.46 7.51 6.72 0.12 6.20 7.78 7.48 7.45 9.53 12.28 12.61 13.27 15.48 18.07 18.47 19.39 21.78 24.46 24.67 25.34 27.86 28.69 27.99 27.76 27.78 28.46 28.49 28.44 28.46 29.32 28.60 28.03 26.23 24.45 23.85 23.98 23.21 22.15 21.41 21.71 21.72 21.74 22.38 23.27 23.71 24.45 25.74 27.52 28.73 30.46 30.70 34.15 33.80 32.62 31.18 30.97 28.81 27.07 25.96 25.33 24.26 24.14 23.56 22.96 21.77 21.12 20.59 19.64 17.79 16.74 16.20 16.41 14.84 14.63 16.43 18.69 20.17 18.49 19.94 19.26 19.81 20.04 21.96 23.77 25.07 26.06 27.56 27.12 26.28 25.90 26.35 24.37 23.36 24.68 23.71 20.70 20.63 22.23 21.11 20.62 22.72 21.74 23.83 24.93 22.95 23.68 23.41 24.24 25.02 27.17 27.56 28.23 29.81 31.18 31.63 32.78 34.33 35.37 35.97 35.48 33.24 33.06 33.27 32.20 29.70 29.33 28.62 27.55 26.92 26.87 27.74 27.19 27.64 27.89 29.12 27.89 28.50 28.30 27.91 27.93 28.14 28.02 27.25 27.81 27.99 28.42 27.66 29.18 29.46 30.81 29.07 28.89 27.84 27.98 28.23 29.01 30.14 31.12 32.01 31.09 33.20 33.73 31.78 31.95 34.73 34.56 32.12 33.94 34.65 32.93 32.43 34.11 33.77 32.44 33.06 31.77 32.30 31.76 32.05 31.08 31.00 31.00 31.28 29.71 31.46 31.17 31.87 32.45 33.86 33.86 32.36 31.74 30.36 30.05 29.33 28.71 29.53 30.43 32.55 32.57 34.28 36.29 37.11 34.48 35.92 37.02 36.02 33.27 34.23 34.84 35.88 35.56 35.61 34.40 33.78 35.14 36.07 34.52 33.77 36.13 35.72 
20.97 17.94 17.17 16.02 16.88 14.30 12.73 12.30 13.83 11.90 11.65 13.71 15.18 12.46 13.42 10.31 9.99 7.19 6.82 7.51 6.20 0.00 5.95 7.40 5.78 6.52 9.37 10.50 10.57 11.85 15.11 15.07 15.70 17.73 20.45 20.32 21.15 23.84 24.43 23.81 23.36 23.20 23.91 24.01 23.73 24.11 24.63 24.23 23.38 21.26 19.46 18.81 19.58 18.64 17.36 17.08 17.67 18.10 17.82 18.81 19.88 20.41 21.38 22.82 24.60 25.80 27.58 27.98 30.93 30.43 29.24 28.08 27.48 25.04 23.23 22.43 21.58 21.00 20.63 19.96 19.31 18.01 17.26 16.96 15.77 13.84 12.61 12.43 12.35 10.69 11.07 13.90 15.75 17.37 15.45 17.02 15.90 16.41 16.46 18.75 20.25 21.88 22.37 24.30 23.50 22.93 21.99 22.65 20.23 19.69 20.77 19.80 16.61 16.96 18.55 17.33 16.53 19.42 18.52 21.21 21.35 19.23 20.08 20.19 20.64 21.69 23.63 24.27 25.00 26.69 28.06 28.47 29.73 31.48 32.58 33.40 32.70 30.40 29.97 30.35 29.06 26.62 25.98 25.07 23.82 23.44 23.36 24.18 23.47 24.41 24.59 26.14 24.36 25.34 24.86 24.54 24.41 24.75 24.57 24.09 24.38 24.73 25.09 24.39 25.89 26.56 27.84 25.89 25.43 24.29 24.41 24.66 25.61 26.86 28.04 29.15 28.09 30.21 30.94 28.77 29.13 31.92 31.81 29.12 30.96 31.63 29.69 29.20 31.20 30.92 29.15 29.80 28.82 29.33 28.80 29.20 28.61 28.26 28.36 28.25 27.42 28.60 28.56 29.05 29.89 30.95 30.70 29.36 28.70 27.11 26.82 26.32 26.00 26.40 27.88 30.05 29.99 31.39 33.97 34.57 31.82 32.91 34.53 33.53 30.47 31.26 31.85 32.86 32.50 32.68 31.19 31.85 32.38 32.96 31.45 32.55 34.41 33.89 
20.88 18.00 16.98 15.37 16.88 14.27 12.88 11.89 14.12 12.00 11.31 13.39 15.71 13.62 14.58 11.61 12.47 9.29 9.11 7.50 7.78 5.95 0.66 6.02 6.76 6.19 7.29 8.99 10.38 11.06 13.70 14.98 15.50 17.34 20.26 20.86 21.53 23.99 24.70 24.19 24.13 23.86 24.06 23.71 23.79 23.40 24.39 23.46 23.42 21.14 19.33 18.60 19.31 18.39 17.32 17.10 17.82 17.88 17.62 18.86 20.11 20.72 21.37 22.80 24.68 25.76 27.66 27.97 31.18 30.70 29.60 28.26 28.02 25.65 23.76 22.57 22.30 21.06 20.66 20.09 19.63 18.42 17.77 17.18 16.66 15.18 13.85 13.61 13.72 13.25 13.03 15.10 17.19 18.45 16.69 17.65 16.65 16.92 17.15 19.12 20.91 21.88 22.80 24.39 24.06 22.87 22.19 22.65 20.96 19.91 20.80 19.94 17.33 17.14 18.58 17.32 16.74 18.74 18.49 20.97 21.29 19.09 20.44 20.56 20.80 21.77 24.10 24.85 25.85 27.35 28.58 29.39 30.75 32.44 33.67 34.42 34.01 31.37 31.26 31.33 30.30 27.67 27.16 26.01 24.61 24.11 24.33 24.65 24.09 24.92 25.49 26.37 25.15 25.80 25.68 25.35 25.09 25.27 25.32 24.75 24.99 25.26 25.73 24.76 26.19 27.01 28.25 26.09 25.84 24.88 24.97 25.17 26.37 27.64 28.76 29.64 29.02 31.19 31.87 29.72 29.95 32.70 32.60 30.01 31.56 32.18 30.49 30.08 31.85 31.44 29.96 30.80 29.91 30.12 29.40 30.03 29.19 28.67 28.46 28.74 27.64 29.15 28.57 29.28 30.37 31.60 31.35 29.93 29.66 28.00 27.71 26.98 26.41 27.00 28.57 30.63 30.55 32.11 34.76 35.39 32.54 33.89 35.55 34.32 31.32 31.98 32.66 34.01 33.74 33.39 32.09 32.38 33.41 33.87 32.32 32.84 34.17 33.65 
22.06 19.44 18.36 16.74 18.61 16.35 14.47 13.84 15.89 13.90 13.72 15.87 17.71 15.64 16.22 12.73 13.38 10.91 10.39 8.73 7.48 7.40 6.02 0.05 5.48 7.12 6.78 7.23 8.90 10.91 13.06 13.47 14.89 17.16 19.74 20.32 21.37 24.29 24.69 24.24 24.23 24.09 24.09 24.14 24.05 24.08 24.49 24.14 23.53 21.51 19.93 19.48 19.97 19.16 18.36 18.39 18.54 18.64 18.94 20.06 21.35 21.70 22.73 24.21 26.35 27.22 29.02 29.48 32.45 32.17 30.69 29.36 28.97 26.93 24.60 23.58 23.12 22.25 21.51 21.27 20.85 19.75 18.67 18.82 18.33 16.60 15.99 15.85 16.35 15.40 15.50 17.71 19.56 20.75 18.80 19.44 18.57 18.58 18.66 20.72 22.09 23.49 24.06 25.96 25.14 23.99 22.70 23.32 21.34 20.16 20.78 20.32 17.62 17.39 18.71 17.47 16.82 20.01 19.20 21.85 22.16 20.31 21.68 21.53 22.01 23.23 25.43 26.30 27.24 28.51 29.98 30.67 32.10 33.73 34.87 35.79 35.21 32.82 32.27 32.80 31.33 29.00 28.27 27.67 26.21 25.66 25.58 26.34 25.98 26.79 26.80 28.04 26.73 27.54 27.10 26.82 26.54 26.82 26.78 26.38 26.52 26.85 26.95 26.20 27.51 28.08 29.04 27.02 26.96 26.04 25.96 26.40 27.71 28.83 29.96 30.88 30.23 32.37 32.84 31.03 31.37 33.96 33.93 31.59 33.08 33.81 32.17 31.99 33.60 33.31 31.89 32.84 31.64 31.74 31.13 31.60 30.63 30.30 30.18 30.22 29.56 30.94 30.64 31.08 32.04 33.31 33.05 31.44 31.07 29.58 29.36 28.41 27.92 28.74 29.98 31.79 32.15 33.89 36.32 36.65 34.12 35.54 37.04 36.29 33.32 34.18 34.80 35.89 35.56 36.03 34.45 35.05 35.17 35.61 34.52 35.25 36.77 35.75 
20.87 18.25 17.10 15.97 17.96 15.34 13.55 13.81 16.22 13.35 13.50 15.51 17.31 14.74 15.33 12.74 12.94 10.12 10.43 9.31 7.45 5.78 6.76 5.48 0.00 5.07 6.86 5.78 6.22 8.64 11.13 10.18 11.03 14.31 16.47 15.86 16.87 20.22 20.78 20.02 20.20 19.90 20.38 20.48 20.16 20.24 21.40 20.57 20.30 18.72 16.79 16.67 17.14 16.44 15.63 14.65 15.58 15.75 15.90 17.06 18.65 19.22 20.12 21.73 23.86 24.91 26.54 26.75 30.22 29.91 28.43 26.86 26.67 24.40 22.37 21.04 20.26 18.92 18.42 18.27 17.47 16.43 15.18 15.72 14.81 13.42 12.80 14.04 13.63 13.21 14.10 16.23 17.64 19.34 17.22 17.91 17.09 17.37 17.05 18.37 19.72 20.85 21.58 22.88 22.40 21.23 20.20 20.38 17.90 16.80 17.91 17.16 14.21 14.43 15.98 14.67 13.96 17.26 16.05 19.01 19.72 17.85 19.19 18.95 19.43 20.21 22.54 23.30 24.20 25.63 27.11 27.80 29.00 30.68 31.96 32.97 32.56 30.04 29.88 30.03 28.63 26.22 25.85 25.28 23.97 23.21 23.16 24.11 23.62 24.10 24.37 25.64 24.61 25.23 24.93 24.62 24.55 24.80 24.62 23.83 24.14 24.22 24.43 23.59 25.13 25.26 26.34 24.38 24.38 23.49 23.46 23.97 25.15 26.29 27.11 28.14 27.54 29.71 30.20 28.55 29.13 31.86 31.42 29.21 31.06 31.94 30.04 29.84 31.76 31.45 29.62 30.47 29.32 29.89 28.99 29.45 28.40 28.23 28.08 28.58 27.17 28.65 27.98 28.76 29.43 30.53 30.39 28.97 28.41 26.95 26.97 26.23 25.82 26.57 27.71 29.87 29.92 31.79 34.23 34.79 32.09 33.62 35.20 34.14 31.01 32.03 32.68 33.65 33.39 33.06 31.97 31.35 33.31 34.64 32.66 32.22 34.29 34.38 
19.53 16.32 15.89 14.80 16.18 13.97 12.30 13.07 15.20 13.28 13.00 15.81 17.82 15.24 15.90 13.78 14.14 10.83 11.18 11.23 9.53 6.52 6.19 7.12 5.07 0.00 5.35 6.66 5.43 6.10 8.92 8.92 9.40 10.81 13.90 13.19 14.14 17.00 17.99 17.37 17.58 16.88 17.76 17.63 16.99 17.47 18.36 17.68 17.22 15.85 13.23 12.93 14.42 14.20 12.12 11.61 13.39 14.21 13.80 14.73 16.74 17.56 18.82 20.20 22.39 23.62 25.74 25.82 28.94 28.44 27.17 25.91 25.18 22.70 20.57 19.58 18.44 17.53 16.82 16.43 15.49 14.40 12.73 13.34 13.03 11.70 11.17 12.05 13.04 12.60 13.85 16.01 17.62 19.35 17.27 17.49 15.97 16.32 15.95 17.27 18.53 19.69 20.09 21.55 20.72 19.69 18.48 18.86 15.82 15.21 16.49 15.89 12.17 13.11 14.32 13.94 12.42 15.62 15.04 18.26 18.75 16.30 17.75 17.46 17.79 19.06 21.32 21.95 23.01 24.53 25.94 26.42 27.97 29.63 30.88 31.88 31.67 29.19 28.83 29.16 27.82 25.21 24.70 23.84 22.43 21.70 21.73 22.49 21.68 22.54 22.72 24.25 22.67 23.88 23.38 23.08 22.84 23.14 22.92 22.22 22.47 22.67 22.89 22.04 23.66 24.00 25.15 22.96 22.58 22.04 22.11 22.45 23.74 25.16 26.29 27.41 26.55 28.94 29.67 27.73 28.49 31.10 30.90 28.40 30.16 30.99 29.14 28.92 30.68 30.41 28.55 29.45 28.35 28.65 27.96 28.58 27.56 27.05 26.94 27.12 26.21 26.90 26.59 27.43 28.20 29.07 28.69 27.51 27.08 25.27 25.04 24.84 24.60 25.19 26.60 28.84 28.91 30.41 32.98 33.97 30.91 32.49 33.90 32.83 29.85 30.76 31.32 32.21 31.72 32.11 30.52 31.08 31.85 32.52 30.96 31.88 33.46 33.51 
19.82 17.78 17.50 15.87 17.26 15.42 14.62 14.51 16.75 14.95 15.21 17.66 19.82 17.85 18.30 16.07 16.44 14.01 13.56 13.43 12.28 9.37 7.29 6.78 6.86 5.35 0.00 5.57 6.70 6.07 7.29 9.29 10.26 11.53 13.92 15.78 16.10 19.07 19.65 19.97 19.68 19.63 19.46 19.27 18.72 18.80 19.73 18.29 18.43 17.06 14.99 14.15 15.38 14.99 14.06 13.48 14.88 15.70 15.57 16.87 18.57 19.51 20.30 21.85 23.91 25.29 27.64 27.76 31.13 30.39 29.28 27.64 27.32 24.75 22.59 21.19 20.61 19.18 18.86 17.95 17.57 16.23 15.74 15.74 15.56 15.04 14.48 15.42 16.21 16.85 17.35 19.25 20.80 22.30 20.21 20.19 18.26 18.37 18.38 19.48 20.55 21.49 22.26 23.28 22.51 21.03 19.96 19.89 17.72 16.77 18.06 16.60 14.25 14.19 15.87 14.36 13.91 16.58 16.76 19.94 20.19 17.75 19.20 19.10 19.27 20.45 22.93 23.73 25.05 26.42 27.66 28.36 29.98 31.96 33.09 33.99 33.94 31.59 31.26 31.43 30.15 27.61 26.88 25.97 24.27 23.70 23.62 24.10 23.57 24.44 25.02 25.88 24.68 25.57 25.56 25.07 24.77 24.94 25.14 24.14 24.32 24.53 25.12 23.87 25.22 25.84 27.41 24.71 24.39 23.85 24.10 24.55 25.66 27.35 28.68 29.70 28.71 31.17 31.88 30.12 30.36 33.19 32.84 30.58 32.02 32.94 31.19 31.04 32.54 32.38 30.76 31.86 30.64 30.95 29.84 30.69 29.54 28.97 28.63 29.07 27.66 29.03 28.24 29.12 30.02 31.12 30.83 29.56 29.42 27.55 27.23 26.55 26.23 27.13 28.36 30.53 30.71 32.33 34.77 35.66 33.06 34.45 35.80 34.69 31.91 32.81 33.57 34.72 34.48 34.18 33.09 33.14 34.16 34.65 33.02 33.14 34.41 33.69 
19.91 17.74 17.26 15.56 17.06 15.72 14.52 15.06 17.33 15.58 15.92 18.70 20.56 18.56 20.26 17.51 17.68 14.70 15.24 14.35 12.61 10.50 8.99 7.23 5.78 6.66 5.57 0.00 5.12 6.93 6.20 6.71 8.50 10.90 11.99 12.69 14.63 17.72 17.81 17.36 18.54 17.75 17.98 18.03 17.65 18.28 18.48 17.61 17.44 16.04 14.43 14.15 14.84 14.43 13.82 13.21 14.52 14.64 15.45 16.57 18.42 19.14 20.49 21.70 24.20 25.41 27.78 27.86 31.06 30.61 29.11 27.55 27.11 24.70 22.27 21.01 20.24 19.10 17.99 17.65 16.75 15.75 14.41 15.45 15.63 14.35 14.78 15.65 16.93 16.64 17.80 19.52 21.20 22.39 20.29 20.49 18.59 18.35 18.21 19.55 20.11 21.04 21.52 22.81 21.81 20.30 18.69 18.75 16.26 15.39 16.26 14.67 12.15 13.71 14.27 12.33 12.28 16.27 15.71 18.64 19.21 17.25 18.94 18.51 18.86 20.07 22.66 23.50 24.48 25.76 27.62 27.91 29.64 31.49 32.90 33.73 33.53 31.17 30.78 31.07 29.78 27.17 26.50 25.78 24.25 23.38 23.34 23.92 23.50 24.41 24.53 25.43 24.17 25.59 25.19 24.47 24.21 24.73 24.73 23.74 23.75 24.18 24.45 23.36 24.78 25.48 26.68 24.20 23.91 23.15 23.44 24.02 25.49 26.76 28.29 29.53 28.56 30.88 31.81 29.88 30.61 33.21 33.26 30.64 32.65 33.36 31.70 31.52 33.25 33.00 31.42 32.37 31.27 31.27 30.41 30.94 29.89 29.46 29.08 28.95 27.92 29.45 28.64 29.08 29.97 31.15 30.76 29.39 29.06 27.66 27.23 26.41 26.15 27.13 28.40 30.28 30.75 32.34 34.88 35.81 33.45 34.35 35.96 35.25 32.54 33.21 33.80 35.05 34.72 35.18 33.49 34.05 34.18 34.56 33.00 33.68 35.08 34.51 
