0.65 4.28 5.96 9.96 10.59 14.86 18.06 20.56 22.92 24.49 24.45 22.59 21.47 21.60 18.46 16.83 17.65 16.82 12.47 12.09 14.13 12.73 10.66 11.63 12.60 12.44 12.28 13.25 13.78 14.51 16.46 17.74 20.01 21.29 23.34 24.60 27.14 28.37 29.29 28.34 27.40 26.12 26.29 25.13 24.78 25.05 26.39 26.66 26.32 26.12 25.95 26.68 25.27 23.81 25.04 25.68 24.21 23.62 25.62 26.40 25.20 24.62 23.27 23.75 21.20 20.07 17.70 16.06 14.11 12.99 12.17 11.37 11.96 13.31 14.99 15.90 17.26 18.94 21.10 20.57 21.22 22.33 23.23 21.58 21.61 21.96 22.73 22.74 22.82 22.96 24.29 22.83 20.41 19.98 20.55 19.99 19.50 20.50 22.59 24.42 25.95 28.12 29.79 31.03 33.82 34.01 33.70 34.42 36.54 35.85 36.09 38.25 40.26 39.07 39.49 38.65 38.46 36.58 37.43 36.88 38.06 36.69 35.65 35.59 35.57 34.07 33.75 33.60 34.39 33.23 32.93 33.14 33.17 32.28 33.12 34.21 34.41 33.96 34.00 32.83 31.57 31.69 32.13 29.53 30.20 31.40 31.79 29.23 28.80 30.32 30.40 27.76 27.84 27.36 27.23 25.81 25.55 25.20 25.83 25.97 26.96 27.66 30.05 30.71 30.44 30.48 30.86 28.66 27.26 27.03 26.66 25.38 25.50 26.09 26.30 24.93 25.08 25.22 25.16 24.75 24.41 24.49 24.66 24.18 22.85 21.70 20.53 18.35 16.60 16.19 15.26 15.46 16.28 16.44 15.75 15.99 16.86 17.95 17.22 18.08 19.68 20.19 20.48 21.08 22.30 23.06 25.46 25.99 26.35 25.90 26.39 25.82 26.44 25.62 26.27 26.59 27.23 26.10 25.73 25.96 25.55 25.36 26.66 28.07 28.99 28.75 28.34 28.30 26.42 26.57 26.13 26.78 26.07 24.56 25.26 26.21 27.82 29.20 
4.28 2.74 6.23 7.71 10.94 13.97 17.05 18.36 21.16 22.55 22.73 19.93 19.29 19.61 16.06 14.27 15.31 14.94 11.10 10.37 12.77 11.83 9.74 11.17 12.74 12.01 12.10 12.92 13.51 13.17 14.48 16.14 18.61 19.40 21.39 22.75 25.72 26.87 28.07 26.53 25.46 23.66 24.08 22.33 21.98 22.44 23.99 24.54 24.26 24.66 24.30 25.66 24.07 22.37 23.32 24.55 22.51 21.48 24.00 25.10 23.48 23.10 21.82 22.79 19.55 19.06 16.13 14.69 11.99 12.15 11.15 9.70 11.06 13.16 14.96 15.35 17.35 18.55 20.94 19.60 20.56 21.44 22.34 20.01 20.21 20.20 21.31 21.32 21.62 21.46 23.10 22.04 19.74 18.88 19.34 18.76 19.12 19.80 21.50 23.14 24.77 27.20 28.53 29.86 32.19 33.05 31.88 33.40 35.10 34.52 34.04 36.74 38.33 37.19 37.38 36.71 36.31 34.20 35.30 34.64 35.58 34.01 33.38 33.45 33.01 31.66 31.04 31.11 31.67 30.47 30.16 30.82 30.75 29.86 30.44 32.22 32.25 31.73 31.45 30.69 28.81 29.69 29.99 27.26 27.79 29.65 29.87 27.20 26.75 29.09 28.95 26.43 26.20 25.87 25.09 23.48 22.66 22.85 23.30 24.13 24.42 25.72 28.72 29.75 28.83 29.11 29.51 27.51 25.41 25.51 24.92 24.13 24.14 24.86 24.60 23.64 23.68 23.31 23.11 22.87 22.83 22.42 22.42 22.18 21.38 19.70 17.93 16.07 15.10 14.59 13.39 13.43 15.34 14.97 14.32 14.87 15.94 16.87 15.86 16.75 18.62 18.73 18.67 19.65 20.90 21.59 23.94 25.09 25.10 24.75 24.50 24.34 24.85 24.15 24.70 25.14 25.97 24.67 23.80 24.48 23.91 23.69 24.83 26.84 27.81 27.46 27.21 26.84 24.60 25.42 25.22 25.27 23.26 22.88 24.56 25.16 25.75 29.42 
5.96 6.23 2.50 6.89 8.29 11.98 13.30 14.30 16.44 18.11 18.67 15.92 15.63 16.57 13.32 11.84 12.80 14.24 10.77 11.57 12.88 12.69 11.76 13.50 14.13 14.65 14.38 14.39 13.71 13.87 14.05 15.00 16.30 17.01 18.77 19.76 22.41 23.73 25.19 23.70 22.09 20.04 20.34 18.49 18.16 18.91 20.55 20.75 21.00 21.39 21.75 23.09 21.20 19.13 20.39 21.14 18.74 17.47 20.03 21.17 18.95 18.68 18.02 19.37 15.76 15.33 13.66 12.40 10.24 10.87 11.89 11.09 11.76 13.69 15.70 16.46 17.89 18.63 20.43 19.56 19.97 20.52 21.07 18.80 18.91 18.69 19.57 19.45 20.15 19.91 21.15 20.22 18.39 17.66 17.65 17.19 18.17 19.34 20.15 21.03 22.96 25.33 27.10 27.89 30.36 31.09 30.38 31.44 33.00 32.03 31.85 34.36 36.06 34.54 34.90 33.95 33.73 31.14 32.46 31.48 32.76 30.96 30.76 30.31 29.45 27.87 27.64 27.39 28.01 26.84 26.86 27.24 27.38 26.41 27.14 28.74 29.01 28.50 28.22 27.32 25.73 26.25 27.01 24.23 25.42 26.69 27.26 24.43 24.56 26.34 26.72 24.21 25.01 24.03 22.51 20.66 19.78 19.47 20.54 21.01 21.89 23.24 26.72 27.43 26.33 26.75 27.58 25.22 23.35 23.16 23.07 22.20 22.74 23.10 22.94 22.05 21.95 20.68 20.00 19.60 20.03 18.90 18.82 18.56 18.47 15.93 14.23 12.46 12.63 11.38 11.02 12.09 14.16 13.85 13.26 13.22 14.62 15.50 14.48 15.16 17.15 16.77 16.42 17.27 18.67 19.17 21.84 22.64 23.07 22.10 21.64 21.03 21.87 20.77 21.38 21.61 22.89 21.67 20.65 21.25 20.84 20.63 21.74 23.83 25.26 25.04 24.20 24.43 23.36 24.16 23.10 25.03 24.04 22.28 23.69 25.21 26.96 29.74 
9.96 7.71 6.89 2.95 6.83 8.80 11.39 11.45 14.08 15.40 15.38 13.12 12.95 13.32 10.79 10.04 11.87 11.13 8.83 10.57 12.83 11.66 12.62 14.45 15.79 15.70 16.09 15.55 15.30 14.71 14.92 14.39 15.56 15.75 17.40 18.33 20.65 22.25 23.39 22.13 20.32 18.46 18.37 17.27 17.01 17.57 19.11 19.78 19.64 19.77 19.92 21.57 19.90 18.23 18.92 19.78 17.73 16.84 18.72 19.86 17.88 17.85 16.90 17.96 14.41 13.70 12.25 11.90 10.28 10.24 12.10 12.35 13.07 13.93 15.59 16.91 18.22 18.50 19.90 19.47 19.83 20.18 20.58 19.10 18.66 18.57 19.10 19.21 19.82 19.92 21.01 20.37 18.71 18.02 17.94 17.84 18.78 19.42 20.19 21.27 23.08 24.67 26.03 27.27 29.83 30.30 29.57 31.19 32.96 31.78 31.59 34.15 35.90 34.18 34.39 33.44 33.48 30.84 31.53 30.75 32.06 30.26 29.48 29.51 28.72 27.06 26.37 26.58 27.39 26.25 25.69 26.73 26.96 26.01 26.36 28.30 28.79 27.94 27.01 26.68 25.37 25.80 25.91 24.35 25.47 26.86 26.73 24.82 24.78 26.04 25.97 24.27 25.21 24.14 22.45 20.83 19.96 19.20 19.37 20.63 21.44 22.50 24.97 26.51 25.40 25.86 26.06 24.46 23.05 22.80 21.95 21.60 22.10 22.49 22.22 21.31 21.04 20.11 18.89 18.38 18.37 17.88 17.30 17.74 16.43 14.28 12.22 12.12 10.97 10.27 10.92 12.11 13.60 13.48 12.49 12.43 13.82 14.13 13.17 14.19 16.36 15.33 14.80 15.96 17.61 17.75 20.09 21.28 21.74 20.65 19.49 19.47 20.16 19.08 18.72 19.71 21.21 19.74 18.06 19.45 19.06 18.87 19.95 22.56 23.83 23.41 22.03 23.12 21.84 22.53 22.02 22.42 20.88 19.87 23.60 23.01 25.63 29.70 
10.59 10.94 8.29 6.83 0.00 5.45 6.18 9.08 12.14 13.82 13.98 11.25 11.47 11.83 9.47 9.32 11.25 11.41 9.47 10.13 11.94 11.54 12.11 13.57 14.05 14.15 14.34 13.84 13.53 13.28 12.48 12.15 12.06 12.60 13.91 15.37 17.93 19.66 20.71 19.59 18.34 16.49 17.55 16.53 17.29 18.37 20.13 20.99 20.90 20.81 20.57 22.09 21.12 19.11 19.79 20.37 17.98 17.21 18.97 19.79 18.43 17.99 15.81 16.48 13.72 12.46 10.51 9.89 9.37 9.48 10.75 11.75 13.07 13.67 15.02 16.04 17.13 18.27 19.77 19.34 19.73 20.46 20.64 19.08 18.48 18.81 18.86 19.23 19.60 19.90 21.43 20.28 17.64 17.28 17.71 17.30 17.16 17.97 18.54 20.16 20.70 22.81 23.59 25.26 27.75 28.42 27.50 29.28 31.76 30.90 30.49 33.31 35.29 33.90 33.98 32.93 33.11 30.21 30.95 29.60 31.00 29.15 28.40 28.00 28.38 26.45 26.32 26.14 27.15 26.31 26.33 26.78 27.22 26.36 26.97 28.90 29.18 28.53 27.92 27.37 25.86 26.17 26.73 24.59 25.34 26.96 27.52 24.79 24.29 26.38 26.59 24.01 24.78 24.16 23.59 21.74 20.86 19.69 19.23 19.85 20.23 20.74 23.05 24.72 24.77 25.22 25.17 23.47 22.49 22.65 21.91 21.43 21.93 23.13 22.88 21.95 21.37 20.86 19.82 18.95 18.63 18.38 18.24 17.79 16.35 13.68 13.40 11.09 10.79 10.63 11.97 12.51 13.52 13.46 12.97 12.97 14.26 15.03 13.93 14.96 16.95 16.16 15.39 16.51 17.52 18.37 20.63 22.00 21.66 20.73 19.48 19.05 19.71 18.82 18.80 19.86 20.98 19.42 17.86 18.76 18.74 18.76 19.78 22.01 22.81 22.11 20.11 20.44 19.62 20.55 20.04 21.08 21.27 22.68 22.10 21.87 23.56 27.94 
14.86 13.97 11.98 8.80 5.45 1.14 6.15 6.46 10.48 11.87 11.92 9.30 9.51 9.88 7.46 8.05 10.04 11.16 10.73 11.79 13.34 14.16 14.12 15.97 16.55 17.43 17.46 17.06 16.39 15.37 13.85 12.62 12.16 12.14 12.80 14.25 17.08 19.30 19.90 17.92 16.63 14.79 15.75 14.27 15.49 17.43 19.46 20.54 20.71 21.08 20.38 22.28 21.06 18.95 19.29 20.14 17.13 16.21 18.23 19.10 17.22 17.42 15.08 15.70 12.73 11.80 9.73 9.96 10.26 11.13 12.83 14.08 15.00 16.22 17.41 18.55 19.77 20.24 21.72 20.83 21.21 21.67 22.03 19.82 19.41 19.28 19.62 19.88 20.37 20.63 22.15 20.81 18.60 18.31 18.58 18.38 18.64 19.49 19.63 20.80 21.60 23.59 24.33 25.38 28.10 28.64 27.71 29.32 32.01 30.86 30.41 33.51 35.56 34.02 34.05 32.92 32.91 29.80 30.49 29.33 30.65 28.77 27.90 27.65 27.70 25.90 25.32 25.43 26.45 25.61 25.23 26.20 26.20 25.45 25.62 27.92 28.27 27.45 26.91 26.68 24.74 25.56 26.20 24.37 24.93 27.06 27.71 24.96 24.55 27.25 27.32 25.00 25.62 25.35 24.11 22.41 20.39 19.93 18.87 19.83 19.59 20.78 23.21 25.21 24.89 25.60 25.40 23.37 22.70 23.09 22.54 22.41 23.28 24.24 23.86 22.98 22.20 20.95 19.37 18.89 17.94 17.36 16.99 17.12 15.24 12.81 11.65 10.52 11.08 11.57 12.64 14.04 14.67 14.66 13.57 13.87 14.71 15.16 13.73 14.88 17.19 16.23 15.48 16.52 17.85 18.52 20.89 22.27 21.67 21.02 19.23 18.80 19.43 18.78 18.69 18.97 20.63 19.13 17.28 18.20 17.52 17.66 18.64 21.55 22.42 21.47 19.42 19.63 18.45 19.89 19.33 20.71 20.12 20.21 21.51 22.41 23.63 28.15 
18.06 17.05 13.30 11.39 6.18 6.15 3.69 6.47 8.33 10.01 11.24 9.15 9.35 10.13 8.17 8.52 10.60 13.07 12.41 14.59 16.07 17.11 17.39 19.18 19.88 20.95 21.04 20.51 19.38 17.95 15.59 14.03 12.70 11.80 12.06 12.41 15.29 16.70 17.36 15.89 15.22 13.16 14.43 13.17 14.89 16.95 18.97 19.73 20.07 20.40 20.09 22.18 20.95 18.36 18.61 19.51 16.73 15.21 17.15 17.99 16.11 15.40 13.57 14.59 11.91 10.53 9.60 10.57 11.74 13.01 15.57 17.12 17.85 18.77 19.56 21.18 22.22 22.30 23.26 22.46 22.62 22.69 22.47 20.33 19.86 19.50 19.43 19.89 20.64 20.69 22.27 21.40 19.45 19.33 19.45 19.57 20.20 21.05 21.02 21.68 21.95 23.90 24.59 25.75 28.12 28.92 27.48 29.39 31.78 30.57 29.97 33.10 35.25 33.41 33.38 32.45 32.57 29.03 30.06 28.76 30.05 27.57 27.11 26.82 26.72 24.65 24.29 24.31 25.51 24.06 23.68 24.36 24.90 23.39 23.82 26.21 26.53 25.56 25.17 25.06 23.38 24.10 25.25 23.49 24.35 26.53 27.14 24.60 24.33 27.25 27.39 25.22 26.43 25.81 24.34 22.39 20.64 19.20 18.57 18.68 18.47 19.20 21.94 23.50 23.45 24.00 24.07 22.42 21.92 22.45 22.35 22.38 23.12 24.22 23.70 22.72 22.09 20.69 19.25 18.20 17.70 16.57 16.16 16.28 15.13 12.42 12.06 11.46 12.95 13.24 14.83 15.78 16.46 16.12 15.45 15.40 16.17 16.86 15.17 16.06 17.97 17.25 16.07 17.02 17.84 18.58 21.01 22.01 21.37 20.32 18.48 17.66 18.29 17.29 16.28 16.62 18.76 17.78 15.82 16.89 16.33 16.50 17.40 20.34 21.52 20.73 18.48 19.43 18.87 20.18 19.59 21.70 21.51 21.65 20.79 22.06 24.93 28.93 
20.56 18.36 14.30 11.45 9.08 6.46 6.47 1.89 6.05 7.08 7.74 7.37 8.88 9.42 8.67 9.11 11.23 12.89 12.63 14.65 16.89 17.68 18.25 19.95 20.76 21.66 21.67 21.29 20.10 18.63 16.21 13.81 12.41 11.77 11.81 11.69 14.25 15.71 16.62 15.22 14.94 13.10 14.38 13.67 15.33 17.00 18.82 19.77 19.85 20.14 19.32 21.70 20.79 18.43 18.27 18.89 16.77 15.51 16.83 17.19 15.63 15.02 13.16 14.25 11.59 10.77 10.41 11.39 12.70 14.27 16.57 18.50 19.07 19.86 20.65 21.90 22.80 23.00 23.94 22.91 22.65 23.25 23.39 21.11 20.26 20.15 20.55 20.41 20.98 21.28 23.61 22.53 20.82 20.46 20.95 20.86 21.41 21.56 21.91 22.36 22.86 24.53 25.20 26.39 29.00 29.54 28.30 30.12 32.50 31.41 30.79 33.92 35.84 34.12 33.95 33.14 32.72 29.60 29.97 29.04 29.65 27.44 26.66 26.63 26.07 24.30 23.75 24.13 25.17 24.06 23.50 24.49 24.57 23.76 23.89 26.02 26.45 25.45 24.91 24.76 23.12 24.41 25.30 23.74 24.66 27.09 27.77 24.83 24.87 27.66 28.17 25.71 26.85 26.28 25.08 23.05 21.22 20.11 19.00 19.60 19.20 20.09 21.83 23.76 23.74 24.65 24.59 22.96 23.14 23.67 23.28 22.97 23.65 24.25 24.21 23.01 22.59 21.47 19.94 18.48 17.40 16.44 15.58 15.02 13.48 11.35 11.78 12.26 13.46 14.23 16.05 16.67 17.31 17.06 16.52 15.95 16.73 16.82 15.79 16.39 18.94 17.41 16.77 17.59 18.93 18.96 21.22 22.02 21.49 20.76 18.98 17.90 18.35 16.78 16.07 15.91 18.06 16.82 15.63 16.61 16.22 16.25 17.22 20.31 21.72 20.64 18.56 19.72 19.36 20.79 19.87 21.37 21.50 20.83 21.27 21.47 24.89 28.80 
22.92 21.16 16.44 14.08 12.14 10.48 8.33 6.05 2.99 5.37 6.20 7.06 9.53 11.03 9.97 11.90 13.07 14.90 15.15 17.31 18.19 19.69 21.02 22.43 22.83 24.06 23.89 23.49 22.65 21.29 19.28 16.78 14.43 13.35 12.91 11.88 12.97 14.63 16.43 15.68 16.47 15.35 16.54 16.52 17.89 19.53 21.02 21.99 22.49 22.15 21.36 22.86 22.09 19.43 19.34 19.53 17.14 15.74 17.26 17.08 15.28 14.83 13.23 14.62 12.89 13.00 13.10 15.00 16.38 18.30 20.07 22.09 22.52 24.04 24.33 25.32 25.87 26.37 27.24 25.82 25.26 26.30 26.74 24.61 23.67 23.85 23.80 23.76 24.36 25.22 27.71 26.87 25.17 24.93 24.95 25.04 25.19 25.68 25.61 26.15 26.36 28.26 28.89 29.47 31.63 32.44 31.68 33.06 34.89 34.29 33.71 36.80 38.56 36.66 37.26 35.92 35.72 32.70 32.87 31.66 32.14 29.87 28.78 28.80 28.44 26.81 26.12 26.45 26.97 26.07 25.72 26.16 26.08 25.41 25.71 27.79 27.76 27.05 26.55 26.51 25.11 26.23 27.36 25.89 26.68 28.83 29.66 27.26 27.28 29.97 30.61 28.16 29.75 29.39 28.80 26.65 25.46 23.92 22.80 22.48 22.12 22.00 23.74 25.87 26.93 27.87 27.84 26.34 26.53 26.81 26.07 25.93 26.76 27.41 27.39 26.44 26.16 24.61 23.39 21.44 20.21 18.49 17.13 16.91 15.56 14.16 15.03 16.08 17.48 18.33 19.32 20.05 20.65 20.56 19.83 19.23 19.80 20.13 18.76 19.86 22.33 20.61 19.84 20.98 22.31 22.20 24.00 24.57 24.17 23.15 21.51 20.24 20.08 18.22 17.13 17.41 19.39 18.22 16.52 17.94 17.59 17.73 18.14 20.85 21.61 21.64 19.38 20.34 19.76 21.27 21.20 22.13 22.43 22.08 23.14 23.34 26.81 27.84 
24.49 22.55 18.11 15.40 13.82 11.87 10.01 7.08 5.37 1.87 5.52 6.11 7.88 9.49 9.32 11.14 12.94 14.63 14.98 16.87 18.96 19.58 20.95 22.42 23.53 24.54 24.80 24.34 23.61 22.31 20.32 18.02 15.16 14.14 13.21 12.01 12.76 14.54 16.26 15.96 16.73 15.25 16.71 16.30 18.04 19.65 21.03 22.01 22.60 22.01 21.00 22.52 21.63 19.26 18.78 19.25 16.05 15.20 16.40 16.11 13.95 14.66 12.80 14.40 12.30 13.07 13.22 16.02 17.16 19.15 20.99 22.78 23.68 24.59 25.21 26.31 26.92 27.14 27.72 26.77 26.19 26.81 27.04 25.39 24.42 24.58 24.37 24.66 25.07 26.11 28.15 27.43 25.67 25.76 25.63 25.65 26.00 26.46 26.30 26.75 27.00 28.53 29.10 29.78 31.72 32.58 31.43 33.35 35.34 34.53 33.95 37.37 38.59 37.16 37.16 36.39 36.12 33.15 33.14 31.99 32.42 30.52 29.24 29.01 28.75 27.07 26.06 26.29 26.86 25.94 25.44 26.36 26.18 25.58 25.61 27.91 27.89 27.09 26.36 26.73 25.14 26.34 27.28 26.10 26.52 28.76 29.49 27.30 27.52 30.36 30.85 28.96 30.45 30.19 29.40 27.73 26.15 24.95 23.52 23.34 22.94 23.27 24.71 26.79 27.60 28.82 28.46 26.79 26.88 27.31 26.63 26.27 27.35 28.04 28.35 27.23 27.04 25.63 24.23 22.41 20.70 19.43 17.89 17.93 16.26 15.36 16.09 17.48 18.67 19.67 20.09 20.77 21.53 21.12 20.14 19.47 19.52 19.75 18.20 19.34 22.17 20.68 19.93 20.88 22.56 22.64 24.77 25.33 24.86 23.96 22.17 20.93 20.97 19.30 18.63 18.51 20.39 19.05 17.32 18.47 17.84 17.66 18.05 20.73 21.69 21.58 19.90 20.40 19.67 21.46 21.43 22.74 23.11 22.34 24.20 24.24 27.68 27.65 
24.45 22.73 18.67 15.38 13.98 11.92 11.24 7.74 6.20 5.52 3.02 5.56 7.26 7.93 8.16 9.60 11.45 13.56 14.12 15.95 18.03 18.91 19.43 21.81 23.10 24.01 24.26 23.85 22.97 21.73 19.76 17.20 15.51 13.88 12.83 11.60 13.06 14.59 16.35 16.48 17.37 16.48 17.43 17.18 18.16 20.11 21.23 21.89 22.07 21.29 20.29 21.91 21.14 18.48 18.14 18.40 15.65 14.37 15.68 15.73 14.21 14.34 13.48 14.00 12.69 12.97 13.70 14.45 16.76 18.12 20.36 22.51 23.21 24.26 24.36 25.91 26.76 26.70 27.40 26.33 26.26 26.55 26.48 24.66 23.93 23.84 23.72 24.28 25.01 25.68 27.68 27.24 25.59 25.69 25.48 25.65 25.95 26.61 26.22 26.65 26.59 28.20 28.53 29.30 31.77 32.06 30.71 32.59 34.68 33.99 33.09 36.48 38.53 36.48 36.49 35.32 35.39 32.10 32.21 31.04 31.67 29.32 28.40 28.23 27.79 26.23 24.95 25.30 26.01 24.91 24.19 25.14 25.37 24.32 24.52 27.23 27.36 26.47 25.92 26.25 24.29 25.54 26.59 25.37 26.00 28.23 28.79 26.62 26.77 29.82 30.50 28.79 30.90 30.35 28.91 27.23 25.90 24.29 22.99 22.90 22.51 22.70 24.45 26.71 27.31 28.24 27.65 26.39 26.16 26.26 26.00 26.03 27.16 28.10 27.86 26.76 26.37 25.21 23.87 21.97 20.51 19.40 18.82 19.13 17.91 17.02 17.37 17.57 19.04 19.55 20.35 21.04 21.67 21.14 20.03 19.30 19.48 19.95 18.40 19.23 21.61 20.73 19.63 20.69 21.84 22.42 24.71 25.34 24.93 23.97 22.27 20.98 21.63 19.95 20.18 20.32 22.14 20.47 18.33 19.45 18.75 18.32 18.46 21.42 22.30 22.20 20.09 21.08 20.12 22.13 22.30 23.30 23.36 22.95 24.68 24.75 28.41 28.68 
22.59 19.93 15.92 13.12 11.25 9.30 9.15 7.37 7.06 6.11 5.56 0.00 5.70 7.09 6.24 7.46 9.16 11.10 10.85 12.09 14.16 14.88 15.87 17.00 18.67 19.83 20.44 20.07 19.24 18.19 15.52 14.05 11.31 11.39 9.54 9.45 11.14 13.72 15.69 15.04 15.27 14.29 15.47 14.90 15.66 17.46 18.26 19.29 19.13 18.58 17.33 19.14 18.87 15.71 15.44 16.30 13.98 12.62 13.91 14.38 12.62 13.53 11.44 12.12 9.52 10.58 10.28 11.04 12.85 14.17 16.40 18.45 19.94 20.50 21.21 22.23 22.90 23.26 24.14 23.16 23.05 23.87 23.94 22.12 21.18 21.62 21.90 22.18 22.39 23.61 25.95 25.26 23.36 23.50 23.34 23.37 23.36 24.13 23.99 24.59 24.63 26.34 26.56 27.66 29.71 30.43 28.85 31.05 33.45 32.44 31.49 34.50 36.44 34.75 34.40 33.48 33.46 30.31 30.35 29.07 29.27 27.01 26.01 26.07 25.79 24.00 22.94 23.38 24.15 22.84 22.25 23.24 23.62 22.66 23.03 25.48 25.67 25.09 24.52 24.73 22.83 24.12 24.86 23.52 24.07 26.75 27.20 24.74 25.24 28.33 28.58 26.96 28.46 28.04 26.54 25.10 23.56 22.31 20.95 21.22 21.18 21.71 23.08 25.25 25.23 26.67 25.87 24.64 24.56 24.73 24.02 24.00 24.83 25.64 25.62 24.60 24.50 23.28 21.85 20.33 18.73 18.11 17.23 18.32 17.18 16.37 15.66 15.87 16.61 17.22 18.12 18.39 18.67 18.22 17.04 16.73 17.03 17.51 15.81 16.86 19.47 18.55 17.37 18.40 19.42 20.06 22.05 23.06 22.72 21.89 20.34 19.47 20.18 18.74 19.37 19.51 21.08 19.05 17.24 18.32 17.31 16.95 17.51 20.56 21.25 20.82 18.92 19.67 19.28 21.22 20.79 21.34 21.40 21.98 24.12 24.05 26.31 26.92 
21.47 19.29 15.63 12.95 11.47 9.51 9.35 8.88 9.53 7.88 7.26 5.70 0.70 5.66 6.64 6.13 7.00 8.60 10.03 10.74 12.07 13.59 14.99 15.87 17.39 18.98 19.98 19.04 18.81 17.19 15.08 12.76 10.13 9.61 9.49 9.20 11.31 14.05 15.47 15.12 14.54 13.74 14.46 14.55 15.19 16.73 17.85 19.01 18.91 18.16 16.83 18.75 17.81 14.38 13.97 14.97 12.34 10.89 12.39 12.92 11.57 12.54 11.03 11.11 8.65 9.98 10.46 10.40 12.52 13.86 15.73 17.83 19.07 20.19 20.39 21.47 22.09 22.60 23.48 22.87 22.85 23.63 24.17 22.39 21.27 21.96 22.70 22.96 23.41 24.51 26.67 26.03 24.13 24.19 24.25 24.34 24.10 24.82 24.76 25.38 25.04 27.07 27.59 28.51 30.31 31.25 30.33 32.47 34.49 33.95 33.16 36.20 37.94 36.46 36.30 35.29 35.32 32.21 32.24 30.62 30.90 28.75 27.60 27.39 26.96 25.50 24.44 24.86 25.30 24.27 23.80 24.45 24.61 23.99 24.34 26.45 27.03 26.44 25.92 25.67 24.16 25.38 26.10 24.65 25.30 27.72 28.24 26.28 26.43 29.07 29.44 27.75 28.92 28.45 27.65 25.92 24.69 22.99 21.96 22.07 22.11 22.49 24.08 25.90 26.16 27.44 26.87 25.79 26.10 26.04 25.41 25.10 25.84 26.50 26.42 25.83 25.57 24.05 22.49 21.10 19.97 19.11 18.75 19.57 18.47 17.54 17.13 16.90 17.23 17.88 18.48 18.80 18.86 17.93 16.79 16.70 17.68 17.30 16.59 17.74 20.22 18.88 17.67 18.66 19.56 20.22 22.22 23.37 23.22 22.21 20.05 20.05 20.97 19.46 19.17 20.22 21.72 19.81 17.69 18.37 17.59 17.28 17.77 20.75 21.71 21.38 19.94 20.70 20.32 21.98 21.69 22.40 22.36 23.34 24.74 24.94 26.41 26.45 
21.60 19.61 16.57 13.32 11.83 9.88 10.13 9.42 11.03 9.49 7.93 7.09 5.66 0.26 5.68 7.06 6.68 7.52 9.14 10.75 12.57 13.21 15.16 16.03 18.10 19.66 20.75 20.01 19.85 18.61 16.47 14.47 12.16 11.39 10.92 11.29 13.90 16.17 17.64 16.65 16.35 14.78 15.62 15.18 16.27 17.95 18.73 19.65 19.45 18.86 17.75 18.86 18.10 15.43 15.28 15.65 12.83 12.36 14.71 15.10 13.66 15.24 13.61 14.09 11.52 11.77 11.65 12.80 13.31 15.05 16.67 18.52 19.74 20.62 21.15 22.40 23.19 23.25 24.24 23.63 23.81 24.11 24.98 23.30 22.77 23.33 24.00 24.33 25.01 26.19 28.19 27.36 25.49 25.57 25.55 25.25 25.34 26.09 25.95 26.80 26.54 28.29 28.67 29.98 31.81 32.50 31.46 33.75 36.01 35.07 34.33 37.72 39.40 37.81 37.45 36.59 36.24 33.09 33.13 31.84 31.99 30.09 28.98 28.76 28.52 26.88 25.86 26.32 27.06 26.20 25.61 26.51 26.76 26.36 26.45 28.92 29.45 29.00 27.93 27.88 26.00 27.06 27.54 26.25 26.56 28.64 29.37 27.17 27.52 30.16 30.48 28.78 29.93 29.48 28.80 27.12 25.81 24.52 23.36 23.51 24.36 24.82 26.45 28.80 28.67 29.95 28.82 27.43 27.37 27.63 26.69 26.37 27.11 28.32 28.27 27.39 27.03 26.01 24.29 23.01 21.58 21.45 21.00 21.70 20.61 19.59 19.04 18.37 19.34 19.55 19.83 19.92 19.85 19.02 17.75 17.54 17.26 17.31 16.62 18.31 20.70 19.87 18.94 19.92 21.09 21.81 23.94 25.41 25.15 24.08 21.98 21.49 22.67 21.19 21.31 22.09 23.49 21.60 19.33 19.86 18.90 18.32 18.97 22.45 23.57 23.32 21.38 22.05 21.90 23.73 23.75 24.68 24.60 25.21 27.12 26.47 27.76 27.21 
18.46 16.06 13.32 10.79 9.47 7.46 8.17 8.67 9.97 9.32 8.16 6.24 6.64 5.68 0.59 5.23 6.95 6.61 6.66 8.69 10.71 11.23 11.66 13.81 15.32 16.21 16.75 17.11 16.91 15.88 13.25 11.95 10.65 10.21 9.62 10.37 13.22 15.41 16.15 15.52 14.92 13.81 14.25 13.51 14.12 15.26 16.04 16.64 16.04 15.63 14.54 16.32 15.66 13.22 13.50 14.26 11.62 11.64 13.80 14.69 12.87 14.31 13.17 13.25 11.32 10.74 9.86 9.22 11.32 11.75 14.14 15.72 17.18 18.00 18.48 20.00 20.64 21.31 22.38 21.72 21.87 22.80 23.23 21.61 20.68 21.52 22.05 22.84 23.23 24.11 25.84 25.48 23.62 23.63 23.50 23.33 23.22 23.99 23.68 24.40 24.24 25.97 26.36 27.84 30.28 30.72 29.38 31.79 34.18 33.37 32.28 35.65 37.64 35.80 35.23 34.21 34.08 30.81 31.07 29.68 30.08 27.83 26.86 26.87 26.49 24.99 23.72 24.63 25.26 24.32 23.67 25.24 25.49 25.09 25.23 28.41 28.59 27.97 26.95 27.07 24.70 25.82 26.10 24.82 24.85 27.12 27.36 25.11 25.13 28.08 28.41 26.53 27.71 27.58 26.68 24.81 24.04 22.54 21.83 22.10 22.32 22.96 25.08 27.23 27.21 27.83 27.14 25.87 25.53 25.16 24.78 24.34 24.88 25.80 25.86 24.83 24.50 23.38 22.12 20.72 19.70 19.23 18.83 19.81 18.98 17.94 16.71 16.10 17.08 17.38 17.32 17.44 17.17 16.67 15.00 14.52 14.71 14.74 13.69 15.08 17.82 17.43 16.00 17.67 19.05 19.75 21.81 23.06 23.30 22.02 20.51 20.00 21.17 19.57 19.78 20.48 21.76 19.75 17.81 18.93 17.73 17.51 17.84 21.41 22.51 22.26 20.52 21.62 20.63 22.42 22.35 23.86 23.44 23.73 25.09 25.55 26.91 26.16 
16.83 14.27 11.84 10.04 9.32 8.05 8.52 9.11 11.90 11.14 9.60 7.46 6.13 7.06 5.23 0.04 5.31 7.21 5.93 6.53 8.50 9.64 10.31 11.52 12.61 13.52 14.45 14.82 14.92 13.70 11.42 10.97 9.15 9.84 9.56 11.31 14.49 16.61 17.81 16.63 16.26 14.20 14.64 13.38 13.32 14.45 14.70 15.67 14.64 14.83 13.77 15.43 14.73 12.40 12.39 14.08 11.94 11.83 14.43 14.86 13.30 14.59 12.76 13.14 10.38 10.56 7.91 5.72 7.68 8.73 10.27 12.28 14.14 15.07 16.47 17.63 18.31 19.02 20.53 19.64 19.99 21.11 21.92 19.99 19.58 20.19 21.06 21.42 22.00 23.03 24.84 24.14 22.53 22.41 22.14 21.49 21.39 22.45 22.15 22.79 22.80 24.82 25.24 26.56 28.88 29.61 28.18 30.35 33.00 32.18 31.10 34.15 36.11 34.56 34.01 32.80 32.50 29.57 29.75 28.39 28.33 26.32 25.44 25.57 25.14 23.52 22.68 23.50 24.24 23.16 23.10 24.50 24.87 24.46 25.03 28.37 28.30 27.95 26.97 27.11 24.47 25.41 25.60 23.62 23.94 26.18 26.53 23.88 24.35 27.32 27.42 25.32 26.47 25.94 24.88 23.39 22.76 21.54 20.95 21.37 22.26 23.19 25.31 27.37 27.34 28.32 27.36 25.48 24.91 24.87 23.98 23.43 23.98 25.06 24.68 23.83 23.43 22.62 21.26 20.08 19.23 19.04 19.06 20.10 19.33 18.09 17.11 15.90 16.09 15.89 16.11 15.92 15.47 14.78 13.26 13.29 13.50 14.16 12.48 13.91 16.99 16.34 15.25 16.65 17.94 18.59 20.54 22.07 22.12 21.13 19.43 19.24 20.55 18.77 19.72 20.73 21.62 19.39 17.77 18.67 17.91 17.19 18.42 22.17 22.91 22.73 20.63 21.06 20.89 22.46 21.93 23.01 23.29 23.71 25.22 24.46 26.69 26.62 
17.65 15.31 12.80 11.87 11.25 10.04 10.60 11.23 13.07 12.94 11.45 9.16 7.00 6.68 6.95 5.31 0.95 5.97 6.94 6.43 7.28 9.09 10.18 11.03 12.24 13.73 14.40 14.55 14.33 13.40 12.10 11.77 9.96 11.34 11.98 13.32 16.16 19.22 20.30 19.03 17.83 15.47 15.63 14.45 13.96 13.79 14.19 15.19 15.03 13.41 13.29 15.22 13.92 10.67 10.92 13.68 11.85 11.45 14.80 15.66 13.99 15.47 15.25 15.19 13.03 12.70 11.66 9.69 9.86 10.76 12.06 13.11 15.06 16.10 16.79 18.20 18.78 19.65 20.94 20.51 20.63 21.81 22.84 21.19 20.60 21.39 22.27 22.79 23.55 24.38 26.30 25.45 23.89 23.78 23.55 22.96 22.48 23.45 23.57 23.87 23.53 25.67 26.65 27.54 29.53 30.26 29.43 31.41 33.67 33.10 32.27 35.10 37.02 35.66 35.43 33.99 33.88 30.98 31.45 29.63 29.56 27.73 26.94 26.73 26.06 24.91 24.11 24.89 25.32 24.60 24.69 25.88 26.01 25.77 26.58 29.26 29.77 29.24 28.77 28.11 26.18 26.69 26.95 24.86 25.24 27.41 27.61 25.50 26.10 28.53 28.51 27.02 27.96 27.36 26.29 25.13 24.76 23.37 22.78 23.82 24.36 25.05 27.12 29.24 29.94 30.22 29.63 27.67 27.11 26.62 25.99 25.25 25.66 26.33 25.91 25.12 24.99 24.12 22.97 22.07 21.37 21.39 21.38 21.89 21.21 20.11 19.21 17.62 17.17 16.93 17.10 16.36 16.44 15.13 14.22 13.64 14.71 13.55 13.78 14.80 17.23 16.99 16.19 17.56 18.51 19.41 21.32 22.68 23.20 22.08 20.49 20.63 21.93 20.46 20.97 21.80 22.99 21.02 19.19 19.78 18.83 18.98 19.91 22.83 23.47 23.86 22.10 22.87 22.70 23.71 22.72 23.85 24.32 23.98 25.02 25.94 28.21 27.80 
16.82 14.94 14.24 11.13 11.41 11.16 13.07 12.89 14.90 14.63 13.56 11.10 8.60 7.52 6.61 7.21 5.97 0.59 5.71 7.25 6.93 7.34 9.22 10.40 12.22 13.73 14.50 14.11 14.62 14.80 13.84 13.43 12.72 13.75 15.05 15.92 19.27 21.29 22.55 20.75 20.07 17.28 17.11 15.67 15.30 15.26 15.30 15.98 15.07 14.72 14.33 15.75 14.59 12.59 13.13 15.15 13.34 12.93 16.95 17.64 16.44 17.55 16.81 17.56 14.71 14.42 12.95 12.09 11.44 11.83 12.65 14.11 15.24 16.65 17.37 18.78 19.60 20.02 21.43 20.90 21.12 22.17 23.43 21.62 21.59 22.33 23.68 23.95 24.77 25.72 27.66 26.78 25.00 24.73 24.33 23.86 23.30 24.23 23.98 24.78 24.49 26.29 27.03 28.44 30.58 31.18 30.04 32.23 34.86 34.06 33.09 36.20 38.17 36.61 36.06 35.06 34.80 31.91 32.15 30.71 30.71 28.94 28.18 28.10 27.78 26.72 25.72 26.25 27.12 26.54 26.48 27.56 28.23 28.15 28.80 31.58 32.26 31.83 30.81 30.63 28.38 28.76 28.95 26.66 26.50 28.33 28.73 26.34 26.69 29.44 29.42 27.54 28.43 28.03 27.02 25.78 25.29 24.45 23.93 24.84 25.93 26.58 28.81 31.18 31.34 31.91 30.99 29.12 28.17 27.84 27.05 26.28 26.65 27.76 27.28 26.53 26.18 25.46 24.17 23.34 22.79 22.78 22.64 23.22 22.47 21.35 19.99 18.32 18.20 17.63 16.98 16.96 16.15 15.14 14.17 14.20 13.31 12.42 13.19 15.37 18.01 17.89 17.46 18.77 20.06 20.84 22.80 24.45 24.72 23.86 22.39 22.31 23.59 22.38 22.86 23.65 24.74 22.84 20.51 21.07 20.40 20.32 21.18 24.11 25.22 25.48 23.56 24.01 23.70 24.73 24.02 25.22 25.58 24.43 26.08 26.38 28.93 28.75 
12.47 11.10 10.77 8.83 9.47 10.73 12.41 12.63 15.15 14.98 14.12 10.85 10.03 9.14 6.66 5.93 6.94 5.71 0.00 5.44 7.26 6.40 6.88 8.67 10.02 11.11 10.93 10.89 11.67 11.34 10.30 11.38 11.64 13.28 15.07 16.41 19.38 21.22 22.70 20.67 19.82 16.83 16.92 15.00 14.13 13.94 13.63 13.85 13.07 12.31 11.76 13.77 13.13 10.98 12.46 14.52 12.43 12.49 16.38 17.92 16.70 17.23 16.09 17.21 14.81 13.70 11.67 10.17 10.11 9.31 10.03 10.85 12.30 13.32 15.11 16.04 16.76 17.63 19.40 18.17 18.63 20.22 21.27 19.30 19.07 20.24 21.36 22.11 23.23 23.78 26.02 25.21 23.30 22.61 22.24 21.74 21.48 21.85 21.24 22.07 22.22 23.86 24.53 25.88 28.56 29.12 27.72 30.07 32.84 32.16 30.82 34.19 36.46 34.40 33.73 32.70 32.95 29.72 30.26 28.75 28.98 26.97 26.36 26.31 25.99 24.94 24.11 24.91 25.72 25.15 25.19 26.88 27.51 27.54 28.09 31.19 31.81 31.13 30.18 29.84 27.50 27.86 27.86 25.27 24.92 26.65 26.62 23.79 23.85 26.76 26.95 24.70 25.86 25.37 24.57 22.94 22.86 22.10 22.02 22.94 23.71 24.85 27.35 29.40 29.96 29.91 29.65 27.70 26.37 25.75 25.29 24.56 24.77 25.68 25.45 24.38 24.10 23.49 22.31 21.62 21.23 21.27 20.99 21.47 21.28 19.77 18.50 16.49 16.44 15.41 15.01 14.68 14.73 13.51 12.22 11.92 12.53 12.44 12.23 13.79 17.09 16.85 16.34 17.43 18.95 19.46 21.75 23.06 23.74 22.37 21.27 21.15 22.61 21.17 22.04 22.65 23.91 21.71 19.79 20.88 19.99 20.26 20.77 23.91 25.08 25.14 23.63 24.49 23.36 24.27 23.59 25.07 24.63 23.44 25.43 26.27 28.10 26.84 
12.09 10.37 11.57 10.57 10.13 11.79 14.59 14.65 17.31 16.87 15.95 12.09 10.74 10.75 8.69 6.53 6.43 7.25 5.44 0.00 5.75 6.85 6.28 7.49 8.47 9.20 9.98 10.06 10.55 9.18 9.23 10.65 11.46 13.51 15.85 17.14 19.93 21.85 23.82 21.74 20.67 17.71 17.86 15.52 14.02 13.23 13.11 13.49 11.51 11.63 10.78 13.17 12.07 10.33 10.61 14.71 13.12 13.22 17.24 19.29 18.00 18.48 17.45 18.71 15.86 14.91 13.03 11.08 10.13 8.59 9.18 9.44 11.35 11.94 13.95 14.65 15.60 16.48 18.60 17.14 18.29 19.70 20.63 18.58 19.12 19.66 21.01 21.54 22.95 23.77 25.50 24.81 23.02 22.40 21.75 20.77 20.23 20.87 20.28 20.98 21.14 23.15 23.79 25.34 27.88 28.60 27.42 29.68 32.39 31.67 30.51 33.81 35.88 34.20 33.51 32.53 32.55 29.69 30.11 28.46 28.48 26.64 26.18 26.14 25.73 24.56 24.18 24.96 25.66 25.16 25.73 27.39 28.00 27.94 28.97 31.93 32.34 31.73 30.96 30.33 28.26 28.47 28.10 25.16 25.08 26.81 26.59 23.66 24.06 26.60 26.35 24.15 25.36 24.40 23.38 22.05 22.21 21.88 21.78 22.80 24.15 25.29 27.72 29.91 29.82 30.46 29.88 27.66 26.60 26.17 25.36 24.41 24.68 25.77 25.31 24.48 24.22 23.54 22.68 22.07 21.54 21.61 21.77 22.62 21.92 20.53 19.43 17.39 16.54 15.77 14.96 14.43 14.13 13.34 12.07 12.07 13.15 14.01 12.97 14.54 17.75 17.67 16.74 18.01 19.36 19.96 21.98 23.56 24.18 22.92 21.61 21.68 22.96 21.60 22.46 23.54 24.78 22.40 20.79 21.63 21.16 21.05 22.05 25.17 26.24 26.36 24.53 24.76 23.96 25.20 23.97 25.18 25.18 24.47 25.89 25.96 28.11 27.67 
14.13 12.77 12.88 12.83 11.94 13.34 16.07 16.89 18.19 18.96 18.03 14.16 12.07 12.57 10.71 8.50 7.28 6.93 7.26 5.75 0.46 6.05 7.48 7.49 8.57 10.09 11.26 11.74 11.90 11.19 11.99 13.24 13.65 16.00 18.04 19.64 22.17 24.42 26.28 23.82 22.84 19.48 19.42 16.76 15.45 14.66 14.17 14.28 13.66 12.23 11.20 13.15 13.41 10.36 10.29 14.28 14.74 14.58 18.23 20.48 19.92 21.03 20.11 21.53 18.78 18.34 16.89 14.77 13.95 12.73 12.08 12.48 12.94 13.81 14.82 15.75 16.79 17.96 19.49 18.37 19.36 20.78 21.82 20.24 20.60 21.06 22.44 23.44 25.09 25.51 27.76 26.68 24.86 23.97 23.50 22.37 21.66 22.33 22.30 22.29 22.42 24.64 25.68 26.88 29.29 30.02 29.09 31.22 33.69 33.20 32.24 35.36 37.47 35.93 35.52 34.37 34.49 31.66 32.21 30.41 30.32 28.87 28.14 28.07 27.30 26.66 26.06 26.95 27.47 27.30 27.72 29.39 29.72 29.93 30.90 33.87 34.46 33.94 33.14 32.37 30.34 30.56 30.07 26.90 26.84 28.54 28.03 25.28 25.61 27.80 27.19 25.57 27.00 25.65 24.59 23.52 23.95 23.29 23.29 24.89 26.21 27.26 29.62 31.84 32.65 32.49 32.07 29.98 28.75 28.17 27.33 26.38 26.53 27.22 26.74 26.11 26.30 25.47 24.27 23.91 23.56 23.86 24.04 24.75 24.16 22.59 21.68 19.32 18.13 17.16 16.84 15.41 15.20 14.40 13.46 14.08 14.44 14.62 15.26 16.97 19.03 19.09 18.33 19.78 20.97 21.90 24.05 25.53 26.33 25.05 23.59 23.31 24.76 23.44 24.42 25.29 26.68 24.56 22.69 23.37 22.24 23.08 23.88 26.90 28.09 28.16 26.41 26.88 26.07 27.02 25.36 26.58 27.01 26.11 26.73 27.04 30.28 28.63 
12.73 11.83 12.69 11.66 11.54 14.16 17.11 17.68 19.69 19.58 18.91 14.88 13.59 13.21 11.23 9.64 9.09 7.34 6.40 6.85 6.05 0.00 5.89 7.26 7.26 8.66 10.21 10.26 11.10 11.53 12.63 13.53 14.39 16.31 18.79 20.22 22.78 24.62 26.35 24.30 23.64 20.18 19.61 17.08 15.81 14.71 14.04 14.23 12.85 12.60 11.78 14.06 13.23 11.54 12.09 15.66 15.36 15.94 19.18 21.87 20.68 21.35 20.31 22.06 19.47 18.76 16.71 15.45 13.88 13.14 12.23 11.94 12.80 12.44 13.73 15.06 15.90 16.65 18.24 17.42 18.02 19.69 20.59 19.13 19.59 20.35 21.96 22.72 23.99 24.83 26.91 26.22 23.75 22.80 22.11 21.33 20.33 20.83 20.45 21.22 21.27 23.21 23.61 25.57 28.05 28.95 27.60 30.02 32.81 32.26 30.99 34.49 36.61 34.95 34.13 33.44 33.31 30.36 30.71 29.31 29.38 27.71 26.93 26.99 26.73 26.02 25.42 26.50 27.47 27.23 27.55 29.20 29.90 30.13 30.95 34.05 34.68 34.13 33.19 32.58 30.25 30.43 30.08 27.18 26.56 28.32 27.93 25.05 25.00 27.26 26.42 24.45 25.33 23.97 23.11 22.39 22.48 22.18 22.24 23.94 25.39 26.55 29.00 31.49 31.61 31.97 31.39 29.28 27.66 27.41 26.46 25.62 25.29 26.42 25.91 25.20 24.93 24.61 23.54 23.35 22.93 23.30 23.55 24.25 23.30 22.06 20.49 18.55 16.93 16.59 15.27 14.19 13.25 13.23 12.40 12.67 13.08 13.65 14.40 16.44 18.89 18.81 18.22 19.50 21.02 21.83 23.82 25.66 26.31 25.06 23.65 23.72 25.10 24.08 24.56 25.83 27.26 25.03 23.06 23.85 23.02 23.41 24.26 27.52 28.50 28.70 26.63 26.88 26.13 27.12 25.47 26.99 27.14 26.23 26.92 27.57 30.16 28.55 
10.66 9.74 11.76 12.62 12.11 14.12 17.39 18.25 21.02 20.95 19.43 15.87 14.99 15.16 11.66 10.31 10.18 9.22 6.88 6.28 7.48 5.89 0.81 6.12 6.99 7.14 8.43 9.29 10.00 10.72 11.99 12.78 14.15 16.06 18.34 20.52 23.07 24.85 26.86 24.55 23.90 19.73 19.60 16.99 15.73 14.03 13.66 13.47 12.03 11.43 10.53 13.71 12.88 10.71 13.01 16.11 15.57 16.06 20.02 22.25 21.82 21.91 21.00 22.54 20.09 19.24 16.12 14.60 13.55 12.15 11.47 10.68 11.07 10.60 12.08 13.00 14.07 14.93 16.84 15.60 16.39 18.29 19.23 17.17 17.45 18.79 20.22 20.95 22.78 23.59 25.89 24.95 22.32 21.22 20.15 19.24 18.69 18.64 17.77 18.37 19.40 20.74 20.55 22.55 25.90 26.73 25.35 27.67 30.84 30.36 28.84 32.43 34.92 32.87 31.97 31.27 31.63 28.13 28.93 27.29 27.67 25.59 25.16 25.14 24.82 23.77 23.90 25.09 26.08 25.66 26.46 28.45 29.11 29.27 30.25 33.33 33.97 33.38 32.54 31.85 29.53 29.48 29.46 26.21 25.67 27.00 26.68 23.32 23.29 25.33 24.59 22.11 23.14 21.88 21.13 19.93 20.46 20.25 20.77 22.29 23.59 25.20 28.09 30.09 30.74 30.42 30.25 28.06 26.30 25.63 25.24 24.02 23.42 24.58 24.65 23.38 23.29 22.98 22.34 21.85 21.72 22.22 22.62 23.16 22.89 21.13 20.01 17.25 16.14 15.20 14.16 12.73 12.77 12.69 11.59 12.48 13.67 15.04 14.74 16.09 18.74 18.92 18.13 19.32 20.95 21.49 23.78 25.38 25.99 24.31 23.19 23.11 24.96 23.36 24.26 25.34 26.90 24.41 22.65 23.91 23.05 23.29 23.81 27.25 28.67 28.28 26.31 26.79 25.90 26.60 25.17 26.63 26.84 26.03 26.94 27.36 29.78 27.92 
11.63 11.17 13.50 14.45 13.57 15.97 19.18 19.95 22.43 22.42 21.81 17.00 15.87 16.03 13.81 11.52 11.03 10.40 8.67 7.49 7.49 7.26 6.12 0.86 6.53 7.24 7.94 8.75 10.34 11.28 13.09 14.20 15.07 16.94 19.93 21.64 24.50 26.09 28.00 25.57 24.68 20.99 20.88 18.47 16.60 14.71 14.31 14.62 11.76 11.54 10.86 14.34 13.65 11.31 12.87 17.21 16.56 16.97 21.17 23.64 22.76 23.40 22.65 24.25 21.65 21.17 18.63 16.37 14.98 13.44 12.45 11.30 11.52 10.15 12.34 12.32 13.58 14.61 16.84 15.15 16.81 18.81 19.52 17.50 18.39 18.49 20.19 21.04 23.38 23.95 26.20 25.28 22.97 21.56 20.43 19.17 18.17 18.38 17.27 17.65 18.54 20.24 20.27 22.55 25.63 26.75 25.13 27.45 30.50 30.09 28.78 32.38 34.54 32.84 32.05 31.49 31.31 28.45 28.88 27.40 27.12 25.96 25.25 25.55 24.47 24.28 24.01 25.46 26.15 26.27 27.00 28.98 29.67 30.05 30.85 33.90 34.44 33.93 32.78 32.14 29.88 30.01 29.45 26.50 26.22 27.56 26.96 24.01 23.92 26.02 24.63 21.99 22.78 21.21 20.23 19.17 19.83 20.16 20.76 22.46 24.44 25.93 28.75 31.27 31.29 31.74 30.92 28.54 26.61 26.34 25.53 24.21 23.52 24.91 24.76 23.78 23.63 23.50 22.84 22.69 22.50 23.08 23.58 24.45 23.63 22.36 20.92 18.27 16.76 16.37 14.86 12.89 13.49 14.16 13.51 14.31 15.98 17.65 17.03 17.97 20.39 20.47 19.78 20.78 22.21 23.02 25.37 26.83 27.19 25.85 24.48 24.56 26.12 24.86 25.57 26.88 28.06 25.91 23.84 24.98 24.40 24.55 25.17 28.90 29.70 29.84 27.36 27.38 26.42 27.38 25.88 27.00 27.38 27.21 27.46 27.69 30.45 28.96 
12.60 12.74 14.13 15.79 14.05 16.55 19.88 20.76 22.83 23.53 23.10 18.67 17.39 18.10 15.32 12.61 12.24 12.22 10.02 8.47 8.57 7.26 6.99 6.53 1.19 6.73 6.94 8.24 9.97 11.33 13.72 14.51 16.53 17.61 19.88 22.45 25.34 27.48 29.21 26.65 25.72 21.70 21.65 18.76 17.23 15.23 14.65 14.37 12.04 11.74 11.22 14.44 13.55 12.01 13.50 17.16 17.01 17.84 22.13 24.48 23.89 24.29 23.85 25.21 22.35 21.97 19.66 17.61 15.48 14.04 13.19 11.78 11.45 9.85 10.85 11.35 12.81 13.87 15.39 14.15 15.67 17.71 18.56 17.29 17.58 18.14 19.54 21.31 23.41 23.96 26.25 25.39 22.62 21.19 20.30 18.78 17.50 17.57 17.41 17.20 18.02 19.69 20.11 21.90 25.32 26.00 24.81 27.13 30.07 29.67 28.43 31.97 34.08 32.46 32.02 31.09 31.18 28.02 28.72 26.65 26.73 25.32 24.89 24.55 24.12 23.68 23.82 24.81 26.02 26.17 26.99 28.90 29.92 29.96 30.94 33.94 34.75 34.04 33.02 32.08 30.18 30.11 29.60 26.50 26.23 27.65 26.92 23.70 24.13 25.47 24.26 21.61 22.59 21.24 19.99 18.77 19.85 20.10 20.81 22.68 24.55 26.17 29.04 31.42 32.21 32.07 31.47 28.83 27.05 26.34 25.41 23.83 23.40 24.32 24.17 23.15 23.64 23.35 22.96 22.77 22.96 23.53 24.16 24.73 24.18 22.46 21.26 18.47 17.02 16.34 14.49 12.49 13.31 14.45 13.71 14.84 16.26 18.11 18.07 18.89 20.94 21.12 20.64 21.60 22.88 23.88 26.70 27.73 28.01 26.56 25.70 25.43 27.03 25.62 26.55 27.45 28.66 26.48 24.87 25.88 25.10 25.54 26.36 29.65 30.92 30.61 28.47 28.36 27.55 28.21 26.57 27.50 28.30 29.32 28.64 28.68 31.55 30.35 
12.44 12.01 14.65 15.70 14.15 17.43 20.95 21.66 24.06 24.54 24.01 19.83 18.98 19.66 16.21 13.52 13.73 13.73 11.11 9.20 10.09 8.66 7.14 7.24 6.73 0.00 6.03 7.40 8.63 10.19 12.66 13.65 15.92 17.90 20.28 22.28 26.10 27.26 29.43 26.67 25.83 21.76 21.99 19.26 17.58 16.29 15.05 14.39 12.22 12.43 12.28 15.32 14.37 13.11 14.82 18.44 17.75 18.09 22.96 24.50 24.04 24.62 23.77 25.42 22.70 21.89 19.67 17.55 15.67 13.84 12.98 11.76 11.56 9.62 11.33 11.82 13.07 13.17 15.14 13.78 14.87 16.81 17.76 16.15 16.58 17.78 19.43 20.59 22.71 23.60 25.89 24.89 21.73 20.53 19.20 18.44 16.96 16.95 15.89 16.76 17.59 19.16 18.85 21.23 24.77 25.64 23.81 26.26 29.46 28.90 27.64 31.16 33.39 31.60 30.84 30.23 30.30 27.08 27.36 25.64 25.98 24.22 23.50 23.65 23.59 22.93 22.74 24.08 25.48 25.27 26.29 28.36 29.55 29.54 30.63 33.56 34.29 33.43 32.28 31.43 29.39 29.26 29.10 25.91 25.64 27.00 26.63 23.50 23.61 25.25 23.91 21.04 21.91 19.59 18.71 18.47 19.19 19.08 19.93 21.98 24.06 25.59 28.68 31.11 31.48 31.62 30.68 28.17 26.14 25.64 24.63 23.10 22.59 23.65 23.38 22.59 22.59 22.54 22.47 22.18 22.42 23.24 23.95 24.65 24.07 22.45 21.13 18.60 17.20 16.28 14.46 13.63 14.24 15.26 15.09 15.96 17.52 18.96 18.78 19.58 21.74 21.74 21.18 22.13 23.67 24.33 26.97 28.30 28.51 27.16 26.07 25.90 27.35 25.96 26.75 27.89 29.01 26.82 24.95 26.29 25.76 25.75 26.53 30.23 31.22 30.96 28.44 28.28 27.36 27.95 26.31 27.32 28.03 28.46 27.56 28.10 31.05 29.76 
12.28 12.10 14.38 16.09 14.34 17.46 21.04 21.67 23.89 24.80 24.26 20.44 19.98 20.75 16.75 14.45 14.40 14.50 10.93 9.98 11.26 10.21 8.43 7.94 6.94 6.03 0.49 6.23 7.07 8.57 10.26 12.82 15.12 17.11 19.81 22.43 25.49 27.66 29.48 26.92 24.92 21.39 21.45 19.15 16.66 14.89 13.99 13.11 11.15 11.28 10.69 14.46 13.76 11.95 14.09 17.69 17.44 18.44 22.74 24.55 24.08 24.45 23.56 24.83 21.96 21.20 18.64 16.73 14.98 12.87 12.08 10.50 11.09 8.76 11.11 11.41 12.04 12.64 14.32 13.20 14.12 15.60 16.35 14.95 14.92 16.91 18.35 19.77 21.80 22.99 24.89 23.87 20.58 19.40 18.20 17.52 16.64 16.19 14.45 15.21 16.74 17.98 17.26 19.91 23.79 24.52 22.41 25.04 28.25 27.77 26.28 30.03 32.40 30.30 29.38 28.91 29.35 25.66 26.34 24.63 25.05 22.63 22.35 22.47 22.16 20.88 21.48 22.90 24.00 23.39 24.99 27.45 28.45 28.40 29.67 32.62 33.28 32.31 31.36 30.44 28.43 28.33 28.28 25.00 24.63 26.00 25.70 22.39 22.60 24.12 23.06 20.36 21.01 18.94 17.72 17.48 18.27 18.54 19.18 21.45 23.07 25.10 28.23 30.58 31.13 30.82 30.20 27.18 25.30 24.64 23.92 22.02 21.33 22.56 22.53 21.14 21.25 21.59 21.78 21.42 21.55 22.67 23.66 24.24 23.91 22.23 20.88 18.20 16.67 15.92 14.56 13.74 14.58 15.55 15.01 16.20 17.91 19.64 19.38 19.96 21.98 21.95 21.43 22.43 24.01 24.57 27.12 28.26 28.62 27.04 26.10 25.67 27.50 25.64 26.76 27.64 28.99 26.53 24.62 26.13 25.63 25.46 26.22 29.45 31.37 30.75 28.36 28.32 27.38 27.85 25.95 27.20 27.92 28.42 27.75 27.56 30.75 29.20 
13.25 12.92 14.39 15.55 13.84 17.06 20.51 21.29 23.49 24.34 23.85 20.07 19.04 20.01 17.11 14.82 14.55 14.11 10.89 10.06 11.74 10.26 9.29 8.75 8.24 7.40 6.23 0.00 6.32 7.33 9.64 11.27 14.58 16.79 19.61 22.53 25.62 27.02 28.95 25.78 24.25 20.75 21.06 18.35 15.70 13.42 12.75 12.93 9.97 10.23 10.19 13.73 13.32 11.52 13.43 17.48 17.04 17.56 22.07 24.14 23.39 23.92 22.93 24.24 21.84 21.06 18.54 16.18 14.65 12.61 11.30 10.22 10.04 7.67 9.88 10.13 11.29 12.06 14.06 12.25 13.59 14.69 15.38 13.49 14.18 15.14 16.82 18.49 20.73 21.81 23.99 23.23 20.21 18.86 17.71 16.44 15.32 14.79 13.72 13.53 15.37 17.09 16.79 19.14 22.93 23.82 21.83 24.27 27.67 26.87 25.58 29.30 31.52 29.55 28.65 27.98 28.04 24.69 25.26 23.47 23.78 22.05 21.82 21.73 21.16 20.38 21.03 22.25 23.29 23.26 24.70 26.77 27.96 27.85 29.18 31.91 32.46 31.74 30.40 29.48 27.68 27.54 27.35 24.25 24.23 25.65 25.19 22.27 22.50 24.21 22.54 19.85 20.72 18.24 16.91 16.13 17.16 17.88 18.89 20.86 23.04 24.66 27.93 29.99 30.23 30.20 29.32 26.50 24.27 23.58 22.84 20.87 20.16 21.62 21.54 20.34 20.71 21.15 21.39 21.09 21.42 22.35 23.49 24.10 23.79 22.23 20.94 18.63 17.14 16.61 14.92 14.12 15.26 16.34 15.82 16.87 18.45 20.06 19.44 19.84 21.87 21.84 21.29 22.12 23.62 24.36 26.79 27.79 28.22 26.90 25.91 25.44 27.10 25.52 26.32 27.21 28.55 26.28 24.46 25.52 25.24 25.12 25.81 29.39 30.57 30.26 27.59 27.32 26.25 26.99 25.44 26.04 26.66 27.04 26.38 26.41 29.60 28.52 
