2.64 6.57 8.00 8.85 11.00 12.42 13.39 13.41 15.08 15.56 15.57 16.51 18.49 19.13 19.40 20.59 21.86 23.03 24.02 25.28 26.64 28.08 29.03 30.16 32.10 32.59 33.88 35.54 37.14 36.88 38.37 40.87 40.85 40.06 38.56 38.87 36.78 36.33 35.47 34.74 33.90 32.28 31.87 30.88 30.86 30.88 30.81 31.01 30.93 29.59 30.40 31.06 30.53 30.10 32.58 33.02 33.06 32.70 32.18 31.40 30.18 30.09 30.64 30.87 31.87 31.74 32.67 32.62 34.65 34.63 36.03 34.77 35.21 33.41 33.30 32.01 31.72 31.53 32.11 31.76 32.53 33.84 34.88 33.69 33.61 35.03 35.58 33.76 33.88 35.39 35.79 35.18 36.69 38.48 39.35 39.13 39.89 40.26 39.80 39.54 40.11 39.27 38.35 38.49 36.66 35.40 35.19 35.15 33.19 32.65 32.62 32.73 30.08 29.60 29.72 29.63 28.56 28.23 28.21 28.03 27.05 26.79 26.94 27.64 26.94 26.49 26.84 28.40 28.46 28.40 30.12 30.24 30.03 28.83 29.45 30.02 30.71 30.72 30.60 31.13 30.15 30.06 30.72 31.20 31.01 30.68 31.27 30.98 30.73 30.69 31.66 31.99 31.69 31.23 31.91 33.17 33.77 32.91 33.71 33.95 33.25 32.33 32.90 32.35 31.61 30.77 30.39 30.70 30.40 31.04 31.48 32.82 33.60 34.66 35.38 37.09 38.80 38.48 38.39 38.10 36.03 34.35 33.30 32.23 31.31 30.27 29.98 29.47 29.80 29.94 30.97 30.29 30.27 29.18 29.56 29.99 28.85 27.60 28.33 29.05 29.37 27.93 29.45 28.54 35.43 
6.57 1.60 4.37 5.56 8.90 10.84 11.13 11.16 13.32 13.99 14.50 14.99 17.56 18.07 18.95 19.59 21.23 22.32 23.38 24.60 26.18 27.65 28.33 29.72 31.55 32.08 33.27 35.15 36.67 36.11 37.33 40.30 40.10 39.34 37.11 37.96 35.88 35.74 34.59 33.75 32.73 31.22 31.09 29.82 29.44 29.69 29.94 30.35 29.82 28.31 29.79 30.92 29.87 28.92 32.26 33.04 32.69 32.01 31.52 31.04 29.92 29.63 29.95 29.97 31.38 31.00 31.87 31.66 34.44 33.84 35.11 33.86 34.82 32.51 32.55 31.33 31.18 30.82 31.58 31.19 32.22 33.46 34.58 33.24 32.86 34.50 34.99 33.17 32.96 35.21 35.36 34.50 35.99 38.47 39.30 38.99 39.62 40.42 39.98 39.55 39.54 38.88 37.76 38.02 35.95 34.78 34.78 34.52 32.49 31.85 32.05 32.24 29.74 29.02 29.31 29.19 28.26 27.45 27.75 27.43 26.82 26.12 26.51 27.11 26.41 25.60 26.55 27.82 27.97 27.45 30.26 29.62 29.86 28.08 29.70 29.54 30.34 30.08 30.54 30.93 29.78 29.63 30.18 30.80 30.40 30.18 30.78 30.63 30.31 30.07 31.27 31.89 31.70 31.01 31.60 33.14 33.41 32.57 33.47 33.88 33.10 32.24 33.02 32.09 30.92 30.11 30.16 30.47 29.72 30.75 31.04 32.64 32.69 34.01 34.50 36.97 38.31 38.07 38.19 37.69 35.51 33.44 33.08 31.33 30.71 29.46 29.60 28.60 28.94 29.12 30.67 29.68 30.03 28.27 28.85 29.51 28.89 26.37 27.22 29.05 27.71 27.60 28.03 28.99 34.81 
8.00 4.37 1.29 4.01 8.23 9.61 9.85 10.35 12.34 12.86 13.08 13.77 16.23 16.70 17.52 18.83 20.30 21.48 22.55 23.93 25.65 27.23 27.93 29.19 31.42 31.67 32.96 34.40 36.15 35.31 36.69 39.40 39.31 38.66 36.53 37.11 34.77 34.69 33.33 32.68 31.72 30.06 30.01 28.77 28.57 28.76 29.35 29.80 29.40 27.72 29.57 30.20 29.36 28.05 31.91 32.24 32.12 31.17 30.95 29.98 28.97 28.49 29.00 28.80 30.53 29.92 30.60 30.54 33.97 32.95 34.14 32.82 33.86 31.18 31.41 30.07 30.40 29.59 30.50 29.93 31.54 32.41 33.95 32.51 32.46 33.72 34.54 32.26 32.28 34.34 34.98 33.70 35.24 37.85 39.04 38.63 39.25 39.85 39.84 39.49 39.42 38.53 37.61 37.88 35.88 34.49 34.26 33.89 32.19 31.30 31.20 31.47 29.43 28.46 28.45 28.30 27.70 26.83 26.64 26.28 26.04 25.54 25.60 26.09 25.58 24.96 25.69 26.87 27.22 27.03 29.58 28.76 29.28 27.66 29.30 28.76 29.59 29.32 29.94 30.14 29.17 28.78 29.50 29.86 29.78 29.19 29.95 29.59 29.56 29.15 30.43 30.73 31.04 30.17 30.78 31.82 32.69 31.46 32.75 32.67 32.44 31.46 32.87 31.29 30.00 29.33 29.86 29.70 28.45 29.61 30.29 31.77 31.68 33.03 33.82 36.18 37.82 37.47 37.64 36.94 34.60 32.60 32.25 30.41 29.71 28.38 28.74 27.59 28.08 28.21 30.12 29.18 29.68 28.48 29.11 29.52 28.33 26.97 27.73 29.56 27.44 26.71 29.04 29.37 34.28 
8.85 5.56 4.01 0.00 4.46 6.83 7.06 6.92 9.14 9.89 9.97 10.49 12.72 12.96 13.95 15.45 17.06 18.09 19.40 21.06 22.51 24.07 24.43 26.17 28.07 28.65 29.31 31.39 32.98 32.84 34.02 36.96 36.65 35.95 33.96 34.25 31.89 31.27 29.99 29.59 28.54 26.71 26.43 25.61 25.26 25.51 25.45 26.56 26.10 24.93 25.87 27.30 26.69 26.05 29.01 29.51 29.15 28.71 28.04 27.11 26.17 25.84 26.11 26.06 27.39 26.86 27.48 27.88 31.41 30.38 31.09 29.97 31.42 28.73 28.20 27.26 27.31 26.59 26.71 26.73 28.19 29.29 30.38 29.27 29.11 30.90 30.96 29.30 29.53 31.79 31.98 31.02 32.54 35.06 35.93 35.87 36.67 37.19 37.01 36.59 36.54 35.54 34.45 35.03 33.27 31.40 31.20 31.04 29.23 28.13 27.96 28.48 26.67 25.58 25.38 25.21 24.66 23.84 23.40 23.22 22.93 22.39 21.85 22.81 22.26 21.86 22.19 23.75 24.06 23.93 26.06 25.96 26.57 24.81 25.68 25.68 26.61 26.31 26.30 26.89 25.92 25.58 25.84 26.59 26.28 25.72 26.06 26.19 26.20 25.91 26.52 27.35 27.75 27.26 27.32 28.91 29.40 28.64 29.63 30.16 29.71 28.82 29.48 28.31 26.82 26.08 26.17 26.41 25.55 26.07 26.59 28.14 28.14 29.49 30.46 32.83 34.78 34.33 34.46 33.50 31.31 29.15 28.93 27.67 26.95 25.48 25.42 24.44 24.90 25.07 26.69 26.15 26.63 25.50 25.61 26.68 26.06 23.96 24.86 25.88 24.80 24.40 27.43 26.86 36.35 
11.00 8.90 8.23 4.46 1.33 5.65 7.16 6.92 9.55 10.15 10.72 11.47 13.73 14.28 14.77 16.56 17.78 19.41 20.73 22.73 23.69 25.31 25.68 27.62 29.04 30.15 31.10 33.59 34.83 35.10 36.48 39.68 38.84 38.17 35.97 36.38 33.76 33.09 31.84 31.01 29.97 27.85 27.59 26.57 26.66 26.66 26.90 27.53 27.35 25.71 27.26 28.24 28.01 26.89 30.56 30.37 30.24 29.53 29.49 27.98 27.26 26.74 27.55 27.30 28.38 27.92 29.45 29.19 32.07 31.65 33.08 31.06 32.04 29.72 29.99 27.87 27.94 27.59 28.42 27.65 28.73 30.58 32.18 30.48 30.23 32.59 33.27 30.97 31.55 33.74 34.27 33.07 34.65 37.40 38.35 38.05 39.35 40.13 39.61 39.21 39.48 38.53 37.32 37.97 36.17 34.42 34.34 34.39 32.19 31.27 31.27 31.59 29.00 28.15 28.10 27.65 26.56 25.74 25.67 25.14 24.41 23.62 23.64 24.27 23.43 22.85 23.47 25.05 25.09 24.76 27.10 27.02 27.49 25.45 26.55 26.26 27.22 26.87 27.21 28.02 27.15 26.61 27.56 28.15 27.75 27.10 28.18 28.34 28.33 27.86 29.04 29.82 29.97 29.18 29.87 31.38 32.01 30.80 32.04 32.13 31.87 30.08 30.90 29.33 28.56 27.18 27.08 26.94 27.09 27.53 28.14 29.37 29.67 31.02 31.95 34.12 35.90 35.79 35.83 34.85 33.06 30.37 29.80 28.04 27.65 25.67 25.77 24.75 25.42 25.53 27.02 25.94 26.06 25.04 25.03 25.97 25.31 24.79 25.82 27.44 27.75 25.90 26.78 27.09 30.64 
12.42 10.84 9.61 6.83 5.65 0.00 6.49 7.51 8.20 9.00 10.50 11.53 13.04 13.69 15.03 16.34 17.37 18.71 20.45 22.29 23.36 25.67 25.98 27.60 29.35 29.99 31.35 33.59 35.35 34.94 36.24 39.76 39.19 38.26 35.18 36.09 33.44 33.23 31.31 30.83 29.93 28.11 27.73 26.86 26.73 27.06 27.35 28.36 27.96 26.18 28.12 29.36 29.02 27.57 31.38 31.77 31.33 30.46 29.69 28.56 27.80 27.28 27.59 27.63 28.99 28.46 29.81 29.42 32.87 32.29 33.49 31.49 32.70 29.99 29.91 28.17 28.12 27.72 28.59 28.09 29.62 31.14 32.76 31.28 31.20 33.32 33.59 31.55 32.13 34.54 34.57 33.30 35.18 38.15 39.00 38.70 39.79 40.81 40.40 40.06 39.99 39.29 37.82 38.52 36.28 34.76 34.46 34.58 32.39 31.38 31.20 31.59 29.28 28.25 27.84 27.85 26.88 25.69 25.43 25.34 24.56 23.66 23.69 24.67 23.75 22.95 23.86 25.42 25.40 24.97 27.80 27.50 28.06 25.78 27.18 27.03 27.92 27.45 27.83 28.85 27.69 27.23 27.99 28.84 28.20 27.64 28.68 28.95 28.82 28.36 29.74 30.61 30.71 29.88 30.43 32.15 32.50 31.42 32.51 32.97 32.40 30.76 31.33 29.94 28.93 27.89 27.55 27.80 27.66 28.84 29.03 30.80 30.80 32.37 33.13 35.86 37.26 36.99 36.79 35.86 33.87 30.91 30.27 28.52 28.01 26.36 26.25 25.57 26.13 26.22 27.87 27.03 27.26 25.87 25.98 27.44 26.88 25.33 26.11 27.60 27.25 25.98 27.01 28.79 32.51 
13.39 11.13 9.85 7.06 7.16 6.49 0.64 5.85 7.58 7.28 7.76 9.82 11.56 11.76 13.02 14.79 15.37 16.89 18.34 20.45 21.81 24.00 24.45 26.03 27.90 28.57 29.48 31.60 33.40 32.89 33.79 37.32 36.87 35.88 32.54 33.48 31.14 30.92 29.08 28.49 27.99 26.00 26.06 25.13 24.99 25.65 26.26 27.38 27.04 25.38 27.78 28.87 28.28 26.86 30.87 30.82 30.62 29.16 28.60 27.05 26.40 25.63 26.02 25.47 27.14 26.73 27.98 27.33 31.12 30.37 31.64 29.66 31.44 28.10 28.13 26.09 26.79 25.85 26.70 25.99 27.99 29.30 31.13 29.71 29.98 31.74 32.09 29.79 30.76 33.02 33.13 31.51 33.31 36.37 37.52 36.93 37.85 38.86 38.94 38.39 38.54 37.57 36.26 36.61 34.71 32.99 32.62 32.31 30.80 29.32 28.80 29.24 27.53 25.99 25.50 25.47 25.04 23.57 23.24 23.08 22.99 21.88 21.94 22.71 22.15 21.09 22.33 23.75 23.92 23.40 26.42 25.69 26.57 24.18 26.22 25.45 26.54 25.86 26.52 27.28 26.46 25.73 26.70 27.18 26.76 26.17 27.31 27.15 27.05 26.59 28.52 28.92 29.13 28.17 29.10 30.29 30.86 29.54 31.41 31.39 31.20 29.23 30.33 28.39 27.33 26.19 26.55 26.29 26.00 27.28 27.97 29.50 29.24 30.95 31.79 34.55 36.02 35.65 35.58 34.56 32.67 29.42 29.23 27.12 26.92 24.64 25.16 24.13 24.89 24.69 26.56 25.96 26.58 24.89 24.90 25.94 25.39 24.35 24.96 27.62 27.05 25.11 26.00 27.76 31.11 
13.41 11.16 10.35 6.92 6.92 7.51 5.85 0.00 5.70 6.86 6.00 6.58 9.27 9.96 10.65 11.99 13.60 14.47 16.18 18.18 19.88 21.65 21.62 23.38 25.26 25.80 26.11 28.50 30.32 30.33 30.74 34.22 33.92 33.20 29.62 30.13 27.84 27.48 25.45 25.36 24.56 22.66 22.53 21.68 21.78 22.78 22.99 24.72 24.42 23.59 25.42 26.94 26.38 25.65 29.04 29.16 28.31 27.76 26.77 24.95 23.51 23.46 23.90 23.51 24.44 24.59 25.86 25.46 28.71 28.41 29.51 27.37 28.55 25.86 25.40 23.34 23.74 23.39 24.01 23.61 25.49 27.12 28.86 27.46 27.36 29.57 29.75 27.65 28.22 30.70 30.81 29.53 31.36 34.01 35.07 34.93 35.67 36.79 36.27 36.14 36.00 35.20 33.30 34.33 31.91 30.45 29.66 29.87 28.01 26.67 26.12 26.82 24.80 23.65 23.26 23.12 22.24 21.03 20.55 20.47 20.07 19.39 19.02 19.86 19.30 18.79 19.66 21.19 21.41 21.34 23.92 23.44 23.88 21.97 23.19 22.76 23.71 23.50 23.67 24.38 23.29 23.02 23.59 24.33 23.95 23.62 24.43 24.48 24.23 24.23 25.73 26.43 26.53 26.10 26.64 28.29 28.45 27.75 29.13 29.65 28.89 27.26 27.84 26.21 24.67 23.69 23.54 23.41 23.41 24.54 24.84 26.42 26.71 28.58 29.34 32.16 33.74 33.79 33.06 32.21 29.58 26.91 26.04 24.63 23.60 21.82 21.79 21.06 21.75 22.02 23.66 23.32 23.94 22.60 22.03 24.26 23.60 21.97 22.53 24.46 24.19 22.54 23.57 25.82 31.53 
15.08 13.32 12.34 9.14 9.55 8.20 7.58 5.70 0.40 5.62 6.74 6.39 7.79 9.12 10.72 11.86 12.45 14.45 16.08 18.28 18.59 20.84 21.18 22.79 24.02 25.02 26.00 27.77 29.48 29.51 30.84 33.80 32.87 32.13 29.38 29.71 26.88 26.39 24.67 24.24 23.59 21.63 21.09 20.96 21.17 22.49 22.50 24.34 24.70 23.83 25.55 27.17 26.88 26.27 29.81 28.91 28.41 27.86 26.90 24.73 23.37 23.28 23.80 23.26 24.10 24.22 25.89 25.54 28.33 28.30 30.19 27.57 28.44 25.86 26.06 24.11 23.91 23.74 24.58 24.38 25.76 27.66 29.12 27.83 27.65 29.84 30.11 28.25 29.14 31.38 31.13 30.01 31.63 34.29 35.10 34.76 36.18 37.10 36.52 35.77 35.73 34.57 33.49 34.03 32.05 30.63 30.22 30.22 27.97 27.20 27.21 27.33 24.82 24.41 24.30 23.45 22.05 21.26 21.44 20.81 19.93 19.74 19.77 20.36 19.27 19.42 20.04 21.51 21.45 21.87 24.61 23.57 24.36 22.43 23.44 22.59 23.43 23.48 23.49 24.23 23.12 22.82 23.37 24.13 23.74 23.57 24.30 24.58 24.69 24.70 25.82 26.87 27.18 26.81 27.18 28.76 29.13 28.38 29.66 29.98 29.35 27.70 27.98 25.84 24.73 23.67 23.11 23.24 23.37 24.74 24.57 26.28 26.28 28.46 28.89 31.71 33.50 33.64 33.14 31.98 29.83 26.77 26.09 24.18 23.86 21.91 21.65 20.77 21.64 22.20 23.96 23.19 24.19 22.72 22.07 23.02 23.10 21.72 22.33 24.68 25.87 22.69 23.90 25.51 28.20 
15.56 13.99 12.86 9.89 10.15 9.00 7.28 6.86 5.62 0.00 5.34 6.74 5.93 6.34 8.80 10.27 9.41 10.84 13.83 15.26 14.94 18.01 18.86 20.33 21.14 23.04 23.69 25.97 27.24 27.87 28.44 32.13 30.86 30.40 26.83 27.12 24.32 24.40 22.49 21.72 21.37 20.14 20.14 19.61 20.34 21.80 22.26 23.98 24.36 23.54 25.50 27.03 27.18 26.11 29.37 28.97 28.08 27.45 26.18 24.09 22.80 22.57 22.65 22.18 22.85 23.12 24.72 24.37 27.16 27.36 28.66 26.58 27.14 24.39 24.56 22.97 22.61 22.27 23.38 23.62 25.03 26.85 28.19 27.39 27.16 29.48 29.34 28.21 28.55 31.03 30.65 29.68 30.91 33.81 34.60 34.49 35.14 36.41 35.71 35.35 34.58 34.23 32.38 33.14 30.71 29.69 28.88 28.75 26.54 25.97 25.41 25.51 23.51 22.83 22.23 21.66 20.60 19.58 19.66 19.34 18.61 17.86 18.40 19.17 18.52 18.20 19.29 20.64 20.43 20.79 23.60 22.81 23.43 21.53 22.51 21.92 22.55 22.54 22.14 23.37 22.10 21.83 22.23 23.14 22.55 22.36 23.13 23.67 23.70 23.72 24.99 26.32 26.46 26.18 26.56 28.36 28.56 27.93 28.89 29.44 28.64 27.02 26.92 25.02 23.90 22.68 22.19 22.24 22.20 23.85 24.05 25.95 25.88 27.98 28.69 31.80 32.85 33.16 32.45 31.47 29.27 26.47 25.14 23.35 22.98 21.30 20.93 20.67 21.24 21.81 23.37 23.00 23.82 22.20 21.70 23.06 23.36 21.37 22.03 23.88 24.10 22.40 23.19 25.38 28.39 
15.57 14.50 13.08 9.97 10.72 10.50 7.76 6.00 6.74 5.34 0.67 5.33 7.11 6.00 6.77 9.32 9.92 10.51 11.96 14.42 14.72 17.19 17.11 19.13 20.42 21.73 22.27 24.37 26.05 25.50 26.34 30.11 28.94 28.01 24.58 25.77 22.77 23.07 20.77 20.57 19.75 18.68 19.03 18.78 18.95 21.02 21.53 23.22 23.45 22.62 25.07 26.63 26.39 25.41 28.95 28.18 27.60 26.57 25.51 23.35 22.09 21.37 21.54 20.63 21.80 21.80 23.28 22.45 25.94 25.84 27.65 25.08 26.30 23.25 23.34 21.22 21.58 21.27 22.40 21.98 24.09 25.66 27.59 25.97 25.97 28.09 28.24 26.31 27.14 29.62 29.37 28.07 29.34 32.25 33.55 32.98 33.68 34.80 34.77 33.98 33.41 32.45 31.27 31.52 29.05 27.70 27.10 27.01 24.85 23.59 22.66 23.43 21.44 20.17 19.50 19.46 18.81 17.26 17.25 17.28 16.95 15.89 16.48 17.81 16.99 15.83 17.70 19.63 18.95 18.74 22.52 21.23 22.05 19.66 21.46 20.58 21.28 20.76 21.04 22.17 20.89 20.51 21.13 22.05 21.12 20.93 22.02 22.30 21.85 21.83 23.94 24.85 24.58 24.11 25.42 26.93 26.96 26.02 27.73 28.22 27.43 25.48 25.93 23.95 22.64 21.27 20.80 20.75 20.32 22.59 22.81 24.76 24.18 26.91 27.65 30.50 31.92 31.73 31.63 30.40 28.52 25.21 24.45 22.16 21.81 19.71 19.95 19.35 20.34 20.51 22.26 21.86 23.03 20.98 20.56 21.99 22.37 20.45 20.80 23.20 23.98 21.44 23.08 24.41 27.66 
16.51 14.99 13.77 10.49 11.47 11.53 9.82 6.58 6.39 6.74 5.33 0.00 5.36 6.62 5.78 6.15 8.60 9.48 10.28 12.45 14.35 15.44 15.43 17.51 19.34 19.83 20.34 22.91 24.58 24.06 24.39 28.24 27.51 26.14 22.82 23.32 21.10 20.78 18.98 19.04 18.20 16.70 17.24 17.13 17.77 20.00 20.57 22.54 22.58 22.49 24.63 26.17 26.16 25.46 28.35 27.64 26.45 25.91 24.50 21.91 20.47 19.86 20.19 19.57 20.38 20.61 22.39 21.99 25.04 25.08 26.50 24.29 25.13 22.38 22.37 20.29 20.47 20.55 21.66 21.43 23.51 25.47 26.90 25.50 25.14 27.42 27.38 25.42 26.13 28.35 28.22 26.95 28.50 31.31 32.29 31.96 32.75 33.91 33.57 32.96 32.10 31.70 29.97 30.43 27.59 26.32 25.89 25.86 23.33 22.25 21.88 22.66 20.19 19.30 18.80 18.68 17.31 16.22 16.31 15.96 15.56 14.86 14.97 16.28 15.36 15.17 16.75 18.63 18.12 18.50 21.49 20.65 21.13 19.35 20.48 19.45 20.07 20.31 20.00 20.92 19.62 19.55 20.08 20.32 19.95 20.06 21.16 21.21 21.19 21.41 23.35 24.15 23.96 23.80 24.98 26.50 26.73 26.06 27.62 28.16 27.15 25.54 25.54 23.50 22.17 20.53 19.54 19.42 19.26 20.99 20.98 22.65 23.04 25.68 26.57 29.32 31.02 31.34 30.72 29.47 27.51 24.64 23.49 21.55 20.62 18.74 18.40 17.91 18.81 19.51 21.12 21.02 21.73 20.28 19.58 21.12 21.41 19.60 20.10 22.17 21.73 21.44 22.02 24.45 26.31 
18.49 17.56 16.23 12.72 13.73 13.04 11.56 9.27 7.79 5.93 7.11 5.36 0.00 5.50 7.28 6.46 7.15 9.46 11.02 12.95 12.94 16.00 15.72 18.15 18.69 20.19 20.71 22.98 25.00 24.67 25.19 28.77 27.81 26.51 23.31 23.94 20.91 20.73 18.91 18.52 18.31 17.00 17.45 18.17 18.96 21.16 21.85 23.95 24.08 23.87 25.96 27.67 27.56 26.91 29.89 28.90 28.34 27.39 26.19 23.58 21.92 21.25 21.33 20.63 21.24 21.44 23.14 23.24 26.06 25.69 27.40 25.60 26.22 23.42 23.56 21.88 21.60 21.61 22.57 22.68 24.55 26.26 27.57 26.43 26.20 28.27 28.43 26.60 27.22 29.34 29.13 28.11 29.49 32.15 33.00 32.73 33.87 34.91 34.48 33.50 33.26 32.34 30.87 31.10 28.66 27.53 26.95 26.59 24.20 23.70 23.46 23.37 20.91 20.49 20.30 19.23 17.94 17.51 17.69 17.01 16.48 16.24 16.78 17.44 16.82 17.15 18.26 19.83 19.65 20.21 22.99 22.02 22.89 20.92 21.69 20.67 21.34 21.03 20.66 21.65 20.71 20.34 20.69 21.12 20.96 21.20 21.98 22.35 22.58 22.88 24.05 25.26 25.71 25.58 26.04 27.87 28.46 27.99 29.07 29.39 29.02 27.19 27.20 25.02 23.80 22.15 20.49 20.40 20.38 21.75 21.10 23.35 23.65 26.47 27.02 30.02 31.86 32.12 31.51 30.42 28.75 25.88 24.66 22.50 21.78 19.92 19.61 18.97 19.62 20.08 22.18 22.00 22.68 21.18 20.77 22.24 22.36 21.26 21.36 23.66 23.32 22.38 23.64 25.00 25.32 
19.13 18.07 16.70 12.96 14.28 13.69 11.76 9.96 9.12 6.34 6.00 6.62 5.50 0.00 5.38 6.95 5.39 6.33 8.79 10.10 9.50 12.68 13.70 14.34 15.23 16.85 17.91 19.65 22.01 22.20 22.52 26.02 24.96 24.00 20.27 20.64 17.69 18.37 16.00 15.30 15.96 15.30 16.08 16.49 17.76 20.25 21.13 23.35 23.75 23.24 25.51 27.05 27.54 26.47 29.30 28.49 27.76 26.78 25.25 22.11 20.96 20.26 19.70 18.88 19.96 19.73 21.41 21.23 24.34 24.22 25.49 23.73 24.51 21.42 21.79 20.05 20.18 19.77 21.02 21.05 23.19 24.71 26.14 25.04 25.07 27.00 26.92 25.41 25.93 27.91 27.78 26.84 28.21 30.65 31.36 31.22 32.13 33.12 32.43 31.95 31.42 30.65 28.79 29.26 27.06 25.63 24.83 24.80 22.65 21.91 21.26 21.40 19.36 18.77 17.95 17.06 16.23 15.26 15.46 15.03 14.83 14.34 14.85 16.31 15.64 15.57 17.00 18.71 18.15 18.59 21.56 20.63 21.27 19.23 20.19 19.15 19.57 19.05 18.65 20.02 18.76 18.40 19.05 19.61 19.33 19.57 20.62 20.99 21.48 21.65 23.20 24.29 24.79 24.51 25.14 26.71 27.65 26.84 27.97 28.26 27.78 25.96 25.89 23.60 22.49 20.39 19.34 18.95 18.83 19.94 19.80 21.88 22.16 24.93 25.89 28.94 30.42 30.82 30.26 29.06 27.31 24.39 23.05 20.99 20.31 18.44 18.22 17.82 18.56 18.76 20.61 20.86 21.74 19.80 19.48 21.27 22.06 19.86 20.66 23.01 22.30 21.44 22.41 24.62 25.06 
19.40 18.95 17.52 13.95 14.77 15.03 13.02 10.65 10.72 8.80 6.77 5.78 7.28 5.38 0.00 5.48 7.10 6.30 6.63 9.55 10.43 12.29 12.29 14.24 15.02 15.84 16.46 19.05 21.02 20.26 21.08 24.78 23.60 22.31 19.04 20.42 16.88 17.68 14.90 14.84 15.13 14.37 15.25 15.92 17.03 19.69 20.62 23.20 23.62 22.92 25.27 27.17 27.22 26.24 29.17 28.29 27.84 26.38 25.04 22.21 20.67 19.51 18.75 17.69 18.80 18.76 20.04 19.71 23.01 22.82 24.46 22.44 23.30 20.55 20.91 19.25 19.37 19.17 20.38 20.20 22.42 24.16 25.50 23.97 24.21 26.22 26.05 24.01 24.78 27.02 26.50 25.35 26.90 29.35 30.06 29.77 30.86 31.81 31.30 30.57 30.26 29.25 27.69 28.14 25.76 24.16 23.49 23.70 21.50 20.48 19.66 20.24 18.22 16.94 16.06 15.69 15.08 14.20 14.28 13.90 13.99 13.10 14.04 15.64 14.83 14.20 16.10 18.37 17.75 17.85 21.21 20.16 20.95 18.28 19.80 18.53 18.79 18.05 18.02 19.14 18.18 17.82 18.39 19.17 18.71 18.98 19.88 20.40 20.47 20.88 22.70 23.75 23.80 23.67 24.61 26.25 26.54 26.05 27.47 27.71 27.15 25.35 25.42 23.47 21.89 20.09 18.73 18.35 17.67 19.27 18.86 21.22 20.93 24.21 25.03 27.91 29.36 29.77 29.51 28.40 26.88 23.55 22.67 20.51 19.99 17.69 17.44 16.96 17.78 17.64 19.39 19.84 20.92 18.97 18.56 20.83 21.36 19.44 19.67 22.36 22.29 20.94 22.26 23.73 25.54 
20.59 19.59 18.83 15.45 16.56 16.34 14.79 11.99 11.86 10.27 9.32 6.15 6.46 6.95 5.48 0.00 5.41 6.97 5.99 7.38 9.30 10.76 10.89 13.15 14.27 14.16 15.17 18.10 19.59 18.85 20.14 24.35 22.68 21.57 18.47 19.32 15.97 16.40 14.81 14.48 15.21 13.87 15.69 16.50 17.70 20.12 21.08 23.49 23.70 23.29 25.66 26.99 27.15 26.47 29.26 28.25 27.35 26.30 24.81 21.62 19.98 18.81 18.24 17.33 18.36 17.98 19.70 19.65 22.52 22.71 24.23 22.72 23.07 20.07 20.39 18.87 18.98 18.84 20.19 20.19 22.39 24.05 25.49 24.01 23.71 25.61 25.55 23.52 24.28 26.21 25.74 24.67 26.28 28.73 29.30 29.17 30.00 31.11 30.44 29.88 29.16 28.57 26.83 27.25 24.41 23.29 22.73 22.70 20.16 19.55 18.89 19.80 17.37 16.63 15.66 14.88 14.26 13.69 13.57 12.88 13.04 12.81 13.31 14.85 14.23 14.20 15.84 17.85 17.48 18.18 21.13 20.09 20.55 18.60 19.39 17.99 18.06 17.90 17.55 18.62 17.31 17.45 17.90 18.40 18.48 19.09 19.98 20.34 20.49 21.14 22.88 23.96 23.81 23.69 24.93 26.42 26.67 26.19 27.68 28.25 27.44 25.71 25.39 23.51 21.98 20.04 18.20 17.71 17.10 18.33 18.04 19.98 20.21 23.29 24.22 27.15 28.65 29.39 28.97 27.63 25.57 22.71 21.56 19.69 19.03 16.83 16.22 16.28 17.23 17.56 19.18 19.78 20.91 18.80 18.64 20.62 21.31 19.30 19.81 22.81 21.97 21.22 21.60 24.07 25.66 
21.86 21.23 20.30 17.06 17.78 17.37 15.37 13.60 12.45 9.41 9.92 8.60 7.15 5.39 7.10 5.41 0.00 5.29 6.88 6.50 6.30 9.04 9.67 10.86 12.05 13.51 13.60 15.56 18.25 18.22 18.90 22.89 21.86 20.82 16.87 17.45 14.12 15.11 13.32 12.98 14.33 13.70 15.62 16.67 17.77 20.30 21.53 23.82 23.91 23.78 26.16 27.29 27.21 26.75 29.89 28.48 27.85 26.69 25.44 22.49 20.68 19.02 18.58 17.43 18.28 17.59 19.39 19.46 22.34 21.95 23.97 22.29 22.93 19.90 20.29 18.69 18.52 18.80 20.07 19.97 22.16 23.76 25.25 23.86 23.41 25.32 25.42 23.49 23.62 25.66 25.45 24.49 25.62 28.00 28.78 28.56 29.30 30.28 29.89 29.27 28.76 27.93 26.53 27.00 24.44 23.39 22.55 22.61 20.03 19.67 18.96 19.46 17.15 16.91 15.62 15.08 14.12 14.01 13.81 13.84 14.13 13.92 14.47 15.72 15.18 15.44 16.66 17.95 17.58 18.36 21.57 19.98 20.87 18.59 19.33 17.87 18.19 17.76 17.48 18.52 17.49 17.43 18.03 18.43 18.59 19.23 20.34 20.58 21.18 21.64 23.26 24.18 24.47 24.50 25.25 27.03 27.33 26.81 28.33 28.76 28.12 26.14 25.94 23.92 22.57 20.41 18.31 18.45 17.83 18.74 17.78 20.43 20.39 23.29 23.74 26.86 28.01 28.92 28.63 27.17 25.56 22.81 21.71 19.73 18.97 17.16 16.78 16.46 17.04 17.44 19.59 19.97 20.80 18.81 19.07 20.79 21.45 19.90 20.51 23.10 22.65 21.44 23.07 24.79 26.58 
23.03 22.32 21.48 18.09 19.41 18.71 16.89 14.47 14.45 10.84 10.51 9.48 9.46 6.33 6.30 6.97 5.29 0.00 5.42 7.24 5.89 7.52 8.84 10.27 10.76 12.22 12.93 14.27 16.89 16.90 17.87 21.99 20.62 20.03 15.79 16.99 13.81 15.21 13.21 12.98 14.95 14.08 16.21 16.95 18.30 20.45 21.94 24.31 24.55 23.95 26.46 27.79 27.92 27.32 30.21 29.10 28.04 27.35 25.35 21.99 20.62 19.41 18.09 16.77 18.16 17.09 18.86 18.42 21.86 21.45 23.12 21.53 22.47 19.07 19.62 18.18 18.08 18.00 19.58 19.69 21.66 23.20 24.69 23.38 22.67 24.55 24.77 22.67 23.00 24.90 24.73 23.70 24.93 27.23 28.00 27.91 28.70 29.43 28.85 28.52 27.95 26.97 25.35 26.29 23.91 22.00 21.40 21.66 19.28 18.63 18.12 18.80 16.34 15.86 15.19 14.53 13.38 13.45 13.47 14.17 13.63 13.94 14.33 16.22 14.97 15.19 16.30 17.81 17.01 17.95 21.06 19.67 20.51 18.16 18.97 17.63 17.65 16.77 16.69 18.28 16.97 16.83 18.08 18.62 18.35 19.24 20.44 20.82 21.23 21.97 23.48 24.49 24.77 24.77 25.37 27.06 27.75 26.96 28.27 28.89 28.03 26.27 25.85 24.03 22.44 20.46 18.23 18.36 17.47 18.48 17.65 20.07 19.98 22.95 23.55 26.96 27.90 28.91 28.60 27.58 25.33 22.50 21.44 19.42 18.78 16.82 16.62 16.32 16.78 16.62 18.70 19.29 20.55 18.24 18.04 20.34 21.57 19.42 20.47 23.27 22.22 21.90 22.30 24.82 26.83 
24.02 23.38 22.55 19.40 20.73 20.45 18.34 16.18 16.08 13.83 11.96 10.28 11.02 8.79 6.63 5.99 6.88 5.42 0.00 5.45 6.82 6.51 6.86 8.91 10.23 10.75 11.37 13.67 15.17 15.07 16.17 20.59 18.93 18.54 15.20 16.62 13.16 15.00 12.56 13.19 15.18 14.56 16.53 17.28 18.13 20.81 22.22 24.78 24.76 24.15 26.86 28.21 28.26 27.48 30.74 29.32 29.02 27.66 25.69 22.65 21.00 19.33 17.76 16.70 17.24 16.66 17.91 17.89 20.86 20.60 22.38 20.95 21.48 18.27 18.96 17.72 17.50 17.21 18.85 18.66 20.86 22.44 24.24 22.21 21.83 23.79 23.88 21.64 21.97 23.96 23.70 22.43 23.82 26.11 26.75 26.63 27.75 28.46 27.79 27.30 27.09 25.91 24.24 24.97 22.92 21.03 20.52 20.66 18.32 17.16 16.69 17.67 15.20 14.10 13.62 13.34 12.47 12.30 12.62 13.35 12.86 12.65 13.83 15.67 13.92 13.70 15.63 17.72 17.20 17.28 20.79 19.63 20.16 17.05 18.48 17.19 16.96 15.60 15.85 17.73 16.81 16.80 17.91 18.68 18.66 19.17 20.31 20.65 21.15 21.55 23.46 24.31 24.58 24.42 25.17 26.94 27.41 26.59 28.17 28.51 28.14 25.86 25.86 23.86 22.27 20.06 18.11 18.23 17.01 18.43 17.62 19.93 19.66 22.59 23.28 26.53 27.95 28.41 28.34 27.01 25.39 22.30 21.16 19.26 18.37 16.24 15.86 15.65 15.81 15.61 17.52 18.30 19.62 17.74 17.08 19.81 20.94 18.98 19.28 22.33 21.97 20.63 22.10 23.79 26.57 
25.28 24.60 23.93 21.06 22.73 22.29 20.45 18.18 18.28 15.26 14.42 12.45 12.95 10.10 9.55 7.38 6.50 7.24 5.45 0.00 5.76 7.38 6.33 7.24 9.63 10.19 10.51 12.88 14.72 13.85 15.29 19.61 17.83 17.18 14.52 15.73 12.63 14.31 12.94 13.03 15.39 15.12 17.23 17.94 19.06 21.51 22.72 25.35 25.40 24.73 27.30 28.58 28.56 28.32 31.32 30.27 29.25 28.42 26.62 23.43 21.35 19.91 18.73 17.09 17.62 16.87 18.49 18.09 21.26 20.87 22.50 21.00 21.74 18.33 18.62 17.42 17.46 17.26 18.56 18.39 20.72 22.43 24.03 22.05 21.52 23.66 23.67 21.20 21.79 23.72 23.15 21.57 23.22 25.60 26.13 25.99 27.03 27.89 27.14 26.75 26.33 25.59 23.90 24.68 22.04 20.62 20.18 20.20 17.64 17.14 16.97 17.88 15.51 14.42 14.53 14.04 13.75 13.34 13.78 14.15 13.75 13.09 14.29 16.07 14.40 14.75 16.29 18.01 17.11 17.76 20.93 19.39 19.73 17.48 18.52 16.65 16.58 16.11 16.52 17.87 16.88 17.12 18.17 19.06 18.90 19.50 20.74 21.27 21.20 21.85 23.86 24.93 24.58 24.74 25.83 27.34 27.64 27.06 28.44 29.29 28.22 26.36 25.82 24.05 22.66 20.61 18.31 18.38 17.48 18.34 17.28 19.56 19.89 22.61 22.90 26.37 27.59 28.57 27.91 26.49 24.34 21.70 20.78 18.97 18.33 16.29 15.92 15.68 16.21 15.77 17.61 18.03 19.51 17.15 16.81 19.23 20.51 18.40 19.30 22.61 21.12 21.10 21.90 24.20 26.36 
26.64 26.18 25.65 22.51 23.69 23.36 21.81 19.88 18.59 14.94 14.72 14.35 12.94 9.50 10.43 9.30 6.30 5.89 6.82 5.76 0.00 5.67 6.77 6.47 7.18 9.41 9.69 11.12 13.15 14.08 14.31 18.59 17.22 17.15 13.64 15.03 12.22 14.47 13.26 13.70 15.96 15.94 17.92 18.63 19.56 22.18 23.35 25.93 26.05 25.59 28.04 29.09 28.80 28.55 32.36 30.59 29.76 28.61 27.29 24.27 22.02 20.44 19.17 17.61 17.54 17.09 18.32 17.95 21.07 21.02 22.67 21.06 21.90 18.85 18.99 17.68 17.72 17.62 18.87 18.62 20.89 22.38 24.16 22.25 21.76 23.55 23.76 21.23 21.64 23.39 23.05 21.65 23.00 25.24 25.88 25.74 26.42 27.22 26.79 26.47 25.90 25.08 23.75 24.34 22.01 20.51 20.04 20.04 17.72 17.27 16.97 17.56 15.37 15.08 14.37 14.46 14.11 14.28 14.11 14.81 15.20 14.75 15.57 16.40 15.35 16.13 17.65 18.21 17.73 18.49 21.54 19.37 20.12 17.95 18.72 16.99 17.17 16.99 17.01 18.27 17.28 17.68 18.59 19.29 19.24 20.07 21.22 21.57 21.52 22.31 24.32 25.24 25.37 25.55 26.52 27.94 28.07 27.59 29.20 29.37 28.91 26.80 26.52 24.51 23.22 21.10 18.85 18.99 18.27 19.03 17.83 20.21 20.37 22.90 23.31 26.26 27.94 28.50 28.13 26.39 24.87 22.17 21.34 19.07 18.62 16.77 16.56 15.84 16.19 16.03 18.14 18.03 18.74 17.09 17.26 19.51 20.01 18.64 19.56 22.28 21.41 21.06 23.08 25.05 26.67 
28.08 27.65 27.23 24.07 25.31 25.67 24.00 21.65 20.84 18.01 17.19 15.44 16.00 12.68 12.29 10.76 9.04 7.52 6.51 7.38 5.67 0.00 5.61 7.24 6.40 7.03 8.91 10.66 12.16 13.08 14.08 17.61 16.82 17.13 13.54 15.79 13.22 15.64 14.30 15.34 17.68 17.08 19.21 19.92 20.46 23.21 24.48 27.12 27.06 26.40 28.96 30.23 29.97 29.72 33.04 32.08 30.60 29.63 27.95 25.05 22.67 20.98 19.59 18.19 18.46 17.09 18.57 17.88 21.06 21.02 22.37 20.94 22.01 18.85 18.88 17.62 17.41 17.27 18.62 18.37 20.12 22.00 24.12 22.28 21.03 22.99 23.32 20.99 21.25 23.03 22.83 21.82 23.03 24.93 25.86 26.18 26.45 27.18 26.53 26.34 25.87 24.83 22.97 24.08 21.79 20.09 19.17 19.69 17.37 16.83 16.20 17.13 15.14 14.58 14.33 14.28 14.10 14.49 14.10 14.94 15.35 14.98 15.11 16.30 15.69 16.22 17.34 18.34 18.12 19.04 21.75 19.91 20.70 18.26 19.16 17.63 17.67 17.00 17.27 18.97 18.03 18.31 19.41 20.16 20.14 20.87 21.88 22.41 22.62 23.39 25.02 26.13 26.30 26.37 26.90 28.41 29.00 28.24 29.50 30.01 29.19 27.38 26.88 24.82 23.41 21.32 19.30 19.22 18.65 19.51 18.67 20.78 20.85 23.30 23.93 27.23 28.45 29.11 28.64 27.56 25.39 22.22 21.50 19.68 18.84 16.52 16.51 16.51 16.56 16.08 18.11 18.59 19.51 17.20 17.32 19.61 20.87 18.65 20.00 23.11 21.43 21.35 22.86 25.25 26.67 
29.03 28.33 27.93 24.43 25.68 25.98 24.45 21.62 21.18 18.86 17.11 15.43 15.72 13.70 12.29 10.89 9.67 8.84 6.86 6.33 6.77 5.61 0.00 5.44 6.90 6.28 6.96 9.32 10.90 10.84 12.01 16.30 14.70 15.04 11.70 14.59 12.04 14.60 12.79 14.42 16.74 16.62 18.63 19.21 19.75 22.82 23.99 26.81 26.41 25.80 28.49 30.13 29.70 29.32 32.77 31.87 30.96 29.83 27.95 25.12 22.97 21.18 19.41 18.15 18.21 17.08 17.69 17.16 20.15 20.05 21.23 19.88 20.84 17.81 17.80 16.72 16.48 16.03 17.24 16.95 18.71 20.52 22.41 20.48 19.69 21.53 21.83 19.40 19.90 21.63 21.44 20.28 21.60 23.47 24.22 24.40 25.23 25.76 24.96 24.88 24.71 23.54 21.61 22.53 20.91 18.83 18.23 18.61 16.73 15.41 15.07 16.01 14.47 13.10 13.01 12.79 13.22 13.09 13.36 14.04 14.52 13.63 14.60 16.11 14.99 14.62 16.62 18.23 18.10 17.92 21.23 19.65 20.14 16.86 18.20 16.96 16.68 15.48 16.29 18.32 17.49 17.62 18.95 19.94 19.93 20.50 21.61 22.15 22.34 22.73 24.56 25.54 25.69 25.59 26.34 28.13 28.58 27.47 28.82 29.27 28.72 26.27 26.19 24.34 22.72 20.51 18.57 18.39 17.56 18.85 17.94 20.35 20.35 22.90 23.31 26.49 28.00 28.30 27.86 26.65 24.95 21.88 21.06 19.06 18.05 15.83 15.96 15.45 15.96 15.76 17.37 17.69 18.98 16.93 16.38 19.01 20.12 17.94 18.43 21.47 20.92 20.14 21.82 23.58 25.91 
30.16 29.72 29.19 26.17 27.62 27.60 26.03 23.38 22.79 20.33 19.13 17.51 18.15 14.34 14.24 13.15 10.86 10.27 8.91 7.24 6.47 7.24 5.44 0.00 5.63 7.08 6.30 7.41 10.04 10.58 11.07 14.91 14.17 14.40 11.17 13.75 11.39 14.63 13.72 14.61 17.06 17.50 19.05 19.65 20.88 23.81 24.80 27.42 27.52 26.64 29.25 30.62 30.62 30.54 33.69 32.46 31.28 30.43 28.63 25.63 23.14 21.85 20.34 18.76 18.49 17.18 18.12 17.82 20.53 20.41 21.64 20.34 21.41 18.17 17.82 16.70 16.71 16.43 17.31 16.92 19.10 20.79 22.30 20.55 19.84 21.79 21.77 19.16 19.88 21.59 21.17 19.47 21.07 23.23 24.02 23.95 24.87 25.77 24.95 24.69 24.53 23.55 21.79 22.64 20.78 19.35 18.63 18.67 16.51 15.92 15.84 16.44 14.72 13.56 14.06 13.94 13.98 13.19 14.34 15.03 14.86 14.02 15.38 17.15 15.49 16.07 17.77 19.07 18.35 18.89 21.76 20.28 20.77 18.18 19.05 17.11 17.50 17.22 17.69 19.12 18.49 18.51 19.65 20.48 20.53 21.15 22.25 22.75 22.84 23.54 25.10 26.12 26.14 26.41 27.23 28.73 29.18 28.33 29.48 30.03 29.17 27.04 26.60 24.84 23.28 20.87 18.76 18.76 17.97 18.83 18.20 20.31 20.70 22.89 23.33 26.43 27.71 28.55 27.95 26.36 24.59 21.83 21.16 19.03 18.45 16.82 16.42 16.12 16.91 16.51 17.66 17.78 19.12 16.58 15.96 18.59 20.09 17.73 18.68 21.57 20.68 20.30 21.58 23.81 25.65 
32.10 31.55 31.42 28.07 29.04 29.35 27.90 25.26 24.02 21.14 20.42 19.34 18.69 15.23 15.02 14.27 12.05 10.76 10.23 9.63 7.18 6.40 6.90 5.63 0.00 5.64 6.88 6.76 8.00 9.97 10.88 13.79 13.07 14.65 12.08 14.19 12.46 15.97 15.29 16.54 18.82 18.76 20.36 20.82 22.20 24.92 25.81 28.55 28.74 28.09 30.15 31.67 31.54 31.61 35.14 33.73 32.34 31.47 30.23 26.90 24.32 22.70 21.65 19.83 19.27 18.21 19.27 18.73 20.93 21.14 22.84 21.36 22.22 19.06 18.83 17.58 17.36 17.20 18.03 17.41 19.50 21.14 22.93 21.04 20.47 22.36 22.41 19.83 20.44 22.24 21.85 20.17 21.73 24.14 24.70 24.55 25.30 26.30 25.45 25.45 25.17 24.27 22.48 23.30 21.73 20.05 19.33 19.40 17.68 17.03 16.90 17.24 15.84 15.13 15.07 15.32 15.45 15.02 15.61 16.28 16.28 15.72 16.90 18.12 16.58 17.67 19.20 20.17 19.45 20.13 23.27 21.39 21.97 19.65 20.29 18.41 18.67 18.66 18.89 20.06 19.71 19.68 20.27 21.18 21.42 21.90 22.83 23.41 23.77 24.38 26.02 26.87 27.11 27.61 28.12 29.64 30.02 29.53 30.68 31.00 30.23 28.55 28.33 26.30 24.55 22.43 20.12 20.01 19.51 20.14 19.13 21.31 21.54 23.95 23.90 26.80 28.44 29.34 28.61 26.96 25.43 23.08 22.08 19.94 19.30 18.06 17.51 17.22 17.82 17.92 19.59 19.45 19.78 18.44 18.12 20.35 20.52 19.37 20.13 21.95 21.80 21.43 23.16 24.84 25.93 
32.59 32.08 31.67 28.65 30.15 29.99 28.57 25.80 25.02 23.04 21.73 19.83 20.19 16.85 15.84 14.16 13.51 12.22 10.75 10.19 9.41 7.03 6.28 7.08 5.64 0.00 5.07 7.15 6.93 7.25 8.97 12.50 11.63 12.93 10.60 13.31 12.17 15.40 14.42 16.32 18.42 18.41 19.92 20.95 21.98 24.68 25.64 28.35 28.64 27.75 30.34 31.97 31.90 31.52 35.03 33.95 32.24 31.04 29.59 26.76 23.72 22.02 20.96 19.33 18.51 17.40 18.06 17.39 19.87 20.28 21.62 19.96 21.16 17.94 18.12 16.56 16.47 16.18 17.21 16.37 18.06 19.66 21.48 19.41 18.57 20.77 20.97 17.98 18.82 20.77 20.46 18.99 20.62 22.74 23.72 23.53 24.35 25.13 24.51 24.45 24.39 23.23 21.28 22.48 21.03 18.95 18.28 18.71 17.20 15.71 15.61 16.74 14.95 13.98 14.25 14.26 14.16 13.92 14.11 14.84 14.79 14.32 15.08 16.98 16.16 16.68 18.17 19.77 19.10 19.79 22.76 21.08 21.15 18.73 19.90 18.10 18.00 18.05 18.84 20.23 19.46 19.65 20.71 21.75 21.83 22.18 22.95 23.86 23.95 24.50 25.75 26.70 26.80 26.88 27.47 28.86 29.53 29.07 30.20 30.39 29.89 28.06 27.78 25.56 24.27 21.81 19.65 19.25 18.83 19.43 18.02 19.79 20.39 22.73 22.56 25.63 27.39 28.33 27.36 26.11 24.43 21.88 21.23 19.13 18.69 17.13 17.20 16.88 17.37 17.11 18.85 18.69 19.43 17.41 17.77 19.91 20.58 18.29 19.58 21.85 21.19 21.22 22.13 24.28 25.69 
33.88 33.27 32.96 29.31 31.10 31.35 29.48 26.11 26.00 23.69 22.27 20.34 20.71 17.91 16.46 15.17 13.60 12.93 11.37 10.51 9.69 8.91 6.96 6.30 6.88 5.07 0.00 5.31 6.89 6.17 7.40 11.48 10.28 10.87 8.88 12.24 11.36 14.37 13.56 15.69 18.18 18.07 20.07 20.29 21.53 24.47 25.51 28.27 28.50 27.75 30.19 32.27 31.82 31.66 35.07 34.25 32.86 31.48 30.00 26.94 24.46 22.33 20.83 19.20 18.51 16.94 17.21 16.67 19.50 19.36 20.11 19.29 20.64 17.67 17.27 16.45 16.41 16.01 16.62 16.11 17.79 19.21 20.65 18.56 18.15 20.06 19.70 16.97 17.69 19.59 19.17 18.09 19.55 21.77 22.39 22.39 23.12 24.17 23.41 23.43 23.32 22.41 20.46 21.68 20.20 18.14 17.58 18.54 16.89 14.96 14.90 16.68 15.14 13.69 14.22 14.56 14.67 14.05 14.67 15.16 15.46 14.90 15.75 17.48 16.35 16.69 18.30 19.88 19.56 19.68 22.55 21.02 21.14 18.67 19.79 18.54 18.43 18.38 19.27 20.62 19.55 20.07 21.40 22.24 22.23 22.64 23.72 24.04 24.26 24.70 26.27 26.88 26.85 27.02 27.65 29.25 29.69 28.98 30.26 30.72 29.95 27.87 27.70 25.87 24.03 21.63 19.33 19.23 18.45 18.95 17.68 19.38 19.67 21.79 21.74 24.78 26.74 26.96 26.67 25.14 23.62 21.20 20.74 18.93 18.01 16.75 17.03 16.79 17.18 17.37 18.59 18.85 19.61 17.67 17.41 20.37 20.78 18.31 18.99 21.51 22.02 20.99 22.45 23.66 25.89 
35.54 35.15 34.40 31.39 33.59 33.59 31.60 28.50 27.77 25.97 24.37 22.91 22.98 19.65 19.05 18.10 15.56 14.27 13.67 12.88 11.12 10.66 9.32 7.41 6.76 7.15 5.31 0.00 6.17 7.51 6.92 9.85 10.56 11.36 9.55 12.48 12.76 15.16 15.67 17.93 19.78 19.91 21.09 22.23 23.37 26.09 27.26 30.30 30.28 29.52 32.25 33.94 33.84 33.74 36.68 35.57 34.00 33.04 31.20 28.13 25.29 23.42 21.94 20.54 19.39 17.64 18.00 18.31 20.58 20.11 21.18 20.55 21.86 18.27 18.13 17.26 17.73 17.34 18.19 17.74 19.42 20.47 21.87 20.16 19.77 21.16 20.95 18.44 19.19 20.92 20.47 19.17 20.52 22.89 23.80 23.55 24.25 25.54 24.92 24.77 24.61 24.05 22.34 23.17 21.77 20.22 19.88 20.05 18.62 17.37 17.24 18.29 16.80 15.45 15.99 16.27 16.50 15.32 16.29 17.01 17.22 16.68 18.17 19.33 18.57 18.99 20.62 21.88 21.67 21.98 24.65 23.23 23.36 21.39 22.15 20.95 21.26 21.66 21.74 22.98 21.88 22.27 23.19 24.13 24.28 25.02 25.77 25.85 26.15 26.99 28.31 28.79 29.25 29.38 30.22 31.64 32.18 31.65 33.09 33.34 32.46 30.37 30.18 28.00 26.37 23.95 21.55 21.23 20.72 20.43 18.95 20.70 20.97 22.68 22.68 25.62 27.37 28.02 26.95 25.84 24.32 22.08 21.84 19.99 19.89 18.99 18.92 18.66 19.50 19.26 20.91 20.80 21.53 19.55 19.45 21.46 22.42 20.06 20.79 23.46 23.18 22.65 23.15 25.32 26.84 
37.14 36.67 36.15 32.98 34.83 35.35 33.40 30.32 29.48 27.24 26.05 24.58 25.00 22.01 21.02 19.59 18.25 16.89 15.17 14.72 13.15 12.16 10.90 10.04 8.00 6.93 6.89 6.17 0.00 6.19 7.58 9.25 9.79 11.90 10.84 13.68 14.02 17.17 17.02 19.73 21.86 21.37 22.65 23.33 24.92 27.24 28.24 31.12 31.58 30.96 33.02 34.90 34.63 34.75 38.04 36.68 34.99 33.95 32.82 29.50 26.76 24.82 23.45 21.40 20.54 18.93 19.69 19.05 22.02 21.60 23.10 21.90 23.00 19.85 19.65 18.80 18.79 18.84 19.85 19.35 20.54 21.65 23.26 21.25 20.33 22.05 21.96 19.35 19.86 21.90 21.52 19.97 21.40 24.19 24.91 24.70 25.51 26.72 25.98 25.98 26.08 25.62 23.68 24.65 23.52 22.27 21.49 21.83 20.52 19.68 19.49 20.09 18.76 18.10 18.12 18.30 18.21 17.66 18.27 19.02 19.29 19.12 19.90 21.43 20.33 21.13 22.09 23.97 23.86 24.00 26.38 25.18 25.17 23.33 24.17 23.07 23.40 23.49 23.76 25.03 24.00 24.09 24.94 26.11 26.47 26.74 27.67 27.78 27.90 28.60 29.90 30.53 30.83 31.33 31.80 33.32 33.76 33.57 35.20 35.47 34.37 32.90 32.88 30.60 28.33 26.44 23.57 23.22 22.36 22.17 20.02 21.72 22.10 23.64 23.31 26.44 28.89 28.79 28.25 26.77 25.71 23.76 23.43 21.60 21.67 20.63 20.44 20.28 21.24 21.26 22.68 22.69 23.29 22.12 21.78 23.73 23.66 22.52 23.10 25.63 25.04 24.03 25.97 27.43 27.95 
36.88 36.11 35.31 32.84 35.10 34.94 32.89 30.33 29.51 27.87 25.50 24.06 24.67 22.20 20.26 18.85 18.22 16.90 15.07 13.85 14.08 13.08 10.84 10.58 9.97 7.25 6.17 7.51 6.19 0.00 5.03 7.74 7.50 8.96 8.91 11.63 12.35 15.50 14.98 17.54 20.38 20.33 21.47 22.47 23.82 26.43 27.49 30.26 30.81 29.89 32.54 34.13 34.14 33.86 37.39 36.15 34.13 33.05 31.64 28.76 25.52 23.57 22.06 20.34 19.29 17.98 17.78 17.30 20.43 20.59 21.56 19.58 21.36 18.54 18.68 16.84 17.15 17.36 18.66 17.57 19.31 20.60 22.17 19.82 19.07 20.86 20.97 17.84 18.65 20.64 20.26 18.97 20.40 22.75 23.69 23.83 24.21 25.66 24.85 24.95 25.10 24.40 22.58 23.78 22.63 20.75 20.52 20.98 19.53 18.52 18.49 19.55 17.49 17.03 17.10 17.19 16.57 16.46 17.17 17.92 17.68 17.74 18.79 20.76 19.59 20.07 21.42 23.61 22.80 22.82 25.43 24.18 23.86 21.61 23.03 22.22 22.03 22.34 23.00 24.74 23.25 23.66 24.56 26.33 25.91 26.48 27.25 27.78 27.41 27.89 29.29 29.99 29.86 29.94 30.91 32.38 32.71 32.49 34.20 34.39 33.34 31.85 31.79 29.48 27.37 25.16 22.93 22.04 20.99 20.88 18.50 20.32 20.50 22.19 21.70 24.74 26.81 27.43 26.20 25.06 24.03 22.00 22.27 20.58 20.41 19.46 19.97 19.89 20.37 20.30 21.78 21.97 22.57 20.82 21.08 22.93 23.46 21.06 22.19 24.87 24.36 23.74 24.53 26.26 27.74 
38.37 37.33 36.69 34.02 36.48 36.24 33.79 30.74 30.84 28.44 26.34 24.39 25.19 22.52 21.08 20.14 18.90 17.87 16.17 15.29 14.31 14.08 12.01 11.07 10.88 8.97 7.40 6.92 7.58 5.03 0.00 5.71 6.95 8.30 8.25 11.44 12.85 15.55 16.09 18.44 21.02 21.21 22.67 23.10 24.32 26.84 27.86 30.53 31.06 30.41 32.70 34.85 34.67 34.49 37.74 36.79 35.18 33.85 32.29 29.38 26.18 24.07 22.00 20.52 19.55 17.69 17.66 17.41 20.28 20.24 20.59 19.65 21.04 18.66 18.67 17.63 17.36 17.74 18.67 18.24 19.80 21.29 22.46 20.46 19.72 21.36 20.60 18.22 19.24 20.78 19.97 19.42 20.78 23.11 23.77 23.78 24.38 25.78 25.15 25.06 24.87 24.43 22.82 24.07 22.51 20.92 20.89 21.47 19.73 18.56 19.05 20.32 18.45 17.66 18.38 18.32 17.80 17.22 18.03 18.71 18.78 18.64 19.61 21.26 20.20 20.58 22.47 24.06 23.39 23.31 26.05 24.96 24.90 22.78 23.70 23.06 22.97 23.24 23.78 25.20 23.88 24.31 25.46 26.50 26.67 26.90 28.14 28.18 28.28 28.60 30.00 30.58 30.37 30.52 31.23 32.87 33.16 32.95 34.50 34.83 33.85 32.21 32.11 30.13 27.64 25.81 23.10 22.58 21.34 21.10 19.03 20.69 20.56 22.06 21.47 24.41 26.25 26.32 26.20 24.96 23.79 21.98 22.62 21.06 20.67 20.00 20.82 20.61 21.00 21.17 22.66 22.61 23.40 21.53 21.48 23.75 23.76 21.62 22.34 25.45 25.46 23.53 25.37 26.43 28.09 
40.87 40.30 39.40 36.96 39.68 39.76 37.32 34.22 33.80 32.13 30.11 28.24 28.77 26.02 24.78 24.35 22.89 21.99 20.59 19.61 18.59 17.61 16.30 14.91 13.79 12.50 11.48 9.85 9.25 7.74 5.71 0.00 6.38 9.02 9.01 12.14 14.87 18.30 18.96 21.35 24.69 24.30 25.61 26.60 27.58 30.03 31.16 34.05 34.20 33.41 35.73 37.83 38.02 37.66 40.43 39.61 38.02 37.07 34.93 32.26 29.00 27.29 25.48 23.75 22.95 20.80 21.06 21.17 23.47 22.93 24.08 22.73 24.13 21.26 21.69 20.80 20.77 20.99 22.37 22.05 23.70 25.06 26.15 24.18 23.33 24.36 23.55 22.01 22.55 24.00 23.17 22.63 23.57 26.28 26.93 27.17 27.56 29.56 28.69 28.50 28.02 28.35 26.74 28.05 26.16 25.08 25.07 25.62 23.68 22.98 23.28 24.81 22.74 22.09 22.18 22.61 22.25 21.55 21.95 22.72 22.98 22.88 23.48 25.43 24.59 25.16 26.02 28.00 27.70 27.76 30.31 29.68 29.39 27.58 27.84 27.47 27.20 27.91 27.70 29.22 27.65 28.20 28.84 30.33 30.06 30.82 31.39 31.81 31.60 32.41 33.04 34.07 34.09 34.46 34.63 36.19 36.72 36.70 38.26 38.23 37.09 35.85 35.85 33.31 30.95 29.26 26.65 25.96 25.02 24.52 22.46 24.09 23.99 25.05 24.28 27.22 28.93 29.43 28.59 27.48 26.27 24.64 25.05 24.03 24.21 23.87 24.38 24.40 25.09 25.43 26.99 27.32 27.44 25.94 25.46 27.24 27.56 25.40 25.72 28.74 28.15 26.45 26.78 28.49 29.71 
