3.17 6.88 8.82 9.73 11.19 13.02 14.62 15.56 16.34 18.12 18.94 19.84 21.06 22.36 23.47 24.89 26.26 27.17 28.43 29.84 32.22 32.53 33.17 32.62 32.60 31.87 31.56 30.25 30.25 29.68 29.73 28.97 30.37 30.37 29.55 28.65 29.01 27.78 26.41 25.67 25.35 25.81 26.10 27.14 28.37 30.30 30.11 31.29 30.60 31.45 31.36 32.44 33.26 34.83 35.43 33.55 32.33 30.97 31.15 29.68 30.53 30.40 29.72 28.35 27.54 26.92 27.19 26.98 27.76 28.25 29.68 28.97 28.20 27.55 28.21 27.23 27.71 28.54 29.70 30.16 30.69 30.59 30.06 28.87 26.68 26.67 25.99 25.31 24.67 25.22 26.14 26.53 27.87 28.69 30.42 30.61 29.65 29.83 31.35 31.62 30.36 30.64 31.94 31.23 31.25 31.91 31.55 31.24 32.05 32.40 31.65 30.87 30.42 30.75 31.94 32.31 33.50 33.82 33.02 31.49 30.96 31.46 30.09 28.96 29.77 30.23 27.99 27.50 28.35 28.51 27.55 28.43 30.12 29.76 29.47 29.99 29.91 29.66 29.52 28.97 27.38 27.17 27.11 26.10 24.61 24.49 25.42 25.00 24.00 24.36 25.32 25.01 24.00 24.20 25.21 24.83 25.58 24.48 26.91 26.43 32.68 
6.88 2.15 5.34 7.89 9.86 11.24 12.26 14.66 14.86 16.70 17.67 18.58 19.58 21.25 22.77 23.80 25.16 25.93 27.93 28.86 31.25 31.33 32.70 31.78 31.90 30.87 30.93 29.30 29.33 28.39 28.75 28.00 29.86 29.44 28.58 27.48 28.51 26.52 25.37 24.54 24.58 24.92 25.44 26.47 27.80 29.74 29.56 30.65 29.61 30.80 30.42 31.89 32.32 34.01 34.71 32.64 31.34 29.69 29.99 28.30 29.41 29.15 28.77 27.08 26.53 25.94 26.57 26.15 27.04 27.36 29.46 28.36 27.38 26.52 27.61 26.67 26.87 27.46 28.67 29.40 29.94 29.52 28.91 27.71 25.59 25.44 24.95 24.23 23.89 24.34 25.34 25.67 27.62 27.86 29.88 29.95 29.25 28.84 30.48 30.78 29.64 29.54 30.98 30.26 30.62 31.29 30.37 30.11 31.41 31.53 30.30 29.78 29.68 30.00 30.74 31.21 32.70 32.90 31.78 30.22 30.13 31.06 28.90 27.52 28.70 29.35 26.63 26.05 27.65 27.88 26.32 27.32 29.43 28.85 28.41 29.38 29.39 29.27 28.77 28.42 26.66 26.28 26.29 25.35 23.96 23.58 24.63 24.07 23.25 23.08 24.43 24.14 23.61 23.18 24.26 24.24 22.99 24.85 25.63 26.58 32.90 
8.82 5.34 0.63 4.51 8.67 9.28 9.99 11.45 12.77 14.22 15.26 16.02 16.83 19.13 21.35 22.67 23.36 24.56 26.84 27.41 29.21 29.58 31.37 30.26 30.21 29.05 29.52 27.52 27.54 26.40 27.15 26.12 28.38 27.65 27.18 25.87 26.89 25.00 24.24 23.16 23.14 23.67 24.68 25.41 26.53 28.67 28.90 29.78 28.53 29.59 29.84 30.80 30.87 32.28 33.53 31.18 29.69 27.65 28.49 26.49 27.42 27.32 27.69 26.03 25.21 24.70 25.82 25.31 25.95 26.31 28.95 27.73 26.22 25.30 27.15 25.70 25.60 26.06 27.69 28.37 28.56 27.98 27.52 26.29 23.93 23.96 23.61 22.96 22.51 23.16 24.36 24.81 27.03 27.14 29.28 29.28 28.67 27.89 29.36 29.41 28.39 27.94 29.32 28.50 29.24 29.54 28.71 28.32 30.04 29.85 28.55 27.89 28.35 28.01 28.82 29.19 31.22 31.04 29.89 28.12 28.50 28.98 26.90 25.21 26.79 27.40 24.72 24.02 25.97 25.96 24.57 25.34 27.73 26.94 26.74 27.45 27.73 27.27 27.04 26.28 24.91 24.34 24.48 23.42 22.31 21.82 22.93 22.37 21.62 21.81 23.30 22.91 22.11 22.44 23.32 23.13 21.67 23.48 26.24 25.41 30.58 
9.73 7.89 4.51 0.37 5.52 8.27 8.43 10.24 10.86 13.58 14.23 15.26 15.64 17.87 20.45 21.66 22.50 23.54 25.86 26.56 28.54 28.68 30.41 29.42 29.23 28.56 28.94 26.96 26.69 25.99 26.47 25.55 27.19 27.19 26.36 25.04 25.69 24.27 23.46 22.64 22.11 23.24 24.10 24.99 25.88 28.34 28.55 29.44 27.76 29.29 29.40 30.06 29.68 31.77 33.08 30.82 28.88 27.43 28.06 26.12 26.58 26.93 27.33 25.92 24.87 24.56 25.69 25.18 25.56 26.16 28.83 27.42 25.84 25.07 26.80 25.62 25.35 26.09 27.41 28.32 28.38 28.07 27.52 26.41 23.83 24.05 23.65 23.07 22.37 23.12 24.34 25.01 26.99 27.23 29.16 29.24 28.58 28.01 29.33 29.68 28.57 28.12 29.40 28.60 29.28 29.56 28.57 28.28 29.85 29.65 28.13 27.67 28.04 27.78 28.38 28.85 30.73 30.66 29.34 27.92 28.39 29.05 26.61 25.18 26.57 27.26 24.18 23.92 25.79 25.87 23.87 24.90 27.07 26.47 25.77 26.94 27.26 27.12 26.37 25.94 24.35 24.21 24.03 23.43 22.23 21.99 22.83 22.61 21.64 21.88 22.90 23.25 22.72 22.29 22.89 22.66 22.66 23.60 26.43 25.97 35.93 
11.19 9.86 8.67 5.52 0.24 5.76 7.32 9.39 9.76 12.49 14.49 14.58 15.42 17.00 19.24 20.64 22.02 23.22 24.68 26.31 28.47 29.00 29.78 29.33 29.36 28.85 28.71 26.89 26.78 26.14 26.02 24.99 27.09 27.05 26.12 24.92 25.97 24.16 22.71 21.86 21.67 22.69 23.25 24.86 26.34 28.98 28.45 29.83 27.79 29.67 29.25 30.64 30.82 33.16 34.09 31.64 30.00 28.27 28.79 26.76 28.07 27.79 27.17 25.41 24.43 23.94 24.31 24.14 24.89 25.51 27.74 26.50 25.47 24.49 25.67 24.40 24.92 25.72 26.91 27.65 28.43 28.25 27.53 25.85 23.25 23.30 22.87 21.81 21.10 22.06 23.28 23.63 25.13 25.76 28.36 28.17 27.01 26.78 28.75 28.90 27.29 27.29 29.21 28.02 28.37 28.89 28.48 27.75 29.32 29.28 28.21 27.12 27.39 27.17 28.47 28.59 30.60 30.84 30.08 27.79 28.45 29.10 27.20 25.12 26.80 27.52 24.48 23.82 25.98 25.91 23.99 25.02 27.42 26.85 26.26 27.19 27.93 27.50 27.19 26.23 24.46 24.19 24.61 23.51 22.12 21.85 23.00 22.35 20.59 21.20 22.15 21.95 20.43 21.67 23.00 23.76 24.07 23.16 25.44 25.33 28.61 
13.02 11.24 9.28 8.27 5.76 0.00 5.99 8.05 8.97 11.18 12.70 14.39 14.86 17.15 18.74 20.52 22.17 23.44 25.17 26.43 29.15 29.18 30.62 29.53 29.93 28.99 29.20 27.01 27.06 25.99 26.11 24.91 27.32 27.16 26.16 24.75 26.30 23.99 22.77 21.99 22.05 22.93 23.69 25.51 27.08 29.98 28.98 30.66 28.55 30.01 29.68 31.07 31.26 33.50 34.54 31.81 29.98 28.02 28.46 26.38 27.67 27.66 27.06 25.34 24.21 23.77 24.27 23.95 24.88 25.82 28.17 26.93 25.34 24.37 25.71 24.33 24.71 25.50 26.87 27.86 28.72 28.29 27.31 25.54 22.93 22.92 22.37 21.82 21.06 22.25 23.43 23.86 25.67 26.34 28.72 28.70 27.34 26.78 28.69 28.96 27.37 27.10 28.87 27.87 28.20 28.90 27.99 27.61 29.28 29.28 27.68 27.01 27.15 27.04 27.89 28.36 30.59 30.71 29.53 27.50 28.09 29.14 26.65 24.97 26.70 27.65 24.22 23.72 25.91 26.04 23.99 25.09 27.82 27.00 26.38 27.50 28.22 27.82 27.20 26.54 24.89 24.52 24.71 23.90 22.50 22.27 23.15 22.76 21.41 21.69 22.48 23.09 21.48 22.20 23.28 23.41 22.40 23.50 25.19 26.37 30.59 
14.62 12.26 9.99 8.43 7.32 5.99 0.00 5.98 6.95 9.13 9.74 11.83 13.85 15.23 17.58 19.03 20.67 21.94 24.17 25.25 27.45 27.92 29.48 28.57 28.28 27.68 27.87 25.74 25.56 24.41 24.60 23.51 26.10 25.70 24.85 23.71 25.41 22.96 21.64 20.90 21.17 21.75 22.18 23.86 25.73 28.14 27.23 28.80 27.06 28.54 27.98 29.62 30.13 32.24 33.07 30.46 28.80 26.64 27.14 24.82 26.39 26.16 25.82 23.75 22.87 22.24 22.85 22.37 23.58 24.33 27.14 25.47 24.30 23.10 24.54 22.81 23.23 24.14 25.57 26.48 27.39 26.68 25.90 24.03 21.69 21.33 20.78 19.94 19.71 20.53 21.77 22.20 24.36 24.73 27.34 27.13 26.32 25.49 27.29 27.30 26.27 25.51 27.39 26.24 27.20 27.42 26.77 26.22 28.52 27.94 26.60 25.72 26.57 25.81 26.84 27.14 29.94 29.51 28.44 26.13 27.22 27.69 25.48 23.36 25.56 26.21 23.22 22.45 24.71 24.81 23.16 24.15 26.81 25.96 25.63 26.74 27.51 26.86 26.29 25.49 24.17 23.42 23.60 22.68 21.78 21.16 21.93 21.54 20.52 20.60 21.39 21.44 20.32 21.30 21.86 23.20 22.88 22.75 24.34 24.95 28.91 
15.56 14.66 11.45 10.24 9.39 8.05 5.98 0.00 5.79 7.51 9.24 10.73 12.42 14.97 16.96 19.08 20.34 21.83 23.86 25.08 27.05 27.54 29.05 27.79 27.37 26.82 27.05 24.81 24.65 23.84 24.01 23.34 25.55 25.83 24.51 23.62 24.81 22.84 21.39 21.24 20.61 21.98 22.51 24.61 26.21 28.78 27.59 29.58 27.32 28.65 28.09 29.57 29.65 32.21 33.14 30.72 28.70 26.94 27.07 25.06 26.14 26.89 26.02 24.78 23.29 22.74 22.96 22.80 23.96 24.86 27.16 26.03 24.46 23.21 24.27 23.20 23.52 24.63 25.62 27.34 28.27 27.83 26.24 24.82 21.80 21.94 20.78 20.61 20.08 21.45 22.41 23.20 25.30 25.75 27.94 27.94 26.60 26.00 27.65 27.97 26.57 26.16 27.90 26.89 27.54 28.05 27.22 26.87 28.67 28.55 26.88 26.27 26.70 26.40 27.16 27.69 30.04 30.14 28.78 26.70 27.44 28.32 25.80 23.92 25.58 26.45 23.37 22.89 24.95 25.18 23.38 24.48 26.93 26.30 25.81 27.17 27.64 27.39 26.55 25.86 24.12 23.95 23.86 23.23 22.03 21.91 22.44 22.27 21.23 21.44 21.81 23.19 21.85 22.15 22.38 22.98 21.61 22.37 23.70 25.26 30.13 
16.34 14.86 12.77 10.86 9.76 8.97 6.95 5.79 0.00 5.35 6.38 8.63 9.37 12.16 15.02 16.46 17.95 19.07 20.65 21.92 24.20 24.54 25.56 24.15 24.01 23.29 23.52 21.36 21.57 20.71 21.05 20.04 22.68 22.94 22.35 21.33 22.87 20.25 18.87 18.34 18.09 19.19 20.07 22.12 23.89 26.27 25.07 26.87 24.86 26.17 25.39 26.99 27.18 29.91 31.01 28.31 26.68 24.89 25.36 23.20 24.75 24.87 23.91 22.38 21.25 20.58 20.75 20.42 21.93 22.43 24.57 23.48 22.58 21.13 21.91 20.89 21.59 22.66 23.20 25.40 26.99 26.26 24.88 22.93 20.25 19.91 19.21 18.58 18.50 19.67 20.89 21.43 23.39 23.85 26.29 26.25 25.26 24.70 26.28 26.60 25.04 24.85 26.61 25.65 25.97 26.88 26.09 25.73 27.52 27.28 25.56 24.89 25.07 25.05 25.75 26.31 28.85 28.79 27.47 25.16 25.69 26.59 24.18 22.32 23.92 24.66 21.48 21.24 23.39 23.65 21.43 22.75 25.19 24.52 23.99 25.30 25.92 25.71 24.76 23.82 22.06 21.76 21.97 21.11 20.13 19.88 20.58 20.19 19.42 19.14 19.61 19.63 19.02 19.23 20.03 21.00 20.91 21.12 22.87 23.93 24.97 
18.12 16.70 14.22 13.58 12.49 11.18 9.13 7.51 5.35 0.00 5.77 7.17 8.96 10.91 13.37 16.04 17.66 19.01 20.85 21.93 24.60 24.81 26.19 24.74 24.35 23.66 23.78 21.63 21.37 20.57 21.14 20.19 22.90 23.27 22.93 21.95 23.34 20.70 19.23 18.65 18.40 19.37 20.22 22.03 23.81 26.13 25.00 26.72 24.86 25.96 25.63 27.20 27.59 30.35 31.32 28.90 27.05 25.21 25.46 23.22 24.90 24.99 23.90 22.08 21.02 20.23 20.53 20.11 21.73 22.19 24.47 23.39 22.57 21.26 22.00 20.76 21.79 22.91 23.84 25.73 27.58 27.03 25.64 23.56 20.47 20.28 19.16 18.65 18.50 19.82 20.88 21.56 23.66 24.22 26.68 26.82 25.63 25.24 26.34 26.98 25.28 25.09 26.57 25.84 26.18 27.26 26.10 26.24 27.78 27.82 25.75 25.28 25.33 25.40 26.08 27.01 29.09 29.38 27.81 25.82 25.98 26.93 24.40 22.93 24.21 25.07 21.79 21.59 23.51 23.88 22.17 23.45 25.65 25.19 24.73 26.27 26.63 26.73 25.54 24.93 22.94 22.73 22.50 21.80 20.76 20.65 21.11 20.94 20.20 19.87 20.34 20.72 20.41 19.85 20.88 21.25 20.63 21.58 23.28 24.43 25.93 
18.94 17.67 15.26 14.23 14.49 12.70 9.74 9.24 6.38 5.77 0.00 5.96 7.25 8.86 10.36 13.83 15.90 17.28 19.31 20.63 22.69 23.29 25.08 23.72 23.24 22.42 22.81 20.32 20.18 18.96 19.74 18.65 21.61 21.98 21.97 21.05 22.59 19.72 18.19 17.48 17.19 18.05 18.41 20.21 21.72 24.39 23.06 25.02 22.71 24.23 23.50 25.79 26.29 29.27 30.10 27.88 25.75 23.93 24.23 22.16 23.53 23.75 22.57 20.62 18.88 18.14 18.59 18.30 19.87 20.70 22.88 21.97 20.89 19.33 20.26 19.13 19.99 21.75 22.61 24.88 26.43 25.97 24.73 22.50 19.30 18.60 17.25 16.58 16.50 17.62 18.82 19.40 21.41 22.42 25.34 25.23 24.02 23.37 24.75 25.00 23.54 23.05 24.87 23.91 24.67 25.27 24.44 24.40 26.31 25.98 24.28 23.55 23.90 23.82 24.65 25.32 27.65 27.67 26.47 24.12 24.55 25.23 22.75 20.88 22.41 23.15 20.19 19.93 21.65 22.29 20.81 22.02 24.19 23.81 23.81 25.16 25.62 25.41 24.46 23.53 21.80 21.04 20.93 20.09 19.39 18.90 19.50 19.22 18.80 18.43 19.16 19.33 18.99 18.54 19.13 20.49 20.07 20.88 22.81 23.93 25.60 
19.84 18.58 16.02 15.26 14.58 14.39 11.83 10.73 8.63 7.17 5.96 0.00 5.69 6.79 9.11 10.86 13.31 15.45 17.41 18.56 20.50 21.29 23.05 21.84 21.20 20.63 20.56 18.18 18.09 17.25 17.80 17.37 20.18 21.19 21.07 20.56 22.17 19.66 17.65 17.30 16.61 17.31 17.53 19.23 20.48 23.03 21.64 23.77 21.69 22.93 22.61 24.58 25.63 28.43 29.40 27.23 25.34 23.58 23.80 21.84 23.18 23.75 22.13 20.27 18.45 17.89 17.91 17.66 19.09 19.90 21.93 21.15 20.07 18.54 19.41 18.47 19.72 21.18 22.02 24.32 26.02 25.94 24.46 22.65 19.18 18.82 16.65 16.13 15.58 16.68 17.64 18.44 20.48 21.34 24.14 24.22 22.95 22.51 23.82 24.15 22.76 22.31 24.06 23.11 23.79 24.51 23.68 23.62 25.39 25.27 23.32 22.82 23.36 23.16 24.04 24.86 26.97 27.41 25.98 23.98 24.28 24.96 22.36 20.47 21.80 22.46 19.51 19.37 20.97 21.52 20.12 21.42 23.71 23.40 23.32 24.96 25.35 25.45 24.21 23.39 21.49 20.97 20.61 19.98 18.78 18.66 18.73 18.78 18.05 18.01 18.31 18.93 18.80 18.52 19.25 20.20 19.29 21.03 22.44 23.98 24.24 
21.06 19.58 16.83 15.64 15.42 14.86 13.85 12.42 9.37 8.96 7.25 5.69 0.00 5.65 6.95 9.15 10.75 13.42 15.47 16.71 18.87 19.25 20.73 19.29 19.55 18.33 18.50 16.30 16.42 15.84 16.36 15.93 19.52 20.64 20.84 20.30 22.26 19.40 17.68 17.05 16.39 16.57 16.86 18.19 19.47 21.73 20.26 22.69 20.78 22.13 21.35 23.79 24.79 27.84 28.51 26.67 24.97 23.35 23.46 21.86 23.61 23.75 22.14 20.11 18.53 17.51 17.51 17.10 18.87 19.28 21.18 20.43 19.61 18.02 18.55 18.06 19.29 20.84 21.44 23.82 25.85 25.68 24.34 22.32 19.54 18.42 16.56 15.59 15.08 15.70 16.42 17.17 19.34 20.00 22.23 22.85 21.90 21.41 22.47 23.01 21.81 21.55 23.17 22.30 22.75 23.54 22.86 22.70 24.47 24.25 22.45 22.06 22.67 22.54 23.19 23.97 26.34 26.74 25.38 23.23 23.84 24.49 22.05 19.92 21.33 21.89 18.90 18.61 20.45 20.78 19.18 20.73 23.02 22.91 22.52 24.26 24.94 24.84 23.87 22.87 21.22 20.73 20.49 19.49 18.53 18.07 18.33 18.15 17.54 17.46 17.67 18.16 17.71 17.94 18.58 18.98 18.55 20.15 22.23 23.52 22.47 
22.36 21.25 19.13 17.87 17.00 17.15 15.23 14.97 12.16 10.91 8.86 6.79 5.65 0.00 6.04 7.78 9.89 11.25 13.66 15.65 17.82 18.60 19.42 18.32 18.39 17.56 17.82 15.70 15.87 15.60 16.57 16.39 19.70 20.88 21.13 20.62 22.51 19.90 17.96 17.55 16.72 16.80 16.75 17.97 19.12 21.39 19.91 22.31 20.71 21.99 21.64 24.05 25.11 28.09 29.09 26.96 25.54 23.57 23.91 22.06 23.82 23.97 22.17 20.14 18.53 17.47 17.37 16.93 18.57 18.72 20.73 20.01 19.35 17.74 18.47 17.85 19.35 20.83 22.04 24.17 26.27 26.40 25.27 23.48 19.99 19.50 17.20 16.14 15.11 15.53 15.98 16.82 19.15 20.04 22.48 22.94 22.04 21.45 22.61 23.03 21.89 21.49 23.19 22.22 22.87 23.64 22.85 22.83 24.68 24.50 22.54 22.16 22.76 22.53 23.28 24.18 26.65 26.99 25.54 23.39 23.89 24.58 22.08 20.05 21.32 21.93 19.03 18.65 20.39 20.89 19.61 20.99 23.33 23.22 23.12 24.76 25.30 25.37 24.21 23.22 21.55 20.96 20.54 19.77 18.65 18.41 18.36 18.30 17.77 17.59 17.95 18.49 18.30 18.42 19.26 19.49 18.51 20.28 22.05 23.37 22.79 
23.47 22.77 21.35 20.45 19.24 18.74 17.58 16.96 15.02 13.37 10.36 9.11 6.95 6.04 0.00 6.94 8.28 9.97 11.49 13.69 16.18 16.72 18.20 16.23 16.34 15.39 16.10 14.51 15.03 15.10 16.82 16.79 20.09 21.39 21.39 21.03 22.90 20.32 18.46 17.74 16.97 16.78 16.55 17.57 18.62 20.86 19.12 21.85 20.20 21.80 21.03 23.81 24.79 28.10 28.93 27.20 25.31 23.73 23.76 22.31 24.03 24.26 22.56 20.40 18.55 17.37 17.19 16.78 18.29 18.48 20.46 19.61 18.94 17.46 18.21 17.80 19.15 21.12 22.43 24.60 26.60 26.72 25.97 24.27 20.69 19.88 18.08 16.48 15.24 15.50 15.77 16.16 18.64 19.87 22.53 22.86 21.95 21.29 22.42 23.04 21.81 21.41 22.96 22.27 22.87 23.53 22.60 22.77 24.77 24.41 22.54 22.14 22.71 22.60 23.17 23.99 26.44 26.79 25.42 23.23 23.72 24.56 21.97 19.99 21.22 21.83 18.86 18.56 20.24 20.75 19.48 20.93 23.17 23.24 23.24 24.76 25.44 25.29 24.40 23.39 21.74 20.97 20.58 19.55 18.70 17.99 18.20 17.95 17.66 17.40 17.98 18.21 18.19 18.28 18.66 19.01 18.12 20.34 22.00 23.38 23.51 
24.89 23.80 22.67 21.66 20.64 20.52 19.03 19.08 16.46 16.04 13.83 10.86 9.15 7.78 6.94 0.00 6.22 7.62 9.51 11.10 13.75 14.44 15.28 14.70 14.35 13.30 14.70 13.69 14.81 15.31 17.20 17.58 20.68 21.87 22.31 21.61 23.70 21.41 19.39 18.78 18.08 17.99 17.38 18.12 19.12 21.14 19.36 21.73 20.49 22.02 21.35 23.90 25.13 28.22 29.10 27.24 25.82 24.23 24.69 23.05 24.56 24.83 23.33 21.12 19.33 18.24 17.98 17.25 18.73 18.69 20.58 19.67 19.39 17.98 18.61 18.06 19.70 21.61 22.66 24.75 26.89 27.19 26.47 24.98 21.54 20.94 18.85 17.47 15.82 15.99 15.82 16.00 18.54 19.99 22.35 22.53 21.81 21.49 22.55 23.23 21.92 21.51 23.19 22.55 23.08 23.82 22.97 23.38 25.08 24.97 22.94 22.52 22.88 22.86 23.66 24.53 26.64 27.33 25.82 23.72 23.97 24.94 22.25 20.39 21.42 22.14 18.90 18.64 20.47 20.96 19.59 21.25 23.64 23.63 23.68 25.20 25.63 25.82 24.80 23.82 21.80 21.35 21.01 20.11 18.80 18.50 18.51 18.46 17.94 17.51 18.03 18.83 18.57 18.45 19.28 19.79 18.41 20.53 22.01 23.94 23.80 
26.26 25.16 23.36 22.50 22.02 22.17 20.67 20.34 17.95 17.66 15.90 13.31 10.75 9.89 8.28 6.22 0.00 6.20 6.83 9.47 12.13 13.35 13.86 13.38 13.78 12.35 14.12 13.79 15.41 16.17 17.77 18.28 21.47 23.05 23.26 22.57 24.94 22.27 20.52 19.83 19.22 18.89 18.54 19.03 19.82 21.58 19.76 22.07 20.84 22.37 21.85 24.07 25.24 28.26 29.32 27.40 26.35 24.82 25.29 23.81 25.87 25.79 24.18 22.06 20.16 19.13 18.67 18.06 19.31 19.07 20.82 20.06 19.71 18.30 19.06 18.55 20.03 21.81 22.93 24.89 27.50 27.64 27.12 25.40 22.34 21.58 19.58 18.22 16.91 16.72 16.86 16.96 18.95 19.80 22.40 22.58 22.14 21.67 23.00 23.52 22.23 21.79 23.81 22.74 23.23 24.12 23.63 23.57 25.47 25.21 23.62 22.73 22.89 23.09 24.03 24.54 27.05 27.40 26.37 23.85 24.26 25.38 22.89 20.80 22.16 22.67 19.47 19.04 20.83 21.25 19.68 21.32 23.94 23.72 23.80 24.97 25.56 25.75 25.04 23.94 22.13 21.73 21.66 20.42 19.13 18.75 19.07 18.81 18.18 17.93 18.40 19.02 18.33 18.70 19.27 19.08 18.27 20.26 23.00 24.91 24.58 
27.17 25.93 24.56 23.54 23.22 23.44 21.94 21.83 19.07 19.01 17.28 15.45 13.42 11.25 9.97 7.62 6.20 0.00 6.09 7.45 10.70 11.99 13.14 12.61 13.12 12.73 14.60 13.69 15.36 16.04 18.31 18.70 21.59 22.69 22.98 22.44 24.62 21.93 20.58 20.17 19.47 19.12 18.83 19.49 20.18 21.90 20.16 22.34 21.38 23.03 22.77 25.13 25.72 28.96 30.20 28.13 26.81 25.49 26.12 24.54 26.23 26.27 24.62 22.49 21.16 19.86 19.58 18.63 19.69 19.55 21.58 20.39 19.70 18.20 19.16 18.51 20.04 21.66 22.82 25.07 27.55 27.89 27.18 25.77 23.09 22.46 20.64 19.35 18.07 17.85 17.74 17.75 19.64 19.99 22.48 22.94 22.27 21.74 22.88 23.59 22.19 22.02 23.84 22.97 23.51 24.46 23.75 23.86 25.70 25.58 23.62 22.92 23.34 23.41 24.11 24.89 27.29 27.87 26.32 24.06 24.64 25.75 23.24 21.17 22.32 23.07 19.99 19.45 21.17 21.60 20.22 21.66 24.13 23.98 23.96 25.41 26.15 26.12 25.27 24.17 22.37 21.91 21.79 20.75 19.52 19.14 19.31 18.98 18.50 18.21 18.74 19.26 19.29 19.15 20.29 20.10 19.06 21.25 23.06 25.10 25.41 
28.43 27.93 26.84 25.86 24.68 25.17 24.17 23.86 20.65 20.85 19.31 17.41 15.47 13.66 11.49 9.51 6.83 6.09 0.00 6.04 7.97 9.34 11.86 11.69 12.10 12.41 14.97 13.67 15.00 16.09 19.20 19.65 22.36 23.67 24.06 23.31 25.27 22.85 21.68 20.89 20.04 19.79 19.51 20.25 20.99 22.77 21.15 23.46 22.20 24.10 24.04 26.16 26.72 30.06 31.52 29.17 27.40 26.23 27.02 25.38 27.23 27.46 25.84 23.99 22.17 21.18 20.72 20.14 20.87 21.03 23.03 21.50 20.29 18.77 20.00 19.31 20.37 22.13 23.27 25.85 28.71 28.66 28.16 26.96 24.25 23.73 21.85 20.83 19.71 19.46 19.34 18.84 20.75 21.06 23.39 23.72 23.46 22.57 23.62 24.40 23.22 23.06 24.75 24.11 24.77 25.50 24.45 24.53 26.62 26.35 24.46 23.91 24.17 24.30 24.78 25.56 28.15 28.45 27.21 25.07 25.56 26.72 24.22 22.25 23.30 24.20 21.13 20.75 22.23 22.80 21.36 22.73 25.11 24.90 24.85 26.29 27.05 27.06 26.16 25.28 23.42 22.90 22.62 21.70 20.51 20.09 20.26 19.99 19.38 19.49 20.13 20.36 20.03 20.31 20.86 20.91 19.80 22.13 24.71 25.66 25.99 
29.84 28.86 27.41 26.56 26.31 26.43 25.25 25.08 21.92 21.93 20.63 18.56 16.71 15.65 13.69 11.10 9.47 7.45 6.04 0.00 6.54 7.57 9.11 10.95 12.01 12.10 14.49 13.81 14.82 16.28 19.60 20.04 22.60 23.90 24.33 23.58 25.12 23.19 21.61 21.05 20.11 20.14 19.65 20.80 21.70 23.55 21.95 24.11 22.79 24.40 24.04 26.64 27.18 30.67 31.43 29.34 28.08 26.58 27.42 25.94 27.47 27.91 26.50 24.56 23.04 21.62 21.37 20.62 21.46 21.51 23.33 22.15 20.88 19.45 20.43 19.79 21.26 22.81 23.64 26.61 28.98 29.25 28.25 27.36 24.93 24.19 22.31 21.10 20.23 20.10 19.93 19.38 21.18 21.89 24.22 24.54 24.03 23.48 24.56 25.47 24.18 23.96 25.92 25.18 25.73 26.61 25.74 25.60 27.17 27.32 25.50 24.78 24.91 24.96 25.86 26.50 28.35 29.22 28.08 26.00 26.33 27.50 25.04 23.02 24.29 25.18 21.97 21.64 23.25 23.65 22.11 23.37 25.46 25.43 25.54 27.10 27.49 27.84 26.93 25.84 23.81 23.38 23.40 22.45 21.12 20.82 20.92 20.66 20.01 19.89 20.44 20.84 20.78 20.62 21.30 21.47 20.56 22.39 24.14 25.92 26.54 
32.22 31.25 29.21 28.54 28.47 29.15 27.45 27.05 24.20 24.60 22.69 20.50 18.87 17.82 16.18 13.75 12.13 10.70 7.97 6.54 0.78 6.13 7.80 9.19 11.83 12.51 15.47 15.17 16.46 17.98 20.39 21.24 24.10 25.82 26.15 25.30 27.00 25.00 23.43 22.74 22.10 22.12 21.57 22.57 23.28 25.29 23.77 25.97 24.55 26.14 25.53 27.82 28.81 31.88 32.81 30.69 29.79 28.10 28.67 27.40 29.60 29.87 28.14 26.83 25.03 23.79 23.15 22.83 23.54 23.51 25.02 24.03 23.04 21.54 22.38 21.61 22.92 24.47 25.37 27.89 31.11 31.17 30.31 29.19 26.97 26.34 24.50 23.45 22.57 22.55 22.63 22.12 23.73 24.06 26.60 26.89 26.41 25.75 27.10 27.68 26.09 26.16 28.42 27.52 27.98 28.93 28.25 27.83 29.11 29.36 27.94 27.17 26.96 27.07 28.17 28.31 30.04 30.90 30.35 28.12 28.29 29.49 27.12 25.25 26.44 27.49 24.15 23.91 25.64 26.04 24.39 25.21 26.94 27.27 27.52 28.80 29.43 29.51 29.03 27.87 25.65 25.40 25.52 24.60 23.22 22.78 23.02 22.84 21.84 22.04 22.40 22.82 22.42 22.47 22.71 22.84 21.95 23.39 26.25 27.83 27.47 
32.53 31.33 29.58 28.68 29.00 29.18 27.92 27.54 24.54 24.81 23.29 21.29 19.25 18.60 16.72 14.44 13.35 11.99 9.34 7.57 6.13 0.00 5.85 7.59 9.10 11.35 13.89 14.50 16.42 17.94 19.93 21.27 24.16 25.55 25.59 25.19 26.42 24.36 22.98 22.67 21.48 21.75 21.15 22.26 22.95 24.87 23.30 25.60 24.54 26.03 25.61 28.12 28.37 32.06 32.65 30.92 29.13 27.90 28.77 27.25 28.56 29.14 27.47 25.84 24.43 23.34 23.20 22.49 23.30 23.25 24.64 23.73 22.55 21.21 21.98 21.38 22.39 24.22 24.57 27.27 29.65 30.35 28.88 28.08 25.90 25.89 23.97 22.65 21.77 22.03 22.15 22.08 23.57 23.90 25.82 26.53 25.86 25.41 26.25 27.44 25.88 26.10 27.82 27.38 27.71 28.80 27.81 28.02 29.36 29.61 27.66 27.19 27.03 27.25 27.94 28.83 30.49 31.40 30.02 28.26 28.35 29.56 27.17 25.33 26.61 27.50 24.35 23.97 25.55 26.17 24.48 25.59 27.47 27.54 27.55 29.22 29.45 29.92 28.84 27.98 25.84 25.45 25.56 24.73 23.19 22.87 23.01 22.73 21.85 21.81 22.27 22.76 22.50 22.50 23.20 23.63 22.50 24.01 25.86 27.47 28.11 
33.17 32.70 31.37 30.41 29.78 30.62 29.48 29.05 25.56 26.19 25.08 23.05 20.73 19.42 18.20 15.28 13.86 13.14 11.86 9.11 7.80 5.85 0.00 5.88 7.68 9.53 12.90 14.20 17.21 18.17 20.51 21.73 24.65 26.45 27.27 26.13 27.58 25.27 24.22 23.27 22.23 22.02 21.72 22.53 23.32 25.12 23.55 26.21 25.23 26.78 26.20 28.49 29.31 32.40 33.58 31.29 29.93 28.60 29.69 27.79 29.03 29.59 28.15 26.54 25.11 24.07 24.14 23.47 24.02 24.06 26.08 24.30 22.98 21.96 22.84 21.73 22.47 24.34 25.09 27.46 29.86 30.35 29.25 28.44 26.28 26.13 24.81 23.64 22.75 23.16 23.13 22.93 24.55 24.75 26.67 27.03 26.89 25.90 26.90 27.95 27.07 26.77 28.48 27.89 29.06 29.58 28.39 28.48 30.74 30.61 28.65 28.17 28.36 28.43 29.16 29.96 32.39 32.54 31.48 29.28 29.74 30.83 28.51 26.61 27.87 28.87 25.74 25.24 26.78 27.44 25.94 27.02 29.13 29.04 29.11 30.44 31.21 31.07 30.32 29.34 27.30 26.91 26.83 25.85 24.53 24.13 24.44 24.04 23.15 23.39 24.13 24.45 23.86 23.91 24.60 25.81 24.12 25.23 27.79 28.85 28.84 
32.62 31.78 30.26 29.42 29.33 29.53 28.57 27.79 24.15 24.74 23.72 21.84 19.29 18.32 16.23 14.70 13.38 12.61 11.69 10.95 9.19 7.59 5.88 0.00 5.72 6.99 9.72 11.74 14.64 16.35 18.83 20.00 22.72 24.92 25.12 24.27 25.70 23.73 22.22 21.44 20.28 20.14 19.45 20.34 21.46 23.43 22.30 24.71 23.75 25.20 24.57 27.23 28.03 31.32 31.77 30.06 28.49 27.18 27.93 26.20 27.40 28.22 26.64 24.90 23.69 22.71 22.67 22.05 22.58 22.69 24.20 22.94 21.49 20.49 21.13 20.39 20.95 23.02 22.98 25.71 27.93 28.15 26.89 25.83 24.09 24.01 22.16 21.39 20.54 20.82 21.00 20.92 22.83 23.20 25.30 25.75 24.74 24.35 25.52 26.67 25.32 25.51 27.01 26.35 27.07 28.03 27.02 26.95 28.80 29.19 27.05 26.54 26.79 26.97 27.74 28.71 30.61 31.28 29.79 27.75 28.19 29.32 26.94 25.07 26.45 27.26 24.18 23.68 25.50 25.80 24.23 25.53 27.60 27.58 27.40 28.95 29.34 29.63 28.77 27.68 25.64 25.31 25.43 24.47 22.84 22.61 22.79 22.64 21.72 21.70 22.25 22.94 22.59 22.75 23.30 24.26 23.04 24.34 26.08 27.54 28.04 
32.60 31.90 30.21 29.23 29.36 29.93 28.28 27.37 24.01 24.35 23.24 21.20 19.55 18.39 16.34 14.35 13.78 13.12 12.10 12.01 11.83 9.10 7.68 5.72 0.00 5.17 7.50 10.11 12.70 14.97 17.69 18.65 21.52 23.30 23.68 23.18 25.14 23.06 21.08 20.30 19.47 19.06 18.42 19.27 20.41 22.75 21.78 24.36 23.30 24.63 23.84 26.29 27.49 30.08 30.82 29.04 28.22 26.53 27.04 25.33 27.19 27.83 25.91 24.80 23.69 22.77 22.33 21.86 22.60 22.41 23.99 22.62 21.36 19.89 20.50 19.47 20.61 22.16 22.63 25.05 27.47 27.49 25.90 24.98 23.45 23.03 21.79 20.63 19.84 20.26 20.67 20.75 22.29 22.77 25.30 25.26 24.31 23.81 25.63 26.13 24.55 24.77 26.92 26.09 26.26 27.58 27.10 26.61 28.20 28.53 27.02 26.31 26.27 26.68 27.48 27.91 30.22 30.50 29.52 27.45 27.81 29.02 26.77 24.86 26.51 27.22 24.01 23.64 25.45 25.90 23.92 25.15 27.31 27.19 27.04 28.29 28.67 29.07 28.57 27.61 25.63 25.33 25.61 24.46 22.84 22.28 22.60 22.37 21.70 21.70 22.05 22.79 22.42 22.93 23.47 24.26 23.29 24.64 26.85 28.24 27.71 
31.87 30.87 29.05 28.56 28.85 28.99 27.68 26.82 23.29 23.66 22.42 20.63 18.33 17.56 15.39 13.30 12.35 12.73 12.41 12.10 12.51 11.35 9.53 6.99 5.17 0.00 5.78 7.09 11.04 12.11 14.87 16.33 19.80 21.09 20.92 20.39 22.74 20.64 18.89 18.67 17.53 17.52 16.57 17.89 18.99 21.50 20.70 23.23 22.29 23.90 23.50 26.47 27.06 30.06 30.80 28.91 27.46 25.61 26.57 24.58 26.07 26.21 24.69 23.52 22.39 21.31 21.16 20.75 21.41 21.18 22.14 21.36 20.01 18.62 19.10 18.07 19.08 21.10 21.65 23.96 25.76 25.96 24.34 23.06 21.66 21.21 19.78 18.59 17.80 18.35 19.03 18.70 20.99 21.32 23.74 24.13 23.51 22.88 24.17 24.94 23.69 23.60 25.58 24.92 25.48 26.45 26.12 25.93 27.44 27.76 26.12 25.40 25.70 26.03 26.94 27.61 29.70 30.30 28.96 26.79 27.22 28.36 25.90 23.90 25.56 26.23 23.13 22.60 24.56 25.04 23.40 24.51 26.67 26.68 26.71 27.98 28.53 28.70 28.08 26.90 24.95 24.50 24.75 23.53 21.97 21.43 21.85 21.39 20.63 20.58 21.39 21.86 22.08 22.25 23.10 23.81 23.13 24.80 26.40 27.94 28.14 
31.56 30.93 29.52 28.94 28.71 29.20 27.87 27.05 23.52 23.78 22.81 20.56 18.50 17.82 16.10 14.70 14.12 14.60 14.97 14.49 15.47 13.89 12.90 9.72 7.50 5.78 0.00 5.94 8.24 10.58 12.28 14.76 18.13 19.63 20.35 19.22 21.13 18.96 17.93 17.40 16.66 16.36 15.87 17.08 19.10 21.68 20.86 23.69 22.18 24.20 23.86 26.74 27.46 30.50 31.16 29.23 27.61 26.11 26.79 24.95 26.14 26.39 24.72 23.19 21.94 20.90 20.88 20.34 21.46 20.69 22.41 20.99 19.88 18.08 18.65 17.54 18.44 20.58 21.37 23.82 25.17 25.41 24.27 22.64 20.82 20.68 19.11 18.03 17.44 18.00 18.20 18.60 20.82 21.35 23.74 24.39 24.04 23.09 24.21 25.14 24.15 23.76 25.17 24.97 25.94 26.73 25.77 25.81 27.84 27.87 26.05 25.65 26.02 26.37 27.20 27.95 30.33 30.61 29.39 27.31 27.78 28.65 26.21 24.17 25.73 26.52 23.31 22.81 24.63 25.39 23.74 24.94 27.02 27.31 27.16 28.57 29.13 29.33 28.64 27.65 25.62 25.09 25.10 23.96 22.46 21.87 22.33 21.90 20.99 21.23 22.13 22.65 22.31 22.67 23.55 25.03 23.99 25.38 27.79 28.78 28.94 
30.25 29.30 27.52 26.96 26.89 27.01 25.74 24.81 21.36 21.63 20.32 18.18 16.30 15.70 14.51 13.69 13.79 13.69 13.67 13.81 15.17 14.50 14.20 11.74 10.11 7.09 5.94 0.00 5.64 6.84 9.19 11.09 14.16 16.70 16.74 16.07 17.75 15.65 14.64 14.24 13.66 13.63 13.37 14.61 16.88 20.18 19.04 21.48 20.09 21.99 21.91 24.98 26.12 29.16 29.84 27.52 26.07 24.16 24.86 23.01 24.83 24.86 23.17 21.66 19.88 18.82 18.72 18.05 18.77 18.05 19.66 18.26 17.07 14.60 15.75 14.53 16.59 18.06 18.93 21.16 23.57 23.60 21.66 19.75 18.14 17.33 15.03 14.64 14.24 14.65 14.97 16.10 18.52 18.68 21.45 22.29 21.63 20.74 22.16 22.96 21.88 21.68 23.47 22.96 24.04 24.79 24.14 23.84 25.80 25.98 24.39 23.79 24.40 24.55 25.56 26.27 28.35 28.76 27.50 25.19 25.60 26.52 23.99 22.10 23.57 24.30 21.30 20.86 22.89 23.28 21.83 22.82 25.33 25.21 25.28 26.63 27.37 27.33 26.63 25.47 23.52 22.99 23.09 22.01 20.63 20.06 20.60 20.08 19.48 19.18 20.20 20.47 20.73 20.76 21.72 22.61 22.33 23.89 25.57 27.43 27.95 
30.25 29.33 27.54 26.69 26.78 27.06 25.56 24.65 21.57 21.37 20.18 18.09 16.42 15.87 15.03 14.81 15.41 15.36 15.00 14.82 16.46 16.42 17.21 14.64 12.70 11.04 8.24 5.64 0.00 5.41 6.99 9.43 12.09 14.69 14.93 14.94 17.42 15.28 14.47 14.10 13.81 14.49 14.48 15.89 18.23 21.60 20.62 22.05 20.31 22.48 21.75 24.59 25.81 28.99 29.59 27.80 26.31 24.58 25.04 23.52 25.50 25.96 24.09 22.11 20.32 18.94 18.60 18.02 18.63 17.92 19.07 17.66 16.29 13.76 14.57 14.13 16.45 18.11 18.72 21.74 24.65 24.44 22.48 20.63 18.43 17.75 15.72 14.83 14.50 15.15 15.78 16.66 18.58 19.05 21.67 22.30 21.53 20.66 22.30 22.83 21.34 21.60 23.78 23.27 23.86 25.11 24.80 24.43 25.91 26.37 25.07 24.44 24.65 25.01 25.81 26.27 28.19 28.84 27.58 25.37 25.41 26.45 24.15 22.35 23.66 24.43 21.52 21.49 23.32 23.72 21.81 23.31 25.41 25.51 25.17 26.69 27.30 27.48 26.76 25.95 24.03 23.59 23.60 22.72 21.37 20.81 21.10 20.87 20.05 20.33 20.74 21.37 21.34 21.66 22.31 22.96 23.32 24.63 26.67 28.14 28.34 
29.68 28.39 26.40 25.99 26.14 25.99 24.41 23.84 20.71 20.57 18.96 17.25 15.84 15.60 15.10 15.31 16.17 16.04 16.09 16.28 17.98 17.94 18.17 16.35 14.97 12.11 10.58 6.84 5.41 0.00 5.55 6.80 10.14 11.57 12.61 12.27 14.74 13.02 12.44 12.24 12.47 13.62 14.40 16.52 18.52 22.22 21.65 22.93 21.12 23.23 23.58 25.85 26.61 29.89 31.20 28.72 26.86 24.96 25.74 23.78 25.45 25.89 23.64 21.56 18.98 17.82 17.36 16.73 16.83 16.43 17.04 16.25 14.27 12.21 13.39 13.74 15.82 17.75 19.50 21.96 24.07 24.29 22.59 20.56 18.09 17.23 15.15 14.29 13.32 14.17 15.09 15.72 17.52 18.28 20.45 21.06 20.57 19.53 20.69 21.40 20.50 20.43 22.60 22.29 23.22 24.27 24.07 23.89 25.59 25.81 24.36 23.77 24.30 24.55 25.29 25.87 27.92 28.59 27.09 24.81 24.94 26.09 23.66 21.86 23.16 23.99 21.14 20.87 22.79 23.16 21.79 22.83 25.25 25.28 25.31 26.61 27.32 27.44 26.65 25.69 23.86 23.39 23.40 22.47 21.07 20.52 20.98 20.61 20.03 20.03 20.80 21.03 21.14 21.27 22.33 22.92 22.85 24.75 26.10 28.03 28.46 
29.73 28.75 27.15 26.47 26.02 26.11 24.60 24.01 21.05 21.14 19.74 17.80 16.36 16.57 16.82 17.20 17.77 18.31 19.20 19.60 20.39 19.93 20.51 18.83 17.69 14.87 12.28 9.19 6.99 5.55 0.00 5.66 7.89 10.34 11.37 11.88 14.33 12.52 12.48 12.57 13.31 14.04 15.25 17.37 20.08 24.05 23.58 24.90 22.19 25.10 25.12 27.64 27.72 31.59 32.42 30.66 28.29 26.90 27.47 25.40 26.93 26.99 24.97 22.19 19.21 17.64 17.78 16.85 16.99 16.13 17.36 16.18 14.47 11.98 13.90 13.66 15.29 18.33 20.41 22.56 24.44 25.49 24.20 21.58 18.43 18.45 16.32 15.03 13.90 14.76 14.98 15.85 17.74 18.28 20.46 21.20 20.84 19.68 20.41 21.30 20.55 20.35 22.21 22.26 23.53 24.55 23.93 24.11 26.09 26.23 24.43 24.15 24.65 24.95 25.54 26.23 28.41 28.88 27.41 25.25 25.44 26.34 23.92 21.95 23.30 24.23 21.23 20.98 22.79 23.57 22.01 23.35 25.40 25.75 25.69 27.20 27.77 28.01 27.23 26.40 24.41 24.03 24.00 23.04 21.57 21.22 21.67 21.29 20.32 20.71 21.71 21.97 21.51 21.97 23.01 24.04 23.42 24.90 27.31 28.13 28.59 
28.97 28.00 26.12 25.55 24.99 24.91 23.51 23.34 20.04 20.19 18.65 17.37 15.93 16.39 16.79 17.58 18.28 18.70 19.65 20.04 21.24 21.27 21.73 20.00 18.65 16.33 14.76 11.09 9.43 6.80 5.66 0.00 5.51 7.24 8.29 10.38 12.54 10.59 11.51 11.92 12.67 13.31 15.16 17.19 19.66 23.94 23.65 24.69 21.78 24.77 25.52 27.36 27.34 31.30 32.52 29.79 27.85 26.10 26.86 24.90 26.77 26.79 24.55 21.76 18.71 17.33 16.88 15.54 15.32 15.14 16.00 14.72 12.89 10.99 12.74 12.96 15.27 18.38 20.05 22.88 25.06 25.76 24.16 22.27 18.37 18.15 15.23 15.03 13.75 13.82 13.59 15.04 16.55 17.15 19.32 20.36 19.29 18.55 19.31 20.73 19.27 19.68 21.36 21.68 22.80 24.10 23.36 23.77 25.39 25.85 24.01 23.81 24.25 24.58 25.19 26.13 27.84 28.61 26.82 24.52 24.63 25.69 23.10 21.20 22.29 23.25 20.46 20.21 22.24 22.76 21.48 22.86 25.09 25.10 25.18 26.81 27.32 27.52 26.69 25.73 23.78 23.39 23.44 22.58 20.95 20.75 21.20 20.92 19.92 19.84 20.82 21.38 21.00 21.19 22.08 22.94 22.55 24.21 25.72 27.56 28.40 
30.37 29.86 28.38 27.19 27.09 27.32 26.10 25.55 22.68 22.90 21.61 20.18 19.52 19.70 20.09 20.68 21.47 21.59 22.36 22.60 24.10 24.16 24.65 22.72 21.52 19.80 18.13 14.16 12.09 10.14 7.89 5.51 0.00 5.71 6.73 8.96 13.38 12.76 13.16 14.16 15.88 16.94 18.98 21.15 24.10 27.95 27.08 28.08 26.00 28.02 27.63 29.49 29.77 33.48 34.59 32.65 30.47 28.77 29.41 27.95 30.21 29.83 27.02 24.09 21.71 19.81 19.06 17.68 16.78 16.54 17.91 16.52 15.21 13.70 16.20 16.01 18.87 21.88 24.07 27.07 29.70 29.90 28.36 26.36 23.34 22.52 19.75 18.95 18.00 17.85 17.40 17.70 19.07 19.54 21.97 22.49 21.90 20.72 22.03 22.85 21.76 21.76 24.35 24.08 25.47 26.56 26.31 26.23 28.17 28.17 27.12 26.34 26.72 27.00 27.66 28.00 30.52 30.80 29.41 26.91 27.02 28.21 25.82 23.72 24.85 25.74 23.05 22.94 24.75 25.52 24.02 25.63 27.91 27.74 27.68 29.12 29.75 30.05 29.42 28.68 26.69 26.21 26.34 25.53 23.83 23.53 24.19 23.84 23.26 23.33 24.10 24.29 23.87 24.32 25.11 26.02 26.12 26.40 28.68 29.69 30.14 
30.37 29.44 27.65 27.19 27.05 27.16 25.70 25.83 22.94 23.27 21.98 21.19 20.64 20.88 21.39 21.87 23.05 22.69 23.67 23.90 25.82 25.55 26.45 24.92 23.30 21.09 19.63 16.70 14.69 11.57 10.34 7.24 5.71 0.00 5.39 6.88 10.92 11.50 13.05 13.49 15.44 17.71 19.91 22.55 25.29 29.28 28.46 29.68 27.59 29.76 29.51 31.04 31.46 34.91 36.20 33.33 31.71 30.07 31.06 29.13 31.12 30.37 27.00 23.82 20.87 19.12 18.05 16.74 15.97 14.72 16.06 16.07 14.78 13.64 16.78 17.89 19.93 23.06 25.63 28.54 30.59 31.17 29.79 27.80 24.46 24.15 21.03 20.27 18.60 18.41 17.62 17.79 18.97 19.12 21.06 22.02 21.76 20.56 21.15 22.72 21.46 21.82 24.01 24.31 25.47 26.77 26.33 26.73 28.34 28.68 27.05 26.73 27.22 27.26 27.94 28.60 30.75 31.30 29.35 26.92 27.30 28.17 25.61 23.79 25.08 26.06 22.94 22.77 24.86 25.78 24.38 25.78 28.26 28.44 28.16 29.93 30.36 30.87 29.82 29.26 27.05 26.79 26.73 26.28 24.37 24.15 24.69 24.63 23.83 23.77 24.67 24.97 24.53 24.75 25.54 26.68 26.08 27.04 28.13 29.80 30.58 
29.55 28.58 27.18 26.36 26.12 26.16 24.85 24.51 22.35 22.93 21.97 21.07 20.84 21.13 21.39 22.31 23.26 22.98 24.06 24.33 26.15 25.59 27.27 25.12 23.68 20.92 20.35 16.74 14.93 12.61 11.37 8.29 6.73 5.39 0.00 5.06 8.23 9.53 11.25 12.52 14.96 16.99 19.35 21.83 24.78 28.96 28.31 29.92 27.75 29.90 29.63 31.48 31.97 35.35 36.90 33.81 32.26 30.75 31.82 29.41 30.98 29.80 26.54 23.00 19.59 17.75 16.57 15.20 14.85 12.79 15.37 14.46 13.80 12.63 16.76 16.66 18.91 22.41 25.08 27.88 29.89 30.66 29.40 26.88 23.52 23.19 20.47 19.79 18.52 17.64 16.34 16.77 17.32 17.29 18.90 20.12 20.31 18.92 19.51 21.01 20.12 20.20 22.56 22.64 24.23 25.52 25.07 25.46 27.39 27.50 26.01 25.64 26.13 26.20 26.92 27.29 29.55 29.57 28.28 25.84 26.15 26.78 24.29 22.48 23.91 24.69 21.54 21.59 23.85 24.72 23.43 24.89 27.24 27.25 27.30 28.78 29.70 29.78 29.13 28.26 26.32 25.91 26.02 25.22 23.72 23.41 24.07 23.68 22.89 23.12 24.51 24.66 23.84 24.04 25.05 26.24 25.99 26.31 28.70 29.46 30.01 
28.65 27.48 25.87 25.04 24.92 24.75 23.71 23.62 21.33 21.95 21.05 20.56 20.30 20.62 21.03 21.61 22.57 22.44 23.31 23.58 25.30 25.19 26.13 24.27 23.18 20.39 19.22 16.07 14.94 12.27 11.88 10.38 8.96 6.88 5.06 0.00 5.86 6.42 9.02 10.65 13.49 15.70 17.81 20.93 24.08 28.05 27.59 28.72 26.61 28.55 28.96 30.43 30.80 34.37 35.88 32.85 31.13 29.78 31.14 28.63 30.12 29.41 26.04 22.22 19.16 17.66 15.78 12.76 12.34 11.54 13.41 13.18 12.31 11.56 15.50 16.03 18.20 20.98 23.86 27.34 29.53 29.82 28.12 26.58 22.51 22.16 18.48 18.57 16.28 15.10 13.61 14.20 14.67 15.00 17.18 18.31 18.07 17.45 17.98 19.44 18.12 18.83 20.88 21.06 22.87 24.29 23.79 24.19 25.94 26.50 24.78 24.59 24.97 24.94 25.97 26.67 28.45 29.10 27.35 25.01 24.88 25.50 22.84 21.20 22.01 23.08 20.01 20.43 22.30 23.27 22.29 23.97 26.19 26.27 26.29 28.26 28.64 29.22 28.12 27.45 25.36 25.23 25.15 24.53 22.94 22.83 23.24 23.01 22.24 22.06 23.11 23.70 23.23 23.16 23.94 25.10 25.04 25.77 27.09 28.53 29.44 
29.01 28.51 26.89 25.69 25.97 26.30 25.41 24.81 22.87 23.34 22.59 22.17 22.26 22.51 22.90 23.70 24.94 24.62 25.27 25.12 27.00 26.42 27.58 25.70 25.14 22.74 21.13 17.75 17.42 14.74 14.33 12.54 13.38 10.92 8.23 5.86 0.00 5.78 7.74 10.52 13.33 16.40 19.55 21.83 25.63 29.58 28.62 30.26 28.20 30.02 29.43 31.18 31.62 35.10 36.93 34.25 32.35 30.45 32.13 30.23 30.77 30.05 26.25 23.52 19.88 18.14 16.31 13.41 13.05 11.75 14.70 13.99 13.92 13.74 17.44 17.18 19.87 22.35 25.61 29.08 30.89 30.80 29.89 27.92 24.09 23.68 20.79 20.48 17.11 16.68 14.69 15.53 15.48 16.43 18.97 19.99 19.86 19.02 19.79 20.70 19.49 19.63 22.10 22.11 23.87 25.37 25.02 25.22 26.75 27.25 25.89 25.71 25.99 26.21 26.96 27.58 29.81 30.54 28.90 26.50 26.39 26.95 24.41 22.08 23.20 24.19 21.79 21.80 23.78 24.75 23.90 25.57 27.57 27.69 27.93 29.49 30.41 30.67 29.97 29.09 27.09 26.82 26.90 26.15 24.65 24.60 25.09 24.90 24.08 24.46 25.28 25.71 25.03 25.35 26.19 27.26 27.38 27.29 29.23 30.43 30.46 
27.78 26.52 25.00 24.27 24.16 23.99 22.96 22.84 20.25 20.70 19.72 19.66 19.40 19.90 20.32 21.41 22.27 21.93 22.85 23.19 25.00 24.36 25.27 23.73 23.06 20.64 18.96 15.65 15.28 13.02 12.52 10.59 12.76 11.50 9.53 6.42 5.78 0.00 5.62 6.47 9.81 12.09 15.34 18.47 21.64 25.53 24.93 26.90 25.09 26.37 26.94 29.09 29.46 33.02 34.29 31.83 29.93 27.97 28.93 26.69 27.47 26.42 23.17 19.01 15.93 13.02 11.60 9.62 9.36 8.62 11.41 12.14 11.79 11.55 13.68 14.40 17.00 20.02 22.99 26.25 28.25 28.33 27.14 24.97 20.55 20.34 17.06 15.63 12.70 11.90 10.69 11.03 11.77 12.78 15.97 17.15 16.98 16.06 16.67 17.79 16.59 16.89 19.24 19.28 20.87 22.39 22.12 22.44 23.75 24.40 23.03 22.89 23.45 23.63 24.46 25.11 27.14 28.16 26.01 23.71 23.66 24.39 21.35 18.82 20.32 21.38 18.53 17.85 20.35 21.73 20.99 22.53 25.25 25.40 25.73 27.58 27.85 28.46 27.40 26.74 25.03 24.43 24.58 23.75 21.97 21.80 22.07 22.10 21.42 21.34 22.27 22.58 22.28 22.38 23.65 24.47 24.44 25.62 26.81 28.57 29.04 
26.41 25.37 24.24 23.46 22.71 22.77 21.64 21.39 18.87 19.23 18.19 17.65 17.68 17.96 18.46 19.39 20.52 20.58 21.68 21.61 23.43 22.98 24.22 22.22 21.08 18.89 17.93 14.64 14.47 12.44 12.48 11.51 13.16 13.05 11.25 9.02 7.74 5.62 0.00 5.80 7.53 10.30 12.08 15.50 18.91 21.83 21.80 24.40 22.39 24.08 24.08 27.29 28.12 31.31 32.26 29.65 27.93 25.71 25.55 23.35 24.10 23.45 20.24 17.11 13.11 10.49 9.45 8.09 8.93 7.79 11.69 12.02 12.00 9.86 13.01 12.16 15.47 17.71 21.23 24.32 26.77 26.46 25.47 22.53 18.80 18.92 15.16 14.38 10.93 11.31 9.09 10.02 10.32 11.98 15.57 16.90 16.29 15.34 15.64 16.76 15.37 15.56 17.62 17.49 19.19 20.58 20.21 20.48 22.01 22.24 21.16 21.02 21.48 21.53 22.43 22.89 25.14 25.59 24.15 21.62 21.88 22.23 19.49 17.16 18.68 19.36 16.56 16.12 18.79 19.82 18.83 20.49 23.18 23.64 23.98 25.54 26.50 26.70 25.80 25.14 23.56 23.04 22.97 21.78 20.30 19.78 20.38 20.03 19.42 19.68 20.68 21.06 20.55 20.91 22.04 23.07 23.30 24.10 26.02 26.91 27.66 
25.67 24.54 23.16 22.64 21.86 21.99 20.90 21.24 18.34 18.65 17.48 17.30 17.05 17.55 17.74 18.78 19.83 20.17 20.89 21.05 22.74 22.67 23.27 21.44 20.30 18.67 17.40 14.24 14.10 12.24 12.57 11.92 14.16 13.49 12.52 10.65 10.52 6.47 5.80 0.00 5.84 6.64 9.46 12.64 15.69 19.83 19.69 22.11 20.36 21.46 22.84 26.09 26.93 30.39 30.85 28.01 25.87 23.84 23.86 21.68 22.48 21.15 17.53 14.31 10.85 8.71 7.61 6.41 8.21 9.33 11.86 12.17 11.02 9.47 11.44 10.79 13.29 15.68 19.03 22.45 24.86 24.78 23.27 20.88 16.14 15.79 12.36 11.31 9.32 8.95 8.29 9.56 10.72 12.65 16.22 17.55 16.73 16.15 16.67 16.89 15.24 15.36 17.51 17.09 18.40 19.85 19.22 19.87 21.30 21.63 19.76 19.88 20.15 20.58 21.63 22.21 24.37 25.07 23.44 21.22 21.27 21.37 18.58 16.48 17.47 18.22 15.28 15.23 17.49 18.62 17.75 19.86 22.64 23.09 23.26 25.12 25.83 26.29 25.14 24.45 22.80 22.41 22.09 21.00 19.28 19.10 19.31 19.25 18.39 18.49 19.38 19.96 19.72 20.04 21.04 21.88 21.58 23.12 24.34 26.11 26.94 
25.35 24.58 23.14 22.11 21.67 22.05 21.17 20.61 18.09 18.40 17.19 16.61 16.39 16.72 16.97 18.08 19.22 19.47 20.04 20.11 22.10 21.48 22.23 20.28 19.47 17.53 16.66 13.66 13.81 12.47 13.31 12.67 15.88 15.44 14.96 13.49 13.33 9.81 7.53 5.84 0.00 5.62 6.68 10.49 13.10 17.26 17.61 19.96 18.47 20.30 20.68 23.50 24.87 28.64 29.37 26.06 23.79 21.18 21.54 19.39 20.14 18.44 15.60 12.64 9.24 7.50 8.42 7.21 10.59 10.78 14.06 12.85 12.87 10.16 12.11 10.57 12.87 14.79 17.75 20.51 23.20 22.57 21.17 18.70 14.65 15.15 10.78 11.24 8.73 9.75 8.43 11.14 12.58 14.14 17.18 18.72 18.27 17.33 17.70 17.90 16.19 15.64 17.76 17.24 18.55 19.09 18.48 18.89 20.81 20.26 18.82 18.72 19.20 19.42 20.63 21.26 23.95 24.23 22.94 20.75 21.11 21.09 18.59 16.06 17.29 17.69 15.27 14.91 16.95 17.99 17.34 19.20 22.16 22.49 22.77 24.44 25.35 25.72 24.86 23.96 22.44 21.89 21.63 20.19 18.74 18.30 18.77 18.27 17.42 17.83 18.56 19.10 18.76 19.37 20.71 21.29 20.78 22.32 24.51 25.70 26.17 
