4.34 7.97 9.43 10.45 11.83 13.89 15.00 15.87 17.92 20.28 20.71 20.71 22.67 24.84 25.35 24.96 25.80 26.25 27.12 27.90 28.68 28.71 28.42 28.38 28.26 28.26 29.15 29.23 29.97 30.35 29.86 28.25 26.47 26.27 26.22 26.07 25.93 26.25 26.46 27.26 28.41 28.69 29.34 28.96 29.79 30.00 30.51 30.22 29.53 30.20 29.91 30.92 31.87 32.11 31.23 30.93 28.97 29.16 28.64 28.76 28.06 28.81 29.01 30.09 29.90 29.90 30.18 29.59 29.51 29.75 31.00 30.75 31.66 32.50 32.89 32.79 31.97 32.16 32.34 31.83 31.32 31.93 32.06 31.93 30.97 31.03 30.98 30.74 30.06 30.99 31.11 31.63 31.68 33.41 33.47 33.25 31.45 31.61 30.83 30.95 29.61 29.60 29.14 29.32 29.26 29.37 29.79 30.07 31.04 30.36 30.25 30.91 29.54 27.33 26.76 26.56 26.27 24.63 23.83 25.22 27.58 26.78 
7.97 3.35 6.65 8.06 10.93 11.80 12.77 14.69 15.95 18.35 18.82 18.42 20.92 22.90 23.89 23.07 24.33 24.47 25.80 26.42 27.33 27.24 27.26 27.06 26.63 26.98 28.13 28.16 28.27 29.19 28.64 27.08 24.73 24.89 24.52 24.85 24.30 24.79 24.89 25.90 26.95 27.35 27.93 27.49 28.26 28.55 29.01 28.64 27.64 28.80 28.11 29.60 30.31 30.89 29.51 29.67 27.17 27.78 26.74 27.59 26.39 27.45 27.40 29.00 28.62 28.52 28.75 28.47 28.49 28.59 29.86 29.75 30.78 31.64 31.91 32.20 31.20 31.33 31.16 31.02 30.10 30.88 30.86 31.13 30.02 30.01 29.56 29.91 28.81 30.20 29.73 30.90 30.58 32.81 32.33 32.70 30.60 31.04 29.72 30.25 28.77 28.67 28.04 28.34 28.52 28.34 28.76 28.96 30.21 29.13 29.54 29.70 28.59 26.20 26.82 25.44 24.57 23.35 24.37 24.96 26.33 26.64 
9.43 6.65 2.16 5.39 9.54 10.07 10.15 11.81 13.66 15.32 16.03 15.63 17.57 19.90 21.11 20.65 21.62 21.90 23.48 24.13 24.86 24.94 25.23 24.66 23.97 24.50 26.42 25.98 26.05 26.86 27.05 24.91 22.65 22.37 22.28 22.31 21.92 22.36 22.77 23.40 24.53 24.94 26.09 25.09 25.94 26.06 26.87 25.83 25.00 25.89 25.70 26.79 27.81 28.15 27.23 26.99 24.83 25.11 24.36 25.01 24.10 25.06 25.28 26.93 26.88 26.66 27.16 26.48 26.65 26.59 28.22 27.93 29.30 29.98 30.64 30.54 29.78 29.60 29.84 29.13 28.24 28.79 29.09 29.00 27.88 27.89 27.72 27.70 26.81 27.96 27.82 28.85 28.95 31.04 30.86 31.03 29.27 29.34 28.09 28.35 27.20 26.95 26.41 26.52 26.96 26.44 27.11 26.99 28.56 27.29 27.37 27.89 27.52 24.86 24.47 24.77 25.07 22.77 23.77 24.40 26.70 26.56 
10.45 8.06 5.39 0.86 6.42 8.28 7.95 8.90 10.95 13.56 13.51 13.18 15.04 16.98 18.81 18.42 19.51 20.08 21.81 22.48 23.10 23.47 23.99 23.35 22.33 23.12 24.93 24.38 23.97 25.10 25.19 23.06 20.21 20.47 20.29 20.28 19.35 20.13 20.54 21.34 22.12 22.78 23.65 23.07 23.83 24.36 25.05 24.54 23.27 24.67 24.16 25.57 26.13 26.79 25.48 25.62 23.06 23.55 22.30 23.53 22.45 23.55 23.45 25.40 25.39 25.40 25.69 25.46 25.65 25.56 26.90 26.79 28.02 28.82 29.26 29.61 28.76 28.54 28.33 27.95 26.99 27.62 27.62 27.87 26.65 26.61 26.22 26.55 25.43 26.82 26.41 27.80 27.69 29.90 29.28 29.74 27.90 28.12 26.37 26.88 25.55 25.57 24.68 24.97 25.40 25.12 25.52 25.71 27.15 26.13 26.01 26.76 26.21 23.82 24.25 22.11 22.24 20.59 23.77 22.10 24.35 25.67 
11.83 10.93 9.54 6.42 2.16 6.51 6.99 8.27 9.02 12.75 13.84 13.18 14.97 17.70 18.80 18.28 19.57 20.46 21.81 22.96 23.68 24.24 24.11 24.14 23.48 24.23 25.35 25.22 25.12 26.44 26.11 23.85 21.30 20.90 20.58 20.17 19.57 19.99 20.25 20.95 21.91 22.45 23.30 22.95 24.50 24.75 25.25 24.60 23.84 25.02 24.67 25.97 27.37 27.61 26.56 26.04 23.64 23.48 22.45 23.20 22.45 23.21 22.94 24.70 24.56 24.51 24.88 24.36 24.74 24.63 26.06 25.62 26.83 27.83 28.56 28.50 27.93 27.61 27.48 26.87 26.18 26.81 27.20 27.25 26.56 26.45 26.24 26.08 25.26 26.84 26.86 27.72 27.43 30.06 29.80 29.83 27.96 27.92 26.37 26.43 24.79 24.78 24.03 24.36 24.71 24.59 24.91 25.16 26.19 25.48 25.14 25.95 25.32 23.61 23.83 22.60 23.23 24.27 24.33 22.05 23.51 26.67 
13.89 11.80 10.07 8.28 6.51 1.47 6.11 7.28 7.92 10.24 11.95 12.45 14.00 16.53 17.82 17.56 18.42 19.30 20.70 22.11 23.20 23.92 23.79 23.61 22.96 23.90 25.48 25.38 25.06 26.77 26.24 24.09 20.83 20.86 20.00 20.17 19.04 19.94 19.82 20.78 21.58 22.10 22.81 22.57 24.02 24.24 24.57 24.07 23.14 24.71 24.00 25.63 26.94 27.48 25.95 25.96 22.77 23.15 21.50 22.95 21.95 22.88 22.33 24.30 24.24 24.00 24.49 23.89 24.37 24.12 25.76 25.36 26.82 27.66 28.24 28.44 27.79 27.21 26.88 26.47 25.70 26.39 26.47 26.84 26.17 25.96 25.59 25.60 24.75 26.42 26.37 27.47 27.36 29.81 29.60 29.71 28.00 27.77 26.02 26.30 24.83 24.58 23.73 24.01 24.48 23.96 24.45 24.54 26.19 25.00 24.81 25.83 25.42 23.04 23.65 22.09 23.02 22.72 23.37 22.55 24.26 26.61 
15.00 12.77 10.15 7.95 6.99 6.11 1.33 5.85 6.59 8.05 8.22 9.72 12.13 13.73 14.52 14.94 16.11 16.44 17.82 19.15 20.40 20.96 21.06 20.85 19.95 21.17 23.04 23.03 22.81 24.53 24.41 21.95 19.26 18.83 18.45 17.91 17.27 17.59 17.71 18.35 19.18 19.79 20.66 20.27 21.94 21.94 22.32 21.51 20.89 22.07 21.58 22.89 24.60 25.01 23.81 23.36 20.59 20.58 19.30 20.27 19.69 20.28 19.71 21.68 21.62 21.52 22.14 21.65 22.25 22.07 23.70 23.37 24.72 25.64 26.23 26.56 26.07 25.48 25.08 24.50 23.67 24.06 24.16 24.38 23.90 23.59 23.27 23.27 22.40 23.98 23.93 25.16 25.09 27.70 27.43 27.95 26.35 26.14 24.26 24.50 23.28 22.91 22.03 22.33 22.84 22.32 22.49 22.89 24.49 23.21 22.57 23.82 23.69 21.51 21.71 21.27 21.98 22.55 21.41 21.32 23.13 25.65 
15.87 14.69 11.81 8.90 8.27 7.28 5.85 0.00 5.71 7.55 7.90 8.03 11.18 13.61 13.94 14.32 15.99 16.35 17.60 19.13 20.19 21.17 21.02 20.84 19.78 20.66 22.56 22.51 22.22 24.40 23.88 21.47 18.10 18.16 17.53 17.43 16.32 17.48 17.18 18.42 19.01 19.93 20.14 20.11 21.45 22.11 22.10 22.00 20.66 22.69 21.64 23.46 24.41 25.49 23.46 23.74 20.22 20.74 18.66 20.52 19.39 20.66 19.57 22.07 21.75 21.88 22.19 21.94 22.12 22.28 23.81 23.51 24.68 25.68 26.10 26.48 25.69 25.41 24.91 24.61 23.60 24.35 23.96 24.61 23.65 23.93 23.22 23.87 22.57 24.79 24.19 25.77 25.35 28.18 27.57 28.02 26.07 26.36 24.12 24.53 22.95 22.95 21.80 22.08 22.29 22.03 22.30 22.67 24.45 23.20 22.71 24.41 24.12 21.85 22.07 20.68 21.72 21.48 21.37 20.48 22.89 25.85 
17.92 15.95 13.66 10.95 9.02 7.92 6.59 5.71 0.00 6.26 6.90 7.00 8.32 12.22 13.50 14.01 15.36 16.13 17.33 18.39 19.29 20.07 19.87 19.34 18.85 19.64 21.22 20.85 21.17 23.16 23.11 20.35 17.71 17.30 16.93 16.40 15.84 16.37 16.55 17.43 18.26 19.14 20.14 19.58 21.45 21.96 22.51 21.77 20.52 22.38 21.91 23.40 25.03 25.49 23.96 23.46 20.38 20.31 18.69 20.15 19.58 20.65 19.66 21.89 21.84 21.65 22.41 21.83 22.28 22.45 23.55 23.24 24.17 25.45 25.96 26.36 25.30 25.24 24.37 24.25 23.22 24.02 23.98 24.60 23.97 24.03 23.41 23.77 22.66 25.07 24.65 26.02 25.47 28.42 28.06 28.16 26.16 26.38 24.13 24.45 22.50 22.59 21.33 21.91 21.84 22.10 21.89 22.43 23.46 22.81 22.31 23.35 22.93 20.67 21.21 19.64 20.26 20.22 20.66 20.58 23.01 25.52 
20.28 18.35 15.32 13.56 12.75 10.24 8.05 7.55 6.26 0.03 6.41 7.37 8.94 10.62 12.75 14.21 15.46 15.75 17.13 18.38 19.32 20.28 20.41 19.91 19.43 20.32 22.27 21.88 22.26 24.27 24.36 22.24 19.09 19.08 18.60 18.19 17.17 18.09 18.29 19.37 19.89 20.83 21.59 21.55 23.30 23.61 23.92 23.51 22.48 24.31 23.64 25.46 26.95 27.53 25.78 25.65 22.16 22.14 20.41 22.01 21.43 22.28 21.23 23.55 23.31 23.26 24.04 23.26 23.99 23.84 25.43 24.94 25.97 27.30 27.79 28.32 27.40 26.94 26.17 25.91 24.98 25.89 25.80 26.41 25.99 25.93 25.28 25.61 24.77 26.93 26.59 27.94 27.55 30.37 29.73 30.06 28.23 28.21 26.01 26.33 24.39 24.36 23.19 23.51 23.56 23.58 23.61 23.92 25.24 24.32 24.20 25.00 24.84 22.21 23.12 21.10 22.70 21.29 22.42 21.77 24.97 26.09 
20.71 18.82 16.03 13.51 13.84 11.95 8.22 7.90 6.90 6.41 0.41 6.04 8.18 8.77 11.12 12.09 13.18 13.88 16.14 16.55 16.81 17.92 18.32 18.35 17.49 18.66 20.83 20.86 21.22 23.41 23.69 21.29 18.56 18.21 18.09 17.30 16.70 17.25 17.77 18.51 19.03 19.78 20.81 20.76 22.72 22.82 23.07 22.73 21.81 23.33 22.65 24.51 26.42 26.82 25.18 24.57 21.36 21.27 19.76 21.01 20.51 21.37 20.41 22.55 22.46 22.31 23.17 22.35 22.86 23.08 24.31 24.04 25.25 26.69 27.01 27.68 26.59 26.24 25.03 24.89 23.99 24.88 24.52 25.32 24.93 24.86 24.18 24.65 23.87 25.84 25.20 26.81 26.57 29.43 28.90 29.33 27.43 27.40 25.06 25.57 23.73 23.73 22.42 22.91 22.83 22.88 22.75 23.19 24.47 23.55 23.11 24.05 23.87 21.41 21.91 20.45 21.62 20.75 21.88 21.12 24.17 25.49 
20.71 18.42 15.63 13.18 13.18 12.45 9.72 8.03 7.00 7.37 6.04 0.00 6.70 8.56 9.01 9.68 11.00 12.34 13.67 14.96 15.05 15.64 16.03 16.14 15.73 16.75 18.91 18.87 19.15 21.57 21.95 19.68 16.74 16.94 16.45 16.13 15.13 16.31 16.35 17.27 17.37 18.57 19.26 19.08 20.53 21.23 21.46 21.11 19.84 21.81 21.14 23.02 24.47 25.29 23.42 23.16 19.84 19.97 18.24 19.80 19.10 20.01 18.84 21.16 21.02 21.18 21.76 21.15 21.78 21.56 23.13 22.54 23.71 25.20 25.51 26.16 25.18 24.49 23.71 23.35 22.60 23.40 23.16 23.89 23.59 23.56 23.00 23.60 22.84 24.82 24.50 25.78 25.50 28.32 27.77 28.07 26.09 26.06 23.98 24.02 22.21 22.08 21.03 21.31 21.43 21.25 21.30 21.65 23.07 22.09 21.94 23.03 22.84 19.92 20.87 19.29 20.58 19.47 20.89 20.29 22.88 24.66 
22.67 20.92 17.57 15.04 14.97 14.00 12.13 11.18 8.32 8.94 8.18 6.70 0.00 8.08 8.64 10.18 10.74 12.19 14.35 16.17 16.42 16.38 15.70 16.25 16.48 17.57 19.35 20.13 21.10 23.45 23.77 22.00 19.19 19.00 18.45 18.12 17.28 17.91 18.15 18.82 19.04 20.26 21.18 20.57 21.90 22.93 23.53 22.94 21.36 23.44 23.04 24.78 26.02 26.92 25.40 25.16 21.98 21.96 20.25 21.67 20.74 21.68 20.50 23.01 23.28 23.23 23.53 23.20 23.78 23.90 24.72 24.41 25.65 27.34 27.51 28.17 26.80 26.65 25.48 25.31 24.35 25.39 25.16 26.10 25.58 25.98 25.14 26.03 25.14 27.48 26.58 28.24 27.60 30.82 29.90 30.39 28.18 28.49 25.92 26.23 23.95 24.12 22.57 23.17 23.28 23.35 23.07 23.64 24.80 24.50 23.95 25.09 24.35 22.35 22.83 21.43 21.63 21.19 22.75 21.10 22.97 23.66 
24.84 22.90 19.90 16.98 17.70 16.53 13.73 13.61 12.22 10.62 8.77 8.56 8.08 0.00 6.88 8.52 9.63 10.59 11.87 14.20 15.14 15.53 13.80 14.96 16.35 17.85 20.07 20.66 21.80 24.20 24.84 23.20 20.48 20.26 19.70 19.35 18.30 19.09 19.28 20.20 20.08 21.40 22.04 22.13 23.34 24.29 24.37 24.44 23.38 25.19 24.51 26.61 27.94 28.66 26.77 26.76 23.58 23.58 21.70 23.10 22.32 23.28 21.98 24.55 24.63 24.78 25.12 24.84 25.71 25.51 26.71 26.22 27.44 29.06 29.26 29.92 28.75 28.27 27.22 26.93 25.96 27.00 26.80 27.75 27.53 27.54 26.95 27.89 27.30 29.08 28.48 29.96 29.84 32.35 31.55 31.80 29.99 29.77 27.62 27.59 25.68 25.50 24.26 24.52 24.75 24.66 24.45 24.93 26.68 25.83 25.47 26.50 26.32 23.40 24.31 22.81 24.29 22.79 23.60 22.58 24.55 25.27 
25.35 23.89 21.11 18.81 18.80 17.82 14.52 13.94 13.50 12.75 11.12 9.01 8.64 6.88 1.23 7.23 7.74 9.32 11.46 12.91 14.08 14.82 13.82 14.34 15.71 17.18 19.78 21.13 22.39 25.09 25.36 23.57 21.07 20.74 19.63 18.94 18.23 18.98 19.14 19.72 19.74 20.82 21.59 21.63 23.34 23.88 23.90 24.12 23.44 25.16 24.31 26.52 28.36 28.78 26.76 26.72 23.83 23.70 21.75 22.78 22.04 23.14 22.26 24.38 24.66 24.55 25.17 24.89 25.63 25.88 26.70 26.57 27.76 29.14 29.23 29.87 28.77 28.57 27.19 26.89 25.99 26.89 26.47 27.65 27.45 27.64 26.66 27.99 27.37 29.26 27.89 29.96 29.76 32.36 31.06 31.86 29.91 29.91 27.27 27.74 25.60 25.65 24.10 24.75 24.60 24.70 24.17 24.86 26.35 25.57 24.81 26.25 26.03 23.58 23.69 22.69 23.95 23.09 23.75 22.70 25.15 24.94 
24.96 23.07 20.65 18.42 18.28 17.56 14.94 14.32 14.01 14.21 12.09 9.68 10.18 8.52 7.23 0.00 7.00 8.55 9.47 11.27 12.48 13.39 13.32 13.85 13.77 14.89 18.26 19.94 21.35 24.02 24.23 22.61 20.04 19.75 18.40 17.67 16.95 18.07 17.93 18.22 17.89 19.43 19.97 19.75 20.71 21.80 21.89 21.92 20.62 22.66 22.04 24.22 25.77 26.76 24.52 24.69 21.53 21.80 19.83 21.11 20.16 21.57 20.46 22.85 22.81 23.07 23.41 23.55 24.22 24.25 25.18 25.13 26.20 27.74 27.60 28.48 27.26 26.81 25.59 25.56 24.56 25.70 25.10 26.39 25.94 26.25 25.17 26.36 25.78 27.62 26.46 28.10 27.98 30.72 29.46 29.76 27.90 27.73 25.40 25.63 23.66 23.55 22.34 22.88 23.10 23.01 22.72 23.46 24.93 24.27 23.66 25.05 24.80 21.68 22.51 21.32 22.90 21.86 22.75 22.38 24.77 25.64 
25.80 24.33 21.62 19.51 19.57 18.42 16.11 15.99 15.36 15.46 13.18 11.00 10.74 9.63 7.74 7.00 0.00 6.72 7.69 9.21 11.22 12.15 12.34 13.35 13.49 14.03 17.39 19.71 21.69 24.75 25.15 23.87 21.27 20.87 19.36 19.05 17.96 18.51 18.72 18.58 18.03 19.12 20.01 19.15 19.86 20.93 21.64 21.24 19.82 21.94 21.75 23.58 25.13 26.05 24.40 24.25 21.21 21.39 19.76 20.87 19.89 21.25 20.75 22.86 23.20 22.88 23.54 23.40 24.50 24.25 24.94 24.96 26.42 27.61 27.92 28.33 27.20 26.83 25.68 25.41 24.59 25.55 25.53 26.40 26.11 26.15 25.34 26.36 25.52 27.64 26.56 28.14 27.91 30.56 29.77 29.87 27.86 27.90 25.61 25.86 23.71 23.69 22.27 22.92 23.04 23.22 23.01 23.51 25.10 24.51 24.03 25.25 24.90 22.64 23.27 22.11 22.61 22.82 23.67 23.22 25.60 26.45 
26.25 24.47 21.90 20.08 20.46 19.30 16.44 16.35 16.13 15.75 13.88 12.34 12.19 10.59 9.32 8.55 6.72 0.00 6.09 7.74 8.96 10.81 11.11 13.10 13.81 14.52 16.50 19.08 21.39 24.32 24.65 23.36 20.53 19.91 18.90 17.90 16.94 17.71 17.95 18.36 17.60 18.75 19.51 18.96 19.44 20.56 20.81 20.71 19.47 21.48 21.12 23.24 24.86 25.83 24.05 23.94 20.82 21.15 19.43 20.56 19.62 20.91 20.16 22.58 22.50 22.60 23.14 23.18 24.27 23.91 25.01 24.78 26.12 27.19 27.46 27.88 26.94 26.25 25.13 25.02 24.28 25.31 25.05 26.02 25.86 25.91 25.17 26.17 25.54 27.42 26.46 27.86 27.70 30.12 29.09 29.19 27.38 27.21 25.02 25.09 23.07 22.94 21.85 22.32 22.67 22.50 22.56 23.08 24.89 24.04 23.73 24.54 24.57 21.49 22.60 21.27 22.99 22.01 23.12 22.98 25.40 26.37 
27.12 25.80 23.48 21.81 21.81 20.70 17.82 17.60 17.33 17.13 16.14 13.67 14.35 11.87 11.46 9.47 7.69 6.09 0.00 5.96 7.31 8.93 11.11 12.30 13.43 14.38 16.79 18.43 20.30 23.82 24.63 23.29 20.77 20.23 18.84 17.87 17.03 18.17 18.78 19.09 18.71 19.65 20.54 19.73 20.68 21.33 21.51 21.43 20.52 22.29 21.75 23.97 25.74 26.54 24.63 24.60 21.63 21.79 20.02 20.95 20.19 21.57 21.15 23.24 23.66 23.43 24.27 24.03 24.98 24.87 25.88 25.56 26.90 27.83 28.00 28.32 27.56 26.94 25.87 25.45 25.06 25.63 25.56 26.63 26.60 26.46 25.59 26.70 26.35 27.92 26.75 28.40 28.42 30.69 29.49 29.76 28.02 27.82 25.47 25.61 23.58 23.46 22.39 22.97 23.08 23.14 23.07 23.69 25.28 24.36 23.76 24.98 24.91 21.97 22.37 21.71 22.89 22.12 23.35 22.71 25.58 25.65 
27.90 26.42 24.13 22.48 22.96 22.11 19.15 19.13 18.39 18.38 16.55 14.96 16.17 14.20 12.91 11.27 9.21 7.74 5.96 0.00 6.13 7.99 9.22 11.42 12.44 14.20 17.19 19.12 20.05 24.18 24.85 24.15 21.00 21.12 19.54 18.52 17.28 18.71 19.01 19.55 19.39 20.64 20.98 20.23 20.60 21.78 21.60 21.47 19.66 21.79 21.28 23.62 25.49 26.70 24.75 24.54 21.21 21.93 20.05 21.19 20.35 22.15 21.37 23.92 24.11 24.25 24.59 24.74 25.55 25.40 26.37 26.23 27.58 28.91 28.81 29.30 28.01 27.40 26.46 26.25 25.46 26.54 26.15 27.32 26.94 26.98 26.12 26.93 26.36 28.12 27.08 28.35 28.44 30.84 29.73 29.70 27.96 27.59 25.41 25.58 23.88 23.74 22.80 23.50 24.08 24.00 23.79 24.46 26.12 25.19 24.68 25.83 25.49 22.22 23.12 22.15 23.65 22.33 23.16 22.87 25.59 26.30 
28.68 27.33 24.86 23.10 23.68 23.20 20.40 20.19 19.29 19.32 16.81 15.05 16.42 15.14 14.08 12.48 11.22 8.96 7.31 6.13 0.00 5.71 7.47 9.90 11.35 13.49 17.01 18.28 20.54 22.67 23.53 23.16 20.95 20.38 19.12 18.31 17.71 18.26 18.91 19.37 19.78 20.72 21.42 19.91 20.20 20.92 21.36 20.81 18.92 20.93 20.58 22.52 24.50 25.59 24.03 23.88 20.50 21.13 19.52 20.61 19.58 21.54 21.47 23.94 24.48 24.19 24.96 24.99 25.95 25.62 26.69 26.41 28.10 29.16 29.43 29.51 28.35 27.93 27.12 26.63 25.96 26.77 26.89 27.67 27.29 27.28 26.53 27.12 26.44 28.22 27.18 28.54 28.22 30.52 29.56 29.70 27.94 27.75 25.36 25.91 24.23 24.14 22.96 23.91 24.78 24.55 24.44 24.78 26.42 25.53 25.17 26.10 26.06 23.22 23.59 22.70 23.36 22.86 24.28 22.74 25.66 25.87 
28.71 27.24 24.94 23.47 24.24 23.92 20.96 21.17 20.07 20.28 17.92 15.64 16.38 15.53 14.82 13.39 12.15 10.81 8.93 7.99 5.71 0.00 5.62 7.76 9.76 11.92 14.48 17.38 19.19 22.12 21.62 21.83 19.06 19.50 18.50 17.61 17.06 18.42 19.26 20.03 20.47 21.38 22.06 20.80 20.88 21.45 21.54 20.80 18.37 20.54 19.38 22.10 23.69 24.99 23.05 23.21 19.72 20.84 18.97 20.69 19.60 22.02 21.92 24.58 24.65 24.86 25.41 25.62 26.22 26.15 27.34 27.17 28.62 29.57 29.58 29.95 28.49 27.94 26.85 26.78 26.01 27.35 26.52 27.69 27.12 27.02 26.10 26.77 25.80 27.75 26.65 28.16 27.74 30.14 28.91 29.31 27.45 27.23 25.14 25.51 24.09 24.02 23.35 24.06 24.75 24.55 24.65 25.14 26.66 25.99 25.46 26.35 25.75 22.85 23.60 22.34 23.65 22.59 23.30 22.81 25.10 26.07 
28.42 27.26 25.23 23.99 24.11 23.79 21.06 21.02 19.87 20.41 18.32 16.03 15.70 13.80 13.82 13.32 12.34 11.11 11.11 9.22 7.47 5.62 0.00 6.03 7.76 10.08 11.77 14.34 17.04 18.77 19.21 18.56 16.91 16.64 16.38 16.07 15.39 17.81 19.39 20.32 20.72 22.05 22.41 20.85 21.04 21.26 21.07 19.71 18.15 19.04 18.44 19.97 22.13 22.81 21.23 21.07 17.88 18.47 16.90 18.57 18.19 20.98 21.82 24.37 24.72 24.77 25.70 25.13 25.82 26.00 27.08 26.90 28.09 29.00 28.93 29.29 27.83 27.48 26.32 26.34 25.54 26.15 25.69 26.64 26.29 25.86 24.72 25.38 24.53 26.18 25.07 26.76 26.52 28.90 28.11 28.33 26.48 26.62 24.44 24.95 23.22 23.49 22.79 23.70 24.01 23.97 24.07 24.70 25.93 25.10 24.92 25.54 24.97 22.26 22.43 21.47 22.00 21.07 23.17 22.00 24.33 24.74 
28.38 27.06 24.66 23.35 24.14 23.61 20.85 20.84 19.34 19.91 18.35 16.14 16.25 14.96 14.34 13.85 13.35 13.10 12.30 11.42 9.90 7.76 6.03 0.00 6.40 8.12 9.54 11.59 14.04 16.87 17.21 16.83 14.64 15.13 15.41 15.48 15.74 17.18 19.06 19.94 20.77 21.62 22.19 20.67 20.59 21.04 20.51 18.88 16.35 17.86 16.61 18.66 20.57 21.60 19.51 18.97 16.22 17.17 15.63 17.59 17.59 20.18 20.96 24.05 24.37 24.59 25.24 25.01 25.67 25.64 26.88 26.40 27.76 28.54 28.52 28.94 27.55 26.98 25.96 26.05 25.24 25.98 25.38 26.17 25.90 25.04 23.82 24.18 23.29 24.91 23.79 25.35 25.43 27.64 26.63 26.91 25.47 25.38 23.21 23.87 22.89 22.78 22.42 22.97 23.76 23.47 23.74 24.31 25.75 24.61 24.09 25.07 24.58 21.33 22.08 21.00 21.82 20.60 22.21 22.25 24.31 25.51 
28.26 26.63 23.97 22.33 23.48 22.96 19.95 19.78 18.85 19.43 17.49 15.73 16.48 16.35 15.71 13.77 13.49 13.81 13.43 12.44 11.35 9.76 7.76 6.40 0.00 6.09 7.19 9.74 11.40 14.07 14.59 14.04 12.96 12.54 13.87 14.26 15.53 17.24 18.74 20.33 21.05 21.85 22.33 20.54 20.09 19.87 20.04 17.75 15.53 15.92 15.62 16.67 18.76 19.25 17.76 16.96 14.00 14.98 13.91 16.11 16.05 19.10 20.04 23.75 24.27 24.45 25.20 24.85 25.25 25.30 26.25 26.14 27.21 28.29 28.18 28.71 27.11 26.82 25.46 25.69 24.85 25.68 25.01 26.00 25.37 24.54 23.06 23.38 22.24 23.51 22.43 24.20 24.02 26.16 25.11 25.65 24.18 24.27 21.93 22.99 22.15 22.39 21.42 22.50 23.14 23.35 23.27 23.95 25.07 24.24 23.59 24.42 24.11 21.45 21.32 20.38 20.46 20.34 21.27 21.59 23.53 25.13 
28.26 26.98 24.50 23.12 24.23 23.90 21.17 20.66 19.64 20.32 18.66 16.75 17.57 17.85 17.18 14.89 14.03 14.52 14.38 14.20 13.49 11.92 10.08 8.12 6.09 0.00 6.10 7.62 9.94 11.64 12.87 12.80 11.96 12.16 13.14 14.20 15.75 17.80 20.01 21.69 22.39 23.03 23.56 21.79 21.08 21.03 20.55 18.46 15.32 16.03 14.74 16.69 17.93 18.46 16.53 16.30 13.65 14.88 14.27 16.40 16.98 20.47 21.98 25.25 25.67 25.96 26.53 26.29 26.58 26.69 27.83 27.34 28.56 29.21 29.41 29.37 28.28 27.56 26.27 26.58 25.97 26.65 25.77 26.40 26.07 25.02 23.51 23.42 22.00 23.42 22.52 23.80 23.33 25.49 25.07 25.53 23.81 23.87 22.24 23.13 22.25 22.44 22.42 23.28 24.08 24.02 24.37 25.01 26.29 25.30 24.79 25.49 24.95 21.69 21.93 20.83 21.43 20.17 21.72 22.07 23.61 25.19 
29.15 28.13 26.42 24.93 25.35 25.48 23.04 22.56 21.22 22.27 20.83 18.91 19.35 20.07 19.78 18.26 17.39 16.50 16.79 17.19 17.01 14.48 11.77 9.54 7.19 6.10 0.00 6.20 7.53 10.54 12.23 12.93 12.24 12.98 14.52 15.35 16.57 19.49 22.15 24.10 24.74 25.40 26.08 24.31 23.72 23.10 22.58 19.72 17.56 17.14 16.06 16.67 17.93 17.84 16.54 16.29 14.23 15.57 15.26 17.81 18.63 23.07 25.21 28.36 28.75 28.94 29.60 28.56 28.49 28.89 30.00 29.57 30.35 31.15 31.04 31.41 29.75 29.62 28.17 28.57 27.62 28.31 27.41 28.15 27.23 26.34 24.61 24.23 22.76 23.91 23.04 24.25 23.34 26.09 25.94 26.52 24.51 24.87 23.59 24.35 23.21 23.73 23.74 24.85 25.70 25.68 26.41 26.78 27.93 26.98 26.81 27.24 26.56 23.58 23.08 21.90 21.99 20.97 22.34 21.80 23.75 24.83 
29.23 28.16 25.98 24.38 25.22 25.38 23.03 22.51 20.85 21.88 20.86 18.87 20.13 20.66 21.13 19.94 19.71 19.08 18.43 19.12 18.28 17.38 14.34 11.59 9.74 7.62 6.20 0.00 6.01 8.08 9.67 11.64 12.52 13.17 15.19 16.43 17.65 20.00 23.33 25.01 25.60 26.50 27.08 25.01 24.25 24.11 23.27 20.44 17.08 18.33 15.84 16.68 17.38 17.52 15.40 15.70 13.83 15.95 15.96 18.93 19.91 23.85 26.47 29.39 29.44 29.91 30.58 29.70 29.29 29.67 30.63 29.83 30.61 31.48 31.57 31.98 30.17 29.88 28.92 29.13 28.25 29.12 28.34 29.22 28.10 27.01 25.31 24.93 23.27 24.23 23.25 24.41 23.94 26.26 25.77 26.43 24.46 24.81 23.08 24.31 23.56 24.09 24.26 25.27 26.50 26.82 27.16 27.78 28.81 28.39 27.76 28.53 27.36 23.95 23.82 22.25 22.62 20.91 22.17 22.13 24.04 25.13 
29.97 28.27 26.05 23.97 25.12 25.06 22.81 22.22 21.17 22.26 21.22 19.15 21.10 21.80 22.39 21.35 21.69 21.39 20.30 20.05 20.54 19.19 17.04 14.04 11.40 9.94 7.53 6.01 0.00 5.96 7.01 10.18 11.54 14.22 15.53 17.16 19.35 21.25 24.09 25.90 26.98 28.05 28.24 25.97 25.29 24.95 24.27 21.38 18.11 18.07 16.27 16.28 15.97 15.80 14.41 14.39 12.89 15.60 16.67 19.60 20.62 24.81 27.02 30.40 30.53 31.14 32.10 30.84 30.26 30.22 31.36 30.43 31.27 31.91 32.57 32.70 30.80 30.50 29.57 29.92 28.93 29.63 29.15 30.08 28.89 27.79 26.24 26.13 24.28 24.84 23.46 24.77 23.96 26.10 25.32 26.35 24.93 25.23 23.11 24.54 24.04 24.57 24.62 25.74 27.41 27.55 28.33 28.73 30.14 29.34 29.19 29.40 28.52 25.39 24.64 22.61 22.55 21.84 22.84 21.49 24.00 24.67 
30.35 29.19 26.86 25.10 26.44 26.77 24.53 24.40 23.16 24.27 23.41 21.57 23.45 24.20 25.09 24.02 24.75 24.32 23.82 24.18 22.67 22.12 18.77 16.87 14.07 11.64 10.54 8.08 5.96 0.00 6.03 8.04 10.44 12.89 16.46 18.16 20.82 23.43 26.14 28.01 29.53 29.75 30.73 27.97 27.21 26.57 25.89 23.06 19.14 19.76 16.97 17.43 16.33 15.79 13.69 14.54 13.28 16.38 17.79 20.57 22.10 25.92 28.72 31.63 31.97 32.14 33.02 32.04 31.48 31.42 32.39 31.60 32.46 33.20 33.51 33.69 32.13 31.76 30.86 31.08 30.45 31.02 30.44 31.07 30.48 28.92 27.36 26.55 24.98 25.74 24.48 25.25 24.29 26.67 26.52 27.35 25.93 26.09 24.59 25.77 25.30 25.70 26.03 27.14 28.84 28.75 30.05 30.20 31.84 30.96 30.88 31.15 30.27 26.62 26.46 24.08 24.31 23.07 23.55 22.87 24.70 25.55 
29.86 28.64 27.05 25.19 26.11 26.24 24.41 23.88 23.11 24.36 23.69 21.95 23.77 24.84 25.36 24.23 25.15 24.65 24.63 24.85 23.53 21.62 19.21 17.21 14.59 12.87 12.23 9.67 7.01 6.03 0.00 6.17 7.60 11.07 13.32 16.96 19.41 22.16 24.81 26.82 28.22 29.66 30.17 27.51 25.82 25.69 24.97 21.99 18.48 18.33 15.86 15.26 15.44 14.34 12.15 12.57 12.21 14.37 15.87 18.55 20.80 24.62 27.57 30.57 30.91 31.62 32.30 31.09 30.49 30.54 31.53 30.81 31.62 32.44 32.74 33.11 31.34 31.40 30.12 30.67 29.78 30.43 29.52 30.51 29.47 28.22 25.84 25.35 23.71 24.50 23.29 23.91 22.95 25.86 25.47 26.46 24.72 25.26 23.48 24.50 23.55 23.92 24.43 25.92 27.49 27.68 28.72 29.08 30.59 29.69 29.46 30.08 29.44 26.17 25.83 23.30 23.57 22.69 24.15 22.64 24.48 24.92 
28.25 27.08 24.91 23.06 23.85 24.09 21.95 21.47 20.35 22.24 21.29 19.68 22.00 23.20 23.57 22.61 23.87 23.36 23.29 24.15 23.16 21.83 18.56 16.83 14.04 12.80 12.93 11.64 10.18 8.04 6.17 0.00 6.18 8.22 10.68 13.61 17.13 19.89 22.93 25.52 25.84 27.35 27.91 25.23 24.07 23.50 23.07 19.89 15.88 16.04 12.80 13.22 13.19 12.74 9.78 10.25 9.90 11.72 12.83 16.23 18.05 21.68 24.90 28.22 28.40 29.38 29.98 28.81 28.23 28.32 29.37 28.46 29.53 30.16 30.75 30.78 29.39 29.10 27.93 28.31 27.71 28.33 27.61 28.53 27.70 26.18 24.44 23.68 21.96 22.27 21.31 21.76 21.72 24.07 24.30 24.43 23.07 22.69 21.28 22.07 21.61 21.75 21.96 23.67 25.48 25.50 26.73 27.27 29.00 27.87 27.69 28.42 27.65 23.81 23.76 21.18 21.54 20.56 22.19 21.92 23.66 24.78 
26.47 24.73 22.65 20.21 21.30 20.83 19.26 18.10 17.71 19.09 18.56 16.74 19.19 20.48 21.07 20.04 21.27 20.53 20.77 21.00 20.95 19.06 16.91 14.64 12.96 11.96 12.24 12.52 11.54 10.44 7.60 6.18 0.00 6.62 7.07 11.08 13.35 17.05 19.60 21.75 22.75 23.21 23.76 21.67 21.03 20.51 19.75 16.29 12.62 12.17 9.88 10.46 11.92 11.13 9.03 9.66 7.98 8.98 9.82 12.44 14.57 17.34 20.29 23.77 24.29 25.29 26.11 25.29 24.47 24.86 25.97 25.52 26.13 27.01 27.62 27.97 25.79 25.76 24.97 25.44 24.74 25.03 24.44 25.61 24.60 23.57 21.84 21.53 19.91 20.21 18.97 19.76 19.83 22.39 21.52 22.23 20.62 20.50 18.61 19.40 18.68 18.65 18.63 20.40 21.97 22.12 23.23 24.29 25.45 24.63 24.32 25.13 24.04 21.43 21.05 18.85 18.93 19.37 20.44 20.38 22.12 24.17 
26.27 24.89 22.37 20.47 20.90 20.86 18.83 18.16 17.30 19.08 18.21 16.94 19.00 20.26 20.74 19.75 20.87 19.91 20.23 21.12 20.38 19.50 16.64 15.13 12.54 12.16 12.98 13.17 14.22 12.89 11.07 8.22 6.62 0.00 6.79 8.09 12.12 14.75 18.17 20.20 21.52 22.78 23.09 19.91 19.61 19.13 18.48 15.48 11.12 11.71 9.29 11.20 12.70 12.86 11.10 11.37 8.57 8.24 9.11 11.10 12.60 16.10 18.34 22.42 22.59 23.95 24.26 23.73 23.23 23.64 24.51 24.05 25.06 26.18 26.48 26.47 24.66 24.56 23.54 23.78 23.30 24.14 23.04 23.90 23.32 22.45 20.64 20.21 18.87 19.60 18.55 19.00 19.08 21.72 21.73 22.07 20.55 20.34 18.48 19.03 18.20 18.56 18.18 19.87 21.50 21.84 22.75 23.04 24.92 24.00 23.77 24.61 23.98 20.74 20.64 18.69 18.90 18.68 20.18 20.72 22.14 23.92 
26.22 24.52 22.28 20.29 20.58 20.00 18.45 17.53 16.93 18.60 18.09 16.45 18.45 19.70 19.63 18.40 19.36 18.90 18.84 19.54 19.12 18.50 16.38 15.41 13.87 13.14 14.52 15.19 15.53 16.46 13.32 10.68 7.07 6.79 0.00 6.73 7.40 11.85 14.05 16.83 17.82 18.62 19.53 16.33 16.22 16.30 15.62 12.44 9.58 10.32 8.72 10.59 13.40 14.37 13.09 12.03 9.53 9.72 8.04 10.24 11.21 14.15 16.73 19.39 20.06 20.89 21.20 20.66 20.19 20.66 21.20 21.21 22.18 23.64 23.57 24.10 21.99 22.15 21.23 21.68 20.83 21.16 20.58 21.71 21.00 20.27 18.79 18.68 16.97 18.70 18.29 18.91 18.36 21.67 21.45 21.71 19.90 20.17 17.97 18.15 16.94 16.87 16.16 17.92 19.21 19.88 20.18 20.69 22.11 21.57 20.89 22.01 21.88 19.36 19.81 17.74 18.02 17.79 19.73 19.52 21.16 22.79 
26.07 24.85 22.31 20.28 20.17 20.17 17.91 17.43 16.40 18.19 17.30 16.13 18.12 19.35 18.94 17.67 19.05 17.90 17.87 18.52 18.31 17.61 16.07 15.48 14.26 14.20 15.35 16.43 17.16 18.16 16.96 13.61 11.08 8.09 6.73 0.00 6.46 8.01 11.97 14.12 16.35 17.04 16.75 14.42 14.13 14.62 13.98 12.42 10.36 11.42 9.62 12.70 15.26 17.23 14.93 14.41 10.83 11.16 9.77 8.90 10.59 12.20 13.60 16.94 17.77 19.59 19.51 19.18 19.41 19.64 20.30 20.68 22.02 23.45 22.97 23.47 21.05 21.40 19.71 20.58 19.42 20.52 19.52 21.38 20.20 19.63 18.60 18.61 17.18 18.77 18.09 19.30 18.98 22.28 22.14 22.25 20.61 20.79 18.24 18.16 16.54 16.88 16.15 18.00 19.12 19.60 19.87 20.97 22.09 21.34 20.62 22.13 21.39 18.88 19.08 17.52 17.76 17.37 19.40 20.06 21.62 23.26 
25.93 24.30 21.92 19.35 19.57 19.04 17.27 16.32 15.84 17.17 16.70 15.13 17.28 18.30 18.23 16.95 17.96 16.94 17.03 17.28 17.71 17.06 15.39 15.74 15.53 15.75 16.57 17.65 19.35 20.82 19.41 17.13 13.35 12.12 7.40 6.46 0.00 6.19 7.08 10.96 12.38 13.77 12.77 10.83 11.37 11.84 11.58 10.43 10.18 11.88 10.97 13.72 16.97 18.50 17.38 16.33 13.29 13.17 11.71 11.27 9.40 11.16 11.17 14.39 15.46 16.11 17.16 16.95 16.57 17.30 18.12 18.83 20.02 21.21 21.24 21.78 19.04 19.44 18.07 18.73 18.14 18.46 17.60 19.00 18.33 17.95 16.93 17.84 16.38 18.20 17.23 18.94 18.99 22.10 21.78 22.21 20.58 20.32 17.44 17.41 16.29 16.33 15.44 16.56 17.98 18.32 18.82 19.63 20.97 19.87 19.52 20.15 19.47 17.33 18.48 16.66 16.81 16.56 19.08 19.01 20.77 21.94 
26.25 24.79 22.36 20.13 19.99 19.94 17.59 17.48 16.37 18.09 17.25 16.31 17.91 19.09 18.98 18.07 18.51 17.71 18.17 18.71 18.26 18.42 17.81 17.18 17.24 17.80 19.49 20.00 21.25 23.43 22.16 19.89 17.05 14.75 11.85 8.01 6.19 0.00 6.85 8.31 10.75 12.35 12.37 8.94 11.10 11.66 11.80 11.51 11.72 13.84 13.33 16.33 19.50 21.65 19.96 19.37 15.25 15.55 13.93 12.41 10.30 10.72 10.94 13.60 13.52 14.47 15.41 15.26 15.62 16.36 17.25 17.65 19.24 20.66 20.63 21.24 18.73 18.75 17.42 17.69 16.76 17.47 16.66 17.83 17.74 17.85 16.98 17.42 17.00 19.26 18.39 19.79 19.80 23.41 22.81 23.21 21.43 21.55 18.71 18.41 16.56 16.83 15.70 16.59 17.79 17.95 18.17 18.44 20.04 19.12 18.86 19.88 19.03 17.18 17.90 16.53 16.98 17.19 19.03 20.14 21.52 23.05 
26.46 24.89 22.77 20.54 20.25 19.82 17.71 17.18 16.55 18.29 17.77 16.35 18.15 19.28 19.14 17.93 18.72 17.95 18.78 19.01 18.91 19.26 19.39 19.06 18.74 20.01 22.15 23.33 24.09 26.14 24.81 22.93 19.60 18.17 14.05 11.97 7.08 6.85 2.63 6.75 7.33 9.88 9.85 7.92 9.26 10.92 11.85 12.12 12.70 15.01 15.11 18.70 21.62 23.82 22.50 20.86 16.74 16.52 15.33 12.74 9.46 10.47 9.72 11.30 10.97 11.89 12.70 12.58 13.51 14.32 15.06 15.67 17.24 19.06 19.30 19.81 17.49 17.09 15.77 15.75 14.19 14.86 14.69 15.87 15.75 16.39 16.01 17.03 16.39 19.42 19.15 20.95 21.11 24.33 24.00 23.96 22.18 22.14 19.10 18.74 16.55 16.55 15.37 16.38 17.10 17.26 17.23 17.33 18.60 17.57 17.51 18.79 18.47 16.28 17.38 16.40 17.12 16.61 19.11 19.34 21.24 22.23 
27.26 25.90 23.40 21.34 20.95 20.78 18.35 18.42 17.43 19.37 18.51 17.27 18.82 20.20 19.72 18.22 18.58 18.36 19.09 19.55 19.37 20.03 20.32 19.94 20.33 21.69 24.10 25.01 25.90 28.01 26.82 25.52 21.75 20.20 16.83 14.12 10.96 8.31 6.75 0.41 6.21 6.74 8.51 7.51 8.92 10.72 12.89 13.66 13.86 16.09 17.03 21.06 23.90 25.79 24.37 23.44 18.05 18.62 16.17 14.56 11.05 11.57 9.80 10.30 10.62 11.80 12.16 12.16 13.92 14.89 15.39 16.34 17.91 19.45 19.32 20.09 18.16 18.16 15.73 16.78 14.82 15.71 14.99 16.44 16.07 16.87 16.66 17.80 17.08 19.96 19.68 21.73 21.44 24.60 24.03 24.34 22.65 22.55 19.79 19.24 16.88 17.09 15.98 16.94 17.89 17.39 17.31 17.82 18.52 17.68 17.09 18.85 18.00 16.18 17.23 15.51 16.38 17.38 19.40 20.54 22.73 23.67 
28.41 26.95 24.53 22.12 21.91 21.58 19.18 19.01 18.26 19.89 19.03 17.37 19.04 20.08 19.74 17.89 18.03 17.60 18.71 19.39 19.78 20.47 20.72 20.77 21.05 22.39 24.74 25.60 26.98 29.53 28.22 25.84 22.75 21.52 17.82 16.35 12.38 10.75 7.33 6.21 0.00 5.24 6.66 8.68 9.37 11.71 13.39 15.03 15.22 17.10 17.83 22.44 25.06 27.05 25.96 24.57 19.35 19.50 17.62 16.03 12.68 12.22 10.39 11.37 10.37 10.97 12.53 13.26 14.73 15.52 16.58 17.39 19.36 20.26 20.28 20.98 19.26 18.66 16.49 16.72 15.86 15.96 14.62 16.36 16.47 17.04 16.71 18.30 17.51 20.36 20.36 22.37 22.71 25.42 25.11 25.53 23.84 23.30 20.54 19.84 18.27 18.13 16.63 17.07 18.46 17.73 17.13 17.16 18.19 16.57 16.64 17.65 18.18 16.36 17.69 16.22 17.85 18.55 20.33 20.63 23.26 24.42 
28.69 27.35 24.94 22.78 22.45 22.10 19.79 19.93 19.14 20.83 19.78 18.57 20.26 21.40 20.82 19.43 19.12 18.75 19.65 20.64 20.72 21.38 22.05 21.62 21.85 23.03 25.40 26.50 28.05 29.75 29.66 27.35 23.21 22.78 18.62 17.04 13.77 12.35 9.88 6.74 5.24 0.00 5.68 6.52 8.94 11.88 13.19 14.77 15.06 18.34 19.37 23.21 25.89 27.95 26.64 25.58 20.19 20.36 17.64 16.49 12.31 12.36 10.29 11.82 10.98 11.13 13.10 13.45 15.46 16.66 17.20 17.85 19.89 21.38 20.78 21.25 19.13 19.45 17.26 17.85 15.87 15.95 15.04 16.39 16.51 17.43 17.35 18.83 18.31 21.52 21.24 23.05 23.40 26.63 26.31 26.79 24.33 23.96 20.73 20.17 17.87 17.89 16.40 17.16 18.19 17.48 16.81 16.69 17.46 16.11 16.39 17.11 17.11 15.52 17.14 15.67 16.99 18.01 19.97 20.88 23.77 23.61 
29.34 27.93 26.09 23.65 23.30 22.81 20.66 20.14 20.14 21.59 20.81 19.26 21.18 22.04 21.59 19.97 20.01 19.51 20.54 20.98 21.42 22.06 22.41 22.19 22.33 23.56 26.08 27.08 28.24 30.73 30.17 27.91 23.76 23.09 19.53 16.75 12.77 12.37 9.85 8.51 6.66 5.68 0.00 5.68 7.38 9.16 12.19 13.81 15.38 17.75 19.87 23.54 26.31 28.82 27.19 25.67 20.31 20.05 17.69 15.73 12.25 11.76 10.93 12.29 12.53 13.17 13.92 14.59 16.51 17.11 17.70 18.64 20.89 22.03 21.99 21.94 20.14 19.79 18.36 17.90 16.49 16.52 15.92 16.20 15.99 17.14 17.38 18.73 18.36 21.29 22.03 23.84 24.62 27.55 27.26 27.70 25.41 24.12 20.70 20.45 17.76 17.86 16.67 17.66 18.49 18.01 17.35 16.95 17.45 16.24 16.29 17.23 17.43 15.80 16.86 16.13 17.85 18.94 19.29 20.82 23.44 23.72 
28.96 27.49 25.09 23.07 22.95 22.57 20.27 20.11 19.58 21.55 20.76 19.08 20.57 22.13 21.63 19.75 19.15 18.96 19.73 20.23 19.91 20.80 20.85 20.67 20.54 21.79 24.31 25.01 25.97 27.97 27.51 25.23 21.67 19.91 16.33 14.42 10.83 8.94 7.92 7.51 8.68 6.52 5.68 0.00 5.45 6.98 9.58 12.02 13.78 16.19 18.11 21.89 24.52 27.13 25.68 24.28 18.41 18.22 16.31 14.85 10.92 11.31 10.19 12.35 12.60 13.67 14.75 15.25 17.06 17.58 18.02 19.37 21.06 22.07 21.83 22.25 20.20 19.82 18.15 18.59 16.83 17.47 16.68 16.98 16.37 16.64 16.65 18.43 17.21 20.50 20.09 22.35 22.40 25.62 24.49 25.43 22.89 21.99 18.36 18.46 16.01 16.06 14.62 15.96 17.10 16.64 15.73 16.02 16.75 15.55 15.06 15.83 15.18 13.19 14.54 14.38 14.97 16.79 17.88 19.37 22.50 22.51 
29.79 28.26 25.94 23.83 24.50 24.02 21.94 21.45 21.45 23.30 22.72 20.53 21.90 23.34 23.34 20.71 19.86 19.44 20.68 20.60 20.20 20.88 21.04 20.59 20.09 21.08 23.72 24.25 25.29 27.21 25.82 24.07 21.03 19.61 16.22 14.13 11.37 11.10 9.26 8.92 9.37 8.94 7.38 5.45 0.00 5.50 7.49 10.74 12.52 15.63 17.91 21.61 24.34 26.60 25.04 24.23 19.33 19.28 16.56 14.95 11.98 12.55 12.19 14.28 15.23 16.22 17.37 17.94 18.97 20.01 20.55 21.72 23.34 24.20 24.03 24.28 22.34 21.69 19.62 20.28 19.74 19.84 18.44 18.09 17.42 17.99 17.11 17.24 16.60 19.67 20.40 21.82 21.60 24.84 24.31 24.53 22.24 21.44 18.62 18.61 16.65 16.55 15.09 16.23 17.82 16.85 16.05 16.69 17.75 15.74 15.77 15.75 15.41 13.08 14.22 12.74 14.63 16.20 17.91 19.12 21.01 22.82 
30.00 28.55 26.06 24.36 24.75 24.24 21.94 22.11 21.96 23.61 22.82 21.23 22.93 24.29 23.88 21.80 20.93 20.56 21.33 21.78 20.92 21.45 21.26 21.04 19.87 21.03 23.10 24.11 24.95 26.57 25.69 23.50 20.51 19.13 16.30 14.62 11.84 11.66 10.92 10.72 11.71 11.88 9.16 6.98 5.50 0.00 5.13 6.52 9.76 13.51 15.40 19.48 22.55 24.59 23.05 22.45 17.33 18.15 14.29 13.82 11.85 12.64 12.02 15.59 16.99 17.91 18.33 18.74 19.50 20.15 20.74 21.35 22.84 23.82 23.70 23.12 21.24 21.15 20.38 20.39 19.70 19.51 19.03 19.52 17.88 17.89 16.55 17.31 15.34 18.10 18.72 20.82 19.93 24.35 23.55 23.55 20.36 20.24 17.35 17.02 14.69 14.78 14.30 16.09 16.79 16.27 16.05 16.84 16.77 15.43 15.13 15.82 14.30 11.64 11.31 10.32 12.88 14.68 16.06 17.92 20.62 21.55 
30.51 29.01 26.87 25.05 25.25 24.57 22.32 22.10 22.51 23.92 23.07 21.46 23.53 24.37 23.90 21.89 21.64 20.81 21.51 21.60 21.36 21.54 21.07 20.51 20.04 20.55 22.58 23.27 24.27 25.89 24.97 23.07 19.75 18.48 15.62 13.98 11.58 11.80 11.85 12.89 13.39 13.19 12.19 9.58 7.49 5.13 0.00 5.33 7.49 11.28 13.76 17.31 20.29 22.73 21.26 20.37 15.26 15.68 12.87 13.02 12.06 12.93 13.11 16.93 18.38 18.52 19.07 19.11 19.19 19.47 19.99 21.20 22.71 23.55 23.31 23.53 21.60 21.70 21.05 21.63 20.83 21.23 20.31 20.50 18.96 18.21 16.63 16.49 14.48 16.97 17.28 18.99 18.77 22.43 22.31 22.60 19.79 18.84 16.25 16.80 13.77 14.84 15.65 17.18 17.45 17.37 17.58 17.44 17.99 16.87 17.06 17.24 16.56 13.50 12.57 10.91 11.44 14.23 14.43 16.61 19.01 21.55 
30.22 28.64 25.83 24.54 24.60 24.07 21.51 22.00 21.77 23.51 22.73 21.11 22.94 24.44 24.12 21.92 21.24 20.71 21.43 21.47 20.81 20.80 19.71 18.88 17.75 18.46 19.72 20.44 21.38 23.06 21.99 19.89 16.29 15.48 12.44 12.42 10.43 11.51 12.12 13.66 15.03 14.77 13.81 12.02 10.74 6.52 5.33 0.00 5.27 6.64 9.30 13.45 16.44 18.55 16.01 16.55 11.59 12.84 11.12 12.58 11.92 13.62 14.74 18.74 18.63 19.15 19.16 19.41 19.30 19.09 19.20 20.48 21.64 22.08 22.01 22.42 21.52 20.73 20.71 21.39 21.78 21.52 21.30 21.39 20.53 19.11 16.90 16.32 14.07 15.63 15.47 17.09 16.17 20.34 19.12 19.44 17.24 16.63 14.01 15.52 13.64 14.76 15.26 17.21 17.73 17.85 17.57 17.63 18.73 17.89 17.63 18.28 17.11 13.80 12.97 10.11 10.52 10.65 13.78 15.43 18.40 20.09 
29.53 27.64 25.00 23.27 23.84 23.14 20.89 20.66 20.52 22.48 21.81 19.84 21.36 23.38 23.44 20.62 19.82 19.47 20.52 19.66 18.92 18.37 18.15 16.35 15.53 15.32 17.56 17.08 18.11 19.14 18.48 15.88 12.62 11.12 9.58 10.36 10.18 11.72 12.70 13.86 15.22 15.06 15.38 13.78 12.52 9.76 7.49 5.27 0.00 5.35 6.30 8.78 11.49 13.53 11.83 11.94 8.76 9.08 8.25 10.04 10.53 12.29 14.15 17.75 17.66 17.36 17.93 17.19 17.50 16.61 17.43 17.97 19.39 20.10 20.05 20.99 20.27 20.29 20.16 21.35 21.30 21.84 21.17 21.13 19.82 18.11 15.86 14.92 12.40 13.20 12.88 13.63 12.99 15.83 15.19 14.55 12.75 12.54 10.74 12.57 11.90 12.75 13.05 15.62 16.95 16.54 16.50 17.11 18.48 17.56 17.29 17.77 17.39 14.68 13.73 10.86 9.48 10.58 11.42 14.50 15.22 19.71 
30.20 28.80 25.89 24.67 25.02 24.71 22.07 22.69 22.38 24.31 23.33 21.81 23.44 25.19 25.16 22.66 21.94 21.48 22.29 21.79 20.93 20.54 19.04 17.86 15.92 16.03 17.14 18.33 18.07 19.76 18.33 16.04 12.17 11.71 10.32 11.42 11.88 13.84 15.01 16.09 17.10 18.34 17.75 16.19 15.63 13.51 11.28 6.64 5.35 0.24 6.03 7.31 10.56 13.06 11.41 11.49 8.12 10.14 8.97 11.94 13.19 16.29 17.59 21.56 21.08 21.05 20.42 19.89 18.89 18.85 18.39 19.33 20.16 21.36 21.28 21.69 21.51 21.76 21.78 22.89 23.53 24.09 23.95 23.93 21.90 20.51 17.26 16.91 14.04 14.40 13.14 14.47 12.06 16.22 14.93 14.43 12.33 13.41 11.62 13.59 12.86 14.53 15.88 18.50 19.27 19.70 19.57 20.36 21.17 20.26 20.42 21.38 20.67 16.67 16.43 13.28 13.04 11.48 14.15 13.17 16.19 18.21 
29.91 28.11 25.70 24.16 24.67 24.00 21.58 21.64 21.91 23.64 22.65 21.14 23.04 24.51 24.31 22.04 21.75 21.12 21.75 21.28 20.58 19.38 18.44 16.61 15.62 14.74 16.06 15.84 16.27 16.97 15.86 12.80 9.88 9.29 8.72 9.62 10.97 13.33 15.11 17.03 17.83 19.37 19.87 18.11 17.91 15.40 13.76 9.30 6.30 6.03 1.50 5.96 7.37 9.45 9.05 8.29 5.16 7.34 8.49 10.64 12.98 16.13 17.88 21.79 21.33 21.12 20.92 18.99 18.09 17.08 17.74 17.55 19.00 19.77 19.98 20.45 20.25 20.60 20.99 22.73 23.39 24.27 24.05 23.50 21.97 19.67 17.48 15.94 14.16 12.86 12.23 10.94 9.49 12.21 11.37 10.73 9.66 10.49 9.76 11.55 11.60 13.73 15.25 17.42 18.90 19.82 19.92 20.11 21.40 21.30 21.31 22.46 21.56 18.34 18.35 14.81 12.81 13.59 12.87 13.60 13.82 17.23 
30.92 29.60 26.79 25.57 25.97 25.63 22.89 23.46 23.40 25.46 24.51 23.02 24.78 26.61 26.52 24.22 23.58 23.24 23.97 23.62 22.52 22.10 19.97 18.66 16.67 16.69 16.67 16.68 16.28 17.43 15.26 13.22 10.46 11.20 10.59 12.70 13.72 16.33 18.70 21.06 22.44 23.21 23.54 21.89 21.61 19.48 17.31 13.45 8.78 7.31 5.96 0.30 5.94 7.32 7.52 9.01 7.05 9.40 10.22 14.44 15.25 19.01 21.65 24.95 23.75 23.48 23.02 22.08 20.44 20.14 19.30 19.74 20.50 21.91 21.40 22.44 22.16 22.49 22.94 24.25 25.94 26.41 25.90 25.85 24.36 22.07 19.13 18.93 16.20 15.72 13.24 12.22 9.54 12.35 10.55 10.49 10.95 12.79 11.14 14.63 14.89 17.54 18.78 21.04 21.94 22.74 22.98 23.20 24.97 24.28 24.59 25.88 25.19 20.97 21.33 17.26 16.09 15.06 16.49 14.45 17.30 16.89 
31.87 30.31 27.81 26.13 27.37 26.94 24.60 24.41 25.03 26.95 26.42 24.47 26.02 27.94 28.36 25.77 25.13 24.86 25.74 25.49 24.50 23.69 22.13 20.57 18.76 17.93 17.93 17.38 15.97 16.33 15.44 13.19 11.92 12.70 13.40 15.26 16.97 19.50 21.62 23.90 25.06 25.89 26.31 24.52 24.34 22.55 20.29 16.44 11.49 10.56 7.37 5.94 0.00 5.75 6.42 9.94 9.32 12.55 13.25 16.76 17.91 20.75 22.78 27.15 26.85 26.42 25.85 24.11 23.39 21.96 21.53 21.37 22.47 23.16 22.88 24.59 24.60 25.57 25.81 27.31 28.50 28.76 28.64 27.86 26.44 23.92 21.58 19.92 18.68 15.77 13.30 10.42 8.60 10.23 8.48 8.26 10.28 12.15 11.82 15.67 17.48 19.66 21.58 23.83 24.78 25.59 26.04 26.46 28.29 27.71 28.10 28.77 27.75 24.22 24.06 21.09 20.25 18.43 18.13 17.64 17.90 18.45 
32.11 30.89 28.15 26.79 27.61 27.48 25.01 25.49 25.49 27.53 26.82 25.29 26.92 28.66 28.78 26.76 26.05 25.83 26.54 26.70 25.59 24.99 22.81 21.60 19.25 18.46 17.84 17.52 15.80 15.79 14.34 12.74 11.13 12.86 14.37 17.23 18.50 21.65 23.82 25.79 27.05 27.95 28.82 27.13 26.60 24.59 22.73 18.55 13.53 13.06 9.45 7.32 5.75 0.00 5.45 7.79 8.85 12.81 13.52 16.57 18.43 22.15 24.56 28.19 28.79 28.66 26.81 25.66 24.69 23.37 22.71 22.37 23.75 24.15 24.10 25.80 25.56 26.73 27.01 28.20 29.52 29.99 29.72 28.78 26.14 24.29 21.92 19.38 16.97 14.33 11.59 10.46 7.90 11.96 10.87 11.40 11.93 15.07 14.71 18.03 18.66 21.60 23.40 25.62 26.71 27.73 28.33 28.58 29.77 29.19 29.66 30.61 29.49 25.94 25.68 22.17 22.03 20.08 20.15 18.79 21.04 19.49 
31.23 29.51 27.23 25.48 26.56 25.95 23.81 23.46 23.96 25.78 25.18 23.42 25.40 26.77 26.76 24.52 24.40 24.05 24.63 24.75 24.03 23.05 21.23 19.51 17.76 16.53 16.54 15.40 14.41 13.69 12.15 9.78 9.03 11.10 13.09 14.93 17.38 19.96 22.50 24.37 25.96 26.64 27.19 25.68 25.04 23.05 21.26 16.01 11.83 11.41 9.05 7.52 6.42 5.45 0.00 6.06 6.41 9.75 11.68 14.54 16.82 20.44 22.73 26.74 26.64 26.62 25.13 23.77 22.58 20.83 20.66 20.34 21.85 22.59 21.81 23.30 22.99 24.43 24.53 26.05 27.48 28.00 27.51 26.56 24.60 22.84 21.32 16.83 14.17 10.41 9.60 7.69 7.11 11.38 12.54 13.06 13.24 14.47 14.54 16.14 17.23 20.07 22.33 24.04 25.54 26.54 27.16 27.04 28.67 28.02 28.46 29.69 28.46 25.13 24.72 21.62 21.01 19.68 20.61 19.76 20.63 20.48 
