2.12 6.23 8.92 9.89 11.92 13.68 16.03 16.76 19.60 20.14 22.37 24.35 24.40 23.53 24.73 25.32 25.76 26.42 28.31 28.15 27.14 28.19 29.98 28.83 27.57 28.82 29.10 28.01 28.92 30.51 29.49 29.16 30.10 31.86 31.47 32.03 34.42 35.43 34.92 33.50 33.81 34.01 32.25 31.52 33.38 32.08 30.49 31.20 31.88 29.79 29.50 30.94 31.03 28.78 28.62 30.22 29.51 27.50 28.23 29.34 28.33 27.76 29.39 29.99 29.68 30.11 29.20 29.96 29.20 28.16 28.80 28.39 26.59 27.53 28.27 27.29 26.44 28.70 28.55 27.10 28.16 30.44 30.12 29.55 32.08 32.52 31.47 32.46 33.70 33.20 32.11 33.60 33.82 33.24 31.64 31.21 30.12 28.71 27.64 28.11 27.73 26.01 25.38 25.76 25.29 24.04 24.08 25.71 26.17 24.93 23.70 25.77 25.53 24.34 25.21 26.62 26.79 31.42 
6.23 1.33 5.22 7.14 10.10 12.01 13.09 14.75 17.37 17.95 19.98 22.15 22.58 21.48 23.05 23.24 24.04 24.27 27.18 26.35 25.32 26.40 28.89 27.19 25.86 27.28 27.88 26.13 26.92 28.99 28.05 27.38 28.63 30.57 30.08 30.39 32.92 34.26 33.55 32.06 32.53 33.17 31.06 30.32 32.15 31.04 29.05 29.97 30.87 28.65 28.40 30.09 30.12 27.62 27.73 29.59 28.50 26.20 27.67 28.74 27.02 26.18 28.22 28.85 28.29 28.56 27.91 28.64 27.91 26.44 27.32 26.87 25.01 25.96 27.08 25.72 24.95 27.54 27.42 25.66 27.38 29.64 28.98 27.96 31.11 31.60 30.09 31.36 33.28 32.68 30.69 32.66 33.33 32.50 30.10 29.74 29.41 27.48 26.10 26.62 26.77 24.52 23.89 24.24 24.16 22.73 22.87 23.96 24.44 23.43 23.24 24.14 23.73 23.52 24.55 26.07 24.83 31.44 
8.92 5.22 0.85 4.45 8.99 10.50 11.46 12.83 16.18 16.12 18.60 20.51 21.06 20.32 21.92 22.05 22.43 23.05 26.00 25.17 24.03 25.23 27.85 26.32 24.77 26.49 27.06 25.36 25.97 28.18 27.45 26.53 27.78 29.82 29.46 29.74 32.35 33.57 33.29 31.51 32.11 32.54 31.03 29.86 31.84 30.51 28.97 29.54 30.34 28.17 28.35 29.61 29.38 27.16 27.76 29.37 27.87 26.00 27.89 28.55 26.34 25.70 27.68 27.95 26.97 27.70 26.76 27.70 26.75 25.58 26.38 26.04 23.94 25.14 26.36 25.23 24.24 26.91 26.86 25.16 27.01 29.11 28.56 27.53 30.64 30.75 29.38 30.77 33.16 32.15 30.15 31.97 33.51 32.07 29.21 28.66 28.82 26.72 25.03 25.72 26.16 23.90 23.09 23.83 23.73 22.38 22.27 23.84 24.65 23.54 21.80 24.41 24.03 22.71 24.37 25.13 25.28 31.08 
9.89 7.14 4.45 0.00 6.03 7.51 8.81 10.05 12.94 13.93 16.06 17.63 17.89 17.03 19.28 19.04 19.52 19.91 23.27 22.20 20.91 22.29 24.74 23.17 21.56 23.56 23.62 22.26 22.70 25.30 23.84 23.68 25.00 27.31 26.53 27.41 30.04 31.36 30.55 28.98 29.66 30.23 27.87 27.14 28.62 27.61 25.53 26.64 27.50 25.32 24.99 26.90 26.30 24.09 24.32 26.40 24.86 22.82 24.31 25.32 23.02 22.47 24.42 24.73 23.66 24.35 23.56 24.42 23.52 22.46 23.25 23.32 21.11 22.41 23.62 22.61 21.64 24.47 24.20 22.50 24.52 27.01 25.93 25.01 27.93 28.36 26.74 28.27 30.35 29.59 27.42 29.44 30.55 29.43 26.29 25.79 26.07 23.96 22.18 22.97 23.38 21.04 20.27 21.54 21.66 20.16 19.54 21.45 22.58 21.56 20.11 20.34 20.98 20.66 22.84 22.38 22.88 29.65 
11.92 10.10 8.99 6.03 0.00 5.30 7.28 9.06 12.58 12.97 15.83 18.01 17.96 16.52 17.85 18.49 19.37 20.23 23.88 22.98 21.52 22.67 25.73 24.09 22.93 24.54 25.40 23.62 24.41 26.93 25.71 25.47 27.40 29.91 28.92 29.61 32.52 34.37 33.38 31.58 32.63 32.86 30.26 28.73 31.13 29.62 27.07 28.11 29.72 26.42 25.68 27.42 27.78 24.23 24.06 26.34 25.62 21.99 23.49 24.76 23.26 21.55 24.05 24.67 24.07 24.00 23.62 24.84 24.20 22.39 23.76 23.52 21.29 22.70 24.14 23.04 22.29 25.58 25.27 23.10 25.15 28.12 27.22 25.82 29.25 29.67 28.12 29.24 31.46 30.34 28.61 30.23 31.65 30.45 27.85 27.15 27.82 25.42 23.86 24.14 24.68 21.90 21.00 21.79 22.06 19.85 19.02 21.05 21.43 21.13 19.49 21.84 21.90 22.90 22.50 22.06 21.68 27.18 
13.68 12.01 10.50 7.51 5.30 0.00 6.13 7.56 10.53 11.96 13.97 16.48 16.23 15.55 16.83 17.31 18.50 19.54 22.87 22.10 20.50 21.82 24.97 23.16 21.55 23.66 24.48 22.70 23.48 26.46 25.43 24.93 26.94 29.54 28.76 29.43 32.54 34.41 33.33 31.34 32.56 32.90 29.88 28.63 31.07 29.48 26.71 27.53 29.26 26.00 25.21 27.15 27.31 23.78 23.62 26.05 24.65 21.35 22.70 24.27 21.99 20.89 23.25 23.85 22.75 23.39 22.54 23.70 22.56 21.24 22.19 22.19 19.25 21.18 22.81 21.82 21.04 25.01 24.53 22.50 24.75 27.94 26.75 25.44 29.09 29.56 27.68 29.11 31.61 30.50 28.05 29.98 31.60 30.15 27.00 26.22 27.17 24.69 22.80 23.26 23.96 21.11 20.11 20.82 21.09 19.09 18.46 20.56 20.92 20.91 19.48 21.45 21.48 21.66 21.52 22.67 21.75 26.97 
16.03 13.09 11.46 8.81 7.28 6.13 0.00 6.15 8.26 8.88 11.43 14.01 13.89 14.07 16.10 16.13 16.39 17.81 21.46 20.25 19.01 20.21 23.42 21.44 20.13 22.31 23.24 21.07 21.73 25.07 24.00 23.45 25.19 28.19 27.46 28.21 31.24 33.03 32.31 30.58 31.85 32.01 29.17 27.87 30.28 28.78 25.99 26.72 28.06 25.18 24.81 26.19 26.09 23.12 23.49 25.21 23.69 20.70 22.75 23.25 21.01 20.28 22.86 22.46 21.54 22.24 21.33 22.30 21.65 19.70 20.93 20.36 18.25 19.62 21.19 20.15 20.02 23.36 23.19 20.99 23.55 26.44 25.36 24.28 27.84 28.04 26.12 27.93 30.73 29.34 26.69 28.99 30.94 29.15 25.65 25.02 26.21 23.63 21.67 22.06 22.92 19.92 18.72 19.40 20.09 17.88 17.26 19.18 19.74 19.14 17.17 20.38 20.58 20.09 19.83 20.77 21.06 26.28 
16.76 14.75 12.83 10.05 9.06 7.56 6.15 0.00 6.05 6.15 8.76 11.08 11.36 11.79 13.55 13.70 15.04 16.06 19.43 18.87 17.53 18.79 21.44 19.53 18.44 20.62 20.95 18.97 20.01 23.26 22.01 21.81 23.68 26.62 25.93 27.36 30.41 32.02 30.99 29.74 30.67 30.99 27.56 26.72 28.68 27.33 24.37 25.13 26.28 23.62 23.03 24.60 24.06 21.34 21.48 23.35 21.86 19.15 20.65 21.56 19.20 18.34 20.70 20.73 19.48 20.85 19.24 20.62 19.65 18.45 19.23 19.74 17.45 19.36 20.31 19.79 19.42 23.10 22.42 20.63 23.05 26.13 24.87 23.71 26.79 27.26 25.54 27.26 29.42 28.50 26.01 28.13 29.40 28.35 24.82 24.14 24.71 22.37 20.18 20.90 21.11 18.35 16.95 18.11 18.74 16.51 15.53 17.76 19.01 18.56 16.33 18.43 18.90 18.55 18.26 19.92 19.89 24.62 
19.60 17.37 16.18 12.94 12.58 10.53 8.26 6.05 1.01 5.70 7.43 10.52 11.09 11.53 12.67 14.16 15.19 16.39 19.89 18.94 17.79 18.52 21.81 20.29 19.20 20.81 21.95 20.38 20.99 24.08 23.13 23.40 25.18 28.15 26.92 28.23 31.49 33.15 32.03 30.48 31.66 31.90 28.57 27.09 29.18 27.85 24.96 26.02 27.12 24.32 23.37 24.75 24.40 21.61 21.27 23.16 21.95 18.58 19.80 21.14 18.49 17.13 19.95 20.86 19.36 20.30 18.79 21.01 20.37 18.80 20.27 20.21 18.08 20.34 21.65 20.52 20.71 24.30 23.98 21.77 24.24 27.40 26.17 24.53 27.69 28.27 26.58 27.69 29.76 29.07 26.83 28.43 29.63 28.66 25.71 24.57 25.03 22.60 20.94 21.18 20.95 18.30 17.25 17.77 18.79 16.49 15.36 17.41 18.20 18.23 15.92 18.65 19.11 17.93 18.73 20.26 21.61 22.66 
20.14 17.95 16.12 13.93 12.97 11.96 8.88 6.15 5.70 0.53 4.98 7.31 7.84 8.05 9.56 9.99 12.37 13.28 16.26 15.60 14.00 14.81 18.21 17.13 15.39 17.48 18.92 17.57 18.14 22.10 21.22 21.60 23.36 26.41 25.39 26.67 29.65 31.68 30.22 28.35 29.47 29.84 26.05 24.75 26.82 25.41 22.43 23.55 24.71 21.79 20.80 22.88 21.96 18.59 18.30 21.17 19.33 15.28 16.86 18.25 16.01 14.74 17.79 18.32 17.10 19.00 17.04 18.32 17.00 15.61 17.42 17.08 14.20 17.09 18.90 17.69 17.17 21.75 21.29 19.64 21.95 25.37 23.80 22.67 25.90 26.57 24.38 26.17 28.30 27.21 24.49 26.61 27.60 26.30 22.85 22.12 22.55 19.87 18.08 18.82 18.35 15.30 14.24 15.42 15.79 13.09 12.05 14.29 15.21 14.55 13.71 16.28 16.67 15.65 17.09 19.31 20.20 21.04 
22.37 19.98 18.60 16.06 15.83 13.97 11.43 8.76 7.43 4.98 1.94 6.39 6.85 7.56 9.56 11.42 12.66 13.65 16.92 16.61 15.30 15.57 19.53 18.28 17.19 19.13 20.77 19.31 19.56 23.53 23.18 23.04 24.60 27.65 27.08 28.08 31.10 32.62 31.97 29.90 30.95 30.98 27.40 25.78 28.01 26.68 23.64 24.53 25.77 23.08 22.71 23.97 23.63 20.67 20.53 22.55 20.67 17.56 18.80 19.55 17.20 17.38 20.04 20.28 18.82 21.03 18.97 20.51 19.31 17.52 18.78 18.74 16.56 18.87 20.05 19.56 19.31 23.15 22.68 21.23 23.50 26.26 25.03 24.06 27.04 27.39 25.38 27.23 29.64 28.36 25.65 27.84 29.29 27.59 24.07 23.24 23.96 21.31 19.26 19.82 20.18 16.97 16.08 16.42 17.19 14.82 13.86 15.75 16.54 16.39 14.51 17.17 17.70 16.87 18.25 20.16 21.30 22.37 
24.35 22.15 20.51 17.63 18.01 16.48 14.01 11.08 10.52 7.31 6.39 0.00 6.56 7.07 8.12 10.39 12.55 13.95 16.43 16.71 15.94 16.95 19.86 19.05 18.01 20.80 21.77 20.04 20.78 24.45 23.61 24.18 25.52 28.70 27.60 29.76 31.99 33.91 32.60 31.72 32.11 32.44 27.78 27.34 28.89 27.91 24.40 25.50 26.37 23.81 23.04 24.57 23.92 21.24 21.08 23.11 21.50 18.65 19.20 20.30 18.06 18.27 20.97 21.41 20.15 22.75 20.54 22.19 21.49 20.22 20.49 21.06 19.24 21.51 22.01 21.87 21.44 25.19 24.03 22.94 24.95 27.91 26.48 25.25 27.97 28.59 26.87 28.46 30.46 29.63 27.18 29.25 30.16 29.47 25.75 24.80 25.03 22.82 20.64 21.24 20.67 17.69 16.54 17.70 17.68 16.27 14.53 16.29 17.33 17.85 16.38 18.52 18.71 18.25 19.24 21.23 22.01 22.86 
24.40 22.58 21.06 17.89 17.96 16.23 13.89 11.36 11.09 7.84 6.85 6.56 0.00 5.35 7.32 8.16 9.81 11.59 14.45 14.45 13.82 14.72 17.40 16.65 16.11 19.18 20.69 19.28 19.78 23.19 22.66 23.03 24.96 27.88 26.77 28.26 32.08 33.44 32.10 30.49 31.92 31.75 27.68 26.55 27.94 26.24 23.21 24.40 24.88 21.66 21.11 22.41 22.02 18.97 18.28 20.31 19.02 15.87 16.91 18.20 16.44 16.37 19.06 19.98 19.03 21.11 19.48 21.48 20.96 19.79 21.17 20.87 18.67 20.84 21.96 20.91 20.42 24.23 23.80 21.70 23.99 27.06 25.87 24.12 27.13 28.20 26.27 27.23 29.19 28.63 26.22 27.68 28.88 27.99 24.78 23.57 23.56 21.21 19.30 19.43 19.18 15.94 15.10 14.65 15.79 14.07 12.50 13.83 15.94 16.65 15.59 17.03 17.48 16.68 18.61 19.90 20.41 21.05 
23.53 21.48 20.32 17.03 16.52 15.55 14.07 11.79 11.53 8.05 7.56 7.07 5.35 0.00 5.32 6.37 7.06 7.85 11.43 10.90 10.11 11.16 14.51 13.65 12.77 15.92 17.73 16.01 16.54 21.05 20.56 20.78 22.44 25.92 25.12 26.64 29.81 31.79 30.26 28.41 29.46 29.55 25.14 23.95 25.56 23.55 20.19 21.62 22.05 18.80 18.11 19.87 18.76 15.45 15.41 17.78 15.78 12.73 14.12 15.77 14.21 14.34 16.99 17.53 16.48 19.20 17.60 19.49 18.64 17.40 18.78 19.06 16.02 18.51 19.52 18.86 17.98 22.10 21.15 19.34 21.58 24.97 23.25 21.69 25.40 26.05 23.88 25.28 27.66 26.28 23.60 25.67 26.90 25.38 21.97 21.17 21.49 19.05 16.69 16.99 16.36 13.75 11.85 11.96 12.84 11.07 9.39 11.54 13.32 14.12 13.16 15.83 15.94 15.55 16.78 18.55 18.84 19.86 
24.73 23.05 21.92 19.28 17.85 16.83 16.10 13.55 12.67 9.56 9.56 8.12 7.32 5.32 0.08 5.52 6.97 7.49 10.25 10.75 10.55 10.53 14.45 14.61 13.55 16.19 18.46 18.04 18.22 22.03 22.30 22.88 24.14 27.63 27.41 28.53 31.26 33.26 32.48 30.19 31.19 31.12 27.33 25.47 27.39 25.26 22.28 22.57 23.33 19.92 19.26 20.54 19.51 16.70 16.86 18.99 16.73 14.66 16.24 17.86 15.59 16.68 19.32 20.47 18.15 20.82 19.54 21.89 20.75 19.28 20.70 21.13 18.58 20.31 21.35 21.06 20.51 23.71 23.09 21.69 23.82 26.62 24.79 23.91 27.33 27.92 25.49 27.27 29.90 28.57 25.73 28.14 29.65 27.69 23.98 23.52 24.14 21.35 18.95 19.08 19.23 15.61 14.74 14.52 14.90 13.68 13.23 14.60 15.52 15.88 14.92 17.29 17.84 16.09 17.58 19.61 20.33 20.42 
25.32 23.24 22.05 19.04 18.49 17.31 16.13 13.70 14.16 9.99 11.42 10.39 8.16 6.37 5.52 0.00 5.67 6.78 7.99 7.78 8.50 9.01 12.23 11.74 11.78 14.39 16.54 15.50 16.76 20.39 20.41 21.08 23.08 26.11 25.76 27.36 30.42 32.08 30.87 29.18 30.26 30.02 25.31 23.97 25.57 23.08 19.77 20.13 20.48 16.98 16.27 17.31 16.95 14.42 14.45 16.70 14.46 12.75 13.97 15.45 13.08 14.45 18.09 18.28 16.85 19.87 18.68 20.57 19.83 18.48 19.98 20.33 18.11 19.39 20.16 19.98 19.58 22.58 21.59 20.37 22.75 25.43 23.60 22.58 26.17 26.76 24.47 26.09 28.58 27.45 24.88 27.16 28.21 26.72 23.10 22.41 22.38 19.47 17.09 18.00 16.87 12.33 11.99 13.13 13.75 11.28 10.90 12.95 14.44 14.54 13.54 16.49 17.24 15.93 16.63 18.99 19.61 20.40 
25.76 24.04 22.43 19.52 19.37 18.50 16.39 15.04 15.19 12.37 12.66 12.55 9.81 7.06 6.97 5.67 0.04 5.42 7.93 7.32 7.36 8.39 12.05 11.04 10.92 13.93 15.86 14.68 15.95 19.64 19.57 20.22 22.12 25.12 24.44 26.02 29.71 31.27 29.77 28.08 29.62 29.01 24.30 22.96 24.67 21.72 18.30 18.94 19.21 15.37 14.85 16.63 16.47 13.75 13.67 15.84 14.09 12.75 13.67 14.90 12.88 14.76 17.23 18.03 16.84 20.12 18.08 20.74 20.75 19.56 20.63 20.64 18.38 19.95 20.72 19.69 19.16 22.51 21.65 19.65 22.13 24.99 23.25 21.88 25.52 26.32 23.97 25.12 27.32 26.50 24.13 25.99 26.97 25.87 22.84 21.77 22.12 19.26 17.22 17.93 17.62 13.83 12.99 13.91 14.91 12.82 11.70 13.92 15.20 15.51 14.15 16.07 17.10 15.00 16.51 18.07 19.31 20.02 
26.42 24.27 23.05 19.91 20.23 19.54 17.81 16.06 16.39 13.28 13.65 13.95 11.59 7.85 7.49 6.78 5.42 0.00 6.07 6.75 6.30 7.10 10.18 10.41 9.76 12.58 14.61 13.56 14.71 18.57 18.69 19.52 20.93 24.28 23.91 25.74 28.41 30.72 29.28 27.40 28.34 28.41 23.73 22.47 23.47 21.25 17.48 18.36 18.16 15.26 14.84 16.69 15.36 13.18 13.41 15.79 13.65 12.11 13.17 15.19 13.15 13.81 16.58 17.10 16.42 19.56 18.14 20.63 20.55 19.70 20.53 20.20 17.81 19.86 20.34 19.27 18.34 21.89 21.02 19.14 21.61 24.70 22.98 21.75 25.44 26.22 24.09 25.62 27.46 26.40 23.91 26.24 26.97 25.99 22.53 22.11 22.00 19.82 17.66 18.06 17.01 14.48 14.18 14.23 14.67 13.02 12.68 14.53 14.78 15.21 14.29 17.00 17.43 15.97 16.73 18.62 19.27 20.99 
28.31 27.18 26.00 23.27 23.88 22.87 21.46 19.43 19.89 16.26 16.92 16.43 14.45 11.43 10.25 7.99 7.93 6.07 1.32 6.36 7.34 6.71 8.71 10.52 11.15 12.82 13.90 14.88 16.26 19.28 19.56 21.01 22.95 25.92 26.19 27.03 29.85 31.88 31.64 28.81 29.64 30.03 26.57 24.18 25.22 23.30 19.92 20.25 20.22 17.23 16.80 18.11 16.62 15.08 15.86 17.99 14.40 14.46 15.02 16.86 14.59 16.17 18.69 19.70 18.57 21.44 20.88 23.11 23.01 21.66 22.89 22.63 20.23 21.36 22.47 21.69 20.69 23.56 23.18 21.63 23.93 26.64 25.35 24.61 27.89 28.66 26.65 28.20 30.13 29.18 26.79 28.90 29.86 28.63 25.59 24.82 25.10 22.87 20.91 21.14 20.23 17.74 17.73 17.21 16.82 16.01 15.88 17.13 17.06 17.37 17.29 18.67 20.04 17.43 19.58 20.73 21.96 21.74 
28.15 26.35 25.17 22.20 22.98 22.10 20.25 18.87 18.94 15.60 16.61 16.71 14.45 10.90 10.75 7.78 7.32 6.75 6.36 0.00 5.52 7.27 6.77 6.80 8.56 11.77 11.72 11.36 14.35 17.31 16.51 17.77 20.62 23.63 22.78 24.89 27.72 29.85 28.71 26.81 27.62 27.61 23.48 21.85 22.97 20.25 17.49 17.77 18.07 14.51 13.56 14.95 13.85 12.57 13.10 15.00 10.44 11.92 13.18 14.36 11.67 14.46 17.38 17.99 16.99 20.54 19.48 22.14 21.71 20.38 21.23 21.53 18.76 19.70 20.38 19.71 18.86 21.47 20.70 19.09 21.65 24.42 23.18 22.26 25.92 26.65 24.56 26.16 28.28 27.32 24.98 27.39 28.15 27.20 23.57 22.97 23.16 20.99 18.95 19.36 18.94 15.41 15.00 15.77 15.90 14.19 13.62 15.58 15.24 15.81 14.93 17.79 17.94 16.65 17.80 19.82 20.79 22.25 
27.14 25.32 24.03 20.91 21.52 20.50 19.01 17.53 17.79 14.00 15.30 15.94 13.82 10.11 10.55 8.50 7.36 6.30 7.34 5.52 0.00 4.83 7.21 5.42 5.59 9.15 10.53 9.03 11.67 15.06 14.43 15.50 17.86 20.78 20.11 21.93 25.30 26.67 25.68 23.98 25.25 24.48 20.54 19.30 20.73 17.60 14.52 15.71 15.55 11.51 11.81 12.94 13.03 8.56 10.61 12.02 8.79 8.62 10.94 11.75 9.77 12.26 15.97 16.25 15.62 18.44 17.62 20.31 20.61 19.04 19.93 19.91 17.65 18.67 19.35 17.82 16.83 19.89 19.19 16.66 19.45 22.13 20.87 20.16 23.60 24.34 22.34 23.79 25.76 25.01 22.78 24.98 25.92 24.49 21.36 20.93 21.10 18.48 16.06 17.65 16.92 13.35 13.06 14.37 14.25 11.95 11.16 14.00 14.35 13.91 12.74 15.17 16.83 13.58 15.71 18.17 19.09 20.75 
28.19 26.40 25.23 22.29 22.67 21.82 20.21 18.79 18.52 14.81 15.57 16.95 14.72 11.16 10.53 9.01 8.39 7.10 6.71 7.27 4.83 0.00 5.77 6.77 4.90 6.33 9.10 8.69 9.56 12.81 14.40 14.70 16.13 19.88 20.11 21.59 23.66 26.43 25.25 23.45 24.18 24.28 20.45 18.90 19.99 17.12 14.72 15.30 14.78 12.04 11.70 13.53 12.51 8.58 9.42 12.38 10.63 8.09 10.41 13.16 11.82 13.03 16.21 17.65 17.21 19.95 18.74 21.70 21.45 20.23 20.63 20.17 17.55 18.80 19.38 17.89 16.17 19.20 18.71 16.54 18.62 21.77 21.09 20.17 23.43 24.38 22.80 24.11 25.94 25.33 22.98 24.91 25.96 24.93 21.29 20.61 21.27 18.64 16.27 16.83 16.30 13.43 13.43 14.30 14.31 12.42 11.72 13.79 14.17 14.03 13.16 16.33 16.60 14.93 16.93 19.20 20.17 22.44 
29.98 28.89 27.85 24.74 25.73 24.97 23.42 21.44 21.81 18.21 19.53 19.86 17.40 14.51 14.45 12.23 12.05 10.18 8.71 6.77 7.21 5.77 0.97 6.23 7.27 7.02 8.59 9.68 11.57 13.30 14.01 15.92 17.33 20.11 20.94 22.12 24.98 27.06 26.76 24.01 25.03 25.47 22.46 19.95 21.48 18.84 16.24 16.32 16.75 13.22 13.66 14.92 13.98 11.39 12.56 14.36 11.10 12.55 13.60 15.02 13.86 16.49 19.40 20.71 20.17 23.09 22.65 24.81 24.51 23.02 23.63 23.04 20.53 21.01 21.68 20.04 19.05 21.00 20.65 18.64 20.81 23.33 22.89 22.03 25.16 25.97 24.44 25.89 27.70 27.01 24.65 26.69 28.21 26.76 23.47 22.84 23.72 21.19 18.69 19.47 19.41 16.60 15.35 15.77 15.99 14.43 14.07 15.27 16.07 16.35 16.20 18.26 19.58 16.68 19.79 21.69 22.54 24.19 
28.83 27.19 26.32 23.17 24.09 23.16 21.44 19.53 20.29 17.13 18.28 19.05 16.65 13.65 14.61 11.74 11.04 10.41 10.52 6.80 5.42 6.77 6.23 0.00 4.61 7.40 6.31 5.59 8.65 11.57 10.74 11.81 15.03 17.11 17.10 19.06 22.14 24.24 23.43 21.58 22.64 22.72 19.07 17.09 18.74 15.51 12.70 14.27 13.66 9.45 9.89 11.55 9.65 5.21 9.70 9.90 5.96 7.26 11.86 12.28 10.62 14.01 18.39 19.55 19.05 22.55 22.09 24.87 24.13 22.37 22.98 22.34 19.66 20.07 19.89 17.98 17.00 19.06 17.87 15.29 18.29 20.98 20.00 18.84 22.62 23.60 21.79 23.44 25.48 24.72 22.42 24.75 25.63 24.49 20.99 20.46 21.07 18.05 16.17 17.28 16.80 13.39 12.10 13.84 13.92 11.59 10.74 13.38 14.03 14.09 13.23 16.54 17.08 15.80 18.10 20.57 21.54 24.16 
27.57 25.86 24.77 21.56 22.93 21.55 20.13 18.44 19.20 15.39 17.19 18.01 16.11 12.77 13.55 11.78 10.92 9.76 11.15 8.56 5.59 4.90 7.27 4.61 0.00 5.25 7.34 5.07 6.07 9.69 10.45 10.61 12.10 15.03 14.77 16.62 19.59 21.45 21.08 19.32 20.42 19.85 16.68 15.32 17.28 14.04 11.27 13.07 12.65 8.30 8.99 11.94 9.88 4.84 7.63 12.28 8.26 7.78 10.13 14.01 11.63 14.40 17.68 19.72 19.55 22.40 21.32 24.44 24.08 22.19 22.40 22.17 19.27 19.66 19.56 17.27 16.24 18.19 17.08 14.26 17.30 19.26 18.29 16.99 20.66 21.33 19.62 21.04 23.06 22.46 20.35 22.61 23.58 21.87 18.73 18.61 19.13 15.89 13.98 15.53 14.85 11.49 10.48 12.17 12.89 9.85 8.88 11.80 13.92 12.78 11.64 14.55 17.06 14.03 16.87 19.94 21.07 22.80 
28.82 27.28 26.49 23.56 24.54 23.66 22.31 20.62 20.81 17.48 19.13 20.80 19.18 15.92 16.19 14.39 13.93 12.58 12.82 11.77 9.15 6.33 7.02 7.40 5.25 0.00 6.05 7.26 6.18 7.14 10.13 11.82 12.09 14.56 15.67 16.80 18.67 21.72 21.61 19.40 20.04 19.93 17.27 15.64 17.16 13.88 13.41 14.10 14.61 11.51 12.02 13.49 13.34 9.35 10.91 13.71 13.96 10.75 13.65 16.41 16.39 17.54 21.38 22.96 23.02 25.39 24.55 27.19 26.85 24.84 24.96 24.26 21.52 21.63 21.20 19.19 17.56 19.28 18.26 15.56 17.68 19.89 19.51 17.79 20.85 21.86 20.72 21.68 23.57 23.24 21.54 23.49 24.38 22.93 19.49 18.79 19.60 17.01 15.20 15.98 15.57 13.32 12.58 14.04 14.49 13.08 11.44 14.28 15.44 15.44 14.25 17.19 18.58 17.43 19.40 22.08 22.99 25.34 
29.10 27.88 27.06 23.62 25.40 24.48 23.24 20.95 21.95 18.92 20.77 21.77 20.69 17.73 18.46 16.54 15.86 14.61 13.90 11.72 10.53 9.10 8.59 6.31 7.34 6.05 0.00 5.62 7.68 6.32 6.95 10.32 11.91 13.02 13.45 15.71 17.96 19.72 19.70 17.65 18.01 18.50 15.97 14.16 15.12 12.33 11.27 13.35 13.25 9.93 11.16 13.46 11.98 10.20 12.18 14.41 12.73 13.04 14.95 17.09 16.24 18.77 22.95 24.95 24.43 27.26 26.15 28.77 27.81 25.96 25.81 25.24 22.22 22.82 22.48 19.81 18.47 20.39 19.54 16.30 18.34 20.31 19.88 17.88 20.81 21.67 20.41 21.21 23.05 22.76 20.75 22.46 23.54 21.71 18.36 17.82 18.89 16.10 14.12 15.25 15.73 13.20 11.98 13.77 14.55 12.96 12.38 14.79 15.90 15.94 15.78 18.14 19.29 16.94 20.61 22.93 24.21 26.59 
28.01 26.13 25.36 22.26 23.62 22.70 21.07 18.97 20.38 17.57 19.31 20.04 19.28 16.01 18.04 15.50 14.68 13.56 14.88 11.36 9.03 8.69 9.68 5.59 5.07 7.26 5.62 0.00 5.05 7.49 5.52 6.17 9.27 11.26 10.63 12.57 15.98 17.51 17.06 14.76 16.29 16.07 12.63 11.65 14.27 10.52 8.39 11.13 12.19 7.81 8.59 12.06 10.99 7.53 10.36 13.26 11.03 10.74 14.22 16.72 15.70 18.01 22.35 24.55 24.08 26.90 25.88 28.56 27.30 25.52 25.22 24.06 21.14 21.44 21.09 17.68 16.44 18.44 17.12 12.84 15.96 18.08 16.85 14.55 18.32 18.97 17.11 18.59 20.56 19.89 17.57 19.86 20.77 18.83 15.32 15.11 16.06 12.50 10.49 12.92 13.43 9.28 8.31 11.26 12.65 10.11 9.47 12.64 14.63 14.22 13.25 16.72 17.78 16.39 18.94 21.63 23.31 26.43 
28.92 26.92 25.97 22.70 24.41 23.48 21.73 20.01 20.99 18.14 19.56 20.78 19.78 16.54 18.22 16.76 15.95 14.71 16.26 14.35 11.67 9.56 11.57 8.65 6.07 6.18 7.68 5.05 0.00 5.78 7.06 5.84 6.23 9.42 10.28 11.30 13.55 16.10 15.87 14.82 15.71 15.59 12.16 11.80 14.50 12.21 10.05 12.44 13.68 10.59 10.41 13.68 14.04 10.31 12.05 15.91 14.57 13.93 15.83 19.45 18.43 19.28 24.07 26.16 25.86 28.14 27.03 29.65 28.71 27.05 26.26 26.19 22.96 23.10 22.13 19.75 18.38 19.89 17.82 14.62 17.54 18.95 17.04 14.83 18.48 18.84 16.76 17.62 19.67 18.87 16.64 19.02 19.78 17.78 14.96 14.71 15.71 12.83 10.86 12.83 13.66 10.67 9.16 11.83 13.18 11.37 10.30 14.07 16.06 16.23 14.12 17.37 20.04 16.70 20.30 22.75 24.61 25.90 
30.51 28.99 28.18 25.30 26.93 26.46 25.07 23.26 24.08 22.10 23.53 24.45 23.19 21.05 22.03 20.39 19.64 18.57 19.28 17.31 15.06 12.81 13.30 11.57 9.69 7.14 6.32 7.49 5.78 0.00 5.75 7.55 6.34 8.13 9.74 11.36 12.95 16.39 17.19 15.64 16.45 16.91 14.79 13.78 15.59 12.56 13.25 14.45 15.67 13.52 13.98 15.95 17.16 14.70 16.65 19.29 19.21 17.70 20.54 23.33 22.54 23.83 26.93 29.56 29.51 31.70 30.59 33.08 32.23 30.47 29.78 29.09 26.21 26.10 24.83 22.53 20.84 22.22 20.47 17.15 19.11 20.42 19.02 16.55 19.34 19.98 18.06 18.66 20.31 20.11 18.01 20.31 20.36 18.89 15.90 15.76 16.34 14.52 13.27 14.62 15.08 13.21 12.83 14.40 16.30 14.84 14.57 17.16 19.18 19.49 18.02 21.61 22.15 20.82 22.51 25.26 26.29 28.98 
29.49 28.05 27.45 23.84 25.71 25.43 24.00 22.01 23.13 21.22 23.18 23.61 22.66 20.56 22.30 20.41 19.57 18.69 19.56 16.51 14.43 14.40 14.01 10.74 10.45 10.13 6.95 5.52 7.06 5.75 0.00 5.16 7.04 6.54 6.63 8.56 11.10 13.08 13.31 12.70 13.18 14.08 11.63 11.04 12.30 9.49 9.79 12.85 12.70 10.12 12.04 15.64 15.63 13.93 16.27 19.17 18.54 17.62 20.73 22.57 21.09 22.36 27.10 29.31 29.12 31.60 30.24 32.63 31.32 30.38 29.59 28.84 25.25 26.00 25.21 22.27 19.95 22.22 20.71 16.96 18.32 19.86 18.28 15.46 17.91 18.27 16.28 16.58 18.08 17.58 15.63 17.52 17.52 15.57 13.11 12.35 13.92 11.60 10.35 12.15 13.34 11.59 10.87 13.40 14.63 14.07 13.91 16.99 18.48 18.66 18.45 20.40 22.13 18.25 22.75 24.27 25.40 29.65 
29.16 27.38 26.53 23.68 25.47 24.93 23.45 21.81 23.40 21.60 23.04 24.18 23.03 20.78 22.88 21.08 20.22 19.52 21.01 17.77 15.50 14.70 15.92 11.81 10.61 11.82 10.32 6.17 5.84 7.55 5.16 0.00 5.00 7.56 5.76 7.00 10.15 12.32 12.01 11.70 13.65 14.26 11.88 11.35 13.60 11.15 10.21 11.62 13.21 10.47 12.72 15.08 15.76 13.91 16.32 19.28 18.94 18.09 21.19 23.34 21.33 22.96 27.55 30.13 29.79 32.10 31.17 33.50 32.30 30.56 29.80 29.35 25.73 26.01 24.84 22.27 20.16 21.69 19.85 15.96 17.82 19.08 16.68 14.06 16.68 16.72 14.41 15.77 17.12 16.10 13.97 16.21 16.56 15.02 11.49 11.33 13.12 10.59 8.77 11.36 12.88 10.06 9.88 12.33 14.62 13.47 13.18 16.74 18.48 19.34 17.87 20.88 20.78 19.28 21.55 24.40 25.51 30.01 
30.10 28.63 27.78 25.00 27.40 26.94 25.19 23.68 25.18 23.36 24.60 25.52 24.96 22.44 24.14 23.08 22.12 20.93 22.95 20.62 17.86 16.13 17.33 15.03 12.10 12.09 11.91 9.27 6.23 6.34 7.04 5.00 0.00 5.75 6.56 6.24 7.98 10.89 11.07 10.95 12.13 13.63 11.56 11.56 14.07 12.50 11.55 13.29 15.31 13.18 13.72 16.42 18.20 16.36 17.77 21.14 22.24 20.95 23.43 25.37 25.02 25.91 30.17 32.48 32.79 34.15 33.17 35.76 34.87 33.07 31.75 31.75 28.34 27.99 26.32 24.66 22.54 23.63 21.19 18.68 20.22 20.59 18.01 15.63 18.35 17.74 15.22 15.99 17.64 16.49 14.14 16.23 16.78 15.15 12.94 12.26 14.12 12.17 11.15 12.90 14.48 12.50 12.38 14.87 16.25 15.53 15.40 18.74 21.08 21.17 20.03 22.20 24.74 20.57 24.26 26.10 27.28 30.12 
31.86 30.57 29.82 27.31 29.91 29.54 28.19 26.62 28.15 26.41 27.65 28.70 27.88 25.92 27.63 26.11 25.12 24.28 25.92 23.63 20.78 19.88 20.11 17.11 15.03 14.56 13.02 11.26 9.42 8.13 6.54 7.56 5.75 0.00 5.47 7.32 6.95 9.14 11.16 11.61 12.10 12.38 12.36 12.54 14.01 12.31 12.97 14.79 17.19 14.84 15.80 18.76 20.66 19.77 20.69 24.02 25.00 24.11 26.45 28.53 28.33 29.80 32.97 34.79 35.17 36.93 36.18 38.13 37.28 35.54 34.19 33.83 30.31 30.47 28.64 26.77 24.48 25.84 23.56 20.63 21.44 22.35 19.84 17.14 19.27 19.47 16.82 16.84 18.07 17.27 15.02 16.56 16.87 16.06 13.49 13.35 14.53 13.73 13.10 14.50 16.33 14.68 15.18 16.90 18.70 18.35 18.47 21.62 23.02 23.48 22.66 26.05 26.06 23.94 25.31 28.85 29.35 32.99 
31.47 30.08 29.46 26.53 28.92 28.76 27.46 25.93 26.92 25.39 27.08 27.60 26.77 25.12 27.41 25.76 24.44 23.91 26.19 22.78 20.11 20.11 20.94 17.10 14.77 15.67 13.45 10.63 10.28 9.74 6.63 5.76 6.56 5.47 0.00 4.97 7.07 6.86 9.00 9.21 10.53 11.10 10.18 10.23 12.97 11.49 11.74 14.00 15.95 14.13 16.31 18.74 20.25 19.22 20.86 23.89 24.22 23.74 26.39 28.02 27.12 28.90 32.38 34.19 33.80 35.94 35.15 37.17 36.02 34.38 33.71 32.85 29.26 29.30 28.38 25.94 23.38 25.13 23.32 20.13 20.65 21.79 19.31 16.55 18.03 18.07 15.35 15.85 15.98 15.28 13.08 14.66 14.59 13.62 11.76 10.86 12.92 11.81 11.48 12.83 14.95 13.45 14.03 15.92 17.64 17.15 18.02 20.93 22.79 22.31 22.41 26.36 27.75 22.63 26.32 28.22 29.18 35.69 
32.03 30.39 29.74 27.41 29.61 29.43 28.21 27.36 28.23 26.67 28.08 29.76 28.26 26.64 28.53 27.36 26.02 25.74 27.03 24.89 21.93 21.59 22.12 19.06 16.62 16.80 15.71 12.57 11.30 11.36 8.56 7.00 6.24 7.32 4.97 0.00 5.66 7.95 7.12 8.01 10.12 11.04 10.69 10.72 13.46 13.31 12.70 14.10 16.66 15.61 16.84 19.81 21.30 20.77 21.88 25.17 25.93 25.20 27.36 29.59 29.30 29.77 33.01 35.46 35.69 37.18 36.37 38.71 37.25 35.37 33.80 33.70 29.86 29.88 28.14 26.60 24.08 25.30 23.20 20.51 21.28 21.87 19.47 17.21 18.31 17.67 15.45 16.38 16.61 15.18 13.14 15.07 14.70 13.80 11.22 11.01 13.05 12.42 11.43 13.06 15.68 14.18 14.50 16.43 18.72 18.32 18.27 22.04 23.88 24.62 23.52 28.09 28.18 24.96 25.90 30.11 29.97 34.86 
34.42 32.92 32.35 30.04 32.52 32.54 31.24 30.41 31.49 29.65 31.10 31.99 32.08 29.81 31.26 30.42 29.71 28.41 29.85 27.72 25.30 23.66 24.98 22.14 19.59 18.67 17.96 15.98 13.55 12.95 11.10 10.15 7.98 6.95 7.07 5.66 0.00 6.29 7.57 7.35 8.38 9.83 9.96 11.23 13.13 13.64 13.95 16.12 18.78 17.79 18.61 21.27 24.28 22.93 23.98 27.58 29.00 27.82 29.30 32.41 32.47 32.88 35.12 38.13 38.63 40.04 38.99 41.39 40.88 38.74 36.98 36.25 33.00 32.60 30.84 28.88 26.55 27.82 25.33 23.06 23.39 23.91 20.91 18.84 20.00 19.37 16.41 17.29 17.70 16.59 14.24 16.26 16.48 15.95 13.84 13.38 15.64 14.67 14.73 16.53 18.51 17.04 17.50 19.55 21.44 20.79 20.82 24.27 26.93 26.85 25.75 29.72 31.07 26.85 29.42 30.54 32.00 34.32 
35.43 34.26 33.57 31.36 34.37 34.41 33.03 32.02 33.15 31.68 32.62 33.91 33.44 31.79 33.26 32.08 31.27 30.72 31.88 29.85 26.67 26.43 27.06 24.24 21.45 21.72 19.72 17.51 16.10 16.39 13.08 12.32 10.89 9.14 6.86 7.95 6.29 0.00 5.61 7.85 7.54 8.54 9.70 11.07 13.29 13.64 14.64 16.62 19.05 18.59 20.01 23.00 24.85 24.54 25.43 28.86 30.11 29.50 31.13 33.70 34.05 34.69 37.14 39.16 39.82 41.53 40.48 42.29 41.36 39.70 38.09 37.05 33.66 34.07 32.45 30.26 27.68 29.23 27.11 23.87 23.95 24.88 22.10 19.37 20.74 20.51 17.53 18.41 18.75 18.34 15.07 17.47 17.56 17.79 15.22 15.61 17.31 16.88 16.61 18.30 20.00 18.84 19.31 21.20 22.95 22.70 23.12 26.35 27.89 28.53 28.03 32.27 32.87 29.84 30.36 33.66 33.34 36.75 
34.92 33.55 33.29 30.55 33.38 33.33 32.31 30.99 32.03 30.22 31.97 32.60 32.10 30.26 32.48 30.87 29.77 29.28 31.64 28.71 25.68 25.25 26.76 23.43 21.08 21.61 19.70 17.06 15.87 17.19 13.31 12.01 11.07 11.16 9.00 7.12 7.57 5.61 0.00 5.56 7.32 7.37 8.15 9.80 12.47 11.82 12.56 15.60 16.88 16.75 18.40 21.85 23.65 23.11 24.49 27.48 28.25 27.69 29.71 31.82 31.57 32.80 35.64 37.18 37.36 39.19 38.90 40.00 38.84 37.06 36.65 35.38 31.66 31.75 31.20 28.58 25.66 27.68 25.14 21.94 22.02 23.34 20.16 18.19 18.95 18.98 16.41 17.19 17.05 16.36 14.62 16.49 16.31 16.51 15.36 14.55 16.58 15.98 15.50 17.05 19.07 18.01 18.24 19.95 21.75 21.66 22.12 25.24 27.35 27.20 26.86 30.90 32.63 29.61 30.96 32.87 33.76 39.61 
33.50 32.06 31.51 28.98 31.58 31.34 30.58 29.74 30.48 28.35 29.90 31.72 30.49 28.41 30.19 29.18 28.08 27.40 28.81 26.81 23.98 23.45 24.01 21.58 19.32 19.40 17.65 14.76 14.82 15.64 12.70 11.70 10.95 11.61 9.21 8.01 7.35 7.85 5.56 0.00 5.94 8.25 6.89 7.61 10.66 11.22 10.71 12.78 15.26 14.39 15.65 18.76 20.92 20.59 21.69 25.09 26.31 25.54 27.22 29.51 29.80 30.52 33.24 35.24 35.69 37.00 36.54 38.01 36.69 34.65 33.79 33.11 29.64 29.48 28.23 26.02 23.76 24.93 22.46 19.79 19.74 20.49 17.79 16.20 16.54 16.08 13.57 14.93 14.77 14.23 11.94 14.97 14.22 14.93 12.85 13.34 14.72 14.73 14.30 16.23 17.74 16.32 16.90 18.59 20.29 19.68 19.79 23.12 25.04 25.84 25.11 29.69 30.36 29.21 28.88 33.55 32.74 38.01 
33.81 32.53 32.11 29.66 32.63 32.56 31.85 30.67 31.66 29.47 30.95 32.11 31.92 29.46 31.19 30.26 29.62 28.34 29.64 27.62 25.25 24.18 25.03 22.64 20.42 20.04 18.01 16.29 15.71 16.45 13.18 13.65 12.13 12.10 10.53 10.12 8.38 7.54 7.32 5.94 0.00 6.05 7.35 6.67 9.38 10.49 11.05 12.36 15.00 14.76 15.39 17.95 20.74 21.00 22.40 25.49 27.42 26.38 27.81 30.59 31.06 31.33 33.78 36.32 37.04 37.88 37.30 38.81 38.13 35.95 34.79 33.90 30.84 30.35 28.94 26.80 24.43 25.56 22.74 20.43 19.80 20.45 17.90 16.60 17.09 16.21 13.86 14.91 15.12 14.47 12.42 15.07 15.69 15.68 13.91 14.64 16.75 16.35 16.28 17.87 19.61 18.07 18.60 19.98 21.55 20.97 20.98 23.93 26.44 26.38 25.96 29.90 31.48 30.36 31.47 33.59 34.18 39.24 
34.01 33.17 32.54 30.23 32.86 32.90 32.01 30.99 31.90 29.84 30.98 32.44 31.75 29.55 31.12 30.02 29.01 28.41 30.03 27.61 24.48 24.28 25.47 22.72 19.85 19.93 18.50 16.07 15.59 16.91 14.08 14.26 13.63 12.38 11.10 11.04 9.83 8.54 7.37 8.25 6.05 0.00 6.19 8.27 7.61 8.83 11.20 13.25 14.34 14.06 15.75 17.53 19.50 20.28 22.13 25.06 26.56 26.06 27.92 30.54 30.73 31.49 34.27 36.11 36.76 37.97 37.21 38.41 37.48 35.56 34.36 33.30 30.10 30.21 28.82 26.28 23.93 25.25 23.11 20.02 19.72 20.34 18.27 16.30 16.85 16.41 14.27 15.33 15.52 15.57 13.30 16.06 16.42 17.16 14.79 16.09 17.64 17.10 16.50 18.21 19.88 18.60 18.68 20.29 21.86 21.38 21.57 24.35 26.23 27.26 26.88 30.62 31.52 31.01 31.42 34.79 33.75 38.29 
32.25 31.06 31.03 27.87 30.26 29.88 29.17 27.56 28.57 26.05 27.40 27.78 27.68 25.14 27.33 25.31 24.30 23.73 26.57 23.48 20.54 20.45 22.46 19.07 16.68 17.27 15.97 12.63 12.16 14.79 11.63 11.88 11.56 12.36 10.18 10.69 9.96 9.70 8.15 6.89 7.35 6.19 0.00 5.54 7.78 6.71 7.20 10.38 12.44 11.04 12.35 15.52 16.47 16.70 18.73 21.78 22.83 22.29 24.63 26.59 26.30 27.81 30.68 31.62 31.85 33.82 33.33 34.04 32.83 31.05 30.94 29.74 25.98 25.97 25.31 22.67 19.92 21.83 19.60 16.81 16.63 17.98 15.26 13.43 14.33 14.22 11.86 12.28 12.80 13.53 11.72 13.74 13.80 15.07 13.83 14.19 14.95 14.00 13.80 15.44 17.29 15.19 15.31 17.14 18.96 18.37 18.55 21.31 23.10 23.35 23.15 26.81 28.68 28.06 28.41 30.68 31.20 38.62 
31.52 30.32 29.86 27.14 28.73 28.63 27.87 26.72 27.09 24.75 25.78 27.34 26.55 23.95 25.47 23.97 22.96 22.47 24.18 21.85 19.30 18.90 19.95 17.09 15.32 15.64 14.16 11.65 11.80 13.78 11.04 11.35 11.56 12.54 10.23 10.72 11.23 11.07 9.80 7.61 6.67 8.27 5.54 0.00 5.80 7.78 5.97 7.26 10.47 10.46 10.35 12.94 15.40 14.90 16.46 19.82 21.40 20.64 22.69 24.91 24.83 26.38 29.12 30.14 30.17 32.30 31.55 32.39 30.70 29.22 28.53 27.67 24.33 24.02 23.13 20.93 18.88 19.83 17.44 14.37 15.71 15.93 12.49 10.93 12.77 12.26 9.42 9.71 12.01 11.90 10.40 13.33 13.86 15.06 13.43 14.28 14.44 13.99 13.52 15.29 16.19 14.20 14.42 16.49 17.69 16.52 16.61 19.46 21.19 21.78 21.31 25.10 26.68 26.11 26.18 30.20 30.66 36.44 
33.38 32.15 31.84 28.62 31.13 31.07 30.28 28.68 29.18 26.82 28.01 28.89 27.94 25.56 27.39 25.57 24.67 23.47 25.22 22.97 20.73 19.99 21.48 18.74 17.28 17.16 15.12 14.27 14.50 15.59 12.30 13.60 14.07 14.01 12.97 13.46 13.13 13.29 12.47 10.66 9.38 7.61 7.78 5.80 0.00 6.30 8.02 6.83 9.22 9.99 11.34 12.58 14.78 15.81 17.02 19.83 22.22 21.77 23.82 26.04 26.11 27.05 30.03 31.39 31.25 32.92 32.47 33.51 32.08 30.32 29.59 28.53 25.00 25.07 23.76 21.62 19.41 20.72 18.46 16.01 16.74 16.39 14.02 12.21 14.28 13.75 11.09 11.42 13.64 13.65 11.94 15.14 17.25 17.27 15.43 15.92 16.94 16.24 16.06 16.91 18.05 16.67 17.28 17.92 18.75 18.82 18.34 20.85 22.76 23.27 22.34 25.73 27.24 26.61 27.88 29.96 31.08 35.49 
32.08 31.04 30.51 27.61 29.62 29.48 28.78 27.33 27.85 25.41 26.68 27.91 26.24 23.55 25.26 23.08 21.72 21.25 23.30 20.25 17.60 17.12 18.84 15.51 14.04 13.88 12.33 10.52 12.21 12.56 9.49 11.15 12.50 12.31 11.49 13.31 13.64 13.64 11.82 11.22 10.49 8.83 6.71 7.78 6.30 0.00 5.61 8.10 7.24 6.75 9.11 11.21 12.30 12.77 14.73 17.30 18.60 18.80 21.54 23.96 23.30 25.07 28.13 29.71 29.20 31.50 30.60 31.68 30.02 28.69 27.73 26.22 22.71 23.22 22.40 19.71 17.59 19.15 17.20 13.35 14.08 15.21 12.67 11.23 13.23 13.07 10.39 11.37 13.57 13.68 11.71 14.89 16.51 16.04 13.66 14.61 15.59 14.11 13.61 15.13 16.30 13.76 14.43 15.82 16.82 16.39 16.13 18.73 20.41 20.93 20.77 23.82 25.69 25.09 25.50 28.82 29.20 33.70 
30.49 29.05 28.97 25.53 27.07 26.71 25.99 24.37 24.96 22.43 23.64 24.40 23.21 20.19 22.28 19.77 18.30 17.48 19.92 17.49 14.52 14.72 16.24 12.70 11.27 13.41 11.27 8.39 10.05 13.25 9.79 10.21 11.55 12.97 11.74 12.70 13.95 14.64 12.56 10.71 11.05 11.20 7.20 5.97 8.02 5.61 0.00 5.70 8.26 5.79 6.12 9.86 10.92 10.30 11.67 15.44 15.51 15.21 18.24 20.70 20.02 21.57 24.99 25.84 25.36 27.76 27.43 28.11 26.52 25.08 24.66 23.22 19.43 20.05 19.52 16.76 14.54 16.41 14.03 10.10 11.73 12.91 10.24 8.33 11.23 11.25 8.79 9.82 12.58 12.50 11.46 14.07 15.34 14.94 13.44 13.19 14.02 11.88 11.83 13.21 14.81 11.02 11.67 13.45 14.52 13.42 12.95 15.94 17.18 17.34 17.15 20.90 22.68 21.85 23.31 25.63 26.56 33.25 
31.20 29.97 29.54 26.64 28.11 27.53 26.72 25.13 26.02 23.55 24.53 25.50 24.40 21.62 22.57 20.13 18.94 18.36 20.25 17.77 15.71 15.30 16.32 14.27 13.07 14.10 13.35 11.13 12.44 14.45 12.85 11.62 13.29 14.79 14.00 14.10 16.12 16.62 15.60 12.78 12.36 13.25 10.38 7.26 6.83 8.10 5.70 0.00 6.26 7.57 5.96 7.24 10.10 10.90 11.33 14.61 15.66 15.71 17.61 20.32 19.86 21.72 24.92 26.12 25.64 27.94 27.21 28.52 26.86 24.62 24.01 23.30 20.08 19.72 19.46 16.85 14.91 16.05 13.82 10.44 11.52 13.53 10.69 8.23 10.89 12.19 9.57 10.06 12.70 14.16 12.57 15.97 16.87 17.22 15.40 15.26 15.56 14.63 13.74 14.81 15.43 13.20 13.07 14.47 15.21 14.27 13.72 16.62 17.92 18.37 18.21 21.23 23.37 22.45 23.37 26.38 27.46 31.93 
31.88 30.87 30.34 27.50 29.72 29.26 28.06 26.28 27.12 24.71 25.77 26.37 24.88 22.05 23.33 20.48 19.21 18.16 20.22 18.07 15.55 14.78 16.75 13.66 12.65 14.61 13.25 12.19 13.68 15.67 12.70 13.21 15.31 17.19 15.95 16.66 18.78 19.05 16.88 15.26 15.00 14.34 12.44 10.47 9.22 7.24 8.26 6.26 0.00 6.02 7.83 6.75 8.45 10.33 12.01 13.90 14.59 15.22 17.50 19.36 19.61 21.40 25.01 26.29 25.93 27.68 27.16 28.83 27.52 25.24 24.43 23.89 20.45 20.47 20.26 17.64 15.33 16.39 15.44 12.44 12.83 13.97 13.09 11.02 13.13 13.82 12.16 12.28 15.14 16.00 15.27 17.89 19.36 19.09 17.47 17.08 17.64 16.37 15.92 16.01 16.25 14.15 14.77 15.46 15.54 15.52 14.74 17.22 18.55 19.73 18.25 21.60 23.03 22.32 24.25 25.63 27.34 28.64 
29.79 28.65 28.17 25.32 26.42 26.00 25.18 23.62 24.32 21.79 23.08 23.81 21.66 18.80 19.92 16.98 15.37 15.26 17.23 14.51 11.51 12.04 13.22 9.45 8.30 11.51 9.93 7.81 10.59 13.52 10.12 10.47 13.18 14.84 14.13 15.61 17.79 18.59 16.75 14.39 14.76 14.06 11.04 10.46 9.99 6.75 5.79 7.57 6.02 0.00 4.99 7.49 6.16 5.74 8.55 11.80 11.39 10.61 14.41 16.33 15.44 17.50 21.44 22.63 22.18 24.87 23.25 24.66 23.52 21.78 21.19 20.15 16.77 17.57 17.31 14.19 11.12 14.57 12.90 8.67 9.88 12.65 10.78 8.83 11.86 12.55 10.42 12.14 14.57 15.04 13.94 17.13 18.22 17.17 14.77 15.09 15.40 12.30 11.49 13.39 13.25 8.54 9.38 12.15 12.42 10.47 10.19 13.33 15.20 14.93 14.82 18.31 20.66 19.75 20.81 23.63 24.19 27.01 
29.50 28.40 28.35 24.99 25.68 25.21 24.81 23.03 23.37 20.80 22.71 23.04 21.11 18.11 19.26 16.27 14.85 14.84 16.80 13.56 11.81 11.70 13.66 9.89 8.99 12.02 11.16 8.59 10.41 13.98 12.04 12.72 13.72 15.80 16.31 16.84 18.61 20.01 18.40 15.65 15.39 15.75 12.35 10.35 11.34 9.11 6.12 5.96 7.83 4.99 0.00 5.59 7.51 5.67 5.98 10.02 11.15 9.85 12.15 15.44 14.01 15.86 19.53 20.89 20.29 22.55 21.28 22.46 21.39 19.64 19.29 18.30 14.84 15.69 15.76 12.05 9.98 12.99 11.50 7.74 8.81 12.30 9.89 8.01 11.03 12.56 10.53 12.46 15.03 15.55 14.78 17.52 18.10 17.53 15.47 14.81 15.32 12.43 11.85 12.73 13.39 9.22 9.40 11.45 12.28 10.26 9.94 13.20 14.06 14.75 13.45 17.51 19.09 18.15 20.26 21.93 22.87 26.88 
30.94 30.09 29.61 26.90 27.42 27.15 26.19 24.60 24.75 22.88 23.97 24.57 22.41 19.87 20.54 17.31 16.63 16.69 18.11 14.95 12.94 13.53 14.92 11.55 11.94 13.49 13.46 12.06 13.68 15.95 15.64 15.08 16.42 18.76 18.74 19.81 21.27 23.00 21.85 18.76 17.95 17.53 15.52 12.94 12.58 11.21 9.86 7.24 6.75 7.49 5.59 0.00 6.15 7.67 6.45 8.28 10.40 11.47 12.69 14.68 14.87 16.58 19.68 21.58 21.00 22.71 21.86 24.01 22.79 20.28 19.77 18.92 16.32 16.79 15.88 13.62 11.25 14.25 12.92 9.80 9.88 12.93 12.43 10.35 12.50 14.54 13.81 14.99 17.45 18.84 18.08 20.27 21.31 20.94 18.90 17.70 17.80 15.90 14.84 15.04 14.98 12.69 12.06 12.96 13.55 12.73 12.54 14.73 15.50 16.21 16.28 19.33 21.00 20.25 21.39 23.54 24.48 26.92 
31.03 30.12 29.38 26.30 27.78 27.31 26.09 24.06 24.40 21.96 23.63 23.92 22.02 18.76 19.51 16.95 16.47 15.36 16.62 13.85 13.03 12.51 13.98 9.65 9.88 13.34 11.98 10.99 14.04 17.16 15.63 15.76 18.20 20.66 20.25 21.30 24.28 24.85 23.65 20.92 20.74 19.50 16.47 15.40 14.78 12.30 10.92 10.10 8.45 6.16 7.51 6.15 0.00 5.81 8.14 7.39 7.65 9.30 12.35 13.33 12.76 15.21 17.99 19.56 19.40 21.73 20.89 23.22 21.65 19.70 19.42 19.13 15.83 16.00 15.98 13.90 10.97 13.56 12.84 11.34 11.13 13.96 13.67 12.89 14.98 17.00 15.62 17.18 19.67 21.08 19.70 21.95 23.28 22.79 20.22 19.48 19.68 16.91 15.52 15.95 16.06 12.67 12.63 13.28 13.02 12.40 12.27 14.57 14.94 16.07 15.49 18.64 19.44 18.98 20.82 22.29 23.88 24.11 
28.78 27.62 27.16 24.09 24.23 23.78 23.12 21.34 21.61 18.59 20.67 21.24 18.97 15.45 16.70 14.42 13.75 13.18 15.08 12.57 8.56 8.58 11.39 5.21 4.84 9.35 10.20 7.53 10.31 14.70 13.93 13.91 16.36 19.77 19.22 20.77 22.93 24.54 23.11 20.59 21.00 20.28 16.70 14.90 15.81 12.77 10.30 10.90 10.33 5.74 5.67 7.67 5.81 0.00 5.02 8.02 5.94 4.98 9.06 11.79 9.99 11.74 15.53 16.79 16.34 18.50 16.86 19.05 18.18 16.48 16.64 16.07 11.38 13.34 13.71 11.46 7.40 11.83 11.58 8.29 9.97 12.85 12.04 11.03 14.36 15.42 14.21 16.32 19.13 19.65 18.52 21.02 21.98 21.17 18.93 17.98 18.53 15.16 13.48 14.47 14.28 9.77 10.25 11.81 11.64 8.77 9.41 12.24 12.49 12.08 12.58 15.81 17.33 16.82 18.18 20.37 20.70 22.42 
28.62 27.73 27.76 24.32 24.06 23.62 23.49 21.48 21.27 18.30 20.53 21.08 18.28 15.41 16.86 14.45 13.67 13.41 15.86 13.10 10.61 9.42 12.56 9.70 7.63 10.91 12.18 10.36 12.05 16.65 16.27 16.32 17.77 20.69 20.86 21.88 23.98 25.43 24.49 21.69 22.40 22.13 18.73 16.46 17.02 14.73 11.67 11.33 12.01 8.55 5.98 6.45 8.14 5.02 0.00 6.20 7.78 5.54 6.89 10.70 10.32 11.23 13.99 16.17 15.32 17.63 15.58 17.51 16.73 15.04 15.48 13.65 9.64 10.94 12.51 10.29 6.78 11.26 10.72 8.47 9.13 13.37 12.67 11.65 14.93 16.85 15.62 18.20 20.03 20.82 20.02 22.53 22.87 22.19 19.96 19.02 19.01 16.54 15.24 15.60 15.30 11.36 11.51 12.64 12.66 9.92 10.05 12.41 12.45 12.50 11.69 15.51 16.71 16.03 18.20 19.61 19.68 22.03 
30.22 29.59 29.37 26.40 26.34 26.05 25.21 23.35 23.16 21.17 22.55 23.11 20.31 17.78 18.99 16.70 15.84 15.79 17.99 15.00 12.02 12.38 14.36 9.90 12.28 13.71 14.41 13.26 15.91 19.29 19.17 19.28 21.14 24.02 23.89 25.17 27.58 28.86 27.48 25.09 25.49 25.06 21.78 19.82 19.83 17.30 15.44 14.61 13.90 11.80 10.02 8.28 7.39 8.02 6.20 0.00 6.57 8.10 7.18 9.02 10.69 12.61 14.48 16.52 16.89 18.89 17.42 20.21 19.26 17.46 16.58 16.48 12.56 14.20 13.89 12.83 10.46 13.53 13.18 11.21 11.90 15.45 15.88 14.96 17.56 19.56 19.36 21.13 23.34 24.29 23.19 25.32 26.12 25.73 23.10 21.67 22.43 19.86 18.66 18.51 18.07 14.94 14.51 14.76 15.51 13.50 13.12 14.14 15.05 14.81 14.86 17.49 18.97 18.96 19.62 21.09 21.97 22.63 
29.51 28.50 27.87 24.86 25.62 24.65 23.69 21.86 21.95 19.33 20.67 21.50 19.02 15.78 16.73 14.46 14.09 13.65 14.40 10.44 8.79 10.63 11.10 5.96 8.26 13.96 12.73 11.03 14.57 19.21 18.54 18.94 22.24 25.00 24.22 25.93 29.00 30.11 28.25 26.31 27.42 26.56 22.83 21.40 22.22 18.60 15.51 15.66 14.59 11.39 11.15 10.40 7.65 5.94 7.78 6.57 0.00 5.80 8.14 7.51 7.46 10.65 12.87 14.26 14.37 17.03 15.70 18.61 17.51 15.62 16.06 15.40 11.83 13.25 13.73 12.46 10.36 14.07 13.20 12.36 13.21 16.75 16.74 16.05 18.68 20.67 19.51 21.91 24.54 25.13 23.46 25.53 26.55 26.23 23.20 22.68 23.25 20.51 18.50 19.11 18.83 15.22 14.60 15.19 15.12 12.82 12.51 13.64 13.96 14.31 13.43 16.06 16.88 16.34 18.30 19.39 20.42 20.44 
