1.84 5.64 7.23 8.24 10.90 12.66 14.84 15.80 17.34 17.24 17.35 18.95 20.16 20.02 20.80 23.14 24.74 23.99 25.62 27.69 28.94 27.86 26.96 28.31 28.63 27.23 26.96 26.56 26.20 25.32 25.69 25.64 24.36 24.64 26.08 26.35 24.90 23.77 22.71 22.67 22.29 21.39 22.40 23.63 23.03 23.33 25.27 25.91 25.45 26.57 28.57 27.78 27.39 28.02 29.27 28.03 27.17 26.91 27.73 27.55 26.94 25.91 25.95 26.80 26.37 25.28 25.82 26.18 26.11 26.94 27.71 27.42 28.12 27.97 26.90 27.44 27.86 27.31 26.69 28.41 28.96 27.67 28.38 29.49 29.82 29.31 29.37 28.12 27.88 27.84 26.98 25.97 26.43 25.82 25.83 25.55 26.42 26.33 27.43 27.23 27.19 26.77 26.26 25.48 23.02 23.33 23.28 23.66 23.82 24.67 25.87 25.76 26.25 27.13 27.69 25.95 23.30 22.73 23.03 21.04 20.64 21.05 22.92 21.63 25.82 
5.64 1.31 6.03 6.64 9.58 10.45 13.72 14.93 15.97 15.65 15.99 17.88 19.04 18.53 19.50 21.85 23.96 22.51 25.04 26.88 28.23 26.79 26.25 27.59 28.01 26.12 26.17 25.61 25.06 23.80 24.64 24.92 23.88 23.74 25.68 26.17 24.80 23.11 22.19 22.34 22.12 20.66 21.50 22.86 22.08 22.00 24.10 24.76 24.42 24.99 27.54 26.49 26.52 26.50 28.47 26.67 26.29 25.54 26.85 26.44 26.16 24.46 24.86 25.67 25.44 23.71 24.40 24.75 24.98 25.29 26.34 26.00 27.09 26.78 25.31 26.13 26.91 25.95 25.08 27.28 28.15 26.31 26.97 28.34 29.11 28.12 28.34 26.84 27.13 26.33 25.68 24.43 25.40 24.11 24.25 23.94 25.45 24.87 26.31 26.16 26.43 25.61 25.29 24.55 21.98 22.15 22.25 22.58 22.57 23.57 25.37 25.11 25.68 26.23 27.14 25.38 22.75 20.69 21.19 18.87 18.00 19.74 20.52 20.12 23.83 
7.23 6.03 1.52 5.28 8.49 9.45 11.48 12.52 14.72 14.36 15.04 16.26 18.52 17.32 17.73 20.83 22.60 21.51 23.88 26.32 27.32 26.11 25.59 27.21 27.15 25.60 25.63 25.38 24.71 23.32 24.03 24.37 23.70 23.94 25.80 26.70 25.27 24.03 22.77 23.24 22.54 21.42 21.57 23.05 22.13 22.06 23.68 24.32 23.98 24.59 26.61 25.83 25.89 26.14 27.60 26.30 26.01 25.25 26.26 26.07 25.50 24.02 24.19 25.12 24.87 22.99 23.67 23.79 24.00 24.47 25.22 25.05 26.42 26.21 24.32 25.24 26.19 25.37 24.36 26.66 27.65 25.80 26.32 27.56 28.42 27.34 27.49 26.02 26.26 25.47 24.49 23.18 24.26 22.90 22.94 22.61 24.46 23.94 25.31 25.29 25.53 25.06 24.47 23.89 20.54 21.44 21.24 21.96 21.44 22.90 24.74 24.53 24.68 25.71 26.72 25.16 22.19 21.28 21.04 19.36 17.01 19.78 21.45 20.38 23.41 
8.24 6.64 5.28 0.54 6.31 8.85 8.70 10.67 11.83 12.76 12.17 14.46 14.87 15.15 15.12 18.54 20.81 19.62 21.89 24.68 25.71 24.76 23.98 25.98 25.73 24.27 23.58 23.45 22.36 21.74 22.10 22.49 21.38 21.77 23.54 24.05 22.52 21.47 20.56 20.79 20.28 19.05 18.95 20.45 19.44 19.34 21.04 21.69 21.56 21.92 24.13 23.66 23.88 23.93 25.41 24.23 24.05 23.19 23.98 24.16 24.06 22.32 22.23 23.39 23.25 21.27 21.74 22.21 22.67 22.95 23.33 23.33 24.81 24.48 22.28 23.60 24.66 23.68 22.51 25.21 26.32 24.44 24.64 26.31 27.14 26.12 25.70 24.49 24.61 23.83 22.48 21.46 22.29 21.13 20.78 20.75 22.45 21.93 23.03 23.14 23.50 22.82 22.06 21.80 18.78 19.41 19.12 19.84 19.21 20.77 22.67 22.70 23.09 23.80 24.35 23.41 21.42 19.09 18.65 16.15 16.81 18.04 20.14 18.31 26.72 
10.90 9.58 8.49 6.31 2.49 7.42 8.14 9.74 11.56 11.85 12.14 13.56 15.44 14.99 15.95 18.90 21.35 19.53 21.34 24.04 25.04 23.74 22.12 24.34 24.87 23.17 22.54 22.45 21.84 21.09 21.34 21.88 20.67 21.12 22.41 22.84 20.74 19.89 18.64 19.30 18.97 17.65 17.73 19.31 18.48 18.55 20.37 21.37 20.48 21.61 23.90 23.26 22.81 23.62 24.98 23.95 22.86 22.73 23.35 23.80 23.27 21.95 21.54 23.07 22.44 20.85 21.19 21.75 21.65 22.56 23.15 23.08 24.00 24.14 22.22 23.54 24.41 23.75 22.33 25.25 25.93 24.34 24.35 26.09 26.58 25.88 25.28 23.76 24.11 23.95 22.66 21.54 22.59 21.83 21.54 21.63 22.84 22.82 23.65 23.99 23.65 23.46 22.51 22.44 19.49 20.40 19.75 20.71 19.91 21.89 22.78 23.02 22.86 24.34 24.28 23.09 20.09 19.90 20.28 18.33 18.47 18.42 20.10 19.47 19.97 
12.66 10.45 9.45 8.85 7.42 0.54 7.50 8.94 9.00 10.59 10.31 12.94 13.69 14.03 13.59 16.93 18.99 18.15 19.74 22.41 23.73 22.96 21.21 23.17 23.64 21.71 21.58 21.04 20.65 19.74 20.58 20.91 20.24 19.93 22.09 22.24 20.65 19.19 18.11 18.45 18.46 16.94 16.85 18.70 17.19 17.42 19.01 20.15 19.30 20.25 22.29 21.64 21.63 21.94 23.65 22.30 21.99 21.41 22.40 22.35 22.41 20.50 20.52 21.62 21.56 19.41 19.93 20.25 20.58 20.93 21.65 21.41 22.77 22.66 20.64 21.95 23.20 22.22 20.69 23.65 24.76 22.70 22.89 24.67 25.62 24.47 24.20 22.46 23.06 22.33 21.43 20.20 21.78 20.20 20.42 20.25 22.28 21.49 23.14 22.95 23.37 22.41 21.84 21.31 18.56 18.98 18.54 19.40 19.24 20.90 22.38 22.28 22.71 23.22 23.63 22.63 19.91 18.93 18.79 16.70 16.41 18.15 18.82 19.44 20.55 
14.84 13.72 11.48 8.70 8.14 7.50 0.28 6.07 8.35 8.64 9.86 10.48 12.86 12.66 12.64 15.00 18.29 17.02 18.63 21.30 22.47 21.96 20.95 22.66 23.05 21.23 21.75 21.15 20.82 20.06 21.13 21.67 20.92 21.39 23.02 23.71 21.68 20.78 19.41 20.16 19.90 18.28 17.74 19.40 18.48 18.16 19.61 20.47 20.01 20.69 22.34 21.73 22.26 22.45 23.71 22.74 22.54 21.92 22.59 22.93 22.96 21.04 20.93 22.22 22.07 19.82 20.23 20.57 20.90 21.25 21.79 21.69 22.99 22.96 20.76 22.15 23.67 22.43 20.63 23.78 24.95 23.04 22.81 24.80 25.81 24.72 24.07 22.75 23.39 22.83 21.57 20.62 22.21 20.75 20.57 20.72 22.24 21.95 22.96 23.22 23.28 22.96 22.17 21.92 18.88 19.73 18.89 19.97 19.34 21.11 22.48 22.56 22.46 23.58 23.78 22.64 19.94 19.57 19.31 17.95 17.28 17.65 18.39 18.42 20.46 
15.80 14.93 12.52 10.67 9.74 8.94 6.07 0.00 6.66 8.95 7.22 9.68 11.10 12.51 11.63 14.81 17.30 16.43 18.61 21.03 22.31 21.42 21.05 22.61 22.82 21.10 21.63 21.03 20.67 20.39 21.68 22.26 21.30 21.83 23.41 23.91 21.90 21.21 19.89 20.60 20.30 18.79 18.10 20.23 18.98 19.13 20.15 21.52 20.41 21.61 22.76 22.60 22.46 23.15 24.22 23.42 22.84 22.48 23.13 23.62 23.63 21.90 21.77 23.37 23.02 20.94 21.30 21.80 21.89 22.48 22.78 22.87 23.95 24.20 21.73 23.52 24.70 23.81 21.94 25.31 26.16 24.60 24.25 26.14 27.04 26.19 25.29 23.69 24.63 23.96 22.66 21.66 23.30 21.74 21.81 21.94 23.72 23.15 24.39 24.40 24.77 23.81 23.13 22.70 20.17 20.61 19.80 20.64 20.36 22.20 23.32 23.51 23.94 24.51 24.20 24.14 21.69 19.87 19.49 18.58 18.38 18.91 18.91 19.90 22.78 
17.34 15.97 14.72 11.83 11.56 9.00 8.35 6.66 1.91 7.04 8.45 7.85 10.12 11.07 11.95 14.71 16.74 16.20 18.52 20.57 21.27 21.31 20.64 21.91 23.05 21.45 22.58 21.53 21.65 21.24 22.62 23.17 22.37 23.04 24.47 25.03 22.97 22.40 21.00 21.77 21.93 20.44 19.94 21.70 21.42 21.25 22.47 23.08 22.24 23.08 24.68 23.90 24.03 24.51 25.71 24.59 24.15 23.94 24.66 25.09 25.33 24.05 23.65 25.21 24.89 22.90 23.54 23.74 23.84 24.44 25.22 24.88 25.95 26.12 24.23 25.54 26.76 25.98 24.46 27.32 27.81 26.52 26.50 27.96 28.72 27.88 27.20 25.35 26.31 26.06 24.87 23.70 25.22 23.96 23.89 23.89 25.38 24.97 26.23 26.23 26.66 25.56 24.67 24.73 22.05 22.63 21.64 22.26 21.70 23.27 24.25 24.25 25.17 25.61 25.03 24.28 22.32 20.76 20.79 20.21 19.39 20.46 20.93 22.36 22.72 
17.24 15.65 14.36 12.76 11.85 10.59 8.64 8.95 7.04 0.00 5.94 9.17 7.71 9.74 9.93 13.28 14.67 14.58 15.58 17.96 19.52 18.73 18.19 19.71 20.95 19.40 20.49 19.63 19.42 19.36 20.81 21.58 20.45 21.49 23.66 24.47 21.96 21.20 19.97 20.67 20.13 19.05 18.62 20.26 19.94 19.81 21.03 21.82 20.79 21.92 23.03 22.38 22.54 22.76 23.83 23.13 22.69 22.57 23.28 23.72 24.05 22.70 22.48 24.02 23.93 21.87 22.34 22.73 23.18 23.33 23.96 23.87 25.19 25.05 23.23 24.35 25.83 25.03 23.49 26.16 26.74 25.14 25.23 26.66 27.27 26.40 26.04 24.10 24.87 24.33 23.55 22.57 24.18 22.60 22.89 22.64 24.56 23.84 25.63 25.18 25.87 24.71 23.76 23.52 21.15 21.52 20.49 21.20 20.84 22.27 23.26 23.38 24.19 24.99 24.29 23.70 21.50 19.67 20.09 18.90 18.40 19.68 20.54 21.19 22.21 
17.35 15.99 15.04 12.17 12.14 10.31 9.86 7.22 8.45 5.94 0.89 5.67 8.63 6.53 7.67 9.91 11.73 10.93 12.81 13.83 15.59 15.32 15.24 17.02 18.41 16.78 18.40 17.33 17.06 16.73 18.50 18.78 17.90 19.30 21.62 22.49 19.68 19.06 17.78 18.14 17.41 16.63 16.70 18.32 17.55 17.77 19.34 20.04 18.87 19.85 21.32 20.78 20.68 21.06 21.85 21.32 20.95 20.78 21.55 22.31 22.40 21.23 20.86 22.54 22.52 20.41 20.71 21.30 21.56 21.79 22.40 22.51 23.39 23.50 21.51 23.09 24.21 23.40 21.64 24.75 25.24 23.82 23.46 25.17 25.84 24.91 24.24 22.58 23.37 22.83 21.90 21.09 22.47 20.98 21.43 21.37 23.00 22.39 24.08 23.69 24.10 23.23 22.26 21.94 19.43 19.90 18.82 19.52 19.04 20.43 21.58 21.71 22.47 23.20 23.01 22.20 19.86 18.84 18.92 17.72 17.32 18.82 19.83 20.19 22.04 
18.95 17.88 16.26 14.46 13.56 12.94 10.48 9.68 7.85 9.17 5.67 0.00 6.75 8.40 6.08 8.89 10.71 11.30 11.96 14.48 15.40 16.30 16.26 18.59 19.47 18.79 20.10 19.38 18.80 18.70 19.70 20.53 19.24 20.91 22.55 23.69 21.11 20.00 18.51 19.40 18.46 18.16 18.18 20.38 19.70 20.04 21.50 22.10 20.95 22.05 23.16 22.70 22.76 22.93 23.88 22.97 22.80 22.55 23.38 23.73 24.54 23.02 22.87 24.41 24.45 22.29 22.88 23.15 23.55 23.81 24.67 24.33 25.59 25.56 23.94 25.00 26.51 25.55 24.08 26.80 27.50 26.01 25.82 27.25 27.92 27.03 26.26 24.50 25.27 24.70 23.75 22.86 24.26 22.98 23.20 23.10 24.65 24.26 26.05 25.48 25.89 24.87 24.12 23.57 21.26 21.43 20.48 21.12 20.81 22.16 23.16 23.43 24.11 25.06 24.20 24.13 21.68 20.36 20.08 19.58 18.48 20.39 20.92 22.16 22.32 
20.16 19.04 18.52 14.87 15.44 13.69 12.86 11.10 10.12 7.71 8.63 6.75 0.56 6.29 7.95 8.35 9.42 10.61 13.03 14.96 15.26 16.01 16.80 18.40 20.13 19.48 21.17 20.05 20.07 19.54 20.04 20.42 20.08 20.95 22.39 23.14 21.12 20.07 18.58 19.13 18.59 18.33 18.74 20.57 20.71 21.69 23.16 23.64 22.42 23.78 25.02 24.54 24.35 24.98 25.36 24.56 23.99 24.06 24.33 25.03 25.57 24.65 24.02 25.77 25.52 23.92 24.20 24.79 24.71 25.51 26.10 26.16 26.94 27.55 25.68 27.01 27.88 27.58 25.94 28.86 28.97 27.68 27.56 29.03 29.30 28.67 27.93 25.95 26.59 26.19 25.18 24.19 25.32 24.33 24.45 24.29 25.72 25.70 27.10 26.88 26.98 26.04 25.35 24.84 22.50 22.65 21.87 22.26 21.73 23.01 23.87 23.89 24.66 25.74 25.33 24.72 22.66 21.61 21.19 20.38 19.11 20.65 21.26 22.67 21.96 
20.02 18.53 17.32 15.15 14.99 14.03 12.66 12.51 11.07 9.74 6.53 8.40 6.29 0.00 5.07 8.93 7.59 8.76 10.13 12.46 13.44 14.48 13.88 16.46 18.01 17.78 19.20 18.23 17.65 17.23 17.92 18.30 17.54 18.74 20.37 21.83 18.85 17.97 16.02 17.02 15.76 16.04 16.36 18.33 18.92 19.67 21.21 21.38 20.48 21.99 23.54 22.82 22.86 23.07 24.01 22.79 22.38 21.97 22.82 22.98 23.65 22.22 22.14 23.63 23.87 21.78 22.37 22.80 23.50 23.64 24.35 24.27 25.64 25.59 23.97 24.83 26.38 25.72 24.17 26.95 27.36 25.75 25.53 27.10 27.48 26.50 25.80 23.98 24.64 24.15 23.06 22.08 23.58 22.30 22.56 22.33 24.12 23.89 25.66 25.05 25.36 24.12 23.33 22.74 20.59 20.40 19.59 20.12 20.13 21.07 22.15 22.26 23.44 24.13 23.47 23.03 21.11 19.75 19.89 18.78 17.79 19.46 20.08 20.94 20.87 
20.80 19.50 17.73 15.12 15.95 13.59 12.64 11.63 11.95 9.93 7.67 6.08 7.95 5.07 0.70 5.78 7.75 6.03 7.81 9.91 11.26 12.05 12.59 13.82 17.09 16.58 18.14 17.31 16.69 15.26 16.13 15.96 15.54 16.13 18.57 19.18 16.78 15.21 14.44 14.66 13.77 14.04 15.26 17.58 17.57 18.40 20.03 20.57 19.24 20.60 22.16 22.04 21.94 22.53 23.19 22.45 21.43 21.47 22.06 22.80 22.98 21.65 21.42 23.17 23.09 21.28 21.69 22.39 22.88 22.91 23.63 23.84 24.80 24.87 22.95 24.54 25.67 25.00 23.00 26.28 26.69 25.26 24.57 26.54 27.08 26.15 24.81 23.23 24.23 23.65 22.49 21.70 23.23 22.01 22.12 22.08 23.76 23.63 24.95 24.76 24.72 24.05 22.96 22.36 20.00 20.26 19.15 19.78 19.37 20.62 21.44 21.77 22.75 23.52 22.85 22.56 20.52 19.39 19.27 18.14 17.35 19.30 19.50 20.60 21.27 
23.14 21.85 20.83 18.54 18.90 16.93 15.00 14.81 14.71 13.28 9.91 8.89 8.35 8.93 5.78 0.00 6.82 8.20 7.39 9.22 10.70 12.72 12.87 14.74 17.25 18.37 19.79 19.14 18.61 17.82 18.50 18.56 18.32 19.17 20.59 22.12 19.33 18.00 15.78 16.76 15.48 16.83 17.12 19.28 19.74 21.09 22.18 22.55 21.62 22.79 24.61 24.02 24.46 24.63 25.67 24.62 24.22 23.62 24.33 24.84 25.42 23.79 23.61 25.48 25.50 23.46 24.02 24.68 24.98 25.22 25.99 26.20 26.99 27.10 25.37 26.69 27.99 27.23 25.61 28.56 28.97 27.52 27.05 28.79 29.34 28.36 27.30 25.37 26.25 25.66 24.65 23.59 25.29 24.17 24.57 24.25 25.93 25.80 27.61 26.92 26.97 25.99 25.42 24.60 22.37 22.34 21.71 22.04 21.96 22.98 24.14 24.27 25.50 26.11 25.38 24.90 23.00 21.39 21.17 20.86 19.80 21.55 21.48 23.03 22.63 
24.74 23.96 22.60 20.81 21.35 18.99 18.29 17.30 16.74 14.67 11.73 10.71 9.42 7.59 7.75 6.82 0.00 5.85 8.41 8.86 9.82 11.78 13.06 14.60 16.66 17.05 19.76 18.94 19.14 18.05 18.62 18.27 19.07 19.61 21.42 21.86 19.94 17.93 16.40 16.31 15.23 16.09 17.27 19.01 19.34 21.30 23.21 23.78 22.30 23.73 25.36 25.11 25.23 25.80 26.62 25.98 24.96 24.62 24.77 25.60 26.00 24.58 24.47 26.66 26.47 24.50 25.01 25.77 25.94 26.33 27.13 27.25 28.05 28.18 26.13 27.68 28.77 27.94 26.48 29.45 29.70 28.25 28.12 29.81 30.17 29.24 28.54 26.47 27.13 26.55 25.56 24.65 26.11 25.24 25.43 25.47 26.81 26.96 28.59 28.20 27.80 27.20 26.66 25.98 23.47 23.61 22.69 23.26 22.86 24.22 25.10 25.18 26.14 27.07 26.70 26.09 24.12 22.66 22.54 22.16 20.99 21.97 23.18 24.56 24.65 
23.99 22.51 21.51 19.62 19.53 18.15 17.02 16.43 16.20 14.58 10.93 11.30 10.61 8.76 6.03 8.20 5.85 0.00 5.43 8.85 7.85 9.19 9.64 12.41 13.41 14.53 16.07 15.78 15.63 13.49 14.52 13.74 14.54 16.59 18.46 20.68 16.70 15.38 12.74 14.31 11.56 13.71 13.94 16.35 15.79 17.32 19.88 20.42 18.62 19.82 22.79 22.23 22.90 23.16 24.89 23.63 22.97 22.17 22.88 23.20 23.26 21.48 21.76 23.95 23.79 21.71 22.44 23.13 23.71 23.98 24.77 24.99 26.27 25.75 23.74 25.10 26.52 25.36 23.60 26.90 27.50 25.53 25.43 27.42 27.84 26.84 26.04 24.01 24.76 24.09 22.95 22.14 24.00 22.89 23.16 23.10 24.91 24.80 26.53 25.99 25.85 25.13 24.20 23.36 20.98 20.76 19.69 20.34 20.36 21.24 22.56 22.89 24.27 24.99 24.09 23.73 21.69 19.95 20.03 19.30 18.64 20.25 20.67 22.24 22.78 
25.62 25.04 23.88 21.89 21.34 19.74 18.63 18.61 18.52 15.58 12.81 11.96 13.03 10.13 7.81 7.39 8.41 5.43 0.78 7.13 8.15 7.58 9.42 11.15 14.10 14.04 16.28 15.09 16.06 13.21 14.30 13.09 14.14 16.79 20.62 20.62 17.70 16.17 13.72 14.57 11.46 13.71 15.35 16.86 16.68 18.19 19.98 21.34 19.11 21.04 23.65 24.00 24.58 25.18 26.56 25.63 24.25 24.04 24.44 24.78 24.28 22.97 22.79 24.96 24.59 22.77 23.34 24.24 24.69 24.89 25.78 26.21 27.17 27.09 24.33 26.44 27.65 26.47 24.31 27.91 28.65 26.86 26.37 28.66 29.41 28.33 27.23 25.26 26.38 25.64 24.52 23.74 25.58 24.59 24.88 24.94 26.75 26.54 28.55 28.12 28.10 27.12 25.80 25.20 22.68 22.68 21.22 21.94 21.75 23.19 24.07 24.54 26.41 27.20 26.69 25.95 23.23 21.76 21.59 20.97 20.42 20.75 21.93 23.10 24.47 
27.69 26.88 26.32 24.68 24.04 22.41 21.30 21.03 20.57 17.96 13.83 14.48 14.96 12.46 9.91 9.22 8.86 8.85 7.13 0.00 7.44 9.30 8.06 9.14 12.03 14.49 15.79 15.22 15.86 14.84 15.66 15.37 16.19 19.28 22.14 22.58 18.79 16.28 13.78 14.05 11.63 13.96 14.26 15.49 16.62 18.40 20.61 21.47 20.31 22.04 24.78 24.54 25.48 25.77 27.63 26.31 25.82 24.84 25.23 25.49 25.44 23.71 23.41 25.51 25.69 23.68 24.07 24.87 25.57 26.00 26.67 26.77 28.08 27.68 25.73 26.94 28.29 27.09 25.78 28.76 29.60 27.76 27.60 29.55 30.20 29.06 28.29 26.22 26.99 26.30 25.47 24.55 26.22 25.45 25.96 25.91 27.34 27.38 29.31 28.95 28.54 27.51 26.91 26.04 23.68 23.29 22.62 23.02 23.26 24.29 25.60 25.81 27.44 28.24 27.29 26.79 24.46 22.83 22.52 21.89 20.85 22.38 22.70 24.26 24.65 
28.94 28.23 27.32 25.71 25.04 23.73 22.47 22.31 21.27 19.52 15.59 15.40 15.26 13.44 11.26 10.70 9.82 7.85 8.15 7.44 0.00 7.34 8.54 8.38 9.74 11.47 14.06 13.86 14.58 12.57 14.80 13.79 15.95 19.31 22.71 22.16 18.75 16.05 13.20 13.84 11.65 11.87 13.30 14.92 15.16 16.83 19.08 20.59 18.80 20.56 23.35 23.80 24.78 25.24 26.66 26.01 25.06 24.24 24.14 24.85 24.60 22.69 22.19 24.80 24.58 22.71 23.24 24.28 24.92 25.45 26.01 26.32 27.40 27.27 24.76 26.76 27.64 26.44 24.70 28.11 28.70 26.73 26.98 29.06 29.58 28.61 28.23 26.16 26.77 25.93 25.05 24.03 25.74 25.01 25.58 25.56 26.95 26.90 29.18 28.31 27.58 26.81 26.54 25.56 22.99 22.95 22.17 22.61 22.49 23.88 25.04 25.14 26.79 27.76 27.38 26.37 24.22 22.96 22.85 22.01 21.12 21.67 23.39 24.87 25.71 
27.86 26.79 26.11 24.76 23.74 22.96 21.96 21.42 21.31 18.73 15.32 16.30 16.01 14.48 12.05 12.72 11.78 9.19 7.58 9.30 7.34 0.00 6.60 8.82 8.67 9.35 11.55 11.32 12.62 9.84 12.15 10.94 14.34 18.53 22.41 22.56 17.91 16.06 11.83 13.07 8.65 10.43 11.05 14.69 12.58 14.96 17.00 18.82 16.04 17.66 21.35 21.74 23.21 23.69 25.55 24.25 23.25 22.15 22.28 22.85 22.20 19.87 19.59 22.61 22.01 19.90 20.47 21.90 22.63 23.61 24.16 24.60 25.56 25.23 22.60 24.19 25.49 23.88 22.10 25.48 26.45 24.18 24.59 26.72 27.67 26.64 26.10 23.76 24.50 23.69 22.87 21.79 23.63 22.91 23.28 23.35 25.11 25.56 27.39 26.75 26.17 25.20 24.21 23.40 20.91 20.92 19.80 20.28 20.69 21.64 22.99 23.56 25.48 26.17 25.30 24.60 22.22 20.62 20.87 19.59 19.16 20.28 21.30 22.59 23.93 
26.96 26.25 25.59 23.98 22.12 21.21 20.95 21.05 20.64 18.19 15.24 16.26 16.80 13.88 12.59 12.87 13.06 9.64 9.42 8.06 8.54 6.60 0.00 6.88 8.10 7.71 9.93 10.53 10.21 9.13 12.27 11.74 14.27 18.78 23.07 22.27 17.45 15.12 12.30 11.04 6.32 7.92 9.46 10.64 11.23 13.29 15.62 16.73 15.12 16.98 20.19 20.52 21.94 22.54 24.89 23.34 21.70 20.65 21.03 21.18 20.50 18.18 18.00 20.27 20.15 17.96 18.85 19.93 21.03 21.09 22.14 22.42 23.70 23.42 20.73 22.47 23.90 22.22 20.30 23.65 24.92 22.70 23.13 25.52 26.72 25.40 24.69 22.68 23.70 22.61 21.71 20.75 22.52 21.83 22.22 22.37 24.26 23.97 26.16 25.53 25.29 23.92 23.16 22.10 19.98 19.47 18.59 18.94 19.28 20.68 22.23 22.62 24.42 24.98 24.58 23.51 20.91 19.65 19.82 18.89 18.59 19.20 20.58 22.10 23.97 
28.31 27.59 27.21 25.98 24.34 23.17 22.66 22.61 21.91 19.71 17.02 18.59 18.40 16.46 13.82 14.74 14.60 12.41 11.15 9.14 8.38 8.82 6.88 0.00 6.92 7.80 9.14 10.48 11.53 10.77 14.14 15.46 18.23 22.50 26.89 26.05 20.08 19.22 14.84 14.51 10.02 10.98 9.38 10.52 11.32 14.66 14.74 16.75 14.61 17.77 19.87 19.86 21.89 22.35 24.55 23.28 22.17 21.08 21.29 21.72 21.42 19.19 18.73 21.12 21.05 19.39 19.60 20.53 21.52 22.56 23.11 22.78 24.05 23.94 21.25 22.24 23.80 22.13 20.78 23.76 24.89 22.94 23.34 25.14 26.34 25.15 24.72 22.33 23.15 22.47 21.72 20.80 22.63 22.14 22.65 22.85 24.72 24.95 26.96 26.24 25.99 24.51 23.89 22.77 20.51 20.09 19.53 19.54 20.14 21.48 23.26 23.37 25.16 25.64 24.92 24.27 21.61 20.10 20.13 19.55 18.52 20.53 21.23 22.94 23.70 
28.63 28.01 27.15 25.73 24.87 23.64 23.05 22.82 23.05 20.95 18.41 19.47 20.13 18.01 17.09 17.25 16.66 13.41 14.10 12.03 9.74 8.67 8.10 6.92 1.58 5.64 7.35 8.81 9.67 10.56 13.63 15.82 19.12 23.96 27.63 26.71 20.58 19.80 16.90 16.13 13.42 11.83 10.16 11.19 10.45 12.25 14.08 15.15 13.39 15.83 18.23 18.15 21.18 22.14 23.40 21.90 21.06 20.21 20.43 20.63 20.55 18.01 17.99 20.55 20.29 17.97 18.94 20.07 21.08 21.53 22.25 22.04 23.53 22.91 20.22 21.64 22.98 20.98 19.65 22.83 24.13 21.73 22.44 24.42 25.17 23.82 24.13 21.68 22.67 22.03 21.56 20.42 22.20 21.56 22.40 22.74 24.73 24.45 27.12 26.03 25.48 23.99 23.84 22.54 20.49 19.91 19.55 19.52 20.09 21.39 23.34 23.20 25.15 25.57 25.27 24.13 21.53 20.46 20.44 19.82 18.91 20.40 22.05 23.68 24.55 
27.23 26.12 25.60 24.27 23.17 21.71 21.23 21.10 21.45 19.40 16.78 18.79 19.48 17.78 16.58 18.37 17.05 14.53 14.04 14.49 11.47 9.35 7.71 7.80 5.64 0.00 4.57 5.89 8.23 8.30 12.21 14.25 17.55 22.02 26.66 25.65 19.67 19.75 15.81 16.29 10.89 12.30 9.57 10.51 8.68 9.30 11.77 13.17 11.13 13.54 16.38 15.97 19.42 20.56 22.15 20.49 19.00 18.94 18.73 19.19 19.21 16.31 16.19 18.62 17.97 15.80 16.53 17.92 18.56 19.77 20.46 20.13 21.32 21.18 18.14 19.67 20.58 19.17 17.37 20.76 21.67 19.83 20.67 22.81 23.56 22.68 22.48 19.99 20.73 20.13 19.66 18.70 20.59 19.98 20.56 20.86 22.97 22.85 25.20 24.35 23.84 22.04 21.36 20.61 18.21 17.85 16.99 17.44 18.11 19.46 21.30 21.64 23.83 24.07 23.38 22.67 19.97 18.60 18.66 17.70 16.80 18.94 19.96 21.45 22.29 
26.96 26.17 25.63 23.58 22.54 21.58 21.75 21.63 22.58 20.49 18.40 20.10 21.17 19.20 18.14 19.79 19.76 16.07 16.28 15.79 14.06 11.55 9.93 9.14 7.35 4.57 0.00 4.91 5.94 8.90 12.48 14.86 18.15 22.99 26.08 26.18 20.60 20.29 14.93 16.18 11.27 12.07 10.79 11.43 7.77 9.23 10.33 12.55 10.30 13.16 16.65 16.64 19.09 20.32 22.55 20.55 18.35 18.09 19.04 18.64 18.32 15.20 15.92 17.94 17.39 14.63 15.52 17.03 17.81 18.62 19.81 19.77 20.95 20.55 17.55 19.29 20.54 18.79 17.31 20.57 21.90 19.86 20.60 23.08 23.98 23.22 22.51 20.06 20.88 20.44 19.67 18.98 20.68 20.41 20.87 21.18 23.41 23.36 25.48 24.88 24.61 22.69 21.52 20.34 18.27 17.86 17.73 18.12 18.80 20.15 22.39 22.65 24.77 24.99 24.60 23.50 20.43 19.14 19.33 18.18 16.91 18.46 19.94 21.18 22.70 
26.56 25.61 25.38 23.45 22.45 21.04 21.15 21.03 21.53 19.63 17.33 19.38 20.05 18.23 17.31 19.14 18.94 15.78 15.09 15.22 13.86 11.32 10.53 10.48 8.81 5.89 4.91 0.00 6.00 6.61 9.68 12.14 14.96 19.17 22.94 23.61 17.99 19.23 13.22 14.94 10.84 11.35 9.30 11.86 8.18 6.93 10.98 12.06 8.20 12.02 15.81 15.06 17.67 18.71 20.87 18.98 17.02 16.48 16.82 17.47 17.26 12.74 14.44 16.95 15.89 13.49 15.12 16.34 16.82 18.06 19.48 18.90 20.24 19.96 16.60 17.73 19.32 18.27 15.58 19.37 20.70 18.87 19.88 21.50 22.30 21.76 21.45 18.75 19.64 19.57 18.47 17.43 19.11 18.74 19.06 19.43 21.94 21.82 24.41 23.77 23.81 21.69 20.28 19.26 17.00 16.42 15.92 16.50 17.34 18.92 21.04 21.28 23.70 23.78 23.15 22.47 19.73 18.13 17.60 17.49 15.70 18.45 19.06 20.95 21.22 
26.20 25.06 24.71 22.36 21.84 20.65 20.82 20.67 21.65 19.42 17.06 18.80 20.07 17.65 16.69 18.61 19.14 15.63 16.06 15.86 14.58 12.62 10.21 11.53 9.67 8.23 5.94 6.00 0.00 7.16 6.33 10.59 12.74 16.40 19.27 19.36 15.16 13.93 10.51 11.32 8.77 7.56 6.82 9.70 5.67 4.99 8.47 10.29 4.69 8.70 13.85 13.11 14.97 16.61 19.24 17.10 15.50 14.63 15.76 15.82 15.31 10.73 12.61 15.76 14.82 12.13 14.20 15.64 16.41 17.15 18.17 17.56 19.10 18.34 15.44 16.59 17.91 15.70 13.46 17.85 19.38 16.62 18.23 20.59 20.83 20.20 20.61 18.01 19.00 18.53 17.47 15.99 17.57 17.07 17.73 18.07 20.02 20.18 23.18 22.46 22.20 20.60 19.81 18.63 16.33 15.74 15.53 16.19 16.63 18.05 19.82 20.16 22.61 22.93 22.43 21.23 18.89 17.73 17.48 16.79 14.88 17.35 18.60 20.26 21.15 
25.32 23.80 23.32 21.74 21.09 19.74 20.06 20.39 21.24 19.36 16.73 18.70 19.54 17.23 15.26 17.82 18.05 13.49 13.21 14.84 12.57 9.84 9.13 10.77 10.56 8.30 8.90 6.61 7.16 0.00 7.12 8.94 11.41 14.37 17.37 16.83 12.76 11.99 8.61 9.49 8.91 9.37 9.14 12.67 9.56 9.04 10.97 12.45 8.59 10.10 14.69 14.15 15.21 16.46 18.18 16.17 14.21 14.59 14.69 14.71 14.85 11.46 12.59 14.68 14.40 12.69 14.19 14.94 15.42 16.67 17.70 16.78 17.49 16.93 14.24 15.00 16.40 14.95 12.66 16.41 17.37 15.62 17.30 19.47 20.35 19.63 20.15 17.93 18.39 17.85 16.92 15.34 16.87 16.50 17.10 17.47 19.37 19.58 22.53 21.75 22.03 20.18 19.14 18.51 16.23 15.45 15.02 15.77 16.13 17.51 18.84 19.65 21.82 22.36 21.16 20.58 18.29 16.80 16.41 15.84 14.23 17.17 18.01 19.79 20.55 
25.69 24.64 24.03 22.10 21.34 20.58 21.13 21.68 22.62 20.81 18.50 19.70 20.04 17.92 16.13 18.50 18.62 14.52 14.30 15.66 14.80 12.15 12.27 14.14 13.63 12.21 12.48 9.68 6.33 7.12 2.52 7.74 9.24 11.58 14.43 14.52 11.05 8.71 5.61 7.62 7.62 7.05 8.40 13.02 9.17 7.75 10.38 11.71 9.34 10.21 14.50 13.82 14.78 15.30 18.05 14.94 12.73 12.25 13.88 12.87 11.49 8.84 10.57 13.38 12.76 10.89 13.01 14.38 15.23 16.16 17.19 16.37 17.13 16.47 14.37 15.34 16.69 15.15 13.82 16.50 17.55 15.89 17.25 20.05 21.41 20.44 20.62 18.91 19.59 18.58 17.63 16.26 17.71 17.18 18.02 18.48 20.50 20.75 23.27 22.96 23.17 21.50 20.31 19.37 17.93 16.90 16.22 16.95 17.20 18.58 20.10 20.90 23.26 23.63 22.78 21.92 19.57 18.01 17.79 16.83 15.28 17.68 18.78 20.13 21.67 
25.64 24.92 24.37 22.49 21.88 20.91 21.67 22.26 23.17 21.58 18.78 20.53 20.42 18.30 15.96 18.56 18.27 13.74 13.09 15.37 13.79 10.94 11.74 15.46 15.82 14.25 14.86 12.14 10.59 8.94 7.74 5.85 8.56 9.58 12.02 12.53 7.30 8.10 5.01 6.24 6.91 9.21 10.53 15.54 11.11 10.65 13.00 14.34 10.42 12.18 15.91 13.79 15.13 15.98 18.30 16.24 14.19 13.74 14.52 14.30 13.75 9.43 12.56 15.18 15.07 13.96 15.72 16.85 16.94 17.60 18.54 18.20 18.63 18.13 14.37 16.11 17.21 15.80 12.47 17.21 18.21 16.34 18.14 21.09 22.00 21.17 21.53 19.63 20.30 19.62 18.47 17.21 18.52 18.09 18.86 19.49 21.56 22.12 24.73 24.47 24.53 22.90 21.65 21.02 19.17 18.37 17.44 18.15 18.42 19.82 20.97 22.09 24.07 24.62 23.33 22.95 20.34 18.27 17.65 17.77 15.90 18.71 19.17 21.09 21.42 
24.36 23.88 23.70 21.38 20.67 20.24 20.92 21.30 22.37 20.45 17.90 19.24 20.08 17.54 15.54 18.32 19.07 14.54 14.14 16.19 15.95 14.34 14.27 18.23 19.12 17.55 18.15 14.96 12.74 11.41 9.24 8.56 7.20 7.91 7.51 7.95 7.20 5.64 5.98 7.22 9.46 10.93 13.13 16.57 14.48 13.41 16.10 16.32 12.19 12.74 16.20 14.66 15.56 16.09 17.44 14.95 13.35 11.83 11.39 12.36 9.96 6.83 9.90 13.42 13.38 11.99 14.08 15.40 16.31 16.63 17.52 16.69 17.55 16.22 12.97 13.91 15.54 11.31 8.17 14.35 17.00 13.59 15.49 19.26 20.57 19.72 20.64 18.39 19.72 19.05 17.95 16.48 18.11 17.41 18.55 19.03 21.51 21.76 24.82 24.36 24.48 23.23 22.35 21.42 19.37 18.88 17.83 18.22 18.18 19.73 20.71 21.26 23.78 24.24 23.21 22.35 19.76 18.36 18.36 17.50 15.50 17.82 19.23 20.99 21.50 
24.64 23.74 23.94 21.77 21.12 19.93 21.39 21.83 23.04 21.49 19.30 20.91 20.95 18.74 16.13 19.17 19.61 16.59 16.79 19.28 19.31 18.53 18.78 22.50 23.96 22.02 22.99 19.17 16.40 14.37 11.58 9.58 7.91 3.80 4.04 2.93 4.64 4.80 6.31 8.49 13.41 14.53 15.72 19.43 19.52 18.34 20.01 20.48 17.23 17.75 18.89 16.73 17.91 16.34 17.74 16.44 14.67 13.32 12.21 14.02 13.20 11.28 12.80 15.33 16.02 15.36 17.28 17.67 17.78 18.37 19.72 18.60 18.89 18.59 15.94 15.87 16.17 14.77 11.95 15.67 17.77 16.62 17.69 20.79 21.95 21.52 22.01 20.03 21.09 20.57 19.62 18.28 20.18 19.34 20.21 20.78 23.06 23.54 25.85 25.49 25.87 24.95 23.96 23.39 21.02 20.53 19.30 19.56 19.45 20.98 22.12 22.70 24.76 25.21 23.76 23.12 21.03 19.46 18.67 17.91 16.82 19.06 19.67 21.07 21.66 
26.08 25.68 25.80 23.54 22.41 22.09 23.02 23.41 24.47 23.66 21.62 22.55 22.39 20.37 18.57 20.59 21.42 18.46 20.62 22.14 22.71 22.41 23.07 26.89 27.63 26.66 26.08 22.94 19.27 17.37 14.43 12.02 7.51 4.04 4.48 3.98 5.61 8.35 10.96 13.07 17.43 18.10 21.16 23.30 22.74 21.09 23.77 23.49 20.93 20.94 22.53 19.61 19.43 18.32 19.01 16.81 14.79 13.42 13.75 15.26 14.46 13.67 14.80 17.38 17.84 17.49 19.50 20.16 20.29 20.81 21.98 20.57 20.45 19.25 17.10 17.17 17.39 15.50 14.56 17.35 19.18 17.77 18.93 22.00 24.26 23.71 23.64 22.23 23.53 23.01 21.72 21.03 22.89 22.08 22.78 23.28 26.06 25.95 28.37 28.01 28.43 27.31 26.32 25.64 23.19 22.61 21.65 22.24 22.02 23.14 23.94 24.87 27.13 27.53 26.20 25.51 23.11 21.63 21.83 20.22 19.01 20.19 21.68 23.05 24.01 
26.35 26.17 26.70 24.05 22.84 22.24 23.71 23.91 25.03 24.47 22.49 23.69 23.14 21.83 19.18 22.12 21.86 20.68 20.62 22.58 22.16 22.56 22.27 26.05 26.71 25.65 26.18 23.61 19.36 16.83 14.52 12.53 7.95 2.93 3.98 3.87 7.20 8.57 10.74 13.56 15.49 18.01 21.40 23.43 23.47 23.85 25.46 24.64 21.78 22.41 23.13 20.20 20.39 18.38 19.53 17.71 15.91 14.00 14.45 14.57 14.79 13.32 15.50 17.11 17.46 18.40 19.92 20.48 20.46 21.24 22.38 21.14 20.91 20.41 18.17 17.91 17.88 16.87 14.57 18.13 20.14 18.34 20.06 22.57 24.53 23.78 24.03 22.28 23.76 23.03 21.72 20.70 22.65 21.84 22.74 23.38 25.58 25.97 28.19 28.16 28.30 27.57 26.65 26.32 23.63 23.35 21.86 22.41 22.18 23.41 24.76 25.36 27.60 27.88 26.01 25.47 23.66 22.00 20.52 20.43 19.02 21.44 21.93 23.40 23.67 
24.90 24.80 25.27 22.52 20.74 20.65 21.68 21.90 22.97 21.96 19.68 21.11 21.12 18.85 16.78 19.33 19.94 16.70 17.70 18.79 18.75 17.91 17.45 20.08 20.58 19.67 20.60 17.99 15.16 12.76 11.05 7.30 7.20 4.64 5.61 7.20 6.15 8.10 7.43 9.54 11.80 14.07 17.77 19.46 19.93 19.64 21.64 21.61 18.75 18.83 21.10 18.16 17.98 15.66 17.17 16.15 13.60 12.05 11.87 12.28 9.96 10.26 11.94 13.67 15.06 15.63 16.24 16.38 17.51 18.42 19.22 17.27 17.88 18.14 15.32 14.87 15.71 14.26 11.47 15.19 18.00 16.17 17.30 20.01 21.34 20.63 21.09 19.43 20.87 20.32 19.17 17.98 20.24 19.43 20.62 20.98 23.58 23.66 26.04 25.70 25.70 24.79 24.16 23.60 21.23 20.79 19.72 20.59 20.32 21.57 22.39 23.14 25.79 25.73 24.03 23.42 21.44 19.83 19.91 18.72 17.90 19.18 21.13 22.99 23.84 
23.77 23.11 24.03 21.47 19.89 19.19 20.78 21.21 22.40 21.20 19.06 20.00 20.07 17.97 15.21 18.00 17.93 15.38 16.17 16.28 16.05 16.06 15.12 19.22 19.80 19.75 20.29 19.23 13.93 11.99 8.71 8.10 5.64 4.80 8.35 8.57 8.10 5.87 7.34 7.89 10.30 12.15 15.41 18.52 18.38 17.07 19.58 19.85 17.86 17.74 19.14 17.32 16.74 14.28 14.75 13.34 9.76 9.06 9.60 10.12 8.32 10.42 12.78 13.76 14.02 15.58 17.51 17.21 17.84 18.73 20.25 18.44 18.84 19.28 16.88 16.56 16.91 16.30 14.00 17.40 18.72 17.25 18.85 20.64 21.94 21.00 21.59 19.93 20.96 20.03 19.21 18.16 20.49 18.94 20.06 20.13 22.33 22.32 24.94 24.76 25.07 24.16 23.35 23.13 20.44 20.47 19.16 19.91 19.76 21.08 22.02 22.83 25.30 25.29 23.43 23.19 21.47 19.82 19.01 18.22 17.36 19.51 20.37 21.77 22.83 
22.71 22.19 22.77 20.56 18.64 18.11 19.41 19.89 21.00 19.97 17.78 18.51 18.58 16.02 14.44 15.78 16.40 12.74 13.72 13.78 13.20 11.83 12.30 14.84 16.90 15.81 14.93 13.22 10.51 8.61 5.61 5.01 5.98 6.31 10.96 10.74 7.43 7.34 3.39 7.01 8.53 9.48 12.77 15.77 14.85 13.11 16.09 17.43 15.57 14.88 15.90 14.00 14.75 12.29 12.96 10.59 7.48 7.62 9.20 10.29 7.95 8.91 11.75 14.37 13.64 14.05 16.82 17.23 17.82 18.45 19.95 18.34 19.28 18.73 16.66 16.69 17.71 15.90 14.31 17.68 19.19 17.60 18.41 21.11 23.01 21.64 21.52 20.18 21.10 19.81 18.46 17.73 19.55 18.32 18.91 19.26 21.34 21.17 23.48 23.63 23.97 22.83 22.12 21.21 19.03 18.89 17.75 18.49 18.69 19.94 20.79 21.71 24.00 24.32 22.82 22.11 20.38 18.66 18.79 17.49 16.57 18.34 19.53 21.07 22.84 
22.67 22.34 23.24 20.79 19.30 18.45 20.16 20.60 21.77 20.67 18.14 19.40 19.13 17.02 14.66 16.76 16.31 14.31 14.57 14.05 13.84 13.07 11.04 14.51 16.13 16.29 16.18 14.94 11.32 9.49 7.62 6.24 7.22 8.49 13.07 13.56 9.54 7.89 7.01 5.34 6.86 8.03 11.61 14.04 13.69 14.20 15.90 15.42 16.13 15.30 16.71 15.05 15.76 10.73 13.59 11.77 10.62 8.77 11.25 12.11 12.08 11.94 13.17 16.13 16.26 16.31 18.12 19.17 19.07 20.17 21.30 20.09 20.27 20.11 17.94 17.88 18.57 17.46 16.01 19.11 20.98 19.53 20.30 22.59 24.23 22.97 23.08 21.22 22.19 20.72 19.64 18.43 20.07 18.72 19.18 19.59 21.45 21.30 23.47 23.32 23.81 22.43 21.93 21.18 19.10 19.04 18.30 18.89 19.22 20.23 21.57 22.33 24.57 24.87 23.18 22.60 20.89 19.06 18.38 18.04 16.35 19.51 19.94 22.17 22.61 
22.29 22.12 22.54 20.28 18.97 18.46 19.90 20.30 21.93 20.13 17.41 18.46 18.59 15.76 13.77 15.48 15.23 11.56 11.46 11.63 11.65 8.65 6.32 10.02 13.42 10.89 11.27 10.84 8.77 8.91 7.62 6.91 9.46 13.41 17.43 15.49 11.80 10.30 8.53 6.86 7.43 7.91 9.80 10.93 11.42 11.18 12.59 12.90 12.76 11.68 15.02 14.93 13.90 8.06 13.06 14.04 8.53 8.74 11.91 13.88 13.22 12.95 13.01 15.14 16.26 15.83 16.97 18.11 19.46 20.26 21.05 20.14 20.55 20.53 17.75 18.53 19.56 17.95 16.20 19.58 21.74 20.27 20.42 23.16 24.60 23.40 23.48 21.37 21.93 20.69 19.56 18.53 19.98 18.43 19.01 19.39 21.57 21.55 23.13 23.23 23.34 22.05 21.23 21.22 19.14 19.02 17.91 19.09 19.12 20.51 21.46 22.36 24.43 25.13 23.67 23.11 20.84 19.11 19.07 18.21 16.52 18.50 20.00 22.33 23.16 
21.39 20.66 21.42 19.05 17.65 16.94 18.28 18.79 20.44 19.05 16.63 18.16 18.33 16.04 14.04 16.83 16.09 13.71 13.71 13.96 11.87 10.43 7.92 10.98 11.83 12.30 12.07 11.35 7.56 9.37 7.05 9.21 10.93 14.53 18.10 18.01 14.07 12.15 9.48 8.03 7.91 5.47 7.56 9.36 7.93 5.86 8.90 12.28 11.55 9.06 11.61 11.62 11.29 7.68 11.87 9.99 5.40 8.24 12.42 13.61 12.32 13.05 14.41 16.54 15.71 15.84 17.51 18.61 19.28 20.18 21.19 20.56 20.90 20.66 17.85 18.84 19.69 18.20 16.84 20.43 22.06 19.86 20.84 23.30 24.30 23.10 23.60 21.57 21.99 20.30 19.46 18.23 19.95 17.60 18.24 18.30 20.15 19.76 21.94 21.93 22.38 20.94 19.91 19.91 17.66 18.27 16.93 17.87 18.27 19.86 20.91 21.71 23.38 23.99 22.05 21.97 20.07 18.23 17.76 17.19 15.75 18.06 18.94 20.96 21.78 
22.40 21.50 21.57 18.95 17.73 16.85 17.74 18.10 19.94 18.62 16.70 18.18 18.74 16.36 15.26 17.12 17.27 13.94 15.35 14.26 13.30 11.05 9.46 9.38 10.16 9.57 10.79 9.30 6.82 9.14 8.40 10.53 13.13 15.72 21.16 21.40 17.77 15.41 12.77 11.61 9.80 7.56 7.09 7.63 8.59 7.94 8.08 10.98 13.24 11.57 12.06 11.95 13.02 9.80 12.95 12.46 9.57 11.83 14.70 16.01 15.91 16.04 16.40 18.41 18.25 17.51 19.51 20.26 20.86 21.42 22.23 21.39 21.79 21.79 19.13 19.74 20.75 19.65 18.32 21.49 22.98 21.41 21.88 24.09 25.46 24.43 24.31 22.27 23.04 21.73 20.28 19.00 20.75 18.95 19.14 18.81 20.75 19.94 22.14 21.97 22.04 20.44 19.78 19.02 16.80 17.41 16.71 17.71 18.08 19.88 20.93 21.45 23.22 23.83 22.80 22.00 20.47 18.54 18.63 17.55 16.05 17.83 19.06 20.60 21.95 
23.63 22.86 23.05 20.45 19.31 18.70 19.40 20.23 21.70 20.26 18.32 20.38 20.57 18.33 17.58 19.28 19.01 16.35 16.86 15.49 14.92 14.69 10.64 10.52 11.19 10.51 11.43 11.86 9.70 12.67 13.02 15.54 16.57 19.43 23.30 23.43 19.46 18.52 15.77 14.04 10.93 9.36 7.63 6.81 8.05 9.34 7.79 8.01 12.06 13.36 12.95 12.99 14.07 10.30 14.96 15.21 13.26 14.40 17.21 19.10 19.23 18.59 19.19 21.58 21.15 20.26 22.06 22.36 22.87 23.31 24.62 23.92 24.02 23.79 22.01 22.19 22.94 22.25 21.59 24.03 25.64 24.06 24.99 26.93 27.99 27.38 27.39 25.36 26.18 25.03 23.66 22.25 23.53 21.76 21.89 21.29 22.96 22.69 24.46 24.48 24.73 23.71 22.71 22.60 20.13 20.74 20.20 21.20 21.39 22.82 23.58 24.27 25.47 26.62 25.01 24.88 23.25 21.46 20.67 20.09 18.07 20.37 20.83 22.56 22.67 
23.03 22.08 22.13 19.44 18.48 17.19 18.48 18.98 21.42 19.94 17.55 19.70 20.71 18.92 17.57 19.74 19.34 15.79 16.68 16.62 15.16 12.58 11.23 11.32 10.45 8.68 7.77 8.18 5.67 9.56 9.17 11.11 14.48 19.52 22.74 23.47 19.93 18.38 14.85 13.69 11.42 7.93 8.59 8.05 7.80 7.42 8.04 6.73 7.85 9.67 12.89 12.40 14.25 11.78 15.55 15.26 11.51 14.40 17.62 17.91 17.60 16.49 17.51 20.07 19.28 18.01 19.74 20.67 21.18 22.09 23.47 22.77 23.16 22.86 20.10 21.43 22.48 21.18 19.95 23.39 25.11 23.51 23.89 26.19 27.60 26.81 27.14 24.91 25.65 24.61 23.52 21.96 22.82 21.08 21.21 20.63 22.63 22.21 23.90 23.76 24.16 23.17 21.76 22.20 20.03 20.58 20.23 21.26 21.14 22.40 23.27 23.39 25.50 26.45 25.78 24.80 22.42 21.10 20.71 19.61 17.04 18.69 20.41 22.09 22.61 
23.33 22.00 22.06 19.34 18.55 17.42 18.16 19.13 21.25 19.81 17.77 20.04 21.69 19.67 18.40 21.09 21.30 17.32 18.19 18.40 16.83 14.96 13.29 14.66 12.25 9.30 9.23 6.93 4.99 9.04 7.75 10.65 13.41 18.34 21.09 23.85 19.64 17.07 13.11 14.20 11.18 5.86 7.94 9.34 7.42 6.09 7.43 9.12 7.80 8.08 12.46 12.56 12.52 10.93 16.17 13.57 8.77 13.86 17.31 16.85 16.25 15.84 17.62 19.64 17.94 17.12 19.56 20.71 21.20 22.19 23.45 23.26 23.60 23.16 20.48 21.49 22.76 21.30 20.38 23.75 25.64 23.46 24.17 26.83 27.82 27.00 27.36 25.49 25.77 25.10 23.79 21.88 22.72 20.73 20.76 20.27 22.00 21.78 23.65 23.80 24.02 23.07 22.18 22.33 19.93 20.95 20.60 21.44 21.55 22.44 23.63 23.99 25.58 26.58 25.32 24.59 22.91 20.80 20.36 19.33 17.74 19.44 19.96 21.42 22.34 
25.27 24.10 23.68 21.04 20.37 19.01 19.61 20.15 22.47 21.03 19.34 21.50 23.16 21.21 20.03 22.18 23.21 19.88 19.98 20.61 19.08 17.00 15.62 14.74 14.08 11.77 10.33 10.98 8.47 10.97 10.38 13.00 16.10 20.01 23.77 25.46 21.64 19.58 16.09 15.90 12.59 8.90 8.08 7.79 8.04 7.43 7.66 7.92 8.71 8.03 10.48 9.95 9.19 8.85 14.95 13.30 10.11 13.91 16.71 17.49 18.86 18.31 19.45 21.16 20.38 19.99 21.91 23.03 23.43 24.24 25.51 24.80 25.12 25.14 22.79 23.45 24.10 23.70 22.76 25.50 26.87 25.64 26.16 28.28 29.46 28.90 29.13 27.21 27.68 26.87 25.60 23.58 24.37 22.56 22.44 21.67 23.35 22.66 24.85 24.83 24.95 24.28 23.88 23.83 20.95 22.17 21.92 22.80 22.83 23.81 24.94 25.16 26.97 27.73 26.94 26.07 23.88 21.92 21.61 20.92 19.13 19.81 21.12 22.72 23.92 
25.91 24.76 24.32 21.69 21.37 20.15 20.47 21.52 23.08 21.82 20.04 22.10 23.64 21.38 20.57 22.55 23.78 20.42 21.34 21.47 20.59 18.82 16.73 16.75 15.15 13.17 12.55 12.06 10.29 12.45 11.71 14.34 16.32 20.48 23.49 24.64 21.61 19.85 17.43 15.42 12.90 12.28 10.98 8.01 6.73 9.12 7.92 7.84 8.53 10.90 11.81 12.80 13.33 13.70 15.94 15.55 14.71 16.00 18.45 19.07 20.17 19.34 19.67 21.21 20.70 20.09 21.90 22.98 23.38 24.47 25.35 25.17 25.34 25.38 23.58 23.83 24.48 24.19 23.63 26.19 27.44 26.20 26.83 29.14 30.16 29.70 29.46 27.93 28.54 27.57 26.08 24.11 24.93 23.08 22.71 22.00 23.06 23.01 24.67 24.84 25.15 24.62 24.41 24.21 22.11 22.78 22.79 23.40 24.12 24.73 26.09 26.57 27.96 28.97 27.67 27.04 25.02 22.94 22.40 21.76 19.47 21.31 21.76 23.39 23.98 
25.45 24.42 23.98 21.56 20.48 19.30 20.01 20.41 22.24 20.79 18.87 20.95 22.42 20.48 19.24 21.62 22.30 18.62 19.11 20.31 18.80 16.04 15.12 14.61 13.39 11.13 10.30 8.20 4.69 8.59 9.34 10.42 12.19 17.23 20.93 21.78 18.75 17.86 15.57 16.13 12.76 11.55 13.24 12.06 7.85 7.80 8.71 8.53 7.76 7.84 10.38 10.18 12.01 12.64 14.36 13.37 12.33 13.96 16.84 17.22 18.18 16.60 17.99 19.79 18.64 17.39 19.62 20.73 21.58 22.42 23.91 23.56 24.63 24.42 22.19 23.01 24.10 22.93 21.86 25.04 26.47 24.88 25.23 27.83 29.11 28.31 28.24 26.66 27.27 26.15 24.55 22.64 23.17 21.10 20.58 19.92 21.50 20.91 22.37 22.56 22.97 22.58 21.84 22.66 20.89 21.81 21.48 22.73 22.85 24.04 24.89 25.24 27.01 28.39 27.46 26.23 23.67 22.30 21.90 20.80 18.57 19.81 21.48 23.53 24.59 
26.57 24.99 24.59 21.92 21.61 20.25 20.69 21.61 23.08 21.92 19.85 22.05 23.78 21.99 20.60 22.79 23.73 19.82 21.04 22.04 20.56 17.66 16.98 17.77 15.83 13.54 13.16 12.02 8.70 10.10 10.21 12.18 12.74 17.75 20.94 22.41 18.83 17.74 14.88 15.30 11.68 9.06 11.57 13.36 9.67 8.08 8.03 10.90 7.84 6.52 8.49 8.82 9.33 12.02 13.53 12.67 10.17 12.34 16.00 16.01 16.17 15.23 17.22 19.34 18.22 16.82 19.48 20.79 21.60 22.65 24.14 24.33 25.37 24.99 22.78 23.69 24.88 23.54 22.51 25.77 27.42 25.50 26.08 28.74 29.98 29.02 28.94 27.40 27.70 26.50 24.99 23.11 23.51 21.40 20.82 20.60 22.03 21.40 22.92 23.52 23.91 23.37 22.93 23.24 21.51 22.40 22.17 22.90 23.60 24.36 25.61 26.04 27.75 29.09 27.82 26.66 24.34 22.58 22.25 20.74 19.66 20.82 21.40 22.92 24.34 
28.57 27.54 26.61 24.13 23.90 22.29 22.34 22.76 24.68 23.03 21.32 23.16 25.02 23.54 22.16 24.61 25.36 22.79 23.65 24.78 23.35 21.35 20.19 19.87 18.23 16.38 16.65 15.81 13.85 14.69 14.50 15.91 16.20 18.89 22.53 23.13 21.10 19.14 15.90 16.71 15.02 11.61 12.06 12.95 12.89 12.46 10.48 11.81 10.38 8.49 8.15 8.23 9.84 11.37 12.61 11.41 11.96 14.17 16.38 16.28 18.37 18.20 19.07 20.93 20.34 20.22 22.20 23.05 23.83 25.23 26.67 26.14 27.03 26.75 24.75 25.29 26.02 25.12 24.19 26.86 28.28 27.08 27.35 29.76 31.06 30.27 30.27 28.56 29.09 28.10 26.52 24.45 24.88 22.90 22.32 21.70 22.72 22.00 24.10 24.65 24.73 24.63 24.59 24.64 22.46 23.48 23.54 24.33 24.44 25.60 26.57 26.93 28.97 30.09 29.25 28.15 25.68 23.85 23.34 22.58 21.69 21.72 23.06 24.64 25.95 
27.78 26.49 25.83 23.66 23.26 21.64 21.73 22.60 23.90 22.38 20.78 22.70 24.54 22.82 22.04 24.02 25.11 22.23 24.00 24.54 23.80 21.74 20.52 19.86 18.15 15.97 16.64 15.06 13.11 14.15 13.82 13.79 14.66 16.73 19.61 20.20 18.16 17.32 14.00 15.05 14.93 11.62 11.95 12.99 12.40 12.56 9.95 12.80 10.18 8.82 8.23 7.04 8.21 10.21 9.58 7.96 9.33 12.70 13.68 13.01 16.00 16.57 17.62 18.68 18.25 18.82 21.19 21.78 22.52 24.08 25.50 25.44 26.02 25.56 23.58 24.16 24.63 23.75 22.91 25.83 27.09 25.71 26.12 28.60 29.69 28.99 28.78 27.22 27.71 26.74 25.16 23.12 23.68 21.85 21.03 20.11 20.81 19.81 22.44 23.16 23.81 23.66 23.44 23.62 21.83 22.55 22.41 23.28 24.23 25.08 26.04 26.71 28.42 29.57 28.26 27.20 24.95 23.08 22.46 21.37 19.65 21.55 21.95 23.78 24.58 
27.39 26.52 25.89 23.88 22.81 21.63 22.26 22.46 24.03 22.54 20.68 22.76 24.35 22.86 21.94 24.46 25.23 22.90 24.58 25.48 24.78 23.21 21.94 21.89 21.18 19.42 19.09 17.67 14.97 15.21 14.78 15.13 15.56 17.91 19.43 20.39 17.98 16.74 14.75 15.76 13.90 11.29 13.02 14.07 14.25 12.52 9.19 13.33 12.01 9.33 9.84 8.21 7.22 7.50 7.03 7.08 8.23 10.09 13.15 14.28 16.45 17.36 18.59 20.63 19.37 19.32 21.19 22.28 22.89 24.35 25.66 25.15 26.39 25.71 23.56 24.17 24.80 23.87 22.76 25.49 26.38 25.08 25.10 27.45 28.74 28.06 27.86 26.23 27.03 26.07 24.53 22.83 23.44 21.69 20.73 20.18 21.24 20.49 22.37 23.05 23.54 23.64 22.89 23.51 21.88 22.53 22.04 23.18 23.90 24.72 25.30 25.55 28.16 29.20 28.18 26.92 24.55 23.24 22.75 21.55 20.46 20.92 22.76 24.16 25.81 
28.02 26.50 26.14 23.93 23.62 21.94 22.45 23.15 24.51 22.76 21.06 22.93 24.98 23.07 22.53 24.63 25.80 23.16 25.18 25.77 25.24 23.69 22.54 22.35 22.14 20.56 20.32 18.71 16.61 16.46 15.30 15.98 16.09 16.34 18.32 18.38 15.66 14.28 12.29 10.73 8.06 7.68 9.80 10.30 11.78 10.93 8.85 13.70 12.64 12.02 11.37 10.21 7.50 5.52 6.84 7.87 7.62 8.26 12.53 14.65 15.33 15.44 17.39 20.26 19.17 18.87 20.59 21.57 22.27 23.71 25.16 24.74 25.23 24.87 23.14 23.33 23.73 22.58 22.11 24.79 25.73 23.97 24.44 26.53 28.17 27.19 26.99 25.49 26.22 25.22 23.81 22.15 22.70 20.89 20.25 19.70 21.39 20.81 22.82 23.26 23.79 23.56 23.01 23.40 21.57 22.58 22.21 23.12 23.64 24.49 25.41 26.19 27.92 29.02 27.67 26.57 24.34 22.56 22.30 20.81 20.19 21.30 21.95 23.38 25.01 
