3.47 7.35 8.90 10.02 10.42 12.92 15.25 14.91 16.23 18.49 20.27 19.91 20.33 22.57 23.81 23.35 23.70 24.91 25.33 25.59 26.80 27.88 29.35 31.11 34.28 34.72 34.01 33.79 36.33 35.30 33.64 31.77 31.71 31.09 28.41 26.88 27.59 26.61 24.46 23.77 24.77 23.55 22.71 22.10 22.12 21.32 21.48 21.94 23.58 24.84 27.29 28.13 29.52 30.41 32.47 32.21 31.36 31.56 31.37 31.01 28.38 27.36 28.39 29.29 27.64 26.83 28.46 28.28 26.52 27.12 28.80 27.26 27.33 29.27 30.36 27.99 28.27 27.23 27.28 26.21 25.96 25.61 26.60 26.84 27.55 27.51 28.84 28.15 28.56 29.54 30.80 29.69 30.76 29.97 30.20 29.12 28.73 28.57 28.64 28.87 29.90 30.81 30.60 30.94 31.63 31.36 33.17 32.51 31.15 31.98 34.29 32.86 32.51 34.02 34.31 32.33 30.66 30.16 29.64 29.18 29.17 29.85 30.82 30.49 31.20 31.76 30.55 30.28 32.11 32.23 31.07 32.51 34.42 33.61 32.59 31.36 30.81 29.69 29.12 28.78 29.49 29.73 30.63 31.43 32.37 33.26 34.35 36.04 36.14 36.19 37.48 36.53 36.27 36.88 36.80 35.71 35.69 34.96 35.19 34.70 34.26 33.42 34.60 33.74 33.12 33.46 35.33 34.41 34.35 33.42 34.33 32.42 31.31 30.09 29.80 28.70 29.23 29.20 30.37 30.37 32.19 32.22 32.82 30.70 31.08 31.90 32.13 30.62 32.12 33.12 31.54 31.06 30.28 30.20 28.06 27.21 26.38 26.17 26.20 26.32 26.50 26.76 27.57 28.88 29.27 30.32 28.98 27.69 27.91 27.73 26.25 25.82 27.31 26.78 25.63 26.90 28.26 26.39 26.14 28.75 29.61 27.28 27.51 29.91 31.43 36.94 
7.35 2.72 6.21 8.46 9.51 10.81 13.38 13.87 14.69 16.82 18.85 17.87 18.94 21.04 22.68 21.77 22.27 23.46 23.97 24.35 25.52 26.49 27.65 29.87 33.01 34.03 33.05 32.72 34.97 34.50 32.45 30.61 30.11 30.46 27.35 25.93 26.57 25.91 23.49 22.86 24.07 22.62 22.11 21.07 21.61 20.47 20.87 21.21 22.97 24.42 27.29 28.20 29.61 30.63 32.59 32.45 31.15 31.72 31.09 31.49 28.08 27.18 27.81 29.57 27.10 26.32 28.26 28.45 26.21 27.02 29.08 27.01 27.21 29.26 30.75 27.76 28.79 27.16 27.30 25.80 25.94 25.08 26.48 26.67 27.86 27.38 28.89 27.79 28.24 29.05 30.62 29.30 30.84 29.71 29.79 28.60 28.34 28.12 27.99 28.47 29.76 30.60 30.30 30.66 31.40 30.98 33.10 32.55 30.77 31.67 34.31 32.63 31.82 34.00 34.28 32.12 30.01 29.75 29.20 28.80 28.51 29.47 30.69 30.37 30.94 31.77 30.20 30.06 32.04 32.32 30.45 32.05 34.09 33.24 32.02 30.80 30.36 29.09 28.36 28.05 28.44 28.86 29.69 30.83 31.37 32.67 33.57 35.66 34.84 35.57 36.83 36.15 35.11 36.55 36.17 35.36 34.74 34.57 34.49 34.61 33.26 32.97 33.92 33.49 31.98 32.79 34.63 33.89 33.45 32.72 33.65 31.69 30.01 29.06 28.78 28.06 28.30 28.53 29.58 29.79 31.29 31.59 32.26 30.22 30.10 31.92 31.58 30.12 31.01 32.82 30.51 30.71 29.63 30.16 27.39 27.15 26.06 25.90 25.68 26.31 26.25 26.82 27.46 29.07 29.30 30.72 29.02 27.83 28.40 28.28 26.13 25.58 27.85 26.77 25.41 26.55 28.04 26.16 26.64 28.81 27.87 27.11 28.65 31.13 29.95 38.27 
8.90 6.21 0.94 4.91 7.74 8.56 9.68 10.59 12.35 13.78 15.50 14.89 15.67 17.88 19.28 18.75 19.42 20.78 21.37 21.86 23.02 24.04 25.17 27.45 30.95 31.86 31.33 30.61 32.50 31.88 30.41 27.88 27.24 27.33 24.79 22.93 23.46 23.05 21.11 20.28 21.17 19.89 19.46 18.68 19.21 18.35 18.92 19.31 20.87 22.66 26.04 26.72 28.36 29.17 31.16 30.50 29.47 29.73 29.30 29.12 26.19 24.85 25.81 27.30 25.38 24.33 26.64 26.85 24.84 25.55 27.75 25.58 25.88 27.90 29.48 26.39 27.36 25.71 26.04 24.15 24.33 23.40 25.17 25.31 26.64 25.93 27.61 26.06 26.63 27.26 28.98 27.39 29.22 27.79 28.07 26.39 26.37 25.89 26.19 26.34 27.90 28.55 28.56 28.65 29.72 28.94 31.44 30.46 28.84 29.45 32.23 30.35 29.96 31.84 32.47 29.87 27.99 27.36 27.14 26.52 26.42 27.31 29.08 28.62 29.43 29.96 28.76 28.14 30.26 30.21 28.61 29.92 32.07 30.95 30.00 28.41 28.20 26.58 26.24 25.57 26.20 26.39 27.52 28.43 29.22 30.29 31.60 33.14 32.40 32.88 34.59 33.40 32.54 33.57 33.78 32.55 32.27 31.88 32.43 32.15 31.33 30.28 31.90 30.85 29.58 29.86 32.10 30.96 30.91 29.67 31.05 28.54 27.16 25.82 26.25 25.09 25.66 25.61 27.24 27.07 29.10 28.82 30.18 27.52 27.71 29.06 29.43 27.37 28.59 30.19 28.43 28.29 27.74 27.91 25.50 24.76 23.98 23.80 23.85 24.31 24.38 24.79 25.91 27.26 27.67 28.97 27.60 26.01 26.81 26.47 24.42 23.79 26.26 25.24 23.57 24.91 27.34 25.33 24.65 27.90 28.27 26.00 27.82 29.76 30.42 36.47 
10.02 8.46 4.91 0.47 5.57 8.13 8.33 8.30 10.50 12.72 13.63 13.12 14.14 15.94 17.83 17.38 18.15 19.63 20.30 21.05 22.22 23.50 24.50 26.74 29.57 30.96 30.17 29.73 31.29 31.42 29.16 27.25 26.20 26.87 24.12 22.72 22.99 22.58 20.42 19.93 20.92 19.63 19.14 18.05 18.88 17.73 18.43 18.46 20.00 21.73 24.87 25.72 27.16 28.15 29.88 29.72 28.62 29.20 28.36 28.97 26.07 25.16 25.37 27.38 25.18 24.46 26.34 26.87 24.67 25.57 27.30 25.55 25.73 27.75 29.25 26.39 27.42 25.54 25.60 24.13 24.22 23.34 24.71 25.34 26.73 26.01 27.15 26.17 26.84 27.38 28.66 27.50 29.36 27.83 27.62 26.36 26.21 25.86 25.71 26.34 27.79 28.59 28.06 28.58 29.61 29.03 31.09 30.62 29.07 29.72 31.94 30.36 29.84 31.98 32.09 29.78 27.74 27.30 26.80 26.43 26.23 27.22 28.69 28.45 28.87 29.86 28.44 28.27 30.26 30.34 28.44 29.82 31.46 30.54 29.34 28.01 27.72 26.19 25.45 25.16 25.38 25.87 26.63 27.98 28.63 30.00 30.85 32.81 31.88 32.62 33.93 33.11 32.12 33.47 33.24 32.33 31.90 31.70 31.82 32.08 30.92 30.28 31.28 30.58 29.16 29.86 31.74 30.74 30.37 29.31 30.34 27.89 26.32 25.40 25.48 24.76 25.02 25.28 26.45 26.66 28.19 28.61 29.45 27.41 27.35 29.01 28.89 27.18 27.94 29.94 27.66 27.95 27.06 27.53 24.88 24.36 23.25 23.37 23.22 24.02 23.83 24.64 25.55 27.16 27.17 28.81 27.18 25.96 26.38 26.35 24.05 23.79 25.70 24.71 22.89 24.66 26.48 24.84 24.64 26.40 26.25 25.29 28.49 28.50 28.72 37.12 
10.42 9.51 7.74 5.57 0.36 5.37 7.03 7.03 7.90 10.92 12.93 11.98 12.39 15.49 16.82 16.21 16.30 18.20 18.86 19.39 20.88 22.30 22.98 25.54 28.92 30.71 29.15 28.99 32.49 31.84 29.45 27.01 28.01 27.98 24.80 22.77 24.35 23.33 20.22 19.52 21.39 19.71 18.42 17.12 17.78 16.48 16.53 16.81 18.33 20.14 22.75 24.08 25.58 26.66 28.63 28.62 27.54 28.22 28.13 28.57 26.08 24.55 25.79 27.54 25.03 24.00 26.35 26.56 23.86 24.66 26.68 24.49 24.10 26.69 28.07 24.76 25.44 23.40 23.32 21.72 21.92 20.92 22.38 22.88 24.38 23.61 25.05 23.94 24.65 25.54 27.21 25.70 27.58 25.95 26.10 24.51 24.76 24.02 23.82 24.09 26.03 26.94 26.45 26.95 28.15 27.72 30.44 29.83 28.24 29.24 32.20 30.23 29.44 31.68 32.01 29.31 27.16 26.57 26.01 25.41 25.08 26.28 27.59 27.37 27.93 29.35 27.80 27.72 30.38 30.64 28.27 29.70 31.49 30.44 28.88 27.17 26.93 25.01 24.31 23.45 23.91 24.03 25.11 26.22 27.09 28.28 29.37 31.77 31.54 31.93 33.65 32.48 32.09 33.21 33.17 32.15 32.37 31.74 32.12 32.12 31.20 30.41 31.92 31.29 30.11 30.50 32.53 31.14 30.51 29.24 30.56 27.89 26.44 24.97 25.02 23.76 24.33 24.51 25.89 25.98 27.81 28.59 29.68 27.21 27.67 29.55 29.64 27.48 28.71 30.79 28.35 27.98 27.12 27.39 24.69 23.72 22.88 22.59 22.45 23.11 23.16 23.88 24.61 26.48 26.70 28.56 26.78 25.32 26.29 26.13 23.72 22.95 25.10 24.14 21.65 23.05 24.45 23.11 23.11 26.15 26.70 27.55 27.45 27.84 28.15 36.51 
12.92 10.81 8.56 8.13 5.37 0.00 5.67 6.53 7.20 9.00 11.53 11.94 11.84 14.64 16.65 16.37 16.28 18.41 19.09 20.03 21.70 23.15 24.19 26.55 30.15 31.81 30.55 29.84 33.55 32.93 30.54 27.76 28.70 28.75 25.47 23.50 25.19 24.23 20.99 20.27 22.41 20.22 19.06 17.33 18.45 17.13 17.69 18.30 20.02 21.92 25.09 25.96 27.69 28.55 31.02 30.48 29.47 30.01 29.85 30.15 27.30 25.81 26.89 28.82 26.09 24.86 27.38 27.54 24.65 25.68 27.65 25.38 24.87 27.53 29.16 25.62 26.43 24.28 24.30 22.62 22.89 21.77 23.46 23.88 25.67 24.76 26.45 24.97 25.71 26.62 28.49 26.79 28.84 27.00 27.05 25.39 25.51 24.80 24.41 24.82 26.96 27.90 27.47 27.86 29.25 28.74 31.77 31.05 29.32 30.48 33.63 31.45 30.50 32.91 33.24 30.39 28.05 27.55 26.82 26.23 25.97 27.12 28.81 28.42 29.39 30.67 29.09 28.90 31.84 31.95 29.38 30.90 33.00 31.68 30.01 28.15 27.95 25.95 25.07 24.24 24.64 24.83 26.18 27.07 28.06 29.33 30.69 32.96 32.49 33.14 35.06 33.75 32.97 34.46 34.46 33.30 33.35 32.90 33.38 33.45 32.26 31.54 33.17 32.43 30.88 31.44 33.57 32.06 31.47 29.94 31.45 28.54 26.90 25.49 25.60 24.30 24.96 25.15 26.93 26.67 28.93 29.41 30.99 28.12 28.59 30.70 30.83 28.35 29.77 31.86 29.22 28.96 28.11 28.53 25.72 24.86 24.12 23.89 23.83 24.41 24.82 25.23 26.32 28.06 28.67 30.34 28.41 26.72 28.05 27.57 24.80 24.07 26.80 25.41 22.61 24.21 25.79 24.49 24.17 26.93 27.54 26.77 28.03 29.17 28.60 36.65 
15.25 13.38 9.68 8.33 7.03 5.67 0.00 5.20 6.64 8.08 9.39 10.20 11.24 13.19 14.98 15.39 15.90 17.83 18.40 19.73 21.20 23.06 24.27 26.83 30.29 32.35 31.14 31.07 33.81 33.80 31.27 28.82 29.00 29.34 25.84 24.00 25.49 24.81 21.52 20.90 22.50 20.92 19.95 18.47 19.01 18.32 18.97 19.46 20.29 22.85 26.17 27.33 28.74 30.02 32.17 31.99 30.63 31.36 31.04 31.23 28.14 26.52 27.66 29.34 26.43 25.20 27.58 27.85 24.95 25.81 27.85 25.40 25.07 27.51 29.23 25.54 26.70 24.42 24.85 22.82 23.28 22.20 24.26 24.52 26.26 25.42 27.21 25.61 26.29 27.07 29.03 27.26 29.36 27.39 27.70 25.86 26.16 25.12 24.96 25.10 27.24 28.11 27.97 28.25 29.61 29.01 32.18 31.33 29.57 30.67 33.91 31.73 30.75 33.08 33.50 30.54 28.42 27.57 27.04 26.29 26.10 27.17 28.91 28.57 29.66 30.89 29.34 29.20 32.10 32.18 29.51 31.04 33.10 31.84 30.03 28.37 28.37 26.30 25.56 24.53 24.95 25.22 26.58 27.56 28.25 29.82 31.08 33.27 32.55 33.38 35.52 34.11 33.20 34.67 34.75 33.48 33.31 33.08 33.70 33.63 32.39 31.68 33.29 32.48 30.87 31.35 33.26 31.97 31.28 29.81 31.10 28.31 26.84 25.37 25.70 24.35 24.88 25.21 26.94 26.82 28.80 29.51 31.02 28.27 28.52 30.76 30.71 28.50 29.55 31.90 29.07 29.16 28.20 29.07 26.19 25.59 24.90 24.90 24.64 25.43 25.56 26.30 26.96 29.10 29.55 31.40 29.21 27.76 29.05 28.55 25.63 24.98 27.72 26.19 23.14 24.68 26.41 24.96 24.32 28.25 28.22 27.99 27.85 29.57 30.23 37.68 
14.91 13.87 10.59 8.30 7.03 6.53 5.20 0.00 5.16 6.49 6.97 7.11 9.62 11.42 12.65 12.76 14.15 15.58 16.66 17.61 19.86 21.62 23.10 25.76 28.47 30.95 29.65 29.52 31.99 32.30 29.66 27.43 27.17 27.83 24.30 22.62 23.76 23.18 20.17 19.74 21.30 19.55 18.67 17.08 18.10 16.82 17.92 18.41 19.62 21.79 25.07 26.43 27.63 28.93 30.89 30.68 29.06 29.98 29.25 29.78 26.30 25.36 25.75 27.90 24.78 24.00 25.78 26.31 23.06 24.23 25.50 23.63 23.03 25.67 27.08 23.65 24.66 22.68 22.82 21.28 21.76 21.00 22.64 23.22 24.74 24.14 25.75 24.39 25.00 25.80 27.64 25.92 27.97 26.18 26.34 24.65 24.79 24.15 23.71 24.14 26.04 27.16 26.70 27.19 28.32 27.81 30.68 29.98 28.21 29.33 32.21 30.13 29.28 31.68 31.89 28.90 26.85 26.16 25.53 24.85 24.61 25.56 27.25 27.00 27.99 29.31 27.70 27.66 30.31 30.47 27.96 29.54 31.38 29.98 28.34 26.73 26.68 24.81 23.95 23.51 23.81 24.15 25.22 26.42 27.31 28.95 29.94 32.40 31.64 32.38 34.16 33.01 32.03 33.56 33.25 32.21 32.02 31.66 32.04 32.18 30.77 30.12 31.32 30.60 28.82 29.61 31.40 30.03 29.35 27.76 29.01 26.19 24.63 23.62 23.92 23.00 23.42 23.76 25.39 25.36 27.30 28.03 29.43 26.96 26.92 29.18 28.89 26.95 27.73 30.05 27.16 27.29 26.11 26.86 24.24 23.64 22.74 22.87 22.81 23.44 23.55 24.25 25.27 27.44 27.39 29.61 27.44 25.97 26.69 26.49 23.55 23.27 25.50 24.17 21.44 23.37 24.92 23.73 22.95 25.70 26.22 25.24 26.28 27.07 27.46 34.91 
16.23 14.69 12.35 10.50 7.90 7.20 6.64 5.16 0.00 5.12 6.70 7.28 8.23 10.36 12.71 12.75 13.37 14.71 16.17 16.83 19.14 21.22 22.90 25.25 28.36 30.47 29.77 29.11 31.71 31.62 29.05 27.01 27.03 27.45 24.31 22.54 23.67 22.79 20.71 20.23 22.32 20.21 19.49 18.03 18.64 17.53 18.24 19.01 20.80 22.89 26.19 27.18 28.90 29.58 31.89 30.78 28.95 29.73 29.13 29.36 26.37 25.31 25.97 27.44 24.75 23.82 25.76 25.88 22.93 23.47 24.98 22.86 22.83 25.21 26.96 23.54 25.09 22.44 22.74 21.33 22.13 21.37 23.18 23.70 25.46 24.48 26.16 24.49 25.12 26.16 27.90 26.20 28.56 26.69 26.93 25.35 25.47 24.94 24.36 24.94 26.92 28.06 27.42 27.54 28.86 28.16 30.61 30.15 28.41 29.59 32.03 30.20 29.38 31.93 31.97 29.08 27.03 26.48 25.87 25.18 24.79 25.79 27.52 27.13 28.15 29.15 27.45 27.47 30.19 30.39 27.82 29.27 30.99 29.63 28.21 26.63 26.67 24.93 24.19 24.01 24.75 25.01 25.99 27.03 27.84 29.39 30.28 32.93 32.52 32.79 34.54 33.33 32.26 33.89 33.32 32.47 32.50 31.90 31.98 32.02 30.54 29.76 30.92 29.88 28.54 29.06 30.92 29.27 28.94 27.10 28.56 25.52 24.54 23.28 23.82 23.03 23.62 24.11 25.67 25.76 27.87 28.12 29.67 27.00 26.96 28.95 28.47 26.66 27.43 29.73 26.88 26.84 25.49 26.51 24.02 23.37 22.46 22.73 22.69 23.32 23.23 24.13 24.93 27.01 26.82 29.12 27.55 25.64 26.25 26.07 23.57 22.85 24.77 23.55 21.24 22.15 23.38 21.91 21.84 24.19 24.64 23.38 25.30 26.40 27.62 31.04 
18.49 16.82 13.78 12.72 10.92 9.00 8.08 6.49 5.12 0.00 5.74 7.61 7.15 9.39 11.26 12.69 13.35 15.50 16.74 17.43 19.98 21.86 24.27 26.42 29.28 31.73 30.65 30.66 32.87 32.98 30.55 28.70 28.43 28.93 25.48 24.19 24.76 24.23 21.36 21.18 23.05 21.37 20.51 19.24 19.86 18.71 19.61 20.62 22.37 24.60 27.91 29.24 30.57 31.42 33.19 32.95 30.99 31.69 31.03 31.32 28.15 27.16 27.36 29.12 25.98 25.10 26.79 26.90 23.93 24.73 25.95 23.97 23.56 25.89 27.56 24.32 25.72 23.46 23.75 22.41 23.08 22.51 24.45 25.28 26.65 26.22 27.45 26.19 26.60 27.78 29.33 27.86 29.78 28.29 28.12 26.80 26.81 26.31 25.53 26.50 28.18 29.74 28.67 29.35 30.30 29.95 32.16 31.82 30.02 31.50 33.70 31.95 31.08 33.75 33.45 30.71 28.49 28.01 27.09 26.39 26.17 27.38 28.75 28.64 29.39 30.75 29.04 29.13 31.61 31.97 29.23 30.83 32.23 30.96 29.37 28.02 28.00 26.38 25.33 25.17 25.51 26.37 27.46 28.84 29.32 31.48 31.97 35.13 33.79 34.91 36.27 35.45 34.17 35.99 35.13 34.41 33.95 33.68 33.39 33.65 31.86 31.53 32.22 31.61 29.70 30.64 32.05 30.54 29.86 28.43 29.70 26.96 25.61 24.30 24.83 24.07 24.80 25.39 27.08 27.30 29.18 29.83 31.02 28.64 28.49 30.48 30.13 28.30 28.77 31.00 27.99 28.06 26.77 27.84 25.04 24.51 23.64 23.97 23.73 24.57 24.78 25.56 26.28 28.63 28.32 30.82 28.76 27.17 27.83 27.39 24.69 23.98 25.99 24.56 22.30 23.52 24.77 23.00 22.86 24.99 26.27 24.37 26.09 26.96 28.39 30.60 
20.27 18.85 15.50 13.63 12.93 11.53 9.39 6.97 6.70 5.74 0.00 5.65 7.62 7.93 9.36 10.99 12.97 15.25 16.07 17.37 19.84 21.68 24.14 27.01 30.02 32.24 31.87 31.29 33.50 33.63 31.35 29.41 28.77 29.02 25.89 24.15 25.12 24.13 21.45 20.98 22.87 21.46 20.75 19.50 19.93 19.11 19.85 21.05 22.17 24.93 28.47 29.71 31.53 31.87 33.91 33.59 31.73 32.42 31.67 31.99 28.94 27.59 27.88 29.30 26.18 25.09 26.79 26.77 23.89 24.44 25.83 23.85 23.63 25.89 27.44 24.16 25.44 23.36 23.99 22.41 22.92 22.55 24.85 25.43 26.97 26.12 27.89 26.59 27.16 28.04 29.80 28.36 30.55 28.68 28.75 27.38 27.45 26.72 26.11 26.74 28.53 29.60 29.21 29.62 30.77 30.02 32.53 31.98 30.26 31.76 34.31 32.52 31.57 34.08 34.02 31.31 29.15 28.41 27.48 26.93 26.75 27.75 29.08 28.71 29.53 30.83 29.22 29.34 31.66 31.92 29.37 30.83 32.31 31.24 29.48 28.14 28.21 26.58 25.71 25.21 25.55 26.64 28.12 29.17 29.81 31.50 32.75 35.15 34.48 35.43 37.10 36.09 34.95 36.33 35.79 34.69 34.19 33.90 33.88 33.75 32.11 31.48 32.57 31.65 30.04 30.50 32.30 30.64 30.18 28.59 29.90 27.16 26.13 24.65 25.23 24.34 25.07 25.68 27.32 27.35 29.53 29.68 31.05 28.75 28.54 30.41 30.07 28.41 28.90 30.96 27.78 28.12 26.89 27.92 25.13 24.76 24.34 24.45 24.15 25.11 25.56 26.23 26.76 28.85 29.16 30.92 29.15 27.80 28.33 27.76 25.20 24.32 26.26 24.93 22.76 23.72 24.97 23.49 23.58 25.87 26.43 24.94 26.85 28.28 29.72 31.99 
19.91 17.87 14.89 13.12 11.98 11.94 10.20 7.11 7.28 7.61 5.65 0.00 5.76 8.01 7.67 8.15 10.49 13.05 14.66 15.43 16.90 18.95 21.80 24.57 27.58 29.85 29.29 29.10 31.35 31.20 29.08 26.98 27.08 27.16 23.69 22.08 22.65 21.82 18.63 18.42 20.14 18.69 17.40 16.64 17.21 16.42 17.36 18.53 20.17 22.49 26.05 27.87 29.36 30.04 31.72 31.47 29.76 30.18 29.56 29.71 26.71 25.43 25.71 27.00 24.07 23.04 24.49 24.64 21.74 22.14 23.15 21.30 21.13 23.03 24.60 21.39 22.89 20.59 21.03 19.79 20.77 20.37 22.55 23.53 24.71 24.32 25.79 24.53 25.16 26.07 27.63 26.14 28.17 26.55 26.60 25.09 25.14 24.56 23.90 24.84 26.29 27.85 26.97 27.66 28.62 28.06 30.53 29.83 28.15 29.57 31.96 30.07 29.15 31.87 31.71 28.92 26.76 26.08 25.06 24.52 24.49 25.35 26.52 26.58 27.34 28.59 27.13 27.10 29.36 29.66 27.33 28.75 30.13 29.01 27.31 25.65 25.65 24.21 23.29 23.07 23.32 24.58 25.91 27.35 27.92 29.92 30.62 33.56 32.55 33.49 35.06 34.15 33.10 34.49 33.79 32.67 32.35 31.81 31.79 31.62 29.83 29.11 29.99 29.15 27.41 28.13 29.71 28.11 27.42 25.74 26.98 24.37 23.27 22.13 22.58 22.14 22.92 23.56 25.11 25.50 27.30 27.78 29.17 27.06 26.74 28.42 28.01 26.34 26.94 28.98 25.51 25.73 24.20 24.88 22.18 21.83 21.08 21.55 21.11 22.32 22.53 23.42 23.83 26.40 26.17 28.69 26.42 25.13 25.64 25.18 22.40 21.87 23.66 22.34 20.16 21.51 22.63 21.12 21.25 23.24 24.59 23.65 25.14 26.38 27.35 30.29 
20.33 18.94 15.67 14.14 12.39 11.84 11.24 9.62 8.23 7.15 7.62 5.76 0.00 5.45 7.49 7.73 8.31 10.02 12.53 14.16 15.73 17.15 19.89 23.22 26.29 28.67 28.13 28.20 30.26 30.55 27.79 26.40 26.41 26.33 23.00 21.06 21.96 20.52 18.23 17.66 19.37 17.15 16.44 15.36 15.74 15.11 15.93 16.96 18.61 21.36 24.93 26.87 28.80 29.23 30.89 30.64 28.88 29.57 28.97 29.00 25.77 24.70 24.88 26.08 22.98 22.09 23.53 23.78 20.94 21.12 22.25 20.50 20.54 22.21 24.03 20.91 22.25 19.69 20.26 19.14 20.33 19.86 22.05 22.74 24.15 23.66 25.36 24.02 24.71 25.63 27.26 25.50 27.48 25.97 26.12 24.74 24.69 24.22 23.59 24.21 25.70 26.89 26.33 26.97 28.10 27.57 29.82 29.17 27.65 29.03 31.16 29.39 28.51 31.10 31.08 28.34 26.11 25.41 24.39 23.75 23.75 24.42 25.32 25.35 26.55 27.77 26.11 26.15 28.65 28.90 26.66 27.98 29.50 28.25 26.79 25.02 24.87 23.11 22.53 22.40 22.78 23.61 25.04 26.86 27.75 29.18 30.00 32.93 32.29 33.02 34.53 33.78 33.01 34.19 33.42 32.49 32.32 31.49 31.32 31.05 29.45 28.41 29.17 28.12 26.78 27.28 29.31 27.24 26.76 24.85 26.36 23.36 22.50 20.98 21.81 21.28 22.40 23.06 24.70 24.79 26.45 27.06 28.71 26.42 26.16 27.58 27.48 25.42 26.27 28.22 24.85 24.54 22.95 23.78 21.20 20.60 19.94 20.19 20.13 21.12 21.29 22.06 22.72 24.90 24.93 27.02 25.52 24.03 24.54 23.93 21.53 20.89 22.52 21.24 19.09 20.00 21.58 19.81 20.43 22.10 23.01 22.38 24.18 25.82 25.90 27.83 
22.57 21.04 17.88 15.94 15.49 14.64 13.19 11.42 10.36 9.39 7.93 8.01 5.45 0.00 6.09 7.86 7.53 9.62 12.13 14.16 16.23 18.43 20.33 23.81 27.50 29.48 28.83 29.09 31.78 31.37 28.90 26.98 27.27 27.11 23.74 21.92 22.38 21.26 18.72 18.13 19.24 17.13 16.56 15.74 16.21 15.50 16.81 18.27 20.08 22.82 26.55 28.46 30.06 30.84 32.57 32.32 30.39 30.72 30.04 30.12 26.89 25.58 25.72 26.95 23.84 23.01 24.48 24.63 21.65 22.25 23.32 21.45 21.02 22.82 24.56 21.21 22.47 20.01 20.57 19.75 20.83 20.57 22.93 23.81 25.11 24.72 26.51 25.15 25.84 26.43 28.25 26.45 28.39 26.81 27.04 25.66 25.71 25.11 24.59 25.38 27.02 28.16 27.70 28.17 29.42 28.65 31.04 30.22 28.90 30.17 32.29 30.46 29.84 32.10 32.09 29.32 27.32 26.56 25.43 24.68 24.82 25.52 26.47 26.32 27.76 29.01 27.39 27.38 29.73 29.97 27.75 29.31 30.54 29.03 27.66 25.90 25.69 23.90 23.24 23.19 23.51 24.69 26.03 27.92 28.72 30.77 31.72 34.78 33.99 34.83 36.21 35.54 34.58 35.64 34.79 33.92 33.57 32.71 32.18 31.90 30.21 29.39 29.97 29.00 27.52 28.28 30.01 28.10 27.54 25.62 26.90 24.04 23.12 21.64 22.41 22.08 23.12 23.90 25.80 25.79 27.75 28.14 30.07 27.56 27.17 28.56 28.52 26.29 26.93 28.60 25.44 24.63 23.48 23.91 21.15 20.78 20.55 20.84 20.67 21.91 22.18 22.86 23.51 26.07 25.85 27.99 26.59 25.03 25.52 24.59 22.28 21.55 23.52 22.01 19.95 20.77 22.50 20.14 20.46 22.85 24.73 23.11 25.46 26.65 27.22 28.87 
23.81 22.68 19.28 17.83 16.82 16.65 14.98 12.65 12.71 11.26 9.36 7.67 7.49 6.09 0.00 6.07 7.76 9.01 10.12 13.23 15.74 17.82 20.63 23.25 26.73 29.17 29.03 29.30 31.44 31.36 28.68 27.17 26.90 26.94 23.25 21.76 22.05 21.11 18.60 17.63 18.75 16.24 15.43 14.61 15.99 14.78 16.91 17.73 19.71 22.46 26.33 28.27 30.27 30.74 32.88 32.42 30.13 30.51 30.15 30.34 26.87 25.28 25.48 26.81 23.35 22.62 24.12 24.31 20.98 21.73 22.91 21.09 20.61 22.79 24.21 21.00 21.93 19.87 20.47 19.40 20.35 20.22 22.66 23.54 24.74 24.35 26.30 25.02 25.58 26.25 27.86 26.11 27.97 26.43 26.76 25.56 25.78 25.24 24.62 25.20 26.75 27.89 27.61 28.13 29.29 28.74 31.04 30.08 28.63 30.03 32.36 30.39 29.86 32.11 31.96 29.20 27.42 26.77 25.86 24.91 25.13 25.82 26.64 26.33 27.71 29.02 27.29 27.20 29.46 29.81 27.43 28.84 30.28 28.90 27.25 25.57 25.54 23.73 23.52 22.90 23.35 24.57 26.42 27.81 28.60 30.64 32.09 34.66 34.22 35.20 36.86 35.84 35.10 35.92 35.28 33.92 33.64 32.81 32.50 31.87 30.02 29.17 29.91 28.77 27.35 28.04 29.95 28.02 27.61 25.70 26.55 23.64 23.01 21.66 22.57 22.01 22.97 23.58 25.42 25.50 27.47 28.11 29.97 27.34 27.04 28.44 28.34 26.21 26.86 28.43 24.95 24.54 23.46 23.73 20.94 20.35 20.41 20.54 20.32 21.65 21.88 22.52 23.15 25.76 25.72 27.76 26.19 24.90 25.64 24.66 22.04 21.50 23.12 21.74 19.52 20.49 22.26 20.10 20.71 23.06 24.45 23.05 25.31 27.61 28.12 28.28 
23.35 21.77 18.75 17.38 16.21 16.37 15.39 12.76 12.75 12.69 10.99 8.15 7.73 7.86 6.07 0.00 5.78 7.61 8.77 10.08 12.93 15.34 18.09 21.45 23.83 26.24 26.91 26.50 28.86 28.09 26.01 24.10 23.85 24.06 20.39 18.88 19.77 18.76 16.04 15.46 16.07 13.40 12.47 11.06 12.60 11.79 13.75 15.08 17.11 19.68 23.39 25.31 27.64 28.23 30.32 29.64 27.31 27.51 27.29 27.16 24.05 22.39 22.78 24.04 20.91 19.98 21.32 21.50 18.49 18.74 19.76 17.95 18.09 20.12 21.26 18.31 19.56 17.16 17.04 16.88 17.65 17.95 19.85 21.03 22.09 22.12 23.81 22.74 23.29 23.93 25.26 23.47 25.48 23.79 24.07 22.93 23.02 22.59 21.83 22.66 23.94 25.53 24.99 25.65 26.65 26.27 28.64 27.65 25.89 27.52 30.12 27.85 26.96 29.54 29.60 26.67 24.84 24.41 23.41 22.60 22.70 23.36 24.33 24.32 25.39 26.70 25.31 25.06 27.30 27.61 25.39 26.50 27.81 26.38 25.01 22.77 22.77 21.13 20.74 20.70 20.70 22.24 23.86 25.52 25.91 28.14 29.08 32.29 31.35 32.33 33.98 33.09 32.16 33.48 32.50 31.29 30.80 30.17 29.86 29.52 27.41 26.64 27.38 26.57 24.63 25.59 27.47 25.71 25.09 22.83 23.97 21.07 19.94 19.34 19.67 19.70 20.37 21.24 22.89 23.34 25.13 25.59 27.49 25.04 24.66 26.31 25.92 23.83 24.43 25.93 22.27 21.84 20.39 20.32 17.48 17.59 17.43 17.79 17.46 18.84 19.33 19.90 20.13 22.95 22.98 25.41 23.59 22.18 22.95 21.98 19.20 18.57 20.75 19.02 17.01 17.86 20.06 18.18 18.65 21.18 23.22 21.35 24.11 25.72 26.74 28.33 
23.70 22.27 19.42 18.15 16.30 16.28 15.90 14.15 13.37 13.35 12.97 10.49 8.31 7.53 7.76 5.78 0.00 6.10 7.31 9.40 11.01 14.21 17.11 19.90 22.61 24.34 24.60 25.26 26.88 26.55 23.61 22.45 21.57 21.98 18.29 17.57 17.66 17.23 14.54 13.72 14.60 12.11 11.02 8.90 9.02 9.47 11.80 13.04 15.41 17.58 21.56 23.43 25.71 26.81 28.94 28.00 25.80 26.36 25.72 25.63 22.22 20.87 21.42 22.65 19.49 18.58 19.80 20.23 17.13 17.53 18.44 16.85 17.03 19.02 20.12 17.29 18.94 15.80 15.76 15.29 16.42 16.53 18.72 19.55 21.10 20.70 22.92 21.52 21.92 22.77 24.08 22.20 24.38 22.60 23.05 21.62 21.77 21.41 20.73 21.47 23.15 24.30 23.84 24.32 25.47 24.98 27.34 26.31 24.58 26.11 28.65 26.62 25.58 28.24 28.33 25.47 23.69 23.16 22.15 21.34 21.42 22.08 23.02 22.81 24.25 25.51 23.70 23.57 25.97 26.38 24.01 25.08 26.75 25.17 23.96 21.97 21.66 19.83 19.81 19.48 20.37 21.12 22.84 24.23 25.32 26.52 27.63 30.34 30.29 30.32 32.07 30.99 30.74 31.58 30.99 29.78 29.72 28.73 28.46 28.10 26.28 25.04 25.97 24.77 23.27 23.94 26.42 24.49 23.83 21.64 22.99 19.70 18.94 17.81 18.24 18.38 18.91 19.78 21.56 21.97 23.63 23.98 26.23 23.43 22.95 24.48 24.65 22.10 22.54 24.18 20.88 20.54 18.35 18.39 15.73 15.61 14.73 15.35 15.31 16.86 16.77 17.15 17.71 20.65 20.91 23.14 21.58 20.12 20.90 20.23 17.59 16.93 19.16 17.80 15.73 16.78 19.35 17.43 17.96 20.18 21.97 20.24 22.98 25.16 26.72 27.52 
24.91 23.46 20.78 19.63 18.20 18.41 17.83 15.58 14.71 15.50 15.25 13.05 10.02 9.62 9.01 7.61 6.10 0.00 6.27 7.90 10.03 11.82 14.91 18.44 22.11 24.04 22.91 23.65 26.43 25.58 22.83 21.42 20.88 21.04 17.66 15.91 16.45 15.69 13.52 13.54 14.64 11.84 11.24 9.28 9.62 9.57 10.99 13.53 14.59 17.53 21.19 23.47 25.34 26.53 28.34 27.89 25.36 25.95 25.11 25.39 21.60 20.15 20.51 21.96 18.25 17.88 19.55 19.56 16.45 17.38 18.87 16.67 16.62 19.15 20.65 17.49 18.70 15.37 15.22 14.59 15.36 15.63 17.61 18.97 20.33 20.06 22.20 21.07 21.37 22.19 23.52 21.81 23.65 22.01 22.14 20.88 20.87 20.46 19.87 21.00 22.66 24.03 23.24 24.08 25.29 24.50 26.75 26.06 24.54 25.93 28.19 26.54 25.98 28.32 28.11 25.61 23.63 22.79 21.68 20.85 21.18 21.87 22.78 22.73 23.93 25.46 23.80 23.49 26.04 26.66 24.31 25.69 26.94 25.50 24.23 22.04 21.61 19.22 18.48 18.33 19.01 20.38 21.95 23.71 24.81 26.59 27.40 30.53 29.96 30.31 32.11 31.20 30.58 31.55 30.94 29.93 29.69 28.66 28.19 27.93 25.95 24.97 25.74 24.86 23.18 24.06 26.17 24.66 24.03 21.86 22.80 19.97 18.72 17.41 17.36 17.35 17.67 18.94 20.68 21.32 23.17 23.70 25.84 23.18 22.74 24.48 24.67 22.28 22.37 24.52 21.48 20.81 18.41 18.15 15.21 14.86 13.86 14.09 14.28 15.76 15.73 16.71 17.11 20.26 19.66 22.37 21.06 19.45 20.21 19.25 16.78 16.27 18.53 17.37 15.11 16.27 19.15 17.17 17.33 20.13 22.30 20.15 23.07 25.55 26.83 28.64 
25.33 23.97 21.37 20.30 18.86 19.09 18.40 16.66 16.17 16.74 16.07 14.66 12.53 12.13 10.12 8.77 7.31 6.27 0.00 6.00 7.09 10.39 12.10 16.43 19.52 21.38 21.03 20.75 23.01 22.49 19.73 18.23 17.53 17.62 13.78 12.79 13.72 12.94 10.84 11.27 13.63 10.68 10.07 8.59 9.37 7.93 8.62 10.22 12.81 14.89 18.37 20.73 22.76 23.51 25.40 25.21 22.33 22.68 22.30 22.52 19.27 17.28 18.03 19.40 15.53 15.42 17.94 17.86 14.60 16.18 18.02 15.69 15.37 18.10 19.81 16.36 17.82 14.45 14.18 12.87 13.56 13.26 15.49 16.57 18.53 18.08 20.36 18.91 19.07 19.88 21.58 19.74 21.74 19.70 19.99 18.47 18.84 18.39 17.91 18.63 20.47 21.70 21.22 22.12 23.56 22.95 25.30 24.56 23.05 24.41 26.73 25.09 24.65 27.12 26.88 23.99 22.25 21.38 20.22 19.32 19.64 20.61 21.80 21.53 22.41 24.04 22.55 22.36 24.50 25.19 23.05 24.15 25.78 24.38 23.28 20.65 20.03 17.62 16.57 15.30 15.89 17.32 19.42 21.10 21.94 24.22 25.58 28.14 27.26 28.55 30.87 29.47 28.73 29.94 29.84 28.52 28.18 27.34 27.10 26.61 24.70 23.75 24.64 23.58 22.27 23.02 25.11 23.32 23.07 21.04 22.06 18.65 17.76 15.87 15.59 14.92 15.62 16.62 18.63 19.19 21.53 22.29 24.52 21.74 21.66 23.45 23.76 21.30 21.86 23.81 21.08 20.22 17.85 17.28 14.19 13.27 11.82 11.62 11.41 13.04 12.94 13.88 14.33 17.53 16.88 20.00 18.44 17.40 18.08 17.56 15.03 14.72 17.11 16.19 14.11 15.90 18.89 16.88 17.39 20.54 22.39 19.03 23.60 25.58 27.32 27.24 
25.59 24.35 21.86 21.05 19.39 20.03 19.73 17.61 16.83 17.43 17.37 15.43 14.16 14.16 13.23 10.08 9.40 7.90 6.00 0.00 5.68 7.26 10.22 13.29 16.55 18.67 18.83 19.39 20.93 19.97 17.86 16.36 16.17 16.54 12.40 11.71 13.28 13.02 10.61 11.03 13.57 11.72 10.68 8.23 8.68 6.95 6.62 7.49 10.47 12.81 14.53 17.58 20.17 21.16 22.77 22.74 20.33 20.88 20.12 20.73 17.84 16.28 17.03 18.63 15.17 15.14 17.27 17.37 14.32 15.57 17.23 15.14 15.21 17.91 19.60 16.42 18.00 14.34 13.46 12.12 12.91 12.42 14.15 15.75 17.60 17.44 19.21 18.14 18.79 19.48 20.77 19.34 21.52 19.26 18.95 17.41 17.68 17.27 16.64 16.93 18.93 20.64 20.31 21.26 22.84 22.06 24.79 23.95 22.38 23.65 26.54 24.51 24.02 26.73 26.65 23.39 21.19 20.31 19.00 18.03 18.44 19.54 20.93 20.65 21.62 23.16 21.92 21.49 24.12 24.63 22.56 23.74 25.17 23.97 22.97 20.03 18.92 16.49 15.39 14.02 14.25 15.78 17.49 19.59 20.72 22.71 23.91 26.52 25.83 27.10 29.39 28.04 27.30 28.85 28.73 27.26 27.11 26.35 26.06 25.82 23.94 22.87 23.95 23.16 21.85 22.61 24.99 23.42 23.08 20.98 22.07 18.77 17.17 15.19 14.51 13.65 14.58 15.44 17.18 18.06 20.68 21.63 23.83 21.10 21.38 23.33 23.62 21.24 21.96 24.12 21.26 20.94 18.98 17.86 14.28 13.10 12.02 11.09 10.53 11.79 12.21 12.72 12.15 16.42 16.16 19.28 17.75 16.23 17.42 16.92 14.11 14.41 17.46 16.74 14.47 16.85 19.31 17.97 17.47 20.07 21.11 19.61 22.54 25.08 26.93 29.05 
26.80 25.52 23.02 22.22 20.88 21.70 21.20 19.86 19.14 19.98 19.84 16.90 15.73 16.23 15.74 12.93 11.01 10.03 7.09 5.68 0.00 5.76 7.17 11.38 13.52 15.86 16.25 16.47 19.08 18.10 15.44 13.82 13.89 14.28 10.16 10.02 12.35 11.73 8.55 9.76 13.64 12.01 10.49 8.07 9.50 7.72 6.36 7.28 9.08 11.12 13.22 15.76 18.15 18.93 20.04 20.29 18.54 19.28 18.81 19.29 16.58 15.13 16.23 17.96 14.69 14.51 17.02 17.20 14.54 15.72 17.36 15.38 15.70 18.08 19.98 17.01 19.37 15.23 14.07 12.80 13.60 12.66 14.40 15.73 18.16 17.44 19.20 18.07 18.82 19.38 20.94 19.44 21.83 19.45 19.40 17.78 18.31 17.84 17.11 17.63 19.39 21.13 20.70 21.72 23.23 22.71 25.14 24.40 22.42 23.88 26.59 24.67 24.14 26.86 27.01 23.70 21.16 20.08 19.02 17.99 18.27 19.11 20.44 20.33 21.38 22.77 21.28 21.20 24.14 24.45 22.20 23.50 25.41 23.94 23.16 20.42 19.75 16.67 15.66 14.23 14.58 15.25 16.90 18.89 20.64 21.88 22.13 25.35 25.27 26.29 28.15 27.14 27.12 28.49 28.11 27.16 27.06 26.11 25.70 25.81 24.23 23.03 23.96 23.41 21.95 22.80 25.43 23.75 23.45 21.61 23.13 19.47 17.81 15.88 15.18 13.97 14.06 15.07 16.83 17.59 20.12 21.14 23.31 21.28 21.42 23.57 23.89 21.52 22.39 24.57 21.86 21.83 19.31 18.94 14.90 13.84 10.83 9.80 8.72 10.48 10.11 9.21 9.48 14.17 14.31 16.80 15.16 14.38 16.36 16.21 13.39 14.19 17.36 16.87 14.62 17.06 20.03 18.25 18.51 20.76 23.12 19.37 23.92 25.49 27.59 27.97 
27.88 26.49 24.04 23.50 22.30 23.15 23.06 21.62 21.22 21.86 21.68 18.95 17.15 18.43 17.82 15.34 14.21 11.82 10.39 7.26 5.76 0.00 5.92 7.38 10.88 12.73 13.70 14.60 17.38 16.50 14.23 12.36 12.73 13.23 10.22 9.35 12.32 12.07 10.48 11.84 15.41 14.21 13.02 12.09 12.03 10.04 7.94 8.25 9.00 10.09 12.07 14.71 15.92 17.27 18.80 18.69 16.60 17.20 16.57 17.92 14.91 13.42 14.93 17.32 13.58 14.02 16.73 17.27 14.42 16.30 18.07 16.10 16.23 18.80 20.58 17.48 19.57 15.99 15.01 13.30 13.82 13.15 14.71 15.83 18.30 17.90 19.84 18.53 19.18 19.92 21.70 19.95 22.21 19.97 19.87 18.07 18.35 17.88 17.25 17.94 19.90 21.54 21.04 21.89 23.38 22.66 25.42 24.43 22.87 24.35 27.05 25.17 24.79 27.42 27.62 24.21 22.07 20.80 19.47 18.48 18.56 19.39 20.93 20.73 21.70 23.16 21.82 21.68 24.74 25.31 23.13 24.72 26.44 25.04 23.63 21.20 20.46 17.35 15.66 13.95 14.10 14.86 16.31 18.39 19.79 21.49 22.49 25.26 25.10 26.14 28.02 26.74 26.50 27.95 27.89 26.67 26.75 25.99 25.76 25.69 24.31 23.12 24.42 23.66 22.47 23.43 25.96 24.54 24.25 22.54 23.75 20.18 18.50 16.67 15.67 13.61 13.50 14.04 16.06 17.15 19.90 20.60 23.15 21.20 21.72 23.89 24.30 22.39 23.25 25.68 23.06 22.71 20.43 19.71 15.77 14.42 11.84 10.55 9.50 9.81 10.18 10.49 10.46 14.30 14.50 17.63 16.44 15.50 17.12 16.79 14.18 15.17 18.54 18.39 16.19 18.84 21.29 19.64 18.23 21.74 22.82 20.92 23.70 26.57 28.13 30.17 
29.35 27.65 25.17 24.50 22.98 24.19 24.27 23.10 22.90 24.27 24.14 21.80 19.89 20.33 20.63 18.09 17.11 14.91 12.10 10.22 7.17 5.92 0.00 5.88 7.66 10.45 11.20 11.79 14.10 14.22 11.91 9.40 10.03 11.95 8.75 8.10 11.70 12.96 11.78 12.36 15.87 14.57 13.91 13.12 13.49 10.04 7.89 8.21 8.00 8.80 9.28 11.84 13.10 14.29 16.16 16.28 14.28 14.69 14.23 15.44 13.34 11.60 13.25 15.42 12.18 12.99 16.69 16.91 13.93 15.90 18.17 16.18 16.21 19.50 21.48 18.29 20.18 17.16 16.64 14.80 14.81 14.67 16.28 17.28 18.76 18.48 20.52 19.14 19.48 20.41 22.35 20.77 23.00 20.80 20.88 19.00 18.87 18.49 17.84 18.71 20.24 21.84 21.16 22.04 23.22 22.63 25.30 24.59 22.51 24.16 27.08 25.30 25.07 27.75 27.80 24.60 22.43 21.44 19.88 18.33 18.56 19.55 20.96 20.58 21.47 23.17 21.53 21.43 24.09 25.02 22.93 24.79 26.96 25.67 24.50 22.07 21.34 18.39 16.78 14.69 14.25 15.09 16.33 18.32 19.02 21.08 22.62 25.20 24.37 25.51 27.66 26.21 25.69 27.23 27.35 25.98 25.91 25.40 25.46 25.42 23.86 22.97 24.20 23.60 22.41 23.64 26.27 24.91 24.95 23.27 24.50 21.33 20.31 17.82 16.36 14.65 14.00 14.45 15.75 17.06 19.66 20.87 23.09 20.91 21.41 23.59 23.98 22.27 23.99 26.54 23.92 23.82 21.54 21.35 17.14 15.47 12.99 12.18 9.63 10.17 9.46 10.51 9.07 12.63 13.23 16.67 14.83 14.76 17.02 17.08 14.61 15.67 19.05 19.23 17.67 19.93 22.95 20.60 20.36 24.64 26.37 21.69 25.96 27.92 30.09 30.04 
31.11 29.87 27.45 26.74 25.54 26.55 26.83 25.76 25.25 26.42 27.01 24.57 23.22 23.81 23.25 21.45 19.90 18.44 16.43 13.29 11.38 7.38 5.88 0.00 6.05 7.48 9.53 10.73 12.98 12.53 11.75 9.92 10.76 11.84 9.20 10.00 13.56 14.53 13.46 14.68 17.89 17.25 16.49 15.23 15.58 13.01 11.02 10.39 9.82 9.52 9.16 10.97 12.57 13.81 15.88 16.63 15.07 16.00 14.99 17.18 14.40 13.69 14.07 16.71 13.20 14.57 17.45 17.61 14.98 17.02 18.73 16.82 17.34 20.76 22.76 19.82 21.69 18.66 18.17 17.04 17.09 16.87 18.13 19.07 20.30 19.95 22.04 21.05 21.45 22.39 24.13 22.72 24.82 22.71 22.87 21.23 20.90 20.65 20.01 20.47 21.70 23.24 22.94 23.73 24.82 24.15 27.12 26.63 24.31 25.89 28.91 27.07 26.64 29.53 29.55 26.61 24.23 23.09 21.20 19.84 19.67 20.46 21.78 21.44 22.62 24.45 22.77 22.94 25.58 26.71 24.71 27.09 28.71 27.75 26.59 24.15 22.97 20.44 18.50 17.26 16.40 16.39 17.43 19.38 20.01 21.98 23.44 26.28 25.54 26.82 28.81 27.52 26.90 28.60 28.39 27.20 27.07 26.44 26.29 26.44 24.65 23.75 25.19 24.65 23.51 25.06 27.79 26.84 26.63 25.19 26.67 23.87 22.47 20.43 18.71 17.07 16.26 16.44 17.74 18.48 21.22 22.61 25.04 22.57 23.08 25.67 25.97 24.53 25.99 29.06 25.99 25.74 23.95 23.85 19.93 18.17 16.32 14.26 11.68 11.17 10.88 9.98 8.76 13.01 13.88 16.88 15.73 15.55 18.73 18.76 16.13 17.43 20.84 21.05 19.08 22.08 24.03 22.59 22.01 27.09 27.54 24.09 26.60 30.57 31.43 33.00 
34.28 33.01 30.95 29.57 28.92 30.15 30.29 28.47 28.36 29.28 30.02 27.58 26.29 27.50 26.73 23.83 22.61 22.11 19.52 16.55 13.52 10.88 7.66 6.05 0.41 6.42 7.55 8.96 12.61 12.65 11.80 11.07 11.92 13.36 11.42 12.66 15.78 16.72 15.85 17.45 20.66 19.84 19.79 18.26 18.27 16.16 15.19 13.64 11.99 11.13 10.38 11.87 12.30 13.25 15.40 16.23 15.52 17.17 16.34 17.65 14.88 14.39 15.22 17.41 14.29 15.49 18.16 18.77 16.48 18.72 20.12 18.39 19.36 22.90 24.56 21.86 24.16 21.22 20.72 19.57 19.80 19.23 20.70 21.96 23.25 22.52 24.58 23.80 24.18 25.21 27.20 25.71 27.74 25.84 26.00 24.51 24.10 23.93 23.15 23.74 24.83 26.33 25.91 26.58 27.47 26.90 29.74 29.17 27.05 28.54 31.31 29.52 29.41 32.13 32.30 29.16 26.69 25.51 24.00 22.46 21.75 22.33 23.86 23.74 24.99 26.62 24.90 25.13 28.20 29.07 27.47 29.70 31.77 30.26 29.62 27.13 25.93 23.26 21.84 20.15 19.94 19.54 19.74 21.46 22.14 24.04 25.24 28.53 28.45 29.06 31.00 29.86 29.27 30.76 30.37 29.65 29.81 28.68 28.22 28.64 27.09 26.30 27.43 27.19 25.82 27.58 30.40 29.12 29.21 28.10 29.84 26.62 25.18 23.56 22.21 20.10 19.02 19.37 20.05 21.12 23.36 25.05 27.18 25.55 25.72 28.29 28.61 27.21 29.33 31.93 29.35 29.43 27.42 27.76 23.90 22.10 19.36 17.72 14.82 14.02 12.55 11.70 10.34 13.80 14.96 18.04 17.04 16.91 20.37 20.91 18.65 19.70 23.41 23.25 21.68 24.18 26.69 24.78 24.95 29.55 30.85 27.95 31.11 32.87 35.72 34.61 
34.72 34.03 31.86 30.96 30.71 31.81 32.35 30.95 30.47 31.73 32.24 29.85 28.67 29.48 29.17 26.24 24.34 24.04 21.38 18.67 15.86 12.73 10.45 7.48 6.42 0.00 6.51 7.62 9.98 11.93 12.08 11.28 12.44 14.31 12.96 14.30 17.24 18.46 18.24 20.22 23.09 22.32 22.73 21.39 21.75 19.43 17.57 17.43 15.35 14.12 13.45 14.05 14.59 15.03 16.83 17.98 17.34 18.67 17.63 18.68 16.20 15.41 16.47 18.66 15.54 16.86 19.67 20.47 18.08 20.11 22.08 20.71 21.26 24.40 26.18 23.56 25.81 23.10 22.80 21.35 21.66 21.47 22.96 23.95 25.31 24.96 27.05 26.02 26.14 27.52 29.29 27.94 29.74 28.06 28.29 26.67 26.24 26.10 25.23 25.94 27.32 28.76 28.04 28.62 29.38 29.08 31.87 31.40 29.30 31.21 33.54 31.77 31.15 34.34 34.34 31.40 28.81 27.69 26.11 25.02 24.00 24.80 26.09 25.82 26.62 28.63 27.18 27.94 30.92 32.07 29.64 32.58 34.19 33.05 32.00 30.03 29.13 26.36 24.33 22.87 22.40 22.54 23.04 23.94 24.51 26.40 27.64 30.75 30.24 31.19 32.70 31.57 30.91 32.47 31.99 31.20 31.18 30.46 30.05 30.46 28.97 28.30 29.72 29.23 28.09 30.26 32.71 31.62 31.27 30.50 32.24 29.11 27.98 26.17 24.61 22.73 21.79 21.93 22.56 23.39 25.52 26.45 28.74 27.57 27.87 30.61 30.83 30.09 31.43 34.73 31.80 31.80 30.00 30.37 26.73 24.85 22.29 20.91 18.35 16.64 14.88 14.15 13.28 15.77 16.34 19.80 19.20 19.11 22.70 22.89 20.79 21.97 25.50 25.68 23.78 26.44 28.62 27.11 27.24 32.28 32.90 30.83 31.97 35.56 36.40 36.58 
34.01 33.05 31.33 30.17 29.15 30.55 31.14 29.65 29.77 30.65 31.87 29.29 28.13 28.83 29.03 26.91 24.60 22.91 21.03 18.83 16.25 13.70 11.20 9.53 7.55 6.51 0.00 5.55 7.21 8.68 10.17 9.91 10.36 12.75 10.99 12.35 15.59 16.50 16.07 18.01 21.89 21.51 21.25 20.48 21.03 18.68 16.69 16.27 15.47 14.47 13.34 13.65 13.53 13.38 15.09 15.55 15.05 16.71 15.12 16.40 13.82 13.43 14.04 16.50 13.23 14.29 17.26 18.23 15.52 18.24 20.28 19.10 19.01 22.99 24.85 21.99 24.29 22.09 21.78 20.23 20.44 20.53 22.38 23.21 24.40 24.16 26.12 24.96 25.43 26.47 28.51 26.97 29.13 27.31 27.29 25.59 25.14 24.84 23.86 24.69 26.08 27.52 26.68 27.15 28.30 27.82 30.82 30.01 28.03 29.62 32.58 30.53 30.56 33.32 33.62 30.17 27.71 26.50 25.10 23.58 22.55 23.46 24.97 24.50 24.89 27.05 26.08 26.73 29.96 30.67 29.00 31.55 34.14 32.61 31.72 29.79 28.90 26.06 23.77 22.37 21.73 21.97 22.47 23.33 23.34 25.55 27.11 29.69 29.05 29.77 31.80 30.35 29.49 30.97 30.57 29.53 29.56 28.76 28.63 29.13 27.53 27.04 28.28 28.20 26.93 28.74 31.86 30.64 30.94 29.56 31.34 28.35 27.53 25.16 23.47 21.93 21.40 21.27 21.79 22.32 24.32 25.43 27.37 26.02 26.77 29.21 29.49 28.11 30.52 33.51 31.16 30.98 29.25 29.52 25.53 23.55 21.24 20.50 17.37 15.82 13.60 13.40 10.85 13.06 14.02 17.54 16.84 17.11 20.91 21.67 19.58 20.84 24.72 24.53 22.73 25.34 28.48 25.94 25.36 30.36 31.95 30.48 31.59 33.73 35.89 35.52 
33.79 32.72 30.61 29.73 28.99 29.84 31.07 29.52 29.11 30.66 31.29 29.10 28.20 29.09 29.30 26.50 25.26 23.65 20.75 19.39 16.47 14.60 11.79 10.73 8.96 7.62 5.55 0.00 5.77 7.10 7.81 9.08 9.68 11.21 9.90 11.36 14.66 15.09 14.52 16.57 21.35 20.84 21.02 19.93 20.61 18.11 16.47 16.34 15.24 14.54 12.65 13.57 13.40 13.19 15.03 15.14 14.86 15.83 14.52 15.77 13.29 13.29 13.69 15.35 11.54 13.45 16.04 15.68 13.48 16.26 18.72 16.57 17.57 21.52 23.63 21.08 23.47 21.14 21.05 19.71 20.17 20.16 22.16 23.65 24.67 24.44 26.33 25.69 25.69 27.17 28.51 27.29 28.89 27.29 27.16 25.73 25.06 24.83 23.87 24.81 26.12 27.66 26.74 27.54 28.28 28.04 30.77 30.55 28.15 30.28 32.69 31.06 30.15 33.42 33.17 30.32 27.59 26.43 24.84 23.78 22.86 23.52 24.81 24.66 25.13 27.38 26.26 27.18 30.06 31.49 29.15 32.08 33.54 32.89 31.62 29.77 28.68 25.98 24.11 22.82 21.74 22.01 22.60 23.51 24.06 26.03 27.30 30.14 29.02 30.35 31.68 30.84 29.94 31.45 30.84 29.89 29.60 29.11 28.89 29.09 27.47 27.16 28.69 28.32 27.35 29.33 31.78 31.48 31.03 29.99 31.32 28.94 27.70 25.64 24.21 22.53 22.14 22.13 23.12 23.17 25.18 26.21 28.37 26.57 27.32 30.25 30.14 29.07 30.53 34.25 31.22 30.90 29.10 29.75 26.30 24.01 21.59 20.06 17.56 16.31 13.91 12.99 10.65 13.33 13.86 17.02 16.26 16.53 20.61 21.36 19.54 20.86 24.22 24.12 22.28 25.11 27.33 25.67 25.05 30.31 30.77 29.82 30.34 34.55 34.94 35.73 
36.33 34.97 32.50 31.29 32.49 33.55 33.81 31.99 31.71 32.87 33.50 31.35 30.26 31.78 31.44 28.86 26.88 26.43 23.01 20.93 19.08 17.38 14.10 12.98 12.61 9.98 7.21 5.77 1.70 6.17 7.89 8.50 9.53 11.39 11.16 12.64 15.35 15.95 16.22 18.60 22.16 22.01 22.80 22.34 23.14 20.35 19.16 18.50 17.37 17.15 15.93 16.98 17.23 17.22 17.91 17.92 16.74 18.52 16.63 17.39 14.38 14.66 14.18 15.63 12.45 14.16 16.06 16.06 14.30 17.12 18.20 17.21 18.76 22.76 24.77 23.02 25.60 23.28 23.47 22.50 23.01 22.65 25.01 26.60 28.08 27.55 29.21 28.47 28.94 29.80 31.77 30.18 31.82 30.13 30.34 28.67 28.13 27.74 26.96 27.82 29.25 30.59 29.73 30.24 31.32 30.83 33.39 33.06 31.18 32.80 35.39 33.65 33.27 35.92 35.78 32.96 30.54 29.44 27.99 26.80 26.20 26.81 28.06 28.10 28.72 30.60 29.67 30.34 33.38 34.12 32.78 34.87 36.70 35.84 35.02 32.93 31.79 29.29 27.25 25.93 24.88 25.18 25.56 26.94 27.42 29.28 30.26 33.12 32.62 33.11 34.77 34.15 33.52 34.68 34.15 33.42 33.09 32.49 32.06 32.00 30.74 30.71 31.78 31.48 30.20 32.29 34.81 33.68 34.01 32.89 34.76 31.71 30.44 28.67 27.94 25.98 25.87 25.88 26.87 26.85 28.63 29.77 31.69 30.35 31.04 33.48 33.63 32.31 34.11 37.11 34.65 34.56 32.42 33.13 29.87 27.38 24.34 22.96 20.92 19.36 16.70 16.02 14.41 16.27 15.98 19.03 17.95 18.34 21.89 23.31 21.92 23.17 26.31 26.25 25.08 26.94 29.07 27.48 27.91 32.12 32.44 32.91 33.48 35.73 37.08 36.72 
