1.45 6.00 7.90 10.20 12.14 13.84 17.13 18.44 22.14 24.26 26.99 28.60 29.25 30.56 31.72 31.37 31.24 31.30 28.58 27.30 27.91 27.12 24.13 23.61 24.57 22.32 20.28 20.29 20.50 18.65 17.05 15.61 14.55 15.18 15.66 14.43 15.61 16.71 18.19 20.34 23.23 25.34 27.11 28.79 28.96 29.33 29.98 30.70 29.59 28.71 30.10 30.05 28.95 27.57 29.60 29.12 28.96 28.61 27.46 27.24 27.15 27.29 28.01 28.91 30.34 30.89 31.88 32.74 33.19 33.61 33.28 32.35 31.66 31.48 31.04 30.71 29.57 28.92 28.59 28.05 26.66 25.57 26.22 24.80 23.74 24.12 24.02 24.39 23.60 23.76 25.05 26.70 28.11 29.67 31.32 32.10 33.02 33.88 35.36 34.60 34.44 35.54 35.49 34.93 34.42 34.08 31.92 30.73 31.29 31.01 27.59 26.11 25.61 24.35 21.55 20.55 21.31 21.36 20.89 18.82 19.33 19.62 20.44 21.97 24.51 26.95 29.33 31.22 33.02 33.92 36.13 36.29 36.40 36.83 38.08 38.28 36.60 35.53 35.84 35.69 31.93 30.92 31.58 30.41 26.92 26.46 27.90 26.83 24.83 24.61 25.40 24.54 21.59 21.71 20.53 19.10 15.63 14.69 15.04 15.03 15.30 15.17 17.14 18.77 21.60 24.65 26.67 28.08 29.00 30.36 31.87 32.51 32.82 33.43 34.66 34.57 34.00 34.40 35.25 34.79 32.27 31.18 32.07 31.17 28.21 27.80 29.21 27.98 26.14 26.63 27.73 25.67 23.90 25.05 26.06 24.34 21.82 21.78 21.57 19.51 15.87 15.64 16.46 16.26 15.27 15.48 17.38 18.72 19.98 22.26 23.55 25.71 25.80 26.85 25.83 25.37 21.68 20.59 21.45 19.67 16.99 16.49 17.34 16.28 15.25 15.62 15.77 16.99 18.02 19.75 21.05 22.80 24.54 26.19 26.17 26.22 25.22 26.85 27.31 25.61 23.56 25.24 26.43 23.33 23.29 24.20 25.17 24.66 28.58 
6.00 0.89 4.34 7.02 10.80 12.21 14.22 16.87 20.36 22.77 25.77 27.03 28.68 29.48 31.15 30.19 30.83 30.00 27.81 25.21 26.83 25.21 22.19 21.17 23.27 20.83 18.70 18.93 20.10 17.42 15.92 14.13 14.35 13.65 13.85 12.91 14.72 15.69 16.84 18.74 22.14 24.07 25.98 27.55 27.94 28.16 29.04 29.58 28.21 26.98 28.86 28.96 27.19 25.73 28.02 27.75 27.44 27.10 26.24 26.25 26.23 26.40 27.13 27.93 29.47 29.76 31.19 31.73 32.51 32.44 32.21 30.88 30.61 29.93 29.84 29.26 28.46 27.44 27.45 26.84 25.39 24.26 25.00 23.79 22.39 22.90 22.55 23.24 22.41 22.96 24.07 26.07 27.34 29.10 30.75 31.25 32.05 32.97 34.57 33.78 33.67 34.74 34.52 33.73 33.31 33.04 30.82 29.26 30.45 29.83 26.69 24.81 25.01 23.43 20.65 19.50 21.05 19.64 19.71 17.41 18.35 18.55 19.89 21.09 23.97 26.06 28.56 30.23 32.21 32.77 35.10 35.25 35.33 35.22 36.85 37.26 35.50 33.78 34.51 34.77 30.76 28.97 30.54 29.42 25.57 24.52 27.06 25.63 23.52 22.93 24.96 23.85 20.69 20.23 19.88 17.77 14.76 12.80 13.83 13.84 13.77 13.60 15.44 17.16 21.19 23.67 26.12 27.22 28.61 29.42 31.10 31.59 32.09 32.09 33.69 33.55 33.25 33.04 33.95 33.77 31.03 29.22 30.69 29.96 26.78 26.14 28.11 26.62 24.42 24.96 27.01 24.22 22.23 23.57 25.69 23.45 20.51 20.74 21.21 18.95 15.06 13.07 14.21 13.91 13.52 13.87 15.39 16.68 18.77 20.74 22.39 24.18 24.66 25.51 25.10 24.95 20.84 19.45 20.89 19.10 16.52 15.11 16.98 15.16 14.63 13.98 14.56 15.38 17.13 18.72 20.12 21.79 23.68 24.85 25.07 24.96 24.08 25.26 25.78 23.97 22.02 23.01 24.43 21.19 21.16 22.44 22.39 23.27 26.44 
7.90 4.34 0.00 3.87 7.48 9.10 10.74 12.75 15.80 18.12 20.84 22.08 23.77 25.60 27.23 26.59 25.96 25.98 23.45 21.41 22.06 20.94 17.91 17.05 18.90 16.54 14.70 15.31 16.84 14.73 13.67 12.23 12.66 12.18 10.70 9.44 11.02 13.17 13.33 15.75 18.15 20.68 22.42 24.07 24.30 24.88 25.84 26.40 24.39 23.28 25.53 25.16 23.45 21.94 25.24 24.44 23.93 23.62 23.18 22.91 22.93 23.25 24.17 24.59 26.10 26.48 28.08 28.41 28.96 28.97 28.90 27.36 27.03 26.31 26.56 25.92 24.73 23.88 24.61 24.06 22.50 21.23 22.73 21.26 19.99 20.18 19.93 20.77 19.71 20.40 21.47 22.90 24.14 25.57 27.58 27.75 28.99 29.66 31.54 30.23 30.28 31.14 30.89 30.23 29.76 29.32 27.46 25.52 26.37 26.17 23.08 21.49 21.45 19.84 17.26 16.64 18.30 16.79 16.05 14.31 15.55 15.70 16.86 18.81 20.92 22.82 24.92 26.56 29.06 29.46 32.10 31.60 31.49 31.31 33.24 33.30 31.75 29.73 30.85 30.79 26.88 25.19 26.78 25.58 21.67 20.89 23.28 21.97 19.87 19.55 21.54 20.59 17.25 17.38 17.25 16.22 12.91 11.00 11.39 11.17 11.29 10.58 12.32 13.24 17.75 20.18 22.38 23.18 24.65 25.34 26.96 27.31 27.82 27.80 29.36 29.19 28.99 28.53 29.51 29.17 26.45 24.45 26.11 25.52 22.47 21.50 23.75 22.43 20.46 20.96 23.51 20.69 19.02 20.22 22.53 20.31 17.51 17.52 18.57 16.79 12.41 10.50 10.95 11.29 10.35 10.13 11.15 12.80 14.81 16.43 17.99 20.09 20.01 21.29 21.36 21.10 16.82 15.36 17.40 15.78 12.78 11.80 13.72 11.89 11.69 11.13 11.02 11.02 13.31 14.91 16.29 17.51 19.11 20.57 20.96 21.03 20.18 21.64 22.62 21.09 19.08 20.94 21.94 19.02 18.63 20.60 21.93 22.58 25.88 
10.20 7.02 3.87 1.44 5.62 7.76 9.95 12.22 14.57 17.41 20.48 22.13 23.38 24.99 26.49 26.31 25.98 25.69 22.84 20.89 21.69 20.34 16.71 16.56 18.35 15.85 13.94 14.75 16.57 15.29 14.76 12.33 12.37 12.17 11.05 7.59 9.28 11.86 12.51 14.62 17.63 19.94 21.50 23.94 23.99 24.26 24.69 25.74 23.86 22.32 23.77 23.97 22.58 21.26 23.96 23.46 23.30 22.79 22.10 22.00 21.97 22.03 22.30 23.47 24.94 25.49 26.57 27.65 28.34 28.38 27.82 26.97 26.44 26.10 26.01 26.08 24.44 24.07 24.31 24.20 22.11 21.62 22.61 21.39 19.84 20.39 19.65 20.11 18.72 19.29 19.73 21.69 22.77 24.41 25.71 26.65 28.01 28.91 30.43 29.52 29.46 30.44 29.81 29.43 29.01 28.80 26.49 25.42 26.19 26.38 22.74 21.70 21.50 20.26 17.41 16.97 19.03 16.88 16.16 13.42 15.35 14.53 15.42 17.56 19.97 21.55 23.65 25.84 28.20 29.07 31.32 31.17 30.83 31.18 32.71 32.71 31.21 29.64 30.05 30.18 26.52 25.10 26.16 25.45 21.85 21.43 23.33 22.31 20.27 20.50 21.97 21.23 17.66 17.90 18.24 16.43 13.23 10.71 11.51 10.29 10.64 10.92 12.29 13.24 17.79 20.01 21.73 22.88 24.20 25.07 26.20 26.74 26.91 27.34 28.37 28.35 27.95 28.13 28.42 28.30 25.20 24.19 25.12 25.10 21.84 21.73 23.51 22.65 20.71 21.50 23.68 21.24 19.72 21.31 23.49 21.26 18.47 18.92 20.11 17.88 13.73 12.11 13.09 11.29 10.55 9.75 10.92 12.56 14.23 16.23 18.17 19.77 19.60 20.83 20.80 21.10 16.97 15.62 17.13 15.79 13.18 11.30 14.16 12.36 12.44 11.99 12.51 12.04 13.84 14.79 16.41 17.69 19.13 19.80 20.56 20.85 19.36 20.97 21.45 20.95 18.91 19.66 20.67 17.81 17.77 19.60 21.66 21.83 26.24 
12.14 10.80 7.48 5.62 0.00 5.76 7.07 10.06 13.12 16.64 19.94 21.17 23.19 23.43 24.35 25.28 25.63 25.40 21.97 20.37 22.21 20.58 16.46 15.70 18.41 15.11 13.05 13.76 15.86 14.32 14.60 13.05 13.89 13.34 11.89 7.83 7.32 9.80 9.36 13.50 15.96 18.38 19.16 21.99 21.54 21.58 21.58 23.60 22.51 20.93 22.76 23.52 22.58 20.98 24.00 23.73 23.36 22.86 21.02 20.62 20.28 20.01 20.52 21.46 22.92 23.37 23.98 25.55 26.84 26.86 25.64 24.46 24.27 24.12 23.96 23.88 22.97 22.33 22.64 22.43 20.28 19.76 21.49 20.19 19.05 19.59 18.08 18.09 15.58 15.80 16.19 18.03 19.32 21.22 22.75 23.68 25.09 26.44 28.28 27.55 28.19 29.76 29.43 28.89 29.03 28.94 26.29 24.66 26.14 26.19 22.21 19.81 20.67 19.22 16.85 15.52 17.95 17.25 16.21 12.18 12.37 11.93 12.42 13.96 16.30 18.79 21.92 23.83 25.84 26.62 29.72 30.08 30.38 31.14 33.15 33.19 31.83 30.17 30.76 30.64 26.89 25.35 26.74 25.71 22.30 21.59 23.67 22.21 20.00 19.57 21.63 19.99 16.89 17.58 18.41 16.75 14.10 11.79 12.50 10.95 9.16 8.20 10.94 12.03 15.01 17.51 19.31 20.29 20.85 22.00 23.24 23.93 24.00 24.85 26.75 26.46 26.07 26.72 28.25 27.77 25.01 23.57 25.64 24.75 21.86 21.16 24.00 22.44 20.56 21.21 24.07 20.91 19.48 20.91 23.47 20.68 18.14 18.41 20.20 17.43 14.06 12.92 14.61 12.97 9.88 8.51 10.42 10.75 12.21 14.50 16.70 18.78 18.45 19.52 19.37 19.40 15.17 13.49 16.02 14.98 11.85 11.04 13.98 12.49 12.95 11.61 10.91 10.92 11.38 12.71 13.28 15.24 16.92 18.56 18.51 18.37 16.58 18.85 19.95 18.37 15.76 19.21 21.18 18.62 18.72 21.67 22.41 22.31 24.51 
13.84 12.21 9.10 7.76 5.76 0.00 5.33 6.15 10.65 12.99 16.22 17.65 20.50 20.94 21.71 22.36 23.01 22.89 19.38 16.93 19.39 18.38 14.08 13.20 16.57 13.97 11.81 12.72 15.16 13.80 14.42 12.90 14.15 14.17 11.53 6.99 7.87 6.82 7.24 9.98 13.64 15.90 16.80 19.46 19.19 19.66 19.63 21.49 20.16 18.56 20.90 21.86 20.68 19.27 22.58 22.85 21.92 21.68 19.13 18.94 17.94 18.44 18.01 19.51 20.52 21.29 21.53 23.45 24.00 24.82 22.42 21.63 21.10 21.15 20.93 21.56 20.22 19.80 20.12 20.18 17.86 17.66 19.53 18.34 17.30 18.30 16.16 15.99 13.33 13.22 13.30 15.59 16.65 19.14 20.48 21.64 22.41 23.87 25.97 25.47 26.00 27.82 27.03 26.84 26.90 27.23 24.17 22.68 24.31 24.56 20.24 18.33 19.08 17.87 15.01 14.13 17.18 16.54 15.09 10.68 10.94 9.51 10.24 11.25 13.48 16.57 19.34 21.80 23.54 24.08 27.53 28.05 28.26 28.84 30.87 31.49 29.85 28.00 28.24 28.76 24.62 23.02 24.38 23.81 19.85 19.19 21.41 20.03 17.79 17.64 20.26 19.05 15.44 16.87 17.49 16.17 12.96 11.06 11.68 10.79 7.76 5.17 7.97 9.51 12.62 14.90 16.48 17.98 18.31 19.62 20.43 21.36 21.24 22.26 23.92 24.16 23.64 24.49 25.49 25.74 22.69 21.32 23.08 22.74 19.68 18.76 21.80 20.42 18.38 19.37 22.50 19.40 17.77 19.54 22.72 20.24 17.47 18.11 19.68 17.43 13.34 12.15 14.13 12.61 9.23 7.59 8.03 7.67 9.33 11.77 13.88 15.72 16.15 17.58 17.45 18.18 13.89 11.82 14.76 13.73 11.48 10.09 13.61 12.53 12.95 11.45 9.98 9.96 9.91 10.32 10.68 12.77 14.12 15.69 15.81 16.06 14.25 16.41 17.29 16.58 14.42 16.95 19.44 16.43 18.23 20.10 21.09 22.20 24.03 
17.13 14.22 10.74 9.95 7.07 5.33 0.00 6.03 7.23 10.97 13.65 14.77 17.90 18.48 19.76 19.73 20.25 20.16 17.16 14.51 17.29 16.53 12.66 11.96 15.50 13.02 11.39 12.96 15.64 14.37 14.89 13.51 15.65 15.92 13.07 8.24 7.57 8.05 4.81 8.82 10.86 13.68 15.40 17.77 17.03 17.40 17.48 19.36 18.17 16.69 19.58 20.52 19.54 18.27 22.32 22.15 21.47 20.68 18.63 17.62 16.71 16.39 16.70 17.33 18.47 18.77 19.05 20.57 21.56 21.63 19.51 18.60 18.62 18.29 18.34 18.64 18.09 17.48 18.34 18.52 16.49 16.18 18.66 17.75 17.11 17.89 16.00 16.09 13.17 12.63 12.13 14.31 15.09 17.16 18.76 19.28 20.30 21.44 23.54 23.16 23.81 25.35 24.67 24.66 24.61 24.56 21.92 20.34 22.00 22.30 18.70 17.17 18.52 16.75 14.11 13.91 17.98 17.04 15.35 11.26 11.18 9.31 8.60 10.25 12.01 14.45 17.34 19.36 21.40 21.61 24.62 25.28 25.66 25.87 28.07 28.77 27.47 25.09 25.74 25.95 22.21 20.43 22.18 21.31 18.08 17.23 19.80 18.15 16.46 16.55 19.69 18.64 15.32 16.98 17.91 16.96 14.04 11.63 12.95 11.50 9.56 7.29 7.29 8.76 11.90 13.39 14.64 15.49 16.45 16.92 17.21 18.23 18.51 18.84 20.81 21.06 21.06 21.49 22.57 22.88 20.35 18.34 20.66 20.60 17.96 16.79 19.96 18.94 17.44 18.23 21.39 18.62 17.49 19.26 22.27 20.16 17.84 18.28 19.98 18.19 14.36 13.32 15.11 13.51 11.09 9.20 7.70 8.01 9.14 10.87 13.05 14.53 14.83 16.13 15.79 16.94 12.15 10.22 12.96 12.94 9.71 8.88 13.02 12.48 12.81 10.37 9.76 9.33 8.99 8.73 9.04 11.25 12.50 13.67 13.90 14.16 12.92 14.92 15.61 15.23 12.98 16.06 17.48 16.01 17.01 19.24 20.00 20.04 23.29 
18.44 16.87 12.75 12.22 10.06 6.15 6.03 0.00 6.09 7.16 11.37 12.28 15.75 16.43 18.73 18.64 19.07 18.62 15.41 13.40 15.69 15.09 11.04 11.51 15.34 12.75 11.20 13.54 16.56 15.45 16.40 14.95 16.81 17.31 14.66 9.96 8.76 6.50 4.83 5.45 9.15 10.96 12.83 15.35 15.67 15.84 16.21 17.90 17.23 15.46 17.89 19.41 19.01 17.97 21.63 21.94 21.48 20.84 17.80 17.29 15.70 15.41 15.04 16.16 16.89 17.72 17.60 19.67 20.47 20.69 17.90 17.34 17.65 17.03 16.56 17.39 17.04 16.30 17.32 17.68 15.93 16.00 18.46 17.31 16.80 18.24 16.21 16.39 12.39 11.45 11.28 12.94 13.53 15.84 16.99 18.58 19.65 20.55 22.44 22.26 23.14 24.62 23.64 24.10 24.46 24.35 21.59 20.69 22.55 22.64 18.77 17.74 19.16 17.51 14.77 15.02 19.45 18.34 16.72 12.06 11.89 8.85 7.66 9.14 11.18 13.07 15.40 18.71 20.97 21.43 24.20 24.79 25.00 25.59 27.64 28.18 27.03 24.90 25.10 25.58 22.08 20.42 21.85 21.33 18.11 17.76 19.82 18.43 16.97 17.29 20.21 19.51 16.56 18.07 19.39 18.08 15.23 13.23 14.36 13.12 10.21 8.17 8.98 7.13 10.42 11.78 12.81 14.03 14.88 15.49 15.82 16.49 16.74 17.71 19.38 19.30 19.32 20.50 21.55 21.92 19.52 18.46 20.52 20.70 18.37 17.82 20.59 19.71 18.73 19.56 22.49 19.83 18.95 20.81 23.67 21.58 19.88 20.27 21.56 19.89 16.20 15.22 16.79 15.43 12.64 10.70 9.21 7.77 8.85 9.95 11.78 13.39 14.21 15.06 14.94 16.19 13.20 11.11 13.56 13.33 11.97 11.49 15.11 14.14 14.33 12.43 11.02 9.97 9.74 8.34 8.72 10.29 11.30 11.72 12.56 12.68 11.47 14.03 15.21 15.82 14.21 16.53 18.42 16.36 17.79 19.65 20.24 21.72 23.25 
22.14 20.36 15.80 14.57 13.12 10.65 7.23 6.09 0.00 5.46 7.34 9.53 13.16 13.90 15.68 16.41 16.99 16.35 13.17 12.15 14.41 13.54 10.04 11.28 15.44 13.06 11.82 14.66 17.88 17.39 18.47 17.51 18.88 20.39 18.70 13.98 11.60 10.09 6.64 8.03 7.49 10.08 10.61 13.63 14.01 14.16 13.83 16.26 15.61 14.66 16.67 18.59 18.37 17.80 21.54 21.69 21.74 20.92 17.65 16.87 15.31 14.38 13.96 14.52 15.27 15.16 15.40 17.43 19.16 18.56 16.16 14.84 14.71 14.59 14.52 15.40 15.03 15.08 15.93 17.08 15.11 16.06 19.23 18.46 17.45 19.60 17.65 18.03 13.36 11.77 10.22 12.14 12.20 13.52 14.68 17.20 18.99 19.86 21.39 21.34 22.19 23.99 22.99 23.58 24.00 23.95 21.03 20.29 22.28 22.99 19.18 18.63 19.92 19.40 17.14 17.59 20.92 20.97 20.29 15.40 13.48 11.00 9.40 9.78 10.23 12.51 14.59 17.30 19.81 20.52 23.29 23.66 23.93 25.27 26.65 27.39 26.23 24.26 24.49 24.97 21.59 20.02 21.48 21.22 18.41 18.27 20.02 18.90 17.33 17.92 20.78 20.50 18.03 20.79 21.76 21.14 17.51 16.30 17.00 15.21 12.62 10.31 10.68 9.51 9.25 10.44 11.17 11.57 11.91 12.32 13.58 14.21 14.21 15.28 17.39 17.59 17.28 19.02 20.24 21.00 19.18 18.28 20.30 20.82 18.52 18.59 20.94 20.68 19.93 20.91 23.09 21.05 20.22 22.15 24.55 23.35 21.64 22.46 23.74 22.48 18.30 17.87 19.55 18.25 15.21 13.19 12.04 10.19 8.96 9.93 10.55 12.16 12.78 14.27 14.54 16.82 13.70 13.23 15.49 15.79 14.18 15.58 18.41 17.03 17.21 15.83 14.05 12.62 10.60 10.00 8.57 9.48 9.11 9.50 10.12 10.25 9.23 12.75 14.50 14.67 12.97 16.50 18.13 16.61 18.69 19.68 20.21 21.20 23.37 
24.26 22.77 18.12 17.41 16.64 12.99 10.97 7.16 5.46 0.00 5.41 6.20 10.42 11.00 12.75 13.83 15.06 15.60 12.13 11.31 13.80 13.83 9.89 11.84 15.68 14.59 13.62 16.43 19.27 19.03 20.92 19.80 21.45 22.39 20.69 15.76 13.81 11.19 8.99 7.59 7.82 7.88 9.06 11.54 12.70 12.72 12.87 14.87 14.69 14.02 16.68 18.90 18.78 18.01 21.99 22.44 22.10 21.16 17.86 16.97 14.96 14.25 13.58 13.45 13.36 13.36 13.30 15.11 16.84 15.88 13.63 12.01 12.69 12.61 13.26 14.08 14.13 13.99 15.85 17.04 15.10 16.10 19.32 18.79 18.24 19.51 17.44 18.54 14.64 12.63 10.49 11.82 11.86 13.01 14.21 17.06 18.14 19.14 21.41 21.26 21.95 23.65 23.10 23.69 23.83 23.93 21.42 20.38 22.31 23.35 20.15 19.48 20.80 20.42 18.66 18.89 22.10 21.64 20.95 16.42 14.65 11.53 10.67 9.81 10.24 11.72 14.35 16.34 19.30 19.76 22.99 23.41 23.96 24.64 26.32 26.99 25.94 23.80 24.04 24.64 21.21 19.65 21.15 21.16 18.07 18.36 20.10 19.57 17.79 18.95 22.07 22.08 19.75 22.08 23.68 22.91 19.71 18.32 18.96 17.69 14.44 11.50 11.72 10.17 10.11 9.54 11.01 10.96 11.58 11.61 13.22 13.54 14.05 14.84 17.70 17.90 17.94 19.49 20.92 21.82 20.25 18.76 20.89 21.43 19.44 18.89 21.89 21.50 20.60 21.36 23.90 21.74 20.90 22.88 25.68 24.41 22.87 23.84 25.72 24.47 20.53 19.79 21.88 20.83 17.53 15.58 13.86 11.53 10.01 9.83 10.99 11.93 12.27 14.05 14.93 17.21 14.66 13.91 17.23 17.63 16.40 16.94 20.42 19.13 19.22 17.38 15.44 14.24 12.01 10.87 9.39 9.68 9.49 10.30 10.36 10.75 10.42 13.92 15.23 15.54 13.70 16.80 19.04 16.35 18.58 20.59 20.63 22.10 23.86 
26.99 25.77 20.84 20.48 19.94 16.22 13.65 11.37 7.34 5.41 1.48 5.74 8.11 9.24 11.34 12.06 13.23 14.29 10.68 10.12 13.37 13.26 9.84 11.92 17.03 15.33 15.17 18.27 20.76 21.14 23.34 22.68 24.29 25.39 23.47 18.56 17.47 14.36 10.80 10.37 8.15 7.83 7.66 10.24 11.88 11.59 11.77 14.84 13.98 13.82 17.02 20.04 19.59 18.93 22.98 23.44 22.84 22.04 18.61 17.51 15.67 14.43 13.71 12.96 12.71 12.15 12.35 13.83 15.61 14.10 12.28 11.55 12.77 12.22 13.12 14.28 13.77 14.31 16.24 17.47 15.33 16.52 20.29 19.70 19.24 21.04 19.11 20.71 16.92 15.14 13.38 13.91 13.04 14.34 15.88 17.62 18.42 20.13 22.23 21.98 22.15 24.43 23.89 24.65 24.54 24.98 22.18 21.06 23.06 24.37 21.22 20.77 22.41 22.08 20.29 20.90 24.17 23.48 22.43 18.48 17.48 13.80 11.91 11.68 11.25 12.70 14.24 16.33 19.52 20.29 23.20 23.88 24.33 25.13 26.47 27.72 26.16 24.03 24.38 25.23 21.27 19.83 21.75 21.73 18.66 18.83 21.54 20.60 19.03 20.46 24.39 24.13 21.43 24.17 26.22 25.84 22.31 21.44 22.48 21.46 18.45 15.96 15.59 13.51 11.88 12.14 12.13 12.82 12.92 13.18 14.12 14.99 15.24 16.28 18.89 19.55 19.01 20.92 22.39 23.52 21.18 20.30 22.51 23.29 20.63 20.44 23.26 23.02 21.90 23.18 25.59 23.35 22.40 24.67 27.33 26.22 24.72 25.91 28.27 27.34 23.10 22.85 24.88 24.15 20.76 19.09 17.09 14.83 12.25 12.69 12.60 13.58 13.42 16.34 16.89 19.26 15.96 16.40 19.94 20.47 18.35 19.24 22.36 21.48 21.51 19.85 17.83 16.57 13.82 12.77 11.16 11.00 10.31 11.77 11.61 11.93 11.99 15.33 16.31 16.37 14.64 17.95 19.17 17.99 19.45 21.11 22.24 22.21 24.18 
28.60 27.03 22.08 22.13 21.17 17.65 14.77 12.28 9.53 6.20 5.74 1.28 6.79 7.53 9.33 10.43 11.75 13.53 11.03 10.97 13.38 13.60 11.06 13.42 17.13 16.07 16.14 18.98 21.72 22.56 24.79 24.17 25.55 26.96 25.36 20.86 19.14 17.10 13.82 11.90 9.97 8.60 8.19 8.56 10.76 11.01 12.04 14.36 13.98 13.89 16.66 19.32 19.16 18.81 22.52 22.90 22.13 21.58 18.16 17.68 15.95 15.29 13.81 13.38 13.10 12.73 12.07 13.68 14.87 14.42 11.91 11.96 13.07 12.76 13.28 14.56 14.07 14.09 16.58 18.06 16.34 17.78 20.87 20.02 20.00 21.70 20.20 21.08 17.59 16.45 15.44 15.43 14.36 15.52 17.06 18.47 19.70 20.87 22.86 22.81 23.66 25.77 24.70 25.87 26.08 26.48 23.67 22.78 24.60 26.03 22.68 22.24 24.10 24.06 22.01 22.52 25.69 25.53 24.74 20.45 19.11 16.75 14.67 13.93 13.05 13.97 15.85 17.65 20.86 21.38 24.02 24.86 25.12 26.05 27.48 28.75 27.26 25.17 25.38 26.44 22.74 21.31 23.03 23.22 20.18 20.92 23.14 22.32 20.36 22.01 25.94 25.95 23.44 26.25 28.62 28.03 24.48 23.27 24.42 23.58 20.11 18.54 17.65 15.78 13.25 13.07 13.69 13.67 13.42 14.14 15.24 15.94 16.25 17.68 20.01 20.66 20.46 22.15 23.60 24.69 22.99 22.27 24.20 24.92 23.08 22.81 25.50 25.16 24.16 25.33 27.71 25.41 24.10 26.24 29.13 27.90 26.07 27.49 30.03 29.01 24.73 24.38 26.61 25.81 22.26 21.16 18.83 16.93 14.24 14.50 14.56 15.20 15.56 18.34 18.95 21.04 18.51 18.73 21.88 22.24 20.68 21.68 24.88 23.45 23.41 21.87 19.78 18.23 15.84 15.33 13.68 12.51 11.43 12.59 13.21 13.10 13.08 16.45 17.63 17.67 16.48 19.48 21.24 19.30 20.51 23.20 23.25 25.01 25.57 
29.25 28.68 23.77 23.38 23.19 20.50 17.90 15.75 13.16 10.42 8.11 6.79 0.94 5.79 6.78 7.82 8.84 11.34 9.26 9.69 11.78 12.73 10.70 12.48 16.70 15.91 15.50 19.07 22.19 22.88 24.71 24.08 25.89 27.73 26.64 22.03 20.20 18.17 15.74 13.82 10.63 9.28 7.51 7.91 8.29 8.92 10.23 12.70 12.47 13.15 15.12 17.98 18.02 18.07 21.68 21.93 21.53 20.80 17.06 16.79 15.63 14.31 13.49 13.56 13.65 12.10 11.70 12.83 14.59 12.86 12.05 11.54 12.46 12.76 13.94 14.52 13.37 13.65 16.31 18.06 16.34 17.40 21.06 20.43 20.08 22.41 21.04 21.87 17.72 17.02 16.02 16.61 15.41 16.61 17.59 18.95 20.65 21.97 23.32 23.53 24.85 27.06 25.80 26.79 27.28 27.69 24.66 23.96 25.81 27.08 23.70 23.29 25.12 25.26 23.31 23.54 27.02 26.73 26.06 21.78 20.25 17.84 16.43 15.99 14.32 15.59 16.57 18.70 21.36 22.34 24.57 25.37 25.49 26.87 27.86 29.25 27.82 26.21 26.25 27.56 23.57 22.53 24.02 24.50 21.31 21.85 24.28 23.42 21.55 23.29 27.23 27.22 24.43 27.47 30.11 29.54 26.09 25.57 26.05 24.88 21.38 20.15 19.28 17.22 15.16 15.37 14.74 15.09 14.03 15.35 16.03 17.10 17.11 18.78 20.73 21.72 21.62 23.44 24.66 26.04 24.28 23.80 25.75 26.57 24.56 24.74 27.12 26.74 25.99 27.22 29.38 26.75 25.42 27.77 30.17 28.73 27.04 28.66 31.02 29.83 26.11 25.74 27.70 26.75 23.42 22.41 20.19 18.28 16.08 16.36 15.78 17.07 16.40 19.13 19.64 22.73 19.91 20.49 23.07 23.52 21.56 23.16 26.11 24.92 24.49 23.33 21.23 19.87 17.15 16.88 15.36 14.73 13.32 14.19 14.31 14.92 13.88 17.55 18.69 18.63 17.26 20.60 21.76 20.41 21.59 23.39 23.95 24.70 26.25 
30.56 29.48 25.60 24.99 23.43 20.94 18.48 16.43 13.90 11.00 9.24 7.53 5.79 0.00 5.40 6.97 7.43 9.75 8.89 9.36 11.56 11.57 10.74 13.48 17.01 16.10 16.67 19.39 22.98 23.46 25.70 25.13 27.40 29.17 27.91 23.71 22.16 19.96 17.39 15.33 12.65 11.15 9.39 9.23 8.84 8.61 10.46 13.22 12.98 13.31 15.38 18.01 18.63 18.44 22.17 22.63 22.31 21.56 18.17 17.39 15.90 15.65 14.64 14.56 13.96 13.08 12.36 14.53 15.08 13.41 12.93 14.13 14.69 14.73 15.71 16.30 16.15 15.97 17.98 19.24 17.82 19.28 21.98 21.38 21.79 23.91 22.49 23.27 20.13 18.97 17.84 17.94 17.42 18.75 19.83 21.22 22.61 23.61 25.46 25.64 26.72 28.97 27.94 29.04 29.23 29.79 26.94 26.11 27.70 29.16 25.86 25.50 27.12 27.25 25.36 25.86 28.89 28.55 27.92 24.07 22.77 19.88 18.66 17.90 16.89 17.93 19.25 20.62 23.33 23.70 26.12 26.88 27.32 28.72 29.77 30.95 29.64 28.08 28.21 29.13 25.58 24.54 25.83 26.13 23.23 23.84 25.93 25.14 23.49 25.17 28.78 28.81 26.38 29.33 31.47 30.79 27.74 27.19 27.85 26.57 23.16 21.68 20.98 19.29 17.70 17.61 17.38 17.20 16.52 17.21 18.20 18.99 19.42 20.84 23.24 24.05 23.87 25.49 26.90 28.13 26.29 25.58 27.53 28.55 26.45 26.20 28.85 28.69 27.59 28.56 30.59 28.05 26.90 29.16 31.86 30.23 29.01 30.68 32.38 31.31 27.79 27.40 29.52 28.72 25.35 24.07 22.21 20.01 17.64 18.16 18.60 19.12 18.40 20.84 21.90 23.93 21.42 21.83 24.74 25.14 23.39 24.71 27.49 26.64 26.58 24.91 23.18 22.22 19.80 19.24 17.39 17.31 16.09 16.29 16.46 16.32 15.85 18.15 19.04 19.30 18.07 20.98 22.60 20.58 23.40 24.35 24.01 25.48 26.70 
31.72 31.15 27.23 26.49 24.35 21.71 19.76 18.73 15.68 12.75 11.34 9.33 6.78 5.40 0.56 5.46 6.33 8.06 6.84 8.11 10.89 10.75 9.54 12.63 16.92 15.92 16.28 20.60 23.82 24.26 26.54 26.27 29.48 30.63 29.26 24.89 24.22 21.42 18.59 16.34 14.76 12.69 10.96 10.96 9.62 8.14 9.96 13.38 13.21 12.93 16.14 18.79 18.89 18.89 23.11 23.64 23.20 23.02 19.94 18.71 17.46 16.93 16.21 16.30 16.10 15.23 15.68 17.98 19.36 18.16 17.36 17.62 18.53 17.86 18.77 19.39 18.60 18.61 20.04 20.79 19.41 20.61 23.76 22.93 24.08 26.43 24.60 25.64 22.96 21.77 20.28 20.69 20.25 21.60 22.99 23.81 25.01 26.35 28.32 28.31 29.11 31.30 30.71 31.39 31.69 32.09 29.12 28.01 29.88 31.21 28.16 27.44 29.18 29.28 27.73 27.98 31.58 30.78 30.23 26.52 25.14 22.26 20.58 19.98 19.18 20.35 21.58 22.80 24.93 25.86 28.33 29.12 29.27 30.47 31.96 33.15 31.27 29.68 30.04 31.41 27.40 26.48 28.26 28.40 25.62 25.91 28.54 27.27 25.69 27.13 30.94 30.46 27.94 30.70 33.11 32.34 29.57 28.71 29.77 28.51 25.39 24.00 23.03 21.53 19.84 20.02 19.76 19.58 19.02 19.97 21.22 22.17 22.34 23.83 26.46 27.04 26.34 28.01 29.56 30.44 28.52 27.53 29.92 30.60 28.29 27.97 30.75 30.37 29.43 30.30 32.24 29.76 28.38 31.00 33.22 32.15 30.91 32.31 34.62 33.53 30.15 29.98 32.07 31.10 27.93 26.84 24.49 22.78 20.40 21.18 21.48 21.66 20.83 23.75 24.54 26.40 23.20 23.67 26.92 27.21 25.43 26.48 29.51 28.68 29.24 27.54 25.73 24.87 22.54 22.09 20.14 19.91 18.57 19.03 18.44 18.35 17.31 19.68 20.74 20.92 19.46 22.11 23.06 22.08 23.13 24.69 25.15 25.89 27.25 
31.37 30.19 26.59 26.31 25.28 22.36 19.73 18.64 16.41 13.83 12.06 10.43 7.82 6.97 5.46 0.00 6.00 7.78 6.61 7.82 10.22 10.86 9.85 12.01 15.96 14.95 15.80 18.51 22.27 23.02 25.16 25.33 27.80 29.35 28.06 23.87 23.49 21.00 18.57 16.08 14.38 13.32 12.31 11.52 9.05 7.48 10.11 11.52 10.75 11.84 14.77 16.69 16.96 17.78 22.02 22.00 21.79 21.74 19.22 18.68 17.54 17.00 16.24 16.66 17.13 16.41 16.25 19.14 20.94 20.95 18.96 19.31 19.61 19.51 20.05 20.59 19.42 19.73 21.44 21.79 20.08 21.80 23.83 22.84 23.31 26.02 24.41 25.24 22.61 21.77 21.02 21.30 21.00 22.53 24.31 25.18 26.47 27.78 29.63 29.93 30.43 32.62 31.42 32.59 32.50 32.96 29.84 28.76 30.36 31.80 28.75 28.05 29.88 30.21 28.18 28.46 31.30 31.17 30.51 26.81 25.29 22.84 21.65 20.87 20.15 21.10 22.84 24.34 26.75 27.10 29.62 30.58 30.51 31.61 32.84 34.35 32.31 30.37 30.87 32.12 28.50 27.27 28.91 29.01 26.17 26.84 29.17 27.94 25.88 27.44 31.29 30.96 27.91 31.05 33.10 32.71 29.32 28.53 29.18 28.49 25.33 23.98 23.28 21.78 20.27 20.33 20.55 20.26 19.95 20.80 22.41 23.17 23.92 25.10 27.70 28.24 27.56 29.14 30.14 31.10 29.47 28.81 30.53 31.19 29.20 29.21 31.61 31.08 29.90 31.04 32.98 30.35 28.84 31.07 33.99 32.23 30.44 32.56 34.71 33.45 29.40 29.61 31.74 31.13 27.74 26.97 25.02 23.52 21.59 22.05 22.85 23.43 23.16 25.18 26.32 27.79 24.86 24.87 27.86 28.42 26.76 28.18 30.69 29.91 29.73 28.39 26.40 25.64 23.65 23.06 21.24 20.41 19.10 19.76 19.35 18.77 18.01 19.74 20.51 20.81 19.21 21.74 23.36 21.61 23.89 24.57 23.90 25.48 26.35 
31.24 30.83 25.96 25.98 25.63 23.01 20.25 19.07 16.99 15.06 13.23 11.75 8.84 7.43 6.33 6.00 0.00 6.52 7.00 6.24 7.35 9.32 9.60 10.62 13.60 13.91 14.65 17.33 20.17 21.77 24.38 24.08 26.49 28.52 27.80 23.25 22.80 20.39 18.15 16.00 14.48 13.47 12.92 11.28 8.87 7.93 9.30 9.65 8.86 10.39 13.22 14.03 14.15 15.79 20.34 20.19 20.41 20.88 18.54 18.13 17.78 17.13 16.64 17.70 18.33 18.10 18.13 20.58 22.36 22.62 21.62 20.86 20.83 21.25 21.97 22.39 21.27 21.46 22.59 23.02 21.67 22.75 24.99 23.75 23.91 26.80 25.19 25.79 23.10 22.63 22.06 22.57 22.33 24.07 25.89 26.70 28.15 29.25 30.71 30.79 32.02 33.78 32.84 33.50 33.65 33.89 30.90 30.01 31.51 32.83 29.98 29.19 30.75 30.99 28.90 28.89 31.90 31.46 30.79 27.05 26.04 23.93 22.39 22.10 21.83 22.99 24.51 26.43 28.56 28.51 30.80 31.70 32.15 32.76 33.73 35.07 33.48 31.96 32.08 33.22 29.59 28.61 29.89 30.07 27.37 27.55 29.79 28.79 26.79 28.21 31.69 31.63 28.59 31.33 33.56 32.98 30.03 28.89 29.30 28.35 25.53 24.24 23.28 21.76 20.96 21.28 21.26 21.22 20.95 21.88 23.32 24.51 25.65 26.90 28.85 29.19 28.79 30.08 31.02 31.81 30.45 29.87 31.47 32.12 30.06 30.54 32.66 32.22 31.04 32.30 33.94 31.46 29.46 32.17 34.56 32.84 30.71 32.87 34.87 33.74 29.57 30.22 32.05 31.10 27.88 27.32 25.56 24.45 22.57 23.60 24.13 25.08 25.08 27.07 27.20 29.14 26.62 26.71 29.11 29.59 28.17 29.40 32.22 30.45 30.63 28.89 27.19 26.32 24.51 23.72 21.75 20.98 19.74 20.22 19.69 19.25 18.14 20.18 20.60 20.30 19.08 22.17 23.32 21.69 22.81 24.70 24.53 25.52 26.95 
31.30 30.00 25.98 25.69 25.40 22.89 20.16 18.62 16.35 15.60 14.29 13.53 11.34 9.75 8.06 7.78 6.52 0.00 5.98 7.48 6.53 6.90 8.67 10.33 12.64 12.25 14.89 16.85 20.03 20.96 24.00 23.67 26.48 28.11 27.49 24.00 23.27 20.42 18.59 16.69 15.39 14.13 14.02 13.56 11.51 10.29 10.76 11.54 10.49 11.06 13.17 14.93 15.35 15.87 20.19 20.21 21.01 21.55 18.88 18.30 18.08 18.32 18.02 18.87 19.88 20.18 20.60 22.84 25.30 24.95 23.68 22.95 23.09 23.37 23.84 23.85 23.03 23.05 24.00 23.88 22.47 24.17 25.67 24.69 25.05 27.78 26.07 26.83 24.27 23.75 22.98 23.62 23.86 25.43 27.08 28.30 29.66 30.69 31.86 32.23 33.30 35.25 34.09 34.90 35.00 35.46 32.52 31.83 32.99 34.20 31.44 30.73 32.07 32.22 30.09 30.26 32.66 32.16 31.08 27.95 27.18 24.83 23.34 22.83 23.12 24.19 25.94 27.92 30.21 30.17 32.27 33.17 33.52 34.55 35.61 36.33 34.85 33.68 33.89 34.56 31.17 30.44 31.48 31.57 28.74 29.11 30.92 30.09 27.94 29.48 32.77 32.67 30.04 32.27 34.08 33.59 30.43 29.34 29.59 28.45 26.00 24.49 23.32 22.15 22.10 22.12 22.39 22.40 22.73 23.36 24.99 26.05 27.48 28.38 30.49 30.91 30.44 31.67 32.61 33.61 31.94 31.27 33.10 33.57 31.59 31.39 33.76 33.18 31.91 32.91 34.79 32.29 30.65 32.76 35.38 33.89 32.10 33.65 35.50 34.39 30.88 30.68 32.47 31.71 28.49 27.50 26.07 24.63 23.34 24.20 24.94 25.74 25.89 27.88 28.23 29.85 27.54 27.88 30.28 30.77 29.34 30.35 32.40 31.44 31.18 29.74 27.78 27.24 25.50 24.97 22.84 22.40 21.12 21.93 20.75 20.10 18.93 20.47 20.77 20.80 19.78 22.21 23.86 21.98 25.17 25.65 25.11 26.45 27.40 
28.58 27.81 23.45 22.84 21.97 19.38 17.16 15.41 13.17 12.13 10.68 11.03 9.26 8.89 6.84 6.61 7.00 5.98 0.00 5.13 6.84 5.78 5.75 8.32 11.47 10.23 11.16 14.86 17.35 17.77 19.98 20.45 23.76 25.32 24.25 20.38 20.14 17.68 15.60 14.02 13.18 11.70 11.38 11.59 11.35 8.65 9.68 10.76 9.79 8.54 11.91 13.60 13.59 13.44 17.35 18.19 18.55 19.20 16.66 16.25 16.19 16.08 15.67 16.83 17.90 18.56 19.40 22.05 24.55 24.03 22.49 21.69 21.67 21.84 22.13 21.93 20.79 20.87 21.86 21.78 20.40 21.40 23.67 22.98 23.11 25.55 23.84 24.59 22.62 22.04 20.86 21.69 21.76 23.54 25.21 26.22 27.62 28.68 30.09 30.26 31.21 33.09 32.18 32.96 33.25 33.62 30.79 29.80 31.16 32.14 29.64 28.84 30.28 30.15 28.44 28.55 31.04 30.32 29.16 26.07 25.47 22.99 21.46 20.89 21.06 22.16 23.94 25.79 28.27 28.38 30.97 31.47 31.92 32.78 34.10 34.85 33.22 31.87 32.46 33.14 29.91 28.95 30.22 30.00 27.50 27.20 29.40 28.16 26.00 27.44 30.53 30.10 27.27 29.63 31.79 31.05 27.58 26.93 27.47 26.27 23.50 22.06 21.26 19.96 19.48 20.03 20.41 20.38 20.63 21.67 23.44 24.51 25.62 26.71 29.19 29.13 28.53 29.68 31.03 32.10 30.39 29.52 31.42 32.08 29.87 29.57 31.68 31.20 29.76 30.87 32.48 29.97 28.60 30.67 33.18 31.73 29.84 31.26 33.31 32.48 28.92 28.85 30.30 29.55 26.41 25.49 23.57 22.92 21.47 22.34 22.73 23.45 23.33 25.82 26.42 27.84 25.18 26.03 28.53 28.92 27.05 27.62 29.72 28.97 28.76 27.05 25.24 24.52 23.41 22.28 20.24 19.63 18.89 19.17 18.21 17.49 16.34 17.91 18.00 18.48 17.60 20.25 20.97 20.30 21.25 23.95 23.40 24.32 25.76 
27.30 25.21 21.41 20.89 20.37 16.93 14.51 13.40 12.15 11.31 10.12 10.97 9.69 9.36 8.11 7.82 6.24 7.48 5.13 0.00 5.34 6.76 5.04 5.59 8.83 8.95 9.27 11.47 15.44 15.63 17.74 18.20 21.36 22.73 21.75 18.21 17.68 15.46 13.83 12.41 11.40 10.24 10.34 10.86 8.60 6.95 8.29 9.47 6.55 6.60 9.73 11.52 10.48 11.46 15.71 16.07 16.37 17.19 14.89 14.93 14.62 14.52 14.56 15.74 17.05 17.26 18.55 20.98 23.46 23.61 21.54 20.89 20.69 21.23 21.41 21.09 19.75 20.16 21.60 21.42 19.75 21.07 22.86 22.28 21.95 24.06 22.77 23.37 21.11 20.46 19.93 20.71 21.07 22.82 24.63 25.81 27.00 28.22 29.68 30.04 30.74 32.23 31.47 32.25 32.27 32.37 29.89 28.96 30.00 30.80 28.90 27.94 29.19 29.18 27.61 27.42 29.53 28.82 27.81 24.38 23.83 21.32 20.08 19.49 19.92 21.16 23.12 25.12 27.49 27.93 30.28 31.20 31.61 32.13 33.45 34.31 32.58 30.95 31.57 32.30 29.06 28.12 29.39 29.17 26.24 26.30 28.67 27.43 24.95 26.22 29.68 29.03 25.93 28.34 30.65 29.68 26.01 25.04 25.88 24.57 21.79 20.36 19.99 18.69 18.34 18.97 19.44 19.63 20.23 21.35 23.11 24.20 25.18 26.47 28.63 28.76 27.99 29.43 30.73 31.20 29.62 28.92 30.73 30.94 29.11 28.83 31.03 30.14 28.76 29.85 31.37 28.80 27.32 29.27 31.86 30.16 28.24 29.68 32.03 30.56 27.22 26.86 28.50 27.57 24.80 23.83 22.27 21.56 20.84 21.43 22.03 23.09 22.76 25.48 26.24 27.68 25.33 25.94 28.23 28.26 26.62 27.23 29.35 27.88 27.66 25.77 24.11 23.12 22.16 21.00 18.86 18.34 17.45 17.98 16.79 16.00 14.92 16.26 16.84 16.93 16.27 17.98 19.76 18.42 21.42 22.24 21.93 23.60 24.73 
27.91 26.83 22.06 21.69 22.21 19.39 17.29 15.69 14.41 13.80 13.37 13.38 11.78 11.56 10.89 10.22 7.35 6.53 6.84 5.34 0.42 5.46 6.59 5.83 7.38 8.28 9.97 11.55 14.04 15.91 18.47 18.61 21.08 23.05 22.91 19.14 18.67 16.55 14.89 14.17 13.73 12.87 13.23 12.81 11.83 11.16 11.31 10.69 8.80 8.89 11.77 11.87 11.19 12.55 16.88 16.79 17.11 18.39 16.77 16.77 16.93 16.95 17.34 18.50 19.67 20.67 22.37 24.23 25.75 26.59 25.00 23.84 23.52 23.82 24.23 23.94 22.99 22.89 23.80 23.91 22.54 23.19 25.08 24.65 24.60 26.33 24.93 25.51 23.24 22.99 22.38 23.48 23.59 25.57 27.34 28.40 29.64 30.96 32.41 32.64 33.09 34.73 33.98 34.43 34.07 34.09 31.93 30.99 32.00 32.88 30.95 29.86 30.62 30.92 29.31 28.84 30.65 30.43 29.44 26.04 25.30 23.51 22.16 21.89 22.21 23.68 25.61 27.76 30.20 30.30 32.86 33.93 34.23 34.70 35.96 36.54 35.02 33.48 33.72 34.33 31.16 30.14 31.06 30.85 28.63 28.30 30.50 29.47 27.16 28.36 31.53 31.21 28.22 30.24 32.28 31.45 28.14 27.21 27.57 26.39 23.92 22.59 22.21 21.44 21.21 22.00 22.56 22.92 23.38 24.48 26.29 27.30 28.55 29.54 31.59 31.84 30.89 32.24 33.40 34.03 32.24 31.46 32.98 33.27 31.40 31.26 32.99 32.19 30.90 31.75 33.25 30.63 29.16 31.25 33.55 31.69 29.76 31.60 33.49 32.10 28.70 28.89 30.40 29.16 26.53 26.05 24.72 24.42 23.59 24.58 24.97 26.06 25.99 28.19 28.86 30.53 28.64 28.98 30.77 30.65 29.13 30.03 32.15 30.51 29.87 28.40 26.94 25.88 24.54 23.45 21.45 20.51 19.72 19.63 18.91 17.86 16.75 17.99 18.22 18.26 17.66 19.51 21.00 20.22 21.24 23.26 22.78 24.33 26.07 
27.12 25.21 20.94 20.34 20.58 18.38 16.53 15.09 13.54 13.83 13.26 13.60 12.73 11.57 10.75 10.86 9.32 6.90 5.78 6.76 5.46 0.03 5.09 7.04 6.56 6.27 8.48 11.31 12.90 13.68 17.07 17.26 20.06 21.79 21.57 18.44 18.11 15.81 15.19 13.41 13.42 13.42 13.76 13.36 12.72 12.72 11.90 12.57 10.80 10.46 11.64 13.06 12.10 12.41 15.92 16.29 16.84 17.86 15.91 16.32 16.59 17.27 17.73 19.12 20.43 21.59 23.52 25.43 26.94 27.80 26.00 25.13 24.49 24.99 24.82 24.48 23.24 23.26 24.21 24.38 22.40 23.47 25.22 24.93 24.24 25.73 24.44 25.03 23.00 22.61 22.07 23.08 23.87 25.53 27.23 28.43 29.67 30.88 32.41 32.25 33.47 34.88 33.96 34.26 34.21 34.45 31.86 31.04 31.82 32.71 30.45 29.33 30.07 30.38 28.37 27.87 29.79 29.17 28.05 24.54 24.37 22.44 21.40 21.15 22.19 23.46 25.75 27.94 30.24 30.53 33.48 34.26 34.77 35.23 36.40 36.78 35.14 33.65 33.92 34.55 31.35 30.07 30.80 30.88 28.33 27.99 29.96 29.15 27.14 27.73 30.85 30.73 28.11 29.58 31.31 30.70 27.73 26.12 26.38 25.40 23.27 21.75 21.44 21.01 21.27 22.07 22.84 23.31 23.66 24.76 26.14 27.49 28.55 29.70 31.34 31.69 31.13 32.02 33.45 34.21 32.41 31.40 32.97 33.38 31.36 30.79 32.68 31.92 30.47 31.28 32.72 30.44 28.90 30.62 33.03 31.42 29.56 31.03 32.49 31.40 27.95 27.77 29.19 28.47 25.62 25.06 24.03 23.78 23.27 24.16 24.71 25.81 25.78 28.13 28.41 30.07 28.28 28.59 30.26 30.40 28.97 29.51 31.43 29.96 29.45 27.80 26.08 25.30 24.24 23.31 21.03 20.51 19.44 19.99 18.44 17.51 16.26 17.21 17.19 17.32 16.56 18.08 20.46 19.29 21.10 22.54 22.99 24.43 25.70 
24.13 22.19 17.91 16.71 16.46 14.08 12.66 11.04 10.04 9.89 9.84 11.06 10.70 10.74 9.54 9.85 9.60 8.67 5.75 5.04 6.59 5.09 0.00 4.83 7.42 5.56 5.72 8.85 11.61 11.27 13.13 13.67 16.62 18.28 17.97 14.43 14.07 12.59 11.46 10.27 10.75 10.08 11.18 11.68 10.95 9.39 10.17 11.52 9.78 7.53 10.36 11.54 10.52 9.47 13.00 13.99 14.09 15.08 12.68 13.65 13.81 14.75 15.45 16.88 18.01 19.56 21.04 22.99 24.89 25.62 23.52 22.54 22.26 22.47 22.26 21.87 20.80 20.93 21.61 21.29 19.31 20.13 22.53 21.95 20.85 22.22 21.04 21.77 19.47 19.19 18.60 20.12 20.64 22.42 24.22 25.29 26.65 27.90 29.09 29.38 30.15 31.76 30.67 31.22 31.52 31.54 28.77 27.85 28.97 29.49 26.91 25.94 26.89 26.70 24.80 24.46 26.79 25.67 24.32 21.28 21.00 18.91 17.96 18.19 19.09 20.53 22.93 24.97 27.31 27.84 30.74 31.69 32.03 32.48 33.55 34.06 32.58 30.93 31.20 31.96 28.90 27.34 28.32 28.32 25.97 25.26 27.14 26.23 24.14 24.93 27.78 27.07 24.29 26.30 28.04 27.30 23.78 22.59 23.08 22.29 19.53 18.26 18.11 18.14 18.21 19.09 19.71 20.32 20.87 21.75 23.16 24.51 25.90 26.34 28.08 28.54 28.10 28.91 30.19 31.17 29.68 28.17 29.85 30.26 28.07 27.64 29.22 28.48 26.97 27.82 29.01 26.71 25.74 27.39 29.32 27.72 25.95 26.84 28.53 27.61 24.48 24.02 25.32 24.66 21.90 21.35 19.77 20.26 19.74 20.73 20.89 22.32 22.29 24.71 24.82 26.72 24.62 25.19 27.13 27.35 25.53 25.84 27.53 26.21 25.73 23.92 21.89 21.12 20.58 19.45 17.04 16.63 16.44 16.47 14.95 14.08 12.89 13.68 13.59 13.86 13.28 15.10 15.83 15.62 16.86 19.95 19.84 20.93 23.20 
23.61 21.17 17.05 16.56 15.70 13.20 11.96 11.51 11.28 11.84 11.92 13.42 12.48 13.48 12.63 12.01 10.62 10.33 8.32 5.59 5.83 7.04 4.83 0.00 5.72 6.83 5.37 6.17 9.58 10.19 11.83 12.45 15.50 16.97 16.24 13.36 13.35 11.62 11.29 10.62 11.31 11.27 12.71 13.04 11.64 10.56 11.12 12.13 9.00 7.57 9.90 11.15 8.97 9.09 12.71 12.69 13.16 13.93 12.06 12.46 12.97 14.31 15.75 17.34 18.68 19.97 21.48 23.48 25.49 26.30 24.13 23.20 22.84 22.94 22.56 22.01 21.15 21.33 21.88 21.68 19.72 20.89 22.51 22.36 21.46 22.45 21.13 21.88 19.78 19.17 18.85 20.35 21.15 23.07 24.78 25.91 26.99 28.38 29.89 29.80 30.44 31.84 31.00 31.56 31.33 31.39 28.77 28.14 28.56 29.10 26.76 25.99 26.38 26.15 24.14 24.15 26.07 25.05 23.77 20.91 20.45 18.33 17.79 18.20 19.26 20.97 23.27 25.38 27.48 28.08 30.90 31.85 32.50 32.52 33.40 34.14 32.74 30.91 31.21 31.96 28.65 27.27 28.28 28.41 25.38 24.93 27.08 26.39 23.87 24.76 27.66 27.02 23.99 26.04 27.91 26.84 23.31 22.35 22.97 21.80 19.52 18.38 18.44 18.30 19.03 20.04 20.68 21.23 21.97 22.66 24.22 25.67 26.94 27.61 29.13 29.39 29.06 29.79 30.80 31.54 30.03 28.87 30.01 30.30 28.55 27.93 29.41 28.38 27.11 27.87 28.81 26.33 25.53 27.00 28.83 27.07 25.37 26.43 27.87 26.64 23.68 23.30 24.54 23.69 21.12 20.91 19.74 19.82 19.94 20.98 21.60 23.08 23.18 25.44 25.80 27.38 25.61 25.65 27.55 27.37 26.06 26.11 27.84 26.09 25.96 23.89 22.27 21.13 20.64 19.61 17.44 17.02 16.61 17.15 15.53 14.67 12.90 14.13 14.15 14.32 13.59 15.12 16.70 16.00 17.35 19.21 19.33 21.30 22.82 
24.57 23.27 18.90 18.35 18.41 16.57 15.50 15.34 15.44 15.68 17.03 17.13 16.70 17.01 16.92 15.96 13.60 12.64 11.47 8.83 7.38 6.56 7.42 5.72 0.65 5.98 7.57 6.65 8.09 10.08 13.05 13.12 15.77 17.55 17.37 14.81 15.09 14.16 13.96 13.99 15.10 15.55 16.73 16.16 15.84 15.29 14.84 14.43 12.79 11.48 13.21 13.01 11.94 12.10 15.98 15.45 15.36 16.76 15.38 15.35 15.38 16.93 18.94 20.33 21.66 23.18 24.53 26.96 28.55 29.26 27.26 26.53 26.37 26.24 25.59 25.49 24.56 24.04 24.17 24.23 22.74 22.92 24.54 24.67 24.40 25.25 23.51 24.32 22.44 22.11 21.72 23.19 24.00 26.09 27.86 28.55 29.89 31.13 32.89 32.76 32.95 34.53 33.75 34.02 33.39 33.56 30.98 30.14 30.55 31.50 28.77 28.04 28.26 28.35 26.39 26.13 27.95 27.37 26.36 23.17 22.79 20.85 20.25 20.81 21.90 23.64 26.24 28.26 30.64 31.08 33.71 35.04 35.42 35.63 36.46 37.23 35.70 34.03 33.91 34.63 31.20 30.01 30.70 30.68 27.98 27.57 29.33 28.65 26.39 27.02 29.70 29.51 26.66 28.34 29.60 28.78 25.70 24.72 24.94 24.25 22.37 21.59 21.27 21.49 22.35 23.58 24.35 25.09 25.40 26.42 27.92 29.42 30.69 31.16 32.65 33.23 32.48 33.28 34.14 34.86 33.26 31.82 32.85 33.30 31.44 30.83 31.96 31.18 29.91 30.51 31.47 29.01 27.86 29.71 31.29 29.43 27.35 28.91 30.27 28.98 25.55 25.48 26.79 25.77 23.28 23.50 22.63 22.86 22.88 24.23 24.73 26.08 26.37 28.23 28.54 30.58 28.83 28.73 30.08 30.10 28.71 29.17 30.53 28.93 28.62 27.08 25.48 24.41 23.48 22.49 20.64 19.88 19.21 19.10 18.11 16.99 15.82 15.75 15.95 15.78 15.91 16.76 18.26 18.22 19.50 20.77 21.12 22.79 24.38 
22.32 20.83 16.54 15.85 15.11 13.97 13.02 12.75 13.06 14.59 15.33 16.07 15.91 16.10 15.92 14.95 13.91 12.25 10.23 8.95 8.28 6.27 5.56 6.83 5.98 0.00 5.28 7.40 6.80 7.23 10.11 10.88 13.27 14.59 15.16 12.62 13.24 11.68 12.23 11.73 13.37 14.54 15.62 15.14 15.08 14.74 14.08 14.55 12.83 11.61 12.45 13.47 11.98 11.01 13.74 14.15 13.93 14.09 12.46 13.20 13.68 15.10 17.15 18.92 20.80 22.04 23.46 25.57 27.61 28.17 26.16 25.43 25.40 25.08 24.44 24.17 23.40 22.84 22.86 23.20 21.09 21.39 22.78 22.92 22.30 23.03 21.11 21.66 20.08 19.76 19.77 21.24 22.58 24.33 25.98 26.82 27.99 29.06 30.86 30.61 31.57 32.97 32.19 32.22 32.12 32.18 29.71 28.49 29.21 29.94 27.12 25.59 26.03 26.04 23.59 23.05 25.07 24.57 23.35 19.82 19.74 18.24 17.88 18.64 20.28 22.01 24.63 26.92 29.10 29.35 32.46 33.51 34.24 34.28 35.42 35.96 34.53 32.55 32.74 33.21 29.84 28.45 29.09 29.12 26.43 25.85 27.39 26.77 24.54 25.01 27.60 27.42 24.92 26.17 27.31 26.73 23.74 22.40 22.55 22.12 20.39 19.43 19.52 19.95 20.79 21.96 22.70 23.33 24.13 24.89 26.33 27.64 29.03 29.69 31.24 31.39 31.03 31.63 32.70 33.41 31.58 30.24 31.41 31.76 29.72 28.90 30.30 29.39 27.84 28.50 29.78 27.35 26.12 27.42 29.32 27.45 25.15 26.16 27.61 26.33 22.69 22.28 24.00 23.29 20.76 20.61 19.98 20.54 21.04 22.07 22.89 24.02 24.33 26.28 26.50 28.17 26.83 26.54 28.30 28.19 26.99 26.99 28.67 26.95 26.63 24.83 23.23 22.44 21.71 20.72 18.71 18.17 17.50 17.68 16.16 14.94 13.51 13.62 13.24 13.23 13.02 13.78 16.39 15.89 17.35 18.80 19.79 21.88 23.60 
20.28 18.70 14.70 13.94 13.05 11.81 11.39 11.20 11.82 13.62 15.17 16.14 15.50 16.67 16.28 15.80 14.65 14.89 11.16 9.27 9.97 8.48 5.72 5.37 7.57 5.28 0.00 5.43 7.58 6.36 8.14 8.76 10.85 12.70 12.53 10.72 11.27 9.95 10.49 11.09 12.37 13.72 15.36 15.60 14.89 14.63 14.27 15.22 13.26 11.03 12.79 13.55 11.93 9.99 12.34 12.77 12.89 12.81 10.54 11.75 12.70 14.23 15.52 17.94 19.91 21.33 22.28 24.75 27.13 27.65 25.11 24.76 24.84 24.88 23.82 23.77 22.83 22.49 22.21 21.91 19.82 19.93 21.52 21.36 20.30 21.10 19.16 20.10 18.38 18.36 18.14 20.13 21.26 23.08 24.66 25.39 26.56 27.96 29.06 29.26 29.92 31.80 30.64 31.09 31.14 31.21 28.03 27.05 27.76 28.54 24.97 23.53 24.10 23.63 21.11 20.74 22.90 22.00 20.78 17.57 17.84 16.29 16.20 17.35 19.01 20.95 23.69 25.68 27.94 28.48 31.41 32.43 32.64 33.07 33.88 34.80 33.19 31.47 31.23 32.01 28.55 27.08 27.43 27.87 25.46 24.68 26.08 25.29 23.07 23.72 26.34 25.76 23.11 24.57 26.13 25.09 21.88 20.87 21.34 20.90 18.98 18.29 18.32 18.97 20.00 21.29 21.79 22.62 23.10 23.71 24.92 26.64 27.93 28.43 29.92 30.38 29.78 30.47 31.35 32.27 30.22 28.79 30.03 30.28 27.73 27.19 28.26 27.28 25.74 26.61 27.50 25.15 24.08 25.46 26.75 24.87 22.81 23.64 24.86 23.89 20.33 19.95 21.43 21.07 18.70 18.87 17.77 18.99 19.38 20.85 21.16 22.80 22.75 24.93 24.82 26.97 24.78 25.26 26.92 27.22 25.09 25.59 27.06 25.56 24.76 23.40 21.31 20.71 20.21 19.46 17.13 16.88 16.66 17.20 15.63 14.47 12.87 13.18 13.04 12.56 11.76 12.97 14.20 14.60 15.69 17.27 18.44 20.00 22.18 
