0.83 5.82 7.28 9.19 10.41 12.93 15.39 17.25 17.43 18.64 18.30 20.28 20.55 19.73 17.30 17.41 18.05 16.85 16.27 17.17 18.29 18.13 18.43 19.51 21.60 22.52 22.31 24.03 25.21 25.57 25.78 26.88 27.08 26.48 27.01 28.22 28.96 28.77 29.72 31.16 31.26 31.15 31.19 30.54 30.62 30.42 31.29 30.89 31.93 32.17 32.18 31.54 29.47 28.66 27.20 25.97 23.91 23.25 22.17 21.99 21.31 20.94 20.38 20.82 20.94 20.84 22.62 23.67 24.94 24.82 26.13 26.43 25.41 25.26 25.67 25.79 26.39 27.11 28.15 28.94 30.33 30.82 30.08 29.06 28.88 29.71 28.33 27.26 26.47 27.02 25.10 24.44 24.59 24.36 22.90 22.79 22.99 22.84 22.29 23.17 22.50 22.85 22.81 23.73 24.45 26.03 27.92 29.10 30.03 30.48 30.94 30.55 29.58 29.58 30.02 30.19 30.22 30.82 31.11 30.57 30.13 30.22 30.72 29.89 29.93 30.56 31.25 31.24 31.58 30.73 31.24 31.21 31.75 30.24 29.25 29.10 28.12 27.26 27.11 27.25 27.58 27.61 27.47 28.07 28.63 27.82 28.02 29.39 29.62 28.47 27.62 29.04 29.61 28.29 27.91 29.26 30.00 28.67 29.36 31.24 31.64 30.63 31.65 33.21 32.74 30.79 28.97 28.23 26.95 26.22 26.31 26.05 26.59 27.36 27.52 27.72 28.73 28.44 27.43 28.04 28.52 27.25 27.58 29.27 28.72 26.99 27.29 29.16 28.00 25.55 26.18 28.60 28.46 28.66 
5.82 0.06 5.58 6.57 9.60 11.78 13.13 15.95 15.44 17.17 16.79 18.74 19.13 18.50 16.50 16.47 16.87 15.48 15.14 15.56 17.43 17.16 17.79 18.48 20.79 21.35 21.13 22.57 23.92 23.98 23.87 25.32 25.44 24.54 24.64 26.40 27.09 26.71 27.25 29.57 29.58 29.50 29.15 28.53 28.48 28.76 29.49 29.06 30.17 30.92 30.94 30.30 28.14 27.54 26.05 24.41 22.03 21.39 20.58 19.64 19.11 18.13 18.08 18.48 19.12 18.49 20.72 21.68 23.37 22.68 24.60 24.99 23.72 23.43 23.99 24.18 24.57 25.07 26.47 27.10 28.54 29.44 28.60 27.67 27.53 28.87 27.05 25.57 25.31 26.14 23.85 22.95 23.75 23.27 21.78 21.93 22.12 21.55 21.14 21.90 20.66 21.30 21.17 22.30 22.67 24.39 26.28 28.12 29.33 29.09 29.35 28.97 28.13 28.01 28.20 28.67 29.00 29.49 29.64 29.16 28.74 29.09 29.27 28.71 28.80 29.67 30.18 30.27 30.85 29.67 29.94 30.26 31.28 29.27 27.93 28.15 27.15 25.92 25.45 25.87 26.21 25.98 25.90 26.83 27.43 26.40 26.34 28.53 28.85 27.38 26.55 28.63 29.58 27.87 27.21 29.36 30.21 28.20 28.66 31.39 31.68 29.90 30.76 33.16 32.60 30.06 28.16 27.77 26.33 25.34 25.30 25.07 25.76 26.55 26.57 27.23 28.44 27.86 26.46 27.34 28.20 26.22 26.67 28.46 27.63 25.87 26.88 28.17 25.16 24.74 26.54 28.04 25.94 28.62 
7.28 5.58 0.52 3.72 7.51 8.02 11.32 11.84 11.82 14.89 14.88 15.59 15.67 16.22 14.04 13.69 14.63 13.63 12.92 13.04 15.39 15.59 16.41 17.29 19.28 20.10 20.05 21.32 22.64 22.23 21.97 22.70 23.45 22.50 22.86 23.95 25.20 24.67 25.22 27.15 27.77 27.69 27.46 26.50 26.94 26.96 27.60 27.04 28.40 28.92 28.91 28.38 25.98 25.42 23.91 22.09 19.05 18.73 18.06 17.14 15.87 15.26 15.24 15.61 16.09 15.73 18.18 19.15 20.24 19.93 22.44 22.83 21.42 21.63 22.47 22.28 22.52 23.26 24.73 25.21 26.94 27.45 27.13 26.00 25.59 26.84 25.32 24.07 23.22 24.39 22.42 21.69 21.33 21.31 20.39 20.52 19.97 19.82 19.56 20.40 18.68 19.69 19.62 20.82 21.50 23.41 25.33 26.97 28.70 28.17 28.17 27.35 27.21 26.53 26.36 26.81 27.86 28.31 28.33 27.73 27.81 27.92 28.30 27.51 27.70 28.18 28.98 28.97 29.90 28.32 28.75 29.05 30.40 27.80 26.72 26.62 25.84 24.15 23.95 24.14 24.53 24.25 24.53 24.99 26.04 24.86 25.04 26.80 27.39 26.12 25.76 27.65 28.63 26.97 26.88 28.48 29.64 27.35 28.07 30.36 31.27 29.23 30.23 32.62 32.57 29.80 27.49 26.77 25.39 24.28 24.18 24.06 24.76 25.42 25.86 26.26 27.64 26.99 25.71 26.16 27.23 25.52 25.58 27.21 27.60 25.63 25.10 27.59 26.27 24.20 25.66 27.84 27.28 28.91 
9.19 6.57 3.72 0.45 5.58 6.92 8.24 10.10 11.11 13.82 13.54 15.45 15.82 16.33 14.15 14.07 15.18 14.47 14.11 14.60 16.86 16.89 17.97 18.58 19.85 20.15 20.01 21.99 23.11 23.11 22.35 23.56 24.06 23.51 23.50 25.19 26.14 25.83 25.91 27.95 28.20 28.26 27.87 27.49 27.47 27.64 27.88 27.78 28.82 29.51 29.15 29.10 26.70 26.00 23.85 22.78 20.14 19.44 18.20 17.64 16.70 15.86 15.23 15.49 16.39 15.51 17.95 18.98 20.40 19.82 22.30 23.12 21.96 21.99 22.50 23.28 23.87 24.20 25.19 26.24 27.56 28.29 27.42 26.64 26.03 27.29 25.63 24.69 23.72 24.86 22.89 22.31 22.19 22.32 21.25 21.47 21.09 20.68 20.12 20.77 19.14 19.99 19.55 21.51 22.13 24.01 25.56 27.75 29.36 28.99 28.39 28.22 27.89 27.44 27.06 27.78 28.74 29.12 28.89 28.66 28.34 28.46 28.50 28.18 28.30 28.84 29.30 29.64 30.32 28.74 28.78 29.48 30.48 28.17 26.55 27.39 26.58 25.19 24.25 25.18 25.56 25.37 25.00 26.19 27.25 26.14 25.79 28.00 28.60 27.13 26.45 28.53 29.40 27.84 27.27 29.27 30.32 28.57 28.76 31.39 32.03 30.43 30.77 33.25 33.09 30.58 27.99 27.84 26.52 25.09 24.66 24.87 25.62 26.23 26.27 26.82 28.34 27.89 26.23 27.00 28.32 26.61 26.22 28.06 28.17 26.60 26.60 27.01 24.84 24.79 27.39 26.92 26.34 30.35 
10.41 9.60 7.51 5.58 0.00 6.41 7.25 10.10 10.88 13.78 13.42 15.88 16.22 15.36 12.53 12.50 14.24 12.83 12.66 13.88 15.49 15.43 15.76 16.67 18.03 18.49 17.37 19.99 21.26 21.05 20.84 22.58 23.52 22.20 22.39 23.97 25.16 24.43 24.82 27.00 27.39 27.21 26.83 25.91 26.00 25.79 26.15 25.52 26.75 27.50 27.26 26.57 25.42 24.53 22.95 21.04 19.75 18.56 17.34 16.44 16.49 15.37 14.92 15.39 16.47 15.73 17.92 19.28 20.72 20.31 22.23 22.62 21.28 21.07 21.62 22.09 22.69 23.17 24.47 25.08 26.63 27.34 26.76 25.44 25.48 26.73 25.28 23.77 23.82 24.65 22.20 21.20 22.24 21.86 19.36 19.54 20.56 19.50 18.38 19.44 17.97 18.56 18.03 19.93 20.49 22.25 24.03 26.39 28.11 27.46 27.09 26.67 25.75 25.56 25.94 26.06 26.60 27.20 27.56 26.54 25.85 26.32 27.01 26.03 26.28 27.14 28.09 27.69 27.84 26.53 27.47 27.70 29.02 26.43 25.07 25.25 24.58 22.89 22.47 23.07 23.86 23.40 23.00 24.23 25.17 23.77 23.65 26.49 27.29 25.37 24.33 26.89 28.10 25.84 25.35 27.81 29.13 26.75 27.37 30.47 30.86 29.07 29.80 32.62 32.08 29.14 26.87 26.31 25.40 23.66 23.31 23.13 23.75 24.77 24.41 25.24 27.25 27.04 24.86 26.11 27.26 25.54 24.61 26.99 26.29 24.86 25.18 27.43 26.13 27.27 26.11 25.89 24.82 29.18 
12.93 11.78 8.02 6.92 6.41 0.00 5.22 7.33 8.33 12.16 11.35 14.41 14.54 14.39 12.41 11.56 13.43 12.37 12.33 12.89 15.90 15.68 15.90 16.27 18.22 18.58 17.11 19.16 20.83 20.48 19.87 21.78 22.38 21.03 20.66 22.76 23.94 23.05 23.27 26.07 26.39 26.40 25.38 24.71 24.78 24.65 24.92 23.92 25.44 26.35 26.18 25.12 23.54 23.20 21.47 19.04 17.44 16.90 16.19 14.54 14.57 14.11 13.67 13.82 14.66 14.29 16.45 18.19 20.12 19.74 21.39 21.91 20.20 20.11 20.77 20.97 21.61 22.00 23.29 23.97 25.79 26.34 25.75 23.97 24.37 26.03 24.08 22.34 22.90 24.07 21.38 20.38 21.40 21.20 18.74 19.35 19.71 18.61 17.63 18.75 16.87 17.79 17.53 19.55 19.88 21.64 23.34 26.09 27.57 26.72 26.16 25.69 24.83 24.38 24.59 24.78 25.37 26.08 26.24 25.38 24.97 25.51 25.71 24.75 25.55 26.73 27.39 27.05 27.83 26.51 27.20 27.46 29.14 26.62 24.95 24.91 24.04 22.16 21.56 21.97 22.65 22.13 22.07 23.10 24.33 22.43 22.47 25.42 26.79 24.58 23.74 26.53 28.25 25.99 25.33 27.97 29.55 26.95 27.74 31.01 31.53 29.18 30.26 33.20 32.51 29.12 26.83 26.40 24.83 23.19 22.91 22.70 23.33 24.01 24.26 25.14 27.21 26.47 24.71 25.94 27.26 24.75 24.18 27.17 26.22 24.88 24.89 27.05 25.20 25.59 25.41 25.76 23.91 28.66 
15.39 13.13 11.32 8.24 7.25 5.22 1.34 7.34 8.16 11.27 12.52 14.00 14.30 14.67 12.31 10.78 13.26 13.88 12.49 12.66 16.45 17.44 17.44 17.92 19.96 21.16 20.04 21.69 22.61 22.13 21.69 23.42 24.05 22.41 22.37 24.25 25.24 24.42 24.71 27.47 27.75 27.63 26.80 26.33 26.39 26.44 26.08 25.62 26.88 27.94 27.21 26.60 24.53 24.28 22.20 19.69 17.87 17.50 17.77 15.78 15.38 14.72 15.69 14.47 15.86 14.89 17.58 19.03 20.36 19.93 21.66 22.34 20.68 20.91 21.53 21.93 22.48 23.08 24.33 25.12 26.96 27.73 26.91 25.63 25.58 27.30 25.53 23.93 24.33 25.49 23.08 21.77 22.20 21.80 20.03 20.33 20.79 19.93 18.93 20.31 18.21 19.71 19.36 21.13 21.07 22.92 25.20 27.77 29.60 28.22 27.76 27.23 26.57 25.92 25.97 26.05 26.96 27.63 27.76 26.93 26.66 27.13 27.47 26.91 27.60 28.54 29.24 29.29 30.08 28.74 29.19 29.56 31.40 28.78 27.15 26.89 26.18 24.09 23.72 23.76 24.45 24.03 24.14 25.06 26.09 24.68 24.75 27.67 28.72 27.24 26.55 28.98 30.37 28.53 27.94 30.08 31.39 29.23 29.89 33.19 33.57 31.67 32.49 35.76 35.08 31.89 29.27 28.62 27.30 25.33 24.95 24.69 25.19 25.98 26.13 27.00 28.92 28.48 26.48 27.61 28.99 26.63 25.85 28.44 28.08 26.50 26.06 29.33 27.63 27.78 25.91 27.40 26.37 30.44 
17.25 15.95 11.84 10.10 10.10 7.33 7.34 0.00 6.80 9.71 9.84 11.37 12.90 13.06 13.13 12.63 13.96 14.13 14.88 15.41 18.70 18.79 19.71 20.16 21.76 22.21 21.03 23.66 24.25 23.71 22.85 25.21 25.10 23.85 23.47 25.74 26.37 25.40 25.73 28.42 28.43 28.26 27.31 27.05 27.23 26.83 26.76 26.24 27.80 28.80 27.93 28.01 25.89 24.88 22.37 20.59 18.95 17.97 17.46 16.27 16.37 15.10 14.43 13.08 15.66 14.70 17.24 18.79 20.93 20.18 22.53 22.94 21.38 21.43 22.49 22.81 23.47 24.06 25.11 26.36 27.64 28.59 27.61 26.39 26.13 28.03 26.20 24.91 24.90 26.41 23.50 22.68 23.01 22.68 20.53 20.88 21.42 19.70 18.33 19.73 18.51 19.57 19.53 22.17 22.56 24.43 26.18 29.25 30.61 29.67 28.55 28.18 27.20 26.79 26.54 26.91 27.32 28.09 28.13 27.89 27.41 27.92 28.07 27.98 28.27 29.29 29.83 30.16 30.77 29.45 29.81 30.19 31.62 29.15 27.49 27.69 27.16 25.48 24.43 24.99 25.69 25.42 25.13 26.58 27.66 26.50 26.33 29.45 30.15 28.69 27.97 30.54 31.73 29.99 29.20 31.22 32.64 30.52 31.02 34.12 34.56 32.52 33.19 36.19 35.43 32.27 29.48 29.16 27.61 25.85 25.09 25.19 25.98 26.67 26.41 27.73 29.77 29.33 27.04 28.48 30.16 28.05 26.78 29.95 29.66 28.44 27.41 29.40 27.68 27.54 26.83 27.02 26.33 30.62 
17.43 15.44 11.82 11.11 10.88 8.33 8.16 6.80 0.00 6.07 6.06 7.65 10.33 10.43 10.07 10.10 11.50 11.72 11.99 14.01 16.25 17.16 17.29 18.48 20.56 20.94 18.81 21.67 22.99 22.38 21.94 23.72 24.05 22.65 22.15 24.02 24.75 23.74 23.56 25.89 26.27 26.12 25.15 24.62 24.57 24.21 23.92 23.65 25.17 25.91 25.09 24.93 23.17 22.16 19.43 17.57 16.35 15.40 14.22 13.56 13.78 12.57 11.83 11.02 13.76 12.75 15.33 16.97 19.17 18.71 20.85 21.18 19.67 19.93 20.38 20.83 21.48 21.93 23.06 23.68 25.56 26.24 25.40 24.02 24.25 25.72 23.84 22.38 23.22 24.17 21.15 20.11 21.00 20.12 17.55 17.83 18.46 16.57 15.06 17.64 15.89 17.28 17.02 19.72 21.06 22.89 24.85 27.71 29.58 28.41 27.43 26.41 25.05 24.90 24.77 25.12 25.41 26.53 26.42 26.07 25.38 26.28 26.37 26.16 26.65 28.16 28.38 28.32 28.50 27.56 28.33 28.56 30.07 27.59 25.82 26.36 25.60 24.06 23.07 24.10 24.89 24.78 24.30 25.79 26.58 25.26 25.34 28.52 29.28 27.56 26.80 29.54 30.65 28.61 27.84 30.36 31.33 29.06 29.26 32.54 32.45 30.63 31.45 34.02 33.13 29.96 27.52 27.01 25.77 23.95 23.13 23.27 23.85 24.63 24.31 25.59 27.72 27.44 25.01 26.65 28.16 26.21 25.24 27.59 27.01 25.38 25.26 26.90 25.64 25.13 24.87 25.82 25.99 28.78 
18.64 17.17 14.89 13.82 13.78 12.16 11.27 9.71 6.07 0.00 5.60 7.49 9.14 10.25 9.85 10.18 13.03 12.80 13.11 14.70 18.54 18.80 19.24 19.80 22.60 23.31 21.08 23.23 24.37 24.22 23.14 25.64 25.46 24.18 22.66 25.02 25.52 24.81 24.31 27.43 27.36 27.83 26.10 25.82 25.23 25.36 25.18 25.19 26.43 27.61 26.90 26.48 24.55 23.74 21.03 18.60 17.54 17.36 16.11 13.62 14.72 14.17 12.67 12.38 14.70 14.34 17.05 18.72 21.41 20.42 22.22 22.40 21.22 21.39 21.82 22.35 22.51 23.24 24.54 25.75 26.95 28.02 26.89 25.71 25.43 27.67 25.22 24.22 24.70 25.95 22.96 21.56 22.23 21.47 18.83 18.87 19.44 18.45 16.50 18.84 17.69 19.19 19.22 21.84 22.68 24.61 26.27 28.81 30.50 29.58 28.13 27.22 25.63 25.58 25.48 25.91 26.08 27.53 27.60 27.52 26.77 27.68 27.58 27.50 28.11 29.96 29.84 30.04 30.18 29.42 29.71 30.11 31.80 29.73 27.46 27.89 26.95 25.77 24.83 25.62 26.75 26.73 26.41 27.65 28.45 27.32 27.18 30.42 31.25 29.71 29.02 31.57 32.72 31.18 30.41 32.59 33.56 31.38 31.57 34.84 34.89 33.21 33.39 36.35 35.13 32.13 29.04 28.77 27.22 25.41 24.70 24.80 25.49 26.23 26.27 27.52 29.43 29.20 26.84 28.39 29.69 27.54 26.56 29.42 28.87 27.36 26.65 28.40 27.46 25.74 25.67 25.89 27.03 27.97 
18.30 16.79 14.88 13.54 13.42 11.35 12.52 9.84 6.06 5.60 1.76 5.35 7.00 7.16 7.65 7.69 9.75 10.10 10.33 11.94 14.48 15.46 15.50 16.45 18.97 20.32 18.76 20.30 21.20 20.58 20.79 22.71 23.14 21.12 20.62 22.88 23.35 22.49 22.39 25.08 24.83 24.94 23.68 23.18 22.88 23.26 22.97 22.40 23.62 24.66 24.22 23.72 21.34 20.39 17.25 14.72 14.35 13.79 13.56 8.91 10.78 10.02 9.86 6.55 11.37 10.93 14.22 15.78 18.85 17.11 19.11 19.37 18.05 17.99 19.15 19.36 19.79 20.18 22.22 23.08 24.73 25.45 24.49 22.95 23.15 24.66 22.52 21.10 22.10 22.87 19.54 18.19 18.70 17.23 14.99 15.43 16.05 14.16 12.35 14.85 13.55 15.38 16.18 18.75 18.97 21.07 23.02 26.05 27.89 26.45 25.54 24.53 23.45 23.07 23.14 23.08 23.32 24.61 25.01 24.42 24.00 24.93 25.27 24.97 25.55 27.21 27.71 27.63 28.11 27.09 27.76 27.96 29.91 27.48 25.64 25.75 25.13 23.47 22.65 23.37 24.36 24.39 24.22 25.60 26.38 25.07 25.37 28.56 29.36 27.87 27.33 30.02 30.99 29.13 28.48 30.59 31.30 29.16 29.82 32.98 32.87 31.05 31.91 34.45 33.55 30.31 27.69 26.96 25.60 23.71 22.97 22.89 23.24 24.10 24.25 25.57 27.50 26.83 24.82 26.53 27.61 25.26 24.55 27.52 26.81 25.02 24.63 27.26 25.91 25.01 25.15 26.29 26.30 28.44 
20.28 18.74 15.59 15.45 15.88 14.41 14.00 11.37 7.65 7.49 5.35 0.00 5.54 6.65 7.17 8.74 9.64 10.32 11.70 13.66 16.23 17.09 17.59 18.51 20.85 22.41 21.34 23.18 23.86 23.90 23.14 25.89 25.69 24.75 23.73 26.04 26.24 25.42 25.11 28.02 27.29 27.31 25.56 25.17 24.83 24.79 24.44 24.30 25.38 26.70 26.02 25.74 23.78 22.76 19.93 18.03 17.05 16.36 14.39 11.71 12.26 12.55 9.89 6.53 11.80 13.43 15.06 16.50 19.89 19.39 21.37 21.32 19.68 20.10 20.95 21.22 21.73 22.77 23.77 25.10 26.57 27.35 26.12 25.23 25.18 26.77 24.32 23.79 24.29 24.80 21.36 20.54 20.71 19.33 16.39 17.30 17.27 15.12 13.06 16.23 15.42 17.06 18.07 20.57 21.41 23.04 25.04 27.75 29.45 28.41 27.25 26.43 25.25 24.80 24.81 24.90 25.25 26.48 26.65 26.34 25.82 26.78 27.00 26.81 27.40 28.85 29.17 29.57 29.73 28.82 29.26 29.94 31.23 29.25 27.38 27.74 26.96 25.57 24.70 25.69 26.38 26.82 26.45 27.84 28.53 27.69 27.79 31.10 31.90 30.37 29.89 32.33 33.37 31.59 30.77 32.37 33.69 31.33 32.00 34.77 34.89 33.15 33.32 35.95 34.78 31.89 29.02 28.41 26.81 25.24 24.37 24.53 25.07 26.09 26.26 27.70 29.60 29.24 27.03 28.42 29.89 27.83 26.76 29.37 29.02 27.47 26.96 28.70 27.46 26.77 26.60 27.05 26.93 28.36 
20.55 19.13 15.67 15.82 16.22 14.54 14.30 12.90 10.33 9.14 7.00 5.54 0.00 5.56 6.94 7.09 8.36 9.59 10.83 12.51 14.02 16.53 17.28 18.33 20.91 22.71 21.73 23.84 24.53 24.11 24.04 26.18 26.63 25.30 25.10 27.03 27.46 26.27 25.86 28.43 28.28 27.85 26.12 25.75 25.37 25.05 24.61 24.57 26.27 26.99 26.33 26.28 24.31 23.31 20.58 18.94 17.95 16.65 16.31 14.09 14.73 13.28 13.04 11.15 13.59 13.88 17.14 17.90 20.89 19.62 21.80 21.68 21.07 20.98 21.47 21.61 22.39 22.83 24.25 25.06 26.95 27.25 26.05 25.15 25.59 26.63 24.76 23.64 24.28 24.34 20.64 19.76 20.11 18.59 16.39 16.34 17.21 13.91 14.15 15.91 15.00 17.24 17.82 19.93 20.98 22.93 25.23 27.82 29.30 28.29 27.42 26.63 25.36 24.84 24.73 25.30 25.76 26.87 26.80 26.73 26.17 27.00 27.22 27.41 27.67 28.99 29.46 29.68 29.95 28.83 29.79 30.25 31.77 29.48 27.97 28.33 27.63 26.27 25.53 26.55 27.18 27.46 27.22 28.57 29.10 28.20 28.67 31.77 32.51 31.14 30.66 32.97 33.75 31.90 31.23 33.37 34.29 32.13 32.49 35.24 35.37 33.47 34.05 36.48 35.44 32.27 29.74 28.88 27.16 25.68 25.15 25.19 25.52 26.74 26.97 28.21 29.93 29.40 27.24 28.93 30.09 28.71 27.51 30.01 29.14 28.35 28.21 29.49 27.66 27.26 27.86 28.02 26.33 27.39 
19.73 18.50 16.22 16.33 15.36 14.39 14.67 13.06 10.43 10.25 7.16 6.65 5.56 0.00 5.65 7.45 7.01 7.64 9.23 11.27 13.05 14.22 15.47 16.12 19.19 20.23 19.55 21.65 22.90 22.67 22.44 25.13 25.25 24.08 23.63 26.05 26.37 25.22 24.91 27.55 27.09 26.94 24.91 24.52 23.87 23.85 23.39 23.63 24.53 25.80 24.82 24.75 22.80 22.01 19.56 17.06 16.38 15.80 15.15 12.79 13.64 12.89 12.16 11.59 14.48 13.77 16.41 18.44 20.93 19.04 20.52 20.94 20.04 19.56 20.14 20.52 21.01 21.75 23.01 24.11 25.15 26.00 25.14 24.20 24.19 25.84 23.36 22.47 22.73 23.01 19.28 18.21 18.37 17.72 13.74 14.52 14.21 12.65 11.05 14.63 13.51 15.72 16.33 18.79 19.85 21.62 23.51 26.40 28.09 27.03 25.68 25.27 24.37 23.74 23.47 24.12 24.82 25.69 25.91 25.96 25.66 26.16 26.52 26.56 26.95 28.17 28.76 28.94 29.34 28.18 28.96 29.59 31.04 28.74 27.17 27.56 26.88 25.58 24.62 25.64 26.60 26.87 26.37 27.83 28.84 27.68 28.08 30.97 31.95 30.19 30.07 32.27 33.31 31.31 30.92 32.93 34.14 31.64 32.20 35.28 35.48 33.23 33.49 36.13 34.84 31.55 28.85 28.30 26.32 24.74 23.92 24.08 24.75 25.41 25.33 26.91 29.05 28.56 26.47 28.11 29.73 27.75 26.59 29.70 29.21 27.75 27.38 29.51 27.87 27.05 27.05 27.33 26.03 27.14 
17.30 16.50 14.04 14.15 12.53 12.41 12.31 13.13 10.07 9.85 7.65 7.17 6.94 5.65 0.00 5.53 6.74 5.96 6.72 8.65 10.52 11.47 12.03 12.13 15.41 16.47 15.60 17.64 19.32 18.82 18.86 21.33 21.82 20.72 20.09 22.60 22.79 22.22 21.80 24.32 23.52 23.39 21.91 20.59 19.91 20.36 20.24 19.39 20.64 21.54 21.43 21.10 18.89 18.17 15.32 13.10 13.36 12.46 11.49 8.28 9.83 10.00 8.80 7.81 11.85 12.14 14.46 16.48 18.85 17.62 19.12 18.97 17.64 17.03 17.33 17.52 17.76 18.31 20.22 20.28 21.52 22.40 22.11 20.55 21.17 22.14 19.86 18.48 19.38 19.30 15.72 15.07 15.65 13.73 9.99 10.68 12.66 9.63 8.42 11.87 11.10 13.04 13.63 16.06 16.90 18.32 20.03 23.05 25.40 23.90 22.57 22.16 21.44 20.89 20.73 21.30 21.67 22.81 22.93 22.82 22.29 23.31 23.53 23.38 23.74 25.38 26.04 26.01 26.58 25.58 26.46 26.82 28.41 26.05 24.67 24.92 24.11 22.56 21.79 22.77 23.58 23.58 23.20 25.05 25.69 24.50 24.93 28.35 28.91 27.30 26.80 29.55 30.53 28.50 27.87 30.37 31.17 28.79 29.61 32.61 32.75 30.58 31.02 33.39 32.48 29.01 26.34 25.42 23.60 21.85 21.16 21.32 21.90 22.36 22.21 23.85 26.11 25.41 23.07 25.27 26.44 24.01 23.10 26.63 26.02 24.39 23.94 27.06 25.48 24.11 24.97 26.46 24.58 25.36 
17.41 16.47 13.69 14.07 12.50 11.56 10.78 12.63 10.10 10.18 7.69 8.74 7.09 7.45 5.53 0.00 5.67 6.94 6.07 7.23 9.03 10.48 11.07 11.65 14.27 15.96 15.46 17.20 18.88 19.37 19.30 21.84 22.40 21.74 21.26 23.44 23.87 23.08 22.71 25.06 24.49 24.09 22.13 21.46 20.37 20.69 20.38 20.03 20.58 21.39 21.18 21.36 19.50 18.31 16.14 14.75 13.95 13.34 12.56 11.56 11.76 12.12 12.18 11.00 13.92 14.55 17.36 18.40 20.61 19.21 20.58 20.07 18.63 18.10 18.39 18.09 18.31 19.26 20.35 21.00 22.00 23.04 22.12 21.44 21.14 22.29 19.59 19.28 19.66 19.08 16.47 16.14 16.68 14.75 11.19 12.55 12.62 10.08 10.01 12.86 12.16 13.89 14.57 16.69 17.38 18.67 20.59 23.44 25.39 24.44 23.40 22.70 21.87 21.54 21.45 21.70 22.29 23.42 23.69 23.39 23.37 24.13 24.28 24.37 24.84 26.04 26.69 27.02 27.70 26.56 27.21 27.78 29.10 27.00 25.67 25.77 24.94 23.53 22.74 23.65 24.42 24.44 24.44 25.86 27.03 25.83 26.44 29.11 30.28 28.39 28.27 30.52 31.48 29.58 29.19 30.95 31.96 29.94 30.66 33.44 33.36 31.45 31.61 34.08 32.63 29.38 26.47 25.86 24.02 22.43 21.49 21.60 22.42 22.75 22.82 24.56 26.89 26.18 24.37 26.09 27.65 25.71 24.58 27.78 27.52 26.02 25.46 28.18 26.79 26.16 26.28 27.61 26.16 27.31 
18.05 16.87 14.63 15.18 14.24 13.43 13.26 13.96 11.50 13.03 9.75 9.64 8.36 7.01 6.74 5.67 0.00 5.75 6.53 6.54 7.53 9.89 11.27 12.17 14.50 16.74 16.88 18.49 19.88 20.23 20.49 22.79 23.54 22.54 22.29 24.44 25.25 24.13 23.43 26.21 26.14 25.01 23.10 22.34 21.46 20.88 20.86 20.30 21.78 21.98 22.14 21.95 19.93 19.44 17.74 15.50 14.95 14.40 13.98 13.59 13.65 13.90 13.94 14.82 16.90 16.22 18.75 20.54 21.93 20.58 22.17 21.52 20.64 19.81 19.58 19.24 19.61 19.94 20.96 21.58 22.90 23.21 22.73 21.73 21.73 22.20 20.03 19.22 19.30 18.96 16.27 15.90 16.14 13.55 12.74 11.95 11.21 8.29 10.77 13.43 12.15 14.36 15.82 17.16 17.83 19.37 22.18 24.35 26.51 25.15 24.90 23.65 22.57 22.33 22.25 22.77 23.34 24.48 24.61 24.73 24.31 25.05 25.24 25.73 26.01 27.01 27.44 27.96 28.57 27.51 28.33 28.80 30.48 28.38 27.04 27.01 26.25 24.98 24.27 24.95 25.73 25.99 25.72 27.23 28.34 27.48 27.82 30.53 31.42 30.18 29.96 31.72 32.56 30.85 30.50 32.20 33.18 31.23 31.96 34.47 34.61 32.60 32.91 35.36 34.10 30.63 27.71 27.05 25.18 23.50 22.78 22.79 23.66 24.03 24.08 25.52 27.90 27.44 25.59 27.35 29.09 27.42 26.56 29.36 29.26 27.94 27.76 30.02 28.22 27.68 28.43 29.61 28.46 29.15 
16.85 15.48 13.63 14.47 12.83 12.37 13.88 14.13 11.72 12.80 10.10 10.32 9.59 7.64 5.96 6.94 5.75 0.00 5.26 6.87 6.61 7.07 8.86 9.75 12.92 14.57 14.19 15.92 17.82 17.86 17.98 20.80 21.30 20.28 19.85 22.48 23.10 22.10 21.60 24.42 24.28 23.82 21.40 20.52 19.13 18.99 18.25 17.93 19.08 19.99 19.73 19.07 17.82 17.33 15.38 12.61 12.82 12.95 12.33 11.17 12.82 12.48 12.08 13.49 16.32 15.38 18.30 20.10 22.20 19.97 21.07 21.32 19.94 18.74 18.34 18.37 18.45 19.15 19.82 20.19 21.00 22.03 21.26 20.11 19.65 20.72 18.16 17.25 17.27 17.40 13.69 13.24 12.85 11.27 7.68 9.63 9.24 6.78 8.84 12.34 11.50 13.11 14.15 16.22 16.95 18.03 19.99 23.01 25.07 23.91 22.82 22.45 21.32 21.17 20.91 21.50 22.01 22.92 23.31 23.48 23.23 23.79 24.44 24.43 24.84 26.22 26.77 26.96 27.54 26.58 27.55 28.02 29.46 27.19 25.70 26.01 24.96 23.88 22.80 23.57 24.51 24.67 24.27 25.91 27.10 26.16 26.66 29.44 30.46 28.79 28.56 30.76 31.56 29.69 29.18 31.17 32.35 30.04 30.64 33.71 33.86 31.47 31.49 34.25 32.78 29.21 26.05 25.57 23.32 21.88 20.64 20.97 21.75 22.23 21.97 23.84 26.50 25.99 23.84 26.11 27.95 26.02 24.89 28.46 28.20 26.48 26.28 29.46 27.67 27.14 27.11 29.23 27.37 28.77 
16.27 15.14 12.92 14.11 12.66 12.33 12.49 14.88 11.99 13.11 10.33 11.70 10.83 9.23 6.72 6.07 6.53 5.26 0.90 5.50 6.68 6.42 6.88 7.83 10.88 12.97 12.51 14.03 15.98 16.38 16.26 19.06 19.66 18.60 18.22 20.56 21.15 20.45 20.11 22.70 22.63 22.31 20.56 18.85 17.52 17.39 16.57 15.99 17.27 18.13 18.24 18.06 16.15 16.19 14.52 11.27 12.32 12.67 11.67 10.84 12.09 13.34 13.26 13.97 16.03 16.32 19.44 20.88 22.75 20.71 22.25 21.67 20.07 18.48 18.11 17.85 17.68 17.96 18.89 18.93 19.71 20.87 20.28 18.71 18.48 19.34 16.86 16.20 16.25 16.96 13.51 12.80 13.22 10.64 8.64 9.46 10.83 9.69 9.97 13.20 12.88 14.06 14.95 15.96 16.95 17.91 19.58 22.18 24.91 23.29 22.41 21.53 20.98 20.49 20.29 21.01 21.47 22.40 22.80 22.84 22.48 23.31 23.65 23.88 24.08 25.80 26.32 26.42 26.86 25.87 26.93 27.39 28.89 26.63 25.27 25.42 24.46 22.93 22.11 22.88 23.50 23.68 23.61 25.24 26.12 24.71 25.58 28.57 29.28 27.51 27.17 29.76 30.93 28.69 28.08 30.30 31.29 28.83 29.61 32.43 32.76 30.36 30.45 32.97 31.98 28.36 25.28 24.47 22.65 20.89 19.73 19.70 20.54 21.20 20.82 22.60 25.40 24.73 22.43 24.82 26.23 24.02 22.92 26.79 26.90 24.67 24.22 27.84 26.67 25.49 26.17 27.99 26.82 27.40 
17.17 15.56 13.04 14.60 13.88 12.89 12.66 15.41 14.01 14.70 11.94 13.66 12.51 11.27 8.65 7.23 6.54 6.87 5.50 1.20 6.33 7.29 7.16 8.13 10.19 12.44 13.50 14.63 16.21 17.02 17.40 19.67 20.20 19.67 19.54 21.71 22.30 21.59 21.25 24.20 24.00 23.62 21.74 20.60 18.55 18.51 17.83 17.84 18.40 19.07 19.37 19.21 18.12 16.99 15.81 13.22 13.53 13.44 13.29 12.96 14.56 15.07 16.03 16.88 18.76 18.44 21.43 22.37 24.15 22.82 24.06 23.56 22.01 20.65 19.90 19.30 19.24 19.72 20.07 20.62 21.28 22.19 21.12 19.86 19.27 20.28 17.37 16.65 16.95 17.33 14.06 14.10 13.73 12.85 10.02 11.87 11.96 10.77 12.50 15.62 14.19 16.23 16.42 17.61 18.72 19.90 21.54 23.98 26.21 25.14 24.33 23.26 22.28 21.86 21.79 22.36 23.02 24.01 24.02 24.02 23.95 24.74 24.79 25.17 25.69 27.13 27.44 28.19 28.28 27.34 28.12 29.01 30.28 28.52 26.84 26.79 25.59 24.33 23.42 24.12 24.97 25.28 25.29 26.82 27.83 26.92 27.39 29.75 30.84 29.45 28.91 30.75 31.78 29.98 29.34 31.03 32.09 29.96 30.59 33.21 33.27 31.14 31.27 33.73 32.42 29.04 25.76 24.98 23.28 21.49 20.36 20.37 21.27 21.99 21.87 23.79 26.16 25.96 23.83 25.84 27.56 25.87 24.64 27.94 27.97 26.22 25.84 29.16 27.81 27.35 26.92 29.29 27.72 29.02 
18.29 17.43 15.39 16.86 15.49 15.90 16.45 18.70 16.25 18.54 14.48 16.23 14.02 13.05 10.52 9.03 7.53 6.61 6.68 6.33 0.80 6.31 7.51 8.10 9.48 11.83 13.21 15.08 16.53 16.92 17.65 19.87 20.28 19.58 20.09 22.21 23.23 22.03 21.93 24.74 24.92 24.00 22.19 20.76 19.37 18.72 18.31 17.79 18.75 19.08 19.00 19.70 17.20 17.52 15.89 13.73 13.91 13.92 13.21 14.16 15.92 16.58 16.62 18.57 20.34 19.78 22.48 23.55 25.59 24.06 25.74 25.06 23.76 22.18 21.06 20.36 20.37 20.14 20.51 21.07 21.95 22.23 21.24 19.75 18.83 19.47 16.87 16.26 16.66 15.75 13.26 12.51 12.24 10.07 9.65 10.47 9.15 9.12 13.00 15.29 13.99 16.31 17.08 18.53 19.80 21.23 23.36 25.48 27.26 26.35 25.69 24.48 23.36 22.99 22.70 23.33 23.69 24.76 24.75 24.82 24.54 25.21 25.32 26.01 26.41 27.58 27.98 28.45 28.88 27.92 28.87 29.59 31.20 29.33 27.92 27.64 26.79 25.29 24.36 24.98 25.65 26.05 25.92 27.44 28.67 27.83 28.11 30.71 31.57 30.59 30.13 31.71 32.60 30.93 30.23 32.02 32.99 30.83 31.30 33.89 33.89 31.77 32.08 34.62 33.00 29.47 26.66 25.79 23.69 21.92 20.92 20.63 21.31 21.84 22.12 23.74 26.51 26.03 24.36 26.47 28.24 26.65 25.83 28.71 28.89 26.99 26.97 29.70 28.17 28.52 28.49 29.66 28.53 29.62 
18.13 17.16 15.59 16.89 15.43 15.68 17.44 18.79 17.16 18.80 15.46 17.09 16.53 14.22 11.47 10.48 9.89 7.07 6.42 7.29 6.31 0.14 5.83 6.89 7.83 9.25 10.34 12.50 14.43 15.04 15.34 17.85 18.53 17.48 17.56 20.50 21.47 20.47 20.10 23.56 23.76 23.03 20.85 19.76 17.62 17.60 16.39 16.21 16.73 17.74 17.40 17.25 15.57 15.55 13.84 12.18 12.02 12.55 12.55 13.19 15.39 15.62 16.31 18.11 20.14 19.48 22.79 24.21 25.63 24.12 25.43 25.31 23.40 21.87 20.73 20.14 19.66 19.87 19.95 20.19 20.83 21.23 20.52 18.56 17.27 18.10 15.54 14.66 14.13 13.86 10.59 11.47 10.89 8.76 8.43 10.19 11.39 11.08 13.92 16.61 16.35 18.17 17.86 19.22 20.32 21.39 22.91 25.47 27.41 26.24 24.98 24.50 23.23 22.60 22.30 23.05 23.38 24.14 24.29 24.58 24.34 24.92 25.17 25.20 26.08 27.70 27.79 28.07 28.64 27.76 28.73 29.33 30.83 28.68 27.12 27.26 26.03 24.38 23.29 23.90 24.57 24.99 24.66 26.47 27.46 26.75 27.05 30.20 31.07 29.80 29.18 31.13 31.94 30.08 29.23 31.15 32.29 29.80 30.21 33.07 33.06 30.56 30.97 33.46 31.87 28.26 25.36 24.47 22.14 20.53 19.58 19.34 19.99 20.96 20.84 23.10 25.57 25.29 23.33 25.54 27.61 25.62 24.68 28.16 28.11 26.06 26.17 29.46 28.11 27.96 27.43 30.21 28.28 29.49 
18.43 17.79 16.41 17.97 15.76 15.90 17.44 19.71 17.29 19.24 15.50 17.59 17.28 15.47 12.03 11.07 11.27 8.86 6.88 7.16 7.51 5.83 0.51 5.63 6.90 8.05 8.87 10.80 12.87 12.82 14.02 16.83 17.82 16.81 16.47 19.05 20.38 19.60 19.44 22.68 23.02 22.22 19.58 18.32 16.76 16.55 14.88 14.73 15.45 16.27 16.33 15.82 13.87 14.33 13.80 9.91 11.90 12.75 12.99 13.37 15.10 16.01 16.90 18.40 20.04 19.96 23.44 24.51 26.03 24.19 26.12 25.74 23.10 21.21 20.67 20.18 19.46 19.18 19.62 19.46 19.86 20.29 19.63 17.43 16.00 17.55 15.11 14.13 14.33 15.21 11.99 11.89 12.45 11.93 9.87 12.17 13.98 14.24 15.96 18.86 17.63 19.37 19.23 20.59 21.63 22.35 23.12 25.86 28.30 26.46 25.00 24.26 23.77 23.10 22.49 23.30 23.84 24.36 24.22 24.39 24.28 24.76 24.92 25.07 25.93 27.37 27.58 27.75 28.40 27.63 28.68 29.34 31.23 28.76 27.14 27.10 25.90 24.05 22.84 23.17 23.69 23.88 23.82 25.27 26.35 25.42 26.22 29.10 30.23 28.76 28.25 30.32 31.32 29.24 28.31 30.32 31.17 28.70 29.25 31.97 32.18 29.87 30.00 32.84 31.58 27.94 24.37 23.68 21.81 20.10 18.47 18.31 19.24 20.05 19.85 21.86 25.10 24.34 22.24 24.55 26.47 24.04 23.09 26.95 27.52 24.87 24.28 27.91 27.33 26.96 26.68 28.20 27.93 28.37 
19.51 18.48 17.29 18.58 16.67 16.27 17.92 20.16 18.48 19.80 16.45 18.51 18.33 16.12 12.13 11.65 12.17 9.75 7.83 8.13 8.10 6.89 5.63 0.30 5.86 6.64 7.47 8.38 10.99 11.61 12.29 15.27 16.18 15.66 16.13 18.47 19.48 19.01 19.07 22.22 22.38 21.39 19.22 17.77 16.13 16.03 14.51 13.34 14.08 14.70 14.05 13.10 11.92 13.11 10.44 7.07 10.30 12.24 11.66 12.43 15.04 16.32 17.51 19.09 21.00 20.87 24.03 25.13 26.15 25.00 26.52 25.85 23.34 21.59 21.19 20.05 19.05 18.93 19.03 19.16 19.67 20.06 19.12 17.15 16.27 17.23 14.68 13.58 14.49 14.60 11.37 11.56 12.83 11.26 10.03 12.93 14.61 14.52 16.93 19.55 18.24 19.77 19.82 21.33 21.84 22.93 24.00 26.25 28.22 26.95 25.43 25.04 24.19 23.64 23.04 23.54 24.09 24.77 24.29 24.47 24.38 25.15 25.23 25.49 26.02 27.62 27.67 28.24 28.48 27.52 28.41 29.42 30.72 28.77 26.88 26.93 25.66 23.71 22.38 22.79 23.25 23.60 23.24 25.20 26.20 25.67 25.86 28.62 29.77 28.95 27.91 30.07 30.88 29.09 27.98 30.00 30.86 28.44 28.97 31.91 31.83 29.27 29.66 32.29 30.88 27.14 23.68 22.81 21.38 19.44 17.99 17.83 18.77 19.63 19.29 21.78 24.62 24.04 22.06 24.44 26.59 24.40 23.24 26.75 26.94 24.68 24.40 27.63 26.73 26.61 26.09 28.74 27.93 29.00 
21.60 20.79 19.28 19.85 18.03 18.22 19.96 21.76 20.56 22.60 18.97 20.85 20.91 19.19 15.41 14.27 14.50 12.92 10.88 10.19 9.48 7.83 6.90 5.86 0.29 5.86 6.74 8.37 9.96 11.17 12.80 15.10 15.96 15.87 16.48 18.73 20.18 19.95 19.75 22.82 23.00 21.79 19.35 17.94 17.32 15.93 15.74 13.55 14.96 15.01 15.35 14.72 13.36 14.00 13.56 11.73 13.10 13.96 14.94 15.06 17.53 18.06 19.09 20.63 22.84 22.46 25.50 26.15 27.84 26.19 27.92 27.16 24.71 23.00 22.34 21.05 20.04 19.46 19.64 19.66 20.30 20.59 19.47 17.67 17.07 18.17 15.52 14.96 14.99 15.38 12.83 13.07 13.88 13.10 13.05 14.72 16.03 17.42 19.42 21.88 20.73 22.54 22.69 23.44 23.33 25.02 26.42 28.19 29.30 28.42 27.91 26.93 26.06 25.52 25.17 25.42 25.80 26.25 26.15 25.96 25.87 26.29 26.50 26.88 27.40 28.40 28.84 28.96 29.16 28.19 29.23 29.84 31.69 29.41 27.80 27.51 26.71 24.68 23.40 23.61 24.46 24.58 24.42 25.92 27.70 26.61 27.29 29.74 31.13 29.81 29.53 30.91 32.12 30.25 29.26 30.89 31.88 29.37 29.84 32.67 32.44 30.36 30.58 33.07 31.38 28.03 24.72 23.97 22.04 20.44 19.03 18.72 19.22 20.21 20.31 22.26 24.87 24.70 22.91 25.23 27.07 25.01 23.92 27.17 27.44 25.09 25.11 27.75 26.53 27.60 27.46 28.38 28.12 29.09 
22.52 21.35 20.10 20.15 18.49 18.58 21.16 22.21 20.94 23.31 20.32 22.41 22.71 20.23 16.47 15.96 16.74 14.57 12.97 12.44 11.83 9.25 8.05 6.64 5.86 0.00 5.39 7.21 8.39 9.03 10.74 13.34 14.74 14.35 14.94 16.89 18.79 18.12 18.73 21.70 21.99 20.87 19.24 17.32 15.07 14.07 14.02 13.20 13.69 15.10 14.93 15.44 13.68 14.20 13.94 14.13 13.80 14.75 15.63 16.27 17.65 18.12 19.55 21.19 23.22 22.78 25.85 26.96 28.06 26.73 27.97 27.46 24.83 23.49 22.39 21.15 19.98 20.06 19.95 19.98 20.26 20.98 19.98 18.10 17.60 19.11 16.46 16.05 16.58 17.29 14.20 14.22 15.90 15.33 15.21 17.04 19.07 20.11 21.81 23.44 22.47 23.51 23.12 24.33 24.44 25.66 27.11 28.94 30.27 29.24 28.48 28.04 26.50 26.03 25.72 26.18 26.28 26.81 26.49 26.84 26.44 27.02 27.03 27.02 27.64 29.32 29.04 29.39 29.60 28.78 29.52 29.92 31.61 29.70 27.37 27.36 25.97 24.19 22.59 23.04 23.59 23.80 23.48 25.69 26.92 26.31 26.82 30.36 31.14 30.30 29.39 31.50 32.23 30.31 29.23 31.03 31.89 29.29 29.73 32.52 32.51 29.94 30.46 32.86 31.48 27.90 24.61 23.48 21.32 19.87 18.34 18.16 19.09 20.12 20.11 22.59 25.30 25.04 23.11 25.24 27.08 24.71 23.86 26.97 27.26 24.83 24.64 27.68 26.85 26.48 25.97 28.42 27.54 28.59 
22.31 21.13 20.05 20.01 17.37 17.11 20.04 21.03 18.81 21.08 18.76 21.34 21.73 19.55 15.60 15.46 16.88 14.19 12.51 13.50 13.21 10.34 8.87 7.47 6.74 5.39 0.00 4.81 6.95 6.25 7.01 10.58 11.76 10.91 11.23 13.66 14.92 14.55 14.77 18.37 18.57 18.12 15.43 13.22 12.31 10.40 10.56 8.59 9.69 10.76 11.69 11.99 10.93 11.82 11.92 10.68 11.56 12.24 13.17 13.78 14.62 15.85 17.45 19.18 21.00 20.73 24.22 24.95 26.61 24.89 26.41 25.74 23.11 21.31 20.60 19.35 18.25 17.56 17.54 17.28 17.77 18.35 17.79 15.88 15.53 17.02 14.51 14.71 15.61 16.62 13.22 13.69 15.86 15.65 14.81 16.46 18.72 19.43 20.67 22.77 21.55 22.24 22.08 23.11 23.44 24.28 25.19 27.60 29.52 27.90 27.13 26.12 25.55 24.68 23.92 24.24 24.70 24.95 24.68 24.45 24.63 25.10 24.88 24.89 25.67 27.18 27.23 27.18 27.98 27.30 28.07 28.57 30.20 27.85 25.83 25.27 23.87 21.61 20.18 20.02 20.08 20.27 20.59 22.32 23.81 23.16 23.98 27.10 28.39 27.16 26.89 29.01 29.77 27.38 26.25 28.43 29.08 26.27 26.84 29.97 29.87 27.29 27.54 30.62 28.98 25.11 21.53 20.76 18.92 17.04 15.54 14.97 15.98 17.03 17.08 19.93 23.29 22.32 20.34 22.63 24.42 21.90 21.04 24.66 25.12 21.99 21.28 24.64 24.37 24.75 23.39 25.25 25.14 26.54 
24.03 22.57 21.32 21.99 19.99 19.16 21.69 23.66 21.67 23.23 20.30 23.18 23.84 21.65 17.64 17.20 18.49 15.92 14.03 14.63 15.08 12.50 10.80 8.38 8.37 7.21 4.81 0.00 5.83 6.61 6.33 8.82 10.24 10.48 10.79 13.34 14.52 14.27 15.16 18.39 18.76 17.73 15.28 13.53 11.45 10.88 9.81 8.08 8.91 10.81 11.12 12.00 11.66 13.09 12.49 11.77 12.15 13.55 13.89 14.82 16.12 16.88 18.08 19.80 21.77 21.18 23.96 25.11 26.48 25.19 26.30 25.69 23.38 21.60 20.68 19.34 18.18 17.80 17.73 17.54 18.12 19.08 18.29 16.49 16.55 18.47 15.96 15.66 17.01 18.06 15.17 15.52 17.23 16.84 15.77 17.77 20.19 20.23 21.81 23.90 22.41 23.14 22.61 23.84 24.26 25.22 26.03 28.34 30.39 29.14 27.44 26.81 26.18 25.36 24.52 24.69 24.98 25.73 24.97 25.17 24.97 25.55 25.69 25.34 26.30 27.51 27.68 27.85 28.10 26.86 27.77 28.34 29.81 27.20 25.28 24.95 23.23 20.95 19.60 19.89 20.12 20.63 20.75 22.50 23.98 23.67 24.29 26.83 28.30 27.49 26.94 28.56 29.65 27.41 26.20 28.19 29.22 26.46 26.96 29.89 29.90 27.13 27.40 29.97 28.72 24.73 21.23 20.48 18.57 16.92 15.49 15.45 16.47 17.65 17.65 20.33 23.34 22.71 20.45 22.75 24.67 22.46 21.14 24.30 24.37 22.05 21.46 23.94 23.80 23.81 22.79 24.53 24.67 26.53 
25.21 23.92 22.64 23.11 21.26 20.83 22.61 24.25 22.99 24.37 21.20 23.86 24.53 22.90 19.32 18.88 19.88 17.82 15.98 16.21 16.53 14.43 12.87 10.99 9.96 8.39 6.95 5.83 0.70 5.97 6.99 7.59 8.23 9.74 10.36 12.39 13.67 14.11 14.56 18.07 18.83 16.85 14.88 12.46 12.17 8.65 10.19 8.36 11.02 12.61 13.87 13.68 13.12 13.87 14.07 13.26 13.75 14.19 14.94 15.69 16.61 17.28 18.32 20.11 21.56 20.87 23.81 24.67 26.45 24.93 26.22 25.62 23.45 21.71 20.67 19.28 18.14 17.85 17.63 17.48 18.38 19.25 18.37 16.87 17.08 18.84 16.58 16.27 17.28 18.59 16.56 16.50 18.22 17.71 16.88 18.35 20.98 21.07 22.39 24.26 22.88 23.36 22.91 23.90 24.33 25.48 26.59 28.58 30.55 29.01 28.21 27.25 26.68 25.66 25.26 25.10 25.39 25.67 25.38 25.19 25.00 25.40 25.70 25.79 26.41 27.10 27.20 27.18 27.55 26.03 26.77 27.48 29.18 26.48 24.59 24.21 23.06 20.67 19.45 19.76 20.74 20.56 20.55 22.19 23.87 22.99 23.79 26.69 28.06 26.94 26.73 28.27 29.34 27.30 26.12 27.81 28.81 26.39 26.81 29.50 29.10 26.60 26.71 29.32 27.22 23.67 20.49 19.82 17.84 16.26 15.13 15.57 16.27 17.64 17.99 19.95 22.72 22.28 20.26 22.25 24.08 21.76 20.56 23.66 23.48 20.93 20.49 23.19 22.36 23.00 22.14 23.30 23.13 24.88 
25.57 23.98 22.23 23.11 21.05 20.48 22.13 23.71 22.38 24.22 20.58 23.90 24.11 22.67 18.82 19.37 20.23 17.86 16.38 17.02 16.92 15.04 12.82 11.61 11.17 9.03 6.25 6.61 5.97 0.00 5.20 7.41 6.98 6.85 8.23 10.38 12.05 11.84 12.94 16.14 16.05 14.37 12.39 10.51 7.73 4.54 7.56 8.96 9.96 11.50 12.79 14.09 12.25 12.57 12.20 13.05 12.31 12.71 14.11 14.77 15.37 15.76 17.14 18.76 20.77 19.90 22.60 23.94 25.38 24.01 24.99 24.41 22.32 20.56 19.38 17.98 16.92 17.08 17.19 16.56 17.75 19.05 17.99 16.41 17.07 19.17 16.08 16.31 17.92 18.94 16.35 16.36 18.16 17.83 16.89 18.23 20.93 20.86 21.84 23.81 22.52 22.97 22.09 23.32 24.02 25.09 26.06 28.34 29.94 28.73 27.60 26.86 25.68 24.83 24.48 24.40 24.47 24.86 24.60 24.40 24.10 24.52 24.97 24.36 25.28 26.39 26.54 26.46 26.74 25.45 26.17 26.40 28.12 25.52 23.55 23.02 21.45 19.25 17.87 18.36 18.88 18.58 18.83 20.75 22.34 21.29 22.32 25.89 26.87 25.59 25.44 27.44 28.19 26.11 25.10 26.99 27.55 25.10 25.51 28.22 27.54 25.19 25.59 27.85 25.66 22.18 19.00 18.16 15.56 14.57 13.10 13.68 14.89 16.69 16.08 19.66 22.22 22.26 19.57 21.81 23.64 21.15 19.71 22.87 22.46 19.53 19.54 21.98 21.45 21.54 20.34 21.66 21.28 23.17 
25.78 23.87 21.97 22.35 20.84 19.87 21.69 22.85 21.94 23.14 20.79 23.14 24.04 22.44 18.86 19.30 20.49 17.98 16.26 17.40 17.65 15.34 14.02 12.29 12.80 10.74 7.01 6.33 6.99 5.20 0.00 5.62 6.63 5.73 6.72 8.57 9.96 9.99 10.87 15.01 16.02 14.58 12.14 10.29 10.01 7.70 8.86 9.26 11.00 12.16 13.65 12.88 11.08 11.01 11.04 11.37 11.18 11.50 13.08 13.24 13.72 14.40 15.86 17.79 19.65 19.20 22.21 23.00 25.13 23.44 24.21 23.54 21.53 19.92 18.49 17.48 16.24 16.94 17.04 16.68 17.55 19.13 17.93 16.58 17.05 19.10 15.93 16.52 18.36 19.13 16.35 16.60 18.81 18.28 17.13 18.65 21.60 21.25 21.95 23.55 22.52 22.58 21.85 22.97 23.56 24.62 25.84 27.94 29.95 28.46 27.78 26.55 25.76 24.69 24.53 24.31 24.43 24.57 24.32 23.99 23.74 24.26 24.41 24.03 24.67 25.76 26.02 25.83 26.05 25.10 25.90 26.17 27.45 24.91 22.96 22.33 20.35 18.28 17.38 17.42 17.53 17.62 18.18 19.71 21.08 20.44 21.85 24.79 25.97 24.48 24.36 26.34 27.18 24.63 23.41 25.43 26.26 23.39 23.79 26.41 25.99 23.97 24.03 26.68 23.85 20.63 18.12 16.95 14.81 13.67 12.56 12.58 14.21 14.87 14.52 18.02 22.60 21.18 18.83 20.75 22.84 19.88 18.85 21.51 21.19 18.48 17.72 20.50 19.82 19.64 19.03 20.08 19.39 21.56 
26.88 25.32 22.70 23.56 22.58 21.78 23.42 25.21 23.72 25.64 22.71 25.89 26.18 25.13 21.33 21.84 22.79 20.80 19.06 19.67 19.87 17.85 16.83 15.27 15.10 13.34 10.58 8.82 7.59 7.41 5.62 0.00 5.46 7.21 7.25 9.06 10.48 11.43 12.57 16.16 16.52 15.47 13.77 12.42 11.83 11.99 12.67 12.99 14.72 17.13 16.79 17.01 15.63 16.13 14.88 14.84 14.32 14.55 15.23 15.44 15.46 15.97 17.26 18.58 20.52 20.00 22.80 23.91 25.50 24.44 25.08 24.58 22.58 21.18 19.61 19.03 18.44 19.07 19.41 19.64 20.74 22.04 21.08 20.01 19.81 22.01 19.25 19.50 20.68 22.04 19.30 19.76 21.04 20.94 19.75 21.44 23.68 23.68 24.02 25.93 24.40 25.10 24.04 25.52 25.97 26.98 28.18 30.34 31.89 30.86 29.68 28.96 27.63 26.85 26.36 26.67 26.35 27.05 26.46 26.70 25.85 26.20 26.34 26.05 26.41 27.44 27.34 27.71 27.60 26.10 26.61 27.27 28.34 25.85 23.59 23.70 21.72 19.91 18.81 19.76 20.27 21.06 20.98 22.72 23.60 23.66 24.18 27.12 27.82 26.95 26.29 27.89 28.65 26.27 25.21 26.80 27.19 24.77 24.64 27.26 26.41 24.70 24.68 26.96 24.73 21.23 18.67 18.43 16.12 14.97 14.81 14.22 16.04 17.22 16.73 19.69 23.30 22.69 20.23 21.60 23.81 21.54 20.25 22.49 21.87 19.65 19.41 21.53 20.41 20.78 18.98 20.40 20.13 22.01 
27.08 25.44 23.45 24.06 23.52 22.38 24.05 25.10 24.05 25.46 23.14 25.69 26.63 25.25 21.82 22.40 23.54 21.30 19.66 20.20 20.28 18.53 17.82 16.18 15.96 14.74 11.76 10.24 8.23 6.98 6.63 5.46 0.00 5.72 7.13 7.34 8.97 10.59 12.41 14.20 15.01 14.00 13.12 10.68 11.84 10.74 13.53 13.29 15.67 17.91 18.11 18.07 17.31 16.97 15.28 14.94 14.28 14.13 14.36 14.62 14.88 15.02 16.14 18.02 19.51 19.27 22.25 22.83 24.89 23.55 24.65 23.26 21.82 20.55 19.45 18.86 18.64 18.79 19.50 19.94 21.12 22.12 21.44 20.18 20.54 22.03 20.05 19.85 21.07 22.19 19.86 19.75 21.92 21.34 20.38 21.77 24.23 23.99 24.55 26.28 24.92 25.04 24.48 26.05 26.76 27.48 28.67 30.44 32.30 30.61 30.21 29.17 28.18 27.17 26.73 26.62 26.43 26.80 26.59 26.36 25.84 26.28 26.28 26.09 26.39 27.13 26.77 26.61 27.09 25.25 25.61 26.03 27.98 24.95 22.81 22.92 21.78 19.84 18.84 19.72 21.18 21.24 20.93 22.53 23.64 22.73 23.55 26.55 27.07 25.72 25.44 27.17 27.67 25.58 24.27 25.35 25.77 23.05 23.43 25.54 24.82 22.69 22.52 25.69 23.00 19.20 17.02 17.93 14.33 14.72 12.98 14.06 14.86 16.50 16.83 18.58 21.55 21.26 19.53 20.88 22.77 20.47 19.27 21.55 20.94 18.57 17.75 19.85 18.86 18.66 16.68 17.77 18.29 20.41 
26.48 24.54 22.50 23.51 22.20 21.03 22.41 23.85 22.65 24.18 21.12 24.75 25.30 24.08 20.72 21.74 22.54 20.28 18.60 19.67 19.58 17.48 16.81 15.66 15.87 14.35 10.91 10.48 9.74 6.85 5.73 7.21 5.72 0.00 4.99 6.66 7.00 7.23 9.15 12.20 12.50 11.97 10.55 8.19 9.32 8.90 11.24 12.90 14.91 16.31 17.11 17.13 15.52 15.08 13.74 12.71 11.59 11.77 12.56 11.78 11.34 12.24 13.71 15.24 17.23 17.12 19.87 21.08 22.64 21.42 21.97 21.62 19.27 18.08 16.96 17.02 16.72 17.60 18.33 18.61 19.93 21.35 20.09 18.61 19.13 21.42 18.79 18.77 19.82 21.19 18.38 18.56 20.39 20.20 18.68 20.69 22.80 22.80 22.55 24.85 23.15 23.72 22.68 24.39 24.91 25.89 26.73 29.04 30.40 29.12 28.18 27.60 26.21 25.18 24.84 25.01 24.76 25.01 24.74 24.63 23.89 24.38 24.73 24.03 24.27 25.66 25.23 25.29 25.15 23.83 23.67 23.99 25.54 23.11 20.65 20.89 19.29 17.64 16.75 17.81 19.31 19.39 19.38 21.37 22.37 21.45 22.08 25.46 25.58 24.33 23.51 25.24 25.84 23.48 22.06 23.35 23.37 20.94 20.61 23.39 22.44 20.20 19.91 22.63 19.93 17.01 13.74 13.74 10.83 10.80 9.21 10.65 13.38 15.03 13.28 17.28 20.28 19.91 17.59 19.85 21.45 18.71 17.59 20.14 19.17 16.11 15.98 18.52 17.47 16.83 15.42 17.18 16.66 18.65 
