1.81 4.48 7.38 8.51 10.65 13.09 16.21 18.16 20.36 21.39 22.26 23.40 23.16 21.96 19.51 18.25 17.82 15.47 15.05 14.30 15.51 14.41 14.35 16.02 17.35 17.16 19.37 21.96 23.77 23.79 24.11 24.50 24.28 24.32 25.54 26.39 27.98 29.77 30.32 30.11 29.24 29.14 27.94 25.85 25.20 23.10 22.13 19.98 19.23 18.77 19.00 17.97 19.28 20.05 20.27 20.61 22.62 23.09 23.40 24.32 23.60 23.00 24.01 25.31 24.53 25.64 26.54 28.08 28.66 28.48 29.87 30.36 30.81 31.35 31.77 30.59 29.81 29.57 28.17 26.00 24.89 22.73 21.96 19.59 19.31 17.55 18.41 18.40 19.04 18.43 19.75 20.29 21.80 22.04 24.95 25.85 27.52 28.38 30.82 30.75 30.33 30.59 31.39 30.61 29.12 29.70 28.68 28.70 27.91 30.03 30.20 31.03 32.09 33.32 32.81 33.51 34.89 35.14 33.69 32.50 33.64 33.48 31.97 32.48 33.77 33.10 32.06 33.41 33.57 32.56 32.99 34.25 33.75 32.41 33.15 33.81 33.35 33.72 33.99 33.22 33.36 34.00 32.99 32.84 36.07 35.24 33.66 37.82 
4.48 1.55 4.19 5.77 8.42 10.33 13.01 15.45 17.28 18.68 19.87 20.45 20.51 18.83 16.92 15.31 14.64 12.38 11.32 10.57 12.46 10.92 10.94 12.76 14.71 14.07 17.13 19.72 21.88 21.49 22.13 22.34 21.88 21.44 23.02 23.95 25.43 27.16 28.63 27.97 26.93 26.79 26.17 23.13 22.59 20.61 20.09 16.81 16.34 16.36 16.45 14.84 16.50 17.89 18.24 18.16 20.83 20.85 21.61 22.20 21.50 20.11 21.44 22.86 21.54 22.24 23.47 25.30 26.03 25.32 26.93 27.63 28.29 28.62 29.69 28.29 27.20 26.20 25.78 23.23 22.57 19.88 19.03 16.42 16.48 13.82 15.19 14.61 16.10 15.32 16.39 16.52 18.83 18.59 21.78 22.65 25.12 25.56 28.05 27.97 27.98 28.04 28.53 28.04 26.85 27.28 25.75 26.17 25.52 27.58 27.51 28.72 29.92 31.22 30.12 31.00 32.62 32.80 30.85 29.86 31.95 31.58 28.92 29.77 31.67 30.67 29.17 31.34 31.61 30.08 30.36 31.85 30.99 29.48 30.77 31.10 30.95 31.22 30.97 30.34 30.82 30.98 28.08 28.67 33.58 33.67 29.92 33.00 
7.38 4.19 0.84 4.29 6.31 9.31 11.06 13.57 15.00 16.98 17.65 18.22 17.55 17.04 15.15 12.70 13.52 11.47 10.73 8.72 12.13 11.86 11.27 12.71 14.93 15.29 17.37 19.47 20.90 20.85 21.34 21.45 20.77 20.42 22.17 23.14 24.26 26.38 27.97 27.63 25.63 25.92 25.44 22.12 20.89 19.34 19.51 16.23 14.80 15.49 15.93 14.60 16.43 17.92 18.90 19.21 20.73 21.20 21.78 22.55 21.20 19.81 20.79 21.88 20.67 21.34 22.52 24.40 24.80 24.07 26.33 27.05 26.99 27.93 29.21 27.96 25.56 25.18 25.02 22.77 20.88 17.75 17.64 15.36 14.66 11.93 13.90 14.66 15.61 14.81 16.00 15.94 17.59 17.46 20.21 20.85 23.79 24.06 26.15 25.98 26.78 26.70 27.42 26.90 26.13 26.33 24.91 25.47 25.40 27.00 27.02 28.40 30.19 30.74 29.63 30.50 32.61 32.27 30.01 29.17 31.77 30.90 28.00 28.76 31.13 29.82 28.45 30.32 30.59 28.87 29.40 30.67 29.66 27.94 29.34 29.99 30.05 30.19 30.54 30.22 30.83 31.70 29.70 29.90 33.08 33.93 32.08 34.74 
8.51 5.77 4.29 1.78 4.75 7.35 10.19 12.16 13.37 14.81 16.46 16.95 16.01 15.95 14.38 11.80 11.74 10.95 9.51 8.53 12.90 11.99 12.17 12.92 15.90 15.08 16.08 18.29 20.17 19.68 20.03 20.20 19.86 19.66 20.92 22.00 23.04 25.24 26.57 26.30 24.63 25.14 24.27 21.37 20.05 18.27 18.21 14.86 13.91 13.52 14.70 13.38 14.91 16.54 18.28 18.35 19.70 20.14 20.87 21.81 20.96 19.64 20.19 21.36 20.13 21.03 21.78 23.60 23.66 23.32 25.52 26.44 25.94 26.83 28.24 27.34 25.13 24.75 24.20 22.43 20.79 18.09 17.06 15.20 15.55 11.44 14.12 13.82 15.90 13.90 15.04 15.10 17.43 16.52 19.13 20.22 23.26 23.40 25.34 25.58 25.97 26.00 26.34 26.48 25.70 26.00 24.20 25.50 25.04 26.71 26.38 28.37 30.11 30.56 28.89 30.23 32.37 32.28 29.69 29.23 31.69 31.09 27.80 28.83 30.68 29.84 27.68 30.17 30.68 28.86 28.76 30.61 29.54 27.83 28.95 30.08 29.99 29.93 29.54 29.44 30.23 30.36 28.04 27.47 33.18 31.72 30.24 33.07 
10.65 8.42 6.31 4.75 0.00 5.48 7.61 10.60 11.70 13.50 14.54 15.95 15.57 14.31 13.39 9.76 10.86 7.81 8.04 8.10 11.88 10.81 12.27 12.49 13.40 12.69 14.30 16.51 18.62 18.17 18.54 18.67 18.28 17.93 19.25 20.14 21.29 24.24 24.82 24.72 23.13 23.56 22.39 19.26 18.92 15.90 15.62 13.23 12.34 12.19 13.48 11.51 13.95 15.38 15.99 15.94 18.52 18.91 19.02 20.59 20.00 19.05 19.57 21.57 20.27 21.27 21.98 24.22 23.88 23.21 24.39 25.35 24.76 25.26 25.88 24.86 23.94 22.90 21.89 19.47 19.27 15.42 15.00 12.55 13.16 10.72 12.05 12.65 14.32 12.50 12.86 13.34 15.16 14.25 17.37 18.57 21.28 21.37 23.87 24.15 24.60 24.47 25.50 25.11 24.02 24.20 23.10 23.56 22.83 24.77 24.87 26.10 27.27 28.30 27.34 28.27 30.64 30.83 28.73 27.37 30.13 29.55 27.07 27.56 30.12 28.76 27.00 29.19 30.46 28.31 28.66 30.57 29.84 27.85 28.93 29.38 28.54 28.98 29.25 28.53 28.57 31.14 30.18 30.47 30.35 30.82 30.51 37.24 
13.09 10.33 9.31 7.35 5.48 0.00 6.82 7.90 10.61 11.90 14.22 14.82 14.23 13.00 11.98 10.50 8.40 6.10 8.28 9.06 11.98 11.86 12.67 12.96 13.50 12.97 15.13 16.99 18.91 19.02 18.80 18.66 17.79 17.09 17.84 19.59 20.60 23.91 24.31 24.63 22.46 23.53 21.44 18.43 17.80 15.25 14.20 11.37 11.11 11.93 12.26 10.69 13.83 16.31 15.88 16.06 19.10 19.62 19.66 21.49 20.39 18.81 19.31 21.39 19.57 20.77 21.23 23.69 23.62 22.58 23.62 24.36 24.17 24.78 25.05 24.54 22.66 21.80 20.69 18.75 19.24 15.17 15.06 12.31 14.27 10.72 13.68 14.15 16.48 14.01 13.40 13.28 15.31 14.11 17.02 18.23 21.03 21.07 23.45 23.80 24.07 24.04 24.58 24.52 23.37 23.75 22.21 23.19 22.31 24.34 24.39 26.11 27.42 28.23 26.90 28.14 30.49 30.77 28.21 27.14 30.11 29.68 26.49 27.32 29.87 28.79 26.64 29.12 30.19 28.10 28.24 30.12 29.28 27.33 28.21 28.78 27.92 28.65 28.45 28.34 28.24 29.88 28.32 28.37 29.04 30.46 29.65 33.86 
16.21 13.01 11.06 10.19 7.61 6.82 1.52 6.85 7.82 10.51 11.83 12.66 12.74 11.60 11.25 7.74 9.18 8.92 11.00 10.05 14.63 14.37 14.87 14.14 14.95 14.42 16.33 17.26 18.91 18.34 18.27 17.40 16.69 15.31 16.12 17.57 19.18 21.75 22.20 22.32 21.10 21.08 19.87 15.87 16.26 13.86 13.77 11.00 11.69 12.03 13.05 12.39 16.09 16.63 17.01 17.23 20.26 19.81 19.93 21.49 20.36 18.40 18.72 20.44 18.95 19.47 19.76 22.27 22.53 21.31 21.83 22.77 22.59 23.21 23.32 22.22 20.87 19.76 19.11 16.18 16.75 13.18 13.82 11.82 12.87 11.03 15.03 16.02 17.17 14.97 15.06 14.28 14.86 13.95 16.61 17.09 19.95 20.03 22.33 22.26 23.21 23.27 24.16 23.82 22.97 23.24 21.70 22.46 22.21 23.86 23.67 25.42 27.06 27.76 26.28 27.63 30.24 30.18 27.74 26.86 30.08 29.25 26.04 26.67 29.61 28.23 26.43 28.65 29.54 27.38 27.59 29.28 28.29 26.25 27.36 27.84 27.21 27.34 27.20 27.15 27.48 29.43 27.41 28.45 28.75 30.12 28.69 33.34 
18.16 15.45 13.57 12.16 10.60 7.90 6.85 2.05 6.74 7.86 9.63 9.98 10.38 10.46 8.21 5.90 8.17 10.37 10.14 10.47 16.10 16.92 16.03 15.59 16.46 15.54 16.14 17.46 18.60 17.68 16.80 16.63 15.67 14.60 14.97 16.85 17.95 20.58 20.79 21.23 19.85 19.77 18.43 14.98 15.59 12.65 13.23 11.23 12.10 13.08 14.40 14.55 15.97 17.19 17.10 17.75 19.54 19.71 19.63 21.26 20.31 18.52 18.33 20.11 18.94 19.76 19.05 21.68 22.26 20.89 21.04 21.90 21.89 22.29 21.76 21.02 20.24 19.26 17.82 15.15 16.81 13.32 13.60 11.55 14.50 12.38 16.42 17.05 18.55 16.56 16.14 15.10 16.03 14.98 17.32 17.85 20.62 20.71 22.83 22.83 23.19 23.44 23.97 23.71 22.55 22.95 21.18 22.11 21.58 23.51 23.42 25.11 26.67 27.46 26.09 27.40 29.72 29.85 27.32 26.75 29.35 29.01 25.77 26.73 29.08 28.21 26.13 28.53 29.32 27.44 27.21 29.19 28.21 26.36 27.03 27.80 26.92 27.65 27.01 27.33 26.89 28.54 26.88 27.47 27.95 28.48 27.83 32.14 
20.36 17.28 15.00 13.37 11.70 10.61 7.82 6.74 3.32 6.29 7.39 9.14 9.35 9.16 8.89 7.91 10.39 9.91 11.54 12.84 18.21 17.20 17.46 17.58 17.93 16.37 17.47 17.48 18.31 16.58 15.76 15.08 14.47 12.50 13.40 14.51 15.10 17.80 18.29 18.24 16.87 16.95 15.91 13.53 13.90 10.90 11.83 11.87 12.85 14.63 16.82 15.63 16.71 17.87 17.39 16.96 19.07 19.51 19.70 21.09 20.17 18.57 18.37 19.83 18.50 19.39 19.31 21.84 21.34 20.19 20.68 20.83 20.17 20.47 20.17 19.18 19.38 17.94 16.39 13.98 15.19 12.72 13.36 11.60 14.73 14.28 16.89 18.11 20.01 17.87 17.42 16.43 17.98 15.87 17.87 18.05 20.85 20.67 22.96 23.23 23.72 23.34 23.39 23.19 21.88 22.09 20.24 21.50 20.81 23.35 23.38 24.99 25.81 26.80 25.43 26.74 28.72 28.85 26.38 25.63 28.19 27.90 24.82 25.91 28.43 27.36 25.22 27.91 29.09 27.09 26.58 28.64 27.77 25.87 26.38 27.34 26.57 26.92 26.01 25.36 25.92 27.16 25.91 27.57 28.46 28.60 27.90 30.71 
21.39 18.68 16.98 14.81 13.50 11.90 10.51 7.86 6.29 2.38 5.65 7.21 7.57 7.67 7.91 9.06 9.52 11.38 12.96 14.63 18.56 18.33 18.63 17.93 18.17 16.70 17.60 17.35 18.04 17.14 16.21 15.01 14.05 11.92 12.54 14.34 14.83 17.25 17.28 17.70 16.50 16.75 15.27 13.20 14.12 11.56 11.45 11.91 13.48 15.68 17.03 16.02 16.97 18.56 17.10 16.21 18.44 19.41 19.20 20.55 19.75 18.03 18.38 19.78 17.27 18.51 19.03 21.07 20.58 19.16 20.10 19.68 18.87 19.41 19.56 18.55 18.26 16.94 16.20 13.85 15.63 12.79 14.85 13.14 16.69 15.80 18.91 19.28 21.00 19.15 18.56 17.67 18.54 16.66 18.82 19.04 21.07 20.90 23.20 23.59 23.68 23.57 23.34 23.18 21.80 22.16 20.31 21.34 20.79 23.46 23.57 25.25 26.14 27.17 25.66 26.94 28.66 29.18 26.50 25.87 28.27 28.20 25.11 25.93 28.16 27.38 25.30 27.88 28.91 26.98 26.70 28.65 27.71 25.91 26.56 27.56 26.69 27.16 26.42 26.26 26.11 27.29 26.35 27.06 28.26 28.87 28.22 28.81 
22.26 19.87 17.65 16.46 14.54 14.22 11.83 9.63 7.39 5.65 1.99 5.29 6.01 7.13 7.36 7.25 9.08 12.06 14.65 14.65 18.12 19.51 19.53 19.02 19.38 17.27 18.20 17.34 17.85 16.42 16.22 14.34 13.40 11.34 11.97 13.29 13.46 16.32 16.43 16.76 15.72 16.34 15.42 12.47 14.17 12.37 13.78 13.80 15.30 17.48 17.98 17.76 18.96 19.24 17.98 17.42 19.14 19.34 18.85 20.31 19.13 17.44 17.90 18.84 16.56 17.84 17.67 20.18 19.87 18.43 18.90 18.65 17.89 18.40 18.45 17.23 16.69 15.89 14.87 12.44 14.26 12.43 14.98 13.97 16.81 16.81 19.71 20.51 21.41 20.07 19.83 18.20 18.78 17.01 19.09 18.86 21.10 21.12 23.34 23.35 23.24 23.48 23.81 23.06 21.25 22.01 20.20 21.01 20.26 23.11 22.97 24.61 25.59 26.77 25.13 26.11 27.98 28.41 25.88 24.95 27.57 27.58 24.44 25.06 27.44 26.68 24.78 27.11 27.80 25.99 25.96 27.78 26.68 25.00 25.72 26.57 25.55 25.91 25.79 25.52 25.23 26.34 25.32 26.72 27.42 27.58 28.03 28.65 
23.40 20.45 18.22 16.95 15.95 14.82 12.66 9.98 9.14 7.21 5.29 0.06 5.16 6.98 7.52 8.07 9.90 12.61 13.47 15.04 19.54 19.91 20.21 19.57 19.72 17.94 18.16 17.64 17.86 16.55 15.43 14.14 13.45 11.00 11.85 12.71 13.02 16.10 16.47 16.47 15.15 15.63 15.23 13.35 14.40 12.55 14.43 14.33 15.77 17.11 17.96 18.26 19.27 19.28 17.87 17.19 18.47 18.69 18.10 19.70 18.99 17.88 17.70 18.77 16.88 18.75 18.00 20.42 20.69 19.60 19.62 19.91 18.74 19.46 18.69 18.58 17.74 17.23 15.83 13.38 15.20 13.91 15.79 14.76 17.75 17.37 20.22 20.70 21.52 20.53 20.16 18.70 19.23 17.72 19.74 19.55 22.12 22.07 24.06 24.06 23.89 24.29 24.49 23.74 21.59 22.20 20.34 21.01 20.19 22.80 22.56 24.19 25.45 26.39 24.85 26.10 27.83 28.25 25.72 25.08 27.56 27.20 24.49 25.24 27.73 26.74 24.99 27.34 28.06 25.99 25.81 27.62 27.09 25.14 25.74 26.52 25.60 26.25 25.63 25.42 25.04 26.17 25.51 26.17 26.82 27.99 27.29 27.88 
23.16 20.51 17.55 16.01 15.57 14.23 12.74 10.38 9.35 7.57 6.01 5.16 0.48 5.73 7.23 7.89 10.00 11.93 13.05 14.99 18.84 19.87 20.17 19.80 19.62 18.19 18.65 17.98 18.40 16.37 15.65 13.78 13.74 10.57 11.25 12.66 13.17 16.20 16.01 16.72 15.74 16.17 16.08 14.31 16.30 13.66 14.65 15.12 16.53 17.65 18.18 18.34 19.53 19.20 17.56 16.72 18.16 18.30 17.73 19.57 18.79 17.15 17.48 18.76 17.30 18.74 18.29 20.79 20.94 19.67 20.13 20.08 19.67 19.56 19.30 18.56 18.92 17.73 16.34 14.64 16.01 14.40 15.67 14.58 17.51 17.34 19.70 20.63 22.04 20.40 20.16 19.19 19.91 18.34 19.84 20.02 22.41 22.60 24.49 24.74 24.75 24.94 24.76 24.15 22.47 22.61 20.61 21.21 20.49 22.67 22.22 24.11 25.07 25.98 24.55 25.85 27.69 27.96 25.58 25.14 27.50 27.34 24.58 25.94 28.26 27.28 25.17 27.82 28.96 26.89 26.18 28.45 27.73 25.92 26.02 27.17 26.42 26.76 25.95 26.16 26.37 27.49 26.03 27.11 28.95 29.10 28.30 29.36 
21.96 18.83 17.04 15.95 14.31 13.00 11.60 10.46 9.16 7.67 7.13 6.98 5.73 0.00 6.16 7.73 8.31 11.10 12.93 14.37 17.97 18.84 19.47 18.73 19.11 17.39 18.23 17.73 17.69 16.68 15.08 13.20 13.29 10.31 11.91 12.87 13.70 16.95 17.56 17.99 17.12 17.66 17.25 15.07 16.27 14.00 14.17 14.33 16.27 16.92 17.29 17.29 18.78 18.23 15.73 15.25 17.31 16.98 16.81 18.68 17.87 16.58 17.02 18.85 17.04 18.35 18.23 20.59 20.66 19.39 20.12 19.97 19.70 20.58 20.39 19.70 19.29 18.45 17.24 15.02 16.06 14.46 15.53 14.51 17.43 17.32 19.44 20.27 21.68 20.42 20.40 19.15 19.74 18.36 20.63 20.58 22.95 23.01 25.13 25.53 25.20 25.54 25.20 24.71 22.48 22.97 20.74 21.51 20.69 23.09 22.56 24.46 25.38 26.38 24.78 26.07 28.21 28.47 25.97 25.33 27.97 27.77 24.85 25.85 28.47 27.50 25.39 27.82 29.02 26.88 26.50 28.45 27.91 25.95 26.28 27.16 26.14 26.59 25.99 26.21 25.98 27.29 26.41 27.25 28.05 28.82 28.47 29.53 
19.51 16.92 15.15 14.38 13.39 11.98 11.25 8.21 8.89 7.91 7.36 7.52 7.23 6.16 0.00 5.87 6.80 8.38 10.33 12.63 16.36 16.61 17.35 17.39 17.74 16.00 16.70 15.93 16.17 14.32 13.73 11.99 11.35 9.63 11.03 11.98 12.61 16.52 17.67 18.12 17.08 18.15 17.67 14.66 15.47 13.43 14.00 14.05 15.67 17.11 17.23 17.35 19.31 18.94 16.74 16.46 18.36 17.92 16.75 18.86 17.95 16.35 16.73 18.43 16.33 17.70 17.19 19.93 20.36 19.06 19.67 19.76 19.42 20.12 20.23 19.21 18.65 17.99 16.81 14.37 15.30 13.73 14.92 14.00 16.70 16.21 18.76 19.39 20.47 19.46 19.66 17.91 18.99 18.14 20.18 20.27 22.64 22.69 24.70 24.85 24.77 24.91 25.01 24.02 21.82 22.21 20.42 20.84 19.88 22.02 21.71 23.34 24.22 25.26 23.46 24.68 27.07 27.90 24.97 24.08 27.10 27.33 23.75 24.43 27.27 26.59 24.36 26.60 27.58 25.73 25.33 27.26 26.46 24.83 25.22 26.02 25.06 25.28 24.92 24.92 24.89 26.02 25.09 25.86 27.06 27.88 27.59 28.11 
18.25 15.31 12.70 11.80 9.76 10.50 7.74 5.90 7.91 9.06 7.25 8.07 7.89 7.73 5.87 0.00 5.08 6.22 8.01 9.93 13.99 14.17 15.17 15.40 16.28 14.58 14.88 14.11 15.52 13.77 12.59 10.16 11.69 7.82 10.60 11.85 12.89 17.12 18.40 18.04 17.20 18.10 17.41 14.33 14.75 12.89 13.70 12.32 13.47 15.08 16.23 15.76 17.94 17.93 15.82 14.91 17.71 17.00 15.41 16.72 16.61 15.56 15.64 16.78 15.68 17.30 17.31 19.71 20.70 19.65 20.74 21.05 20.74 21.34 21.03 20.80 20.15 18.98 17.70 15.31 15.71 13.25 14.14 12.83 14.73 14.33 16.94 17.92 18.36 17.47 18.05 16.69 17.81 16.84 19.22 19.15 22.00 21.95 23.97 24.35 24.61 24.58 24.51 23.61 21.39 21.46 19.46 20.13 19.44 21.52 21.23 22.70 23.50 24.70 23.16 24.65 26.66 26.92 24.27 23.68 26.53 26.41 23.30 24.06 26.88 25.74 23.91 26.00 27.07 24.98 24.71 26.53 26.01 24.20 24.58 25.38 24.52 25.09 24.41 24.32 23.89 25.16 24.63 25.19 25.93 27.16 26.66 27.81 
17.82 14.64 13.52 11.74 10.86 8.40 9.18 8.17 10.39 9.52 9.08 9.90 10.00 8.31 6.80 5.08 0.24 5.84 7.08 8.72 11.86 13.17 14.67 14.63 15.39 14.50 14.22 14.06 14.50 13.17 11.22 10.32 9.83 7.63 10.10 12.37 13.23 17.29 19.04 19.29 18.42 19.08 18.94 16.19 16.74 14.81 15.22 14.43 15.22 16.14 17.41 17.40 19.09 19.07 17.81 17.39 18.75 18.26 16.75 18.07 17.23 16.37 16.37 18.20 16.60 18.28 18.01 21.10 22.14 21.32 22.23 22.69 22.80 23.01 22.85 22.78 22.42 20.99 19.04 16.99 17.20 14.58 14.45 13.30 15.33 14.91 16.97 18.04 18.97 17.87 18.02 17.51 18.49 17.81 19.32 19.80 22.39 22.59 24.60 24.58 25.22 25.15 25.48 24.22 22.17 21.93 20.15 20.61 20.03 22.01 21.55 23.08 23.87 24.99 23.84 25.41 27.33 27.32 24.74 24.54 26.85 26.76 24.03 25.19 27.62 26.63 24.72 27.31 28.05 26.09 25.61 27.71 26.93 25.16 25.45 26.55 25.67 26.20 25.59 25.37 25.36 26.29 25.87 25.79 27.27 27.93 28.62 30.03 
15.47 12.38 11.47 10.95 7.81 6.10 8.92 10.37 9.91 11.38 12.06 12.61 11.93 11.10 8.38 6.22 5.84 1.11 5.96 6.28 9.11 10.62 12.29 12.98 13.40 12.50 13.16 13.98 14.98 13.67 13.20 11.83 12.99 10.59 13.83 15.29 16.59 19.76 21.26 21.43 20.54 20.95 20.42 17.30 17.68 15.15 15.34 13.93 15.36 15.72 16.76 17.18 18.86 18.61 17.41 17.56 18.87 18.43 17.35 18.88 17.93 16.82 16.91 18.59 17.20 18.86 18.96 22.02 22.96 22.04 23.46 23.88 24.02 24.74 25.28 24.41 24.13 22.83 21.16 17.89 18.61 15.53 14.75 12.65 15.10 14.63 16.18 17.27 18.51 17.96 18.37 17.29 18.74 18.12 20.23 20.53 23.09 23.23 25.43 25.64 26.00 25.90 25.98 24.96 22.63 22.62 20.54 21.31 20.47 22.40 21.86 23.96 24.46 25.90 24.39 26.03 27.98 28.41 25.68 25.32 28.00 28.02 24.87 25.70 28.45 27.33 25.42 27.80 28.92 26.70 26.33 28.38 27.69 25.75 26.06 27.06 26.14 26.59 25.86 25.68 25.29 26.40 26.21 26.19 26.97 28.20 28.50 29.61 
15.05 11.32 10.73 9.51 8.04 8.28 11.00 10.14 11.54 12.96 14.65 13.47 13.05 12.93 10.33 8.01 7.08 5.96 1.48 5.18 7.77 8.26 10.00 10.63 11.76 10.65 10.23 11.16 12.84 12.06 11.94 11.69 11.87 11.15 13.82 15.22 16.51 19.88 21.41 21.92 21.30 21.07 20.61 17.25 17.67 14.70 14.94 13.88 15.05 15.60 15.78 16.73 19.41 19.55 17.86 17.67 19.56 19.01 17.45 18.83 17.71 16.53 16.27 18.28 16.43 18.76 18.82 22.05 22.59 22.09 23.65 24.02 24.07 24.76 25.80 24.46 23.88 22.98 21.45 17.94 17.91 15.16 14.38 12.36 13.54 12.20 14.43 15.61 16.04 16.20 17.01 16.40 17.67 17.47 19.54 20.32 22.66 22.54 24.67 25.17 25.55 25.10 25.25 24.33 22.28 22.03 20.06 20.71 19.46 21.41 21.09 23.07 23.67 24.76 23.72 25.10 27.30 27.80 25.11 24.68 27.60 27.76 24.45 25.18 27.99 27.02 24.73 27.20 28.11 26.21 25.61 27.56 26.67 25.03 25.32 26.32 25.18 25.56 24.93 24.67 24.49 25.58 24.78 24.61 26.76 27.73 28.11 28.09 
14.30 10.57 8.72 8.53 8.10 9.06 10.05 10.47 12.84 14.63 14.65 15.04 14.99 14.37 12.63 9.93 8.72 6.28 5.18 0.67 6.00 6.61 7.91 8.73 9.97 9.03 8.52 9.65 12.08 11.78 11.45 11.85 13.02 12.20 14.88 16.25 16.82 20.72 22.13 22.43 21.49 21.75 21.28 18.05 18.53 16.13 16.32 13.81 14.80 15.43 15.87 16.62 19.00 19.48 17.96 17.48 19.22 19.14 17.29 18.27 17.30 16.37 16.18 17.56 15.94 18.15 18.93 21.67 22.76 22.60 23.81 24.49 24.72 25.59 25.79 24.95 24.85 24.07 22.34 19.04 18.30 15.32 14.07 11.90 12.34 11.47 13.15 14.72 14.67 14.84 15.79 15.96 17.32 16.79 18.81 19.64 22.45 22.25 24.28 24.89 25.23 25.01 25.07 24.25 22.15 21.84 19.71 20.67 19.74 21.45 21.09 22.99 23.68 24.77 23.47 25.27 27.06 27.45 25.17 24.72 27.54 27.43 24.56 25.28 27.98 26.87 25.04 27.30 28.12 26.10 25.77 27.76 27.03 25.20 25.57 26.50 25.25 26.00 25.18 25.05 24.57 25.77 25.43 25.28 26.34 27.65 27.90 28.53 
15.51 12.46 12.13 12.90 11.88 11.98 14.63 16.10 18.21 18.56 18.12 19.54 18.84 17.97 16.36 13.99 11.86 9.11 7.77 6.00 2.83 6.28 7.60 8.91 11.08 10.54 10.55 12.73 14.81 15.27 15.74 16.60 17.62 16.53 18.56 20.18 20.84 24.17 25.99 25.95 24.99 25.19 24.83 21.64 22.02 19.95 20.35 18.11 17.59 17.70 18.21 19.08 20.75 20.93 20.41 20.02 21.50 21.12 19.68 20.69 19.65 18.58 18.81 19.82 18.46 20.86 21.09 23.95 25.68 25.62 26.74 27.58 28.52 29.08 29.32 28.88 28.66 27.68 25.85 22.82 21.48 18.20 17.16 14.63 14.85 13.93 14.85 15.90 17.10 16.93 17.53 18.45 20.16 19.56 21.13 22.08 25.09 25.34 27.38 27.17 27.82 27.90 28.10 27.16 25.13 24.95 22.80 23.46 22.31 24.07 23.56 25.35 26.52 27.62 26.43 27.48 29.32 30.05 27.82 27.28 29.96 30.22 27.32 28.05 30.57 29.79 27.73 30.25 31.07 28.96 28.72 30.86 29.81 27.89 28.29 29.20 28.13 28.49 28.13 27.83 27.87 28.68 28.33 28.01 30.02 29.71 31.01 32.08 
14.41 10.92 11.86 11.99 10.81 11.86 14.37 16.92 17.20 18.33 19.51 19.91 19.87 18.84 16.61 14.17 13.17 10.62 8.26 6.61 6.28 0.40 5.31 6.49 8.62 9.09 9.49 11.66 13.90 14.57 15.22 16.57 17.76 16.91 19.26 20.48 21.01 24.26 25.07 25.93 25.09 25.18 24.30 21.35 21.61 19.18 19.37 17.06 16.85 16.48 16.60 16.62 19.24 19.48 17.94 17.75 19.80 19.73 17.79 19.11 18.17 16.92 16.82 18.80 17.52 19.84 20.45 23.86 25.21 24.91 26.35 27.29 27.97 28.63 29.52 28.57 28.25 27.33 25.25 22.28 20.78 17.48 16.06 13.65 13.43 12.81 12.38 13.34 15.17 15.60 16.53 16.91 18.84 18.33 20.46 21.23 23.88 24.15 26.46 26.66 26.87 27.12 27.30 26.33 24.29 24.20 22.09 22.92 22.05 23.58 22.80 25.16 26.09 27.33 25.46 27.33 29.18 29.78 27.34 26.79 29.48 29.62 26.57 27.36 30.05 29.14 27.24 29.73 30.54 28.63 28.42 30.44 29.45 27.64 28.11 28.81 27.53 28.20 27.50 27.16 26.84 28.18 27.94 27.36 28.49 29.72 30.25 31.15 
14.35 10.94 11.27 12.17 12.27 12.67 14.87 16.03 17.46 18.63 19.53 20.21 20.17 19.47 17.35 15.17 14.67 12.29 10.00 7.91 7.60 5.31 0.52 4.84 7.25 7.52 8.72 10.67 13.20 13.77 15.39 16.42 17.06 17.30 19.12 20.77 22.14 24.76 25.89 26.03 25.60 25.19 24.42 21.38 22.05 19.28 19.40 17.79 17.91 17.35 16.67 17.35 19.48 19.46 17.62 17.27 19.70 19.07 17.21 18.40 17.82 16.31 16.04 18.69 17.53 20.05 20.69 24.18 25.12 24.74 26.37 27.28 27.56 28.62 30.07 28.83 28.21 27.15 25.24 21.69 20.60 17.26 16.01 13.57 13.09 10.44 11.47 12.73 13.92 14.30 15.45 16.38 18.11 17.75 19.71 20.94 23.52 23.15 25.88 26.14 26.30 26.16 26.66 25.85 23.70 23.92 21.84 22.84 21.78 23.48 22.80 24.98 26.27 26.64 25.33 26.89 29.28 29.66 27.16 26.59 29.42 29.41 26.36 27.13 29.69 28.93 26.78 29.31 30.21 28.42 27.96 29.95 28.92 27.25 27.80 28.61 27.39 27.75 27.32 26.70 26.64 27.87 27.31 27.24 29.35 29.85 30.78 30.26 
16.02 12.76 12.71 12.92 12.49 12.96 14.14 15.59 17.58 17.93 19.02 19.57 19.80 18.73 17.39 15.40 14.63 12.98 10.63 8.73 8.91 6.49 4.84 0.00 5.38 6.24 7.24 9.27 12.59 13.31 14.23 15.40 16.71 16.76 18.64 19.81 21.02 24.19 24.84 25.19 24.27 24.65 24.05 21.06 21.79 19.37 19.61 17.09 17.78 17.67 17.77 17.79 19.36 19.33 17.77 17.91 19.52 18.94 17.35 18.79 16.90 15.09 15.42 18.26 16.79 19.31 19.75 23.32 24.16 24.05 25.15 26.10 26.97 28.03 28.63 27.82 27.36 26.66 24.38 21.01 20.02 17.09 15.73 13.73 12.17 11.01 11.11 12.53 13.98 13.85 14.59 15.86 17.69 16.91 18.47 19.72 22.22 22.28 24.28 25.04 24.90 25.13 25.29 24.74 22.87 22.68 20.67 21.88 21.09 22.88 21.83 23.82 24.79 25.81 24.24 26.15 27.97 28.52 26.30 25.78 28.27 28.43 25.59 26.20 28.79 27.82 26.14 28.28 29.51 27.63 27.34 29.25 28.50 26.60 27.05 28.17 26.99 27.35 26.76 26.49 25.86 27.10 26.85 27.42 28.11 29.59 29.72 30.41 
17.35 14.71 14.93 15.90 13.40 13.50 14.95 16.46 17.93 18.17 19.38 19.72 19.62 19.11 17.74 16.28 15.39 13.40 11.76 9.97 11.08 8.62 7.25 5.38 0.51 5.79 6.93 8.72 12.00 13.66 14.65 15.86 16.94 17.39 18.97 20.98 22.09 24.85 25.81 25.96 25.18 25.33 25.12 22.34 22.52 20.77 20.67 18.74 18.45 18.99 19.40 19.59 20.36 20.46 19.18 19.03 20.66 19.19 18.16 18.94 17.57 15.65 16.10 17.83 16.88 19.18 19.85 23.27 25.30 25.18 26.02 27.21 28.81 29.62 29.82 29.08 28.22 27.16 24.62 21.98 20.54 18.05 15.59 12.71 11.62 10.48 10.55 11.76 14.30 14.22 14.31 15.67 17.67 16.90 18.69 19.69 22.87 22.74 25.07 24.82 25.47 25.20 25.63 24.86 23.31 23.26 21.28 22.34 21.52 23.15 22.22 24.05 25.19 26.48 25.28 26.32 28.07 29.09 27.02 26.25 28.54 29.15 26.46 26.99 29.44 28.76 26.96 29.51 30.30 28.42 28.04 30.32 29.45 27.16 27.58 28.97 27.73 28.12 27.58 27.36 27.13 27.96 27.90 28.97 29.85 30.48 31.19 33.04 
17.16 14.07 15.29 15.08 12.69 12.97 14.42 15.54 16.37 16.70 17.27 17.94 18.19 17.39 16.00 14.58 14.50 12.50 10.65 9.03 10.54 9.09 7.52 6.24 5.79 0.00 4.76 6.58 9.12 10.97 12.09 13.53 14.90 15.88 17.75 19.29 20.75 23.77 24.10 24.80 23.99 23.90 23.02 20.41 20.92 18.65 18.58 16.44 16.98 17.41 17.72 17.71 19.30 19.38 17.59 17.03 18.98 17.79 16.10 16.96 15.51 13.61 13.58 16.22 14.89 17.50 18.11 21.65 23.45 23.53 24.55 25.74 26.90 27.88 28.41 27.62 26.36 25.10 22.82 20.23 18.65 15.66 13.30 10.94 9.66 9.14 9.86 11.08 13.61 13.49 13.75 14.19 15.98 15.52 17.56 18.32 20.79 21.37 23.83 23.84 23.60 23.76 24.15 23.14 21.46 21.53 19.82 20.90 20.23 21.88 21.21 23.47 24.88 25.95 24.42 25.78 27.55 28.33 26.11 25.48 28.03 28.36 25.39 25.91 28.42 27.34 25.81 28.37 29.39 27.23 27.24 29.34 28.51 26.32 26.73 27.97 26.95 27.28 26.54 26.22 25.85 27.12 27.13 27.62 28.59 30.09 30.45 31.01 
19.37 17.13 17.37 16.08 14.30 15.13 16.33 16.14 17.47 17.60 18.20 18.16 18.65 18.23 16.70 14.88 14.22 13.16 10.23 8.52 10.55 9.49 8.72 7.24 6.93 4.76 0.00 5.25 7.59 8.75 10.99 12.47 14.03 15.15 17.56 18.83 20.86 23.99 25.14 24.94 24.20 23.79 22.93 20.05 20.46 18.37 18.18 16.61 17.01 17.73 18.00 18.67 20.05 19.94 17.97 17.64 19.46 18.28 16.62 17.28 15.87 13.93 13.62 16.06 14.93 17.56 18.17 21.59 22.88 23.21 25.07 25.64 25.94 27.37 28.25 27.04 25.31 24.63 22.12 19.33 17.07 14.41 12.27 10.50 10.58 9.20 11.20 12.91 14.34 13.60 14.17 14.77 16.24 15.72 17.73 18.61 20.95 21.09 23.64 23.73 23.47 23.61 24.01 23.07 20.92 21.43 19.65 20.90 20.23 22.14 21.57 23.86 25.31 25.97 24.79 26.21 28.45 28.86 26.45 25.97 28.58 28.52 25.74 26.44 28.71 27.93 26.02 28.62 29.52 27.88 27.67 29.57 28.63 26.79 27.23 28.31 27.32 27.67 27.06 26.45 26.41 27.61 27.02 27.58 28.99 30.23 30.65 30.29 
21.96 19.72 19.47 18.29 16.51 16.99 17.26 17.46 17.48 17.35 17.34 17.64 17.98 17.73 15.93 14.11 14.06 13.98 11.16 9.65 12.73 11.66 10.67 9.27 8.72 6.58 5.25 0.00 6.14 7.18 9.57 10.94 12.99 14.55 17.18 18.21 20.18 23.42 24.99 24.56 23.60 23.69 22.91 19.75 20.45 18.28 18.68 17.20 17.86 18.85 19.67 19.86 21.44 21.17 19.48 19.45 20.88 19.21 17.81 18.81 17.21 14.86 14.51 16.99 15.69 17.90 18.13 21.54 22.97 23.01 24.06 25.22 25.99 27.10 27.44 25.83 25.24 24.39 21.55 18.30 16.19 13.46 10.94 10.52 10.06 9.96 12.01 13.90 15.41 14.45 14.69 15.09 16.80 15.80 17.53 18.71 21.09 21.01 22.72 23.06 23.08 23.11 23.03 22.64 20.79 21.12 19.35 20.95 20.56 22.80 21.97 24.41 25.58 26.92 25.26 26.94 28.44 29.04 27.09 26.60 28.66 28.70 26.14 26.77 29.08 28.25 26.56 28.73 29.89 28.22 28.01 29.83 29.04 27.14 27.50 28.70 27.70 28.15 27.16 27.04 26.62 27.77 27.05 27.57 28.15 29.51 29.81 29.84 
23.77 21.88 20.90 20.17 18.62 18.91 18.91 18.60 18.31 18.04 17.85 17.86 18.40 17.69 16.17 15.52 14.50 14.98 12.84 12.08 14.81 13.90 13.20 12.59 12.00 9.12 7.59 6.14 2.48 5.86 7.75 10.09 11.52 13.92 17.20 18.67 20.31 23.61 25.23 25.41 24.71 24.45 23.24 20.66 21.34 19.59 19.66 18.65 19.04 20.58 21.68 21.91 22.77 22.57 21.21 20.79 22.82 20.66 19.06 20.05 19.38 16.58 15.80 17.48 16.69 18.38 18.17 20.99 23.36 22.95 23.80 25.08 25.61 26.36 25.93 25.48 24.02 23.14 20.02 17.25 14.75 11.91 11.01 9.56 10.53 11.31 13.60 14.99 16.78 16.03 15.78 16.00 17.03 16.19 18.08 19.26 21.87 21.32 22.13 22.75 22.88 22.75 22.59 22.71 21.41 21.84 20.09 21.92 21.63 24.02 23.56 25.83 27.03 28.20 26.78 27.42 28.99 30.20 28.19 26.98 29.28 29.67 27.16 27.60 29.73 29.38 27.56 29.90 30.77 29.00 28.67 30.77 30.01 27.73 27.92 29.36 28.56 28.62 27.84 27.66 27.95 28.60 28.04 28.10 29.94 29.79 30.92 31.43 
23.79 21.49 20.85 19.68 18.17 19.02 18.34 17.68 16.58 17.14 16.42 16.55 16.37 16.68 14.32 13.77 13.17 13.67 12.06 11.78 15.27 14.57 13.77 13.31 13.66 10.97 8.75 7.18 5.86 0.39 5.42 7.14 9.49 11.64 14.54 16.69 18.27 21.20 22.68 23.54 23.07 22.70 21.22 19.12 20.30 18.30 18.61 17.94 18.87 20.66 21.56 21.80 22.95 23.07 21.18 21.28 22.40 20.97 18.81 20.43 18.79 16.15 14.72 16.64 14.92 16.84 16.28 19.73 20.93 21.20 22.12 23.27 23.20 23.99 24.49 23.80 22.15 20.90 18.04 15.12 12.69 11.20 10.29 9.91 11.80 13.42 15.59 16.35 16.99 16.55 16.21 14.75 15.33 14.52 16.65 16.33 18.83 18.97 20.65 21.27 20.94 20.89 21.27 21.39 19.78 20.71 19.34 21.33 21.07 23.94 23.64 26.07 27.26 28.53 26.52 27.78 29.29 30.25 27.57 26.83 29.16 29.55 26.30 26.95 29.22 28.63 26.94 29.57 30.22 28.62 28.32 30.30 29.47 27.53 27.61 28.88 27.92 28.42 27.18 27.18 26.78 28.24 27.62 27.44 28.28 29.47 30.11 30.58 
24.11 22.13 21.34 20.03 18.54 18.80 18.27 16.80 15.76 16.21 16.22 15.43 15.65 15.08 13.73 12.59 11.22 13.20 11.94 11.45 15.74 15.22 15.39 14.23 14.65 12.09 10.99 9.57 7.75 5.42 0.00 5.82 7.14 9.11 11.50 14.46 16.82 19.19 20.17 21.52 20.33 20.22 18.81 16.64 17.87 15.94 17.03 16.73 18.30 20.05 21.40 21.74 22.98 22.75 21.05 20.81 22.38 20.80 19.17 19.92 18.35 15.70 14.40 15.57 13.97 15.48 14.75 17.43 19.06 18.80 20.08 20.80 20.07 20.84 21.70 20.56 18.50 16.38 14.09 10.29 9.28 8.48 9.09 9.62 13.07 13.64 16.04 16.61 17.51 16.29 15.91 14.25 14.02 12.80 14.58 14.11 16.20 15.86 18.28 18.50 18.47 18.41 19.64 19.51 17.90 18.97 18.16 20.17 19.82 23.06 23.03 25.56 26.55 27.62 26.18 27.32 29.29 29.93 27.21 26.57 29.18 29.10 25.95 26.79 29.05 28.62 26.60 29.06 30.00 28.54 28.19 30.02 28.96 27.17 27.58 28.47 27.80 28.04 27.27 26.67 26.93 28.09 27.18 27.34 29.26 30.03 30.38 29.85 
24.50 22.34 21.45 20.20 18.67 18.66 17.40 16.63 15.08 15.01 14.34 14.14 13.78 13.20 11.99 10.16 10.32 11.83 11.69 11.85 16.60 16.57 16.42 15.40 15.86 13.53 12.47 10.94 10.09 7.14 5.82 0.00 5.53 6.71 9.44 11.73 13.33 16.82 17.93 18.95 17.40 17.69 16.75 14.76 15.75 14.74 16.79 16.68 18.30 20.30 21.92 22.00 23.46 23.27 21.47 21.43 22.97 21.60 19.66 20.94 18.88 16.20 14.26 16.04 13.92 14.96 13.05 16.78 17.90 16.81 17.80 18.29 18.92 19.25 19.92 18.00 16.29 14.46 12.29 9.87 9.71 8.90 10.34 11.93 14.31 15.90 17.43 18.52 19.09 17.21 16.68 14.62 14.16 12.58 14.21 13.66 15.69 14.96 16.10 16.92 17.73 17.62 18.25 18.51 17.50 19.09 17.88 20.24 20.17 23.31 23.39 25.34 26.43 27.72 26.41 27.48 28.78 29.34 27.43 26.67 28.67 28.77 26.16 26.83 28.91 28.28 26.67 28.79 29.95 28.15 28.09 29.68 28.97 26.86 27.36 28.51 27.68 27.75 26.87 26.74 26.56 27.75 26.75 27.47 28.44 29.87 29.35 29.66 
24.28 21.88 20.77 19.86 18.28 17.79 16.69 15.67 14.47 14.05 13.40 13.45 13.74 13.29 11.35 11.69 9.83 12.99 11.87 13.02 17.62 17.76 17.06 16.71 16.94 14.90 14.03 12.99 11.52 9.49 7.14 5.53 0.00 5.33 7.19 8.69 10.67 13.83 14.87 15.26 14.45 15.12 13.49 10.93 13.31 13.39 14.98 15.69 17.62 20.11 21.78 22.41 23.73 23.38 21.53 21.93 23.72 21.77 20.01 20.49 19.27 15.82 14.16 15.27 14.13 14.17 12.80 15.21 17.24 15.69 16.36 16.75 17.33 17.25 16.88 14.93 12.68 11.17 9.65 8.27 9.31 9.13 11.57 12.45 15.37 16.59 19.01 19.37 20.70 19.08 18.17 15.19 14.55 12.45 13.97 12.91 15.09 13.23 14.28 15.03 16.82 16.12 16.06 16.87 16.89 18.37 17.11 19.70 19.51 22.86 22.84 25.08 25.97 27.43 26.22 26.82 27.75 28.90 26.93 25.70 27.45 27.97 25.47 25.94 27.79 27.50 25.90 28.29 28.93 27.27 26.97 29.16 28.22 25.85 26.27 27.50 26.60 26.48 25.79 25.75 25.74 26.79 26.33 27.40 28.61 29.24 29.48 31.30 
24.32 21.44 20.42 19.66 17.93 17.09 15.31 14.60 12.50 11.92 11.34 11.00 10.57 10.31 9.63 7.82 7.63 10.59 11.15 12.20 16.53 16.91 17.30 16.76 17.39 15.88 15.15 14.55 13.92 11.64 9.11 6.71 5.33 0.00 5.40 6.64 8.17 10.92 12.26 12.45 11.96 12.53 11.76 9.73 12.28 11.81 14.59 15.62 17.83 20.21 21.97 22.50 23.56 23.66 22.22 22.38 23.76 22.25 20.37 21.40 19.04 16.47 14.18 14.66 12.29 12.52 11.45 13.58 14.61 12.81 14.09 14.01 14.07 14.60 13.97 12.32 10.84 9.93 9.36 7.36 9.47 10.41 12.59 14.37 16.99 17.73 19.75 20.03 21.10 18.98 17.58 15.56 14.08 11.84 12.65 11.35 13.18 11.99 13.47 14.12 15.93 15.38 15.66 16.23 16.15 17.47 16.52 18.99 19.27 22.37 22.76 25.00 26.29 27.48 26.12 27.00 28.65 29.27 27.18 26.03 28.32 28.46 25.60 26.01 28.03 27.29 25.90 28.23 29.09 27.14 27.20 29.04 28.21 25.99 26.33 27.70 26.76 26.65 25.92 25.78 25.52 26.74 26.36 27.42 28.51 29.78 29.65 30.15 
25.54 23.02 22.17 20.92 19.25 17.84 16.12 14.97 13.40 12.54 11.97 11.85 11.25 11.91 11.03 10.60 10.10 13.83 13.82 14.88 18.56 19.26 19.12 18.64 18.97 17.75 17.56 17.18 17.20 14.54 11.50 9.44 7.19 5.40 0.00 5.64 7.00 9.30 10.21 10.85 10.10 10.86 11.06 9.98 12.61 12.39 15.55 16.91 19.50 22.03 23.55 23.73 24.70 25.27 23.60 23.95 25.42 24.05 22.19 22.63 20.68 17.79 15.78 15.71 12.92 13.13 12.22 13.97 13.88 12.48 12.83 13.51 12.46 11.53 11.01 9.55 9.30 8.63 8.95 7.63 11.05 12.32 14.97 16.20 20.13 20.52 21.76 22.78 23.88 21.24 19.51 17.09 16.12 13.17 13.96 12.33 13.59 12.48 14.46 15.27 16.20 16.37 17.02 17.52 16.61 18.24 17.43 20.01 20.15 23.61 23.89 26.41 27.64 28.56 27.08 28.35 30.17 30.89 28.07 27.47 29.79 29.70 26.34 27.31 29.39 28.80 26.76 29.49 30.29 28.45 28.00 30.04 29.02 26.89 27.35 28.52 27.80 27.71 26.98 26.54 26.63 27.99 26.94 27.71 29.29 30.63 30.54 30.12 
26.39 23.95 23.14 22.00 20.14 19.59 17.57 16.85 14.51 14.34 13.29 12.71 12.66 12.87 11.98 11.85 12.37 15.29 15.22 16.25 20.18 20.48 20.77 19.81 20.98 19.29 18.83 18.21 18.67 16.69 14.46 11.73 8.69 6.64 5.64 0.00 5.28 7.58 8.25 9.41 8.63 9.85 11.17 10.31 13.38 13.68 17.48 18.06 21.14 23.17 24.70 24.65 26.01 26.49 24.76 24.72 26.47 25.43 22.84 24.09 21.60 18.59 16.12 16.22 13.41 13.96 12.07 14.39 14.05 12.35 13.03 12.89 10.91 10.49 10.32 8.92 8.09 8.33 9.47 9.92 12.88 14.49 17.59 18.98 22.27 21.81 23.58 24.25 25.76 23.21 21.33 19.27 18.33 15.37 15.99 14.18 14.60 13.22 15.07 15.63 16.22 16.65 17.97 18.29 17.38 19.16 18.48 21.09 20.99 24.23 25.07 27.19 28.34 29.47 28.18 29.48 30.76 31.47 29.35 28.52 30.49 30.56 27.31 28.11 30.18 29.32 27.37 29.74 30.72 28.49 28.29 30.22 29.34 27.14 27.65 28.82 27.80 27.82 27.09 26.88 26.59 27.80 26.80 28.12 28.93 30.08 29.80 29.61 
27.98 25.43 24.26 23.04 21.29 20.60 19.18 17.95 15.10 14.83 13.46 13.02 13.17 13.70 12.61 12.89 13.23 16.59 16.51 16.82 20.84 21.01 22.14 21.02 22.09 20.75 20.86 20.18 20.31 18.27 16.82 13.33 10.67 8.17 7.00 5.28 0.49 5.54 7.14 8.58 9.22 10.39 10.76 10.83 14.19 14.67 18.02 19.63 22.82 25.30 26.36 26.55 28.10 27.78 25.90 26.34 28.26 26.80 24.91 25.21 23.00 19.84 17.76 18.06 15.72 15.11 12.80 14.94 15.12 13.21 12.64 12.51 10.76 10.43 10.95 9.37 9.54 10.00 12.03 11.90 14.73 15.63 19.45 20.32 23.15 23.90 25.91 25.93 27.55 25.41 24.00 21.31 20.12 17.59 18.16 15.91 15.89 15.09 15.44 16.10 16.64 17.57 17.67 18.42 17.71 19.64 18.94 21.46 21.20 24.84 25.92 27.98 29.03 30.08 29.52 29.76 30.74 31.99 30.15 28.73 30.32 30.60 27.66 28.18 29.94 29.39 27.37 29.79 30.35 28.34 28.03 30.29 29.26 27.05 27.42 28.40 27.30 27.26 26.76 26.21 26.06 27.16 26.74 27.81 29.28 29.06 29.91 30.87 
29.77 27.16 26.38 25.24 24.24 23.91 21.75 20.58 17.80 17.25 16.32 16.10 16.20 16.95 16.52 17.12 17.29 19.76 19.88 20.72 24.17 24.26 24.76 24.19 24.85 23.77 23.99 23.42 23.61 21.20 19.19 16.82 13.83 10.92 9.30 7.58 5.54 0.00 6.10 8.23 9.52 11.07 12.95 13.14 15.41 16.50 20.32 21.81 24.39 26.69 28.33 28.44 29.34 29.11 28.06 27.99 29.77 29.23 27.27 27.12 24.69 21.89 20.72 19.24 17.09 16.34 14.51 16.16 16.42 14.51 13.94 13.03 11.51 12.38 11.76 11.06 11.88 13.67 15.25 14.93 18.14 19.39 22.43 22.91 26.29 26.68 28.15 28.46 29.88 27.96 26.16 23.96 23.27 20.51 20.04 18.00 18.69 17.51 17.90 17.68 18.98 19.43 19.52 20.04 19.99 21.82 20.90 23.54 23.62 27.15 27.90 30.12 31.42 32.63 31.40 32.54 33.60 34.50 32.45 31.49 32.72 32.83 29.89 30.43 31.87 30.97 29.33 31.97 32.28 30.04 29.75 31.89 31.00 28.88 29.14 29.92 28.88 29.14 28.37 27.79 27.32 28.73 28.34 29.03 29.32 30.33 30.81 31.11 
30.32 28.63 27.97 26.57 24.82 24.31 22.20 20.79 18.29 17.28 16.43 16.47 16.01 17.56 17.67 18.40 19.04 21.26 21.41 22.13 25.99 25.07 25.89 24.84 25.81 24.10 25.14 24.99 25.23 22.68 20.17 17.93 14.87 12.26 10.21 8.25 7.14 6.10 0.04 5.51 7.31 9.66 11.57 12.59 15.48 16.36 20.15 21.31 23.66 26.88 28.98 28.56 29.67 29.60 29.01 28.06 30.27 29.08 27.59 27.21 24.19 21.57 20.30 19.68 15.92 15.32 13.17 15.04 14.20 12.01 11.95 11.34 9.32 9.17 10.00 9.96 11.16 12.84 14.33 14.16 17.91 19.34 22.41 23.77 27.48 27.50 28.92 29.24 30.84 28.22 26.40 24.47 23.69 20.41 19.77 18.34 18.79 17.23 17.73 17.78 18.21 18.86 19.22 20.37 19.80 21.86 21.34 23.69 24.10 27.67 28.50 30.78 32.07 32.71 31.97 32.94 34.94 35.41 32.86 31.93 33.75 33.52 30.14 30.86 32.67 31.79 29.51 32.22 32.83 30.56 29.79 31.95 30.83 28.85 29.17 29.96 29.13 29.19 28.26 27.61 27.52 29.07 27.77 29.12 30.45 31.06 30.91 30.69 
30.11 27.97 27.63 26.30 24.72 24.63 22.32 21.23 18.24 17.70 16.76 16.47 16.72 17.99 18.12 18.04 19.29 21.43 21.92 22.43 25.95 25.93 26.03 25.19 25.96 24.80 24.94 24.56 25.41 23.54 21.52 18.95 15.26 12.45 10.85 9.41 8.58 8.23 5.51 0.00 5.51 7.66 10.15 11.00 14.99 16.50 19.67 20.52 24.04 26.22 28.63 28.44 29.76 30.07 28.99 28.45 30.38 28.84 26.88 26.95 24.37 21.00 20.15 19.17 15.96 14.14 12.29 13.92 13.38 11.29 12.07 11.88 9.91 10.96 11.84 11.61 11.92 13.03 14.57 14.71 18.94 19.55 22.88 23.97 27.89 27.29 28.76 29.36 31.19 28.14 26.42 24.56 23.82 20.05 19.64 18.26 18.62 16.43 17.65 17.50 17.53 17.78 19.22 20.30 19.84 21.82 21.31 23.89 23.99 27.56 28.55 30.71 31.66 32.89 31.76 33.33 34.69 35.16 32.81 31.70 33.77 33.58 29.80 30.63 32.75 31.57 28.94 31.74 32.50 29.96 29.30 31.40 30.49 28.18 28.59 29.45 28.62 28.76 27.97 27.27 26.99 28.34 27.49 28.74 29.25 30.45 29.89 30.10 
29.24 26.93 25.63 24.63 23.13 22.46 21.10 19.85 16.87 16.50 15.72 15.15 15.74 17.12 17.08 17.20 18.42 20.54 21.30 21.49 24.99 25.09 25.60 24.27 25.18 23.99 24.20 23.60 24.71 23.07 20.33 17.40 14.45 11.96 10.10 8.63 9.22 9.52 7.31 5.51 0.00 5.95 7.45 8.91 11.94 14.13 17.58 18.50 21.57 25.04 27.07 27.85 29.27 29.54 28.55 27.86 28.77 27.64 25.80 25.75 23.20 20.48 18.30 16.57 13.26 11.38 9.07 11.60 11.67 10.19 10.38 11.11 10.80 12.29 11.76 11.24 11.36 11.95 13.13 13.19 17.23 17.52 20.46 22.21 26.25 25.77 27.36 28.02 29.61 27.12 25.09 23.12 22.00 18.28 18.12 16.11 16.69 15.21 16.30 16.26 16.38 16.93 17.30 18.47 18.57 20.28 20.21 22.54 23.16 26.45 27.30 29.32 30.62 31.65 31.13 31.78 33.10 33.89 31.98 30.54 32.17 32.00 28.99 29.40 31.33 30.32 28.07 30.58 30.93 28.71 28.03 30.35 29.14 27.10 27.55 28.08 27.04 27.39 26.78 25.77 25.38 26.94 26.70 28.12 28.11 28.93 29.79 31.25 
29.14 26.79 25.92 25.14 23.56 23.53 21.08 19.77 16.95 16.75 16.34 15.63 16.17 17.66 18.15 18.10 19.08 20.95 21.07 21.75 25.19 25.18 25.19 24.65 25.33 23.90 23.79 23.69 24.45 22.70 20.22 17.69 15.12 12.53 10.86 9.85 10.39 11.07 9.66 7.66 5.95 0.00 6.07 7.30 10.65 12.02 15.98 17.91 20.73 24.26 26.73 27.08 28.96 28.87 27.81 27.12 27.90 26.94 24.73 25.13 21.49 19.27 16.38 14.21 11.74 9.60 8.94 11.33 12.53 11.77 12.21 12.76 13.64 14.85 13.61 12.51 12.40 12.20 12.78 12.58 16.98 17.13 20.13 21.56 25.60 25.80 27.10 27.71 29.14 27.31 25.05 22.91 22.09 18.75 17.75 15.83 17.04 15.72 16.76 16.80 17.74 17.75 17.99 18.51 18.54 20.19 19.31 21.90 22.35 26.07 26.63 28.74 30.06 31.41 30.55 31.51 32.95 33.48 31.89 30.48 31.88 31.72 28.98 29.31 30.90 29.78 27.78 30.41 30.91 28.34 27.60 29.88 28.84 26.95 26.89 27.49 26.67 27.06 26.25 25.09 24.94 26.62 26.59 27.58 27.32 28.40 29.14 29.71 
27.94 26.17 25.44 24.27 22.39 21.44 19.87 18.43 15.91 15.27 15.42 15.23 16.08 17.25 17.67 17.41 18.94 20.42 20.61 21.28 24.83 24.30 24.42 24.05 25.12 23.02 22.93 22.91 23.24 21.22 18.81 16.75 13.49 11.76 11.06 11.17 10.76 12.95 11.57 10.15 7.45 6.07 0.00 5.56 7.45 10.00 12.60 15.48 18.73 22.70 24.77 26.10 27.27 27.80 25.94 25.17 25.70 24.85 22.58 22.05 18.21 15.42 13.23 11.96 8.68 8.90 8.95 11.52 13.05 12.96 15.36 15.79 15.40 16.27 15.98 14.32 12.81 12.32 11.91 11.22 14.40 15.68 18.82 19.71 23.79 24.05 26.38 26.89 27.62 25.39 23.39 21.18 20.94 16.84 16.02 14.07 15.75 14.94 16.79 17.26 18.57 18.87 18.52 18.91 18.17 19.74 18.54 20.57 20.84 24.36 25.17 27.50 28.55 30.12 29.33 30.36 32.07 32.71 30.82 29.49 31.25 30.84 28.02 28.41 30.35 29.12 27.01 29.49 30.27 27.64 26.64 28.81 27.65 25.69 25.98 26.43 25.55 25.82 25.05 24.22 24.29 26.08 25.09 26.24 26.82 28.09 28.10 28.35 
25.85 23.13 22.12 21.37 19.26 18.43 15.87 14.98 13.53 13.20 12.47 13.35 14.31 15.07 14.66 14.33 16.19 17.30 17.25 18.05 21.64 21.35 21.38 21.06 22.34 20.41 20.05 19.75 20.66 19.12 16.64 14.76 10.93 9.73 9.98 10.31 10.83 13.14 12.59 11.00 8.91 7.30 5.56 0.00 5.31 6.13 9.42 11.87 14.83 18.25 20.25 21.38 23.50 23.13 21.78 20.98 23.08 21.17 18.70 18.76 14.53 12.13 10.59 8.02 7.73 6.05 7.38 10.59 13.01 12.39 15.21 15.82 15.18 15.46 15.32 14.10 12.30 10.55 9.97 8.27 11.79 12.39 14.35 16.14 19.72 20.29 22.19 23.68 24.20 21.48 19.75 17.88 17.13 13.03 12.93 11.61 13.15 13.16 15.63 16.11 17.41 17.77 17.90 17.20 16.19 16.94 16.02 17.77 18.14 21.63 22.31 24.82 26.06 27.68 26.67 27.96 29.77 30.48 28.45 27.28 29.27 28.93 25.56 26.45 28.43 27.06 24.40 26.93 27.70 25.11 23.98 26.32 25.42 23.28 23.37 24.27 23.18 23.16 22.94 22.10 22.32 23.95 23.40 24.23 25.00 26.24 26.38 26.88 
25.20 22.59 20.89 20.05 18.92 17.80 16.26 15.59 13.90 14.12 14.17 14.40 16.30 16.27 15.47 14.75 16.74 17.68 17.67 18.53 22.02 21.61 22.05 21.79 22.52 20.92 20.46 20.45 21.34 20.30 17.87 15.75 13.31 12.28 12.61 13.38 14.19 15.41 15.48 14.99 11.94 10.65 7.45 5.31 0.00 5.64 7.19 9.98 12.50 15.94 18.47 20.11 21.47 21.48 19.99 19.76 20.22 19.77 16.82 16.17 12.30 10.47 8.16 7.94 6.71 6.92 9.04 13.60 15.99 15.71 17.83 18.96 18.89 19.22 18.88 17.60 16.34 14.09 12.25 10.62 12.30 11.92 13.47 15.29 19.82 19.86 21.49 22.90 23.53 21.35 19.89 17.07 16.54 13.47 14.21 12.62 15.08 15.75 18.56 19.05 19.63 19.82 19.58 19.01 17.18 17.79 16.12 17.56 18.05 21.40 22.27 24.71 26.43 27.92 26.85 27.86 29.71 30.43 28.51 27.12 29.11 28.64 25.93 26.24 28.31 27.03 24.79 26.80 27.52 25.09 24.44 26.49 25.86 23.59 23.90 24.39 23.37 23.53 23.32 22.54 22.42 24.23 23.69 23.55 25.28 25.79 26.60 27.22 
