0.00 2.92 5.03 7.25 10.89 12.95 15.50 17.28 20.08 19.58 20.08 20.53 20.08 19.66 18.89 19.42 20.78 20.99 22.60 23.03 23.98 23.23 22.46 21.33 19.66 19.58 19.25 19.13 18.31 18.26 19.22 19.86 19.25 18.10 17.95 17.96 18.84 19.72 21.27 22.45 23.41 23.93 25.32 25.25 24.08 22.52 22.18 21.40 20.20 19.47 19.49 20.49 20.05 20.66 21.19 23.02 23.95 23.96 23.78 24.21 24.30 24.13 23.39 23.60 24.22 24.79 24.53 25.39 26.45 26.51 27.30 28.12 28.69 29.69 31.27 29.95 29.76 30.23 30.82 28.77 27.30 26.96 24.89 23.00 21.60 21.08 21.09 21.06 21.85 21.65 24.07 23.31 22.81 23.18 24.78 23.41 23.66 24.91 24.71 23.57 24.84 24.86 24.95 25.08 23.91 24.59 26.91 26.17 24.07 24.21 26.03 25.71 23.87 22.14 21.99 20.25 18.91 17.74 18.47 18.54 18.37 18.79 20.03 20.31 21.28 21.09 22.30 21.68 20.21 18.61 17.87 16.84 16.50 14.38 14.77 13.98 14.36 14.64 18.03 18.96 19.83 21.32 23.11 24.67 26.92 28.83 29.45 28.46 31.01 32.18 30.84 30.03 32.66 33.41 32.18 30.26 29.97 30.45 29.71 28.24 27.93 27.81 28.46 29.20 30.78 31.34 31.96 31.99 32.15 32.04 30.64 29.38 28.18 28.39 26.91 25.69 23.13 22.37 22.12 21.68 20.58 20.47 21.00 20.38 19.60 18.65 19.04 18.88 20.29 22.14 24.04 25.69 27.25 28.82 30.16 30.37 29.96 31.05 32.27 31.94 29.93 28.49 27.84 25.98 25.01 24.47 24.82 23.54 24.30 24.40 24.55 25.65 26.61 24.08 24.06 27.04 28.16 24.06 24.40 28.79 30.47 28.21 
2.92 0.00 3.16 5.61 8.96 11.58 14.00 16.69 18.12 17.86 17.95 18.32 18.73 17.97 17.49 17.70 19.48 19.46 20.76 21.52 22.88 21.86 21.23 19.94 18.67 18.52 18.07 17.91 17.48 17.67 19.17 19.90 19.00 18.11 18.49 18.82 19.40 20.45 22.07 23.15 23.48 24.47 26.09 26.03 24.28 21.97 21.52 20.23 18.52 17.38 17.44 18.84 17.88 18.85 19.70 22.18 22.45 22.84 22.89 23.40 22.79 22.94 22.46 22.78 23.08 23.99 24.04 25.49 26.59 26.45 27.47 28.57 29.13 30.16 31.86 30.56 30.50 30.94 31.59 29.57 28.03 27.57 25.24 23.48 22.22 20.70 21.37 21.12 21.94 21.12 24.07 22.91 22.21 22.30 24.56 22.62 22.80 24.17 24.06 22.58 23.90 24.04 24.03 24.74 23.21 24.40 26.13 25.62 22.98 23.38 25.31 24.72 23.16 20.97 21.03 18.27 17.73 16.45 17.32 16.76 17.90 17.63 19.39 19.09 20.61 20.48 21.62 20.96 19.17 17.16 16.54 15.28 15.74 13.19 12.89 12.18 12.95 14.05 18.35 18.17 20.24 20.68 22.98 24.37 26.73 28.55 29.06 27.96 30.63 31.77 29.70 29.29 32.08 33.12 30.99 29.22 29.21 30.01 28.95 27.61 27.24 27.54 28.18 28.44 30.03 30.94 32.04 31.67 31.89 31.66 30.67 29.21 28.01 28.08 26.95 25.68 23.53 22.18 22.07 20.92 19.95 19.48 20.98 19.62 19.35 17.65 18.82 18.41 20.20 21.76 24.08 25.37 26.83 28.60 29.79 29.89 29.17 30.91 32.15 31.85 29.56 27.99 27.04 25.48 24.15 23.88 24.05 22.96 23.66 23.99 24.34 24.76 25.78 24.10 24.86 26.83 25.87 23.86 25.43 29.18 29.18 28.66 
5.03 3.16 0.00 3.74 7.94 10.63 12.78 14.26 17.41 17.15 17.15 16.22 16.63 16.99 16.71 18.08 19.52 19.88 21.15 22.32 23.44 22.71 21.73 20.19 18.23 18.01 17.46 17.41 17.04 17.47 19.33 20.29 19.56 18.85 19.50 19.74 20.13 21.37 23.28 23.72 23.94 25.05 27.35 26.94 24.75 21.89 20.97 19.27 17.64 15.88 15.93 17.54 16.99 17.93 19.14 21.54 21.75 22.52 23.17 23.68 22.55 23.03 22.78 23.21 23.20 24.35 24.71 26.36 27.55 27.59 28.97 30.18 31.22 32.30 34.48 33.13 32.91 33.22 33.81 31.89 30.01 29.41 27.21 25.23 23.06 21.94 22.60 22.56 22.90 22.14 25.16 23.88 22.70 22.83 25.15 22.99 22.59 23.92 24.13 22.49 23.22 23.39 23.66 24.13 23.08 23.67 25.49 24.32 22.37 22.44 24.36 23.44 21.93 19.95 19.52 16.86 16.43 15.69 16.97 16.58 17.99 18.43 20.17 20.05 21.69 21.23 22.24 21.10 19.04 17.23 15.64 14.53 14.63 12.52 13.19 11.80 12.69 13.98 18.61 18.74 20.57 21.22 22.84 24.09 26.89 28.59 29.03 27.69 30.92 31.74 30.02 29.27 32.50 33.32 31.66 29.57 29.46 30.17 29.23 27.67 27.55 27.71 28.22 28.48 30.10 30.96 32.33 32.21 32.12 31.94 30.86 29.55 28.23 28.15 26.68 25.52 23.37 22.09 21.73 20.42 19.48 19.31 20.65 19.59 19.55 18.07 19.22 19.03 20.99 22.94 25.02 26.51 28.33 29.88 30.73 30.86 31.05 32.27 32.68 32.23 30.25 28.32 26.88 25.10 24.18 23.64 23.94 22.94 23.97 24.40 24.19 25.05 26.74 24.92 24.18 27.58 28.60 24.25 25.47 29.21 30.97 29.51 
7.25 5.61 3.74 0.55 5.06 8.17 9.74 13.28 14.81 15.82 15.06 15.76 16.27 16.03 16.27 17.70 19.87 19.78 21.26 22.56 23.90 22.49 21.89 21.09 19.60 18.41 17.49 17.41 17.65 17.41 19.09 20.22 19.83 18.39 18.20 18.47 19.90 20.68 22.04 22.41 22.91 23.91 25.80 25.70 24.08 21.52 20.22 19.25 17.60 15.07 14.59 16.31 15.67 16.42 17.10 20.05 20.63 21.23 21.45 22.32 21.77 22.58 22.05 22.91 23.12 24.54 24.67 26.40 27.87 28.04 29.20 30.60 31.68 32.74 35.00 33.82 33.76 33.80 34.33 32.29 30.39 29.84 27.25 25.06 23.02 22.01 22.03 21.78 22.62 22.18 24.56 23.90 23.48 23.07 24.53 22.93 23.07 23.83 23.51 22.38 23.16 23.36 22.95 23.68 22.69 23.45 24.16 23.57 21.44 21.51 22.81 22.31 21.70 19.19 18.85 16.71 16.50 15.80 17.02 17.38 19.23 19.39 21.32 21.34 23.18 22.37 23.00 21.88 20.19 17.67 15.95 14.14 14.36 12.75 12.44 11.95 11.43 13.52 17.87 18.33 20.52 20.95 22.87 24.41 27.28 28.62 28.61 28.12 31.09 32.23 30.14 30.08 33.52 34.28 32.23 30.42 30.49 31.16 29.92 28.81 28.67 28.62 28.88 29.81 31.47 32.26 33.28 33.10 33.76 33.12 31.63 29.99 29.04 28.94 27.27 26.01 23.64 22.59 21.91 20.69 19.08 19.25 20.55 19.59 19.58 18.16 19.08 19.12 21.39 23.47 25.34 26.96 28.90 30.71 31.38 32.14 32.38 33.48 33.48 33.28 31.67 29.55 27.58 26.01 24.92 24.02 23.74 23.24 24.12 24.48 23.77 25.12 26.68 24.73 24.39 26.65 26.84 23.49 25.96 28.28 29.87 29.88 
10.89 8.96 7.94 5.06 0.00 6.33 7.34 10.40 13.23 13.78 13.13 14.37 15.09 14.20 15.18 16.49 19.41 20.08 22.21 24.05 24.93 24.30 22.63 22.15 20.66 20.12 18.81 18.53 17.91 17.99 19.44 20.66 19.93 18.07 17.16 18.20 19.70 20.91 22.09 23.87 24.28 25.57 26.79 27.07 25.40 22.73 21.13 19.87 18.29 16.55 15.16 16.76 15.18 16.79 16.41 19.14 19.93 21.05 19.62 20.72 20.75 21.85 21.23 22.12 22.73 24.89 24.66 26.63 27.60 28.18 28.72 30.28 30.59 32.67 34.48 33.22 32.68 33.60 34.15 31.39 29.48 29.44 26.96 24.57 22.86 22.17 21.56 21.41 22.37 22.32 24.71 23.93 23.53 23.85 25.17 23.19 23.48 24.62 23.54 22.24 23.46 23.57 23.24 23.85 22.62 23.28 25.47 24.70 23.24 22.96 25.36 24.49 23.78 20.68 20.53 17.69 17.74 16.27 17.74 18.77 21.01 21.57 23.37 23.53 25.92 24.94 25.89 24.60 22.32 20.11 19.32 16.61 15.48 11.99 13.14 10.07 11.82 13.20 18.00 18.28 21.11 21.82 23.69 25.50 28.41 30.06 30.05 28.94 32.01 33.31 31.36 30.38 33.55 34.70 32.49 30.15 30.64 31.28 30.22 28.42 28.58 28.48 28.98 30.15 32.23 33.40 34.20 34.41 34.92 35.16 33.01 31.51 30.44 31.04 29.02 27.44 24.77 23.45 22.64 21.16 19.71 19.52 21.31 19.67 19.67 17.84 19.58 19.84 21.93 24.21 26.57 28.25 29.86 31.88 33.13 33.93 33.41 35.09 35.84 35.56 33.07 30.98 29.72 27.54 26.32 25.57 25.59 24.29 25.03 25.52 24.71 25.54 26.68 25.13 25.09 28.25 28.90 28.32 27.04 29.11 29.80 30.92 
12.95 11.58 10.63 8.17 6.33 0.00 6.20 8.76 11.76 12.09 13.28 13.10 15.25 14.99 15.40 17.12 20.15 21.27 23.47 25.18 26.52 25.60 23.63 22.90 21.30 20.60 18.67 18.78 18.14 19.00 20.69 22.28 20.95 19.39 19.12 20.09 21.19 22.77 24.71 25.64 26.48 27.17 29.66 29.55 27.66 24.90 22.68 20.65 18.44 16.79 15.08 15.92 13.00 15.91 16.22 19.37 19.32 21.28 20.64 21.41 20.83 21.81 22.17 22.94 23.82 25.64 26.06 27.98 29.28 29.26 30.56 31.71 32.54 33.79 36.18 34.15 34.60 34.73 35.43 32.65 31.03 30.55 28.07 25.59 24.20 22.53 22.90 22.27 23.25 22.75 25.84 23.89 23.17 23.27 25.19 22.23 22.05 23.94 22.59 21.12 22.32 22.72 22.15 23.31 21.63 23.24 24.66 24.35 22.36 22.83 24.65 24.78 23.37 20.71 20.10 17.56 17.56 17.10 18.51 19.75 22.08 22.97 25.01 24.61 26.60 26.08 26.98 26.33 22.78 20.16 18.27 16.34 14.45 11.06 9.88 9.10 9.72 14.53 17.90 18.52 21.78 23.28 24.27 26.44 28.72 30.51 30.61 29.04 32.47 33.21 31.00 30.40 33.74 34.79 32.30 30.27 30.75 31.52 30.23 29.02 29.21 29.08 29.87 30.91 33.37 34.31 35.73 35.42 36.08 35.57 33.69 31.88 31.01 31.17 29.14 28.21 25.27 23.52 22.13 20.93 19.52 19.72 21.58 20.46 20.71 19.01 21.01 21.45 23.67 25.98 28.10 30.27 31.31 33.38 34.32 34.95 34.70 36.05 36.95 36.78 33.94 31.60 30.01 27.98 26.45 25.78 25.95 24.55 25.28 25.80 25.31 25.52 27.00 26.08 25.94 28.43 28.70 27.30 26.72 29.36 29.80 31.06 
15.50 14.00 12.78 9.74 7.34 6.20 0.00 5.70 7.31 9.67 10.34 10.11 12.03 13.30 14.56 15.18 18.09 20.11 22.67 24.51 25.57 24.69 22.39 21.28 19.40 17.97 16.54 16.03 16.01 15.99 18.20 19.57 18.62 16.88 17.16 18.38 19.17 21.50 24.03 24.98 25.20 26.95 30.10 29.89 26.89 23.68 22.10 19.61 17.40 14.93 13.30 13.68 10.99 13.05 13.94 16.72 16.84 18.49 18.67 19.44 18.76 20.03 20.28 21.47 22.00 24.03 24.34 26.55 27.73 28.19 29.37 31.10 31.47 33.32 34.87 34.03 33.92 34.46 34.56 32.36 30.31 29.67 27.03 25.06 22.72 21.38 21.76 21.73 21.46 20.96 23.92 22.23 21.05 20.86 23.33 20.09 19.29 20.60 20.51 18.54 19.30 19.22 19.35 20.00 19.09 20.10 21.76 21.08 19.78 19.76 22.06 21.17 20.59 17.61 17.92 14.76 14.90 15.10 15.89 17.41 19.36 20.97 23.47 23.12 25.02 24.31 25.56 24.34 21.34 18.56 17.60 15.28 14.07 9.79 10.06 9.89 8.31 12.66 17.85 17.46 20.05 21.15 22.08 23.87 26.39 28.23 28.10 26.67 29.98 30.81 28.67 28.09 31.58 32.54 30.28 28.32 28.88 29.60 28.29 27.18 27.39 27.57 28.01 29.56 31.42 32.78 34.12 34.34 34.58 34.37 32.16 30.40 29.42 29.21 27.02 25.21 22.88 20.49 19.60 17.75 16.95 16.41 18.18 17.33 18.19 16.69 18.58 19.63 22.04 24.53 26.83 29.01 30.53 32.09 32.61 33.70 33.51 35.13 35.44 35.19 32.40 30.03 28.44 26.29 24.60 24.05 24.33 23.00 23.41 24.11 23.38 23.99 25.05 23.78 23.50 27.15 27.56 26.61 24.36 28.07 29.46 30.50 
17.28 16.69 14.26 13.28 10.40 8.76 5.70 0.00 5.85 7.07 9.06 11.59 13.57 14.24 16.33 17.58 20.68 22.85 25.46 27.51 29.01 27.25 24.65 23.84 22.10 20.34 17.93 17.80 17.69 17.41 19.05 20.60 20.08 18.17 18.11 19.56 20.95 22.65 25.09 26.30 26.74 28.29 31.14 31.00 28.32 25.05 23.21 21.26 18.97 16.54 14.29 14.89 11.02 12.73 13.68 17.24 18.24 20.38 19.84 20.60 20.28 21.87 21.86 22.82 23.61 25.81 25.97 28.01 29.41 29.63 30.89 32.42 32.75 34.09 36.40 34.99 35.07 35.32 35.79 33.52 31.47 30.75 28.19 26.00 23.94 22.44 22.59 22.63 23.42 22.51 24.80 23.75 22.54 21.85 23.08 20.82 20.61 21.67 20.72 19.63 20.52 20.35 19.48 21.35 20.38 21.86 22.34 21.87 20.33 20.46 21.90 21.69 20.85 18.42 17.76 15.91 15.47 16.46 16.98 18.73 20.95 22.69 25.05 25.03 27.15 26.64 27.77 26.92 24.23 21.90 19.82 18.18 16.72 13.39 12.42 12.99 11.56 15.11 18.81 19.68 22.52 23.75 24.60 26.06 28.48 30.43 30.27 28.46 31.52 32.60 30.41 30.01 33.07 34.53 32.22 30.24 30.35 31.36 29.96 28.88 29.02 29.12 29.65 30.97 33.07 34.29 35.45 35.32 35.68 35.43 33.06 31.23 30.13 30.62 28.29 26.99 23.97 22.00 21.00 19.40 18.03 17.94 20.19 19.07 20.57 19.40 21.60 21.99 24.21 26.97 28.99 31.27 32.35 34.26 34.80 35.49 35.27 36.70 37.32 36.75 33.72 31.35 29.85 27.86 26.06 25.48 25.58 24.62 25.00 26.10 24.94 26.31 27.22 26.44 25.35 28.44 28.50 26.56 25.65 28.22 29.63 30.51 
20.08 18.12 17.41 14.81 13.23 11.76 7.31 5.85 0.00 5.09 6.54 10.55 12.96 15.07 17.42 19.48 21.95 24.10 27.14 29.75 30.20 28.64 25.15 25.21 23.81 22.28 19.87 18.47 17.75 17.66 18.88 20.69 21.49 18.97 18.84 20.20 21.70 23.31 25.82 27.59 29.10 30.15 32.51 31.87 29.48 25.99 24.45 22.21 20.00 17.30 14.68 13.93 9.99 12.55 13.51 16.42 18.91 20.42 19.84 20.72 21.15 22.42 22.84 23.75 24.99 26.88 27.37 29.19 30.82 30.43 31.67 32.95 33.39 34.69 37.36 35.34 35.91 35.91 36.77 33.99 32.46 31.71 28.98 26.73 25.01 23.80 22.97 23.05 24.56 23.50 26.15 24.97 24.71 23.09 23.74 21.65 22.21 22.49 20.48 19.74 22.08 21.29 20.62 22.03 22.21 22.69 24.15 23.71 22.54 21.93 23.06 22.34 21.57 18.05 17.99 15.24 16.28 16.76 17.83 19.68 22.01 23.41 26.11 26.07 29.24 29.20 30.69 29.41 26.92 24.62 22.88 20.16 18.57 14.89 15.04 14.44 14.65 16.92 20.18 21.00 24.51 25.69 27.31 28.59 30.61 32.17 32.27 29.88 32.71 33.94 31.69 30.86 33.92 35.22 33.27 30.86 31.84 32.54 31.24 29.91 30.17 29.98 30.40 31.73 34.29 34.96 36.51 35.40 35.82 35.48 33.02 30.97 30.32 30.67 28.36 26.85 24.43 22.40 21.69 20.36 18.71 19.25 21.61 20.87 21.40 20.80 23.00 23.97 25.89 28.40 30.50 32.32 33.72 35.52 36.45 36.33 36.55 37.69 38.69 37.62 34.43 32.05 30.94 28.82 27.19 26.58 26.70 25.81 26.78 27.51 26.86 27.09 28.47 26.54 26.68 28.83 29.18 27.66 27.03 29.61 31.24 30.27 
19.58 17.86 17.15 15.82 13.78 12.09 9.67 7.07 5.09 0.00 4.90 7.59 10.07 12.44 15.38 17.83 21.03 23.18 26.40 28.67 29.49 27.29 24.43 23.57 22.16 19.86 17.93 16.63 15.38 15.00 16.42 17.80 17.22 16.24 17.31 18.62 19.72 21.27 25.06 26.42 27.60 28.86 32.25 31.47 28.74 25.46 23.97 21.38 18.70 15.54 13.37 12.60 8.53 11.83 13.09 16.71 18.09 19.69 19.11 20.23 19.92 21.18 21.48 22.85 23.57 25.45 25.85 28.00 28.95 29.19 30.36 31.66 31.64 33.24 35.32 33.64 34.18 34.49 35.14 32.42 30.71 30.43 27.54 25.37 23.43 22.27 22.31 22.17 23.25 22.42 25.30 23.85 22.62 21.34 22.16 19.29 19.32 18.85 16.80 15.46 18.28 17.30 16.40 18.06 18.67 19.38 21.14 20.90 19.96 19.87 21.43 20.90 19.79 16.26 15.39 12.90 13.52 14.83 15.19 16.97 18.68 21.09 24.33 23.91 26.87 26.97 28.85 28.20 25.63 23.48 21.53 19.78 17.63 14.55 13.02 13.16 11.29 14.31 18.03 19.43 22.77 23.99 25.32 27.03 28.59 30.57 30.21 28.34 30.85 32.09 29.40 29.12 31.73 33.32 30.60 29.05 29.56 30.43 28.66 27.94 28.25 27.99 28.35 29.67 32.04 33.34 34.61 33.74 33.90 33.61 31.14 29.04 28.25 28.82 26.16 24.67 22.26 20.39 18.74 17.55 15.25 15.71 17.75 17.45 19.18 18.55 20.93 21.90 24.21 26.85 28.67 30.55 31.87 33.82 34.48 34.87 34.73 36.15 36.77 36.06 32.63 30.29 28.82 27.06 25.39 25.03 25.20 24.28 24.63 26.34 25.66 25.60 26.70 25.29 25.42 27.34 28.14 25.98 26.19 28.43 30.65 28.38 
20.08 17.95 17.15 15.06 13.13 13.28 10.34 9.06 6.54 4.90 0.00 5.05 7.77 10.25 13.05 16.65 19.51 22.24 24.85 27.26 26.29 26.16 23.12 21.77 18.97 17.35 14.62 14.22 13.10 12.61 13.89 14.75 14.13 13.94 14.99 16.85 17.62 20.10 23.60 25.25 26.11 28.13 31.21 30.26 26.99 23.55 22.55 19.76 17.59 13.42 12.49 12.04 10.08 11.69 13.07 16.03 17.00 18.18 18.40 19.48 19.07 20.16 20.05 21.39 21.82 23.63 23.96 25.90 26.78 27.02 27.97 29.21 29.20 30.64 32.74 31.21 31.78 32.01 32.32 30.11 28.71 28.60 25.83 23.60 21.38 20.56 20.70 20.74 21.73 20.55 23.49 21.67 19.99 18.82 20.90 17.82 17.28 17.59 15.85 13.57 14.45 14.15 13.89 14.52 14.84 15.90 17.76 17.57 16.20 16.84 19.18 18.82 17.92 14.65 13.86 11.38 10.26 11.91 10.78 13.80 14.72 17.71 21.42 21.91 23.99 23.95 26.04 25.44 22.97 21.14 19.63 17.81 16.13 12.71 11.71 10.11 5.94 11.66 16.40 16.31 19.47 21.82 22.99 24.54 26.54 28.28 28.28 25.70 28.48 29.18 26.71 25.93 29.03 30.21 27.83 26.10 26.92 27.68 25.75 24.88 25.29 25.45 25.59 27.05 29.58 30.71 32.41 31.57 31.67 31.37 29.16 26.78 25.81 26.13 23.67 22.19 20.00 17.59 15.82 14.39 12.86 12.39 14.96 14.51 16.46 15.63 18.39 19.05 21.21 23.82 26.17 28.00 29.16 30.88 31.81 32.29 32.98 33.78 34.64 33.93 30.84 28.20 27.03 25.19 23.56 23.22 23.74 22.73 23.36 24.53 24.39 24.54 25.42 23.76 23.96 26.20 26.58 24.85 25.16 27.92 29.84 28.35 
20.53 18.32 16.22 15.76 14.37 13.10 10.11 11.59 10.55 7.59 5.05 0.00 6.45 7.50 11.17 13.56 16.83 19.87 22.79 24.41 23.63 24.25 20.33 19.82 16.13 15.08 10.66 10.79 10.47 10.65 12.26 13.02 12.05 11.47 12.55 15.46 16.10 18.23 22.35 24.25 24.49 26.40 29.26 28.51 25.39 22.01 21.14 17.70 14.77 11.59 10.94 11.67 10.47 12.84 13.98 17.40 17.59 18.66 18.53 19.34 18.80 19.73 19.01 20.33 20.75 22.42 22.26 24.75 25.45 25.76 26.54 28.01 27.99 29.51 31.67 30.06 30.49 31.07 31.28 29.18 27.50 27.34 24.44 22.77 21.11 19.58 19.36 19.42 20.91 19.43 22.66 20.90 19.38 18.14 20.25 17.58 17.48 18.32 16.49 13.57 14.75 14.35 13.32 14.40 14.74 16.23 18.24 17.75 17.05 17.35 19.79 19.42 18.31 14.62 13.14 9.18 9.36 9.06 8.49 11.48 13.31 15.78 19.44 20.40 23.72 23.45 24.98 25.09 23.23 21.33 19.38 17.59 16.10 13.91 11.36 10.35 7.06 10.82 16.00 16.36 19.49 21.51 22.70 24.11 26.42 28.24 27.80 25.39 28.48 29.37 26.71 25.87 28.90 30.06 27.54 25.52 26.38 27.00 25.21 23.71 24.27 23.99 24.51 25.35 28.04 29.18 30.49 29.66 30.10 30.02 27.41 25.30 24.17 24.95 22.33 20.75 18.12 15.95 14.25 12.58 11.04 11.12 14.02 14.13 15.77 14.69 17.44 17.97 19.63 22.37 24.56 26.38 27.85 29.74 30.49 31.09 31.36 32.76 33.19 32.63 29.38 26.88 25.79 24.13 22.73 22.23 22.79 22.25 23.10 24.22 23.73 24.31 25.27 23.78 24.16 26.33 26.21 24.86 25.64 28.00 29.26 27.79 
20.08 18.73 16.63 16.27 15.09 15.25 12.03 13.57 12.96 10.07 7.77 6.45 0.00 6.43 7.30 11.56 14.34 16.48 18.99 21.34 20.93 19.68 16.10 15.71 13.59 12.15 9.62 10.04 10.93 9.87 12.45 12.74 12.43 10.81 11.17 13.09 14.81 16.50 20.67 22.16 22.71 24.18 26.58 26.07 23.02 19.82 18.88 15.17 13.17 10.34 10.31 11.06 11.07 13.82 14.92 17.87 18.61 19.30 18.65 19.57 18.50 18.56 17.83 18.87 19.56 21.08 20.26 22.95 24.04 23.95 24.49 26.22 26.49 28.35 30.26 28.48 29.14 29.76 30.27 27.62 26.70 25.95 23.48 21.52 20.55 19.25 18.39 18.19 19.95 18.74 21.96 20.87 19.34 18.34 19.78 17.32 18.07 18.92 17.36 14.52 16.42 16.17 14.98 14.50 16.56 17.31 19.66 20.29 19.82 19.49 21.44 21.75 21.40 17.62 15.24 12.50 11.29 10.89 10.30 11.99 13.94 16.53 19.66 20.55 23.83 23.87 25.01 25.06 23.93 21.70 19.01 17.69 16.81 14.12 12.43 12.28 11.96 13.30 16.56 17.46 20.73 21.77 23.17 24.41 26.95 28.65 27.93 25.83 28.85 29.75 27.16 25.87 28.85 29.97 27.62 25.31 26.31 26.64 25.10 23.41 23.77 23.05 23.28 24.45 26.84 27.56 28.56 27.85 28.34 28.12 25.36 23.22 22.28 22.56 20.24 19.18 16.94 15.20 14.19 13.23 11.12 11.75 15.10 14.39 16.03 14.25 15.85 16.52 18.18 20.37 22.40 24.74 26.05 28.09 28.58 29.52 29.81 31.05 31.72 31.13 28.51 26.02 25.06 23.23 21.85 21.63 22.05 21.53 22.74 23.92 23.42 24.06 25.08 23.56 23.88 25.71 26.09 25.07 25.38 28.02 28.15 26.69 
19.66 17.97 16.99 16.03 14.20 14.99 13.30 14.24 15.07 12.44 10.25 7.50 6.43 0.00 5.93 8.35 11.94 13.40 16.61 18.57 18.40 17.41 12.99 13.16 11.82 9.04 8.38 8.78 9.98 10.46 12.49 13.04 11.57 9.10 9.70 11.63 12.12 14.65 17.67 19.76 20.03 22.29 24.79 24.37 21.12 17.58 16.27 12.89 10.69 9.49 9.43 10.60 11.32 14.57 15.10 18.19 18.08 18.85 18.57 19.20 17.57 17.59 16.84 17.52 17.55 19.26 18.72 21.54 22.20 22.51 23.30 24.75 24.73 26.72 28.72 26.55 27.12 27.86 28.52 25.88 24.55 24.26 21.98 19.76 18.59 17.38 16.88 16.49 17.94 17.13 21.36 19.89 18.71 17.57 19.28 16.46 17.50 18.27 16.24 12.71 14.78 13.82 11.39 11.30 13.90 15.68 18.16 19.22 19.55 19.20 21.49 21.66 21.36 17.92 15.28 12.06 11.99 10.44 9.01 10.52 11.95 14.18 17.47 18.46 21.45 21.68 23.02 23.35 21.96 20.32 17.60 16.23 15.38 13.02 10.62 11.94 11.23 13.15 16.24 16.32 19.33 20.07 21.74 23.35 25.62 27.38 26.69 24.45 27.69 28.46 25.80 24.86 27.67 28.51 26.05 24.07 25.07 24.76 22.79 21.30 21.78 20.47 20.51 22.02 24.59 25.35 26.38 25.76 26.01 25.68 22.88 21.21 20.14 20.80 17.77 16.99 14.50 12.99 11.49 10.46 8.41 10.58 14.33 13.62 14.40 13.03 14.94 14.97 16.87 18.89 20.34 22.80 24.51 26.17 26.77 27.61 28.09 29.22 29.80 29.19 26.66 24.14 23.03 21.25 20.08 19.91 20.58 19.95 21.34 22.50 22.16 22.49 23.92 22.40 22.60 24.67 25.62 23.94 24.65 26.54 27.91 26.51 
18.89 17.49 16.71 16.27 15.18 15.40 14.56 16.33 17.42 15.38 13.05 11.17 7.30 5.93 0.00 6.57 7.99 10.97 12.53 15.27 13.71 14.58 11.69 11.13 8.60 7.85 6.38 9.47 10.38 11.80 13.88 14.30 11.66 9.69 8.16 10.57 11.81 13.66 16.53 17.89 18.50 20.52 22.92 22.09 19.26 15.61 14.61 10.33 10.23 8.06 10.17 11.98 13.45 15.03 15.58 17.57 18.28 18.84 18.77 19.27 17.91 17.92 16.52 16.79 16.33 18.03 17.82 20.02 21.01 21.45 22.21 23.23 23.09 25.18 27.10 25.39 25.66 26.51 26.94 24.49 23.22 23.17 20.91 18.49 17.14 16.32 16.20 15.86 17.24 16.36 20.56 19.49 18.38 17.78 19.95 17.52 18.22 19.51 18.17 14.82 15.66 14.40 13.64 14.48 15.47 16.78 19.42 20.35 20.16 19.76 21.51 22.15 22.13 17.82 15.64 11.58 11.26 9.23 6.82 8.96 10.25 11.19 14.85 15.77 19.09 19.32 21.16 21.39 20.47 17.90 15.56 14.15 14.37 10.84 8.82 10.89 10.80 13.08 16.20 15.57 18.74 19.55 21.60 22.81 25.48 27.01 26.29 24.29 27.27 27.99 25.15 24.05 26.79 27.76 24.84 23.23 24.02 24.16 21.65 20.16 20.25 19.43 19.10 20.43 22.69 23.48 24.54 23.91 23.96 23.35 20.80 19.03 18.13 17.84 15.24 15.11 13.73 11.03 9.76 10.70 10.20 10.83 14.95 14.48 15.35 13.02 14.09 14.21 15.63 17.42 18.75 21.15 22.70 24.61 24.77 26.18 26.74 27.97 28.43 28.22 25.83 23.60 22.34 20.80 19.59 19.51 20.11 19.62 20.94 22.08 21.83 22.44 23.67 22.11 22.32 24.86 25.29 23.57 24.49 27.49 27.69 25.82 
19.42 17.70 18.08 17.70 16.49 17.12 15.18 17.58 19.48 17.83 16.65 13.56 11.56 8.35 6.57 0.00 7.03 8.04 11.17 13.13 11.66 11.67 7.82 9.06 9.13 7.45 4.91 9.63 11.63 12.06 13.25 15.26 13.01 8.97 6.70 8.89 10.74 11.09 13.87 15.61 16.45 18.59 20.50 19.49 15.75 11.99 10.36 8.12 7.83 6.60 9.65 12.91 13.83 15.42 15.58 18.71 18.82 19.28 19.47 19.94 18.35 18.27 16.61 16.57 16.34 17.53 16.84 19.24 20.48 20.46 21.39 22.58 22.60 24.34 26.35 24.67 25.22 25.70 25.97 23.91 22.98 22.82 20.24 18.09 17.32 15.96 15.50 15.53 16.68 15.85 20.09 19.28 17.67 16.78 19.26 17.23 18.03 19.23 17.96 14.83 15.74 15.00 14.32 16.27 16.86 18.15 20.50 21.37 21.29 20.94 22.79 23.55 23.70 20.13 17.34 14.40 13.13 12.56 10.24 10.16 11.26 12.16 15.12 16.17 18.56 19.02 20.58 20.89 19.36 17.46 15.17 13.87 13.89 12.08 10.40 13.00 12.96 15.49 17.78 17.42 19.92 20.27 21.86 23.50 26.05 27.18 26.68 24.37 27.45 27.91 25.03 24.28 26.82 27.83 25.10 23.37 24.11 24.30 21.78 20.10 19.93 19.16 18.75 19.53 21.72 22.68 23.50 22.84 22.79 22.42 19.86 17.80 17.04 17.89 15.90 15.45 14.06 12.34 11.52 11.99 12.14 13.23 16.32 16.05 16.69 13.87 15.00 13.88 15.69 16.67 17.88 19.74 21.47 23.48 23.89 24.83 25.54 26.89 27.15 27.10 24.57 22.40 21.30 19.94 19.24 19.07 19.64 19.66 21.08 21.88 21.27 22.04 23.20 21.83 22.16 24.54 24.74 23.39 24.67 27.09 27.68 26.56 
20.78 19.48 19.52 19.87 19.41 20.15 18.09 20.68 21.95 21.03 19.51 16.83 14.34 11.94 7.99 7.03 3.36 6.98 7.42 10.21 10.35 8.57 4.85 7.42 9.60 8.86 8.60 11.73 14.30 14.53 16.55 18.28 16.36 12.19 10.04 10.57 10.41 11.27 13.06 14.28 15.09 15.95 18.44 17.24 13.66 9.27 8.97 7.18 9.71 9.24 11.08 13.46 15.03 15.53 16.28 18.76 19.53 19.66 20.07 20.64 18.76 18.29 16.55 16.80 16.45 17.38 15.89 18.86 20.50 20.31 20.73 22.32 22.26 24.15 25.82 24.17 25.23 25.54 25.38 24.04 23.14 23.26 20.24 18.60 17.64 16.51 15.67 15.08 16.78 16.28 20.60 19.63 18.75 17.70 19.61 17.80 18.46 19.97 18.89 15.62 16.88 16.40 15.70 16.78 17.74 19.10 21.21 22.71 22.17 22.39 24.38 25.01 25.08 21.32 18.97 15.52 14.77 13.23 13.07 11.55 11.49 12.26 15.67 15.15 18.22 18.72 20.91 20.34 18.39 16.32 14.14 13.15 13.68 12.18 11.81 14.19 15.55 17.17 19.66 18.94 21.82 21.71 23.69 24.94 27.65 28.56 27.68 25.53 28.17 28.82 25.95 24.96 27.46 28.35 26.28 24.35 24.84 25.00 22.75 20.81 20.24 19.30 18.91 19.82 21.78 22.28 23.15 22.35 22.25 21.80 19.22 17.62 16.97 17.89 16.26 16.35 15.34 14.04 13.98 14.16 14.57 15.78 18.65 17.42 18.06 15.41 16.12 15.26 16.25 16.84 17.83 19.43 20.98 23.00 23.41 24.34 25.07 26.36 26.64 26.60 24.15 22.10 21.12 19.79 19.02 19.34 20.12 19.87 21.75 22.46 21.96 22.44 23.87 22.12 22.39 24.40 24.75 22.98 24.49 27.30 28.11 26.80 
20.99 19.46 19.88 19.78 20.08 21.27 20.11 22.85 24.10 23.18 22.24 19.87 16.48 13.40 10.97 8.04 6.98 2.09 6.48 7.99 8.65 8.37 6.16 7.14 8.58 10.04 11.22 13.65 14.23 15.26 17.63 18.55 16.14 11.86 11.26 10.94 10.26 9.99 11.09 12.60 12.84 14.93 16.46 15.82 11.80 7.97 7.74 7.00 9.55 11.59 12.61 16.04 16.20 17.78 17.38 20.68 20.54 20.84 20.89 21.44 19.93 19.02 17.77 16.92 16.72 17.57 16.25 18.64 19.98 19.58 20.42 21.66 21.35 23.18 24.60 23.02 23.54 24.08 24.39 22.73 21.97 22.15 19.72 17.44 17.06 16.70 16.37 15.06 16.52 16.85 20.50 19.62 18.43 18.23 20.14 18.04 19.06 20.45 19.59 16.77 18.21 17.80 17.31 18.46 18.77 19.95 22.47 23.69 23.18 23.15 25.26 25.68 25.55 22.19 20.08 16.61 16.05 14.57 13.31 12.33 12.09 12.22 15.35 14.63 17.41 18.30 20.03 20.27 17.40 15.67 13.19 12.74 13.61 12.46 12.17 14.92 16.16 17.52 20.56 20.04 22.00 22.24 23.56 25.21 27.66 28.58 27.66 25.36 28.42 28.79 26.01 25.54 27.57 28.54 26.08 24.59 24.97 25.23 22.65 20.85 20.26 19.07 18.55 19.17 20.90 21.61 22.48 21.69 21.37 21.29 18.40 17.19 16.60 17.65 16.05 15.79 15.40 14.55 14.72 15.27 15.53 16.84 19.70 18.45 18.75 16.02 16.94 15.37 16.24 16.17 16.80 18.71 20.17 21.99 22.00 23.34 23.95 25.58 25.57 26.08 23.43 21.14 20.19 19.07 18.65 19.00 19.78 19.74 21.40 22.11 21.45 22.11 23.60 21.69 21.67 23.98 24.70 23.27 24.04 26.85 27.44 26.86 
22.60 20.76 21.15 21.26 22.21 23.47 22.67 25.46 27.14 26.40 24.85 22.79 18.99 16.61 12.53 11.17 7.42 6.48 1.04 6.12 6.15 8.08 7.77 9.39 11.44 12.81 14.14 16.83 17.62 18.59 20.50 21.27 19.00 15.50 14.06 13.82 12.93 11.19 11.53 12.01 13.76 14.10 15.14 14.54 11.62 8.81 9.16 8.99 10.77 12.20 15.68 18.16 18.06 18.94 18.76 21.98 22.67 22.61 21.71 22.43 21.66 21.59 18.72 18.23 17.29 18.91 17.47 19.83 20.59 20.83 21.61 22.96 22.23 23.69 25.32 23.56 23.71 24.37 24.48 23.05 22.18 23.09 20.76 19.44 18.34 18.61 18.61 18.37 19.75 18.84 22.66 21.38 20.76 20.28 22.22 20.45 21.06 22.69 21.88 19.57 20.90 20.82 20.71 22.19 21.57 22.62 24.99 25.85 24.93 24.99 27.13 27.46 27.22 24.21 22.41 18.99 18.00 16.96 15.91 14.63 14.06 14.56 16.88 16.24 18.10 18.14 19.88 19.84 17.87 15.52 13.86 13.53 15.07 14.47 14.63 16.43 18.01 19.67 22.79 22.18 24.20 23.92 25.04 26.52 29.32 30.07 28.95 26.87 29.80 30.38 27.42 26.63 29.14 30.16 27.71 26.13 26.43 26.68 24.13 22.26 21.23 20.46 19.98 20.36 21.43 21.90 22.94 21.86 21.52 21.31 18.92 17.64 17.65 18.55 16.77 17.42 17.55 16.96 17.50 18.85 19.28 20.05 22.91 21.50 21.34 18.01 18.89 17.29 17.64 17.19 17.47 19.27 20.56 21.95 21.81 23.25 24.16 25.41 25.78 26.04 23.90 22.01 20.72 19.92 19.58 19.90 20.86 20.53 22.36 22.98 22.25 22.84 24.74 22.09 21.67 24.33 25.16 22.85 23.91 26.75 27.70 26.10 
23.03 21.52 22.32 22.56 24.05 25.18 24.51 27.51 29.75 28.67 27.26 24.41 21.34 18.57 15.27 13.13 10.21 7.99 6.12 0.00 5.06 7.23 8.39 11.24 13.13 15.02 16.35 20.08 21.24 22.27 24.55 24.97 21.74 18.74 15.99 17.17 15.12 12.41 12.30 14.32 13.05 15.13 14.44 14.89 11.87 10.41 10.84 12.50 14.37 16.35 18.59 21.38 20.77 21.97 21.52 24.10 23.93 24.05 23.71 24.10 23.01 22.44 20.54 20.44 20.47 20.90 19.64 22.20 23.19 22.68 23.50 24.97 24.50 25.64 27.07 25.92 26.34 26.81 27.12 25.51 25.02 25.56 23.66 22.05 21.50 21.00 21.02 20.55 21.28 20.38 23.70 22.91 21.88 21.38 23.14 21.91 22.44 23.87 23.19 21.10 22.11 22.37 22.01 24.03 23.24 25.15 27.46 28.16 27.15 27.66 29.47 30.23 30.07 27.16 25.70 22.18 21.65 20.17 19.03 17.75 17.19 16.74 18.76 17.17 19.65 19.58 21.23 21.32 19.39 17.26 15.24 15.27 17.56 16.99 17.38 19.72 20.99 22.14 25.13 24.47 26.44 26.20 27.12 28.64 31.33 31.75 30.93 28.71 31.68 31.86 28.97 28.68 30.79 31.91 29.27 27.81 28.05 28.48 25.92 24.01 23.31 22.43 21.88 21.97 23.34 23.59 24.41 23.49 23.61 23.43 20.81 19.74 19.26 20.78 19.27 19.61 19.75 19.36 20.64 21.16 21.76 22.18 25.11 23.72 23.18 20.61 21.63 19.75 19.50 19.44 19.35 20.92 21.98 23.59 23.39 24.84 25.10 26.81 26.74 27.33 25.04 23.12 21.95 21.19 21.22 21.47 22.15 22.16 23.76 24.37 23.71 24.03 25.17 23.28 23.01 25.21 25.36 24.48 24.69 27.49 27.91 27.00 
23.98 22.88 23.44 23.90 24.93 26.52 25.57 29.01 30.20 29.49 26.29 23.63 20.93 18.40 13.71 11.66 10.35 8.65 6.15 5.06 1.49 6.96 7.28 9.95 13.97 16.03 17.65 21.35 23.18 24.01 26.87 26.34 23.05 20.10 18.58 17.83 16.41 13.90 13.67 13.19 11.03 12.04 12.63 12.55 11.92 10.40 11.69 13.22 16.88 17.81 19.61 22.09 21.96 23.08 23.36 25.14 24.55 24.49 24.84 24.83 22.69 22.34 20.97 21.78 22.26 22.63 21.31 23.43 25.06 24.33 25.27 26.33 26.79 27.49 29.55 27.84 29.84 29.46 29.82 28.50 28.02 28.35 25.69 24.26 23.25 23.19 22.53 21.72 23.02 21.98 25.16 23.93 22.69 22.19 23.73 22.34 22.84 24.59 23.97 22.05 22.54 22.95 22.48 24.71 24.12 26.41 29.04 29.58 29.03 29.20 31.37 31.81 32.50 29.42 27.20 23.90 23.52 21.24 20.14 18.19 18.80 18.20 19.38 18.42 20.21 20.28 21.47 21.20 19.58 17.64 15.85 16.24 18.98 18.44 18.64 20.94 22.85 23.73 26.32 26.26 28.46 28.25 29.04 30.38 32.54 32.88 32.01 29.85 32.56 32.74 30.06 29.42 31.76 32.36 30.45 28.70 29.16 29.25 26.88 24.96 24.46 23.48 22.63 23.10 24.55 24.81 25.25 24.72 25.24 24.74 21.79 20.42 20.22 21.45 20.16 20.76 21.01 20.53 21.90 22.02 22.71 22.91 26.23 24.83 24.57 22.17 22.90 21.28 20.74 20.49 20.39 21.98 23.05 24.54 24.59 25.48 25.99 27.15 27.63 27.88 25.92 23.95 22.73 21.90 21.77 22.18 23.16 22.72 24.94 25.59 25.02 25.08 26.24 23.91 23.54 25.40 25.28 24.50 24.90 27.06 28.28 27.16 
23.23 21.86 22.71 22.49 24.30 25.60 24.69 27.25 28.64 27.29 26.16 24.25 19.68 17.41 14.58 11.67 8.57 8.37 8.08 7.23 6.96 0.00 6.67 9.73 11.74 12.91 15.58 18.90 22.60 24.49 25.96 25.41 21.93 19.76 17.07 17.61 15.21 12.13 10.97 11.00 7.34 10.11 10.78 12.55 11.92 10.92 12.95 14.32 15.82 18.48 20.34 22.72 22.01 23.06 23.49 25.29 24.08 24.19 24.46 24.13 22.76 22.32 20.94 20.95 21.72 22.55 20.83 23.02 24.37 24.01 24.78 25.86 25.65 26.80 28.53 27.34 28.25 27.75 28.64 27.09 26.81 26.61 24.81 23.23 23.07 22.24 22.13 21.23 22.42 21.45 24.17 23.38 22.07 21.59 22.83 21.59 22.30 24.38 23.58 21.54 22.10 22.63 22.34 24.71 23.77 25.81 28.68 29.45 28.59 29.20 30.83 31.49 31.97 28.98 27.05 23.41 23.10 20.57 19.41 17.04 17.27 16.71 18.64 17.61 19.80 20.05 21.76 21.46 19.46 17.51 15.95 16.42 19.11 18.44 18.46 20.94 23.10 23.77 26.53 26.34 28.60 28.33 28.70 30.13 32.24 32.78 31.41 29.31 32.11 32.32 29.54 29.31 30.80 32.04 29.63 28.20 28.21 28.72 26.35 24.57 23.98 22.90 22.41 22.71 24.20 24.72 25.27 24.55 24.73 24.64 21.49 20.25 19.60 20.38 18.68 19.08 19.48 19.22 20.70 21.27 22.35 22.90 25.54 24.74 24.34 22.11 22.52 20.55 20.35 19.28 19.21 20.60 22.23 23.55 23.54 24.50 24.99 26.56 27.04 27.50 25.59 23.49 22.34 21.53 21.46 21.75 22.74 22.56 24.47 24.93 24.32 24.44 25.85 23.57 22.89 24.85 25.39 24.61 23.97 26.59 27.36 26.37 
22.46 21.23 21.73 21.89 22.63 23.63 22.39 24.65 25.15 24.43 23.12 20.33 16.10 12.99 11.69 7.82 4.85 6.16 7.77 8.39 7.28 6.67 0.00 7.65 9.96 11.37 13.17 16.43 19.33 20.65 21.64 22.27 19.78 17.85 15.41 14.97 13.73 11.15 9.12 7.78 6.92 7.40 9.70 11.30 11.32 10.25 12.94 13.63 14.87 17.30 19.88 22.10 21.56 22.89 22.83 24.58 24.00 24.32 23.83 24.03 22.54 22.02 20.28 20.68 20.53 21.62 20.19 22.61 23.70 23.40 24.17 25.28 24.83 25.99 27.73 25.87 26.75 26.89 26.70 25.14 24.27 24.61 22.28 21.55 21.23 20.81 20.77 20.65 21.77 20.16 23.01 22.13 21.24 20.65 21.88 20.84 21.63 23.84 22.76 21.05 21.36 22.26 21.63 24.43 22.93 25.05 28.26 28.46 27.61 27.97 30.56 30.33 30.46 27.39 25.69 21.88 20.52 18.69 17.84 14.98 15.06 15.29 17.73 16.67 18.42 19.01 21.57 21.37 19.20 17.68 16.40 16.75 18.88 17.70 17.99 20.03 22.28 23.18 25.71 25.78 28.26 27.67 27.83 29.30 31.53 32.07 30.70 28.76 31.89 32.08 29.04 28.10 30.44 31.26 29.00 27.21 27.65 27.88 25.45 23.68 22.99 22.22 21.61 21.98 23.10 23.98 24.75 23.89 23.83 23.54 20.48 19.10 18.50 18.81 16.80 17.00 17.68 17.36 19.45 19.94 21.49 21.58 24.33 23.62 24.09 20.21 20.87 18.99 18.65 17.75 16.65 18.57 19.98 21.96 21.52 22.69 23.48 25.05 25.77 26.21 24.46 22.51 21.36 20.45 20.22 20.36 21.69 21.33 23.17 23.53 22.71 23.25 24.68 21.91 20.65 23.46 24.33 23.01 22.89 25.30 26.85 25.23 
21.33 19.94 20.19 21.09 22.15 22.90 21.28 23.84 25.21 23.57 21.77 19.82 15.71 13.16 11.13 9.06 7.42 7.14 9.39 11.24 9.95 9.73 7.65 0.59 8.76 9.75 12.35 13.99 16.87 17.90 20.14 20.29 17.80 15.84 12.60 14.75 12.80 9.42 6.86 8.03 3.94 7.52 10.00 11.56 11.93 10.89 11.43 12.66 13.94 16.21 19.51 22.15 21.21 22.38 22.68 24.77 24.03 24.41 24.16 23.78 21.60 20.99 19.42 19.90 19.46 20.47 19.07 21.56 22.67 22.15 22.65 24.05 24.44 25.15 26.72 25.15 26.58 26.31 26.85 24.29 24.42 24.11 21.76 20.41 20.10 19.49 18.94 18.81 19.90 18.77 21.18 20.73 20.06 18.80 20.74 19.33 20.42 22.87 21.78 20.19 20.65 20.85 19.91 22.98 21.90 23.91 26.96 27.60 26.75 27.26 29.23 29.32 29.30 26.56 24.91 21.41 20.17 18.00 16.60 14.41 14.53 14.09 16.85 16.51 18.73 19.15 21.47 21.51 19.96 18.32 16.74 16.93 19.15 17.59 17.62 19.59 21.96 22.32 25.22 25.05 27.60 27.09 27.38 28.96 31.25 31.91 30.38 28.11 31.42 31.47 28.41 27.69 30.05 30.99 28.21 26.60 26.79 27.19 24.61 23.19 22.63 21.68 21.09 21.52 23.24 23.74 24.70 23.99 24.01 23.80 20.94 19.55 18.60 19.01 17.05 16.95 16.70 16.25 18.00 18.58 19.46 19.86 22.71 22.10 21.24 17.73 18.23 15.75 15.18 15.27 15.27 16.59 19.20 21.05 21.38 22.28 23.17 24.73 25.14 25.34 23.66 21.48 20.57 19.28 19.58 19.36 20.34 20.03 21.94 22.37 21.44 21.47 22.82 20.60 19.86 22.17 23.16 22.35 21.72 24.28 25.65 24.68 
19.66 18.67 18.23 19.60 20.66 21.30 19.40 22.10 23.81 22.16 18.97 16.13 13.59 11.82 8.60 9.13 9.60 8.58 11.44 13.13 13.97 11.74 9.96 8.76 6.20 8.72 9.21 11.44 13.55 13.95 15.59 16.25 14.57 11.83 10.04 8.89 8.34 5.24 5.28 3.31 2.14 7.25 11.14 10.54 10.42 9.82 10.36 11.13 13.92 15.16 18.12 20.77 20.93 22.01 22.51 24.71 24.19 24.32 24.24 23.67 20.87 20.03 18.23 18.42 17.78 18.91 17.64 20.03 20.81 20.69 20.73 22.86 23.35 24.96 25.94 25.21 26.67 27.37 26.97 25.23 24.17 24.32 21.17 18.94 18.15 17.36 16.95 16.54 17.73 16.05 19.79 18.41 17.77 16.44 18.46 16.93 18.07 20.60 20.11 17.66 18.74 18.68 17.95 21.04 20.26 22.38 25.29 26.09 25.82 25.74 27.51 27.89 28.19 25.21 23.32 20.12 19.46 16.46 15.39 12.82 13.73 12.94 16.06 16.07 19.39 19.32 21.23 21.60 20.48 18.65 17.01 17.29 19.32 17.69 17.36 19.23 21.30 21.53 24.37 24.28 27.16 26.53 27.21 28.17 30.76 31.14 29.97 27.50 30.73 30.86 27.99 26.93 29.62 30.28 27.63 25.60 26.24 26.19 23.93 22.29 22.16 21.23 20.69 21.31 23.04 23.63 24.70 24.14 24.31 23.98 20.98 19.32 18.80 19.29 16.83 16.40 15.45 14.19 15.69 16.16 16.62 16.65 19.23 17.77 17.93 13.60 14.81 12.08 11.84 12.65 13.14 15.52 17.86 20.53 20.67 22.13 22.93 24.58 24.90 25.32 23.29 21.26 20.02 18.79 18.29 17.93 18.87 18.36 20.25 20.66 19.68 20.06 21.19 19.00 18.08 20.65 20.84 20.87 20.38 23.06 24.35 23.82 
19.58 18.52 18.01 18.41 20.12 20.60 17.97 20.34 22.28 19.86 17.35 15.08 12.15 9.04 7.85 7.45 8.86 10.04 12.81 15.02 16.03 12.91 11.37 9.75 8.72 3.62 7.57 9.40 11.98 14.61 15.78 16.27 13.31 12.19 8.48 9.86 8.93 7.62 6.86 7.91 6.52 10.63 11.49 13.25 12.00 11.53 10.99 10.86 13.96 14.97 17.40 19.52 19.46 20.54 22.03 23.47 23.29 23.58 23.80 23.11 20.45 19.48 17.80 18.01 17.52 18.53 17.25 19.41 20.31 19.84 20.52 22.11 22.77 24.39 26.45 25.30 26.42 26.83 27.24 25.02 23.86 23.79 20.11 18.30 17.12 16.32 15.26 15.63 16.14 15.60 17.27 17.26 16.02 14.94 16.70 15.35 16.53 19.55 18.09 16.02 16.86 16.61 17.00 19.57 18.62 21.07 24.16 25.19 24.94 25.03 27.02 27.37 27.66 24.75 22.82 18.66 18.04 15.27 14.13 11.53 11.99 12.65 16.27 16.35 19.58 19.79 22.39 22.52 21.33 20.03 18.69 18.46 19.87 18.32 17.78 19.15 20.85 21.30 24.13 23.93 26.47 26.44 26.87 28.03 30.34 31.13 29.52 26.91 30.36 30.73 27.82 27.02 29.50 30.15 27.46 25.59 25.95 26.18 23.72 22.15 21.97 20.81 20.68 21.36 23.33 24.08 25.23 24.35 24.44 24.03 21.08 19.33 18.48 18.81 16.17 15.50 14.13 12.21 13.92 14.80 15.40 15.75 17.85 17.19 16.63 13.26 13.15 10.86 11.80 12.07 13.52 15.82 17.74 20.19 20.72 22.24 22.88 24.94 25.27 25.86 23.78 21.35 19.65 18.41 17.73 17.43 18.01 17.94 19.34 19.90 18.99 19.08 19.98 18.09 17.59 19.93 20.77 20.12 19.26 22.44 23.62 22.80 
19.25 18.07 17.46 17.49 18.81 18.67 16.54 17.93 19.87 17.93 14.62 10.66 9.62 8.38 6.38 4.91 8.60 11.22 14.14 16.35 17.65 15.58 13.17 12.35 9.21 7.57 2.83 6.98 8.84 10.72 11.77 11.28 10.25 7.91 5.05 6.57 7.89 7.80 8.92 9.93 10.02 11.35 12.18 13.45 12.55 10.70 10.51 11.04 13.29 14.63 15.58 17.47 17.51 19.72 20.61 22.14 21.39 22.25 22.09 21.56 19.41 18.09 16.89 16.71 16.42 17.52 16.27 18.36 18.90 18.89 19.49 21.67 21.45 24.01 26.40 25.23 26.01 26.82 27.15 25.25 23.91 23.19 19.69 17.31 16.62 15.38 15.30 15.12 15.50 13.45 16.11 15.30 13.72 13.02 13.89 13.07 14.88 17.47 16.52 14.41 15.40 15.12 15.00 18.31 17.37 19.68 23.04 23.93 23.15 23.62 26.11 26.32 26.38 23.47 22.51 18.36 17.54 15.31 15.20 12.50 13.58 14.05 18.21 17.88 20.95 21.08 23.20 23.02 21.77 20.79 19.77 19.66 20.42 18.88 18.16 19.05 20.54 20.98 24.03 23.49 25.80 25.73 26.73 27.53 29.84 30.48 29.35 26.94 30.05 30.36 27.64 26.75 29.49 29.82 27.15 25.27 26.09 25.94 23.63 22.04 22.02 21.12 20.56 21.43 23.28 24.32 25.41 24.44 24.44 24.34 21.53 19.98 19.23 19.60 17.18 16.04 14.47 13.11 13.76 14.12 15.66 14.62 16.92 15.68 15.97 10.06 11.86 10.44 10.67 12.63 14.56 16.11 18.10 20.96 21.22 22.33 23.40 25.17 25.80 26.27 24.40 21.50 19.91 18.48 17.74 16.88 17.48 16.62 18.21 18.65 17.78 17.60 18.77 16.73 15.65 18.13 19.04 18.30 18.04 21.19 22.67 22.24 
19.13 17.91 17.41 17.41 18.53 18.78 16.03 17.80 18.47 16.63 14.22 10.79 10.04 8.78 9.47 9.63 11.73 13.65 16.83 20.08 21.35 18.90 16.43 13.99 11.44 9.40 6.98 4.05 8.04 8.54 11.04 10.42 8.43 8.25 6.99 8.05 9.21 10.47 11.65 13.87 12.12 15.02 15.81 15.59 14.75 12.01 12.66 11.36 13.25 13.54 15.36 18.07 18.23 20.10 21.08 23.06 22.51 22.98 22.92 22.82 20.32 19.08 17.03 17.01 15.67 16.96 15.44 17.42 18.32 18.30 18.82 21.03 22.06 23.94 26.37 25.30 26.37 26.97 27.16 25.56 24.33 24.00 19.98 17.99 16.17 14.68 13.64 14.59 13.97 12.70 15.07 14.42 12.07 9.73 12.64 10.49 13.91 16.49 15.39 12.72 14.57 12.50 12.45 16.96 17.17 18.93 22.17 23.42 22.77 23.31 25.75 26.17 26.30 23.60 22.52 18.42 17.82 15.76 15.75 14.33 15.48 16.09 18.83 19.19 22.35 22.52 24.43 24.66 23.50 22.43 21.37 21.16 21.95 20.21 19.36 20.30 21.33 21.72 24.38 24.05 26.48 26.50 27.22 28.37 30.49 31.03 29.71 27.27 30.28 30.70 27.88 27.14 29.59 30.34 27.44 25.68 25.97 26.37 23.93 22.49 22.49 21.66 21.51 22.20 24.10 25.19 26.34 25.54 25.38 25.23 22.99 21.10 20.13 20.76 18.54 17.77 15.99 13.80 14.31 13.93 13.88 13.50 15.59 14.35 11.42 7.09 9.96 9.28 8.48 12.10 15.44 17.24 18.99 22.06 22.37 23.76 24.43 26.56 26.99 27.89 25.50 22.71 20.50 19.06 17.95 17.22 17.33 16.33 17.56 18.28 17.00 16.95 17.69 16.15 15.65 17.98 18.26 17.72 17.58 20.71 21.94 21.70 
18.31 17.48 17.04 17.65 17.91 18.14 16.01 17.69 17.75 15.38 13.10 10.47 10.93 9.98 10.38 11.63 14.30 14.23 17.62 21.24 23.18 22.60 19.33 16.87 13.55 11.98 8.84 8.04 5.23 6.70 6.69 7.06 6.92 6.34 5.90 7.67 10.48 11.42 13.74 16.45 15.94 17.12 18.16 18.49 16.95 13.97 13.25 11.69 12.77 11.57 12.99 16.79 18.12 19.30 20.86 23.26 22.95 22.97 22.65 22.67 20.27 18.64 16.66 16.03 14.31 15.47 13.84 15.15 16.92 17.18 17.29 20.27 21.62 23.70 26.14 25.10 26.85 27.20 27.77 26.21 24.40 24.45 20.79 18.08 15.71 14.37 12.71 13.43 11.52 9.53 11.88 11.71 6.80 5.80 8.95 7.77 10.95 14.28 13.75 10.93 13.08 12.12 12.94 16.33 15.98 18.55 22.17 23.10 22.15 22.79 25.19 25.86 25.99 23.45 22.60 18.67 18.09 16.36 16.64 15.60 17.37 17.10 19.73 20.04 23.59 23.56 25.46 25.65 24.90 23.52 22.29 22.14 23.06 21.07 20.28 21.00 22.01 22.24 25.03 24.60 27.20 26.89 27.52 28.06 30.37 31.05 29.75 27.11 30.21 30.83 27.99 26.91 29.56 30.25 27.57 25.30 26.06 26.26 23.94 22.57 22.60 22.00 21.86 22.72 24.46 25.72 27.42 26.56 26.52 26.36 23.99 22.19 21.12 22.38 19.73 18.88 17.19 15.30 15.35 14.14 14.00 13.13 15.24 13.04 13.14 9.13 10.76 10.32 11.56 14.07 16.89 19.00 20.62 23.51 23.81 25.03 26.13 28.01 28.73 28.87 26.71 23.82 21.84 19.84 18.22 17.28 17.98 16.43 17.37 17.22 16.13 15.87 17.20 14.94 14.02 15.60 16.30 15.57 15.93 19.19 20.37 20.79 
18.26 17.67 17.47 17.41 17.99 19.00 15.99 17.41 17.66 15.00 12.61 10.65 9.87 10.46 11.80 12.06 14.53 15.26 18.59 22.27 24.01 24.49 20.65 17.90 13.95 14.61 10.72 8.54 6.70 3.03 5.03 5.46 5.31 6.71 7.05 9.28 11.88 13.29 16.36 19.36 18.79 21.01 20.70 21.07 19.05 14.33 13.61 12.13 13.21 11.83 13.10 16.79 17.37 19.58 20.92 23.34 22.79 23.29 22.83 23.09 20.75 19.39 16.44 16.86 14.76 15.08 13.34 15.20 16.24 16.22 16.77 19.50 21.04 23.07 26.04 24.74 26.62 27.42 28.33 26.24 24.35 23.57 19.95 18.01 15.44 14.28 10.88 12.39 10.20 9.03 11.20 10.47 8.80 8.29 10.93 9.88 12.89 15.63 15.74 12.81 13.80 12.12 13.48 16.64 15.90 18.25 21.99 22.77 22.21 22.53 24.99 25.90 26.26 23.68 22.99 18.90 18.68 16.89 17.27 15.87 17.51 17.53 20.32 20.54 24.09 24.15 25.93 26.21 25.62 24.52 23.31 22.94 23.68 21.90 20.85 21.69 22.51 22.58 25.01 24.63 26.97 26.89 27.09 28.04 29.93 30.74 29.31 26.76 29.95 30.60 27.65 27.22 29.47 30.60 27.33 25.64 25.89 26.48 23.95 22.75 22.51 21.79 21.96 22.82 24.74 26.08 27.59 26.89 26.68 26.44 24.04 22.34 21.47 22.39 19.89 18.99 17.40 15.68 15.25 14.27 13.66 12.78 14.09 12.75 13.09 10.78 12.14 11.21 13.21 15.42 17.78 19.81 21.39 23.67 24.36 25.59 26.71 28.76 29.28 29.56 27.28 24.56 22.21 20.30 18.22 17.54 17.62 16.45 16.95 16.98 15.41 15.46 16.19 13.76 11.96 15.36 15.95 14.17 14.46 18.58 20.03 19.72 
